timestep	swarm_quality	color_0	color_1
0	0.70	70	30
1	0.70	70	30
2	0.70	70	30
3	0.70	70	30
4	0.69	69	31
5	0.69	69	31
6	0.69	69	31
7	0.69	69	31
8	0.69	69	31
9	0.69	69	31
10	0.69	69	31
11	0.69	69	31
12	0.69	69	31
13	0.69	69	31
14	0.69	69	31
15	0.69	69	31
16	0.69	69	31
17	0.69	69	31
18	0.69	69	31
19	0.68	68	32
20	0.68	68	32
21	0.68	68	32
22	0.68	68	32
23	0.68	68	32
24	0.68	68	32
25	0.68	68	32
26	0.68	68	32
27	0.68	68	32
28	0.68	68	32
29	0.68	68	32
30	0.68	68	32
31	0.67	67	33
32	0.67	67	33
33	0.67	67	33
34	0.67	67	33
35	0.67	67	33
36	0.67	67	33
37	0.67	67	33
38	0.67	67	33
39	0.66	66	34
40	0.66	66	34
41	0.66	66	34
42	0.66	66	34
43	0.66	66	34
44	0.66	66	34
45	0.66	66	34
46	0.66	66	34
47	0.65	65	35
48	0.65	65	35
49	0.65	65	35
50	0.65	65	35
51	0.65	65	35
52	0.65	65	35
53	0.64	64	36
54	0.63	63	37
55	0.63	63	37
56	0.63	63	37
57	0.63	63	37
58	0.63	63	37
59	0.63	63	37
60	0.63	63	37
61	0.63	63	37
62	0.63	63	37
63	0.63	63	37
64	0.63	63	37
65	0.63	63	37
66	0.63	63	37
67	0.62	62	38
68	0.62	62	38
69	0.61	61	39
70	0.62	62	38
71	0.63	63	37
72	0.64	64	36
73	0.65	65	35
74	0.66	66	34
75	0.67	67	33
76	0.68	68	32
77	0.69	69	31
78	0.70	70	30
79	0.71	71	29
80	0.72	72	28
81	0.73	73	27
82	0.74	74	26
83	0.75	75	25
84	0.76	76	24
85	0.77	77	23
86	0.77	77	23
87	0.78	78	22
88	0.79	79	21
89	0.80	80	20
90	0.81	81	19
91	0.82	82	18
92	0.83	83	17
93	0.84	84	16
94	0.85	85	15
95	0.86	86	14
96	0.87	87	13
97	0.88	88	12
98	0.89	89	11
99	0.90	90	10
100	0.90	90	10
101	0.90	90	10
102	0.90	90	10
103	0.90	90	10
104	0.91	91	9
105	0.91	91	9
106	0.91	91	9
107	0.91	91	9
108	0.91	91	9
109	0.91	91	9
110	0.91	91	9
111	0.91	91	9
112	0.91	91	9
113	0.91	91	9
114	0.91	91	9
115	0.91	91	9
116	0.91	91	9
117	0.91	91	9
118	0.91	91	9
119	0.92	92	8
120	0.92	92	8
121	0.92	92	8
122	0.92	92	8
123	0.92	92	8
124	0.92	92	8
125	0.92	92	8
126	0.92	92	8
127	0.92	92	8
128	0.92	92	8
129	0.92	92	8
130	0.92	92	8
131	0.93	93	7
132	0.93	93	7
133	0.93	93	7
134	0.93	93	7
135	0.93	93	7
136	0.93	93	7
137	0.93	93	7
138	0.93	93	7
139	0.94	94	6
140	0.94	94	6
141	0.94	94	6
142	0.94	94	6
143	0.94	94	6
144	0.94	94	6
145	0.94	94	6
146	0.94	94	6
147	0.95	95	5
148	0.95	95	5
149	0.95	95	5
150	0.95	95	5
151	0.95	95	5
152	0.95	95	5
153	0.96	96	4
154	0.97	97	3
155	0.97	97	3
156	0.97	97	3
157	0.97	97	3
158	0.97	97	3
159	0.97	97	3
160	0.97	97	3
161	0.97	97	3
162	0.97	97	3
163	0.97	97	3
164	0.97	97	3
165	0.96	96	4
166	0.96	96	4
167	0.97	97	3
168	0.97	97	3
169	0.98	98	2
170	0.98	98	2
171	0.98	98	2
172	0.98	98	2
173	0.98	98	2
174	0.98	98	2
175	0.98	98	2
176	0.98	98	2
177	0.98	98	2
178	0.98	98	2
179	0.98	98	2
180	0.98	98	2
181	0.98	98	2
182	0.98	98	2
183	0.98	98	2
184	0.98	98	2
185	0.98	98	2
186	0.99	99	1
187	0.99	99	1
188	0.99	99	1
189	0.99	99	1
190	0.99	99	1
191	0.99	99	1
192	0.99	99	1
193	0.99	99	1
194	0.99	99	1
195	0.99	99	1
196	0.99	99	1
197	0.99	99	1
198	0.99	99	1
199	0.99	99	1
200	0.99	99	1
201	0.99	99	1
202	0.98	98	2
203	0.98	98	2
204	0.98	98	2
205	0.98	98	2
206	0.98	98	2
207	0.98	98	2
208	0.98	98	2
209	0.98	98	2
210	0.98	98	2
211	0.98	98	2
212	0.98	98	2
213	0.98	98	2
214	0.98	98	2
215	0.98	98	2
216	0.98	98	2
217	0.98	98	2
218	0.98	98	2
219	0.98	98	2
220	0.98	98	2
221	0.98	98	2
222	0.98	98	2
223	0.98	98	2
224	0.98	98	2
225	0.98	98	2
226	0.98	98	2
227	0.98	98	2
228	0.98	98	2
229	0.98	98	2
230	0.98	98	2
231	0.98	98	2
232	0.98	98	2
233	0.98	98	2
234	0.98	98	2
235	0.98	98	2
236	0.98	98	2
237	0.98	98	2
238	0.98	98	2
239	0.98	98	2
240	0.98	98	2
241	0.98	98	2
242	0.98	98	2
243	0.98	98	2
244	0.98	98	2
245	0.98	98	2
246	0.98	98	2
247	0.98	98	2
248	0.98	98	2
249	0.98	98	2
250	0.98	98	2
251	0.98	98	2
252	0.98	98	2
253	0.98	98	2
254	0.98	98	2
255	0.98	98	2
256	0.98	98	2
257	0.98	98	2
258	0.98	98	2
259	0.98	98	2
260	0.98	98	2
261	0.98	98	2
262	0.98	98	2
263	0.98	98	2
264	0.98	98	2
265	0.99	99	1
266	0.99	99	1
267	0.99	99	1
268	0.99	99	1
269	0.99	99	1
270	0.99	99	1
271	0.99	99	1
272	0.99	99	1
273	0.99	99	1
274	0.99	99	1
275	0.99	99	1
276	0.99	99	1
277	0.99	99	1
278	0.99	99	1
279	0.99	99	1
280	0.99	99	1
281	0.99	99	1
282	0.99	99	1
283	0.99	99	1
284	0.99	99	1
285	0.99	99	1
286	0.99	99	1
287	0.99	99	1
288	0.99	99	1
289	0.99	99	1
290	0.99	99	1
291	0.99	99	1
292	0.99	99	1
293	0.99	99	1
294	0.99	99	1
295	0.99	99	1
296	0.99	99	1
297	0.99	99	1
298	0.99	99	1
299	0.99	99	1
300	0.99	99	1
301	0.99	99	1
302	1.00	100	0
303	1.00	100	0
304	1.00	100	0
305	1.00	100	0
306	1.00	100	0
307	1.00	100	0
308	1.00	100	0
309	1.00	100	0
310	1.00	100	0
311	1.00	100	0
312	1.00	100	0
313	1.00	100	0
314	1.00	100	0
315	1.00	100	0
316	1.00	100	0
317	1.00	100	0
318	1.00	100	0
319	1.00	100	0
320	1.00	100	0
321	1.00	100	0
322	1.00	100	0
323	1.00	100	0
324	1.00	100	0
325	1.00	100	0
326	1.00	100	0
327	1.00	100	0
328	1.00	100	0
329	1.00	100	0
330	1.00	100	0
331	1.00	100	0
332	1.00	100	0
333	1.00	100	0
334	1.00	100	0
335	0.99	99	1
336	0.99	99	1
337	0.99	99	1
338	0.99	99	1
339	0.99	99	1
340	0.99	99	1
341	0.99	99	1
342	0.99	99	1
343	0.99	99	1
344	0.99	99	1
345	0.99	99	1
346	0.99	99	1
347	0.99	99	1
348	0.99	99	1
349	0.99	99	1
350	0.99	99	1
351	0.99	99	1
352	0.99	99	1
353	0.99	99	1
354	0.99	99	1
355	0.99	99	1
356	0.99	99	1
357	0.99	99	1
358	0.99	99	1
359	0.99	99	1
360	0.99	99	1
361	0.99	99	1
362	0.99	99	1
363	0.99	99	1
364	0.99	99	1
365	0.99	99	1
366	0.99	99	1
367	0.99	99	1
368	0.99	99	1
369	0.99	99	1
370	0.99	99	1
371	0.99	99	1
372	0.99	99	1
373	0.99	99	1
374	0.99	99	1
375	0.99	99	1
376	0.99	99	1
377	0.99	99	1
378	0.99	99	1
379	0.99	99	1
380	0.99	99	1
381	0.99	99	1
382	0.99	99	1
383	0.99	99	1
384	0.99	99	1
385	0.99	99	1
386	0.99	99	1
387	0.99	99	1
388	0.99	99	1
389	0.99	99	1
390	0.99	99	1
391	0.99	99	1
392	0.99	99	1
393	0.99	99	1
394	0.99	99	1
395	0.99	99	1
396	0.99	99	1
397	0.99	99	1
398	0.99	99	1
399	0.99	99	1
400	0.99	99	1
401	0.99	99	1
402	0.98	98	2
403	0.98	98	2
404	0.98	98	2
405	0.98	98	2
406	0.98	98	2
407	0.98	98	2
408	0.98	98	2
409	0.98	98	2
410	0.98	98	2
411	0.98	98	2
412	0.98	98	2
413	0.98	98	2
414	0.98	98	2
415	0.98	98	2
416	0.98	98	2
417	0.98	98	2
418	0.98	98	2
419	0.98	98	2
420	0.98	98	2
421	0.98	98	2
422	0.98	98	2
423	0.98	98	2
424	0.98	98	2
425	0.98	98	2
426	0.97	97	3
427	0.97	97	3
428	0.97	97	3
429	0.97	97	3
430	0.97	97	3
431	0.97	97	3
432	0.96	96	4
433	0.96	96	4
434	0.96	96	4
435	0.97	97	3
436	0.96	96	4
437	0.96	96	4
438	0.96	96	4
439	0.96	96	4
440	0.96	96	4
441	0.96	96	4
442	0.96	96	4
443	0.96	96	4
444	0.96	96	4
445	0.96	96	4
446	0.96	96	4
447	0.96	96	4
448	0.96	96	4
449	0.96	96	4
450	0.96	96	4
451	0.96	96	4
452	0.96	96	4
453	0.96	96	4
454	0.96	96	4
455	0.96	96	4
456	0.96	96	4
457	0.96	96	4
458	0.96	96	4
459	0.96	96	4
460	0.96	96	4
461	0.96	96	4
462	0.96	96	4
463	0.96	96	4
464	0.96	96	4
465	0.96	96	4
466	0.96	96	4
467	0.96	96	4
468	0.96	96	4
469	0.96	96	4
470	0.96	96	4
471	0.96	96	4
472	0.96	96	4
473	0.96	96	4
474	0.96	96	4
475	0.96	96	4
476	0.96	96	4
477	0.96	96	4
478	0.96	96	4
479	0.96	96	4
480	0.96	96	4
481	0.96	96	4
482	0.96	96	4
483	0.96	96	4
484	0.96	96	4
485	0.96	96	4
486	0.96	96	4
487	0.96	96	4
488	0.96	96	4
489	0.96	96	4
490	0.96	96	4
491	0.96	96	4
492	0.96	96	4
493	0.96	96	4
494	0.96	96	4
495	0.96	96	4
496	0.96	96	4
497	0.96	96	4
498	0.96	96	4
499	0.96	96	4
500	0.96	96	4
501	0.96	96	4
502	0.97	97	3
503	0.97	97	3
504	0.97	97	3
505	0.97	97	3
506	0.97	97	3
507	0.97	97	3
508	0.97	97	3
509	0.97	97	3
510	0.97	97	3
511	0.97	97	3
512	0.97	97	3
513	0.97	97	3
514	0.97	97	3
515	0.97	97	3
516	0.97	97	3
517	0.97	97	3
518	0.97	97	3
519	0.97	97	3
520	0.97	97	3
521	0.97	97	3
522	0.97	97	3
523	0.97	97	3
524	0.97	97	3
525	0.97	97	3
526	0.98	98	2
527	0.98	98	2
528	0.98	98	2
529	0.98	98	2
530	0.98	98	2
531	0.98	98	2
532	0.99	99	1
533	0.99	99	1
534	0.99	99	1
535	0.99	99	1
536	1.00	100	0
537	1.00	100	0
538	1.00	100	0
539	1.00	100	0
540	1.00	100	0
541	1.00	100	0
542	1.00	100	0
543	1.00	100	0
544	1.00	100	0
545	1.00	100	0
546	1.00	100	0
547	1.00	100	0
548	1.00	100	0
549	1.00	100	0
550	1.00	100	0
551	1.00	100	0
552	1.00	100	0
553	1.00	100	0
554	1.00	100	0
555	1.00	100	0
556	1.00	100	0
557	1.00	100	0
558	1.00	100	0
559	1.00	100	0
560	1.00	100	0
561	1.00	100	0
562	1.00	100	0
563	1.00	100	0
564	1.00	100	0
565	1.00	100	0
566	1.00	100	0
567	1.00	100	0
568	1.00	100	0
569	1.00	100	0
570	1.00	100	0
571	1.00	100	0
572	1.00	100	0
573	0.99	99	1
574	0.99	99	1
575	0.99	99	1
576	0.99	99	1
577	0.99	99	1
578	0.99	99	1
579	0.99	99	1
580	0.99	99	1
581	0.99	99	1
582	0.99	99	1
583	0.99	99	1
584	0.99	99	1
585	0.99	99	1
586	0.99	99	1
587	0.98	98	2
588	0.98	98	2
589	0.98	98	2
590	0.98	98	2
591	0.98	98	2
592	0.98	98	2
593	0.98	98	2
594	0.98	98	2
595	0.98	98	2
596	0.98	98	2
597	0.98	98	2
598	0.98	98	2
599	0.98	98	2
600	0.98	98	2
601	0.98	98	2
602	0.98	98	2
603	0.98	98	2
604	0.98	98	2
605	0.98	98	2
606	0.98	98	2
607	0.98	98	2
608	0.98	98	2
609	0.98	98	2
610	0.98	98	2
611	0.98	98	2
612	0.98	98	2
613	0.98	98	2
614	0.98	98	2
615	0.98	98	2
616	0.98	98	2
617	0.98	98	2
618	0.98	98	2
619	0.98	98	2
620	0.98	98	2
621	0.98	98	2
622	0.98	98	2
623	0.98	98	2
624	0.98	98	2
625	0.98	98	2
626	0.98	98	2
627	0.98	98	2
628	0.98	98	2
629	0.98	98	2
630	0.98	98	2
631	0.98	98	2
632	0.98	98	2
633	0.98	98	2
634	0.98	98	2
635	0.98	98	2
636	0.98	98	2
637	0.98	98	2
638	0.98	98	2
639	0.98	98	2
640	0.98	98	2
641	0.98	98	2
642	0.98	98	2
643	0.98	98	2
644	0.98	98	2
645	0.98	98	2
646	0.98	98	2
647	0.98	98	2
648	0.98	98	2
649	0.98	98	2
650	0.98	98	2
651	0.98	98	2
652	0.98	98	2
653	0.98	98	2
654	0.97	97	3
655	0.97	97	3
656	0.97	97	3
657	0.97	97	3
658	0.97	97	3
659	0.97	97	3
660	0.97	97	3
661	0.97	97	3
662	0.97	97	3
663	0.97	97	3
664	0.97	97	3
665	0.97	97	3
666	0.97	97	3
667	0.97	97	3
668	0.97	97	3
669	0.97	97	3
670	0.97	97	3
671	0.97	97	3
672	0.97	97	3
673	0.98	98	2
674	0.98	98	2
675	0.98	98	2
676	0.98	98	2
677	0.98	98	2
678	0.98	98	2
679	0.98	98	2
680	0.98	98	2
681	0.98	98	2
682	0.98	98	2
683	0.98	98	2
684	0.98	98	2
685	0.98	98	2
686	0.98	98	2
687	0.99	99	1
688	0.99	99	1
689	0.99	99	1
690	0.99	99	1
691	0.99	99	1
692	0.99	99	1
693	0.99	99	1
694	0.99	99	1
695	0.99	99	1
696	0.99	99	1
697	0.99	99	1
698	0.99	99	1
699	0.99	99	1
700	0.99	99	1
701	0.99	99	1
702	0.99	99	1
703	0.99	99	1
704	0.99	99	1
705	0.99	99	1
706	0.99	99	1
707	0.99	99	1
708	0.99	99	1
709	0.99	99	1
710	0.99	99	1
711	0.99	99	1
712	0.99	99	1
713	0.99	99	1
714	0.99	99	1
715	0.99	99	1
716	0.99	99	1
717	0.99	99	1
718	0.99	99	1
719	0.99	99	1
720	0.99	99	1
721	0.99	99	1
722	0.99	99	1
723	0.99	99	1
724	0.99	99	1
725	0.99	99	1
726	0.99	99	1
727	0.99	99	1
728	0.99	99	1
729	0.99	99	1
730	0.99	99	1
731	0.99	99	1
732	0.99	99	1
733	0.99	99	1
734	0.99	99	1
735	0.99	99	1
736	0.99	99	1
737	0.99	99	1
738	0.99	99	1
739	0.99	99	1
740	0.99	99	1
741	0.99	99	1
742	0.99	99	1
743	0.99	99	1
744	0.99	99	1
745	0.99	99	1
746	0.99	99	1
747	0.99	99	1
748	0.99	99	1
749	0.99	99	1
750	0.99	99	1
751	0.99	99	1
752	0.99	99	1
753	0.99	99	1
754	1.00	100	0
755	1.00	100	0
756	1.00	100	0
757	1.00	100	0
758	1.00	100	0
759	1.00	100	0
760	1.00	100	0
761	1.00	100	0
762	1.00	100	0
763	1.00	100	0
764	1.00	100	0
765	1.00	100	0
766	1.00	100	0
767	1.00	100	0
768	1.00	100	0
769	1.00	100	0
770	1.00	100	0
771	1.00	100	0
772	1.00	100	0
773	1.00	100	0
774	1.00	100	0
775	1.00	100	0
776	1.00	100	0
777	1.00	100	0
778	1.00	100	0
779	1.00	100	0
780	1.00	100	0
781	1.00	100	0
782	1.00	100	0
783	1.00	100	0
784	1.00	100	0
785	1.00	100	0
786	1.00	100	0
787	1.00	100	0
788	1.00	100	0
789	1.00	100	0
790	1.00	100	0
791	1.00	100	0
792	1.00	100	0
793	1.00	100	0
794	1.00	100	0
795	1.00	100	0
796	1.00	100	0
797	1.00	100	0
798	1.00	100	0
799	1.00	100	0
800	1.00	100	0
801	1.00	100	0
802	1.00	100	0
803	1.00	100	0
804	1.00	100	0
805	1.00	100	0
806	1.00	100	0
807	1.00	100	0
808	1.00	100	0
809	1.00	100	0
810	1.00	100	0
811	1.00	100	0
812	1.00	100	0
813	1.00	100	0
814	1.00	100	0
815	1.00	100	0
816	1.00	100	0
817	1.00	100	0
818	1.00	100	0
819	1.00	100	0
820	1.00	100	0
821	1.00	100	0
822	1.00	100	0
823	1.00	100	0
824	1.00	100	0
825	1.00	100	0
826	1.00	100	0
827	1.00	100	0
828	1.00	100	0
829	1.00	100	0
830	1.00	100	0
831	1.00	100	0
832	1.00	100	0
833	1.00	100	0
834	1.00	100	0
835	1.00	100	0
836	1.00	100	0
837	1.00	100	0
838	1.00	100	0
839	1.00	100	0
840	1.00	100	0
841	1.00	100	0
842	1.00	100	0
843	1.00	100	0
844	1.00	100	0
845	1.00	100	0
846	1.00	100	0
847	1.00	100	0
848	1.00	100	0
849	1.00	100	0
850	1.00	100	0
851	1.00	100	0
852	1.00	100	0
853	1.00	100	0
854	1.00	100	0
855	1.00	100	0
856	1.00	100	0
857	1.00	100	0
858	1.00	100	0
859	1.00	100	0
860	1.00	100	0
861	1.00	100	0
862	1.00	100	0
863	1.00	100	0
864	1.00	100	0
865	1.00	100	0
866	1.00	100	0
867	1.00	100	0
868	1.00	100	0
869	1.00	100	0
870	1.00	100	0
871	1.00	100	0
872	1.00	100	0
873	1.00	100	0
874	1.00	100	0
875	1.00	100	0
876	1.00	100	0
877	1.00	100	0
878	1.00	100	0
879	1.00	100	0
880	1.00	100	0
881	1.00	100	0
882	1.00	100	0
883	1.00	100	0
884	1.00	100	0
885	1.00	100	0
886	1.00	100	0
887	1.00	100	0
888	1.00	100	0
889	1.00	100	0
890	1.00	100	0
891	1.00	100	0
892	1.00	100	0
893	1.00	100	0
894	1.00	100	0
895	1.00	100	0
896	1.00	100	0
897	1.00	100	0
898	1.00	100	0
899	1.00	100	0
900	1.00	100	0
901	1.00	100	0
902	1.00	100	0
903	1.00	100	0
904	1.00	100	0
905	1.00	100	0
906	1.00	100	0
907	1.00	100	0
908	1.00	100	0
909	1.00	100	0
910	1.00	100	0
911	1.00	100	0
912	1.00	100	0
913	1.00	100	0
914	1.00	100	0
915	1.00	100	0
916	1.00	100	0
917	1.00	100	0
918	1.00	100	0
919	1.00	100	0
920	1.00	100	0
921	1.00	100	0
922	1.00	100	0
923	1.00	100	0
924	1.00	100	0
925	1.00	100	0
926	1.00	100	0
927	1.00	100	0
928	1.00	100	0
929	1.00	100	0
930	1.00	100	0
931	1.00	100	0
932	1.00	100	0
933	1.00	100	0
934	1.00	100	0
935	1.00	100	0
936	1.00	100	0
937	1.00	100	0
938	1.00	100	0
939	1.00	100	0
940	1.00	100	0
941	1.00	100	0
942	1.00	100	0
943	1.00	100	0
944	1.00	100	0
945	1.00	100	0
946	1.00	100	0
947	1.00	100	0
948	1.00	100	0
949	1.00	100	0
950	1.00	100	0
951	1.00	100	0
952	1.00	100	0
953	1.00	100	0
954	1.00	100	0
955	1.00	100	0
956	1.00	100	0
957	1.00	100	0
958	1.00	100	0
959	1.00	100	0
960	1.00	100	0
961	1.00	100	0
962	1.00	100	0
963	1.00	100	0
964	1.00	100	0
965	1.00	100	0
966	0.99	99	1
967	0.99	99	1
968	0.99	99	1
969	0.99	99	1
970	0.99	99	1
971	0.99	99	1
972	0.99	99	1
973	0.99	99	1
974	0.99	99	1
975	0.99	99	1
976	0.99	99	1
977	0.99	99	1
978	0.99	99	1
979	0.99	99	1
980	0.99	99	1
981	0.99	99	1
982	0.99	99	1
983	0.99	99	1
984	0.99	99	1
985	0.99	99	1
986	0.99	99	1
987	0.99	99	1
988	0.99	99	1
989	0.99	99	1
990	0.99	99	1
991	0.99	99	1
992	0.99	99	1
993	0.99	99	1
994	0.99	99	1
995	0.99	99	1
996	0.99	99	1
997	0.99	99	1
998	0.99	99	1
999	0.99	99	1
1000	0.01	99	1
1001	0.02	98	2
1002	0.03	97	3
1003	0.03	97	3
1004	0.04	96	4
1005	0.04	96	4
1006	0.04	96	4
1007	0.04	96	4
1008	0.04	96	4
1009	0.04	96	4
1010	0.04	96	4
1011	0.04	96	4
1012	0.05	95	5
1013	0.06	94	6
1014	0.07	93	7
1015	0.07	93	7
1016	0.08	92	8
1017	0.09	91	9
1018	0.10	90	10
1019	0.11	89	11
1020	0.12	88	12
1021	0.12	88	12
1022	0.12	88	12
1023	0.12	88	12
1024	0.12	88	12
1025	0.13	87	13
1026	0.13	87	13
1027	0.13	87	13
1028	0.13	87	13
1029	0.13	87	13
1030	0.14	86	14
1031	0.15	85	15
1032	0.16	84	16
1033	0.17	83	17
1034	0.17	83	17
1035	0.18	82	18
1036	0.19	81	19
1037	0.19	81	19
1038	0.20	80	20
1039	0.21	79	21
1040	0.22	78	22
1041	0.22	78	22
1042	0.23	77	23
1043	0.24	76	24
1044	0.25	75	25
1045	0.26	74	26
1046	0.26	74	26
1047	0.26	74	26
1048	0.27	73	27
1049	0.27	73	27
1050	0.28	72	28
1051	0.28	72	28
1052	0.28	72	28
1053	0.29	71	29
1054	0.29	71	29
1055	0.30	70	30
1056	0.31	69	31
1057	0.31	69	31
1058	0.31	69	31
1059	0.31	69	31
1060	0.31	69	31
1061	0.31	69	31
1062	0.31	69	31
1063	0.31	69	31
1064	0.32	68	32
1065	0.33	67	33
1066	0.33	67	33
1067	0.34	66	34
1068	0.35	65	35
1069	0.35	65	35
1070	0.36	64	36
1071	0.37	63	37
1072	0.38	62	38
1073	0.39	61	39
1074	0.39	61	39
1075	0.40	60	40
1076	0.40	60	40
1077	0.40	60	40
1078	0.41	59	41
1079	0.41	59	41
1080	0.42	58	42
1081	0.43	57	43
1082	0.44	56	44
1083	0.45	55	45
1084	0.46	54	46
1085	0.47	53	47
1086	0.48	52	48
1087	0.49	51	49
1088	0.50	50	50
1089	0.51	49	51
1090	0.52	48	52
1091	0.53	47	53
1092	0.54	46	54
1093	0.55	45	55
1094	0.56	44	56
1095	0.57	43	57
1096	0.58	42	58
1097	0.59	41	59
1098	0.60	40	60
1099	0.61	39	61
1100	0.62	38	62
1101	0.62	38	62
1102	0.62	38	62
1103	0.63	37	63
1104	0.63	37	63
1105	0.64	36	64
1106	0.65	35	65
1107	0.66	34	66
1108	0.67	33	67
1109	0.68	32	68
1110	0.69	31	69
1111	0.70	30	70
1112	0.70	30	70
1113	0.70	30	70
1114	0.70	30	70
1115	0.71	29	71
1116	0.71	29	71
1117	0.71	29	71
1118	0.70	30	70
1119	0.70	30	70
1120	0.70	30	70
1121	0.71	29	71
1122	0.72	28	72
1123	0.73	27	73
1124	0.74	26	74
1125	0.74	26	74
1126	0.75	25	75
1127	0.76	24	76
1128	0.77	23	77
1129	0.77	23	77
1130	0.77	23	77
1131	0.77	23	77
1132	0.77	23	77
1133	0.77	23	77
1134	0.78	22	78
1135	0.78	22	78
1136	0.78	22	78
1137	0.79	21	79
1138	0.79	21	79
1139	0.79	21	79
1140	0.79	21	79
1141	0.80	20	80
1142	0.79	21	79
1143	0.79	21	79
1144	0.79	21	79
1145	0.79	21	79
1146	0.80	20	80
1147	0.81	19	81
1148	0.81	19	81
1149	0.82	18	82
1150	0.82	18	82
1151	0.83	17	83
1152	0.84	16	84
1153	0.83	17	83
1154	0.84	16	84
1155	0.84	16	84
1156	0.84	16	84
1157	0.85	15	85
1158	0.85	15	85
1159	0.86	14	86
1160	0.87	13	87
1161	0.88	12	88
1162	0.89	11	89
1163	0.90	10	90
1164	0.90	10	90
1165	0.90	10	90
1166	0.90	10	90
1167	0.90	10	90
1168	0.90	10	90
1169	0.91	9	91
1170	0.91	9	91
1171	0.91	9	91
1172	0.91	9	91
1173	0.91	9	91
1174	0.92	8	92
1175	0.92	8	92
1176	0.93	7	93
1177	0.94	6	94
1178	0.94	6	94
1179	0.95	5	95
1180	0.95	5	95
1181	0.95	5	95
1182	0.95	5	95
1183	0.95	5	95
1184	0.95	5	95
1185	0.95	5	95
1186	0.95	5	95
1187	0.95	5	95
1188	0.95	5	95
1189	0.95	5	95
1190	0.95	5	95
1191	0.95	5	95
1192	0.95	5	95
1193	0.95	5	95
1194	0.95	5	95
1195	0.95	5	95
1196	0.95	5	95
1197	0.95	5	95
1198	0.95	5	95
1199	0.95	5	95
1200	0.95	5	95
1201	0.95	5	95
1202	0.95	5	95
1203	0.95	5	95
1204	0.94	6	94
1205	0.94	6	94
1206	0.94	6	94
1207	0.94	6	94
1208	0.94	6	94
1209	0.94	6	94
1210	0.94	6	94
1211	0.94	6	94
1212	0.94	6	94
1213	0.94	6	94
1214	0.94	6	94
1215	0.94	6	94
1216	0.94	6	94
1217	0.94	6	94
1218	0.95	5	95
1219	0.95	5	95
1220	0.95	5	95
1221	0.95	5	95
1222	0.95	5	95
1223	0.95	5	95
1224	0.95	5	95
1225	0.95	5	95
1226	0.95	5	95
1227	0.95	5	95
1228	0.95	5	95
1229	0.96	4	96
1230	0.96	4	96
1231	0.96	4	96
1232	0.96	4	96
1233	0.96	4	96
1234	0.96	4	96
1235	0.96	4	96
1236	0.96	4	96
1237	0.96	4	96
1238	0.96	4	96
1239	0.96	4	96
1240	0.96	4	96
1241	0.96	4	96
1242	0.97	3	97
1243	0.97	3	97
1244	0.97	3	97
1245	0.97	3	97
1246	0.97	3	97
1247	0.97	3	97
1248	0.97	3	97
1249	0.97	3	97
1250	0.97	3	97
1251	0.97	3	97
1252	0.97	3	97
1253	0.98	2	98
1254	0.98	2	98
1255	0.98	2	98
1256	0.98	2	98
1257	0.98	2	98
1258	0.99	1	99
1259	0.99	1	99
1260	0.99	1	99
1261	0.99	1	99
1262	0.99	1	99
1263	0.99	1	99
1264	0.99	1	99
1265	0.99	1	99
1266	0.99	1	99
1267	0.99	1	99
1268	0.99	1	99
1269	0.99	1	99
1270	0.99	1	99
1271	0.99	1	99
1272	0.99	1	99
1273	0.99	1	99
1274	0.99	1	99
1275	0.99	1	99
1276	0.99	1	99
1277	0.99	1	99
1278	0.99	1	99
1279	0.99	1	99
1280	0.99	1	99
1281	0.99	1	99
1282	0.99	1	99
1283	0.99	1	99
1284	0.99	1	99
1285	0.99	1	99
1286	0.99	1	99
1287	0.99	1	99
1288	0.99	1	99
1289	0.99	1	99
1290	0.99	1	99
1291	0.99	1	99
1292	0.99	1	99
1293	0.99	1	99
1294	0.99	1	99
1295	0.99	1	99
1296	0.99	1	99
1297	0.99	1	99
1298	0.99	1	99
1299	0.99	1	99
1300	0.99	1	99
1301	0.99	1	99
1302	0.99	1	99
1303	0.99	1	99
1304	1.00	0	100
1305	0.99	1	99
1306	0.99	1	99
1307	0.98	2	98
1308	0.98	2	98
1309	0.98	2	98
1310	0.98	2	98
1311	0.98	2	98
1312	0.98	2	98
1313	0.98	2	98
1314	0.98	2	98
1315	0.98	2	98
1316	0.98	2	98
1317	0.98	2	98
1318	0.98	2	98
1319	0.98	2	98
1320	0.98	2	98
1321	0.98	2	98
1322	0.98	2	98
1323	0.98	2	98
1324	0.98	2	98
1325	0.98	2	98
1326	0.98	2	98
1327	0.98	2	98
1328	0.98	2	98
1329	0.98	2	98
1330	0.98	2	98
1331	0.98	2	98
1332	0.98	2	98
1333	0.98	2	98
1334	0.98	2	98
1335	0.98	2	98
1336	0.98	2	98
1337	0.98	2	98
1338	0.98	2	98
1339	0.98	2	98
1340	0.97	3	97
1341	0.97	3	97
1342	0.97	3	97
1343	0.97	3	97
1344	0.97	3	97
1345	0.97	3	97
1346	0.97	3	97
1347	0.97	3	97
1348	0.97	3	97
1349	0.97	3	97
1350	0.97	3	97
1351	0.97	3	97
1352	0.97	3	97
1353	0.97	3	97
1354	0.97	3	97
1355	0.97	3	97
1356	0.97	3	97
1357	0.97	3	97
1358	0.97	3	97
1359	0.97	3	97
1360	0.97	3	97
1361	0.97	3	97
1362	0.97	3	97
1363	0.97	3	97
1364	0.97	3	97
1365	0.97	3	97
1366	0.97	3	97
1367	0.97	3	97
1368	0.97	3	97
1369	0.97	3	97
1370	0.97	3	97
1371	0.97	3	97
1372	0.97	3	97
1373	0.97	3	97
1374	0.97	3	97
1375	0.97	3	97
1376	0.97	3	97
1377	0.97	3	97
1378	0.97	3	97
1379	0.97	3	97
1380	0.97	3	97
1381	0.97	3	97
1382	0.97	3	97
1383	0.97	3	97
1384	0.97	3	97
1385	0.97	3	97
1386	0.97	3	97
1387	0.97	3	97
1388	0.97	3	97
1389	0.97	3	97
1390	0.97	3	97
1391	0.97	3	97
1392	0.97	3	97
1393	0.97	3	97
1394	0.97	3	97
1395	0.97	3	97
1396	0.97	3	97
1397	0.97	3	97
1398	0.97	3	97
1399	0.97	3	97
1400	0.97	3	97
1401	0.97	3	97
1402	0.97	3	97
1403	0.97	3	97
1404	0.97	3	97
1405	0.98	2	98
1406	0.98	2	98
1407	0.99	1	99
1408	0.99	1	99
1409	0.99	1	99
1410	0.99	1	99
1411	0.99	1	99
1412	0.99	1	99
1413	0.99	1	99
1414	0.99	1	99
1415	0.99	1	99
1416	0.99	1	99
1417	0.99	1	99
1418	0.99	1	99
1419	0.99	1	99
1420	0.99	1	99
1421	0.99	1	99
1422	0.99	1	99
1423	0.99	1	99
1424	0.99	1	99
1425	0.99	1	99
1426	0.99	1	99
1427	0.99	1	99
1428	0.99	1	99
1429	0.99	1	99
1430	0.99	1	99
1431	0.99	1	99
1432	0.99	1	99
1433	0.99	1	99
1434	0.99	1	99
1435	0.99	1	99
1436	0.99	1	99
1437	0.99	1	99
1438	0.99	1	99
1439	0.99	1	99
1440	1.00	0	100
1441	1.00	0	100
1442	1.00	0	100
1443	1.00	0	100
1444	1.00	0	100
1445	1.00	0	100
1446	1.00	0	100
1447	1.00	0	100
1448	1.00	0	100
1449	1.00	0	100
1450	1.00	0	100
1451	1.00	0	100
1452	1.00	0	100
1453	1.00	0	100
1454	1.00	0	100
1455	1.00	0	100
1456	1.00	0	100
1457	1.00	0	100
1458	1.00	0	100
1459	1.00	0	100
1460	1.00	0	100
1461	1.00	0	100
1462	1.00	0	100
1463	1.00	0	100
1464	1.00	0	100
1465	1.00	0	100
1466	1.00	0	100
1467	1.00	0	100
1468	1.00	0	100
1469	0.99	1	99
1470	0.99	1	99
1471	0.99	1	99
1472	0.99	1	99
1473	0.99	1	99
1474	0.99	1	99
1475	0.99	1	99
1476	0.99	1	99
1477	0.99	1	99
1478	0.99	1	99
1479	0.99	1	99
1480	0.99	1	99
1481	0.99	1	99
1482	0.99	1	99
1483	0.99	1	99
1484	0.99	1	99
1485	0.99	1	99
1486	0.99	1	99
1487	0.99	1	99
1488	0.99	1	99
1489	0.99	1	99
1490	0.99	1	99
1491	0.99	1	99
1492	0.99	1	99
1493	0.99	1	99
1494	0.99	1	99
1495	0.99	1	99
1496	0.99	1	99
1497	0.99	1	99
1498	0.99	1	99
1499	0.99	1	99
1500	0.99	1	99
1501	0.99	1	99
1502	0.98	2	98
1503	0.98	2	98
1504	0.98	2	98
1505	0.98	2	98
1506	0.98	2	98
1507	0.98	2	98
1508	0.98	2	98
1509	0.98	2	98
1510	0.98	2	98
1511	0.98	2	98
1512	0.98	2	98
1513	0.98	2	98
1514	0.98	2	98
1515	0.98	2	98
1516	0.98	2	98
1517	0.98	2	98
1518	0.98	2	98
1519	0.98	2	98
1520	0.98	2	98
1521	0.98	2	98
1522	0.98	2	98
1523	0.98	2	98
1524	0.98	2	98
1525	0.98	2	98
1526	0.98	2	98
1527	0.98	2	98
1528	0.98	2	98
1529	0.98	2	98
1530	0.98	2	98
1531	0.98	2	98
1532	0.98	2	98
1533	0.98	2	98
1534	0.98	2	98
1535	0.98	2	98
1536	0.98	2	98
1537	0.98	2	98
1538	0.98	2	98
1539	0.98	2	98
1540	0.98	2	98
1541	0.98	2	98
1542	0.98	2	98
1543	0.98	2	98
1544	0.98	2	98
1545	0.98	2	98
1546	0.98	2	98
1547	0.98	2	98
1548	0.98	2	98
1549	0.98	2	98
1550	0.98	2	98
1551	0.98	2	98
1552	0.98	2	98
1553	0.98	2	98
1554	0.98	2	98
1555	0.98	2	98
1556	0.98	2	98
1557	0.98	2	98
1558	0.98	2	98
1559	0.98	2	98
1560	0.98	2	98
1561	0.98	2	98
1562	0.98	2	98
1563	0.98	2	98
1564	0.98	2	98
1565	0.98	2	98
1566	0.98	2	98
1567	0.98	2	98
1568	0.98	2	98
1569	0.99	1	99
1570	0.99	1	99
1571	0.99	1	99
1572	0.99	1	99
1573	0.99	1	99
1574	0.99	1	99
1575	0.99	1	99
1576	0.99	1	99
1577	0.99	1	99
1578	0.99	1	99
1579	0.99	1	99
1580	0.99	1	99
1581	0.99	1	99
1582	0.99	1	99
1583	0.99	1	99
1584	0.99	1	99
1585	0.99	1	99
1586	0.99	1	99
1587	0.98	2	98
1588	0.98	2	98
1589	0.98	2	98
1590	0.98	2	98
1591	0.98	2	98
1592	0.98	2	98
1593	0.98	2	98
1594	0.98	2	98
1595	0.98	2	98
1596	0.98	2	98
1597	0.98	2	98
1598	0.98	2	98
1599	0.98	2	98
1600	0.98	2	98
1601	0.98	2	98
1602	0.99	1	99
1603	0.99	1	99
1604	0.99	1	99
1605	0.99	1	99
1606	0.99	1	99
1607	0.99	1	99
1608	0.99	1	99
1609	0.99	1	99
1610	0.99	1	99
1611	0.99	1	99
1612	0.99	1	99
1613	0.99	1	99
1614	0.99	1	99
1615	0.99	1	99
1616	0.99	1	99
1617	0.99	1	99
1618	0.99	1	99
1619	0.99	1	99
1620	0.99	1	99
1621	0.99	1	99
1622	0.99	1	99
1623	0.99	1	99
1624	0.99	1	99
1625	0.99	1	99
1626	0.99	1	99
1627	0.99	1	99
1628	0.99	1	99
1629	0.99	1	99
1630	0.99	1	99
1631	0.99	1	99
1632	0.99	1	99
1633	0.99	1	99
1634	0.99	1	99
1635	0.99	1	99
1636	0.99	1	99
1637	0.99	1	99
1638	0.99	1	99
1639	0.99	1	99
1640	0.99	1	99
1641	0.99	1	99
1642	0.99	1	99
1643	0.99	1	99
1644	0.99	1	99
1645	0.99	1	99
1646	0.99	1	99
1647	0.99	1	99
1648	0.99	1	99
1649	0.99	1	99
1650	0.99	1	99
1651	0.99	1	99
1652	0.99	1	99
1653	0.99	1	99
1654	0.99	1	99
1655	0.99	1	99
1656	0.99	1	99
1657	0.99	1	99
1658	0.99	1	99
1659	0.99	1	99
1660	0.99	1	99
1661	0.99	1	99
1662	0.99	1	99
1663	0.99	1	99
1664	0.99	1	99
1665	0.99	1	99
1666	0.99	1	99
1667	0.99	1	99
1668	0.99	1	99
1669	0.99	1	99
1670	0.99	1	99
1671	0.99	1	99
1672	0.99	1	99
1673	0.99	1	99
1674	0.99	1	99
1675	0.99	1	99
1676	0.99	1	99
1677	0.99	1	99
1678	0.99	1	99
1679	0.99	1	99
1680	0.99	1	99
1681	0.99	1	99
1682	0.99	1	99
1683	0.99	1	99
1684	0.99	1	99
1685	0.99	1	99
1686	0.99	1	99
1687	1.00	0	100
1688	1.00	0	100
1689	1.00	0	100
1690	1.00	0	100
1691	1.00	0	100
1692	1.00	0	100
1693	1.00	0	100
1694	1.00	0	100
1695	1.00	0	100
1696	1.00	0	100
1697	1.00	0	100
1698	1.00	0	100
1699	1.00	0	100
1700	1.00	0	100
1701	1.00	0	100
1702	1.00	0	100
1703	1.00	0	100
1704	1.00	0	100
1705	1.00	0	100
1706	1.00	0	100
1707	1.00	0	100
1708	1.00	0	100
1709	1.00	0	100
1710	1.00	0	100
1711	1.00	0	100
1712	1.00	0	100
1713	1.00	0	100
1714	1.00	0	100
1715	1.00	0	100
1716	1.00	0	100
1717	1.00	0	100
1718	1.00	0	100
1719	1.00	0	100
1720	1.00	0	100
1721	1.00	0	100
1722	1.00	0	100
1723	1.00	0	100
1724	1.00	0	100
1725	1.00	0	100
1726	1.00	0	100
1727	1.00	0	100
1728	1.00	0	100
1729	1.00	0	100
1730	1.00	0	100
1731	1.00	0	100
1732	1.00	0	100
1733	1.00	0	100
1734	1.00	0	100
1735	1.00	0	100
1736	1.00	0	100
1737	1.00	0	100
1738	1.00	0	100
1739	1.00	0	100
1740	1.00	0	100
1741	1.00	0	100
1742	1.00	0	100
1743	1.00	0	100
1744	1.00	0	100
1745	1.00	0	100
1746	1.00	0	100
1747	1.00	0	100
1748	1.00	0	100
1749	1.00	0	100
1750	1.00	0	100
1751	1.00	0	100
1752	1.00	0	100
1753	1.00	0	100
1754	1.00	0	100
1755	1.00	0	100
1756	1.00	0	100
1757	1.00	0	100
1758	1.00	0	100
1759	1.00	0	100
1760	1.00	0	100
1761	1.00	0	100
1762	1.00	0	100
1763	1.00	0	100
1764	1.00	0	100
1765	1.00	0	100
1766	1.00	0	100
1767	1.00	0	100
1768	1.00	0	100
1769	1.00	0	100
1770	1.00	0	100
1771	1.00	0	100
1772	1.00	0	100
1773	1.00	0	100
1774	1.00	0	100
1775	1.00	0	100
1776	1.00	0	100
1777	1.00	0	100
1778	1.00	0	100
1779	1.00	0	100
1780	1.00	0	100
1781	1.00	0	100
1782	1.00	0	100
1783	1.00	0	100
1784	1.00	0	100
1785	1.00	0	100
1786	1.00	0	100
1787	1.00	0	100
1788	1.00	0	100
1789	1.00	0	100
1790	1.00	0	100
1791	1.00	0	100
1792	1.00	0	100
1793	1.00	0	100
1794	1.00	0	100
1795	1.00	0	100
1796	1.00	0	100
1797	1.00	0	100
1798	1.00	0	100
1799	1.00	0	100
1800	1.00	0	100
1801	1.00	0	100
1802	1.00	0	100
1803	1.00	0	100
1804	1.00	0	100
1805	1.00	0	100
1806	1.00	0	100
1807	1.00	0	100
1808	1.00	0	100
1809	1.00	0	100
1810	1.00	0	100
1811	1.00	0	100
1812	1.00	0	100
1813	1.00	0	100
1814	1.00	0	100
1815	1.00	0	100
1816	1.00	0	100
1817	1.00	0	100
1818	1.00	0	100
1819	1.00	0	100
1820	1.00	0	100
1821	1.00	0	100
1822	1.00	0	100
1823	1.00	0	100
1824	1.00	0	100
1825	1.00	0	100
1826	1.00	0	100
1827	1.00	0	100
1828	1.00	0	100
1829	1.00	0	100
1830	1.00	0	100
1831	1.00	0	100
1832	1.00	0	100
1833	1.00	0	100
1834	1.00	0	100
1835	1.00	0	100
1836	1.00	0	100
1837	1.00	0	100
1838	1.00	0	100
1839	1.00	0	100
1840	1.00	0	100
1841	1.00	0	100
1842	1.00	0	100
1843	1.00	0	100
1844	1.00	0	100
1845	1.00	0	100
1846	1.00	0	100
1847	1.00	0	100
1848	1.00	0	100
1849	1.00	0	100
1850	1.00	0	100
1851	1.00	0	100
1852	1.00	0	100
1853	1.00	0	100
1854	1.00	0	100
1855	1.00	0	100
1856	1.00	0	100
1857	1.00	0	100
1858	1.00	0	100
1859	1.00	0	100
1860	1.00	0	100
1861	1.00	0	100
1862	1.00	0	100
1863	1.00	0	100
1864	1.00	0	100
1865	1.00	0	100
1866	1.00	0	100
1867	1.00	0	100
1868	1.00	0	100
1869	1.00	0	100
1870	1.00	0	100
1871	1.00	0	100
1872	1.00	0	100
1873	1.00	0	100
1874	1.00	0	100
1875	1.00	0	100
1876	0.99	1	99
1877	0.99	1	99
1878	0.99	1	99
1879	0.99	1	99
1880	0.99	1	99
1881	0.99	1	99
1882	0.99	1	99
1883	0.99	1	99
1884	0.99	1	99
1885	0.99	1	99
1886	0.99	1	99
1887	0.99	1	99
1888	0.99	1	99
1889	0.99	1	99
1890	0.99	1	99
1891	0.99	1	99
1892	0.99	1	99
1893	0.99	1	99
1894	0.99	1	99
1895	0.99	1	99
1896	0.99	1	99
1897	0.99	1	99
1898	0.99	1	99
1899	0.99	1	99
1900	0.99	1	99
1901	0.99	1	99
1902	0.99	1	99
1903	0.99	1	99
1904	0.99	1	99
1905	0.99	1	99
1906	0.99	1	99
1907	0.99	1	99
1908	0.99	1	99
1909	0.99	1	99
1910	0.99	1	99
1911	0.99	1	99
1912	0.99	1	99
1913	0.99	1	99
1914	0.99	1	99
1915	0.99	1	99
1916	0.99	1	99
1917	0.99	1	99
1918	0.99	1	99
1919	0.99	1	99
1920	0.99	1	99
1921	0.99	1	99
1922	0.99	1	99
1923	0.99	1	99
1924	0.99	1	99
1925	0.99	1	99
1926	0.99	1	99
1927	0.99	1	99
1928	0.99	1	99
1929	0.99	1	99
1930	0.99	1	99
1931	0.99	1	99
1932	0.99	1	99
1933	0.99	1	99
1934	0.99	1	99
1935	0.99	1	99
1936	0.99	1	99
1937	0.99	1	99
1938	0.99	1	99
1939	0.99	1	99
1940	0.99	1	99
1941	0.99	1	99
1942	0.99	1	99
1943	0.99	1	99
1944	0.99	1	99
1945	0.99	1	99
1946	0.99	1	99
1947	0.99	1	99
1948	0.99	1	99
1949	0.99	1	99
1950	0.99	1	99
1951	0.99	1	99
1952	0.99	1	99
1953	0.99	1	99
1954	0.99	1	99
1955	0.99	1	99
1956	0.99	1	99
1957	0.99	1	99
1958	0.99	1	99
1959	0.99	1	99
1960	0.99	1	99
1961	0.99	1	99
1962	0.99	1	99
1963	0.99	1	99
1964	0.99	1	99
1965	0.99	1	99
1966	0.99	1	99
1967	0.99	1	99
1968	0.99	1	99
1969	0.99	1	99
1970	0.98	2	98
1971	0.98	2	98
1972	0.98	2	98
1973	0.98	2	98
1974	0.98	2	98
1975	0.98	2	98
1976	0.99	1	99
1977	0.99	1	99
1978	0.99	1	99
1979	0.99	1	99
1980	0.99	1	99
1981	0.99	1	99
1982	0.99	1	99
1983	0.99	1	99
1984	0.99	1	99
1985	0.99	1	99
1986	0.99	1	99
1987	0.99	1	99
1988	0.99	1	99
1989	0.99	1	99
1990	0.99	1	99
1991	0.99	1	99
1992	0.99	1	99
1993	0.99	1	99
1994	0.99	1	99
1995	0.99	1	99
1996	0.99	1	99
1997	0.99	1	99
1998	0.99	1	99
1999	0.99	1	99
2000	0.01	1	99
2001	0.01	1	99
2002	0.01	1	99
2003	0.01	1	99
2004	0.02	2	98
2005	0.02	2	98
2006	0.03	3	97
2007	0.03	3	97
2008	0.03	3	97
2009	0.03	3	97
2010	0.03	3	97
2011	0.04	4	96
2012	0.04	4	96
2013	0.04	4	96
2014	0.04	4	96
2015	0.04	4	96
2016	0.05	5	95
2017	0.06	6	94
2018	0.07	7	93
2019	0.07	7	93
2020	0.08	8	92
2021	0.09	9	91
2022	0.09	9	91
2023	0.10	10	90
2024	0.11	11	89
2025	0.12	12	88
2026	0.13	13	87
2027	0.13	13	87
2028	0.13	13	87
2029	0.13	13	87
2030	0.13	13	87
2031	0.13	13	87
2032	0.14	14	86
2033	0.14	14	86
2034	0.15	15	85
2035	0.16	16	84
2036	0.17	17	83
2037	0.17	17	83
2038	0.17	17	83
2039	0.17	17	83
2040	0.17	17	83
2041	0.18	18	82
2042	0.19	19	81
2043	0.20	20	80
2044	0.21	21	79
2045	0.21	21	79
2046	0.21	21	79
2047	0.21	21	79
2048	0.22	22	78
2049	0.22	22	78
2050	0.23	23	77
2051	0.24	24	76
2052	0.24	24	76
2053	0.25	25	75
2054	0.26	26	74
2055	0.27	27	73
2056	0.28	28	72
2057	0.29	29	71
2058	0.29	29	71
2059	0.30	30	70
2060	0.30	30	70
2061	0.31	31	69
2062	0.32	32	68
2063	0.33	33	67
2064	0.34	34	66
2065	0.35	35	65
2066	0.35	35	65
2067	0.36	36	64
2068	0.36	36	64
2069	0.36	36	64
2070	0.35	35	65
2071	0.36	36	64
2072	0.37	37	63
2073	0.38	38	62
2074	0.39	39	61
2075	0.39	39	61
2076	0.39	39	61
2077	0.40	40	60
2078	0.41	41	59
2079	0.42	42	58
2080	0.43	43	57
2081	0.44	44	56
2082	0.45	45	55
2083	0.45	45	55
2084	0.45	45	55
2085	0.46	46	54
2086	0.47	47	53
2087	0.48	48	52
2088	0.49	49	51
2089	0.50	50	50
2090	0.50	50	50
2091	0.51	51	49
2092	0.52	52	48
2093	0.53	53	47
2094	0.54	54	46
2095	0.55	55	45
2096	0.56	56	44
2097	0.56	56	44
2098	0.57	57	43
2099	0.58	58	42
2100	0.59	59	41
2101	0.60	60	40
2102	0.60	60	40
2103	0.61	61	39
2104	0.60	60	40
2105	0.61	61	39
2106	0.60	60	40
2107	0.61	61	39
2108	0.62	62	38
2109	0.63	63	37
2110	0.64	64	36
2111	0.64	64	36
2112	0.65	65	35
2113	0.66	66	34
2114	0.67	67	33
2115	0.68	68	32
2116	0.68	68	32
2117	0.68	68	32
2118	0.68	68	32
2119	0.69	69	31
2120	0.69	69	31
2121	0.69	69	31
2122	0.70	70	30
2123	0.70	70	30
2124	0.70	70	30
2125	0.70	70	30
2126	0.69	69	31
2127	0.69	69	31
2128	0.70	70	30
2129	0.71	71	29
2130	0.72	72	28
2131	0.73	73	27
2132	0.73	73	27
2133	0.73	73	27
2134	0.73	73	27
2135	0.73	73	27
2136	0.73	73	27
2137	0.74	74	26
2138	0.75	75	25
2139	0.76	76	24
2140	0.77	77	23
2141	0.77	77	23
2142	0.77	77	23
2143	0.77	77	23
2144	0.77	77	23
2145	0.78	78	22
2146	0.79	79	21
2147	0.80	80	20
2148	0.80	80	20
2149	0.81	81	19
2150	0.81	81	19
2151	0.81	81	19
2152	0.82	82	18
2153	0.82	82	18
2154	0.82	82	18
2155	0.82	82	18
2156	0.82	82	18
2157	0.82	82	18
2158	0.83	83	17
2159	0.82	82	18
2160	0.83	83	17
2161	0.83	83	17
2162	0.83	83	17
2163	0.83	83	17
2164	0.83	83	17
2165	0.83	83	17
2166	0.84	84	16
2167	0.84	84	16
2168	0.85	85	15
2169	0.86	86	14
2170	0.87	87	13
2171	0.87	87	13
2172	0.87	87	13
2173	0.87	87	13
2174	0.87	87	13
2175	0.88	88	12
2176	0.89	89	11
2177	0.89	89	11
2178	0.89	89	11
2179	0.89	89	11
2180	0.89	89	11
2181	0.89	89	11
2182	0.89	89	11
2183	0.90	90	10
2184	0.91	91	9
2185	0.91	91	9
2186	0.91	91	9
2187	0.91	91	9
2188	0.91	91	9
2189	0.91	91	9
2190	0.92	92	8
2191	0.92	92	8
2192	0.92	92	8
2193	0.92	92	8
2194	0.92	92	8
2195	0.92	92	8
2196	0.92	92	8
2197	0.93	93	7
2198	0.93	93	7
2199	0.93	93	7
2200	0.93	93	7
2201	0.93	93	7
2202	0.94	94	6
2203	0.94	94	6
2204	0.95	95	5
2205	0.95	95	5
2206	0.96	96	4
2207	0.96	96	4
2208	0.96	96	4
2209	0.96	96	4
2210	0.96	96	4
2211	0.96	96	4
2212	0.96	96	4
2213	0.96	96	4
2214	0.96	96	4
2215	0.96	96	4
2216	0.96	96	4
2217	0.96	96	4
2218	0.96	96	4
2219	0.96	96	4
2220	0.96	96	4
2221	0.96	96	4
2222	0.96	96	4
2223	0.96	96	4
2224	0.96	96	4
2225	0.96	96	4
2226	0.97	97	3
2227	0.98	98	2
2228	0.98	98	2
2229	0.98	98	2
2230	0.98	98	2
2231	0.98	98	2
2232	0.98	98	2
2233	0.99	99	1
2234	0.99	99	1
2235	0.99	99	1
2236	0.99	99	1
2237	0.99	99	1
2238	0.99	99	1
2239	0.99	99	1
2240	0.99	99	1
2241	0.99	99	1
2242	0.99	99	1
2243	0.99	99	1
2244	0.99	99	1
2245	0.99	99	1
2246	0.99	99	1
2247	0.99	99	1
2248	0.99	99	1
2249	0.99	99	1
2250	0.99	99	1
2251	0.99	99	1
2252	0.99	99	1
2253	0.99	99	1
2254	0.99	99	1
2255	0.99	99	1
2256	0.99	99	1
2257	0.99	99	1
2258	0.99	99	1
2259	1.00	100	0
2260	1.00	100	0
2261	1.00	100	0
2262	1.00	100	0
2263	1.00	100	0
2264	1.00	100	0
2265	1.00	100	0
2266	1.00	100	0
2267	1.00	100	0
2268	1.00	100	0
2269	1.00	100	0
2270	1.00	100	0
2271	1.00	100	0
2272	1.00	100	0
2273	1.00	100	0
2274	1.00	100	0
2275	1.00	100	0
2276	1.00	100	0
2277	1.00	100	0
2278	1.00	100	0
2279	1.00	100	0
2280	1.00	100	0
2281	1.00	100	0
2282	1.00	100	0
2283	1.00	100	0
2284	1.00	100	0
2285	1.00	100	0
2286	1.00	100	0
2287	1.00	100	0
2288	1.00	100	0
2289	1.00	100	0
2290	1.00	100	0
2291	1.00	100	0
2292	1.00	100	0
2293	1.00	100	0
2294	1.00	100	0
2295	1.00	100	0
2296	1.00	100	0
2297	1.00	100	0
2298	1.00	100	0
2299	1.00	100	0
2300	1.00	100	0
2301	1.00	100	0
2302	1.00	100	0
2303	1.00	100	0
2304	1.00	100	0
2305	1.00	100	0
2306	1.00	100	0
2307	1.00	100	0
2308	1.00	100	0
2309	1.00	100	0
2310	1.00	100	0
2311	1.00	100	0
2312	1.00	100	0
2313	1.00	100	0
2314	1.00	100	0
2315	1.00	100	0
2316	1.00	100	0
2317	1.00	100	0
2318	1.00	100	0
2319	1.00	100	0
2320	1.00	100	0
2321	1.00	100	0
2322	1.00	100	0
2323	1.00	100	0
2324	1.00	100	0
2325	1.00	100	0
2326	1.00	100	0
2327	1.00	100	0
2328	1.00	100	0
2329	1.00	100	0
2330	1.00	100	0
2331	1.00	100	0
2332	1.00	100	0
2333	1.00	100	0
2334	1.00	100	0
2335	1.00	100	0
2336	1.00	100	0
2337	1.00	100	0
2338	1.00	100	0
2339	1.00	100	0
2340	1.00	100	0
2341	1.00	100	0
2342	1.00	100	0
2343	1.00	100	0
2344	1.00	100	0
2345	1.00	100	0
2346	1.00	100	0
2347	1.00	100	0
2348	1.00	100	0
2349	1.00	100	0
2350	1.00	100	0
2351	1.00	100	0
2352	1.00	100	0
2353	1.00	100	0
2354	1.00	100	0
2355	1.00	100	0
2356	1.00	100	0
2357	1.00	100	0
2358	1.00	100	0
2359	1.00	100	0
2360	1.00	100	0
2361	1.00	100	0
2362	1.00	100	0
2363	1.00	100	0
2364	1.00	100	0
2365	1.00	100	0
2366	1.00	100	0
2367	1.00	100	0
2368	1.00	100	0
2369	1.00	100	0
2370	1.00	100	0
2371	1.00	100	0
2372	1.00	100	0
2373	1.00	100	0
2374	1.00	100	0
2375	1.00	100	0
2376	1.00	100	0
2377	1.00	100	0
2378	1.00	100	0
2379	1.00	100	0
2380	1.00	100	0
2381	1.00	100	0
2382	1.00	100	0
2383	1.00	100	0
2384	1.00	100	0
2385	1.00	100	0
2386	1.00	100	0
2387	1.00	100	0
2388	1.00	100	0
2389	1.00	100	0
2390	1.00	100	0
2391	1.00	100	0
2392	1.00	100	0
2393	1.00	100	0
2394	1.00	100	0
2395	1.00	100	0
2396	1.00	100	0
2397	1.00	100	0
2398	1.00	100	0
2399	1.00	100	0
2400	1.00	100	0
2401	1.00	100	0
2402	1.00	100	0
2403	1.00	100	0
2404	1.00	100	0
2405	1.00	100	0
2406	1.00	100	0
2407	1.00	100	0
2408	1.00	100	0
2409	1.00	100	0
2410	1.00	100	0
2411	1.00	100	0
2412	1.00	100	0
2413	1.00	100	0
2414	1.00	100	0
2415	1.00	100	0
2416	1.00	100	0
2417	1.00	100	0
2418	1.00	100	0
2419	1.00	100	0
2420	1.00	100	0
2421	1.00	100	0
2422	1.00	100	0
2423	1.00	100	0
2424	1.00	100	0
2425	1.00	100	0
2426	1.00	100	0
2427	1.00	100	0
2428	1.00	100	0
2429	0.99	99	1
2430	0.99	99	1
2431	0.99	99	1
2432	0.99	99	1
2433	0.99	99	1
2434	0.99	99	1
2435	0.99	99	1
2436	0.99	99	1
2437	0.99	99	1
2438	0.99	99	1
2439	0.99	99	1
2440	0.99	99	1
2441	0.99	99	1
2442	0.99	99	1
2443	0.99	99	1
2444	0.99	99	1
2445	0.99	99	1
2446	0.99	99	1
2447	0.99	99	1
2448	0.99	99	1
2449	0.99	99	1
2450	0.99	99	1
2451	0.99	99	1
2452	0.99	99	1
2453	0.99	99	1
2454	0.99	99	1
2455	0.99	99	1
2456	0.99	99	1
2457	0.99	99	1
2458	0.99	99	1
2459	0.99	99	1
2460	0.99	99	1
2461	0.99	99	1
2462	0.99	99	1
2463	0.99	99	1
2464	0.99	99	1
2465	0.99	99	1
2466	0.99	99	1
2467	0.99	99	1
2468	0.99	99	1
2469	0.99	99	1
2470	0.99	99	1
2471	0.99	99	1
2472	0.99	99	1
2473	0.99	99	1
2474	0.99	99	1
2475	0.99	99	1
2476	0.99	99	1
2477	0.99	99	1
2478	0.99	99	1
2479	0.99	99	1
2480	0.99	99	1
2481	0.99	99	1
2482	0.99	99	1
2483	0.99	99	1
2484	0.99	99	1
2485	0.99	99	1
2486	0.99	99	1
2487	0.99	99	1
2488	0.99	99	1
2489	0.99	99	1
2490	0.99	99	1
2491	0.99	99	1
2492	0.99	99	1
2493	0.99	99	1
2494	0.99	99	1
2495	0.99	99	1
2496	0.99	99	1
2497	0.99	99	1
2498	0.99	99	1
2499	0.99	99	1
2500	0.99	99	1
2501	0.99	99	1
2502	0.99	99	1
2503	0.99	99	1
2504	0.99	99	1
2505	0.99	99	1
2506	0.99	99	1
2507	0.99	99	1
2508	0.99	99	1
2509	0.99	99	1
2510	0.99	99	1
2511	0.99	99	1
2512	0.99	99	1
2513	0.99	99	1
2514	0.99	99	1
2515	0.99	99	1
2516	0.99	99	1
2517	0.99	99	1
2518	0.99	99	1
2519	0.99	99	1
2520	0.99	99	1
2521	0.99	99	1
2522	0.99	99	1
2523	0.99	99	1
2524	0.99	99	1
2525	0.99	99	1
2526	0.99	99	1
2527	0.99	99	1
2528	0.99	99	1
2529	1.00	100	0
2530	1.00	100	0
2531	1.00	100	0
2532	1.00	100	0
2533	0.99	99	1
2534	0.99	99	1
2535	0.99	99	1
2536	0.99	99	1
2537	0.99	99	1
2538	0.99	99	1
2539	0.99	99	1
2540	0.99	99	1
2541	0.99	99	1
2542	0.99	99	1
2543	0.99	99	1
2544	0.99	99	1
2545	0.99	99	1
2546	0.99	99	1
2547	0.99	99	1
2548	0.99	99	1
2549	0.99	99	1
2550	0.99	99	1
2551	0.99	99	1
2552	0.99	99	1
2553	0.99	99	1
2554	0.99	99	1
2555	0.99	99	1
2556	0.99	99	1
2557	0.99	99	1
2558	0.99	99	1
2559	0.99	99	1
2560	0.99	99	1
2561	0.99	99	1
2562	0.99	99	1
2563	0.99	99	1
2564	0.99	99	1
2565	0.99	99	1
2566	0.99	99	1
2567	0.99	99	1
2568	0.99	99	1
2569	0.99	99	1
2570	0.99	99	1
2571	0.99	99	1
2572	0.99	99	1
2573	0.99	99	1
2574	0.99	99	1
2575	0.99	99	1
2576	0.99	99	1
2577	0.99	99	1
2578	0.99	99	1
2579	0.99	99	1
2580	0.99	99	1
2581	0.99	99	1
2582	0.99	99	1
2583	0.99	99	1
2584	0.99	99	1
2585	0.99	99	1
2586	0.99	99	1
2587	0.99	99	1
2588	0.99	99	1
2589	0.99	99	1
2590	0.99	99	1
2591	0.99	99	1
2592	0.99	99	1
2593	0.99	99	1
2594	0.99	99	1
2595	0.99	99	1
2596	0.99	99	1
2597	0.99	99	1
2598	0.99	99	1
2599	0.99	99	1
2600	0.99	99	1
2601	0.99	99	1
2602	0.99	99	1
2603	0.99	99	1
2604	0.99	99	1
2605	0.99	99	1
2606	0.99	99	1
2607	0.99	99	1
2608	0.99	99	1
2609	0.99	99	1
2610	0.99	99	1
2611	0.99	99	1
2612	0.99	99	1
2613	0.99	99	1
2614	0.99	99	1
2615	0.99	99	1
2616	0.99	99	1
2617	0.99	99	1
2618	0.99	99	1
2619	0.99	99	1
2620	0.99	99	1
2621	0.99	99	1
2622	0.99	99	1
2623	0.99	99	1
2624	0.99	99	1
2625	0.99	99	1
2626	0.99	99	1
2627	0.99	99	1
2628	0.99	99	1
2629	0.99	99	1
2630	0.99	99	1
2631	0.99	99	1
2632	0.99	99	1
2633	1.00	100	0
2634	1.00	100	0
2635	1.00	100	0
2636	1.00	100	0
2637	1.00	100	0
2638	1.00	100	0
2639	1.00	100	0
2640	1.00	100	0
2641	1.00	100	0
2642	1.00	100	0
2643	1.00	100	0
2644	1.00	100	0
2645	1.00	100	0
2646	1.00	100	0
2647	1.00	100	0
2648	1.00	100	0
2649	1.00	100	0
2650	1.00	100	0
2651	1.00	100	0
2652	1.00	100	0
2653	1.00	100	0
2654	1.00	100	0
2655	1.00	100	0
2656	1.00	100	0
2657	1.00	100	0
2658	1.00	100	0
2659	1.00	100	0
2660	1.00	100	0
2661	1.00	100	0
2662	1.00	100	0
2663	1.00	100	0
2664	1.00	100	0
2665	1.00	100	0
2666	1.00	100	0
2667	1.00	100	0
2668	1.00	100	0
2669	1.00	100	0
2670	1.00	100	0
2671	1.00	100	0
2672	1.00	100	0
2673	1.00	100	0
2674	1.00	100	0
2675	1.00	100	0
2676	1.00	100	0
2677	1.00	100	0
2678	1.00	100	0
2679	1.00	100	0
2680	1.00	100	0
2681	1.00	100	0
2682	1.00	100	0
2683	1.00	100	0
2684	1.00	100	0
2685	1.00	100	0
2686	1.00	100	0
2687	1.00	100	0
2688	1.00	100	0
2689	1.00	100	0
2690	1.00	100	0
2691	1.00	100	0
2692	1.00	100	0
2693	1.00	100	0
2694	1.00	100	0
2695	1.00	100	0
2696	1.00	100	0
2697	1.00	100	0
2698	1.00	100	0
2699	1.00	100	0
2700	1.00	100	0
2701	1.00	100	0
2702	1.00	100	0
2703	1.00	100	0
2704	1.00	100	0
2705	1.00	100	0
2706	1.00	100	0
2707	1.00	100	0
2708	1.00	100	0
2709	1.00	100	0
2710	1.00	100	0
2711	1.00	100	0
2712	1.00	100	0
2713	1.00	100	0
2714	1.00	100	0
2715	1.00	100	0
2716	1.00	100	0
2717	1.00	100	0
2718	1.00	100	0
2719	1.00	100	0
2720	1.00	100	0
2721	1.00	100	0
2722	1.00	100	0
2723	1.00	100	0
2724	1.00	100	0
2725	1.00	100	0
2726	1.00	100	0
2727	1.00	100	0
2728	1.00	100	0
2729	1.00	100	0
2730	1.00	100	0
2731	1.00	100	0
2732	1.00	100	0
2733	1.00	100	0
2734	1.00	100	0
2735	1.00	100	0
2736	1.00	100	0
2737	1.00	100	0
2738	1.00	100	0
2739	1.00	100	0
2740	1.00	100	0
2741	1.00	100	0
2742	1.00	100	0
2743	1.00	100	0
2744	1.00	100	0
2745	1.00	100	0
2746	1.00	100	0
2747	1.00	100	0
2748	1.00	100	0
2749	1.00	100	0
2750	1.00	100	0
2751	1.00	100	0
2752	1.00	100	0
2753	1.00	100	0
2754	1.00	100	0
2755	1.00	100	0
2756	1.00	100	0
2757	1.00	100	0
2758	1.00	100	0
2759	1.00	100	0
2760	1.00	100	0
2761	1.00	100	0
2762	1.00	100	0
2763	1.00	100	0
2764	1.00	100	0
2765	1.00	100	0
2766	1.00	100	0
2767	1.00	100	0
2768	1.00	100	0
2769	1.00	100	0
2770	1.00	100	0
2771	1.00	100	0
2772	1.00	100	0
2773	1.00	100	0
2774	1.00	100	0
2775	1.00	100	0
2776	1.00	100	0
2777	1.00	100	0
2778	1.00	100	0
2779	1.00	100	0
2780	1.00	100	0
2781	1.00	100	0
2782	1.00	100	0
2783	1.00	100	0
2784	1.00	100	0
2785	1.00	100	0
2786	1.00	100	0
2787	1.00	100	0
2788	1.00	100	0
2789	1.00	100	0
2790	1.00	100	0
2791	1.00	100	0
2792	1.00	100	0
2793	1.00	100	0
2794	1.00	100	0
2795	1.00	100	0
2796	1.00	100	0
2797	1.00	100	0
2798	1.00	100	0
2799	1.00	100	0
2800	1.00	100	0
2801	1.00	100	0
2802	1.00	100	0
2803	1.00	100	0
2804	1.00	100	0
2805	1.00	100	0
2806	1.00	100	0
2807	1.00	100	0
2808	1.00	100	0
2809	1.00	100	0
2810	1.00	100	0
2811	1.00	100	0
2812	1.00	100	0
2813	1.00	100	0
2814	1.00	100	0
2815	1.00	100	0
2816	1.00	100	0
2817	1.00	100	0
2818	1.00	100	0
2819	1.00	100	0
2820	1.00	100	0
2821	1.00	100	0
2822	1.00	100	0
2823	1.00	100	0
2824	1.00	100	0
2825	1.00	100	0
2826	1.00	100	0
2827	1.00	100	0
2828	1.00	100	0
2829	1.00	100	0
2830	1.00	100	0
2831	1.00	100	0
2832	1.00	100	0
2833	1.00	100	0
2834	1.00	100	0
2835	1.00	100	0
2836	1.00	100	0
2837	1.00	100	0
2838	1.00	100	0
2839	1.00	100	0
2840	1.00	100	0
2841	1.00	100	0
2842	1.00	100	0
2843	1.00	100	0
2844	1.00	100	0
2845	1.00	100	0
2846	1.00	100	0
2847	1.00	100	0
2848	1.00	100	0
2849	1.00	100	0
2850	1.00	100	0
2851	1.00	100	0
2852	1.00	100	0
2853	1.00	100	0
2854	1.00	100	0
2855	1.00	100	0
2856	1.00	100	0
2857	1.00	100	0
2858	1.00	100	0
2859	1.00	100	0
2860	1.00	100	0
2861	1.00	100	0
2862	1.00	100	0
2863	1.00	100	0
2864	1.00	100	0
2865	1.00	100	0
2866	1.00	100	0
2867	1.00	100	0
2868	1.00	100	0
2869	1.00	100	0
2870	1.00	100	0
2871	1.00	100	0
2872	1.00	100	0
2873	1.00	100	0
2874	1.00	100	0
2875	1.00	100	0
2876	1.00	100	0
2877	1.00	100	0
2878	1.00	100	0
2879	1.00	100	0
2880	1.00	100	0
2881	1.00	100	0
2882	1.00	100	0
2883	1.00	100	0
2884	1.00	100	0
2885	1.00	100	0
2886	1.00	100	0
2887	1.00	100	0
2888	0.99	99	1
2889	0.99	99	1
2890	0.99	99	1
2891	0.99	99	1
2892	0.99	99	1
2893	0.99	99	1
2894	0.99	99	1
2895	0.99	99	1
2896	0.99	99	1
2897	0.99	99	1
2898	0.99	99	1
2899	0.99	99	1
2900	0.99	99	1
2901	0.99	99	1
2902	0.99	99	1
2903	0.99	99	1
2904	0.99	99	1
2905	0.99	99	1
2906	0.99	99	1
2907	0.99	99	1
2908	0.99	99	1
2909	0.99	99	1
2910	0.99	99	1
2911	0.99	99	1
2912	0.99	99	1
2913	0.99	99	1
2914	0.99	99	1
2915	0.99	99	1
2916	0.99	99	1
2917	0.99	99	1
2918	0.99	99	1
2919	0.99	99	1
2920	0.99	99	1
2921	0.99	99	1
2922	0.99	99	1
2923	0.99	99	1
2924	0.99	99	1
2925	0.99	99	1
2926	0.99	99	1
2927	0.99	99	1
2928	0.99	99	1
2929	0.99	99	1
2930	0.99	99	1
2931	0.99	99	1
2932	0.99	99	1
2933	0.99	99	1
2934	0.99	99	1
2935	0.99	99	1
2936	0.99	99	1
2937	0.99	99	1
2938	0.99	99	1
2939	0.99	99	1
2940	0.99	99	1
2941	0.99	99	1
2942	0.99	99	1
2943	0.99	99	1
2944	0.99	99	1
2945	0.99	99	1
2946	0.99	99	1
2947	0.99	99	1
2948	0.99	99	1
2949	0.99	99	1
2950	0.99	99	1
2951	0.99	99	1
2952	0.99	99	1
2953	0.99	99	1
2954	0.99	99	1
2955	0.99	99	1
2956	0.99	99	1
2957	0.99	99	1
2958	0.99	99	1
2959	0.99	99	1
2960	0.99	99	1
2961	0.99	99	1
2962	0.99	99	1
2963	0.99	99	1
2964	0.99	99	1
2965	0.99	99	1
2966	0.99	99	1
2967	0.99	99	1
2968	0.99	99	1
2969	0.99	99	1
2970	0.99	99	1
2971	0.99	99	1
2972	0.98	98	2
2973	0.98	98	2
2974	0.98	98	2
2975	0.98	98	2
2976	0.98	98	2
2977	0.98	98	2
2978	0.98	98	2
2979	0.98	98	2
2980	0.98	98	2
2981	0.98	98	2
2982	0.98	98	2
2983	0.98	98	2
2984	0.98	98	2
2985	0.98	98	2
2986	0.98	98	2
2987	0.98	98	2
2988	0.99	99	1
2989	0.99	99	1
2990	0.99	99	1
2991	0.99	99	1
2992	0.99	99	1
2993	0.99	99	1
2994	0.99	99	1
2995	0.99	99	1
2996	0.99	99	1
2997	0.99	99	1
2998	0.99	99	1
2999	0.99	99	1
3000	0.01	99	1
3001	0.01	99	1
3002	0.02	98	2
3003	0.02	98	2
3004	0.02	98	2
3005	0.02	98	2
3006	0.02	98	2
3007	0.02	98	2
3008	0.02	98	2
3009	0.02	98	2
3010	0.02	98	2
3011	0.02	98	2
3012	0.02	98	2
3013	0.02	98	2
3014	0.03	97	3
3015	0.03	97	3
3016	0.03	97	3
3017	0.04	96	4
3018	0.04	96	4
3019	0.05	95	5
3020	0.06	94	6
3021	0.06	94	6
3022	0.06	94	6
3023	0.07	93	7
3024	0.07	93	7
3025	0.08	92	8
3026	0.08	92	8
3027	0.09	91	9
3028	0.09	91	9
3029	0.10	90	10
3030	0.10	90	10
3031	0.10	90	10
3032	0.11	89	11
3033	0.11	89	11
3034	0.11	89	11
3035	0.11	89	11
3036	0.12	88	12
3037	0.13	87	13
3038	0.14	86	14
3039	0.14	86	14
3040	0.14	86	14
3041	0.14	86	14
3042	0.14	86	14
3043	0.14	86	14
3044	0.15	85	15
3045	0.15	85	15
3046	0.16	84	16
3047	0.17	83	17
3048	0.18	82	18
3049	0.19	81	19
3050	0.19	81	19
3051	0.19	81	19
3052	0.20	80	20
3053	0.21	79	21
3054	0.22	78	22
3055	0.22	78	22
3056	0.22	78	22
3057	0.22	78	22
3058	0.23	77	23
3059	0.24	76	24
3060	0.25	75	25
3061	0.26	74	26
3062	0.27	73	27
3063	0.27	73	27
3064	0.27	73	27
3065	0.27	73	27
3066	0.27	73	27
3067	0.28	72	28
3068	0.29	71	29
3069	0.29	71	29
3070	0.29	71	29
3071	0.30	70	30
3072	0.29	71	29
3073	0.30	70	30
3074	0.31	69	31
3075	0.31	69	31
3076	0.32	68	32
3077	0.33	67	33
3078	0.34	66	34
3079	0.34	66	34
3080	0.35	65	35
3081	0.35	65	35
3082	0.35	65	35
3083	0.36	64	36
3084	0.36	64	36
3085	0.36	64	36
3086	0.37	63	37
3087	0.38	62	38
3088	0.38	62	38
3089	0.39	61	39
3090	0.40	60	40
3091	0.41	59	41
3092	0.42	58	42
3093	0.42	58	42
3094	0.43	57	43
3095	0.44	56	44
3096	0.44	56	44
3097	0.45	55	45
3098	0.46	54	46
3099	0.46	54	46
3100	0.47	53	47
3101	0.48	52	48
3102	0.48	52	48
3103	0.49	51	49
3104	0.50	50	50
3105	0.51	49	51
3106	0.52	48	52
3107	0.53	47	53
3108	0.54	46	54
3109	0.54	46	54
3110	0.55	45	55
3111	0.56	44	56
3112	0.57	43	57
3113	0.58	42	58
3114	0.58	42	58
3115	0.59	41	59
3116	0.60	40	60
3117	0.60	40	60
3118	0.61	39	61
3119	0.61	39	61
3120	0.61	39	61
3121	0.62	38	62
3122	0.63	37	63
3123	0.63	37	63
3124	0.64	36	64
3125	0.64	36	64
3126	0.65	35	65
3127	0.65	35	65
3128	0.66	34	66
3129	0.66	34	66
3130	0.67	33	67
3131	0.68	32	68
3132	0.68	32	68
3133	0.69	31	69
3134	0.70	30	70
3135	0.71	29	71
3136	0.71	29	71
3137	0.71	29	71
3138	0.71	29	71
3139	0.72	28	72
3140	0.73	27	73
3141	0.74	26	74
3142	0.75	25	75
3143	0.76	24	76
3144	0.76	24	76
3145	0.77	23	77
3146	0.77	23	77
3147	0.77	23	77
3148	0.77	23	77
3149	0.77	23	77
3150	0.78	22	78
3151	0.79	21	79
3152	0.79	21	79
3153	0.79	21	79
3154	0.79	21	79
3155	0.80	20	80
3156	0.81	19	81
3157	0.82	18	82
3158	0.82	18	82
3159	0.82	18	82
3160	0.82	18	82
3161	0.82	18	82
3162	0.82	18	82
3163	0.83	17	83
3164	0.84	16	84
3165	0.85	15	85
3166	0.86	14	86
3167	0.86	14	86
3168	0.86	14	86
3169	0.87	13	87
3170	0.88	12	88
3171	0.88	12	88
3172	0.89	11	89
3173	0.89	11	89
3174	0.89	11	89
3175	0.90	10	90
3176	0.90	10	90
3177	0.90	10	90
3178	0.89	11	89
3179	0.90	10	90
3180	0.90	10	90
3181	0.91	9	91
3182	0.92	8	92
3183	0.92	8	92
3184	0.93	7	93
3185	0.94	6	94
3186	0.94	6	94
3187	0.94	6	94
3188	0.95	5	95
3189	0.95	5	95
3190	0.95	5	95
3191	0.95	5	95
3192	0.95	5	95
3193	0.96	4	96
3194	0.96	4	96
3195	0.95	5	95
3196	0.96	4	96
3197	0.96	4	96
3198	0.96	4	96
3199	0.97	3	97
3200	0.97	3	97
3201	0.97	3	97
3202	0.97	3	97
3203	0.97	3	97
3204	0.97	3	97
3205	0.97	3	97
3206	0.97	3	97
3207	0.97	3	97
3208	0.97	3	97
3209	0.98	2	98
3210	0.98	2	98
3211	0.98	2	98
3212	0.98	2	98
3213	0.98	2	98
3214	0.98	2	98
3215	0.98	2	98
3216	0.98	2	98
3217	0.98	2	98
3218	0.98	2	98
3219	0.98	2	98
3220	0.98	2	98
3221	0.98	2	98
3222	0.98	2	98
3223	0.98	2	98
3224	0.98	2	98
3225	0.98	2	98
3226	0.98	2	98
3227	0.98	2	98
3228	0.98	2	98
3229	0.98	2	98
3230	0.98	2	98
3231	0.98	2	98
3232	0.98	2	98
3233	0.98	2	98
3234	0.98	2	98
3235	0.98	2	98
3236	0.98	2	98
3237	0.98	2	98
3238	0.98	2	98
3239	0.98	2	98
3240	0.97	3	97
3241	0.97	3	97
3242	0.97	3	97
3243	0.97	3	97
3244	0.97	3	97
3245	0.97	3	97
3246	0.97	3	97
3247	0.97	3	97
3248	0.97	3	97
3249	0.97	3	97
3250	0.97	3	97
3251	0.97	3	97
3252	0.97	3	97
3253	0.97	3	97
3254	0.97	3	97
3255	0.97	3	97
3256	0.97	3	97
3257	0.97	3	97
3258	0.97	3	97
3259	0.97	3	97
3260	0.97	3	97
3261	0.97	3	97
3262	0.97	3	97
3263	0.97	3	97
3264	0.97	3	97
3265	0.97	3	97
3266	0.97	3	97
3267	0.97	3	97
3268	0.97	3	97
3269	0.97	3	97
3270	0.97	3	97
3271	0.97	3	97
3272	0.97	3	97
3273	0.97	3	97
3274	0.97	3	97
3275	0.97	3	97
3276	0.97	3	97
3277	0.97	3	97
3278	0.98	2	98
3279	0.98	2	98
3280	0.98	2	98
3281	0.98	2	98
3282	0.98	2	98
3283	0.98	2	98
3284	0.98	2	98
3285	0.98	2	98
3286	0.98	2	98
3287	0.98	2	98
3288	0.98	2	98
3289	0.98	2	98
3290	0.98	2	98
3291	0.98	2	98
3292	0.98	2	98
3293	0.98	2	98
3294	0.98	2	98
3295	0.99	1	99
3296	0.99	1	99
3297	0.99	1	99
3298	0.99	1	99
3299	0.99	1	99
3300	0.99	1	99
3301	0.99	1	99
3302	0.99	1	99
3303	0.99	1	99
3304	0.99	1	99
3305	0.99	1	99
3306	0.99	1	99
3307	0.99	1	99
3308	0.99	1	99
3309	0.99	1	99
3310	0.99	1	99
3311	0.99	1	99
3312	0.99	1	99
3313	0.99	1	99
3314	0.99	1	99
3315	0.99	1	99
3316	0.99	1	99
3317	0.99	1	99
3318	0.99	1	99
3319	0.99	1	99
3320	0.99	1	99
3321	0.99	1	99
3322	0.99	1	99
3323	0.99	1	99
3324	0.99	1	99
3325	0.99	1	99
3326	0.99	1	99
3327	0.99	1	99
3328	0.99	1	99
3329	0.99	1	99
3330	0.99	1	99
3331	0.99	1	99
3332	0.99	1	99
3333	0.99	1	99
3334	0.99	1	99
3335	0.99	1	99
3336	0.99	1	99
3337	0.99	1	99
3338	0.99	1	99
3339	0.99	1	99
3340	1.00	0	100
3341	1.00	0	100
3342	1.00	0	100
3343	1.00	0	100
3344	1.00	0	100
3345	1.00	0	100
3346	1.00	0	100
3347	1.00	0	100
3348	1.00	0	100
3349	1.00	0	100
3350	0.99	1	99
3351	0.99	1	99
3352	0.99	1	99
3353	0.99	1	99
3354	0.99	1	99
3355	0.99	1	99
3356	0.99	1	99
3357	0.99	1	99
3358	0.99	1	99
3359	0.99	1	99
3360	0.99	1	99
3361	0.99	1	99
3362	0.99	1	99
3363	0.99	1	99
3364	0.99	1	99
3365	0.98	2	98
3366	0.98	2	98
3367	0.98	2	98
3368	0.98	2	98
3369	0.98	2	98
3370	0.98	2	98
3371	0.98	2	98
3372	0.98	2	98
3373	0.98	2	98
3374	0.98	2	98
3375	0.98	2	98
3376	0.98	2	98
3377	0.98	2	98
3378	0.98	2	98
3379	0.97	3	97
3380	0.97	3	97
3381	0.97	3	97
3382	0.97	3	97
3383	0.97	3	97
3384	0.97	3	97
3385	0.97	3	97
3386	0.97	3	97
3387	0.97	3	97
3388	0.97	3	97
3389	0.97	3	97
3390	0.97	3	97
3391	0.97	3	97
3392	0.97	3	97
3393	0.97	3	97
3394	0.97	3	97
3395	0.97	3	97
3396	0.97	3	97
3397	0.97	3	97
3398	0.97	3	97
3399	0.97	3	97
3400	0.97	3	97
3401	0.97	3	97
3402	0.97	3	97
3403	0.97	3	97
3404	0.97	3	97
3405	0.97	3	97
3406	0.97	3	97
3407	0.97	3	97
3408	0.97	3	97
3409	0.97	3	97
3410	0.97	3	97
3411	0.97	3	97
3412	0.97	3	97
3413	0.97	3	97
3414	0.97	3	97
3415	0.97	3	97
3416	0.97	3	97
3417	0.97	3	97
3418	0.97	3	97
3419	0.97	3	97
3420	0.97	3	97
3421	0.97	3	97
3422	0.97	3	97
3423	0.97	3	97
3424	0.97	3	97
3425	0.97	3	97
3426	0.96	4	96
3427	0.96	4	96
3428	0.96	4	96
3429	0.96	4	96
3430	0.96	4	96
3431	0.96	4	96
3432	0.96	4	96
3433	0.96	4	96
3434	0.96	4	96
3435	0.96	4	96
3436	0.96	4	96
3437	0.96	4	96
3438	0.96	4	96
3439	0.96	4	96
3440	0.96	4	96
3441	0.96	4	96
3442	0.96	4	96
3443	0.96	4	96
3444	0.96	4	96
3445	0.96	4	96
3446	0.96	4	96
3447	0.96	4	96
3448	0.96	4	96
3449	0.96	4	96
3450	0.97	3	97
3451	0.97	3	97
3452	0.97	3	97
3453	0.97	3	97
3454	0.97	3	97
3455	0.97	3	97
3456	0.97	3	97
3457	0.97	3	97
3458	0.97	3	97
3459	0.97	3	97
3460	0.97	3	97
3461	0.97	3	97
3462	0.97	3	97
3463	0.97	3	97
3464	0.97	3	97
3465	0.98	2	98
3466	0.98	2	98
3467	0.98	2	98
3468	0.98	2	98
3469	0.98	2	98
3470	0.98	2	98
3471	0.98	2	98
3472	0.98	2	98
3473	0.98	2	98
3474	0.98	2	98
3475	0.98	2	98
3476	0.98	2	98
3477	0.98	2	98
3478	0.98	2	98
3479	0.99	1	99
3480	0.99	1	99
3481	0.99	1	99
3482	0.99	1	99
3483	0.99	1	99
3484	0.99	1	99
3485	0.99	1	99
3486	0.99	1	99
3487	0.99	1	99
3488	0.99	1	99
3489	0.99	1	99
3490	0.99	1	99
3491	0.99	1	99
3492	0.99	1	99
3493	0.99	1	99
3494	0.99	1	99
3495	0.99	1	99
3496	0.99	1	99
3497	0.99	1	99
3498	0.99	1	99
3499	0.99	1	99
3500	0.99	1	99
3501	0.99	1	99
3502	0.99	1	99
3503	0.99	1	99
3504	0.99	1	99
3505	0.99	1	99
3506	0.99	1	99
3507	0.99	1	99
3508	0.99	1	99
3509	0.99	1	99
3510	0.99	1	99
3511	0.99	1	99
3512	0.99	1	99
3513	0.99	1	99
3514	0.99	1	99
3515	0.99	1	99
3516	0.99	1	99
3517	0.99	1	99
3518	0.99	1	99
3519	0.99	1	99
3520	0.99	1	99
3521	0.99	1	99
3522	0.99	1	99
3523	0.99	1	99
3524	0.99	1	99
3525	0.99	1	99
3526	1.00	0	100
3527	1.00	0	100
3528	1.00	0	100
3529	1.00	0	100
3530	1.00	0	100
3531	1.00	0	100
3532	1.00	0	100
3533	1.00	0	100
3534	1.00	0	100
3535	1.00	0	100
3536	1.00	0	100
3537	1.00	0	100
3538	1.00	0	100
3539	1.00	0	100
3540	1.00	0	100
3541	1.00	0	100
3542	1.00	0	100
3543	1.00	0	100
3544	1.00	0	100
3545	1.00	0	100
3546	1.00	0	100
3547	1.00	0	100
3548	1.00	0	100
3549	1.00	0	100
3550	1.00	0	100
3551	1.00	0	100
3552	1.00	0	100
3553	1.00	0	100
3554	1.00	0	100
3555	1.00	0	100
3556	1.00	0	100
3557	1.00	0	100
3558	1.00	0	100
3559	1.00	0	100
3560	1.00	0	100
3561	1.00	0	100
3562	1.00	0	100
3563	1.00	0	100
3564	1.00	0	100
3565	1.00	0	100
3566	1.00	0	100
3567	1.00	0	100
3568	1.00	0	100
3569	1.00	0	100
3570	1.00	0	100
3571	1.00	0	100
3572	1.00	0	100
3573	1.00	0	100
3574	1.00	0	100
3575	1.00	0	100
3576	1.00	0	100
3577	1.00	0	100
3578	1.00	0	100
3579	1.00	0	100
3580	1.00	0	100
3581	1.00	0	100
3582	1.00	0	100
3583	1.00	0	100
3584	1.00	0	100
3585	1.00	0	100
3586	1.00	0	100
3587	1.00	0	100
3588	1.00	0	100
3589	1.00	0	100
3590	1.00	0	100
3591	1.00	0	100
3592	1.00	0	100
3593	1.00	0	100
3594	1.00	0	100
3595	1.00	0	100
3596	1.00	0	100
3597	1.00	0	100
3598	1.00	0	100
3599	1.00	0	100
3600	1.00	0	100
3601	1.00	0	100
3602	1.00	0	100
3603	1.00	0	100
3604	1.00	0	100
3605	1.00	0	100
3606	1.00	0	100
3607	1.00	0	100
3608	1.00	0	100
3609	1.00	0	100
3610	1.00	0	100
3611	1.00	0	100
3612	1.00	0	100
3613	1.00	0	100
3614	1.00	0	100
3615	1.00	0	100
3616	1.00	0	100
3617	1.00	0	100
3618	1.00	0	100
3619	1.00	0	100
3620	1.00	0	100
3621	1.00	0	100
3622	1.00	0	100
3623	1.00	0	100
3624	1.00	0	100
3625	1.00	0	100
3626	1.00	0	100
3627	1.00	0	100
3628	1.00	0	100
3629	1.00	0	100
3630	1.00	0	100
3631	1.00	0	100
3632	1.00	0	100
3633	1.00	0	100
3634	1.00	0	100
3635	1.00	0	100
3636	1.00	0	100
3637	1.00	0	100
3638	1.00	0	100
3639	1.00	0	100
3640	1.00	0	100
3641	1.00	0	100
3642	1.00	0	100
3643	1.00	0	100
3644	1.00	0	100
3645	1.00	0	100
3646	1.00	0	100
3647	1.00	0	100
3648	1.00	0	100
3649	1.00	0	100
3650	1.00	0	100
3651	1.00	0	100
3652	1.00	0	100
3653	1.00	0	100
3654	1.00	0	100
3655	1.00	0	100
3656	1.00	0	100
3657	1.00	0	100
3658	1.00	0	100
3659	1.00	0	100
3660	1.00	0	100
3661	1.00	0	100
3662	1.00	0	100
3663	1.00	0	100
3664	1.00	0	100
3665	1.00	0	100
3666	1.00	0	100
3667	1.00	0	100
3668	1.00	0	100
3669	1.00	0	100
3670	1.00	0	100
3671	1.00	0	100
3672	1.00	0	100
3673	1.00	0	100
3674	1.00	0	100
3675	1.00	0	100
3676	1.00	0	100
3677	1.00	0	100
3678	1.00	0	100
3679	1.00	0	100
3680	1.00	0	100
3681	1.00	0	100
3682	1.00	0	100
3683	1.00	0	100
3684	1.00	0	100
3685	1.00	0	100
3686	1.00	0	100
3687	1.00	0	100
3688	1.00	0	100
3689	1.00	0	100
3690	1.00	0	100
3691	1.00	0	100
3692	1.00	0	100
3693	1.00	0	100
3694	1.00	0	100
3695	1.00	0	100
3696	1.00	0	100
3697	1.00	0	100
3698	1.00	0	100
3699	1.00	0	100
3700	1.00	0	100
3701	1.00	0	100
3702	1.00	0	100
3703	1.00	0	100
3704	1.00	0	100
3705	1.00	0	100
3706	1.00	0	100
3707	1.00	0	100
3708	1.00	0	100
3709	1.00	0	100
3710	1.00	0	100
3711	1.00	0	100
3712	1.00	0	100
3713	1.00	0	100
3714	1.00	0	100
3715	1.00	0	100
3716	1.00	0	100
3717	1.00	0	100
3718	1.00	0	100
3719	1.00	0	100
3720	1.00	0	100
3721	1.00	0	100
3722	1.00	0	100
3723	1.00	0	100
3724	1.00	0	100
3725	1.00	0	100
3726	1.00	0	100
3727	1.00	0	100
3728	1.00	0	100
3729	1.00	0	100
3730	1.00	0	100
3731	1.00	0	100
3732	1.00	0	100
3733	1.00	0	100
3734	1.00	0	100
3735	1.00	0	100
3736	1.00	0	100
3737	1.00	0	100
3738	1.00	0	100
3739	1.00	0	100
3740	1.00	0	100
3741	1.00	0	100
3742	1.00	0	100
3743	1.00	0	100
3744	1.00	0	100
3745	1.00	0	100
3746	1.00	0	100
3747	1.00	0	100
3748	1.00	0	100
3749	1.00	0	100
3750	1.00	0	100
3751	1.00	0	100
3752	1.00	0	100
3753	1.00	0	100
3754	1.00	0	100
3755	1.00	0	100
3756	1.00	0	100
3757	1.00	0	100
3758	1.00	0	100
3759	1.00	0	100
3760	1.00	0	100
3761	1.00	0	100
3762	1.00	0	100
3763	1.00	0	100
3764	1.00	0	100
3765	1.00	0	100
3766	1.00	0	100
3767	1.00	0	100
3768	1.00	0	100
3769	1.00	0	100
3770	1.00	0	100
3771	1.00	0	100
3772	1.00	0	100
3773	1.00	0	100
3774	1.00	0	100
3775	1.00	0	100
3776	1.00	0	100
3777	1.00	0	100
3778	1.00	0	100
3779	1.00	0	100
3780	1.00	0	100
3781	1.00	0	100
3782	1.00	0	100
3783	1.00	0	100
3784	1.00	0	100
3785	1.00	0	100
3786	1.00	0	100
3787	1.00	0	100
3788	1.00	0	100
3789	1.00	0	100
3790	1.00	0	100
3791	1.00	0	100
3792	1.00	0	100
3793	1.00	0	100
3794	1.00	0	100
3795	1.00	0	100
3796	1.00	0	100
3797	1.00	0	100
3798	1.00	0	100
3799	1.00	0	100
3800	1.00	0	100
3801	1.00	0	100
3802	1.00	0	100
3803	1.00	0	100
3804	1.00	0	100
3805	1.00	0	100
3806	1.00	0	100
3807	1.00	0	100
3808	1.00	0	100
3809	1.00	0	100
3810	1.00	0	100
3811	1.00	0	100
3812	1.00	0	100
3813	1.00	0	100
3814	1.00	0	100
3815	1.00	0	100
3816	1.00	0	100
3817	1.00	0	100
3818	1.00	0	100
3819	1.00	0	100
3820	1.00	0	100
3821	1.00	0	100
3822	1.00	0	100
3823	1.00	0	100
3824	1.00	0	100
3825	1.00	0	100
3826	1.00	0	100
3827	1.00	0	100
3828	1.00	0	100
3829	0.99	1	99
3830	0.99	1	99
3831	0.99	1	99
3832	0.99	1	99
3833	0.99	1	99
3834	0.99	1	99
3835	0.99	1	99
3836	0.99	1	99
3837	0.99	1	99
3838	0.99	1	99
3839	0.99	1	99
3840	0.99	1	99
3841	0.99	1	99
3842	0.99	1	99
3843	0.99	1	99
3844	0.99	1	99
3845	0.99	1	99
3846	0.99	1	99
3847	0.99	1	99
3848	0.99	1	99
3849	0.99	1	99
3850	0.99	1	99
3851	0.99	1	99
3852	0.99	1	99
3853	0.99	1	99
3854	0.99	1	99
3855	0.99	1	99
3856	0.99	1	99
3857	0.99	1	99
3858	0.99	1	99
3859	0.99	1	99
3860	0.99	1	99
3861	0.99	1	99
3862	0.99	1	99
3863	0.99	1	99
3864	0.99	1	99
3865	0.99	1	99
3866	0.99	1	99
3867	0.99	1	99
3868	0.99	1	99
3869	0.99	1	99
3870	0.99	1	99
3871	0.99	1	99
3872	0.99	1	99
3873	0.99	1	99
3874	0.99	1	99
3875	0.99	1	99
3876	0.99	1	99
3877	0.99	1	99
3878	0.99	1	99
3879	0.99	1	99
3880	0.99	1	99
3881	0.99	1	99
3882	0.99	1	99
3883	0.99	1	99
3884	0.99	1	99
3885	0.99	1	99
3886	0.99	1	99
3887	0.99	1	99
3888	0.99	1	99
3889	0.99	1	99
3890	0.99	1	99
3891	0.99	1	99
3892	0.99	1	99
3893	0.99	1	99
3894	0.99	1	99
3895	0.99	1	99
3896	0.99	1	99
3897	0.99	1	99
3898	0.99	1	99
3899	0.99	1	99
3900	0.99	1	99
3901	0.99	1	99
3902	0.99	1	99
3903	0.99	1	99
3904	0.99	1	99
3905	0.98	2	98
3906	0.98	2	98
3907	0.98	2	98
3908	0.98	2	98
3909	0.98	2	98
3910	0.98	2	98
3911	0.98	2	98
3912	0.98	2	98
3913	0.98	2	98
3914	0.98	2	98
3915	0.98	2	98
3916	0.98	2	98
3917	0.98	2	98
3918	0.98	2	98
3919	0.98	2	98
3920	0.98	2	98
3921	0.98	2	98
3922	0.98	2	98
3923	0.98	2	98
3924	0.98	2	98
3925	0.98	2	98
3926	0.98	2	98
3927	0.98	2	98
3928	0.98	2	98
3929	0.99	1	99
3930	0.99	1	99
3931	0.99	1	99
3932	0.99	1	99
3933	0.99	1	99
3934	0.99	1	99
3935	0.99	1	99
3936	0.99	1	99
3937	0.99	1	99
3938	0.99	1	99
3939	0.99	1	99
3940	0.99	1	99
3941	0.99	1	99
3942	0.99	1	99
3943	0.99	1	99
3944	0.99	1	99
3945	0.99	1	99
3946	0.99	1	99
3947	0.99	1	99
3948	0.99	1	99
3949	0.99	1	99
3950	0.99	1	99
3951	0.99	1	99
3952	0.99	1	99
3953	0.99	1	99
3954	0.99	1	99
3955	0.99	1	99
3956	0.99	1	99
3957	0.99	1	99
3958	0.99	1	99
3959	0.99	1	99
3960	0.99	1	99
3961	0.99	1	99
3962	0.99	1	99
3963	0.99	1	99
3964	0.99	1	99
3965	0.99	1	99
3966	0.99	1	99
3967	0.99	1	99
3968	0.99	1	99
3969	0.99	1	99
3970	0.99	1	99
3971	0.99	1	99
3972	0.99	1	99
3973	0.99	1	99
3974	0.99	1	99
3975	0.99	1	99
3976	0.99	1	99
3977	0.99	1	99
3978	0.99	1	99
3979	0.99	1	99
3980	0.99	1	99
3981	0.99	1	99
3982	0.99	1	99
3983	0.99	1	99
3984	0.99	1	99
3985	0.99	1	99
3986	0.99	1	99
3987	0.99	1	99
3988	0.99	1	99
3989	0.99	1	99
3990	0.99	1	99
3991	0.99	1	99
3992	0.99	1	99
3993	0.99	1	99
3994	0.99	1	99
3995	0.99	1	99
3996	0.99	1	99
3997	0.99	1	99
3998	0.99	1	99
3999	0.99	1	99
4000	0.01	1	99
4001	0.01	1	99
4002	0.02	2	98
4003	0.02	2	98
4004	0.02	2	98
4005	0.02	2	98
4006	0.03	3	97
4007	0.04	4	96
4008	0.04	4	96
4009	0.05	5	95
4010	0.05	5	95
4011	0.05	5	95
4012	0.05	5	95
4013	0.05	5	95
4014	0.05	5	95
4015	0.05	5	95
4016	0.05	5	95
4017	0.05	5	95
4018	0.06	6	94
4019	0.06	6	94
4020	0.06	6	94
4021	0.06	6	94
4022	0.06	6	94
4023	0.07	7	93
4024	0.08	8	92
4025	0.08	8	92
4026	0.09	9	91
4027	0.10	10	90
4028	0.10	10	90
4029	0.11	11	89
4030	0.11	11	89
4031	0.11	11	89
4032	0.12	12	88
4033	0.12	12	88
4034	0.12	12	88
4035	0.12	12	88
4036	0.12	12	88
4037	0.12	12	88
4038	0.13	13	87
4039	0.14	14	86
4040	0.15	15	85
4041	0.15	15	85
4042	0.16	16	84
4043	0.16	16	84
4044	0.16	16	84
4045	0.16	16	84
4046	0.17	17	83
4047	0.18	18	82
4048	0.18	18	82
4049	0.18	18	82
4050	0.18	18	82
4051	0.19	19	81
4052	0.19	19	81
4053	0.19	19	81
4054	0.19	19	81
4055	0.20	20	80
4056	0.21	21	79
4057	0.22	22	78
4058	0.22	22	78
4059	0.23	23	77
4060	0.24	24	76
4061	0.25	25	75
4062	0.26	26	74
4063	0.27	27	73
4064	0.27	27	73
4065	0.28	28	72
4066	0.28	28	72
4067	0.29	29	71
4068	0.30	30	70
4069	0.31	31	69
4070	0.32	32	68
4071	0.32	32	68
4072	0.33	33	67
4073	0.34	34	66
4074	0.35	35	65
4075	0.36	36	64
4076	0.37	37	63
4077	0.37	37	63
4078	0.38	38	62
4079	0.39	39	61
4080	0.40	40	60
4081	0.40	40	60
4082	0.41	41	59
4083	0.42	42	58
4084	0.42	42	58
4085	0.43	43	57
4086	0.44	44	56
4087	0.44	44	56
4088	0.45	45	55
4089	0.45	45	55
4090	0.46	46	54
4091	0.46	46	54
4092	0.46	46	54
4093	0.47	47	53
4094	0.48	48	52
4095	0.48	48	52
4096	0.48	48	52
4097	0.49	49	51
4098	0.49	49	51
4099	0.50	50	50
4100	0.51	51	49
4101	0.52	52	48
4102	0.51	51	49
4103	0.52	52	48
4104	0.53	53	47
4105	0.53	53	47
4106	0.53	53	47
4107	0.53	53	47
4108	0.54	54	46
4109	0.54	54	46
4110	0.55	55	45
4111	0.56	56	44
4112	0.57	57	43
4113	0.58	58	42
4114	0.59	59	41
4115	0.60	60	40
4116	0.61	61	39
4117	0.62	62	38
4118	0.62	62	38
4119	0.63	63	37
4120	0.63	63	37
4121	0.63	63	37
4122	0.64	64	36
4123	0.64	64	36
4124	0.64	64	36
4125	0.65	65	35
4126	0.65	65	35
4127	0.64	64	36
4128	0.65	65	35
4129	0.65	65	35
4130	0.66	66	34
4131	0.67	67	33
4132	0.67	67	33
4133	0.68	68	32
4134	0.69	69	31
4135	0.70	70	30
4136	0.71	71	29
4137	0.71	71	29
4138	0.71	71	29
4139	0.71	71	29
4140	0.70	70	30
4141	0.71	71	29
4142	0.70	70	30
4143	0.71	71	29
4144	0.72	72	28
4145	0.73	73	27
4146	0.73	73	27
4147	0.73	73	27
4148	0.74	74	26
4149	0.75	75	25
4150	0.76	76	24
4151	0.76	76	24
4152	0.77	77	23
4153	0.78	78	22
4154	0.79	79	21
4155	0.79	79	21
4156	0.79	79	21
4157	0.79	79	21
4158	0.80	80	20
4159	0.80	80	20
4160	0.80	80	20
4161	0.80	80	20
4162	0.80	80	20
4163	0.80	80	20
4164	0.81	81	19
4165	0.81	81	19
4166	0.82	82	18
4167	0.82	82	18
4168	0.82	82	18
4169	0.82	82	18
4170	0.82	82	18
4171	0.83	83	17
4172	0.83	83	17
4173	0.83	83	17
4174	0.83	83	17
4175	0.83	83	17
4176	0.83	83	17
4177	0.84	84	16
4178	0.84	84	16
4179	0.84	84	16
4180	0.84	84	16
4181	0.85	85	15
4182	0.85	85	15
4183	0.85	85	15
4184	0.86	86	14
4185	0.86	86	14
4186	0.86	86	14
4187	0.87	87	13
4188	0.87	87	13
4189	0.88	88	12
4190	0.88	88	12
4191	0.89	89	11
4192	0.90	90	10
4193	0.90	90	10
4194	0.90	90	10
4195	0.91	91	9
4196	0.92	92	8
4197	0.92	92	8
4198	0.93	93	7
4199	0.93	93	7
4200	0.93	93	7
4201	0.93	93	7
4202	0.94	94	6
4203	0.94	94	6
4204	0.94	94	6
4205	0.94	94	6
4206	0.94	94	6
4207	0.94	94	6
4208	0.94	94	6
4209	0.94	94	6
4210	0.94	94	6
4211	0.94	94	6
4212	0.94	94	6
4213	0.94	94	6
4214	0.94	94	6
4215	0.94	94	6
4216	0.94	94	6
4217	0.94	94	6
4218	0.94	94	6
4219	0.94	94	6
4220	0.95	95	5
4221	0.96	96	4
4222	0.96	96	4
4223	0.96	96	4
4224	0.96	96	4
4225	0.96	96	4
4226	0.96	96	4
4227	0.97	97	3
4228	0.97	97	3
4229	0.97	97	3
4230	0.97	97	3
4231	0.97	97	3
4232	0.97	97	3
4233	0.97	97	3
4234	0.97	97	3
4235	0.97	97	3
4236	0.97	97	3
4237	0.98	98	2
4238	0.98	98	2
4239	0.98	98	2
4240	0.99	99	1
4241	0.99	99	1
4242	1.00	100	0
4243	1.00	100	0
4244	1.00	100	0
4245	1.00	100	0
4246	1.00	100	0
4247	1.00	100	0
4248	1.00	100	0
4249	1.00	100	0
4250	1.00	100	0
4251	1.00	100	0
4252	1.00	100	0
4253	1.00	100	0
4254	1.00	100	0
4255	1.00	100	0
4256	1.00	100	0
4257	1.00	100	0
4258	1.00	100	0
4259	1.00	100	0
4260	1.00	100	0
4261	1.00	100	0
4262	1.00	100	0
4263	1.00	100	0
4264	1.00	100	0
4265	1.00	100	0
4266	1.00	100	0
4267	1.00	100	0
4268	1.00	100	0
4269	1.00	100	0
4270	1.00	100	0
4271	1.00	100	0
4272	1.00	100	0
4273	1.00	100	0
4274	1.00	100	0
4275	1.00	100	0
4276	1.00	100	0
4277	1.00	100	0
4278	1.00	100	0
4279	1.00	100	0
4280	1.00	100	0
4281	1.00	100	0
4282	1.00	100	0
4283	1.00	100	0
4284	1.00	100	0
4285	1.00	100	0
4286	1.00	100	0
4287	1.00	100	0
4288	1.00	100	0
4289	1.00	100	0
4290	1.00	100	0
4291	1.00	100	0
4292	1.00	100	0
4293	1.00	100	0
4294	1.00	100	0
4295	1.00	100	0
4296	1.00	100	0
4297	1.00	100	0
4298	1.00	100	0
4299	1.00	100	0
4300	1.00	100	0
4301	1.00	100	0
4302	1.00	100	0
4303	1.00	100	0
4304	1.00	100	0
4305	0.99	99	1
4306	0.99	99	1
4307	0.99	99	1
4308	0.99	99	1
4309	0.99	99	1
4310	0.99	99	1
4311	0.99	99	1
4312	0.99	99	1
4313	0.99	99	1
4314	0.99	99	1
4315	0.99	99	1
4316	0.99	99	1
4317	0.99	99	1
4318	0.99	99	1
4319	0.99	99	1
4320	0.99	99	1
4321	0.99	99	1
4322	0.99	99	1
4323	0.99	99	1
4324	0.99	99	1
4325	0.99	99	1
4326	0.99	99	1
4327	0.99	99	1
4328	0.99	99	1
4329	0.99	99	1
4330	0.99	99	1
4331	0.99	99	1
4332	0.99	99	1
4333	0.99	99	1
4334	0.99	99	1
4335	0.99	99	1
4336	0.99	99	1
4337	0.99	99	1
4338	0.99	99	1
4339	0.99	99	1
4340	0.99	99	1
4341	0.99	99	1
4342	0.99	99	1
4343	0.99	99	1
4344	0.99	99	1
4345	0.99	99	1
4346	0.99	99	1
4347	0.99	99	1
4348	0.99	99	1
4349	0.99	99	1
4350	0.99	99	1
4351	0.99	99	1
4352	0.99	99	1
4353	0.99	99	1
4354	0.99	99	1
4355	0.99	99	1
4356	0.99	99	1
4357	0.99	99	1
4358	0.99	99	1
4359	0.99	99	1
4360	0.99	99	1
4361	0.99	99	1
4362	0.99	99	1
4363	0.99	99	1
4364	0.99	99	1
4365	0.99	99	1
4366	0.99	99	1
4367	0.99	99	1
4368	0.99	99	1
4369	0.99	99	1
4370	0.99	99	1
4371	0.99	99	1
4372	0.99	99	1
4373	0.99	99	1
4374	0.99	99	1
4375	0.99	99	1
4376	0.99	99	1
4377	0.99	99	1
4378	0.99	99	1
4379	0.99	99	1
4380	0.99	99	1
4381	0.99	99	1
4382	0.99	99	1
4383	0.99	99	1
4384	0.99	99	1
4385	0.99	99	1
4386	0.99	99	1
4387	0.99	99	1
4388	0.99	99	1
4389	0.99	99	1
4390	0.99	99	1
4391	0.99	99	1
4392	0.99	99	1
4393	0.99	99	1
4394	0.99	99	1
4395	0.99	99	1
4396	0.99	99	1
4397	0.99	99	1
4398	0.99	99	1
4399	0.99	99	1
4400	0.99	99	1
4401	0.99	99	1
4402	0.99	99	1
4403	0.99	99	1
4404	0.99	99	1
4405	1.00	100	0
4406	1.00	100	0
4407	1.00	100	0
4408	1.00	100	0
4409	1.00	100	0
4410	1.00	100	0
4411	1.00	100	0
4412	1.00	100	0
4413	1.00	100	0
4414	1.00	100	0
4415	1.00	100	0
4416	1.00	100	0
4417	1.00	100	0
4418	1.00	100	0
4419	1.00	100	0
4420	1.00	100	0
4421	1.00	100	0
4422	1.00	100	0
4423	1.00	100	0
4424	1.00	100	0
4425	1.00	100	0
4426	1.00	100	0
4427	0.99	99	1
4428	0.99	99	1
4429	0.98	98	2
4430	0.98	98	2
4431	0.98	98	2
4432	0.98	98	2
4433	0.98	98	2
4434	0.98	98	2
4435	0.98	98	2
4436	0.98	98	2
4437	0.98	98	2
4438	0.98	98	2
4439	0.98	98	2
4440	0.98	98	2
4441	0.98	98	2
4442	0.98	98	2
4443	0.98	98	2
4444	0.98	98	2
4445	0.98	98	2
4446	0.98	98	2
4447	0.98	98	2
4448	0.98	98	2
4449	0.98	98	2
4450	0.98	98	2
4451	0.98	98	2
4452	0.98	98	2
4453	0.98	98	2
4454	0.98	98	2
4455	0.98	98	2
4456	0.98	98	2
4457	0.98	98	2
4458	0.98	98	2
4459	0.98	98	2
4460	0.98	98	2
4461	0.98	98	2
4462	0.98	98	2
4463	0.98	98	2
4464	0.98	98	2
4465	0.98	98	2
4466	0.98	98	2
4467	0.98	98	2
4468	0.98	98	2
4469	0.98	98	2
4470	0.98	98	2
4471	0.98	98	2
4472	0.98	98	2
4473	0.98	98	2
4474	0.98	98	2
4475	0.98	98	2
4476	0.98	98	2
4477	0.98	98	2
4478	0.98	98	2
4479	0.98	98	2
4480	0.98	98	2
4481	0.98	98	2
4482	0.98	98	2
4483	0.98	98	2
4484	0.98	98	2
4485	0.98	98	2
4486	0.98	98	2
4487	0.98	98	2
4488	0.98	98	2
4489	0.98	98	2
4490	0.98	98	2
4491	0.98	98	2
4492	0.98	98	2
4493	0.98	98	2
4494	0.98	98	2
4495	0.98	98	2
4496	0.98	98	2
4497	0.98	98	2
4498	0.98	98	2
4499	0.98	98	2
4500	0.98	98	2
4501	0.98	98	2
4502	0.98	98	2
4503	0.98	98	2
4504	0.98	98	2
4505	0.98	98	2
4506	0.98	98	2
4507	0.98	98	2
4508	0.98	98	2
4509	0.98	98	2
4510	0.98	98	2
4511	0.98	98	2
4512	0.98	98	2
4513	0.98	98	2
4514	0.98	98	2
4515	0.98	98	2
4516	0.98	98	2
4517	0.98	98	2
4518	0.98	98	2
4519	0.98	98	2
4520	0.98	98	2
4521	0.98	98	2
4522	0.98	98	2
4523	0.98	98	2
4524	0.98	98	2
4525	0.98	98	2
4526	0.98	98	2
4527	0.99	99	1
4528	0.99	99	1
4529	1.00	100	0
4530	1.00	100	0
4531	1.00	100	0
4532	1.00	100	0
4533	1.00	100	0
4534	1.00	100	0
4535	1.00	100	0
4536	1.00	100	0
4537	1.00	100	0
4538	1.00	100	0
4539	1.00	100	0
4540	1.00	100	0
4541	1.00	100	0
4542	1.00	100	0
4543	1.00	100	0
4544	1.00	100	0
4545	1.00	100	0
4546	1.00	100	0
4547	1.00	100	0
4548	1.00	100	0
4549	1.00	100	0
4550	1.00	100	0
4551	1.00	100	0
4552	1.00	100	0
4553	1.00	100	0
4554	1.00	100	0
4555	1.00	100	0
4556	1.00	100	0
4557	1.00	100	0
4558	1.00	100	0
4559	1.00	100	0
4560	1.00	100	0
4561	1.00	100	0
4562	1.00	100	0
4563	1.00	100	0
4564	1.00	100	0
4565	1.00	100	0
4566	1.00	100	0
4567	1.00	100	0
4568	1.00	100	0
4569	1.00	100	0
4570	1.00	100	0
4571	1.00	100	0
4572	1.00	100	0
4573	1.00	100	0
4574	1.00	100	0
4575	1.00	100	0
4576	1.00	100	0
4577	1.00	100	0
4578	1.00	100	0
4579	1.00	100	0
4580	1.00	100	0
4581	1.00	100	0
4582	1.00	100	0
4583	1.00	100	0
4584	1.00	100	0
4585	1.00	100	0
4586	1.00	100	0
4587	1.00	100	0
4588	1.00	100	0
4589	1.00	100	0
4590	1.00	100	0
4591	1.00	100	0
4592	1.00	100	0
4593	1.00	100	0
4594	1.00	100	0
4595	1.00	100	0
4596	1.00	100	0
4597	1.00	100	0
4598	1.00	100	0
4599	1.00	100	0
4600	1.00	100	0
4601	1.00	100	0
4602	1.00	100	0
4603	1.00	100	0
4604	1.00	100	0
4605	1.00	100	0
4606	1.00	100	0
4607	1.00	100	0
4608	1.00	100	0
4609	1.00	100	0
4610	1.00	100	0
4611	1.00	100	0
4612	1.00	100	0
4613	1.00	100	0
4614	1.00	100	0
4615	1.00	100	0
4616	1.00	100	0
4617	1.00	100	0
4618	1.00	100	0
4619	1.00	100	0
4620	1.00	100	0
4621	1.00	100	0
4622	1.00	100	0
4623	1.00	100	0
4624	1.00	100	0
4625	1.00	100	0
4626	1.00	100	0
4627	1.00	100	0
4628	1.00	100	0
4629	1.00	100	0
4630	1.00	100	0
4631	1.00	100	0
4632	1.00	100	0
4633	1.00	100	0
4634	1.00	100	0
4635	1.00	100	0
4636	1.00	100	0
4637	1.00	100	0
4638	1.00	100	0
4639	1.00	100	0
4640	1.00	100	0
4641	1.00	100	0
4642	1.00	100	0
4643	1.00	100	0
4644	1.00	100	0
4645	1.00	100	0
4646	1.00	100	0
4647	1.00	100	0
4648	1.00	100	0
4649	1.00	100	0
4650	1.00	100	0
4651	1.00	100	0
4652	1.00	100	0
4653	1.00	100	0
4654	1.00	100	0
4655	1.00	100	0
4656	1.00	100	0
4657	1.00	100	0
4658	1.00	100	0
4659	1.00	100	0
4660	1.00	100	0
4661	1.00	100	0
4662	1.00	100	0
4663	1.00	100	0
4664	1.00	100	0
4665	1.00	100	0
4666	1.00	100	0
4667	1.00	100	0
4668	1.00	100	0
4669	1.00	100	0
4670	1.00	100	0
4671	1.00	100	0
4672	1.00	100	0
4673	1.00	100	0
4674	1.00	100	0
4675	1.00	100	0
4676	1.00	100	0
4677	1.00	100	0
4678	1.00	100	0
4679	1.00	100	0
4680	1.00	100	0
4681	1.00	100	0
4682	1.00	100	0
4683	1.00	100	0
4684	1.00	100	0
4685	1.00	100	0
4686	1.00	100	0
4687	1.00	100	0
4688	1.00	100	0
4689	1.00	100	0
4690	1.00	100	0
4691	1.00	100	0
4692	1.00	100	0
4693	1.00	100	0
4694	1.00	100	0
4695	1.00	100	0
4696	1.00	100	0
4697	1.00	100	0
4698	1.00	100	0
4699	1.00	100	0
4700	1.00	100	0
4701	1.00	100	0
4702	1.00	100	0
4703	1.00	100	0
4704	1.00	100	0
4705	1.00	100	0
4706	1.00	100	0
4707	1.00	100	0
4708	1.00	100	0
4709	1.00	100	0
4710	1.00	100	0
4711	1.00	100	0
4712	1.00	100	0
4713	1.00	100	0
4714	1.00	100	0
4715	1.00	100	0
4716	1.00	100	0
4717	1.00	100	0
4718	1.00	100	0
4719	1.00	100	0
4720	1.00	100	0
4721	1.00	100	0
4722	1.00	100	0
4723	1.00	100	0
4724	1.00	100	0
4725	1.00	100	0
4726	1.00	100	0
4727	1.00	100	0
4728	1.00	100	0
4729	1.00	100	0
4730	1.00	100	0
4731	1.00	100	0
4732	1.00	100	0
4733	1.00	100	0
4734	1.00	100	0
4735	1.00	100	0
4736	1.00	100	0
4737	1.00	100	0
4738	1.00	100	0
4739	1.00	100	0
4740	1.00	100	0
4741	1.00	100	0
4742	1.00	100	0
4743	1.00	100	0
4744	1.00	100	0
4745	1.00	100	0
4746	1.00	100	0
4747	1.00	100	0
4748	1.00	100	0
4749	1.00	100	0
4750	1.00	100	0
4751	1.00	100	0
4752	1.00	100	0
4753	1.00	100	0
4754	1.00	100	0
4755	1.00	100	0
4756	1.00	100	0
4757	1.00	100	0
4758	1.00	100	0
4759	1.00	100	0
4760	1.00	100	0
4761	1.00	100	0
4762	1.00	100	0
4763	1.00	100	0
4764	1.00	100	0
4765	1.00	100	0
4766	1.00	100	0
4767	1.00	100	0
4768	1.00	100	0
4769	1.00	100	0
4770	1.00	100	0
4771	1.00	100	0
4772	0.99	99	1
4773	0.99	99	1
4774	0.99	99	1
4775	0.99	99	1
4776	0.99	99	1
4777	0.99	99	1
4778	0.99	99	1
4779	0.99	99	1
4780	0.99	99	1
4781	0.99	99	1
4782	0.99	99	1
4783	0.99	99	1
4784	0.99	99	1
4785	0.99	99	1
4786	0.98	98	2
4787	0.98	98	2
4788	0.98	98	2
4789	0.98	98	2
4790	0.98	98	2
4791	0.98	98	2
4792	0.98	98	2
4793	0.98	98	2
4794	0.98	98	2
4795	0.98	98	2
4796	0.98	98	2
4797	0.98	98	2
4798	0.98	98	2
4799	0.98	98	2
4800	0.98	98	2
4801	0.98	98	2
4802	0.98	98	2
4803	0.98	98	2
4804	0.98	98	2
4805	0.98	98	2
4806	0.98	98	2
4807	0.98	98	2
4808	0.98	98	2
4809	0.98	98	2
4810	0.98	98	2
4811	0.98	98	2
4812	0.98	98	2
4813	0.98	98	2
4814	0.98	98	2
4815	0.98	98	2
4816	0.98	98	2
4817	0.98	98	2
4818	0.98	98	2
4819	0.98	98	2
4820	0.98	98	2
4821	0.98	98	2
4822	0.98	98	2
4823	0.98	98	2
4824	0.98	98	2
4825	0.98	98	2
4826	0.98	98	2
4827	0.98	98	2
4828	0.98	98	2
4829	0.98	98	2
4830	0.98	98	2
4831	0.98	98	2
4832	0.98	98	2
4833	0.98	98	2
4834	0.98	98	2
4835	0.98	98	2
4836	0.98	98	2
4837	0.98	98	2
4838	0.98	98	2
4839	0.98	98	2
4840	0.98	98	2
4841	0.98	98	2
4842	0.98	98	2
4843	0.98	98	2
4844	0.98	98	2
4845	0.98	98	2
4846	0.98	98	2
4847	0.98	98	2
4848	0.98	98	2
4849	0.98	98	2
4850	0.98	98	2
4851	0.98	98	2
4852	0.98	98	2
4853	0.98	98	2
4854	0.98	98	2
4855	0.98	98	2
4856	0.98	98	2
4857	0.98	98	2
4858	0.98	98	2
4859	0.98	98	2
4860	0.98	98	2
4861	0.98	98	2
4862	0.98	98	2
4863	0.98	98	2
4864	0.98	98	2
4865	0.98	98	2
4866	0.98	98	2
4867	0.98	98	2
4868	0.98	98	2
4869	0.98	98	2
4870	0.98	98	2
4871	0.98	98	2
4872	0.99	99	1
4873	0.99	99	1
4874	0.99	99	1
4875	0.99	99	1
4876	0.99	99	1
4877	0.98	98	2
4878	0.98	98	2
4879	0.98	98	2
4880	0.98	98	2
4881	0.98	98	2
4882	0.98	98	2
4883	0.98	98	2
4884	0.98	98	2
4885	0.98	98	2
4886	0.99	99	1
4887	0.99	99	1
4888	0.99	99	1
4889	0.99	99	1
4890	0.99	99	1
4891	0.99	99	1
4892	0.99	99	1
4893	0.99	99	1
4894	0.99	99	1
4895	0.99	99	1
4896	0.99	99	1
4897	0.99	99	1
4898	0.99	99	1
4899	0.99	99	1
4900	0.99	99	1
4901	0.99	99	1
4902	0.99	99	1
4903	0.99	99	1
4904	0.99	99	1
4905	0.99	99	1
4906	0.99	99	1
4907	0.99	99	1
4908	0.99	99	1
4909	0.99	99	1
4910	0.99	99	1
4911	0.99	99	1
4912	0.99	99	1
4913	0.99	99	1
4914	0.99	99	1
4915	0.99	99	1
4916	0.99	99	1
4917	0.99	99	1
4918	0.99	99	1
4919	0.99	99	1
4920	0.99	99	1
4921	0.99	99	1
4922	0.99	99	1
4923	0.99	99	1
4924	0.99	99	1
4925	0.99	99	1
4926	0.99	99	1
4927	0.99	99	1
4928	0.99	99	1
4929	0.99	99	1
4930	0.99	99	1
4931	0.99	99	1
4932	0.99	99	1
4933	0.99	99	1
4934	0.99	99	1
4935	0.99	99	1
4936	0.99	99	1
4937	0.99	99	1
4938	0.99	99	1
4939	0.99	99	1
4940	0.99	99	1
4941	0.99	99	1
4942	0.99	99	1
4943	0.99	99	1
4944	0.99	99	1
4945	0.99	99	1
4946	0.99	99	1
4947	0.99	99	1
4948	0.99	99	1
4949	0.99	99	1
4950	0.99	99	1
4951	0.99	99	1
4952	0.99	99	1
4953	0.99	99	1
4954	0.99	99	1
4955	0.99	99	1
4956	0.99	99	1
4957	0.99	99	1
4958	0.99	99	1
4959	0.99	99	1
4960	0.99	99	1
4961	0.99	99	1
4962	0.99	99	1
4963	0.99	99	1
4964	0.99	99	1
4965	0.99	99	1
4966	0.99	99	1
4967	0.99	99	1
4968	0.99	99	1
4969	0.99	99	1
4970	0.99	99	1
4971	0.99	99	1
4972	0.99	99	1
4973	0.99	99	1
4974	0.99	99	1
4975	0.99	99	1
4976	0.99	99	1
4977	1.00	100	0
4978	1.00	100	0
4979	1.00	100	0
4980	1.00	100	0
4981	1.00	100	0
4982	1.00	100	0
4983	1.00	100	0
4984	1.00	100	0
4985	1.00	100	0
4986	1.00	100	0
4987	1.00	100	0
4988	1.00	100	0
4989	1.00	100	0
4990	1.00	100	0
4991	1.00	100	0
4992	1.00	100	0
4993	1.00	100	0
4994	1.00	100	0
4995	1.00	100	0
4996	1.00	100	0
4997	1.00	100	0
4998	1.00	100	0
4999	1.00	100	0
5000	0.00	100	0
5001	0.00	100	0
5002	0.00	100	0
5003	0.00	100	0
5004	0.00	100	0
5005	0.00	100	0
5006	0.00	100	0
5007	0.01	99	1
5008	0.02	98	2
5009	0.03	97	3
5010	0.03	97	3
5011	0.03	97	3
5012	0.03	97	3
5013	0.03	97	3
5014	0.03	97	3
5015	0.04	96	4
5016	0.04	96	4
5017	0.05	95	5
5018	0.05	95	5
5019	0.05	95	5
5020	0.05	95	5
5021	0.05	95	5
5022	0.05	95	5
5023	0.06	94	6
5024	0.06	94	6
5025	0.06	94	6
5026	0.06	94	6
5027	0.06	94	6
5028	0.06	94	6
5029	0.06	94	6
5030	0.06	94	6
5031	0.07	93	7
5032	0.07	93	7
5033	0.08	92	8
5034	0.08	92	8
5035	0.08	92	8
5036	0.08	92	8
5037	0.08	92	8
5038	0.08	92	8
5039	0.09	91	9
5040	0.09	91	9
5041	0.09	91	9
5042	0.09	91	9
5043	0.09	91	9
5044	0.10	90	10
5045	0.11	89	11
5046	0.11	89	11
5047	0.11	89	11
5048	0.11	89	11
5049	0.11	89	11
5050	0.12	88	12
5051	0.13	87	13
5052	0.13	87	13
5053	0.13	87	13
5054	0.13	87	13
5055	0.13	87	13
5056	0.13	87	13
5057	0.14	86	14
5058	0.15	85	15
5059	0.15	85	15
5060	0.16	84	16
5061	0.16	84	16
5062	0.17	83	17
5063	0.18	82	18
5064	0.19	81	19
5065	0.20	80	20
5066	0.20	80	20
5067	0.20	80	20
5068	0.21	79	21
5069	0.22	78	22
5070	0.23	77	23
5071	0.23	77	23
5072	0.23	77	23
5073	0.24	76	24
5074	0.25	75	25
5075	0.26	74	26
5076	0.27	73	27
5077	0.28	72	28
5078	0.28	72	28
5079	0.29	71	29
5080	0.29	71	29
5081	0.30	70	30
5082	0.31	69	31
5083	0.31	69	31
5084	0.31	69	31
5085	0.31	69	31
5086	0.32	68	32
5087	0.33	67	33
5088	0.34	66	34
5089	0.35	65	35
5090	0.36	64	36
5091	0.37	63	37
5092	0.38	62	38
5093	0.39	61	39
5094	0.40	60	40
5095	0.41	59	41
5096	0.42	58	42
5097	0.43	57	43
5098	0.44	56	44
5099	0.45	55	45
5100	0.45	55	45
5101	0.46	54	46
5102	0.46	54	46
5103	0.46	54	46
5104	0.46	54	46
5105	0.47	53	47
5106	0.48	52	48
5107	0.48	52	48
5108	0.48	52	48
5109	0.48	52	48
5110	0.49	51	49
5111	0.50	50	50
5112	0.51	49	51
5113	0.52	48	52
5114	0.52	48	52
5115	0.52	48	52
5116	0.53	47	53
5117	0.53	47	53
5118	0.54	46	54
5119	0.55	45	55
5120	0.56	44	56
5121	0.57	43	57
5122	0.58	42	58
5123	0.57	43	57
5124	0.58	42	58
5125	0.59	41	59
5126	0.60	40	60
5127	0.60	40	60
5128	0.61	39	61
5129	0.62	38	62
5130	0.62	38	62
5131	0.62	38	62
5132	0.63	37	63
5133	0.63	37	63
5134	0.64	36	64
5135	0.64	36	64
5136	0.65	35	65
5137	0.66	34	66
5138	0.66	34	66
5139	0.65	35	65
5140	0.66	34	66
5141	0.67	33	67
5142	0.68	32	68
5143	0.69	31	69
5144	0.69	31	69
5145	0.69	31	69
5146	0.70	30	70
5147	0.71	29	71
5148	0.72	28	72
5149	0.73	27	73
5150	0.73	27	73
5151	0.73	27	73
5152	0.74	26	74
5153	0.75	25	75
5154	0.76	24	76
5155	0.77	23	77
5156	0.77	23	77
5157	0.77	23	77
5158	0.77	23	77
5159	0.78	22	78
5160	0.77	23	77
5161	0.78	22	78
5162	0.78	22	78
5163	0.78	22	78
5164	0.78	22	78
5165	0.78	22	78
5166	0.79	21	79
5167	0.80	20	80
5168	0.80	20	80
5169	0.80	20	80
5170	0.80	20	80
5171	0.81	19	81
5172	0.82	18	82
5173	0.82	18	82
5174	0.82	18	82
5175	0.82	18	82
5176	0.82	18	82
5177	0.82	18	82
5178	0.83	17	83
5179	0.83	17	83
5180	0.84	16	84
5181	0.84	16	84
5182	0.84	16	84
5183	0.85	15	85
5184	0.86	14	86
5185	0.87	13	87
5186	0.87	13	87
5187	0.87	13	87
5188	0.87	13	87
5189	0.87	13	87
5190	0.87	13	87
5191	0.87	13	87
5192	0.87	13	87
5193	0.87	13	87
5194	0.87	13	87
5195	0.87	13	87
5196	0.87	13	87
5197	0.87	13	87
5198	0.87	13	87
5199	0.87	13	87
5200	0.88	12	88
5201	0.88	12	88
5202	0.89	11	89
5203	0.90	10	90
5204	0.91	9	91
5205	0.91	9	91
5206	0.91	9	91
5207	0.91	9	91
5208	0.91	9	91
5209	0.91	9	91
5210	0.91	9	91
5211	0.91	9	91
5212	0.91	9	91
5213	0.91	9	91
5214	0.92	8	92
5215	0.92	8	92
5216	0.92	8	92
5217	0.92	8	92
5218	0.92	8	92
5219	0.92	8	92
5220	0.92	8	92
5221	0.92	8	92
5222	0.92	8	92
5223	0.93	7	93
5224	0.93	7	93
5225	0.92	8	92
5226	0.92	8	92
5227	0.93	7	93
5228	0.93	7	93
5229	0.93	7	93
5230	0.94	6	94
5231	0.94	6	94
5232	0.94	6	94
5233	0.94	6	94
5234	0.94	6	94
5235	0.95	5	95
5236	0.95	5	95
5237	0.95	5	95
5238	0.96	4	96
5239	0.97	3	97
5240	0.97	3	97
5241	0.97	3	97
5242	0.97	3	97
5243	0.97	3	97
5244	0.97	3	97
5245	0.97	3	97
5246	0.97	3	97
5247	0.97	3	97
5248	0.97	3	97
5249	0.97	3	97
5250	0.97	3	97
5251	0.97	3	97
5252	0.97	3	97
5253	0.97	3	97
5254	0.97	3	97
5255	0.97	3	97
5256	0.98	2	98
5257	0.98	2	98
5258	0.98	2	98
5259	0.98	2	98
5260	0.99	1	99
5261	0.99	1	99
5262	0.99	1	99
5263	0.99	1	99
5264	0.99	1	99
5265	0.99	1	99
5266	0.99	1	99
5267	0.99	1	99
5268	0.99	1	99
5269	0.99	1	99
5270	0.99	1	99
5271	0.99	1	99
5272	0.99	1	99
5273	0.99	1	99
5274	0.99	1	99
5275	0.99	1	99
5276	0.99	1	99
5277	0.99	1	99
5278	0.99	1	99
5279	0.99	1	99
5280	0.99	1	99
5281	0.99	1	99
5282	0.99	1	99
5283	0.99	1	99
5284	0.99	1	99
5285	0.99	1	99
5286	0.99	1	99
5287	0.99	1	99
5288	0.99	1	99
5289	0.99	1	99
5290	0.99	1	99
5291	0.99	1	99
5292	0.99	1	99
5293	0.99	1	99
5294	0.99	1	99
5295	0.99	1	99
5296	0.99	1	99
5297	0.99	1	99
5298	0.99	1	99
5299	0.99	1	99
5300	0.99	1	99
5301	0.99	1	99
5302	0.99	1	99
5303	0.99	1	99
5304	0.99	1	99
5305	0.99	1	99
5306	0.99	1	99
5307	0.99	1	99
5308	0.99	1	99
5309	0.99	1	99
5310	0.99	1	99
5311	0.99	1	99
5312	0.99	1	99
5313	0.99	1	99
5314	0.99	1	99
5315	0.99	1	99
5316	0.99	1	99
5317	0.99	1	99
5318	0.99	1	99
5319	0.99	1	99
5320	0.99	1	99
5321	0.99	1	99
5322	0.99	1	99
5323	0.99	1	99
5324	0.99	1	99
5325	1.00	0	100
5326	1.00	0	100
5327	1.00	0	100
5328	1.00	0	100
5329	1.00	0	100
5330	1.00	0	100
5331	1.00	0	100
5332	1.00	0	100
5333	1.00	0	100
5334	1.00	0	100
5335	1.00	0	100
5336	1.00	0	100
5337	1.00	0	100
5338	1.00	0	100
5339	1.00	0	100
5340	1.00	0	100
5341	1.00	0	100
5342	1.00	0	100
5343	1.00	0	100
5344	1.00	0	100
5345	1.00	0	100
5346	1.00	0	100
5347	1.00	0	100
5348	1.00	0	100
5349	1.00	0	100
5350	1.00	0	100
5351	1.00	0	100
5352	1.00	0	100
5353	1.00	0	100
5354	1.00	0	100
5355	1.00	0	100
5356	1.00	0	100
5357	1.00	0	100
5358	1.00	0	100
5359	1.00	0	100
5360	1.00	0	100
5361	1.00	0	100
5362	1.00	0	100
5363	1.00	0	100
5364	1.00	0	100
5365	1.00	0	100
5366	1.00	0	100
5367	1.00	0	100
5368	1.00	0	100
5369	1.00	0	100
5370	1.00	0	100
5371	1.00	0	100
5372	1.00	0	100
5373	1.00	0	100
5374	1.00	0	100
5375	1.00	0	100
5376	1.00	0	100
5377	1.00	0	100
5378	1.00	0	100
5379	1.00	0	100
5380	1.00	0	100
5381	1.00	0	100
5382	1.00	0	100
5383	1.00	0	100
5384	1.00	0	100
5385	1.00	0	100
5386	1.00	0	100
5387	1.00	0	100
5388	1.00	0	100
5389	1.00	0	100
5390	1.00	0	100
5391	1.00	0	100
5392	1.00	0	100
5393	1.00	0	100
5394	1.00	0	100
5395	1.00	0	100
5396	1.00	0	100
5397	1.00	0	100
5398	1.00	0	100
5399	1.00	0	100
5400	1.00	0	100
5401	1.00	0	100
5402	1.00	0	100
5403	1.00	0	100
5404	1.00	0	100
5405	1.00	0	100
5406	1.00	0	100
5407	1.00	0	100
5408	1.00	0	100
5409	1.00	0	100
5410	1.00	0	100
5411	1.00	0	100
5412	1.00	0	100
5413	1.00	0	100
5414	1.00	0	100
5415	1.00	0	100
5416	1.00	0	100
5417	1.00	0	100
5418	1.00	0	100
5419	1.00	0	100
5420	1.00	0	100
5421	1.00	0	100
5422	1.00	0	100
5423	1.00	0	100
5424	1.00	0	100
5425	1.00	0	100
5426	1.00	0	100
5427	1.00	0	100
5428	1.00	0	100
5429	1.00	0	100
5430	1.00	0	100
5431	1.00	0	100
5432	1.00	0	100
5433	1.00	0	100
5434	1.00	0	100
5435	1.00	0	100
5436	1.00	0	100
5437	1.00	0	100
5438	1.00	0	100
5439	1.00	0	100
5440	1.00	0	100
5441	1.00	0	100
5442	1.00	0	100
5443	1.00	0	100
5444	1.00	0	100
5445	1.00	0	100
5446	1.00	0	100
5447	1.00	0	100
5448	1.00	0	100
5449	1.00	0	100
5450	1.00	0	100
5451	1.00	0	100
5452	1.00	0	100
5453	1.00	0	100
5454	1.00	0	100
5455	1.00	0	100
5456	1.00	0	100
5457	1.00	0	100
5458	1.00	0	100
5459	1.00	0	100
5460	1.00	0	100
5461	1.00	0	100
5462	1.00	0	100
5463	1.00	0	100
5464	1.00	0	100
5465	1.00	0	100
5466	1.00	0	100
5467	1.00	0	100
5468	1.00	0	100
5469	1.00	0	100
5470	1.00	0	100
5471	1.00	0	100
5472	1.00	0	100
5473	1.00	0	100
5474	1.00	0	100
5475	1.00	0	100
5476	1.00	0	100
5477	1.00	0	100
5478	1.00	0	100
5479	1.00	0	100
5480	1.00	0	100
5481	1.00	0	100
5482	1.00	0	100
5483	1.00	0	100
5484	1.00	0	100
5485	1.00	0	100
5486	1.00	0	100
5487	1.00	0	100
5488	1.00	0	100
5489	1.00	0	100
5490	1.00	0	100
5491	1.00	0	100
5492	1.00	0	100
5493	1.00	0	100
5494	1.00	0	100
5495	1.00	0	100
5496	1.00	0	100
5497	1.00	0	100
5498	1.00	0	100
5499	1.00	0	100
5500	1.00	0	100
5501	1.00	0	100
5502	1.00	0	100
5503	1.00	0	100
5504	1.00	0	100
5505	1.00	0	100
5506	0.99	1	99
5507	0.99	1	99
5508	0.99	1	99
5509	0.99	1	99
5510	0.99	1	99
5511	0.99	1	99
5512	0.99	1	99
5513	0.99	1	99
5514	0.99	1	99
5515	0.99	1	99
5516	0.99	1	99
5517	0.99	1	99
5518	0.99	1	99
5519	0.99	1	99
5520	0.99	1	99
5521	0.99	1	99
5522	0.99	1	99
5523	0.99	1	99
5524	0.99	1	99
5525	0.99	1	99
5526	0.99	1	99
5527	0.99	1	99
5528	0.99	1	99
5529	0.99	1	99
5530	0.99	1	99
5531	0.99	1	99
5532	0.99	1	99
5533	0.99	1	99
5534	0.99	1	99
5535	0.99	1	99
5536	0.99	1	99
5537	0.99	1	99
5538	0.99	1	99
5539	0.99	1	99
5540	0.99	1	99
5541	0.99	1	99
5542	0.99	1	99
5543	0.99	1	99
5544	0.99	1	99
5545	0.99	1	99
5546	0.99	1	99
5547	0.99	1	99
5548	0.99	1	99
5549	0.99	1	99
5550	0.99	1	99
5551	0.99	1	99
5552	0.99	1	99
5553	0.99	1	99
5554	0.99	1	99
5555	0.99	1	99
5556	0.99	1	99
5557	0.99	1	99
5558	0.99	1	99
5559	0.99	1	99
5560	0.99	1	99
5561	0.99	1	99
5562	0.99	1	99
5563	0.99	1	99
5564	0.99	1	99
5565	0.99	1	99
5566	0.99	1	99
5567	0.99	1	99
5568	0.99	1	99
5569	0.99	1	99
5570	0.99	1	99
5571	0.99	1	99
5572	0.99	1	99
5573	0.99	1	99
5574	0.99	1	99
5575	0.98	2	98
5576	0.98	2	98
5577	0.98	2	98
5578	0.98	2	98
5579	0.98	2	98
5580	0.98	2	98
5581	0.98	2	98
5582	0.98	2	98
5583	0.98	2	98
5584	0.98	2	98
5585	0.98	2	98
5586	0.98	2	98
5587	0.98	2	98
5588	0.98	2	98
5589	0.98	2	98
5590	0.98	2	98
5591	0.98	2	98
5592	0.98	2	98
5593	0.98	2	98
5594	0.98	2	98
5595	0.98	2	98
5596	0.98	2	98
5597	0.98	2	98
5598	0.98	2	98
5599	0.98	2	98
5600	0.98	2	98
5601	0.98	2	98
5602	0.98	2	98
5603	0.98	2	98
5604	0.98	2	98
5605	0.98	2	98
5606	0.99	1	99
5607	0.99	1	99
5608	0.99	1	99
5609	0.99	1	99
5610	0.99	1	99
5611	0.99	1	99
5612	0.99	1	99
5613	0.99	1	99
5614	0.99	1	99
5615	0.99	1	99
5616	0.99	1	99
5617	0.99	1	99
5618	0.99	1	99
5619	0.99	1	99
5620	0.99	1	99
5621	0.99	1	99
5622	0.99	1	99
5623	0.99	1	99
5624	0.99	1	99
5625	0.99	1	99
5626	0.99	1	99
5627	0.99	1	99
5628	0.99	1	99
5629	0.99	1	99
5630	0.99	1	99
5631	0.99	1	99
5632	0.99	1	99
5633	0.99	1	99
5634	0.99	1	99
5635	0.99	1	99
5636	0.99	1	99
5637	0.99	1	99
5638	0.99	1	99
5639	0.99	1	99
5640	0.99	1	99
5641	0.99	1	99
5642	0.99	1	99
5643	0.99	1	99
5644	0.99	1	99
5645	0.99	1	99
5646	0.99	1	99
5647	0.99	1	99
5648	0.99	1	99
5649	0.99	1	99
5650	0.99	1	99
5651	0.99	1	99
5652	0.99	1	99
5653	0.99	1	99
5654	0.99	1	99
5655	0.99	1	99
5656	0.99	1	99
5657	0.99	1	99
5658	0.99	1	99
5659	0.99	1	99
5660	0.99	1	99
5661	0.99	1	99
5662	0.99	1	99
5663	0.99	1	99
5664	0.99	1	99
5665	0.99	1	99
5666	0.99	1	99
5667	0.99	1	99
5668	0.99	1	99
5669	0.99	1	99
5670	0.99	1	99
5671	0.99	1	99
5672	0.99	1	99
5673	0.99	1	99
5674	0.99	1	99
5675	1.00	0	100
5676	1.00	0	100
5677	1.00	0	100
5678	1.00	0	100
5679	1.00	0	100
5680	1.00	0	100
5681	1.00	0	100
5682	1.00	0	100
5683	1.00	0	100
5684	1.00	0	100
5685	1.00	0	100
5686	1.00	0	100
5687	1.00	0	100
5688	1.00	0	100
5689	1.00	0	100
5690	1.00	0	100
5691	1.00	0	100
5692	1.00	0	100
5693	1.00	0	100
5694	1.00	0	100
5695	1.00	0	100
5696	1.00	0	100
5697	1.00	0	100
5698	1.00	0	100
5699	1.00	0	100
5700	1.00	0	100
5701	1.00	0	100
5702	1.00	0	100
5703	1.00	0	100
5704	1.00	0	100
5705	1.00	0	100
5706	1.00	0	100
5707	1.00	0	100
5708	1.00	0	100
5709	1.00	0	100
5710	1.00	0	100
5711	1.00	0	100
5712	1.00	0	100
5713	1.00	0	100
5714	1.00	0	100
5715	1.00	0	100
5716	1.00	0	100
5717	1.00	0	100
5718	1.00	0	100
5719	1.00	0	100
5720	1.00	0	100
5721	1.00	0	100
5722	1.00	0	100
5723	1.00	0	100
5724	1.00	0	100
5725	1.00	0	100
5726	1.00	0	100
5727	1.00	0	100
5728	1.00	0	100
5729	1.00	0	100
5730	1.00	0	100
5731	1.00	0	100
5732	1.00	0	100
5733	1.00	0	100
5734	1.00	0	100
5735	1.00	0	100
5736	1.00	0	100
5737	1.00	0	100
5738	1.00	0	100
5739	1.00	0	100
5740	1.00	0	100
5741	1.00	0	100
5742	1.00	0	100
5743	1.00	0	100
5744	1.00	0	100
5745	1.00	0	100
5746	1.00	0	100
5747	1.00	0	100
5748	1.00	0	100
5749	1.00	0	100
5750	1.00	0	100
5751	1.00	0	100
5752	1.00	0	100
5753	1.00	0	100
5754	1.00	0	100
5755	1.00	0	100
5756	1.00	0	100
5757	1.00	0	100
5758	1.00	0	100
5759	1.00	0	100
5760	1.00	0	100
5761	1.00	0	100
5762	1.00	0	100
5763	1.00	0	100
5764	1.00	0	100
5765	1.00	0	100
5766	1.00	0	100
5767	1.00	0	100
5768	1.00	0	100
5769	1.00	0	100
5770	1.00	0	100
5771	1.00	0	100
5772	1.00	0	100
5773	1.00	0	100
5774	1.00	0	100
5775	1.00	0	100
5776	1.00	0	100
5777	1.00	0	100
5778	1.00	0	100
5779	1.00	0	100
5780	1.00	0	100
5781	1.00	0	100
5782	1.00	0	100
5783	1.00	0	100
5784	1.00	0	100
5785	1.00	0	100
5786	1.00	0	100
5787	1.00	0	100
5788	1.00	0	100
5789	1.00	0	100
5790	1.00	0	100
5791	1.00	0	100
5792	1.00	0	100
5793	1.00	0	100
5794	1.00	0	100
5795	1.00	0	100
5796	1.00	0	100
5797	1.00	0	100
5798	1.00	0	100
5799	1.00	0	100
5800	1.00	0	100
5801	1.00	0	100
5802	1.00	0	100
5803	1.00	0	100
5804	1.00	0	100
5805	1.00	0	100
5806	1.00	0	100
5807	1.00	0	100
5808	1.00	0	100
5809	1.00	0	100
5810	1.00	0	100
5811	1.00	0	100
5812	1.00	0	100
5813	1.00	0	100
5814	1.00	0	100
5815	1.00	0	100
5816	1.00	0	100
5817	1.00	0	100
5818	1.00	0	100
5819	1.00	0	100
5820	1.00	0	100
5821	1.00	0	100
5822	1.00	0	100
5823	1.00	0	100
5824	1.00	0	100
5825	1.00	0	100
5826	1.00	0	100
5827	1.00	0	100
5828	1.00	0	100
5829	1.00	0	100
5830	1.00	0	100
5831	1.00	0	100
5832	1.00	0	100
5833	1.00	0	100
5834	1.00	0	100
5835	1.00	0	100
5836	1.00	0	100
5837	1.00	0	100
5838	1.00	0	100
5839	1.00	0	100
5840	1.00	0	100
5841	1.00	0	100
5842	1.00	0	100
5843	1.00	0	100
5844	1.00	0	100
5845	1.00	0	100
5846	1.00	0	100
5847	1.00	0	100
5848	1.00	0	100
5849	1.00	0	100
5850	1.00	0	100
5851	1.00	0	100
5852	1.00	0	100
5853	1.00	0	100
5854	1.00	0	100
5855	1.00	0	100
5856	1.00	0	100
5857	1.00	0	100
5858	1.00	0	100
5859	1.00	0	100
5860	1.00	0	100
5861	1.00	0	100
5862	1.00	0	100
5863	1.00	0	100
5864	1.00	0	100
5865	1.00	0	100
5866	1.00	0	100
5867	1.00	0	100
5868	1.00	0	100
5869	1.00	0	100
5870	1.00	0	100
5871	1.00	0	100
5872	1.00	0	100
5873	1.00	0	100
5874	1.00	0	100
5875	1.00	0	100
5876	1.00	0	100
5877	1.00	0	100
5878	1.00	0	100
5879	1.00	0	100
5880	1.00	0	100
5881	1.00	0	100
5882	1.00	0	100
5883	1.00	0	100
5884	1.00	0	100
5885	1.00	0	100
5886	1.00	0	100
5887	1.00	0	100
5888	1.00	0	100
5889	1.00	0	100
5890	1.00	0	100
5891	1.00	0	100
5892	1.00	0	100
5893	1.00	0	100
5894	1.00	0	100
5895	1.00	0	100
5896	1.00	0	100
5897	1.00	0	100
5898	1.00	0	100
5899	1.00	0	100
5900	1.00	0	100
5901	1.00	0	100
5902	1.00	0	100
5903	1.00	0	100
5904	1.00	0	100
5905	1.00	0	100
5906	1.00	0	100
5907	1.00	0	100
5908	1.00	0	100
5909	1.00	0	100
5910	1.00	0	100
5911	1.00	0	100
5912	1.00	0	100
5913	1.00	0	100
5914	1.00	0	100
5915	1.00	0	100
5916	1.00	0	100
5917	1.00	0	100
5918	1.00	0	100
5919	1.00	0	100
5920	1.00	0	100
5921	1.00	0	100
5922	1.00	0	100
5923	1.00	0	100
5924	1.00	0	100
5925	1.00	0	100
5926	1.00	0	100
5927	1.00	0	100
5928	1.00	0	100
5929	1.00	0	100
5930	1.00	0	100
5931	1.00	0	100
5932	1.00	0	100
5933	1.00	0	100
5934	1.00	0	100
5935	1.00	0	100
5936	1.00	0	100
5937	1.00	0	100
5938	1.00	0	100
5939	1.00	0	100
5940	1.00	0	100
5941	1.00	0	100
5942	1.00	0	100
5943	1.00	0	100
5944	1.00	0	100
5945	1.00	0	100
5946	1.00	0	100
5947	1.00	0	100
5948	1.00	0	100
5949	1.00	0	100
5950	1.00	0	100
5951	1.00	0	100
5952	1.00	0	100
5953	1.00	0	100
5954	1.00	0	100
5955	1.00	0	100
5956	1.00	0	100
5957	1.00	0	100
5958	1.00	0	100
5959	1.00	0	100
5960	1.00	0	100
5961	1.00	0	100
5962	1.00	0	100
5963	1.00	0	100
5964	1.00	0	100
5965	1.00	0	100
5966	1.00	0	100
5967	1.00	0	100
5968	1.00	0	100
5969	1.00	0	100
5970	1.00	0	100
5971	0.99	1	99
5972	0.99	1	99
5973	0.99	1	99
5974	0.99	1	99
5975	0.99	1	99
5976	0.99	1	99
5977	0.99	1	99
5978	0.99	1	99
5979	0.99	1	99
5980	0.99	1	99
5981	0.99	1	99
5982	0.99	1	99
5983	0.99	1	99
5984	0.99	1	99
5985	0.99	1	99
5986	0.99	1	99
5987	0.99	1	99
5988	0.99	1	99
5989	0.99	1	99
5990	0.99	1	99
5991	0.99	1	99
5992	0.99	1	99
5993	0.99	1	99
5994	0.99	1	99
5995	0.99	1	99
5996	0.99	1	99
5997	0.99	1	99
5998	0.99	1	99
5999	0.99	1	99
