timestep	swarm_quality	color_0	color_1
0	0.70	70	30
1	0.70	70	30
2	0.70	70	30
3	0.70	70	30
4	0.70	70	30
5	0.70	70	30
6	0.70	70	30
7	0.70	70	30
8	0.70	70	30
9	0.70	70	30
10	0.70	70	30
11	0.70	70	30
12	0.70	70	30
13	0.69	69	31
14	0.69	69	31
15	0.69	69	31
16	0.69	69	31
17	0.69	69	31
18	0.69	69	31
19	0.69	69	31
20	0.68	68	32
21	0.67	67	33
22	0.67	67	33
23	0.67	67	33
24	0.67	67	33
25	0.67	67	33
26	0.67	67	33
27	0.67	67	33
28	0.67	67	33
29	0.66	66	34
30	0.66	66	34
31	0.65	65	35
32	0.65	65	35
33	0.65	65	35
34	0.65	65	35
35	0.65	65	35
36	0.65	65	35
37	0.65	65	35
38	0.65	65	35
39	0.65	65	35
40	0.65	65	35
41	0.65	65	35
42	0.65	65	35
43	0.65	65	35
44	0.65	65	35
45	0.65	65	35
46	0.65	65	35
47	0.65	65	35
48	0.65	65	35
49	0.65	65	35
50	0.65	65	35
51	0.65	65	35
52	0.65	65	35
53	0.64	64	36
54	0.64	64	36
55	0.64	64	36
56	0.64	64	36
57	0.64	64	36
58	0.64	64	36
59	0.64	64	36
60	0.64	64	36
61	0.64	64	36
62	0.64	64	36
63	0.64	64	36
64	0.63	63	37
65	0.63	63	37
66	0.63	63	37
67	0.63	63	37
68	0.63	63	37
69	0.63	63	37
70	0.64	64	36
71	0.64	64	36
72	0.65	65	35
73	0.65	65	35
74	0.66	66	34
75	0.67	67	33
76	0.68	68	32
77	0.69	69	31
78	0.70	70	30
79	0.71	71	29
80	0.72	72	28
81	0.73	73	27
82	0.74	74	26
83	0.75	75	25
84	0.76	76	24
85	0.77	77	23
86	0.78	78	22
87	0.79	79	21
88	0.80	80	20
89	0.81	81	19
90	0.82	82	18
91	0.83	83	17
92	0.84	84	16
93	0.85	85	15
94	0.86	86	14
95	0.87	87	13
96	0.88	88	12
97	0.89	89	11
98	0.90	90	10
99	0.91	91	9
100	0.91	91	9
101	0.91	91	9
102	0.91	91	9
103	0.91	91	9
104	0.91	91	9
105	0.91	91	9
106	0.91	91	9
107	0.91	91	9
108	0.91	91	9
109	0.91	91	9
110	0.91	91	9
111	0.91	91	9
112	0.91	91	9
113	0.92	92	8
114	0.92	92	8
115	0.92	92	8
116	0.92	92	8
117	0.92	92	8
118	0.92	92	8
119	0.92	92	8
120	0.93	93	7
121	0.94	94	6
122	0.94	94	6
123	0.94	94	6
124	0.94	94	6
125	0.94	94	6
126	0.94	94	6
127	0.94	94	6
128	0.94	94	6
129	0.95	95	5
130	0.95	95	5
131	0.96	96	4
132	0.96	96	4
133	0.96	96	4
134	0.96	96	4
135	0.96	96	4
136	0.96	96	4
137	0.96	96	4
138	0.96	96	4
139	0.96	96	4
140	0.96	96	4
141	0.96	96	4
142	0.96	96	4
143	0.96	96	4
144	0.96	96	4
145	0.96	96	4
146	0.96	96	4
147	0.96	96	4
148	0.96	96	4
149	0.96	96	4
150	0.96	96	4
151	0.96	96	4
152	0.96	96	4
153	0.97	97	3
154	0.97	97	3
155	0.97	97	3
156	0.97	97	3
157	0.97	97	3
158	0.97	97	3
159	0.97	97	3
160	0.97	97	3
161	0.97	97	3
162	0.97	97	3
163	0.97	97	3
164	0.98	98	2
165	0.98	98	2
166	0.98	98	2
167	0.98	98	2
168	0.98	98	2
169	0.98	98	2
170	0.98	98	2
171	0.99	99	1
172	0.99	99	1
173	1.00	100	0
174	1.00	100	0
175	1.00	100	0
176	1.00	100	0
177	1.00	100	0
178	1.00	100	0
179	1.00	100	0
180	1.00	100	0
181	1.00	100	0
182	1.00	100	0
183	1.00	100	0
184	1.00	100	0
185	1.00	100	0
186	1.00	100	0
187	1.00	100	0
188	1.00	100	0
189	1.00	100	0
190	1.00	100	0
191	1.00	100	0
192	1.00	100	0
193	1.00	100	0
194	1.00	100	0
195	1.00	100	0
196	1.00	100	0
197	1.00	100	0
198	1.00	100	0
199	1.00	100	0
200	1.00	100	0
201	1.00	100	0
202	1.00	100	0
203	1.00	100	0
204	1.00	100	0
205	1.00	100	0
206	1.00	100	0
207	1.00	100	0
208	1.00	100	0
209	1.00	100	0
210	1.00	100	0
211	1.00	100	0
212	1.00	100	0
213	1.00	100	0
214	1.00	100	0
215	1.00	100	0
216	1.00	100	0
217	1.00	100	0
218	1.00	100	0
219	1.00	100	0
220	1.00	100	0
221	1.00	100	0
222	1.00	100	0
223	1.00	100	0
224	1.00	100	0
225	1.00	100	0
226	1.00	100	0
227	1.00	100	0
228	1.00	100	0
229	1.00	100	0
230	1.00	100	0
231	1.00	100	0
232	1.00	100	0
233	1.00	100	0
234	1.00	100	0
235	1.00	100	0
236	1.00	100	0
237	1.00	100	0
238	1.00	100	0
239	1.00	100	0
240	1.00	100	0
241	1.00	100	0
242	1.00	100	0
243	1.00	100	0
244	1.00	100	0
245	1.00	100	0
246	1.00	100	0
247	1.00	100	0
248	1.00	100	0
249	1.00	100	0
250	1.00	100	0
251	1.00	100	0
252	1.00	100	0
253	1.00	100	0
254	1.00	100	0
255	1.00	100	0
256	1.00	100	0
257	1.00	100	0
258	1.00	100	0
259	1.00	100	0
260	1.00	100	0
261	1.00	100	0
262	1.00	100	0
263	1.00	100	0
264	1.00	100	0
265	1.00	100	0
266	1.00	100	0
267	1.00	100	0
268	1.00	100	0
269	1.00	100	0
270	1.00	100	0
271	1.00	100	0
272	1.00	100	0
273	1.00	100	0
274	1.00	100	0
275	1.00	100	0
276	1.00	100	0
277	1.00	100	0
278	1.00	100	0
279	1.00	100	0
280	1.00	100	0
281	1.00	100	0
282	1.00	100	0
283	1.00	100	0
284	1.00	100	0
285	1.00	100	0
286	1.00	100	0
287	1.00	100	0
288	1.00	100	0
289	1.00	100	0
290	1.00	100	0
291	1.00	100	0
292	1.00	100	0
293	1.00	100	0
294	1.00	100	0
295	1.00	100	0
296	1.00	100	0
297	1.00	100	0
298	1.00	100	0
299	1.00	100	0
300	1.00	100	0
301	1.00	100	0
302	1.00	100	0
303	1.00	100	0
304	1.00	100	0
305	1.00	100	0
306	1.00	100	0
307	1.00	100	0
308	1.00	100	0
309	1.00	100	0
310	1.00	100	0
311	1.00	100	0
312	1.00	100	0
313	1.00	100	0
314	1.00	100	0
315	1.00	100	0
316	1.00	100	0
317	1.00	100	0
318	1.00	100	0
319	1.00	100	0
320	1.00	100	0
321	1.00	100	0
322	1.00	100	0
323	1.00	100	0
324	1.00	100	0
325	1.00	100	0
326	1.00	100	0
327	1.00	100	0
328	1.00	100	0
329	1.00	100	0
330	1.00	100	0
331	1.00	100	0
332	1.00	100	0
333	1.00	100	0
334	1.00	100	0
335	1.00	100	0
336	1.00	100	0
337	1.00	100	0
338	1.00	100	0
339	1.00	100	0
340	1.00	100	0
341	1.00	100	0
342	1.00	100	0
343	1.00	100	0
344	1.00	100	0
345	1.00	100	0
346	1.00	100	0
347	1.00	100	0
348	1.00	100	0
349	1.00	100	0
350	1.00	100	0
351	1.00	100	0
352	1.00	100	0
353	1.00	100	0
354	1.00	100	0
355	1.00	100	0
356	1.00	100	0
357	1.00	100	0
358	1.00	100	0
359	1.00	100	0
360	1.00	100	0
361	1.00	100	0
362	1.00	100	0
363	1.00	100	0
364	1.00	100	0
365	1.00	100	0
366	1.00	100	0
367	1.00	100	0
368	1.00	100	0
369	1.00	100	0
370	1.00	100	0
371	1.00	100	0
372	1.00	100	0
373	1.00	100	0
374	1.00	100	0
375	1.00	100	0
376	1.00	100	0
377	1.00	100	0
378	1.00	100	0
379	1.00	100	0
380	1.00	100	0
381	1.00	100	0
382	1.00	100	0
383	1.00	100	0
384	1.00	100	0
385	1.00	100	0
386	1.00	100	0
387	1.00	100	0
388	1.00	100	0
389	1.00	100	0
390	1.00	100	0
391	1.00	100	0
392	1.00	100	0
393	1.00	100	0
394	1.00	100	0
395	1.00	100	0
396	1.00	100	0
397	1.00	100	0
398	1.00	100	0
399	1.00	100	0
400	1.00	100	0
401	1.00	100	0
402	1.00	100	0
403	1.00	100	0
404	1.00	100	0
405	1.00	100	0
406	1.00	100	0
407	1.00	100	0
408	1.00	100	0
409	1.00	100	0
410	1.00	100	0
411	1.00	100	0
412	1.00	100	0
413	1.00	100	0
414	1.00	100	0
415	1.00	100	0
416	1.00	100	0
417	1.00	100	0
418	1.00	100	0
419	1.00	100	0
420	1.00	100	0
421	1.00	100	0
422	1.00	100	0
423	1.00	100	0
424	1.00	100	0
425	1.00	100	0
426	1.00	100	0
427	1.00	100	0
428	1.00	100	0
429	1.00	100	0
430	1.00	100	0
431	1.00	100	0
432	1.00	100	0
433	1.00	100	0
434	1.00	100	0
435	1.00	100	0
436	1.00	100	0
437	1.00	100	0
438	1.00	100	0
439	1.00	100	0
440	1.00	100	0
441	1.00	100	0
442	1.00	100	0
443	1.00	100	0
444	1.00	100	0
445	1.00	100	0
446	1.00	100	0
447	1.00	100	0
448	1.00	100	0
449	1.00	100	0
450	1.00	100	0
451	1.00	100	0
452	1.00	100	0
453	1.00	100	0
454	1.00	100	0
455	1.00	100	0
456	1.00	100	0
457	0.99	99	1
458	0.99	99	1
459	0.99	99	1
460	0.99	99	1
461	0.99	99	1
462	0.99	99	1
463	0.99	99	1
464	0.99	99	1
465	0.99	99	1
466	0.99	99	1
467	0.99	99	1
468	0.99	99	1
469	0.99	99	1
470	0.99	99	1
471	0.99	99	1
472	0.99	99	1
473	0.99	99	1
474	0.99	99	1
475	0.99	99	1
476	0.99	99	1
477	0.99	99	1
478	0.99	99	1
479	0.99	99	1
480	0.99	99	1
481	0.99	99	1
482	0.99	99	1
483	0.99	99	1
484	0.99	99	1
485	0.99	99	1
486	0.99	99	1
487	0.99	99	1
488	0.99	99	1
489	0.99	99	1
490	0.99	99	1
491	0.99	99	1
492	0.99	99	1
493	0.99	99	1
494	0.99	99	1
495	0.99	99	1
496	0.99	99	1
497	0.99	99	1
498	0.99	99	1
499	0.99	99	1
500	0.99	99	1
501	0.99	99	1
502	0.99	99	1
503	0.99	99	1
504	0.99	99	1
505	0.99	99	1
506	0.99	99	1
507	0.99	99	1
508	0.99	99	1
509	0.99	99	1
510	0.99	99	1
511	0.99	99	1
512	0.99	99	1
513	0.99	99	1
514	0.99	99	1
515	0.99	99	1
516	0.99	99	1
517	0.99	99	1
518	0.99	99	1
519	0.99	99	1
520	0.99	99	1
521	0.99	99	1
522	0.99	99	1
523	0.99	99	1
524	0.99	99	1
525	0.99	99	1
526	0.99	99	1
527	0.99	99	1
528	0.99	99	1
529	0.99	99	1
530	0.99	99	1
531	0.99	99	1
532	0.99	99	1
533	0.99	99	1
534	0.99	99	1
535	0.99	99	1
536	0.99	99	1
537	0.99	99	1
538	0.99	99	1
539	0.99	99	1
540	0.99	99	1
541	0.99	99	1
542	0.99	99	1
543	0.99	99	1
544	0.99	99	1
545	0.99	99	1
546	0.99	99	1
547	0.99	99	1
548	0.99	99	1
549	0.98	98	2
550	0.98	98	2
551	0.98	98	2
552	0.98	98	2
553	0.98	98	2
554	0.98	98	2
555	0.98	98	2
556	0.98	98	2
557	0.99	99	1
558	0.99	99	1
559	0.99	99	1
560	0.99	99	1
561	0.99	99	1
562	0.99	99	1
563	0.99	99	1
564	0.99	99	1
565	0.99	99	1
566	0.99	99	1
567	0.99	99	1
568	0.99	99	1
569	0.99	99	1
570	0.99	99	1
571	0.99	99	1
572	0.99	99	1
573	0.99	99	1
574	0.99	99	1
575	0.99	99	1
576	0.99	99	1
577	0.99	99	1
578	0.99	99	1
579	0.99	99	1
580	0.99	99	1
581	0.99	99	1
582	0.99	99	1
583	0.99	99	1
584	0.99	99	1
585	0.99	99	1
586	0.99	99	1
587	0.99	99	1
588	0.99	99	1
589	0.99	99	1
590	0.99	99	1
591	0.99	99	1
592	0.99	99	1
593	0.99	99	1
594	0.99	99	1
595	0.99	99	1
596	0.99	99	1
597	0.99	99	1
598	0.99	99	1
599	0.99	99	1
600	0.99	99	1
601	0.99	99	1
602	0.99	99	1
603	0.99	99	1
604	0.99	99	1
605	0.99	99	1
606	0.99	99	1
607	0.99	99	1
608	0.99	99	1
609	0.99	99	1
610	0.99	99	1
611	0.99	99	1
612	0.99	99	1
613	0.99	99	1
614	0.99	99	1
615	0.99	99	1
616	0.99	99	1
617	0.99	99	1
618	0.99	99	1
619	0.99	99	1
620	0.99	99	1
621	0.99	99	1
622	0.99	99	1
623	0.99	99	1
624	0.99	99	1
625	0.99	99	1
626	0.99	99	1
627	0.99	99	1
628	0.99	99	1
629	0.99	99	1
630	0.99	99	1
631	0.99	99	1
632	0.99	99	1
633	0.99	99	1
634	0.99	99	1
635	0.99	99	1
636	0.99	99	1
637	0.99	99	1
638	0.99	99	1
639	0.99	99	1
640	0.99	99	1
641	0.99	99	1
642	0.99	99	1
643	0.99	99	1
644	0.99	99	1
645	0.99	99	1
646	0.99	99	1
647	0.99	99	1
648	0.99	99	1
649	1.00	100	0
650	1.00	100	0
651	1.00	100	0
652	1.00	100	0
653	1.00	100	0
654	1.00	100	0
655	1.00	100	0
656	1.00	100	0
657	1.00	100	0
658	1.00	100	0
659	1.00	100	0
660	1.00	100	0
661	1.00	100	0
662	1.00	100	0
663	0.99	99	1
664	0.99	99	1
665	0.99	99	1
666	0.99	99	1
667	0.99	99	1
668	0.99	99	1
669	0.99	99	1
670	0.99	99	1
671	0.99	99	1
672	0.99	99	1
673	0.99	99	1
674	0.99	99	1
675	0.99	99	1
676	0.99	99	1
677	0.99	99	1
678	0.99	99	1
679	0.99	99	1
680	0.99	99	1
681	0.99	99	1
682	0.99	99	1
683	0.99	99	1
684	0.99	99	1
685	0.99	99	1
686	0.99	99	1
687	0.99	99	1
688	0.99	99	1
689	0.99	99	1
690	0.99	99	1
691	0.99	99	1
692	0.99	99	1
693	0.99	99	1
694	0.99	99	1
695	0.99	99	1
696	0.99	99	1
697	0.99	99	1
698	0.99	99	1
699	0.99	99	1
700	0.99	99	1
701	0.99	99	1
702	0.99	99	1
703	0.99	99	1
704	0.99	99	1
705	0.99	99	1
706	0.99	99	1
707	0.99	99	1
708	0.99	99	1
709	0.99	99	1
710	0.99	99	1
711	0.99	99	1
712	0.99	99	1
713	0.99	99	1
714	0.98	98	2
715	0.98	98	2
716	0.98	98	2
717	0.98	98	2
718	0.98	98	2
719	0.98	98	2
720	0.98	98	2
721	0.98	98	2
722	0.98	98	2
723	0.97	97	3
724	0.97	97	3
725	0.97	97	3
726	0.97	97	3
727	0.97	97	3
728	0.97	97	3
729	0.97	97	3
730	0.97	97	3
731	0.97	97	3
732	0.97	97	3
733	0.97	97	3
734	0.97	97	3
735	0.97	97	3
736	0.97	97	3
737	0.97	97	3
738	0.96	96	4
739	0.96	96	4
740	0.96	96	4
741	0.96	96	4
742	0.96	96	4
743	0.96	96	4
744	0.96	96	4
745	0.96	96	4
746	0.96	96	4
747	0.95	95	5
748	0.95	95	5
749	0.94	94	6
750	0.94	94	6
751	0.94	94	6
752	0.94	94	6
753	0.94	94	6
754	0.94	94	6
755	0.94	94	6
756	0.94	94	6
757	0.94	94	6
758	0.94	94	6
759	0.94	94	6
760	0.94	94	6
761	0.94	94	6
762	0.94	94	6
763	0.95	95	5
764	0.95	95	5
765	0.95	95	5
766	0.95	95	5
767	0.95	95	5
768	0.95	95	5
769	0.95	95	5
770	0.95	95	5
771	0.95	95	5
772	0.95	95	5
773	0.95	95	5
774	0.95	95	5
775	0.95	95	5
776	0.95	95	5
777	0.95	95	5
778	0.95	95	5
779	0.95	95	5
780	0.95	95	5
781	0.95	95	5
782	0.95	95	5
783	0.95	95	5
784	0.95	95	5
785	0.95	95	5
786	0.95	95	5
787	0.95	95	5
788	0.95	95	5
789	0.95	95	5
790	0.95	95	5
791	0.95	95	5
792	0.95	95	5
793	0.95	95	5
794	0.95	95	5
795	0.95	95	5
796	0.94	94	6
797	0.94	94	6
798	0.94	94	6
799	0.94	94	6
800	0.94	94	6
801	0.94	94	6
802	0.94	94	6
803	0.94	94	6
804	0.94	94	6
805	0.94	94	6
806	0.94	94	6
807	0.94	94	6
808	0.94	94	6
809	0.94	94	6
810	0.94	94	6
811	0.94	94	6
812	0.94	94	6
813	0.94	94	6
814	0.95	95	5
815	0.95	95	5
816	0.95	95	5
817	0.95	95	5
818	0.95	95	5
819	0.95	95	5
820	0.95	95	5
821	0.95	95	5
822	0.95	95	5
823	0.96	96	4
824	0.96	96	4
825	0.96	96	4
826	0.96	96	4
827	0.96	96	4
828	0.96	96	4
829	0.96	96	4
830	0.96	96	4
831	0.96	96	4
832	0.96	96	4
833	0.96	96	4
834	0.96	96	4
835	0.96	96	4
836	0.96	96	4
837	0.96	96	4
838	0.97	97	3
839	0.97	97	3
840	0.97	97	3
841	0.97	97	3
842	0.97	97	3
843	0.97	97	3
844	0.97	97	3
845	0.97	97	3
846	0.97	97	3
847	0.98	98	2
848	0.98	98	2
849	0.99	99	1
850	0.99	99	1
851	0.99	99	1
852	0.99	99	1
853	0.99	99	1
854	0.99	99	1
855	0.99	99	1
856	0.99	99	1
857	0.99	99	1
858	0.99	99	1
859	0.99	99	1
860	0.99	99	1
861	0.99	99	1
862	0.99	99	1
863	0.99	99	1
864	0.99	99	1
865	0.99	99	1
866	0.99	99	1
867	0.99	99	1
868	0.99	99	1
869	0.99	99	1
870	0.99	99	1
871	0.99	99	1
872	0.99	99	1
873	0.99	99	1
874	0.99	99	1
875	0.99	99	1
876	0.99	99	1
877	0.99	99	1
878	0.99	99	1
879	0.99	99	1
880	0.99	99	1
881	0.99	99	1
882	0.99	99	1
883	0.99	99	1
884	0.99	99	1
885	0.99	99	1
886	0.99	99	1
887	0.99	99	1
888	0.99	99	1
889	0.99	99	1
890	0.99	99	1
891	0.99	99	1
892	0.99	99	1
893	0.99	99	1
894	0.99	99	1
895	0.99	99	1
896	1.00	100	0
897	1.00	100	0
898	1.00	100	0
899	1.00	100	0
900	1.00	100	0
901	1.00	100	0
902	1.00	100	0
903	1.00	100	0
904	1.00	100	0
905	1.00	100	0
906	1.00	100	0
907	1.00	100	0
908	1.00	100	0
909	1.00	100	0
910	1.00	100	0
911	1.00	100	0
912	1.00	100	0
913	1.00	100	0
914	1.00	100	0
915	1.00	100	0
916	1.00	100	0
917	1.00	100	0
918	1.00	100	0
919	0.99	99	1
920	0.99	99	1
921	0.99	99	1
922	0.99	99	1
923	0.99	99	1
924	0.99	99	1
925	0.99	99	1
926	0.99	99	1
927	0.99	99	1
928	0.99	99	1
929	0.99	99	1
930	0.99	99	1
931	0.99	99	1
932	0.99	99	1
933	0.99	99	1
934	0.99	99	1
935	0.99	99	1
936	0.99	99	1
937	0.99	99	1
938	0.99	99	1
939	0.99	99	1
940	0.99	99	1
941	0.99	99	1
942	0.99	99	1
943	0.99	99	1
944	0.99	99	1
945	0.99	99	1
946	0.99	99	1
947	0.99	99	1
948	0.99	99	1
949	0.99	99	1
950	0.99	99	1
951	0.99	99	1
952	0.99	99	1
953	0.99	99	1
954	0.99	99	1
955	0.99	99	1
956	0.99	99	1
957	0.99	99	1
958	0.99	99	1
959	0.99	99	1
960	0.99	99	1
961	0.99	99	1
962	0.99	99	1
963	0.99	99	1
964	0.99	99	1
965	0.99	99	1
966	0.99	99	1
967	0.99	99	1
968	0.99	99	1
969	0.99	99	1
970	0.99	99	1
971	0.99	99	1
972	0.99	99	1
973	0.99	99	1
974	0.99	99	1
975	0.99	99	1
976	0.99	99	1
977	0.99	99	1
978	0.99	99	1
979	0.99	99	1
980	0.99	99	1
981	0.99	99	1
982	0.99	99	1
983	0.99	99	1
984	0.99	99	1
985	0.99	99	1
986	0.99	99	1
987	0.99	99	1
988	0.99	99	1
989	0.99	99	1
990	0.99	99	1
991	0.99	99	1
992	0.99	99	1
993	0.99	99	1
994	0.99	99	1
995	0.99	99	1
996	0.99	99	1
997	0.99	99	1
998	0.99	99	1
999	0.99	99	1
1000	0.01	99	1
1001	0.01	99	1
1002	0.02	98	2
1003	0.02	98	2
1004	0.02	98	2
1005	0.03	97	3
1006	0.03	97	3
1007	0.03	97	3
1008	0.03	97	3
1009	0.03	97	3
1010	0.03	97	3
1011	0.03	97	3
1012	0.04	96	4
1013	0.04	96	4
1014	0.04	96	4
1015	0.04	96	4
1016	0.04	96	4
1017	0.05	95	5
1018	0.05	95	5
1019	0.05	95	5
1020	0.06	94	6
1021	0.06	94	6
1022	0.07	93	7
1023	0.07	93	7
1024	0.07	93	7
1025	0.07	93	7
1026	0.07	93	7
1027	0.08	92	8
1028	0.08	92	8
1029	0.08	92	8
1030	0.08	92	8
1031	0.08	92	8
1032	0.09	91	9
1033	0.09	91	9
1034	0.10	90	10
1035	0.11	89	11
1036	0.11	89	11
1037	0.12	88	12
1038	0.13	87	13
1039	0.14	86	14
1040	0.15	85	15
1041	0.16	84	16
1042	0.16	84	16
1043	0.16	84	16
1044	0.16	84	16
1045	0.16	84	16
1046	0.16	84	16
1047	0.17	83	17
1048	0.18	82	18
1049	0.19	81	19
1050	0.19	81	19
1051	0.20	80	20
1052	0.21	79	21
1053	0.22	78	22
1054	0.23	77	23
1055	0.24	76	24
1056	0.24	76	24
1057	0.25	75	25
1058	0.25	75	25
1059	0.25	75	25
1060	0.26	74	26
1061	0.27	73	27
1062	0.27	73	27
1063	0.28	72	28
1064	0.28	72	28
1065	0.28	72	28
1066	0.28	72	28
1067	0.28	72	28
1068	0.28	72	28
1069	0.28	72	28
1070	0.29	71	29
1071	0.30	70	30
1072	0.30	70	30
1073	0.31	69	31
1074	0.31	69	31
1075	0.32	68	32
1076	0.32	68	32
1077	0.33	67	33
1078	0.34	66	34
1079	0.35	65	35
1080	0.36	64	36
1081	0.37	63	37
1082	0.37	63	37
1083	0.37	63	37
1084	0.37	63	37
1085	0.38	62	38
1086	0.39	61	39
1087	0.40	60	40
1088	0.41	59	41
1089	0.42	58	42
1090	0.43	57	43
1091	0.44	56	44
1092	0.44	56	44
1093	0.44	56	44
1094	0.45	55	45
1095	0.46	54	46
1096	0.47	53	47
1097	0.48	52	48
1098	0.49	51	49
1099	0.50	50	50
1100	0.51	49	51
1101	0.52	48	52
1102	0.52	48	52
1103	0.53	47	53
1104	0.54	46	54
1105	0.54	46	54
1106	0.55	45	55
1107	0.56	44	56
1108	0.56	44	56
1109	0.57	43	57
1110	0.58	42	58
1111	0.59	41	59
1112	0.59	41	59
1113	0.60	40	60
1114	0.61	39	61
1115	0.62	38	62
1116	0.62	38	62
1117	0.62	38	62
1118	0.63	37	63
1119	0.63	37	63
1120	0.63	37	63
1121	0.63	37	63
1122	0.63	37	63
1123	0.64	36	64
1124	0.65	35	65
1125	0.66	34	66
1126	0.67	33	67
1127	0.67	33	67
1128	0.68	32	68
1129	0.69	31	69
1130	0.70	30	70
1131	0.71	29	71
1132	0.71	29	71
1133	0.72	28	72
1134	0.72	28	72
1135	0.72	28	72
1136	0.73	27	73
1137	0.73	27	73
1138	0.73	27	73
1139	0.73	27	73
1140	0.73	27	73
1141	0.73	27	73
1142	0.74	26	74
1143	0.75	25	75
1144	0.76	24	76
1145	0.77	23	77
1146	0.78	22	78
1147	0.78	22	78
1148	0.78	22	78
1149	0.78	22	78
1150	0.79	21	79
1151	0.79	21	79
1152	0.79	21	79
1153	0.79	21	79
1154	0.79	21	79
1155	0.79	21	79
1156	0.80	20	80
1157	0.80	20	80
1158	0.81	19	81
1159	0.82	18	82
1160	0.82	18	82
1161	0.82	18	82
1162	0.83	17	83
1163	0.83	17	83
1164	0.84	16	84
1165	0.85	15	85
1166	0.86	14	86
1167	0.87	13	87
1168	0.88	12	88
1169	0.89	11	89
1170	0.89	11	89
1171	0.89	11	89
1172	0.90	10	90
1173	0.90	10	90
1174	0.91	9	91
1175	0.91	9	91
1176	0.92	8	92
1177	0.92	8	92
1178	0.92	8	92
1179	0.92	8	92
1180	0.92	8	92
1181	0.92	8	92
1182	0.93	7	93
1183	0.94	6	94
1184	0.95	5	95
1185	0.95	5	95
1186	0.95	5	95
1187	0.95	5	95
1188	0.95	5	95
1189	0.95	5	95
1190	0.95	5	95
1191	0.95	5	95
1192	0.96	4	96
1193	0.97	3	97
1194	0.97	3	97
1195	0.97	3	97
1196	0.97	3	97
1197	0.97	3	97
1198	0.97	3	97
1199	0.97	3	97
1200	0.97	3	97
1201	0.97	3	97
1202	0.97	3	97
1203	0.97	3	97
1204	0.97	3	97
1205	0.97	3	97
1206	0.97	3	97
1207	0.97	3	97
1208	0.98	2	98
1209	0.98	2	98
1210	0.98	2	98
1211	0.98	2	98
1212	0.98	2	98
1213	0.98	2	98
1214	0.98	2	98
1215	0.98	2	98
1216	0.99	1	99
1217	0.99	1	99
1218	0.99	1	99
1219	0.99	1	99
1220	0.99	1	99
1221	1.00	0	100
1222	1.00	0	100
1223	1.00	0	100
1224	1.00	0	100
1225	1.00	0	100
1226	1.00	0	100
1227	1.00	0	100
1228	1.00	0	100
1229	1.00	0	100
1230	1.00	0	100
1231	1.00	0	100
1232	1.00	0	100
1233	1.00	0	100
1234	1.00	0	100
1235	1.00	0	100
1236	1.00	0	100
1237	1.00	0	100
1238	1.00	0	100
1239	1.00	0	100
1240	1.00	0	100
1241	1.00	0	100
1242	1.00	0	100
1243	1.00	0	100
1244	1.00	0	100
1245	1.00	0	100
1246	1.00	0	100
1247	1.00	0	100
1248	1.00	0	100
1249	1.00	0	100
1250	1.00	0	100
1251	1.00	0	100
1252	1.00	0	100
1253	1.00	0	100
1254	1.00	0	100
1255	1.00	0	100
1256	1.00	0	100
1257	1.00	0	100
1258	1.00	0	100
1259	1.00	0	100
1260	1.00	0	100
1261	1.00	0	100
1262	1.00	0	100
1263	1.00	0	100
1264	1.00	0	100
1265	1.00	0	100
1266	1.00	0	100
1267	1.00	0	100
1268	1.00	0	100
1269	1.00	0	100
1270	1.00	0	100
1271	1.00	0	100
1272	1.00	0	100
1273	1.00	0	100
1274	1.00	0	100
1275	1.00	0	100
1276	1.00	0	100
1277	1.00	0	100
1278	1.00	0	100
1279	1.00	0	100
1280	1.00	0	100
1281	1.00	0	100
1282	1.00	0	100
1283	1.00	0	100
1284	1.00	0	100
1285	1.00	0	100
1286	1.00	0	100
1287	1.00	0	100
1288	1.00	0	100
1289	1.00	0	100
1290	1.00	0	100
1291	1.00	0	100
1292	1.00	0	100
1293	1.00	0	100
1294	1.00	0	100
1295	1.00	0	100
1296	1.00	0	100
1297	1.00	0	100
1298	1.00	0	100
1299	1.00	0	100
1300	1.00	0	100
1301	1.00	0	100
1302	1.00	0	100
1303	1.00	0	100
1304	1.00	0	100
1305	1.00	0	100
1306	1.00	0	100
1307	1.00	0	100
1308	1.00	0	100
1309	1.00	0	100
1310	1.00	0	100
1311	1.00	0	100
1312	1.00	0	100
1313	1.00	0	100
1314	1.00	0	100
1315	1.00	0	100
1316	1.00	0	100
1317	1.00	0	100
1318	1.00	0	100
1319	1.00	0	100
1320	1.00	0	100
1321	1.00	0	100
1322	1.00	0	100
1323	1.00	0	100
1324	1.00	0	100
1325	1.00	0	100
1326	1.00	0	100
1327	1.00	0	100
1328	1.00	0	100
1329	1.00	0	100
1330	1.00	0	100
1331	1.00	0	100
1332	1.00	0	100
1333	1.00	0	100
1334	1.00	0	100
1335	1.00	0	100
1336	1.00	0	100
1337	1.00	0	100
1338	1.00	0	100
1339	1.00	0	100
1340	1.00	0	100
1341	1.00	0	100
1342	1.00	0	100
1343	1.00	0	100
1344	1.00	0	100
1345	1.00	0	100
1346	1.00	0	100
1347	1.00	0	100
1348	1.00	0	100
1349	1.00	0	100
1350	1.00	0	100
1351	1.00	0	100
1352	1.00	0	100
1353	1.00	0	100
1354	1.00	0	100
1355	1.00	0	100
1356	1.00	0	100
1357	1.00	0	100
1358	1.00	0	100
1359	1.00	0	100
1360	1.00	0	100
1361	1.00	0	100
1362	1.00	0	100
1363	1.00	0	100
1364	1.00	0	100
1365	1.00	0	100
1366	1.00	0	100
1367	1.00	0	100
1368	1.00	0	100
1369	1.00	0	100
1370	1.00	0	100
1371	1.00	0	100
1372	1.00	0	100
1373	1.00	0	100
1374	1.00	0	100
1375	1.00	0	100
1376	1.00	0	100
1377	1.00	0	100
1378	1.00	0	100
1379	1.00	0	100
1380	1.00	0	100
1381	1.00	0	100
1382	1.00	0	100
1383	1.00	0	100
1384	1.00	0	100
1385	1.00	0	100
1386	1.00	0	100
1387	1.00	0	100
1388	1.00	0	100
1389	1.00	0	100
1390	1.00	0	100
1391	1.00	0	100
1392	1.00	0	100
1393	1.00	0	100
1394	1.00	0	100
1395	1.00	0	100
1396	1.00	0	100
1397	1.00	0	100
1398	1.00	0	100
1399	1.00	0	100
1400	1.00	0	100
1401	1.00	0	100
1402	1.00	0	100
1403	1.00	0	100
1404	1.00	0	100
1405	1.00	0	100
1406	1.00	0	100
1407	1.00	0	100
1408	1.00	0	100
1409	1.00	0	100
1410	1.00	0	100
1411	1.00	0	100
1412	1.00	0	100
1413	1.00	0	100
1414	1.00	0	100
1415	1.00	0	100
1416	1.00	0	100
1417	1.00	0	100
1418	1.00	0	100
1419	1.00	0	100
1420	1.00	0	100
1421	1.00	0	100
1422	1.00	0	100
1423	1.00	0	100
1424	1.00	0	100
1425	1.00	0	100
1426	1.00	0	100
1427	1.00	0	100
1428	1.00	0	100
1429	1.00	0	100
1430	1.00	0	100
1431	1.00	0	100
1432	1.00	0	100
1433	1.00	0	100
1434	1.00	0	100
1435	1.00	0	100
1436	1.00	0	100
1437	1.00	0	100
1438	1.00	0	100
1439	1.00	0	100
1440	1.00	0	100
1441	1.00	0	100
1442	1.00	0	100
1443	1.00	0	100
1444	1.00	0	100
1445	1.00	0	100
1446	1.00	0	100
1447	1.00	0	100
1448	1.00	0	100
1449	1.00	0	100
1450	1.00	0	100
1451	1.00	0	100
1452	1.00	0	100
1453	1.00	0	100
1454	1.00	0	100
1455	1.00	0	100
1456	1.00	0	100
1457	1.00	0	100
1458	1.00	0	100
1459	1.00	0	100
1460	1.00	0	100
1461	1.00	0	100
1462	1.00	0	100
1463	1.00	0	100
1464	1.00	0	100
1465	1.00	0	100
1466	1.00	0	100
1467	1.00	0	100
1468	1.00	0	100
1469	1.00	0	100
1470	1.00	0	100
1471	1.00	0	100
1472	1.00	0	100
1473	1.00	0	100
1474	1.00	0	100
1475	1.00	0	100
1476	1.00	0	100
1477	1.00	0	100
1478	1.00	0	100
1479	1.00	0	100
1480	1.00	0	100
1481	1.00	0	100
1482	1.00	0	100
1483	1.00	0	100
1484	1.00	0	100
1485	1.00	0	100
1486	1.00	0	100
1487	1.00	0	100
1488	1.00	0	100
1489	1.00	0	100
1490	1.00	0	100
1491	1.00	0	100
1492	1.00	0	100
1493	1.00	0	100
1494	1.00	0	100
1495	1.00	0	100
1496	1.00	0	100
1497	1.00	0	100
1498	1.00	0	100
1499	1.00	0	100
1500	1.00	0	100
1501	1.00	0	100
1502	1.00	0	100
1503	1.00	0	100
1504	1.00	0	100
1505	1.00	0	100
1506	1.00	0	100
1507	1.00	0	100
1508	1.00	0	100
1509	1.00	0	100
1510	1.00	0	100
1511	1.00	0	100
1512	1.00	0	100
1513	1.00	0	100
1514	1.00	0	100
1515	1.00	0	100
1516	1.00	0	100
1517	1.00	0	100
1518	1.00	0	100
1519	1.00	0	100
1520	1.00	0	100
1521	1.00	0	100
1522	1.00	0	100
1523	1.00	0	100
1524	1.00	0	100
1525	1.00	0	100
1526	1.00	0	100
1527	1.00	0	100
1528	1.00	0	100
1529	1.00	0	100
1530	1.00	0	100
1531	1.00	0	100
1532	1.00	0	100
1533	1.00	0	100
1534	1.00	0	100
1535	1.00	0	100
1536	1.00	0	100
1537	1.00	0	100
1538	1.00	0	100
1539	1.00	0	100
1540	1.00	0	100
1541	1.00	0	100
1542	1.00	0	100
1543	1.00	0	100
1544	1.00	0	100
1545	1.00	0	100
1546	1.00	0	100
1547	1.00	0	100
1548	1.00	0	100
1549	1.00	0	100
1550	1.00	0	100
1551	1.00	0	100
1552	1.00	0	100
1553	1.00	0	100
1554	1.00	0	100
1555	1.00	0	100
1556	1.00	0	100
1557	1.00	0	100
1558	1.00	0	100
1559	1.00	0	100
1560	1.00	0	100
1561	1.00	0	100
1562	1.00	0	100
1563	1.00	0	100
1564	1.00	0	100
1565	1.00	0	100
1566	1.00	0	100
1567	1.00	0	100
1568	1.00	0	100
1569	1.00	0	100
1570	1.00	0	100
1571	1.00	0	100
1572	1.00	0	100
1573	1.00	0	100
1574	1.00	0	100
1575	1.00	0	100
1576	1.00	0	100
1577	1.00	0	100
1578	1.00	0	100
1579	1.00	0	100
1580	1.00	0	100
1581	1.00	0	100
1582	1.00	0	100
1583	1.00	0	100
1584	1.00	0	100
1585	1.00	0	100
1586	1.00	0	100
1587	1.00	0	100
1588	1.00	0	100
1589	1.00	0	100
1590	1.00	0	100
1591	1.00	0	100
1592	1.00	0	100
1593	1.00	0	100
1594	1.00	0	100
1595	1.00	0	100
1596	1.00	0	100
1597	1.00	0	100
1598	1.00	0	100
1599	1.00	0	100
1600	1.00	0	100
1601	1.00	0	100
1602	1.00	0	100
1603	1.00	0	100
1604	1.00	0	100
1605	1.00	0	100
1606	1.00	0	100
1607	1.00	0	100
1608	1.00	0	100
1609	1.00	0	100
1610	1.00	0	100
1611	1.00	0	100
1612	1.00	0	100
1613	1.00	0	100
1614	1.00	0	100
1615	1.00	0	100
1616	1.00	0	100
1617	1.00	0	100
1618	1.00	0	100
1619	1.00	0	100
1620	1.00	0	100
1621	1.00	0	100
1622	1.00	0	100
1623	1.00	0	100
1624	1.00	0	100
1625	1.00	0	100
1626	1.00	0	100
1627	1.00	0	100
1628	1.00	0	100
1629	1.00	0	100
1630	0.99	1	99
1631	0.99	1	99
1632	0.99	1	99
1633	0.99	1	99
1634	0.99	1	99
1635	0.99	1	99
1636	0.99	1	99
1637	0.99	1	99
1638	0.99	1	99
1639	0.99	1	99
1640	0.99	1	99
1641	0.99	1	99
1642	0.99	1	99
1643	0.99	1	99
1644	0.99	1	99
1645	0.99	1	99
1646	0.99	1	99
1647	0.99	1	99
1648	0.99	1	99
1649	0.99	1	99
1650	0.99	1	99
1651	0.99	1	99
1652	0.99	1	99
1653	0.99	1	99
1654	0.99	1	99
1655	0.99	1	99
1656	0.99	1	99
1657	0.99	1	99
1658	0.99	1	99
1659	0.99	1	99
1660	0.99	1	99
1661	0.99	1	99
1662	0.99	1	99
1663	0.99	1	99
1664	0.99	1	99
1665	0.99	1	99
1666	0.99	1	99
1667	0.99	1	99
1668	0.99	1	99
1669	0.99	1	99
1670	0.99	1	99
1671	0.99	1	99
1672	0.99	1	99
1673	0.99	1	99
1674	0.99	1	99
1675	0.99	1	99
1676	0.99	1	99
1677	0.99	1	99
1678	0.99	1	99
1679	0.99	1	99
1680	0.99	1	99
1681	0.99	1	99
1682	0.99	1	99
1683	0.99	1	99
1684	0.99	1	99
1685	0.99	1	99
1686	0.99	1	99
1687	0.99	1	99
1688	0.99	1	99
1689	0.99	1	99
1690	0.99	1	99
1691	0.99	1	99
1692	0.99	1	99
1693	0.99	1	99
1694	0.99	1	99
1695	0.99	1	99
1696	0.99	1	99
1697	0.99	1	99
1698	0.99	1	99
1699	0.99	1	99
1700	0.99	1	99
1701	0.99	1	99
1702	0.99	1	99
1703	0.99	1	99
1704	0.99	1	99
1705	0.99	1	99
1706	0.99	1	99
1707	0.99	1	99
1708	0.99	1	99
1709	0.99	1	99
1710	0.99	1	99
1711	0.99	1	99
1712	0.99	1	99
1713	0.99	1	99
1714	0.99	1	99
1715	0.99	1	99
1716	0.99	1	99
1717	0.99	1	99
1718	0.99	1	99
1719	0.99	1	99
1720	0.99	1	99
1721	0.99	1	99
1722	0.99	1	99
1723	0.99	1	99
1724	0.99	1	99
1725	0.99	1	99
1726	0.99	1	99
1727	0.99	1	99
1728	0.99	1	99
1729	0.99	1	99
1730	1.00	0	100
1731	1.00	0	100
1732	1.00	0	100
1733	1.00	0	100
1734	1.00	0	100
1735	1.00	0	100
1736	1.00	0	100
1737	1.00	0	100
1738	1.00	0	100
1739	1.00	0	100
1740	1.00	0	100
1741	1.00	0	100
1742	1.00	0	100
1743	1.00	0	100
1744	1.00	0	100
1745	1.00	0	100
1746	1.00	0	100
1747	1.00	0	100
1748	1.00	0	100
1749	1.00	0	100
1750	1.00	0	100
1751	1.00	0	100
1752	1.00	0	100
1753	1.00	0	100
1754	1.00	0	100
1755	1.00	0	100
1756	1.00	0	100
1757	1.00	0	100
1758	1.00	0	100
1759	1.00	0	100
1760	1.00	0	100
1761	1.00	0	100
1762	1.00	0	100
1763	1.00	0	100
1764	1.00	0	100
1765	1.00	0	100
1766	1.00	0	100
1767	1.00	0	100
1768	1.00	0	100
1769	1.00	0	100
1770	1.00	0	100
1771	1.00	0	100
1772	1.00	0	100
1773	1.00	0	100
1774	1.00	0	100
1775	1.00	0	100
1776	1.00	0	100
1777	1.00	0	100
1778	1.00	0	100
1779	1.00	0	100
1780	1.00	0	100
1781	1.00	0	100
1782	1.00	0	100
1783	1.00	0	100
1784	1.00	0	100
1785	1.00	0	100
1786	1.00	0	100
1787	1.00	0	100
1788	1.00	0	100
1789	1.00	0	100
1790	1.00	0	100
1791	1.00	0	100
1792	1.00	0	100
1793	1.00	0	100
1794	1.00	0	100
1795	1.00	0	100
1796	1.00	0	100
1797	1.00	0	100
1798	1.00	0	100
1799	1.00	0	100
1800	1.00	0	100
1801	1.00	0	100
1802	1.00	0	100
1803	1.00	0	100
1804	1.00	0	100
1805	1.00	0	100
1806	1.00	0	100
1807	1.00	0	100
1808	1.00	0	100
1809	1.00	0	100
1810	1.00	0	100
1811	1.00	0	100
1812	1.00	0	100
1813	1.00	0	100
1814	1.00	0	100
1815	1.00	0	100
1816	1.00	0	100
1817	1.00	0	100
1818	1.00	0	100
1819	1.00	0	100
1820	1.00	0	100
1821	1.00	0	100
1822	1.00	0	100
1823	1.00	0	100
1824	1.00	0	100
1825	1.00	0	100
1826	1.00	0	100
1827	1.00	0	100
1828	1.00	0	100
1829	1.00	0	100
1830	1.00	0	100
1831	1.00	0	100
1832	1.00	0	100
1833	1.00	0	100
1834	1.00	0	100
1835	1.00	0	100
1836	1.00	0	100
1837	1.00	0	100
1838	1.00	0	100
1839	1.00	0	100
1840	1.00	0	100
1841	1.00	0	100
1842	1.00	0	100
1843	1.00	0	100
1844	1.00	0	100
1845	1.00	0	100
1846	1.00	0	100
1847	1.00	0	100
1848	1.00	0	100
1849	1.00	0	100
1850	1.00	0	100
1851	1.00	0	100
1852	1.00	0	100
1853	1.00	0	100
1854	1.00	0	100
1855	1.00	0	100
1856	1.00	0	100
1857	1.00	0	100
1858	1.00	0	100
1859	1.00	0	100
1860	1.00	0	100
1861	1.00	0	100
1862	1.00	0	100
1863	1.00	0	100
1864	1.00	0	100
1865	1.00	0	100
1866	1.00	0	100
1867	1.00	0	100
1868	1.00	0	100
1869	1.00	0	100
1870	1.00	0	100
1871	1.00	0	100
1872	1.00	0	100
1873	1.00	0	100
1874	1.00	0	100
1875	1.00	0	100
1876	1.00	0	100
1877	1.00	0	100
1878	1.00	0	100
1879	1.00	0	100
1880	1.00	0	100
1881	1.00	0	100
1882	1.00	0	100
1883	1.00	0	100
1884	1.00	0	100
1885	1.00	0	100
1886	1.00	0	100
1887	1.00	0	100
1888	1.00	0	100
1889	1.00	0	100
1890	1.00	0	100
1891	1.00	0	100
1892	1.00	0	100
1893	0.99	1	99
1894	0.99	1	99
1895	0.99	1	99
1896	0.99	1	99
1897	0.99	1	99
1898	0.99	1	99
1899	0.99	1	99
1900	0.99	1	99
1901	0.99	1	99
1902	0.99	1	99
1903	0.99	1	99
1904	0.99	1	99
1905	0.99	1	99
1906	0.99	1	99
1907	0.99	1	99
1908	0.99	1	99
1909	0.99	1	99
1910	0.99	1	99
1911	0.99	1	99
1912	0.99	1	99
1913	0.99	1	99
1914	0.99	1	99
1915	0.99	1	99
1916	0.99	1	99
1917	0.99	1	99
1918	0.99	1	99
1919	0.99	1	99
1920	0.99	1	99
1921	0.99	1	99
1922	0.99	1	99
1923	0.99	1	99
1924	0.99	1	99
1925	0.99	1	99
1926	0.99	1	99
1927	0.99	1	99
1928	0.99	1	99
1929	0.99	1	99
1930	0.99	1	99
1931	0.99	1	99
1932	0.99	1	99
1933	0.99	1	99
1934	0.99	1	99
1935	0.99	1	99
1936	0.99	1	99
1937	0.99	1	99
1938	0.99	1	99
1939	0.99	1	99
1940	0.99	1	99
1941	0.99	1	99
1942	0.99	1	99
1943	0.99	1	99
1944	0.99	1	99
1945	0.99	1	99
1946	0.99	1	99
1947	0.99	1	99
1948	0.99	1	99
1949	0.99	1	99
1950	0.99	1	99
1951	0.99	1	99
1952	0.99	1	99
1953	0.99	1	99
1954	0.99	1	99
1955	0.99	1	99
1956	0.99	1	99
1957	0.99	1	99
1958	0.99	1	99
1959	0.99	1	99
1960	0.99	1	99
1961	0.99	1	99
1962	0.99	1	99
1963	0.99	1	99
1964	0.99	1	99
1965	0.99	1	99
1966	0.99	1	99
1967	0.99	1	99
1968	0.99	1	99
1969	0.99	1	99
1970	0.99	1	99
1971	0.99	1	99
1972	0.99	1	99
1973	0.99	1	99
1974	0.99	1	99
1975	0.99	1	99
1976	0.99	1	99
1977	0.99	1	99
1978	0.99	1	99
1979	0.99	1	99
1980	0.99	1	99
1981	0.99	1	99
1982	0.99	1	99
1983	0.99	1	99
1984	0.99	1	99
1985	0.99	1	99
1986	0.99	1	99
1987	0.99	1	99
1988	0.99	1	99
1989	0.99	1	99
1990	0.99	1	99
1991	0.99	1	99
1992	0.99	1	99
1993	1.00	0	100
1994	1.00	0	100
1995	1.00	0	100
1996	1.00	0	100
1997	1.00	0	100
1998	1.00	0	100
1999	1.00	0	100
2000	0.00	0	100
2001	0.01	1	99
2002	0.01	1	99
2003	0.02	2	98
2004	0.02	2	98
2005	0.03	3	97
2006	0.04	4	96
2007	0.05	5	95
2008	0.05	5	95
2009	0.05	5	95
2010	0.06	6	94
2011	0.06	6	94
2012	0.07	7	93
2013	0.07	7	93
2014	0.08	8	92
2015	0.09	9	91
2016	0.09	9	91
2017	0.10	10	90
2018	0.10	10	90
2019	0.11	11	89
2020	0.12	12	88
2021	0.12	12	88
2022	0.13	13	87
2023	0.13	13	87
2024	0.13	13	87
2025	0.13	13	87
2026	0.13	13	87
2027	0.14	14	86
2028	0.15	15	85
2029	0.15	15	85
2030	0.16	16	84
2031	0.16	16	84
2032	0.16	16	84
2033	0.16	16	84
2034	0.17	17	83
2035	0.17	17	83
2036	0.18	18	82
2037	0.19	19	81
2038	0.19	19	81
2039	0.20	20	80
2040	0.20	20	80
2041	0.21	21	79
2042	0.22	22	78
2043	0.23	23	77
2044	0.24	24	76
2045	0.24	24	76
2046	0.25	25	75
2047	0.26	26	74
2048	0.26	26	74
2049	0.26	26	74
2050	0.26	26	74
2051	0.27	27	73
2052	0.28	28	72
2053	0.28	28	72
2054	0.29	29	71
2055	0.29	29	71
2056	0.29	29	71
2057	0.29	29	71
2058	0.30	30	70
2059	0.30	30	70
2060	0.30	30	70
2061	0.31	31	69
2062	0.32	32	68
2063	0.33	33	67
2064	0.33	33	67
2065	0.34	34	66
2066	0.35	35	65
2067	0.36	36	64
2068	0.36	36	64
2069	0.37	37	63
2070	0.38	38	62
2071	0.39	39	61
2072	0.40	40	60
2073	0.41	41	59
2074	0.42	42	58
2075	0.42	42	58
2076	0.43	43	57
2077	0.44	44	56
2078	0.45	45	55
2079	0.46	46	54
2080	0.47	47	53
2081	0.48	48	52
2082	0.49	49	51
2083	0.50	50	50
2084	0.50	50	50
2085	0.51	51	49
2086	0.52	52	48
2087	0.52	52	48
2088	0.53	53	47
2089	0.54	54	46
2090	0.55	55	45
2091	0.56	56	44
2092	0.57	57	43
2093	0.58	58	42
2094	0.59	59	41
2095	0.60	60	40
2096	0.61	61	39
2097	0.62	62	38
2098	0.62	62	38
2099	0.63	63	37
2100	0.64	64	36
2101	0.64	64	36
2102	0.64	64	36
2103	0.63	63	37
2104	0.64	64	36
2105	0.64	64	36
2106	0.64	64	36
2107	0.64	64	36
2108	0.65	65	35
2109	0.66	66	34
2110	0.66	66	34
2111	0.67	67	33
2112	0.67	67	33
2113	0.68	68	32
2114	0.67	67	33
2115	0.67	67	33
2116	0.68	68	32
2117	0.68	68	32
2118	0.69	69	31
2119	0.69	69	31
2120	0.69	69	31
2121	0.70	70	30
2122	0.70	70	30
2123	0.71	71	29
2124	0.72	72	28
2125	0.73	73	27
2126	0.73	73	27
2127	0.73	73	27
2128	0.73	73	27
2129	0.74	74	26
2130	0.74	74	26
2131	0.75	75	25
2132	0.76	76	24
2133	0.76	76	24
2134	0.76	76	24
2135	0.77	77	23
2136	0.77	77	23
2137	0.77	77	23
2138	0.78	78	22
2139	0.78	78	22
2140	0.79	79	21
2141	0.79	79	21
2142	0.79	79	21
2143	0.79	79	21
2144	0.79	79	21
2145	0.80	80	20
2146	0.80	80	20
2147	0.80	80	20
2148	0.81	81	19
2149	0.82	82	18
2150	0.83	83	17
2151	0.83	83	17
2152	0.83	83	17
2153	0.84	84	16
2154	0.84	84	16
2155	0.85	85	15
2156	0.86	86	14
2157	0.87	87	13
2158	0.86	86	14
2159	0.87	87	13
2160	0.88	88	12
2161	0.88	88	12
2162	0.88	88	12
2163	0.88	88	12
2164	0.89	89	11
2165	0.89	89	11
2166	0.89	89	11
2167	0.89	89	11
2168	0.90	90	10
2169	0.90	90	10
2170	0.90	90	10
2171	0.90	90	10
2172	0.90	90	10
2173	0.90	90	10
2174	0.90	90	10
2175	0.91	91	9
2176	0.91	91	9
2177	0.91	91	9
2178	0.91	91	9
2179	0.91	91	9
2180	0.91	91	9
2181	0.91	91	9
2182	0.91	91	9
2183	0.91	91	9
2184	0.92	92	8
2185	0.92	92	8
2186	0.92	92	8
2187	0.93	93	7
2188	0.93	93	7
2189	0.93	93	7
2190	0.93	93	7
2191	0.93	93	7
2192	0.93	93	7
2193	0.93	93	7
2194	0.93	93	7
2195	0.93	93	7
2196	0.93	93	7
2197	0.93	93	7
2198	0.93	93	7
2199	0.93	93	7
2200	0.93	93	7
2201	0.93	93	7
2202	0.94	94	6
2203	0.95	95	5
2204	0.95	95	5
2205	0.95	95	5
2206	0.95	95	5
2207	0.95	95	5
2208	0.95	95	5
2209	0.95	95	5
2210	0.95	95	5
2211	0.95	95	5
2212	0.95	95	5
2213	0.95	95	5
2214	0.96	96	4
2215	0.96	96	4
2216	0.96	96	4
2217	0.96	96	4
2218	0.96	96	4
2219	0.96	96	4
2220	0.96	96	4
2221	0.96	96	4
2222	0.96	96	4
2223	0.96	96	4
2224	0.96	96	4
2225	0.96	96	4
2226	0.97	97	3
2227	0.97	97	3
2228	0.97	97	3
2229	0.97	97	3
2230	0.97	97	3
2231	0.97	97	3
2232	0.97	97	3
2233	0.98	98	2
2234	0.98	98	2
2235	0.98	98	2
2236	0.98	98	2
2237	0.98	98	2
2238	0.98	98	2
2239	0.98	98	2
2240	0.98	98	2
2241	0.98	98	2
2242	0.98	98	2
2243	0.98	98	2
2244	0.98	98	2
2245	0.98	98	2
2246	0.98	98	2
2247	0.98	98	2
2248	0.98	98	2
2249	0.98	98	2
2250	0.98	98	2
2251	0.98	98	2
2252	0.98	98	2
2253	0.98	98	2
2254	0.98	98	2
2255	0.98	98	2
2256	0.98	98	2
2257	0.98	98	2
2258	0.99	99	1
2259	0.99	99	1
2260	0.99	99	1
2261	0.99	99	1
2262	0.99	99	1
2263	0.99	99	1
2264	0.99	99	1
2265	0.99	99	1
2266	0.99	99	1
2267	0.99	99	1
2268	0.99	99	1
2269	0.98	98	2
2270	0.98	98	2
2271	0.98	98	2
2272	0.98	98	2
2273	0.98	98	2
2274	0.98	98	2
2275	0.98	98	2
2276	0.98	98	2
2277	0.98	98	2
2278	0.98	98	2
2279	0.98	98	2
2280	0.98	98	2
2281	0.98	98	2
2282	0.98	98	2
2283	0.98	98	2
2284	0.98	98	2
2285	0.98	98	2
2286	0.98	98	2
2287	0.98	98	2
2288	0.98	98	2
2289	0.98	98	2
2290	0.98	98	2
2291	0.98	98	2
2292	0.98	98	2
2293	0.98	98	2
2294	0.98	98	2
2295	0.98	98	2
2296	0.98	98	2
2297	0.98	98	2
2298	0.99	99	1
2299	0.99	99	1
2300	0.99	99	1
2301	0.99	99	1
2302	0.99	99	1
2303	0.99	99	1
2304	0.99	99	1
2305	0.99	99	1
2306	0.99	99	1
2307	0.99	99	1
2308	0.99	99	1
2309	0.99	99	1
2310	0.99	99	1
2311	0.99	99	1
2312	0.99	99	1
2313	0.99	99	1
2314	0.99	99	1
2315	0.99	99	1
2316	0.99	99	1
2317	0.99	99	1
2318	0.99	99	1
2319	0.99	99	1
2320	0.99	99	1
2321	0.99	99	1
2322	0.99	99	1
2323	0.99	99	1
2324	0.99	99	1
2325	0.99	99	1
2326	0.99	99	1
2327	0.99	99	1
2328	0.99	99	1
2329	0.99	99	1
2330	0.99	99	1
2331	0.99	99	1
2332	0.99	99	1
2333	0.99	99	1
2334	0.99	99	1
2335	0.99	99	1
2336	0.99	99	1
2337	0.99	99	1
2338	0.99	99	1
2339	0.99	99	1
2340	0.99	99	1
2341	0.99	99	1
2342	0.99	99	1
2343	0.99	99	1
2344	0.99	99	1
2345	0.99	99	1
2346	0.99	99	1
2347	0.99	99	1
2348	0.99	99	1
2349	0.99	99	1
2350	0.99	99	1
2351	0.99	99	1
2352	0.99	99	1
2353	0.99	99	1
2354	0.99	99	1
2355	0.99	99	1
2356	0.99	99	1
2357	0.99	99	1
2358	0.99	99	1
2359	0.99	99	1
2360	0.99	99	1
2361	0.99	99	1
2362	0.99	99	1
2363	0.99	99	1
2364	0.99	99	1
2365	0.99	99	1
2366	0.99	99	1
2367	0.99	99	1
2368	0.99	99	1
2369	1.00	100	0
2370	1.00	100	0
2371	1.00	100	0
2372	1.00	100	0
2373	1.00	100	0
2374	1.00	100	0
2375	1.00	100	0
2376	1.00	100	0
2377	1.00	100	0
2378	1.00	100	0
2379	1.00	100	0
2380	1.00	100	0
2381	1.00	100	0
2382	1.00	100	0
2383	1.00	100	0
2384	1.00	100	0
2385	1.00	100	0
2386	1.00	100	0
2387	1.00	100	0
2388	1.00	100	0
2389	1.00	100	0
2390	1.00	100	0
2391	1.00	100	0
2392	1.00	100	0
2393	1.00	100	0
2394	1.00	100	0
2395	1.00	100	0
2396	1.00	100	0
2397	1.00	100	0
2398	1.00	100	0
2399	1.00	100	0
2400	1.00	100	0
2401	1.00	100	0
2402	1.00	100	0
2403	1.00	100	0
2404	1.00	100	0
2405	1.00	100	0
2406	1.00	100	0
2407	1.00	100	0
2408	1.00	100	0
2409	1.00	100	0
2410	1.00	100	0
2411	1.00	100	0
2412	1.00	100	0
2413	1.00	100	0
2414	1.00	100	0
2415	1.00	100	0
2416	1.00	100	0
2417	1.00	100	0
2418	1.00	100	0
2419	1.00	100	0
2420	1.00	100	0
2421	1.00	100	0
2422	1.00	100	0
2423	1.00	100	0
2424	1.00	100	0
2425	1.00	100	0
2426	1.00	100	0
2427	1.00	100	0
2428	1.00	100	0
2429	0.99	99	1
2430	0.99	99	1
2431	0.99	99	1
2432	0.99	99	1
2433	0.99	99	1
2434	0.99	99	1
2435	0.98	98	2
2436	0.98	98	2
2437	0.98	98	2
2438	0.98	98	2
2439	0.98	98	2
2440	0.98	98	2
2441	0.98	98	2
2442	0.98	98	2
2443	0.98	98	2
2444	0.98	98	2
2445	0.98	98	2
2446	0.98	98	2
2447	0.98	98	2
2448	0.98	98	2
2449	0.98	98	2
2450	0.98	98	2
2451	0.98	98	2
2452	0.98	98	2
2453	0.98	98	2
2454	0.98	98	2
2455	0.98	98	2
2456	0.98	98	2
2457	0.98	98	2
2458	0.98	98	2
2459	0.98	98	2
2460	0.98	98	2
2461	0.98	98	2
2462	0.98	98	2
2463	0.98	98	2
2464	0.98	98	2
2465	0.98	98	2
2466	0.98	98	2
2467	0.98	98	2
2468	0.98	98	2
2469	0.98	98	2
2470	0.98	98	2
2471	0.98	98	2
2472	0.98	98	2
2473	0.98	98	2
2474	0.98	98	2
2475	0.98	98	2
2476	0.98	98	2
2477	0.98	98	2
2478	0.98	98	2
2479	0.98	98	2
2480	0.98	98	2
2481	0.98	98	2
2482	0.98	98	2
2483	0.98	98	2
2484	0.98	98	2
2485	0.98	98	2
2486	0.98	98	2
2487	0.98	98	2
2488	0.98	98	2
2489	0.98	98	2
2490	0.98	98	2
2491	0.98	98	2
2492	0.98	98	2
2493	0.98	98	2
2494	0.98	98	2
2495	0.98	98	2
2496	0.98	98	2
2497	0.98	98	2
2498	0.98	98	2
2499	0.98	98	2
2500	0.98	98	2
2501	0.98	98	2
2502	0.98	98	2
2503	0.98	98	2
2504	0.98	98	2
2505	0.98	98	2
2506	0.98	98	2
2507	0.98	98	2
2508	0.98	98	2
2509	0.98	98	2
2510	0.98	98	2
2511	0.98	98	2
2512	0.98	98	2
2513	0.97	97	3
2514	0.97	97	3
2515	0.97	97	3
2516	0.97	97	3
2517	0.97	97	3
2518	0.97	97	3
2519	0.97	97	3
2520	0.97	97	3
2521	0.97	97	3
2522	0.97	97	3
2523	0.97	97	3
2524	0.97	97	3
2525	0.97	97	3
2526	0.97	97	3
2527	0.97	97	3
2528	0.97	97	3
2529	0.98	98	2
2530	0.98	98	2
2531	0.98	98	2
2532	0.98	98	2
2533	0.98	98	2
2534	0.98	98	2
2535	0.99	99	1
2536	0.99	99	1
2537	0.99	99	1
2538	0.99	99	1
2539	0.99	99	1
2540	0.99	99	1
2541	0.99	99	1
2542	0.99	99	1
2543	0.99	99	1
2544	0.99	99	1
2545	0.99	99	1
2546	0.99	99	1
2547	0.99	99	1
2548	0.99	99	1
2549	0.99	99	1
2550	0.99	99	1
2551	0.99	99	1
2552	0.99	99	1
2553	0.99	99	1
2554	0.98	98	2
2555	0.98	98	2
2556	0.98	98	2
2557	0.98	98	2
2558	0.98	98	2
2559	0.98	98	2
2560	0.98	98	2
2561	0.98	98	2
2562	0.98	98	2
2563	0.98	98	2
2564	0.98	98	2
2565	0.98	98	2
2566	0.98	98	2
2567	0.98	98	2
2568	0.98	98	2
2569	0.98	98	2
2570	0.98	98	2
2571	0.98	98	2
2572	0.98	98	2
2573	0.98	98	2
2574	0.98	98	2
2575	0.98	98	2
2576	0.98	98	2
2577	0.98	98	2
2578	0.98	98	2
2579	0.98	98	2
2580	0.98	98	2
2581	0.98	98	2
2582	0.98	98	2
2583	0.98	98	2
2584	0.98	98	2
2585	0.98	98	2
2586	0.98	98	2
2587	0.98	98	2
2588	0.98	98	2
2589	0.98	98	2
2590	0.98	98	2
2591	0.98	98	2
2592	0.98	98	2
2593	0.98	98	2
2594	0.98	98	2
2595	0.98	98	2
2596	0.98	98	2
2597	0.98	98	2
2598	0.98	98	2
2599	0.98	98	2
2600	0.98	98	2
2601	0.98	98	2
2602	0.98	98	2
2603	0.98	98	2
2604	0.98	98	2
2605	0.98	98	2
2606	0.98	98	2
2607	0.98	98	2
2608	0.98	98	2
2609	0.98	98	2
2610	0.98	98	2
2611	0.98	98	2
2612	0.98	98	2
2613	0.99	99	1
2614	0.99	99	1
2615	0.99	99	1
2616	0.99	99	1
2617	0.99	99	1
2618	0.99	99	1
2619	0.99	99	1
2620	0.99	99	1
2621	0.99	99	1
2622	0.99	99	1
2623	0.99	99	1
2624	0.99	99	1
2625	0.99	99	1
2626	0.99	99	1
2627	0.99	99	1
2628	0.99	99	1
2629	0.99	99	1
2630	0.99	99	1
2631	0.99	99	1
2632	0.99	99	1
2633	0.99	99	1
2634	0.99	99	1
2635	0.99	99	1
2636	0.99	99	1
2637	0.99	99	1
2638	0.99	99	1
2639	0.99	99	1
2640	0.99	99	1
2641	0.99	99	1
2642	0.99	99	1
2643	0.99	99	1
2644	0.99	99	1
2645	0.99	99	1
2646	0.99	99	1
2647	0.99	99	1
2648	0.99	99	1
2649	0.99	99	1
2650	0.99	99	1
2651	0.99	99	1
2652	0.99	99	1
2653	0.99	99	1
2654	1.00	100	0
2655	1.00	100	0
2656	1.00	100	0
2657	1.00	100	0
2658	1.00	100	0
2659	1.00	100	0
2660	1.00	100	0
2661	1.00	100	0
2662	1.00	100	0
2663	1.00	100	0
2664	1.00	100	0
2665	1.00	100	0
2666	1.00	100	0
2667	1.00	100	0
2668	1.00	100	0
2669	1.00	100	0
2670	1.00	100	0
2671	1.00	100	0
2672	1.00	100	0
2673	1.00	100	0
2674	1.00	100	0
2675	1.00	100	0
2676	1.00	100	0
2677	1.00	100	0
2678	1.00	100	0
2679	1.00	100	0
2680	1.00	100	0
2681	1.00	100	0
2682	1.00	100	0
2683	1.00	100	0
2684	1.00	100	0
2685	1.00	100	0
2686	1.00	100	0
2687	1.00	100	0
2688	1.00	100	0
2689	1.00	100	0
2690	1.00	100	0
2691	1.00	100	0
2692	1.00	100	0
2693	1.00	100	0
2694	1.00	100	0
2695	1.00	100	0
2696	1.00	100	0
2697	1.00	100	0
2698	1.00	100	0
2699	1.00	100	0
2700	1.00	100	0
2701	1.00	100	0
2702	1.00	100	0
2703	1.00	100	0
2704	1.00	100	0
2705	1.00	100	0
2706	1.00	100	0
2707	1.00	100	0
2708	1.00	100	0
2709	1.00	100	0
2710	1.00	100	0
2711	1.00	100	0
2712	1.00	100	0
2713	1.00	100	0
2714	1.00	100	0
2715	1.00	100	0
2716	1.00	100	0
2717	1.00	100	0
2718	1.00	100	0
2719	1.00	100	0
2720	1.00	100	0
2721	1.00	100	0
2722	1.00	100	0
2723	1.00	100	0
2724	1.00	100	0
2725	1.00	100	0
2726	1.00	100	0
2727	1.00	100	0
2728	1.00	100	0
2729	1.00	100	0
2730	1.00	100	0
2731	1.00	100	0
2732	1.00	100	0
2733	1.00	100	0
2734	1.00	100	0
2735	1.00	100	0
2736	1.00	100	0
2737	1.00	100	0
2738	1.00	100	0
2739	1.00	100	0
2740	1.00	100	0
2741	1.00	100	0
2742	1.00	100	0
2743	1.00	100	0
2744	1.00	100	0
2745	1.00	100	0
2746	1.00	100	0
2747	1.00	100	0
2748	1.00	100	0
2749	1.00	100	0
2750	1.00	100	0
2751	1.00	100	0
2752	1.00	100	0
2753	1.00	100	0
2754	1.00	100	0
2755	1.00	100	0
2756	1.00	100	0
2757	1.00	100	0
2758	1.00	100	0
2759	1.00	100	0
2760	1.00	100	0
2761	1.00	100	0
2762	1.00	100	0
2763	1.00	100	0
2764	1.00	100	0
2765	1.00	100	0
2766	1.00	100	0
2767	1.00	100	0
2768	1.00	100	0
2769	1.00	100	0
2770	1.00	100	0
2771	1.00	100	0
2772	1.00	100	0
2773	1.00	100	0
2774	1.00	100	0
2775	1.00	100	0
2776	1.00	100	0
2777	1.00	100	0
2778	1.00	100	0
2779	1.00	100	0
2780	1.00	100	0
2781	1.00	100	0
2782	1.00	100	0
2783	1.00	100	0
2784	1.00	100	0
2785	1.00	100	0
2786	1.00	100	0
2787	0.99	99	1
2788	0.99	99	1
2789	0.99	99	1
2790	0.99	99	1
2791	0.99	99	1
2792	0.99	99	1
2793	0.99	99	1
2794	0.99	99	1
2795	0.99	99	1
2796	0.99	99	1
2797	0.99	99	1
2798	0.99	99	1
2799	0.99	99	1
2800	0.99	99	1
2801	0.99	99	1
2802	0.99	99	1
2803	0.99	99	1
2804	0.99	99	1
2805	0.99	99	1
2806	0.99	99	1
2807	0.99	99	1
2808	0.99	99	1
2809	0.99	99	1
2810	0.99	99	1
2811	0.99	99	1
2812	0.99	99	1
2813	0.99	99	1
2814	0.99	99	1
2815	0.99	99	1
2816	0.99	99	1
2817	0.99	99	1
2818	0.99	99	1
2819	0.99	99	1
2820	0.99	99	1
2821	0.99	99	1
2822	0.99	99	1
2823	0.99	99	1
2824	0.99	99	1
2825	0.99	99	1
2826	0.99	99	1
2827	0.99	99	1
2828	0.99	99	1
2829	0.99	99	1
2830	0.99	99	1
2831	0.99	99	1
2832	0.99	99	1
2833	0.99	99	1
2834	0.99	99	1
2835	0.99	99	1
2836	0.99	99	1
2837	0.99	99	1
2838	0.99	99	1
2839	0.99	99	1
2840	0.99	99	1
2841	0.99	99	1
2842	0.99	99	1
2843	0.99	99	1
2844	0.99	99	1
2845	0.99	99	1
2846	0.99	99	1
2847	0.99	99	1
2848	0.99	99	1
2849	0.99	99	1
2850	0.99	99	1
2851	0.99	99	1
2852	0.99	99	1
2853	0.99	99	1
2854	0.99	99	1
2855	0.99	99	1
2856	0.99	99	1
2857	0.99	99	1
2858	0.99	99	1
2859	0.99	99	1
2860	0.99	99	1
2861	0.99	99	1
2862	0.99	99	1
2863	0.99	99	1
2864	0.99	99	1
2865	0.99	99	1
2866	0.99	99	1
2867	0.99	99	1
2868	0.99	99	1
2869	0.99	99	1
2870	0.99	99	1
2871	0.99	99	1
2872	0.99	99	1
2873	0.99	99	1
2874	0.99	99	1
2875	0.99	99	1
2876	0.99	99	1
2877	0.99	99	1
2878	0.99	99	1
2879	0.99	99	1
2880	0.99	99	1
2881	0.99	99	1
2882	0.99	99	1
2883	0.99	99	1
2884	0.99	99	1
2885	0.99	99	1
2886	0.99	99	1
2887	1.00	100	0
2888	1.00	100	0
2889	1.00	100	0
2890	1.00	100	0
2891	1.00	100	0
2892	1.00	100	0
2893	1.00	100	0
2894	1.00	100	0
2895	1.00	100	0
2896	1.00	100	0
2897	1.00	100	0
2898	1.00	100	0
2899	1.00	100	0
2900	1.00	100	0
2901	1.00	100	0
2902	1.00	100	0
2903	1.00	100	0
2904	1.00	100	0
2905	1.00	100	0
2906	1.00	100	0
2907	1.00	100	0
2908	1.00	100	0
2909	1.00	100	0
2910	1.00	100	0
2911	1.00	100	0
2912	1.00	100	0
2913	1.00	100	0
2914	1.00	100	0
2915	1.00	100	0
2916	1.00	100	0
2917	1.00	100	0
2918	1.00	100	0
2919	1.00	100	0
2920	1.00	100	0
2921	1.00	100	0
2922	1.00	100	0
2923	1.00	100	0
2924	1.00	100	0
2925	1.00	100	0
2926	1.00	100	0
2927	1.00	100	0
2928	1.00	100	0
2929	1.00	100	0
2930	1.00	100	0
2931	1.00	100	0
2932	1.00	100	0
2933	1.00	100	0
2934	1.00	100	0
2935	1.00	100	0
2936	1.00	100	0
2937	1.00	100	0
2938	1.00	100	0
2939	1.00	100	0
2940	1.00	100	0
2941	1.00	100	0
2942	1.00	100	0
2943	1.00	100	0
2944	1.00	100	0
2945	1.00	100	0
2946	1.00	100	0
2947	1.00	100	0
2948	1.00	100	0
2949	1.00	100	0
2950	1.00	100	0
2951	1.00	100	0
2952	1.00	100	0
2953	1.00	100	0
2954	1.00	100	0
2955	1.00	100	0
2956	1.00	100	0
2957	1.00	100	0
2958	1.00	100	0
2959	1.00	100	0
2960	1.00	100	0
2961	1.00	100	0
2962	1.00	100	0
2963	1.00	100	0
2964	1.00	100	0
2965	1.00	100	0
2966	1.00	100	0
2967	1.00	100	0
2968	1.00	100	0
2969	1.00	100	0
2970	1.00	100	0
2971	1.00	100	0
2972	1.00	100	0
2973	1.00	100	0
2974	1.00	100	0
2975	1.00	100	0
2976	1.00	100	0
2977	1.00	100	0
2978	1.00	100	0
2979	1.00	100	0
2980	1.00	100	0
2981	1.00	100	0
2982	1.00	100	0
2983	1.00	100	0
2984	0.99	99	1
2985	0.99	99	1
2986	0.99	99	1
2987	0.99	99	1
2988	0.99	99	1
2989	0.99	99	1
2990	0.99	99	1
2991	0.99	99	1
2992	0.99	99	1
2993	0.99	99	1
2994	0.99	99	1
2995	0.99	99	1
2996	0.99	99	1
2997	0.99	99	1
2998	0.99	99	1
2999	0.99	99	1
3000	0.01	99	1
3001	0.01	99	1
3002	0.01	99	1
3003	0.02	98	2
3004	0.02	98	2
3005	0.02	98	2
3006	0.03	97	3
3007	0.03	97	3
3008	0.03	97	3
3009	0.04	96	4
3010	0.04	96	4
3011	0.04	96	4
3012	0.04	96	4
3013	0.04	96	4
3014	0.04	96	4
3015	0.05	95	5
3016	0.06	94	6
3017	0.06	94	6
3018	0.06	94	6
3019	0.06	94	6
3020	0.07	93	7
3021	0.07	93	7
3022	0.07	93	7
3023	0.08	92	8
3024	0.08	92	8
3025	0.08	92	8
3026	0.08	92	8
3027	0.08	92	8
3028	0.08	92	8
3029	0.08	92	8
3030	0.09	91	9
3031	0.09	91	9
3032	0.10	90	10
3033	0.11	89	11
3034	0.12	88	12
3035	0.12	88	12
3036	0.12	88	12
3037	0.13	87	13
3038	0.14	86	14
3039	0.14	86	14
3040	0.14	86	14
3041	0.14	86	14
3042	0.15	85	15
3043	0.16	84	16
3044	0.17	83	17
3045	0.18	82	18
3046	0.19	81	19
3047	0.20	80	20
3048	0.21	79	21
3049	0.21	79	21
3050	0.22	78	22
3051	0.22	78	22
3052	0.22	78	22
3053	0.22	78	22
3054	0.23	77	23
3055	0.24	76	24
3056	0.25	75	25
3057	0.26	74	26
3058	0.27	73	27
3059	0.28	72	28
3060	0.28	72	28
3061	0.29	71	29
3062	0.29	71	29
3063	0.29	71	29
3064	0.30	70	30
3065	0.31	69	31
3066	0.32	68	32
3067	0.32	68	32
3068	0.33	67	33
3069	0.34	66	34
3070	0.35	65	35
3071	0.36	64	36
3072	0.37	63	37
3073	0.38	62	38
3074	0.39	61	39
3075	0.40	60	40
3076	0.41	59	41
3077	0.42	58	42
3078	0.43	57	43
3079	0.44	56	44
3080	0.45	55	45
3081	0.46	54	46
3082	0.47	53	47
3083	0.48	52	48
3084	0.48	52	48
3085	0.49	51	49
3086	0.49	51	49
3087	0.49	51	49
3088	0.49	51	49
3089	0.50	50	50
3090	0.51	49	51
3091	0.52	48	52
3092	0.52	48	52
3093	0.53	47	53
3094	0.54	46	54
3095	0.55	45	55
3096	0.56	44	56
3097	0.56	44	56
3098	0.56	44	56
3099	0.57	43	57
3100	0.57	43	57
3101	0.57	43	57
3102	0.58	42	58
3103	0.58	42	58
3104	0.59	41	59
3105	0.60	40	60
3106	0.60	40	60
3107	0.61	39	61
3108	0.62	38	62
3109	0.62	38	62
3110	0.63	37	63
3111	0.64	36	64
3112	0.65	35	65
3113	0.66	34	66
3114	0.67	33	67
3115	0.67	33	67
3116	0.67	33	67
3117	0.68	32	68
3118	0.69	31	69
3119	0.70	30	70
3120	0.70	30	70
3121	0.71	29	71
3122	0.72	28	72
3123	0.71	29	71
3124	0.72	28	72
3125	0.73	27	73
3126	0.74	26	74
3127	0.75	25	75
3128	0.76	24	76
3129	0.77	23	77
3130	0.77	23	77
3131	0.78	22	78
3132	0.78	22	78
3133	0.78	22	78
3134	0.78	22	78
3135	0.79	21	79
3136	0.80	20	80
3137	0.80	20	80
3138	0.80	20	80
3139	0.81	19	81
3140	0.82	18	82
3141	0.83	17	83
3142	0.83	17	83
3143	0.83	17	83
3144	0.83	17	83
3145	0.83	17	83
3146	0.83	17	83
3147	0.82	18	82
3148	0.82	18	82
3149	0.83	17	83
3150	0.83	17	83
3151	0.84	16	84
3152	0.85	15	85
3153	0.86	14	86
3154	0.86	14	86
3155	0.86	14	86
3156	0.86	14	86
3157	0.86	14	86
3158	0.86	14	86
3159	0.86	14	86
3160	0.87	13	87
3161	0.87	13	87
3162	0.88	12	88
3163	0.89	11	89
3164	0.89	11	89
3165	0.89	11	89
3166	0.89	11	89
3167	0.90	10	90
3168	0.90	10	90
3169	0.90	10	90
3170	0.90	10	90
3171	0.90	10	90
3172	0.89	11	89
3173	0.89	11	89
3174	0.89	11	89
3175	0.89	11	89
3176	0.89	11	89
3177	0.89	11	89
3178	0.89	11	89
3179	0.89	11	89
3180	0.89	11	89
3181	0.89	11	89
3182	0.89	11	89
3183	0.89	11	89
3184	0.89	11	89
3185	0.89	11	89
3186	0.90	10	90
3187	0.91	9	91
3188	0.92	8	92
3189	0.92	8	92
3190	0.92	8	92
3191	0.92	8	92
3192	0.93	7	93
3193	0.93	7	93
3194	0.93	7	93
3195	0.93	7	93
3196	0.93	7	93
3197	0.94	6	94
3198	0.95	5	95
3199	0.95	5	95
3200	0.96	4	96
3201	0.97	3	97
3202	0.97	3	97
3203	0.97	3	97
3204	0.97	3	97
3205	0.97	3	97
3206	0.97	3	97
3207	0.97	3	97
3208	0.97	3	97
3209	0.97	3	97
3210	0.97	3	97
3211	0.97	3	97
3212	0.97	3	97
3213	0.97	3	97
3214	0.97	3	97
3215	0.97	3	97
3216	0.97	3	97
3217	0.97	3	97
3218	0.97	3	97
3219	0.96	4	96
3220	0.95	5	95
3221	0.95	5	95
3222	0.95	5	95
3223	0.96	4	96
3224	0.96	4	96
3225	0.96	4	96
3226	0.96	4	96
3227	0.96	4	96
3228	0.96	4	96
3229	0.96	4	96
3230	0.96	4	96
3231	0.96	4	96
3232	0.96	4	96
3233	0.96	4	96
3234	0.96	4	96
3235	0.96	4	96
3236	0.96	4	96
3237	0.96	4	96
3238	0.96	4	96
3239	0.96	4	96
3240	0.96	4	96
3241	0.96	4	96
3242	0.96	4	96
3243	0.96	4	96
3244	0.96	4	96
3245	0.96	4	96
3246	0.96	4	96
3247	0.97	3	97
3248	0.97	3	97
3249	0.97	3	97
3250	0.97	3	97
3251	0.97	3	97
3252	0.97	3	97
3253	0.97	3	97
3254	0.97	3	97
3255	0.97	3	97
3256	0.97	3	97
3257	0.97	3	97
3258	0.97	3	97
3259	0.97	3	97
3260	0.97	3	97
3261	0.97	3	97
3262	0.97	3	97
3263	0.97	3	97
3264	0.97	3	97
3265	0.97	3	97
3266	0.97	3	97
3267	0.97	3	97
3268	0.97	3	97
3269	0.97	3	97
3270	0.97	3	97
3271	0.97	3	97
3272	0.98	2	98
3273	0.98	2	98
3274	0.98	2	98
3275	0.98	2	98
3276	0.98	2	98
3277	0.98	2	98
3278	0.98	2	98
3279	0.98	2	98
3280	0.98	2	98
3281	0.98	2	98
3282	0.98	2	98
3283	0.98	2	98
3284	0.98	2	98
3285	0.98	2	98
3286	0.98	2	98
3287	0.98	2	98
3288	0.98	2	98
3289	0.98	2	98
3290	0.98	2	98
3291	0.98	2	98
3292	0.98	2	98
3293	0.98	2	98
3294	0.98	2	98
3295	0.98	2	98
3296	0.98	2	98
3297	0.98	2	98
3298	0.98	2	98
3299	0.98	2	98
3300	0.98	2	98
3301	0.98	2	98
3302	0.98	2	98
3303	0.98	2	98
3304	0.98	2	98
3305	0.98	2	98
3306	0.98	2	98
3307	0.98	2	98
3308	0.98	2	98
3309	0.98	2	98
3310	0.98	2	98
3311	0.98	2	98
3312	0.98	2	98
3313	0.98	2	98
3314	0.98	2	98
3315	0.98	2	98
3316	0.98	2	98
3317	0.98	2	98
3318	0.98	2	98
3319	0.99	1	99
3320	1.00	0	100
3321	1.00	0	100
3322	1.00	0	100
3323	1.00	0	100
3324	1.00	0	100
3325	1.00	0	100
3326	1.00	0	100
3327	1.00	0	100
3328	1.00	0	100
3329	1.00	0	100
3330	1.00	0	100
3331	1.00	0	100
3332	1.00	0	100
3333	1.00	0	100
3334	1.00	0	100
3335	1.00	0	100
3336	1.00	0	100
3337	1.00	0	100
3338	1.00	0	100
3339	1.00	0	100
3340	1.00	0	100
3341	1.00	0	100
3342	1.00	0	100
3343	1.00	0	100
3344	0.99	1	99
3345	0.99	1	99
3346	0.99	1	99
3347	0.99	1	99
3348	0.99	1	99
3349	0.99	1	99
3350	0.99	1	99
3351	0.99	1	99
3352	0.99	1	99
3353	0.99	1	99
3354	0.99	1	99
3355	0.99	1	99
3356	0.99	1	99
3357	0.99	1	99
3358	0.99	1	99
3359	0.99	1	99
3360	0.99	1	99
3361	0.99	1	99
3362	0.99	1	99
3363	0.99	1	99
3364	0.99	1	99
3365	0.99	1	99
3366	0.99	1	99
3367	0.99	1	99
3368	0.98	2	98
3369	0.98	2	98
3370	0.98	2	98
3371	0.98	2	98
3372	0.98	2	98
3373	0.98	2	98
3374	0.98	2	98
3375	0.98	2	98
3376	0.98	2	98
3377	0.98	2	98
3378	0.98	2	98
3379	0.98	2	98
3380	0.98	2	98
3381	0.98	2	98
3382	0.98	2	98
3383	0.98	2	98
3384	0.98	2	98
3385	0.98	2	98
3386	0.98	2	98
3387	0.98	2	98
3388	0.98	2	98
3389	0.98	2	98
3390	0.98	2	98
3391	0.98	2	98
3392	0.98	2	98
3393	0.98	2	98
3394	0.98	2	98
3395	0.98	2	98
3396	0.98	2	98
3397	0.98	2	98
3398	0.98	2	98
3399	0.98	2	98
3400	0.98	2	98
3401	0.98	2	98
3402	0.98	2	98
3403	0.98	2	98
3404	0.98	2	98
3405	0.98	2	98
3406	0.97	3	97
3407	0.97	3	97
3408	0.97	3	97
3409	0.97	3	97
3410	0.97	3	97
3411	0.97	3	97
3412	0.97	3	97
3413	0.97	3	97
3414	0.97	3	97
3415	0.97	3	97
3416	0.97	3	97
3417	0.97	3	97
3418	0.97	3	97
3419	0.97	3	97
3420	0.97	3	97
3421	0.97	3	97
3422	0.97	3	97
3423	0.97	3	97
3424	0.97	3	97
3425	0.97	3	97
3426	0.97	3	97
3427	0.97	3	97
3428	0.97	3	97
3429	0.97	3	97
3430	0.97	3	97
3431	0.97	3	97
3432	0.97	3	97
3433	0.97	3	97
3434	0.97	3	97
3435	0.97	3	97
3436	0.97	3	97
3437	0.97	3	97
3438	0.97	3	97
3439	0.97	3	97
3440	0.97	3	97
3441	0.97	3	97
3442	0.97	3	97
3443	0.97	3	97
3444	0.98	2	98
3445	0.98	2	98
3446	0.98	2	98
3447	0.98	2	98
3448	0.98	2	98
3449	0.98	2	98
3450	0.98	2	98
3451	0.98	2	98
3452	0.98	2	98
3453	0.98	2	98
3454	0.98	2	98
3455	0.98	2	98
3456	0.98	2	98
3457	0.98	2	98
3458	0.98	2	98
3459	0.98	2	98
3460	0.98	2	98
3461	0.98	2	98
3462	0.98	2	98
3463	0.98	2	98
3464	0.98	2	98
3465	0.98	2	98
3466	0.98	2	98
3467	0.98	2	98
3468	0.99	1	99
3469	0.99	1	99
3470	0.99	1	99
3471	0.99	1	99
3472	0.99	1	99
3473	0.99	1	99
3474	0.99	1	99
3475	0.99	1	99
3476	0.99	1	99
3477	0.99	1	99
3478	0.99	1	99
3479	0.99	1	99
3480	0.99	1	99
3481	0.99	1	99
3482	0.99	1	99
3483	0.99	1	99
3484	0.99	1	99
3485	0.99	1	99
3486	0.99	1	99
3487	0.99	1	99
3488	0.99	1	99
3489	0.99	1	99
3490	0.99	1	99
3491	0.99	1	99
3492	0.99	1	99
3493	0.99	1	99
3494	0.99	1	99
3495	0.99	1	99
3496	0.99	1	99
3497	0.99	1	99
3498	0.99	1	99
3499	0.99	1	99
3500	0.99	1	99
3501	0.99	1	99
3502	0.99	1	99
3503	0.99	1	99
3504	0.99	1	99
3505	0.99	1	99
3506	1.00	0	100
3507	1.00	0	100
3508	1.00	0	100
3509	1.00	0	100
3510	1.00	0	100
3511	1.00	0	100
3512	1.00	0	100
3513	1.00	0	100
3514	1.00	0	100
3515	1.00	0	100
3516	1.00	0	100
3517	1.00	0	100
3518	1.00	0	100
3519	1.00	0	100
3520	1.00	0	100
3521	1.00	0	100
3522	1.00	0	100
3523	1.00	0	100
3524	1.00	0	100
3525	1.00	0	100
3526	1.00	0	100
3527	1.00	0	100
3528	1.00	0	100
3529	1.00	0	100
3530	1.00	0	100
3531	1.00	0	100
3532	1.00	0	100
3533	1.00	0	100
3534	1.00	0	100
3535	1.00	0	100
3536	1.00	0	100
3537	1.00	0	100
3538	1.00	0	100
3539	1.00	0	100
3540	1.00	0	100
3541	1.00	0	100
3542	1.00	0	100
3543	1.00	0	100
3544	1.00	0	100
3545	1.00	0	100
3546	1.00	0	100
3547	1.00	0	100
3548	1.00	0	100
3549	1.00	0	100
3550	1.00	0	100
3551	1.00	0	100
3552	1.00	0	100
3553	1.00	0	100
3554	1.00	0	100
3555	1.00	0	100
3556	1.00	0	100
3557	1.00	0	100
3558	1.00	0	100
3559	1.00	0	100
3560	1.00	0	100
3561	1.00	0	100
3562	1.00	0	100
3563	1.00	0	100
3564	1.00	0	100
3565	1.00	0	100
3566	1.00	0	100
3567	1.00	0	100
3568	1.00	0	100
3569	1.00	0	100
3570	1.00	0	100
3571	1.00	0	100
3572	1.00	0	100
3573	1.00	0	100
3574	1.00	0	100
3575	1.00	0	100
3576	1.00	0	100
3577	1.00	0	100
3578	1.00	0	100
3579	1.00	0	100
3580	1.00	0	100
3581	1.00	0	100
3582	0.99	1	99
3583	0.99	1	99
3584	0.99	1	99
3585	0.99	1	99
3586	0.99	1	99
3587	0.99	1	99
3588	0.99	1	99
3589	0.99	1	99
3590	0.99	1	99
3591	0.99	1	99
3592	0.99	1	99
3593	0.99	1	99
3594	0.99	1	99
3595	0.99	1	99
3596	0.99	1	99
3597	0.99	1	99
3598	0.99	1	99
3599	0.99	1	99
3600	0.99	1	99
3601	0.99	1	99
3602	0.99	1	99
3603	0.99	1	99
3604	0.99	1	99
3605	0.99	1	99
3606	0.99	1	99
3607	0.99	1	99
3608	0.99	1	99
3609	0.99	1	99
3610	0.99	1	99
3611	0.99	1	99
3612	0.99	1	99
3613	0.99	1	99
3614	0.99	1	99
3615	0.99	1	99
3616	0.99	1	99
3617	0.99	1	99
3618	0.99	1	99
3619	0.99	1	99
3620	0.99	1	99
3621	0.99	1	99
3622	0.99	1	99
3623	0.99	1	99
3624	0.99	1	99
3625	0.99	1	99
3626	0.99	1	99
3627	0.99	1	99
3628	0.99	1	99
3629	0.99	1	99
3630	0.99	1	99
3631	0.99	1	99
3632	0.99	1	99
3633	0.99	1	99
3634	0.99	1	99
3635	0.99	1	99
3636	0.99	1	99
3637	0.99	1	99
3638	0.99	1	99
3639	0.99	1	99
3640	0.99	1	99
3641	0.99	1	99
3642	0.99	1	99
3643	0.99	1	99
3644	0.99	1	99
3645	0.99	1	99
3646	0.99	1	99
3647	0.99	1	99
3648	0.99	1	99
3649	0.99	1	99
3650	0.99	1	99
3651	0.99	1	99
3652	0.99	1	99
3653	0.99	1	99
3654	0.99	1	99
3655	0.99	1	99
3656	0.99	1	99
3657	0.99	1	99
3658	0.99	1	99
3659	0.99	1	99
3660	0.99	1	99
3661	0.99	1	99
3662	0.99	1	99
3663	0.99	1	99
3664	0.99	1	99
3665	0.99	1	99
3666	0.99	1	99
3667	0.99	1	99
3668	0.99	1	99
3669	0.99	1	99
3670	0.99	1	99
3671	0.99	1	99
3672	0.99	1	99
3673	0.99	1	99
3674	0.99	1	99
3675	0.99	1	99
3676	0.99	1	99
3677	0.99	1	99
3678	0.99	1	99
3679	0.99	1	99
3680	0.99	1	99
3681	0.99	1	99
3682	1.00	0	100
3683	1.00	0	100
3684	1.00	0	100
3685	1.00	0	100
3686	1.00	0	100
3687	1.00	0	100
3688	1.00	0	100
3689	1.00	0	100
3690	1.00	0	100
3691	1.00	0	100
3692	1.00	0	100
3693	1.00	0	100
3694	1.00	0	100
3695	1.00	0	100
3696	1.00	0	100
3697	1.00	0	100
3698	1.00	0	100
3699	1.00	0	100
3700	1.00	0	100
3701	1.00	0	100
3702	1.00	0	100
3703	1.00	0	100
3704	1.00	0	100
3705	1.00	0	100
3706	1.00	0	100
3707	1.00	0	100
3708	1.00	0	100
3709	1.00	0	100
3710	1.00	0	100
3711	1.00	0	100
3712	1.00	0	100
3713	1.00	0	100
3714	1.00	0	100
3715	1.00	0	100
3716	1.00	0	100
3717	1.00	0	100
3718	1.00	0	100
3719	1.00	0	100
3720	1.00	0	100
3721	1.00	0	100
3722	1.00	0	100
3723	1.00	0	100
3724	1.00	0	100
3725	1.00	0	100
3726	1.00	0	100
3727	1.00	0	100
3728	1.00	0	100
3729	1.00	0	100
3730	1.00	0	100
3731	1.00	0	100
3732	1.00	0	100
3733	1.00	0	100
3734	1.00	0	100
3735	1.00	0	100
3736	1.00	0	100
3737	1.00	0	100
3738	1.00	0	100
3739	1.00	0	100
3740	1.00	0	100
3741	1.00	0	100
3742	1.00	0	100
3743	1.00	0	100
3744	1.00	0	100
3745	1.00	0	100
3746	1.00	0	100
3747	1.00	0	100
3748	1.00	0	100
3749	1.00	0	100
3750	1.00	0	100
3751	1.00	0	100
3752	1.00	0	100
3753	1.00	0	100
3754	1.00	0	100
3755	1.00	0	100
3756	1.00	0	100
3757	1.00	0	100
3758	1.00	0	100
3759	1.00	0	100
3760	1.00	0	100
3761	1.00	0	100
3762	1.00	0	100
3763	1.00	0	100
3764	1.00	0	100
3765	1.00	0	100
3766	1.00	0	100
3767	1.00	0	100
3768	1.00	0	100
3769	1.00	0	100
3770	1.00	0	100
3771	1.00	0	100
3772	1.00	0	100
3773	1.00	0	100
3774	1.00	0	100
3775	1.00	0	100
3776	1.00	0	100
3777	1.00	0	100
3778	1.00	0	100
3779	1.00	0	100
3780	1.00	0	100
3781	1.00	0	100
3782	1.00	0	100
3783	1.00	0	100
3784	1.00	0	100
3785	1.00	0	100
3786	1.00	0	100
3787	1.00	0	100
3788	1.00	0	100
3789	1.00	0	100
3790	1.00	0	100
3791	1.00	0	100
3792	1.00	0	100
3793	1.00	0	100
3794	1.00	0	100
3795	1.00	0	100
3796	1.00	0	100
3797	1.00	0	100
3798	1.00	0	100
3799	1.00	0	100
3800	1.00	0	100
3801	1.00	0	100
3802	1.00	0	100
3803	1.00	0	100
3804	1.00	0	100
3805	1.00	0	100
3806	1.00	0	100
3807	0.99	1	99
3808	0.99	1	99
3809	0.99	1	99
3810	0.99	1	99
3811	0.99	1	99
3812	0.99	1	99
3813	0.99	1	99
3814	0.99	1	99
3815	0.99	1	99
3816	0.99	1	99
3817	0.99	1	99
3818	0.99	1	99
3819	0.99	1	99
3820	0.99	1	99
3821	0.99	1	99
3822	0.99	1	99
3823	0.99	1	99
3824	0.99	1	99
3825	0.99	1	99
3826	0.99	1	99
3827	0.98	2	98
3828	0.98	2	98
3829	0.98	2	98
3830	0.98	2	98
3831	0.98	2	98
3832	0.98	2	98
3833	0.98	2	98
3834	0.98	2	98
3835	0.98	2	98
3836	0.98	2	98
3837	0.98	2	98
3838	0.98	2	98
3839	0.98	2	98
3840	0.98	2	98
3841	0.98	2	98
3842	0.98	2	98
3843	0.98	2	98
3844	0.98	2	98
3845	0.98	2	98
3846	0.98	2	98
3847	0.98	2	98
3848	0.98	2	98
3849	0.98	2	98
3850	0.98	2	98
3851	0.98	2	98
3852	0.98	2	98
3853	0.98	2	98
3854	0.98	2	98
3855	0.98	2	98
3856	0.98	2	98
3857	0.98	2	98
3858	0.98	2	98
3859	0.98	2	98
3860	0.98	2	98
3861	0.98	2	98
3862	0.98	2	98
3863	0.98	2	98
3864	0.98	2	98
3865	0.98	2	98
3866	0.98	2	98
3867	0.98	2	98
3868	0.98	2	98
3869	0.98	2	98
3870	0.98	2	98
3871	0.98	2	98
3872	0.98	2	98
3873	0.98	2	98
3874	0.98	2	98
3875	0.98	2	98
3876	0.98	2	98
3877	0.98	2	98
3878	0.98	2	98
3879	0.98	2	98
3880	0.98	2	98
3881	0.98	2	98
3882	0.98	2	98
3883	0.98	2	98
3884	0.98	2	98
3885	0.98	2	98
3886	0.98	2	98
3887	0.98	2	98
3888	0.98	2	98
3889	0.98	2	98
3890	0.98	2	98
3891	0.98	2	98
3892	0.98	2	98
3893	0.98	2	98
3894	0.98	2	98
3895	0.98	2	98
3896	0.98	2	98
3897	0.98	2	98
3898	0.98	2	98
3899	0.98	2	98
3900	0.98	2	98
3901	0.98	2	98
3902	0.98	2	98
3903	0.98	2	98
3904	0.98	2	98
3905	0.98	2	98
3906	0.98	2	98
3907	0.99	1	99
3908	0.99	1	99
3909	0.99	1	99
3910	0.99	1	99
3911	0.99	1	99
3912	0.99	1	99
3913	0.99	1	99
3914	0.99	1	99
3915	0.99	1	99
3916	0.99	1	99
3917	0.99	1	99
3918	0.99	1	99
3919	0.99	1	99
3920	0.99	1	99
3921	0.99	1	99
3922	0.99	1	99
3923	0.99	1	99
3924	0.99	1	99
3925	0.99	1	99
3926	0.99	1	99
3927	1.00	0	100
3928	1.00	0	100
3929	1.00	0	100
3930	1.00	0	100
3931	1.00	0	100
3932	1.00	0	100
3933	1.00	0	100
3934	1.00	0	100
3935	1.00	0	100
3936	1.00	0	100
3937	1.00	0	100
3938	1.00	0	100
3939	1.00	0	100
3940	1.00	0	100
3941	1.00	0	100
3942	1.00	0	100
3943	1.00	0	100
3944	1.00	0	100
3945	1.00	0	100
3946	1.00	0	100
3947	1.00	0	100
3948	1.00	0	100
3949	1.00	0	100
3950	1.00	0	100
3951	1.00	0	100
3952	1.00	0	100
3953	1.00	0	100
3954	1.00	0	100
3955	1.00	0	100
3956	1.00	0	100
3957	1.00	0	100
3958	1.00	0	100
3959	1.00	0	100
3960	1.00	0	100
3961	1.00	0	100
3962	1.00	0	100
3963	1.00	0	100
3964	1.00	0	100
3965	1.00	0	100
3966	1.00	0	100
3967	1.00	0	100
3968	1.00	0	100
3969	1.00	0	100
3970	1.00	0	100
3971	1.00	0	100
3972	1.00	0	100
3973	1.00	0	100
3974	1.00	0	100
3975	1.00	0	100
3976	1.00	0	100
3977	1.00	0	100
3978	1.00	0	100
3979	1.00	0	100
3980	1.00	0	100
3981	1.00	0	100
3982	1.00	0	100
3983	1.00	0	100
3984	1.00	0	100
3985	1.00	0	100
3986	1.00	0	100
3987	1.00	0	100
3988	1.00	0	100
3989	1.00	0	100
3990	1.00	0	100
3991	1.00	0	100
3992	1.00	0	100
3993	1.00	0	100
3994	1.00	0	100
3995	1.00	0	100
3996	1.00	0	100
3997	1.00	0	100
3998	1.00	0	100
3999	1.00	0	100
4000	0.00	0	100
4001	0.00	0	100
4002	0.01	1	99
4003	0.01	1	99
4004	0.01	1	99
4005	0.02	2	98
4006	0.02	2	98
4007	0.03	3	97
4008	0.03	3	97
4009	0.03	3	97
4010	0.04	4	96
4011	0.04	4	96
4012	0.04	4	96
4013	0.04	4	96
4014	0.04	4	96
4015	0.05	5	95
4016	0.06	6	94
4017	0.06	6	94
4018	0.07	7	93
4019	0.07	7	93
4020	0.07	7	93
4021	0.08	8	92
4022	0.09	9	91
4023	0.09	9	91
4024	0.09	9	91
4025	0.10	10	90
4026	0.11	11	89
4027	0.11	11	89
4028	0.11	11	89
4029	0.11	11	89
4030	0.12	12	88
4031	0.13	13	87
4032	0.14	14	86
4033	0.15	15	85
4034	0.16	16	84
4035	0.17	17	83
4036	0.18	18	82
4037	0.19	19	81
4038	0.19	19	81
4039	0.20	20	80
4040	0.21	21	79
4041	0.21	21	79
4042	0.22	22	78
4043	0.22	22	78
4044	0.23	23	77
4045	0.23	23	77
4046	0.24	24	76
4047	0.24	24	76
4048	0.24	24	76
4049	0.25	25	75
4050	0.25	25	75
4051	0.26	26	74
4052	0.26	26	74
4053	0.26	26	74
4054	0.27	27	73
4055	0.27	27	73
4056	0.28	28	72
4057	0.29	29	71
4058	0.30	30	70
4059	0.31	31	69
4060	0.32	32	68
4061	0.33	33	67
4062	0.34	34	66
4063	0.35	35	65
4064	0.36	36	64
4065	0.37	37	63
4066	0.38	38	62
4067	0.39	39	61
4068	0.40	40	60
4069	0.41	41	59
4070	0.42	42	58
4071	0.43	43	57
4072	0.44	44	56
4073	0.45	45	55
4074	0.46	46	54
4075	0.47	47	53
4076	0.48	48	52
4077	0.49	49	51
4078	0.50	50	50
4079	0.51	51	49
4080	0.52	52	48
4081	0.53	53	47
4082	0.54	54	46
4083	0.55	55	45
4084	0.56	56	44
4085	0.57	57	43
4086	0.58	58	42
4087	0.59	59	41
4088	0.60	60	40
4089	0.61	61	39
4090	0.62	62	38
4091	0.63	63	37
4092	0.64	64	36
4093	0.64	64	36
4094	0.65	65	35
4095	0.66	66	34
4096	0.67	67	33
4097	0.67	67	33
4098	0.68	68	32
4099	0.69	69	31
4100	0.70	70	30
4101	0.71	71	29
4102	0.71	71	29
4103	0.72	72	28
4104	0.73	73	27
4105	0.73	73	27
4106	0.74	74	26
4107	0.74	74	26
4108	0.75	75	25
4109	0.76	76	24
4110	0.76	76	24
4111	0.77	77	23
4112	0.78	78	22
4113	0.79	79	21
4114	0.80	80	20
4115	0.80	80	20
4116	0.80	80	20
4117	0.81	81	19
4118	0.81	81	19
4119	0.81	81	19
4120	0.82	82	18
4121	0.82	82	18
4122	0.82	82	18
4123	0.83	83	17
4124	0.84	84	16
4125	0.84	84	16
4126	0.84	84	16
4127	0.85	85	15
4128	0.86	86	14
4129	0.87	87	13
4130	0.87	87	13
4131	0.87	87	13
4132	0.87	87	13
4133	0.87	87	13
4134	0.87	87	13
4135	0.87	87	13
4136	0.87	87	13
4137	0.87	87	13
4138	0.88	88	12
4139	0.88	88	12
4140	0.88	88	12
4141	0.89	89	11
4142	0.89	89	11
4143	0.90	90	10
4144	0.90	90	10
4145	0.91	91	9
4146	0.91	91	9
4147	0.92	92	8
4148	0.93	93	7
4149	0.93	93	7
4150	0.94	94	6
4151	0.94	94	6
4152	0.95	95	5
4153	0.96	96	4
4154	0.96	96	4
4155	0.97	97	3
4156	0.96	96	4
4157	0.96	96	4
4158	0.96	96	4
4159	0.96	96	4
4160	0.96	96	4
4161	0.96	96	4
4162	0.96	96	4
4163	0.96	96	4
4164	0.96	96	4
4165	0.96	96	4
4166	0.96	96	4
4167	0.96	96	4
4168	0.96	96	4
4169	0.96	96	4
4170	0.96	96	4
4171	0.96	96	4
4172	0.96	96	4
4173	0.96	96	4
4174	0.96	96	4
4175	0.96	96	4
4176	0.96	96	4
4177	0.96	96	4
4178	0.96	96	4
4179	0.96	96	4
4180	0.96	96	4
4181	0.96	96	4
4182	0.96	96	4
4183	0.96	96	4
4184	0.96	96	4
4185	0.96	96	4
4186	0.96	96	4
4187	0.96	96	4
4188	0.96	96	4
4189	0.96	96	4
4190	0.96	96	4
4191	0.96	96	4
4192	0.96	96	4
4193	0.97	97	3
4194	0.97	97	3
4195	0.97	97	3
4196	0.97	97	3
4197	0.98	98	2
4198	0.98	98	2
4199	0.98	98	2
4200	0.98	98	2
4201	0.98	98	2
4202	0.98	98	2
4203	0.98	98	2
4204	0.98	98	2
4205	0.98	98	2
4206	0.98	98	2
4207	0.98	98	2
4208	0.98	98	2
4209	0.98	98	2
4210	0.98	98	2
4211	0.98	98	2
4212	0.98	98	2
4213	0.98	98	2
4214	0.98	98	2
4215	0.98	98	2
4216	0.98	98	2
4217	0.98	98	2
4218	0.98	98	2
4219	0.99	99	1
4220	0.99	99	1
4221	0.99	99	1
4222	0.99	99	1
4223	0.99	99	1
4224	0.99	99	1
4225	0.99	99	1
4226	0.99	99	1
4227	0.99	99	1
4228	0.99	99	1
4229	0.99	99	1
4230	0.99	99	1
4231	0.99	99	1
4232	0.99	99	1
4233	0.99	99	1
4234	0.99	99	1
4235	0.99	99	1
4236	0.99	99	1
4237	0.99	99	1
4238	0.99	99	1
4239	0.99	99	1
4240	0.99	99	1
4241	0.99	99	1
4242	0.99	99	1
4243	0.99	99	1
4244	0.99	99	1
4245	0.99	99	1
4246	0.99	99	1
4247	0.99	99	1
4248	0.99	99	1
4249	0.99	99	1
4250	0.99	99	1
4251	0.98	98	2
4252	0.98	98	2
4253	0.98	98	2
4254	0.98	98	2
4255	0.98	98	2
4256	0.99	99	1
4257	0.99	99	1
4258	0.99	99	1
4259	0.99	99	1
4260	0.99	99	1
4261	0.99	99	1
4262	0.99	99	1
4263	0.99	99	1
4264	0.99	99	1
4265	0.99	99	1
4266	0.99	99	1
4267	0.99	99	1
4268	0.99	99	1
4269	0.99	99	1
4270	0.99	99	1
4271	0.99	99	1
4272	0.99	99	1
4273	0.99	99	1
4274	0.99	99	1
4275	0.99	99	1
4276	0.99	99	1
4277	0.99	99	1
4278	0.99	99	1
4279	0.99	99	1
4280	0.99	99	1
4281	0.99	99	1
4282	0.99	99	1
4283	0.99	99	1
4284	0.99	99	1
4285	0.99	99	1
4286	0.99	99	1
4287	0.99	99	1
4288	0.99	99	1
4289	0.99	99	1
4290	0.99	99	1
4291	0.99	99	1
4292	0.99	99	1
4293	0.99	99	1
4294	0.99	99	1
4295	0.99	99	1
4296	0.99	99	1
4297	0.99	99	1
4298	0.99	99	1
4299	0.99	99	1
4300	0.99	99	1
4301	0.99	99	1
4302	0.99	99	1
4303	0.99	99	1
4304	0.99	99	1
4305	0.99	99	1
4306	0.99	99	1
4307	0.99	99	1
4308	0.99	99	1
4309	0.99	99	1
4310	0.99	99	1
4311	0.99	99	1
4312	0.99	99	1
4313	0.99	99	1
4314	0.99	99	1
4315	0.99	99	1
4316	0.99	99	1
4317	0.99	99	1
4318	0.99	99	1
4319	0.99	99	1
4320	0.99	99	1
4321	0.99	99	1
4322	0.99	99	1
4323	0.99	99	1
4324	0.99	99	1
4325	0.99	99	1
4326	0.99	99	1
4327	0.99	99	1
4328	0.99	99	1
4329	0.99	99	1
4330	0.99	99	1
4331	0.99	99	1
4332	0.99	99	1
4333	0.99	99	1
4334	0.99	99	1
4335	0.99	99	1
4336	0.99	99	1
4337	0.99	99	1
4338	0.99	99	1
4339	0.99	99	1
4340	0.99	99	1
4341	0.99	99	1
4342	0.99	99	1
4343	0.99	99	1
4344	0.99	99	1
4345	0.99	99	1
4346	0.99	99	1
4347	0.99	99	1
4348	0.99	99	1
4349	0.99	99	1
4350	0.99	99	1
4351	1.00	100	0
4352	1.00	100	0
4353	1.00	100	0
4354	1.00	100	0
4355	1.00	100	0
4356	1.00	100	0
4357	1.00	100	0
4358	1.00	100	0
4359	1.00	100	0
4360	1.00	100	0
4361	1.00	100	0
4362	1.00	100	0
4363	1.00	100	0
4364	1.00	100	0
4365	1.00	100	0
4366	1.00	100	0
4367	1.00	100	0
4368	1.00	100	0
4369	1.00	100	0
4370	1.00	100	0
4371	1.00	100	0
4372	1.00	100	0
4373	1.00	100	0
4374	1.00	100	0
4375	1.00	100	0
4376	1.00	100	0
4377	1.00	100	0
4378	1.00	100	0
4379	1.00	100	0
4380	1.00	100	0
4381	1.00	100	0
4382	1.00	100	0
4383	1.00	100	0
4384	1.00	100	0
4385	1.00	100	0
4386	1.00	100	0
4387	1.00	100	0
4388	1.00	100	0
4389	1.00	100	0
4390	1.00	100	0
4391	1.00	100	0
4392	1.00	100	0
4393	1.00	100	0
4394	1.00	100	0
4395	1.00	100	0
4396	1.00	100	0
4397	1.00	100	0
4398	1.00	100	0
4399	1.00	100	0
4400	1.00	100	0
4401	1.00	100	0
4402	1.00	100	0
4403	1.00	100	0
4404	1.00	100	0
4405	1.00	100	0
4406	1.00	100	0
4407	1.00	100	0
4408	1.00	100	0
4409	1.00	100	0
4410	0.99	99	1
4411	0.99	99	1
4412	0.99	99	1
4413	0.99	99	1
4414	0.99	99	1
4415	0.99	99	1
4416	0.99	99	1
4417	0.99	99	1
4418	0.99	99	1
4419	0.99	99	1
4420	0.99	99	1
4421	0.99	99	1
4422	0.99	99	1
4423	0.99	99	1
4424	0.99	99	1
4425	0.99	99	1
4426	0.99	99	1
4427	0.99	99	1
4428	0.99	99	1
4429	0.99	99	1
4430	0.99	99	1
4431	0.99	99	1
4432	0.99	99	1
4433	0.99	99	1
4434	0.99	99	1
4435	0.99	99	1
4436	0.99	99	1
4437	0.99	99	1
4438	0.99	99	1
4439	0.99	99	1
4440	0.99	99	1
4441	0.99	99	1
4442	0.99	99	1
4443	0.99	99	1
4444	0.99	99	1
4445	0.99	99	1
4446	0.99	99	1
4447	0.99	99	1
4448	0.99	99	1
4449	0.99	99	1
4450	0.99	99	1
4451	0.99	99	1
4452	0.99	99	1
4453	0.99	99	1
4454	0.99	99	1
4455	0.99	99	1
4456	0.99	99	1
4457	0.99	99	1
4458	0.99	99	1
4459	0.99	99	1
4460	0.99	99	1
4461	0.99	99	1
4462	0.99	99	1
4463	0.99	99	1
4464	0.99	99	1
4465	0.99	99	1
4466	0.99	99	1
4467	0.99	99	1
4468	0.99	99	1
4469	0.99	99	1
4470	0.99	99	1
4471	0.99	99	1
4472	0.99	99	1
4473	0.99	99	1
4474	0.99	99	1
4475	0.99	99	1
4476	0.99	99	1
4477	0.99	99	1
4478	0.99	99	1
4479	0.99	99	1
4480	0.99	99	1
4481	0.99	99	1
4482	0.99	99	1
4483	0.99	99	1
4484	0.99	99	1
4485	0.99	99	1
4486	0.99	99	1
4487	0.99	99	1
4488	0.99	99	1
4489	0.99	99	1
4490	0.99	99	1
4491	0.99	99	1
4492	0.99	99	1
4493	0.99	99	1
4494	0.99	99	1
4495	0.99	99	1
4496	0.99	99	1
4497	0.99	99	1
4498	0.99	99	1
4499	0.99	99	1
4500	0.99	99	1
4501	0.99	99	1
4502	0.99	99	1
4503	0.99	99	1
4504	0.99	99	1
4505	0.99	99	1
4506	0.99	99	1
4507	0.99	99	1
4508	0.99	99	1
4509	0.99	99	1
4510	1.00	100	0
4511	1.00	100	0
4512	1.00	100	0
4513	1.00	100	0
4514	1.00	100	0
4515	1.00	100	0
4516	1.00	100	0
4517	1.00	100	0
4518	1.00	100	0
4519	0.99	99	1
4520	0.99	99	1
4521	0.99	99	1
4522	0.99	99	1
4523	0.99	99	1
4524	0.99	99	1
4525	0.99	99	1
4526	0.99	99	1
4527	0.99	99	1
4528	0.99	99	1
4529	0.99	99	1
4530	0.99	99	1
4531	0.99	99	1
4532	0.99	99	1
4533	0.99	99	1
4534	0.99	99	1
4535	0.99	99	1
4536	0.99	99	1
4537	0.99	99	1
4538	0.99	99	1
4539	0.99	99	1
4540	0.99	99	1
4541	0.98	98	2
4542	0.97	97	3
4543	0.97	97	3
4544	0.97	97	3
4545	0.97	97	3
4546	0.97	97	3
4547	0.97	97	3
4548	0.97	97	3
4549	0.97	97	3
4550	0.97	97	3
4551	0.97	97	3
4552	0.97	97	3
4553	0.97	97	3
4554	0.97	97	3
4555	0.97	97	3
4556	0.97	97	3
4557	0.97	97	3
4558	0.97	97	3
4559	0.97	97	3
4560	0.97	97	3
4561	0.97	97	3
4562	0.97	97	3
4563	0.97	97	3
4564	0.97	97	3
4565	0.97	97	3
4566	0.97	97	3
4567	0.97	97	3
4568	0.97	97	3
4569	0.97	97	3
4570	0.97	97	3
4571	0.97	97	3
4572	0.97	97	3
4573	0.97	97	3
4574	0.97	97	3
4575	0.97	97	3
4576	0.97	97	3
4577	0.97	97	3
4578	0.97	97	3
4579	0.97	97	3
4580	0.97	97	3
4581	0.97	97	3
4582	0.97	97	3
4583	0.97	97	3
4584	0.96	96	4
4585	0.96	96	4
4586	0.96	96	4
4587	0.96	96	4
4588	0.96	96	4
4589	0.96	96	4
4590	0.96	96	4
4591	0.96	96	4
4592	0.96	96	4
4593	0.96	96	4
4594	0.96	96	4
4595	0.96	96	4
4596	0.96	96	4
4597	0.96	96	4
4598	0.96	96	4
4599	0.96	96	4
4600	0.96	96	4
4601	0.96	96	4
4602	0.96	96	4
4603	0.96	96	4
4604	0.96	96	4
4605	0.96	96	4
4606	0.96	96	4
4607	0.96	96	4
4608	0.96	96	4
4609	0.96	96	4
4610	0.96	96	4
4611	0.96	96	4
4612	0.96	96	4
4613	0.96	96	4
4614	0.96	96	4
4615	0.96	96	4
4616	0.96	96	4
4617	0.96	96	4
4618	0.96	96	4
4619	0.97	97	3
4620	0.97	97	3
4621	0.97	97	3
4622	0.97	97	3
4623	0.97	97	3
4624	0.97	97	3
4625	0.97	97	3
4626	0.97	97	3
4627	0.97	97	3
4628	0.97	97	3
4629	0.97	97	3
4630	0.97	97	3
4631	0.97	97	3
4632	0.97	97	3
4633	0.96	96	4
4634	0.96	96	4
4635	0.96	96	4
4636	0.96	96	4
4637	0.96	96	4
4638	0.96	96	4
4639	0.96	96	4
4640	0.96	96	4
4641	0.97	97	3
4642	0.98	98	2
4643	0.98	98	2
4644	0.98	98	2
4645	0.98	98	2
4646	0.98	98	2
4647	0.98	98	2
4648	0.98	98	2
4649	0.98	98	2
4650	0.98	98	2
4651	0.98	98	2
4652	0.98	98	2
4653	0.98	98	2
4654	0.98	98	2
4655	0.98	98	2
4656	0.98	98	2
4657	0.98	98	2
4658	0.98	98	2
4659	0.98	98	2
4660	0.98	98	2
4661	0.98	98	2
4662	0.98	98	2
4663	0.98	98	2
4664	0.98	98	2
4665	0.98	98	2
4666	0.98	98	2
4667	0.98	98	2
4668	0.98	98	2
4669	0.98	98	2
4670	0.98	98	2
4671	0.98	98	2
4672	0.98	98	2
4673	0.98	98	2
4674	0.98	98	2
4675	0.98	98	2
4676	0.98	98	2
4677	0.98	98	2
4678	0.98	98	2
4679	0.98	98	2
4680	0.98	98	2
4681	0.98	98	2
4682	0.98	98	2
4683	0.98	98	2
4684	0.99	99	1
4685	0.99	99	1
4686	0.99	99	1
4687	0.99	99	1
4688	0.99	99	1
4689	0.99	99	1
4690	0.99	99	1
4691	0.99	99	1
4692	0.99	99	1
4693	0.99	99	1
4694	0.99	99	1
4695	0.99	99	1
4696	0.99	99	1
4697	0.99	99	1
4698	0.99	99	1
4699	0.99	99	1
4700	0.99	99	1
4701	0.99	99	1
4702	0.99	99	1
4703	0.99	99	1
4704	0.99	99	1
4705	0.99	99	1
4706	0.99	99	1
4707	0.99	99	1
4708	0.99	99	1
4709	0.99	99	1
4710	0.99	99	1
4711	0.99	99	1
4712	0.99	99	1
4713	0.99	99	1
4714	0.99	99	1
4715	0.99	99	1
4716	0.99	99	1
4717	0.99	99	1
4718	0.99	99	1
4719	0.99	99	1
4720	0.99	99	1
4721	0.99	99	1
4722	0.99	99	1
4723	0.99	99	1
4724	0.99	99	1
4725	0.99	99	1
4726	0.99	99	1
4727	0.99	99	1
4728	0.99	99	1
4729	0.99	99	1
4730	0.99	99	1
4731	0.99	99	1
4732	0.99	99	1
4733	1.00	100	0
4734	1.00	100	0
4735	1.00	100	0
4736	1.00	100	0
4737	1.00	100	0
4738	1.00	100	0
4739	1.00	100	0
4740	1.00	100	0
4741	1.00	100	0
4742	1.00	100	0
4743	1.00	100	0
4744	1.00	100	0
4745	1.00	100	0
4746	1.00	100	0
4747	1.00	100	0
4748	1.00	100	0
4749	1.00	100	0
4750	1.00	100	0
4751	1.00	100	0
4752	1.00	100	0
4753	1.00	100	0
4754	1.00	100	0
4755	1.00	100	0
4756	1.00	100	0
4757	1.00	100	0
4758	1.00	100	0
4759	1.00	100	0
4760	1.00	100	0
4761	1.00	100	0
4762	1.00	100	0
4763	1.00	100	0
4764	1.00	100	0
4765	1.00	100	0
4766	1.00	100	0
4767	1.00	100	0
4768	1.00	100	0
4769	1.00	100	0
4770	1.00	100	0
4771	1.00	100	0
4772	1.00	100	0
4773	1.00	100	0
4774	1.00	100	0
4775	1.00	100	0
4776	1.00	100	0
4777	1.00	100	0
4778	1.00	100	0
4779	1.00	100	0
4780	1.00	100	0
4781	1.00	100	0
4782	1.00	100	0
4783	1.00	100	0
4784	1.00	100	0
4785	1.00	100	0
4786	1.00	100	0
4787	1.00	100	0
4788	1.00	100	0
4789	1.00	100	0
4790	1.00	100	0
4791	1.00	100	0
4792	1.00	100	0
4793	1.00	100	0
4794	1.00	100	0
4795	1.00	100	0
4796	1.00	100	0
4797	1.00	100	0
4798	1.00	100	0
4799	1.00	100	0
4800	1.00	100	0
4801	1.00	100	0
4802	1.00	100	0
4803	1.00	100	0
4804	1.00	100	0
4805	1.00	100	0
4806	1.00	100	0
4807	1.00	100	0
4808	1.00	100	0
4809	1.00	100	0
4810	1.00	100	0
4811	1.00	100	0
4812	1.00	100	0
4813	1.00	100	0
4814	1.00	100	0
4815	1.00	100	0
4816	1.00	100	0
4817	1.00	100	0
4818	1.00	100	0
4819	1.00	100	0
4820	1.00	100	0
4821	1.00	100	0
4822	1.00	100	0
4823	1.00	100	0
4824	1.00	100	0
4825	1.00	100	0
4826	1.00	100	0
4827	1.00	100	0
4828	1.00	100	0
4829	1.00	100	0
4830	1.00	100	0
4831	1.00	100	0
4832	1.00	100	0
4833	1.00	100	0
4834	1.00	100	0
4835	1.00	100	0
4836	1.00	100	0
4837	1.00	100	0
4838	1.00	100	0
4839	1.00	100	0
4840	1.00	100	0
4841	1.00	100	0
4842	1.00	100	0
4843	1.00	100	0
4844	1.00	100	0
4845	1.00	100	0
4846	1.00	100	0
4847	1.00	100	0
4848	1.00	100	0
4849	1.00	100	0
4850	1.00	100	0
4851	1.00	100	0
4852	1.00	100	0
4853	1.00	100	0
4854	1.00	100	0
4855	1.00	100	0
4856	1.00	100	0
4857	1.00	100	0
4858	1.00	100	0
4859	1.00	100	0
4860	1.00	100	0
4861	1.00	100	0
4862	1.00	100	0
4863	1.00	100	0
4864	1.00	100	0
4865	1.00	100	0
4866	1.00	100	0
4867	1.00	100	0
4868	1.00	100	0
4869	1.00	100	0
4870	1.00	100	0
4871	1.00	100	0
4872	1.00	100	0
4873	1.00	100	0
4874	1.00	100	0
4875	1.00	100	0
4876	1.00	100	0
4877	1.00	100	0
4878	1.00	100	0
4879	1.00	100	0
4880	1.00	100	0
4881	1.00	100	0
4882	1.00	100	0
4883	1.00	100	0
4884	1.00	100	0
4885	1.00	100	0
4886	1.00	100	0
4887	1.00	100	0
4888	1.00	100	0
4889	1.00	100	0
4890	1.00	100	0
4891	1.00	100	0
4892	1.00	100	0
4893	0.99	99	1
4894	0.99	99	1
4895	0.99	99	1
4896	0.99	99	1
4897	0.99	99	1
4898	0.99	99	1
4899	0.99	99	1
4900	0.99	99	1
4901	0.99	99	1
4902	0.99	99	1
4903	0.99	99	1
4904	0.99	99	1
4905	0.99	99	1
4906	0.99	99	1
4907	0.99	99	1
4908	0.99	99	1
4909	0.99	99	1
4910	0.99	99	1
4911	0.99	99	1
4912	0.99	99	1
4913	0.99	99	1
4914	0.99	99	1
4915	0.99	99	1
4916	0.99	99	1
4917	0.99	99	1
4918	0.99	99	1
4919	0.99	99	1
4920	0.99	99	1
4921	0.99	99	1
4922	0.99	99	1
4923	0.99	99	1
4924	0.99	99	1
4925	0.99	99	1
4926	0.99	99	1
4927	0.99	99	1
4928	0.99	99	1
4929	0.99	99	1
4930	0.99	99	1
4931	0.99	99	1
4932	0.99	99	1
4933	0.99	99	1
4934	0.99	99	1
4935	0.99	99	1
4936	0.99	99	1
4937	0.99	99	1
4938	0.99	99	1
4939	0.99	99	1
4940	0.99	99	1
4941	0.99	99	1
4942	0.99	99	1
4943	0.99	99	1
4944	0.99	99	1
4945	0.99	99	1
4946	0.99	99	1
4947	0.99	99	1
4948	0.99	99	1
4949	0.99	99	1
4950	0.99	99	1
4951	0.99	99	1
4952	0.99	99	1
4953	0.99	99	1
4954	0.99	99	1
4955	0.99	99	1
4956	0.99	99	1
4957	0.99	99	1
4958	0.99	99	1
4959	0.99	99	1
4960	0.99	99	1
4961	0.99	99	1
4962	0.99	99	1
4963	0.99	99	1
4964	0.99	99	1
4965	0.99	99	1
4966	0.99	99	1
4967	0.99	99	1
4968	0.99	99	1
4969	0.99	99	1
4970	0.99	99	1
4971	0.99	99	1
4972	0.99	99	1
4973	0.99	99	1
4974	0.99	99	1
4975	0.99	99	1
4976	0.99	99	1
4977	0.99	99	1
4978	0.99	99	1
4979	0.99	99	1
4980	0.99	99	1
4981	0.99	99	1
4982	0.99	99	1
4983	0.99	99	1
4984	0.99	99	1
4985	0.99	99	1
4986	0.99	99	1
4987	0.99	99	1
4988	0.99	99	1
4989	0.99	99	1
4990	0.99	99	1
4991	0.99	99	1
4992	0.99	99	1
4993	1.00	100	0
4994	1.00	100	0
4995	1.00	100	0
4996	1.00	100	0
4997	1.00	100	0
4998	1.00	100	0
4999	1.00	100	0
5000	0.00	100	0
5001	0.01	99	1
5002	0.02	98	2
5003	0.03	97	3
5004	0.04	96	4
5005	0.04	96	4
5006	0.04	96	4
5007	0.05	95	5
5008	0.05	95	5
5009	0.05	95	5
5010	0.05	95	5
5011	0.05	95	5
5012	0.05	95	5
5013	0.06	94	6
5014	0.06	94	6
5015	0.06	94	6
5016	0.06	94	6
5017	0.06	94	6
5018	0.06	94	6
5019	0.07	93	7
5020	0.08	92	8
5021	0.09	91	9
5022	0.10	90	10
5023	0.10	90	10
5024	0.10	90	10
5025	0.10	90	10
5026	0.11	89	11
5027	0.11	89	11
5028	0.11	89	11
5029	0.11	89	11
5030	0.12	88	12
5031	0.12	88	12
5032	0.12	88	12
5033	0.12	88	12
5034	0.12	88	12
5035	0.12	88	12
5036	0.12	88	12
5037	0.13	87	13
5038	0.13	87	13
5039	0.13	87	13
5040	0.13	87	13
5041	0.14	86	14
5042	0.15	85	15
5043	0.15	85	15
5044	0.16	84	16
5045	0.17	83	17
5046	0.17	83	17
5047	0.17	83	17
5048	0.17	83	17
5049	0.18	82	18
5050	0.18	82	18
5051	0.18	82	18
5052	0.19	81	19
5053	0.19	81	19
5054	0.19	81	19
5055	0.20	80	20
5056	0.20	80	20
5057	0.21	79	21
5058	0.22	78	22
5059	0.22	78	22
5060	0.22	78	22
5061	0.22	78	22
5062	0.22	78	22
5063	0.22	78	22
5064	0.23	77	23
5065	0.24	76	24
5066	0.25	75	25
5067	0.25	75	25
5068	0.26	74	26
5069	0.27	73	27
5070	0.27	73	27
5071	0.28	72	28
5072	0.28	72	28
5073	0.28	72	28
5074	0.29	71	29
5075	0.29	71	29
5076	0.30	70	30
5077	0.30	70	30
5078	0.30	70	30
5079	0.30	70	30
5080	0.30	70	30
5081	0.31	69	31
5082	0.32	68	32
5083	0.33	67	33
5084	0.33	67	33
5085	0.33	67	33
5086	0.33	67	33
5087	0.33	67	33
5088	0.34	66	34
5089	0.35	65	35
5090	0.36	64	36
5091	0.36	64	36
5092	0.37	63	37
5093	0.38	62	38
5094	0.38	62	38
5095	0.38	62	38
5096	0.39	61	39
5097	0.39	61	39
5098	0.40	60	40
5099	0.41	59	41
5100	0.42	58	42
5101	0.41	59	41
5102	0.40	60	40
5103	0.40	60	40
5104	0.40	60	40
5105	0.40	60	40
5106	0.40	60	40
5107	0.39	61	39
5108	0.39	61	39
5109	0.40	60	40
5110	0.40	60	40
5111	0.41	59	41
5112	0.42	58	42
5113	0.42	58	42
5114	0.43	57	43
5115	0.44	56	44
5116	0.45	55	45
5117	0.46	54	46
5118	0.47	53	47
5119	0.46	54	46
5120	0.46	54	46
5121	0.46	54	46
5122	0.46	54	46
5123	0.47	53	47
5124	0.47	53	47
5125	0.48	52	48
5126	0.48	52	48
5127	0.49	51	49
5128	0.50	50	50
5129	0.51	49	51
5130	0.50	50	50
5131	0.51	49	51
5132	0.52	48	52
5133	0.53	47	53
5134	0.54	46	54
5135	0.55	45	55
5136	0.55	45	55
5137	0.55	45	55
5138	0.56	44	56
5139	0.57	43	57
5140	0.58	42	58
5141	0.58	42	58
5142	0.58	42	58
5143	0.59	41	59
5144	0.59	41	59
5145	0.59	41	59
5146	0.59	41	59
5147	0.60	40	60
5148	0.61	39	61
5149	0.61	39	61
5150	0.62	38	62
5151	0.63	37	63
5152	0.63	37	63
5153	0.63	37	63
5154	0.64	36	64
5155	0.64	36	64
5156	0.64	36	64
5157	0.64	36	64
5158	0.64	36	64
5159	0.65	35	65
5160	0.66	34	66
5161	0.67	33	67
5162	0.68	32	68
5163	0.69	31	69
5164	0.69	31	69
5165	0.69	31	69
5166	0.69	31	69
5167	0.70	30	70
5168	0.70	30	70
5169	0.70	30	70
5170	0.71	29	71
5171	0.71	29	71
5172	0.72	28	72
5173	0.73	27	73
5174	0.73	27	73
5175	0.74	26	74
5176	0.74	26	74
5177	0.74	26	74
5178	0.75	25	75
5179	0.76	24	76
5180	0.77	23	77
5181	0.77	23	77
5182	0.77	23	77
5183	0.77	23	77
5184	0.78	22	78
5185	0.79	21	79
5186	0.80	20	80
5187	0.81	19	81
5188	0.81	19	81
5189	0.81	19	81
5190	0.81	19	81
5191	0.82	18	82
5192	0.82	18	82
5193	0.82	18	82
5194	0.83	17	83
5195	0.84	16	84
5196	0.84	16	84
5197	0.85	15	85
5198	0.85	15	85
5199	0.85	15	85
5200	0.85	15	85
5201	0.86	14	86
5202	0.87	13	87
5203	0.87	13	87
5204	0.87	13	87
5205	0.87	13	87
5206	0.88	12	88
5207	0.89	11	89
5208	0.90	10	90
5209	0.90	10	90
5210	0.91	9	91
5211	0.91	9	91
5212	0.91	9	91
5213	0.91	9	91
5214	0.91	9	91
5215	0.91	9	91
5216	0.91	9	91
5217	0.91	9	91
5218	0.91	9	91
5219	0.92	8	92
5220	0.92	8	92
5221	0.92	8	92
5222	0.92	8	92
5223	0.92	8	92
5224	0.93	7	93
5225	0.93	7	93
5226	0.93	7	93
5227	0.93	7	93
5228	0.93	7	93
5229	0.93	7	93
5230	0.94	6	94
5231	0.94	6	94
5232	0.94	6	94
5233	0.94	6	94
5234	0.94	6	94
5235	0.94	6	94
5236	0.95	5	95
5237	0.95	5	95
5238	0.95	5	95
5239	0.95	5	95
5240	0.95	5	95
5241	0.95	5	95
5242	0.95	5	95
5243	0.95	5	95
5244	0.95	5	95
5245	0.95	5	95
5246	0.96	4	96
5247	0.96	4	96
5248	0.96	4	96
5249	0.96	4	96
5250	0.96	4	96
5251	0.96	4	96
5252	0.96	4	96
5253	0.97	3	97
5254	0.97	3	97
5255	0.97	3	97
5256	0.98	2	98
5257	0.98	2	98
5258	0.98	2	98
5259	0.98	2	98
5260	0.98	2	98
5261	0.98	2	98
5262	0.98	2	98
5263	0.98	2	98
5264	0.98	2	98
5265	0.98	2	98
5266	0.98	2	98
5267	0.98	2	98
5268	0.98	2	98
5269	0.98	2	98
5270	0.98	2	98
5271	0.98	2	98
5272	0.97	3	97
5273	0.97	3	97
5274	0.97	3	97
5275	0.97	3	97
5276	0.97	3	97
5277	0.98	2	98
5278	0.98	2	98
5279	0.98	2	98
5280	0.98	2	98
5281	0.98	2	98
5282	0.98	2	98
5283	0.98	2	98
5284	0.98	2	98
5285	0.98	2	98
5286	0.98	2	98
5287	0.98	2	98
5288	0.98	2	98
5289	0.98	2	98
5290	0.98	2	98
5291	0.98	2	98
5292	0.98	2	98
5293	0.98	2	98
5294	0.98	2	98
5295	0.98	2	98
5296	0.98	2	98
5297	0.98	2	98
5298	0.98	2	98
5299	0.98	2	98
5300	0.98	2	98
5301	0.98	2	98
5302	0.98	2	98
5303	0.98	2	98
5304	0.98	2	98
5305	0.99	1	99
5306	0.99	1	99
5307	0.99	1	99
5308	0.99	1	99
5309	0.99	1	99
5310	0.99	1	99
5311	0.99	1	99
5312	0.99	1	99
5313	0.99	1	99
5314	0.99	1	99
5315	0.99	1	99
5316	0.99	1	99
5317	0.99	1	99
5318	0.99	1	99
5319	0.99	1	99
5320	0.99	1	99
5321	0.99	1	99
5322	0.99	1	99
5323	0.99	1	99
5324	0.99	1	99
5325	0.99	1	99
5326	0.99	1	99
5327	0.99	1	99
5328	0.99	1	99
5329	0.99	1	99
5330	0.99	1	99
5331	0.99	1	99
5332	0.99	1	99
5333	0.99	1	99
5334	0.99	1	99
5335	0.99	1	99
5336	0.99	1	99
5337	0.99	1	99
5338	0.99	1	99
5339	0.99	1	99
5340	0.99	1	99
5341	0.99	1	99
5342	0.99	1	99
5343	0.99	1	99
5344	0.99	1	99
5345	0.99	1	99
5346	0.99	1	99
5347	0.99	1	99
5348	0.99	1	99
5349	0.99	1	99
5350	0.99	1	99
5351	0.99	1	99
5352	0.99	1	99
5353	0.99	1	99
5354	0.99	1	99
5355	0.99	1	99
5356	0.99	1	99
5357	0.99	1	99
5358	0.99	1	99
5359	0.99	1	99
5360	0.99	1	99
5361	0.99	1	99
5362	0.99	1	99
5363	0.99	1	99
5364	0.99	1	99
5365	0.99	1	99
5366	0.99	1	99
5367	0.98	2	98
5368	0.98	2	98
5369	0.98	2	98
5370	0.98	2	98
5371	0.98	2	98
5372	0.99	1	99
5373	0.99	1	99
5374	0.99	1	99
5375	0.99	1	99
5376	0.99	1	99
5377	0.99	1	99
5378	0.99	1	99
5379	0.99	1	99
5380	0.99	1	99
5381	0.99	1	99
5382	0.99	1	99
5383	0.99	1	99
5384	0.99	1	99
5385	0.99	1	99
5386	0.99	1	99
5387	0.99	1	99
5388	0.99	1	99
5389	0.99	1	99
5390	0.99	1	99
5391	0.99	1	99
5392	0.99	1	99
5393	0.99	1	99
5394	0.99	1	99
5395	0.99	1	99
5396	0.99	1	99
5397	0.99	1	99
5398	0.99	1	99
5399	0.99	1	99
5400	0.99	1	99
5401	0.99	1	99
5402	0.99	1	99
5403	0.99	1	99
5404	0.99	1	99
5405	0.99	1	99
5406	0.99	1	99
5407	0.99	1	99
5408	0.99	1	99
5409	0.99	1	99
5410	0.99	1	99
5411	0.99	1	99
5412	0.99	1	99
5413	0.99	1	99
5414	0.99	1	99
5415	0.99	1	99
5416	0.99	1	99
5417	0.99	1	99
5418	0.99	1	99
5419	0.99	1	99
5420	0.99	1	99
5421	0.99	1	99
5422	0.99	1	99
5423	0.99	1	99
5424	0.99	1	99
5425	0.99	1	99
5426	0.99	1	99
5427	0.99	1	99
5428	0.99	1	99
5429	0.99	1	99
5430	0.99	1	99
5431	0.99	1	99
5432	0.99	1	99
5433	0.99	1	99
5434	0.99	1	99
5435	0.99	1	99
5436	0.99	1	99
5437	0.99	1	99
5438	0.99	1	99
5439	0.99	1	99
5440	0.99	1	99
5441	0.99	1	99
5442	0.99	1	99
5443	0.99	1	99
5444	0.99	1	99
5445	0.99	1	99
5446	0.99	1	99
5447	0.99	1	99
5448	0.99	1	99
5449	0.99	1	99
5450	0.99	1	99
5451	0.99	1	99
5452	0.99	1	99
5453	0.99	1	99
5454	0.99	1	99
5455	0.99	1	99
5456	0.98	2	98
5457	0.98	2	98
5458	0.98	2	98
5459	0.98	2	98
5460	0.98	2	98
5461	0.98	2	98
5462	0.98	2	98
5463	0.98	2	98
5464	0.98	2	98
5465	0.98	2	98
5466	0.98	2	98
5467	0.99	1	99
5468	0.99	1	99
5469	0.99	1	99
5470	0.99	1	99
5471	0.99	1	99
5472	0.99	1	99
5473	0.99	1	99
5474	0.99	1	99
5475	0.99	1	99
5476	0.99	1	99
5477	0.99	1	99
5478	0.99	1	99
5479	0.99	1	99
5480	0.99	1	99
5481	0.99	1	99
5482	0.99	1	99
5483	0.99	1	99
5484	0.99	1	99
5485	0.99	1	99
5486	0.99	1	99
5487	0.99	1	99
5488	0.99	1	99
5489	0.99	1	99
5490	0.99	1	99
5491	0.99	1	99
5492	0.99	1	99
5493	0.99	1	99
5494	0.99	1	99
5495	0.99	1	99
5496	0.99	1	99
5497	0.99	1	99
5498	0.99	1	99
5499	0.99	1	99
5500	0.99	1	99
5501	0.99	1	99
5502	0.99	1	99
5503	0.99	1	99
5504	0.99	1	99
5505	0.99	1	99
5506	0.99	1	99
5507	0.99	1	99
5508	0.99	1	99
5509	0.99	1	99
5510	0.99	1	99
5511	0.99	1	99
5512	0.99	1	99
5513	0.99	1	99
5514	0.99	1	99
5515	0.99	1	99
5516	0.99	1	99
5517	0.99	1	99
5518	0.99	1	99
5519	0.99	1	99
5520	0.99	1	99
5521	0.99	1	99
5522	0.99	1	99
5523	0.99	1	99
5524	0.99	1	99
5525	0.99	1	99
5526	0.99	1	99
5527	0.99	1	99
5528	0.99	1	99
5529	0.99	1	99
5530	0.99	1	99
5531	0.99	1	99
5532	0.99	1	99
5533	0.99	1	99
5534	0.99	1	99
5535	0.99	1	99
5536	0.99	1	99
5537	0.99	1	99
5538	0.99	1	99
5539	0.99	1	99
5540	0.99	1	99
5541	0.99	1	99
5542	0.99	1	99
5543	0.98	2	98
5544	0.98	2	98
5545	0.98	2	98
5546	0.98	2	98
5547	0.97	3	97
5548	0.97	3	97
5549	0.97	3	97
5550	0.97	3	97
5551	0.97	3	97
5552	0.97	3	97
5553	0.97	3	97
5554	0.97	3	97
5555	0.97	3	97
5556	0.98	2	98
5557	0.98	2	98
5558	0.98	2	98
5559	0.98	2	98
5560	0.98	2	98
5561	0.98	2	98
5562	0.98	2	98
5563	0.98	2	98
5564	0.98	2	98
5565	0.98	2	98
5566	0.97	3	97
5567	0.97	3	97
5568	0.97	3	97
5569	0.97	3	97
5570	0.97	3	97
5571	0.97	3	97
5572	0.97	3	97
5573	0.97	3	97
5574	0.97	3	97
5575	0.97	3	97
5576	0.97	3	97
5577	0.97	3	97
5578	0.97	3	97
5579	0.97	3	97
5580	0.97	3	97
5581	0.97	3	97
5582	0.97	3	97
5583	0.97	3	97
5584	0.97	3	97
5585	0.97	3	97
5586	0.97	3	97
5587	0.97	3	97
5588	0.97	3	97
5589	0.97	3	97
5590	0.97	3	97
5591	0.97	3	97
5592	0.97	3	97
5593	0.97	3	97
5594	0.97	3	97
5595	0.97	3	97
5596	0.97	3	97
5597	0.97	3	97
5598	0.97	3	97
5599	0.96	4	96
5600	0.96	4	96
5601	0.96	4	96
5602	0.96	4	96
5603	0.96	4	96
5604	0.96	4	96
5605	0.96	4	96
5606	0.96	4	96
5607	0.96	4	96
5608	0.96	4	96
5609	0.96	4	96
5610	0.96	4	96
5611	0.96	4	96
5612	0.96	4	96
5613	0.96	4	96
5614	0.96	4	96
5615	0.96	4	96
5616	0.96	4	96
5617	0.96	4	96
5618	0.96	4	96
5619	0.96	4	96
5620	0.96	4	96
5621	0.96	4	96
5622	0.96	4	96
5623	0.96	4	96
5624	0.96	4	96
5625	0.96	4	96
5626	0.96	4	96
5627	0.96	4	96
5628	0.96	4	96
5629	0.96	4	96
5630	0.96	4	96
5631	0.96	4	96
5632	0.96	4	96
5633	0.96	4	96
5634	0.96	4	96
5635	0.96	4	96
5636	0.96	4	96
5637	0.96	4	96
5638	0.96	4	96
5639	0.96	4	96
5640	0.96	4	96
5641	0.96	4	96
5642	0.96	4	96
5643	0.97	3	97
5644	0.97	3	97
5645	0.97	3	97
5646	0.97	3	97
5647	0.98	2	98
5648	0.98	2	98
5649	0.98	2	98
5650	0.98	2	98
5651	0.98	2	98
5652	0.98	2	98
5653	0.98	2	98
5654	0.98	2	98
5655	0.98	2	98
5656	0.98	2	98
5657	0.98	2	98
5658	0.98	2	98
5659	0.98	2	98
5660	0.98	2	98
5661	0.98	2	98
5662	0.98	2	98
5663	0.98	2	98
5664	0.98	2	98
5665	0.98	2	98
5666	0.99	1	99
5667	0.99	1	99
5668	0.99	1	99
5669	0.99	1	99
5670	0.99	1	99
5671	0.99	1	99
5672	0.99	1	99
5673	0.99	1	99
5674	0.99	1	99
5675	0.99	1	99
5676	0.99	1	99
5677	0.99	1	99
5678	0.99	1	99
5679	0.99	1	99
5680	0.99	1	99
5681	0.99	1	99
5682	0.99	1	99
5683	0.99	1	99
5684	0.99	1	99
5685	0.99	1	99
5686	0.99	1	99
5687	0.99	1	99
5688	0.99	1	99
5689	0.99	1	99
5690	0.99	1	99
5691	0.99	1	99
5692	0.99	1	99
5693	0.99	1	99
5694	0.99	1	99
5695	0.99	1	99
5696	0.99	1	99
5697	0.99	1	99
5698	0.99	1	99
5699	1.00	0	100
5700	1.00	0	100
5701	1.00	0	100
5702	1.00	0	100
5703	1.00	0	100
5704	1.00	0	100
5705	1.00	0	100
5706	1.00	0	100
5707	1.00	0	100
5708	1.00	0	100
5709	1.00	0	100
5710	1.00	0	100
5711	1.00	0	100
5712	1.00	0	100
5713	1.00	0	100
5714	1.00	0	100
5715	1.00	0	100
5716	1.00	0	100
5717	1.00	0	100
5718	1.00	0	100
5719	1.00	0	100
5720	1.00	0	100
5721	1.00	0	100
5722	1.00	0	100
5723	1.00	0	100
5724	1.00	0	100
5725	1.00	0	100
5726	1.00	0	100
5727	1.00	0	100
5728	1.00	0	100
5729	1.00	0	100
5730	1.00	0	100
5731	0.99	1	99
5732	0.99	1	99
5733	0.99	1	99
5734	0.99	1	99
5735	0.99	1	99
5736	0.99	1	99
5737	0.99	1	99
5738	0.99	1	99
5739	0.99	1	99
5740	0.99	1	99
5741	0.99	1	99
5742	0.99	1	99
5743	0.99	1	99
5744	0.99	1	99
5745	0.99	1	99
5746	0.99	1	99
5747	0.99	1	99
5748	0.99	1	99
5749	0.99	1	99
5750	0.99	1	99
5751	0.99	1	99
5752	0.99	1	99
5753	0.99	1	99
5754	0.99	1	99
5755	0.99	1	99
5756	0.99	1	99
5757	0.99	1	99
5758	0.99	1	99
5759	0.98	2	98
5760	0.98	2	98
5761	0.98	2	98
5762	0.98	2	98
5763	0.98	2	98
5764	0.98	2	98
5765	0.98	2	98
5766	0.98	2	98
5767	0.98	2	98
5768	0.98	2	98
5769	0.98	2	98
5770	0.98	2	98
5771	0.98	2	98
5772	0.98	2	98
5773	0.98	2	98
5774	0.98	2	98
5775	0.98	2	98
5776	0.98	2	98
5777	0.98	2	98
5778	0.98	2	98
5779	0.98	2	98
5780	0.98	2	98
5781	0.98	2	98
5782	0.98	2	98
5783	0.98	2	98
5784	0.98	2	98
5785	0.98	2	98
5786	0.98	2	98
5787	0.98	2	98
5788	0.98	2	98
5789	0.98	2	98
5790	0.98	2	98
5791	0.98	2	98
5792	0.98	2	98
5793	0.98	2	98
5794	0.98	2	98
5795	0.98	2	98
5796	0.98	2	98
5797	0.97	3	97
5798	0.97	3	97
5799	0.97	3	97
5800	0.97	3	97
5801	0.97	3	97
5802	0.97	3	97
5803	0.97	3	97
5804	0.97	3	97
5805	0.97	3	97
5806	0.97	3	97
5807	0.97	3	97
5808	0.97	3	97
5809	0.97	3	97
5810	0.97	3	97
5811	0.97	3	97
5812	0.97	3	97
5813	0.97	3	97
5814	0.97	3	97
5815	0.97	3	97
5816	0.97	3	97
5817	0.97	3	97
5818	0.97	3	97
5819	0.97	3	97
5820	0.96	4	96
5821	0.96	4	96
5822	0.96	4	96
5823	0.96	4	96
5824	0.96	4	96
5825	0.96	4	96
5826	0.96	4	96
5827	0.96	4	96
5828	0.96	4	96
5829	0.96	4	96
5830	0.96	4	96
5831	0.97	3	97
5832	0.97	3	97
5833	0.97	3	97
5834	0.97	3	97
5835	0.97	3	97
5836	0.97	3	97
5837	0.97	3	97
5838	0.97	3	97
5839	0.97	3	97
5840	0.97	3	97
5841	0.97	3	97
5842	0.97	3	97
5843	0.97	3	97
5844	0.97	3	97
5845	0.97	3	97
5846	0.97	3	97
5847	0.97	3	97
5848	0.97	3	97
5849	0.97	3	97
5850	0.97	3	97
5851	0.97	3	97
5852	0.97	3	97
5853	0.97	3	97
5854	0.97	3	97
5855	0.97	3	97
5856	0.97	3	97
5857	0.97	3	97
5858	0.97	3	97
5859	0.98	2	98
5860	0.98	2	98
5861	0.98	2	98
5862	0.98	2	98
5863	0.98	2	98
5864	0.98	2	98
5865	0.98	2	98
5866	0.97	3	97
5867	0.97	3	97
5868	0.97	3	97
5869	0.97	3	97
5870	0.97	3	97
5871	0.97	3	97
5872	0.97	3	97
5873	0.97	3	97
5874	0.97	3	97
5875	0.97	3	97
5876	0.97	3	97
5877	0.97	3	97
5878	0.97	3	97
5879	0.97	3	97
5880	0.97	3	97
5881	0.97	3	97
5882	0.97	3	97
5883	0.97	3	97
5884	0.97	3	97
5885	0.97	3	97
5886	0.97	3	97
5887	0.97	3	97
5888	0.97	3	97
5889	0.97	3	97
5890	0.97	3	97
5891	0.97	3	97
5892	0.97	3	97
5893	0.97	3	97
5894	0.97	3	97
5895	0.97	3	97
5896	0.97	3	97
5897	0.98	2	98
5898	0.98	2	98
5899	0.98	2	98
5900	0.98	2	98
5901	0.98	2	98
5902	0.98	2	98
5903	0.98	2	98
5904	0.98	2	98
5905	0.98	2	98
5906	0.98	2	98
5907	0.98	2	98
5908	0.98	2	98
5909	0.98	2	98
5910	0.98	2	98
5911	0.98	2	98
5912	0.98	2	98
5913	0.98	2	98
5914	0.98	2	98
5915	0.98	2	98
5916	0.98	2	98
5917	0.98	2	98
5918	0.97	3	97
5919	0.97	3	97
5920	0.98	2	98
5921	0.98	2	98
5922	0.98	2	98
5923	0.98	2	98
5924	0.98	2	98
5925	0.98	2	98
5926	0.98	2	98
5927	0.98	2	98
5928	0.98	2	98
5929	0.98	2	98
5930	0.98	2	98
5931	0.98	2	98
5932	0.98	2	98
5933	0.98	2	98
5934	0.98	2	98
5935	0.98	2	98
5936	0.98	2	98
5937	0.98	2	98
5938	0.98	2	98
5939	0.98	2	98
5940	0.98	2	98
5941	0.98	2	98
5942	0.98	2	98
5943	0.98	2	98
5944	0.98	2	98
5945	0.98	2	98
5946	0.98	2	98
5947	0.97	3	97
5948	0.97	3	97
5949	0.97	3	97
5950	0.97	3	97
5951	0.97	3	97
5952	0.97	3	97
5953	0.97	3	97
5954	0.97	3	97
5955	0.97	3	97
5956	0.97	3	97
5957	0.97	3	97
5958	0.97	3	97
5959	0.97	3	97
5960	0.97	3	97
5961	0.97	3	97
5962	0.97	3	97
5963	0.97	3	97
5964	0.97	3	97
5965	0.97	3	97
5966	0.98	2	98
5967	0.98	2	98
5968	0.98	2	98
5969	0.98	2	98
5970	0.98	2	98
5971	0.98	2	98
5972	0.98	2	98
5973	0.98	2	98
5974	0.98	2	98
5975	0.98	2	98
5976	0.98	2	98
5977	0.98	2	98
5978	0.98	2	98
5979	0.98	2	98
5980	0.98	2	98
5981	0.98	2	98
5982	0.98	2	98
5983	0.98	2	98
5984	0.98	2	98
5985	0.98	2	98
5986	0.98	2	98
5987	0.98	2	98
5988	0.98	2	98
5989	0.98	2	98
5990	0.98	2	98
5991	0.98	2	98
5992	0.98	2	98
5993	0.98	2	98
5994	0.98	2	98
5995	0.98	2	98
5996	0.98	2	98
5997	0.98	2	98
5998	0.98	2	98
5999	0.98	2	98
