timestep	swarm_quality	color_0	color_1
0	0.69	69	31
1	0.69	69	31
2	0.69	69	31
3	0.69	69	31
4	0.68	68	32
5	0.68	68	32
6	0.68	68	32
7	0.68	68	32
8	0.68	68	32
9	0.67	67	33
10	0.67	67	33
11	0.67	67	33
12	0.67	67	33
13	0.67	67	33
14	0.67	67	33
15	0.66	66	34
16	0.66	66	34
17	0.66	66	34
18	0.65	65	35
19	0.64	64	36
20	0.63	63	37
21	0.62	62	38
22	0.62	62	38
23	0.62	62	38
24	0.61	61	39
25	0.61	61	39
26	0.61	61	39
27	0.61	61	39
28	0.61	61	39
29	0.61	61	39
30	0.61	61	39
31	0.61	61	39
32	0.61	61	39
33	0.61	61	39
34	0.61	61	39
35	0.61	61	39
36	0.61	61	39
37	0.61	61	39
38	0.61	61	39
39	0.61	61	39
40	0.61	61	39
41	0.61	61	39
42	0.61	61	39
43	0.60	60	40
44	0.59	59	41
45	0.59	59	41
46	0.58	58	42
47	0.58	58	42
48	0.58	58	42
49	0.58	58	42
50	0.57	57	43
51	0.57	57	43
52	0.56	56	44
53	0.55	55	45
54	0.55	55	45
55	0.55	55	45
56	0.55	55	45
57	0.55	55	45
58	0.55	55	45
59	0.55	55	45
60	0.55	55	45
61	0.55	55	45
62	0.54	54	46
63	0.54	54	46
64	0.53	53	47
65	0.53	53	47
66	0.52	52	48
67	0.51	51	49
68	0.51	51	49
69	0.51	51	49
70	0.52	52	48
71	0.53	53	47
72	0.54	54	46
73	0.55	55	45
74	0.55	55	45
75	0.56	56	44
76	0.57	57	43
77	0.57	57	43
78	0.58	58	42
79	0.58	58	42
80	0.59	59	41
81	0.60	60	40
82	0.60	60	40
83	0.61	61	39
84	0.62	62	38
85	0.63	63	37
86	0.64	64	36
87	0.65	65	35
88	0.66	66	34
89	0.67	67	33
90	0.68	68	32
91	0.69	69	31
92	0.70	70	30
93	0.70	70	30
94	0.70	70	30
95	0.71	71	29
96	0.72	72	28
97	0.72	72	28
98	0.72	72	28
99	0.73	73	27
100	0.74	74	26
101	0.73	73	27
102	0.72	72	28
103	0.72	72	28
104	0.73	73	27
105	0.72	72	28
106	0.72	72	28
107	0.72	72	28
108	0.72	72	28
109	0.73	73	27
110	0.73	73	27
111	0.73	73	27
112	0.73	73	27
113	0.73	73	27
114	0.72	72	28
115	0.73	73	27
116	0.72	72	28
117	0.72	72	28
118	0.73	73	27
119	0.74	74	26
120	0.75	75	25
121	0.76	76	24
122	0.76	76	24
123	0.76	76	24
124	0.77	77	23
125	0.77	77	23
126	0.76	76	24
127	0.76	76	24
128	0.76	76	24
129	0.75	75	25
130	0.75	75	25
131	0.75	75	25
132	0.74	74	26
133	0.74	74	26
134	0.74	74	26
135	0.74	74	26
136	0.74	74	26
137	0.74	74	26
138	0.74	74	26
139	0.74	74	26
140	0.74	74	26
141	0.74	74	26
142	0.74	74	26
143	0.75	75	25
144	0.76	76	24
145	0.76	76	24
146	0.77	77	23
147	0.77	77	23
148	0.77	77	23
149	0.77	77	23
150	0.78	78	22
151	0.78	78	22
152	0.79	79	21
153	0.80	80	20
154	0.80	80	20
155	0.80	80	20
156	0.79	79	21
157	0.79	79	21
158	0.78	78	22
159	0.77	77	23
160	0.77	77	23
161	0.77	77	23
162	0.78	78	22
163	0.78	78	22
164	0.79	79	21
165	0.79	79	21
166	0.79	79	21
167	0.80	80	20
168	0.80	80	20
169	0.80	80	20
170	0.80	80	20
171	0.79	79	21
172	0.78	78	22
173	0.78	78	22
174	0.79	79	21
175	0.79	79	21
176	0.79	79	21
177	0.80	80	20
178	0.79	79	21
179	0.80	80	20
180	0.80	80	20
181	0.80	80	20
182	0.81	81	19
183	0.81	81	19
184	0.80	80	20
185	0.80	80	20
186	0.80	80	20
187	0.80	80	20
188	0.80	80	20
189	0.80	80	20
190	0.79	79	21
191	0.79	79	21
192	0.79	79	21
193	0.80	80	20
194	0.81	81	19
195	0.81	81	19
196	0.81	81	19
197	0.82	82	18
198	0.83	83	17
199	0.82	82	18
200	0.81	81	19
201	0.82	82	18
202	0.82	82	18
203	0.82	82	18
204	0.81	81	19
205	0.82	82	18
206	0.82	82	18
207	0.82	82	18
208	0.82	82	18
209	0.82	82	18
210	0.82	82	18
211	0.82	82	18
212	0.82	82	18
213	0.82	82	18
214	0.83	83	17
215	0.83	83	17
216	0.84	84	16
217	0.84	84	16
218	0.84	84	16
219	0.84	84	16
220	0.83	83	17
221	0.82	82	18
222	0.81	81	19
223	0.81	81	19
224	0.81	81	19
225	0.81	81	19
226	0.82	82	18
227	0.81	81	19
228	0.80	80	20
229	0.81	81	19
230	0.81	81	19
231	0.81	81	19
232	0.82	82	18
233	0.82	82	18
234	0.81	81	19
235	0.81	81	19
236	0.81	81	19
237	0.81	81	19
238	0.81	81	19
239	0.81	81	19
240	0.81	81	19
241	0.81	81	19
242	0.81	81	19
243	0.80	80	20
244	0.79	79	21
245	0.78	78	22
246	0.77	77	23
247	0.77	77	23
248	0.77	77	23
249	0.76	76	24
250	0.75	75	25
251	0.75	75	25
252	0.75	75	25
253	0.74	74	26
254	0.74	74	26
255	0.74	74	26
256	0.75	75	25
257	0.75	75	25
258	0.75	75	25
259	0.75	75	25
260	0.75	75	25
261	0.75	75	25
262	0.75	75	25
263	0.75	75	25
264	0.75	75	25
265	0.74	74	26
266	0.75	75	25
267	0.75	75	25
268	0.75	75	25
269	0.75	75	25
270	0.75	75	25
271	0.76	76	24
272	0.77	77	23
273	0.77	77	23
274	0.76	76	24
275	0.76	76	24
276	0.76	76	24
277	0.76	76	24
278	0.77	77	23
279	0.77	77	23
280	0.77	77	23
281	0.77	77	23
282	0.77	77	23
283	0.76	76	24
284	0.77	77	23
285	0.77	77	23
286	0.76	76	24
287	0.76	76	24
288	0.75	75	25
289	0.75	75	25
290	0.76	76	24
291	0.76	76	24
292	0.76	76	24
293	0.76	76	24
294	0.76	76	24
295	0.75	75	25
296	0.75	75	25
297	0.75	75	25
298	0.74	74	26
299	0.75	75	25
300	0.76	76	24
301	0.76	76	24
302	0.77	77	23
303	0.77	77	23
304	0.78	78	22
305	0.77	77	23
306	0.77	77	23
307	0.77	77	23
308	0.77	77	23
309	0.77	77	23
310	0.76	76	24
311	0.76	76	24
312	0.76	76	24
313	0.76	76	24
314	0.75	75	25
315	0.75	75	25
316	0.75	75	25
317	0.75	75	25
318	0.75	75	25
319	0.75	75	25
320	0.75	75	25
321	0.75	75	25
322	0.76	76	24
323	0.76	76	24
324	0.75	75	25
325	0.74	74	26
326	0.74	74	26
327	0.75	75	25
328	0.76	76	24
329	0.76	76	24
330	0.76	76	24
331	0.76	76	24
332	0.75	75	25
333	0.74	74	26
334	0.75	75	25
335	0.75	75	25
336	0.74	74	26
337	0.74	74	26
338	0.74	74	26
339	0.74	74	26
340	0.73	73	27
341	0.73	73	27
342	0.73	73	27
343	0.74	74	26
344	0.75	75	25
345	0.75	75	25
346	0.76	76	24
347	0.76	76	24
348	0.76	76	24
349	0.77	77	23
350	0.78	78	22
351	0.78	78	22
352	0.78	78	22
353	0.79	79	21
354	0.79	79	21
355	0.79	79	21
356	0.79	79	21
357	0.79	79	21
358	0.80	80	20
359	0.81	81	19
360	0.81	81	19
361	0.80	80	20
362	0.80	80	20
363	0.80	80	20
364	0.80	80	20
365	0.81	81	19
366	0.81	81	19
367	0.80	80	20
368	0.80	80	20
369	0.80	80	20
370	0.80	80	20
371	0.80	80	20
372	0.79	79	21
373	0.78	78	22
374	0.79	79	21
375	0.79	79	21
376	0.79	79	21
377	0.79	79	21
378	0.78	78	22
379	0.78	78	22
380	0.78	78	22
381	0.77	77	23
382	0.77	77	23
383	0.78	78	22
384	0.78	78	22
385	0.78	78	22
386	0.79	79	21
387	0.78	78	22
388	0.79	79	21
389	0.78	78	22
390	0.77	77	23
391	0.77	77	23
392	0.77	77	23
393	0.77	77	23
394	0.76	76	24
395	0.77	77	23
396	0.77	77	23
397	0.77	77	23
398	0.78	78	22
399	0.78	78	22
400	0.78	78	22
401	0.78	78	22
402	0.78	78	22
403	0.77	77	23
404	0.77	77	23
405	0.78	78	22
406	0.77	77	23
407	0.77	77	23
408	0.77	77	23
409	0.77	77	23
410	0.78	78	22
411	0.78	78	22
412	0.78	78	22
413	0.77	77	23
414	0.78	78	22
415	0.78	78	22
416	0.77	77	23
417	0.77	77	23
418	0.77	77	23
419	0.77	77	23
420	0.78	78	22
421	0.79	79	21
422	0.79	79	21
423	0.79	79	21
424	0.80	80	20
425	0.81	81	19
426	0.81	81	19
427	0.81	81	19
428	0.81	81	19
429	0.80	80	20
430	0.79	79	21
431	0.79	79	21
432	0.80	80	20
433	0.81	81	19
434	0.81	81	19
435	0.81	81	19
436	0.82	82	18
437	0.82	82	18
438	0.82	82	18
439	0.81	81	19
440	0.81	81	19
441	0.81	81	19
442	0.81	81	19
443	0.81	81	19
444	0.80	80	20
445	0.81	81	19
446	0.81	81	19
447	0.81	81	19
448	0.81	81	19
449	0.80	80	20
450	0.80	80	20
451	0.80	80	20
452	0.79	79	21
453	0.79	79	21
454	0.79	79	21
455	0.79	79	21
456	0.79	79	21
457	0.79	79	21
458	0.79	79	21
459	0.79	79	21
460	0.78	78	22
461	0.79	79	21
462	0.79	79	21
463	0.79	79	21
464	0.79	79	21
465	0.79	79	21
466	0.79	79	21
467	0.80	80	20
468	0.80	80	20
469	0.80	80	20
470	0.80	80	20
471	0.80	80	20
472	0.81	81	19
473	0.82	82	18
474	0.82	82	18
475	0.81	81	19
476	0.81	81	19
477	0.81	81	19
478	0.81	81	19
479	0.81	81	19
480	0.81	81	19
481	0.81	81	19
482	0.81	81	19
483	0.81	81	19
484	0.81	81	19
485	0.80	80	20
486	0.80	80	20
487	0.81	81	19
488	0.80	80	20
489	0.81	81	19
490	0.82	82	18
491	0.82	82	18
492	0.82	82	18
493	0.81	81	19
494	0.82	82	18
495	0.82	82	18
496	0.82	82	18
497	0.82	82	18
498	0.81	81	19
499	0.81	81	19
500	0.81	81	19
501	0.81	81	19
502	0.81	81	19
503	0.82	82	18
504	0.82	82	18
505	0.82	82	18
506	0.83	83	17
507	0.83	83	17
508	0.83	83	17
509	0.83	83	17
510	0.83	83	17
511	0.82	82	18
512	0.81	81	19
513	0.81	81	19
514	0.80	80	20
515	0.80	80	20
516	0.81	81	19
517	0.80	80	20
518	0.80	80	20
519	0.80	80	20
520	0.80	80	20
521	0.80	80	20
522	0.80	80	20
523	0.80	80	20
524	0.80	80	20
525	0.80	80	20
526	0.80	80	20
527	0.79	79	21
528	0.79	79	21
529	0.80	80	20
530	0.81	81	19
531	0.81	81	19
532	0.81	81	19
533	0.81	81	19
534	0.81	81	19
535	0.81	81	19
536	0.80	80	20
537	0.80	80	20
538	0.80	80	20
539	0.81	81	19
540	0.82	82	18
541	0.82	82	18
542	0.81	81	19
543	0.81	81	19
544	0.82	82	18
545	0.82	82	18
546	0.82	82	18
547	0.82	82	18
548	0.82	82	18
549	0.83	83	17
550	0.83	83	17
551	0.83	83	17
552	0.84	84	16
553	0.84	84	16
554	0.84	84	16
555	0.83	83	17
556	0.83	83	17
557	0.83	83	17
558	0.83	83	17
559	0.83	83	17
560	0.83	83	17
561	0.83	83	17
562	0.83	83	17
563	0.83	83	17
564	0.83	83	17
565	0.83	83	17
566	0.83	83	17
567	0.83	83	17
568	0.83	83	17
569	0.83	83	17
570	0.83	83	17
571	0.83	83	17
572	0.83	83	17
573	0.82	82	18
574	0.82	82	18
575	0.83	83	17
576	0.83	83	17
577	0.83	83	17
578	0.84	84	16
579	0.84	84	16
580	0.84	84	16
581	0.85	85	15
582	0.85	85	15
583	0.85	85	15
584	0.85	85	15
585	0.86	86	14
586	0.86	86	14
587	0.86	86	14
588	0.87	87	13
589	0.86	86	14
590	0.86	86	14
591	0.86	86	14
592	0.86	86	14
593	0.87	87	13
594	0.87	87	13
595	0.87	87	13
596	0.87	87	13
597	0.87	87	13
598	0.88	88	12
599	0.87	87	13
600	0.87	87	13
601	0.87	87	13
602	0.87	87	13
603	0.87	87	13
604	0.87	87	13
605	0.87	87	13
606	0.87	87	13
607	0.86	86	14
608	0.86	86	14
609	0.86	86	14
610	0.85	85	15
611	0.86	86	14
612	0.87	87	13
613	0.88	88	12
614	0.88	88	12
615	0.88	88	12
616	0.88	88	12
617	0.89	89	11
618	0.89	89	11
619	0.89	89	11
620	0.88	88	12
621	0.88	88	12
622	0.88	88	12
623	0.88	88	12
624	0.88	88	12
625	0.87	87	13
626	0.87	87	13
627	0.88	88	12
628	0.87	87	13
629	0.87	87	13
630	0.87	87	13
631	0.87	87	13
632	0.87	87	13
633	0.86	86	14
634	0.86	86	14
635	0.86	86	14
636	0.87	87	13
637	0.86	86	14
638	0.86	86	14
639	0.86	86	14
640	0.86	86	14
641	0.85	85	15
642	0.86	86	14
643	0.85	85	15
644	0.85	85	15
645	0.85	85	15
646	0.85	85	15
647	0.85	85	15
648	0.85	85	15
649	0.85	85	15
650	0.85	85	15
651	0.85	85	15
652	0.85	85	15
653	0.85	85	15
654	0.84	84	16
655	0.85	85	15
656	0.85	85	15
657	0.84	84	16
658	0.84	84	16
659	0.84	84	16
660	0.85	85	15
661	0.85	85	15
662	0.84	84	16
663	0.83	83	17
664	0.83	83	17
665	0.83	83	17
666	0.83	83	17
667	0.82	82	18
668	0.81	81	19
669	0.81	81	19
670	0.81	81	19
671	0.81	81	19
672	0.80	80	20
673	0.81	81	19
674	0.80	80	20
675	0.80	80	20
676	0.80	80	20
677	0.80	80	20
678	0.79	79	21
679	0.79	79	21
680	0.79	79	21
681	0.79	79	21
682	0.79	79	21
683	0.79	79	21
684	0.78	78	22
685	0.78	78	22
686	0.78	78	22
687	0.78	78	22
688	0.78	78	22
689	0.79	79	21
690	0.79	79	21
691	0.79	79	21
692	0.79	79	21
693	0.79	79	21
694	0.78	78	22
695	0.77	77	23
696	0.77	77	23
697	0.77	77	23
698	0.77	77	23
699	0.77	77	23
700	0.76	76	24
701	0.76	76	24
702	0.75	75	25
703	0.75	75	25
704	0.75	75	25
705	0.75	75	25
706	0.75	75	25
707	0.76	76	24
708	0.76	76	24
709	0.76	76	24
710	0.77	77	23
711	0.77	77	23
712	0.77	77	23
713	0.77	77	23
714	0.78	78	22
715	0.78	78	22
716	0.77	77	23
717	0.76	76	24
718	0.76	76	24
719	0.76	76	24
720	0.77	77	23
721	0.76	76	24
722	0.76	76	24
723	0.76	76	24
724	0.76	76	24
725	0.76	76	24
726	0.76	76	24
727	0.76	76	24
728	0.77	77	23
729	0.77	77	23
730	0.76	76	24
731	0.76	76	24
732	0.76	76	24
733	0.77	77	23
734	0.77	77	23
735	0.77	77	23
736	0.77	77	23
737	0.78	78	22
738	0.78	78	22
739	0.78	78	22
740	0.78	78	22
741	0.79	79	21
742	0.79	79	21
743	0.79	79	21
744	0.79	79	21
745	0.79	79	21
746	0.79	79	21
747	0.79	79	21
748	0.79	79	21
749	0.79	79	21
750	0.79	79	21
751	0.78	78	22
752	0.78	78	22
753	0.78	78	22
754	0.79	79	21
755	0.79	79	21
756	0.78	78	22
757	0.79	79	21
758	0.79	79	21
759	0.79	79	21
760	0.79	79	21
761	0.79	79	21
762	0.80	80	20
763	0.81	81	19
764	0.81	81	19
765	0.81	81	19
766	0.81	81	19
767	0.82	82	18
768	0.83	83	17
769	0.83	83	17
770	0.83	83	17
771	0.83	83	17
772	0.84	84	16
773	0.84	84	16
774	0.85	85	15
775	0.85	85	15
776	0.85	85	15
777	0.84	84	16
778	0.85	85	15
779	0.84	84	16
780	0.84	84	16
781	0.84	84	16
782	0.84	84	16
783	0.84	84	16
784	0.85	85	15
785	0.85	85	15
786	0.85	85	15
787	0.85	85	15
788	0.85	85	15
789	0.85	85	15
790	0.85	85	15
791	0.84	84	16
792	0.84	84	16
793	0.83	83	17
794	0.84	84	16
795	0.85	85	15
796	0.84	84	16
797	0.83	83	17
798	0.83	83	17
799	0.84	84	16
800	0.84	84	16
801	0.84	84	16
802	0.85	85	15
803	0.84	84	16
804	0.84	84	16
805	0.84	84	16
806	0.84	84	16
807	0.84	84	16
808	0.84	84	16
809	0.84	84	16
810	0.84	84	16
811	0.84	84	16
812	0.84	84	16
813	0.84	84	16
814	0.84	84	16
815	0.84	84	16
816	0.85	85	15
817	0.86	86	14
818	0.86	86	14
819	0.85	85	15
820	0.85	85	15
821	0.86	86	14
822	0.86	86	14
823	0.86	86	14
824	0.86	86	14
825	0.86	86	14
826	0.86	86	14
827	0.86	86	14
828	0.86	86	14
829	0.86	86	14
830	0.86	86	14
831	0.85	85	15
832	0.85	85	15
833	0.85	85	15
834	0.85	85	15
835	0.85	85	15
836	0.85	85	15
837	0.85	85	15
838	0.85	85	15
839	0.85	85	15
840	0.85	85	15
841	0.85	85	15
842	0.85	85	15
843	0.86	86	14
844	0.86	86	14
845	0.86	86	14
846	0.86	86	14
847	0.85	85	15
848	0.85	85	15
849	0.85	85	15
850	0.85	85	15
851	0.86	86	14
852	0.86	86	14
853	0.86	86	14
854	0.86	86	14
855	0.86	86	14
856	0.87	87	13
857	0.87	87	13
858	0.87	87	13
859	0.86	86	14
860	0.86	86	14
861	0.86	86	14
862	0.86	86	14
863	0.85	85	15
864	0.85	85	15
865	0.85	85	15
866	0.84	84	16
867	0.84	84	16
868	0.84	84	16
869	0.84	84	16
870	0.84	84	16
871	0.83	83	17
872	0.83	83	17
873	0.83	83	17
874	0.82	82	18
875	0.82	82	18
876	0.82	82	18
877	0.83	83	17
878	0.82	82	18
879	0.82	82	18
880	0.82	82	18
881	0.82	82	18
882	0.82	82	18
883	0.82	82	18
884	0.82	82	18
885	0.82	82	18
886	0.82	82	18
887	0.82	82	18
888	0.82	82	18
889	0.81	81	19
890	0.81	81	19
891	0.82	82	18
892	0.81	81	19
893	0.82	82	18
894	0.82	82	18
895	0.82	82	18
896	0.83	83	17
897	0.84	84	16
898	0.84	84	16
899	0.84	84	16
900	0.85	85	15
901	0.85	85	15
902	0.85	85	15
903	0.85	85	15
904	0.85	85	15
905	0.85	85	15
906	0.84	84	16
907	0.84	84	16
908	0.83	83	17
909	0.83	83	17
910	0.83	83	17
911	0.83	83	17
912	0.82	82	18
913	0.82	82	18
914	0.82	82	18
915	0.82	82	18
916	0.82	82	18
917	0.82	82	18
918	0.81	81	19
919	0.81	81	19
920	0.81	81	19
921	0.81	81	19
922	0.81	81	19
923	0.81	81	19
924	0.81	81	19
925	0.81	81	19
926	0.81	81	19
927	0.81	81	19
928	0.80	80	20
929	0.80	80	20
930	0.81	81	19
931	0.82	82	18
932	0.82	82	18
933	0.81	81	19
934	0.81	81	19
935	0.81	81	19
936	0.81	81	19
937	0.80	80	20
938	0.80	80	20
939	0.80	80	20
940	0.79	79	21
941	0.79	79	21
942	0.79	79	21
943	0.79	79	21
944	0.79	79	21
945	0.78	78	22
946	0.78	78	22
947	0.79	79	21
948	0.79	79	21
949	0.78	78	22
950	0.78	78	22
951	0.78	78	22
952	0.77	77	23
953	0.77	77	23
954	0.77	77	23
955	0.76	76	24
956	0.76	76	24
957	0.76	76	24
958	0.76	76	24
959	0.76	76	24
960	0.76	76	24
961	0.76	76	24
962	0.76	76	24
963	0.77	77	23
964	0.76	76	24
965	0.75	75	25
966	0.76	76	24
967	0.76	76	24
968	0.76	76	24
969	0.76	76	24
970	0.76	76	24
971	0.77	77	23
972	0.77	77	23
973	0.77	77	23
974	0.78	78	22
975	0.77	77	23
976	0.76	76	24
977	0.76	76	24
978	0.77	77	23
979	0.77	77	23
980	0.77	77	23
981	0.77	77	23
982	0.77	77	23
983	0.76	76	24
984	0.76	76	24
985	0.76	76	24
986	0.76	76	24
987	0.76	76	24
988	0.76	76	24
989	0.77	77	23
990	0.77	77	23
991	0.77	77	23
992	0.77	77	23
993	0.76	76	24
994	0.76	76	24
995	0.76	76	24
996	0.76	76	24
997	0.76	76	24
998	0.76	76	24
999	0.75	75	25
1000	0.26	74	26
1001	0.27	73	27
1002	0.27	73	27
1003	0.27	73	27
1004	0.28	72	28
1005	0.28	72	28
1006	0.28	72	28
1007	0.29	71	29
1008	0.29	71	29
1009	0.30	70	30
1010	0.31	69	31
1011	0.32	68	32
1012	0.31	69	31
1013	0.32	68	32
1014	0.33	67	33
1015	0.33	67	33
1016	0.34	66	34
1017	0.35	65	35
1018	0.35	65	35
1019	0.34	66	34
1020	0.35	65	35
1021	0.35	65	35
1022	0.36	64	36
1023	0.37	63	37
1024	0.38	62	38
1025	0.38	62	38
1026	0.39	61	39
1027	0.40	60	40
1028	0.40	60	40
1029	0.41	59	41
1030	0.41	59	41
1031	0.42	58	42
1032	0.43	57	43
1033	0.42	58	42
1034	0.42	58	42
1035	0.43	57	43
1036	0.43	57	43
1037	0.43	57	43
1038	0.43	57	43
1039	0.44	56	44
1040	0.44	56	44
1041	0.45	55	45
1042	0.46	54	46
1043	0.47	53	47
1044	0.47	53	47
1045	0.47	53	47
1046	0.47	53	47
1047	0.47	53	47
1048	0.48	52	48
1049	0.47	53	47
1050	0.48	52	48
1051	0.49	51	49
1052	0.49	51	49
1053	0.49	51	49
1054	0.50	50	50
1055	0.50	50	50
1056	0.51	49	51
1057	0.52	48	52
1058	0.53	47	53
1059	0.53	47	53
1060	0.54	46	54
1061	0.55	45	55
1062	0.56	44	56
1063	0.57	43	57
1064	0.57	43	57
1065	0.56	44	56
1066	0.57	43	57
1067	0.58	42	58
1068	0.59	41	59
1069	0.60	40	60
1070	0.61	39	61
1071	0.62	38	62
1072	0.63	37	63
1073	0.63	37	63
1074	0.64	36	64
1075	0.64	36	64
1076	0.63	37	63
1077	0.63	37	63
1078	0.63	37	63
1079	0.63	37	63
1080	0.64	36	64
1081	0.64	36	64
1082	0.65	35	65
1083	0.64	36	64
1084	0.65	35	65
1085	0.65	35	65
1086	0.65	35	65
1087	0.66	34	66
1088	0.66	34	66
1089	0.67	33	67
1090	0.68	32	68
1091	0.69	31	69
1092	0.69	31	69
1093	0.69	31	69
1094	0.70	30	70
1095	0.70	30	70
1096	0.71	29	71
1097	0.71	29	71
1098	0.72	28	72
1099	0.72	28	72
1100	0.72	28	72
1101	0.71	29	71
1102	0.71	29	71
1103	0.71	29	71
1104	0.71	29	71
1105	0.72	28	72
1106	0.72	28	72
1107	0.72	28	72
1108	0.71	29	71
1109	0.71	29	71
1110	0.70	30	70
1111	0.70	30	70
1112	0.71	29	71
1113	0.71	29	71
1114	0.71	29	71
1115	0.72	28	72
1116	0.72	28	72
1117	0.72	28	72
1118	0.72	28	72
1119	0.73	27	73
1120	0.73	27	73
1121	0.74	26	74
1122	0.74	26	74
1123	0.74	26	74
1124	0.73	27	73
1125	0.73	27	73
1126	0.73	27	73
1127	0.73	27	73
1128	0.73	27	73
1129	0.73	27	73
1130	0.74	26	74
1131	0.74	26	74
1132	0.74	26	74
1133	0.75	25	75
1134	0.75	25	75
1135	0.74	26	74
1136	0.75	25	75
1137	0.74	26	74
1138	0.75	25	75
1139	0.75	25	75
1140	0.75	25	75
1141	0.75	25	75
1142	0.74	26	74
1143	0.73	27	73
1144	0.73	27	73
1145	0.73	27	73
1146	0.74	26	74
1147	0.75	25	75
1148	0.75	25	75
1149	0.76	24	76
1150	0.75	25	75
1151	0.75	25	75
1152	0.75	25	75
1153	0.76	24	76
1154	0.75	25	75
1155	0.75	25	75
1156	0.75	25	75
1157	0.75	25	75
1158	0.75	25	75
1159	0.75	25	75
1160	0.75	25	75
1161	0.75	25	75
1162	0.75	25	75
1163	0.75	25	75
1164	0.75	25	75
1165	0.76	24	76
1166	0.76	24	76
1167	0.76	24	76
1168	0.76	24	76
1169	0.76	24	76
1170	0.76	24	76
1171	0.75	25	75
1172	0.75	25	75
1173	0.75	25	75
1174	0.75	25	75
1175	0.75	25	75
1176	0.75	25	75
1177	0.75	25	75
1178	0.76	24	76
1179	0.76	24	76
1180	0.76	24	76
1181	0.77	23	77
1182	0.77	23	77
1183	0.78	22	78
1184	0.78	22	78
1185	0.79	21	79
1186	0.80	20	80
1187	0.80	20	80
1188	0.81	19	81
1189	0.81	19	81
1190	0.80	20	80
1191	0.80	20	80
1192	0.80	20	80
1193	0.80	20	80
1194	0.80	20	80
1195	0.80	20	80
1196	0.80	20	80
1197	0.81	19	81
1198	0.80	20	80
1199	0.80	20	80
1200	0.79	21	79
1201	0.79	21	79
1202	0.80	20	80
1203	0.80	20	80
1204	0.80	20	80
1205	0.80	20	80
1206	0.80	20	80
1207	0.80	20	80
1208	0.80	20	80
1209	0.79	21	79
1210	0.80	20	80
1211	0.80	20	80
1212	0.80	20	80
1213	0.80	20	80
1214	0.80	20	80
1215	0.80	20	80
1216	0.80	20	80
1217	0.80	20	80
1218	0.80	20	80
1219	0.79	21	79
1220	0.79	21	79
1221	0.79	21	79
1222	0.78	22	78
1223	0.78	22	78
1224	0.79	21	79
1225	0.79	21	79
1226	0.79	21	79
1227	0.79	21	79
1228	0.79	21	79
1229	0.79	21	79
1230	0.79	21	79
1231	0.78	22	78
1232	0.78	22	78
1233	0.77	23	77
1234	0.78	22	78
1235	0.79	21	79
1236	0.79	21	79
1237	0.80	20	80
1238	0.80	20	80
1239	0.80	20	80
1240	0.80	20	80
1241	0.80	20	80
1242	0.81	19	81
1243	0.82	18	82
1244	0.83	17	83
1245	0.83	17	83
1246	0.83	17	83
1247	0.82	18	82
1248	0.81	19	81
1249	0.81	19	81
1250	0.82	18	82
1251	0.81	19	81
1252	0.80	20	80
1253	0.80	20	80
1254	0.80	20	80
1255	0.80	20	80
1256	0.79	21	79
1257	0.79	21	79
1258	0.78	22	78
1259	0.77	23	77
1260	0.77	23	77
1261	0.77	23	77
1262	0.77	23	77
1263	0.77	23	77
1264	0.77	23	77
1265	0.76	24	76
1266	0.76	24	76
1267	0.75	25	75
1268	0.75	25	75
1269	0.74	26	74
1270	0.74	26	74
1271	0.75	25	75
1272	0.75	25	75
1273	0.75	25	75
1274	0.75	25	75
1275	0.75	25	75
1276	0.76	24	76
1277	0.76	24	76
1278	0.76	24	76
1279	0.76	24	76
1280	0.75	25	75
1281	0.75	25	75
1282	0.75	25	75
1283	0.75	25	75
1284	0.75	25	75
1285	0.75	25	75
1286	0.75	25	75
1287	0.74	26	74
1288	0.74	26	74
1289	0.74	26	74
1290	0.75	25	75
1291	0.75	25	75
1292	0.74	26	74
1293	0.74	26	74
1294	0.73	27	73
1295	0.73	27	73
1296	0.73	27	73
1297	0.73	27	73
1298	0.74	26	74
1299	0.73	27	73
1300	0.73	27	73
1301	0.73	27	73
1302	0.73	27	73
1303	0.73	27	73
1304	0.72	28	72
1305	0.72	28	72
1306	0.72	28	72
1307	0.72	28	72
1308	0.73	27	73
1309	0.74	26	74
1310	0.74	26	74
1311	0.74	26	74
1312	0.74	26	74
1313	0.74	26	74
1314	0.74	26	74
1315	0.74	26	74
1316	0.74	26	74
1317	0.74	26	74
1318	0.74	26	74
1319	0.75	25	75
1320	0.75	25	75
1321	0.75	25	75
1322	0.76	24	76
1323	0.76	24	76
1324	0.75	25	75
1325	0.74	26	74
1326	0.74	26	74
1327	0.73	27	73
1328	0.73	27	73
1329	0.73	27	73
1330	0.73	27	73
1331	0.74	26	74
1332	0.73	27	73
1333	0.73	27	73
1334	0.73	27	73
1335	0.73	27	73
1336	0.73	27	73
1337	0.73	27	73
1338	0.73	27	73
1339	0.72	28	72
1340	0.72	28	72
1341	0.72	28	72
1342	0.71	29	71
1343	0.71	29	71
1344	0.71	29	71
1345	0.71	29	71
1346	0.71	29	71
1347	0.72	28	72
1348	0.73	27	73
1349	0.73	27	73
1350	0.73	27	73
1351	0.73	27	73
1352	0.73	27	73
1353	0.73	27	73
1354	0.74	26	74
1355	0.74	26	74
1356	0.74	26	74
1357	0.74	26	74
1358	0.75	25	75
1359	0.76	24	76
1360	0.76	24	76
1361	0.76	24	76
1362	0.76	24	76
1363	0.76	24	76
1364	0.75	25	75
1365	0.76	24	76
1366	0.75	25	75
1367	0.75	25	75
1368	0.75	25	75
1369	0.76	24	76
1370	0.75	25	75
1371	0.75	25	75
1372	0.75	25	75
1373	0.76	24	76
1374	0.76	24	76
1375	0.76	24	76
1376	0.76	24	76
1377	0.77	23	77
1378	0.77	23	77
1379	0.77	23	77
1380	0.78	22	78
1381	0.77	23	77
1382	0.77	23	77
1383	0.77	23	77
1384	0.77	23	77
1385	0.77	23	77
1386	0.77	23	77
1387	0.78	22	78
1388	0.78	22	78
1389	0.78	22	78
1390	0.78	22	78
1391	0.77	23	77
1392	0.77	23	77
1393	0.76	24	76
1394	0.77	23	77
1395	0.78	22	78
1396	0.78	22	78
1397	0.78	22	78
1398	0.78	22	78
1399	0.79	21	79
1400	0.79	21	79
1401	0.80	20	80
1402	0.80	20	80
1403	0.80	20	80
1404	0.81	19	81
1405	0.81	19	81
1406	0.81	19	81
1407	0.81	19	81
1408	0.81	19	81
1409	0.81	19	81
1410	0.81	19	81
1411	0.81	19	81
1412	0.81	19	81
1413	0.80	20	80
1414	0.80	20	80
1415	0.79	21	79
1416	0.79	21	79
1417	0.79	21	79
1418	0.79	21	79
1419	0.78	22	78
1420	0.78	22	78
1421	0.78	22	78
1422	0.77	23	77
1423	0.77	23	77
1424	0.78	22	78
1425	0.79	21	79
1426	0.79	21	79
1427	0.80	20	80
1428	0.80	20	80
1429	0.80	20	80
1430	0.80	20	80
1431	0.80	20	80
1432	0.81	19	81
1433	0.82	18	82
1434	0.82	18	82
1435	0.81	19	81
1436	0.81	19	81
1437	0.81	19	81
1438	0.81	19	81
1439	0.82	18	82
1440	0.82	18	82
1441	0.82	18	82
1442	0.83	17	83
1443	0.83	17	83
1444	0.83	17	83
1445	0.83	17	83
1446	0.82	18	82
1447	0.82	18	82
1448	0.81	19	81
1449	0.80	20	80
1450	0.80	20	80
1451	0.81	19	81
1452	0.82	18	82
1453	0.82	18	82
1454	0.82	18	82
1455	0.82	18	82
1456	0.82	18	82
1457	0.82	18	82
1458	0.82	18	82
1459	0.82	18	82
1460	0.82	18	82
1461	0.82	18	82
1462	0.81	19	81
1463	0.81	19	81
1464	0.82	18	82
1465	0.82	18	82
1466	0.82	18	82
1467	0.83	17	83
1468	0.82	18	82
1469	0.82	18	82
1470	0.82	18	82
1471	0.81	19	81
1472	0.81	19	81
1473	0.81	19	81
1474	0.81	19	81
1475	0.81	19	81
1476	0.81	19	81
1477	0.81	19	81
1478	0.80	20	80
1479	0.80	20	80
1480	0.80	20	80
1481	0.81	19	81
1482	0.81	19	81
1483	0.81	19	81
1484	0.81	19	81
1485	0.81	19	81
1486	0.81	19	81
1487	0.81	19	81
1488	0.81	19	81
1489	0.81	19	81
1490	0.81	19	81
1491	0.82	18	82
1492	0.82	18	82
1493	0.83	17	83
1494	0.82	18	82
1495	0.82	18	82
1496	0.82	18	82
1497	0.82	18	82
1498	0.82	18	82
1499	0.82	18	82
1500	0.82	18	82
1501	0.82	18	82
1502	0.82	18	82
1503	0.82	18	82
1504	0.82	18	82
1505	0.82	18	82
1506	0.82	18	82
1507	0.82	18	82
1508	0.82	18	82
1509	0.82	18	82
1510	0.81	19	81
1511	0.81	19	81
1512	0.81	19	81
1513	0.82	18	82
1514	0.82	18	82
1515	0.82	18	82
1516	0.82	18	82
1517	0.82	18	82
1518	0.81	19	81
1519	0.82	18	82
1520	0.81	19	81
1521	0.81	19	81
1522	0.82	18	82
1523	0.81	19	81
1524	0.80	20	80
1525	0.79	21	79
1526	0.79	21	79
1527	0.79	21	79
1528	0.78	22	78
1529	0.78	22	78
1530	0.78	22	78
1531	0.78	22	78
1532	0.78	22	78
1533	0.78	22	78
1534	0.77	23	77
1535	0.78	22	78
1536	0.78	22	78
1537	0.78	22	78
1538	0.78	22	78
1539	0.77	23	77
1540	0.76	24	76
1541	0.76	24	76
1542	0.76	24	76
1543	0.75	25	75
1544	0.75	25	75
1545	0.74	26	74
1546	0.75	25	75
1547	0.74	26	74
1548	0.74	26	74
1549	0.75	25	75
1550	0.75	25	75
1551	0.75	25	75
1552	0.75	25	75
1553	0.75	25	75
1554	0.75	25	75
1555	0.75	25	75
1556	0.76	24	76
1557	0.76	24	76
1558	0.76	24	76
1559	0.76	24	76
1560	0.76	24	76
1561	0.76	24	76
1562	0.76	24	76
1563	0.76	24	76
1564	0.76	24	76
1565	0.75	25	75
1566	0.76	24	76
1567	0.76	24	76
1568	0.77	23	77
1569	0.76	24	76
1570	0.77	23	77
1571	0.78	22	78
1572	0.78	22	78
1573	0.78	22	78
1574	0.78	22	78
1575	0.77	23	77
1576	0.76	24	76
1577	0.76	24	76
1578	0.77	23	77
1579	0.76	24	76
1580	0.76	24	76
1581	0.76	24	76
1582	0.76	24	76
1583	0.76	24	76
1584	0.76	24	76
1585	0.76	24	76
1586	0.76	24	76
1587	0.76	24	76
1588	0.76	24	76
1589	0.75	25	75
1590	0.75	25	75
1591	0.75	25	75
1592	0.76	24	76
1593	0.76	24	76
1594	0.77	23	77
1595	0.76	24	76
1596	0.76	24	76
1597	0.75	25	75
1598	0.75	25	75
1599	0.74	26	74
1600	0.75	25	75
1601	0.75	25	75
1602	0.75	25	75
1603	0.75	25	75
1604	0.74	26	74
1605	0.74	26	74
1606	0.74	26	74
1607	0.74	26	74
1608	0.74	26	74
1609	0.74	26	74
1610	0.74	26	74
1611	0.74	26	74
1612	0.73	27	73
1613	0.72	28	72
1614	0.72	28	72
1615	0.73	27	73
1616	0.73	27	73
1617	0.73	27	73
1618	0.73	27	73
1619	0.73	27	73
1620	0.73	27	73
1621	0.73	27	73
1622	0.72	28	72
1623	0.72	28	72
1624	0.72	28	72
1625	0.73	27	73
1626	0.72	28	72
1627	0.72	28	72
1628	0.73	27	73
1629	0.73	27	73
1630	0.73	27	73
1631	0.73	27	73
1632	0.73	27	73
1633	0.72	28	72
1634	0.73	27	73
1635	0.72	28	72
1636	0.72	28	72
1637	0.72	28	72
1638	0.71	29	71
1639	0.72	28	72
1640	0.73	27	73
1641	0.73	27	73
1642	0.73	27	73
1643	0.73	27	73
1644	0.73	27	73
1645	0.74	26	74
1646	0.74	26	74
1647	0.74	26	74
1648	0.75	25	75
1649	0.75	25	75
1650	0.75	25	75
1651	0.74	26	74
1652	0.73	27	73
1653	0.73	27	73
1654	0.72	28	72
1655	0.72	28	72
1656	0.72	28	72
1657	0.72	28	72
1658	0.71	29	71
1659	0.71	29	71
1660	0.71	29	71
1661	0.71	29	71
1662	0.71	29	71
1663	0.70	30	70
1664	0.70	30	70
1665	0.71	29	71
1666	0.70	30	70
1667	0.70	30	70
1668	0.69	31	69
1669	0.70	30	70
1670	0.70	30	70
1671	0.69	31	69
1672	0.69	31	69
1673	0.69	31	69
1674	0.69	31	69
1675	0.70	30	70
1676	0.71	29	71
1677	0.71	29	71
1678	0.70	30	70
1679	0.70	30	70
1680	0.70	30	70
1681	0.70	30	70
1682	0.70	30	70
1683	0.69	31	69
1684	0.69	31	69
1685	0.69	31	69
1686	0.69	31	69
1687	0.68	32	68
1688	0.68	32	68
1689	0.68	32	68
1690	0.68	32	68
1691	0.67	33	67
1692	0.66	34	66
1693	0.65	35	65
1694	0.65	35	65
1695	0.66	34	66
1696	0.66	34	66
1697	0.67	33	67
1698	0.67	33	67
1699	0.67	33	67
1700	0.66	34	66
1701	0.66	34	66
1702	0.65	35	65
1703	0.65	35	65
1704	0.65	35	65
1705	0.64	36	64
1706	0.64	36	64
1707	0.64	36	64
1708	0.64	36	64
1709	0.64	36	64
1710	0.65	35	65
1711	0.64	36	64
1712	0.64	36	64
1713	0.65	35	65
1714	0.65	35	65
1715	0.65	35	65
1716	0.65	35	65
1717	0.65	35	65
1718	0.66	34	66
1719	0.66	34	66
1720	0.66	34	66
1721	0.65	35	65
1722	0.66	34	66
1723	0.67	33	67
1724	0.67	33	67
1725	0.66	34	66
1726	0.67	33	67
1727	0.67	33	67
1728	0.67	33	67
1729	0.66	34	66
1730	0.65	35	65
1731	0.65	35	65
1732	0.65	35	65
1733	0.65	35	65
1734	0.65	35	65
1735	0.66	34	66
1736	0.66	34	66
1737	0.66	34	66
1738	0.67	33	67
1739	0.67	33	67
1740	0.67	33	67
1741	0.66	34	66
1742	0.66	34	66
1743	0.67	33	67
1744	0.67	33	67
1745	0.66	34	66
1746	0.66	34	66
1747	0.67	33	67
1748	0.67	33	67
1749	0.66	34	66
1750	0.66	34	66
1751	0.67	33	67
1752	0.68	32	68
1753	0.68	32	68
1754	0.69	31	69
1755	0.69	31	69
1756	0.69	31	69
1757	0.69	31	69
1758	0.70	30	70
1759	0.70	30	70
1760	0.70	30	70
1761	0.69	31	69
1762	0.70	30	70
1763	0.71	29	71
1764	0.71	29	71
1765	0.70	30	70
1766	0.71	29	71
1767	0.70	30	70
1768	0.71	29	71
1769	0.71	29	71
1770	0.71	29	71
1771	0.72	28	72
1772	0.71	29	71
1773	0.70	30	70
1774	0.69	31	69
1775	0.69	31	69
1776	0.69	31	69
1777	0.68	32	68
1778	0.69	31	69
1779	0.70	30	70
1780	0.69	31	69
1781	0.69	31	69
1782	0.69	31	69
1783	0.70	30	70
1784	0.70	30	70
1785	0.70	30	70
1786	0.69	31	69
1787	0.70	30	70
1788	0.70	30	70
1789	0.71	29	71
1790	0.71	29	71
1791	0.72	28	72
1792	0.72	28	72
1793	0.73	27	73
1794	0.72	28	72
1795	0.72	28	72
1796	0.72	28	72
1797	0.72	28	72
1798	0.72	28	72
1799	0.73	27	73
1800	0.74	26	74
1801	0.74	26	74
1802	0.75	25	75
1803	0.75	25	75
1804	0.76	24	76
1805	0.76	24	76
1806	0.76	24	76
1807	0.76	24	76
1808	0.76	24	76
1809	0.75	25	75
1810	0.74	26	74
1811	0.75	25	75
1812	0.76	24	76
1813	0.75	25	75
1814	0.75	25	75
1815	0.75	25	75
1816	0.75	25	75
1817	0.75	25	75
1818	0.75	25	75
1819	0.75	25	75
1820	0.76	24	76
1821	0.77	23	77
1822	0.77	23	77
1823	0.76	24	76
1824	0.77	23	77
1825	0.78	22	78
1826	0.78	22	78
1827	0.78	22	78
1828	0.78	22	78
1829	0.79	21	79
1830	0.80	20	80
1831	0.79	21	79
1832	0.78	22	78
1833	0.79	21	79
1834	0.79	21	79
1835	0.79	21	79
1836	0.79	21	79
1837	0.79	21	79
1838	0.79	21	79
1839	0.79	21	79
1840	0.79	21	79
1841	0.80	20	80
1842	0.79	21	79
1843	0.79	21	79
1844	0.79	21	79
1845	0.80	20	80
1846	0.80	20	80
1847	0.79	21	79
1848	0.78	22	78
1849	0.79	21	79
1850	0.79	21	79
1851	0.79	21	79
1852	0.78	22	78
1853	0.78	22	78
1854	0.78	22	78
1855	0.78	22	78
1856	0.77	23	77
1857	0.77	23	77
1858	0.77	23	77
1859	0.77	23	77
1860	0.77	23	77
1861	0.77	23	77
1862	0.76	24	76
1863	0.75	25	75
1864	0.74	26	74
1865	0.75	25	75
1866	0.75	25	75
1867	0.76	24	76
1868	0.75	25	75
1869	0.75	25	75
1870	0.75	25	75
1871	0.75	25	75
1872	0.75	25	75
1873	0.76	24	76
1874	0.77	23	77
1875	0.77	23	77
1876	0.76	24	76
1877	0.77	23	77
1878	0.77	23	77
1879	0.77	23	77
1880	0.78	22	78
1881	0.78	22	78
1882	0.78	22	78
1883	0.78	22	78
1884	0.78	22	78
1885	0.77	23	77
1886	0.78	22	78
1887	0.78	22	78
1888	0.78	22	78
1889	0.77	23	77
1890	0.77	23	77
1891	0.77	23	77
1892	0.78	22	78
1893	0.78	22	78
1894	0.79	21	79
1895	0.79	21	79
1896	0.78	22	78
1897	0.78	22	78
1898	0.78	22	78
1899	0.78	22	78
1900	0.78	22	78
1901	0.78	22	78
1902	0.78	22	78
1903	0.78	22	78
1904	0.78	22	78
1905	0.78	22	78
1906	0.78	22	78
1907	0.78	22	78
1908	0.78	22	78
1909	0.79	21	79
1910	0.80	20	80
1911	0.80	20	80
1912	0.79	21	79
1913	0.80	20	80
1914	0.79	21	79
1915	0.79	21	79
1916	0.79	21	79
1917	0.78	22	78
1918	0.78	22	78
1919	0.78	22	78
1920	0.78	22	78
1921	0.78	22	78
1922	0.77	23	77
1923	0.77	23	77
1924	0.77	23	77
1925	0.77	23	77
1926	0.77	23	77
1927	0.77	23	77
1928	0.76	24	76
1929	0.76	24	76
1930	0.76	24	76
1931	0.77	23	77
1932	0.78	22	78
1933	0.78	22	78
1934	0.78	22	78
1935	0.78	22	78
1936	0.77	23	77
1937	0.77	23	77
1938	0.76	24	76
1939	0.76	24	76
1940	0.76	24	76
1941	0.76	24	76
1942	0.77	23	77
1943	0.76	24	76
1944	0.75	25	75
1945	0.75	25	75
1946	0.74	26	74
1947	0.74	26	74
1948	0.75	25	75
1949	0.75	25	75
1950	0.75	25	75
1951	0.75	25	75
1952	0.76	24	76
1953	0.75	25	75
1954	0.74	26	74
1955	0.74	26	74
1956	0.75	25	75
1957	0.75	25	75
1958	0.75	25	75
1959	0.75	25	75
1960	0.75	25	75
1961	0.76	24	76
1962	0.77	23	77
1963	0.77	23	77
1964	0.78	22	78
1965	0.78	22	78
1966	0.78	22	78
1967	0.78	22	78
1968	0.79	21	79
1969	0.79	21	79
1970	0.78	22	78
1971	0.78	22	78
1972	0.78	22	78
1973	0.78	22	78
1974	0.77	23	77
1975	0.76	24	76
1976	0.76	24	76
1977	0.76	24	76
1978	0.76	24	76
1979	0.75	25	75
1980	0.75	25	75
1981	0.75	25	75
1982	0.75	25	75
1983	0.75	25	75
1984	0.74	26	74
1985	0.75	25	75
1986	0.75	25	75
1987	0.75	25	75
1988	0.74	26	74
1989	0.75	25	75
1990	0.75	25	75
1991	0.75	25	75
1992	0.74	26	74
1993	0.73	27	73
1994	0.73	27	73
1995	0.73	27	73
1996	0.74	26	74
1997	0.73	27	73
1998	0.72	28	72
1999	0.72	28	72
2000	0.28	28	72
2001	0.29	29	71
2002	0.30	30	70
2003	0.30	30	70
2004	0.30	30	70
2005	0.29	29	71
2006	0.30	30	70
2007	0.31	31	69
2008	0.31	31	69
2009	0.31	31	69
2010	0.32	32	68
2011	0.33	33	67
2012	0.32	32	68
2013	0.33	33	67
2014	0.32	32	68
2015	0.33	33	67
2016	0.34	34	66
2017	0.34	34	66
2018	0.35	35	65
2019	0.35	35	65
2020	0.36	36	64
2021	0.37	37	63
2022	0.37	37	63
2023	0.37	37	63
2024	0.38	38	62
2025	0.39	39	61
2026	0.40	40	60
2027	0.41	41	59
2028	0.41	41	59
2029	0.42	42	58
2030	0.43	43	57
2031	0.44	44	56
2032	0.45	45	55
2033	0.46	46	54
2034	0.46	46	54
2035	0.47	47	53
2036	0.47	47	53
2037	0.48	48	52
2038	0.48	48	52
2039	0.49	49	51
2040	0.50	50	50
2041	0.51	51	49
2042	0.52	52	48
2043	0.52	52	48
2044	0.52	52	48
2045	0.53	53	47
2046	0.53	53	47
2047	0.52	52	48
2048	0.52	52	48
2049	0.52	52	48
2050	0.52	52	48
2051	0.53	53	47
2052	0.54	54	46
2053	0.54	54	46
2054	0.54	54	46
2055	0.55	55	45
2056	0.55	55	45
2057	0.56	56	44
2058	0.57	57	43
2059	0.57	57	43
2060	0.57	57	43
2061	0.58	58	42
2062	0.58	58	42
2063	0.58	58	42
2064	0.59	59	41
2065	0.60	60	40
2066	0.61	61	39
2067	0.61	61	39
2068	0.62	62	38
2069	0.63	63	37
2070	0.63	63	37
2071	0.64	64	36
2072	0.64	64	36
2073	0.65	65	35
2074	0.64	64	36
2075	0.64	64	36
2076	0.64	64	36
2077	0.65	65	35
2078	0.66	66	34
2079	0.66	66	34
2080	0.66	66	34
2081	0.67	67	33
2082	0.67	67	33
2083	0.68	68	32
2084	0.68	68	32
2085	0.69	69	31
2086	0.70	70	30
2087	0.71	71	29
2088	0.70	70	30
2089	0.71	71	29
2090	0.72	72	28
2091	0.72	72	28
2092	0.72	72	28
2093	0.71	71	29
2094	0.72	72	28
2095	0.73	73	27
2096	0.74	74	26
2097	0.74	74	26
2098	0.74	74	26
2099	0.74	74	26
2100	0.75	75	25
2101	0.75	75	25
2102	0.75	75	25
2103	0.76	76	24
2104	0.77	77	23
2105	0.78	78	22
2106	0.78	78	22
2107	0.78	78	22
2108	0.79	79	21
2109	0.80	80	20
2110	0.80	80	20
2111	0.79	79	21
2112	0.80	80	20
2113	0.80	80	20
2114	0.81	81	19
2115	0.80	80	20
2116	0.79	79	21
2117	0.79	79	21
2118	0.79	79	21
2119	0.79	79	21
2120	0.78	78	22
2121	0.78	78	22
2122	0.77	77	23
2123	0.77	77	23
2124	0.77	77	23
2125	0.76	76	24
2126	0.76	76	24
2127	0.75	75	25
2128	0.75	75	25
2129	0.75	75	25
2130	0.74	74	26
2131	0.74	74	26
2132	0.74	74	26
2133	0.74	74	26
2134	0.75	75	25
2135	0.75	75	25
2136	0.75	75	25
2137	0.75	75	25
2138	0.74	74	26
2139	0.74	74	26
2140	0.74	74	26
2141	0.74	74	26
2142	0.73	73	27
2143	0.73	73	27
2144	0.73	73	27
2145	0.73	73	27
2146	0.73	73	27
2147	0.74	74	26
2148	0.75	75	25
2149	0.76	76	24
2150	0.77	77	23
2151	0.77	77	23
2152	0.77	77	23
2153	0.77	77	23
2154	0.77	77	23
2155	0.77	77	23
2156	0.78	78	22
2157	0.77	77	23
2158	0.77	77	23
2159	0.77	77	23
2160	0.78	78	22
2161	0.77	77	23
2162	0.77	77	23
2163	0.77	77	23
2164	0.77	77	23
2165	0.77	77	23
2166	0.77	77	23
2167	0.77	77	23
2168	0.76	76	24
2169	0.76	76	24
2170	0.76	76	24
2171	0.76	76	24
2172	0.76	76	24
2173	0.76	76	24
2174	0.77	77	23
2175	0.77	77	23
2176	0.76	76	24
2177	0.76	76	24
2178	0.76	76	24
2179	0.76	76	24
2180	0.77	77	23
2181	0.77	77	23
2182	0.78	78	22
2183	0.78	78	22
2184	0.77	77	23
2185	0.77	77	23
2186	0.76	76	24
2187	0.76	76	24
2188	0.77	77	23
2189	0.77	77	23
2190	0.77	77	23
2191	0.78	78	22
2192	0.78	78	22
2193	0.79	79	21
2194	0.79	79	21
2195	0.79	79	21
2196	0.79	79	21
2197	0.79	79	21
2198	0.78	78	22
2199	0.79	79	21
2200	0.79	79	21
2201	0.79	79	21
2202	0.79	79	21
2203	0.78	78	22
2204	0.78	78	22
2205	0.78	78	22
2206	0.78	78	22
2207	0.78	78	22
2208	0.77	77	23
2209	0.77	77	23
2210	0.76	76	24
2211	0.77	77	23
2212	0.76	76	24
2213	0.76	76	24
2214	0.76	76	24
2215	0.77	77	23
2216	0.78	78	22
2217	0.78	78	22
2218	0.78	78	22
2219	0.78	78	22
2220	0.79	79	21
2221	0.79	79	21
2222	0.80	80	20
2223	0.80	80	20
2224	0.79	79	21
2225	0.79	79	21
2226	0.79	79	21
2227	0.80	80	20
2228	0.80	80	20
2229	0.80	80	20
2230	0.81	81	19
2231	0.81	81	19
2232	0.81	81	19
2233	0.80	80	20
2234	0.80	80	20
2235	0.80	80	20
2236	0.80	80	20
2237	0.80	80	20
2238	0.81	81	19
2239	0.81	81	19
2240	0.81	81	19
2241	0.81	81	19
2242	0.81	81	19
2243	0.81	81	19
2244	0.81	81	19
2245	0.81	81	19
2246	0.80	80	20
2247	0.80	80	20
2248	0.80	80	20
2249	0.80	80	20
2250	0.80	80	20
2251	0.79	79	21
2252	0.78	78	22
2253	0.78	78	22
2254	0.78	78	22
2255	0.78	78	22
2256	0.77	77	23
2257	0.78	78	22
2258	0.78	78	22
2259	0.79	79	21
2260	0.79	79	21
2261	0.79	79	21
2262	0.80	80	20
2263	0.80	80	20
2264	0.80	80	20
2265	0.80	80	20
2266	0.80	80	20
2267	0.80	80	20
2268	0.81	81	19
2269	0.81	81	19
2270	0.81	81	19
2271	0.81	81	19
2272	0.81	81	19
2273	0.81	81	19
2274	0.81	81	19
2275	0.81	81	19
2276	0.81	81	19
2277	0.81	81	19
2278	0.80	80	20
2279	0.80	80	20
2280	0.80	80	20
2281	0.80	80	20
2282	0.80	80	20
2283	0.80	80	20
2284	0.80	80	20
2285	0.79	79	21
2286	0.80	80	20
2287	0.79	79	21
2288	0.78	78	22
2289	0.77	77	23
2290	0.77	77	23
2291	0.77	77	23
2292	0.77	77	23
2293	0.77	77	23
2294	0.77	77	23
2295	0.76	76	24
2296	0.75	75	25
2297	0.75	75	25
2298	0.76	76	24
2299	0.76	76	24
2300	0.76	76	24
2301	0.75	75	25
2302	0.74	74	26
2303	0.75	75	25
2304	0.74	74	26
2305	0.74	74	26
2306	0.74	74	26
2307	0.74	74	26
2308	0.74	74	26
2309	0.74	74	26
2310	0.75	75	25
2311	0.75	75	25
2312	0.75	75	25
2313	0.75	75	25
2314	0.75	75	25
2315	0.75	75	25
2316	0.75	75	25
2317	0.75	75	25
2318	0.75	75	25
2319	0.76	76	24
2320	0.76	76	24
2321	0.76	76	24
2322	0.76	76	24
2323	0.75	75	25
2324	0.76	76	24
2325	0.77	77	23
2326	0.77	77	23
2327	0.77	77	23
2328	0.77	77	23
2329	0.77	77	23
2330	0.77	77	23
2331	0.76	76	24
2332	0.76	76	24
2333	0.76	76	24
2334	0.76	76	24
2335	0.75	75	25
2336	0.75	75	25
2337	0.74	74	26
2338	0.73	73	27
2339	0.73	73	27
2340	0.73	73	27
2341	0.73	73	27
2342	0.73	73	27
2343	0.73	73	27
2344	0.73	73	27
2345	0.72	72	28
2346	0.73	73	27
2347	0.73	73	27
2348	0.73	73	27
2349	0.73	73	27
2350	0.73	73	27
2351	0.74	74	26
2352	0.75	75	25
2353	0.74	74	26
2354	0.74	74	26
2355	0.74	74	26
2356	0.74	74	26
2357	0.74	74	26
2358	0.74	74	26
2359	0.74	74	26
2360	0.74	74	26
2361	0.74	74	26
2362	0.74	74	26
2363	0.74	74	26
2364	0.73	73	27
2365	0.73	73	27
2366	0.73	73	27
2367	0.74	74	26
2368	0.73	73	27
2369	0.73	73	27
2370	0.73	73	27
2371	0.73	73	27
2372	0.73	73	27
2373	0.73	73	27
2374	0.73	73	27
2375	0.73	73	27
2376	0.74	74	26
2377	0.74	74	26
2378	0.74	74	26
2379	0.74	74	26
2380	0.74	74	26
2381	0.74	74	26
2382	0.74	74	26
2383	0.74	74	26
2384	0.75	75	25
2385	0.76	76	24
2386	0.76	76	24
2387	0.77	77	23
2388	0.77	77	23
2389	0.77	77	23
2390	0.77	77	23
2391	0.77	77	23
2392	0.77	77	23
2393	0.77	77	23
2394	0.77	77	23
2395	0.77	77	23
2396	0.78	78	22
2397	0.77	77	23
2398	0.77	77	23
2399	0.77	77	23
2400	0.77	77	23
2401	0.78	78	22
2402	0.78	78	22
2403	0.78	78	22
2404	0.79	79	21
2405	0.79	79	21
2406	0.79	79	21
2407	0.79	79	21
2408	0.79	79	21
2409	0.79	79	21
2410	0.79	79	21
2411	0.79	79	21
2412	0.80	80	20
2413	0.80	80	20
2414	0.80	80	20
2415	0.80	80	20
2416	0.80	80	20
2417	0.80	80	20
2418	0.79	79	21
2419	0.79	79	21
2420	0.79	79	21
2421	0.79	79	21
2422	0.79	79	21
2423	0.80	80	20
2424	0.80	80	20
2425	0.80	80	20
2426	0.80	80	20
2427	0.80	80	20
2428	0.80	80	20
2429	0.80	80	20
2430	0.80	80	20
2431	0.81	81	19
2432	0.81	81	19
2433	0.82	82	18
2434	0.82	82	18
2435	0.83	83	17
2436	0.83	83	17
2437	0.83	83	17
2438	0.84	84	16
2439	0.84	84	16
2440	0.83	83	17
2441	0.83	83	17
2442	0.83	83	17
2443	0.83	83	17
2444	0.83	83	17
2445	0.83	83	17
2446	0.83	83	17
2447	0.83	83	17
2448	0.83	83	17
2449	0.83	83	17
2450	0.83	83	17
2451	0.83	83	17
2452	0.83	83	17
2453	0.84	84	16
2454	0.84	84	16
2455	0.84	84	16
2456	0.85	85	15
2457	0.85	85	15
2458	0.85	85	15
2459	0.85	85	15
2460	0.85	85	15
2461	0.86	86	14
2462	0.85	85	15
2463	0.85	85	15
2464	0.85	85	15
2465	0.85	85	15
2466	0.84	84	16
2467	0.84	84	16
2468	0.84	84	16
2469	0.84	84	16
2470	0.84	84	16
2471	0.84	84	16
2472	0.83	83	17
2473	0.83	83	17
2474	0.83	83	17
2475	0.83	83	17
2476	0.83	83	17
2477	0.83	83	17
2478	0.84	84	16
2479	0.83	83	17
2480	0.83	83	17
2481	0.83	83	17
2482	0.83	83	17
2483	0.83	83	17
2484	0.83	83	17
2485	0.82	82	18
2486	0.81	81	19
2487	0.80	80	20
2488	0.81	81	19
2489	0.81	81	19
2490	0.81	81	19
2491	0.80	80	20
2492	0.79	79	21
2493	0.78	78	22
2494	0.78	78	22
2495	0.78	78	22
2496	0.78	78	22
2497	0.79	79	21
2498	0.78	78	22
2499	0.77	77	23
2500	0.76	76	24
2501	0.76	76	24
2502	0.77	77	23
2503	0.77	77	23
2504	0.77	77	23
2505	0.76	76	24
2506	0.75	75	25
2507	0.75	75	25
2508	0.76	76	24
2509	0.76	76	24
2510	0.76	76	24
2511	0.76	76	24
2512	0.76	76	24
2513	0.76	76	24
2514	0.76	76	24
2515	0.76	76	24
2516	0.75	75	25
2517	0.75	75	25
2518	0.76	76	24
2519	0.76	76	24
2520	0.76	76	24
2521	0.76	76	24
2522	0.75	75	25
2523	0.75	75	25
2524	0.75	75	25
2525	0.75	75	25
2526	0.75	75	25
2527	0.75	75	25
2528	0.75	75	25
2529	0.74	74	26
2530	0.73	73	27
2531	0.73	73	27
2532	0.73	73	27
2533	0.73	73	27
2534	0.72	72	28
2535	0.72	72	28
2536	0.72	72	28
2537	0.73	73	27
2538	0.73	73	27
2539	0.73	73	27
2540	0.73	73	27
2541	0.73	73	27
2542	0.74	74	26
2543	0.74	74	26
2544	0.74	74	26
2545	0.75	75	25
2546	0.75	75	25
2547	0.75	75	25
2548	0.75	75	25
2549	0.75	75	25
2550	0.75	75	25
2551	0.75	75	25
2552	0.75	75	25
2553	0.75	75	25
2554	0.75	75	25
2555	0.75	75	25
2556	0.75	75	25
2557	0.75	75	25
2558	0.75	75	25
2559	0.75	75	25
2560	0.74	74	26
2561	0.74	74	26
2562	0.75	75	25
2563	0.75	75	25
2564	0.76	76	24
2565	0.76	76	24
2566	0.76	76	24
2567	0.76	76	24
2568	0.77	77	23
2569	0.76	76	24
2570	0.75	75	25
2571	0.75	75	25
2572	0.75	75	25
2573	0.75	75	25
2574	0.75	75	25
2575	0.74	74	26
2576	0.74	74	26
2577	0.74	74	26
2578	0.74	74	26
2579	0.75	75	25
2580	0.75	75	25
2581	0.75	75	25
2582	0.75	75	25
2583	0.74	74	26
2584	0.73	73	27
2585	0.74	74	26
2586	0.75	75	25
2587	0.76	76	24
2588	0.76	76	24
2589	0.76	76	24
2590	0.76	76	24
2591	0.77	77	23
2592	0.78	78	22
2593	0.79	79	21
2594	0.79	79	21
2595	0.80	80	20
2596	0.80	80	20
2597	0.80	80	20
2598	0.81	81	19
2599	0.82	82	18
2600	0.82	82	18
2601	0.82	82	18
2602	0.82	82	18
2603	0.82	82	18
2604	0.82	82	18
2605	0.82	82	18
2606	0.83	83	17
2607	0.83	83	17
2608	0.83	83	17
2609	0.83	83	17
2610	0.83	83	17
2611	0.83	83	17
2612	0.83	83	17
2613	0.83	83	17
2614	0.83	83	17
2615	0.83	83	17
2616	0.84	84	16
2617	0.84	84	16
2618	0.83	83	17
2619	0.83	83	17
2620	0.83	83	17
2621	0.83	83	17
2622	0.83	83	17
2623	0.82	82	18
2624	0.82	82	18
2625	0.82	82	18
2626	0.82	82	18
2627	0.81	81	19
2628	0.81	81	19
2629	0.82	82	18
2630	0.83	83	17
2631	0.83	83	17
2632	0.83	83	17
2633	0.82	82	18
2634	0.83	83	17
2635	0.83	83	17
2636	0.83	83	17
2637	0.83	83	17
2638	0.82	82	18
2639	0.82	82	18
2640	0.83	83	17
2641	0.83	83	17
2642	0.83	83	17
2643	0.82	82	18
2644	0.82	82	18
2645	0.82	82	18
2646	0.82	82	18
2647	0.82	82	18
2648	0.82	82	18
2649	0.82	82	18
2650	0.82	82	18
2651	0.82	82	18
2652	0.81	81	19
2653	0.81	81	19
2654	0.81	81	19
2655	0.81	81	19
2656	0.81	81	19
2657	0.81	81	19
2658	0.80	80	20
2659	0.80	80	20
2660	0.81	81	19
2661	0.80	80	20
2662	0.80	80	20
2663	0.80	80	20
2664	0.80	80	20
2665	0.80	80	20
2666	0.81	81	19
2667	0.81	81	19
2668	0.80	80	20
2669	0.81	81	19
2670	0.82	82	18
2671	0.82	82	18
2672	0.83	83	17
2673	0.82	82	18
2674	0.82	82	18
2675	0.83	83	17
2676	0.83	83	17
2677	0.83	83	17
2678	0.82	82	18
2679	0.82	82	18
2680	0.82	82	18
2681	0.82	82	18
2682	0.82	82	18
2683	0.83	83	17
2684	0.84	84	16
2685	0.84	84	16
2686	0.84	84	16
2687	0.84	84	16
2688	0.83	83	17
2689	0.84	84	16
2690	0.84	84	16
2691	0.84	84	16
2692	0.84	84	16
2693	0.84	84	16
2694	0.84	84	16
2695	0.83	83	17
2696	0.82	82	18
2697	0.82	82	18
2698	0.82	82	18
2699	0.81	81	19
2700	0.82	82	18
2701	0.81	81	19
2702	0.81	81	19
2703	0.81	81	19
2704	0.80	80	20
2705	0.81	81	19
2706	0.81	81	19
2707	0.81	81	19
2708	0.81	81	19
2709	0.81	81	19
2710	0.80	80	20
2711	0.79	79	21
2712	0.79	79	21
2713	0.79	79	21
2714	0.79	79	21
2715	0.79	79	21
2716	0.79	79	21
2717	0.79	79	21
2718	0.80	80	20
2719	0.79	79	21
2720	0.79	79	21
2721	0.79	79	21
2722	0.80	80	20
2723	0.81	81	19
2724	0.80	80	20
2725	0.80	80	20
2726	0.79	79	21
2727	0.80	80	20
2728	0.80	80	20
2729	0.80	80	20
2730	0.80	80	20
2731	0.80	80	20
2732	0.80	80	20
2733	0.80	80	20
2734	0.80	80	20
2735	0.80	80	20
2736	0.80	80	20
2737	0.80	80	20
2738	0.81	81	19
2739	0.81	81	19
2740	0.81	81	19
2741	0.81	81	19
2742	0.81	81	19
2743	0.82	82	18
2744	0.82	82	18
2745	0.81	81	19
2746	0.81	81	19
2747	0.81	81	19
2748	0.80	80	20
2749	0.80	80	20
2750	0.79	79	21
2751	0.79	79	21
2752	0.80	80	20
2753	0.79	79	21
2754	0.79	79	21
2755	0.79	79	21
2756	0.79	79	21
2757	0.79	79	21
2758	0.80	80	20
2759	0.80	80	20
2760	0.80	80	20
2761	0.81	81	19
2762	0.81	81	19
2763	0.81	81	19
2764	0.81	81	19
2765	0.81	81	19
2766	0.81	81	19
2767	0.81	81	19
2768	0.82	82	18
2769	0.82	82	18
2770	0.82	82	18
2771	0.82	82	18
2772	0.82	82	18
2773	0.83	83	17
2774	0.83	83	17
2775	0.83	83	17
2776	0.83	83	17
2777	0.82	82	18
2778	0.83	83	17
2779	0.83	83	17
2780	0.83	83	17
2781	0.83	83	17
2782	0.82	82	18
2783	0.82	82	18
2784	0.82	82	18
2785	0.82	82	18
2786	0.82	82	18
2787	0.82	82	18
2788	0.83	83	17
2789	0.83	83	17
2790	0.82	82	18
2791	0.82	82	18
2792	0.82	82	18
2793	0.82	82	18
2794	0.81	81	19
2795	0.81	81	19
2796	0.82	82	18
2797	0.82	82	18
2798	0.82	82	18
2799	0.83	83	17
2800	0.83	83	17
2801	0.84	84	16
2802	0.84	84	16
2803	0.84	84	16
2804	0.85	85	15
2805	0.85	85	15
2806	0.84	84	16
2807	0.84	84	16
2808	0.84	84	16
2809	0.84	84	16
2810	0.85	85	15
2811	0.86	86	14
2812	0.85	85	15
2813	0.85	85	15
2814	0.84	84	16
2815	0.84	84	16
2816	0.84	84	16
2817	0.84	84	16
2818	0.84	84	16
2819	0.85	85	15
2820	0.84	84	16
2821	0.84	84	16
2822	0.84	84	16
2823	0.84	84	16
2824	0.84	84	16
2825	0.84	84	16
2826	0.85	85	15
2827	0.85	85	15
2828	0.85	85	15
2829	0.85	85	15
2830	0.85	85	15
2831	0.85	85	15
2832	0.85	85	15
2833	0.86	86	14
2834	0.85	85	15
2835	0.85	85	15
2836	0.85	85	15
2837	0.85	85	15
2838	0.85	85	15
2839	0.85	85	15
2840	0.84	84	16
2841	0.84	84	16
2842	0.83	83	17
2843	0.83	83	17
2844	0.82	82	18
2845	0.83	83	17
2846	0.83	83	17
2847	0.83	83	17
2848	0.84	84	16
2849	0.84	84	16
2850	0.84	84	16
2851	0.84	84	16
2852	0.83	83	17
2853	0.84	84	16
2854	0.84	84	16
2855	0.84	84	16
2856	0.84	84	16
2857	0.83	83	17
2858	0.83	83	17
2859	0.83	83	17
2860	0.83	83	17
2861	0.83	83	17
2862	0.83	83	17
2863	0.83	83	17
2864	0.83	83	17
2865	0.83	83	17
2866	0.82	82	18
2867	0.82	82	18
2868	0.82	82	18
2869	0.82	82	18
2870	0.81	81	19
2871	0.81	81	19
2872	0.81	81	19
2873	0.81	81	19
2874	0.80	80	20
2875	0.80	80	20
2876	0.80	80	20
2877	0.81	81	19
2878	0.81	81	19
2879	0.81	81	19
2880	0.81	81	19
2881	0.81	81	19
2882	0.82	82	18
2883	0.81	81	19
2884	0.81	81	19
2885	0.81	81	19
2886	0.81	81	19
2887	0.81	81	19
2888	0.81	81	19
2889	0.81	81	19
2890	0.82	82	18
2891	0.82	82	18
2892	0.82	82	18
2893	0.82	82	18
2894	0.83	83	17
2895	0.83	83	17
2896	0.83	83	17
2897	0.82	82	18
2898	0.82	82	18
2899	0.81	81	19
2900	0.81	81	19
2901	0.81	81	19
2902	0.81	81	19
2903	0.81	81	19
2904	0.81	81	19
2905	0.81	81	19
2906	0.82	82	18
2907	0.81	81	19
2908	0.81	81	19
2909	0.81	81	19
2910	0.81	81	19
2911	0.81	81	19
2912	0.81	81	19
2913	0.81	81	19
2914	0.82	82	18
2915	0.81	81	19
2916	0.81	81	19
2917	0.80	80	20
2918	0.80	80	20
2919	0.79	79	21
2920	0.80	80	20
2921	0.80	80	20
2922	0.80	80	20
2923	0.80	80	20
2924	0.81	81	19
2925	0.81	81	19
2926	0.81	81	19
2927	0.81	81	19
2928	0.80	80	20
2929	0.80	80	20
2930	0.80	80	20
2931	0.80	80	20
2932	0.80	80	20
2933	0.80	80	20
2934	0.81	81	19
2935	0.80	80	20
2936	0.80	80	20
2937	0.79	79	21
2938	0.79	79	21
2939	0.79	79	21
2940	0.79	79	21
2941	0.79	79	21
2942	0.79	79	21
2943	0.78	78	22
2944	0.79	79	21
2945	0.79	79	21
2946	0.78	78	22
2947	0.78	78	22
2948	0.78	78	22
2949	0.78	78	22
2950	0.79	79	21
2951	0.78	78	22
2952	0.78	78	22
2953	0.77	77	23
2954	0.76	76	24
2955	0.76	76	24
2956	0.76	76	24
2957	0.77	77	23
2958	0.77	77	23
2959	0.77	77	23
2960	0.76	76	24
2961	0.76	76	24
2962	0.76	76	24
2963	0.76	76	24
2964	0.76	76	24
2965	0.76	76	24
2966	0.77	77	23
2967	0.77	77	23
2968	0.77	77	23
2969	0.77	77	23
2970	0.78	78	22
2971	0.78	78	22
2972	0.78	78	22
2973	0.77	77	23
2974	0.78	78	22
2975	0.77	77	23
2976	0.77	77	23
2977	0.77	77	23
2978	0.76	76	24
2979	0.76	76	24
2980	0.76	76	24
2981	0.76	76	24
2982	0.76	76	24
2983	0.77	77	23
2984	0.77	77	23
2985	0.77	77	23
2986	0.77	77	23
2987	0.77	77	23
2988	0.77	77	23
2989	0.76	76	24
2990	0.75	75	25
2991	0.75	75	25
2992	0.75	75	25
2993	0.75	75	25
2994	0.75	75	25
2995	0.76	76	24
2996	0.76	76	24
2997	0.77	77	23
2998	0.77	77	23
2999	0.78	78	22
3000	0.23	77	23
3001	0.24	76	24
3002	0.25	75	25
3003	0.25	75	25
3004	0.26	74	26
3005	0.26	74	26
3006	0.26	74	26
3007	0.25	75	25
3008	0.26	74	26
3009	0.27	73	27
3010	0.28	72	28
3011	0.29	71	29
3012	0.29	71	29
3013	0.30	70	30
3014	0.31	69	31
3015	0.30	70	30
3016	0.31	69	31
3017	0.31	69	31
3018	0.31	69	31
3019	0.31	69	31
3020	0.31	69	31
3021	0.32	68	32
3022	0.32	68	32
3023	0.33	67	33
3024	0.34	66	34
3025	0.34	66	34
3026	0.34	66	34
3027	0.35	65	35
3028	0.35	65	35
3029	0.36	64	36
3030	0.36	64	36
3031	0.37	63	37
3032	0.38	62	38
3033	0.39	61	39
3034	0.40	60	40
3035	0.39	61	39
3036	0.40	60	40
3037	0.40	60	40
3038	0.41	59	41
3039	0.42	58	42
3040	0.41	59	41
3041	0.42	58	42
3042	0.41	59	41
3043	0.41	59	41
3044	0.41	59	41
3045	0.42	58	42
3046	0.42	58	42
3047	0.43	57	43
3048	0.44	56	44
3049	0.45	55	45
3050	0.45	55	45
3051	0.45	55	45
3052	0.45	55	45
3053	0.45	55	45
3054	0.44	56	44
3055	0.44	56	44
3056	0.45	55	45
3057	0.46	54	46
3058	0.47	53	47
3059	0.48	52	48
3060	0.48	52	48
3061	0.49	51	49
3062	0.50	50	50
3063	0.51	49	51
3064	0.51	49	51
3065	0.52	48	52
3066	0.53	47	53
3067	0.53	47	53
3068	0.54	46	54
3069	0.55	45	55
3070	0.56	44	56
3071	0.57	43	57
3072	0.58	42	58
3073	0.58	42	58
3074	0.59	41	59
3075	0.59	41	59
3076	0.60	40	60
3077	0.60	40	60
3078	0.60	40	60
3079	0.61	39	61
3080	0.62	38	62
3081	0.62	38	62
3082	0.63	37	63
3083	0.64	36	64
3084	0.65	35	65
3085	0.65	35	65
3086	0.66	34	66
3087	0.67	33	67
3088	0.68	32	68
3089	0.68	32	68
3090	0.68	32	68
3091	0.69	31	69
3092	0.70	30	70
3093	0.71	29	71
3094	0.72	28	72
3095	0.73	27	73
3096	0.73	27	73
3097	0.73	27	73
3098	0.74	26	74
3099	0.75	25	75
3100	0.75	25	75
3101	0.75	25	75
3102	0.75	25	75
3103	0.76	24	76
3104	0.75	25	75
3105	0.76	24	76
3106	0.77	23	77
3107	0.77	23	77
3108	0.77	23	77
3109	0.77	23	77
3110	0.77	23	77
3111	0.77	23	77
3112	0.77	23	77
3113	0.76	24	76
3114	0.76	24	76
3115	0.77	23	77
3116	0.77	23	77
3117	0.77	23	77
3118	0.78	22	78
3119	0.78	22	78
3120	0.79	21	79
3121	0.79	21	79
3122	0.80	20	80
3123	0.80	20	80
3124	0.79	21	79
3125	0.79	21	79
3126	0.80	20	80
3127	0.80	20	80
3128	0.79	21	79
3129	0.79	21	79
3130	0.80	20	80
3131	0.80	20	80
3132	0.79	21	79
3133	0.79	21	79
3134	0.79	21	79
3135	0.80	20	80
3136	0.80	20	80
3137	0.80	20	80
3138	0.80	20	80
3139	0.80	20	80
3140	0.81	19	81
3141	0.81	19	81
3142	0.82	18	82
3143	0.82	18	82
3144	0.83	17	83
3145	0.82	18	82
3146	0.82	18	82
3147	0.82	18	82
3148	0.82	18	82
3149	0.81	19	81
3150	0.82	18	82
3151	0.82	18	82
3152	0.82	18	82
3153	0.82	18	82
3154	0.83	17	83
3155	0.84	16	84
3156	0.84	16	84
3157	0.84	16	84
3158	0.84	16	84
3159	0.84	16	84
3160	0.83	17	83
3161	0.83	17	83
3162	0.83	17	83
3163	0.82	18	82
3164	0.83	17	83
3165	0.83	17	83
3166	0.83	17	83
3167	0.83	17	83
3168	0.82	18	82
3169	0.82	18	82
3170	0.82	18	82
3171	0.82	18	82
3172	0.82	18	82
3173	0.82	18	82
3174	0.82	18	82
3175	0.82	18	82
3176	0.81	19	81
3177	0.81	19	81
3178	0.81	19	81
3179	0.81	19	81
3180	0.81	19	81
3181	0.81	19	81
3182	0.81	19	81
3183	0.81	19	81
3184	0.81	19	81
3185	0.81	19	81
3186	0.81	19	81
3187	0.81	19	81
3188	0.81	19	81
3189	0.81	19	81
3190	0.81	19	81
3191	0.81	19	81
3192	0.80	20	80
3193	0.79	21	79
3194	0.79	21	79
3195	0.79	21	79
3196	0.80	20	80
3197	0.81	19	81
3198	0.80	20	80
3199	0.80	20	80
3200	0.80	20	80
3201	0.80	20	80
3202	0.80	20	80
3203	0.80	20	80
3204	0.81	19	81
3205	0.81	19	81
3206	0.81	19	81
3207	0.82	18	82
3208	0.81	19	81
3209	0.81	19	81
3210	0.80	20	80
3211	0.80	20	80
3212	0.80	20	80
3213	0.81	19	81
3214	0.81	19	81
3215	0.81	19	81
3216	0.81	19	81
3217	0.81	19	81
3218	0.81	19	81
3219	0.81	19	81
3220	0.81	19	81
3221	0.81	19	81
3222	0.81	19	81
3223	0.81	19	81
3224	0.81	19	81
3225	0.82	18	82
3226	0.82	18	82
3227	0.81	19	81
3228	0.82	18	82
3229	0.82	18	82
3230	0.82	18	82
3231	0.82	18	82
3232	0.83	17	83
3233	0.83	17	83
3234	0.83	17	83
3235	0.82	18	82
3236	0.82	18	82
3237	0.82	18	82
3238	0.82	18	82
3239	0.82	18	82
3240	0.82	18	82
3241	0.82	18	82
3242	0.82	18	82
3243	0.81	19	81
3244	0.80	20	80
3245	0.81	19	81
3246	0.81	19	81
3247	0.81	19	81
3248	0.81	19	81
3249	0.82	18	82
3250	0.82	18	82
3251	0.82	18	82
3252	0.82	18	82
3253	0.82	18	82
3254	0.82	18	82
3255	0.82	18	82
3256	0.82	18	82
3257	0.81	19	81
3258	0.81	19	81
3259	0.81	19	81
3260	0.82	18	82
3261	0.82	18	82
3262	0.82	18	82
3263	0.83	17	83
3264	0.83	17	83
3265	0.83	17	83
3266	0.83	17	83
3267	0.84	16	84
3268	0.84	16	84
3269	0.83	17	83
3270	0.83	17	83
3271	0.83	17	83
3272	0.83	17	83
3273	0.82	18	82
3274	0.82	18	82
3275	0.82	18	82
3276	0.82	18	82
3277	0.83	17	83
3278	0.82	18	82
3279	0.81	19	81
3280	0.81	19	81
3281	0.81	19	81
3282	0.81	19	81
3283	0.81	19	81
3284	0.80	20	80
3285	0.81	19	81
3286	0.81	19	81
3287	0.81	19	81
3288	0.81	19	81
3289	0.81	19	81
3290	0.80	20	80
3291	0.79	21	79
3292	0.80	20	80
3293	0.80	20	80
3294	0.80	20	80
3295	0.80	20	80
3296	0.79	21	79
3297	0.78	22	78
3298	0.79	21	79
3299	0.79	21	79
3300	0.79	21	79
3301	0.78	22	78
3302	0.78	22	78
3303	0.78	22	78
3304	0.78	22	78
3305	0.78	22	78
3306	0.78	22	78
3307	0.78	22	78
3308	0.78	22	78
3309	0.78	22	78
3310	0.79	21	79
3311	0.79	21	79
3312	0.79	21	79
3313	0.79	21	79
3314	0.79	21	79
3315	0.79	21	79
3316	0.79	21	79
3317	0.79	21	79
3318	0.79	21	79
3319	0.79	21	79
3320	0.79	21	79
3321	0.78	22	78
3322	0.78	22	78
3323	0.78	22	78
3324	0.79	21	79
3325	0.78	22	78
3326	0.78	22	78
3327	0.79	21	79
3328	0.79	21	79
3329	0.79	21	79
3330	0.78	22	78
3331	0.78	22	78
3332	0.78	22	78
3333	0.77	23	77
3334	0.77	23	77
3335	0.78	22	78
3336	0.78	22	78
3337	0.78	22	78
3338	0.77	23	77
3339	0.77	23	77
3340	0.77	23	77
3341	0.77	23	77
3342	0.77	23	77
3343	0.77	23	77
3344	0.77	23	77
3345	0.77	23	77
3346	0.77	23	77
3347	0.76	24	76
3348	0.76	24	76
3349	0.76	24	76
3350	0.76	24	76
3351	0.76	24	76
3352	0.75	25	75
3353	0.75	25	75
3354	0.75	25	75
3355	0.75	25	75
3356	0.75	25	75
3357	0.76	24	76
3358	0.76	24	76
3359	0.75	25	75
3360	0.75	25	75
3361	0.75	25	75
3362	0.74	26	74
3363	0.74	26	74
3364	0.73	27	73
3365	0.73	27	73
3366	0.73	27	73
3367	0.72	28	72
3368	0.73	27	73
3369	0.74	26	74
3370	0.74	26	74
3371	0.74	26	74
3372	0.73	27	73
3373	0.73	27	73
3374	0.72	28	72
3375	0.71	29	71
3376	0.71	29	71
3377	0.71	29	71
3378	0.71	29	71
3379	0.72	28	72
3380	0.72	28	72
3381	0.73	27	73
3382	0.73	27	73
3383	0.73	27	73
3384	0.74	26	74
3385	0.74	26	74
3386	0.74	26	74
3387	0.74	26	74
3388	0.74	26	74
3389	0.73	27	73
3390	0.73	27	73
3391	0.74	26	74
3392	0.74	26	74
3393	0.74	26	74
3394	0.73	27	73
3395	0.73	27	73
3396	0.73	27	73
3397	0.74	26	74
3398	0.74	26	74
3399	0.74	26	74
3400	0.74	26	74
3401	0.75	25	75
3402	0.75	25	75
3403	0.75	25	75
3404	0.75	25	75
3405	0.75	25	75
3406	0.75	25	75
3407	0.75	25	75
3408	0.76	24	76
3409	0.76	24	76
3410	0.76	24	76
3411	0.75	25	75
3412	0.74	26	74
3413	0.74	26	74
3414	0.74	26	74
3415	0.73	27	73
3416	0.73	27	73
3417	0.73	27	73
3418	0.73	27	73
3419	0.73	27	73
3420	0.73	27	73
3421	0.74	26	74
3422	0.73	27	73
3423	0.73	27	73
3424	0.73	27	73
3425	0.74	26	74
3426	0.73	27	73
3427	0.73	27	73
3428	0.73	27	73
3429	0.72	28	72
3430	0.72	28	72
3431	0.72	28	72
3432	0.72	28	72
3433	0.73	27	73
3434	0.73	27	73
3435	0.72	28	72
3436	0.72	28	72
3437	0.72	28	72
3438	0.73	27	73
3439	0.73	27	73
3440	0.73	27	73
3441	0.73	27	73
3442	0.73	27	73
3443	0.73	27	73
3444	0.73	27	73
3445	0.73	27	73
3446	0.73	27	73
3447	0.74	26	74
3448	0.74	26	74
3449	0.74	26	74
3450	0.73	27	73
3451	0.73	27	73
3452	0.74	26	74
3453	0.74	26	74
3454	0.74	26	74
3455	0.73	27	73
3456	0.73	27	73
3457	0.72	28	72
3458	0.71	29	71
3459	0.72	28	72
3460	0.72	28	72
3461	0.72	28	72
3462	0.73	27	73
3463	0.73	27	73
3464	0.74	26	74
3465	0.74	26	74
3466	0.74	26	74
3467	0.75	25	75
3468	0.75	25	75
3469	0.75	25	75
3470	0.75	25	75
3471	0.75	25	75
3472	0.76	24	76
3473	0.77	23	77
3474	0.78	22	78
3475	0.79	21	79
3476	0.80	20	80
3477	0.80	20	80
3478	0.81	19	81
3479	0.81	19	81
3480	0.81	19	81
3481	0.81	19	81
3482	0.81	19	81
3483	0.81	19	81
3484	0.81	19	81
3485	0.80	20	80
3486	0.80	20	80
3487	0.79	21	79
3488	0.79	21	79
3489	0.79	21	79
3490	0.80	20	80
3491	0.80	20	80
3492	0.80	20	80
3493	0.81	19	81
3494	0.82	18	82
3495	0.81	19	81
3496	0.81	19	81
3497	0.81	19	81
3498	0.80	20	80
3499	0.80	20	80
3500	0.79	21	79
3501	0.79	21	79
3502	0.79	21	79
3503	0.78	22	78
3504	0.78	22	78
3505	0.78	22	78
3506	0.78	22	78
3507	0.78	22	78
3508	0.78	22	78
3509	0.78	22	78
3510	0.78	22	78
3511	0.79	21	79
3512	0.80	20	80
3513	0.80	20	80
3514	0.80	20	80
3515	0.80	20	80
3516	0.80	20	80
3517	0.80	20	80
3518	0.80	20	80
3519	0.80	20	80
3520	0.80	20	80
3521	0.80	20	80
3522	0.81	19	81
3523	0.81	19	81
3524	0.81	19	81
3525	0.81	19	81
3526	0.82	18	82
3527	0.82	18	82
3528	0.82	18	82
3529	0.82	18	82
3530	0.82	18	82
3531	0.82	18	82
3532	0.82	18	82
3533	0.81	19	81
3534	0.80	20	80
3535	0.80	20	80
3536	0.80	20	80
3537	0.79	21	79
3538	0.79	21	79
3539	0.78	22	78
3540	0.78	22	78
3541	0.78	22	78
3542	0.78	22	78
3543	0.79	21	79
3544	0.80	20	80
3545	0.80	20	80
3546	0.80	20	80
3547	0.80	20	80
3548	0.80	20	80
3549	0.80	20	80
3550	0.81	19	81
3551	0.81	19	81
3552	0.81	19	81
3553	0.81	19	81
3554	0.81	19	81
3555	0.82	18	82
3556	0.82	18	82
3557	0.83	17	83
3558	0.84	16	84
3559	0.84	16	84
3560	0.84	16	84
3561	0.84	16	84
3562	0.84	16	84
3563	0.84	16	84
3564	0.83	17	83
3565	0.83	17	83
3566	0.83	17	83
3567	0.83	17	83
3568	0.83	17	83
3569	0.83	17	83
3570	0.83	17	83
3571	0.83	17	83
3572	0.83	17	83
3573	0.83	17	83
3574	0.83	17	83
3575	0.83	17	83
3576	0.83	17	83
3577	0.83	17	83
3578	0.83	17	83
3579	0.83	17	83
3580	0.83	17	83
3581	0.83	17	83
3582	0.83	17	83
3583	0.83	17	83
3584	0.83	17	83
3585	0.84	16	84
3586	0.84	16	84
3587	0.85	15	85
3588	0.85	15	85
3589	0.86	14	86
3590	0.86	14	86
3591	0.85	15	85
3592	0.84	16	84
3593	0.84	16	84
3594	0.84	16	84
3595	0.85	15	85
3596	0.86	14	86
3597	0.85	15	85
3598	0.86	14	86
3599	0.86	14	86
3600	0.86	14	86
3601	0.86	14	86
3602	0.86	14	86
3603	0.87	13	87
3604	0.87	13	87
3605	0.86	14	86
3606	0.86	14	86
3607	0.86	14	86
3608	0.86	14	86
3609	0.86	14	86
3610	0.86	14	86
3611	0.85	15	85
3612	0.84	16	84
3613	0.83	17	83
3614	0.82	18	82
3615	0.83	17	83
3616	0.83	17	83
3617	0.83	17	83
3618	0.83	17	83
3619	0.82	18	82
3620	0.82	18	82
3621	0.82	18	82
3622	0.82	18	82
3623	0.82	18	82
3624	0.82	18	82
3625	0.81	19	81
3626	0.81	19	81
3627	0.80	20	80
3628	0.79	21	79
3629	0.80	20	80
3630	0.81	19	81
3631	0.81	19	81
3632	0.81	19	81
3633	0.82	18	82
3634	0.83	17	83
3635	0.83	17	83
3636	0.83	17	83
3637	0.84	16	84
3638	0.83	17	83
3639	0.84	16	84
3640	0.84	16	84
3641	0.84	16	84
3642	0.84	16	84
3643	0.84	16	84
3644	0.84	16	84
3645	0.84	16	84
3646	0.84	16	84
3647	0.84	16	84
3648	0.83	17	83
3649	0.83	17	83
3650	0.83	17	83
3651	0.82	18	82
3652	0.82	18	82
3653	0.82	18	82
3654	0.82	18	82
3655	0.82	18	82
3656	0.82	18	82
3657	0.82	18	82
3658	0.82	18	82
3659	0.82	18	82
3660	0.82	18	82
3661	0.82	18	82
3662	0.82	18	82
3663	0.82	18	82
3664	0.82	18	82
3665	0.82	18	82
3666	0.81	19	81
3667	0.81	19	81
3668	0.80	20	80
3669	0.80	20	80
3670	0.80	20	80
3671	0.80	20	80
3672	0.79	21	79
3673	0.78	22	78
3674	0.77	23	77
3675	0.77	23	77
3676	0.77	23	77
3677	0.77	23	77
3678	0.76	24	76
3679	0.76	24	76
3680	0.76	24	76
3681	0.76	24	76
3682	0.76	24	76
3683	0.75	25	75
3684	0.75	25	75
3685	0.75	25	75
3686	0.75	25	75
3687	0.75	25	75
3688	0.75	25	75
3689	0.75	25	75
3690	0.75	25	75
3691	0.76	24	76
3692	0.77	23	77
3693	0.77	23	77
3694	0.77	23	77
3695	0.77	23	77
3696	0.77	23	77
3697	0.78	22	78
3698	0.78	22	78
3699	0.78	22	78
3700	0.79	21	79
3701	0.78	22	78
3702	0.77	23	77
3703	0.77	23	77
3704	0.77	23	77
3705	0.77	23	77
3706	0.76	24	76
3707	0.76	24	76
3708	0.76	24	76
3709	0.75	25	75
3710	0.75	25	75
3711	0.76	24	76
3712	0.76	24	76
3713	0.76	24	76
3714	0.77	23	77
3715	0.77	23	77
3716	0.77	23	77
3717	0.77	23	77
3718	0.77	23	77
3719	0.78	22	78
3720	0.78	22	78
3721	0.78	22	78
3722	0.78	22	78
3723	0.78	22	78
3724	0.78	22	78
3725	0.79	21	79
3726	0.79	21	79
3727	0.79	21	79
3728	0.80	20	80
3729	0.79	21	79
3730	0.79	21	79
3731	0.79	21	79
3732	0.79	21	79
3733	0.79	21	79
3734	0.79	21	79
3735	0.80	20	80
3736	0.79	21	79
3737	0.79	21	79
3738	0.80	20	80
3739	0.79	21	79
3740	0.78	22	78
3741	0.78	22	78
3742	0.78	22	78
3743	0.78	22	78
3744	0.78	22	78
3745	0.78	22	78
3746	0.78	22	78
3747	0.77	23	77
3748	0.77	23	77
3749	0.76	24	76
3750	0.75	25	75
3751	0.76	24	76
3752	0.75	25	75
3753	0.75	25	75
3754	0.75	25	75
3755	0.75	25	75
3756	0.75	25	75
3757	0.75	25	75
3758	0.75	25	75
3759	0.75	25	75
3760	0.75	25	75
3761	0.75	25	75
3762	0.75	25	75
3763	0.75	25	75
3764	0.76	24	76
3765	0.76	24	76
3766	0.76	24	76
3767	0.76	24	76
3768	0.77	23	77
3769	0.77	23	77
3770	0.77	23	77
3771	0.77	23	77
3772	0.77	23	77
3773	0.77	23	77
3774	0.78	22	78
3775	0.78	22	78
3776	0.78	22	78
3777	0.78	22	78
3778	0.79	21	79
3779	0.78	22	78
3780	0.78	22	78
3781	0.78	22	78
3782	0.78	22	78
3783	0.79	21	79
3784	0.79	21	79
3785	0.79	21	79
3786	0.79	21	79
3787	0.79	21	79
3788	0.79	21	79
3789	0.78	22	78
3790	0.78	22	78
3791	0.78	22	78
3792	0.78	22	78
3793	0.78	22	78
3794	0.78	22	78
3795	0.78	22	78
3796	0.78	22	78
3797	0.78	22	78
3798	0.78	22	78
3799	0.78	22	78
3800	0.78	22	78
3801	0.79	21	79
3802	0.80	20	80
3803	0.80	20	80
3804	0.79	21	79
3805	0.80	20	80
3806	0.81	19	81
3807	0.80	20	80
3808	0.80	20	80
3809	0.81	19	81
3810	0.81	19	81
3811	0.81	19	81
3812	0.82	18	82
3813	0.83	17	83
3814	0.83	17	83
3815	0.82	18	82
3816	0.82	18	82
3817	0.82	18	82
3818	0.82	18	82
3819	0.82	18	82
3820	0.82	18	82
3821	0.82	18	82
3822	0.82	18	82
3823	0.82	18	82
3824	0.82	18	82
3825	0.82	18	82
3826	0.81	19	81
3827	0.82	18	82
3828	0.82	18	82
3829	0.83	17	83
3830	0.83	17	83
3831	0.83	17	83
3832	0.82	18	82
3833	0.81	19	81
3834	0.81	19	81
3835	0.81	19	81
3836	0.81	19	81
3837	0.81	19	81
3838	0.81	19	81
3839	0.82	18	82
3840	0.83	17	83
3841	0.83	17	83
3842	0.83	17	83
3843	0.83	17	83
3844	0.83	17	83
3845	0.83	17	83
3846	0.82	18	82
3847	0.83	17	83
3848	0.84	16	84
3849	0.85	15	85
3850	0.85	15	85
3851	0.85	15	85
3852	0.86	14	86
3853	0.86	14	86
3854	0.86	14	86
3855	0.86	14	86
3856	0.86	14	86
3857	0.86	14	86
3858	0.86	14	86
3859	0.86	14	86
3860	0.85	15	85
3861	0.85	15	85
3862	0.85	15	85
3863	0.85	15	85
3864	0.85	15	85
3865	0.85	15	85
3866	0.86	14	86
3867	0.86	14	86
3868	0.86	14	86
3869	0.86	14	86
3870	0.86	14	86
3871	0.86	14	86
3872	0.87	13	87
3873	0.88	12	88
3874	0.88	12	88
3875	0.88	12	88
3876	0.88	12	88
3877	0.88	12	88
3878	0.88	12	88
3879	0.89	11	89
3880	0.89	11	89
3881	0.89	11	89
3882	0.89	11	89
3883	0.89	11	89
3884	0.88	12	88
3885	0.88	12	88
3886	0.88	12	88
3887	0.88	12	88
3888	0.88	12	88
3889	0.88	12	88
3890	0.88	12	88
3891	0.88	12	88
3892	0.88	12	88
3893	0.87	13	87
3894	0.87	13	87
3895	0.86	14	86
3896	0.86	14	86
3897	0.86	14	86
3898	0.86	14	86
3899	0.86	14	86
3900	0.86	14	86
3901	0.86	14	86
3902	0.86	14	86
3903	0.86	14	86
3904	0.87	13	87
3905	0.87	13	87
3906	0.87	13	87
3907	0.88	12	88
3908	0.87	13	87
3909	0.87	13	87
3910	0.87	13	87
3911	0.87	13	87
3912	0.87	13	87
3913	0.87	13	87
3914	0.87	13	87
3915	0.87	13	87
3916	0.87	13	87
3917	0.87	13	87
3918	0.87	13	87
3919	0.87	13	87
3920	0.87	13	87
3921	0.86	14	86
3922	0.86	14	86
3923	0.86	14	86
3924	0.85	15	85
3925	0.85	15	85
3926	0.86	14	86
3927	0.85	15	85
3928	0.84	16	84
3929	0.84	16	84
3930	0.84	16	84
3931	0.83	17	83
3932	0.84	16	84
3933	0.85	15	85
3934	0.85	15	85
3935	0.85	15	85
3936	0.86	14	86
3937	0.86	14	86
3938	0.86	14	86
3939	0.86	14	86
3940	0.86	14	86
3941	0.85	15	85
3942	0.85	15	85
3943	0.85	15	85
3944	0.84	16	84
3945	0.84	16	84
3946	0.85	15	85
3947	0.85	15	85
3948	0.85	15	85
3949	0.85	15	85
3950	0.86	14	86
3951	0.85	15	85
3952	0.85	15	85
3953	0.85	15	85
3954	0.85	15	85
3955	0.84	16	84
3956	0.84	16	84
3957	0.84	16	84
3958	0.83	17	83
3959	0.82	18	82
3960	0.83	17	83
3961	0.83	17	83
3962	0.83	17	83
3963	0.82	18	82
3964	0.82	18	82
3965	0.82	18	82
3966	0.82	18	82
3967	0.82	18	82
3968	0.81	19	81
3969	0.80	20	80
3970	0.80	20	80
3971	0.80	20	80
3972	0.80	20	80
3973	0.80	20	80
3974	0.80	20	80
3975	0.80	20	80
3976	0.80	20	80
3977	0.80	20	80
3978	0.80	20	80
3979	0.80	20	80
3980	0.80	20	80
3981	0.80	20	80
3982	0.80	20	80
3983	0.80	20	80
3984	0.81	19	81
3985	0.81	19	81
3986	0.81	19	81
3987	0.81	19	81
3988	0.81	19	81
3989	0.82	18	82
3990	0.82	18	82
3991	0.82	18	82
3992	0.82	18	82
3993	0.83	17	83
3994	0.82	18	82
3995	0.83	17	83
3996	0.83	17	83
3997	0.83	17	83
3998	0.82	18	82
3999	0.82	18	82
4000	0.18	18	82
4001	0.19	19	81
4002	0.19	19	81
4003	0.19	19	81
4004	0.20	20	80
4005	0.20	20	80
4006	0.21	21	79
4007	0.21	21	79
4008	0.20	20	80
4009	0.21	21	79
4010	0.22	22	78
4011	0.23	23	77
4012	0.24	24	76
4013	0.25	25	75
4014	0.25	25	75
4015	0.25	25	75
4016	0.26	26	74
4017	0.27	27	73
4018	0.28	28	72
4019	0.28	28	72
4020	0.29	29	71
4021	0.28	28	72
4022	0.28	28	72
4023	0.29	29	71
4024	0.29	29	71
4025	0.29	29	71
4026	0.30	30	70
4027	0.29	29	71
4028	0.29	29	71
4029	0.30	30	70
4030	0.30	30	70
4031	0.29	29	71
4032	0.30	30	70
4033	0.30	30	70
4034	0.31	31	69
4035	0.32	32	68
4036	0.33	33	67
4037	0.34	34	66
4038	0.35	35	65
4039	0.35	35	65
4040	0.35	35	65
4041	0.35	35	65
4042	0.35	35	65
4043	0.36	36	64
4044	0.35	35	65
4045	0.36	36	64
4046	0.36	36	64
4047	0.37	37	63
4048	0.38	38	62
4049	0.39	39	61
4050	0.40	40	60
4051	0.40	40	60
4052	0.41	41	59
4053	0.41	41	59
4054	0.42	42	58
4055	0.42	42	58
4056	0.42	42	58
4057	0.43	43	57
4058	0.42	42	58
4059	0.42	42	58
4060	0.43	43	57
4061	0.44	44	56
4062	0.45	45	55
4063	0.45	45	55
4064	0.45	45	55
4065	0.46	46	54
4066	0.47	47	53
4067	0.48	48	52
4068	0.48	48	52
4069	0.48	48	52
4070	0.49	49	51
4071	0.49	49	51
4072	0.50	50	50
4073	0.50	50	50
4074	0.51	51	49
4075	0.51	51	49
4076	0.51	51	49
4077	0.52	52	48
4078	0.53	53	47
4079	0.54	54	46
4080	0.55	55	45
4081	0.56	56	44
4082	0.56	56	44
4083	0.56	56	44
4084	0.57	57	43
4085	0.58	58	42
4086	0.59	59	41
4087	0.60	60	40
4088	0.61	61	39
4089	0.62	62	38
4090	0.63	63	37
4091	0.63	63	37
4092	0.64	64	36
4093	0.64	64	36
4094	0.64	64	36
4095	0.65	65	35
4096	0.66	66	34
4097	0.67	67	33
4098	0.67	67	33
4099	0.68	68	32
4100	0.69	69	31
4101	0.69	69	31
4102	0.70	70	30
4103	0.71	71	29
4104	0.71	71	29
4105	0.72	72	28
4106	0.71	71	29
4107	0.72	72	28
4108	0.73	73	27
4109	0.73	73	27
4110	0.72	72	28
4111	0.71	71	29
4112	0.71	71	29
4113	0.70	70	30
4114	0.71	71	29
4115	0.71	71	29
4116	0.71	71	29
4117	0.71	71	29
4118	0.70	70	30
4119	0.71	71	29
4120	0.70	70	30
4121	0.71	71	29
4122	0.72	72	28
4123	0.72	72	28
4124	0.71	71	29
4125	0.72	72	28
4126	0.72	72	28
4127	0.73	73	27
4128	0.73	73	27
4129	0.73	73	27
4130	0.73	73	27
4131	0.74	74	26
4132	0.74	74	26
4133	0.74	74	26
4134	0.74	74	26
4135	0.74	74	26
4136	0.74	74	26
4137	0.74	74	26
4138	0.73	73	27
4139	0.73	73	27
4140	0.74	74	26
4141	0.74	74	26
4142	0.75	75	25
4143	0.74	74	26
4144	0.74	74	26
4145	0.74	74	26
4146	0.75	75	25
4147	0.74	74	26
4148	0.74	74	26
4149	0.74	74	26
4150	0.74	74	26
4151	0.74	74	26
4152	0.74	74	26
4153	0.75	75	25
4154	0.75	75	25
4155	0.75	75	25
4156	0.76	76	24
4157	0.76	76	24
4158	0.77	77	23
4159	0.76	76	24
4160	0.76	76	24
4161	0.76	76	24
4162	0.76	76	24
4163	0.75	75	25
4164	0.76	76	24
4165	0.76	76	24
4166	0.76	76	24
4167	0.76	76	24
4168	0.75	75	25
4169	0.75	75	25
4170	0.75	75	25
4171	0.75	75	25
4172	0.75	75	25
4173	0.76	76	24
4174	0.76	76	24
4175	0.77	77	23
4176	0.78	78	22
4177	0.78	78	22
4178	0.78	78	22
4179	0.77	77	23
4180	0.77	77	23
4181	0.77	77	23
4182	0.78	78	22
4183	0.79	79	21
4184	0.78	78	22
4185	0.78	78	22
4186	0.78	78	22
4187	0.78	78	22
4188	0.78	78	22
4189	0.78	78	22
4190	0.78	78	22
4191	0.79	79	21
4192	0.79	79	21
4193	0.80	80	20
4194	0.80	80	20
4195	0.80	80	20
4196	0.80	80	20
4197	0.80	80	20
4198	0.79	79	21
4199	0.78	78	22
4200	0.77	77	23
4201	0.77	77	23
4202	0.77	77	23
4203	0.77	77	23
4204	0.77	77	23
4205	0.77	77	23
4206	0.78	78	22
4207	0.77	77	23
4208	0.77	77	23
4209	0.76	76	24
4210	0.77	77	23
4211	0.78	78	22
4212	0.77	77	23
4213	0.78	78	22
4214	0.78	78	22
4215	0.77	77	23
4216	0.76	76	24
4217	0.76	76	24
4218	0.77	77	23
4219	0.77	77	23
4220	0.78	78	22
4221	0.78	78	22
4222	0.78	78	22
4223	0.78	78	22
4224	0.79	79	21
4225	0.79	79	21
4226	0.79	79	21
4227	0.79	79	21
4228	0.79	79	21
4229	0.79	79	21
4230	0.80	80	20
4231	0.79	79	21
4232	0.78	78	22
4233	0.79	79	21
4234	0.79	79	21
4235	0.79	79	21
4236	0.79	79	21
4237	0.79	79	21
4238	0.80	80	20
4239	0.81	81	19
4240	0.81	81	19
4241	0.81	81	19
4242	0.81	81	19
4243	0.82	82	18
4244	0.83	83	17
4245	0.83	83	17
4246	0.83	83	17
4247	0.84	84	16
4248	0.84	84	16
4249	0.84	84	16
4250	0.83	83	17
4251	0.83	83	17
4252	0.83	83	17
4253	0.83	83	17
4254	0.82	82	18
4255	0.82	82	18
4256	0.82	82	18
4257	0.82	82	18
4258	0.82	82	18
4259	0.83	83	17
4260	0.83	83	17
4261	0.83	83	17
4262	0.83	83	17
4263	0.84	84	16
4264	0.84	84	16
4265	0.84	84	16
4266	0.84	84	16
4267	0.83	83	17
4268	0.84	84	16
4269	0.84	84	16
4270	0.84	84	16
4271	0.84	84	16
4272	0.84	84	16
4273	0.84	84	16
4274	0.83	83	17
4275	0.83	83	17
4276	0.82	82	18
4277	0.81	81	19
4278	0.80	80	20
4279	0.81	81	19
4280	0.81	81	19
4281	0.81	81	19
4282	0.81	81	19
4283	0.80	80	20
4284	0.81	81	19
4285	0.81	81	19
4286	0.81	81	19
4287	0.81	81	19
4288	0.81	81	19
4289	0.81	81	19
4290	0.81	81	19
4291	0.81	81	19
4292	0.81	81	19
4293	0.81	81	19
4294	0.81	81	19
4295	0.81	81	19
4296	0.81	81	19
4297	0.81	81	19
4298	0.82	82	18
4299	0.82	82	18
4300	0.83	83	17
4301	0.83	83	17
4302	0.83	83	17
4303	0.82	82	18
4304	0.82	82	18
4305	0.81	81	19
4306	0.80	80	20
4307	0.80	80	20
4308	0.80	80	20
4309	0.81	81	19
4310	0.80	80	20
4311	0.80	80	20
4312	0.81	81	19
4313	0.80	80	20
4314	0.79	79	21
4315	0.80	80	20
4316	0.81	81	19
4317	0.81	81	19
4318	0.81	81	19
4319	0.81	81	19
4320	0.81	81	19
4321	0.81	81	19
4322	0.81	81	19
4323	0.81	81	19
4324	0.81	81	19
4325	0.81	81	19
4326	0.81	81	19
4327	0.81	81	19
4328	0.81	81	19
4329	0.80	80	20
4330	0.79	79	21
4331	0.80	80	20
4332	0.81	81	19
4333	0.81	81	19
4334	0.80	80	20
4335	0.80	80	20
4336	0.80	80	20
4337	0.80	80	20
4338	0.79	79	21
4339	0.79	79	21
4340	0.79	79	21
4341	0.79	79	21
4342	0.79	79	21
4343	0.79	79	21
4344	0.79	79	21
4345	0.79	79	21
4346	0.79	79	21
4347	0.79	79	21
4348	0.79	79	21
4349	0.79	79	21
4350	0.80	80	20
4351	0.80	80	20
4352	0.79	79	21
4353	0.79	79	21
4354	0.79	79	21
4355	0.79	79	21
4356	0.79	79	21
4357	0.78	78	22
4358	0.78	78	22
4359	0.78	78	22
4360	0.78	78	22
4361	0.77	77	23
4362	0.77	77	23
4363	0.76	76	24
4364	0.76	76	24
4365	0.76	76	24
4366	0.76	76	24
4367	0.77	77	23
4368	0.76	76	24
4369	0.75	75	25
4370	0.74	74	26
4371	0.74	74	26
4372	0.73	73	27
4373	0.73	73	27
4374	0.74	74	26
4375	0.74	74	26
4376	0.75	75	25
4377	0.76	76	24
4378	0.77	77	23
4379	0.77	77	23
4380	0.77	77	23
4381	0.76	76	24
4382	0.76	76	24
4383	0.77	77	23
4384	0.77	77	23
4385	0.76	76	24
4386	0.76	76	24
4387	0.76	76	24
4388	0.76	76	24
4389	0.76	76	24
4390	0.76	76	24
4391	0.76	76	24
4392	0.76	76	24
4393	0.76	76	24
4394	0.75	75	25
4395	0.75	75	25
4396	0.74	74	26
4397	0.74	74	26
4398	0.73	73	27
4399	0.74	74	26
4400	0.74	74	26
4401	0.74	74	26
4402	0.74	74	26
4403	0.75	75	25
4404	0.75	75	25
4405	0.76	76	24
4406	0.77	77	23
4407	0.77	77	23
4408	0.76	76	24
4409	0.76	76	24
4410	0.77	77	23
4411	0.77	77	23
4412	0.76	76	24
4413	0.77	77	23
4414	0.78	78	22
4415	0.78	78	22
4416	0.77	77	23
4417	0.77	77	23
4418	0.77	77	23
4419	0.76	76	24
4420	0.75	75	25
4421	0.75	75	25
4422	0.75	75	25
4423	0.75	75	25
4424	0.74	74	26
4425	0.74	74	26
4426	0.74	74	26
4427	0.74	74	26
4428	0.74	74	26
4429	0.74	74	26
4430	0.75	75	25
4431	0.75	75	25
4432	0.75	75	25
4433	0.75	75	25
4434	0.76	76	24
4435	0.75	75	25
4436	0.74	74	26
4437	0.74	74	26
4438	0.75	75	25
4439	0.74	74	26
4440	0.74	74	26
4441	0.74	74	26
4442	0.74	74	26
4443	0.74	74	26
4444	0.74	74	26
4445	0.74	74	26
4446	0.74	74	26
4447	0.74	74	26
4448	0.73	73	27
4449	0.72	72	28
4450	0.72	72	28
4451	0.72	72	28
4452	0.73	73	27
4453	0.72	72	28
4454	0.72	72	28
4455	0.71	71	29
4456	0.71	71	29
4457	0.72	72	28
4458	0.72	72	28
4459	0.72	72	28
4460	0.72	72	28
4461	0.73	73	27
4462	0.73	73	27
4463	0.73	73	27
4464	0.73	73	27
4465	0.73	73	27
4466	0.73	73	27
4467	0.72	72	28
4468	0.73	73	27
4469	0.74	74	26
4470	0.75	75	25
4471	0.75	75	25
4472	0.76	76	24
4473	0.75	75	25
4474	0.74	74	26
4475	0.74	74	26
4476	0.73	73	27
4477	0.73	73	27
4478	0.72	72	28
4479	0.71	71	29
4480	0.70	70	30
4481	0.71	71	29
4482	0.71	71	29
4483	0.71	71	29
4484	0.71	71	29
4485	0.72	72	28
4486	0.72	72	28
4487	0.71	71	29
4488	0.70	70	30
4489	0.69	69	31
4490	0.69	69	31
4491	0.68	68	32
4492	0.68	68	32
4493	0.68	68	32
4494	0.68	68	32
4495	0.68	68	32
4496	0.69	69	31
4497	0.69	69	31
4498	0.70	70	30
4499	0.70	70	30
4500	0.70	70	30
4501	0.70	70	30
4502	0.70	70	30
4503	0.69	69	31
4504	0.68	68	32
4505	0.68	68	32
4506	0.68	68	32
4507	0.69	69	31
4508	0.70	70	30
4509	0.69	69	31
4510	0.69	69	31
4511	0.69	69	31
4512	0.70	70	30
4513	0.69	69	31
4514	0.69	69	31
4515	0.68	68	32
4516	0.69	69	31
4517	0.69	69	31
4518	0.69	69	31
4519	0.69	69	31
4520	0.70	70	30
4521	0.70	70	30
4522	0.70	70	30
4523	0.69	69	31
4524	0.69	69	31
4525	0.69	69	31
4526	0.69	69	31
4527	0.69	69	31
4528	0.69	69	31
4529	0.70	70	30
4530	0.70	70	30
4531	0.70	70	30
4532	0.70	70	30
4533	0.70	70	30
4534	0.70	70	30
4535	0.70	70	30
4536	0.70	70	30
4537	0.70	70	30
4538	0.69	69	31
4539	0.70	70	30
4540	0.69	69	31
4541	0.69	69	31
4542	0.68	68	32
4543	0.67	67	33
4544	0.67	67	33
4545	0.66	66	34
4546	0.66	66	34
4547	0.66	66	34
4548	0.66	66	34
4549	0.67	67	33
4550	0.66	66	34
4551	0.66	66	34
4552	0.66	66	34
4553	0.67	67	33
4554	0.68	68	32
4555	0.69	69	31
4556	0.69	69	31
4557	0.68	68	32
4558	0.68	68	32
4559	0.68	68	32
4560	0.68	68	32
4561	0.67	67	33
4562	0.67	67	33
4563	0.67	67	33
4564	0.67	67	33
4565	0.67	67	33
4566	0.67	67	33
4567	0.68	68	32
4568	0.67	67	33
4569	0.67	67	33
4570	0.67	67	33
4571	0.68	68	32
4572	0.68	68	32
4573	0.69	69	31
4574	0.70	70	30
4575	0.70	70	30
4576	0.71	71	29
4577	0.71	71	29
4578	0.72	72	28
4579	0.73	73	27
4580	0.74	74	26
4581	0.74	74	26
4582	0.74	74	26
4583	0.74	74	26
4584	0.74	74	26
4585	0.74	74	26
4586	0.74	74	26
4587	0.75	75	25
4588	0.76	76	24
4589	0.76	76	24
4590	0.75	75	25
4591	0.76	76	24
4592	0.76	76	24
4593	0.76	76	24
4594	0.77	77	23
4595	0.77	77	23
4596	0.77	77	23
4597	0.77	77	23
4598	0.77	77	23
4599	0.77	77	23
4600	0.77	77	23
4601	0.77	77	23
4602	0.77	77	23
4603	0.78	78	22
4604	0.79	79	21
4605	0.79	79	21
4606	0.78	78	22
4607	0.77	77	23
4608	0.77	77	23
4609	0.77	77	23
4610	0.76	76	24
4611	0.76	76	24
4612	0.76	76	24
4613	0.76	76	24
4614	0.76	76	24
4615	0.77	77	23
4616	0.76	76	24
4617	0.76	76	24
4618	0.76	76	24
4619	0.77	77	23
4620	0.77	77	23
4621	0.76	76	24
4622	0.75	75	25
4623	0.76	76	24
4624	0.77	77	23
4625	0.76	76	24
4626	0.75	75	25
4627	0.75	75	25
4628	0.75	75	25
4629	0.75	75	25
4630	0.75	75	25
4631	0.74	74	26
4632	0.74	74	26
4633	0.74	74	26
4634	0.74	74	26
4635	0.74	74	26
4636	0.75	75	25
4637	0.74	74	26
4638	0.74	74	26
4639	0.74	74	26
4640	0.74	74	26
4641	0.74	74	26
4642	0.75	75	25
4643	0.75	75	25
4644	0.75	75	25
4645	0.76	76	24
4646	0.76	76	24
4647	0.76	76	24
4648	0.77	77	23
4649	0.77	77	23
4650	0.78	78	22
4651	0.78	78	22
4652	0.78	78	22
4653	0.78	78	22
4654	0.78	78	22
4655	0.77	77	23
4656	0.77	77	23
4657	0.77	77	23
4658	0.77	77	23
4659	0.77	77	23
4660	0.77	77	23
4661	0.77	77	23
4662	0.77	77	23
4663	0.78	78	22
4664	0.77	77	23
4665	0.77	77	23
4666	0.77	77	23
4667	0.77	77	23
4668	0.78	78	22
4669	0.78	78	22
4670	0.78	78	22
4671	0.78	78	22
4672	0.78	78	22
4673	0.77	77	23
4674	0.77	77	23
4675	0.77	77	23
4676	0.76	76	24
4677	0.76	76	24
4678	0.76	76	24
4679	0.76	76	24
4680	0.76	76	24
4681	0.76	76	24
4682	0.76	76	24
4683	0.75	75	25
4684	0.74	74	26
4685	0.74	74	26
4686	0.74	74	26
4687	0.74	74	26
4688	0.74	74	26
4689	0.75	75	25
4690	0.76	76	24
4691	0.76	76	24
4692	0.76	76	24
4693	0.75	75	25
4694	0.74	74	26
4695	0.74	74	26
4696	0.74	74	26
4697	0.74	74	26
4698	0.74	74	26
4699	0.73	73	27
4700	0.73	73	27
4701	0.73	73	27
4702	0.73	73	27
4703	0.73	73	27
4704	0.73	73	27
4705	0.73	73	27
4706	0.74	74	26
4707	0.75	75	25
4708	0.75	75	25
4709	0.76	76	24
4710	0.77	77	23
4711	0.76	76	24
4712	0.75	75	25
4713	0.76	76	24
4714	0.75	75	25
4715	0.74	74	26
4716	0.75	75	25
4717	0.74	74	26
4718	0.74	74	26
4719	0.74	74	26
4720	0.74	74	26
4721	0.75	75	25
4722	0.76	76	24
4723	0.76	76	24
4724	0.75	75	25
4725	0.76	76	24
4726	0.77	77	23
4727	0.77	77	23
4728	0.77	77	23
4729	0.77	77	23
4730	0.77	77	23
4731	0.78	78	22
4732	0.77	77	23
4733	0.77	77	23
4734	0.76	76	24
4735	0.77	77	23
4736	0.77	77	23
4737	0.78	78	22
4738	0.79	79	21
4739	0.79	79	21
4740	0.80	80	20
4741	0.80	80	20
4742	0.80	80	20
4743	0.81	81	19
4744	0.81	81	19
4745	0.80	80	20
4746	0.80	80	20
4747	0.80	80	20
4748	0.79	79	21
4749	0.79	79	21
4750	0.79	79	21
4751	0.79	79	21
4752	0.79	79	21
4753	0.79	79	21
4754	0.79	79	21
4755	0.80	80	20
4756	0.80	80	20
4757	0.81	81	19
4758	0.81	81	19
4759	0.80	80	20
4760	0.80	80	20
4761	0.80	80	20
4762	0.80	80	20
4763	0.79	79	21
4764	0.79	79	21
4765	0.79	79	21
4766	0.79	79	21
4767	0.79	79	21
4768	0.79	79	21
4769	0.79	79	21
4770	0.79	79	21
4771	0.78	78	22
4772	0.78	78	22
4773	0.79	79	21
4774	0.79	79	21
4775	0.79	79	21
4776	0.80	80	20
4777	0.80	80	20
4778	0.80	80	20
4779	0.79	79	21
4780	0.79	79	21
4781	0.79	79	21
4782	0.78	78	22
4783	0.79	79	21
4784	0.80	80	20
4785	0.80	80	20
4786	0.79	79	21
4787	0.79	79	21
4788	0.79	79	21
4789	0.79	79	21
4790	0.79	79	21
4791	0.79	79	21
4792	0.79	79	21
4793	0.79	79	21
4794	0.80	80	20
4795	0.79	79	21
4796	0.79	79	21
4797	0.78	78	22
4798	0.78	78	22
4799	0.78	78	22
4800	0.78	78	22
4801	0.78	78	22
4802	0.77	77	23
4803	0.77	77	23
4804	0.76	76	24
4805	0.76	76	24
4806	0.76	76	24
4807	0.76	76	24
4808	0.75	75	25
4809	0.74	74	26
4810	0.74	74	26
4811	0.75	75	25
4812	0.76	76	24
4813	0.76	76	24
4814	0.76	76	24
4815	0.77	77	23
4816	0.76	76	24
4817	0.77	77	23
4818	0.76	76	24
4819	0.76	76	24
4820	0.76	76	24
4821	0.76	76	24
4822	0.76	76	24
4823	0.76	76	24
4824	0.77	77	23
4825	0.77	77	23
4826	0.77	77	23
4827	0.77	77	23
4828	0.77	77	23
4829	0.77	77	23
4830	0.77	77	23
4831	0.77	77	23
4832	0.77	77	23
4833	0.77	77	23
4834	0.78	78	22
4835	0.78	78	22
4836	0.78	78	22
4837	0.78	78	22
4838	0.78	78	22
4839	0.77	77	23
4840	0.77	77	23
4841	0.77	77	23
4842	0.76	76	24
4843	0.75	75	25
4844	0.75	75	25
4845	0.75	75	25
4846	0.74	74	26
4847	0.73	73	27
4848	0.74	74	26
4849	0.74	74	26
4850	0.73	73	27
4851	0.73	73	27
4852	0.72	72	28
4853	0.71	71	29
4854	0.71	71	29
4855	0.71	71	29
4856	0.71	71	29
4857	0.71	71	29
4858	0.70	70	30
4859	0.70	70	30
4860	0.70	70	30
4861	0.71	71	29
4862	0.71	71	29
4863	0.72	72	28
4864	0.73	73	27
4865	0.73	73	27
4866	0.73	73	27
4867	0.73	73	27
4868	0.72	72	28
4869	0.72	72	28
4870	0.72	72	28
4871	0.73	73	27
4872	0.73	73	27
4873	0.73	73	27
4874	0.73	73	27
4875	0.72	72	28
4876	0.72	72	28
4877	0.72	72	28
4878	0.72	72	28
4879	0.72	72	28
4880	0.72	72	28
4881	0.71	71	29
4882	0.72	72	28
4883	0.72	72	28
4884	0.72	72	28
4885	0.72	72	28
4886	0.72	72	28
4887	0.72	72	28
4888	0.71	71	29
4889	0.71	71	29
4890	0.71	71	29
4891	0.71	71	29
4892	0.71	71	29
4893	0.72	72	28
4894	0.72	72	28
4895	0.73	73	27
4896	0.73	73	27
4897	0.74	74	26
4898	0.74	74	26
4899	0.75	75	25
4900	0.75	75	25
4901	0.75	75	25
4902	0.76	76	24
4903	0.75	75	25
4904	0.76	76	24
4905	0.76	76	24
4906	0.76	76	24
4907	0.76	76	24
4908	0.77	77	23
4909	0.78	78	22
4910	0.78	78	22
4911	0.78	78	22
4912	0.78	78	22
4913	0.78	78	22
4914	0.79	79	21
4915	0.79	79	21
4916	0.79	79	21
4917	0.79	79	21
4918	0.80	80	20
4919	0.80	80	20
4920	0.80	80	20
4921	0.80	80	20
4922	0.80	80	20
4923	0.80	80	20
4924	0.80	80	20
4925	0.80	80	20
4926	0.80	80	20
4927	0.79	79	21
4928	0.79	79	21
4929	0.79	79	21
4930	0.79	79	21
4931	0.79	79	21
4932	0.80	80	20
4933	0.80	80	20
4934	0.80	80	20
4935	0.80	80	20
4936	0.80	80	20
4937	0.80	80	20
4938	0.79	79	21
4939	0.79	79	21
4940	0.79	79	21
4941	0.78	78	22
4942	0.79	79	21
4943	0.80	80	20
4944	0.80	80	20
4945	0.81	81	19
4946	0.81	81	19
4947	0.82	82	18
4948	0.82	82	18
4949	0.82	82	18
4950	0.83	83	17
4951	0.83	83	17
4952	0.84	84	16
4953	0.85	85	15
4954	0.85	85	15
4955	0.84	84	16
4956	0.84	84	16
4957	0.84	84	16
4958	0.84	84	16
4959	0.85	85	15
4960	0.85	85	15
4961	0.84	84	16
4962	0.84	84	16
4963	0.84	84	16
4964	0.83	83	17
4965	0.83	83	17
4966	0.82	82	18
4967	0.82	82	18
4968	0.83	83	17
4969	0.83	83	17
4970	0.82	82	18
4971	0.81	81	19
4972	0.81	81	19
4973	0.80	80	20
4974	0.80	80	20
4975	0.81	81	19
4976	0.81	81	19
4977	0.81	81	19
4978	0.81	81	19
4979	0.82	82	18
4980	0.82	82	18
4981	0.83	83	17
4982	0.83	83	17
4983	0.83	83	17
4984	0.83	83	17
4985	0.83	83	17
4986	0.84	84	16
4987	0.84	84	16
4988	0.85	85	15
4989	0.85	85	15
4990	0.85	85	15
4991	0.85	85	15
4992	0.85	85	15
4993	0.85	85	15
4994	0.85	85	15
4995	0.85	85	15
4996	0.85	85	15
4997	0.84	84	16
4998	0.83	83	17
4999	0.83	83	17
5000	0.17	83	17
5001	0.18	82	18
5002	0.19	81	19
5003	0.19	81	19
5004	0.20	80	20
5005	0.21	79	21
5006	0.22	78	22
5007	0.23	77	23
5008	0.23	77	23
5009	0.23	77	23
5010	0.23	77	23
5011	0.24	76	24
5012	0.24	76	24
5013	0.24	76	24
5014	0.25	75	25
5015	0.26	74	26
5016	0.26	74	26
5017	0.27	73	27
5018	0.28	72	28
5019	0.29	71	29
5020	0.29	71	29
5021	0.29	71	29
5022	0.29	71	29
5023	0.30	70	30
5024	0.31	69	31
5025	0.32	68	32
5026	0.33	67	33
5027	0.32	68	32
5028	0.32	68	32
5029	0.32	68	32
5030	0.33	67	33
5031	0.34	66	34
5032	0.35	65	35
5033	0.36	64	36
5034	0.36	64	36
5035	0.36	64	36
5036	0.37	63	37
5037	0.37	63	37
5038	0.37	63	37
5039	0.37	63	37
5040	0.38	62	38
5041	0.38	62	38
5042	0.39	61	39
5043	0.40	60	40
5044	0.41	59	41
5045	0.42	58	42
5046	0.42	58	42
5047	0.43	57	43
5048	0.44	56	44
5049	0.45	55	45
5050	0.46	54	46
5051	0.46	54	46
5052	0.47	53	47
5053	0.48	52	48
5054	0.48	52	48
5055	0.48	52	48
5056	0.48	52	48
5057	0.49	51	49
5058	0.49	51	49
5059	0.50	50	50
5060	0.51	49	51
5061	0.51	49	51
5062	0.52	48	52
5063	0.53	47	53
5064	0.52	48	52
5065	0.52	48	52
5066	0.52	48	52
5067	0.53	47	53
5068	0.54	46	54
5069	0.55	45	55
5070	0.54	46	54
5071	0.54	46	54
5072	0.55	45	55
5073	0.55	45	55
5074	0.56	44	56
5075	0.57	43	57
5076	0.58	42	58
5077	0.58	42	58
5078	0.59	41	59
5079	0.59	41	59
5080	0.59	41	59
5081	0.59	41	59
5082	0.59	41	59
5083	0.60	40	60
5084	0.61	39	61
5085	0.62	38	62
5086	0.63	37	63
5087	0.64	36	64
5088	0.64	36	64
5089	0.65	35	65
5090	0.66	34	66
5091	0.67	33	67
5092	0.68	32	68
5093	0.69	31	69
5094	0.70	30	70
5095	0.71	29	71
5096	0.72	28	72
5097	0.72	28	72
5098	0.72	28	72
5099	0.73	27	73
5100	0.73	27	73
5101	0.73	27	73
5102	0.73	27	73
5103	0.73	27	73
5104	0.73	27	73
5105	0.73	27	73
5106	0.72	28	72
5107	0.71	29	71
5108	0.72	28	72
5109	0.73	27	73
5110	0.74	26	74
5111	0.74	26	74
5112	0.75	25	75
5113	0.75	25	75
5114	0.75	25	75
5115	0.74	26	74
5116	0.73	27	73
5117	0.73	27	73
5118	0.73	27	73
5119	0.73	27	73
5120	0.73	27	73
5121	0.74	26	74
5122	0.75	25	75
5123	0.75	25	75
5124	0.75	25	75
5125	0.75	25	75
5126	0.75	25	75
5127	0.76	24	76
5128	0.77	23	77
5129	0.78	22	78
5130	0.78	22	78
5131	0.77	23	77
5132	0.77	23	77
5133	0.76	24	76
5134	0.77	23	77
5135	0.77	23	77
5136	0.77	23	77
5137	0.78	22	78
5138	0.77	23	77
5139	0.77	23	77
5140	0.76	24	76
5141	0.76	24	76
5142	0.76	24	76
5143	0.76	24	76
5144	0.75	25	75
5145	0.75	25	75
5146	0.75	25	75
5147	0.74	26	74
5148	0.73	27	73
5149	0.73	27	73
5150	0.73	27	73
5151	0.73	27	73
5152	0.72	28	72
5153	0.72	28	72
5154	0.73	27	73
5155	0.73	27	73
5156	0.74	26	74
5157	0.73	27	73
5158	0.73	27	73
5159	0.73	27	73
5160	0.73	27	73
5161	0.72	28	72
5162	0.72	28	72
5163	0.72	28	72
5164	0.73	27	73
5165	0.74	26	74
5166	0.74	26	74
5167	0.74	26	74
5168	0.74	26	74
5169	0.74	26	74
5170	0.75	25	75
5171	0.75	25	75
5172	0.75	25	75
5173	0.75	25	75
5174	0.75	25	75
5175	0.75	25	75
5176	0.75	25	75
5177	0.76	24	76
5178	0.76	24	76
5179	0.77	23	77
5180	0.78	22	78
5181	0.79	21	79
5182	0.80	20	80
5183	0.80	20	80
5184	0.79	21	79
5185	0.78	22	78
5186	0.77	23	77
5187	0.77	23	77
5188	0.78	22	78
5189	0.78	22	78
5190	0.77	23	77
5191	0.77	23	77
5192	0.76	24	76
5193	0.76	24	76
5194	0.76	24	76
5195	0.75	25	75
5196	0.75	25	75
5197	0.74	26	74
5198	0.73	27	73
5199	0.72	28	72
5200	0.73	27	73
5201	0.72	28	72
5202	0.72	28	72
5203	0.71	29	71
5204	0.71	29	71
5205	0.71	29	71
5206	0.72	28	72
5207	0.73	27	73
5208	0.73	27	73
5209	0.73	27	73
5210	0.73	27	73
5211	0.73	27	73
5212	0.72	28	72
5213	0.73	27	73
5214	0.73	27	73
5215	0.74	26	74
5216	0.75	25	75
5217	0.75	25	75
5218	0.75	25	75
5219	0.75	25	75
5220	0.75	25	75
5221	0.75	25	75
5222	0.74	26	74
5223	0.73	27	73
5224	0.73	27	73
5225	0.73	27	73
5226	0.73	27	73
5227	0.73	27	73
5228	0.72	28	72
5229	0.71	29	71
5230	0.71	29	71
5231	0.71	29	71
5232	0.70	30	70
5233	0.71	29	71
5234	0.71	29	71
5235	0.72	28	72
5236	0.72	28	72
5237	0.72	28	72
5238	0.73	27	73
5239	0.72	28	72
5240	0.73	27	73
5241	0.73	27	73
5242	0.73	27	73
5243	0.73	27	73
5244	0.73	27	73
5245	0.72	28	72
5246	0.72	28	72
5247	0.73	27	73
5248	0.73	27	73
5249	0.73	27	73
5250	0.73	27	73
5251	0.73	27	73
5252	0.74	26	74
5253	0.73	27	73
5254	0.73	27	73
5255	0.73	27	73
5256	0.73	27	73
5257	0.74	26	74
5258	0.74	26	74
5259	0.74	26	74
5260	0.74	26	74
5261	0.75	25	75
5262	0.74	26	74
5263	0.74	26	74
5264	0.73	27	73
5265	0.73	27	73
5266	0.73	27	73
5267	0.73	27	73
5268	0.73	27	73
5269	0.72	28	72
5270	0.71	29	71
5271	0.71	29	71
5272	0.71	29	71
5273	0.71	29	71
5274	0.71	29	71
5275	0.70	30	70
5276	0.70	30	70
5277	0.70	30	70
5278	0.70	30	70
5279	0.70	30	70
5280	0.70	30	70
5281	0.70	30	70
5282	0.70	30	70
5283	0.70	30	70
5284	0.71	29	71
5285	0.72	28	72
5286	0.72	28	72
5287	0.72	28	72
5288	0.72	28	72
5289	0.72	28	72
5290	0.72	28	72
5291	0.72	28	72
5292	0.72	28	72
5293	0.72	28	72
5294	0.72	28	72
5295	0.73	27	73
5296	0.72	28	72
5297	0.73	27	73
5298	0.74	26	74
5299	0.74	26	74
5300	0.74	26	74
5301	0.75	25	75
5302	0.75	25	75
5303	0.76	24	76
5304	0.75	25	75
5305	0.75	25	75
5306	0.74	26	74
5307	0.73	27	73
5308	0.72	28	72
5309	0.72	28	72
5310	0.72	28	72
5311	0.72	28	72
5312	0.73	27	73
5313	0.73	27	73
5314	0.73	27	73
5315	0.73	27	73
5316	0.73	27	73
5317	0.73	27	73
5318	0.73	27	73
5319	0.73	27	73
5320	0.74	26	74
5321	0.74	26	74
5322	0.75	25	75
5323	0.75	25	75
5324	0.75	25	75
5325	0.75	25	75
5326	0.74	26	74
5327	0.74	26	74
5328	0.75	25	75
5329	0.76	24	76
5330	0.76	24	76
5331	0.77	23	77
5332	0.78	22	78
5333	0.77	23	77
5334	0.77	23	77
5335	0.77	23	77
5336	0.77	23	77
5337	0.77	23	77
5338	0.77	23	77
5339	0.78	22	78
5340	0.78	22	78
5341	0.77	23	77
5342	0.77	23	77
5343	0.77	23	77
5344	0.78	22	78
5345	0.79	21	79
5346	0.79	21	79
5347	0.78	22	78
5348	0.79	21	79
5349	0.78	22	78
5350	0.78	22	78
5351	0.79	21	79
5352	0.78	22	78
5353	0.79	21	79
5354	0.79	21	79
5355	0.78	22	78
5356	0.77	23	77
5357	0.77	23	77
5358	0.76	24	76
5359	0.76	24	76
5360	0.75	25	75
5361	0.75	25	75
5362	0.76	24	76
5363	0.76	24	76
5364	0.77	23	77
5365	0.77	23	77
5366	0.76	24	76
5367	0.76	24	76
5368	0.76	24	76
5369	0.77	23	77
5370	0.77	23	77
5371	0.76	24	76
5372	0.75	25	75
5373	0.75	25	75
5374	0.75	25	75
5375	0.75	25	75
5376	0.75	25	75
5377	0.75	25	75
5378	0.75	25	75
5379	0.75	25	75
5380	0.75	25	75
5381	0.75	25	75
5382	0.75	25	75
5383	0.75	25	75
5384	0.75	25	75
5385	0.75	25	75
5386	0.76	24	76
5387	0.75	25	75
5388	0.74	26	74
5389	0.73	27	73
5390	0.73	27	73
5391	0.73	27	73
5392	0.74	26	74
5393	0.74	26	74
5394	0.74	26	74
5395	0.73	27	73
5396	0.74	26	74
5397	0.74	26	74
5398	0.74	26	74
5399	0.75	25	75
5400	0.75	25	75
5401	0.75	25	75
5402	0.75	25	75
5403	0.75	25	75
5404	0.76	24	76
5405	0.75	25	75
5406	0.75	25	75
5407	0.75	25	75
5408	0.76	24	76
5409	0.75	25	75
5410	0.75	25	75
5411	0.75	25	75
5412	0.74	26	74
5413	0.74	26	74
5414	0.74	26	74
5415	0.74	26	74
5416	0.74	26	74
5417	0.74	26	74
5418	0.74	26	74
5419	0.73	27	73
5420	0.73	27	73
5421	0.73	27	73
5422	0.72	28	72
5423	0.72	28	72
5424	0.72	28	72
5425	0.72	28	72
5426	0.72	28	72
5427	0.72	28	72
5428	0.71	29	71
5429	0.70	30	70
5430	0.70	30	70
5431	0.70	30	70
5432	0.70	30	70
5433	0.71	29	71
5434	0.70	30	70
5435	0.70	30	70
5436	0.70	30	70
5437	0.70	30	70
5438	0.70	30	70
5439	0.70	30	70
5440	0.69	31	69
5441	0.69	31	69
5442	0.69	31	69
5443	0.69	31	69
5444	0.69	31	69
5445	0.69	31	69
5446	0.69	31	69
5447	0.70	30	70
5448	0.70	30	70
5449	0.71	29	71
5450	0.71	29	71
5451	0.70	30	70
5452	0.71	29	71
5453	0.71	29	71
5454	0.71	29	71
5455	0.72	28	72
5456	0.73	27	73
5457	0.73	27	73
5458	0.74	26	74
5459	0.74	26	74
5460	0.75	25	75
5461	0.75	25	75
5462	0.75	25	75
5463	0.75	25	75
5464	0.75	25	75
5465	0.75	25	75
5466	0.76	24	76
5467	0.76	24	76
5468	0.76	24	76
5469	0.76	24	76
5470	0.77	23	77
5471	0.78	22	78
5472	0.79	21	79
5473	0.78	22	78
5474	0.78	22	78
5475	0.78	22	78
5476	0.78	22	78
5477	0.78	22	78
5478	0.78	22	78
5479	0.78	22	78
5480	0.78	22	78
5481	0.78	22	78
5482	0.77	23	77
5483	0.77	23	77
5484	0.76	24	76
5485	0.76	24	76
5486	0.76	24	76
5487	0.77	23	77
5488	0.78	22	78
5489	0.79	21	79
5490	0.80	20	80
5491	0.80	20	80
5492	0.79	21	79
5493	0.78	22	78
5494	0.78	22	78
5495	0.79	21	79
5496	0.79	21	79
5497	0.79	21	79
5498	0.79	21	79
5499	0.79	21	79
5500	0.79	21	79
5501	0.79	21	79
5502	0.79	21	79
5503	0.78	22	78
5504	0.77	23	77
5505	0.78	22	78
5506	0.79	21	79
5507	0.80	20	80
5508	0.80	20	80
5509	0.81	19	81
5510	0.81	19	81
5511	0.81	19	81
5512	0.81	19	81
5513	0.81	19	81
5514	0.81	19	81
5515	0.81	19	81
5516	0.81	19	81
5517	0.80	20	80
5518	0.80	20	80
5519	0.81	19	81
5520	0.81	19	81
5521	0.81	19	81
5522	0.82	18	82
5523	0.83	17	83
5524	0.83	17	83
5525	0.83	17	83
5526	0.84	16	84
5527	0.84	16	84
5528	0.85	15	85
5529	0.86	14	86
5530	0.86	14	86
5531	0.85	15	85
5532	0.85	15	85
5533	0.85	15	85
5534	0.86	14	86
5535	0.86	14	86
5536	0.86	14	86
5537	0.85	15	85
5538	0.84	16	84
5539	0.83	17	83
5540	0.84	16	84
5541	0.85	15	85
5542	0.85	15	85
5543	0.85	15	85
5544	0.85	15	85
5545	0.85	15	85
5546	0.85	15	85
5547	0.85	15	85
5548	0.85	15	85
5549	0.85	15	85
5550	0.85	15	85
5551	0.86	14	86
5552	0.86	14	86
5553	0.85	15	85
5554	0.85	15	85
5555	0.84	16	84
5556	0.84	16	84
5557	0.84	16	84
5558	0.84	16	84
5559	0.84	16	84
5560	0.84	16	84
5561	0.83	17	83
5562	0.83	17	83
5563	0.83	17	83
5564	0.83	17	83
5565	0.83	17	83
5566	0.83	17	83
5567	0.83	17	83
5568	0.83	17	83
5569	0.83	17	83
5570	0.83	17	83
5571	0.83	17	83
5572	0.83	17	83
5573	0.83	17	83
5574	0.83	17	83
5575	0.84	16	84
5576	0.84	16	84
5577	0.84	16	84
5578	0.83	17	83
5579	0.83	17	83
5580	0.83	17	83
5581	0.83	17	83
5582	0.84	16	84
5583	0.84	16	84
5584	0.85	15	85
5585	0.84	16	84
5586	0.84	16	84
5587	0.84	16	84
5588	0.83	17	83
5589	0.83	17	83
5590	0.83	17	83
5591	0.83	17	83
5592	0.84	16	84
5593	0.85	15	85
5594	0.84	16	84
5595	0.84	16	84
5596	0.84	16	84
5597	0.84	16	84
5598	0.84	16	84
5599	0.83	17	83
5600	0.83	17	83
5601	0.83	17	83
5602	0.82	18	82
5603	0.83	17	83
5604	0.84	16	84
5605	0.83	17	83
5606	0.83	17	83
5607	0.82	18	82
5608	0.82	18	82
5609	0.82	18	82
5610	0.82	18	82
5611	0.82	18	82
5612	0.83	17	83
5613	0.83	17	83
5614	0.83	17	83
5615	0.83	17	83
5616	0.83	17	83
5617	0.84	16	84
5618	0.84	16	84
5619	0.84	16	84
5620	0.84	16	84
5621	0.84	16	84
5622	0.84	16	84
5623	0.83	17	83
5624	0.83	17	83
5625	0.83	17	83
5626	0.83	17	83
5627	0.83	17	83
5628	0.83	17	83
5629	0.83	17	83
5630	0.82	18	82
5631	0.83	17	83
5632	0.82	18	82
5633	0.82	18	82
5634	0.82	18	82
5635	0.82	18	82
5636	0.81	19	81
5637	0.82	18	82
5638	0.83	17	83
5639	0.84	16	84
5640	0.84	16	84
5641	0.84	16	84
5642	0.83	17	83
5643	0.83	17	83
5644	0.83	17	83
5645	0.82	18	82
5646	0.81	19	81
5647	0.81	19	81
5648	0.81	19	81
5649	0.81	19	81
5650	0.81	19	81
5651	0.81	19	81
5652	0.81	19	81
5653	0.82	18	82
5654	0.81	19	81
5655	0.82	18	82
5656	0.82	18	82
5657	0.82	18	82
5658	0.81	19	81
5659	0.81	19	81
5660	0.81	19	81
5661	0.82	18	82
5662	0.82	18	82
5663	0.82	18	82
5664	0.82	18	82
5665	0.81	19	81
5666	0.81	19	81
5667	0.81	19	81
5668	0.80	20	80
5669	0.80	20	80
5670	0.79	21	79
5671	0.78	22	78
5672	0.78	22	78
5673	0.79	21	79
5674	0.79	21	79
5675	0.78	22	78
5676	0.78	22	78
5677	0.78	22	78
5678	0.78	22	78
5679	0.78	22	78
5680	0.78	22	78
5681	0.77	23	77
5682	0.76	24	76
5683	0.76	24	76
5684	0.75	25	75
5685	0.76	24	76
5686	0.76	24	76
5687	0.76	24	76
5688	0.76	24	76
5689	0.75	25	75
5690	0.75	25	75
5691	0.75	25	75
5692	0.75	25	75
5693	0.75	25	75
5694	0.76	24	76
5695	0.76	24	76
5696	0.76	24	76
5697	0.76	24	76
5698	0.76	24	76
5699	0.77	23	77
5700	0.77	23	77
5701	0.77	23	77
5702	0.78	22	78
5703	0.78	22	78
5704	0.78	22	78
5705	0.79	21	79
5706	0.79	21	79
5707	0.80	20	80
5708	0.80	20	80
5709	0.79	21	79
5710	0.79	21	79
5711	0.79	21	79
5712	0.79	21	79
5713	0.79	21	79
5714	0.79	21	79
5715	0.79	21	79
5716	0.79	21	79
5717	0.79	21	79
5718	0.78	22	78
5719	0.78	22	78
5720	0.78	22	78
5721	0.78	22	78
5722	0.78	22	78
5723	0.78	22	78
5724	0.77	23	77
5725	0.77	23	77
5726	0.77	23	77
5727	0.76	24	76
5728	0.76	24	76
5729	0.76	24	76
5730	0.76	24	76
5731	0.76	24	76
5732	0.76	24	76
5733	0.75	25	75
5734	0.75	25	75
5735	0.74	26	74
5736	0.75	25	75
5737	0.74	26	74
5738	0.74	26	74
5739	0.73	27	73
5740	0.73	27	73
5741	0.73	27	73
5742	0.73	27	73
5743	0.73	27	73
5744	0.72	28	72
5745	0.73	27	73
5746	0.74	26	74
5747	0.74	26	74
5748	0.74	26	74
5749	0.74	26	74
5750	0.73	27	73
5751	0.73	27	73
5752	0.73	27	73
5753	0.73	27	73
5754	0.74	26	74
5755	0.74	26	74
5756	0.74	26	74
5757	0.73	27	73
5758	0.74	26	74
5759	0.74	26	74
5760	0.74	26	74
5761	0.73	27	73
5762	0.73	27	73
5763	0.73	27	73
5764	0.72	28	72
5765	0.73	27	73
5766	0.73	27	73
5767	0.73	27	73
5768	0.74	26	74
5769	0.74	26	74
5770	0.75	25	75
5771	0.76	24	76
5772	0.76	24	76
5773	0.76	24	76
5774	0.76	24	76
5775	0.77	23	77
5776	0.77	23	77
5777	0.77	23	77
5778	0.78	22	78
5779	0.78	22	78
5780	0.78	22	78
5781	0.79	21	79
5782	0.80	20	80
5783	0.80	20	80
5784	0.81	19	81
5785	0.81	19	81
5786	0.80	20	80
5787	0.79	21	79
5788	0.80	20	80
5789	0.81	19	81
5790	0.81	19	81
5791	0.81	19	81
5792	0.80	20	80
5793	0.80	20	80
5794	0.80	20	80
5795	0.80	20	80
5796	0.79	21	79
5797	0.79	21	79
5798	0.79	21	79
5799	0.79	21	79
5800	0.79	21	79
5801	0.78	22	78
5802	0.78	22	78
5803	0.78	22	78
5804	0.78	22	78
5805	0.78	22	78
5806	0.77	23	77
5807	0.77	23	77
5808	0.77	23	77
5809	0.77	23	77
5810	0.77	23	77
5811	0.77	23	77
5812	0.77	23	77
5813	0.77	23	77
5814	0.77	23	77
5815	0.77	23	77
5816	0.77	23	77
5817	0.77	23	77
5818	0.78	22	78
5819	0.78	22	78
5820	0.78	22	78
5821	0.78	22	78
5822	0.78	22	78
5823	0.79	21	79
5824	0.79	21	79
5825	0.79	21	79
5826	0.79	21	79
5827	0.80	20	80
5828	0.80	20	80
5829	0.80	20	80
5830	0.80	20	80
5831	0.80	20	80
5832	0.81	19	81
5833	0.81	19	81
5834	0.81	19	81
5835	0.82	18	82
5836	0.81	19	81
5837	0.82	18	82
5838	0.82	18	82
5839	0.82	18	82
5840	0.81	19	81
5841	0.81	19	81
5842	0.82	18	82
5843	0.82	18	82
5844	0.83	17	83
5845	0.83	17	83
5846	0.83	17	83
5847	0.83	17	83
5848	0.83	17	83
5849	0.83	17	83
5850	0.84	16	84
5851	0.84	16	84
5852	0.84	16	84
5853	0.83	17	83
5854	0.82	18	82
5855	0.82	18	82
5856	0.82	18	82
5857	0.83	17	83
5858	0.82	18	82
5859	0.81	19	81
5860	0.81	19	81
5861	0.81	19	81
5862	0.81	19	81
5863	0.81	19	81
5864	0.82	18	82
5865	0.82	18	82
5866	0.82	18	82
5867	0.82	18	82
5868	0.82	18	82
5869	0.81	19	81
5870	0.81	19	81
5871	0.81	19	81
5872	0.81	19	81
5873	0.81	19	81
5874	0.81	19	81
5875	0.81	19	81
5876	0.81	19	81
5877	0.81	19	81
5878	0.81	19	81
5879	0.81	19	81
5880	0.81	19	81
5881	0.81	19	81
5882	0.81	19	81
5883	0.81	19	81
5884	0.81	19	81
5885	0.81	19	81
5886	0.82	18	82
5887	0.83	17	83
5888	0.82	18	82
5889	0.81	19	81
5890	0.81	19	81
5891	0.80	20	80
5892	0.81	19	81
5893	0.81	19	81
5894	0.81	19	81
5895	0.81	19	81
5896	0.82	18	82
5897	0.82	18	82
5898	0.81	19	81
5899	0.81	19	81
5900	0.81	19	81
5901	0.82	18	82
5902	0.81	19	81
5903	0.81	19	81
5904	0.81	19	81
5905	0.81	19	81
5906	0.82	18	82
5907	0.82	18	82
5908	0.82	18	82
5909	0.83	17	83
5910	0.83	17	83
5911	0.83	17	83
5912	0.82	18	82
5913	0.81	19	81
5914	0.81	19	81
5915	0.81	19	81
5916	0.81	19	81
5917	0.81	19	81
5918	0.81	19	81
5919	0.80	20	80
5920	0.79	21	79
5921	0.79	21	79
5922	0.79	21	79
5923	0.79	21	79
5924	0.80	20	80
5925	0.80	20	80
5926	0.80	20	80
5927	0.80	20	80
5928	0.80	20	80
5929	0.79	21	79
5930	0.80	20	80
5931	0.79	21	79
5932	0.78	22	78
5933	0.79	21	79
5934	0.79	21	79
5935	0.78	22	78
5936	0.79	21	79
5937	0.79	21	79
5938	0.79	21	79
5939	0.80	20	80
5940	0.81	19	81
5941	0.81	19	81
5942	0.81	19	81
5943	0.81	19	81
5944	0.81	19	81
5945	0.81	19	81
5946	0.81	19	81
5947	0.81	19	81
5948	0.81	19	81
5949	0.81	19	81
5950	0.80	20	80
5951	0.80	20	80
5952	0.79	21	79
5953	0.80	20	80
5954	0.81	19	81
5955	0.81	19	81
5956	0.81	19	81
5957	0.80	20	80
5958	0.81	19	81
5959	0.82	18	82
5960	0.82	18	82
5961	0.83	17	83
5962	0.83	17	83
5963	0.83	17	83
5964	0.83	17	83
5965	0.83	17	83
5966	0.83	17	83
5967	0.83	17	83
5968	0.83	17	83
5969	0.84	16	84
5970	0.84	16	84
5971	0.84	16	84
5972	0.84	16	84
5973	0.84	16	84
5974	0.84	16	84
5975	0.84	16	84
5976	0.84	16	84
5977	0.84	16	84
5978	0.84	16	84
5979	0.84	16	84
5980	0.83	17	83
5981	0.82	18	82
5982	0.82	18	82
5983	0.82	18	82
5984	0.82	18	82
5985	0.82	18	82
5986	0.82	18	82
5987	0.82	18	82
5988	0.83	17	83
5989	0.84	16	84
5990	0.84	16	84
5991	0.84	16	84
5992	0.84	16	84
5993	0.84	16	84
5994	0.84	16	84
5995	0.84	16	84
5996	0.84	16	84
5997	0.84	16	84
5998	0.85	15	85
5999	0.85	15	85
