timestep	swarm_quality	color_0	color_1
0	0.70	70	30
1	0.69	69	31
2	0.68	68	32
3	0.67	67	33
4	0.66	66	34
5	0.66	66	34
6	0.66	66	34
7	0.66	66	34
8	0.66	66	34
9	0.66	66	34
10	0.66	66	34
11	0.65	65	35
12	0.65	65	35
13	0.64	64	36
14	0.64	64	36
15	0.64	64	36
16	0.64	64	36
17	0.63	63	37
18	0.63	63	37
19	0.62	62	38
20	0.62	62	38
21	0.62	62	38
22	0.61	61	39
23	0.61	61	39
24	0.61	61	39
25	0.60	60	40
26	0.60	60	40
27	0.59	59	41
28	0.59	59	41
29	0.59	59	41
30	0.59	59	41
31	0.59	59	41
32	0.59	59	41
33	0.59	59	41
34	0.59	59	41
35	0.59	59	41
36	0.59	59	41
37	0.59	59	41
38	0.59	59	41
39	0.59	59	41
40	0.59	59	41
41	0.58	58	42
42	0.58	58	42
43	0.58	58	42
44	0.58	58	42
45	0.58	58	42
46	0.58	58	42
47	0.58	58	42
48	0.57	57	43
49	0.57	57	43
50	0.57	57	43
51	0.57	57	43
52	0.57	57	43
53	0.57	57	43
54	0.57	57	43
55	0.57	57	43
56	0.56	56	44
57	0.55	55	45
58	0.55	55	45
59	0.55	55	45
60	0.55	55	45
61	0.55	55	45
62	0.55	55	45
63	0.55	55	45
64	0.54	54	46
65	0.54	54	46
66	0.53	53	47
67	0.53	53	47
68	0.53	53	47
69	0.52	52	48
70	0.53	53	47
71	0.54	54	46
72	0.54	54	46
73	0.55	55	45
74	0.56	56	44
75	0.57	57	43
76	0.58	58	42
77	0.58	58	42
78	0.59	59	41
79	0.60	60	40
80	0.61	61	39
81	0.62	62	38
82	0.62	62	38
83	0.63	63	37
84	0.64	64	36
85	0.65	65	35
86	0.66	66	34
87	0.67	67	33
88	0.68	68	32
89	0.68	68	32
90	0.69	69	31
91	0.70	70	30
92	0.70	70	30
93	0.71	71	29
94	0.72	72	28
95	0.73	73	27
96	0.74	74	26
97	0.75	75	25
98	0.76	76	24
99	0.77	77	23
100	0.77	77	23
101	0.78	78	22
102	0.78	78	22
103	0.79	79	21
104	0.80	80	20
105	0.80	80	20
106	0.79	79	21
107	0.79	79	21
108	0.79	79	21
109	0.79	79	21
110	0.79	79	21
111	0.80	80	20
112	0.79	79	21
113	0.80	80	20
114	0.80	80	20
115	0.80	80	20
116	0.80	80	20
117	0.81	81	19
118	0.81	81	19
119	0.82	82	18
120	0.82	82	18
121	0.82	82	18
122	0.83	83	17
123	0.82	82	18
124	0.82	82	18
125	0.83	83	17
126	0.83	83	17
127	0.84	84	16
128	0.84	84	16
129	0.84	84	16
130	0.84	84	16
131	0.84	84	16
132	0.84	84	16
133	0.83	83	17
134	0.83	83	17
135	0.83	83	17
136	0.83	83	17
137	0.83	83	17
138	0.83	83	17
139	0.82	82	18
140	0.82	82	18
141	0.82	82	18
142	0.82	82	18
143	0.81	81	19
144	0.81	81	19
145	0.81	81	19
146	0.81	81	19
147	0.81	81	19
148	0.81	81	19
149	0.80	80	20
150	0.80	80	20
151	0.80	80	20
152	0.80	80	20
153	0.80	80	20
154	0.80	80	20
155	0.80	80	20
156	0.81	81	19
157	0.82	82	18
158	0.82	82	18
159	0.82	82	18
160	0.82	82	18
161	0.82	82	18
162	0.82	82	18
163	0.82	82	18
164	0.83	83	17
165	0.83	83	17
166	0.84	84	16
167	0.83	83	17
168	0.83	83	17
169	0.84	84	16
170	0.83	83	17
171	0.82	82	18
172	0.83	83	17
173	0.83	83	17
174	0.83	83	17
175	0.82	82	18
176	0.82	82	18
177	0.83	83	17
178	0.83	83	17
179	0.83	83	17
180	0.83	83	17
181	0.83	83	17
182	0.84	84	16
183	0.84	84	16
184	0.84	84	16
185	0.84	84	16
186	0.84	84	16
187	0.84	84	16
188	0.84	84	16
189	0.85	85	15
190	0.85	85	15
191	0.85	85	15
192	0.86	86	14
193	0.86	86	14
194	0.86	86	14
195	0.86	86	14
196	0.85	85	15
197	0.85	85	15
198	0.85	85	15
199	0.85	85	15
200	0.84	84	16
201	0.84	84	16
202	0.84	84	16
203	0.84	84	16
204	0.84	84	16
205	0.84	84	16
206	0.85	85	15
207	0.85	85	15
208	0.85	85	15
209	0.85	85	15
210	0.84	84	16
211	0.84	84	16
212	0.85	85	15
213	0.85	85	15
214	0.85	85	15
215	0.85	85	15
216	0.85	85	15
217	0.85	85	15
218	0.85	85	15
219	0.85	85	15
220	0.84	84	16
221	0.84	84	16
222	0.84	84	16
223	0.85	85	15
224	0.85	85	15
225	0.85	85	15
226	0.85	85	15
227	0.85	85	15
228	0.85	85	15
229	0.84	84	16
230	0.84	84	16
231	0.83	83	17
232	0.83	83	17
233	0.84	84	16
234	0.84	84	16
235	0.84	84	16
236	0.84	84	16
237	0.83	83	17
238	0.83	83	17
239	0.84	84	16
240	0.84	84	16
241	0.85	85	15
242	0.85	85	15
243	0.86	86	14
244	0.86	86	14
245	0.86	86	14
246	0.86	86	14
247	0.86	86	14
248	0.87	87	13
249	0.88	88	12
250	0.88	88	12
251	0.88	88	12
252	0.88	88	12
253	0.88	88	12
254	0.87	87	13
255	0.87	87	13
256	0.87	87	13
257	0.87	87	13
258	0.87	87	13
259	0.87	87	13
260	0.87	87	13
261	0.87	87	13
262	0.87	87	13
263	0.87	87	13
264	0.87	87	13
265	0.87	87	13
266	0.87	87	13
267	0.88	88	12
268	0.88	88	12
269	0.88	88	12
270	0.89	89	11
271	0.90	90	10
272	0.90	90	10
273	0.90	90	10
274	0.89	89	11
275	0.90	90	10
276	0.90	90	10
277	0.90	90	10
278	0.90	90	10
279	0.90	90	10
280	0.90	90	10
281	0.90	90	10
282	0.90	90	10
283	0.90	90	10
284	0.90	90	10
285	0.90	90	10
286	0.90	90	10
287	0.90	90	10
288	0.90	90	10
289	0.90	90	10
290	0.90	90	10
291	0.90	90	10
292	0.89	89	11
293	0.89	89	11
294	0.88	88	12
295	0.87	87	13
296	0.88	88	12
297	0.87	87	13
298	0.87	87	13
299	0.87	87	13
300	0.88	88	12
301	0.88	88	12
302	0.89	89	11
303	0.89	89	11
304	0.88	88	12
305	0.88	88	12
306	0.88	88	12
307	0.87	87	13
308	0.87	87	13
309	0.86	86	14
310	0.87	87	13
311	0.87	87	13
312	0.87	87	13
313	0.87	87	13
314	0.87	87	13
315	0.87	87	13
316	0.87	87	13
317	0.87	87	13
318	0.87	87	13
319	0.87	87	13
320	0.88	88	12
321	0.88	88	12
322	0.88	88	12
323	0.88	88	12
324	0.88	88	12
325	0.88	88	12
326	0.88	88	12
327	0.88	88	12
328	0.88	88	12
329	0.89	89	11
330	0.89	89	11
331	0.90	90	10
332	0.90	90	10
333	0.89	89	11
334	0.89	89	11
335	0.88	88	12
336	0.88	88	12
337	0.89	89	11
338	0.89	89	11
339	0.88	88	12
340	0.88	88	12
341	0.88	88	12
342	0.88	88	12
343	0.88	88	12
344	0.88	88	12
345	0.87	87	13
346	0.87	87	13
347	0.87	87	13
348	0.87	87	13
349	0.86	86	14
350	0.86	86	14
351	0.86	86	14
352	0.86	86	14
353	0.86	86	14
354	0.87	87	13
355	0.87	87	13
356	0.87	87	13
357	0.86	86	14
358	0.86	86	14
359	0.85	85	15
360	0.85	85	15
361	0.85	85	15
362	0.85	85	15
363	0.85	85	15
364	0.85	85	15
365	0.85	85	15
366	0.85	85	15
367	0.85	85	15
368	0.84	84	16
369	0.83	83	17
370	0.82	82	18
371	0.82	82	18
372	0.82	82	18
373	0.82	82	18
374	0.82	82	18
375	0.81	81	19
376	0.81	81	19
377	0.81	81	19
378	0.81	81	19
379	0.81	81	19
380	0.80	80	20
381	0.79	79	21
382	0.79	79	21
383	0.79	79	21
384	0.79	79	21
385	0.79	79	21
386	0.79	79	21
387	0.79	79	21
388	0.79	79	21
389	0.79	79	21
390	0.79	79	21
391	0.79	79	21
392	0.80	80	20
393	0.80	80	20
394	0.80	80	20
395	0.80	80	20
396	0.80	80	20
397	0.81	81	19
398	0.81	81	19
399	0.80	80	20
400	0.80	80	20
401	0.79	79	21
402	0.79	79	21
403	0.79	79	21
404	0.79	79	21
405	0.79	79	21
406	0.79	79	21
407	0.80	80	20
408	0.80	80	20
409	0.81	81	19
410	0.81	81	19
411	0.80	80	20
412	0.80	80	20
413	0.80	80	20
414	0.80	80	20
415	0.79	79	21
416	0.79	79	21
417	0.79	79	21
418	0.79	79	21
419	0.79	79	21
420	0.79	79	21
421	0.78	78	22
422	0.78	78	22
423	0.77	77	23
424	0.77	77	23
425	0.77	77	23
426	0.77	77	23
427	0.77	77	23
428	0.77	77	23
429	0.77	77	23
430	0.77	77	23
431	0.77	77	23
432	0.76	76	24
433	0.77	77	23
434	0.76	76	24
435	0.76	76	24
436	0.76	76	24
437	0.76	76	24
438	0.76	76	24
439	0.77	77	23
440	0.77	77	23
441	0.77	77	23
442	0.77	77	23
443	0.77	77	23
444	0.77	77	23
445	0.78	78	22
446	0.77	77	23
447	0.77	77	23
448	0.77	77	23
449	0.78	78	22
450	0.78	78	22
451	0.78	78	22
452	0.78	78	22
453	0.78	78	22
454	0.77	77	23
455	0.77	77	23
456	0.77	77	23
457	0.77	77	23
458	0.76	76	24
459	0.77	77	23
460	0.77	77	23
461	0.77	77	23
462	0.77	77	23
463	0.76	76	24
464	0.76	76	24
465	0.76	76	24
466	0.76	76	24
467	0.76	76	24
468	0.77	77	23
469	0.78	78	22
470	0.79	79	21
471	0.79	79	21
472	0.78	78	22
473	0.78	78	22
474	0.79	79	21
475	0.79	79	21
476	0.79	79	21
477	0.79	79	21
478	0.78	78	22
479	0.78	78	22
480	0.79	79	21
481	0.79	79	21
482	0.78	78	22
483	0.78	78	22
484	0.78	78	22
485	0.78	78	22
486	0.78	78	22
487	0.77	77	23
488	0.76	76	24
489	0.75	75	25
490	0.74	74	26
491	0.74	74	26
492	0.74	74	26
493	0.74	74	26
494	0.75	75	25
495	0.75	75	25
496	0.75	75	25
497	0.75	75	25
498	0.75	75	25
499	0.76	76	24
500	0.76	76	24
501	0.76	76	24
502	0.76	76	24
503	0.76	76	24
504	0.77	77	23
505	0.77	77	23
506	0.77	77	23
507	0.76	76	24
508	0.76	76	24
509	0.76	76	24
510	0.76	76	24
511	0.77	77	23
512	0.77	77	23
513	0.76	76	24
514	0.76	76	24
515	0.77	77	23
516	0.76	76	24
517	0.75	75	25
518	0.75	75	25
519	0.75	75	25
520	0.75	75	25
521	0.76	76	24
522	0.75	75	25
523	0.76	76	24
524	0.75	75	25
525	0.75	75	25
526	0.75	75	25
527	0.75	75	25
528	0.75	75	25
529	0.75	75	25
530	0.74	74	26
531	0.73	73	27
532	0.74	74	26
533	0.73	73	27
534	0.74	74	26
535	0.75	75	25
536	0.75	75	25
537	0.75	75	25
538	0.74	74	26
539	0.73	73	27
540	0.73	73	27
541	0.73	73	27
542	0.73	73	27
543	0.73	73	27
544	0.72	72	28
545	0.71	71	29
546	0.72	72	28
547	0.72	72	28
548	0.72	72	28
549	0.72	72	28
550	0.72	72	28
551	0.72	72	28
552	0.71	71	29
553	0.71	71	29
554	0.72	72	28
555	0.72	72	28
556	0.72	72	28
557	0.72	72	28
558	0.73	73	27
559	0.72	72	28
560	0.72	72	28
561	0.72	72	28
562	0.72	72	28
563	0.73	73	27
564	0.73	73	27
565	0.73	73	27
566	0.73	73	27
567	0.73	73	27
568	0.73	73	27
569	0.73	73	27
570	0.73	73	27
571	0.72	72	28
572	0.73	73	27
573	0.73	73	27
574	0.73	73	27
575	0.74	74	26
576	0.74	74	26
577	0.74	74	26
578	0.75	75	25
579	0.75	75	25
580	0.75	75	25
581	0.76	76	24
582	0.77	77	23
583	0.77	77	23
584	0.76	76	24
585	0.76	76	24
586	0.76	76	24
587	0.77	77	23
588	0.77	77	23
589	0.78	78	22
590	0.79	79	21
591	0.79	79	21
592	0.79	79	21
593	0.79	79	21
594	0.79	79	21
595	0.79	79	21
596	0.79	79	21
597	0.79	79	21
598	0.79	79	21
599	0.79	79	21
600	0.79	79	21
601	0.80	80	20
602	0.80	80	20
603	0.80	80	20
604	0.80	80	20
605	0.80	80	20
606	0.80	80	20
607	0.81	81	19
608	0.81	81	19
609	0.81	81	19
610	0.80	80	20
611	0.79	79	21
612	0.79	79	21
613	0.79	79	21
614	0.79	79	21
615	0.79	79	21
616	0.80	80	20
617	0.81	81	19
618	0.81	81	19
619	0.80	80	20
620	0.80	80	20
621	0.80	80	20
622	0.81	81	19
623	0.81	81	19
624	0.82	82	18
625	0.82	82	18
626	0.82	82	18
627	0.82	82	18
628	0.82	82	18
629	0.81	81	19
630	0.82	82	18
631	0.83	83	17
632	0.83	83	17
633	0.84	84	16
634	0.84	84	16
635	0.83	83	17
636	0.83	83	17
637	0.82	82	18
638	0.83	83	17
639	0.84	84	16
640	0.84	84	16
641	0.84	84	16
642	0.84	84	16
643	0.83	83	17
644	0.84	84	16
645	0.85	85	15
646	0.84	84	16
647	0.84	84	16
648	0.83	83	17
649	0.83	83	17
650	0.83	83	17
651	0.82	82	18
652	0.83	83	17
653	0.83	83	17
654	0.83	83	17
655	0.83	83	17
656	0.82	82	18
657	0.83	83	17
658	0.83	83	17
659	0.84	84	16
660	0.84	84	16
661	0.84	84	16
662	0.84	84	16
663	0.84	84	16
664	0.84	84	16
665	0.84	84	16
666	0.84	84	16
667	0.84	84	16
668	0.84	84	16
669	0.84	84	16
670	0.84	84	16
671	0.84	84	16
672	0.84	84	16
673	0.84	84	16
674	0.83	83	17
675	0.83	83	17
676	0.83	83	17
677	0.83	83	17
678	0.83	83	17
679	0.83	83	17
680	0.83	83	17
681	0.83	83	17
682	0.83	83	17
683	0.83	83	17
684	0.84	84	16
685	0.83	83	17
686	0.83	83	17
687	0.83	83	17
688	0.83	83	17
689	0.83	83	17
690	0.83	83	17
691	0.83	83	17
692	0.83	83	17
693	0.82	82	18
694	0.82	82	18
695	0.83	83	17
696	0.83	83	17
697	0.82	82	18
698	0.82	82	18
699	0.82	82	18
700	0.82	82	18
701	0.82	82	18
702	0.82	82	18
703	0.82	82	18
704	0.82	82	18
705	0.82	82	18
706	0.82	82	18
707	0.82	82	18
708	0.82	82	18
709	0.82	82	18
710	0.83	83	17
711	0.83	83	17
712	0.83	83	17
713	0.84	84	16
714	0.84	84	16
715	0.83	83	17
716	0.83	83	17
717	0.83	83	17
718	0.83	83	17
719	0.84	84	16
720	0.84	84	16
721	0.83	83	17
722	0.82	82	18
723	0.82	82	18
724	0.82	82	18
725	0.82	82	18
726	0.82	82	18
727	0.82	82	18
728	0.82	82	18
729	0.83	83	17
730	0.83	83	17
731	0.83	83	17
732	0.83	83	17
733	0.83	83	17
734	0.83	83	17
735	0.84	84	16
736	0.83	83	17
737	0.84	84	16
738	0.84	84	16
739	0.84	84	16
740	0.84	84	16
741	0.84	84	16
742	0.83	83	17
743	0.84	84	16
744	0.84	84	16
745	0.84	84	16
746	0.85	85	15
747	0.85	85	15
748	0.85	85	15
749	0.84	84	16
750	0.84	84	16
751	0.84	84	16
752	0.84	84	16
753	0.84	84	16
754	0.84	84	16
755	0.84	84	16
756	0.84	84	16
757	0.84	84	16
758	0.84	84	16
759	0.84	84	16
760	0.84	84	16
761	0.84	84	16
762	0.84	84	16
763	0.84	84	16
764	0.84	84	16
765	0.84	84	16
766	0.84	84	16
767	0.84	84	16
768	0.84	84	16
769	0.84	84	16
770	0.83	83	17
771	0.84	84	16
772	0.84	84	16
773	0.84	84	16
774	0.85	85	15
775	0.84	84	16
776	0.84	84	16
777	0.84	84	16
778	0.84	84	16
779	0.84	84	16
780	0.84	84	16
781	0.84	84	16
782	0.84	84	16
783	0.84	84	16
784	0.84	84	16
785	0.84	84	16
786	0.84	84	16
787	0.84	84	16
788	0.85	85	15
789	0.85	85	15
790	0.85	85	15
791	0.84	84	16
792	0.84	84	16
793	0.85	85	15
794	0.85	85	15
795	0.85	85	15
796	0.84	84	16
797	0.85	85	15
798	0.85	85	15
799	0.85	85	15
800	0.85	85	15
801	0.85	85	15
802	0.85	85	15
803	0.84	84	16
804	0.84	84	16
805	0.84	84	16
806	0.83	83	17
807	0.82	82	18
808	0.82	82	18
809	0.82	82	18
810	0.82	82	18
811	0.83	83	17
812	0.83	83	17
813	0.83	83	17
814	0.83	83	17
815	0.83	83	17
816	0.83	83	17
817	0.82	82	18
818	0.82	82	18
819	0.82	82	18
820	0.81	81	19
821	0.81	81	19
822	0.81	81	19
823	0.81	81	19
824	0.81	81	19
825	0.81	81	19
826	0.80	80	20
827	0.80	80	20
828	0.80	80	20
829	0.80	80	20
830	0.80	80	20
831	0.80	80	20
832	0.80	80	20
833	0.80	80	20
834	0.79	79	21
835	0.79	79	21
836	0.80	80	20
837	0.80	80	20
838	0.79	79	21
839	0.79	79	21
840	0.78	78	22
841	0.78	78	22
842	0.79	79	21
843	0.79	79	21
844	0.79	79	21
845	0.78	78	22
846	0.78	78	22
847	0.78	78	22
848	0.79	79	21
849	0.80	80	20
850	0.79	79	21
851	0.80	80	20
852	0.80	80	20
853	0.80	80	20
854	0.80	80	20
855	0.80	80	20
856	0.81	81	19
857	0.81	81	19
858	0.80	80	20
859	0.80	80	20
860	0.79	79	21
861	0.79	79	21
862	0.78	78	22
863	0.78	78	22
864	0.78	78	22
865	0.78	78	22
866	0.78	78	22
867	0.78	78	22
868	0.78	78	22
869	0.78	78	22
870	0.79	79	21
871	0.79	79	21
872	0.78	78	22
873	0.78	78	22
874	0.78	78	22
875	0.79	79	21
876	0.79	79	21
877	0.79	79	21
878	0.79	79	21
879	0.79	79	21
880	0.79	79	21
881	0.79	79	21
882	0.79	79	21
883	0.79	79	21
884	0.79	79	21
885	0.79	79	21
886	0.79	79	21
887	0.79	79	21
888	0.79	79	21
889	0.79	79	21
890	0.79	79	21
891	0.80	80	20
892	0.80	80	20
893	0.80	80	20
894	0.80	80	20
895	0.80	80	20
896	0.81	81	19
897	0.80	80	20
898	0.80	80	20
899	0.80	80	20
900	0.80	80	20
901	0.80	80	20
902	0.80	80	20
903	0.81	81	19
904	0.81	81	19
905	0.80	80	20
906	0.81	81	19
907	0.82	82	18
908	0.81	81	19
909	0.81	81	19
910	0.80	80	20
911	0.80	80	20
912	0.80	80	20
913	0.79	79	21
914	0.79	79	21
915	0.80	80	20
916	0.80	80	20
917	0.81	81	19
918	0.81	81	19
919	0.81	81	19
920	0.82	82	18
921	0.83	83	17
922	0.84	84	16
923	0.84	84	16
924	0.84	84	16
925	0.83	83	17
926	0.83	83	17
927	0.82	82	18
928	0.82	82	18
929	0.82	82	18
930	0.82	82	18
931	0.82	82	18
932	0.82	82	18
933	0.82	82	18
934	0.83	83	17
935	0.83	83	17
936	0.83	83	17
937	0.83	83	17
938	0.84	84	16
939	0.84	84	16
940	0.85	85	15
941	0.85	85	15
942	0.85	85	15
943	0.85	85	15
944	0.85	85	15
945	0.85	85	15
946	0.85	85	15
947	0.85	85	15
948	0.85	85	15
949	0.85	85	15
950	0.86	86	14
951	0.86	86	14
952	0.86	86	14
953	0.86	86	14
954	0.86	86	14
955	0.86	86	14
956	0.86	86	14
957	0.85	85	15
958	0.85	85	15
959	0.85	85	15
960	0.86	86	14
961	0.86	86	14
962	0.87	87	13
963	0.87	87	13
964	0.86	86	14
965	0.85	85	15
966	0.85	85	15
967	0.85	85	15
968	0.84	84	16
969	0.83	83	17
970	0.83	83	17
971	0.83	83	17
972	0.83	83	17
973	0.83	83	17
974	0.83	83	17
975	0.83	83	17
976	0.83	83	17
977	0.83	83	17
978	0.83	83	17
979	0.82	82	18
980	0.82	82	18
981	0.81	81	19
982	0.81	81	19
983	0.81	81	19
984	0.81	81	19
985	0.81	81	19
986	0.81	81	19
987	0.80	80	20
988	0.80	80	20
989	0.79	79	21
990	0.79	79	21
991	0.79	79	21
992	0.79	79	21
993	0.79	79	21
994	0.79	79	21
995	0.78	78	22
996	0.78	78	22
997	0.78	78	22
998	0.78	78	22
999	0.78	78	22
1000	0.23	77	23
1001	0.24	76	24
1002	0.24	76	24
1003	0.25	75	25
1004	0.26	74	26
1005	0.26	74	26
1006	0.26	74	26
1007	0.27	73	27
1008	0.27	73	27
1009	0.28	72	28
1010	0.28	72	28
1011	0.29	71	29
1012	0.30	70	30
1013	0.30	70	30
1014	0.31	69	31
1015	0.31	69	31
1016	0.32	68	32
1017	0.33	67	33
1018	0.34	66	34
1019	0.35	65	35
1020	0.36	64	36
1021	0.37	63	37
1022	0.37	63	37
1023	0.38	62	38
1024	0.39	61	39
1025	0.38	62	38
1026	0.38	62	38
1027	0.38	62	38
1028	0.39	61	39
1029	0.39	61	39
1030	0.40	60	40
1031	0.40	60	40
1032	0.41	59	41
1033	0.42	58	42
1034	0.43	57	43
1035	0.43	57	43
1036	0.44	56	44
1037	0.45	55	45
1038	0.46	54	46
1039	0.46	54	46
1040	0.47	53	47
1041	0.48	52	48
1042	0.49	51	49
1043	0.50	50	50
1044	0.51	49	51
1045	0.51	49	51
1046	0.52	48	52
1047	0.52	48	52
1048	0.52	48	52
1049	0.52	48	52
1050	0.53	47	53
1051	0.54	46	54
1052	0.54	46	54
1053	0.55	45	55
1054	0.56	44	56
1055	0.57	43	57
1056	0.58	42	58
1057	0.58	42	58
1058	0.58	42	58
1059	0.58	42	58
1060	0.58	42	58
1061	0.59	41	59
1062	0.59	41	59
1063	0.60	40	60
1064	0.60	40	60
1065	0.60	40	60
1066	0.60	40	60
1067	0.61	39	61
1068	0.61	39	61
1069	0.61	39	61
1070	0.61	39	61
1071	0.62	38	62
1072	0.61	39	61
1073	0.62	38	62
1074	0.63	37	63
1075	0.63	37	63
1076	0.64	36	64
1077	0.65	35	65
1078	0.66	34	66
1079	0.65	35	65
1080	0.66	34	66
1081	0.66	34	66
1082	0.67	33	67
1083	0.68	32	68
1084	0.69	31	69
1085	0.69	31	69
1086	0.69	31	69
1087	0.69	31	69
1088	0.70	30	70
1089	0.70	30	70
1090	0.71	29	71
1091	0.71	29	71
1092	0.72	28	72
1093	0.73	27	73
1094	0.74	26	74
1095	0.74	26	74
1096	0.75	25	75
1097	0.75	25	75
1098	0.76	24	76
1099	0.77	23	77
1100	0.76	24	76
1101	0.76	24	76
1102	0.77	23	77
1103	0.77	23	77
1104	0.77	23	77
1105	0.76	24	76
1106	0.77	23	77
1107	0.77	23	77
1108	0.76	24	76
1109	0.76	24	76
1110	0.75	25	75
1111	0.75	25	75
1112	0.74	26	74
1113	0.74	26	74
1114	0.74	26	74
1115	0.74	26	74
1116	0.74	26	74
1117	0.74	26	74
1118	0.73	27	73
1119	0.73	27	73
1120	0.72	28	72
1121	0.72	28	72
1122	0.73	27	73
1123	0.73	27	73
1124	0.73	27	73
1125	0.74	26	74
1126	0.74	26	74
1127	0.74	26	74
1128	0.74	26	74
1129	0.75	25	75
1130	0.74	26	74
1131	0.75	25	75
1132	0.75	25	75
1133	0.75	25	75
1134	0.75	25	75
1135	0.76	24	76
1136	0.76	24	76
1137	0.76	24	76
1138	0.76	24	76
1139	0.76	24	76
1140	0.75	25	75
1141	0.75	25	75
1142	0.75	25	75
1143	0.75	25	75
1144	0.75	25	75
1145	0.74	26	74
1146	0.74	26	74
1147	0.74	26	74
1148	0.74	26	74
1149	0.74	26	74
1150	0.74	26	74
1151	0.74	26	74
1152	0.75	25	75
1153	0.75	25	75
1154	0.75	25	75
1155	0.75	25	75
1156	0.75	25	75
1157	0.75	25	75
1158	0.75	25	75
1159	0.76	24	76
1160	0.77	23	77
1161	0.77	23	77
1162	0.78	22	78
1163	0.78	22	78
1164	0.78	22	78
1165	0.77	23	77
1166	0.77	23	77
1167	0.77	23	77
1168	0.77	23	77
1169	0.76	24	76
1170	0.77	23	77
1171	0.76	24	76
1172	0.77	23	77
1173	0.77	23	77
1174	0.77	23	77
1175	0.78	22	78
1176	0.78	22	78
1177	0.78	22	78
1178	0.78	22	78
1179	0.79	21	79
1180	0.79	21	79
1181	0.79	21	79
1182	0.79	21	79
1183	0.79	21	79
1184	0.79	21	79
1185	0.79	21	79
1186	0.80	20	80
1187	0.80	20	80
1188	0.80	20	80
1189	0.79	21	79
1190	0.79	21	79
1191	0.80	20	80
1192	0.80	20	80
1193	0.80	20	80
1194	0.79	21	79
1195	0.78	22	78
1196	0.78	22	78
1197	0.78	22	78
1198	0.78	22	78
1199	0.78	22	78
1200	0.78	22	78
1201	0.78	22	78
1202	0.78	22	78
1203	0.78	22	78
1204	0.77	23	77
1205	0.78	22	78
1206	0.77	23	77
1207	0.77	23	77
1208	0.78	22	78
1209	0.77	23	77
1210	0.78	22	78
1211	0.78	22	78
1212	0.79	21	79
1213	0.79	21	79
1214	0.79	21	79
1215	0.79	21	79
1216	0.79	21	79
1217	0.79	21	79
1218	0.79	21	79
1219	0.79	21	79
1220	0.80	20	80
1221	0.80	20	80
1222	0.80	20	80
1223	0.80	20	80
1224	0.80	20	80
1225	0.80	20	80
1226	0.79	21	79
1227	0.78	22	78
1228	0.77	23	77
1229	0.77	23	77
1230	0.77	23	77
1231	0.76	24	76
1232	0.76	24	76
1233	0.76	24	76
1234	0.76	24	76
1235	0.76	24	76
1236	0.76	24	76
1237	0.76	24	76
1238	0.75	25	75
1239	0.76	24	76
1240	0.76	24	76
1241	0.76	24	76
1242	0.76	24	76
1243	0.76	24	76
1244	0.76	24	76
1245	0.77	23	77
1246	0.77	23	77
1247	0.78	22	78
1248	0.79	21	79
1249	0.80	20	80
1250	0.80	20	80
1251	0.79	21	79
1252	0.79	21	79
1253	0.79	21	79
1254	0.78	22	78
1255	0.78	22	78
1256	0.78	22	78
1257	0.78	22	78
1258	0.77	23	77
1259	0.77	23	77
1260	0.77	23	77
1261	0.77	23	77
1262	0.77	23	77
1263	0.77	23	77
1264	0.77	23	77
1265	0.78	22	78
1266	0.79	21	79
1267	0.78	22	78
1268	0.78	22	78
1269	0.79	21	79
1270	0.79	21	79
1271	0.80	20	80
1272	0.80	20	80
1273	0.80	20	80
1274	0.80	20	80
1275	0.79	21	79
1276	0.78	22	78
1277	0.78	22	78
1278	0.78	22	78
1279	0.77	23	77
1280	0.77	23	77
1281	0.77	23	77
1282	0.77	23	77
1283	0.77	23	77
1284	0.77	23	77
1285	0.77	23	77
1286	0.77	23	77
1287	0.77	23	77
1288	0.77	23	77
1289	0.78	22	78
1290	0.78	22	78
1291	0.78	22	78
1292	0.78	22	78
1293	0.78	22	78
1294	0.79	21	79
1295	0.79	21	79
1296	0.78	22	78
1297	0.78	22	78
1298	0.78	22	78
1299	0.78	22	78
1300	0.79	21	79
1301	0.78	22	78
1302	0.78	22	78
1303	0.77	23	77
1304	0.78	22	78
1305	0.78	22	78
1306	0.79	21	79
1307	0.79	21	79
1308	0.79	21	79
1309	0.80	20	80
1310	0.80	20	80
1311	0.80	20	80
1312	0.80	20	80
1313	0.80	20	80
1314	0.80	20	80
1315	0.81	19	81
1316	0.80	20	80
1317	0.80	20	80
1318	0.81	19	81
1319	0.80	20	80
1320	0.80	20	80
1321	0.80	20	80
1322	0.80	20	80
1323	0.80	20	80
1324	0.80	20	80
1325	0.80	20	80
1326	0.81	19	81
1327	0.82	18	82
1328	0.83	17	83
1329	0.83	17	83
1330	0.83	17	83
1331	0.84	16	84
1332	0.84	16	84
1333	0.84	16	84
1334	0.84	16	84
1335	0.84	16	84
1336	0.84	16	84
1337	0.84	16	84
1338	0.85	15	85
1339	0.84	16	84
1340	0.85	15	85
1341	0.85	15	85
1342	0.85	15	85
1343	0.85	15	85
1344	0.85	15	85
1345	0.85	15	85
1346	0.85	15	85
1347	0.84	16	84
1348	0.84	16	84
1349	0.84	16	84
1350	0.84	16	84
1351	0.85	15	85
1352	0.85	15	85
1353	0.85	15	85
1354	0.86	14	86
1355	0.86	14	86
1356	0.86	14	86
1357	0.86	14	86
1358	0.87	13	87
1359	0.87	13	87
1360	0.87	13	87
1361	0.87	13	87
1362	0.86	14	86
1363	0.86	14	86
1364	0.85	15	85
1365	0.84	16	84
1366	0.84	16	84
1367	0.84	16	84
1368	0.83	17	83
1369	0.83	17	83
1370	0.82	18	82
1371	0.82	18	82
1372	0.82	18	82
1373	0.82	18	82
1374	0.81	19	81
1375	0.82	18	82
1376	0.82	18	82
1377	0.82	18	82
1378	0.82	18	82
1379	0.83	17	83
1380	0.82	18	82
1381	0.81	19	81
1382	0.81	19	81
1383	0.81	19	81
1384	0.81	19	81
1385	0.81	19	81
1386	0.81	19	81
1387	0.81	19	81
1388	0.81	19	81
1389	0.81	19	81
1390	0.80	20	80
1391	0.80	20	80
1392	0.80	20	80
1393	0.80	20	80
1394	0.80	20	80
1395	0.81	19	81
1396	0.82	18	82
1397	0.82	18	82
1398	0.82	18	82
1399	0.81	19	81
1400	0.81	19	81
1401	0.82	18	82
1402	0.82	18	82
1403	0.83	17	83
1404	0.83	17	83
1405	0.83	17	83
1406	0.83	17	83
1407	0.83	17	83
1408	0.83	17	83
1409	0.83	17	83
1410	0.83	17	83
1411	0.83	17	83
1412	0.83	17	83
1413	0.83	17	83
1414	0.82	18	82
1415	0.82	18	82
1416	0.82	18	82
1417	0.81	19	81
1418	0.80	20	80
1419	0.80	20	80
1420	0.80	20	80
1421	0.80	20	80
1422	0.79	21	79
1423	0.79	21	79
1424	0.79	21	79
1425	0.78	22	78
1426	0.78	22	78
1427	0.78	22	78
1428	0.77	23	77
1429	0.77	23	77
1430	0.78	22	78
1431	0.77	23	77
1432	0.77	23	77
1433	0.77	23	77
1434	0.77	23	77
1435	0.77	23	77
1436	0.77	23	77
1437	0.77	23	77
1438	0.77	23	77
1439	0.78	22	78
1440	0.77	23	77
1441	0.76	24	76
1442	0.76	24	76
1443	0.76	24	76
1444	0.75	25	75
1445	0.74	26	74
1446	0.74	26	74
1447	0.75	25	75
1448	0.75	25	75
1449	0.75	25	75
1450	0.75	25	75
1451	0.75	25	75
1452	0.75	25	75
1453	0.75	25	75
1454	0.75	25	75
1455	0.75	25	75
1456	0.75	25	75
1457	0.75	25	75
1458	0.75	25	75
1459	0.75	25	75
1460	0.75	25	75
1461	0.75	25	75
1462	0.76	24	76
1463	0.76	24	76
1464	0.77	23	77
1465	0.78	22	78
1466	0.78	22	78
1467	0.79	21	79
1468	0.79	21	79
1469	0.79	21	79
1470	0.79	21	79
1471	0.79	21	79
1472	0.79	21	79
1473	0.79	21	79
1474	0.80	20	80
1475	0.80	20	80
1476	0.81	19	81
1477	0.81	19	81
1478	0.81	19	81
1479	0.81	19	81
1480	0.82	18	82
1481	0.83	17	83
1482	0.83	17	83
1483	0.83	17	83
1484	0.83	17	83
1485	0.83	17	83
1486	0.83	17	83
1487	0.83	17	83
1488	0.83	17	83
1489	0.83	17	83
1490	0.84	16	84
1491	0.84	16	84
1492	0.84	16	84
1493	0.84	16	84
1494	0.84	16	84
1495	0.84	16	84
1496	0.84	16	84
1497	0.84	16	84
1498	0.83	17	83
1499	0.84	16	84
1500	0.84	16	84
1501	0.83	17	83
1502	0.83	17	83
1503	0.83	17	83
1504	0.83	17	83
1505	0.82	18	82
1506	0.82	18	82
1507	0.82	18	82
1508	0.81	19	81
1509	0.81	19	81
1510	0.81	19	81
1511	0.80	20	80
1512	0.80	20	80
1513	0.80	20	80
1514	0.81	19	81
1515	0.81	19	81
1516	0.82	18	82
1517	0.83	17	83
1518	0.84	16	84
1519	0.85	15	85
1520	0.85	15	85
1521	0.84	16	84
1522	0.85	15	85
1523	0.84	16	84
1524	0.84	16	84
1525	0.85	15	85
1526	0.85	15	85
1527	0.84	16	84
1528	0.85	15	85
1529	0.85	15	85
1530	0.85	15	85
1531	0.86	14	86
1532	0.86	14	86
1533	0.86	14	86
1534	0.86	14	86
1535	0.86	14	86
1536	0.86	14	86
1537	0.86	14	86
1538	0.85	15	85
1539	0.85	15	85
1540	0.86	14	86
1541	0.87	13	87
1542	0.86	14	86
1543	0.85	15	85
1544	0.86	14	86
1545	0.86	14	86
1546	0.85	15	85
1547	0.85	15	85
1548	0.85	15	85
1549	0.84	16	84
1550	0.84	16	84
1551	0.83	17	83
1552	0.83	17	83
1553	0.82	18	82
1554	0.81	19	81
1555	0.81	19	81
1556	0.81	19	81
1557	0.81	19	81
1558	0.81	19	81
1559	0.81	19	81
1560	0.81	19	81
1561	0.81	19	81
1562	0.81	19	81
1563	0.81	19	81
1564	0.81	19	81
1565	0.81	19	81
1566	0.81	19	81
1567	0.80	20	80
1568	0.81	19	81
1569	0.81	19	81
1570	0.82	18	82
1571	0.82	18	82
1572	0.82	18	82
1573	0.82	18	82
1574	0.81	19	81
1575	0.80	20	80
1576	0.80	20	80
1577	0.80	20	80
1578	0.80	20	80
1579	0.79	21	79
1580	0.79	21	79
1581	0.79	21	79
1582	0.78	22	78
1583	0.78	22	78
1584	0.78	22	78
1585	0.77	23	77
1586	0.77	23	77
1587	0.76	24	76
1588	0.76	24	76
1589	0.75	25	75
1590	0.74	26	74
1591	0.74	26	74
1592	0.74	26	74
1593	0.74	26	74
1594	0.74	26	74
1595	0.73	27	73
1596	0.73	27	73
1597	0.72	28	72
1598	0.72	28	72
1599	0.72	28	72
1600	0.72	28	72
1601	0.73	27	73
1602	0.73	27	73
1603	0.73	27	73
1604	0.73	27	73
1605	0.74	26	74
1606	0.73	27	73
1607	0.73	27	73
1608	0.74	26	74
1609	0.74	26	74
1610	0.74	26	74
1611	0.75	25	75
1612	0.75	25	75
1613	0.74	26	74
1614	0.74	26	74
1615	0.74	26	74
1616	0.74	26	74
1617	0.74	26	74
1618	0.74	26	74
1619	0.73	27	73
1620	0.72	28	72
1621	0.73	27	73
1622	0.73	27	73
1623	0.73	27	73
1624	0.73	27	73
1625	0.73	27	73
1626	0.73	27	73
1627	0.74	26	74
1628	0.74	26	74
1629	0.73	27	73
1630	0.73	27	73
1631	0.72	28	72
1632	0.72	28	72
1633	0.71	29	71
1634	0.71	29	71
1635	0.70	30	70
1636	0.70	30	70
1637	0.70	30	70
1638	0.70	30	70
1639	0.69	31	69
1640	0.69	31	69
1641	0.68	32	68
1642	0.69	31	69
1643	0.70	30	70
1644	0.70	30	70
1645	0.71	29	71
1646	0.72	28	72
1647	0.71	29	71
1648	0.71	29	71
1649	0.71	29	71
1650	0.71	29	71
1651	0.72	28	72
1652	0.72	28	72
1653	0.73	27	73
1654	0.74	26	74
1655	0.73	27	73
1656	0.73	27	73
1657	0.73	27	73
1658	0.73	27	73
1659	0.73	27	73
1660	0.73	27	73
1661	0.73	27	73
1662	0.73	27	73
1663	0.72	28	72
1664	0.72	28	72
1665	0.72	28	72
1666	0.72	28	72
1667	0.73	27	73
1668	0.73	27	73
1669	0.73	27	73
1670	0.73	27	73
1671	0.73	27	73
1672	0.72	28	72
1673	0.72	28	72
1674	0.73	27	73
1675	0.74	26	74
1676	0.73	27	73
1677	0.73	27	73
1678	0.73	27	73
1679	0.73	27	73
1680	0.73	27	73
1681	0.73	27	73
1682	0.74	26	74
1683	0.74	26	74
1684	0.74	26	74
1685	0.75	25	75
1686	0.74	26	74
1687	0.75	25	75
1688	0.75	25	75
1689	0.75	25	75
1690	0.76	24	76
1691	0.76	24	76
1692	0.76	24	76
1693	0.76	24	76
1694	0.76	24	76
1695	0.77	23	77
1696	0.77	23	77
1697	0.78	22	78
1698	0.79	21	79
1699	0.79	21	79
1700	0.79	21	79
1701	0.79	21	79
1702	0.78	22	78
1703	0.78	22	78
1704	0.78	22	78
1705	0.78	22	78
1706	0.78	22	78
1707	0.78	22	78
1708	0.78	22	78
1709	0.78	22	78
1710	0.78	22	78
1711	0.78	22	78
1712	0.78	22	78
1713	0.79	21	79
1714	0.79	21	79
1715	0.78	22	78
1716	0.78	22	78
1717	0.78	22	78
1718	0.78	22	78
1719	0.79	21	79
1720	0.80	20	80
1721	0.79	21	79
1722	0.79	21	79
1723	0.80	20	80
1724	0.80	20	80
1725	0.80	20	80
1726	0.80	20	80
1727	0.80	20	80
1728	0.80	20	80
1729	0.81	19	81
1730	0.81	19	81
1731	0.82	18	82
1732	0.82	18	82
1733	0.83	17	83
1734	0.82	18	82
1735	0.83	17	83
1736	0.83	17	83
1737	0.83	17	83
1738	0.84	16	84
1739	0.85	15	85
1740	0.85	15	85
1741	0.85	15	85
1742	0.85	15	85
1743	0.85	15	85
1744	0.85	15	85
1745	0.85	15	85
1746	0.85	15	85
1747	0.86	14	86
1748	0.86	14	86
1749	0.86	14	86
1750	0.86	14	86
1751	0.86	14	86
1752	0.86	14	86
1753	0.86	14	86
1754	0.86	14	86
1755	0.86	14	86
1756	0.86	14	86
1757	0.86	14	86
1758	0.86	14	86
1759	0.86	14	86
1760	0.86	14	86
1761	0.86	14	86
1762	0.86	14	86
1763	0.86	14	86
1764	0.86	14	86
1765	0.85	15	85
1766	0.84	16	84
1767	0.84	16	84
1768	0.84	16	84
1769	0.83	17	83
1770	0.83	17	83
1771	0.83	17	83
1772	0.84	16	84
1773	0.84	16	84
1774	0.84	16	84
1775	0.83	17	83
1776	0.84	16	84
1777	0.84	16	84
1778	0.84	16	84
1779	0.85	15	85
1780	0.84	16	84
1781	0.84	16	84
1782	0.84	16	84
1783	0.84	16	84
1784	0.84	16	84
1785	0.83	17	83
1786	0.84	16	84
1787	0.84	16	84
1788	0.83	17	83
1789	0.84	16	84
1790	0.84	16	84
1791	0.84	16	84
1792	0.84	16	84
1793	0.83	17	83
1794	0.83	17	83
1795	0.82	18	82
1796	0.82	18	82
1797	0.82	18	82
1798	0.82	18	82
1799	0.82	18	82
1800	0.81	19	81
1801	0.81	19	81
1802	0.82	18	82
1803	0.82	18	82
1804	0.81	19	81
1805	0.81	19	81
1806	0.82	18	82
1807	0.82	18	82
1808	0.82	18	82
1809	0.81	19	81
1810	0.81	19	81
1811	0.81	19	81
1812	0.81	19	81
1813	0.80	20	80
1814	0.80	20	80
1815	0.81	19	81
1816	0.81	19	81
1817	0.81	19	81
1818	0.81	19	81
1819	0.81	19	81
1820	0.81	19	81
1821	0.82	18	82
1822	0.82	18	82
1823	0.82	18	82
1824	0.81	19	81
1825	0.81	19	81
1826	0.81	19	81
1827	0.81	19	81
1828	0.81	19	81
1829	0.81	19	81
1830	0.81	19	81
1831	0.81	19	81
1832	0.81	19	81
1833	0.80	20	80
1834	0.81	19	81
1835	0.81	19	81
1836	0.81	19	81
1837	0.81	19	81
1838	0.80	20	80
1839	0.80	20	80
1840	0.80	20	80
1841	0.81	19	81
1842	0.81	19	81
1843	0.81	19	81
1844	0.81	19	81
1845	0.80	20	80
1846	0.80	20	80
1847	0.80	20	80
1848	0.80	20	80
1849	0.81	19	81
1850	0.80	20	80
1851	0.80	20	80
1852	0.80	20	80
1853	0.80	20	80
1854	0.80	20	80
1855	0.81	19	81
1856	0.81	19	81
1857	0.81	19	81
1858	0.81	19	81
1859	0.81	19	81
1860	0.81	19	81
1861	0.81	19	81
1862	0.81	19	81
1863	0.82	18	82
1864	0.82	18	82
1865	0.83	17	83
1866	0.83	17	83
1867	0.83	17	83
1868	0.83	17	83
1869	0.83	17	83
1870	0.83	17	83
1871	0.83	17	83
1872	0.83	17	83
1873	0.83	17	83
1874	0.83	17	83
1875	0.84	16	84
1876	0.84	16	84
1877	0.84	16	84
1878	0.84	16	84
1879	0.84	16	84
1880	0.85	15	85
1881	0.85	15	85
1882	0.85	15	85
1883	0.85	15	85
1884	0.85	15	85
1885	0.86	14	86
1886	0.86	14	86
1887	0.86	14	86
1888	0.87	13	87
1889	0.86	14	86
1890	0.86	14	86
1891	0.86	14	86
1892	0.86	14	86
1893	0.87	13	87
1894	0.87	13	87
1895	0.88	12	88
1896	0.88	12	88
1897	0.88	12	88
1898	0.88	12	88
1899	0.88	12	88
1900	0.89	11	89
1901	0.88	12	88
1902	0.88	12	88
1903	0.88	12	88
1904	0.89	11	89
1905	0.89	11	89
1906	0.89	11	89
1907	0.89	11	89
1908	0.89	11	89
1909	0.90	10	90
1910	0.90	10	90
1911	0.90	10	90
1912	0.90	10	90
1913	0.91	9	91
1914	0.91	9	91
1915	0.91	9	91
1916	0.91	9	91
1917	0.91	9	91
1918	0.91	9	91
1919	0.91	9	91
1920	0.91	9	91
1921	0.91	9	91
1922	0.91	9	91
1923	0.91	9	91
1924	0.92	8	92
1925	0.92	8	92
1926	0.91	9	91
1927	0.90	10	90
1928	0.90	10	90
1929	0.90	10	90
1930	0.90	10	90
1931	0.90	10	90
1932	0.90	10	90
1933	0.91	9	91
1934	0.91	9	91
1935	0.91	9	91
1936	0.90	10	90
1937	0.90	10	90
1938	0.91	9	91
1939	0.91	9	91
1940	0.90	10	90
1941	0.90	10	90
1942	0.89	11	89
1943	0.89	11	89
1944	0.89	11	89
1945	0.90	10	90
1946	0.90	10	90
1947	0.90	10	90
1948	0.90	10	90
1949	0.90	10	90
1950	0.91	9	91
1951	0.90	10	90
1952	0.90	10	90
1953	0.90	10	90
1954	0.89	11	89
1955	0.89	11	89
1956	0.89	11	89
1957	0.89	11	89
1958	0.88	12	88
1959	0.87	13	87
1960	0.87	13	87
1961	0.87	13	87
1962	0.86	14	86
1963	0.86	14	86
1964	0.86	14	86
1965	0.86	14	86
1966	0.87	13	87
1967	0.87	13	87
1968	0.87	13	87
1969	0.88	12	88
1970	0.88	12	88
1971	0.88	12	88
1972	0.88	12	88
1973	0.88	12	88
1974	0.88	12	88
1975	0.88	12	88
1976	0.88	12	88
1977	0.87	13	87
1978	0.87	13	87
1979	0.86	14	86
1980	0.86	14	86
1981	0.86	14	86
1982	0.86	14	86
1983	0.86	14	86
1984	0.86	14	86
1985	0.86	14	86
1986	0.85	15	85
1987	0.85	15	85
1988	0.85	15	85
1989	0.86	14	86
1990	0.85	15	85
1991	0.85	15	85
1992	0.85	15	85
1993	0.85	15	85
1994	0.84	16	84
1995	0.83	17	83
1996	0.83	17	83
1997	0.83	17	83
1998	0.83	17	83
1999	0.83	17	83
2000	0.17	17	83
2001	0.16	16	84
2002	0.17	17	83
2003	0.17	17	83
2004	0.17	17	83
2005	0.18	18	82
2006	0.19	19	81
2007	0.20	20	80
2008	0.21	21	79
2009	0.21	21	79
2010	0.21	21	79
2011	0.22	22	78
2012	0.23	23	77
2013	0.24	24	76
2014	0.25	25	75
2015	0.26	26	74
2016	0.26	26	74
2017	0.27	27	73
2018	0.28	28	72
2019	0.29	29	71
2020	0.29	29	71
2021	0.30	30	70
2022	0.31	31	69
2023	0.32	32	68
2024	0.32	32	68
2025	0.32	32	68
2026	0.31	31	69
2027	0.31	31	69
2028	0.32	32	68
2029	0.33	33	67
2030	0.34	34	66
2031	0.35	35	65
2032	0.36	36	64
2033	0.37	37	63
2034	0.37	37	63
2035	0.38	38	62
2036	0.38	38	62
2037	0.39	39	61
2038	0.39	39	61
2039	0.39	39	61
2040	0.38	38	62
2041	0.38	38	62
2042	0.37	37	63
2043	0.38	38	62
2044	0.39	39	61
2045	0.40	40	60
2046	0.40	40	60
2047	0.41	41	59
2048	0.42	42	58
2049	0.43	43	57
2050	0.44	44	56
2051	0.44	44	56
2052	0.45	45	55
2053	0.46	46	54
2054	0.46	46	54
2055	0.47	47	53
2056	0.48	48	52
2057	0.48	48	52
2058	0.48	48	52
2059	0.48	48	52
2060	0.49	49	51
2061	0.50	50	50
2062	0.50	50	50
2063	0.51	51	49
2064	0.52	52	48
2065	0.53	53	47
2066	0.54	54	46
2067	0.55	55	45
2068	0.56	56	44
2069	0.57	57	43
2070	0.58	58	42
2071	0.58	58	42
2072	0.59	59	41
2073	0.59	59	41
2074	0.59	59	41
2075	0.60	60	40
2076	0.61	61	39
2077	0.60	60	40
2078	0.61	61	39
2079	0.61	61	39
2080	0.62	62	38
2081	0.63	63	37
2082	0.64	64	36
2083	0.65	65	35
2084	0.66	66	34
2085	0.67	67	33
2086	0.67	67	33
2087	0.68	68	32
2088	0.69	69	31
2089	0.70	70	30
2090	0.70	70	30
2091	0.70	70	30
2092	0.70	70	30
2093	0.71	71	29
2094	0.71	71	29
2095	0.70	70	30
2096	0.71	71	29
2097	0.71	71	29
2098	0.72	72	28
2099	0.73	73	27
2100	0.73	73	27
2101	0.73	73	27
2102	0.73	73	27
2103	0.74	74	26
2104	0.74	74	26
2105	0.74	74	26
2106	0.73	73	27
2107	0.73	73	27
2108	0.73	73	27
2109	0.73	73	27
2110	0.74	74	26
2111	0.74	74	26
2112	0.73	73	27
2113	0.73	73	27
2114	0.73	73	27
2115	0.73	73	27
2116	0.73	73	27
2117	0.73	73	27
2118	0.73	73	27
2119	0.73	73	27
2120	0.74	74	26
2121	0.74	74	26
2122	0.74	74	26
2123	0.74	74	26
2124	0.74	74	26
2125	0.75	75	25
2126	0.76	76	24
2127	0.76	76	24
2128	0.76	76	24
2129	0.76	76	24
2130	0.76	76	24
2131	0.75	75	25
2132	0.74	74	26
2133	0.73	73	27
2134	0.74	74	26
2135	0.73	73	27
2136	0.73	73	27
2137	0.73	73	27
2138	0.74	74	26
2139	0.75	75	25
2140	0.76	76	24
2141	0.77	77	23
2142	0.77	77	23
2143	0.77	77	23
2144	0.77	77	23
2145	0.77	77	23
2146	0.77	77	23
2147	0.77	77	23
2148	0.76	76	24
2149	0.75	75	25
2150	0.75	75	25
2151	0.75	75	25
2152	0.75	75	25
2153	0.75	75	25
2154	0.75	75	25
2155	0.74	74	26
2156	0.74	74	26
2157	0.74	74	26
2158	0.73	73	27
2159	0.73	73	27
2160	0.73	73	27
2161	0.72	72	28
2162	0.72	72	28
2163	0.72	72	28
2164	0.72	72	28
2165	0.71	71	29
2166	0.70	70	30
2167	0.69	69	31
2168	0.68	68	32
2169	0.68	68	32
2170	0.68	68	32
2171	0.69	69	31
2172	0.69	69	31
2173	0.69	69	31
2174	0.69	69	31
2175	0.69	69	31
2176	0.68	68	32
2177	0.69	69	31
2178	0.69	69	31
2179	0.69	69	31
2180	0.68	68	32
2181	0.68	68	32
2182	0.68	68	32
2183	0.68	68	32
2184	0.68	68	32
2185	0.68	68	32
2186	0.67	67	33
2187	0.67	67	33
2188	0.67	67	33
2189	0.66	66	34
2190	0.66	66	34
2191	0.66	66	34
2192	0.67	67	33
2193	0.67	67	33
2194	0.67	67	33
2195	0.68	68	32
2196	0.67	67	33
2197	0.68	68	32
2198	0.68	68	32
2199	0.68	68	32
2200	0.69	69	31
2201	0.69	69	31
2202	0.68	68	32
2203	0.68	68	32
2204	0.69	69	31
2205	0.69	69	31
2206	0.70	70	30
2207	0.70	70	30
2208	0.70	70	30
2209	0.71	71	29
2210	0.71	71	29
2211	0.71	71	29
2212	0.72	72	28
2213	0.71	71	29
2214	0.71	71	29
2215	0.71	71	29
2216	0.72	72	28
2217	0.72	72	28
2218	0.72	72	28
2219	0.72	72	28
2220	0.72	72	28
2221	0.72	72	28
2222	0.71	71	29
2223	0.71	71	29
2224	0.72	72	28
2225	0.72	72	28
2226	0.72	72	28
2227	0.72	72	28
2228	0.72	72	28
2229	0.71	71	29
2230	0.70	70	30
2231	0.71	71	29
2232	0.71	71	29
2233	0.72	72	28
2234	0.72	72	28
2235	0.73	73	27
2236	0.73	73	27
2237	0.73	73	27
2238	0.72	72	28
2239	0.72	72	28
2240	0.72	72	28
2241	0.72	72	28
2242	0.73	73	27
2243	0.73	73	27
2244	0.73	73	27
2245	0.73	73	27
2246	0.73	73	27
2247	0.73	73	27
2248	0.74	74	26
2249	0.74	74	26
2250	0.74	74	26
2251	0.74	74	26
2252	0.73	73	27
2253	0.72	72	28
2254	0.72	72	28
2255	0.73	73	27
2256	0.73	73	27
2257	0.74	74	26
2258	0.74	74	26
2259	0.74	74	26
2260	0.74	74	26
2261	0.75	75	25
2262	0.75	75	25
2263	0.75	75	25
2264	0.75	75	25
2265	0.76	76	24
2266	0.77	77	23
2267	0.77	77	23
2268	0.78	78	22
2269	0.78	78	22
2270	0.77	77	23
2271	0.77	77	23
2272	0.77	77	23
2273	0.78	78	22
2274	0.79	79	21
2275	0.79	79	21
2276	0.80	80	20
2277	0.79	79	21
2278	0.79	79	21
2279	0.79	79	21
2280	0.80	80	20
2281	0.80	80	20
2282	0.80	80	20
2283	0.80	80	20
2284	0.80	80	20
2285	0.80	80	20
2286	0.81	81	19
2287	0.81	81	19
2288	0.81	81	19
2289	0.81	81	19
2290	0.80	80	20
2291	0.81	81	19
2292	0.80	80	20
2293	0.80	80	20
2294	0.80	80	20
2295	0.79	79	21
2296	0.80	80	20
2297	0.80	80	20
2298	0.80	80	20
2299	0.80	80	20
2300	0.79	79	21
2301	0.80	80	20
2302	0.80	80	20
2303	0.80	80	20
2304	0.80	80	20
2305	0.79	79	21
2306	0.78	78	22
2307	0.77	77	23
2308	0.77	77	23
2309	0.77	77	23
2310	0.77	77	23
2311	0.77	77	23
2312	0.77	77	23
2313	0.78	78	22
2314	0.78	78	22
2315	0.78	78	22
2316	0.78	78	22
2317	0.77	77	23
2318	0.76	76	24
2319	0.76	76	24
2320	0.75	75	25
2321	0.75	75	25
2322	0.76	76	24
2323	0.76	76	24
2324	0.76	76	24
2325	0.76	76	24
2326	0.76	76	24
2327	0.76	76	24
2328	0.76	76	24
2329	0.77	77	23
2330	0.78	78	22
2331	0.78	78	22
2332	0.79	79	21
2333	0.79	79	21
2334	0.78	78	22
2335	0.78	78	22
2336	0.78	78	22
2337	0.78	78	22
2338	0.79	79	21
2339	0.79	79	21
2340	0.79	79	21
2341	0.79	79	21
2342	0.79	79	21
2343	0.79	79	21
2344	0.79	79	21
2345	0.79	79	21
2346	0.80	80	20
2347	0.80	80	20
2348	0.80	80	20
2349	0.81	81	19
2350	0.81	81	19
2351	0.81	81	19
2352	0.82	82	18
2353	0.83	83	17
2354	0.82	82	18
2355	0.82	82	18
2356	0.82	82	18
2357	0.82	82	18
2358	0.82	82	18
2359	0.81	81	19
2360	0.81	81	19
2361	0.81	81	19
2362	0.81	81	19
2363	0.80	80	20
2364	0.80	80	20
2365	0.80	80	20
2366	0.80	80	20
2367	0.80	80	20
2368	0.80	80	20
2369	0.80	80	20
2370	0.81	81	19
2371	0.81	81	19
2372	0.81	81	19
2373	0.81	81	19
2374	0.81	81	19
2375	0.81	81	19
2376	0.81	81	19
2377	0.82	82	18
2378	0.81	81	19
2379	0.81	81	19
2380	0.81	81	19
2381	0.81	81	19
2382	0.81	81	19
2383	0.81	81	19
2384	0.81	81	19
2385	0.81	81	19
2386	0.81	81	19
2387	0.81	81	19
2388	0.81	81	19
2389	0.82	82	18
2390	0.82	82	18
2391	0.82	82	18
2392	0.82	82	18
2393	0.82	82	18
2394	0.82	82	18
2395	0.82	82	18
2396	0.82	82	18
2397	0.82	82	18
2398	0.82	82	18
2399	0.82	82	18
2400	0.83	83	17
2401	0.83	83	17
2402	0.84	84	16
2403	0.84	84	16
2404	0.84	84	16
2405	0.85	85	15
2406	0.86	86	14
2407	0.87	87	13
2408	0.87	87	13
2409	0.87	87	13
2410	0.87	87	13
2411	0.86	86	14
2412	0.86	86	14
2413	0.86	86	14
2414	0.85	85	15
2415	0.85	85	15
2416	0.85	85	15
2417	0.86	86	14
2418	0.86	86	14
2419	0.86	86	14
2420	0.86	86	14
2421	0.86	86	14
2422	0.86	86	14
2423	0.85	85	15
2424	0.85	85	15
2425	0.85	85	15
2426	0.85	85	15
2427	0.85	85	15
2428	0.84	84	16
2429	0.83	83	17
2430	0.83	83	17
2431	0.83	83	17
2432	0.83	83	17
2433	0.82	82	18
2434	0.83	83	17
2435	0.83	83	17
2436	0.83	83	17
2437	0.83	83	17
2438	0.83	83	17
2439	0.83	83	17
2440	0.83	83	17
2441	0.83	83	17
2442	0.83	83	17
2443	0.83	83	17
2444	0.83	83	17
2445	0.83	83	17
2446	0.82	82	18
2447	0.82	82	18
2448	0.82	82	18
2449	0.82	82	18
2450	0.82	82	18
2451	0.82	82	18
2452	0.82	82	18
2453	0.82	82	18
2454	0.83	83	17
2455	0.82	82	18
2456	0.82	82	18
2457	0.82	82	18
2458	0.83	83	17
2459	0.83	83	17
2460	0.83	83	17
2461	0.83	83	17
2462	0.83	83	17
2463	0.84	84	16
2464	0.84	84	16
2465	0.83	83	17
2466	0.83	83	17
2467	0.84	84	16
2468	0.84	84	16
2469	0.84	84	16
2470	0.84	84	16
2471	0.84	84	16
2472	0.84	84	16
2473	0.84	84	16
2474	0.84	84	16
2475	0.84	84	16
2476	0.84	84	16
2477	0.84	84	16
2478	0.85	85	15
2479	0.85	85	15
2480	0.85	85	15
2481	0.85	85	15
2482	0.84	84	16
2483	0.83	83	17
2484	0.83	83	17
2485	0.83	83	17
2486	0.82	82	18
2487	0.82	82	18
2488	0.82	82	18
2489	0.82	82	18
2490	0.83	83	17
2491	0.83	83	17
2492	0.84	84	16
2493	0.84	84	16
2494	0.84	84	16
2495	0.85	85	15
2496	0.85	85	15
2497	0.85	85	15
2498	0.85	85	15
2499	0.85	85	15
2500	0.85	85	15
2501	0.85	85	15
2502	0.85	85	15
2503	0.85	85	15
2504	0.85	85	15
2505	0.85	85	15
2506	0.85	85	15
2507	0.85	85	15
2508	0.85	85	15
2509	0.85	85	15
2510	0.85	85	15
2511	0.85	85	15
2512	0.84	84	16
2513	0.84	84	16
2514	0.84	84	16
2515	0.83	83	17
2516	0.83	83	17
2517	0.83	83	17
2518	0.84	84	16
2519	0.84	84	16
2520	0.85	85	15
2521	0.84	84	16
2522	0.84	84	16
2523	0.85	85	15
2524	0.85	85	15
2525	0.84	84	16
2526	0.84	84	16
2527	0.84	84	16
2528	0.85	85	15
2529	0.85	85	15
2530	0.85	85	15
2531	0.85	85	15
2532	0.85	85	15
2533	0.86	86	14
2534	0.86	86	14
2535	0.86	86	14
2536	0.86	86	14
2537	0.86	86	14
2538	0.86	86	14
2539	0.86	86	14
2540	0.86	86	14
2541	0.86	86	14
2542	0.86	86	14
2543	0.86	86	14
2544	0.86	86	14
2545	0.86	86	14
2546	0.87	87	13
2547	0.87	87	13
2548	0.87	87	13
2549	0.87	87	13
2550	0.86	86	14
2551	0.85	85	15
2552	0.85	85	15
2553	0.85	85	15
2554	0.85	85	15
2555	0.86	86	14
2556	0.86	86	14
2557	0.86	86	14
2558	0.86	86	14
2559	0.87	87	13
2560	0.87	87	13
2561	0.87	87	13
2562	0.87	87	13
2563	0.87	87	13
2564	0.87	87	13
2565	0.88	88	12
2566	0.88	88	12
2567	0.88	88	12
2568	0.88	88	12
2569	0.88	88	12
2570	0.88	88	12
2571	0.88	88	12
2572	0.88	88	12
2573	0.88	88	12
2574	0.88	88	12
2575	0.88	88	12
2576	0.88	88	12
2577	0.87	87	13
2578	0.87	87	13
2579	0.87	87	13
2580	0.87	87	13
2581	0.87	87	13
2582	0.87	87	13
2583	0.88	88	12
2584	0.87	87	13
2585	0.87	87	13
2586	0.88	88	12
2587	0.88	88	12
2588	0.87	87	13
2589	0.87	87	13
2590	0.87	87	13
2591	0.87	87	13
2592	0.87	87	13
2593	0.87	87	13
2594	0.87	87	13
2595	0.87	87	13
2596	0.87	87	13
2597	0.87	87	13
2598	0.86	86	14
2599	0.86	86	14
2600	0.85	85	15
2601	0.85	85	15
2602	0.85	85	15
2603	0.85	85	15
2604	0.85	85	15
2605	0.84	84	16
2606	0.84	84	16
2607	0.83	83	17
2608	0.83	83	17
2609	0.83	83	17
2610	0.83	83	17
2611	0.84	84	16
2612	0.85	85	15
2613	0.84	84	16
2614	0.84	84	16
2615	0.85	85	15
2616	0.85	85	15
2617	0.85	85	15
2618	0.84	84	16
2619	0.84	84	16
2620	0.83	83	17
2621	0.84	84	16
2622	0.83	83	17
2623	0.83	83	17
2624	0.83	83	17
2625	0.84	84	16
2626	0.84	84	16
2627	0.83	83	17
2628	0.83	83	17
2629	0.84	84	16
2630	0.84	84	16
2631	0.83	83	17
2632	0.83	83	17
2633	0.83	83	17
2634	0.83	83	17
2635	0.83	83	17
2636	0.83	83	17
2637	0.83	83	17
2638	0.83	83	17
2639	0.83	83	17
2640	0.83	83	17
2641	0.83	83	17
2642	0.83	83	17
2643	0.83	83	17
2644	0.82	82	18
2645	0.82	82	18
2646	0.82	82	18
2647	0.82	82	18
2648	0.82	82	18
2649	0.81	81	19
2650	0.82	82	18
2651	0.83	83	17
2652	0.83	83	17
2653	0.83	83	17
2654	0.83	83	17
2655	0.83	83	17
2656	0.83	83	17
2657	0.83	83	17
2658	0.83	83	17
2659	0.83	83	17
2660	0.83	83	17
2661	0.83	83	17
2662	0.82	82	18
2663	0.81	81	19
2664	0.81	81	19
2665	0.81	81	19
2666	0.81	81	19
2667	0.81	81	19
2668	0.81	81	19
2669	0.81	81	19
2670	0.81	81	19
2671	0.81	81	19
2672	0.80	80	20
2673	0.80	80	20
2674	0.80	80	20
2675	0.80	80	20
2676	0.80	80	20
2677	0.80	80	20
2678	0.79	79	21
2679	0.79	79	21
2680	0.79	79	21
2681	0.79	79	21
2682	0.80	80	20
2683	0.80	80	20
2684	0.81	81	19
2685	0.81	81	19
2686	0.81	81	19
2687	0.81	81	19
2688	0.82	82	18
2689	0.82	82	18
2690	0.82	82	18
2691	0.81	81	19
2692	0.81	81	19
2693	0.81	81	19
2694	0.81	81	19
2695	0.80	80	20
2696	0.80	80	20
2697	0.80	80	20
2698	0.81	81	19
2699	0.81	81	19
2700	0.82	82	18
2701	0.82	82	18
2702	0.82	82	18
2703	0.81	81	19
2704	0.81	81	19
2705	0.82	82	18
2706	0.82	82	18
2707	0.83	83	17
2708	0.83	83	17
2709	0.83	83	17
2710	0.83	83	17
2711	0.82	82	18
2712	0.82	82	18
2713	0.83	83	17
2714	0.84	84	16
2715	0.84	84	16
2716	0.84	84	16
2717	0.84	84	16
2718	0.84	84	16
2719	0.84	84	16
2720	0.84	84	16
2721	0.84	84	16
2722	0.84	84	16
2723	0.84	84	16
2724	0.84	84	16
2725	0.84	84	16
2726	0.84	84	16
2727	0.85	85	15
2728	0.84	84	16
2729	0.83	83	17
2730	0.83	83	17
2731	0.83	83	17
2732	0.83	83	17
2733	0.83	83	17
2734	0.83	83	17
2735	0.83	83	17
2736	0.82	82	18
2737	0.82	82	18
2738	0.82	82	18
2739	0.82	82	18
2740	0.82	82	18
2741	0.82	82	18
2742	0.82	82	18
2743	0.82	82	18
2744	0.83	83	17
2745	0.83	83	17
2746	0.83	83	17
2747	0.83	83	17
2748	0.83	83	17
2749	0.84	84	16
2750	0.84	84	16
2751	0.83	83	17
2752	0.83	83	17
2753	0.83	83	17
2754	0.82	82	18
2755	0.82	82	18
2756	0.82	82	18
2757	0.82	82	18
2758	0.82	82	18
2759	0.81	81	19
2760	0.80	80	20
2761	0.80	80	20
2762	0.81	81	19
2763	0.82	82	18
2764	0.82	82	18
2765	0.81	81	19
2766	0.81	81	19
2767	0.81	81	19
2768	0.81	81	19
2769	0.81	81	19
2770	0.81	81	19
2771	0.81	81	19
2772	0.82	82	18
2773	0.82	82	18
2774	0.82	82	18
2775	0.81	81	19
2776	0.81	81	19
2777	0.82	82	18
2778	0.83	83	17
2779	0.82	82	18
2780	0.81	81	19
2781	0.81	81	19
2782	0.81	81	19
2783	0.81	81	19
2784	0.81	81	19
2785	0.80	80	20
2786	0.80	80	20
2787	0.80	80	20
2788	0.80	80	20
2789	0.80	80	20
2790	0.80	80	20
2791	0.81	81	19
2792	0.81	81	19
2793	0.81	81	19
2794	0.81	81	19
2795	0.82	82	18
2796	0.82	82	18
2797	0.82	82	18
2798	0.82	82	18
2799	0.82	82	18
2800	0.81	81	19
2801	0.81	81	19
2802	0.81	81	19
2803	0.82	82	18
2804	0.81	81	19
2805	0.81	81	19
2806	0.81	81	19
2807	0.80	80	20
2808	0.79	79	21
2809	0.79	79	21
2810	0.78	78	22
2811	0.79	79	21
2812	0.78	78	22
2813	0.78	78	22
2814	0.77	77	23
2815	0.77	77	23
2816	0.77	77	23
2817	0.77	77	23
2818	0.77	77	23
2819	0.76	76	24
2820	0.77	77	23
2821	0.77	77	23
2822	0.77	77	23
2823	0.76	76	24
2824	0.76	76	24
2825	0.76	76	24
2826	0.76	76	24
2827	0.75	75	25
2828	0.76	76	24
2829	0.77	77	23
2830	0.77	77	23
2831	0.78	78	22
2832	0.78	78	22
2833	0.78	78	22
2834	0.77	77	23
2835	0.77	77	23
2836	0.77	77	23
2837	0.77	77	23
2838	0.77	77	23
2839	0.76	76	24
2840	0.76	76	24
2841	0.76	76	24
2842	0.76	76	24
2843	0.76	76	24
2844	0.76	76	24
2845	0.76	76	24
2846	0.76	76	24
2847	0.76	76	24
2848	0.76	76	24
2849	0.76	76	24
2850	0.75	75	25
2851	0.76	76	24
2852	0.76	76	24
2853	0.76	76	24
2854	0.76	76	24
2855	0.76	76	24
2856	0.76	76	24
2857	0.76	76	24
2858	0.76	76	24
2859	0.77	77	23
2860	0.77	77	23
2861	0.77	77	23
2862	0.77	77	23
2863	0.76	76	24
2864	0.76	76	24
2865	0.77	77	23
2866	0.77	77	23
2867	0.77	77	23
2868	0.77	77	23
2869	0.77	77	23
2870	0.77	77	23
2871	0.77	77	23
2872	0.77	77	23
2873	0.77	77	23
2874	0.77	77	23
2875	0.77	77	23
2876	0.77	77	23
2877	0.77	77	23
2878	0.77	77	23
2879	0.78	78	22
2880	0.79	79	21
2881	0.79	79	21
2882	0.79	79	21
2883	0.78	78	22
2884	0.78	78	22
2885	0.79	79	21
2886	0.79	79	21
2887	0.79	79	21
2888	0.79	79	21
2889	0.78	78	22
2890	0.78	78	22
2891	0.78	78	22
2892	0.78	78	22
2893	0.77	77	23
2894	0.77	77	23
2895	0.77	77	23
2896	0.77	77	23
2897	0.77	77	23
2898	0.76	76	24
2899	0.75	75	25
2900	0.75	75	25
2901	0.75	75	25
2902	0.75	75	25
2903	0.75	75	25
2904	0.76	76	24
2905	0.76	76	24
2906	0.76	76	24
2907	0.77	77	23
2908	0.78	78	22
2909	0.78	78	22
2910	0.79	79	21
2911	0.79	79	21
2912	0.80	80	20
2913	0.80	80	20
2914	0.81	81	19
2915	0.81	81	19
2916	0.81	81	19
2917	0.81	81	19
2918	0.81	81	19
2919	0.81	81	19
2920	0.80	80	20
2921	0.80	80	20
2922	0.81	81	19
2923	0.82	82	18
2924	0.82	82	18
2925	0.82	82	18
2926	0.82	82	18
2927	0.83	83	17
2928	0.83	83	17
2929	0.83	83	17
2930	0.83	83	17
2931	0.82	82	18
2932	0.82	82	18
2933	0.81	81	19
2934	0.82	82	18
2935	0.82	82	18
2936	0.83	83	17
2937	0.83	83	17
2938	0.83	83	17
2939	0.83	83	17
2940	0.83	83	17
2941	0.83	83	17
2942	0.82	82	18
2943	0.82	82	18
2944	0.82	82	18
2945	0.81	81	19
2946	0.80	80	20
2947	0.80	80	20
2948	0.80	80	20
2949	0.80	80	20
2950	0.80	80	20
2951	0.80	80	20
2952	0.79	79	21
2953	0.79	79	21
2954	0.80	80	20
2955	0.80	80	20
2956	0.80	80	20
2957	0.79	79	21
2958	0.79	79	21
2959	0.79	79	21
2960	0.80	80	20
2961	0.80	80	20
2962	0.80	80	20
2963	0.81	81	19
2964	0.81	81	19
2965	0.81	81	19
2966	0.81	81	19
2967	0.81	81	19
2968	0.81	81	19
2969	0.81	81	19
2970	0.81	81	19
2971	0.81	81	19
2972	0.80	80	20
2973	0.80	80	20
2974	0.80	80	20
2975	0.80	80	20
2976	0.80	80	20
2977	0.80	80	20
2978	0.80	80	20
2979	0.80	80	20
2980	0.80	80	20
2981	0.80	80	20
2982	0.80	80	20
2983	0.81	81	19
2984	0.81	81	19
2985	0.81	81	19
2986	0.81	81	19
2987	0.81	81	19
2988	0.80	80	20
2989	0.81	81	19
2990	0.81	81	19
2991	0.81	81	19
2992	0.81	81	19
2993	0.82	82	18
2994	0.81	81	19
2995	0.81	81	19
2996	0.81	81	19
2997	0.80	80	20
2998	0.81	81	19
2999	0.82	82	18
3000	0.17	83	17
3001	0.18	82	18
3002	0.19	81	19
3003	0.20	80	20
3004	0.20	80	20
3005	0.20	80	20
3006	0.21	79	21
3007	0.22	78	22
3008	0.22	78	22
3009	0.23	77	23
3010	0.24	76	24
3011	0.25	75	25
3012	0.25	75	25
3013	0.25	75	25
3014	0.26	74	26
3015	0.27	73	27
3016	0.27	73	27
3017	0.27	73	27
3018	0.27	73	27
3019	0.26	74	26
3020	0.25	75	25
3021	0.26	74	26
3022	0.26	74	26
3023	0.26	74	26
3024	0.27	73	27
3025	0.27	73	27
3026	0.28	72	28
3027	0.29	71	29
3028	0.29	71	29
3029	0.30	70	30
3030	0.30	70	30
3031	0.30	70	30
3032	0.31	69	31
3033	0.30	70	30
3034	0.31	69	31
3035	0.32	68	32
3036	0.32	68	32
3037	0.32	68	32
3038	0.32	68	32
3039	0.32	68	32
3040	0.33	67	33
3041	0.33	67	33
3042	0.33	67	33
3043	0.34	66	34
3044	0.35	65	35
3045	0.34	66	34
3046	0.34	66	34
3047	0.35	65	35
3048	0.36	64	36
3049	0.37	63	37
3050	0.37	63	37
3051	0.38	62	38
3052	0.38	62	38
3053	0.38	62	38
3054	0.39	61	39
3055	0.40	60	40
3056	0.41	59	41
3057	0.41	59	41
3058	0.41	59	41
3059	0.42	58	42
3060	0.43	57	43
3061	0.43	57	43
3062	0.44	56	44
3063	0.45	55	45
3064	0.45	55	45
3065	0.46	54	46
3066	0.47	53	47
3067	0.47	53	47
3068	0.48	52	48
3069	0.49	51	49
3070	0.49	51	49
3071	0.50	50	50
3072	0.50	50	50
3073	0.50	50	50
3074	0.51	49	51
3075	0.51	49	51
3076	0.52	48	52
3077	0.52	48	52
3078	0.53	47	53
3079	0.54	46	54
3080	0.55	45	55
3081	0.56	44	56
3082	0.57	43	57
3083	0.58	42	58
3084	0.58	42	58
3085	0.58	42	58
3086	0.58	42	58
3087	0.59	41	59
3088	0.59	41	59
3089	0.60	40	60
3090	0.61	39	61
3091	0.62	38	62
3092	0.63	37	63
3093	0.64	36	64
3094	0.64	36	64
3095	0.65	35	65
3096	0.66	34	66
3097	0.65	35	65
3098	0.66	34	66
3099	0.67	33	67
3100	0.68	32	68
3101	0.67	33	67
3102	0.66	34	66
3103	0.65	35	65
3104	0.65	35	65
3105	0.65	35	65
3106	0.65	35	65
3107	0.64	36	64
3108	0.65	35	65
3109	0.65	35	65
3110	0.65	35	65
3111	0.65	35	65
3112	0.66	34	66
3113	0.67	33	67
3114	0.67	33	67
3115	0.67	33	67
3116	0.68	32	68
3117	0.69	31	69
3118	0.68	32	68
3119	0.69	31	69
3120	0.70	30	70
3121	0.70	30	70
3122	0.70	30	70
3123	0.71	29	71
3124	0.70	30	70
3125	0.71	29	71
3126	0.71	29	71
3127	0.71	29	71
3128	0.72	28	72
3129	0.72	28	72
3130	0.72	28	72
3131	0.72	28	72
3132	0.72	28	72
3133	0.73	27	73
3134	0.73	27	73
3135	0.73	27	73
3136	0.74	26	74
3137	0.75	25	75
3138	0.76	24	76
3139	0.75	25	75
3140	0.74	26	74
3141	0.75	25	75
3142	0.75	25	75
3143	0.74	26	74
3144	0.74	26	74
3145	0.75	25	75
3146	0.75	25	75
3147	0.75	25	75
3148	0.74	26	74
3149	0.74	26	74
3150	0.74	26	74
3151	0.73	27	73
3152	0.72	28	72
3153	0.72	28	72
3154	0.72	28	72
3155	0.71	29	71
3156	0.71	29	71
3157	0.71	29	71
3158	0.72	28	72
3159	0.72	28	72
3160	0.72	28	72
3161	0.73	27	73
3162	0.72	28	72
3163	0.72	28	72
3164	0.73	27	73
3165	0.73	27	73
3166	0.73	27	73
3167	0.73	27	73
3168	0.73	27	73
3169	0.73	27	73
3170	0.74	26	74
3171	0.74	26	74
3172	0.74	26	74
3173	0.75	25	75
3174	0.75	25	75
3175	0.75	25	75
3176	0.75	25	75
3177	0.76	24	76
3178	0.76	24	76
3179	0.76	24	76
3180	0.76	24	76
3181	0.76	24	76
3182	0.76	24	76
3183	0.76	24	76
3184	0.77	23	77
3185	0.78	22	78
3186	0.79	21	79
3187	0.79	21	79
3188	0.79	21	79
3189	0.79	21	79
3190	0.78	22	78
3191	0.78	22	78
3192	0.77	23	77
3193	0.77	23	77
3194	0.77	23	77
3195	0.77	23	77
3196	0.77	23	77
3197	0.78	22	78
3198	0.78	22	78
3199	0.78	22	78
3200	0.78	22	78
3201	0.79	21	79
3202	0.80	20	80
3203	0.81	19	81
3204	0.82	18	82
3205	0.83	17	83
3206	0.83	17	83
3207	0.84	16	84
3208	0.84	16	84
3209	0.83	17	83
3210	0.82	18	82
3211	0.82	18	82
3212	0.82	18	82
3213	0.82	18	82
3214	0.82	18	82
3215	0.82	18	82
3216	0.81	19	81
3217	0.81	19	81
3218	0.82	18	82
3219	0.81	19	81
3220	0.81	19	81
3221	0.81	19	81
3222	0.82	18	82
3223	0.82	18	82
3224	0.83	17	83
3225	0.82	18	82
3226	0.82	18	82
3227	0.82	18	82
3228	0.82	18	82
3229	0.82	18	82
3230	0.82	18	82
3231	0.82	18	82
3232	0.82	18	82
3233	0.82	18	82
3234	0.82	18	82
3235	0.82	18	82
3236	0.82	18	82
3237	0.82	18	82
3238	0.81	19	81
3239	0.82	18	82
3240	0.83	17	83
3241	0.83	17	83
3242	0.83	17	83
3243	0.84	16	84
3244	0.84	16	84
3245	0.84	16	84
3246	0.84	16	84
3247	0.84	16	84
3248	0.85	15	85
3249	0.85	15	85
3250	0.85	15	85
3251	0.86	14	86
3252	0.87	13	87
3253	0.87	13	87
3254	0.87	13	87
3255	0.88	12	88
3256	0.88	12	88
3257	0.88	12	88
3258	0.88	12	88
3259	0.88	12	88
3260	0.88	12	88
3261	0.88	12	88
3262	0.89	11	89
3263	0.88	12	88
3264	0.87	13	87
3265	0.86	14	86
3266	0.86	14	86
3267	0.87	13	87
3268	0.87	13	87
3269	0.87	13	87
3270	0.87	13	87
3271	0.87	13	87
3272	0.86	14	86
3273	0.85	15	85
3274	0.85	15	85
3275	0.85	15	85
3276	0.84	16	84
3277	0.84	16	84
3278	0.84	16	84
3279	0.84	16	84
3280	0.84	16	84
3281	0.84	16	84
3282	0.84	16	84
3283	0.83	17	83
3284	0.82	18	82
3285	0.82	18	82
3286	0.82	18	82
3287	0.82	18	82
3288	0.81	19	81
3289	0.80	20	80
3290	0.81	19	81
3291	0.81	19	81
3292	0.81	19	81
3293	0.81	19	81
3294	0.81	19	81
3295	0.80	20	80
3296	0.80	20	80
3297	0.80	20	80
3298	0.80	20	80
3299	0.80	20	80
3300	0.80	20	80
3301	0.80	20	80
3302	0.80	20	80
3303	0.79	21	79
3304	0.79	21	79
3305	0.79	21	79
3306	0.79	21	79
3307	0.79	21	79
3308	0.79	21	79
3309	0.80	20	80
3310	0.81	19	81
3311	0.81	19	81
3312	0.81	19	81
3313	0.81	19	81
3314	0.81	19	81
3315	0.80	20	80
3316	0.81	19	81
3317	0.81	19	81
3318	0.81	19	81
3319	0.81	19	81
3320	0.81	19	81
3321	0.81	19	81
3322	0.81	19	81
3323	0.81	19	81
3324	0.81	19	81
3325	0.82	18	82
3326	0.81	19	81
3327	0.81	19	81
3328	0.81	19	81
3329	0.81	19	81
3330	0.82	18	82
3331	0.82	18	82
3332	0.82	18	82
3333	0.82	18	82
3334	0.82	18	82
3335	0.82	18	82
3336	0.82	18	82
3337	0.82	18	82
3338	0.83	17	83
3339	0.83	17	83
3340	0.82	18	82
3341	0.82	18	82
3342	0.82	18	82
3343	0.82	18	82
3344	0.82	18	82
3345	0.82	18	82
3346	0.82	18	82
3347	0.82	18	82
3348	0.82	18	82
3349	0.82	18	82
3350	0.81	19	81
3351	0.81	19	81
3352	0.80	20	80
3353	0.80	20	80
3354	0.80	20	80
3355	0.80	20	80
3356	0.80	20	80
3357	0.80	20	80
3358	0.80	20	80
3359	0.80	20	80
3360	0.80	20	80
3361	0.80	20	80
3362	0.80	20	80
3363	0.81	19	81
3364	0.82	18	82
3365	0.83	17	83
3366	0.83	17	83
3367	0.83	17	83
3368	0.83	17	83
3369	0.82	18	82
3370	0.81	19	81
3371	0.81	19	81
3372	0.82	18	82
3373	0.83	17	83
3374	0.83	17	83
3375	0.83	17	83
3376	0.84	16	84
3377	0.84	16	84
3378	0.84	16	84
3379	0.83	17	83
3380	0.83	17	83
3381	0.83	17	83
3382	0.83	17	83
3383	0.84	16	84
3384	0.85	15	85
3385	0.85	15	85
3386	0.85	15	85
3387	0.84	16	84
3388	0.84	16	84
3389	0.84	16	84
3390	0.84	16	84
3391	0.84	16	84
3392	0.85	15	85
3393	0.85	15	85
3394	0.85	15	85
3395	0.85	15	85
3396	0.84	16	84
3397	0.84	16	84
3398	0.84	16	84
3399	0.84	16	84
3400	0.84	16	84
3401	0.84	16	84
3402	0.84	16	84
3403	0.85	15	85
3404	0.85	15	85
3405	0.85	15	85
3406	0.85	15	85
3407	0.85	15	85
3408	0.85	15	85
3409	0.85	15	85
3410	0.85	15	85
3411	0.85	15	85
3412	0.85	15	85
3413	0.85	15	85
3414	0.85	15	85
3415	0.86	14	86
3416	0.86	14	86
3417	0.86	14	86
3418	0.86	14	86
3419	0.87	13	87
3420	0.87	13	87
3421	0.87	13	87
3422	0.87	13	87
3423	0.87	13	87
3424	0.87	13	87
3425	0.87	13	87
3426	0.88	12	88
3427	0.88	12	88
3428	0.88	12	88
3429	0.88	12	88
3430	0.88	12	88
3431	0.88	12	88
3432	0.88	12	88
3433	0.88	12	88
3434	0.88	12	88
3435	0.88	12	88
3436	0.87	13	87
3437	0.87	13	87
3438	0.87	13	87
3439	0.86	14	86
3440	0.87	13	87
3441	0.87	13	87
3442	0.87	13	87
3443	0.86	14	86
3444	0.86	14	86
3445	0.86	14	86
3446	0.86	14	86
3447	0.86	14	86
3448	0.86	14	86
3449	0.86	14	86
3450	0.87	13	87
3451	0.87	13	87
3452	0.87	13	87
3453	0.88	12	88
3454	0.87	13	87
3455	0.87	13	87
3456	0.86	14	86
3457	0.86	14	86
3458	0.86	14	86
3459	0.86	14	86
3460	0.86	14	86
3461	0.86	14	86
3462	0.86	14	86
3463	0.85	15	85
3464	0.84	16	84
3465	0.84	16	84
3466	0.84	16	84
3467	0.84	16	84
3468	0.83	17	83
3469	0.84	16	84
3470	0.85	15	85
3471	0.85	15	85
3472	0.85	15	85
3473	0.85	15	85
3474	0.85	15	85
3475	0.85	15	85
3476	0.85	15	85
3477	0.85	15	85
3478	0.85	15	85
3479	0.86	14	86
3480	0.86	14	86
3481	0.85	15	85
3482	0.85	15	85
3483	0.85	15	85
3484	0.85	15	85
3485	0.85	15	85
3486	0.85	15	85
3487	0.86	14	86
3488	0.87	13	87
3489	0.88	12	88
3490	0.88	12	88
3491	0.88	12	88
3492	0.87	13	87
3493	0.86	14	86
3494	0.86	14	86
3495	0.87	13	87
3496	0.88	12	88
3497	0.88	12	88
3498	0.87	13	87
3499	0.86	14	86
3500	0.86	14	86
3501	0.85	15	85
3502	0.85	15	85
3503	0.85	15	85
3504	0.85	15	85
3505	0.85	15	85
3506	0.85	15	85
3507	0.85	15	85
3508	0.84	16	84
3509	0.84	16	84
3510	0.84	16	84
3511	0.84	16	84
3512	0.84	16	84
3513	0.84	16	84
3514	0.84	16	84
3515	0.84	16	84
3516	0.84	16	84
3517	0.84	16	84
3518	0.84	16	84
3519	0.84	16	84
3520	0.84	16	84
3521	0.84	16	84
3522	0.84	16	84
3523	0.84	16	84
3524	0.84	16	84
3525	0.84	16	84
3526	0.84	16	84
3527	0.84	16	84
3528	0.84	16	84
3529	0.84	16	84
3530	0.84	16	84
3531	0.84	16	84
3532	0.84	16	84
3533	0.83	17	83
3534	0.82	18	82
3535	0.82	18	82
3536	0.83	17	83
3537	0.83	17	83
3538	0.82	18	82
3539	0.83	17	83
3540	0.83	17	83
3541	0.83	17	83
3542	0.83	17	83
3543	0.84	16	84
3544	0.84	16	84
3545	0.84	16	84
3546	0.84	16	84
3547	0.84	16	84
3548	0.84	16	84
3549	0.84	16	84
3550	0.83	17	83
3551	0.83	17	83
3552	0.84	16	84
3553	0.84	16	84
3554	0.85	15	85
3555	0.85	15	85
3556	0.86	14	86
3557	0.86	14	86
3558	0.86	14	86
3559	0.86	14	86
3560	0.86	14	86
3561	0.85	15	85
3562	0.84	16	84
3563	0.84	16	84
3564	0.85	15	85
3565	0.85	15	85
3566	0.85	15	85
3567	0.85	15	85
3568	0.86	14	86
3569	0.86	14	86
3570	0.86	14	86
3571	0.86	14	86
3572	0.86	14	86
3573	0.86	14	86
3574	0.85	15	85
3575	0.85	15	85
3576	0.85	15	85
3577	0.85	15	85
3578	0.85	15	85
3579	0.85	15	85
3580	0.84	16	84
3581	0.85	15	85
3582	0.85	15	85
3583	0.85	15	85
3584	0.85	15	85
3585	0.85	15	85
3586	0.84	16	84
3587	0.83	17	83
3588	0.83	17	83
3589	0.83	17	83
3590	0.83	17	83
3591	0.83	17	83
3592	0.84	16	84
3593	0.85	15	85
3594	0.84	16	84
3595	0.83	17	83
3596	0.83	17	83
3597	0.83	17	83
3598	0.83	17	83
3599	0.84	16	84
3600	0.84	16	84
3601	0.85	15	85
3602	0.85	15	85
3603	0.85	15	85
3604	0.85	15	85
3605	0.85	15	85
3606	0.85	15	85
3607	0.85	15	85
3608	0.85	15	85
3609	0.85	15	85
3610	0.85	15	85
3611	0.85	15	85
3612	0.85	15	85
3613	0.85	15	85
3614	0.85	15	85
3615	0.85	15	85
3616	0.85	15	85
3617	0.85	15	85
3618	0.85	15	85
3619	0.85	15	85
3620	0.85	15	85
3621	0.85	15	85
3622	0.84	16	84
3623	0.84	16	84
3624	0.84	16	84
3625	0.83	17	83
3626	0.83	17	83
3627	0.83	17	83
3628	0.82	18	82
3629	0.82	18	82
3630	0.82	18	82
3631	0.82	18	82
3632	0.82	18	82
3633	0.83	17	83
3634	0.84	16	84
3635	0.84	16	84
3636	0.84	16	84
3637	0.83	17	83
3638	0.84	16	84
3639	0.83	17	83
3640	0.83	17	83
3641	0.83	17	83
3642	0.82	18	82
3643	0.81	19	81
3644	0.81	19	81
3645	0.81	19	81
3646	0.81	19	81
3647	0.81	19	81
3648	0.81	19	81
3649	0.81	19	81
3650	0.82	18	82
3651	0.81	19	81
3652	0.81	19	81
3653	0.81	19	81
3654	0.80	20	80
3655	0.80	20	80
3656	0.80	20	80
3657	0.80	20	80
3658	0.79	21	79
3659	0.78	22	78
3660	0.78	22	78
3661	0.79	21	79
3662	0.79	21	79
3663	0.80	20	80
3664	0.80	20	80
3665	0.80	20	80
3666	0.80	20	80
3667	0.80	20	80
3668	0.80	20	80
3669	0.80	20	80
3670	0.80	20	80
3671	0.80	20	80
3672	0.80	20	80
3673	0.80	20	80
3674	0.81	19	81
3675	0.81	19	81
3676	0.81	19	81
3677	0.81	19	81
3678	0.81	19	81
3679	0.81	19	81
3680	0.82	18	82
3681	0.81	19	81
3682	0.81	19	81
3683	0.80	20	80
3684	0.80	20	80
3685	0.80	20	80
3686	0.81	19	81
3687	0.82	18	82
3688	0.82	18	82
3689	0.82	18	82
3690	0.82	18	82
3691	0.82	18	82
3692	0.82	18	82
3693	0.82	18	82
3694	0.83	17	83
3695	0.84	16	84
3696	0.83	17	83
3697	0.83	17	83
3698	0.84	16	84
3699	0.84	16	84
3700	0.84	16	84
3701	0.84	16	84
3702	0.84	16	84
3703	0.83	17	83
3704	0.83	17	83
3705	0.83	17	83
3706	0.83	17	83
3707	0.83	17	83
3708	0.84	16	84
3709	0.83	17	83
3710	0.83	17	83
3711	0.83	17	83
3712	0.83	17	83
3713	0.83	17	83
3714	0.83	17	83
3715	0.82	18	82
3716	0.82	18	82
3717	0.81	19	81
3718	0.81	19	81
3719	0.81	19	81
3720	0.81	19	81
3721	0.81	19	81
3722	0.82	18	82
3723	0.82	18	82
3724	0.81	19	81
3725	0.82	18	82
3726	0.82	18	82
3727	0.82	18	82
3728	0.83	17	83
3729	0.83	17	83
3730	0.83	17	83
3731	0.83	17	83
3732	0.83	17	83
3733	0.83	17	83
3734	0.82	18	82
3735	0.82	18	82
3736	0.82	18	82
3737	0.82	18	82
3738	0.82	18	82
3739	0.83	17	83
3740	0.83	17	83
3741	0.82	18	82
3742	0.83	17	83
3743	0.84	16	84
3744	0.84	16	84
3745	0.84	16	84
3746	0.84	16	84
3747	0.83	17	83
3748	0.83	17	83
3749	0.83	17	83
3750	0.83	17	83
3751	0.84	16	84
3752	0.84	16	84
3753	0.84	16	84
3754	0.85	15	85
3755	0.85	15	85
3756	0.85	15	85
3757	0.85	15	85
3758	0.85	15	85
3759	0.86	14	86
3760	0.85	15	85
3761	0.84	16	84
3762	0.85	15	85
3763	0.85	15	85
3764	0.85	15	85
3765	0.85	15	85
3766	0.85	15	85
3767	0.85	15	85
3768	0.84	16	84
3769	0.84	16	84
3770	0.83	17	83
3771	0.83	17	83
3772	0.83	17	83
3773	0.83	17	83
3774	0.83	17	83
3775	0.83	17	83
3776	0.82	18	82
3777	0.82	18	82
3778	0.82	18	82
3779	0.82	18	82
3780	0.82	18	82
3781	0.83	17	83
3782	0.83	17	83
3783	0.84	16	84
3784	0.84	16	84
3785	0.83	17	83
3786	0.83	17	83
3787	0.83	17	83
3788	0.83	17	83
3789	0.83	17	83
3790	0.82	18	82
3791	0.82	18	82
3792	0.82	18	82
3793	0.82	18	82
3794	0.82	18	82
3795	0.82	18	82
3796	0.83	17	83
3797	0.83	17	83
3798	0.83	17	83
3799	0.83	17	83
3800	0.83	17	83
3801	0.83	17	83
3802	0.83	17	83
3803	0.83	17	83
3804	0.83	17	83
3805	0.83	17	83
3806	0.82	18	82
3807	0.81	19	81
3808	0.81	19	81
3809	0.82	18	82
3810	0.81	19	81
3811	0.81	19	81
3812	0.80	20	80
3813	0.79	21	79
3814	0.79	21	79
3815	0.80	20	80
3816	0.80	20	80
3817	0.81	19	81
3818	0.81	19	81
3819	0.80	20	80
3820	0.80	20	80
3821	0.80	20	80
3822	0.79	21	79
3823	0.79	21	79
3824	0.80	20	80
3825	0.80	20	80
3826	0.79	21	79
3827	0.79	21	79
3828	0.79	21	79
3829	0.79	21	79
3830	0.78	22	78
3831	0.77	23	77
3832	0.77	23	77
3833	0.77	23	77
3834	0.77	23	77
3835	0.76	24	76
3836	0.76	24	76
3837	0.77	23	77
3838	0.76	24	76
3839	0.76	24	76
3840	0.76	24	76
3841	0.77	23	77
3842	0.77	23	77
3843	0.76	24	76
3844	0.76	24	76
3845	0.75	25	75
3846	0.75	25	75
3847	0.76	24	76
3848	0.76	24	76
3849	0.76	24	76
3850	0.76	24	76
3851	0.75	25	75
3852	0.74	26	74
3853	0.74	26	74
3854	0.74	26	74
3855	0.74	26	74
3856	0.73	27	73
3857	0.73	27	73
3858	0.74	26	74
3859	0.74	26	74
3860	0.75	25	75
3861	0.76	24	76
3862	0.76	24	76
3863	0.76	24	76
3864	0.76	24	76
3865	0.76	24	76
3866	0.76	24	76
3867	0.75	25	75
3868	0.76	24	76
3869	0.76	24	76
3870	0.77	23	77
3871	0.76	24	76
3872	0.76	24	76
3873	0.76	24	76
3874	0.76	24	76
3875	0.76	24	76
3876	0.77	23	77
3877	0.76	24	76
3878	0.76	24	76
3879	0.75	25	75
3880	0.74	26	74
3881	0.74	26	74
3882	0.74	26	74
3883	0.73	27	73
3884	0.73	27	73
3885	0.74	26	74
3886	0.74	26	74
3887	0.73	27	73
3888	0.73	27	73
3889	0.73	27	73
3890	0.74	26	74
3891	0.74	26	74
3892	0.74	26	74
3893	0.74	26	74
3894	0.73	27	73
3895	0.72	28	72
3896	0.71	29	71
3897	0.71	29	71
3898	0.71	29	71
3899	0.71	29	71
3900	0.71	29	71
3901	0.71	29	71
3902	0.71	29	71
3903	0.72	28	72
3904	0.71	29	71
3905	0.71	29	71
3906	0.71	29	71
3907	0.72	28	72
3908	0.71	29	71
3909	0.70	30	70
3910	0.71	29	71
3911	0.71	29	71
3912	0.72	28	72
3913	0.73	27	73
3914	0.73	27	73
3915	0.73	27	73
3916	0.72	28	72
3917	0.72	28	72
3918	0.72	28	72
3919	0.73	27	73
3920	0.73	27	73
3921	0.73	27	73
3922	0.73	27	73
3923	0.72	28	72
3924	0.72	28	72
3925	0.72	28	72
3926	0.72	28	72
3927	0.72	28	72
3928	0.72	28	72
3929	0.72	28	72
3930	0.73	27	73
3931	0.74	26	74
3932	0.74	26	74
3933	0.74	26	74
3934	0.74	26	74
3935	0.75	25	75
3936	0.75	25	75
3937	0.74	26	74
3938	0.75	25	75
3939	0.75	25	75
3940	0.75	25	75
3941	0.75	25	75
3942	0.75	25	75
3943	0.76	24	76
3944	0.76	24	76
3945	0.77	23	77
3946	0.76	24	76
3947	0.75	25	75
3948	0.74	26	74
3949	0.74	26	74
3950	0.74	26	74
3951	0.75	25	75
3952	0.76	24	76
3953	0.75	25	75
3954	0.75	25	75
3955	0.75	25	75
3956	0.76	24	76
3957	0.76	24	76
3958	0.76	24	76
3959	0.76	24	76
3960	0.76	24	76
3961	0.76	24	76
3962	0.76	24	76
3963	0.76	24	76
3964	0.76	24	76
3965	0.76	24	76
3966	0.75	25	75
3967	0.75	25	75
3968	0.74	26	74
3969	0.74	26	74
3970	0.74	26	74
3971	0.75	25	75
3972	0.75	25	75
3973	0.75	25	75
3974	0.75	25	75
3975	0.75	25	75
3976	0.75	25	75
3977	0.75	25	75
3978	0.75	25	75
3979	0.76	24	76
3980	0.77	23	77
3981	0.77	23	77
3982	0.77	23	77
3983	0.78	22	78
3984	0.78	22	78
3985	0.78	22	78
3986	0.77	23	77
3987	0.78	22	78
3988	0.78	22	78
3989	0.77	23	77
3990	0.76	24	76
3991	0.75	25	75
3992	0.75	25	75
3993	0.75	25	75
3994	0.76	24	76
3995	0.77	23	77
3996	0.78	22	78
3997	0.77	23	77
3998	0.77	23	77
3999	0.77	23	77
4000	0.24	24	76
4001	0.25	25	75
4002	0.26	26	74
4003	0.27	27	73
4004	0.26	26	74
4005	0.27	27	73
4006	0.27	27	73
4007	0.28	28	72
4008	0.28	28	72
4009	0.28	28	72
4010	0.29	29	71
4011	0.30	30	70
4012	0.31	31	69
4013	0.31	31	69
4014	0.31	31	69
4015	0.32	32	68
4016	0.32	32	68
4017	0.33	33	67
4018	0.34	34	66
4019	0.35	35	65
4020	0.35	35	65
4021	0.35	35	65
4022	0.34	34	66
4023	0.34	34	66
4024	0.35	35	65
4025	0.36	36	64
4026	0.36	36	64
4027	0.37	37	63
4028	0.38	38	62
4029	0.38	38	62
4030	0.39	39	61
4031	0.40	40	60
4032	0.41	41	59
4033	0.42	42	58
4034	0.42	42	58
4035	0.42	42	58
4036	0.42	42	58
4037	0.41	41	59
4038	0.42	42	58
4039	0.43	43	57
4040	0.44	44	56
4041	0.44	44	56
4042	0.45	45	55
4043	0.46	46	54
4044	0.47	47	53
4045	0.48	48	52
4046	0.48	48	52
4047	0.48	48	52
4048	0.48	48	52
4049	0.49	49	51
4050	0.50	50	50
4051	0.50	50	50
4052	0.51	51	49
4053	0.51	51	49
4054	0.51	51	49
4055	0.52	52	48
4056	0.53	53	47
4057	0.53	53	47
4058	0.54	54	46
4059	0.54	54	46
4060	0.55	55	45
4061	0.56	56	44
4062	0.57	57	43
4063	0.58	58	42
4064	0.58	58	42
4065	0.58	58	42
4066	0.58	58	42
4067	0.57	57	43
4068	0.56	56	44
4069	0.56	56	44
4070	0.57	57	43
4071	0.57	57	43
4072	0.58	58	42
4073	0.59	59	41
4074	0.60	60	40
4075	0.61	61	39
4076	0.62	62	38
4077	0.62	62	38
4078	0.63	63	37
4079	0.63	63	37
4080	0.64	64	36
4081	0.65	65	35
4082	0.66	66	34
4083	0.67	67	33
4084	0.68	68	32
4085	0.69	69	31
4086	0.69	69	31
4087	0.70	70	30
4088	0.71	71	29
4089	0.71	71	29
4090	0.71	71	29
4091	0.71	71	29
4092	0.72	72	28
4093	0.73	73	27
4094	0.74	74	26
4095	0.75	75	25
4096	0.76	76	24
4097	0.76	76	24
4098	0.77	77	23
4099	0.78	78	22
4100	0.78	78	22
4101	0.78	78	22
4102	0.78	78	22
4103	0.77	77	23
4104	0.78	78	22
4105	0.78	78	22
4106	0.77	77	23
4107	0.77	77	23
4108	0.77	77	23
4109	0.77	77	23
4110	0.77	77	23
4111	0.76	76	24
4112	0.76	76	24
4113	0.76	76	24
4114	0.77	77	23
4115	0.76	76	24
4116	0.76	76	24
4117	0.76	76	24
4118	0.75	75	25
4119	0.75	75	25
4120	0.76	76	24
4121	0.76	76	24
4122	0.76	76	24
4123	0.76	76	24
4124	0.75	75	25
4125	0.75	75	25
4126	0.75	75	25
4127	0.75	75	25
4128	0.75	75	25
4129	0.76	76	24
4130	0.76	76	24
4131	0.75	75	25
4132	0.75	75	25
4133	0.74	74	26
4134	0.74	74	26
4135	0.74	74	26
4136	0.75	75	25
4137	0.76	76	24
4138	0.76	76	24
4139	0.76	76	24
4140	0.76	76	24
4141	0.77	77	23
4142	0.77	77	23
4143	0.77	77	23
4144	0.77	77	23
4145	0.76	76	24
4146	0.76	76	24
4147	0.75	75	25
4148	0.75	75	25
4149	0.75	75	25
4150	0.75	75	25
4151	0.76	76	24
4152	0.75	75	25
4153	0.75	75	25
4154	0.75	75	25
4155	0.75	75	25
4156	0.74	74	26
4157	0.75	75	25
4158	0.75	75	25
4159	0.75	75	25
4160	0.75	75	25
4161	0.74	74	26
4162	0.74	74	26
4163	0.74	74	26
4164	0.75	75	25
4165	0.76	76	24
4166	0.76	76	24
4167	0.77	77	23
4168	0.78	78	22
4169	0.79	79	21
4170	0.78	78	22
4171	0.79	79	21
4172	0.78	78	22
4173	0.78	78	22
4174	0.77	77	23
4175	0.77	77	23
4176	0.76	76	24
4177	0.76	76	24
4178	0.76	76	24
4179	0.77	77	23
4180	0.76	76	24
4181	0.76	76	24
4182	0.76	76	24
4183	0.76	76	24
4184	0.76	76	24
4185	0.76	76	24
4186	0.76	76	24
4187	0.76	76	24
4188	0.76	76	24
4189	0.76	76	24
4190	0.76	76	24
4191	0.76	76	24
4192	0.76	76	24
4193	0.76	76	24
4194	0.75	75	25
4195	0.74	74	26
4196	0.74	74	26
4197	0.74	74	26
4198	0.73	73	27
4199	0.73	73	27
4200	0.73	73	27
4201	0.73	73	27
4202	0.72	72	28
4203	0.73	73	27
4204	0.73	73	27
4205	0.73	73	27
4206	0.74	74	26
4207	0.74	74	26
4208	0.74	74	26
4209	0.74	74	26
4210	0.74	74	26
4211	0.75	75	25
4212	0.75	75	25
4213	0.76	76	24
4214	0.76	76	24
4215	0.77	77	23
4216	0.77	77	23
4217	0.77	77	23
4218	0.78	78	22
4219	0.78	78	22
4220	0.78	78	22
4221	0.79	79	21
4222	0.80	80	20
4223	0.79	79	21
4224	0.80	80	20
4225	0.79	79	21
4226	0.79	79	21
4227	0.79	79	21
4228	0.79	79	21
4229	0.79	79	21
4230	0.79	79	21
4231	0.80	80	20
4232	0.80	80	20
4233	0.81	81	19
4234	0.80	80	20
4235	0.81	81	19
4236	0.81	81	19
4237	0.80	80	20
4238	0.79	79	21
4239	0.79	79	21
4240	0.79	79	21
4241	0.78	78	22
4242	0.78	78	22
4243	0.77	77	23
4244	0.77	77	23
4245	0.77	77	23
4246	0.77	77	23
4247	0.78	78	22
4248	0.78	78	22
4249	0.78	78	22
4250	0.78	78	22
4251	0.78	78	22
4252	0.79	79	21
4253	0.78	78	22
4254	0.79	79	21
4255	0.79	79	21
4256	0.80	80	20
4257	0.79	79	21
4258	0.79	79	21
4259	0.80	80	20
4260	0.80	80	20
4261	0.81	81	19
4262	0.81	81	19
4263	0.80	80	20
4264	0.80	80	20
4265	0.80	80	20
4266	0.79	79	21
4267	0.79	79	21
4268	0.79	79	21
4269	0.79	79	21
4270	0.80	80	20
4271	0.80	80	20
4272	0.81	81	19
4273	0.81	81	19
4274	0.82	82	18
4275	0.82	82	18
4276	0.83	83	17
4277	0.82	82	18
4278	0.81	81	19
4279	0.80	80	20
4280	0.81	81	19
4281	0.81	81	19
4282	0.80	80	20
4283	0.80	80	20
4284	0.80	80	20
4285	0.80	80	20
4286	0.80	80	20
4287	0.79	79	21
4288	0.79	79	21
4289	0.79	79	21
4290	0.78	78	22
4291	0.78	78	22
4292	0.77	77	23
4293	0.77	77	23
4294	0.78	78	22
4295	0.78	78	22
4296	0.78	78	22
4297	0.78	78	22
4298	0.79	79	21
4299	0.79	79	21
4300	0.79	79	21
4301	0.79	79	21
4302	0.79	79	21
4303	0.79	79	21
4304	0.79	79	21
4305	0.79	79	21
4306	0.79	79	21
4307	0.79	79	21
4308	0.79	79	21
4309	0.78	78	22
4310	0.77	77	23
4311	0.77	77	23
4312	0.77	77	23
4313	0.77	77	23
4314	0.77	77	23
4315	0.76	76	24
4316	0.76	76	24
4317	0.75	75	25
4318	0.75	75	25
4319	0.75	75	25
4320	0.75	75	25
4321	0.75	75	25
4322	0.74	74	26
4323	0.75	75	25
4324	0.75	75	25
4325	0.75	75	25
4326	0.75	75	25
4327	0.75	75	25
4328	0.75	75	25
4329	0.75	75	25
4330	0.75	75	25
4331	0.75	75	25
4332	0.74	74	26
4333	0.74	74	26
4334	0.74	74	26
4335	0.74	74	26
4336	0.74	74	26
4337	0.74	74	26
4338	0.75	75	25
4339	0.75	75	25
4340	0.74	74	26
4341	0.75	75	25
4342	0.75	75	25
4343	0.76	76	24
4344	0.76	76	24
4345	0.77	77	23
4346	0.77	77	23
4347	0.77	77	23
4348	0.77	77	23
4349	0.76	76	24
4350	0.76	76	24
4351	0.76	76	24
4352	0.76	76	24
4353	0.77	77	23
4354	0.77	77	23
4355	0.77	77	23
4356	0.76	76	24
4357	0.76	76	24
4358	0.76	76	24
4359	0.76	76	24
4360	0.76	76	24
4361	0.76	76	24
4362	0.76	76	24
4363	0.77	77	23
4364	0.77	77	23
4365	0.77	77	23
4366	0.78	78	22
4367	0.78	78	22
4368	0.78	78	22
4369	0.78	78	22
4370	0.77	77	23
4371	0.77	77	23
4372	0.77	77	23
4373	0.77	77	23
4374	0.77	77	23
4375	0.77	77	23
4376	0.77	77	23
4377	0.78	78	22
4378	0.79	79	21
4379	0.80	80	20
4380	0.79	79	21
4381	0.79	79	21
4382	0.80	80	20
4383	0.80	80	20
4384	0.80	80	20
4385	0.80	80	20
4386	0.80	80	20
4387	0.81	81	19
4388	0.80	80	20
4389	0.80	80	20
4390	0.81	81	19
4391	0.80	80	20
4392	0.81	81	19
4393	0.81	81	19
4394	0.81	81	19
4395	0.82	82	18
4396	0.82	82	18
4397	0.82	82	18
4398	0.82	82	18
4399	0.82	82	18
4400	0.82	82	18
4401	0.82	82	18
4402	0.83	83	17
4403	0.83	83	17
4404	0.83	83	17
4405	0.83	83	17
4406	0.83	83	17
4407	0.83	83	17
4408	0.83	83	17
4409	0.84	84	16
4410	0.85	85	15
4411	0.84	84	16
4412	0.84	84	16
4413	0.84	84	16
4414	0.84	84	16
4415	0.85	85	15
4416	0.85	85	15
4417	0.86	86	14
4418	0.86	86	14
4419	0.86	86	14
4420	0.85	85	15
4421	0.85	85	15
4422	0.86	86	14
4423	0.86	86	14
4424	0.86	86	14
4425	0.87	87	13
4426	0.87	87	13
4427	0.87	87	13
4428	0.87	87	13
4429	0.87	87	13
4430	0.87	87	13
4431	0.87	87	13
4432	0.88	88	12
4433	0.88	88	12
4434	0.88	88	12
4435	0.87	87	13
4436	0.87	87	13
4437	0.87	87	13
4438	0.86	86	14
4439	0.86	86	14
4440	0.86	86	14
4441	0.85	85	15
4442	0.85	85	15
4443	0.85	85	15
4444	0.84	84	16
4445	0.84	84	16
4446	0.84	84	16
4447	0.83	83	17
4448	0.82	82	18
4449	0.82	82	18
4450	0.82	82	18
4451	0.81	81	19
4452	0.81	81	19
4453	0.81	81	19
4454	0.81	81	19
4455	0.81	81	19
4456	0.82	82	18
4457	0.83	83	17
4458	0.82	82	18
4459	0.82	82	18
4460	0.82	82	18
4461	0.81	81	19
4462	0.81	81	19
4463	0.81	81	19
4464	0.81	81	19
4465	0.81	81	19
4466	0.81	81	19
4467	0.81	81	19
4468	0.81	81	19
4469	0.81	81	19
4470	0.82	82	18
4471	0.82	82	18
4472	0.81	81	19
4473	0.80	80	20
4474	0.80	80	20
4475	0.79	79	21
4476	0.79	79	21
4477	0.79	79	21
4478	0.78	78	22
4479	0.77	77	23
4480	0.78	78	22
4481	0.78	78	22
4482	0.78	78	22
4483	0.77	77	23
4484	0.77	77	23
4485	0.77	77	23
4486	0.76	76	24
4487	0.75	75	25
4488	0.76	76	24
4489	0.76	76	24
4490	0.76	76	24
4491	0.77	77	23
4492	0.77	77	23
4493	0.77	77	23
4494	0.77	77	23
4495	0.77	77	23
4496	0.76	76	24
4497	0.76	76	24
4498	0.75	75	25
4499	0.75	75	25
4500	0.75	75	25
4501	0.75	75	25
4502	0.74	74	26
4503	0.74	74	26
4504	0.74	74	26
4505	0.74	74	26
4506	0.74	74	26
4507	0.74	74	26
4508	0.74	74	26
4509	0.74	74	26
4510	0.74	74	26
4511	0.75	75	25
4512	0.74	74	26
4513	0.74	74	26
4514	0.74	74	26
4515	0.74	74	26
4516	0.74	74	26
4517	0.73	73	27
4518	0.72	72	28
4519	0.72	72	28
4520	0.73	73	27
4521	0.73	73	27
4522	0.73	73	27
4523	0.73	73	27
4524	0.72	72	28
4525	0.72	72	28
4526	0.72	72	28
4527	0.72	72	28
4528	0.72	72	28
4529	0.71	71	29
4530	0.70	70	30
4531	0.70	70	30
4532	0.70	70	30
4533	0.70	70	30
4534	0.71	71	29
4535	0.72	72	28
4536	0.72	72	28
4537	0.73	73	27
4538	0.73	73	27
4539	0.73	73	27
4540	0.74	74	26
4541	0.75	75	25
4542	0.75	75	25
4543	0.74	74	26
4544	0.75	75	25
4545	0.75	75	25
4546	0.74	74	26
4547	0.75	75	25
4548	0.76	76	24
4549	0.77	77	23
4550	0.77	77	23
4551	0.78	78	22
4552	0.77	77	23
4553	0.77	77	23
4554	0.76	76	24
4555	0.76	76	24
4556	0.76	76	24
4557	0.76	76	24
4558	0.76	76	24
4559	0.75	75	25
4560	0.75	75	25
4561	0.76	76	24
4562	0.75	75	25
4563	0.74	74	26
4564	0.74	74	26
4565	0.73	73	27
4566	0.72	72	28
4567	0.72	72	28
4568	0.72	72	28
4569	0.71	71	29
4570	0.71	71	29
4571	0.71	71	29
4572	0.72	72	28
4573	0.73	73	27
4574	0.73	73	27
4575	0.73	73	27
4576	0.73	73	27
4577	0.73	73	27
4578	0.74	74	26
4579	0.75	75	25
4580	0.75	75	25
4581	0.75	75	25
4582	0.75	75	25
4583	0.75	75	25
4584	0.75	75	25
4585	0.75	75	25
4586	0.75	75	25
4587	0.76	76	24
4588	0.76	76	24
4589	0.76	76	24
4590	0.76	76	24
4591	0.76	76	24
4592	0.76	76	24
4593	0.76	76	24
4594	0.76	76	24
4595	0.76	76	24
4596	0.76	76	24
4597	0.75	75	25
4598	0.75	75	25
4599	0.75	75	25
4600	0.75	75	25
4601	0.74	74	26
4602	0.75	75	25
4603	0.74	74	26
4604	0.74	74	26
4605	0.74	74	26
4606	0.74	74	26
4607	0.74	74	26
4608	0.74	74	26
4609	0.74	74	26
4610	0.73	73	27
4611	0.72	72	28
4612	0.73	73	27
4613	0.73	73	27
4614	0.73	73	27
4615	0.72	72	28
4616	0.71	71	29
4617	0.71	71	29
4618	0.72	72	28
4619	0.72	72	28
4620	0.72	72	28
4621	0.72	72	28
4622	0.72	72	28
4623	0.72	72	28
4624	0.73	73	27
4625	0.73	73	27
4626	0.73	73	27
4627	0.73	73	27
4628	0.73	73	27
4629	0.74	74	26
4630	0.74	74	26
4631	0.74	74	26
4632	0.74	74	26
4633	0.74	74	26
4634	0.74	74	26
4635	0.74	74	26
4636	0.74	74	26
4637	0.74	74	26
4638	0.75	75	25
4639	0.75	75	25
4640	0.75	75	25
4641	0.74	74	26
4642	0.73	73	27
4643	0.74	74	26
4644	0.74	74	26
4645	0.74	74	26
4646	0.75	75	25
4647	0.75	75	25
4648	0.75	75	25
4649	0.75	75	25
4650	0.75	75	25
4651	0.75	75	25
4652	0.76	76	24
4653	0.76	76	24
4654	0.77	77	23
4655	0.77	77	23
4656	0.77	77	23
4657	0.77	77	23
4658	0.78	78	22
4659	0.79	79	21
4660	0.79	79	21
4661	0.79	79	21
4662	0.80	80	20
4663	0.81	81	19
4664	0.81	81	19
4665	0.81	81	19
4666	0.82	82	18
4667	0.82	82	18
4668	0.82	82	18
4669	0.83	83	17
4670	0.82	82	18
4671	0.82	82	18
4672	0.82	82	18
4673	0.82	82	18
4674	0.81	81	19
4675	0.81	81	19
4676	0.80	80	20
4677	0.80	80	20
4678	0.80	80	20
4679	0.80	80	20
4680	0.80	80	20
4681	0.79	79	21
4682	0.79	79	21
4683	0.80	80	20
4684	0.80	80	20
4685	0.80	80	20
4686	0.81	81	19
4687	0.81	81	19
4688	0.81	81	19
4689	0.81	81	19
4690	0.81	81	19
4691	0.81	81	19
4692	0.81	81	19
4693	0.81	81	19
4694	0.81	81	19
4695	0.81	81	19
4696	0.82	82	18
4697	0.82	82	18
4698	0.83	83	17
4699	0.83	83	17
4700	0.83	83	17
4701	0.84	84	16
4702	0.84	84	16
4703	0.85	85	15
4704	0.85	85	15
4705	0.85	85	15
4706	0.84	84	16
4707	0.83	83	17
4708	0.83	83	17
4709	0.83	83	17
4710	0.84	84	16
4711	0.85	85	15
4712	0.84	84	16
4713	0.84	84	16
4714	0.84	84	16
4715	0.85	85	15
4716	0.86	86	14
4717	0.87	87	13
4718	0.87	87	13
4719	0.86	86	14
4720	0.85	85	15
4721	0.84	84	16
4722	0.83	83	17
4723	0.82	82	18
4724	0.82	82	18
4725	0.82	82	18
4726	0.82	82	18
4727	0.82	82	18
4728	0.82	82	18
4729	0.81	81	19
4730	0.82	82	18
4731	0.81	81	19
4732	0.81	81	19
4733	0.81	81	19
4734	0.80	80	20
4735	0.79	79	21
4736	0.79	79	21
4737	0.79	79	21
4738	0.78	78	22
4739	0.78	78	22
4740	0.78	78	22
4741	0.79	79	21
4742	0.80	80	20
4743	0.80	80	20
4744	0.80	80	20
4745	0.80	80	20
4746	0.80	80	20
4747	0.80	80	20
4748	0.80	80	20
4749	0.80	80	20
4750	0.79	79	21
4751	0.78	78	22
4752	0.78	78	22
4753	0.77	77	23
4754	0.77	77	23
4755	0.76	76	24
4756	0.75	75	25
4757	0.75	75	25
4758	0.75	75	25
4759	0.75	75	25
4760	0.75	75	25
4761	0.75	75	25
4762	0.75	75	25
4763	0.75	75	25
4764	0.75	75	25
4765	0.76	76	24
4766	0.76	76	24
4767	0.76	76	24
4768	0.76	76	24
4769	0.76	76	24
4770	0.77	77	23
4771	0.77	77	23
4772	0.76	76	24
4773	0.76	76	24
4774	0.77	77	23
4775	0.78	78	22
4776	0.79	79	21
4777	0.79	79	21
4778	0.79	79	21
4779	0.79	79	21
4780	0.79	79	21
4781	0.80	80	20
4782	0.79	79	21
4783	0.78	78	22
4784	0.78	78	22
4785	0.77	77	23
4786	0.77	77	23
4787	0.77	77	23
4788	0.77	77	23
4789	0.77	77	23
4790	0.77	77	23
4791	0.77	77	23
4792	0.77	77	23
4793	0.76	76	24
4794	0.76	76	24
4795	0.76	76	24
4796	0.76	76	24
4797	0.77	77	23
4798	0.77	77	23
4799	0.77	77	23
4800	0.76	76	24
4801	0.76	76	24
4802	0.76	76	24
4803	0.76	76	24
4804	0.76	76	24
4805	0.76	76	24
4806	0.77	77	23
4807	0.78	78	22
4808	0.78	78	22
4809	0.78	78	22
4810	0.77	77	23
4811	0.77	77	23
4812	0.77	77	23
4813	0.76	76	24
4814	0.75	75	25
4815	0.75	75	25
4816	0.74	74	26
4817	0.74	74	26
4818	0.73	73	27
4819	0.73	73	27
4820	0.74	74	26
4821	0.75	75	25
4822	0.76	76	24
4823	0.76	76	24
4824	0.76	76	24
4825	0.76	76	24
4826	0.75	75	25
4827	0.75	75	25
4828	0.75	75	25
4829	0.75	75	25
4830	0.75	75	25
4831	0.75	75	25
4832	0.74	74	26
4833	0.74	74	26
4834	0.75	75	25
4835	0.76	76	24
4836	0.76	76	24
4837	0.76	76	24
4838	0.76	76	24
4839	0.76	76	24
4840	0.76	76	24
4841	0.76	76	24
4842	0.75	75	25
4843	0.75	75	25
4844	0.74	74	26
4845	0.74	74	26
4846	0.74	74	26
4847	0.74	74	26
4848	0.74	74	26
4849	0.74	74	26
4850	0.74	74	26
4851	0.74	74	26
4852	0.74	74	26
4853	0.75	75	25
4854	0.75	75	25
4855	0.76	76	24
4856	0.77	77	23
4857	0.77	77	23
4858	0.77	77	23
4859	0.77	77	23
4860	0.77	77	23
4861	0.77	77	23
4862	0.77	77	23
4863	0.77	77	23
4864	0.77	77	23
4865	0.77	77	23
4866	0.77	77	23
4867	0.77	77	23
4868	0.77	77	23
4869	0.77	77	23
4870	0.77	77	23
4871	0.76	76	24
4872	0.77	77	23
4873	0.77	77	23
4874	0.77	77	23
4875	0.77	77	23
4876	0.77	77	23
4877	0.77	77	23
4878	0.77	77	23
4879	0.77	77	23
4880	0.77	77	23
4881	0.77	77	23
4882	0.77	77	23
4883	0.78	78	22
4884	0.78	78	22
4885	0.79	79	21
4886	0.78	78	22
4887	0.78	78	22
4888	0.78	78	22
4889	0.78	78	22
4890	0.77	77	23
4891	0.77	77	23
4892	0.77	77	23
4893	0.78	78	22
4894	0.78	78	22
4895	0.78	78	22
4896	0.78	78	22
4897	0.78	78	22
4898	0.77	77	23
4899	0.77	77	23
4900	0.78	78	22
4901	0.77	77	23
4902	0.76	76	24
4903	0.76	76	24
4904	0.76	76	24
4905	0.76	76	24
4906	0.76	76	24
4907	0.76	76	24
4908	0.76	76	24
4909	0.75	75	25
4910	0.76	76	24
4911	0.75	75	25
4912	0.75	75	25
4913	0.76	76	24
4914	0.76	76	24
4915	0.76	76	24
4916	0.77	77	23
4917	0.77	77	23
4918	0.78	78	22
4919	0.79	79	21
4920	0.79	79	21
4921	0.79	79	21
4922	0.79	79	21
4923	0.80	80	20
4924	0.80	80	20
4925	0.79	79	21
4926	0.80	80	20
4927	0.80	80	20
4928	0.79	79	21
4929	0.80	80	20
4930	0.80	80	20
4931	0.81	81	19
4932	0.82	82	18
4933	0.82	82	18
4934	0.82	82	18
4935	0.82	82	18
4936	0.82	82	18
4937	0.82	82	18
4938	0.83	83	17
4939	0.82	82	18
4940	0.82	82	18
4941	0.81	81	19
4942	0.82	82	18
4943	0.82	82	18
4944	0.82	82	18
4945	0.82	82	18
4946	0.82	82	18
4947	0.82	82	18
4948	0.82	82	18
4949	0.82	82	18
4950	0.83	83	17
4951	0.84	84	16
4952	0.84	84	16
4953	0.83	83	17
4954	0.82	82	18
4955	0.82	82	18
4956	0.82	82	18
4957	0.82	82	18
4958	0.82	82	18
4959	0.82	82	18
4960	0.82	82	18
4961	0.81	81	19
4962	0.81	81	19
4963	0.80	80	20
4964	0.80	80	20
4965	0.79	79	21
4966	0.79	79	21
4967	0.79	79	21
4968	0.78	78	22
4969	0.78	78	22
4970	0.77	77	23
4971	0.78	78	22
4972	0.78	78	22
4973	0.78	78	22
4974	0.78	78	22
4975	0.78	78	22
4976	0.78	78	22
4977	0.77	77	23
4978	0.76	76	24
4979	0.76	76	24
4980	0.76	76	24
4981	0.75	75	25
4982	0.76	76	24
4983	0.76	76	24
4984	0.76	76	24
4985	0.76	76	24
4986	0.77	77	23
4987	0.77	77	23
4988	0.77	77	23
4989	0.77	77	23
4990	0.78	78	22
4991	0.77	77	23
4992	0.77	77	23
4993	0.76	76	24
4994	0.76	76	24
4995	0.76	76	24
4996	0.76	76	24
4997	0.76	76	24
4998	0.77	77	23
4999	0.77	77	23
5000	0.23	77	23
5001	0.23	77	23
5002	0.23	77	23
5003	0.24	76	24
5004	0.25	75	25
5005	0.25	75	25
5006	0.26	74	26
5007	0.27	73	27
5008	0.28	72	28
5009	0.28	72	28
5010	0.29	71	29
5011	0.28	72	28
5012	0.28	72	28
5013	0.28	72	28
5014	0.28	72	28
5015	0.29	71	29
5016	0.29	71	29
5017	0.29	71	29
5018	0.30	70	30
5019	0.30	70	30
5020	0.31	69	31
5021	0.32	68	32
5022	0.32	68	32
5023	0.33	67	33
5024	0.33	67	33
5025	0.32	68	32
5026	0.33	67	33
5027	0.34	66	34
5028	0.34	66	34
5029	0.35	65	35
5030	0.36	64	36
5031	0.37	63	37
5032	0.37	63	37
5033	0.38	62	38
5034	0.39	61	39
5035	0.40	60	40
5036	0.40	60	40
5037	0.41	59	41
5038	0.42	58	42
5039	0.42	58	42
5040	0.43	57	43
5041	0.42	58	42
5042	0.42	58	42
5043	0.42	58	42
5044	0.41	59	41
5045	0.41	59	41
5046	0.41	59	41
5047	0.42	58	42
5048	0.43	57	43
5049	0.44	56	44
5050	0.45	55	45
5051	0.46	54	46
5052	0.47	53	47
5053	0.47	53	47
5054	0.47	53	47
5055	0.47	53	47
5056	0.47	53	47
5057	0.48	52	48
5058	0.49	51	49
5059	0.49	51	49
5060	0.50	50	50
5061	0.50	50	50
5062	0.50	50	50
5063	0.50	50	50
5064	0.51	49	51
5065	0.51	49	51
5066	0.52	48	52
5067	0.53	47	53
5068	0.53	47	53
5069	0.54	46	54
5070	0.54	46	54
5071	0.55	45	55
5072	0.56	44	56
5073	0.57	43	57
5074	0.57	43	57
5075	0.58	42	58
5076	0.59	41	59
5077	0.59	41	59
5078	0.59	41	59
5079	0.60	40	60
5080	0.61	39	61
5081	0.61	39	61
5082	0.62	38	62
5083	0.63	37	63
5084	0.64	36	64
5085	0.65	35	65
5086	0.66	34	66
5087	0.66	34	66
5088	0.67	33	67
5089	0.68	32	68
5090	0.69	31	69
5091	0.69	31	69
5092	0.70	30	70
5093	0.70	30	70
5094	0.71	29	71
5095	0.72	28	72
5096	0.73	27	73
5097	0.73	27	73
5098	0.74	26	74
5099	0.75	25	75
5100	0.76	24	76
5101	0.76	24	76
5102	0.76	24	76
5103	0.75	25	75
5104	0.75	25	75
5105	0.76	24	76
5106	0.76	24	76
5107	0.76	24	76
5108	0.76	24	76
5109	0.76	24	76
5110	0.76	24	76
5111	0.77	23	77
5112	0.77	23	77
5113	0.77	23	77
5114	0.76	24	76
5115	0.76	24	76
5116	0.76	24	76
5117	0.76	24	76
5118	0.76	24	76
5119	0.77	23	77
5120	0.77	23	77
5121	0.77	23	77
5122	0.78	22	78
5123	0.78	22	78
5124	0.79	21	79
5125	0.80	20	80
5126	0.80	20	80
5127	0.79	21	79
5128	0.79	21	79
5129	0.79	21	79
5130	0.78	22	78
5131	0.78	22	78
5132	0.79	21	79
5133	0.79	21	79
5134	0.78	22	78
5135	0.78	22	78
5136	0.79	21	79
5137	0.79	21	79
5138	0.79	21	79
5139	0.78	22	78
5140	0.78	22	78
5141	0.78	22	78
5142	0.79	21	79
5143	0.79	21	79
5144	0.80	20	80
5145	0.81	19	81
5146	0.82	18	82
5147	0.82	18	82
5148	0.81	19	81
5149	0.81	19	81
5150	0.80	20	80
5151	0.80	20	80
5152	0.80	20	80
5153	0.80	20	80
5154	0.79	21	79
5155	0.80	20	80
5156	0.81	19	81
5157	0.80	20	80
5158	0.80	20	80
5159	0.80	20	80
5160	0.80	20	80
5161	0.80	20	80
5162	0.81	19	81
5163	0.80	20	80
5164	0.80	20	80
5165	0.80	20	80
5166	0.79	21	79
5167	0.79	21	79
5168	0.78	22	78
5169	0.78	22	78
5170	0.78	22	78
5171	0.78	22	78
5172	0.78	22	78
5173	0.78	22	78
5174	0.79	21	79
5175	0.79	21	79
5176	0.79	21	79
5177	0.79	21	79
5178	0.79	21	79
5179	0.79	21	79
5180	0.79	21	79
5181	0.79	21	79
5182	0.79	21	79
5183	0.79	21	79
5184	0.79	21	79
5185	0.79	21	79
5186	0.79	21	79
5187	0.80	20	80
5188	0.80	20	80
5189	0.80	20	80
5190	0.80	20	80
5191	0.80	20	80
5192	0.80	20	80
5193	0.80	20	80
5194	0.80	20	80
5195	0.80	20	80
5196	0.80	20	80
5197	0.80	20	80
5198	0.80	20	80
5199	0.80	20	80
5200	0.80	20	80
5201	0.80	20	80
5202	0.80	20	80
5203	0.81	19	81
5204	0.81	19	81
5205	0.81	19	81
5206	0.81	19	81
5207	0.81	19	81
5208	0.81	19	81
5209	0.81	19	81
5210	0.81	19	81
5211	0.80	20	80
5212	0.80	20	80
5213	0.81	19	81
5214	0.82	18	82
5215	0.82	18	82
5216	0.83	17	83
5217	0.84	16	84
5218	0.84	16	84
5219	0.84	16	84
5220	0.84	16	84
5221	0.84	16	84
5222	0.83	17	83
5223	0.83	17	83
5224	0.82	18	82
5225	0.82	18	82
5226	0.82	18	82
5227	0.83	17	83
5228	0.83	17	83
5229	0.82	18	82
5230	0.83	17	83
5231	0.83	17	83
5232	0.83	17	83
5233	0.83	17	83
5234	0.84	16	84
5235	0.83	17	83
5236	0.82	18	82
5237	0.82	18	82
5238	0.82	18	82
5239	0.83	17	83
5240	0.83	17	83
5241	0.83	17	83
5242	0.83	17	83
5243	0.83	17	83
5244	0.83	17	83
5245	0.83	17	83
5246	0.82	18	82
5247	0.82	18	82
5248	0.83	17	83
5249	0.83	17	83
5250	0.84	16	84
5251	0.83	17	83
5252	0.83	17	83
5253	0.83	17	83
5254	0.84	16	84
5255	0.84	16	84
5256	0.84	16	84
5257	0.85	15	85
5258	0.85	15	85
5259	0.86	14	86
5260	0.86	14	86
5261	0.86	14	86
5262	0.86	14	86
5263	0.87	13	87
5264	0.87	13	87
5265	0.87	13	87
5266	0.88	12	88
5267	0.88	12	88
5268	0.89	11	89
5269	0.89	11	89
5270	0.89	11	89
5271	0.89	11	89
5272	0.89	11	89
5273	0.89	11	89
5274	0.88	12	88
5275	0.87	13	87
5276	0.87	13	87
5277	0.87	13	87
5278	0.86	14	86
5279	0.86	14	86
5280	0.86	14	86
5281	0.86	14	86
5282	0.86	14	86
5283	0.86	14	86
5284	0.86	14	86
5285	0.86	14	86
5286	0.85	15	85
5287	0.85	15	85
5288	0.84	16	84
5289	0.83	17	83
5290	0.83	17	83
5291	0.83	17	83
5292	0.83	17	83
5293	0.83	17	83
5294	0.83	17	83
5295	0.83	17	83
5296	0.82	18	82
5297	0.83	17	83
5298	0.82	18	82
5299	0.82	18	82
5300	0.82	18	82
5301	0.82	18	82
5302	0.81	19	81
5303	0.81	19	81
5304	0.80	20	80
5305	0.80	20	80
5306	0.79	21	79
5307	0.79	21	79
5308	0.79	21	79
5309	0.79	21	79
5310	0.78	22	78
5311	0.79	21	79
5312	0.79	21	79
5313	0.78	22	78
5314	0.78	22	78
5315	0.78	22	78
5316	0.78	22	78
5317	0.78	22	78
5318	0.78	22	78
5319	0.78	22	78
5320	0.78	22	78
5321	0.78	22	78
5322	0.79	21	79
5323	0.79	21	79
5324	0.80	20	80
5325	0.80	20	80
5326	0.79	21	79
5327	0.79	21	79
5328	0.79	21	79
5329	0.80	20	80
5330	0.80	20	80
5331	0.79	21	79
5332	0.79	21	79
5333	0.78	22	78
5334	0.78	22	78
5335	0.78	22	78
5336	0.79	21	79
5337	0.79	21	79
5338	0.79	21	79
5339	0.79	21	79
5340	0.78	22	78
5341	0.79	21	79
5342	0.79	21	79
5343	0.80	20	80
5344	0.80	20	80
5345	0.79	21	79
5346	0.80	20	80
5347	0.80	20	80
5348	0.80	20	80
5349	0.80	20	80
5350	0.80	20	80
5351	0.81	19	81
5352	0.81	19	81
5353	0.81	19	81
5354	0.80	20	80
5355	0.80	20	80
5356	0.79	21	79
5357	0.79	21	79
5358	0.79	21	79
5359	0.79	21	79
5360	0.79	21	79
5361	0.78	22	78
5362	0.77	23	77
5363	0.77	23	77
5364	0.77	23	77
5365	0.76	24	76
5366	0.76	24	76
5367	0.76	24	76
5368	0.76	24	76
5369	0.76	24	76
5370	0.75	25	75
5371	0.74	26	74
5372	0.74	26	74
5373	0.74	26	74
5374	0.75	25	75
5375	0.76	24	76
5376	0.75	25	75
5377	0.75	25	75
5378	0.76	24	76
5379	0.76	24	76
5380	0.76	24	76
5381	0.76	24	76
5382	0.76	24	76
5383	0.75	25	75
5384	0.74	26	74
5385	0.74	26	74
5386	0.75	25	75
5387	0.75	25	75
5388	0.76	24	76
5389	0.76	24	76
5390	0.76	24	76
5391	0.75	25	75
5392	0.75	25	75
5393	0.75	25	75
5394	0.75	25	75
5395	0.75	25	75
5396	0.76	24	76
5397	0.75	25	75
5398	0.76	24	76
5399	0.76	24	76
5400	0.76	24	76
5401	0.76	24	76
5402	0.77	23	77
5403	0.77	23	77
5404	0.78	22	78
5405	0.78	22	78
5406	0.79	21	79
5407	0.79	21	79
5408	0.79	21	79
5409	0.78	22	78
5410	0.79	21	79
5411	0.79	21	79
5412	0.79	21	79
5413	0.79	21	79
5414	0.79	21	79
5415	0.79	21	79
5416	0.78	22	78
5417	0.78	22	78
5418	0.78	22	78
5419	0.78	22	78
5420	0.78	22	78
5421	0.78	22	78
5422	0.78	22	78
5423	0.78	22	78
5424	0.78	22	78
5425	0.78	22	78
5426	0.79	21	79
5427	0.79	21	79
5428	0.79	21	79
5429	0.79	21	79
5430	0.79	21	79
5431	0.80	20	80
5432	0.79	21	79
5433	0.80	20	80
5434	0.80	20	80
5435	0.81	19	81
5436	0.81	19	81
5437	0.81	19	81
5438	0.80	20	80
5439	0.79	21	79
5440	0.80	20	80
5441	0.79	21	79
5442	0.79	21	79
5443	0.78	22	78
5444	0.78	22	78
5445	0.79	21	79
5446	0.79	21	79
5447	0.78	22	78
5448	0.78	22	78
5449	0.78	22	78
5450	0.78	22	78
5451	0.78	22	78
5452	0.78	22	78
5453	0.78	22	78
5454	0.79	21	79
5455	0.79	21	79
5456	0.80	20	80
5457	0.80	20	80
5458	0.80	20	80
5459	0.80	20	80
5460	0.79	21	79
5461	0.80	20	80
5462	0.81	19	81
5463	0.81	19	81
5464	0.81	19	81
5465	0.82	18	82
5466	0.82	18	82
5467	0.82	18	82
5468	0.82	18	82
5469	0.82	18	82
5470	0.83	17	83
5471	0.84	16	84
5472	0.84	16	84
5473	0.84	16	84
5474	0.84	16	84
5475	0.84	16	84
5476	0.85	15	85
5477	0.85	15	85
5478	0.85	15	85
5479	0.85	15	85
5480	0.85	15	85
5481	0.85	15	85
5482	0.85	15	85
5483	0.86	14	86
5484	0.87	13	87
5485	0.87	13	87
5486	0.86	14	86
5487	0.86	14	86
5488	0.85	15	85
5489	0.86	14	86
5490	0.86	14	86
5491	0.87	13	87
5492	0.87	13	87
5493	0.87	13	87
5494	0.87	13	87
5495	0.87	13	87
5496	0.87	13	87
5497	0.87	13	87
5498	0.87	13	87
5499	0.86	14	86
5500	0.86	14	86
5501	0.86	14	86
5502	0.86	14	86
5503	0.86	14	86
5504	0.86	14	86
5505	0.86	14	86
5506	0.85	15	85
5507	0.84	16	84
5508	0.84	16	84
5509	0.84	16	84
5510	0.84	16	84
5511	0.84	16	84
5512	0.84	16	84
5513	0.85	15	85
5514	0.85	15	85
5515	0.84	16	84
5516	0.85	15	85
5517	0.85	15	85
5518	0.85	15	85
5519	0.84	16	84
5520	0.84	16	84
5521	0.84	16	84
5522	0.84	16	84
5523	0.84	16	84
5524	0.84	16	84
5525	0.84	16	84
5526	0.84	16	84
5527	0.84	16	84
5528	0.84	16	84
5529	0.84	16	84
5530	0.84	16	84
5531	0.84	16	84
5532	0.85	15	85
5533	0.85	15	85
5534	0.85	15	85
5535	0.85	15	85
5536	0.85	15	85
5537	0.84	16	84
5538	0.85	15	85
5539	0.86	14	86
5540	0.86	14	86
5541	0.87	13	87
5542	0.87	13	87
5543	0.87	13	87
5544	0.87	13	87
5545	0.87	13	87
5546	0.87	13	87
5547	0.88	12	88
5548	0.87	13	87
5549	0.87	13	87
5550	0.87	13	87
5551	0.87	13	87
5552	0.87	13	87
5553	0.87	13	87
5554	0.86	14	86
5555	0.86	14	86
5556	0.86	14	86
5557	0.86	14	86
5558	0.86	14	86
5559	0.85	15	85
5560	0.86	14	86
5561	0.86	14	86
5562	0.86	14	86
5563	0.86	14	86
5564	0.86	14	86
5565	0.85	15	85
5566	0.85	15	85
5567	0.85	15	85
5568	0.85	15	85
5569	0.85	15	85
5570	0.85	15	85
5571	0.84	16	84
5572	0.83	17	83
5573	0.83	17	83
5574	0.83	17	83
5575	0.83	17	83
5576	0.83	17	83
5577	0.83	17	83
5578	0.83	17	83
5579	0.83	17	83
5580	0.83	17	83
5581	0.83	17	83
5582	0.83	17	83
5583	0.83	17	83
5584	0.82	18	82
5585	0.81	19	81
5586	0.82	18	82
5587	0.81	19	81
5588	0.82	18	82
5589	0.82	18	82
5590	0.82	18	82
5591	0.82	18	82
5592	0.82	18	82
5593	0.82	18	82
5594	0.82	18	82
5595	0.82	18	82
5596	0.81	19	81
5597	0.82	18	82
5598	0.82	18	82
5599	0.83	17	83
5600	0.83	17	83
5601	0.83	17	83
5602	0.83	17	83
5603	0.83	17	83
5604	0.83	17	83
5605	0.83	17	83
5606	0.84	16	84
5607	0.85	15	85
5608	0.85	15	85
5609	0.86	14	86
5610	0.85	15	85
5611	0.85	15	85
5612	0.84	16	84
5613	0.83	17	83
5614	0.83	17	83
5615	0.84	16	84
5616	0.84	16	84
5617	0.83	17	83
5618	0.82	18	82
5619	0.83	17	83
5620	0.83	17	83
5621	0.83	17	83
5622	0.83	17	83
5623	0.83	17	83
5624	0.83	17	83
5625	0.83	17	83
5626	0.82	18	82
5627	0.82	18	82
5628	0.82	18	82
5629	0.82	18	82
5630	0.82	18	82
5631	0.81	19	81
5632	0.81	19	81
5633	0.81	19	81
5634	0.81	19	81
5635	0.81	19	81
5636	0.81	19	81
5637	0.81	19	81
5638	0.80	20	80
5639	0.79	21	79
5640	0.79	21	79
5641	0.79	21	79
5642	0.79	21	79
5643	0.80	20	80
5644	0.80	20	80
5645	0.80	20	80
5646	0.80	20	80
5647	0.79	21	79
5648	0.80	20	80
5649	0.80	20	80
5650	0.80	20	80
5651	0.80	20	80
5652	0.80	20	80
5653	0.80	20	80
5654	0.81	19	81
5655	0.81	19	81
5656	0.81	19	81
5657	0.81	19	81
5658	0.81	19	81
5659	0.82	18	82
5660	0.82	18	82
5661	0.81	19	81
5662	0.80	20	80
5663	0.79	21	79
5664	0.78	22	78
5665	0.79	21	79
5666	0.79	21	79
5667	0.79	21	79
5668	0.79	21	79
5669	0.79	21	79
5670	0.78	22	78
5671	0.79	21	79
5672	0.80	20	80
5673	0.80	20	80
5674	0.80	20	80
5675	0.80	20	80
5676	0.80	20	80
5677	0.80	20	80
5678	0.80	20	80
5679	0.80	20	80
5680	0.80	20	80
5681	0.79	21	79
5682	0.79	21	79
5683	0.79	21	79
5684	0.80	20	80
5685	0.81	19	81
5686	0.80	20	80
5687	0.81	19	81
5688	0.81	19	81
5689	0.80	20	80
5690	0.80	20	80
5691	0.80	20	80
5692	0.80	20	80
5693	0.80	20	80
5694	0.80	20	80
5695	0.79	21	79
5696	0.80	20	80
5697	0.80	20	80
5698	0.80	20	80
5699	0.80	20	80
5700	0.79	21	79
5701	0.78	22	78
5702	0.77	23	77
5703	0.77	23	77
5704	0.77	23	77
5705	0.77	23	77
5706	0.77	23	77
5707	0.76	24	76
5708	0.75	25	75
5709	0.75	25	75
5710	0.76	24	76
5711	0.76	24	76
5712	0.77	23	77
5713	0.78	22	78
5714	0.78	22	78
5715	0.77	23	77
5716	0.77	23	77
5717	0.78	22	78
5718	0.79	21	79
5719	0.79	21	79
5720	0.79	21	79
5721	0.79	21	79
5722	0.78	22	78
5723	0.78	22	78
5724	0.78	22	78
5725	0.78	22	78
5726	0.79	21	79
5727	0.79	21	79
5728	0.79	21	79
5729	0.78	22	78
5730	0.78	22	78
5731	0.79	21	79
5732	0.79	21	79
5733	0.79	21	79
5734	0.79	21	79
5735	0.79	21	79
5736	0.79	21	79
5737	0.79	21	79
5738	0.80	20	80
5739	0.81	19	81
5740	0.81	19	81
5741	0.81	19	81
5742	0.80	20	80
5743	0.80	20	80
5744	0.79	21	79
5745	0.79	21	79
5746	0.79	21	79
5747	0.80	20	80
5748	0.80	20	80
5749	0.80	20	80
5750	0.80	20	80
5751	0.80	20	80
5752	0.80	20	80
5753	0.80	20	80
5754	0.80	20	80
5755	0.80	20	80
5756	0.80	20	80
5757	0.79	21	79
5758	0.79	21	79
5759	0.79	21	79
5760	0.79	21	79
5761	0.79	21	79
5762	0.80	20	80
5763	0.81	19	81
5764	0.81	19	81
5765	0.81	19	81
5766	0.80	20	80
5767	0.80	20	80
5768	0.80	20	80
5769	0.80	20	80
5770	0.81	19	81
5771	0.80	20	80
5772	0.80	20	80
5773	0.80	20	80
5774	0.80	20	80
5775	0.80	20	80
5776	0.80	20	80
5777	0.80	20	80
5778	0.80	20	80
5779	0.80	20	80
5780	0.80	20	80
5781	0.81	19	81
5782	0.81	19	81
5783	0.81	19	81
5784	0.81	19	81
5785	0.81	19	81
5786	0.82	18	82
5787	0.81	19	81
5788	0.81	19	81
5789	0.81	19	81
5790	0.81	19	81
5791	0.81	19	81
5792	0.81	19	81
5793	0.80	20	80
5794	0.80	20	80
5795	0.81	19	81
5796	0.81	19	81
5797	0.81	19	81
5798	0.81	19	81
5799	0.80	20	80
5800	0.81	19	81
5801	0.81	19	81
5802	0.82	18	82
5803	0.82	18	82
5804	0.82	18	82
5805	0.82	18	82
5806	0.81	19	81
5807	0.82	18	82
5808	0.83	17	83
5809	0.83	17	83
5810	0.83	17	83
5811	0.83	17	83
5812	0.82	18	82
5813	0.82	18	82
5814	0.82	18	82
5815	0.83	17	83
5816	0.83	17	83
5817	0.82	18	82
5818	0.81	19	81
5819	0.80	20	80
5820	0.80	20	80
5821	0.80	20	80
5822	0.81	19	81
5823	0.81	19	81
5824	0.81	19	81
5825	0.81	19	81
5826	0.81	19	81
5827	0.80	20	80
5828	0.80	20	80
5829	0.81	19	81
5830	0.81	19	81
5831	0.80	20	80
5832	0.80	20	80
5833	0.79	21	79
5834	0.79	21	79
5835	0.78	22	78
5836	0.78	22	78
5837	0.79	21	79
5838	0.79	21	79
5839	0.79	21	79
5840	0.79	21	79
5841	0.78	22	78
5842	0.78	22	78
5843	0.77	23	77
5844	0.78	22	78
5845	0.78	22	78
5846	0.78	22	78
5847	0.78	22	78
5848	0.78	22	78
5849	0.78	22	78
5850	0.78	22	78
5851	0.78	22	78
5852	0.78	22	78
5853	0.78	22	78
5854	0.77	23	77
5855	0.77	23	77
5856	0.77	23	77
5857	0.78	22	78
5858	0.78	22	78
5859	0.77	23	77
5860	0.77	23	77
5861	0.78	22	78
5862	0.78	22	78
5863	0.78	22	78
5864	0.78	22	78
5865	0.78	22	78
5866	0.79	21	79
5867	0.79	21	79
5868	0.79	21	79
5869	0.79	21	79
5870	0.78	22	78
5871	0.78	22	78
5872	0.78	22	78
5873	0.78	22	78
5874	0.78	22	78
5875	0.78	22	78
5876	0.78	22	78
5877	0.78	22	78
5878	0.78	22	78
5879	0.78	22	78
5880	0.77	23	77
5881	0.76	24	76
5882	0.76	24	76
5883	0.75	25	75
5884	0.75	25	75
5885	0.75	25	75
5886	0.75	25	75
5887	0.76	24	76
5888	0.75	25	75
5889	0.76	24	76
5890	0.76	24	76
5891	0.76	24	76
5892	0.76	24	76
5893	0.77	23	77
5894	0.76	24	76
5895	0.76	24	76
5896	0.75	25	75
5897	0.74	26	74
5898	0.74	26	74
5899	0.75	25	75
5900	0.75	25	75
5901	0.76	24	76
5902	0.76	24	76
5903	0.76	24	76
5904	0.75	25	75
5905	0.74	26	74
5906	0.75	25	75
5907	0.75	25	75
5908	0.74	26	74
5909	0.74	26	74
5910	0.74	26	74
5911	0.74	26	74
5912	0.75	25	75
5913	0.74	26	74
5914	0.73	27	73
5915	0.73	27	73
5916	0.73	27	73
5917	0.73	27	73
5918	0.74	26	74
5919	0.75	25	75
5920	0.75	25	75
5921	0.74	26	74
5922	0.74	26	74
5923	0.73	27	73
5924	0.73	27	73
5925	0.73	27	73
5926	0.73	27	73
5927	0.74	26	74
5928	0.73	27	73
5929	0.72	28	72
5930	0.72	28	72
5931	0.73	27	73
5932	0.73	27	73
5933	0.73	27	73
5934	0.73	27	73
5935	0.74	26	74
5936	0.73	27	73
5937	0.72	28	72
5938	0.72	28	72
5939	0.72	28	72
5940	0.72	28	72
5941	0.72	28	72
5942	0.72	28	72
5943	0.73	27	73
5944	0.73	27	73
5945	0.72	28	72
5946	0.72	28	72
5947	0.71	29	71
5948	0.71	29	71
5949	0.71	29	71
5950	0.70	30	70
5951	0.70	30	70
5952	0.70	30	70
5953	0.70	30	70
5954	0.70	30	70
5955	0.70	30	70
5956	0.69	31	69
5957	0.68	32	68
5958	0.68	32	68
5959	0.69	31	69
5960	0.69	31	69
5961	0.68	32	68
5962	0.68	32	68
5963	0.68	32	68
5964	0.68	32	68
5965	0.68	32	68
5966	0.67	33	67
5967	0.67	33	67
5968	0.67	33	67
5969	0.67	33	67
5970	0.68	32	68
5971	0.69	31	69
5972	0.69	31	69
5973	0.68	32	68
5974	0.67	33	67
5975	0.67	33	67
5976	0.67	33	67
5977	0.67	33	67
5978	0.67	33	67
5979	0.67	33	67
5980	0.68	32	68
5981	0.68	32	68
5982	0.68	32	68
5983	0.68	32	68
5984	0.68	32	68
5985	0.68	32	68
5986	0.67	33	67
5987	0.67	33	67
5988	0.68	32	68
5989	0.68	32	68
5990	0.67	33	67
5991	0.67	33	67
5992	0.67	33	67
5993	0.67	33	67
5994	0.68	32	68
5995	0.68	32	68
5996	0.68	32	68
5997	0.68	32	68
5998	0.68	32	68
5999	0.68	32	68
