timestep	swarm_quality	color_0	color_1
0	0.70	70	30
1	0.70	70	30
2	0.70	70	30
3	0.70	70	30
4	0.70	70	30
5	0.70	70	30
6	0.70	70	30
7	0.70	70	30
8	0.70	70	30
9	0.70	70	30
10	0.69	69	31
11	0.68	68	32
12	0.68	68	32
13	0.68	68	32
14	0.68	68	32
15	0.68	68	32
16	0.68	68	32
17	0.68	68	32
18	0.68	68	32
19	0.68	68	32
20	0.68	68	32
21	0.68	68	32
22	0.68	68	32
23	0.68	68	32
24	0.68	68	32
25	0.68	68	32
26	0.68	68	32
27	0.67	67	33
28	0.67	67	33
29	0.67	67	33
30	0.67	67	33
31	0.67	67	33
32	0.66	66	34
33	0.66	66	34
34	0.66	66	34
35	0.66	66	34
36	0.66	66	34
37	0.66	66	34
38	0.66	66	34
39	0.66	66	34
40	0.65	65	35
41	0.65	65	35
42	0.65	65	35
43	0.65	65	35
44	0.65	65	35
45	0.65	65	35
46	0.64	64	36
47	0.64	64	36
48	0.64	64	36
49	0.64	64	36
50	0.64	64	36
51	0.63	63	37
52	0.63	63	37
53	0.63	63	37
54	0.63	63	37
55	0.63	63	37
56	0.62	62	38
57	0.62	62	38
58	0.61	61	39
59	0.61	61	39
60	0.61	61	39
61	0.61	61	39
62	0.60	60	40
63	0.60	60	40
64	0.60	60	40
65	0.59	59	41
66	0.59	59	41
67	0.58	58	42
68	0.58	58	42
69	0.58	58	42
70	0.59	59	41
71	0.60	60	40
72	0.60	60	40
73	0.61	61	39
74	0.62	62	38
75	0.63	63	37
76	0.64	64	36
77	0.65	65	35
78	0.66	66	34
79	0.67	67	33
80	0.68	68	32
81	0.69	69	31
82	0.70	70	30
83	0.71	71	29
84	0.71	71	29
85	0.72	72	28
86	0.73	73	27
87	0.74	74	26
88	0.75	75	25
89	0.76	76	24
90	0.77	77	23
91	0.78	78	22
92	0.79	79	21
93	0.80	80	20
94	0.81	81	19
95	0.82	82	18
96	0.83	83	17
97	0.84	84	16
98	0.85	85	15
99	0.86	86	14
100	0.86	86	14
101	0.86	86	14
102	0.86	86	14
103	0.86	86	14
104	0.86	86	14
105	0.86	86	14
106	0.86	86	14
107	0.86	86	14
108	0.86	86	14
109	0.86	86	14
110	0.86	86	14
111	0.86	86	14
112	0.86	86	14
113	0.85	85	15
114	0.84	84	16
115	0.84	84	16
116	0.84	84	16
117	0.84	84	16
118	0.84	84	16
119	0.84	84	16
120	0.84	84	16
121	0.83	83	17
122	0.83	83	17
123	0.83	83	17
124	0.83	83	17
125	0.83	83	17
126	0.83	83	17
127	0.84	84	16
128	0.84	84	16
129	0.84	84	16
130	0.84	84	16
131	0.84	84	16
132	0.85	85	15
133	0.85	85	15
134	0.84	84	16
135	0.84	84	16
136	0.84	84	16
137	0.83	83	17
138	0.83	83	17
139	0.82	82	18
140	0.83	83	17
141	0.83	83	17
142	0.82	82	18
143	0.82	82	18
144	0.82	82	18
145	0.82	82	18
146	0.82	82	18
147	0.82	82	18
148	0.81	81	19
149	0.81	81	19
150	0.81	81	19
151	0.82	82	18
152	0.82	82	18
153	0.82	82	18
154	0.82	82	18
155	0.81	81	19
156	0.81	81	19
157	0.81	81	19
158	0.82	82	18
159	0.81	81	19
160	0.81	81	19
161	0.81	81	19
162	0.82	82	18
163	0.81	81	19
164	0.81	81	19
165	0.82	82	18
166	0.82	82	18
167	0.83	83	17
168	0.83	83	17
169	0.83	83	17
170	0.83	83	17
171	0.83	83	17
172	0.84	84	16
173	0.84	84	16
174	0.84	84	16
175	0.84	84	16
176	0.84	84	16
177	0.84	84	16
178	0.84	84	16
179	0.83	83	17
180	0.83	83	17
181	0.83	83	17
182	0.82	82	18
183	0.81	81	19
184	0.82	82	18
185	0.82	82	18
186	0.81	81	19
187	0.81	81	19
188	0.80	80	20
189	0.80	80	20
190	0.80	80	20
191	0.80	80	20
192	0.80	80	20
193	0.79	79	21
194	0.79	79	21
195	0.79	79	21
196	0.78	78	22
197	0.78	78	22
198	0.77	77	23
199	0.77	77	23
200	0.76	76	24
201	0.76	76	24
202	0.76	76	24
203	0.76	76	24
204	0.76	76	24
205	0.76	76	24
206	0.76	76	24
207	0.76	76	24
208	0.75	75	25
209	0.75	75	25
210	0.76	76	24
211	0.77	77	23
212	0.77	77	23
213	0.78	78	22
214	0.79	79	21
215	0.79	79	21
216	0.78	78	22
217	0.78	78	22
218	0.78	78	22
219	0.77	77	23
220	0.76	76	24
221	0.76	76	24
222	0.76	76	24
223	0.76	76	24
224	0.76	76	24
225	0.76	76	24
226	0.76	76	24
227	0.76	76	24
228	0.76	76	24
229	0.76	76	24
230	0.76	76	24
231	0.76	76	24
232	0.76	76	24
233	0.76	76	24
234	0.77	77	23
235	0.77	77	23
236	0.77	77	23
237	0.77	77	23
238	0.77	77	23
239	0.77	77	23
240	0.77	77	23
241	0.77	77	23
242	0.78	78	22
243	0.77	77	23
244	0.77	77	23
245	0.77	77	23
246	0.78	78	22
247	0.78	78	22
248	0.79	79	21
249	0.79	79	21
250	0.79	79	21
251	0.79	79	21
252	0.78	78	22
253	0.78	78	22
254	0.78	78	22
255	0.79	79	21
256	0.79	79	21
257	0.79	79	21
258	0.79	79	21
259	0.79	79	21
260	0.79	79	21
261	0.78	78	22
262	0.78	78	22
263	0.79	79	21
264	0.78	78	22
265	0.78	78	22
266	0.78	78	22
267	0.77	77	23
268	0.77	77	23
269	0.76	76	24
270	0.76	76	24
271	0.75	75	25
272	0.75	75	25
273	0.74	74	26
274	0.74	74	26
275	0.74	74	26
276	0.74	74	26
277	0.74	74	26
278	0.73	73	27
279	0.73	73	27
280	0.73	73	27
281	0.73	73	27
282	0.74	74	26
283	0.75	75	25
284	0.75	75	25
285	0.75	75	25
286	0.76	76	24
287	0.76	76	24
288	0.77	77	23
289	0.77	77	23
290	0.77	77	23
291	0.77	77	23
292	0.77	77	23
293	0.77	77	23
294	0.77	77	23
295	0.77	77	23
296	0.78	78	22
297	0.78	78	22
298	0.79	79	21
299	0.79	79	21
300	0.79	79	21
301	0.79	79	21
302	0.78	78	22
303	0.78	78	22
304	0.78	78	22
305	0.78	78	22
306	0.78	78	22
307	0.78	78	22
308	0.79	79	21
309	0.79	79	21
310	0.79	79	21
311	0.78	78	22
312	0.78	78	22
313	0.78	78	22
314	0.78	78	22
315	0.78	78	22
316	0.79	79	21
317	0.79	79	21
318	0.79	79	21
319	0.80	80	20
320	0.81	81	19
321	0.82	82	18
322	0.81	81	19
323	0.81	81	19
324	0.81	81	19
325	0.80	80	20
326	0.80	80	20
327	0.80	80	20
328	0.80	80	20
329	0.80	80	20
330	0.80	80	20
331	0.80	80	20
332	0.80	80	20
333	0.80	80	20
334	0.80	80	20
335	0.79	79	21
336	0.79	79	21
337	0.80	80	20
338	0.79	79	21
339	0.80	80	20
340	0.80	80	20
341	0.79	79	21
342	0.79	79	21
343	0.80	80	20
344	0.79	79	21
345	0.79	79	21
346	0.79	79	21
347	0.79	79	21
348	0.79	79	21
349	0.79	79	21
350	0.79	79	21
351	0.79	79	21
352	0.80	80	20
353	0.80	80	20
354	0.80	80	20
355	0.80	80	20
356	0.81	81	19
357	0.80	80	20
358	0.80	80	20
359	0.81	81	19
360	0.81	81	19
361	0.81	81	19
362	0.81	81	19
363	0.81	81	19
364	0.82	82	18
365	0.82	82	18
366	0.82	82	18
367	0.83	83	17
368	0.83	83	17
369	0.84	84	16
370	0.83	83	17
371	0.84	84	16
372	0.84	84	16
373	0.85	85	15
374	0.85	85	15
375	0.85	85	15
376	0.85	85	15
377	0.85	85	15
378	0.85	85	15
379	0.86	86	14
380	0.86	86	14
381	0.86	86	14
382	0.86	86	14
383	0.86	86	14
384	0.86	86	14
385	0.86	86	14
386	0.86	86	14
387	0.86	86	14
388	0.86	86	14
389	0.85	85	15
390	0.85	85	15
391	0.85	85	15
392	0.85	85	15
393	0.86	86	14
394	0.86	86	14
395	0.85	85	15
396	0.85	85	15
397	0.85	85	15
398	0.85	85	15
399	0.85	85	15
400	0.86	86	14
401	0.86	86	14
402	0.87	87	13
403	0.87	87	13
404	0.87	87	13
405	0.86	86	14
406	0.86	86	14
407	0.86	86	14
408	0.86	86	14
409	0.86	86	14
410	0.86	86	14
411	0.87	87	13
412	0.87	87	13
413	0.87	87	13
414	0.87	87	13
415	0.87	87	13
416	0.87	87	13
417	0.87	87	13
418	0.87	87	13
419	0.87	87	13
420	0.87	87	13
421	0.87	87	13
422	0.88	88	12
423	0.88	88	12
424	0.88	88	12
425	0.89	89	11
426	0.89	89	11
427	0.89	89	11
428	0.89	89	11
429	0.89	89	11
430	0.88	88	12
431	0.88	88	12
432	0.88	88	12
433	0.88	88	12
434	0.88	88	12
435	0.89	89	11
436	0.89	89	11
437	0.89	89	11
438	0.90	90	10
439	0.90	90	10
440	0.90	90	10
441	0.90	90	10
442	0.90	90	10
443	0.90	90	10
444	0.91	91	9
445	0.91	91	9
446	0.91	91	9
447	0.91	91	9
448	0.91	91	9
449	0.91	91	9
450	0.90	90	10
451	0.90	90	10
452	0.90	90	10
453	0.90	90	10
454	0.90	90	10
455	0.90	90	10
456	0.90	90	10
457	0.91	91	9
458	0.91	91	9
459	0.91	91	9
460	0.91	91	9
461	0.92	92	8
462	0.92	92	8
463	0.92	92	8
464	0.92	92	8
465	0.91	91	9
466	0.91	91	9
467	0.91	91	9
468	0.91	91	9
469	0.91	91	9
470	0.91	91	9
471	0.91	91	9
472	0.91	91	9
473	0.91	91	9
474	0.90	90	10
475	0.90	90	10
476	0.89	89	11
477	0.89	89	11
478	0.90	90	10
479	0.90	90	10
480	0.90	90	10
481	0.90	90	10
482	0.90	90	10
483	0.90	90	10
484	0.89	89	11
485	0.89	89	11
486	0.89	89	11
487	0.88	88	12
488	0.88	88	12
489	0.89	89	11
490	0.89	89	11
491	0.89	89	11
492	0.89	89	11
493	0.88	88	12
494	0.87	87	13
495	0.88	88	12
496	0.88	88	12
497	0.88	88	12
498	0.88	88	12
499	0.88	88	12
500	0.87	87	13
501	0.86	86	14
502	0.85	85	15
503	0.85	85	15
504	0.84	84	16
505	0.85	85	15
506	0.85	85	15
507	0.85	85	15
508	0.85	85	15
509	0.85	85	15
510	0.85	85	15
511	0.84	84	16
512	0.84	84	16
513	0.84	84	16
514	0.83	83	17
515	0.83	83	17
516	0.83	83	17
517	0.83	83	17
518	0.83	83	17
519	0.83	83	17
520	0.83	83	17
521	0.83	83	17
522	0.82	82	18
523	0.81	81	19
524	0.81	81	19
525	0.81	81	19
526	0.81	81	19
527	0.81	81	19
528	0.81	81	19
529	0.81	81	19
530	0.82	82	18
531	0.82	82	18
532	0.82	82	18
533	0.82	82	18
534	0.82	82	18
535	0.82	82	18
536	0.82	82	18
537	0.82	82	18
538	0.82	82	18
539	0.82	82	18
540	0.81	81	19
541	0.82	82	18
542	0.82	82	18
543	0.81	81	19
544	0.81	81	19
545	0.81	81	19
546	0.81	81	19
547	0.81	81	19
548	0.81	81	19
549	0.80	80	20
550	0.80	80	20
551	0.79	79	21
552	0.79	79	21
553	0.78	78	22
554	0.78	78	22
555	0.77	77	23
556	0.77	77	23
557	0.77	77	23
558	0.76	76	24
559	0.76	76	24
560	0.76	76	24
561	0.76	76	24
562	0.76	76	24
563	0.76	76	24
564	0.75	75	25
565	0.76	76	24
566	0.76	76	24
567	0.76	76	24
568	0.76	76	24
569	0.75	75	25
570	0.76	76	24
571	0.75	75	25
572	0.75	75	25
573	0.75	75	25
574	0.75	75	25
575	0.75	75	25
576	0.76	76	24
577	0.76	76	24
578	0.75	75	25
579	0.75	75	25
580	0.75	75	25
581	0.75	75	25
582	0.75	75	25
583	0.75	75	25
584	0.75	75	25
585	0.75	75	25
586	0.75	75	25
587	0.76	76	24
588	0.76	76	24
589	0.75	75	25
590	0.75	75	25
591	0.75	75	25
592	0.75	75	25
593	0.76	76	24
594	0.77	77	23
595	0.77	77	23
596	0.77	77	23
597	0.77	77	23
598	0.77	77	23
599	0.76	76	24
600	0.77	77	23
601	0.78	78	22
602	0.79	79	21
603	0.78	78	22
604	0.78	78	22
605	0.77	77	23
606	0.77	77	23
607	0.76	76	24
608	0.76	76	24
609	0.76	76	24
610	0.76	76	24
611	0.76	76	24
612	0.75	75	25
613	0.75	75	25
614	0.75	75	25
615	0.75	75	25
616	0.75	75	25
617	0.75	75	25
618	0.75	75	25
619	0.74	74	26
620	0.73	73	27
621	0.73	73	27
622	0.74	74	26
623	0.75	75	25
624	0.75	75	25
625	0.75	75	25
626	0.75	75	25
627	0.75	75	25
628	0.75	75	25
629	0.74	74	26
630	0.73	73	27
631	0.72	72	28
632	0.72	72	28
633	0.72	72	28
634	0.71	71	29
635	0.70	70	30
636	0.70	70	30
637	0.70	70	30
638	0.70	70	30
639	0.70	70	30
640	0.71	71	29
641	0.70	70	30
642	0.69	69	31
643	0.70	70	30
644	0.70	70	30
645	0.70	70	30
646	0.70	70	30
647	0.70	70	30
648	0.70	70	30
649	0.71	71	29
650	0.71	71	29
651	0.71	71	29
652	0.71	71	29
653	0.72	72	28
654	0.72	72	28
655	0.73	73	27
656	0.72	72	28
657	0.71	71	29
658	0.72	72	28
659	0.72	72	28
660	0.72	72	28
661	0.72	72	28
662	0.71	71	29
663	0.71	71	29
664	0.72	72	28
665	0.72	72	28
666	0.72	72	28
667	0.72	72	28
668	0.72	72	28
669	0.72	72	28
670	0.72	72	28
671	0.72	72	28
672	0.71	71	29
673	0.71	71	29
674	0.71	71	29
675	0.71	71	29
676	0.71	71	29
677	0.71	71	29
678	0.72	72	28
679	0.71	71	29
680	0.71	71	29
681	0.71	71	29
682	0.71	71	29
683	0.71	71	29
684	0.71	71	29
685	0.71	71	29
686	0.71	71	29
687	0.71	71	29
688	0.71	71	29
689	0.72	72	28
690	0.71	71	29
691	0.71	71	29
692	0.71	71	29
693	0.71	71	29
694	0.71	71	29
695	0.71	71	29
696	0.71	71	29
697	0.71	71	29
698	0.71	71	29
699	0.72	72	28
700	0.72	72	28
701	0.72	72	28
702	0.72	72	28
703	0.73	73	27
704	0.74	74	26
705	0.75	75	25
706	0.75	75	25
707	0.76	76	24
708	0.76	76	24
709	0.76	76	24
710	0.75	75	25
711	0.76	76	24
712	0.77	77	23
713	0.77	77	23
714	0.78	78	22
715	0.78	78	22
716	0.78	78	22
717	0.78	78	22
718	0.78	78	22
719	0.79	79	21
720	0.79	79	21
721	0.79	79	21
722	0.79	79	21
723	0.79	79	21
724	0.79	79	21
725	0.79	79	21
726	0.79	79	21
727	0.79	79	21
728	0.79	79	21
729	0.80	80	20
730	0.81	81	19
731	0.82	82	18
732	0.82	82	18
733	0.82	82	18
734	0.83	83	17
735	0.83	83	17
736	0.83	83	17
737	0.83	83	17
738	0.82	82	18
739	0.82	82	18
740	0.82	82	18
741	0.83	83	17
742	0.84	84	16
743	0.84	84	16
744	0.84	84	16
745	0.84	84	16
746	0.83	83	17
747	0.83	83	17
748	0.83	83	17
749	0.83	83	17
750	0.84	84	16
751	0.84	84	16
752	0.83	83	17
753	0.82	82	18
754	0.82	82	18
755	0.82	82	18
756	0.83	83	17
757	0.84	84	16
758	0.84	84	16
759	0.84	84	16
760	0.83	83	17
761	0.83	83	17
762	0.84	84	16
763	0.83	83	17
764	0.83	83	17
765	0.83	83	17
766	0.83	83	17
767	0.83	83	17
768	0.83	83	17
769	0.84	84	16
770	0.84	84	16
771	0.84	84	16
772	0.85	85	15
773	0.85	85	15
774	0.85	85	15
775	0.85	85	15
776	0.84	84	16
777	0.84	84	16
778	0.84	84	16
779	0.85	85	15
780	0.84	84	16
781	0.83	83	17
782	0.82	82	18
783	0.82	82	18
784	0.83	83	17
785	0.83	83	17
786	0.82	82	18
787	0.81	81	19
788	0.81	81	19
789	0.81	81	19
790	0.82	82	18
791	0.82	82	18
792	0.81	81	19
793	0.81	81	19
794	0.81	81	19
795	0.80	80	20
796	0.79	79	21
797	0.79	79	21
798	0.79	79	21
799	0.78	78	22
800	0.78	78	22
801	0.77	77	23
802	0.77	77	23
803	0.76	76	24
804	0.76	76	24
805	0.75	75	25
806	0.75	75	25
807	0.75	75	25
808	0.75	75	25
809	0.75	75	25
810	0.76	76	24
811	0.76	76	24
812	0.76	76	24
813	0.76	76	24
814	0.75	75	25
815	0.74	74	26
816	0.74	74	26
817	0.74	74	26
818	0.74	74	26
819	0.74	74	26
820	0.75	75	25
821	0.75	75	25
822	0.75	75	25
823	0.74	74	26
824	0.74	74	26
825	0.74	74	26
826	0.74	74	26
827	0.73	73	27
828	0.73	73	27
829	0.72	72	28
830	0.72	72	28
831	0.72	72	28
832	0.72	72	28
833	0.72	72	28
834	0.72	72	28
835	0.73	73	27
836	0.73	73	27
837	0.73	73	27
838	0.73	73	27
839	0.73	73	27
840	0.72	72	28
841	0.72	72	28
842	0.71	71	29
843	0.71	71	29
844	0.71	71	29
845	0.70	70	30
846	0.71	71	29
847	0.70	70	30
848	0.70	70	30
849	0.70	70	30
850	0.70	70	30
851	0.71	71	29
852	0.72	72	28
853	0.72	72	28
854	0.72	72	28
855	0.72	72	28
856	0.71	71	29
857	0.71	71	29
858	0.71	71	29
859	0.71	71	29
860	0.72	72	28
861	0.72	72	28
862	0.72	72	28
863	0.73	73	27
864	0.72	72	28
865	0.72	72	28
866	0.72	72	28
867	0.72	72	28
868	0.72	72	28
869	0.71	71	29
870	0.70	70	30
871	0.70	70	30
872	0.70	70	30
873	0.69	69	31
874	0.70	70	30
875	0.70	70	30
876	0.70	70	30
877	0.69	69	31
878	0.69	69	31
879	0.69	69	31
880	0.70	70	30
881	0.71	71	29
882	0.71	71	29
883	0.71	71	29
884	0.71	71	29
885	0.70	70	30
886	0.71	71	29
887	0.71	71	29
888	0.71	71	29
889	0.70	70	30
890	0.70	70	30
891	0.70	70	30
892	0.71	71	29
893	0.71	71	29
894	0.71	71	29
895	0.72	72	28
896	0.73	73	27
897	0.73	73	27
898	0.73	73	27
899	0.74	74	26
900	0.74	74	26
901	0.75	75	25
902	0.75	75	25
903	0.76	76	24
904	0.76	76	24
905	0.77	77	23
906	0.76	76	24
907	0.76	76	24
908	0.76	76	24
909	0.76	76	24
910	0.76	76	24
911	0.75	75	25
912	0.75	75	25
913	0.75	75	25
914	0.75	75	25
915	0.76	76	24
916	0.76	76	24
917	0.75	75	25
918	0.75	75	25
919	0.75	75	25
920	0.75	75	25
921	0.74	74	26
922	0.74	74	26
923	0.75	75	25
924	0.75	75	25
925	0.75	75	25
926	0.75	75	25
927	0.76	76	24
928	0.76	76	24
929	0.77	77	23
930	0.77	77	23
931	0.76	76	24
932	0.75	75	25
933	0.75	75	25
934	0.75	75	25
935	0.75	75	25
936	0.75	75	25
937	0.74	74	26
938	0.75	75	25
939	0.75	75	25
940	0.76	76	24
941	0.76	76	24
942	0.76	76	24
943	0.76	76	24
944	0.76	76	24
945	0.77	77	23
946	0.77	77	23
947	0.77	77	23
948	0.77	77	23
949	0.77	77	23
950	0.76	76	24
951	0.76	76	24
952	0.76	76	24
953	0.76	76	24
954	0.76	76	24
955	0.76	76	24
956	0.77	77	23
957	0.77	77	23
958	0.76	76	24
959	0.76	76	24
960	0.76	76	24
961	0.76	76	24
962	0.76	76	24
963	0.75	75	25
964	0.76	76	24
965	0.76	76	24
966	0.76	76	24
967	0.76	76	24
968	0.76	76	24
969	0.77	77	23
970	0.78	78	22
971	0.79	79	21
972	0.79	79	21
973	0.80	80	20
974	0.80	80	20
975	0.80	80	20
976	0.81	81	19
977	0.82	82	18
978	0.82	82	18
979	0.82	82	18
980	0.82	82	18
981	0.82	82	18
982	0.83	83	17
983	0.83	83	17
984	0.83	83	17
985	0.84	84	16
986	0.83	83	17
987	0.84	84	16
988	0.84	84	16
989	0.85	85	15
990	0.84	84	16
991	0.84	84	16
992	0.83	83	17
993	0.82	82	18
994	0.82	82	18
995	0.82	82	18
996	0.82	82	18
997	0.82	82	18
998	0.82	82	18
999	0.82	82	18
1000	0.19	81	19
1001	0.19	81	19
1002	0.20	80	20
1003	0.21	79	21
1004	0.21	79	21
1005	0.21	79	21
1006	0.20	80	20
1007	0.21	79	21
1008	0.22	78	22
1009	0.22	78	22
1010	0.23	77	23
1011	0.23	77	23
1012	0.24	76	24
1013	0.25	75	25
1014	0.25	75	25
1015	0.26	74	26
1016	0.26	74	26
1017	0.25	75	25
1018	0.25	75	25
1019	0.25	75	25
1020	0.25	75	25
1021	0.24	76	24
1022	0.25	75	25
1023	0.25	75	25
1024	0.26	74	26
1025	0.27	73	27
1026	0.28	72	28
1027	0.29	71	29
1028	0.30	70	30
1029	0.31	69	31
1030	0.32	68	32
1031	0.31	69	31
1032	0.30	70	30
1033	0.31	69	31
1034	0.32	68	32
1035	0.33	67	33
1036	0.34	66	34
1037	0.33	67	33
1038	0.34	66	34
1039	0.35	65	35
1040	0.35	65	35
1041	0.36	64	36
1042	0.36	64	36
1043	0.37	63	37
1044	0.38	62	38
1045	0.38	62	38
1046	0.39	61	39
1047	0.39	61	39
1048	0.40	60	40
1049	0.41	59	41
1050	0.41	59	41
1051	0.42	58	42
1052	0.43	57	43
1053	0.43	57	43
1054	0.44	56	44
1055	0.44	56	44
1056	0.45	55	45
1057	0.46	54	46
1058	0.46	54	46
1059	0.47	53	47
1060	0.48	52	48
1061	0.49	51	49
1062	0.50	50	50
1063	0.50	50	50
1064	0.51	49	51
1065	0.52	48	52
1066	0.52	48	52
1067	0.52	48	52
1068	0.53	47	53
1069	0.53	47	53
1070	0.54	46	54
1071	0.55	45	55
1072	0.56	44	56
1073	0.57	43	57
1074	0.58	42	58
1075	0.59	41	59
1076	0.60	40	60
1077	0.61	39	61
1078	0.62	38	62
1079	0.63	37	63
1080	0.63	37	63
1081	0.63	37	63
1082	0.64	36	64
1083	0.65	35	65
1084	0.66	34	66
1085	0.66	34	66
1086	0.66	34	66
1087	0.66	34	66
1088	0.67	33	67
1089	0.68	32	68
1090	0.68	32	68
1091	0.69	31	69
1092	0.69	31	69
1093	0.68	32	68
1094	0.69	31	69
1095	0.69	31	69
1096	0.70	30	70
1097	0.70	30	70
1098	0.71	29	71
1099	0.72	28	72
1100	0.72	28	72
1101	0.73	27	73
1102	0.72	28	72
1103	0.72	28	72
1104	0.72	28	72
1105	0.73	27	73
1106	0.73	27	73
1107	0.73	27	73
1108	0.73	27	73
1109	0.73	27	73
1110	0.73	27	73
1111	0.73	27	73
1112	0.73	27	73
1113	0.73	27	73
1114	0.73	27	73
1115	0.73	27	73
1116	0.73	27	73
1117	0.74	26	74
1118	0.75	25	75
1119	0.76	24	76
1120	0.77	23	77
1121	0.78	22	78
1122	0.78	22	78
1123	0.78	22	78
1124	0.78	22	78
1125	0.78	22	78
1126	0.78	22	78
1127	0.78	22	78
1128	0.78	22	78
1129	0.78	22	78
1130	0.78	22	78
1131	0.78	22	78
1132	0.79	21	79
1133	0.79	21	79
1134	0.79	21	79
1135	0.79	21	79
1136	0.78	22	78
1137	0.79	21	79
1138	0.79	21	79
1139	0.78	22	78
1140	0.79	21	79
1141	0.79	21	79
1142	0.78	22	78
1143	0.77	23	77
1144	0.77	23	77
1145	0.78	22	78
1146	0.78	22	78
1147	0.78	22	78
1148	0.77	23	77
1149	0.76	24	76
1150	0.76	24	76
1151	0.76	24	76
1152	0.75	25	75
1153	0.75	25	75
1154	0.74	26	74
1155	0.75	25	75
1156	0.75	25	75
1157	0.75	25	75
1158	0.75	25	75
1159	0.75	25	75
1160	0.75	25	75
1161	0.75	25	75
1162	0.75	25	75
1163	0.75	25	75
1164	0.75	25	75
1165	0.75	25	75
1166	0.76	24	76
1167	0.76	24	76
1168	0.76	24	76
1169	0.76	24	76
1170	0.76	24	76
1171	0.76	24	76
1172	0.76	24	76
1173	0.76	24	76
1174	0.75	25	75
1175	0.75	25	75
1176	0.75	25	75
1177	0.74	26	74
1178	0.74	26	74
1179	0.74	26	74
1180	0.75	25	75
1181	0.76	24	76
1182	0.76	24	76
1183	0.76	24	76
1184	0.75	25	75
1185	0.76	24	76
1186	0.76	24	76
1187	0.77	23	77
1188	0.77	23	77
1189	0.76	24	76
1190	0.75	25	75
1191	0.75	25	75
1192	0.75	25	75
1193	0.76	24	76
1194	0.75	25	75
1195	0.76	24	76
1196	0.76	24	76
1197	0.77	23	77
1198	0.77	23	77
1199	0.77	23	77
1200	0.77	23	77
1201	0.77	23	77
1202	0.78	22	78
1203	0.78	22	78
1204	0.79	21	79
1205	0.79	21	79
1206	0.80	20	80
1207	0.80	20	80
1208	0.80	20	80
1209	0.81	19	81
1210	0.81	19	81
1211	0.81	19	81
1212	0.80	20	80
1213	0.80	20	80
1214	0.79	21	79
1215	0.78	22	78
1216	0.79	21	79
1217	0.79	21	79
1218	0.79	21	79
1219	0.79	21	79
1220	0.79	21	79
1221	0.79	21	79
1222	0.79	21	79
1223	0.80	20	80
1224	0.80	20	80
1225	0.80	20	80
1226	0.80	20	80
1227	0.80	20	80
1228	0.79	21	79
1229	0.78	22	78
1230	0.78	22	78
1231	0.79	21	79
1232	0.79	21	79
1233	0.79	21	79
1234	0.79	21	79
1235	0.79	21	79
1236	0.80	20	80
1237	0.79	21	79
1238	0.78	22	78
1239	0.78	22	78
1240	0.78	22	78
1241	0.77	23	77
1242	0.78	22	78
1243	0.79	21	79
1244	0.79	21	79
1245	0.79	21	79
1246	0.79	21	79
1247	0.79	21	79
1248	0.80	20	80
1249	0.81	19	81
1250	0.81	19	81
1251	0.81	19	81
1252	0.81	19	81
1253	0.81	19	81
1254	0.81	19	81
1255	0.80	20	80
1256	0.79	21	79
1257	0.79	21	79
1258	0.79	21	79
1259	0.79	21	79
1260	0.79	21	79
1261	0.78	22	78
1262	0.78	22	78
1263	0.78	22	78
1264	0.78	22	78
1265	0.77	23	77
1266	0.76	24	76
1267	0.76	24	76
1268	0.76	24	76
1269	0.77	23	77
1270	0.77	23	77
1271	0.76	24	76
1272	0.75	25	75
1273	0.75	25	75
1274	0.76	24	76
1275	0.76	24	76
1276	0.76	24	76
1277	0.77	23	77
1278	0.77	23	77
1279	0.76	24	76
1280	0.76	24	76
1281	0.76	24	76
1282	0.76	24	76
1283	0.76	24	76
1284	0.76	24	76
1285	0.76	24	76
1286	0.76	24	76
1287	0.76	24	76
1288	0.76	24	76
1289	0.77	23	77
1290	0.78	22	78
1291	0.78	22	78
1292	0.78	22	78
1293	0.78	22	78
1294	0.79	21	79
1295	0.79	21	79
1296	0.79	21	79
1297	0.79	21	79
1298	0.79	21	79
1299	0.78	22	78
1300	0.78	22	78
1301	0.78	22	78
1302	0.78	22	78
1303	0.78	22	78
1304	0.78	22	78
1305	0.77	23	77
1306	0.77	23	77
1307	0.77	23	77
1308	0.77	23	77
1309	0.77	23	77
1310	0.77	23	77
1311	0.77	23	77
1312	0.78	22	78
1313	0.77	23	77
1314	0.78	22	78
1315	0.79	21	79
1316	0.79	21	79
1317	0.79	21	79
1318	0.79	21	79
1319	0.79	21	79
1320	0.78	22	78
1321	0.78	22	78
1322	0.77	23	77
1323	0.77	23	77
1324	0.77	23	77
1325	0.77	23	77
1326	0.77	23	77
1327	0.77	23	77
1328	0.78	22	78
1329	0.79	21	79
1330	0.79	21	79
1331	0.78	22	78
1332	0.78	22	78
1333	0.77	23	77
1334	0.76	24	76
1335	0.76	24	76
1336	0.76	24	76
1337	0.77	23	77
1338	0.78	22	78
1339	0.79	21	79
1340	0.79	21	79
1341	0.80	20	80
1342	0.80	20	80
1343	0.80	20	80
1344	0.79	21	79
1345	0.79	21	79
1346	0.79	21	79
1347	0.79	21	79
1348	0.79	21	79
1349	0.78	22	78
1350	0.77	23	77
1351	0.76	24	76
1352	0.77	23	77
1353	0.77	23	77
1354	0.78	22	78
1355	0.79	21	79
1356	0.80	20	80
1357	0.80	20	80
1358	0.80	20	80
1359	0.80	20	80
1360	0.79	21	79
1361	0.80	20	80
1362	0.80	20	80
1363	0.79	21	79
1364	0.79	21	79
1365	0.80	20	80
1366	0.81	19	81
1367	0.82	18	82
1368	0.82	18	82
1369	0.82	18	82
1370	0.81	19	81
1371	0.82	18	82
1372	0.83	17	83
1373	0.83	17	83
1374	0.82	18	82
1375	0.82	18	82
1376	0.82	18	82
1377	0.82	18	82
1378	0.82	18	82
1379	0.83	17	83
1380	0.83	17	83
1381	0.83	17	83
1382	0.83	17	83
1383	0.83	17	83
1384	0.84	16	84
1385	0.83	17	83
1386	0.83	17	83
1387	0.83	17	83
1388	0.83	17	83
1389	0.83	17	83
1390	0.82	18	82
1391	0.82	18	82
1392	0.82	18	82
1393	0.82	18	82
1394	0.82	18	82
1395	0.82	18	82
1396	0.82	18	82
1397	0.82	18	82
1398	0.82	18	82
1399	0.83	17	83
1400	0.83	17	83
1401	0.83	17	83
1402	0.83	17	83
1403	0.83	17	83
1404	0.83	17	83
1405	0.84	16	84
1406	0.83	17	83
1407	0.83	17	83
1408	0.83	17	83
1409	0.82	18	82
1410	0.81	19	81
1411	0.81	19	81
1412	0.81	19	81
1413	0.82	18	82
1414	0.81	19	81
1415	0.81	19	81
1416	0.81	19	81
1417	0.80	20	80
1418	0.79	21	79
1419	0.79	21	79
1420	0.79	21	79
1421	0.79	21	79
1422	0.80	20	80
1423	0.79	21	79
1424	0.79	21	79
1425	0.79	21	79
1426	0.78	22	78
1427	0.78	22	78
1428	0.78	22	78
1429	0.78	22	78
1430	0.78	22	78
1431	0.79	21	79
1432	0.79	21	79
1433	0.80	20	80
1434	0.81	19	81
1435	0.81	19	81
1436	0.80	20	80
1437	0.80	20	80
1438	0.80	20	80
1439	0.80	20	80
1440	0.80	20	80
1441	0.79	21	79
1442	0.79	21	79
1443	0.79	21	79
1444	0.80	20	80
1445	0.80	20	80
1446	0.80	20	80
1447	0.80	20	80
1448	0.80	20	80
1449	0.81	19	81
1450	0.82	18	82
1451	0.83	17	83
1452	0.83	17	83
1453	0.83	17	83
1454	0.82	18	82
1455	0.82	18	82
1456	0.82	18	82
1457	0.82	18	82
1458	0.82	18	82
1459	0.82	18	82
1460	0.83	17	83
1461	0.82	18	82
1462	0.82	18	82
1463	0.82	18	82
1464	0.82	18	82
1465	0.82	18	82
1466	0.82	18	82
1467	0.81	19	81
1468	0.80	20	80
1469	0.79	21	79
1470	0.80	20	80
1471	0.80	20	80
1472	0.80	20	80
1473	0.80	20	80
1474	0.81	19	81
1475	0.80	20	80
1476	0.79	21	79
1477	0.79	21	79
1478	0.78	22	78
1479	0.78	22	78
1480	0.77	23	77
1481	0.77	23	77
1482	0.77	23	77
1483	0.76	24	76
1484	0.76	24	76
1485	0.77	23	77
1486	0.77	23	77
1487	0.77	23	77
1488	0.76	24	76
1489	0.76	24	76
1490	0.77	23	77
1491	0.76	24	76
1492	0.76	24	76
1493	0.76	24	76
1494	0.76	24	76
1495	0.76	24	76
1496	0.76	24	76
1497	0.76	24	76
1498	0.76	24	76
1499	0.76	24	76
1500	0.75	25	75
1501	0.75	25	75
1502	0.75	25	75
1503	0.74	26	74
1504	0.74	26	74
1505	0.74	26	74
1506	0.74	26	74
1507	0.73	27	73
1508	0.73	27	73
1509	0.73	27	73
1510	0.74	26	74
1511	0.74	26	74
1512	0.74	26	74
1513	0.74	26	74
1514	0.75	25	75
1515	0.75	25	75
1516	0.75	25	75
1517	0.75	25	75
1518	0.76	24	76
1519	0.76	24	76
1520	0.77	23	77
1521	0.76	24	76
1522	0.76	24	76
1523	0.76	24	76
1524	0.75	25	75
1525	0.75	25	75
1526	0.76	24	76
1527	0.75	25	75
1528	0.74	26	74
1529	0.74	26	74
1530	0.74	26	74
1531	0.74	26	74
1532	0.74	26	74
1533	0.74	26	74
1534	0.74	26	74
1535	0.74	26	74
1536	0.75	25	75
1537	0.75	25	75
1538	0.75	25	75
1539	0.75	25	75
1540	0.74	26	74
1541	0.75	25	75
1542	0.75	25	75
1543	0.75	25	75
1544	0.75	25	75
1545	0.74	26	74
1546	0.73	27	73
1547	0.72	28	72
1548	0.72	28	72
1549	0.72	28	72
1550	0.72	28	72
1551	0.72	28	72
1552	0.71	29	71
1553	0.70	30	70
1554	0.71	29	71
1555	0.71	29	71
1556	0.71	29	71
1557	0.70	30	70
1558	0.69	31	69
1559	0.69	31	69
1560	0.69	31	69
1561	0.69	31	69
1562	0.69	31	69
1563	0.70	30	70
1564	0.70	30	70
1565	0.70	30	70
1566	0.69	31	69
1567	0.70	30	70
1568	0.71	29	71
1569	0.71	29	71
1570	0.71	29	71
1571	0.71	29	71
1572	0.70	30	70
1573	0.70	30	70
1574	0.70	30	70
1575	0.71	29	71
1576	0.72	28	72
1577	0.72	28	72
1578	0.72	28	72
1579	0.72	28	72
1580	0.73	27	73
1581	0.73	27	73
1582	0.73	27	73
1583	0.74	26	74
1584	0.74	26	74
1585	0.73	27	73
1586	0.73	27	73
1587	0.73	27	73
1588	0.74	26	74
1589	0.74	26	74
1590	0.74	26	74
1591	0.75	25	75
1592	0.75	25	75
1593	0.75	25	75
1594	0.74	26	74
1595	0.74	26	74
1596	0.74	26	74
1597	0.74	26	74
1598	0.74	26	74
1599	0.74	26	74
1600	0.75	25	75
1601	0.75	25	75
1602	0.75	25	75
1603	0.76	24	76
1604	0.76	24	76
1605	0.76	24	76
1606	0.77	23	77
1607	0.78	22	78
1608	0.78	22	78
1609	0.78	22	78
1610	0.78	22	78
1611	0.78	22	78
1612	0.78	22	78
1613	0.78	22	78
1614	0.78	22	78
1615	0.78	22	78
1616	0.78	22	78
1617	0.79	21	79
1618	0.79	21	79
1619	0.78	22	78
1620	0.78	22	78
1621	0.79	21	79
1622	0.79	21	79
1623	0.79	21	79
1624	0.80	20	80
1625	0.80	20	80
1626	0.80	20	80
1627	0.81	19	81
1628	0.82	18	82
1629	0.82	18	82
1630	0.81	19	81
1631	0.80	20	80
1632	0.80	20	80
1633	0.79	21	79
1634	0.78	22	78
1635	0.78	22	78
1636	0.78	22	78
1637	0.78	22	78
1638	0.78	22	78
1639	0.78	22	78
1640	0.79	21	79
1641	0.79	21	79
1642	0.79	21	79
1643	0.79	21	79
1644	0.79	21	79
1645	0.80	20	80
1646	0.81	19	81
1647	0.82	18	82
1648	0.82	18	82
1649	0.82	18	82
1650	0.82	18	82
1651	0.82	18	82
1652	0.83	17	83
1653	0.83	17	83
1654	0.83	17	83
1655	0.83	17	83
1656	0.83	17	83
1657	0.84	16	84
1658	0.85	15	85
1659	0.85	15	85
1660	0.85	15	85
1661	0.86	14	86
1662	0.86	14	86
1663	0.86	14	86
1664	0.86	14	86
1665	0.85	15	85
1666	0.86	14	86
1667	0.86	14	86
1668	0.86	14	86
1669	0.86	14	86
1670	0.86	14	86
1671	0.86	14	86
1672	0.87	13	87
1673	0.87	13	87
1674	0.87	13	87
1675	0.87	13	87
1676	0.87	13	87
1677	0.87	13	87
1678	0.88	12	88
1679	0.87	13	87
1680	0.87	13	87
1681	0.87	13	87
1682	0.87	13	87
1683	0.87	13	87
1684	0.87	13	87
1685	0.88	12	88
1686	0.88	12	88
1687	0.87	13	87
1688	0.86	14	86
1689	0.86	14	86
1690	0.85	15	85
1691	0.85	15	85
1692	0.85	15	85
1693	0.85	15	85
1694	0.86	14	86
1695	0.85	15	85
1696	0.85	15	85
1697	0.85	15	85
1698	0.84	16	84
1699	0.84	16	84
1700	0.83	17	83
1701	0.83	17	83
1702	0.82	18	82
1703	0.81	19	81
1704	0.81	19	81
1705	0.81	19	81
1706	0.81	19	81
1707	0.81	19	81
1708	0.81	19	81
1709	0.82	18	82
1710	0.82	18	82
1711	0.82	18	82
1712	0.82	18	82
1713	0.82	18	82
1714	0.82	18	82
1715	0.82	18	82
1716	0.82	18	82
1717	0.81	19	81
1718	0.81	19	81
1719	0.82	18	82
1720	0.81	19	81
1721	0.81	19	81
1722	0.81	19	81
1723	0.82	18	82
1724	0.82	18	82
1725	0.82	18	82
1726	0.82	18	82
1727	0.82	18	82
1728	0.82	18	82
1729	0.82	18	82
1730	0.83	17	83
1731	0.84	16	84
1732	0.84	16	84
1733	0.85	15	85
1734	0.86	14	86
1735	0.86	14	86
1736	0.85	15	85
1737	0.85	15	85
1738	0.85	15	85
1739	0.84	16	84
1740	0.83	17	83
1741	0.83	17	83
1742	0.83	17	83
1743	0.83	17	83
1744	0.83	17	83
1745	0.83	17	83
1746	0.82	18	82
1747	0.82	18	82
1748	0.82	18	82
1749	0.82	18	82
1750	0.82	18	82
1751	0.82	18	82
1752	0.82	18	82
1753	0.83	17	83
1754	0.83	17	83
1755	0.83	17	83
1756	0.83	17	83
1757	0.83	17	83
1758	0.83	17	83
1759	0.82	18	82
1760	0.82	18	82
1761	0.81	19	81
1762	0.80	20	80
1763	0.80	20	80
1764	0.80	20	80
1765	0.81	19	81
1766	0.81	19	81
1767	0.81	19	81
1768	0.81	19	81
1769	0.82	18	82
1770	0.82	18	82
1771	0.82	18	82
1772	0.82	18	82
1773	0.81	19	81
1774	0.81	19	81
1775	0.81	19	81
1776	0.81	19	81
1777	0.81	19	81
1778	0.81	19	81
1779	0.82	18	82
1780	0.81	19	81
1781	0.81	19	81
1782	0.81	19	81
1783	0.81	19	81
1784	0.80	20	80
1785	0.80	20	80
1786	0.79	21	79
1787	0.80	20	80
1788	0.81	19	81
1789	0.80	20	80
1790	0.81	19	81
1791	0.81	19	81
1792	0.81	19	81
1793	0.81	19	81
1794	0.81	19	81
1795	0.81	19	81
1796	0.81	19	81
1797	0.81	19	81
1798	0.82	18	82
1799	0.82	18	82
1800	0.82	18	82
1801	0.81	19	81
1802	0.82	18	82
1803	0.83	17	83
1804	0.83	17	83
1805	0.83	17	83
1806	0.83	17	83
1807	0.83	17	83
1808	0.83	17	83
1809	0.82	18	82
1810	0.82	18	82
1811	0.81	19	81
1812	0.81	19	81
1813	0.81	19	81
1814	0.81	19	81
1815	0.81	19	81
1816	0.81	19	81
1817	0.82	18	82
1818	0.82	18	82
1819	0.81	19	81
1820	0.82	18	82
1821	0.82	18	82
1822	0.82	18	82
1823	0.82	18	82
1824	0.82	18	82
1825	0.82	18	82
1826	0.81	19	81
1827	0.80	20	80
1828	0.80	20	80
1829	0.80	20	80
1830	0.80	20	80
1831	0.80	20	80
1832	0.80	20	80
1833	0.79	21	79
1834	0.78	22	78
1835	0.78	22	78
1836	0.78	22	78
1837	0.77	23	77
1838	0.77	23	77
1839	0.78	22	78
1840	0.79	21	79
1841	0.79	21	79
1842	0.79	21	79
1843	0.78	22	78
1844	0.78	22	78
1845	0.77	23	77
1846	0.78	22	78
1847	0.78	22	78
1848	0.78	22	78
1849	0.78	22	78
1850	0.78	22	78
1851	0.78	22	78
1852	0.78	22	78
1853	0.78	22	78
1854	0.78	22	78
1855	0.78	22	78
1856	0.78	22	78
1857	0.77	23	77
1858	0.76	24	76
1859	0.76	24	76
1860	0.76	24	76
1861	0.76	24	76
1862	0.77	23	77
1863	0.77	23	77
1864	0.76	24	76
1865	0.76	24	76
1866	0.76	24	76
1867	0.76	24	76
1868	0.76	24	76
1869	0.75	25	75
1870	0.75	25	75
1871	0.75	25	75
1872	0.75	25	75
1873	0.76	24	76
1874	0.75	25	75
1875	0.75	25	75
1876	0.75	25	75
1877	0.75	25	75
1878	0.75	25	75
1879	0.75	25	75
1880	0.76	24	76
1881	0.75	25	75
1882	0.75	25	75
1883	0.75	25	75
1884	0.75	25	75
1885	0.75	25	75
1886	0.75	25	75
1887	0.75	25	75
1888	0.75	25	75
1889	0.76	24	76
1890	0.76	24	76
1891	0.75	25	75
1892	0.75	25	75
1893	0.74	26	74
1894	0.74	26	74
1895	0.75	25	75
1896	0.75	25	75
1897	0.74	26	74
1898	0.74	26	74
1899	0.74	26	74
1900	0.75	25	75
1901	0.76	24	76
1902	0.76	24	76
1903	0.76	24	76
1904	0.76	24	76
1905	0.76	24	76
1906	0.76	24	76
1907	0.75	25	75
1908	0.75	25	75
1909	0.76	24	76
1910	0.76	24	76
1911	0.77	23	77
1912	0.77	23	77
1913	0.77	23	77
1914	0.77	23	77
1915	0.76	24	76
1916	0.76	24	76
1917	0.76	24	76
1918	0.75	25	75
1919	0.75	25	75
1920	0.75	25	75
1921	0.75	25	75
1922	0.75	25	75
1923	0.74	26	74
1924	0.74	26	74
1925	0.73	27	73
1926	0.74	26	74
1927	0.75	25	75
1928	0.75	25	75
1929	0.75	25	75
1930	0.75	25	75
1931	0.74	26	74
1932	0.73	27	73
1933	0.74	26	74
1934	0.75	25	75
1935	0.75	25	75
1936	0.76	24	76
1937	0.77	23	77
1938	0.77	23	77
1939	0.77	23	77
1940	0.76	24	76
1941	0.75	25	75
1942	0.75	25	75
1943	0.75	25	75
1944	0.75	25	75
1945	0.75	25	75
1946	0.74	26	74
1947	0.74	26	74
1948	0.74	26	74
1949	0.74	26	74
1950	0.74	26	74
1951	0.74	26	74
1952	0.74	26	74
1953	0.74	26	74
1954	0.74	26	74
1955	0.74	26	74
1956	0.74	26	74
1957	0.75	25	75
1958	0.76	24	76
1959	0.77	23	77
1960	0.77	23	77
1961	0.78	22	78
1962	0.78	22	78
1963	0.78	22	78
1964	0.79	21	79
1965	0.79	21	79
1966	0.79	21	79
1967	0.78	22	78
1968	0.78	22	78
1969	0.79	21	79
1970	0.79	21	79
1971	0.79	21	79
1972	0.79	21	79
1973	0.78	22	78
1974	0.79	21	79
1975	0.79	21	79
1976	0.79	21	79
1977	0.79	21	79
1978	0.78	22	78
1979	0.77	23	77
1980	0.76	24	76
1981	0.77	23	77
1982	0.77	23	77
1983	0.76	24	76
1984	0.77	23	77
1985	0.76	24	76
1986	0.77	23	77
1987	0.76	24	76
1988	0.76	24	76
1989	0.76	24	76
1990	0.75	25	75
1991	0.75	25	75
1992	0.75	25	75
1993	0.76	24	76
1994	0.76	24	76
1995	0.76	24	76
1996	0.76	24	76
1997	0.77	23	77
1998	0.76	24	76
1999	0.76	24	76
2000	0.24	24	76
2001	0.25	25	75
2002	0.26	26	74
2003	0.27	27	73
2004	0.27	27	73
2005	0.28	28	72
2006	0.29	29	71
2007	0.29	29	71
2008	0.30	30	70
2009	0.30	30	70
2010	0.30	30	70
2011	0.31	31	69
2012	0.32	32	68
2013	0.33	33	67
2014	0.33	33	67
2015	0.33	33	67
2016	0.34	34	66
2017	0.35	35	65
2018	0.35	35	65
2019	0.35	35	65
2020	0.36	36	64
2021	0.37	37	63
2022	0.37	37	63
2023	0.36	36	64
2024	0.36	36	64
2025	0.36	36	64
2026	0.37	37	63
2027	0.38	38	62
2028	0.38	38	62
2029	0.39	39	61
2030	0.40	40	60
2031	0.39	39	61
2032	0.39	39	61
2033	0.40	40	60
2034	0.41	41	59
2035	0.42	42	58
2036	0.43	43	57
2037	0.44	44	56
2038	0.45	45	55
2039	0.46	46	54
2040	0.45	45	55
2041	0.45	45	55
2042	0.45	45	55
2043	0.45	45	55
2044	0.46	46	54
2045	0.45	45	55
2046	0.45	45	55
2047	0.46	46	54
2048	0.47	47	53
2049	0.47	47	53
2050	0.47	47	53
2051	0.47	47	53
2052	0.48	48	52
2053	0.49	49	51
2054	0.49	49	51
2055	0.50	50	50
2056	0.51	51	49
2057	0.52	52	48
2058	0.53	53	47
2059	0.53	53	47
2060	0.54	54	46
2061	0.55	55	45
2062	0.56	56	44
2063	0.57	57	43
2064	0.57	57	43
2065	0.58	58	42
2066	0.59	59	41
2067	0.59	59	41
2068	0.60	60	40
2069	0.61	61	39
2070	0.62	62	38
2071	0.63	63	37
2072	0.64	64	36
2073	0.64	64	36
2074	0.65	65	35
2075	0.66	66	34
2076	0.66	66	34
2077	0.66	66	34
2078	0.65	65	35
2079	0.65	65	35
2080	0.65	65	35
2081	0.66	66	34
2082	0.67	67	33
2083	0.67	67	33
2084	0.68	68	32
2085	0.67	67	33
2086	0.68	68	32
2087	0.68	68	32
2088	0.68	68	32
2089	0.69	69	31
2090	0.69	69	31
2091	0.69	69	31
2092	0.70	70	30
2093	0.71	71	29
2094	0.72	72	28
2095	0.73	73	27
2096	0.74	74	26
2097	0.75	75	25
2098	0.75	75	25
2099	0.76	76	24
2100	0.76	76	24
2101	0.76	76	24
2102	0.76	76	24
2103	0.76	76	24
2104	0.77	77	23
2105	0.76	76	24
2106	0.76	76	24
2107	0.76	76	24
2108	0.76	76	24
2109	0.77	77	23
2110	0.78	78	22
2111	0.77	77	23
2112	0.77	77	23
2113	0.77	77	23
2114	0.78	78	22
2115	0.78	78	22
2116	0.77	77	23
2117	0.77	77	23
2118	0.77	77	23
2119	0.76	76	24
2120	0.76	76	24
2121	0.76	76	24
2122	0.77	77	23
2123	0.78	78	22
2124	0.79	79	21
2125	0.78	78	22
2126	0.78	78	22
2127	0.77	77	23
2128	0.78	78	22
2129	0.78	78	22
2130	0.77	77	23
2131	0.78	78	22
2132	0.77	77	23
2133	0.77	77	23
2134	0.77	77	23
2135	0.77	77	23
2136	0.77	77	23
2137	0.76	76	24
2138	0.76	76	24
2139	0.76	76	24
2140	0.77	77	23
2141	0.77	77	23
2142	0.77	77	23
2143	0.77	77	23
2144	0.77	77	23
2145	0.78	78	22
2146	0.78	78	22
2147	0.78	78	22
2148	0.78	78	22
2149	0.79	79	21
2150	0.80	80	20
2151	0.81	81	19
2152	0.80	80	20
2153	0.80	80	20
2154	0.81	81	19
2155	0.81	81	19
2156	0.81	81	19
2157	0.80	80	20
2158	0.79	79	21
2159	0.80	80	20
2160	0.80	80	20
2161	0.80	80	20
2162	0.80	80	20
2163	0.80	80	20
2164	0.81	81	19
2165	0.80	80	20
2166	0.80	80	20
2167	0.80	80	20
2168	0.80	80	20
2169	0.80	80	20
2170	0.80	80	20
2171	0.79	79	21
2172	0.79	79	21
2173	0.78	78	22
2174	0.78	78	22
2175	0.78	78	22
2176	0.79	79	21
2177	0.80	80	20
2178	0.81	81	19
2179	0.81	81	19
2180	0.81	81	19
2181	0.81	81	19
2182	0.81	81	19
2183	0.81	81	19
2184	0.81	81	19
2185	0.82	82	18
2186	0.82	82	18
2187	0.82	82	18
2188	0.83	83	17
2189	0.83	83	17
2190	0.83	83	17
2191	0.82	82	18
2192	0.82	82	18
2193	0.82	82	18
2194	0.82	82	18
2195	0.82	82	18
2196	0.82	82	18
2197	0.82	82	18
2198	0.82	82	18
2199	0.82	82	18
2200	0.83	83	17
2201	0.82	82	18
2202	0.82	82	18
2203	0.82	82	18
2204	0.82	82	18
2205	0.83	83	17
2206	0.82	82	18
2207	0.82	82	18
2208	0.82	82	18
2209	0.82	82	18
2210	0.82	82	18
2211	0.83	83	17
2212	0.83	83	17
2213	0.82	82	18
2214	0.82	82	18
2215	0.81	81	19
2216	0.82	82	18
2217	0.82	82	18
2218	0.82	82	18
2219	0.83	83	17
2220	0.83	83	17
2221	0.83	83	17
2222	0.83	83	17
2223	0.83	83	17
2224	0.83	83	17
2225	0.84	84	16
2226	0.84	84	16
2227	0.85	85	15
2228	0.85	85	15
2229	0.85	85	15
2230	0.86	86	14
2231	0.86	86	14
2232	0.87	87	13
2233	0.87	87	13
2234	0.87	87	13
2235	0.87	87	13
2236	0.86	86	14
2237	0.86	86	14
2238	0.86	86	14
2239	0.86	86	14
2240	0.86	86	14
2241	0.85	85	15
2242	0.86	86	14
2243	0.86	86	14
2244	0.86	86	14
2245	0.86	86	14
2246	0.86	86	14
2247	0.86	86	14
2248	0.85	85	15
2249	0.85	85	15
2250	0.85	85	15
2251	0.84	84	16
2252	0.84	84	16
2253	0.83	83	17
2254	0.83	83	17
2255	0.83	83	17
2256	0.83	83	17
2257	0.84	84	16
2258	0.84	84	16
2259	0.84	84	16
2260	0.84	84	16
2261	0.84	84	16
2262	0.84	84	16
2263	0.84	84	16
2264	0.84	84	16
2265	0.85	85	15
2266	0.85	85	15
2267	0.85	85	15
2268	0.84	84	16
2269	0.83	83	17
2270	0.83	83	17
2271	0.84	84	16
2272	0.83	83	17
2273	0.84	84	16
2274	0.83	83	17
2275	0.83	83	17
2276	0.83	83	17
2277	0.83	83	17
2278	0.82	82	18
2279	0.82	82	18
2280	0.82	82	18
2281	0.82	82	18
2282	0.82	82	18
2283	0.82	82	18
2284	0.82	82	18
2285	0.82	82	18
2286	0.81	81	19
2287	0.80	80	20
2288	0.80	80	20
2289	0.80	80	20
2290	0.80	80	20
2291	0.81	81	19
2292	0.81	81	19
2293	0.81	81	19
2294	0.81	81	19
2295	0.80	80	20
2296	0.79	79	21
2297	0.79	79	21
2298	0.78	78	22
2299	0.78	78	22
2300	0.78	78	22
2301	0.79	79	21
2302	0.79	79	21
2303	0.79	79	21
2304	0.78	78	22
2305	0.77	77	23
2306	0.78	78	22
2307	0.78	78	22
2308	0.78	78	22
2309	0.77	77	23
2310	0.77	77	23
2311	0.77	77	23
2312	0.77	77	23
2313	0.78	78	22
2314	0.78	78	22
2315	0.79	79	21
2316	0.79	79	21
2317	0.79	79	21
2318	0.79	79	21
2319	0.79	79	21
2320	0.79	79	21
2321	0.79	79	21
2322	0.79	79	21
2323	0.79	79	21
2324	0.79	79	21
2325	0.79	79	21
2326	0.79	79	21
2327	0.79	79	21
2328	0.79	79	21
2329	0.79	79	21
2330	0.79	79	21
2331	0.79	79	21
2332	0.79	79	21
2333	0.79	79	21
2334	0.79	79	21
2335	0.79	79	21
2336	0.80	80	20
2337	0.81	81	19
2338	0.81	81	19
2339	0.81	81	19
2340	0.81	81	19
2341	0.81	81	19
2342	0.81	81	19
2343	0.81	81	19
2344	0.81	81	19
2345	0.80	80	20
2346	0.79	79	21
2347	0.79	79	21
2348	0.80	80	20
2349	0.80	80	20
2350	0.80	80	20
2351	0.81	81	19
2352	0.82	82	18
2353	0.82	82	18
2354	0.82	82	18
2355	0.82	82	18
2356	0.82	82	18
2357	0.82	82	18
2358	0.83	83	17
2359	0.83	83	17
2360	0.83	83	17
2361	0.83	83	17
2362	0.83	83	17
2363	0.83	83	17
2364	0.82	82	18
2365	0.82	82	18
2366	0.82	82	18
2367	0.82	82	18
2368	0.83	83	17
2369	0.84	84	16
2370	0.84	84	16
2371	0.84	84	16
2372	0.85	85	15
2373	0.85	85	15
2374	0.86	86	14
2375	0.86	86	14
2376	0.86	86	14
2377	0.86	86	14
2378	0.86	86	14
2379	0.86	86	14
2380	0.85	85	15
2381	0.85	85	15
2382	0.84	84	16
2383	0.84	84	16
2384	0.84	84	16
2385	0.84	84	16
2386	0.85	85	15
2387	0.86	86	14
2388	0.86	86	14
2389	0.86	86	14
2390	0.86	86	14
2391	0.86	86	14
2392	0.86	86	14
2393	0.86	86	14
2394	0.86	86	14
2395	0.87	87	13
2396	0.87	87	13
2397	0.86	86	14
2398	0.87	87	13
2399	0.86	86	14
2400	0.86	86	14
2401	0.86	86	14
2402	0.85	85	15
2403	0.85	85	15
2404	0.86	86	14
2405	0.87	87	13
2406	0.87	87	13
2407	0.87	87	13
2408	0.86	86	14
2409	0.87	87	13
2410	0.86	86	14
2411	0.85	85	15
2412	0.84	84	16
2413	0.84	84	16
2414	0.84	84	16
2415	0.84	84	16
2416	0.84	84	16
2417	0.83	83	17
2418	0.82	82	18
2419	0.81	81	19
2420	0.80	80	20
2421	0.80	80	20
2422	0.80	80	20
2423	0.80	80	20
2424	0.80	80	20
2425	0.80	80	20
2426	0.80	80	20
2427	0.79	79	21
2428	0.79	79	21
2429	0.79	79	21
2430	0.79	79	21
2431	0.78	78	22
2432	0.78	78	22
2433	0.78	78	22
2434	0.78	78	22
2435	0.77	77	23
2436	0.77	77	23
2437	0.77	77	23
2438	0.77	77	23
2439	0.77	77	23
2440	0.77	77	23
2441	0.78	78	22
2442	0.78	78	22
2443	0.78	78	22
2444	0.78	78	22
2445	0.79	79	21
2446	0.79	79	21
2447	0.79	79	21
2448	0.79	79	21
2449	0.79	79	21
2450	0.78	78	22
2451	0.78	78	22
2452	0.77	77	23
2453	0.77	77	23
2454	0.76	76	24
2455	0.75	75	25
2456	0.75	75	25
2457	0.75	75	25
2458	0.75	75	25
2459	0.75	75	25
2460	0.75	75	25
2461	0.75	75	25
2462	0.74	74	26
2463	0.74	74	26
2464	0.75	75	25
2465	0.74	74	26
2466	0.73	73	27
2467	0.72	72	28
2468	0.71	71	29
2469	0.71	71	29
2470	0.71	71	29
2471	0.71	71	29
2472	0.71	71	29
2473	0.70	70	30
2474	0.70	70	30
2475	0.70	70	30
2476	0.69	69	31
2477	0.69	69	31
2478	0.69	69	31
2479	0.68	68	32
2480	0.69	69	31
2481	0.69	69	31
2482	0.70	70	30
2483	0.70	70	30
2484	0.70	70	30
2485	0.70	70	30
2486	0.70	70	30
2487	0.70	70	30
2488	0.70	70	30
2489	0.70	70	30
2490	0.70	70	30
2491	0.70	70	30
2492	0.70	70	30
2493	0.70	70	30
2494	0.70	70	30
2495	0.70	70	30
2496	0.71	71	29
2497	0.72	72	28
2498	0.72	72	28
2499	0.73	73	27
2500	0.73	73	27
2501	0.73	73	27
2502	0.74	74	26
2503	0.74	74	26
2504	0.74	74	26
2505	0.74	74	26
2506	0.74	74	26
2507	0.74	74	26
2508	0.75	75	25
2509	0.75	75	25
2510	0.76	76	24
2511	0.77	77	23
2512	0.78	78	22
2513	0.78	78	22
2514	0.78	78	22
2515	0.78	78	22
2516	0.77	77	23
2517	0.78	78	22
2518	0.79	79	21
2519	0.79	79	21
2520	0.80	80	20
2521	0.80	80	20
2522	0.80	80	20
2523	0.79	79	21
2524	0.79	79	21
2525	0.79	79	21
2526	0.79	79	21
2527	0.80	80	20
2528	0.80	80	20
2529	0.80	80	20
2530	0.80	80	20
2531	0.81	81	19
2532	0.80	80	20
2533	0.79	79	21
2534	0.79	79	21
2535	0.80	80	20
2536	0.80	80	20
2537	0.80	80	20
2538	0.80	80	20
2539	0.80	80	20
2540	0.79	79	21
2541	0.79	79	21
2542	0.79	79	21
2543	0.79	79	21
2544	0.79	79	21
2545	0.79	79	21
2546	0.80	80	20
2547	0.80	80	20
2548	0.80	80	20
2549	0.79	79	21
2550	0.80	80	20
2551	0.79	79	21
2552	0.79	79	21
2553	0.79	79	21
2554	0.80	80	20
2555	0.81	81	19
2556	0.80	80	20
2557	0.80	80	20
2558	0.79	79	21
2559	0.79	79	21
2560	0.79	79	21
2561	0.79	79	21
2562	0.80	80	20
2563	0.80	80	20
2564	0.80	80	20
2565	0.81	81	19
2566	0.82	82	18
2567	0.83	83	17
2568	0.84	84	16
2569	0.84	84	16
2570	0.83	83	17
2571	0.82	82	18
2572	0.82	82	18
2573	0.83	83	17
2574	0.83	83	17
2575	0.83	83	17
2576	0.84	84	16
2577	0.84	84	16
2578	0.85	85	15
2579	0.85	85	15
2580	0.85	85	15
2581	0.85	85	15
2582	0.84	84	16
2583	0.84	84	16
2584	0.84	84	16
2585	0.84	84	16
2586	0.83	83	17
2587	0.83	83	17
2588	0.82	82	18
2589	0.81	81	19
2590	0.81	81	19
2591	0.81	81	19
2592	0.81	81	19
2593	0.80	80	20
2594	0.79	79	21
2595	0.79	79	21
2596	0.78	78	22
2597	0.78	78	22
2598	0.78	78	22
2599	0.77	77	23
2600	0.76	76	24
2601	0.76	76	24
2602	0.76	76	24
2603	0.76	76	24
2604	0.75	75	25
2605	0.75	75	25
2606	0.75	75	25
2607	0.75	75	25
2608	0.74	74	26
2609	0.74	74	26
2610	0.74	74	26
2611	0.73	73	27
2612	0.73	73	27
2613	0.72	72	28
2614	0.72	72	28
2615	0.72	72	28
2616	0.73	73	27
2617	0.73	73	27
2618	0.72	72	28
2619	0.73	73	27
2620	0.73	73	27
2621	0.73	73	27
2622	0.73	73	27
2623	0.74	74	26
2624	0.74	74	26
2625	0.73	73	27
2626	0.73	73	27
2627	0.72	72	28
2628	0.72	72	28
2629	0.72	72	28
2630	0.72	72	28
2631	0.72	72	28
2632	0.73	73	27
2633	0.74	74	26
2634	0.74	74	26
2635	0.74	74	26
2636	0.74	74	26
2637	0.74	74	26
2638	0.73	73	27
2639	0.73	73	27
2640	0.74	74	26
2641	0.74	74	26
2642	0.74	74	26
2643	0.74	74	26
2644	0.74	74	26
2645	0.74	74	26
2646	0.73	73	27
2647	0.73	73	27
2648	0.73	73	27
2649	0.73	73	27
2650	0.73	73	27
2651	0.74	74	26
2652	0.75	75	25
2653	0.76	76	24
2654	0.75	75	25
2655	0.75	75	25
2656	0.75	75	25
2657	0.75	75	25
2658	0.76	76	24
2659	0.76	76	24
2660	0.76	76	24
2661	0.76	76	24
2662	0.76	76	24
2663	0.76	76	24
2664	0.76	76	24
2665	0.75	75	25
2666	0.75	75	25
2667	0.75	75	25
2668	0.74	74	26
2669	0.73	73	27
2670	0.73	73	27
2671	0.74	74	26
2672	0.74	74	26
2673	0.74	74	26
2674	0.74	74	26
2675	0.74	74	26
2676	0.74	74	26
2677	0.74	74	26
2678	0.73	73	27
2679	0.74	74	26
2680	0.73	73	27
2681	0.73	73	27
2682	0.73	73	27
2683	0.73	73	27
2684	0.73	73	27
2685	0.73	73	27
2686	0.74	74	26
2687	0.73	73	27
2688	0.74	74	26
2689	0.75	75	25
2690	0.74	74	26
2691	0.74	74	26
2692	0.74	74	26
2693	0.74	74	26
2694	0.75	75	25
2695	0.75	75	25
2696	0.75	75	25
2697	0.75	75	25
2698	0.74	74	26
2699	0.75	75	25
2700	0.76	76	24
2701	0.75	75	25
2702	0.74	74	26
2703	0.73	73	27
2704	0.74	74	26
2705	0.73	73	27
2706	0.73	73	27
2707	0.73	73	27
2708	0.73	73	27
2709	0.72	72	28
2710	0.72	72	28
2711	0.73	73	27
2712	0.72	72	28
2713	0.73	73	27
2714	0.73	73	27
2715	0.73	73	27
2716	0.73	73	27
2717	0.72	72	28
2718	0.73	73	27
2719	0.73	73	27
2720	0.73	73	27
2721	0.73	73	27
2722	0.73	73	27
2723	0.73	73	27
2724	0.73	73	27
2725	0.73	73	27
2726	0.73	73	27
2727	0.74	74	26
2728	0.74	74	26
2729	0.74	74	26
2730	0.74	74	26
2731	0.74	74	26
2732	0.74	74	26
2733	0.74	74	26
2734	0.74	74	26
2735	0.74	74	26
2736	0.73	73	27
2737	0.73	73	27
2738	0.74	74	26
2739	0.74	74	26
2740	0.74	74	26
2741	0.74	74	26
2742	0.74	74	26
2743	0.74	74	26
2744	0.74	74	26
2745	0.74	74	26
2746	0.75	75	25
2747	0.74	74	26
2748	0.73	73	27
2749	0.73	73	27
2750	0.73	73	27
2751	0.73	73	27
2752	0.73	73	27
2753	0.73	73	27
2754	0.74	74	26
2755	0.74	74	26
2756	0.75	75	25
2757	0.75	75	25
2758	0.74	74	26
2759	0.73	73	27
2760	0.73	73	27
2761	0.73	73	27
2762	0.73	73	27
2763	0.72	72	28
2764	0.72	72	28
2765	0.73	73	27
2766	0.73	73	27
2767	0.72	72	28
2768	0.73	73	27
2769	0.73	73	27
2770	0.74	74	26
2771	0.74	74	26
2772	0.73	73	27
2773	0.73	73	27
2774	0.72	72	28
2775	0.72	72	28
2776	0.72	72	28
2777	0.71	71	29
2778	0.72	72	28
2779	0.71	71	29
2780	0.71	71	29
2781	0.71	71	29
2782	0.71	71	29
2783	0.70	70	30
2784	0.70	70	30
2785	0.69	69	31
2786	0.68	68	32
2787	0.69	69	31
2788	0.69	69	31
2789	0.69	69	31
2790	0.70	70	30
2791	0.70	70	30
2792	0.69	69	31
2793	0.70	70	30
2794	0.70	70	30
2795	0.70	70	30
2796	0.70	70	30
2797	0.70	70	30
2798	0.70	70	30
2799	0.70	70	30
2800	0.70	70	30
2801	0.71	71	29
2802	0.72	72	28
2803	0.73	73	27
2804	0.72	72	28
2805	0.73	73	27
2806	0.73	73	27
2807	0.73	73	27
2808	0.74	74	26
2809	0.75	75	25
2810	0.75	75	25
2811	0.74	74	26
2812	0.74	74	26
2813	0.74	74	26
2814	0.74	74	26
2815	0.73	73	27
2816	0.73	73	27
2817	0.74	74	26
2818	0.74	74	26
2819	0.74	74	26
2820	0.73	73	27
2821	0.72	72	28
2822	0.71	71	29
2823	0.71	71	29
2824	0.71	71	29
2825	0.71	71	29
2826	0.71	71	29
2827	0.71	71	29
2828	0.71	71	29
2829	0.71	71	29
2830	0.71	71	29
2831	0.71	71	29
2832	0.71	71	29
2833	0.71	71	29
2834	0.71	71	29
2835	0.71	71	29
2836	0.71	71	29
2837	0.71	71	29
2838	0.70	70	30
2839	0.70	70	30
2840	0.70	70	30
2841	0.70	70	30
2842	0.70	70	30
2843	0.70	70	30
2844	0.70	70	30
2845	0.70	70	30
2846	0.70	70	30
2847	0.71	71	29
2848	0.72	72	28
2849	0.73	73	27
2850	0.73	73	27
2851	0.72	72	28
2852	0.72	72	28
2853	0.72	72	28
2854	0.72	72	28
2855	0.72	72	28
2856	0.72	72	28
2857	0.72	72	28
2858	0.73	73	27
2859	0.74	74	26
2860	0.74	74	26
2861	0.74	74	26
2862	0.74	74	26
2863	0.75	75	25
2864	0.75	75	25
2865	0.75	75	25
2866	0.75	75	25
2867	0.76	76	24
2868	0.75	75	25
2869	0.75	75	25
2870	0.75	75	25
2871	0.75	75	25
2872	0.76	76	24
2873	0.76	76	24
2874	0.77	77	23
2875	0.77	77	23
2876	0.77	77	23
2877	0.78	78	22
2878	0.78	78	22
2879	0.79	79	21
2880	0.80	80	20
2881	0.80	80	20
2882	0.81	81	19
2883	0.82	82	18
2884	0.82	82	18
2885	0.83	83	17
2886	0.84	84	16
2887	0.84	84	16
2888	0.84	84	16
2889	0.84	84	16
2890	0.84	84	16
2891	0.83	83	17
2892	0.84	84	16
2893	0.84	84	16
2894	0.84	84	16
2895	0.83	83	17
2896	0.84	84	16
2897	0.83	83	17
2898	0.84	84	16
2899	0.84	84	16
2900	0.83	83	17
2901	0.83	83	17
2902	0.83	83	17
2903	0.83	83	17
2904	0.83	83	17
2905	0.83	83	17
2906	0.83	83	17
2907	0.83	83	17
2908	0.82	82	18
2909	0.82	82	18
2910	0.82	82	18
2911	0.83	83	17
2912	0.84	84	16
2913	0.84	84	16
2914	0.84	84	16
2915	0.85	85	15
2916	0.84	84	16
2917	0.84	84	16
2918	0.83	83	17
2919	0.83	83	17
2920	0.84	84	16
2921	0.84	84	16
2922	0.85	85	15
2923	0.84	84	16
2924	0.84	84	16
2925	0.85	85	15
2926	0.85	85	15
2927	0.85	85	15
2928	0.85	85	15
2929	0.85	85	15
2930	0.85	85	15
2931	0.85	85	15
2932	0.85	85	15
2933	0.85	85	15
2934	0.84	84	16
2935	0.84	84	16
2936	0.85	85	15
2937	0.84	84	16
2938	0.85	85	15
2939	0.85	85	15
2940	0.85	85	15
2941	0.84	84	16
2942	0.84	84	16
2943	0.84	84	16
2944	0.84	84	16
2945	0.84	84	16
2946	0.83	83	17
2947	0.83	83	17
2948	0.83	83	17
2949	0.83	83	17
2950	0.82	82	18
2951	0.83	83	17
2952	0.83	83	17
2953	0.82	82	18
2954	0.82	82	18
2955	0.82	82	18
2956	0.81	81	19
2957	0.81	81	19
2958	0.81	81	19
2959	0.81	81	19
2960	0.80	80	20
2961	0.80	80	20
2962	0.80	80	20
2963	0.80	80	20
2964	0.80	80	20
2965	0.80	80	20
2966	0.80	80	20
2967	0.79	79	21
2968	0.80	80	20
2969	0.81	81	19
2970	0.81	81	19
2971	0.80	80	20
2972	0.80	80	20
2973	0.80	80	20
2974	0.80	80	20
2975	0.80	80	20
2976	0.80	80	20
2977	0.80	80	20
2978	0.80	80	20
2979	0.80	80	20
2980	0.79	79	21
2981	0.79	79	21
2982	0.79	79	21
2983	0.79	79	21
2984	0.79	79	21
2985	0.79	79	21
2986	0.79	79	21
2987	0.79	79	21
2988	0.78	78	22
2989	0.78	78	22
2990	0.77	77	23
2991	0.78	78	22
2992	0.78	78	22
2993	0.78	78	22
2994	0.78	78	22
2995	0.78	78	22
2996	0.78	78	22
2997	0.79	79	21
2998	0.79	79	21
2999	0.78	78	22
3000	0.21	79	21
3001	0.22	78	22
3002	0.23	77	23
3003	0.24	76	24
3004	0.24	76	24
3005	0.25	75	25
3006	0.26	74	26
3007	0.26	74	26
3008	0.26	74	26
3009	0.27	73	27
3010	0.28	72	28
3011	0.29	71	29
3012	0.30	70	30
3013	0.31	69	31
3014	0.31	69	31
3015	0.32	68	32
3016	0.31	69	31
3017	0.32	68	32
3018	0.31	69	31
3019	0.32	68	32
3020	0.33	67	33
3021	0.32	68	32
3022	0.33	67	33
3023	0.33	67	33
3024	0.34	66	34
3025	0.35	65	35
3026	0.35	65	35
3027	0.36	64	36
3028	0.36	64	36
3029	0.37	63	37
3030	0.38	62	38
3031	0.38	62	38
3032	0.38	62	38
3033	0.39	61	39
3034	0.38	62	38
3035	0.39	61	39
3036	0.40	60	40
3037	0.40	60	40
3038	0.40	60	40
3039	0.41	59	41
3040	0.42	58	42
3041	0.42	58	42
3042	0.43	57	43
3043	0.43	57	43
3044	0.44	56	44
3045	0.45	55	45
3046	0.44	56	44
3047	0.45	55	45
3048	0.45	55	45
3049	0.45	55	45
3050	0.45	55	45
3051	0.45	55	45
3052	0.46	54	46
3053	0.46	54	46
3054	0.47	53	47
3055	0.48	52	48
3056	0.47	53	47
3057	0.47	53	47
3058	0.48	52	48
3059	0.49	51	49
3060	0.49	51	49
3061	0.50	50	50
3062	0.51	49	51
3063	0.52	48	52
3064	0.53	47	53
3065	0.53	47	53
3066	0.53	47	53
3067	0.52	48	52
3068	0.53	47	53
3069	0.53	47	53
3070	0.54	46	54
3071	0.54	46	54
3072	0.55	45	55
3073	0.56	44	56
3074	0.56	44	56
3075	0.57	43	57
3076	0.58	42	58
3077	0.58	42	58
3078	0.58	42	58
3079	0.59	41	59
3080	0.59	41	59
3081	0.60	40	60
3082	0.61	39	61
3083	0.62	38	62
3084	0.63	37	63
3085	0.64	36	64
3086	0.65	35	65
3087	0.66	34	66
3088	0.66	34	66
3089	0.67	33	67
3090	0.67	33	67
3091	0.68	32	68
3092	0.69	31	69
3093	0.70	30	70
3094	0.71	29	71
3095	0.71	29	71
3096	0.72	28	72
3097	0.73	27	73
3098	0.74	26	74
3099	0.74	26	74
3100	0.75	25	75
3101	0.75	25	75
3102	0.75	25	75
3103	0.75	25	75
3104	0.74	26	74
3105	0.74	26	74
3106	0.73	27	73
3107	0.74	26	74
3108	0.74	26	74
3109	0.74	26	74
3110	0.74	26	74
3111	0.74	26	74
3112	0.74	26	74
3113	0.74	26	74
3114	0.75	25	75
3115	0.75	25	75
3116	0.76	24	76
3117	0.76	24	76
3118	0.77	23	77
3119	0.77	23	77
3120	0.77	23	77
3121	0.78	22	78
3122	0.77	23	77
3123	0.77	23	77
3124	0.77	23	77
3125	0.77	23	77
3126	0.77	23	77
3127	0.76	24	76
3128	0.77	23	77
3129	0.77	23	77
3130	0.76	24	76
3131	0.77	23	77
3132	0.78	22	78
3133	0.78	22	78
3134	0.78	22	78
3135	0.78	22	78
3136	0.77	23	77
3137	0.77	23	77
3138	0.78	22	78
3139	0.77	23	77
3140	0.77	23	77
3141	0.77	23	77
3142	0.77	23	77
3143	0.78	22	78
3144	0.77	23	77
3145	0.77	23	77
3146	0.78	22	78
3147	0.78	22	78
3148	0.79	21	79
3149	0.80	20	80
3150	0.80	20	80
3151	0.81	19	81
3152	0.81	19	81
3153	0.80	20	80
3154	0.79	21	79
3155	0.79	21	79
3156	0.80	20	80
3157	0.81	19	81
3158	0.80	20	80
3159	0.80	20	80
3160	0.79	21	79
3161	0.79	21	79
3162	0.78	22	78
3163	0.78	22	78
3164	0.78	22	78
3165	0.79	21	79
3166	0.80	20	80
3167	0.80	20	80
3168	0.80	20	80
3169	0.80	20	80
3170	0.80	20	80
3171	0.80	20	80
3172	0.80	20	80
3173	0.80	20	80
3174	0.81	19	81
3175	0.80	20	80
3176	0.80	20	80
3177	0.81	19	81
3178	0.82	18	82
3179	0.82	18	82
3180	0.82	18	82
3181	0.82	18	82
3182	0.82	18	82
3183	0.81	19	81
3184	0.81	19	81
3185	0.81	19	81
3186	0.81	19	81
3187	0.81	19	81
3188	0.81	19	81
3189	0.81	19	81
3190	0.81	19	81
3191	0.81	19	81
3192	0.81	19	81
3193	0.81	19	81
3194	0.81	19	81
3195	0.81	19	81
3196	0.81	19	81
3197	0.81	19	81
3198	0.80	20	80
3199	0.80	20	80
3200	0.80	20	80
3201	0.79	21	79
3202	0.79	21	79
3203	0.79	21	79
3204	0.80	20	80
3205	0.80	20	80
3206	0.81	19	81
3207	0.81	19	81
3208	0.80	20	80
3209	0.80	20	80
3210	0.80	20	80
3211	0.80	20	80
3212	0.80	20	80
3213	0.80	20	80
3214	0.80	20	80
3215	0.80	20	80
3216	0.80	20	80
3217	0.79	21	79
3218	0.78	22	78
3219	0.78	22	78
3220	0.78	22	78
3221	0.77	23	77
3222	0.77	23	77
3223	0.77	23	77
3224	0.77	23	77
3225	0.77	23	77
3226	0.78	22	78
3227	0.79	21	79
3228	0.79	21	79
3229	0.79	21	79
3230	0.80	20	80
3231	0.80	20	80
3232	0.80	20	80
3233	0.80	20	80
3234	0.81	19	81
3235	0.81	19	81
3236	0.81	19	81
3237	0.81	19	81
3238	0.81	19	81
3239	0.82	18	82
3240	0.81	19	81
3241	0.80	20	80
3242	0.80	20	80
3243	0.79	21	79
3244	0.80	20	80
3245	0.80	20	80
3246	0.80	20	80
3247	0.80	20	80
3248	0.79	21	79
3249	0.79	21	79
3250	0.78	22	78
3251	0.78	22	78
3252	0.78	22	78
3253	0.79	21	79
3254	0.80	20	80
3255	0.79	21	79
3256	0.79	21	79
3257	0.79	21	79
3258	0.80	20	80
3259	0.80	20	80
3260	0.80	20	80
3261	0.80	20	80
3262	0.81	19	81
3263	0.80	20	80
3264	0.80	20	80
3265	0.79	21	79
3266	0.79	21	79
3267	0.80	20	80
3268	0.80	20	80
3269	0.81	19	81
3270	0.80	20	80
3271	0.80	20	80
3272	0.80	20	80
3273	0.80	20	80
3274	0.79	21	79
3275	0.79	21	79
3276	0.79	21	79
3277	0.79	21	79
3278	0.79	21	79
3279	0.79	21	79
3280	0.79	21	79
3281	0.79	21	79
3282	0.79	21	79
3283	0.79	21	79
3284	0.79	21	79
3285	0.79	21	79
3286	0.79	21	79
3287	0.79	21	79
3288	0.78	22	78
3289	0.78	22	78
3290	0.78	22	78
3291	0.77	23	77
3292	0.76	24	76
3293	0.76	24	76
3294	0.76	24	76
3295	0.76	24	76
3296	0.75	25	75
3297	0.75	25	75
3298	0.76	24	76
3299	0.76	24	76
3300	0.76	24	76
3301	0.77	23	77
3302	0.77	23	77
3303	0.76	24	76
3304	0.76	24	76
3305	0.75	25	75
3306	0.75	25	75
3307	0.75	25	75
3308	0.76	24	76
3309	0.76	24	76
3310	0.76	24	76
3311	0.76	24	76
3312	0.76	24	76
3313	0.76	24	76
3314	0.76	24	76
3315	0.76	24	76
3316	0.76	24	76
3317	0.77	23	77
3318	0.78	22	78
3319	0.78	22	78
3320	0.78	22	78
3321	0.79	21	79
3322	0.80	20	80
3323	0.80	20	80
3324	0.80	20	80
3325	0.79	21	79
3326	0.79	21	79
3327	0.79	21	79
3328	0.79	21	79
3329	0.79	21	79
3330	0.79	21	79
3331	0.79	21	79
3332	0.78	22	78
3333	0.78	22	78
3334	0.78	22	78
3335	0.77	23	77
3336	0.78	22	78
3337	0.78	22	78
3338	0.77	23	77
3339	0.77	23	77
3340	0.78	22	78
3341	0.79	21	79
3342	0.79	21	79
3343	0.80	20	80
3344	0.79	21	79
3345	0.79	21	79
3346	0.79	21	79
3347	0.79	21	79
3348	0.80	20	80
3349	0.80	20	80
3350	0.81	19	81
3351	0.81	19	81
3352	0.80	20	80
3353	0.80	20	80
3354	0.79	21	79
3355	0.80	20	80
3356	0.80	20	80
3357	0.80	20	80
3358	0.80	20	80
3359	0.80	20	80
3360	0.81	19	81
3361	0.81	19	81
3362	0.81	19	81
3363	0.81	19	81
3364	0.81	19	81
3365	0.82	18	82
3366	0.81	19	81
3367	0.81	19	81
3368	0.81	19	81
3369	0.81	19	81
3370	0.82	18	82
3371	0.82	18	82
3372	0.81	19	81
3373	0.81	19	81
3374	0.82	18	82
3375	0.83	17	83
3376	0.82	18	82
3377	0.82	18	82
3378	0.82	18	82
3379	0.82	18	82
3380	0.82	18	82
3381	0.81	19	81
3382	0.81	19	81
3383	0.81	19	81
3384	0.81	19	81
3385	0.80	20	80
3386	0.80	20	80
3387	0.79	21	79
3388	0.80	20	80
3389	0.79	21	79
3390	0.79	21	79
3391	0.80	20	80
3392	0.81	19	81
3393	0.81	19	81
3394	0.81	19	81
3395	0.81	19	81
3396	0.81	19	81
3397	0.81	19	81
3398	0.81	19	81
3399	0.81	19	81
3400	0.81	19	81
3401	0.80	20	80
3402	0.79	21	79
3403	0.80	20	80
3404	0.79	21	79
3405	0.80	20	80
3406	0.80	20	80
3407	0.80	20	80
3408	0.79	21	79
3409	0.78	22	78
3410	0.78	22	78
3411	0.78	22	78
3412	0.78	22	78
3413	0.78	22	78
3414	0.78	22	78
3415	0.77	23	77
3416	0.77	23	77
3417	0.76	24	76
3418	0.75	25	75
3419	0.75	25	75
3420	0.75	25	75
3421	0.75	25	75
3422	0.75	25	75
3423	0.74	26	74
3424	0.73	27	73
3425	0.74	26	74
3426	0.74	26	74
3427	0.73	27	73
3428	0.73	27	73
3429	0.72	28	72
3430	0.72	28	72
3431	0.72	28	72
3432	0.73	27	73
3433	0.72	28	72
3434	0.72	28	72
3435	0.73	27	73
3436	0.73	27	73
3437	0.73	27	73
3438	0.74	26	74
3439	0.74	26	74
3440	0.74	26	74
3441	0.73	27	73
3442	0.73	27	73
3443	0.72	28	72
3444	0.73	27	73
3445	0.72	28	72
3446	0.72	28	72
3447	0.72	28	72
3448	0.72	28	72
3449	0.71	29	71
3450	0.71	29	71
3451	0.71	29	71
3452	0.72	28	72
3453	0.72	28	72
3454	0.73	27	73
3455	0.73	27	73
3456	0.73	27	73
3457	0.73	27	73
3458	0.73	27	73
3459	0.73	27	73
3460	0.73	27	73
3461	0.73	27	73
3462	0.73	27	73
3463	0.74	26	74
3464	0.74	26	74
3465	0.74	26	74
3466	0.75	25	75
3467	0.75	25	75
3468	0.75	25	75
3469	0.75	25	75
3470	0.74	26	74
3471	0.74	26	74
3472	0.74	26	74
3473	0.74	26	74
3474	0.73	27	73
3475	0.73	27	73
3476	0.73	27	73
3477	0.73	27	73
3478	0.73	27	73
3479	0.72	28	72
3480	0.71	29	71
3481	0.72	28	72
3482	0.72	28	72
3483	0.73	27	73
3484	0.72	28	72
3485	0.73	27	73
3486	0.73	27	73
3487	0.74	26	74
3488	0.74	26	74
3489	0.75	25	75
3490	0.75	25	75
3491	0.75	25	75
3492	0.75	25	75
3493	0.75	25	75
3494	0.75	25	75
3495	0.75	25	75
3496	0.76	24	76
3497	0.76	24	76
3498	0.76	24	76
3499	0.76	24	76
3500	0.76	24	76
3501	0.77	23	77
3502	0.78	22	78
3503	0.78	22	78
3504	0.78	22	78
3505	0.78	22	78
3506	0.78	22	78
3507	0.78	22	78
3508	0.78	22	78
3509	0.79	21	79
3510	0.79	21	79
3511	0.79	21	79
3512	0.79	21	79
3513	0.79	21	79
3514	0.79	21	79
3515	0.80	20	80
3516	0.80	20	80
3517	0.81	19	81
3518	0.82	18	82
3519	0.82	18	82
3520	0.82	18	82
3521	0.82	18	82
3522	0.81	19	81
3523	0.82	18	82
3524	0.83	17	83
3525	0.83	17	83
3526	0.83	17	83
3527	0.84	16	84
3528	0.84	16	84
3529	0.85	15	85
3530	0.85	15	85
3531	0.85	15	85
3532	0.84	16	84
3533	0.84	16	84
3534	0.83	17	83
3535	0.83	17	83
3536	0.83	17	83
3537	0.83	17	83
3538	0.83	17	83
3539	0.83	17	83
3540	0.83	17	83
3541	0.84	16	84
3542	0.84	16	84
3543	0.85	15	85
3544	0.85	15	85
3545	0.86	14	86
3546	0.86	14	86
3547	0.86	14	86
3548	0.86	14	86
3549	0.87	13	87
3550	0.87	13	87
3551	0.87	13	87
3552	0.87	13	87
3553	0.87	13	87
3554	0.87	13	87
3555	0.86	14	86
3556	0.86	14	86
3557	0.86	14	86
3558	0.86	14	86
3559	0.86	14	86
3560	0.86	14	86
3561	0.86	14	86
3562	0.86	14	86
3563	0.86	14	86
3564	0.86	14	86
3565	0.86	14	86
3566	0.85	15	85
3567	0.85	15	85
3568	0.84	16	84
3569	0.84	16	84
3570	0.85	15	85
3571	0.84	16	84
3572	0.85	15	85
3573	0.85	15	85
3574	0.85	15	85
3575	0.85	15	85
3576	0.86	14	86
3577	0.86	14	86
3578	0.86	14	86
3579	0.86	14	86
3580	0.87	13	87
3581	0.87	13	87
3582	0.87	13	87
3583	0.87	13	87
3584	0.88	12	88
3585	0.87	13	87
3586	0.87	13	87
3587	0.87	13	87
3588	0.87	13	87
3589	0.86	14	86
3590	0.86	14	86
3591	0.86	14	86
3592	0.86	14	86
3593	0.85	15	85
3594	0.85	15	85
3595	0.85	15	85
3596	0.85	15	85
3597	0.85	15	85
3598	0.85	15	85
3599	0.85	15	85
3600	0.85	15	85
3601	0.85	15	85
3602	0.85	15	85
3603	0.85	15	85
3604	0.86	14	86
3605	0.86	14	86
3606	0.86	14	86
3607	0.86	14	86
3608	0.87	13	87
3609	0.87	13	87
3610	0.87	13	87
3611	0.87	13	87
3612	0.87	13	87
3613	0.86	14	86
3614	0.86	14	86
3615	0.86	14	86
3616	0.86	14	86
3617	0.86	14	86
3618	0.86	14	86
3619	0.86	14	86
3620	0.86	14	86
3621	0.86	14	86
3622	0.87	13	87
3623	0.86	14	86
3624	0.85	15	85
3625	0.85	15	85
3626	0.84	16	84
3627	0.84	16	84
3628	0.83	17	83
3629	0.83	17	83
3630	0.83	17	83
3631	0.83	17	83
3632	0.84	16	84
3633	0.85	15	85
3634	0.86	14	86
3635	0.86	14	86
3636	0.86	14	86
3637	0.86	14	86
3638	0.86	14	86
3639	0.86	14	86
3640	0.86	14	86
3641	0.85	15	85
3642	0.84	16	84
3643	0.84	16	84
3644	0.84	16	84
3645	0.84	16	84
3646	0.84	16	84
3647	0.84	16	84
3648	0.83	17	83
3649	0.83	17	83
3650	0.82	18	82
3651	0.82	18	82
3652	0.82	18	82
3653	0.82	18	82
3654	0.82	18	82
3655	0.83	17	83
3656	0.83	17	83
3657	0.83	17	83
3658	0.83	17	83
3659	0.83	17	83
3660	0.83	17	83
3661	0.83	17	83
3662	0.83	17	83
3663	0.83	17	83
3664	0.83	17	83
3665	0.82	18	82
3666	0.83	17	83
3667	0.82	18	82
3668	0.83	17	83
3669	0.83	17	83
3670	0.83	17	83
3671	0.83	17	83
3672	0.83	17	83
3673	0.83	17	83
3674	0.84	16	84
3675	0.84	16	84
3676	0.84	16	84
3677	0.83	17	83
3678	0.83	17	83
3679	0.84	16	84
3680	0.84	16	84
3681	0.84	16	84
3682	0.84	16	84
3683	0.84	16	84
3684	0.84	16	84
3685	0.85	15	85
3686	0.85	15	85
3687	0.85	15	85
3688	0.85	15	85
3689	0.86	14	86
3690	0.85	15	85
3691	0.85	15	85
3692	0.85	15	85
3693	0.86	14	86
3694	0.86	14	86
3695	0.86	14	86
3696	0.86	14	86
3697	0.86	14	86
3698	0.86	14	86
3699	0.85	15	85
3700	0.85	15	85
3701	0.85	15	85
3702	0.85	15	85
3703	0.85	15	85
3704	0.84	16	84
3705	0.84	16	84
3706	0.83	17	83
3707	0.83	17	83
3708	0.83	17	83
3709	0.83	17	83
3710	0.82	18	82
3711	0.81	19	81
3712	0.81	19	81
3713	0.82	18	82
3714	0.82	18	82
3715	0.81	19	81
3716	0.81	19	81
3717	0.81	19	81
3718	0.81	19	81
3719	0.81	19	81
3720	0.81	19	81
3721	0.80	20	80
3722	0.80	20	80
3723	0.81	19	81
3724	0.82	18	82
3725	0.82	18	82
3726	0.83	17	83
3727	0.83	17	83
3728	0.83	17	83
3729	0.83	17	83
3730	0.83	17	83
3731	0.83	17	83
3732	0.83	17	83
3733	0.83	17	83
3734	0.82	18	82
3735	0.81	19	81
3736	0.81	19	81
3737	0.81	19	81
3738	0.81	19	81
3739	0.80	20	80
3740	0.80	20	80
3741	0.80	20	80
3742	0.81	19	81
3743	0.81	19	81
3744	0.81	19	81
3745	0.80	20	80
3746	0.80	20	80
3747	0.79	21	79
3748	0.79	21	79
3749	0.79	21	79
3750	0.80	20	80
3751	0.80	20	80
3752	0.80	20	80
3753	0.80	20	80
3754	0.80	20	80
3755	0.80	20	80
3756	0.80	20	80
3757	0.80	20	80
3758	0.80	20	80
3759	0.80	20	80
3760	0.80	20	80
3761	0.79	21	79
3762	0.79	21	79
3763	0.79	21	79
3764	0.79	21	79
3765	0.80	20	80
3766	0.80	20	80
3767	0.81	19	81
3768	0.81	19	81
3769	0.81	19	81
3770	0.81	19	81
3771	0.81	19	81
3772	0.81	19	81
3773	0.80	20	80
3774	0.80	20	80
3775	0.80	20	80
3776	0.80	20	80
3777	0.81	19	81
3778	0.81	19	81
3779	0.81	19	81
3780	0.81	19	81
3781	0.80	20	80
3782	0.80	20	80
3783	0.80	20	80
3784	0.80	20	80
3785	0.79	21	79
3786	0.79	21	79
3787	0.79	21	79
3788	0.79	21	79
3789	0.78	22	78
3790	0.79	21	79
3791	0.79	21	79
3792	0.79	21	79
3793	0.79	21	79
3794	0.79	21	79
3795	0.79	21	79
3796	0.79	21	79
3797	0.79	21	79
3798	0.79	21	79
3799	0.80	20	80
3800	0.80	20	80
3801	0.80	20	80
3802	0.80	20	80
3803	0.80	20	80
3804	0.80	20	80
3805	0.80	20	80
3806	0.81	19	81
3807	0.81	19	81
3808	0.80	20	80
3809	0.80	20	80
3810	0.81	19	81
3811	0.82	18	82
3812	0.82	18	82
3813	0.82	18	82
3814	0.82	18	82
3815	0.83	17	83
3816	0.83	17	83
3817	0.83	17	83
3818	0.83	17	83
3819	0.83	17	83
3820	0.82	18	82
3821	0.83	17	83
3822	0.82	18	82
3823	0.81	19	81
3824	0.81	19	81
3825	0.81	19	81
3826	0.81	19	81
3827	0.81	19	81
3828	0.81	19	81
3829	0.80	20	80
3830	0.79	21	79
3831	0.79	21	79
3832	0.79	21	79
3833	0.79	21	79
3834	0.79	21	79
3835	0.80	20	80
3836	0.80	20	80
3837	0.80	20	80
3838	0.79	21	79
3839	0.80	20	80
3840	0.80	20	80
3841	0.81	19	81
3842	0.81	19	81
3843	0.81	19	81
3844	0.81	19	81
3845	0.81	19	81
3846	0.81	19	81
3847	0.82	18	82
3848	0.82	18	82
3849	0.82	18	82
3850	0.82	18	82
3851	0.82	18	82
3852	0.81	19	81
3853	0.81	19	81
3854	0.81	19	81
3855	0.80	20	80
3856	0.80	20	80
3857	0.80	20	80
3858	0.80	20	80
3859	0.80	20	80
3860	0.80	20	80
3861	0.81	19	81
3862	0.81	19	81
3863	0.81	19	81
3864	0.81	19	81
3865	0.81	19	81
3866	0.81	19	81
3867	0.81	19	81
3868	0.81	19	81
3869	0.81	19	81
3870	0.81	19	81
3871	0.82	18	82
3872	0.82	18	82
3873	0.83	17	83
3874	0.83	17	83
3875	0.83	17	83
3876	0.83	17	83
3877	0.83	17	83
3878	0.83	17	83
3879	0.83	17	83
3880	0.83	17	83
3881	0.84	16	84
3882	0.84	16	84
3883	0.84	16	84
3884	0.84	16	84
3885	0.85	15	85
3886	0.84	16	84
3887	0.84	16	84
3888	0.84	16	84
3889	0.85	15	85
3890	0.84	16	84
3891	0.84	16	84
3892	0.84	16	84
3893	0.84	16	84
3894	0.84	16	84
3895	0.84	16	84
3896	0.84	16	84
3897	0.84	16	84
3898	0.84	16	84
3899	0.84	16	84
3900	0.84	16	84
3901	0.84	16	84
3902	0.84	16	84
3903	0.84	16	84
3904	0.85	15	85
3905	0.85	15	85
3906	0.85	15	85
3907	0.84	16	84
3908	0.84	16	84
3909	0.84	16	84
3910	0.84	16	84
3911	0.83	17	83
3912	0.83	17	83
3913	0.83	17	83
3914	0.83	17	83
3915	0.83	17	83
3916	0.83	17	83
3917	0.82	18	82
3918	0.82	18	82
3919	0.82	18	82
3920	0.83	17	83
3921	0.82	18	82
3922	0.83	17	83
3923	0.84	16	84
3924	0.83	17	83
3925	0.83	17	83
3926	0.83	17	83
3927	0.83	17	83
3928	0.83	17	83
3929	0.84	16	84
3930	0.85	15	85
3931	0.85	15	85
3932	0.85	15	85
3933	0.85	15	85
3934	0.86	14	86
3935	0.86	14	86
3936	0.86	14	86
3937	0.86	14	86
3938	0.87	13	87
3939	0.87	13	87
3940	0.86	14	86
3941	0.86	14	86
3942	0.86	14	86
3943	0.86	14	86
3944	0.86	14	86
3945	0.87	13	87
3946	0.87	13	87
3947	0.87	13	87
3948	0.88	12	88
3949	0.88	12	88
3950	0.88	12	88
3951	0.88	12	88
3952	0.88	12	88
3953	0.88	12	88
3954	0.88	12	88
3955	0.89	11	89
3956	0.88	12	88
3957	0.88	12	88
3958	0.88	12	88
3959	0.87	13	87
3960	0.87	13	87
3961	0.87	13	87
3962	0.87	13	87
3963	0.87	13	87
3964	0.86	14	86
3965	0.86	14	86
3966	0.86	14	86
3967	0.86	14	86
3968	0.86	14	86
3969	0.86	14	86
3970	0.85	15	85
3971	0.85	15	85
3972	0.84	16	84
3973	0.84	16	84
3974	0.84	16	84
3975	0.84	16	84
3976	0.84	16	84
3977	0.84	16	84
3978	0.83	17	83
3979	0.82	18	82
3980	0.82	18	82
3981	0.82	18	82
3982	0.82	18	82
3983	0.81	19	81
3984	0.81	19	81
3985	0.80	20	80
3986	0.80	20	80
3987	0.80	20	80
3988	0.79	21	79
3989	0.79	21	79
3990	0.80	20	80
3991	0.80	20	80
3992	0.79	21	79
3993	0.79	21	79
3994	0.79	21	79
3995	0.78	22	78
3996	0.78	22	78
3997	0.78	22	78
3998	0.78	22	78
3999	0.77	23	77
4000	0.24	24	76
4001	0.25	25	75
4002	0.26	26	74
4003	0.27	27	73
4004	0.27	27	73
4005	0.28	28	72
4006	0.29	29	71
4007	0.29	29	71
4008	0.29	29	71
4009	0.29	29	71
4010	0.29	29	71
4011	0.28	28	72
4012	0.29	29	71
4013	0.29	29	71
4014	0.29	29	71
4015	0.30	30	70
4016	0.30	30	70
4017	0.30	30	70
4018	0.31	31	69
4019	0.32	32	68
4020	0.33	33	67
4021	0.33	33	67
4022	0.34	34	66
4023	0.34	34	66
4024	0.34	34	66
4025	0.34	34	66
4026	0.34	34	66
4027	0.35	35	65
4028	0.35	35	65
4029	0.35	35	65
4030	0.36	36	64
4031	0.37	37	63
4032	0.38	38	62
4033	0.39	39	61
4034	0.40	40	60
4035	0.40	40	60
4036	0.41	41	59
4037	0.41	41	59
4038	0.41	41	59
4039	0.42	42	58
4040	0.42	42	58
4041	0.43	43	57
4042	0.43	43	57
4043	0.44	44	56
4044	0.45	45	55
4045	0.46	46	54
4046	0.47	47	53
4047	0.48	48	52
4048	0.48	48	52
4049	0.48	48	52
4050	0.48	48	52
4051	0.49	49	51
4052	0.49	49	51
4053	0.49	49	51
4054	0.50	50	50
4055	0.51	51	49
4056	0.51	51	49
4057	0.52	52	48
4058	0.53	53	47
4059	0.53	53	47
4060	0.54	54	46
4061	0.54	54	46
4062	0.54	54	46
4063	0.55	55	45
4064	0.55	55	45
4065	0.55	55	45
4066	0.55	55	45
4067	0.56	56	44
4068	0.57	57	43
4069	0.58	58	42
4070	0.58	58	42
4071	0.59	59	41
4072	0.59	59	41
4073	0.60	60	40
4074	0.61	61	39
4075	0.62	62	38
4076	0.62	62	38
4077	0.63	63	37
4078	0.63	63	37
4079	0.63	63	37
4080	0.63	63	37
4081	0.64	64	36
4082	0.65	65	35
4083	0.64	64	36
4084	0.65	65	35
4085	0.65	65	35
4086	0.65	65	35
4087	0.65	65	35
4088	0.64	64	36
4089	0.65	65	35
4090	0.65	65	35
4091	0.66	66	34
4092	0.66	66	34
4093	0.66	66	34
4094	0.66	66	34
4095	0.65	65	35
4096	0.65	65	35
4097	0.66	66	34
4098	0.67	67	33
4099	0.67	67	33
4100	0.67	67	33
4101	0.67	67	33
4102	0.67	67	33
4103	0.67	67	33
4104	0.68	68	32
4105	0.68	68	32
4106	0.68	68	32
4107	0.68	68	32
4108	0.68	68	32
4109	0.69	69	31
4110	0.70	70	30
4111	0.70	70	30
4112	0.70	70	30
4113	0.71	71	29
4114	0.72	72	28
4115	0.72	72	28
4116	0.73	73	27
4117	0.72	72	28
4118	0.72	72	28
4119	0.72	72	28
4120	0.72	72	28
4121	0.71	71	29
4122	0.71	71	29
4123	0.71	71	29
4124	0.70	70	30
4125	0.71	71	29
4126	0.72	72	28
4127	0.72	72	28
4128	0.72	72	28
4129	0.73	73	27
4130	0.73	73	27
4131	0.73	73	27
4132	0.73	73	27
4133	0.72	72	28
4134	0.72	72	28
4135	0.73	73	27
4136	0.73	73	27
4137	0.74	74	26
4138	0.75	75	25
4139	0.74	74	26
4140	0.74	74	26
4141	0.74	74	26
4142	0.75	75	25
4143	0.75	75	25
4144	0.75	75	25
4145	0.75	75	25
4146	0.74	74	26
4147	0.74	74	26
4148	0.75	75	25
4149	0.76	76	24
4150	0.77	77	23
4151	0.77	77	23
4152	0.77	77	23
4153	0.78	78	22
4154	0.78	78	22
4155	0.78	78	22
4156	0.78	78	22
4157	0.78	78	22
4158	0.78	78	22
4159	0.78	78	22
4160	0.78	78	22
4161	0.78	78	22
4162	0.79	79	21
4163	0.79	79	21
4164	0.79	79	21
4165	0.80	80	20
4166	0.80	80	20
4167	0.80	80	20
4168	0.80	80	20
4169	0.80	80	20
4170	0.80	80	20
4171	0.80	80	20
4172	0.80	80	20
4173	0.79	79	21
4174	0.78	78	22
4175	0.77	77	23
4176	0.78	78	22
4177	0.78	78	22
4178	0.78	78	22
4179	0.77	77	23
4180	0.78	78	22
4181	0.78	78	22
4182	0.78	78	22
4183	0.79	79	21
4184	0.79	79	21
4185	0.79	79	21
4186	0.79	79	21
4187	0.79	79	21
4188	0.80	80	20
4189	0.80	80	20
4190	0.81	81	19
4191	0.81	81	19
4192	0.81	81	19
4193	0.81	81	19
4194	0.82	82	18
4195	0.83	83	17
4196	0.84	84	16
4197	0.84	84	16
4198	0.84	84	16
4199	0.83	83	17
4200	0.82	82	18
4201	0.82	82	18
4202	0.81	81	19
4203	0.80	80	20
4204	0.80	80	20
4205	0.80	80	20
4206	0.80	80	20
4207	0.80	80	20
4208	0.79	79	21
4209	0.79	79	21
4210	0.79	79	21
4211	0.80	80	20
4212	0.80	80	20
4213	0.80	80	20
4214	0.80	80	20
4215	0.80	80	20
4216	0.80	80	20
4217	0.81	81	19
4218	0.81	81	19
4219	0.80	80	20
4220	0.80	80	20
4221	0.80	80	20
4222	0.80	80	20
4223	0.81	81	19
4224	0.81	81	19
4225	0.81	81	19
4226	0.81	81	19
4227	0.80	80	20
4228	0.80	80	20
4229	0.80	80	20
4230	0.79	79	21
4231	0.79	79	21
4232	0.79	79	21
4233	0.80	80	20
4234	0.80	80	20
4235	0.80	80	20
4236	0.80	80	20
4237	0.79	79	21
4238	0.79	79	21
4239	0.79	79	21
4240	0.78	78	22
4241	0.78	78	22
4242	0.78	78	22
4243	0.77	77	23
4244	0.76	76	24
4245	0.76	76	24
4246	0.77	77	23
4247	0.77	77	23
4248	0.77	77	23
4249	0.77	77	23
4250	0.77	77	23
4251	0.77	77	23
4252	0.77	77	23
4253	0.77	77	23
4254	0.76	76	24
4255	0.76	76	24
4256	0.76	76	24
4257	0.76	76	24
4258	0.76	76	24
4259	0.76	76	24
4260	0.76	76	24
4261	0.77	77	23
4262	0.77	77	23
4263	0.77	77	23
4264	0.77	77	23
4265	0.77	77	23
4266	0.78	78	22
4267	0.77	77	23
4268	0.77	77	23
4269	0.77	77	23
4270	0.77	77	23
4271	0.76	76	24
4272	0.76	76	24
4273	0.77	77	23
4274	0.77	77	23
4275	0.77	77	23
4276	0.77	77	23
4277	0.77	77	23
4278	0.77	77	23
4279	0.78	78	22
4280	0.78	78	22
4281	0.78	78	22
4282	0.78	78	22
4283	0.77	77	23
4284	0.77	77	23
4285	0.77	77	23
4286	0.77	77	23
4287	0.78	78	22
4288	0.78	78	22
4289	0.78	78	22
4290	0.78	78	22
4291	0.78	78	22
4292	0.78	78	22
4293	0.79	79	21
4294	0.79	79	21
4295	0.79	79	21
4296	0.79	79	21
4297	0.79	79	21
4298	0.79	79	21
4299	0.79	79	21
4300	0.80	80	20
4301	0.80	80	20
4302	0.80	80	20
4303	0.81	81	19
4304	0.81	81	19
4305	0.81	81	19
4306	0.81	81	19
4307	0.80	80	20
4308	0.80	80	20
4309	0.80	80	20
4310	0.80	80	20
4311	0.80	80	20
4312	0.79	79	21
4313	0.79	79	21
4314	0.79	79	21
4315	0.79	79	21
4316	0.79	79	21
4317	0.78	78	22
4318	0.77	77	23
4319	0.78	78	22
4320	0.78	78	22
4321	0.79	79	21
4322	0.78	78	22
4323	0.78	78	22
4324	0.79	79	21
4325	0.79	79	21
4326	0.79	79	21
4327	0.80	80	20
4328	0.80	80	20
4329	0.79	79	21
4330	0.80	80	20
4331	0.79	79	21
4332	0.79	79	21
4333	0.79	79	21
4334	0.79	79	21
4335	0.78	78	22
4336	0.77	77	23
4337	0.78	78	22
4338	0.78	78	22
4339	0.78	78	22
4340	0.79	79	21
4341	0.79	79	21
4342	0.79	79	21
4343	0.80	80	20
4344	0.81	81	19
4345	0.80	80	20
4346	0.80	80	20
4347	0.80	80	20
4348	0.80	80	20
4349	0.80	80	20
4350	0.80	80	20
4351	0.80	80	20
4352	0.80	80	20
4353	0.80	80	20
4354	0.81	81	19
4355	0.80	80	20
4356	0.79	79	21
4357	0.79	79	21
4358	0.79	79	21
4359	0.79	79	21
4360	0.79	79	21
4361	0.78	78	22
4362	0.77	77	23
4363	0.76	76	24
4364	0.76	76	24
4365	0.76	76	24
4366	0.76	76	24
4367	0.77	77	23
4368	0.77	77	23
4369	0.77	77	23
4370	0.77	77	23
4371	0.78	78	22
4372	0.78	78	22
4373	0.78	78	22
4374	0.79	79	21
4375	0.80	80	20
4376	0.80	80	20
4377	0.80	80	20
4378	0.80	80	20
4379	0.79	79	21
4380	0.79	79	21
4381	0.79	79	21
4382	0.79	79	21
4383	0.80	80	20
4384	0.80	80	20
4385	0.80	80	20
4386	0.79	79	21
4387	0.79	79	21
4388	0.79	79	21
4389	0.79	79	21
4390	0.78	78	22
4391	0.78	78	22
4392	0.78	78	22
4393	0.77	77	23
4394	0.77	77	23
4395	0.77	77	23
4396	0.77	77	23
4397	0.76	76	24
4398	0.76	76	24
4399	0.77	77	23
4400	0.77	77	23
4401	0.76	76	24
4402	0.76	76	24
4403	0.75	75	25
4404	0.75	75	25
4405	0.75	75	25
4406	0.75	75	25
4407	0.76	76	24
4408	0.77	77	23
4409	0.76	76	24
4410	0.76	76	24
4411	0.76	76	24
4412	0.77	77	23
4413	0.77	77	23
4414	0.77	77	23
4415	0.77	77	23
4416	0.76	76	24
4417	0.77	77	23
4418	0.78	78	22
4419	0.78	78	22
4420	0.78	78	22
4421	0.78	78	22
4422	0.79	79	21
4423	0.79	79	21
4424	0.79	79	21
4425	0.79	79	21
4426	0.79	79	21
4427	0.79	79	21
4428	0.79	79	21
4429	0.79	79	21
4430	0.79	79	21
4431	0.79	79	21
4432	0.78	78	22
4433	0.78	78	22
4434	0.78	78	22
4435	0.79	79	21
4436	0.80	80	20
4437	0.80	80	20
4438	0.80	80	20
4439	0.81	81	19
4440	0.81	81	19
4441	0.81	81	19
4442	0.80	80	20
4443	0.80	80	20
4444	0.79	79	21
4445	0.80	80	20
4446	0.79	79	21
4447	0.79	79	21
4448	0.79	79	21
4449	0.79	79	21
4450	0.78	78	22
4451	0.78	78	22
4452	0.78	78	22
4453	0.78	78	22
4454	0.78	78	22
4455	0.79	79	21
4456	0.80	80	20
4457	0.80	80	20
4458	0.80	80	20
4459	0.80	80	20
4460	0.80	80	20
4461	0.81	81	19
4462	0.81	81	19
4463	0.81	81	19
4464	0.81	81	19
4465	0.81	81	19
4466	0.81	81	19
4467	0.81	81	19
4468	0.81	81	19
4469	0.81	81	19
4470	0.81	81	19
4471	0.81	81	19
4472	0.81	81	19
4473	0.80	80	20
4474	0.80	80	20
4475	0.79	79	21
4476	0.79	79	21
4477	0.79	79	21
4478	0.78	78	22
4479	0.79	79	21
4480	0.79	79	21
4481	0.79	79	21
4482	0.79	79	21
4483	0.79	79	21
4484	0.79	79	21
4485	0.79	79	21
4486	0.80	80	20
4487	0.80	80	20
4488	0.80	80	20
4489	0.80	80	20
4490	0.81	81	19
4491	0.81	81	19
4492	0.81	81	19
4493	0.82	82	18
4494	0.81	81	19
4495	0.81	81	19
4496	0.80	80	20
4497	0.80	80	20
4498	0.80	80	20
4499	0.80	80	20
4500	0.80	80	20
4501	0.81	81	19
4502	0.82	82	18
4503	0.83	83	17
4504	0.83	83	17
4505	0.83	83	17
4506	0.82	82	18
4507	0.82	82	18
4508	0.82	82	18
4509	0.82	82	18
4510	0.82	82	18
4511	0.82	82	18
4512	0.82	82	18
4513	0.82	82	18
4514	0.82	82	18
4515	0.82	82	18
4516	0.83	83	17
4517	0.83	83	17
4518	0.83	83	17
4519	0.82	82	18
4520	0.82	82	18
4521	0.82	82	18
4522	0.82	82	18
4523	0.82	82	18
4524	0.82	82	18
4525	0.82	82	18
4526	0.82	82	18
4527	0.82	82	18
4528	0.82	82	18
4529	0.83	83	17
4530	0.83	83	17
4531	0.84	84	16
4532	0.85	85	15
4533	0.85	85	15
4534	0.85	85	15
4535	0.85	85	15
4536	0.85	85	15
4537	0.85	85	15
4538	0.84	84	16
4539	0.84	84	16
4540	0.84	84	16
4541	0.83	83	17
4542	0.83	83	17
4543	0.83	83	17
4544	0.84	84	16
4545	0.84	84	16
4546	0.85	85	15
4547	0.85	85	15
4548	0.85	85	15
4549	0.84	84	16
4550	0.85	85	15
4551	0.85	85	15
4552	0.85	85	15
4553	0.85	85	15
4554	0.85	85	15
4555	0.85	85	15
4556	0.85	85	15
4557	0.84	84	16
4558	0.84	84	16
4559	0.84	84	16
4560	0.84	84	16
4561	0.84	84	16
4562	0.85	85	15
4563	0.86	86	14
4564	0.86	86	14
4565	0.86	86	14
4566	0.86	86	14
4567	0.86	86	14
4568	0.86	86	14
4569	0.86	86	14
4570	0.86	86	14
4571	0.86	86	14
4572	0.86	86	14
4573	0.86	86	14
4574	0.85	85	15
4575	0.86	86	14
4576	0.86	86	14
4577	0.85	85	15
4578	0.86	86	14
4579	0.86	86	14
4580	0.86	86	14
4581	0.86	86	14
4582	0.86	86	14
4583	0.85	85	15
4584	0.84	84	16
4585	0.84	84	16
4586	0.84	84	16
4587	0.84	84	16
4588	0.84	84	16
4589	0.84	84	16
4590	0.84	84	16
4591	0.84	84	16
4592	0.84	84	16
4593	0.84	84	16
4594	0.85	85	15
4595	0.85	85	15
4596	0.85	85	15
4597	0.86	86	14
4598	0.86	86	14
4599	0.86	86	14
4600	0.86	86	14
4601	0.86	86	14
4602	0.86	86	14
4603	0.86	86	14
4604	0.86	86	14
4605	0.85	85	15
4606	0.86	86	14
4607	0.86	86	14
4608	0.86	86	14
4609	0.86	86	14
4610	0.86	86	14
4611	0.86	86	14
4612	0.86	86	14
4613	0.86	86	14
4614	0.86	86	14
4615	0.85	85	15
4616	0.85	85	15
4617	0.85	85	15
4618	0.84	84	16
4619	0.85	85	15
4620	0.85	85	15
4621	0.85	85	15
4622	0.84	84	16
4623	0.84	84	16
4624	0.84	84	16
4625	0.84	84	16
4626	0.84	84	16
4627	0.83	83	17
4628	0.83	83	17
4629	0.83	83	17
4630	0.83	83	17
4631	0.83	83	17
4632	0.83	83	17
4633	0.83	83	17
4634	0.83	83	17
4635	0.82	82	18
4636	0.81	81	19
4637	0.81	81	19
4638	0.82	82	18
4639	0.82	82	18
4640	0.82	82	18
4641	0.83	83	17
4642	0.84	84	16
4643	0.84	84	16
4644	0.84	84	16
4645	0.84	84	16
4646	0.84	84	16
4647	0.84	84	16
4648	0.84	84	16
4649	0.85	85	15
4650	0.85	85	15
4651	0.84	84	16
4652	0.84	84	16
4653	0.83	83	17
4654	0.83	83	17
4655	0.83	83	17
4656	0.82	82	18
4657	0.83	83	17
4658	0.83	83	17
4659	0.83	83	17
4660	0.83	83	17
4661	0.82	82	18
4662	0.82	82	18
4663	0.82	82	18
4664	0.82	82	18
4665	0.82	82	18
4666	0.82	82	18
4667	0.82	82	18
4668	0.82	82	18
4669	0.82	82	18
4670	0.82	82	18
4671	0.82	82	18
4672	0.82	82	18
4673	0.83	83	17
4674	0.84	84	16
4675	0.83	83	17
4676	0.83	83	17
4677	0.84	84	16
4678	0.84	84	16
4679	0.84	84	16
4680	0.84	84	16
4681	0.84	84	16
4682	0.84	84	16
4683	0.85	85	15
4684	0.86	86	14
4685	0.86	86	14
4686	0.86	86	14
4687	0.86	86	14
4688	0.86	86	14
4689	0.86	86	14
4690	0.86	86	14
4691	0.86	86	14
4692	0.86	86	14
4693	0.86	86	14
4694	0.86	86	14
4695	0.86	86	14
4696	0.87	87	13
4697	0.87	87	13
4698	0.87	87	13
4699	0.87	87	13
4700	0.87	87	13
4701	0.87	87	13
4702	0.87	87	13
4703	0.87	87	13
4704	0.87	87	13
4705	0.88	88	12
4706	0.87	87	13
4707	0.87	87	13
4708	0.87	87	13
4709	0.88	88	12
4710	0.88	88	12
4711	0.87	87	13
4712	0.87	87	13
4713	0.87	87	13
4714	0.87	87	13
4715	0.87	87	13
4716	0.86	86	14
4717	0.86	86	14
4718	0.87	87	13
4719	0.87	87	13
4720	0.87	87	13
4721	0.87	87	13
4722	0.88	88	12
4723	0.88	88	12
4724	0.88	88	12
4725	0.88	88	12
4726	0.87	87	13
4727	0.88	88	12
4728	0.88	88	12
4729	0.88	88	12
4730	0.88	88	12
4731	0.88	88	12
4732	0.88	88	12
4733	0.88	88	12
4734	0.88	88	12
4735	0.89	89	11
4736	0.89	89	11
4737	0.89	89	11
4738	0.89	89	11
4739	0.89	89	11
4740	0.89	89	11
4741	0.89	89	11
4742	0.88	88	12
4743	0.87	87	13
4744	0.87	87	13
4745	0.87	87	13
4746	0.87	87	13
4747	0.87	87	13
4748	0.86	86	14
4749	0.86	86	14
4750	0.86	86	14
4751	0.86	86	14
4752	0.86	86	14
4753	0.87	87	13
4754	0.87	87	13
4755	0.87	87	13
4756	0.88	88	12
4757	0.88	88	12
4758	0.88	88	12
4759	0.88	88	12
4760	0.88	88	12
4761	0.88	88	12
4762	0.88	88	12
4763	0.88	88	12
4764	0.88	88	12
4765	0.87	87	13
4766	0.86	86	14
4767	0.86	86	14
4768	0.86	86	14
4769	0.86	86	14
4770	0.85	85	15
4771	0.85	85	15
4772	0.85	85	15
4773	0.85	85	15
4774	0.85	85	15
4775	0.86	86	14
4776	0.86	86	14
4777	0.86	86	14
4778	0.86	86	14
4779	0.86	86	14
4780	0.86	86	14
4781	0.85	85	15
4782	0.85	85	15
4783	0.85	85	15
4784	0.85	85	15
4785	0.85	85	15
4786	0.85	85	15
4787	0.84	84	16
4788	0.84	84	16
4789	0.84	84	16
4790	0.84	84	16
4791	0.84	84	16
4792	0.84	84	16
4793	0.84	84	16
4794	0.84	84	16
4795	0.83	83	17
4796	0.83	83	17
4797	0.83	83	17
4798	0.83	83	17
4799	0.83	83	17
4800	0.83	83	17
4801	0.82	82	18
4802	0.81	81	19
4803	0.80	80	20
4804	0.79	79	21
4805	0.79	79	21
4806	0.79	79	21
4807	0.79	79	21
4808	0.79	79	21
4809	0.79	79	21
4810	0.79	79	21
4811	0.80	80	20
4812	0.80	80	20
4813	0.80	80	20
4814	0.80	80	20
4815	0.81	81	19
4816	0.82	82	18
4817	0.82	82	18
4818	0.81	81	19
4819	0.81	81	19
4820	0.80	80	20
4821	0.80	80	20
4822	0.80	80	20
4823	0.80	80	20
4824	0.80	80	20
4825	0.79	79	21
4826	0.80	80	20
4827	0.80	80	20
4828	0.80	80	20
4829	0.80	80	20
4830	0.80	80	20
4831	0.80	80	20
4832	0.80	80	20
4833	0.80	80	20
4834	0.80	80	20
4835	0.80	80	20
4836	0.81	81	19
4837	0.80	80	20
4838	0.80	80	20
4839	0.80	80	20
4840	0.80	80	20
4841	0.80	80	20
4842	0.81	81	19
4843	0.82	82	18
4844	0.82	82	18
4845	0.81	81	19
4846	0.80	80	20
4847	0.80	80	20
4848	0.81	81	19
4849	0.81	81	19
4850	0.81	81	19
4851	0.82	82	18
4852	0.82	82	18
4853	0.82	82	18
4854	0.82	82	18
4855	0.82	82	18
4856	0.82	82	18
4857	0.81	81	19
4858	0.81	81	19
4859	0.81	81	19
4860	0.81	81	19
4861	0.82	82	18
4862	0.81	81	19
4863	0.81	81	19
4864	0.81	81	19
4865	0.82	82	18
4866	0.82	82	18
4867	0.81	81	19
4868	0.81	81	19
4869	0.81	81	19
4870	0.82	82	18
4871	0.82	82	18
4872	0.82	82	18
4873	0.82	82	18
4874	0.81	81	19
4875	0.81	81	19
4876	0.80	80	20
4877	0.80	80	20
4878	0.80	80	20
4879	0.80	80	20
4880	0.79	79	21
4881	0.80	80	20
4882	0.80	80	20
4883	0.79	79	21
4884	0.79	79	21
4885	0.79	79	21
4886	0.79	79	21
4887	0.80	80	20
4888	0.80	80	20
4889	0.80	80	20
4890	0.79	79	21
4891	0.79	79	21
4892	0.78	78	22
4893	0.78	78	22
4894	0.78	78	22
4895	0.79	79	21
4896	0.79	79	21
4897	0.79	79	21
4898	0.79	79	21
4899	0.78	78	22
4900	0.78	78	22
4901	0.79	79	21
4902	0.80	80	20
4903	0.81	81	19
4904	0.82	82	18
4905	0.82	82	18
4906	0.83	83	17
4907	0.83	83	17
4908	0.83	83	17
4909	0.83	83	17
4910	0.83	83	17
4911	0.83	83	17
4912	0.83	83	17
4913	0.83	83	17
4914	0.82	82	18
4915	0.82	82	18
4916	0.82	82	18
4917	0.82	82	18
4918	0.83	83	17
4919	0.83	83	17
4920	0.84	84	16
4921	0.83	83	17
4922	0.83	83	17
4923	0.83	83	17
4924	0.83	83	17
4925	0.84	84	16
4926	0.83	83	17
4927	0.83	83	17
4928	0.82	82	18
4929	0.82	82	18
4930	0.81	81	19
4931	0.81	81	19
4932	0.81	81	19
4933	0.80	80	20
4934	0.80	80	20
4935	0.80	80	20
4936	0.80	80	20
4937	0.81	81	19
4938	0.81	81	19
4939	0.80	80	20
4940	0.80	80	20
4941	0.80	80	20
4942	0.80	80	20
4943	0.80	80	20
4944	0.80	80	20
4945	0.81	81	19
4946	0.82	82	18
4947	0.82	82	18
4948	0.81	81	19
4949	0.81	81	19
4950	0.81	81	19
4951	0.81	81	19
4952	0.81	81	19
4953	0.81	81	19
4954	0.80	80	20
4955	0.80	80	20
4956	0.79	79	21
4957	0.80	80	20
4958	0.79	79	21
4959	0.78	78	22
4960	0.78	78	22
4961	0.78	78	22
4962	0.78	78	22
4963	0.78	78	22
4964	0.78	78	22
4965	0.78	78	22
4966	0.79	79	21
4967	0.80	80	20
4968	0.80	80	20
4969	0.80	80	20
4970	0.80	80	20
4971	0.80	80	20
4972	0.80	80	20
4973	0.80	80	20
4974	0.81	81	19
4975	0.81	81	19
4976	0.82	82	18
4977	0.82	82	18
4978	0.82	82	18
4979	0.81	81	19
4980	0.82	82	18
4981	0.82	82	18
4982	0.81	81	19
4983	0.82	82	18
4984	0.81	81	19
4985	0.81	81	19
4986	0.80	80	20
4987	0.80	80	20
4988	0.79	79	21
4989	0.79	79	21
4990	0.80	80	20
4991	0.80	80	20
4992	0.81	81	19
4993	0.80	80	20
4994	0.79	79	21
4995	0.79	79	21
4996	0.78	78	22
4997	0.78	78	22
4998	0.78	78	22
4999	0.79	79	21
5000	0.22	78	22
5001	0.22	78	22
5002	0.23	77	23
5003	0.23	77	23
5004	0.23	77	23
5005	0.24	76	24
5006	0.25	75	25
5007	0.26	74	26
5008	0.27	73	27
5009	0.28	72	28
5010	0.29	71	29
5011	0.30	70	30
5012	0.31	69	31
5013	0.32	68	32
5014	0.31	69	31
5015	0.31	69	31
5016	0.31	69	31
5017	0.32	68	32
5018	0.32	68	32
5019	0.33	67	33
5020	0.34	66	34
5021	0.33	67	33
5022	0.33	67	33
5023	0.34	66	34
5024	0.35	65	35
5025	0.36	64	36
5026	0.36	64	36
5027	0.36	64	36
5028	0.35	65	35
5029	0.36	64	36
5030	0.36	64	36
5031	0.36	64	36
5032	0.37	63	37
5033	0.36	64	36
5034	0.37	63	37
5035	0.37	63	37
5036	0.38	62	38
5037	0.39	61	39
5038	0.40	60	40
5039	0.40	60	40
5040	0.41	59	41
5041	0.42	58	42
5042	0.43	57	43
5043	0.44	56	44
5044	0.45	55	45
5045	0.46	54	46
5046	0.47	53	47
5047	0.48	52	48
5048	0.48	52	48
5049	0.49	51	49
5050	0.50	50	50
5051	0.51	49	51
5052	0.52	48	52
5053	0.53	47	53
5054	0.53	47	53
5055	0.54	46	54
5056	0.53	47	53
5057	0.54	46	54
5058	0.53	47	53
5059	0.53	47	53
5060	0.54	46	54
5061	0.54	46	54
5062	0.54	46	54
5063	0.55	45	55
5064	0.55	45	55
5065	0.56	44	56
5066	0.57	43	57
5067	0.58	42	58
5068	0.58	42	58
5069	0.59	41	59
5070	0.60	40	60
5071	0.61	39	61
5072	0.62	38	62
5073	0.63	37	63
5074	0.63	37	63
5075	0.64	36	64
5076	0.65	35	65
5077	0.66	34	66
5078	0.67	33	67
5079	0.67	33	67
5080	0.68	32	68
5081	0.69	31	69
5082	0.69	31	69
5083	0.69	31	69
5084	0.69	31	69
5085	0.70	30	70
5086	0.70	30	70
5087	0.71	29	71
5088	0.71	29	71
5089	0.72	28	72
5090	0.73	27	73
5091	0.74	26	74
5092	0.75	25	75
5093	0.75	25	75
5094	0.75	25	75
5095	0.76	24	76
5096	0.76	24	76
5097	0.77	23	77
5098	0.78	22	78
5099	0.79	21	79
5100	0.79	21	79
5101	0.80	20	80
5102	0.80	20	80
5103	0.81	19	81
5104	0.81	19	81
5105	0.80	20	80
5106	0.80	20	80
5107	0.79	21	79
5108	0.79	21	79
5109	0.79	21	79
5110	0.79	21	79
5111	0.79	21	79
5112	0.78	22	78
5113	0.78	22	78
5114	0.79	21	79
5115	0.79	21	79
5116	0.80	20	80
5117	0.79	21	79
5118	0.80	20	80
5119	0.80	20	80
5120	0.80	20	80
5121	0.81	19	81
5122	0.81	19	81
5123	0.80	20	80
5124	0.80	20	80
5125	0.80	20	80
5126	0.79	21	79
5127	0.80	20	80
5128	0.81	19	81
5129	0.81	19	81
5130	0.80	20	80
5131	0.81	19	81
5132	0.81	19	81
5133	0.82	18	82
5134	0.82	18	82
5135	0.83	17	83
5136	0.83	17	83
5137	0.82	18	82
5138	0.82	18	82
5139	0.81	19	81
5140	0.81	19	81
5141	0.81	19	81
5142	0.81	19	81
5143	0.81	19	81
5144	0.80	20	80
5145	0.79	21	79
5146	0.79	21	79
5147	0.79	21	79
5148	0.79	21	79
5149	0.79	21	79
5150	0.79	21	79
5151	0.78	22	78
5152	0.78	22	78
5153	0.78	22	78
5154	0.78	22	78
5155	0.78	22	78
5156	0.79	21	79
5157	0.79	21	79
5158	0.80	20	80
5159	0.79	21	79
5160	0.79	21	79
5161	0.79	21	79
5162	0.79	21	79
5163	0.79	21	79
5164	0.80	20	80
5165	0.79	21	79
5166	0.79	21	79
5167	0.79	21	79
5168	0.80	20	80
5169	0.80	20	80
5170	0.79	21	79
5171	0.79	21	79
5172	0.79	21	79
5173	0.79	21	79
5174	0.80	20	80
5175	0.80	20	80
5176	0.80	20	80
5177	0.79	21	79
5178	0.78	22	78
5179	0.78	22	78
5180	0.78	22	78
5181	0.78	22	78
5182	0.78	22	78
5183	0.79	21	79
5184	0.78	22	78
5185	0.77	23	77
5186	0.77	23	77
5187	0.77	23	77
5188	0.77	23	77
5189	0.77	23	77
5190	0.76	24	76
5191	0.76	24	76
5192	0.75	25	75
5193	0.75	25	75
5194	0.75	25	75
5195	0.75	25	75
5196	0.75	25	75
5197	0.74	26	74
5198	0.74	26	74
5199	0.74	26	74
5200	0.73	27	73
5201	0.73	27	73
5202	0.73	27	73
5203	0.73	27	73
5204	0.73	27	73
5205	0.74	26	74
5206	0.74	26	74
5207	0.75	25	75
5208	0.75	25	75
5209	0.75	25	75
5210	0.74	26	74
5211	0.74	26	74
5212	0.75	25	75
5213	0.75	25	75
5214	0.75	25	75
5215	0.76	24	76
5216	0.76	24	76
5217	0.77	23	77
5218	0.77	23	77
5219	0.77	23	77
5220	0.77	23	77
5221	0.77	23	77
5222	0.78	22	78
5223	0.79	21	79
5224	0.79	21	79
5225	0.79	21	79
5226	0.80	20	80
5227	0.80	20	80
5228	0.80	20	80
5229	0.79	21	79
5230	0.79	21	79
5231	0.79	21	79
5232	0.78	22	78
5233	0.78	22	78
5234	0.77	23	77
5235	0.77	23	77
5236	0.77	23	77
5237	0.78	22	78
5238	0.78	22	78
5239	0.78	22	78
5240	0.78	22	78
5241	0.78	22	78
5242	0.78	22	78
5243	0.78	22	78
5244	0.79	21	79
5245	0.80	20	80
5246	0.80	20	80
5247	0.80	20	80
5248	0.80	20	80
5249	0.80	20	80
5250	0.80	20	80
5251	0.81	19	81
5252	0.81	19	81
5253	0.81	19	81
5254	0.81	19	81
5255	0.80	20	80
5256	0.80	20	80
5257	0.80	20	80
5258	0.80	20	80
5259	0.81	19	81
5260	0.81	19	81
5261	0.82	18	82
5262	0.82	18	82
5263	0.81	19	81
5264	0.81	19	81
5265	0.82	18	82
5266	0.82	18	82
5267	0.82	18	82
5268	0.82	18	82
5269	0.82	18	82
5270	0.83	17	83
5271	0.82	18	82
5272	0.82	18	82
5273	0.82	18	82
5274	0.81	19	81
5275	0.81	19	81
5276	0.81	19	81
5277	0.82	18	82
5278	0.83	17	83
5279	0.83	17	83
5280	0.83	17	83
5281	0.83	17	83
5282	0.83	17	83
5283	0.83	17	83
5284	0.84	16	84
5285	0.85	15	85
5286	0.85	15	85
5287	0.85	15	85
5288	0.85	15	85
5289	0.85	15	85
5290	0.86	14	86
5291	0.85	15	85
5292	0.86	14	86
5293	0.86	14	86
5294	0.85	15	85
5295	0.85	15	85
5296	0.85	15	85
5297	0.86	14	86
5298	0.86	14	86
5299	0.86	14	86
5300	0.87	13	87
5301	0.87	13	87
5302	0.86	14	86
5303	0.86	14	86
5304	0.87	13	87
5305	0.87	13	87
5306	0.87	13	87
5307	0.87	13	87
5308	0.87	13	87
5309	0.87	13	87
5310	0.88	12	88
5311	0.88	12	88
5312	0.88	12	88
5313	0.88	12	88
5314	0.88	12	88
5315	0.88	12	88
5316	0.88	12	88
5317	0.88	12	88
5318	0.88	12	88
5319	0.88	12	88
5320	0.87	13	87
5321	0.87	13	87
5322	0.87	13	87
5323	0.87	13	87
5324	0.87	13	87
5325	0.86	14	86
5326	0.86	14	86
5327	0.85	15	85
5328	0.85	15	85
5329	0.86	14	86
5330	0.86	14	86
5331	0.85	15	85
5332	0.85	15	85
5333	0.85	15	85
5334	0.86	14	86
5335	0.85	15	85
5336	0.85	15	85
5337	0.85	15	85
5338	0.85	15	85
5339	0.86	14	86
5340	0.86	14	86
5341	0.86	14	86
5342	0.86	14	86
5343	0.85	15	85
5344	0.85	15	85
5345	0.85	15	85
5346	0.84	16	84
5347	0.84	16	84
5348	0.84	16	84
5349	0.84	16	84
5350	0.84	16	84
5351	0.83	17	83
5352	0.83	17	83
5353	0.83	17	83
5354	0.83	17	83
5355	0.84	16	84
5356	0.84	16	84
5357	0.84	16	84
5358	0.83	17	83
5359	0.82	18	82
5360	0.82	18	82
5361	0.82	18	82
5362	0.82	18	82
5363	0.83	17	83
5364	0.83	17	83
5365	0.83	17	83
5366	0.83	17	83
5367	0.83	17	83
5368	0.83	17	83
5369	0.83	17	83
5370	0.83	17	83
5371	0.84	16	84
5372	0.83	17	83
5373	0.83	17	83
5374	0.83	17	83
5375	0.83	17	83
5376	0.83	17	83
5377	0.83	17	83
5378	0.82	18	82
5379	0.81	19	81
5380	0.81	19	81
5381	0.81	19	81
5382	0.81	19	81
5383	0.81	19	81
5384	0.81	19	81
5385	0.80	20	80
5386	0.80	20	80
5387	0.80	20	80
5388	0.80	20	80
5389	0.80	20	80
5390	0.80	20	80
5391	0.81	19	81
5392	0.80	20	80
5393	0.80	20	80
5394	0.81	19	81
5395	0.81	19	81
5396	0.81	19	81
5397	0.81	19	81
5398	0.81	19	81
5399	0.81	19	81
5400	0.81	19	81
5401	0.80	20	80
5402	0.81	19	81
5403	0.81	19	81
5404	0.81	19	81
5405	0.81	19	81
5406	0.80	20	80
5407	0.80	20	80
5408	0.80	20	80
5409	0.80	20	80
5410	0.80	20	80
5411	0.80	20	80
5412	0.80	20	80
5413	0.80	20	80
5414	0.80	20	80
5415	0.79	21	79
5416	0.79	21	79
5417	0.79	21	79
5418	0.79	21	79
5419	0.78	22	78
5420	0.79	21	79
5421	0.79	21	79
5422	0.79	21	79
5423	0.79	21	79
5424	0.79	21	79
5425	0.80	20	80
5426	0.80	20	80
5427	0.81	19	81
5428	0.81	19	81
5429	0.81	19	81
5430	0.82	18	82
5431	0.82	18	82
5432	0.83	17	83
5433	0.83	17	83
5434	0.83	17	83
5435	0.84	16	84
5436	0.84	16	84
5437	0.84	16	84
5438	0.84	16	84
5439	0.84	16	84
5440	0.84	16	84
5441	0.84	16	84
5442	0.84	16	84
5443	0.84	16	84
5444	0.84	16	84
5445	0.84	16	84
5446	0.85	15	85
5447	0.85	15	85
5448	0.85	15	85
5449	0.85	15	85
5450	0.85	15	85
5451	0.86	14	86
5452	0.85	15	85
5453	0.85	15	85
5454	0.85	15	85
5455	0.85	15	85
5456	0.85	15	85
5457	0.85	15	85
5458	0.86	14	86
5459	0.87	13	87
5460	0.87	13	87
5461	0.86	14	86
5462	0.86	14	86
5463	0.86	14	86
5464	0.86	14	86
5465	0.86	14	86
5466	0.86	14	86
5467	0.86	14	86
5468	0.86	14	86
5469	0.86	14	86
5470	0.85	15	85
5471	0.85	15	85
5472	0.86	14	86
5473	0.86	14	86
5474	0.87	13	87
5475	0.87	13	87
5476	0.87	13	87
5477	0.87	13	87
5478	0.88	12	88
5479	0.88	12	88
5480	0.87	13	87
5481	0.87	13	87
5482	0.87	13	87
5483	0.87	13	87
5484	0.87	13	87
5485	0.88	12	88
5486	0.88	12	88
5487	0.88	12	88
5488	0.87	13	87
5489	0.87	13	87
5490	0.87	13	87
5491	0.86	14	86
5492	0.86	14	86
5493	0.86	14	86
5494	0.86	14	86
5495	0.85	15	85
5496	0.84	16	84
5497	0.84	16	84
5498	0.84	16	84
5499	0.83	17	83
5500	0.83	17	83
5501	0.84	16	84
5502	0.83	17	83
5503	0.83	17	83
5504	0.83	17	83
5505	0.83	17	83
5506	0.83	17	83
5507	0.83	17	83
5508	0.83	17	83
5509	0.83	17	83
5510	0.82	18	82
5511	0.82	18	82
5512	0.82	18	82
5513	0.82	18	82
5514	0.82	18	82
5515	0.83	17	83
5516	0.83	17	83
5517	0.82	18	82
5518	0.81	19	81
5519	0.82	18	82
5520	0.82	18	82
5521	0.81	19	81
5522	0.81	19	81
5523	0.80	20	80
5524	0.80	20	80
5525	0.80	20	80
5526	0.79	21	79
5527	0.79	21	79
5528	0.79	21	79
5529	0.79	21	79
5530	0.79	21	79
5531	0.80	20	80
5532	0.80	20	80
5533	0.79	21	79
5534	0.79	21	79
5535	0.78	22	78
5536	0.78	22	78
5537	0.78	22	78
5538	0.77	23	77
5539	0.76	24	76
5540	0.76	24	76
5541	0.76	24	76
5542	0.75	25	75
5543	0.76	24	76
5544	0.76	24	76
5545	0.76	24	76
5546	0.76	24	76
5547	0.76	24	76
5548	0.76	24	76
5549	0.75	25	75
5550	0.75	25	75
5551	0.75	25	75
5552	0.75	25	75
5553	0.75	25	75
5554	0.75	25	75
5555	0.75	25	75
5556	0.75	25	75
5557	0.75	25	75
5558	0.75	25	75
5559	0.74	26	74
5560	0.74	26	74
5561	0.75	25	75
5562	0.74	26	74
5563	0.74	26	74
5564	0.74	26	74
5565	0.74	26	74
5566	0.74	26	74
5567	0.74	26	74
5568	0.73	27	73
5569	0.73	27	73
5570	0.74	26	74
5571	0.74	26	74
5572	0.74	26	74
5573	0.74	26	74
5574	0.73	27	73
5575	0.73	27	73
5576	0.72	28	72
5577	0.72	28	72
5578	0.72	28	72
5579	0.73	27	73
5580	0.74	26	74
5581	0.74	26	74
5582	0.74	26	74
5583	0.74	26	74
5584	0.74	26	74
5585	0.74	26	74
5586	0.74	26	74
5587	0.74	26	74
5588	0.75	25	75
5589	0.75	25	75
5590	0.75	25	75
5591	0.76	24	76
5592	0.77	23	77
5593	0.77	23	77
5594	0.77	23	77
5595	0.78	22	78
5596	0.79	21	79
5597	0.79	21	79
5598	0.79	21	79
5599	0.80	20	80
5600	0.79	21	79
5601	0.79	21	79
5602	0.80	20	80
5603	0.80	20	80
5604	0.79	21	79
5605	0.79	21	79
5606	0.80	20	80
5607	0.80	20	80
5608	0.80	20	80
5609	0.80	20	80
5610	0.81	19	81
5611	0.81	19	81
5612	0.81	19	81
5613	0.81	19	81
5614	0.81	19	81
5615	0.81	19	81
5616	0.81	19	81
5617	0.82	18	82
5618	0.83	17	83
5619	0.82	18	82
5620	0.82	18	82
5621	0.83	17	83
5622	0.83	17	83
5623	0.83	17	83
5624	0.83	17	83
5625	0.83	17	83
5626	0.84	16	84
5627	0.84	16	84
5628	0.84	16	84
5629	0.84	16	84
5630	0.84	16	84
5631	0.84	16	84
5632	0.84	16	84
5633	0.85	15	85
5634	0.85	15	85
5635	0.85	15	85
5636	0.85	15	85
5637	0.84	16	84
5638	0.85	15	85
5639	0.86	14	86
5640	0.86	14	86
5641	0.86	14	86
5642	0.87	13	87
5643	0.87	13	87
5644	0.87	13	87
5645	0.87	13	87
5646	0.87	13	87
5647	0.86	14	86
5648	0.85	15	85
5649	0.85	15	85
5650	0.85	15	85
5651	0.85	15	85
5652	0.85	15	85
5653	0.85	15	85
5654	0.85	15	85
5655	0.85	15	85
5656	0.84	16	84
5657	0.84	16	84
5658	0.84	16	84
5659	0.85	15	85
5660	0.84	16	84
5661	0.84	16	84
5662	0.85	15	85
5663	0.85	15	85
5664	0.85	15	85
5665	0.84	16	84
5666	0.84	16	84
5667	0.84	16	84
5668	0.85	15	85
5669	0.85	15	85
5670	0.84	16	84
5671	0.83	17	83
5672	0.83	17	83
5673	0.83	17	83
5674	0.84	16	84
5675	0.83	17	83
5676	0.84	16	84
5677	0.84	16	84
5678	0.84	16	84
5679	0.83	17	83
5680	0.83	17	83
5681	0.82	18	82
5682	0.82	18	82
5683	0.82	18	82
5684	0.82	18	82
5685	0.81	19	81
5686	0.81	19	81
5687	0.80	20	80
5688	0.80	20	80
5689	0.79	21	79
5690	0.78	22	78
5691	0.78	22	78
5692	0.78	22	78
5693	0.78	22	78
5694	0.78	22	78
5695	0.78	22	78
5696	0.78	22	78
5697	0.77	23	77
5698	0.77	23	77
5699	0.77	23	77
5700	0.77	23	77
5701	0.76	24	76
5702	0.75	25	75
5703	0.75	25	75
5704	0.76	24	76
5705	0.76	24	76
5706	0.76	24	76
5707	0.76	24	76
5708	0.76	24	76
5709	0.76	24	76
5710	0.75	25	75
5711	0.75	25	75
5712	0.75	25	75
5713	0.75	25	75
5714	0.74	26	74
5715	0.74	26	74
5716	0.74	26	74
5717	0.74	26	74
5718	0.74	26	74
5719	0.75	25	75
5720	0.74	26	74
5721	0.74	26	74
5722	0.74	26	74
5723	0.75	25	75
5724	0.75	25	75
5725	0.75	25	75
5726	0.75	25	75
5727	0.75	25	75
5728	0.75	25	75
5729	0.74	26	74
5730	0.74	26	74
5731	0.73	27	73
5732	0.73	27	73
5733	0.73	27	73
5734	0.73	27	73
5735	0.74	26	74
5736	0.74	26	74
5737	0.75	25	75
5738	0.74	26	74
5739	0.74	26	74
5740	0.74	26	74
5741	0.74	26	74
5742	0.74	26	74
5743	0.74	26	74
5744	0.74	26	74
5745	0.73	27	73
5746	0.73	27	73
5747	0.74	26	74
5748	0.75	25	75
5749	0.76	24	76
5750	0.76	24	76
5751	0.76	24	76
5752	0.76	24	76
5753	0.75	25	75
5754	0.75	25	75
5755	0.75	25	75
5756	0.75	25	75
5757	0.75	25	75
5758	0.75	25	75
5759	0.75	25	75
5760	0.76	24	76
5761	0.76	24	76
5762	0.76	24	76
5763	0.76	24	76
5764	0.76	24	76
5765	0.77	23	77
5766	0.77	23	77
5767	0.77	23	77
5768	0.76	24	76
5769	0.75	25	75
5770	0.75	25	75
5771	0.76	24	76
5772	0.76	24	76
5773	0.76	24	76
5774	0.76	24	76
5775	0.77	23	77
5776	0.77	23	77
5777	0.76	24	76
5778	0.76	24	76
5779	0.76	24	76
5780	0.76	24	76
5781	0.76	24	76
5782	0.76	24	76
5783	0.76	24	76
5784	0.75	25	75
5785	0.76	24	76
5786	0.76	24	76
5787	0.76	24	76
5788	0.76	24	76
5789	0.77	23	77
5790	0.78	22	78
5791	0.78	22	78
5792	0.77	23	77
5793	0.77	23	77
5794	0.77	23	77
5795	0.76	24	76
5796	0.76	24	76
5797	0.76	24	76
5798	0.76	24	76
5799	0.75	25	75
5800	0.76	24	76
5801	0.77	23	77
5802	0.78	22	78
5803	0.78	22	78
5804	0.78	22	78
5805	0.77	23	77
5806	0.77	23	77
5807	0.77	23	77
5808	0.77	23	77
5809	0.77	23	77
5810	0.77	23	77
5811	0.76	24	76
5812	0.76	24	76
5813	0.76	24	76
5814	0.77	23	77
5815	0.77	23	77
5816	0.77	23	77
5817	0.77	23	77
5818	0.77	23	77
5819	0.77	23	77
5820	0.78	22	78
5821	0.77	23	77
5822	0.77	23	77
5823	0.77	23	77
5824	0.76	24	76
5825	0.76	24	76
5826	0.76	24	76
5827	0.76	24	76
5828	0.76	24	76
5829	0.77	23	77
5830	0.77	23	77
5831	0.78	22	78
5832	0.78	22	78
5833	0.78	22	78
5834	0.78	22	78
5835	0.78	22	78
5836	0.78	22	78
5837	0.78	22	78
5838	0.79	21	79
5839	0.79	21	79
5840	0.79	21	79
5841	0.79	21	79
5842	0.79	21	79
5843	0.79	21	79
5844	0.79	21	79
5845	0.80	20	80
5846	0.80	20	80
5847	0.79	21	79
5848	0.79	21	79
5849	0.79	21	79
5850	0.78	22	78
5851	0.78	22	78
5852	0.79	21	79
5853	0.80	20	80
5854	0.80	20	80
5855	0.80	20	80
5856	0.81	19	81
5857	0.81	19	81
5858	0.80	20	80
5859	0.80	20	80
5860	0.80	20	80
5861	0.80	20	80
5862	0.80	20	80
5863	0.79	21	79
5864	0.79	21	79
5865	0.78	22	78
5866	0.78	22	78
5867	0.78	22	78
5868	0.79	21	79
5869	0.80	20	80
5870	0.80	20	80
5871	0.80	20	80
5872	0.80	20	80
5873	0.79	21	79
5874	0.79	21	79
5875	0.79	21	79
5876	0.79	21	79
5877	0.79	21	79
5878	0.79	21	79
5879	0.80	20	80
5880	0.80	20	80
5881	0.81	19	81
5882	0.81	19	81
5883	0.80	20	80
5884	0.81	19	81
5885	0.81	19	81
5886	0.81	19	81
5887	0.82	18	82
5888	0.82	18	82
5889	0.82	18	82
5890	0.82	18	82
5891	0.82	18	82
5892	0.82	18	82
5893	0.82	18	82
5894	0.82	18	82
5895	0.83	17	83
5896	0.82	18	82
5897	0.83	17	83
5898	0.83	17	83
5899	0.84	16	84
5900	0.84	16	84
5901	0.84	16	84
5902	0.84	16	84
5903	0.84	16	84
5904	0.84	16	84
5905	0.85	15	85
5906	0.85	15	85
5907	0.85	15	85
5908	0.85	15	85
5909	0.85	15	85
5910	0.86	14	86
5911	0.87	13	87
5912	0.87	13	87
5913	0.86	14	86
5914	0.86	14	86
5915	0.86	14	86
5916	0.86	14	86
5917	0.86	14	86
5918	0.86	14	86
5919	0.86	14	86
5920	0.86	14	86
5921	0.87	13	87
5922	0.86	14	86
5923	0.86	14	86
5924	0.87	13	87
5925	0.87	13	87
5926	0.87	13	87
5927	0.87	13	87
5928	0.87	13	87
5929	0.87	13	87
5930	0.86	14	86
5931	0.85	15	85
5932	0.85	15	85
5933	0.85	15	85
5934	0.85	15	85
5935	0.85	15	85
5936	0.84	16	84
5937	0.84	16	84
5938	0.84	16	84
5939	0.84	16	84
5940	0.83	17	83
5941	0.83	17	83
5942	0.83	17	83
5943	0.83	17	83
5944	0.83	17	83
5945	0.83	17	83
5946	0.83	17	83
5947	0.84	16	84
5948	0.84	16	84
5949	0.83	17	83
5950	0.84	16	84
5951	0.84	16	84
5952	0.84	16	84
5953	0.84	16	84
5954	0.84	16	84
5955	0.83	17	83
5956	0.82	18	82
5957	0.82	18	82
5958	0.83	17	83
5959	0.83	17	83
5960	0.82	18	82
5961	0.81	19	81
5962	0.80	20	80
5963	0.81	19	81
5964	0.81	19	81
5965	0.81	19	81
5966	0.81	19	81
5967	0.81	19	81
5968	0.81	19	81
5969	0.80	20	80
5970	0.81	19	81
5971	0.81	19	81
5972	0.81	19	81
5973	0.82	18	82
5974	0.82	18	82
5975	0.82	18	82
5976	0.82	18	82
5977	0.83	17	83
5978	0.82	18	82
5979	0.82	18	82
5980	0.82	18	82
5981	0.82	18	82
5982	0.81	19	81
5983	0.82	18	82
5984	0.82	18	82
5985	0.82	18	82
5986	0.82	18	82
5987	0.82	18	82
5988	0.82	18	82
5989	0.82	18	82
5990	0.82	18	82
5991	0.82	18	82
5992	0.83	17	83
5993	0.83	17	83
5994	0.83	17	83
5995	0.83	17	83
5996	0.83	17	83
5997	0.83	17	83
5998	0.83	17	83
5999	0.83	17	83
