timestep	swarm_quality	color_0	color_1	color_2	color_3	color_4
0	0.70	35	4	4	5	2
1	0.70	35	4	4	5	2
2	0.70	35	4	4	5	2
3	0.70	35	4	4	5	2
4	0.70	35	4	4	5	2
5	0.70	35	4	4	5	2
6	0.70	35	4	4	5	2
7	0.70	35	4	4	5	2
8	0.70	35	4	4	5	2
9	0.70	35	4	4	5	2
10	0.70	35	4	4	5	2
11	0.70	35	4	4	5	2
12	0.70	35	4	4	5	2
13	0.70	35	4	4	5	2
14	0.70	35	4	4	5	2
15	0.70	35	4	4	5	2
16	0.70	35	4	4	5	2
17	0.70	35	4	4	5	2
18	0.70	35	4	4	5	2
19	0.70	35	4	4	5	2
20	0.70	35	4	4	5	2
21	0.70	35	4	4	5	2
22	0.70	35	4	4	5	2
23	0.68	34	4	5	5	2
24	0.68	34	4	5	5	2
25	0.68	34	4	5	5	2
26	0.68	34	4	5	5	2
27	0.68	34	4	5	5	2
28	0.68	34	4	5	5	2
29	0.68	34	4	5	5	2
30	0.68	34	4	5	5	2
31	0.68	34	4	5	5	2
32	0.68	34	4	5	5	2
33	0.68	34	4	5	5	2
34	0.68	34	4	5	5	2
35	0.70	35	4	5	4	2
36	0.72	36	3	5	4	2
37	0.74	37	2	5	4	2
38	0.76	38	2	4	4	2
39	0.78	39	2	4	3	2
40	0.80	40	2	3	3	2
41	0.82	41	2	3	2	2
42	0.84	42	1	3	2	2
43	0.86	43	1	2	2	2
44	0.88	44	1	2	1	2
45	0.90	45	1	2	1	1
46	0.92	46	1	1	1	1
47	0.94	47	1	1	1	0
48	0.96	48	0	1	1	0
49	0.98	49	0	1	0	0
50	0.98	49	0	1	0	0
51	0.98	49	0	1	0	0
52	0.98	49	0	1	0	0
53	0.98	49	0	1	0	0
54	0.98	49	0	1	0	0
55	0.98	49	0	1	0	0
56	0.98	49	0	1	0	0
57	0.98	49	0	1	0	0
58	0.98	49	0	1	0	0
59	0.98	49	0	1	0	0
60	0.98	49	0	1	0	0
61	0.98	49	0	1	0	0
62	0.98	49	0	1	0	0
63	0.98	49	0	1	0	0
64	0.98	49	0	1	0	0
65	0.98	49	0	1	0	0
66	0.98	49	0	1	0	0
67	0.98	49	0	1	0	0
68	0.98	49	0	1	0	0
69	0.98	49	0	1	0	0
70	0.98	49	0	1	0	0
71	0.98	49	0	1	0	0
72	0.98	49	0	1	0	0
73	1.00	50	0	0	0	0
74	1.00	50	0	0	0	0
75	1.00	50	0	0	0	0
76	1.00	50	0	0	0	0
77	1.00	50	0	0	0	0
78	1.00	50	0	0	0	0
79	1.00	50	0	0	0	0
80	1.00	50	0	0	0	0
81	1.00	50	0	0	0	0
82	1.00	50	0	0	0	0
83	1.00	50	0	0	0	0
84	1.00	50	0	0	0	0
85	1.00	50	0	0	0	0
86	1.00	50	0	0	0	0
87	1.00	50	0	0	0	0
88	1.00	50	0	0	0	0
89	1.00	50	0	0	0	0
90	1.00	50	0	0	0	0
91	1.00	50	0	0	0	0
92	1.00	50	0	0	0	0
93	1.00	50	0	0	0	0
94	1.00	50	0	0	0	0
95	1.00	50	0	0	0	0
96	1.00	50	0	0	0	0
97	1.00	50	0	0	0	0
98	1.00	50	0	0	0	0
99	1.00	50	0	0	0	0
100	1.00	50	0	0	0	0
101	1.00	50	0	0	0	0
102	1.00	50	0	0	0	0
103	1.00	50	0	0	0	0
104	1.00	50	0	0	0	0
105	1.00	50	0	0	0	0
106	1.00	50	0	0	0	0
107	1.00	50	0	0	0	0
108	1.00	50	0	0	0	0
109	1.00	50	0	0	0	0
110	1.00	50	0	0	0	0
111	1.00	50	0	0	0	0
112	1.00	50	0	0	0	0
113	1.00	50	0	0	0	0
114	1.00	50	0	0	0	0
115	1.00	50	0	0	0	0
116	1.00	50	0	0	0	0
117	1.00	50	0	0	0	0
118	1.00	50	0	0	0	0
119	1.00	50	0	0	0	0
120	1.00	50	0	0	0	0
121	1.00	50	0	0	0	0
122	1.00	50	0	0	0	0
123	1.00	50	0	0	0	0
124	1.00	50	0	0	0	0
125	1.00	50	0	0	0	0
126	1.00	50	0	0	0	0
127	1.00	50	0	0	0	0
128	1.00	50	0	0	0	0
129	1.00	50	0	0	0	0
130	1.00	50	0	0	0	0
131	1.00	50	0	0	0	0
132	1.00	50	0	0	0	0
133	1.00	50	0	0	0	0
134	1.00	50	0	0	0	0
135	1.00	50	0	0	0	0
136	1.00	50	0	0	0	0
137	1.00	50	0	0	0	0
138	1.00	50	0	0	0	0
139	1.00	50	0	0	0	0
140	1.00	50	0	0	0	0
141	1.00	50	0	0	0	0
142	1.00	50	0	0	0	0
143	1.00	50	0	0	0	0
144	1.00	50	0	0	0	0
145	1.00	50	0	0	0	0
146	1.00	50	0	0	0	0
147	1.00	50	0	0	0	0
148	1.00	50	0	0	0	0
149	1.00	50	0	0	0	0
150	1.00	50	0	0	0	0
151	1.00	50	0	0	0	0
152	1.00	50	0	0	0	0
153	1.00	50	0	0	0	0
154	1.00	50	0	0	0	0
155	1.00	50	0	0	0	0
156	1.00	50	0	0	0	0
157	1.00	50	0	0	0	0
158	1.00	50	0	0	0	0
159	1.00	50	0	0	0	0
160	1.00	50	0	0	0	0
161	1.00	50	0	0	0	0
162	1.00	50	0	0	0	0
163	1.00	50	0	0	0	0
164	1.00	50	0	0	0	0
165	1.00	50	0	0	0	0
166	1.00	50	0	0	0	0
167	1.00	50	0	0	0	0
168	1.00	50	0	0	0	0
169	1.00	50	0	0	0	0
170	1.00	50	0	0	0	0
171	1.00	50	0	0	0	0
172	1.00	50	0	0	0	0
173	1.00	50	0	0	0	0
174	1.00	50	0	0	0	0
175	1.00	50	0	0	0	0
176	1.00	50	0	0	0	0
177	1.00	50	0	0	0	0
178	1.00	50	0	0	0	0
179	1.00	50	0	0	0	0
180	1.00	50	0	0	0	0
181	1.00	50	0	0	0	0
182	1.00	50	0	0	0	0
183	1.00	50	0	0	0	0
184	1.00	50	0	0	0	0
185	1.00	50	0	0	0	0
186	1.00	50	0	0	0	0
187	1.00	50	0	0	0	0
188	1.00	50	0	0	0	0
189	1.00	50	0	0	0	0
190	1.00	50	0	0	0	0
191	1.00	50	0	0	0	0
192	1.00	50	0	0	0	0
193	1.00	50	0	0	0	0
194	1.00	50	0	0	0	0
195	1.00	50	0	0	0	0
196	1.00	50	0	0	0	0
197	1.00	50	0	0	0	0
198	1.00	50	0	0	0	0
199	1.00	50	0	0	0	0
200	1.00	50	0	0	0	0
201	1.00	50	0	0	0	0
202	1.00	50	0	0	0	0
203	1.00	50	0	0	0	0
204	1.00	50	0	0	0	0
205	1.00	50	0	0	0	0
206	1.00	50	0	0	0	0
207	1.00	50	0	0	0	0
208	1.00	50	0	0	0	0
209	1.00	50	0	0	0	0
210	1.00	50	0	0	0	0
211	1.00	50	0	0	0	0
212	1.00	50	0	0	0	0
213	1.00	50	0	0	0	0
214	1.00	50	0	0	0	0
215	1.00	50	0	0	0	0
216	1.00	50	0	0	0	0
217	1.00	50	0	0	0	0
218	1.00	50	0	0	0	0
219	1.00	50	0	0	0	0
220	1.00	50	0	0	0	0
221	1.00	50	0	0	0	0
222	1.00	50	0	0	0	0
223	1.00	50	0	0	0	0
224	1.00	50	0	0	0	0
225	1.00	50	0	0	0	0
226	1.00	50	0	0	0	0
227	1.00	50	0	0	0	0
228	1.00	50	0	0	0	0
229	1.00	50	0	0	0	0
230	1.00	50	0	0	0	0
231	1.00	50	0	0	0	0
232	1.00	50	0	0	0	0
233	1.00	50	0	0	0	0
234	1.00	50	0	0	0	0
235	1.00	50	0	0	0	0
236	1.00	50	0	0	0	0
237	1.00	50	0	0	0	0
238	1.00	50	0	0	0	0
239	1.00	50	0	0	0	0
240	1.00	50	0	0	0	0
241	1.00	50	0	0	0	0
242	1.00	50	0	0	0	0
243	1.00	50	0	0	0	0
244	1.00	50	0	0	0	0
245	1.00	50	0	0	0	0
246	1.00	50	0	0	0	0
247	1.00	50	0	0	0	0
248	1.00	50	0	0	0	0
249	1.00	50	0	0	0	0
250	1.00	50	0	0	0	0
251	1.00	50	0	0	0	0
252	1.00	50	0	0	0	0
253	1.00	50	0	0	0	0
254	1.00	50	0	0	0	0
255	1.00	50	0	0	0	0
256	1.00	50	0	0	0	0
257	1.00	50	0	0	0	0
258	1.00	50	0	0	0	0
259	1.00	50	0	0	0	0
260	1.00	50	0	0	0	0
261	1.00	50	0	0	0	0
262	1.00	50	0	0	0	0
263	1.00	50	0	0	0	0
264	1.00	50	0	0	0	0
265	1.00	50	0	0	0	0
266	1.00	50	0	0	0	0
267	1.00	50	0	0	0	0
268	1.00	50	0	0	0	0
269	1.00	50	0	0	0	0
270	1.00	50	0	0	0	0
271	1.00	50	0	0	0	0
272	1.00	50	0	0	0	0
273	1.00	50	0	0	0	0
274	1.00	50	0	0	0	0
275	1.00	50	0	0	0	0
276	1.00	50	0	0	0	0
277	1.00	50	0	0	0	0
278	1.00	50	0	0	0	0
279	1.00	50	0	0	0	0
280	1.00	50	0	0	0	0
281	1.00	50	0	0	0	0
282	1.00	50	0	0	0	0
283	1.00	50	0	0	0	0
284	1.00	50	0	0	0	0
285	1.00	50	0	0	0	0
286	1.00	50	0	0	0	0
287	1.00	50	0	0	0	0
288	1.00	50	0	0	0	0
289	1.00	50	0	0	0	0
290	1.00	50	0	0	0	0
291	1.00	50	0	0	0	0
292	1.00	50	0	0	0	0
293	1.00	50	0	0	0	0
294	1.00	50	0	0	0	0
295	1.00	50	0	0	0	0
296	1.00	50	0	0	0	0
297	1.00	50	0	0	0	0
298	1.00	50	0	0	0	0
299	1.00	50	0	0	0	0
300	1.00	50	0	0	0	0
301	1.00	50	0	0	0	0
302	1.00	50	0	0	0	0
303	1.00	50	0	0	0	0
304	1.00	50	0	0	0	0
305	1.00	50	0	0	0	0
306	1.00	50	0	0	0	0
307	1.00	50	0	0	0	0
308	1.00	50	0	0	0	0
309	1.00	50	0	0	0	0
310	1.00	50	0	0	0	0
311	1.00	50	0	0	0	0
312	1.00	50	0	0	0	0
313	1.00	50	0	0	0	0
314	1.00	50	0	0	0	0
315	1.00	50	0	0	0	0
316	1.00	50	0	0	0	0
317	1.00	50	0	0	0	0
318	1.00	50	0	0	0	0
319	1.00	50	0	0	0	0
320	1.00	50	0	0	0	0
321	1.00	50	0	0	0	0
322	1.00	50	0	0	0	0
323	1.00	50	0	0	0	0
324	1.00	50	0	0	0	0
325	1.00	50	0	0	0	0
326	1.00	50	0	0	0	0
327	1.00	50	0	0	0	0
328	1.00	50	0	0	0	0
329	1.00	50	0	0	0	0
330	1.00	50	0	0	0	0
331	1.00	50	0	0	0	0
332	1.00	50	0	0	0	0
333	1.00	50	0	0	0	0
334	1.00	50	0	0	0	0
335	1.00	50	0	0	0	0
336	1.00	50	0	0	0	0
337	1.00	50	0	0	0	0
338	1.00	50	0	0	0	0
339	1.00	50	0	0	0	0
340	1.00	50	0	0	0	0
341	1.00	50	0	0	0	0
342	1.00	50	0	0	0	0
343	1.00	50	0	0	0	0
344	1.00	50	0	0	0	0
345	1.00	50	0	0	0	0
346	1.00	50	0	0	0	0
347	1.00	50	0	0	0	0
348	1.00	50	0	0	0	0
349	1.00	50	0	0	0	0
350	1.00	50	0	0	0	0
351	1.00	50	0	0	0	0
352	1.00	50	0	0	0	0
353	1.00	50	0	0	0	0
354	1.00	50	0	0	0	0
355	1.00	50	0	0	0	0
356	1.00	50	0	0	0	0
357	1.00	50	0	0	0	0
358	1.00	50	0	0	0	0
359	1.00	50	0	0	0	0
360	1.00	50	0	0	0	0
361	1.00	50	0	0	0	0
362	1.00	50	0	0	0	0
363	1.00	50	0	0	0	0
364	1.00	50	0	0	0	0
365	1.00	50	0	0	0	0
366	1.00	50	0	0	0	0
367	1.00	50	0	0	0	0
368	1.00	50	0	0	0	0
369	1.00	50	0	0	0	0
370	1.00	50	0	0	0	0
371	1.00	50	0	0	0	0
372	1.00	50	0	0	0	0
373	1.00	50	0	0	0	0
374	1.00	50	0	0	0	0
375	1.00	50	0	0	0	0
376	1.00	50	0	0	0	0
377	1.00	50	0	0	0	0
378	1.00	50	0	0	0	0
379	1.00	50	0	0	0	0
380	1.00	50	0	0	0	0
381	1.00	50	0	0	0	0
382	1.00	50	0	0	0	0
383	1.00	50	0	0	0	0
384	1.00	50	0	0	0	0
385	1.00	50	0	0	0	0
386	1.00	50	0	0	0	0
387	1.00	50	0	0	0	0
388	1.00	50	0	0	0	0
389	1.00	50	0	0	0	0
390	1.00	50	0	0	0	0
391	1.00	50	0	0	0	0
392	1.00	50	0	0	0	0
393	1.00	50	0	0	0	0
394	1.00	50	0	0	0	0
395	1.00	50	0	0	0	0
396	1.00	50	0	0	0	0
397	1.00	50	0	0	0	0
398	1.00	50	0	0	0	0
399	1.00	50	0	0	0	0
400	1.00	50	0	0	0	0
401	1.00	50	0	0	0	0
402	1.00	50	0	0	0	0
403	1.00	50	0	0	0	0
404	1.00	50	0	0	0	0
405	1.00	50	0	0	0	0
406	1.00	50	0	0	0	0
407	1.00	50	0	0	0	0
408	1.00	50	0	0	0	0
409	1.00	50	0	0	0	0
410	1.00	50	0	0	0	0
411	1.00	50	0	0	0	0
412	1.00	50	0	0	0	0
413	1.00	50	0	0	0	0
414	1.00	50	0	0	0	0
415	1.00	50	0	0	0	0
416	1.00	50	0	0	0	0
417	1.00	50	0	0	0	0
418	1.00	50	0	0	0	0
419	1.00	50	0	0	0	0
420	1.00	50	0	0	0	0
421	1.00	50	0	0	0	0
422	1.00	50	0	0	0	0
423	1.00	50	0	0	0	0
424	1.00	50	0	0	0	0
425	1.00	50	0	0	0	0
426	1.00	50	0	0	0	0
427	1.00	50	0	0	0	0
428	1.00	50	0	0	0	0
429	1.00	50	0	0	0	0
430	1.00	50	0	0	0	0
431	1.00	50	0	0	0	0
432	1.00	50	0	0	0	0
433	1.00	50	0	0	0	0
434	1.00	50	0	0	0	0
435	1.00	50	0	0	0	0
436	1.00	50	0	0	0	0
437	1.00	50	0	0	0	0
438	1.00	50	0	0	0	0
439	1.00	50	0	0	0	0
440	1.00	50	0	0	0	0
441	1.00	50	0	0	0	0
442	1.00	50	0	0	0	0
443	0.98	49	0	0	1	0
444	0.98	49	0	0	1	0
445	0.98	49	0	0	1	0
446	0.98	49	0	0	1	0
447	0.98	49	0	0	1	0
448	0.98	49	0	0	1	0
449	0.98	49	0	0	1	0
450	0.98	49	0	0	1	0
451	0.98	49	0	0	1	0
452	0.98	49	0	0	1	0
453	0.98	49	0	0	1	0
454	0.98	49	0	0	1	0
455	0.98	49	0	0	1	0
456	0.98	49	0	0	1	0
457	0.98	49	0	0	1	0
458	0.98	49	0	0	1	0
459	0.98	49	0	0	1	0
460	0.98	49	0	0	1	0
461	0.98	49	0	0	1	0
462	0.98	49	0	0	1	0
463	0.98	49	0	0	1	0
464	0.98	49	0	0	1	0
465	0.98	49	0	0	1	0
466	0.98	49	0	0	1	0
467	0.98	49	0	0	1	0
468	0.98	49	0	0	1	0
469	0.98	49	0	0	1	0
470	0.98	49	0	0	1	0
471	0.98	49	0	0	1	0
472	0.98	49	0	0	1	0
473	0.98	49	0	0	1	0
474	0.98	49	0	0	1	0
475	0.98	49	0	0	1	0
476	0.98	49	0	0	1	0
477	0.98	49	0	0	1	0
478	0.98	49	0	0	1	0
479	0.98	49	0	0	1	0
480	0.98	49	0	0	1	0
481	0.98	49	0	0	1	0
482	0.98	49	0	0	1	0
483	0.98	49	0	0	1	0
484	0.98	49	0	0	1	0
485	0.98	49	0	0	1	0
486	0.98	49	0	0	1	0
487	0.98	49	0	0	1	0
488	0.98	49	0	0	1	0
489	0.98	49	0	0	1	0
490	0.98	49	0	0	1	0
491	0.98	49	0	0	1	0
492	0.98	49	0	0	1	0
493	1.00	50	0	0	0	0
494	1.00	50	0	0	0	0
495	1.00	50	0	0	0	0
496	1.00	50	0	0	0	0
497	1.00	50	0	0	0	0
498	1.00	50	0	0	0	0
499	1.00	50	0	0	0	0
500	0.00	50	0	0	0	0
501	0.00	50	0	0	0	0
502	0.00	50	0	0	0	0
503	0.00	50	0	0	0	0
504	0.00	50	0	0	0	0
505	0.00	50	0	0	0	0
506	0.00	50	0	0	0	0
507	0.00	50	0	0	0	0
508	0.00	50	0	0	0	0
509	0.00	50	0	0	0	0
510	0.00	50	0	0	0	0
511	0.00	50	0	0	0	0
512	0.02	49	1	0	0	0
513	0.02	49	1	0	0	0
514	0.02	49	1	0	0	0
515	0.02	49	1	0	0	0
516	0.02	49	1	0	0	0
517	0.02	49	1	0	0	0
518	0.02	49	1	0	0	0
519	0.02	49	1	0	0	0
520	0.02	49	1	0	0	0
521	0.02	49	1	0	0	0
522	0.02	49	1	0	0	0
523	0.02	49	1	0	0	0
524	0.02	49	1	0	0	0
525	0.02	49	1	0	0	0
526	0.02	49	1	0	0	0
527	0.02	49	1	0	0	0
528	0.02	49	1	0	0	0
529	0.02	49	1	0	0	0
530	0.02	49	1	0	0	0
531	0.02	49	1	0	0	0
532	0.02	49	1	0	0	0
533	0.02	49	1	0	0	0
534	0.02	49	1	0	0	0
535	0.02	49	1	0	0	0
536	0.02	49	1	0	0	0
537	0.02	49	1	0	0	0
538	0.02	49	1	0	0	0
539	0.02	49	1	0	0	0
540	0.02	49	1	0	0	0
541	0.02	49	1	0	0	0
542	0.02	48	1	0	1	0
543	0.02	48	1	0	1	0
544	0.02	48	1	0	1	0
545	0.02	48	1	0	1	0
546	0.02	48	1	0	1	0
547	0.02	48	1	0	1	0
548	0.02	48	1	0	1	0
549	0.02	48	1	0	1	0
550	0.02	48	1	0	1	0
551	0.02	48	1	0	1	0
552	0.02	48	1	0	1	0
553	0.02	48	1	0	1	0
554	0.04	47	2	0	1	0
555	0.04	47	2	0	1	0
556	0.04	47	2	0	1	0
557	0.04	47	2	0	1	0
558	0.06	46	3	0	1	0
559	0.06	46	3	0	1	0
560	0.06	46	3	0	1	0
561	0.08	45	4	0	1	0
562	0.06	46	3	0	1	0
563	0.06	46	3	0	1	0
564	0.06	46	3	0	1	0
565	0.06	46	3	0	1	0
566	0.06	46	3	0	1	0
567	0.06	46	3	0	1	0
568	0.06	46	3	0	1	0
569	0.06	46	3	0	1	0
570	0.06	46	3	0	1	0
571	0.06	46	3	0	1	0
572	0.06	46	3	0	1	0
573	0.08	45	4	0	1	0
574	0.08	45	4	0	1	0
575	0.08	45	4	0	1	0
576	0.08	45	4	0	1	0
577	0.08	45	4	0	1	0
578	0.08	45	4	0	1	0
579	0.08	45	4	0	1	0
580	0.08	45	4	0	1	0
581	0.10	44	5	0	1	0
582	0.10	44	5	0	1	0
583	0.10	44	5	0	1	0
584	0.10	44	5	0	1	0
585	0.10	44	5	0	1	0
586	0.10	44	5	0	1	0
587	0.10	44	5	0	1	0
588	0.10	44	5	0	1	0
589	0.10	44	5	0	1	0
590	0.10	44	5	0	1	0
591	0.10	44	5	0	1	0
592	0.10	45	5	0	0	0
593	0.10	45	5	0	0	0
594	0.10	45	5	0	0	0
595	0.10	45	5	0	0	0
596	0.12	44	6	0	0	0
597	0.12	44	6	0	0	0
598	0.12	44	6	0	0	0
599	0.12	44	6	0	0	0
600	0.12	44	6	0	0	0
601	0.12	44	6	0	0	0
602	0.12	44	6	0	0	0
603	0.14	43	7	0	0	0
604	0.12	44	6	0	0	0
605	0.14	43	7	0	0	0
606	0.14	43	7	0	0	0
607	0.14	42	7	1	0	0
608	0.14	42	7	1	0	0
609	0.14	42	7	1	0	0
610	0.14	42	7	1	0	0
611	0.12	43	6	1	0	0
612	0.12	43	6	1	0	0
613	0.12	43	6	1	0	0
614	0.12	43	6	1	0	0
615	0.14	42	7	1	0	0
616	0.16	41	8	1	0	0
617	0.18	40	9	1	0	0
618	0.18	39	9	2	0	0
619	0.20	38	10	2	0	0
620	0.20	38	10	2	0	0
621	0.20	38	10	2	0	0
622	0.20	38	10	2	0	0
623	0.20	38	10	2	0	0
624	0.22	37	11	2	0	0
625	0.22	37	11	2	0	0
626	0.22	37	11	2	0	0
627	0.24	36	12	2	0	0
628	0.26	35	13	2	0	0
629	0.28	34	14	2	0	0
630	0.30	33	15	2	0	0
631	0.30	33	15	2	0	0
632	0.30	32	15	3	0	0
633	0.30	31	15	3	0	1
634	0.32	30	16	3	0	1
635	0.32	30	16	3	0	1
636	0.32	29	16	4	0	1
637	0.32	29	16	4	0	1
638	0.32	28	16	5	0	1
639	0.34	27	17	5	0	1
640	0.34	27	17	5	0	1
641	0.36	26	18	5	0	1
642	0.38	25	19	5	0	1
643	0.38	25	19	5	0	1
644	0.38	25	19	5	0	1
645	0.40	24	20	5	0	1
646	0.38	25	19	5	0	1
647	0.40	24	20	5	0	1
648	0.42	23	21	5	0	1
649	0.44	22	22	5	0	1
650	0.46	21	23	5	0	1
651	0.46	21	23	5	0	1
652	0.48	20	24	5	0	1
653	0.48	20	24	5	0	1
654	0.50	19	25	5	0	1
655	0.50	19	25	5	0	1
656	0.52	18	26	5	0	1
657	0.54	18	27	4	0	1
658	0.54	18	27	4	0	1
659	0.56	17	28	4	0	1
660	0.58	16	29	4	0	1
661	0.60	15	30	4	0	1
662	0.62	14	31	4	0	1
663	0.64	13	32	4	0	1
664	0.66	12	33	4	0	1
665	0.66	12	33	4	0	1
666	0.64	13	32	4	0	1
667	0.64	13	32	4	0	1
668	0.66	13	33	3	0	1
669	0.66	13	33	3	0	1
670	0.68	12	34	3	0	1
671	0.70	11	35	3	0	1
672	0.72	10	36	3	0	1
673	0.72	10	36	3	0	1
674	0.72	10	36	3	0	1
675	0.74	9	37	3	0	1
676	0.76	8	38	3	0	1
677	0.76	8	38	3	0	1
678	0.76	8	38	3	0	1
679	0.76	8	38	3	0	1
680	0.76	8	38	3	0	1
681	0.76	8	38	3	0	1
682	0.78	8	39	2	0	1
683	0.80	8	40	2	0	0
684	0.80	8	40	2	0	0
685	0.80	8	40	2	0	0
686	0.82	8	41	1	0	0
687	0.84	7	42	1	0	0
688	0.86	7	43	0	0	0
689	0.86	7	43	0	0	0
690	0.88	6	44	0	0	0
691	0.88	6	44	0	0	0
692	0.88	6	44	0	0	0
693	0.90	5	45	0	0	0
694	0.92	4	46	0	0	0
695	0.92	4	46	0	0	0
696	0.94	3	47	0	0	0
697	0.94	3	47	0	0	0
698	0.94	3	47	0	0	0
699	0.94	3	47	0	0	0
700	0.94	3	47	0	0	0
701	0.96	2	48	0	0	0
702	0.96	2	48	0	0	0
703	0.96	2	48	0	0	0
704	0.96	2	48	0	0	0
705	0.96	2	48	0	0	0
706	0.96	2	48	0	0	0
707	0.96	2	48	0	0	0
708	0.96	2	48	0	0	0
709	0.96	2	48	0	0	0
710	0.96	2	48	0	0	0
711	0.96	2	48	0	0	0
712	0.96	2	48	0	0	0
713	0.96	2	48	0	0	0
714	0.96	2	48	0	0	0
715	0.96	2	48	0	0	0
716	0.98	1	49	0	0	0
717	0.98	1	49	0	0	0
718	0.98	1	49	0	0	0
719	0.98	1	49	0	0	0
720	0.98	1	49	0	0	0
721	0.98	1	49	0	0	0
722	0.98	1	49	0	0	0
723	0.98	1	49	0	0	0
724	0.98	1	49	0	0	0
725	0.98	1	49	0	0	0
726	0.98	1	49	0	0	0
727	0.98	1	49	0	0	0
728	0.98	1	49	0	0	0
729	0.98	1	49	0	0	0
730	0.98	1	49	0	0	0
731	0.98	1	49	0	0	0
732	0.98	1	49	0	0	0
733	0.98	1	49	0	0	0
734	0.98	1	49	0	0	0
735	1.00	0	50	0	0	0
736	1.00	0	50	0	0	0
737	1.00	0	50	0	0	0
738	1.00	0	50	0	0	0
739	1.00	0	50	0	0	0
740	1.00	0	50	0	0	0
741	1.00	0	50	0	0	0
742	1.00	0	50	0	0	0
743	1.00	0	50	0	0	0
744	1.00	0	50	0	0	0
745	1.00	0	50	0	0	0
746	1.00	0	50	0	0	0
747	1.00	0	50	0	0	0
748	1.00	0	50	0	0	0
749	1.00	0	50	0	0	0
750	1.00	0	50	0	0	0
751	1.00	0	50	0	0	0
752	1.00	0	50	0	0	0
753	1.00	0	50	0	0	0
754	1.00	0	50	0	0	0
755	1.00	0	50	0	0	0
756	1.00	0	50	0	0	0
757	1.00	0	50	0	0	0
758	1.00	0	50	0	0	0
759	1.00	0	50	0	0	0
760	1.00	0	50	0	0	0
761	1.00	0	50	0	0	0
762	1.00	0	50	0	0	0
763	1.00	0	50	0	0	0
764	1.00	0	50	0	0	0
765	1.00	0	50	0	0	0
766	1.00	0	50	0	0	0
767	1.00	0	50	0	0	0
768	1.00	0	50	0	0	0
769	1.00	0	50	0	0	0
770	1.00	0	50	0	0	0
771	1.00	0	50	0	0	0
772	1.00	0	50	0	0	0
773	1.00	0	50	0	0	0
774	1.00	0	50	0	0	0
775	1.00	0	50	0	0	0
776	1.00	0	50	0	0	0
777	1.00	0	50	0	0	0
778	1.00	0	50	0	0	0
779	1.00	0	50	0	0	0
780	1.00	0	50	0	0	0
781	1.00	0	50	0	0	0
782	1.00	0	50	0	0	0
783	1.00	0	50	0	0	0
784	1.00	0	50	0	0	0
785	1.00	0	50	0	0	0
786	1.00	0	50	0	0	0
787	1.00	0	50	0	0	0
788	1.00	0	50	0	0	0
789	1.00	0	50	0	0	0
790	1.00	0	50	0	0	0
791	1.00	0	50	0	0	0
792	1.00	0	50	0	0	0
793	1.00	0	50	0	0	0
794	1.00	0	50	0	0	0
795	1.00	0	50	0	0	0
796	1.00	0	50	0	0	0
797	1.00	0	50	0	0	0
798	1.00	0	50	0	0	0
799	1.00	0	50	0	0	0
800	1.00	0	50	0	0	0
801	1.00	0	50	0	0	0
802	1.00	0	50	0	0	0
803	1.00	0	50	0	0	0
804	1.00	0	50	0	0	0
805	1.00	0	50	0	0	0
806	1.00	0	50	0	0	0
807	1.00	0	50	0	0	0
808	1.00	0	50	0	0	0
809	1.00	0	50	0	0	0
810	1.00	0	50	0	0	0
811	1.00	0	50	0	0	0
812	1.00	0	50	0	0	0
813	1.00	0	50	0	0	0
814	1.00	0	50	0	0	0
815	1.00	0	50	0	0	0
816	1.00	0	50	0	0	0
817	1.00	0	50	0	0	0
818	1.00	0	50	0	0	0
819	1.00	0	50	0	0	0
820	1.00	0	50	0	0	0
821	1.00	0	50	0	0	0
822	1.00	0	50	0	0	0
823	1.00	0	50	0	0	0
824	1.00	0	50	0	0	0
825	1.00	0	50	0	0	0
826	1.00	0	50	0	0	0
827	1.00	0	50	0	0	0
828	1.00	0	50	0	0	0
829	1.00	0	50	0	0	0
830	1.00	0	50	0	0	0
831	1.00	0	50	0	0	0
832	1.00	0	50	0	0	0
833	1.00	0	50	0	0	0
834	1.00	0	50	0	0	0
835	1.00	0	50	0	0	0
836	1.00	0	50	0	0	0
837	1.00	0	50	0	0	0
838	1.00	0	50	0	0	0
839	1.00	0	50	0	0	0
840	1.00	0	50	0	0	0
841	1.00	0	50	0	0	0
842	1.00	0	50	0	0	0
843	1.00	0	50	0	0	0
844	1.00	0	50	0	0	0
845	1.00	0	50	0	0	0
846	1.00	0	50	0	0	0
847	1.00	0	50	0	0	0
848	1.00	0	50	0	0	0
849	1.00	0	50	0	0	0
850	1.00	0	50	0	0	0
851	1.00	0	50	0	0	0
852	1.00	0	50	0	0	0
853	1.00	0	50	0	0	0
854	1.00	0	50	0	0	0
855	1.00	0	50	0	0	0
856	1.00	0	50	0	0	0
857	1.00	0	50	0	0	0
858	1.00	0	50	0	0	0
859	1.00	0	50	0	0	0
860	1.00	0	50	0	0	0
861	1.00	0	50	0	0	0
862	1.00	0	50	0	0	0
863	1.00	0	50	0	0	0
864	1.00	0	50	0	0	0
865	1.00	0	50	0	0	0
866	1.00	0	50	0	0	0
867	1.00	0	50	0	0	0
868	1.00	0	50	0	0	0
869	1.00	0	50	0	0	0
870	1.00	0	50	0	0	0
871	1.00	0	50	0	0	0
872	1.00	0	50	0	0	0
873	1.00	0	50	0	0	0
874	1.00	0	50	0	0	0
875	1.00	0	50	0	0	0
876	1.00	0	50	0	0	0
877	1.00	0	50	0	0	0
878	1.00	0	50	0	0	0
879	1.00	0	50	0	0	0
880	1.00	0	50	0	0	0
881	1.00	0	50	0	0	0
882	1.00	0	50	0	0	0
883	1.00	0	50	0	0	0
884	1.00	0	50	0	0	0
885	1.00	0	50	0	0	0
886	1.00	0	50	0	0	0
887	1.00	0	50	0	0	0
888	1.00	0	50	0	0	0
889	1.00	0	50	0	0	0
890	1.00	0	50	0	0	0
891	1.00	0	50	0	0	0
892	1.00	0	50	0	0	0
893	1.00	0	50	0	0	0
894	1.00	0	50	0	0	0
895	1.00	0	50	0	0	0
896	1.00	0	50	0	0	0
897	1.00	0	50	0	0	0
898	1.00	0	50	0	0	0
899	1.00	0	50	0	0	0
900	1.00	0	50	0	0	0
901	1.00	0	50	0	0	0
902	1.00	0	50	0	0	0
903	1.00	0	50	0	0	0
904	1.00	0	50	0	0	0
905	1.00	0	50	0	0	0
906	1.00	0	50	0	0	0
907	1.00	0	50	0	0	0
908	1.00	0	50	0	0	0
909	1.00	0	50	0	0	0
910	1.00	0	50	0	0	0
911	1.00	0	50	0	0	0
912	1.00	0	50	0	0	0
913	1.00	0	50	0	0	0
914	1.00	0	50	0	0	0
915	1.00	0	50	0	0	0
916	1.00	0	50	0	0	0
917	1.00	0	50	0	0	0
918	1.00	0	50	0	0	0
919	1.00	0	50	0	0	0
920	1.00	0	50	0	0	0
921	1.00	0	50	0	0	0
922	1.00	0	50	0	0	0
923	1.00	0	50	0	0	0
924	1.00	0	50	0	0	0
925	1.00	0	50	0	0	0
926	1.00	0	50	0	0	0
927	1.00	0	50	0	0	0
928	1.00	0	50	0	0	0
929	1.00	0	50	0	0	0
930	1.00	0	50	0	0	0
931	1.00	0	50	0	0	0
932	1.00	0	50	0	0	0
933	1.00	0	50	0	0	0
934	1.00	0	50	0	0	0
935	1.00	0	50	0	0	0
936	1.00	0	50	0	0	0
937	1.00	0	50	0	0	0
938	1.00	0	50	0	0	0
939	1.00	0	50	0	0	0
940	1.00	0	50	0	0	0
941	1.00	0	50	0	0	0
942	1.00	0	50	0	0	0
943	1.00	0	50	0	0	0
944	1.00	0	50	0	0	0
945	1.00	0	50	0	0	0
946	1.00	0	50	0	0	0
947	1.00	0	50	0	0	0
948	1.00	0	50	0	0	0
949	1.00	0	50	0	0	0
950	1.00	0	50	0	0	0
951	1.00	0	50	0	0	0
952	1.00	0	50	0	0	0
953	1.00	0	50	0	0	0
954	1.00	0	50	0	0	0
955	1.00	0	50	0	0	0
956	1.00	0	50	0	0	0
957	1.00	0	50	0	0	0
958	1.00	0	50	0	0	0
959	1.00	0	50	0	0	0
960	1.00	0	50	0	0	0
961	1.00	0	50	0	0	0
962	1.00	0	50	0	0	0
963	1.00	0	50	0	0	0
964	1.00	0	50	0	0	0
965	1.00	0	50	0	0	0
966	1.00	0	50	0	0	0
967	1.00	0	50	0	0	0
968	1.00	0	50	0	0	0
969	1.00	0	50	0	0	0
970	1.00	0	50	0	0	0
971	1.00	0	50	0	0	0
972	1.00	0	50	0	0	0
973	1.00	0	50	0	0	0
974	1.00	0	50	0	0	0
975	1.00	0	50	0	0	0
976	1.00	0	50	0	0	0
977	1.00	0	50	0	0	0
978	1.00	0	50	0	0	0
979	1.00	0	50	0	0	0
980	1.00	0	50	0	0	0
981	1.00	0	50	0	0	0
982	1.00	0	50	0	0	0
983	1.00	0	50	0	0	0
984	1.00	0	50	0	0	0
985	1.00	0	50	0	0	0
986	1.00	0	50	0	0	0
987	1.00	0	50	0	0	0
988	1.00	0	50	0	0	0
989	1.00	0	50	0	0	0
990	1.00	0	50	0	0	0
991	1.00	0	50	0	0	0
992	1.00	0	50	0	0	0
993	1.00	0	50	0	0	0
994	1.00	0	50	0	0	0
995	1.00	0	50	0	0	0
996	1.00	0	50	0	0	0
997	1.00	0	50	0	0	0
998	1.00	0	50	0	0	0
999	1.00	0	50	0	0	0
1000	0.00	0	50	0	0	0
1001	0.00	0	50	0	0	0
1002	0.00	0	50	0	0	0
1003	0.00	0	50	0	0	0
1004	0.00	0	50	0	0	0
1005	0.00	0	50	0	0	0
1006	0.00	0	50	0	0	0
1007	0.00	0	50	0	0	0
1008	0.00	0	50	0	0	0
1009	0.00	0	50	0	0	0
1010	0.00	0	50	0	0	0
1011	0.00	0	50	0	0	0
1012	0.00	0	50	0	0	0
1013	0.00	0	49	0	0	1
1014	0.00	0	49	0	0	1
1015	0.00	0	49	0	0	1
1016	0.00	0	49	0	0	1
1017	0.00	0	49	0	0	1
1018	0.00	0	49	0	0	1
1019	0.00	0	49	0	0	1
1020	0.00	0	49	0	0	1
1021	0.00	0	49	0	0	1
1022	0.00	0	49	0	0	1
1023	0.00	0	49	0	0	1
1024	0.00	0	49	0	0	1
1025	0.00	0	49	0	0	1
1026	0.00	0	49	0	0	1
1027	0.00	0	49	0	0	1
1028	0.00	0	49	0	0	1
1029	0.00	0	49	0	0	1
1030	0.00	0	49	0	0	1
1031	0.00	0	49	0	0	1
1032	0.00	0	49	0	0	1
1033	0.00	0	49	0	0	1
1034	0.00	0	49	0	0	1
1035	0.00	0	49	0	0	1
1036	0.00	0	49	0	0	1
1037	0.00	0	49	0	0	1
1038	0.00	0	49	0	0	1
1039	0.00	0	49	0	0	1
1040	0.00	0	49	0	0	1
1041	0.00	0	49	0	0	1
1042	0.00	0	49	0	0	1
1043	0.00	0	49	0	0	1
1044	0.00	0	49	0	0	1
1045	0.00	0	49	0	0	1
1046	0.00	0	49	0	0	1
1047	0.00	0	49	0	0	1
1048	0.00	0	49	0	0	1
1049	0.00	0	49	0	0	1
1050	0.00	0	49	0	0	1
1051	0.00	0	49	0	0	1
1052	0.00	0	49	0	0	1
1053	0.00	0	49	0	0	1
1054	0.00	0	49	0	0	1
1055	0.00	0	49	0	0	1
1056	0.00	0	49	0	0	1
1057	0.00	0	49	0	0	1
1058	0.00	0	49	0	0	1
1059	0.00	0	49	0	0	1
1060	0.00	0	49	0	0	1
1061	0.00	0	49	0	0	1
1062	0.00	0	49	0	0	1
1063	0.00	0	50	0	0	0
1064	0.00	0	50	0	0	0
1065	0.00	0	50	0	0	0
1066	0.00	0	50	0	0	0
1067	0.00	0	50	0	0	0
1068	0.00	0	50	0	0	0
1069	0.00	0	50	0	0	0
1070	0.00	0	50	0	0	0
1071	0.00	0	50	0	0	0
1072	0.00	0	50	0	0	0
1073	0.00	0	50	0	0	0
1074	0.00	0	50	0	0	0
1075	0.00	0	50	0	0	0
1076	0.00	0	50	0	0	0
1077	0.00	0	50	0	0	0
1078	0.00	0	50	0	0	0
1079	0.00	0	50	0	0	0
1080	0.00	0	50	0	0	0
1081	0.00	0	50	0	0	0
1082	0.00	0	50	0	0	0
1083	0.00	0	50	0	0	0
1084	0.00	0	50	0	0	0
1085	0.00	0	50	0	0	0
1086	0.00	0	50	0	0	0
1087	0.00	0	50	0	0	0
1088	0.00	0	50	0	0	0
1089	0.00	0	50	0	0	0
1090	0.00	0	50	0	0	0
1091	0.00	0	50	0	0	0
1092	0.00	0	50	0	0	0
1093	0.00	0	50	0	0	0
1094	0.00	0	50	0	0	0
1095	0.00	0	50	0	0	0
1096	0.00	0	50	0	0	0
1097	0.00	0	50	0	0	0
1098	0.00	0	50	0	0	0
1099	0.00	0	50	0	0	0
1100	0.00	0	50	0	0	0
1101	0.02	0	49	1	0	0
1102	0.02	0	49	1	0	0
1103	0.02	0	49	1	0	0
1104	0.02	0	49	1	0	0
1105	0.02	0	49	1	0	0
1106	0.02	0	49	1	0	0
1107	0.02	0	49	1	0	0
1108	0.02	0	49	1	0	0
1109	0.02	0	49	1	0	0
1110	0.02	0	49	1	0	0
1111	0.02	0	49	1	0	0
1112	0.02	0	49	1	0	0
1113	0.02	0	49	1	0	0
1114	0.02	0	49	1	0	0
1115	0.02	0	49	1	0	0
1116	0.02	0	49	1	0	0
1117	0.04	0	48	2	0	0
1118	0.04	0	48	2	0	0
1119	0.04	0	48	2	0	0
1120	0.04	0	48	2	0	0
1121	0.04	0	48	2	0	0
1122	0.04	0	48	2	0	0
1123	0.04	0	48	2	0	0
1124	0.04	0	48	2	0	0
1125	0.04	0	48	2	0	0
1126	0.04	0	48	2	0	0
1127	0.04	0	48	2	0	0
1128	0.04	0	48	2	0	0
1129	0.04	0	48	2	0	0
1130	0.04	0	48	2	0	0
1131	0.04	0	48	2	0	0
1132	0.04	0	48	2	0	0
1133	0.04	0	48	2	0	0
1134	0.04	0	48	2	0	0
1135	0.04	0	48	2	0	0
1136	0.04	0	48	2	0	0
1137	0.04	0	48	2	0	0
1138	0.06	0	47	3	0	0
1139	0.06	0	47	3	0	0
1140	0.06	0	47	3	0	0
1141	0.06	0	46	3	0	1
1142	0.06	0	46	3	0	1
1143	0.06	0	46	3	0	1
1144	0.06	0	46	3	0	1
1145	0.08	0	45	4	0	1
1146	0.08	0	45	4	0	1
1147	0.08	0	45	4	0	1
1148	0.08	0	45	4	0	1
1149	0.08	0	45	4	0	1
1150	0.08	0	45	4	0	1
1151	0.06	0	46	3	0	1
1152	0.06	0	46	3	0	1
1153	0.06	0	46	3	0	1
1154	0.06	0	46	3	0	1
1155	0.06	0	46	3	0	1
1156	0.06	0	46	3	0	1
1157	0.06	0	46	3	0	1
1158	0.06	0	46	3	0	1
1159	0.06	0	46	3	0	1
1160	0.06	0	46	3	0	1
1161	0.06	0	46	3	0	1
1162	0.06	0	46	3	0	1
1163	0.06	0	46	3	0	1
1164	0.06	0	46	3	0	1
1165	0.06	0	46	3	0	1
1166	0.06	0	46	3	0	1
1167	0.04	0	47	2	0	1
1168	0.04	0	47	2	0	1
1169	0.04	0	47	2	0	1
1170	0.04	0	47	2	0	1
1171	0.04	1	46	2	0	1
1172	0.04	1	45	2	1	1
1173	0.04	1	45	2	1	1
1174	0.04	1	45	2	1	1
1175	0.04	1	45	2	1	1
1176	0.04	1	45	2	1	1
1177	0.04	1	45	2	1	1
1178	0.04	1	45	2	1	1
1179	0.06	1	44	3	1	1
1180	0.06	1	44	3	1	1
1181	0.06	1	44	3	1	1
1182	0.06	1	44	3	1	1
1183	0.06	1	44	3	1	1
1184	0.06	1	44	3	1	1
1185	0.06	1	44	3	1	1
1186	0.06	1	44	3	1	1
1187	0.06	1	44	3	1	1
1188	0.04	1	45	2	1	1
1189	0.06	1	44	3	1	1
1190	0.06	1	44	3	1	1
1191	0.06	1	45	3	1	0
1192	0.06	1	45	3	1	0
1193	0.06	1	45	3	1	0
1194	0.06	1	45	3	1	0
1195	0.04	1	46	2	1	0
1196	0.06	1	45	3	1	0
1197	0.06	1	45	3	1	0
1198	0.06	1	45	3	1	0
1199	0.06	1	45	3	1	0
1200	0.08	1	44	4	1	0
1201	0.08	1	44	4	1	0
1202	0.08	1	44	4	1	0
1203	0.08	1	44	4	1	0
1204	0.08	1	44	4	1	0
1205	0.08	1	44	4	1	0
1206	0.08	1	44	4	1	0
1207	0.08	1	44	4	1	0
1208	0.08	1	44	4	1	0
1209	0.10	1	43	5	1	0
1210	0.10	1	43	5	1	0
1211	0.10	1	43	5	1	0
1212	0.10	1	43	5	1	0
1213	0.10	1	43	5	1	0
1214	0.10	1	43	5	1	0
1215	0.10	1	43	5	1	0
1216	0.10	1	43	5	1	0
1217	0.10	1	43	5	1	0
1218	0.10	1	43	5	1	0
1219	0.10	1	43	5	1	0
1220	0.10	1	43	5	1	0
1221	0.10	0	44	5	1	0
1222	0.10	0	45	5	0	0
1223	0.10	0	45	5	0	0
1224	0.10	0	45	5	0	0
1225	0.10	0	45	5	0	0
1226	0.10	0	45	5	0	0
1227	0.10	0	45	5	0	0
1228	0.10	0	45	5	0	0
1229	0.08	0	46	4	0	0
1230	0.08	0	46	4	0	0
1231	0.08	0	46	4	0	0
1232	0.08	0	46	4	0	0
1233	0.10	0	45	5	0	0
1234	0.10	0	45	5	0	0
1235	0.10	0	45	5	0	0
1236	0.10	0	45	5	0	0
1237	0.10	0	45	5	0	0
1238	0.10	0	45	5	0	0
1239	0.08	0	46	4	0	0
1240	0.08	0	46	4	0	0
1241	0.08	0	46	4	0	0
1242	0.08	0	46	4	0	0
1243	0.08	0	46	4	0	0
1244	0.08	0	46	4	0	0
1245	0.08	0	46	4	0	0
1246	0.06	0	47	3	0	0
1247	0.06	0	47	3	0	0
1248	0.06	0	47	3	0	0
1249	0.06	0	47	3	0	0
1250	0.04	0	48	2	0	0
1251	0.04	0	48	2	0	0
1252	0.04	0	48	2	0	0
1253	0.04	0	48	2	0	0
1254	0.04	0	48	2	0	0
1255	0.04	0	48	2	0	0
1256	0.06	0	47	3	0	0
1257	0.08	0	46	4	0	0
1258	0.08	0	46	4	0	0
1259	0.06	0	47	3	0	0
1260	0.06	0	47	3	0	0
1261	0.06	0	47	3	0	0
1262	0.06	0	47	3	0	0
1263	0.06	0	47	3	0	0
1264	0.06	0	47	3	0	0
1265	0.06	0	47	3	0	0
1266	0.08	0	46	4	0	0
1267	0.08	0	46	4	0	0
1268	0.08	0	46	4	0	0
1269	0.08	0	46	4	0	0
1270	0.08	0	46	4	0	0
1271	0.10	0	45	5	0	0
1272	0.10	0	45	5	0	0
1273	0.10	0	45	5	0	0
1274	0.10	0	45	5	0	0
1275	0.10	0	45	5	0	0
1276	0.10	0	45	5	0	0
1277	0.10	0	45	5	0	0
1278	0.10	0	45	5	0	0
1279	0.10	0	45	5	0	0
1280	0.10	0	45	5	0	0
1281	0.10	0	45	5	0	0
1282	0.10	0	45	5	0	0
1283	0.08	0	46	4	0	0
1284	0.08	0	46	4	0	0
1285	0.08	0	46	4	0	0
1286	0.08	0	46	4	0	0
1287	0.08	0	46	4	0	0
1288	0.08	0	46	4	0	0
1289	0.10	0	45	5	0	0
1290	0.10	0	45	5	0	0
1291	0.12	0	44	6	0	0
1292	0.12	0	44	6	0	0
1293	0.12	0	44	6	0	0
1294	0.14	0	43	7	0	0
1295	0.16	0	42	8	0	0
1296	0.16	0	42	8	0	0
1297	0.16	0	42	8	0	0
1298	0.16	0	42	8	0	0
1299	0.16	0	42	8	0	0
1300	0.18	0	41	9	0	0
1301	0.18	0	41	9	0	0
1302	0.20	0	40	10	0	0
1303	0.20	0	40	10	0	0
1304	0.22	0	39	11	0	0
1305	0.24	0	38	12	0	0
1306	0.22	0	39	11	0	0
1307	0.22	0	39	11	0	0
1308	0.22	0	39	11	0	0
1309	0.22	0	39	11	0	0
1310	0.22	0	39	11	0	0
1311	0.22	0	39	11	0	0
1312	0.22	0	39	11	0	0
1313	0.24	0	38	12	0	0
1314	0.26	0	37	13	0	0
1315	0.26	0	37	13	0	0
1316	0.26	0	37	13	0	0
1317	0.26	0	37	13	0	0
1318	0.28	0	36	14	0	0
1319	0.30	0	35	15	0	0
1320	0.32	0	34	16	0	0
1321	0.32	0	34	16	0	0
1322	0.32	0	34	16	0	0
1323	0.34	0	33	17	0	0
1324	0.36	0	32	18	0	0
1325	0.36	1	31	18	0	0
1326	0.38	1	30	19	0	0
1327	0.40	1	29	20	0	0
1328	0.42	1	28	21	0	0
1329	0.44	1	27	22	0	0
1330	0.46	1	26	23	0	0
1331	0.48	1	25	24	0	0
1332	0.50	1	24	25	0	0
1333	0.52	1	23	26	0	0
1334	0.54	1	22	27	0	0
1335	0.54	1	22	27	0	0
1336	0.56	1	21	28	0	0
1337	0.58	1	20	29	0	0
1338	0.60	1	19	30	0	0
1339	0.60	1	19	30	0	0
1340	0.62	1	18	31	0	0
1341	0.62	1	18	31	0	0
1342	0.64	1	17	32	0	0
1343	0.66	1	16	33	0	0
1344	0.66	1	16	33	0	0
1345	0.66	1	16	33	0	0
1346	0.68	1	15	34	0	0
1347	0.70	1	14	35	0	0
1348	0.72	1	13	36	0	0
1349	0.74	1	12	37	0	0
1350	0.74	1	12	37	0	0
1351	0.76	1	11	38	0	0
1352	0.76	1	11	38	0	0
1353	0.78	1	10	39	0	0
1354	0.78	1	10	39	0	0
1355	0.78	1	10	39	0	0
1356	0.80	1	9	40	0	0
1357	0.80	1	9	40	0	0
1358	0.82	1	8	41	0	0
1359	0.84	1	7	42	0	0
1360	0.86	1	6	43	0	0
1361	0.88	1	5	44	0	0
1362	0.90	1	4	45	0	0
1363	0.90	1	4	45	0	0
1364	0.90	1	4	45	0	0
1365	0.92	1	3	46	0	0
1366	0.92	1	3	46	0	0
1367	0.94	1	2	47	0	0
1368	0.94	1	2	47	0	0
1369	0.94	1	2	47	0	0
1370	0.94	1	2	47	0	0
1371	0.92	2	2	46	0	0
1372	0.94	2	1	47	0	0
1373	0.92	2	1	46	1	0
1374	0.92	2	1	46	1	0
1375	0.94	1	1	47	1	0
1376	0.94	1	1	47	1	0
1377	0.94	1	1	47	1	0
1378	0.94	1	1	47	1	0
1379	0.94	1	1	47	1	0
1380	0.94	1	1	47	1	0
1381	0.94	1	1	47	1	0
1382	0.94	1	1	47	1	0
1383	0.94	1	1	47	1	0
1384	0.94	1	1	47	1	0
1385	0.96	1	0	48	1	0
1386	0.96	1	0	48	1	0
1387	0.96	1	0	48	1	0
1388	0.96	1	0	48	1	0
1389	0.96	1	0	48	1	0
1390	0.96	1	0	48	1	0
1391	0.96	1	0	48	1	0
1392	0.96	1	0	48	1	0
1393	0.94	1	0	47	2	0
1394	0.94	1	0	47	2	0
1395	0.94	1	0	47	2	0
1396	0.94	1	0	47	2	0
1397	0.94	1	0	47	2	0
1398	0.94	1	0	47	2	0
1399	0.94	1	0	47	2	0
1400	0.94	1	0	47	2	0
1401	0.94	1	0	47	2	0
1402	0.94	1	0	47	2	0
1403	0.94	1	0	47	2	0
1404	0.94	1	0	47	2	0
1405	0.94	1	0	47	2	0
1406	0.94	1	0	47	2	0
1407	0.94	1	0	47	2	0
1408	0.94	1	0	47	2	0
1409	0.94	1	0	47	2	0
1410	0.94	1	0	47	2	0
1411	0.94	1	0	47	2	0
1412	0.94	1	0	47	2	0
1413	0.94	1	0	47	2	0
1414	0.94	1	0	47	2	0
1415	0.94	1	0	47	2	0
1416	0.94	1	0	47	2	0
1417	0.94	1	0	47	2	0
1418	0.92	1	1	46	2	0
1419	0.92	1	1	46	2	0
1420	0.92	1	1	46	2	0
1421	0.94	0	1	47	2	0
1422	0.92	0	1	46	3	0
1423	0.94	0	1	47	2	0
1424	0.94	0	1	47	2	0
1425	0.94	0	1	47	2	0
1426	0.94	0	1	47	2	0
1427	0.94	0	1	47	2	0
1428	0.94	0	1	47	2	0
1429	0.94	0	1	47	2	0
1430	0.94	0	1	47	2	0
1431	0.94	0	1	47	2	0
1432	0.94	0	1	47	2	0
1433	0.92	0	1	46	3	0
1434	0.92	0	1	46	3	0
1435	0.92	0	1	46	3	0
1436	0.92	0	1	46	3	0
1437	0.92	0	1	46	3	0
1438	0.92	0	1	46	3	0
1439	0.92	0	1	46	3	0
1440	0.92	0	1	46	3	0
1441	0.92	0	1	46	3	0
1442	0.92	0	1	46	3	0
1443	0.94	0	1	47	2	0
1444	0.94	0	1	47	2	0
1445	0.94	0	1	47	2	0
1446	0.94	0	1	47	2	0
1447	0.94	0	1	47	2	0
1448	0.94	0	1	47	2	0
1449	0.94	0	1	47	2	0
1450	0.94	0	1	47	2	0
1451	0.94	0	1	47	2	0
1452	0.94	0	1	47	2	0
1453	0.94	0	1	47	2	0
1454	0.94	0	1	47	2	0
1455	0.94	0	1	47	2	0
1456	0.94	0	1	47	2	0
1457	0.94	0	1	47	2	0
1458	0.94	0	1	47	2	0
1459	0.94	0	1	47	2	0
1460	0.94	0	1	47	2	0
1461	0.94	0	1	47	2	0
1462	0.94	0	1	47	2	0
1463	0.94	0	1	47	2	0
1464	0.94	0	1	47	2	0
1465	0.94	0	1	47	2	0
1466	0.94	0	1	47	2	0
1467	0.94	0	1	47	2	0
1468	0.96	0	0	48	2	0
1469	0.96	0	0	48	2	0
1470	0.96	0	0	48	2	0
1471	0.96	0	0	48	2	0
1472	0.98	0	0	49	1	0
1473	0.98	0	0	49	1	0
1474	0.98	0	0	49	1	0
1475	0.98	0	0	49	1	0
1476	0.98	0	0	49	1	0
1477	0.98	0	0	49	1	0
1478	0.98	0	0	49	1	0
1479	0.98	0	0	49	1	0
1480	0.98	0	0	49	1	0
1481	0.98	0	0	49	1	0
1482	0.98	0	0	49	1	0
1483	1.00	0	0	50	0	0
1484	1.00	0	0	50	0	0
1485	1.00	0	0	50	0	0
1486	1.00	0	0	50	0	0
1487	1.00	0	0	50	0	0
1488	1.00	0	0	50	0	0
1489	1.00	0	0	50	0	0
1490	1.00	0	0	50	0	0
1491	1.00	0	0	50	0	0
1492	1.00	0	0	50	0	0
1493	1.00	0	0	50	0	0
1494	1.00	0	0	50	0	0
1495	1.00	0	0	50	0	0
1496	1.00	0	0	50	0	0
1497	1.00	0	0	50	0	0
1498	1.00	0	0	50	0	0
1499	1.00	0	0	50	0	0
1500	0.00	1	0	49	0	0
1501	0.00	1	0	49	0	0
1502	0.00	1	0	49	0	0
1503	0.00	1	0	49	0	0
1504	0.00	1	0	49	0	0
1505	0.00	1	0	49	0	0
1506	0.00	1	0	49	0	0
1507	0.00	1	0	49	0	0
1508	0.00	1	0	49	0	0
1509	0.00	1	0	49	0	0
1510	0.00	1	0	49	0	0
1511	0.00	1	0	49	0	0
1512	0.00	1	0	49	0	0
1513	0.00	1	0	49	0	0
1514	0.00	1	0	49	0	0
1515	0.00	1	0	49	0	0
1516	0.00	1	0	49	0	0
1517	0.00	1	0	49	0	0
1518	0.00	1	0	49	0	0
1519	0.00	1	0	49	0	0
1520	0.00	1	0	49	0	0
1521	0.00	1	0	49	0	0
1522	0.00	1	0	49	0	0
1523	0.00	1	0	49	0	0
1524	0.00	1	0	49	0	0
1525	0.00	1	0	49	0	0
1526	0.00	1	0	49	0	0
1527	0.00	1	0	49	0	0
1528	0.00	1	0	49	0	0
1529	0.02	1	0	48	1	0
1530	0.04	1	0	47	2	0
1531	0.04	1	0	47	2	0
1532	0.04	1	0	47	2	0
1533	0.06	1	0	46	3	0
1534	0.06	1	1	45	3	0
1535	0.06	1	1	45	3	0
1536	0.06	1	1	45	3	0
1537	0.06	1	1	45	3	0
1538	0.06	1	1	45	3	0
1539	0.06	1	1	45	3	0
1540	0.06	1	1	45	3	0
1541	0.06	1	1	45	3	0
1542	0.06	1	1	45	3	0
1543	0.06	1	1	45	3	0
1544	0.06	1	1	45	3	0
1545	0.06	1	1	45	3	0
1546	0.06	1	1	45	3	0
1547	0.06	1	1	45	3	0
1548	0.06	1	1	45	3	0
1549	0.06	1	1	45	3	0
1550	0.06	0	1	46	3	0
1551	0.06	0	1	46	3	0
1552	0.06	0	1	46	3	0
1553	0.06	0	1	46	3	0
1554	0.06	0	1	46	3	0
1555	0.08	0	1	45	4	0
1556	0.08	0	1	45	4	0
1557	0.08	0	1	45	4	0
1558	0.08	0	1	45	4	0
1559	0.08	0	1	45	4	0
1560	0.08	0	1	45	4	0
1561	0.08	0	1	45	4	0
1562	0.10	0	1	44	5	0
1563	0.10	0	1	44	5	0
1564	0.10	0	1	44	5	0
1565	0.10	0	1	44	5	0
1566	0.10	0	1	44	5	0
1567	0.10	0	1	44	5	0
1568	0.10	0	1	44	5	0
1569	0.10	0	1	44	5	0
1570	0.10	0	1	44	5	0
1571	0.10	0	1	44	5	0
1572	0.12	0	1	43	6	0
1573	0.14	0	1	42	7	0
1574	0.14	0	2	41	7	0
1575	0.14	0	2	41	7	0
1576	0.14	0	2	41	7	0
1577	0.14	0	2	41	7	0
1578	0.14	0	2	41	7	0
1579	0.12	0	2	42	6	0
1580	0.10	0	2	43	5	0
1581	0.12	0	2	42	6	0
1582	0.14	0	2	41	7	0
1583	0.14	0	2	41	7	0
1584	0.16	0	1	41	8	0
1585	0.16	0	1	41	8	0
1586	0.18	0	1	40	9	0
1587	0.20	0	1	39	10	0
1588	0.22	0	1	38	11	0
1589	0.24	0	1	37	12	0
1590	0.24	0	1	37	12	0
1591	0.24	0	1	37	12	0
1592	0.24	0	1	37	12	0
1593	0.26	0	1	36	13	0
1594	0.28	0	1	35	14	0
1595	0.30	0	1	34	15	0
1596	0.32	0	1	33	16	0
1597	0.34	0	1	32	17	0
1598	0.36	0	1	31	18	0
1599	0.38	0	1	30	19	0
1600	0.40	0	1	29	20	0
1601	0.42	0	1	28	21	0
1602	0.44	0	1	27	22	0
1603	0.46	0	1	26	23	0
1604	0.48	0	1	25	24	0
1605	0.48	0	1	25	24	0
1606	0.50	0	1	24	25	0
1607	0.52	0	1	23	26	0
1608	0.54	0	1	22	27	0
1609	0.56	0	1	21	28	0
1610	0.56	0	1	21	28	0
1611	0.58	0	1	20	29	0
1612	0.58	0	1	20	29	0
1613	0.60	0	1	19	30	0
1614	0.62	0	1	18	31	0
1615	0.64	0	1	17	32	0
1616	0.66	0	1	16	33	0
1617	0.68	0	1	15	34	0
1618	0.70	0	1	14	35	0
1619	0.72	0	1	13	36	0
1620	0.74	0	1	12	37	0
1621	0.76	0	1	11	38	0
1622	0.76	0	1	11	38	0
1623	0.76	0	1	11	38	0
1624	0.78	0	0	11	39	0
1625	0.80	0	0	10	40	0
1626	0.82	0	0	9	41	0
1627	0.84	0	0	8	42	0
1628	0.86	0	0	7	43	0
1629	0.88	0	0	6	44	0
1630	0.90	0	0	5	45	0
1631	0.90	0	0	5	45	0
1632	0.90	0	0	5	45	0
1633	0.90	0	0	5	45	0
1634	0.90	0	0	5	45	0
1635	0.92	0	0	4	46	0
1636	0.92	0	0	4	46	0
1637	0.92	0	0	4	46	0
1638	0.92	0	0	4	46	0
1639	0.92	0	0	4	46	0
1640	0.94	0	0	3	47	0
1641	0.96	0	0	2	48	0
1642	0.98	0	0	1	49	0
1643	0.98	0	0	1	49	0
1644	0.98	0	0	1	49	0
1645	0.98	0	0	1	49	0
1646	0.98	0	0	1	49	0
1647	0.98	0	0	1	49	0
1648	0.98	0	0	1	49	0
1649	0.98	0	0	1	49	0
1650	0.98	0	0	1	49	0
1651	0.98	0	0	1	49	0
1652	0.98	0	0	1	49	0
1653	0.98	0	0	1	49	0
1654	0.98	0	0	1	49	0
1655	0.98	0	0	1	49	0
1656	0.98	0	0	1	49	0
1657	0.98	0	0	1	49	0
1658	0.98	0	0	1	49	0
1659	0.98	0	0	1	49	0
1660	1.00	0	0	0	50	0
1661	1.00	0	0	0	50	0
1662	1.00	0	0	0	50	0
1663	1.00	0	0	0	50	0
1664	1.00	0	0	0	50	0
1665	1.00	0	0	0	50	0
1666	1.00	0	0	0	50	0
1667	1.00	0	0	0	50	0
1668	1.00	0	0	0	50	0
1669	1.00	0	0	0	50	0
1670	1.00	0	0	0	50	0
1671	1.00	0	0	0	50	0
1672	0.98	1	0	0	49	0
1673	0.98	1	0	0	49	0
1674	0.98	1	0	0	49	0
1675	0.98	1	0	0	49	0
1676	0.98	1	0	0	49	0
1677	0.98	1	0	0	49	0
1678	0.98	1	0	0	49	0
1679	0.98	1	0	0	49	0
1680	0.98	1	0	0	49	0
1681	0.98	1	0	0	49	0
1682	0.98	1	0	0	49	0
1683	0.98	1	0	0	49	0
1684	0.98	1	0	0	49	0
1685	0.98	1	0	0	49	0
1686	0.98	1	0	0	49	0
1687	0.98	1	0	0	49	0
1688	0.98	1	0	0	49	0
1689	0.98	1	0	0	49	0
1690	0.98	1	0	0	49	0
1691	0.98	1	0	0	49	0
1692	0.98	1	0	0	49	0
1693	0.98	1	0	0	49	0
1694	0.98	1	0	0	49	0
1695	0.98	1	0	0	49	0
1696	0.98	1	0	0	49	0
1697	0.98	1	0	0	49	0
1698	0.98	1	0	0	49	0
1699	0.98	1	0	0	49	0
1700	0.98	1	0	0	49	0
1701	0.98	1	0	0	49	0
1702	0.98	1	0	0	49	0
1703	0.98	1	0	0	49	0
1704	0.98	1	0	0	49	0
1705	0.98	1	0	0	49	0
1706	0.98	1	0	0	49	0
1707	0.98	1	0	0	49	0
1708	0.98	1	0	0	49	0
1709	0.98	1	0	0	49	0
1710	0.98	1	0	0	49	0
1711	0.98	1	0	0	49	0
1712	0.98	1	0	0	49	0
1713	0.98	1	0	0	49	0
1714	0.98	1	0	0	49	0
1715	0.98	1	0	0	49	0
1716	0.98	1	0	0	49	0
1717	0.98	1	0	0	49	0
1718	0.98	1	0	0	49	0
1719	0.98	1	0	0	49	0
1720	0.98	1	0	0	49	0
1721	0.98	1	0	0	49	0
1722	1.00	0	0	0	50	0
1723	1.00	0	0	0	50	0
1724	1.00	0	0	0	50	0
1725	1.00	0	0	0	50	0
1726	1.00	0	0	0	50	0
1727	1.00	0	0	0	50	0
1728	1.00	0	0	0	50	0
1729	1.00	0	0	0	50	0
1730	1.00	0	0	0	50	0
1731	1.00	0	0	0	50	0
1732	1.00	0	0	0	50	0
1733	1.00	0	0	0	50	0
1734	0.98	0	0	0	49	1
1735	0.98	0	0	0	49	1
1736	0.98	0	0	0	49	1
1737	0.98	0	0	0	49	1
1738	0.98	0	0	0	49	1
1739	0.98	0	0	0	49	1
1740	0.98	0	0	0	49	1
1741	0.98	0	0	0	49	1
1742	0.98	0	0	0	49	1
1743	0.98	0	0	0	49	1
1744	0.98	0	0	0	49	1
1745	0.98	0	0	0	49	1
1746	0.98	0	0	0	49	1
1747	0.98	0	0	0	49	1
1748	0.98	0	0	0	49	1
1749	0.98	0	0	0	49	1
1750	0.98	0	0	0	49	1
1751	0.98	0	0	0	49	1
1752	0.98	0	0	0	49	1
1753	0.98	0	0	0	49	1
1754	0.98	0	0	0	49	1
1755	0.98	0	0	0	49	1
1756	0.98	0	0	0	49	1
1757	0.98	0	0	0	49	1
1758	0.98	0	0	0	49	1
1759	0.98	0	0	0	49	1
1760	0.98	0	0	0	49	1
1761	0.98	0	0	0	49	1
1762	0.98	0	0	0	49	1
1763	0.98	0	0	0	49	1
1764	0.98	0	0	0	49	1
1765	0.98	0	0	0	49	1
1766	0.98	0	0	0	49	1
1767	0.96	0	0	0	48	2
1768	0.96	0	0	0	48	2
1769	0.96	0	0	0	48	2
1770	0.96	0	0	0	48	2
1771	0.96	0	0	0	48	2
1772	0.96	0	0	0	48	2
1773	0.96	0	0	0	48	2
1774	0.96	0	0	0	48	2
1775	0.96	0	0	0	48	2
1776	0.96	0	0	0	48	2
1777	0.96	0	0	0	48	2
1778	0.96	0	0	0	48	2
1779	0.96	0	0	0	48	2
1780	0.96	0	0	0	48	2
1781	0.96	0	0	0	48	2
1782	0.96	0	0	0	48	2
1783	0.96	0	0	0	48	2
1784	0.98	0	0	0	49	1
1785	0.98	0	0	0	49	1
1786	0.98	0	0	0	49	1
1787	0.98	0	0	0	49	1
1788	0.98	0	0	0	49	1
1789	0.98	0	0	0	49	1
1790	0.98	0	0	0	49	1
1791	0.98	0	0	0	49	1
1792	0.98	0	0	0	49	1
1793	0.98	0	0	0	49	1
1794	0.98	0	0	0	49	1
1795	0.98	0	0	0	49	1
1796	0.98	0	0	0	49	1
1797	0.98	0	0	0	49	1
1798	0.98	0	0	0	49	1
1799	0.98	0	0	0	49	1
1800	0.98	0	0	0	49	1
1801	0.98	0	0	0	49	1
1802	0.98	0	0	0	49	1
1803	0.98	0	0	0	49	1
1804	0.98	0	0	0	49	1
1805	0.98	0	0	0	49	1
1806	0.98	0	0	0	49	1
1807	0.98	0	0	0	49	1
1808	0.98	0	0	0	49	1
1809	0.98	0	0	0	49	1
1810	0.98	0	0	0	49	1
1811	0.98	0	0	0	49	1
1812	0.96	1	0	0	48	1
1813	0.96	1	0	0	48	1
1814	0.96	1	0	0	48	1
1815	0.96	1	0	0	48	1
1816	0.94	1	1	0	47	1
1817	0.96	1	1	0	48	0
1818	0.96	1	1	0	48	0
1819	0.96	1	1	0	48	0
1820	0.96	1	1	0	48	0
1821	0.96	1	1	0	48	0
1822	0.96	1	1	0	48	0
1823	0.96	1	1	0	48	0
1824	0.96	1	1	0	48	0
1825	0.96	1	1	0	48	0
1826	0.96	1	1	0	48	0
1827	0.96	1	1	0	48	0
1828	0.96	1	1	0	48	0
1829	0.96	1	1	0	48	0
1830	0.96	1	1	0	48	0
1831	0.96	1	1	0	48	0
1832	0.96	1	1	0	48	0
1833	0.96	1	1	0	48	0
1834	0.96	1	1	0	48	0
1835	0.96	1	1	0	48	0
1836	0.96	1	1	0	48	0
1837	0.96	1	1	0	48	0
1838	0.96	1	1	0	48	0
1839	0.96	1	1	0	48	0
1840	0.96	1	1	0	48	0
1841	0.96	1	1	0	48	0
1842	0.96	1	1	0	48	0
1843	0.96	1	1	0	48	0
1844	0.96	1	1	0	48	0
1845	0.96	1	1	0	48	0
1846	0.96	1	1	0	48	0
1847	0.96	1	1	0	48	0
1848	0.96	1	1	0	48	0
1849	0.96	1	1	0	48	0
1850	0.96	1	1	0	48	0
1851	0.96	1	1	0	48	0
1852	0.96	1	1	0	48	0
1853	0.96	1	1	0	48	0
1854	0.96	1	1	0	48	0
1855	0.96	1	1	0	48	0
1856	0.96	1	1	0	48	0
1857	0.96	1	1	0	48	0
1858	0.96	1	1	0	48	0
1859	0.96	1	1	0	48	0
1860	0.96	1	1	0	48	0
1861	0.96	1	1	0	48	0
1862	0.98	0	1	0	49	0
1863	0.98	0	1	0	49	0
1864	0.98	0	1	0	49	0
1865	0.98	0	1	0	49	0
1866	1.00	0	0	0	50	0
1867	1.00	0	0	0	50	0
1868	1.00	0	0	0	50	0
1869	1.00	0	0	0	50	0
1870	1.00	0	0	0	50	0
1871	1.00	0	0	0	50	0
1872	1.00	0	0	0	50	0
1873	1.00	0	0	0	50	0
1874	1.00	0	0	0	50	0
1875	1.00	0	0	0	50	0
1876	1.00	0	0	0	50	0
1877	1.00	0	0	0	50	0
1878	1.00	0	0	0	50	0
1879	1.00	0	0	0	50	0
1880	1.00	0	0	0	50	0
1881	1.00	0	0	0	50	0
1882	1.00	0	0	0	50	0
1883	1.00	0	0	0	50	0
1884	1.00	0	0	0	50	0
1885	1.00	0	0	0	50	0
1886	1.00	0	0	0	50	0
1887	1.00	0	0	0	50	0
1888	1.00	0	0	0	50	0
1889	1.00	0	0	0	50	0
1890	1.00	0	0	0	50	0
1891	1.00	0	0	0	50	0
1892	1.00	0	0	0	50	0
1893	1.00	0	0	0	50	0
1894	1.00	0	0	0	50	0
1895	1.00	0	0	0	50	0
1896	1.00	0	0	0	50	0
1897	1.00	0	0	0	50	0
1898	1.00	0	0	0	50	0
1899	1.00	0	0	0	50	0
1900	1.00	0	0	0	50	0
1901	1.00	0	0	0	50	0
1902	1.00	0	0	0	50	0
1903	1.00	0	0	0	50	0
1904	1.00	0	0	0	50	0
1905	1.00	0	0	0	50	0
1906	1.00	0	0	0	50	0
1907	1.00	0	0	0	50	0
1908	1.00	0	0	0	50	0
1909	1.00	0	0	0	50	0
1910	1.00	0	0	0	50	0
1911	1.00	0	0	0	50	0
1912	1.00	0	0	0	50	0
1913	1.00	0	0	0	50	0
1914	1.00	0	0	0	50	0
1915	1.00	0	0	0	50	0
1916	1.00	0	0	0	50	0
1917	1.00	0	0	0	50	0
1918	1.00	0	0	0	50	0
1919	1.00	0	0	0	50	0
1920	1.00	0	0	0	50	0
1921	1.00	0	0	0	50	0
1922	1.00	0	0	0	50	0
1923	1.00	0	0	0	50	0
1924	1.00	0	0	0	50	0
1925	1.00	0	0	0	50	0
1926	1.00	0	0	0	50	0
1927	1.00	0	0	0	50	0
1928	1.00	0	0	0	50	0
1929	1.00	0	0	0	50	0
1930	1.00	0	0	0	50	0
1931	1.00	0	0	0	50	0
1932	1.00	0	0	0	50	0
1933	1.00	0	0	0	50	0
1934	1.00	0	0	0	50	0
1935	1.00	0	0	0	50	0
1936	1.00	0	0	0	50	0
1937	1.00	0	0	0	50	0
1938	1.00	0	0	0	50	0
1939	1.00	0	0	0	50	0
1940	1.00	0	0	0	50	0
1941	1.00	0	0	0	50	0
1942	1.00	0	0	0	50	0
1943	1.00	0	0	0	50	0
1944	1.00	0	0	0	50	0
1945	1.00	0	0	0	50	0
1946	1.00	0	0	0	50	0
1947	1.00	0	0	0	50	0
1948	1.00	0	0	0	50	0
1949	1.00	0	0	0	50	0
1950	1.00	0	0	0	50	0
1951	1.00	0	0	0	50	0
1952	1.00	0	0	0	50	0
1953	1.00	0	0	0	50	0
1954	1.00	0	0	0	50	0
1955	1.00	0	0	0	50	0
1956	1.00	0	0	0	50	0
1957	1.00	0	0	0	50	0
1958	1.00	0	0	0	50	0
1959	1.00	0	0	0	50	0
1960	1.00	0	0	0	50	0
1961	1.00	0	0	0	50	0
1962	1.00	0	0	0	50	0
1963	1.00	0	0	0	50	0
1964	1.00	0	0	0	50	0
1965	1.00	0	0	0	50	0
1966	1.00	0	0	0	50	0
1967	1.00	0	0	0	50	0
1968	1.00	0	0	0	50	0
1969	1.00	0	0	0	50	0
1970	1.00	0	0	0	50	0
1971	1.00	0	0	0	50	0
1972	1.00	0	0	0	50	0
1973	1.00	0	0	0	50	0
1974	1.00	0	0	0	50	0
1975	1.00	0	0	0	50	0
1976	1.00	0	0	0	50	0
1977	1.00	0	0	0	50	0
1978	1.00	0	0	0	50	0
1979	1.00	0	0	0	50	0
1980	1.00	0	0	0	50	0
1981	1.00	0	0	0	50	0
1982	1.00	0	0	0	50	0
1983	1.00	0	0	0	50	0
1984	1.00	0	0	0	50	0
1985	1.00	0	0	0	50	0
1986	1.00	0	0	0	50	0
1987	1.00	0	0	0	50	0
1988	1.00	0	0	0	50	0
1989	1.00	0	0	0	50	0
1990	1.00	0	0	0	50	0
1991	1.00	0	0	0	50	0
1992	1.00	0	0	0	50	0
1993	1.00	0	0	0	50	0
1994	1.00	0	0	0	50	0
1995	1.00	0	0	0	50	0
1996	1.00	0	0	0	50	0
1997	1.00	0	0	0	50	0
1998	1.00	0	0	0	50	0
1999	1.00	0	0	0	50	0
2000	0.00	0	0	0	50	0
2001	0.00	0	0	0	50	0
2002	0.00	0	0	0	50	0
2003	0.00	0	0	0	50	0
2004	0.00	0	0	0	50	0
2005	0.00	0	0	0	50	0
2006	0.00	0	0	0	50	0
2007	0.00	0	0	0	50	0
2008	0.00	0	0	0	50	0
2009	0.00	0	0	0	50	0
2010	0.00	0	0	0	50	0
2011	0.00	0	0	0	50	0
2012	0.00	0	0	0	50	0
2013	0.02	0	0	0	49	1
2014	0.02	0	0	0	49	1
2015	0.02	0	0	0	49	1
2016	0.02	0	0	0	49	1
2017	0.02	0	0	0	49	1
2018	0.02	0	0	0	49	1
2019	0.02	0	0	0	49	1
2020	0.02	0	0	0	49	1
2021	0.02	0	0	0	49	1
2022	0.04	0	0	0	48	2
2023	0.04	0	0	0	48	2
2024	0.04	0	0	0	48	2
2025	0.04	0	0	0	48	2
2026	0.04	0	0	0	48	2
2027	0.04	0	0	0	48	2
2028	0.04	0	0	0	48	2
2029	0.04	0	0	0	48	2
2030	0.04	0	0	0	48	2
2031	0.04	0	0	0	48	2
2032	0.04	0	0	0	48	2
2033	0.04	0	0	0	48	2
2034	0.04	0	0	0	48	2
2035	0.04	0	0	0	48	2
2036	0.06	0	0	0	47	3
2037	0.06	0	0	0	47	3
2038	0.06	0	0	0	47	3
2039	0.06	0	0	0	47	3
2040	0.06	0	0	0	47	3
2041	0.06	0	0	0	47	3
2042	0.06	0	0	0	47	3
2043	0.06	0	0	0	47	3
2044	0.06	0	0	0	47	3
2045	0.06	0	0	0	47	3
2046	0.08	0	0	0	46	4
2047	0.08	0	0	0	46	4
2048	0.08	0	0	0	46	4
2049	0.08	0	0	0	46	4
2050	0.08	0	0	0	46	4
2051	0.08	0	0	0	46	4
2052	0.10	0	0	0	45	5
2053	0.10	0	0	0	45	5
2054	0.10	0	0	0	45	5
2055	0.10	0	0	0	45	5
2056	0.10	0	0	0	45	5
2057	0.10	0	0	0	45	5
2058	0.10	0	0	0	45	5
2059	0.10	0	0	0	45	5
2060	0.12	0	0	0	44	6
2061	0.12	0	0	0	44	6
2062	0.12	0	0	0	44	6
2063	0.10	0	0	0	45	5
2064	0.10	0	0	0	45	5
2065	0.10	0	0	0	45	5
2066	0.10	0	0	0	45	5
2067	0.10	0	0	0	45	5
2068	0.10	0	0	0	45	5
2069	0.10	0	0	0	45	5
2070	0.10	0	0	0	45	5
2071	0.10	0	0	0	45	5
2072	0.08	0	0	0	46	4
2073	0.08	0	0	0	46	4
2074	0.08	0	0	0	46	4
2075	0.10	0	0	0	45	5
2076	0.10	0	0	0	45	5
2077	0.10	0	0	0	45	5
2078	0.10	0	0	0	45	5
2079	0.10	0	0	0	45	5
2080	0.10	0	0	0	45	5
2081	0.12	0	0	0	44	6
2082	0.12	0	0	0	44	6
2083	0.14	0	0	0	43	7
2084	0.16	0	0	0	42	8
2085	0.16	0	0	0	42	8
2086	0.14	0	0	0	43	7
2087	0.14	0	0	0	43	7
2088	0.14	0	0	0	43	7
2089	0.14	0	0	0	43	7
2090	0.14	0	0	0	43	7
2091	0.14	0	0	0	43	7
2092	0.16	0	0	0	42	8
2093	0.16	0	0	0	42	8
2094	0.16	0	0	0	42	8
2095	0.16	0	0	0	42	8
2096	0.14	0	0	0	43	7
2097	0.14	0	0	0	43	7
2098	0.14	0	0	0	43	7
2099	0.16	0	0	0	42	8
2100	0.16	0	0	0	42	8
2101	0.16	0	0	0	42	8
2102	0.14	0	0	0	43	7
2103	0.14	0	0	0	43	7
2104	0.14	0	0	0	43	7
2105	0.14	0	0	0	43	7
2106	0.16	0	0	0	42	8
2107	0.16	0	0	0	42	8
2108	0.16	0	0	0	42	8
2109	0.16	0	0	0	42	8
2110	0.14	0	0	0	43	7
2111	0.14	0	0	0	43	7
2112	0.14	0	0	0	43	7
2113	0.16	0	0	0	42	8
2114	0.16	0	0	0	42	8
2115	0.16	0	0	0	42	8
2116	0.18	0	0	0	41	9
2117	0.18	0	0	0	41	9
2118	0.20	0	0	0	40	10
2119	0.20	0	0	1	39	10
2120	0.22	0	0	1	38	11
2121	0.22	0	0	1	38	11
2122	0.22	0	0	1	38	11
2123	0.24	0	0	1	37	12
2124	0.24	0	0	1	37	12
2125	0.22	0	0	1	38	11
2126	0.24	0	0	1	37	12
2127	0.24	0	0	1	37	12
2128	0.26	0	0	1	36	13
2129	0.26	0	0	1	36	13
2130	0.28	0	0	1	35	14
2131	0.26	0	0	1	36	13
2132	0.28	0	0	1	35	14
2133	0.28	0	0	1	35	14
2134	0.28	0	0	1	35	14
2135	0.30	0	0	1	34	15
2136	0.30	1	0	1	33	15
2137	0.32	1	0	1	32	16
2138	0.34	1	0	1	31	17
2139	0.36	1	0	1	30	18
2140	0.36	2	0	1	29	18
2141	0.38	2	0	1	28	19
2142	0.38	2	0	1	28	19
2143	0.38	2	0	1	28	19
2144	0.40	2	0	1	27	20
2145	0.42	2	0	1	26	21
2146	0.44	2	0	1	25	22
2147	0.44	2	0	1	25	22
2148	0.46	2	0	1	24	23
2149	0.46	2	0	1	24	23
2150	0.48	2	0	1	23	24
2151	0.48	2	1	1	22	24
2152	0.50	2	1	1	21	25
2153	0.52	2	1	1	20	26
2154	0.54	2	1	1	19	27
2155	0.54	2	1	1	19	27
2156	0.54	2	1	1	19	27
2157	0.56	2	1	1	18	28
2158	0.58	2	1	1	17	29
2159	0.60	2	1	1	16	30
2160	0.62	2	1	1	15	31
2161	0.64	2	1	1	14	32
2162	0.66	2	1	1	13	33
2163	0.66	2	1	1	13	33
2164	0.68	2	1	1	12	34
2165	0.70	2	1	1	11	35
2166	0.70	2	1	1	11	35
2167	0.72	2	1	1	10	36
2168	0.72	2	1	1	10	36
2169	0.74	2	1	0	10	37
2170	0.74	2	1	0	10	37
2171	0.76	2	1	0	9	38
2172	0.78	2	1	0	8	39
2173	0.78	2	1	0	8	39
2174	0.80	2	1	0	7	40
2175	0.82	2	1	0	6	41
2176	0.82	2	1	0	6	41
2177	0.84	2	1	0	5	42
2178	0.84	2	1	0	5	42
2179	0.86	2	1	0	4	43
2180	0.86	2	1	0	4	43
2181	0.88	2	1	0	3	44
2182	0.88	2	1	0	3	44
2183	0.88	2	1	0	3	44
2184	0.88	2	1	0	3	44
2185	0.88	2	1	0	3	44
2186	0.90	1	1	0	3	45
2187	0.90	1	1	0	3	45
2188	0.90	1	1	0	3	45
2189	0.90	1	1	0	3	45
2190	0.92	0	1	0	3	46
2191	0.92	0	1	0	3	46
2192	0.92	0	1	0	3	46
2193	0.92	0	1	1	2	46
2194	0.92	0	1	1	2	46
2195	0.92	0	1	1	2	46
2196	0.92	0	1	1	2	46
2197	0.94	0	1	1	1	47
2198	0.94	0	1	1	1	47
2199	0.94	0	1	1	1	47
2200	0.94	0	1	1	1	47
2201	0.96	0	0	1	1	48
2202	0.96	0	0	1	1	48
2203	0.96	0	0	1	1	48
2204	0.96	0	0	1	1	48
2205	0.96	0	1	1	0	48
2206	0.96	0	1	1	0	48
2207	0.96	0	1	1	0	48
2208	0.96	0	1	1	0	48
2209	0.96	0	1	1	0	48
2210	0.96	0	1	1	0	48
2211	0.96	0	1	1	0	48
2212	0.96	0	1	1	0	48
2213	0.96	0	1	1	0	48
2214	0.96	0	1	1	0	48
2215	0.96	0	1	1	0	48
2216	0.96	0	1	1	0	48
2217	0.96	0	1	1	0	48
2218	0.96	0	1	1	0	48
2219	0.96	0	1	1	0	48
2220	0.96	0	1	1	0	48
2221	0.96	0	1	1	0	48
2222	0.96	0	1	1	0	48
2223	0.96	0	1	1	0	48
2224	0.96	0	1	1	0	48
2225	0.96	0	1	1	0	48
2226	0.96	0	1	1	0	48
2227	0.96	0	1	1	0	48
2228	0.96	0	1	1	0	48
2229	0.96	0	1	1	0	48
2230	0.96	0	1	1	0	48
2231	0.96	0	1	1	0	48
2232	0.96	0	1	1	0	48
2233	0.96	0	1	1	0	48
2234	0.96	0	1	1	0	48
2235	0.96	0	1	1	0	48
2236	0.96	0	1	1	0	48
2237	0.96	0	1	1	0	48
2238	0.96	0	1	1	0	48
2239	0.96	0	1	1	0	48
2240	0.96	0	1	1	0	48
2241	0.96	0	1	1	0	48
2242	0.96	0	1	1	0	48
2243	0.98	0	1	0	0	49
2244	0.98	0	1	0	0	49
2245	0.98	0	1	0	0	49
2246	0.98	0	1	0	0	49
2247	0.98	0	1	0	0	49
2248	0.98	0	1	0	0	49
2249	0.98	0	1	0	0	49
2250	0.98	0	1	0	0	49
2251	0.98	0	1	0	0	49
2252	0.98	0	1	0	0	49
2253	0.98	0	1	0	0	49
2254	0.98	0	1	0	0	49
2255	1.00	0	0	0	0	50
2256	1.00	0	0	0	0	50
2257	1.00	0	0	0	0	50
2258	1.00	0	0	0	0	50
2259	1.00	0	0	0	0	50
2260	1.00	0	0	0	0	50
2261	0.98	0	0	1	0	49
2262	0.98	0	0	1	0	49
2263	0.98	0	0	1	0	49
2264	0.98	0	0	1	0	49
2265	0.98	0	0	1	0	49
2266	0.98	0	0	1	0	49
2267	0.98	0	0	1	0	49
2268	0.98	0	0	1	0	49
2269	0.98	0	0	1	0	49
2270	0.98	0	0	1	0	49
2271	0.98	0	0	1	0	49
2272	0.98	0	0	1	0	49
2273	0.98	0	0	1	0	49
2274	0.98	0	0	1	0	49
2275	0.98	0	0	1	0	49
2276	0.98	0	0	1	0	49
2277	0.98	0	0	1	0	49
2278	0.98	0	0	1	0	49
2279	0.98	0	0	1	0	49
2280	0.98	0	0	1	0	49
2281	0.98	0	0	1	0	49
2282	0.98	0	0	1	0	49
2283	0.98	0	0	1	0	49
2284	0.98	0	0	1	0	49
2285	0.98	0	0	1	0	49
2286	0.98	0	0	1	0	49
2287	0.98	0	0	1	0	49
2288	0.98	0	0	1	0	49
2289	0.98	0	0	1	0	49
2290	0.98	0	0	1	0	49
2291	0.96	0	0	1	1	48
2292	0.96	0	0	1	1	48
2293	0.96	0	0	1	1	48
2294	0.96	0	0	1	1	48
2295	0.96	0	0	1	1	48
2296	0.96	0	0	1	1	48
2297	0.96	0	0	1	1	48
2298	0.96	0	0	1	1	48
2299	0.96	0	0	1	1	48
2300	0.96	0	0	1	1	48
2301	0.96	0	0	1	1	48
2302	0.96	0	0	1	1	48
2303	0.96	0	0	1	1	48
2304	0.96	0	0	1	1	48
2305	0.96	0	0	1	1	48
2306	0.94	0	1	1	1	47
2307	0.94	0	1	1	1	47
2308	0.94	0	1	1	1	47
2309	0.94	0	1	1	1	47
2310	0.94	0	1	1	1	47
2311	0.96	0	1	0	1	48
2312	0.96	0	1	0	1	48
2313	0.96	0	1	0	1	48
2314	0.96	0	1	0	1	48
2315	0.96	0	1	0	1	48
2316	0.96	0	1	0	1	48
2317	0.96	0	1	0	1	48
2318	0.96	0	1	0	1	48
2319	0.96	0	1	0	1	48
2320	0.96	0	1	0	1	48
2321	0.96	0	1	0	1	48
2322	0.96	0	1	0	1	48
2323	0.96	0	1	0	1	48
2324	0.96	0	1	0	1	48
2325	0.96	0	1	0	1	48
2326	0.96	0	1	0	1	48
2327	0.96	0	1	0	1	48
2328	0.96	0	1	0	1	48
2329	0.96	0	1	0	1	48
2330	0.96	0	1	0	1	48
2331	0.96	0	1	0	1	48
2332	0.96	0	1	0	1	48
2333	0.96	0	1	0	1	48
2334	0.96	0	1	0	1	48
2335	0.96	0	1	0	1	48
2336	0.96	0	1	0	1	48
2337	0.96	0	1	0	1	48
2338	0.96	0	1	0	1	48
2339	0.96	0	1	0	1	48
2340	0.96	0	1	0	1	48
2341	0.98	0	1	0	0	49
2342	0.98	0	1	0	0	49
2343	0.98	0	1	0	0	49
2344	0.98	0	1	0	0	49
2345	0.98	0	1	0	0	49
2346	0.98	0	1	0	0	49
2347	0.98	0	1	0	0	49
2348	0.98	0	1	0	0	49
2349	0.98	0	1	0	0	49
2350	0.98	0	1	0	0	49
2351	0.98	0	1	0	0	49
2352	0.98	0	1	0	0	49
2353	0.98	0	1	0	0	49
2354	0.98	0	1	0	0	49
2355	0.98	0	1	0	0	49
2356	1.00	0	0	0	0	50
2357	1.00	0	0	0	0	50
2358	1.00	0	0	0	0	50
2359	1.00	0	0	0	0	50
2360	1.00	0	0	0	0	50
2361	1.00	0	0	0	0	50
2362	1.00	0	0	0	0	50
2363	1.00	0	0	0	0	50
2364	1.00	0	0	0	0	50
2365	1.00	0	0	0	0	50
2366	1.00	0	0	0	0	50
2367	1.00	0	0	0	0	50
2368	1.00	0	0	0	0	50
2369	1.00	0	0	0	0	50
2370	1.00	0	0	0	0	50
2371	1.00	0	0	0	0	50
2372	1.00	0	0	0	0	50
2373	1.00	0	0	0	0	50
2374	1.00	0	0	0	0	50
2375	1.00	0	0	0	0	50
2376	1.00	0	0	0	0	50
2377	1.00	0	0	0	0	50
2378	1.00	0	0	0	0	50
2379	0.98	1	0	0	0	49
2380	0.98	1	0	0	0	49
2381	0.98	1	0	0	0	49
2382	0.98	1	0	0	0	49
2383	0.98	1	0	0	0	49
2384	0.98	1	0	0	0	49
2385	0.98	1	0	0	0	49
2386	0.98	1	0	0	0	49
2387	0.98	1	0	0	0	49
2388	0.98	1	0	0	0	49
2389	0.98	1	0	0	0	49
2390	0.98	1	0	0	0	49
2391	0.98	1	0	0	0	49
2392	0.98	1	0	0	0	49
2393	0.98	1	0	0	0	49
2394	0.98	1	0	0	0	49
2395	0.98	1	0	0	0	49
2396	0.98	1	0	0	0	49
2397	0.98	1	0	0	0	49
2398	0.98	1	0	0	0	49
2399	0.98	1	0	0	0	49
2400	0.98	1	0	0	0	49
2401	0.96	1	0	1	0	48
2402	0.96	1	0	1	0	48
2403	0.96	1	0	1	0	48
2404	0.96	1	0	1	0	48
2405	0.96	1	0	1	0	48
2406	0.96	1	0	1	0	48
2407	0.96	1	0	1	0	48
2408	0.96	1	0	1	0	48
2409	0.96	1	0	1	0	48
2410	0.96	1	0	1	0	48
2411	0.96	1	0	1	0	48
2412	0.96	1	0	1	0	48
2413	0.96	1	0	1	0	48
2414	0.96	1	0	1	0	48
2415	0.96	1	0	1	0	48
2416	0.96	1	0	1	0	48
2417	0.96	1	0	1	0	48
2418	0.96	1	0	1	0	48
2419	0.96	1	0	1	0	48
2420	0.96	1	0	1	0	48
2421	0.96	1	0	1	0	48
2422	0.96	1	0	1	0	48
2423	0.96	1	0	1	0	48
2424	0.96	1	0	1	0	48
2425	0.96	1	0	1	0	48
2426	0.96	1	0	1	0	48
2427	0.96	1	0	1	0	48
2428	0.96	1	0	1	0	48
2429	0.98	0	0	1	0	49
2430	0.98	0	0	1	0	49
2431	0.98	0	0	1	0	49
2432	0.98	0	0	1	0	49
2433	0.98	0	0	1	0	49
2434	0.98	0	0	1	0	49
2435	0.98	0	0	1	0	49
2436	0.98	0	0	1	0	49
2437	0.98	0	0	1	0	49
2438	0.96	0	1	1	0	48
2439	0.96	0	1	1	0	48
2440	0.96	0	1	1	0	48
2441	0.96	0	1	1	0	48
2442	0.96	0	1	1	0	48
2443	0.96	0	1	1	0	48
2444	0.96	0	1	1	0	48
2445	0.96	0	1	1	0	48
2446	0.96	0	1	1	0	48
2447	0.96	0	1	1	0	48
2448	0.96	0	1	1	0	48
2449	0.96	0	1	1	0	48
2450	0.96	0	1	1	0	48
2451	0.98	0	1	0	0	49
2452	0.98	0	1	0	0	49
2453	0.98	0	1	0	0	49
2454	0.98	0	1	0	0	49
2455	0.98	0	1	0	0	49
2456	0.98	0	1	0	0	49
2457	0.98	0	1	0	0	49
2458	0.98	0	1	0	0	49
2459	0.98	0	1	0	0	49
2460	0.98	0	1	0	0	49
2461	0.98	0	1	0	0	49
2462	0.98	0	1	0	0	49
2463	0.98	0	1	0	0	49
2464	0.98	0	1	0	0	49
2465	0.98	0	1	0	0	49
2466	0.98	0	1	0	0	49
2467	0.98	0	1	0	0	49
2468	0.98	0	1	0	0	49
2469	0.98	0	1	0	0	49
2470	0.98	0	1	0	0	49
2471	0.98	0	1	0	0	49
2472	0.98	0	1	0	0	49
2473	0.98	0	1	0	0	49
2474	0.98	0	1	0	0	49
2475	0.98	0	1	0	0	49
2476	0.98	0	1	0	0	49
2477	0.98	0	1	0	0	49
2478	0.98	0	1	0	0	49
2479	0.98	0	1	0	0	49
2480	0.98	0	1	0	0	49
2481	0.98	0	1	0	0	49
2482	0.98	0	1	0	0	49
2483	0.98	0	1	0	0	49
2484	0.98	0	1	0	0	49
2485	0.98	0	1	0	0	49
2486	0.98	0	1	0	0	49
2487	0.98	0	1	0	0	49
2488	1.00	0	0	0	0	50
2489	1.00	0	0	0	0	50
2490	1.00	0	0	0	0	50
2491	1.00	0	0	0	0	50
2492	1.00	0	0	0	0	50
2493	1.00	0	0	0	0	50
2494	1.00	0	0	0	0	50
2495	1.00	0	0	0	0	50
2496	1.00	0	0	0	0	50
2497	1.00	0	0	0	0	50
2498	1.00	0	0	0	0	50
2499	1.00	0	0	0	0	50
2500	0.00	0	0	0	0	50
2501	0.00	0	0	0	0	50
2502	0.00	0	0	0	0	50
2503	0.02	1	0	0	0	49
2504	0.02	1	0	0	0	49
2505	0.02	1	0	0	0	49
2506	0.02	1	0	0	0	49
2507	0.02	1	0	0	0	49
2508	0.02	1	0	0	0	49
2509	0.02	1	0	0	0	49
2510	0.02	1	0	0	0	49
2511	0.02	1	0	0	0	49
2512	0.02	1	0	0	0	49
2513	0.02	1	0	0	0	49
2514	0.02	1	0	0	0	49
2515	0.02	1	0	0	0	49
2516	0.02	1	0	0	0	49
2517	0.02	1	0	0	0	49
2518	0.02	1	0	0	0	49
2519	0.02	1	0	0	0	49
2520	0.02	1	0	0	0	49
2521	0.02	1	0	0	0	49
2522	0.02	1	0	0	0	49
2523	0.02	1	0	0	0	49
2524	0.02	1	0	0	0	49
2525	0.02	1	0	0	0	49
2526	0.02	1	0	0	0	49
2527	0.02	1	0	0	0	49
2528	0.02	1	0	0	0	49
2529	0.02	1	0	0	0	49
2530	0.02	1	0	0	0	49
2531	0.02	1	0	0	0	49
2532	0.02	1	0	0	0	49
2533	0.02	1	0	0	0	49
2534	0.02	1	0	0	0	49
2535	0.02	1	0	0	0	49
2536	0.02	1	0	0	0	49
2537	0.02	1	0	0	0	49
2538	0.02	1	0	0	0	49
2539	0.02	1	0	0	0	49
2540	0.02	1	0	0	0	49
2541	0.02	1	0	0	0	49
2542	0.02	1	0	0	0	49
2543	0.04	2	0	0	0	48
2544	0.04	2	0	0	0	48
2545	0.04	2	0	0	0	48
2546	0.04	2	0	0	0	48
2547	0.04	2	0	0	0	48
2548	0.04	2	0	0	0	48
2549	0.04	2	0	0	0	48
2550	0.04	2	0	0	0	48
2551	0.04	2	0	0	0	48
2552	0.04	2	0	0	0	48
2553	0.02	1	0	0	0	49
2554	0.02	1	0	0	0	49
2555	0.02	1	0	0	0	49
2556	0.02	1	0	0	0	49
2557	0.02	1	0	0	0	49
2558	0.04	2	0	0	0	48
2559	0.04	2	0	0	0	48
2560	0.04	2	0	0	0	48
2561	0.04	2	0	0	0	48
2562	0.04	2	0	0	0	48
2563	0.04	2	0	0	0	48
2564	0.06	3	0	0	0	47
2565	0.08	4	0	0	0	46
2566	0.08	4	0	0	0	46
2567	0.08	4	0	0	0	46
2568	0.08	4	0	0	0	46
2569	0.08	4	0	0	0	46
2570	0.08	4	0	0	0	46
2571	0.08	4	0	0	0	46
2572	0.08	4	0	0	0	46
2573	0.08	4	0	0	0	46
2574	0.10	5	0	0	0	45
2575	0.12	6	0	0	0	44
2576	0.12	6	0	0	0	44
2577	0.12	6	0	0	0	44
2578	0.14	7	0	0	0	43
2579	0.14	7	0	0	0	43
2580	0.16	8	0	0	0	42
2581	0.16	8	0	0	0	42
2582	0.16	8	0	0	0	42
2583	0.16	8	0	0	0	42
2584	0.18	9	0	0	0	41
2585	0.18	9	0	0	0	41
2586	0.18	9	0	0	0	41
2587	0.18	9	0	0	0	41
2588	0.18	9	0	0	0	41
2589	0.20	10	0	0	0	40
2590	0.20	10	0	0	0	40
2591	0.22	11	0	0	0	39
2592	0.22	11	0	0	0	39
2593	0.20	10	0	0	0	40
2594	0.20	10	0	0	0	40
2595	0.20	10	0	0	0	40
2596	0.20	10	0	0	0	40
2597	0.22	11	0	0	0	39
2598	0.22	11	0	0	0	39
2599	0.24	12	0	0	0	38
2600	0.26	13	0	0	0	37
2601	0.26	13	0	0	0	37
2602	0.28	14	0	0	0	36
2603	0.28	14	0	0	0	36
2604	0.30	15	0	0	0	35
2605	0.32	16	0	0	0	34
2606	0.32	16	0	1	0	33
2607	0.34	17	0	1	0	32
2608	0.34	17	0	1	0	32
2609	0.36	18	0	1	0	31
2610	0.38	19	0	1	0	30
2611	0.40	20	0	1	0	29
2612	0.42	21	0	1	0	28
2613	0.42	21	0	1	0	28
2614	0.42	21	0	1	0	28
2615	0.40	20	0	1	0	29
2616	0.42	21	0	1	0	28
2617	0.44	22	0	1	0	27
2618	0.46	23	0	1	0	26
2619	0.48	24	0	1	0	25
2620	0.50	25	0	1	0	24
2621	0.50	25	0	2	0	23
2622	0.52	26	0	2	0	22
2623	0.54	27	0	2	0	21
2624	0.54	27	0	2	0	21
2625	0.54	27	0	2	0	21
2626	0.56	28	0	2	0	20
2627	0.58	29	0	2	0	19
2628	0.56	28	0	2	0	20
2629	0.58	29	0	2	0	19
2630	0.58	29	0	2	0	19
2631	0.60	30	0	2	0	18
2632	0.62	31	0	2	0	17
2633	0.62	31	0	2	0	17
2634	0.62	31	0	2	0	17
2635	0.62	31	0	2	0	17
2636	0.64	32	0	2	0	16
2637	0.66	33	0	2	0	15
2638	0.68	34	0	2	0	14
2639	0.68	34	0	2	0	14
2640	0.70	35	0	2	0	13
2641	0.70	35	0	2	0	13
2642	0.72	36	0	2	0	12
2643	0.72	36	0	2	0	12
2644	0.74	37	0	2	0	11
2645	0.74	37	0	2	1	10
2646	0.76	38	0	2	1	9
2647	0.76	38	0	2	1	9
2648	0.78	39	0	2	1	8
2649	0.78	39	0	2	1	8
2650	0.78	39	0	2	1	8
2651	0.80	40	0	2	1	7
2652	0.80	40	0	2	1	7
2653	0.82	41	0	2	1	6
2654	0.82	41	0	2	1	6
2655	0.80	40	0	2	2	6
2656	0.82	41	0	1	2	6
2657	0.82	41	0	1	2	6
2658	0.82	41	0	1	2	6
2659	0.82	41	0	1	2	6
2660	0.80	40	0	1	2	7
2661	0.80	40	0	1	2	7
2662	0.80	40	0	1	2	7
2663	0.82	41	0	1	2	6
2664	0.82	41	0	1	2	6
2665	0.84	42	0	1	2	5
2666	0.84	42	0	1	2	5
2667	0.84	42	0	1	2	5
2668	0.84	42	0	1	2	5
2669	0.84	42	0	1	2	5
2670	0.84	42	0	1	2	5
2671	0.86	43	0	0	2	5
2672	0.86	43	0	0	2	5
2673	0.86	43	0	0	2	5
2674	0.86	43	0	0	2	5
2675	0.86	43	0	0	2	5
2676	0.86	43	0	0	2	5
2677	0.86	43	0	0	2	5
2678	0.88	44	0	0	2	4
2679	0.88	44	0	0	2	4
2680	0.88	44	0	0	2	4
2681	0.88	44	0	0	2	4
2682	0.88	44	0	0	2	4
2683	0.90	45	0	0	2	3
2684	0.90	45	0	0	2	3
2685	0.92	46	0	0	2	2
2686	0.92	46	0	0	2	2
2687	0.92	46	0	0	2	2
2688	0.92	46	0	0	2	2
2689	0.92	46	0	0	2	2
2690	0.92	46	0	0	2	2
2691	0.92	46	0	0	2	2
2692	0.92	46	0	0	2	2
2693	0.94	47	0	0	2	1
2694	0.94	47	0	0	2	1
2695	0.96	48	0	0	1	1
2696	0.96	48	0	0	1	1
2697	0.96	48	0	0	1	1
2698	0.96	48	0	0	1	1
2699	0.96	48	0	0	1	1
2700	0.96	48	0	0	1	1
2701	0.96	48	0	0	1	1
2702	0.96	48	0	0	1	1
2703	0.96	48	0	0	1	1
2704	0.96	48	0	0	1	1
2705	0.98	49	0	0	0	1
2706	0.98	49	0	0	0	1
2707	0.98	49	0	0	0	1
2708	0.98	49	0	0	0	1
2709	0.98	49	0	0	0	1
2710	1.00	50	0	0	0	0
2711	1.00	50	0	0	0	0
2712	1.00	50	0	0	0	0
2713	1.00	50	0	0	0	0
2714	1.00	50	0	0	0	0
2715	1.00	50	0	0	0	0
2716	1.00	50	0	0	0	0
2717	1.00	50	0	0	0	0
2718	1.00	50	0	0	0	0
2719	1.00	50	0	0	0	0
2720	1.00	50	0	0	0	0
2721	1.00	50	0	0	0	0
2722	1.00	50	0	0	0	0
2723	1.00	50	0	0	0	0
2724	1.00	50	0	0	0	0
2725	1.00	50	0	0	0	0
2726	1.00	50	0	0	0	0
2727	1.00	50	0	0	0	0
2728	1.00	50	0	0	0	0
2729	1.00	50	0	0	0	0
2730	1.00	50	0	0	0	0
2731	1.00	50	0	0	0	0
2732	1.00	50	0	0	0	0
2733	1.00	50	0	0	0	0
2734	1.00	50	0	0	0	0
2735	1.00	50	0	0	0	0
2736	1.00	50	0	0	0	0
2737	1.00	50	0	0	0	0
2738	1.00	50	0	0	0	0
2739	1.00	50	0	0	0	0
2740	1.00	50	0	0	0	0
2741	1.00	50	0	0	0	0
2742	1.00	50	0	0	0	0
2743	1.00	50	0	0	0	0
2744	1.00	50	0	0	0	0
2745	1.00	50	0	0	0	0
2746	1.00	50	0	0	0	0
2747	1.00	50	0	0	0	0
2748	1.00	50	0	0	0	0
2749	0.98	49	0	0	1	0
2750	0.98	49	0	0	1	0
2751	0.98	49	0	0	1	0
2752	0.98	49	0	0	1	0
2753	0.98	49	0	0	1	0
2754	0.98	49	0	0	1	0
2755	0.98	49	0	0	1	0
2756	0.98	49	0	0	1	0
2757	0.98	49	0	0	1	0
2758	0.98	49	0	0	1	0
2759	0.98	49	0	0	1	0
2760	0.98	49	0	0	1	0
2761	0.98	49	0	0	1	0
2762	0.98	49	0	0	1	0
2763	0.98	49	0	0	1	0
2764	0.98	49	0	0	1	0
2765	0.98	49	0	0	1	0
2766	0.98	49	0	0	1	0
2767	0.98	49	0	0	1	0
2768	0.98	49	0	0	1	0
2769	0.98	49	0	0	1	0
2770	0.98	49	0	0	1	0
2771	0.98	49	0	0	1	0
2772	0.98	49	0	0	1	0
2773	0.98	49	0	0	1	0
2774	0.98	49	0	0	1	0
2775	0.98	49	0	0	1	0
2776	0.98	49	0	0	1	0
2777	0.98	49	0	0	1	0
2778	0.98	49	0	0	1	0
2779	0.98	49	0	0	1	0
2780	0.98	49	0	0	1	0
2781	0.98	49	0	0	1	0
2782	0.98	49	0	0	1	0
2783	0.98	49	0	0	1	0
2784	0.98	49	0	0	1	0
2785	0.98	49	0	0	1	0
2786	0.98	49	0	0	1	0
2787	0.98	49	0	0	1	0
2788	0.98	49	0	0	1	0
2789	0.98	49	0	0	1	0
2790	0.98	49	0	0	1	0
2791	0.98	49	0	0	1	0
2792	0.98	49	0	0	1	0
2793	0.98	49	0	0	1	0
2794	0.98	49	0	0	1	0
2795	0.98	49	0	0	1	0
2796	0.98	49	0	0	1	0
2797	0.98	49	0	0	1	0
2798	0.98	49	0	0	1	0
2799	1.00	50	0	0	0	0
2800	1.00	50	0	0	0	0
2801	1.00	50	0	0	0	0
2802	1.00	50	0	0	0	0
2803	1.00	50	0	0	0	0
2804	1.00	50	0	0	0	0
2805	1.00	50	0	0	0	0
2806	1.00	50	0	0	0	0
2807	1.00	50	0	0	0	0
2808	1.00	50	0	0	0	0
2809	1.00	50	0	0	0	0
2810	1.00	50	0	0	0	0
2811	1.00	50	0	0	0	0
2812	1.00	50	0	0	0	0
2813	1.00	50	0	0	0	0
2814	1.00	50	0	0	0	0
2815	1.00	50	0	0	0	0
2816	1.00	50	0	0	0	0
2817	1.00	50	0	0	0	0
2818	1.00	50	0	0	0	0
2819	1.00	50	0	0	0	0
2820	1.00	50	0	0	0	0
2821	1.00	50	0	0	0	0
2822	1.00	50	0	0	0	0
2823	1.00	50	0	0	0	0
2824	1.00	50	0	0	0	0
2825	1.00	50	0	0	0	0
2826	1.00	50	0	0	0	0
2827	1.00	50	0	0	0	0
2828	1.00	50	0	0	0	0
2829	1.00	50	0	0	0	0
2830	1.00	50	0	0	0	0
2831	1.00	50	0	0	0	0
2832	1.00	50	0	0	0	0
2833	1.00	50	0	0	0	0
2834	1.00	50	0	0	0	0
2835	1.00	50	0	0	0	0
2836	1.00	50	0	0	0	0
2837	1.00	50	0	0	0	0
2838	1.00	50	0	0	0	0
2839	1.00	50	0	0	0	0
2840	1.00	50	0	0	0	0
2841	1.00	50	0	0	0	0
2842	1.00	50	0	0	0	0
2843	1.00	50	0	0	0	0
2844	1.00	50	0	0	0	0
2845	1.00	50	0	0	0	0
2846	1.00	50	0	0	0	0
2847	1.00	50	0	0	0	0
2848	1.00	50	0	0	0	0
2849	1.00	50	0	0	0	0
2850	1.00	50	0	0	0	0
2851	1.00	50	0	0	0	0
2852	1.00	50	0	0	0	0
2853	1.00	50	0	0	0	0
2854	1.00	50	0	0	0	0
2855	1.00	50	0	0	0	0
2856	1.00	50	0	0	0	0
2857	1.00	50	0	0	0	0
2858	1.00	50	0	0	0	0
2859	1.00	50	0	0	0	0
2860	1.00	50	0	0	0	0
2861	1.00	50	0	0	0	0
2862	1.00	50	0	0	0	0
2863	1.00	50	0	0	0	0
2864	1.00	50	0	0	0	0
2865	1.00	50	0	0	0	0
2866	1.00	50	0	0	0	0
2867	1.00	50	0	0	0	0
2868	1.00	50	0	0	0	0
2869	1.00	50	0	0	0	0
2870	1.00	50	0	0	0	0
2871	1.00	50	0	0	0	0
2872	1.00	50	0	0	0	0
2873	1.00	50	0	0	0	0
2874	1.00	50	0	0	0	0
2875	1.00	50	0	0	0	0
2876	1.00	50	0	0	0	0
2877	1.00	50	0	0	0	0
2878	1.00	50	0	0	0	0
2879	1.00	50	0	0	0	0
2880	1.00	50	0	0	0	0
2881	1.00	50	0	0	0	0
2882	1.00	50	0	0	0	0
2883	1.00	50	0	0	0	0
2884	1.00	50	0	0	0	0
2885	1.00	50	0	0	0	0
2886	1.00	50	0	0	0	0
2887	1.00	50	0	0	0	0
2888	0.98	49	0	1	0	0
2889	0.98	49	0	1	0	0
2890	0.98	49	0	1	0	0
2891	0.98	49	0	1	0	0
2892	0.98	49	0	1	0	0
2893	0.98	49	0	1	0	0
2894	0.98	49	0	1	0	0
2895	0.98	49	0	1	0	0
2896	0.98	49	0	1	0	0
2897	0.98	49	0	1	0	0
2898	0.98	49	0	1	0	0
2899	0.98	49	0	1	0	0
2900	0.98	49	0	1	0	0
2901	0.98	49	0	1	0	0
2902	0.98	49	0	1	0	0
2903	0.98	49	0	1	0	0
2904	0.98	49	0	1	0	0
2905	0.98	49	0	1	0	0
2906	0.98	49	0	1	0	0
2907	0.98	49	0	1	0	0
2908	0.98	49	0	1	0	0
2909	0.98	49	0	1	0	0
2910	0.98	49	0	1	0	0
2911	0.98	49	0	1	0	0
2912	0.98	49	0	1	0	0
2913	0.98	49	0	1	0	0
2914	0.98	49	0	1	0	0
2915	0.98	49	0	1	0	0
2916	0.98	49	0	1	0	0
2917	0.98	49	0	1	0	0
2918	0.98	49	0	1	0	0
2919	0.98	49	0	1	0	0
2920	0.98	49	0	1	0	0
2921	0.98	49	0	1	0	0
2922	0.98	49	0	1	0	0
2923	0.98	49	0	1	0	0
2924	0.98	49	0	1	0	0
2925	0.98	49	0	1	0	0
2926	0.98	49	0	1	0	0
2927	0.98	49	0	1	0	0
2928	0.98	49	0	1	0	0
2929	0.98	49	0	1	0	0
2930	0.98	49	0	1	0	0
2931	0.98	49	0	1	0	0
2932	0.98	49	0	1	0	0
2933	0.98	49	0	1	0	0
2934	0.98	49	0	1	0	0
2935	0.98	49	0	1	0	0
2936	0.98	49	0	1	0	0
2937	0.98	49	0	1	0	0
2938	1.00	50	0	0	0	0
2939	1.00	50	0	0	0	0
2940	1.00	50	0	0	0	0
2941	1.00	50	0	0	0	0
2942	1.00	50	0	0	0	0
2943	1.00	50	0	0	0	0
2944	1.00	50	0	0	0	0
2945	1.00	50	0	0	0	0
2946	1.00	50	0	0	0	0
2947	1.00	50	0	0	0	0
2948	1.00	50	0	0	0	0
2949	1.00	50	0	0	0	0
2950	1.00	50	0	0	0	0
2951	1.00	50	0	0	0	0
2952	1.00	50	0	0	0	0
2953	1.00	50	0	0	0	0
2954	1.00	50	0	0	0	0
2955	1.00	50	0	0	0	0
2956	1.00	50	0	0	0	0
2957	1.00	50	0	0	0	0
2958	1.00	50	0	0	0	0
2959	1.00	50	0	0	0	0
2960	1.00	50	0	0	0	0
2961	1.00	50	0	0	0	0
2962	1.00	50	0	0	0	0
2963	1.00	50	0	0	0	0
2964	1.00	50	0	0	0	0
2965	1.00	50	0	0	0	0
2966	1.00	50	0	0	0	0
2967	1.00	50	0	0	0	0
2968	1.00	50	0	0	0	0
2969	1.00	50	0	0	0	0
2970	1.00	50	0	0	0	0
2971	1.00	50	0	0	0	0
2972	1.00	50	0	0	0	0
2973	1.00	50	0	0	0	0
2974	1.00	50	0	0	0	0
2975	1.00	50	0	0	0	0
2976	1.00	50	0	0	0	0
2977	1.00	50	0	0	0	0
2978	1.00	50	0	0	0	0
2979	1.00	50	0	0	0	0
2980	1.00	50	0	0	0	0
2981	1.00	50	0	0	0	0
2982	1.00	50	0	0	0	0
2983	1.00	50	0	0	0	0
2984	1.00	50	0	0	0	0
2985	1.00	50	0	0	0	0
2986	1.00	50	0	0	0	0
2987	1.00	50	0	0	0	0
2988	1.00	50	0	0	0	0
2989	1.00	50	0	0	0	0
2990	1.00	50	0	0	0	0
2991	1.00	50	0	0	0	0
2992	1.00	50	0	0	0	0
2993	1.00	50	0	0	0	0
2994	1.00	50	0	0	0	0
2995	1.00	50	0	0	0	0
2996	1.00	50	0	0	0	0
2997	1.00	50	0	0	0	0
2998	1.00	50	0	0	0	0
2999	1.00	50	0	0	0	0
