timestep	swarm_quality	color_0	color_1
0	0.68	34	16
1	0.68	34	16
2	0.66	33	17
3	0.66	33	17
4	0.66	33	17
5	0.66	33	17
6	0.66	33	17
7	0.66	33	17
8	0.64	32	18
9	0.64	32	18
10	0.64	32	18
11	0.64	32	18
12	0.64	32	18
13	0.64	32	18
14	0.64	32	18
15	0.64	32	18
16	0.64	32	18
17	0.64	32	18
18	0.62	31	19
19	0.62	31	19
20	0.62	31	19
21	0.60	30	20
22	0.60	30	20
23	0.58	29	21
24	0.58	29	21
25	0.58	29	21
26	0.58	29	21
27	0.58	29	21
28	0.58	29	21
29	0.58	29	21
30	0.58	29	21
31	0.58	29	21
32	0.56	28	22
33	0.56	28	22
34	0.56	28	22
35	0.58	29	21
36	0.60	30	20
37	0.62	31	19
38	0.62	31	19
39	0.64	32	18
40	0.66	33	17
41	0.68	34	16
42	0.70	35	15
43	0.72	36	14
44	0.74	37	13
45	0.76	38	12
46	0.78	39	11
47	0.78	39	11
48	0.80	40	10
49	0.82	41	9
50	0.84	42	8
51	0.84	42	8
52	0.84	42	8
53	0.84	42	8
54	0.84	42	8
55	0.84	42	8
56	0.84	42	8
57	0.84	42	8
58	0.86	43	7
59	0.86	43	7
60	0.86	43	7
61	0.86	43	7
62	0.86	43	7
63	0.86	43	7
64	0.86	43	7
65	0.86	43	7
66	0.86	43	7
67	0.86	43	7
68	0.88	44	6
69	0.86	43	7
70	0.86	43	7
71	0.88	44	6
72	0.88	44	6
73	0.90	45	5
74	0.90	45	5
75	0.90	45	5
76	0.90	45	5
77	0.90	45	5
78	0.90	45	5
79	0.90	45	5
80	0.90	45	5
81	0.90	45	5
82	0.92	46	4
83	0.90	45	5
84	0.90	45	5
85	0.90	45	5
86	0.90	45	5
87	0.90	45	5
88	0.90	45	5
89	0.88	44	6
90	0.88	44	6
91	0.88	44	6
92	0.88	44	6
93	0.88	44	6
94	0.88	44	6
95	0.86	43	7
96	0.86	43	7
97	0.88	44	6
98	0.88	44	6
99	0.88	44	6
100	0.88	44	6
101	0.86	43	7
102	0.86	43	7
103	0.84	42	8
104	0.84	42	8
105	0.84	42	8
106	0.84	42	8
107	0.84	42	8
108	0.84	42	8
109	0.82	41	9
110	0.80	40	10
111	0.80	40	10
112	0.78	39	11
113	0.78	39	11
114	0.78	39	11
115	0.76	38	12
116	0.74	37	13
117	0.74	37	13
118	0.72	36	14
119	0.74	37	13
120	0.74	37	13
121	0.74	37	13
122	0.74	37	13
123	0.74	37	13
124	0.74	37	13
125	0.74	37	13
126	0.74	37	13
127	0.74	37	13
128	0.74	37	13
129	0.74	37	13
130	0.72	36	14
131	0.72	36	14
132	0.72	36	14
133	0.74	37	13
134	0.74	37	13
135	0.74	37	13
136	0.74	37	13
137	0.74	37	13
138	0.76	38	12
139	0.78	39	11
140	0.78	39	11
141	0.78	39	11
142	0.78	39	11
143	0.78	39	11
144	0.78	39	11
145	0.80	40	10
146	0.80	40	10
147	0.80	40	10
148	0.80	40	10
149	0.80	40	10
150	0.80	40	10
151	0.82	41	9
152	0.84	42	8
153	0.86	43	7
154	0.84	42	8
155	0.84	42	8
156	0.84	42	8
157	0.84	42	8
158	0.84	42	8
159	0.86	43	7
160	0.88	44	6
161	0.88	44	6
162	0.90	45	5
163	0.90	45	5
164	0.90	45	5
165	0.92	46	4
166	0.94	47	3
167	0.94	47	3
168	0.96	48	2
169	0.96	48	2
170	0.96	48	2
171	0.94	47	3
172	0.94	47	3
173	0.94	47	3
174	0.94	47	3
175	0.94	47	3
176	0.94	47	3
177	0.94	47	3
178	0.92	46	4
179	0.92	46	4
180	0.94	47	3
181	0.94	47	3
182	0.94	47	3
183	0.94	47	3
184	0.92	46	4
185	0.92	46	4
186	0.90	45	5
187	0.90	45	5
188	0.90	45	5
189	0.90	45	5
190	0.90	45	5
191	0.90	45	5
192	0.90	45	5
193	0.90	45	5
194	0.90	45	5
195	0.88	44	6
196	0.88	44	6
197	0.88	44	6
198	0.88	44	6
199	0.88	44	6
200	0.88	44	6
201	0.88	44	6
202	0.88	44	6
203	0.88	44	6
204	0.90	45	5
205	0.90	45	5
206	0.90	45	5
207	0.88	44	6
208	0.88	44	6
209	0.88	44	6
210	0.88	44	6
211	0.88	44	6
212	0.88	44	6
213	0.88	44	6
214	0.88	44	6
215	0.88	44	6
216	0.88	44	6
217	0.88	44	6
218	0.88	44	6
219	0.88	44	6
220	0.86	43	7
221	0.88	44	6
222	0.88	44	6
223	0.88	44	6
224	0.88	44	6
225	0.88	44	6
226	0.88	44	6
227	0.88	44	6
228	0.90	45	5
229	0.90	45	5
230	0.90	45	5
231	0.90	45	5
232	0.90	45	5
233	0.90	45	5
234	0.92	46	4
235	0.92	46	4
236	0.94	47	3
237	0.94	47	3
238	0.94	47	3
239	0.94	47	3
240	0.94	47	3
241	0.94	47	3
242	0.94	47	3
243	0.94	47	3
244	0.94	47	3
245	0.96	48	2
246	0.96	48	2
247	0.96	48	2
248	0.96	48	2
249	0.96	48	2
250	0.94	47	3
251	0.94	47	3
252	0.94	47	3
253	0.94	47	3
254	0.94	47	3
255	0.94	47	3
256	0.94	47	3
257	0.96	48	2
258	0.96	48	2
259	0.96	48	2
260	0.96	48	2
261	0.96	48	2
262	0.94	47	3
263	0.94	47	3
264	0.94	47	3
265	0.94	47	3
266	0.92	46	4
267	0.92	46	4
268	0.92	46	4
269	0.92	46	4
270	0.94	47	3
271	0.94	47	3
272	0.94	47	3
273	0.94	47	3
274	0.94	47	3
275	0.94	47	3
276	0.94	47	3
277	0.94	47	3
278	0.94	47	3
279	0.94	47	3
280	0.94	47	3
281	0.94	47	3
282	0.94	47	3
283	0.94	47	3
284	0.94	47	3
285	0.94	47	3
286	0.94	47	3
287	0.94	47	3
288	0.94	47	3
289	0.94	47	3
290	0.94	47	3
291	0.94	47	3
292	0.94	47	3
293	0.94	47	3
294	0.94	47	3
295	0.94	47	3
296	0.94	47	3
297	0.94	47	3
298	0.94	47	3
299	0.94	47	3
300	0.96	48	2
301	0.96	48	2
302	0.96	48	2
303	0.96	48	2
304	0.96	48	2
305	0.96	48	2
306	0.96	48	2
307	0.96	48	2
308	0.96	48	2
309	0.96	48	2
310	0.96	48	2
311	0.96	48	2
312	0.98	49	1
313	0.98	49	1
314	0.98	49	1
315	0.98	49	1
316	1.00	50	0
317	1.00	50	0
318	1.00	50	0
319	1.00	50	0
320	1.00	50	0
321	1.00	50	0
322	1.00	50	0
323	0.98	49	1
324	0.98	49	1
325	0.98	49	1
326	0.98	49	1
327	0.98	49	1
328	0.98	49	1
329	0.98	49	1
330	0.98	49	1
331	0.98	49	1
332	0.98	49	1
333	0.96	48	2
334	0.96	48	2
335	0.96	48	2
336	0.96	48	2
337	0.96	48	2
338	0.96	48	2
339	0.96	48	2
340	0.96	48	2
341	0.96	48	2
342	0.96	48	2
343	0.96	48	2
344	0.96	48	2
345	0.96	48	2
346	0.96	48	2
347	0.96	48	2
348	0.96	48	2
349	0.96	48	2
350	0.96	48	2
351	0.96	48	2
352	0.96	48	2
353	0.96	48	2
354	0.96	48	2
355	0.96	48	2
356	0.96	48	2
357	0.96	48	2
358	0.96	48	2
359	0.96	48	2
360	0.96	48	2
361	0.96	48	2
362	0.96	48	2
363	0.96	48	2
364	0.96	48	2
365	0.96	48	2
366	0.96	48	2
367	0.96	48	2
368	0.96	48	2
369	0.96	48	2
370	0.96	48	2
371	0.96	48	2
372	0.96	48	2
373	0.98	49	1
374	0.98	49	1
375	0.98	49	1
376	0.98	49	1
377	0.96	48	2
378	0.96	48	2
379	0.94	47	3
380	0.94	47	3
381	0.94	47	3
382	0.94	47	3
383	0.96	48	2
384	0.96	48	2
385	0.94	47	3
386	0.94	47	3
387	0.94	47	3
388	0.94	47	3
389	0.94	47	3
390	0.94	47	3
391	0.94	47	3
392	0.94	47	3
393	0.94	47	3
394	0.94	47	3
395	0.94	47	3
396	0.94	47	3
397	0.92	46	4
398	0.90	45	5
399	0.90	45	5
400	0.90	45	5
401	0.88	44	6
402	0.88	44	6
403	0.88	44	6
404	0.88	44	6
405	0.88	44	6
406	0.88	44	6
407	0.88	44	6
408	0.88	44	6
409	0.88	44	6
410	0.86	43	7
411	0.86	43	7
412	0.86	43	7
413	0.84	42	8
414	0.84	42	8
415	0.84	42	8
416	0.84	42	8
417	0.84	42	8
418	0.82	41	9
419	0.82	41	9
420	0.82	41	9
421	0.82	41	9
422	0.80	40	10
423	0.78	39	11
424	0.76	38	12
425	0.76	38	12
426	0.76	38	12
427	0.78	39	11
428	0.78	39	11
429	0.80	40	10
430	0.80	40	10
431	0.80	40	10
432	0.80	40	10
433	0.80	40	10
434	0.80	40	10
435	0.82	41	9
436	0.82	41	9
437	0.82	41	9
438	0.82	41	9
439	0.82	41	9
440	0.82	41	9
441	0.82	41	9
442	0.82	41	9
443	0.80	40	10
444	0.80	40	10
445	0.80	40	10
446	0.78	39	11
447	0.80	40	10
448	0.80	40	10
449	0.80	40	10
450	0.80	40	10
451	0.82	41	9
452	0.82	41	9
453	0.82	41	9
454	0.82	41	9
455	0.82	41	9
456	0.82	41	9
457	0.80	40	10
458	0.80	40	10
459	0.80	40	10
460	0.82	41	9
461	0.82	41	9
462	0.82	41	9
463	0.84	42	8
464	0.84	42	8
465	0.84	42	8
466	0.84	42	8
467	0.84	42	8
468	0.86	43	7
469	0.86	43	7
470	0.86	43	7
471	0.84	42	8
472	0.86	43	7
473	0.88	44	6
474	0.88	44	6
475	0.88	44	6
476	0.88	44	6
477	0.88	44	6
478	0.88	44	6
479	0.88	44	6
480	0.88	44	6
481	0.88	44	6
482	0.88	44	6
483	0.88	44	6
484	0.88	44	6
485	0.88	44	6
486	0.88	44	6
487	0.88	44	6
488	0.88	44	6
489	0.88	44	6
490	0.88	44	6
491	0.88	44	6
492	0.86	43	7
493	0.88	44	6
494	0.88	44	6
495	0.88	44	6
496	0.90	45	5
497	0.90	45	5
498	0.92	46	4
499	0.92	46	4
500	0.10	45	5
501	0.12	44	6
502	0.12	44	6
503	0.12	44	6
504	0.12	44	6
505	0.12	44	6
506	0.14	43	7
507	0.14	43	7
508	0.16	42	8
509	0.18	41	9
510	0.20	40	10
511	0.22	39	11
512	0.22	39	11
513	0.24	38	12
514	0.26	37	13
515	0.26	37	13
516	0.26	37	13
517	0.28	36	14
518	0.30	35	15
519	0.32	34	16
520	0.34	33	17
521	0.32	34	16
522	0.34	33	17
523	0.36	32	18
524	0.36	32	18
525	0.38	31	19
526	0.40	30	20
527	0.42	29	21
528	0.44	28	22
529	0.46	27	23
530	0.46	27	23
531	0.48	26	24
532	0.50	25	25
533	0.52	24	26
534	0.52	24	26
535	0.52	24	26
536	0.54	23	27
537	0.56	22	28
538	0.58	21	29
539	0.60	20	30
540	0.62	19	31
541	0.64	18	32
542	0.64	18	32
543	0.66	17	33
544	0.68	16	34
545	0.70	15	35
546	0.72	14	36
547	0.72	14	36
548	0.74	13	37
549	0.76	12	38
550	0.76	12	38
551	0.76	12	38
552	0.78	11	39
553	0.80	10	40
554	0.82	9	41
555	0.84	8	42
556	0.84	8	42
557	0.82	9	41
558	0.82	9	41
559	0.80	10	40
560	0.80	10	40
561	0.80	10	40
562	0.82	9	41
563	0.82	9	41
564	0.82	9	41
565	0.84	8	42
566	0.86	7	43
567	0.86	7	43
568	0.86	7	43
569	0.86	7	43
570	0.86	7	43
571	0.88	6	44
572	0.88	6	44
573	0.88	6	44
574	0.88	6	44
575	0.88	6	44
576	0.88	6	44
577	0.88	6	44
578	0.88	6	44
579	0.86	7	43
580	0.88	6	44
581	0.88	6	44
582	0.88	6	44
583	0.88	6	44
584	0.88	6	44
585	0.90	5	45
586	0.88	6	44
587	0.88	6	44
588	0.88	6	44
589	0.88	6	44
590	0.88	6	44
591	0.88	6	44
592	0.88	6	44
593	0.88	6	44
594	0.88	6	44
595	0.88	6	44
596	0.88	6	44
597	0.90	5	45
598	0.90	5	45
599	0.90	5	45
600	0.90	5	45
601	0.90	5	45
602	0.90	5	45
603	0.90	5	45
604	0.90	5	45
605	0.88	6	44
606	0.88	6	44
607	0.90	5	45
608	0.90	5	45
609	0.92	4	46
610	0.92	4	46
611	0.92	4	46
612	0.92	4	46
613	0.90	5	45
614	0.90	5	45
615	0.90	5	45
616	0.90	5	45
617	0.90	5	45
618	0.90	5	45
619	0.90	5	45
620	0.90	5	45
621	0.90	5	45
622	0.90	5	45
623	0.90	5	45
624	0.90	5	45
625	0.90	5	45
626	0.90	5	45
627	0.90	5	45
628	0.90	5	45
629	0.92	4	46
630	0.92	4	46
631	0.92	4	46
632	0.92	4	46
633	0.92	4	46
634	0.94	3	47
635	0.94	3	47
636	0.96	2	48
637	0.96	2	48
638	0.96	2	48
639	0.96	2	48
640	0.96	2	48
641	0.96	2	48
642	0.94	3	47
643	0.94	3	47
644	0.94	3	47
645	0.94	3	47
646	0.94	3	47
647	0.94	3	47
648	0.94	3	47
649	0.94	3	47
650	0.94	3	47
651	0.94	3	47
652	0.94	3	47
653	0.94	3	47
654	0.94	3	47
655	0.96	2	48
656	0.96	2	48
657	0.96	2	48
658	0.96	2	48
659	0.96	2	48
660	0.96	2	48
661	0.96	2	48
662	0.96	2	48
663	0.98	1	49
664	0.98	1	49
665	0.98	1	49
666	0.98	1	49
667	0.98	1	49
668	0.98	1	49
669	0.98	1	49
670	0.98	1	49
671	0.98	1	49
672	0.98	1	49
673	0.98	1	49
674	0.98	1	49
675	0.98	1	49
676	0.98	1	49
677	0.98	1	49
678	0.98	1	49
679	0.98	1	49
680	0.96	2	48
681	0.96	2	48
682	0.96	2	48
683	0.96	2	48
684	0.96	2	48
685	0.96	2	48
686	0.96	2	48
687	0.96	2	48
688	0.96	2	48
689	0.96	2	48
690	0.96	2	48
691	0.96	2	48
692	0.98	1	49
693	0.98	1	49
694	0.98	1	49
695	0.98	1	49
696	0.98	1	49
697	0.98	1	49
698	0.96	2	48
699	0.96	2	48
700	0.96	2	48
701	0.96	2	48
702	0.96	2	48
703	0.96	2	48
704	0.96	2	48
705	0.96	2	48
706	0.96	2	48
707	0.96	2	48
708	0.96	2	48
709	0.96	2	48
710	0.96	2	48
711	0.96	2	48
712	0.96	2	48
713	0.94	3	47
714	0.94	3	47
715	0.94	3	47
716	0.94	3	47
717	0.94	3	47
718	0.94	3	47
719	0.94	3	47
720	0.94	3	47
721	0.94	3	47
722	0.94	3	47
723	0.94	3	47
724	0.94	3	47
725	0.94	3	47
726	0.94	3	47
727	0.94	3	47
728	0.94	3	47
729	0.94	3	47
730	0.96	2	48
731	0.96	2	48
732	0.96	2	48
733	0.96	2	48
734	0.96	2	48
735	0.96	2	48
736	0.96	2	48
737	0.96	2	48
738	0.96	2	48
739	0.96	2	48
740	0.96	2	48
741	0.96	2	48
742	0.96	2	48
743	0.96	2	48
744	0.96	2	48
745	0.96	2	48
746	0.96	2	48
747	0.96	2	48
748	0.98	1	49
749	0.98	1	49
750	0.98	1	49
751	0.98	1	49
752	0.98	1	49
753	0.98	1	49
754	0.98	1	49
755	0.98	1	49
756	0.98	1	49
757	0.98	1	49
758	0.98	1	49
759	0.96	2	48
760	0.96	2	48
761	0.96	2	48
762	0.96	2	48
763	0.98	1	49
764	0.98	1	49
765	0.98	1	49
766	0.98	1	49
767	0.98	1	49
768	0.98	1	49
769	0.98	1	49
770	0.98	1	49
771	0.98	1	49
772	0.98	1	49
773	0.98	1	49
774	0.98	1	49
775	0.96	2	48
776	0.96	2	48
777	0.96	2	48
778	0.96	2	48
779	0.96	2	48
780	0.96	2	48
781	0.96	2	48
782	0.94	3	47
783	0.94	3	47
784	0.94	3	47
785	0.92	4	46
786	0.90	5	45
787	0.90	5	45
788	0.90	5	45
789	0.88	6	44
790	0.86	7	43
791	0.86	7	43
792	0.86	7	43
793	0.84	8	42
794	0.84	8	42
795	0.84	8	42
796	0.84	8	42
797	0.84	8	42
798	0.84	8	42
799	0.84	8	42
800	0.84	8	42
801	0.84	8	42
802	0.84	8	42
803	0.84	8	42
804	0.82	9	41
805	0.80	10	40
806	0.78	11	39
807	0.78	11	39
808	0.76	12	38
809	0.78	11	39
810	0.78	11	39
811	0.78	11	39
812	0.78	11	39
813	0.78	11	39
814	0.76	12	38
815	0.76	12	38
816	0.76	12	38
817	0.76	12	38
818	0.76	12	38
819	0.74	13	37
820	0.74	13	37
821	0.74	13	37
822	0.74	13	37
823	0.74	13	37
824	0.72	14	36
825	0.74	13	37
826	0.74	13	37
827	0.72	14	36
828	0.72	14	36
829	0.72	14	36
830	0.72	14	36
831	0.72	14	36
832	0.74	13	37
833	0.74	13	37
834	0.74	13	37
835	0.76	12	38
836	0.78	11	39
837	0.78	11	39
838	0.78	11	39
839	0.80	10	40
840	0.82	9	41
841	0.82	9	41
842	0.82	9	41
843	0.82	9	41
844	0.80	10	40
845	0.80	10	40
846	0.78	11	39
847	0.78	11	39
848	0.78	11	39
849	0.78	11	39
850	0.78	11	39
851	0.78	11	39
852	0.78	11	39
853	0.78	11	39
854	0.80	10	40
855	0.82	9	41
856	0.84	8	42
857	0.84	8	42
858	0.86	7	43
859	0.86	7	43
860	0.86	7	43
861	0.86	7	43
862	0.84	8	42
863	0.84	8	42
864	0.86	7	43
865	0.86	7	43
866	0.86	7	43
867	0.86	7	43
868	0.86	7	43
869	0.88	6	44
870	0.88	6	44
871	0.86	7	43
872	0.86	7	43
873	0.86	7	43
874	0.88	6	44
875	0.88	6	44
876	0.88	6	44
877	0.90	5	45
878	0.90	5	45
879	0.88	6	44
880	0.86	7	43
881	0.86	7	43
882	0.86	7	43
883	0.86	7	43
884	0.86	7	43
885	0.86	7	43
886	0.86	7	43
887	0.86	7	43
888	0.84	8	42
889	0.84	8	42
890	0.84	8	42
891	0.84	8	42
892	0.84	8	42
893	0.86	7	43
894	0.88	6	44
895	0.88	6	44
896	0.90	5	45
897	0.90	5	45
898	0.90	5	45
899	0.90	5	45
900	0.90	5	45
901	0.90	5	45
902	0.90	5	45
903	0.90	5	45
904	0.90	5	45
905	0.90	5	45
906	0.90	5	45
907	0.88	6	44
908	0.88	6	44
909	0.88	6	44
910	0.88	6	44
911	0.88	6	44
912	0.90	5	45
913	0.90	5	45
914	0.90	5	45
915	0.90	5	45
916	0.90	5	45
917	0.90	5	45
918	0.90	5	45
919	0.88	6	44
920	0.88	6	44
921	0.90	5	45
922	0.90	5	45
923	0.90	5	45
924	0.90	5	45
925	0.90	5	45
926	0.90	5	45
927	0.90	5	45
928	0.90	5	45
929	0.92	4	46
930	0.94	3	47
931	0.94	3	47
932	0.92	4	46
933	0.92	4	46
934	0.92	4	46
935	0.92	4	46
936	0.92	4	46
937	0.92	4	46
938	0.94	3	47
939	0.94	3	47
940	0.94	3	47
941	0.94	3	47
942	0.94	3	47
943	0.94	3	47
944	0.94	3	47
945	0.94	3	47
946	0.94	3	47
947	0.94	3	47
948	0.94	3	47
949	0.94	3	47
950	0.94	3	47
951	0.94	3	47
952	0.94	3	47
953	0.94	3	47
954	0.94	3	47
955	0.92	4	46
956	0.92	4	46
957	0.94	3	47
958	0.94	3	47
959	0.94	3	47
960	0.94	3	47
961	0.94	3	47
962	0.94	3	47
963	0.94	3	47
964	0.92	4	46
965	0.92	4	46
966	0.90	5	45
967	0.90	5	45
968	0.90	5	45
969	0.92	4	46
970	0.92	4	46
971	0.92	4	46
972	0.92	4	46
973	0.92	4	46
974	0.92	4	46
975	0.92	4	46
976	0.92	4	46
977	0.92	4	46
978	0.92	4	46
979	0.92	4	46
980	0.92	4	46
981	0.92	4	46
982	0.94	3	47
983	0.94	3	47
984	0.94	3	47
985	0.92	4	46
986	0.92	4	46
987	0.92	4	46
988	0.92	4	46
989	0.92	4	46
990	0.92	4	46
991	0.92	4	46
992	0.92	4	46
993	0.92	4	46
994	0.92	4	46
995	0.92	4	46
996	0.92	4	46
997	0.92	4	46
998	0.90	5	45
999	0.90	5	45
1000	0.12	6	44
1001	0.14	7	43
1002	0.16	8	42
1003	0.18	9	41
1004	0.20	10	40
1005	0.20	10	40
1006	0.22	11	39
1007	0.24	12	38
1008	0.24	12	38
1009	0.26	13	37
1010	0.28	14	36
1011	0.30	15	35
1012	0.30	15	35
1013	0.32	16	34
1014	0.30	15	35
1015	0.32	16	34
1016	0.32	16	34
1017	0.34	17	33
1018	0.34	17	33
1019	0.34	17	33
1020	0.34	17	33
1021	0.34	17	33
1022	0.36	18	32
1023	0.38	19	31
1024	0.40	20	30
1025	0.42	21	29
1026	0.44	22	28
1027	0.46	23	27
1028	0.48	24	26
1029	0.48	24	26
1030	0.50	25	25
1031	0.52	26	24
1032	0.54	27	23
1033	0.56	28	22
1034	0.58	29	21
1035	0.58	29	21
1036	0.60	30	20
1037	0.62	31	19
1038	0.64	32	18
1039	0.66	33	17
1040	0.68	34	16
1041	0.70	35	15
1042	0.70	35	15
1043	0.72	36	14
1044	0.74	37	13
1045	0.74	37	13
1046	0.76	38	12
1047	0.78	39	11
1048	0.78	39	11
1049	0.78	39	11
1050	0.78	39	11
1051	0.78	39	11
1052	0.78	39	11
1053	0.76	38	12
1054	0.76	38	12
1055	0.76	38	12
1056	0.76	38	12
1057	0.74	37	13
1058	0.76	38	12
1059	0.76	38	12
1060	0.76	38	12
1061	0.76	38	12
1062	0.76	38	12
1063	0.76	38	12
1064	0.78	39	11
1065	0.78	39	11
1066	0.78	39	11
1067	0.78	39	11
1068	0.80	40	10
1069	0.82	41	9
1070	0.84	42	8
1071	0.86	43	7
1072	0.86	43	7
1073	0.84	42	8
1074	0.84	42	8
1075	0.84	42	8
1076	0.84	42	8
1077	0.84	42	8
1078	0.84	42	8
1079	0.86	43	7
1080	0.86	43	7
1081	0.84	42	8
1082	0.84	42	8
1083	0.84	42	8
1084	0.84	42	8
1085	0.82	41	9
1086	0.82	41	9
1087	0.80	40	10
1088	0.80	40	10
1089	0.80	40	10
1090	0.80	40	10
1091	0.80	40	10
1092	0.82	41	9
1093	0.82	41	9
1094	0.82	41	9
1095	0.84	42	8
1096	0.84	42	8
1097	0.84	42	8
1098	0.84	42	8
1099	0.86	43	7
1100	0.86	43	7
1101	0.86	43	7
1102	0.86	43	7
1103	0.86	43	7
1104	0.84	42	8
1105	0.84	42	8
1106	0.84	42	8
1107	0.86	43	7
1108	0.86	43	7
1109	0.86	43	7
1110	0.86	43	7
1111	0.86	43	7
1112	0.88	44	6
1113	0.88	44	6
1114	0.86	43	7
1115	0.84	42	8
1116	0.84	42	8
1117	0.84	42	8
1118	0.84	42	8
1119	0.84	42	8
1120	0.84	42	8
1121	0.84	42	8
1122	0.84	42	8
1123	0.86	43	7
1124	0.86	43	7
1125	0.86	43	7
1126	0.86	43	7
1127	0.86	43	7
1128	0.86	43	7
1129	0.86	43	7
1130	0.86	43	7
1131	0.88	44	6
1132	0.88	44	6
1133	0.88	44	6
1134	0.88	44	6
1135	0.90	45	5
1136	0.90	45	5
1137	0.92	46	4
1138	0.92	46	4
1139	0.92	46	4
1140	0.92	46	4
1141	0.92	46	4
1142	0.90	45	5
1143	0.90	45	5
1144	0.90	45	5
1145	0.90	45	5
1146	0.90	45	5
1147	0.90	45	5
1148	0.90	45	5
1149	0.90	45	5
1150	0.90	45	5
1151	0.90	45	5
1152	0.88	44	6
1153	0.90	45	5
1154	0.92	46	4
1155	0.92	46	4
1156	0.92	46	4
1157	0.92	46	4
1158	0.92	46	4
1159	0.92	46	4
1160	0.92	46	4
1161	0.92	46	4
1162	0.92	46	4
1163	0.92	46	4
1164	0.92	46	4
1165	0.94	47	3
1166	0.94	47	3
1167	0.94	47	3
1168	0.94	47	3
1169	0.94	47	3
1170	0.94	47	3
1171	0.92	46	4
1172	0.92	46	4
1173	0.92	46	4
1174	0.92	46	4
1175	0.92	46	4
1176	0.92	46	4
1177	0.92	46	4
1178	0.92	46	4
1179	0.90	45	5
1180	0.90	45	5
1181	0.90	45	5
1182	0.90	45	5
1183	0.90	45	5
1184	0.90	45	5
1185	0.88	44	6
1186	0.88	44	6
1187	0.88	44	6
1188	0.88	44	6
1189	0.88	44	6
1190	0.88	44	6
1191	0.88	44	6
1192	0.90	45	5
1193	0.90	45	5
1194	0.90	45	5
1195	0.90	45	5
1196	0.90	45	5
1197	0.90	45	5
1198	0.90	45	5
1199	0.90	45	5
1200	0.90	45	5
1201	0.90	45	5
1202	0.92	46	4
1203	0.92	46	4
1204	0.92	46	4
1205	0.92	46	4
1206	0.92	46	4
1207	0.92	46	4
1208	0.92	46	4
1209	0.92	46	4
1210	0.92	46	4
1211	0.92	46	4
1212	0.92	46	4
1213	0.92	46	4
1214	0.94	47	3
1215	0.94	47	3
1216	0.94	47	3
1217	0.94	47	3
1218	0.94	47	3
1219	0.94	47	3
1220	0.94	47	3
1221	0.96	48	2
1222	0.96	48	2
1223	0.96	48	2
1224	0.96	48	2
1225	0.96	48	2
1226	0.96	48	2
1227	0.96	48	2
1228	0.96	48	2
1229	0.98	49	1
1230	0.98	49	1
1231	0.98	49	1
1232	0.98	49	1
1233	0.96	48	2
1234	0.96	48	2
1235	0.98	49	1
1236	0.98	49	1
1237	0.98	49	1
1238	0.98	49	1
1239	0.98	49	1
1240	0.98	49	1
1241	0.98	49	1
1242	0.98	49	1
1243	0.98	49	1
1244	0.98	49	1
1245	0.98	49	1
1246	0.98	49	1
1247	0.98	49	1
1248	0.98	49	1
1249	0.98	49	1
1250	0.98	49	1
1251	0.98	49	1
1252	0.98	49	1
1253	0.98	49	1
1254	0.98	49	1
1255	0.98	49	1
1256	0.98	49	1
1257	0.98	49	1
1258	0.96	48	2
1259	0.96	48	2
1260	0.96	48	2
1261	0.96	48	2
1262	0.96	48	2
1263	0.94	47	3
1264	0.94	47	3
1265	0.94	47	3
1266	0.94	47	3
1267	0.94	47	3
1268	0.94	47	3
1269	0.94	47	3
1270	0.94	47	3
1271	0.94	47	3
1272	0.94	47	3
1273	0.92	46	4
1274	0.92	46	4
1275	0.92	46	4
1276	0.92	46	4
1277	0.92	46	4
1278	0.92	46	4
1279	0.92	46	4
1280	0.92	46	4
1281	0.92	46	4
1282	0.92	46	4
1283	0.94	47	3
1284	0.94	47	3
1285	0.94	47	3
1286	0.94	47	3
1287	0.94	47	3
1288	0.94	47	3
1289	0.94	47	3
1290	0.94	47	3
1291	0.94	47	3
1292	0.94	47	3
1293	0.94	47	3
1294	0.94	47	3
1295	0.94	47	3
1296	0.94	47	3
1297	0.94	47	3
1298	0.94	47	3
1299	0.94	47	3
1300	0.94	47	3
1301	0.94	47	3
1302	0.94	47	3
1303	0.94	47	3
1304	0.94	47	3
1305	0.94	47	3
1306	0.94	47	3
1307	0.94	47	3
1308	0.96	48	2
1309	0.96	48	2
1310	0.96	48	2
1311	0.94	47	3
1312	0.94	47	3
1313	0.96	48	2
1314	0.96	48	2
1315	0.96	48	2
1316	0.96	48	2
1317	0.96	48	2
1318	0.96	48	2
1319	0.96	48	2
1320	0.94	47	3
1321	0.94	47	3
1322	0.94	47	3
1323	0.96	48	2
1324	0.96	48	2
1325	0.96	48	2
1326	0.96	48	2
1327	0.96	48	2
1328	0.96	48	2
1329	0.96	48	2
1330	0.94	47	3
1331	0.94	47	3
1332	0.92	46	4
1333	0.92	46	4
1334	0.92	46	4
1335	0.92	46	4
1336	0.92	46	4
1337	0.92	46	4
1338	0.90	45	5
1339	0.90	45	5
1340	0.90	45	5
1341	0.90	45	5
1342	0.90	45	5
1343	0.90	45	5
1344	0.90	45	5
1345	0.90	45	5
1346	0.90	45	5
1347	0.90	45	5
1348	0.90	45	5
1349	0.90	45	5
1350	0.90	45	5
1351	0.90	45	5
1352	0.90	45	5
1353	0.90	45	5
1354	0.90	45	5
1355	0.90	45	5
1356	0.90	45	5
1357	0.90	45	5
1358	0.90	45	5
1359	0.90	45	5
1360	0.90	45	5
1361	0.92	46	4
1362	0.92	46	4
1363	0.92	46	4
1364	0.92	46	4
1365	0.92	46	4
1366	0.92	46	4
1367	0.92	46	4
1368	0.92	46	4
1369	0.92	46	4
1370	0.94	47	3
1371	0.92	46	4
1372	0.92	46	4
1373	0.92	46	4
1374	0.92	46	4
1375	0.92	46	4
1376	0.92	46	4
1377	0.92	46	4
1378	0.92	46	4
1379	0.92	46	4
1380	0.94	47	3
1381	0.94	47	3
1382	0.96	48	2
1383	0.96	48	2
1384	0.96	48	2
1385	0.96	48	2
1386	0.96	48	2
1387	0.96	48	2
1388	0.98	49	1
1389	0.98	49	1
1390	0.98	49	1
1391	0.98	49	1
1392	0.98	49	1
1393	0.96	48	2
1394	0.96	48	2
1395	0.96	48	2
1396	0.96	48	2
1397	0.94	47	3
1398	0.94	47	3
1399	0.94	47	3
1400	0.92	46	4
1401	0.92	46	4
1402	0.92	46	4
1403	0.90	45	5
1404	0.90	45	5
1405	0.90	45	5
1406	0.90	45	5
1407	0.90	45	5
1408	0.90	45	5
1409	0.90	45	5
1410	0.90	45	5
1411	0.90	45	5
1412	0.90	45	5
1413	0.90	45	5
1414	0.90	45	5
1415	0.90	45	5
1416	0.90	45	5
1417	0.90	45	5
1418	0.90	45	5
1419	0.90	45	5
1420	0.88	44	6
1421	0.88	44	6
1422	0.88	44	6
1423	0.88	44	6
1424	0.88	44	6
1425	0.88	44	6
1426	0.88	44	6
1427	0.88	44	6
1428	0.88	44	6
1429	0.88	44	6
1430	0.88	44	6
1431	0.88	44	6
1432	0.88	44	6
1433	0.88	44	6
1434	0.88	44	6
1435	0.88	44	6
1436	0.88	44	6
1437	0.88	44	6
1438	0.88	44	6
1439	0.88	44	6
1440	0.88	44	6
1441	0.88	44	6
1442	0.88	44	6
1443	0.90	45	5
1444	0.90	45	5
1445	0.88	44	6
1446	0.88	44	6
1447	0.90	45	5
1448	0.90	45	5
1449	0.90	45	5
1450	0.92	46	4
1451	0.92	46	4
1452	0.92	46	4
1453	0.94	47	3
1454	0.92	46	4
1455	0.92	46	4
1456	0.92	46	4
1457	0.92	46	4
1458	0.92	46	4
1459	0.92	46	4
1460	0.92	46	4
1461	0.92	46	4
1462	0.92	46	4
1463	0.92	46	4
1464	0.92	46	4
1465	0.90	45	5
1466	0.90	45	5
1467	0.90	45	5
1468	0.90	45	5
1469	0.90	45	5
1470	0.92	46	4
1471	0.94	47	3
1472	0.94	47	3
1473	0.94	47	3
1474	0.94	47	3
1475	0.94	47	3
1476	0.94	47	3
1477	0.94	47	3
1478	0.94	47	3
1479	0.94	47	3
1480	0.94	47	3
1481	0.94	47	3
1482	0.94	47	3
1483	0.94	47	3
1484	0.94	47	3
1485	0.94	47	3
1486	0.94	47	3
1487	0.94	47	3
1488	0.94	47	3
1489	0.94	47	3
1490	0.92	46	4
1491	0.92	46	4
1492	0.92	46	4
1493	0.92	46	4
1494	0.92	46	4
1495	0.94	47	3
1496	0.94	47	3
1497	0.94	47	3
1498	0.92	46	4
1499	0.92	46	4
1500	0.08	46	4
1501	0.10	45	5
1502	0.10	45	5
1503	0.10	45	5
1504	0.08	46	4
1505	0.10	45	5
1506	0.12	44	6
1507	0.14	43	7
1508	0.16	42	8
1509	0.16	42	8
1510	0.16	42	8
1511	0.16	42	8
1512	0.16	42	8
1513	0.18	41	9
1514	0.20	40	10
1515	0.20	40	10
1516	0.22	39	11
1517	0.22	39	11
1518	0.24	38	12
1519	0.26	37	13
1520	0.28	36	14
1521	0.30	35	15
1522	0.32	34	16
1523	0.34	33	17
1524	0.36	32	18
1525	0.38	31	19
1526	0.40	30	20
1527	0.40	30	20
1528	0.40	30	20
1529	0.42	29	21
1530	0.44	28	22
1531	0.46	27	23
1532	0.48	26	24
1533	0.50	25	25
1534	0.52	24	26
1535	0.52	24	26
1536	0.52	24	26
1537	0.54	23	27
1538	0.56	22	28
1539	0.58	21	29
1540	0.58	21	29
1541	0.60	20	30
1542	0.62	19	31
1543	0.64	18	32
1544	0.66	17	33
1545	0.68	16	34
1546	0.70	15	35
1547	0.70	15	35
1548	0.70	15	35
1549	0.72	14	36
1550	0.74	13	37
1551	0.74	13	37
1552	0.76	12	38
1553	0.78	11	39
1554	0.80	10	40
1555	0.80	10	40
1556	0.80	10	40
1557	0.78	11	39
1558	0.76	12	38
1559	0.78	11	39
1560	0.80	10	40
1561	0.82	9	41
1562	0.84	8	42
1563	0.84	8	42
1564	0.82	9	41
1565	0.82	9	41
1566	0.82	9	41
1567	0.84	8	42
1568	0.84	8	42
1569	0.84	8	42
1570	0.84	8	42
1571	0.84	8	42
1572	0.84	8	42
1573	0.84	8	42
1574	0.84	8	42
1575	0.84	8	42
1576	0.84	8	42
1577	0.86	7	43
1578	0.88	6	44
1579	0.88	6	44
1580	0.88	6	44
1581	0.88	6	44
1582	0.88	6	44
1583	0.88	6	44
1584	0.88	6	44
1585	0.90	5	45
1586	0.92	4	46
1587	0.92	4	46
1588	0.92	4	46
1589	0.92	4	46
1590	0.92	4	46
1591	0.92	4	46
1592	0.92	4	46
1593	0.92	4	46
1594	0.92	4	46
1595	0.90	5	45
1596	0.90	5	45
1597	0.92	4	46
1598	0.90	5	45
1599	0.90	5	45
1600	0.90	5	45
1601	0.90	5	45
1602	0.90	5	45
1603	0.90	5	45
1604	0.90	5	45
1605	0.90	5	45
1606	0.90	5	45
1607	0.92	4	46
1608	0.94	3	47
1609	0.94	3	47
1610	0.94	3	47
1611	0.94	3	47
1612	0.94	3	47
1613	0.94	3	47
1614	0.94	3	47
1615	0.94	3	47
1616	0.94	3	47
1617	0.94	3	47
1618	0.92	4	46
1619	0.92	4	46
1620	0.92	4	46
1621	0.92	4	46
1622	0.92	4	46
1623	0.92	4	46
1624	0.92	4	46
1625	0.90	5	45
1626	0.90	5	45
1627	0.90	5	45
1628	0.90	5	45
1629	0.90	5	45
1630	0.90	5	45
1631	0.90	5	45
1632	0.90	5	45
1633	0.90	5	45
1634	0.90	5	45
1635	0.90	5	45
1636	0.88	6	44
1637	0.88	6	44
1638	0.86	7	43
1639	0.86	7	43
1640	0.86	7	43
1641	0.86	7	43
1642	0.86	7	43
1643	0.86	7	43
1644	0.86	7	43
1645	0.88	6	44
1646	0.88	6	44
1647	0.88	6	44
1648	0.90	5	45
1649	0.88	6	44
1650	0.88	6	44
1651	0.88	6	44
1652	0.88	6	44
1653	0.88	6	44
1654	0.88	6	44
1655	0.88	6	44
1656	0.88	6	44
1657	0.88	6	44
1658	0.86	7	43
1659	0.86	7	43
1660	0.86	7	43
1661	0.86	7	43
1662	0.86	7	43
1663	0.86	7	43
1664	0.88	6	44
1665	0.88	6	44
1666	0.88	6	44
1667	0.88	6	44
1668	0.90	5	45
1669	0.90	5	45
1670	0.90	5	45
1671	0.90	5	45
1672	0.90	5	45
1673	0.90	5	45
1674	0.88	6	44
1675	0.88	6	44
1676	0.88	6	44
1677	0.88	6	44
1678	0.86	7	43
1679	0.86	7	43
1680	0.86	7	43
1681	0.86	7	43
1682	0.86	7	43
1683	0.86	7	43
1684	0.86	7	43
1685	0.86	7	43
1686	0.88	6	44
1687	0.88	6	44
1688	0.90	5	45
1689	0.90	5	45
1690	0.90	5	45
1691	0.90	5	45
1692	0.90	5	45
1693	0.88	6	44
1694	0.88	6	44
1695	0.88	6	44
1696	0.88	6	44
1697	0.86	7	43
1698	0.86	7	43
1699	0.88	6	44
1700	0.88	6	44
1701	0.88	6	44
1702	0.88	6	44
1703	0.88	6	44
1704	0.88	6	44
1705	0.86	7	43
1706	0.86	7	43
1707	0.86	7	43
1708	0.88	6	44
1709	0.88	6	44
1710	0.88	6	44
1711	0.88	6	44
1712	0.88	6	44
1713	0.88	6	44
1714	0.88	6	44
1715	0.88	6	44
1716	0.88	6	44
1717	0.88	6	44
1718	0.88	6	44
1719	0.88	6	44
1720	0.88	6	44
1721	0.88	6	44
1722	0.88	6	44
1723	0.88	6	44
1724	0.90	5	45
1725	0.92	4	46
1726	0.92	4	46
1727	0.92	4	46
1728	0.94	3	47
1729	0.94	3	47
1730	0.94	3	47
1731	0.94	3	47
1732	0.94	3	47
1733	0.94	3	47
1734	0.94	3	47
1735	0.94	3	47
1736	0.94	3	47
1737	0.94	3	47
1738	0.94	3	47
1739	0.94	3	47
1740	0.94	3	47
1741	0.94	3	47
1742	0.92	4	46
1743	0.94	3	47
1744	0.94	3	47
1745	0.94	3	47
1746	0.94	3	47
1747	0.94	3	47
1748	0.92	4	46
1749	0.92	4	46
1750	0.92	4	46
1751	0.90	5	45
1752	0.90	5	45
1753	0.90	5	45
1754	0.90	5	45
1755	0.92	4	46
1756	0.92	4	46
1757	0.90	5	45
1758	0.90	5	45
1759	0.88	6	44
1760	0.88	6	44
1761	0.88	6	44
1762	0.86	7	43
1763	0.86	7	43
1764	0.86	7	43
1765	0.84	8	42
1766	0.84	8	42
1767	0.84	8	42
1768	0.84	8	42
1769	0.84	8	42
1770	0.84	8	42
1771	0.84	8	42
1772	0.84	8	42
1773	0.84	8	42
1774	0.84	8	42
1775	0.84	8	42
1776	0.84	8	42
1777	0.84	8	42
1778	0.84	8	42
1779	0.84	8	42
1780	0.84	8	42
1781	0.84	8	42
1782	0.84	8	42
1783	0.84	8	42
1784	0.84	8	42
1785	0.84	8	42
1786	0.84	8	42
1787	0.84	8	42
1788	0.84	8	42
1789	0.84	8	42
1790	0.84	8	42
1791	0.84	8	42
1792	0.86	7	43
1793	0.86	7	43
1794	0.86	7	43
1795	0.86	7	43
1796	0.86	7	43
1797	0.88	6	44
1798	0.90	5	45
1799	0.90	5	45
1800	0.90	5	45
1801	0.92	4	46
1802	0.92	4	46
1803	0.92	4	46
1804	0.92	4	46
1805	0.92	4	46
1806	0.92	4	46
1807	0.94	3	47
1808	0.94	3	47
1809	0.96	2	48
1810	0.96	2	48
1811	0.96	2	48
1812	0.98	1	49
1813	0.98	1	49
1814	0.98	1	49
1815	1.00	0	50
1816	1.00	0	50
1817	1.00	0	50
1818	0.98	1	49
1819	0.98	1	49
1820	0.96	2	48
1821	0.96	2	48
1822	0.96	2	48
1823	0.96	2	48
1824	0.96	2	48
1825	0.96	2	48
1826	0.96	2	48
1827	0.94	3	47
1828	0.94	3	47
1829	0.94	3	47
1830	0.94	3	47
1831	0.94	3	47
1832	0.94	3	47
1833	0.94	3	47
1834	0.94	3	47
1835	0.94	3	47
1836	0.94	3	47
1837	0.94	3	47
1838	0.94	3	47
1839	0.94	3	47
1840	0.94	3	47
1841	0.94	3	47
1842	0.94	3	47
1843	0.94	3	47
1844	0.94	3	47
1845	0.94	3	47
1846	0.94	3	47
1847	0.94	3	47
1848	0.94	3	47
1849	0.94	3	47
1850	0.94	3	47
1851	0.94	3	47
1852	0.94	3	47
1853	0.94	3	47
1854	0.94	3	47
1855	0.94	3	47
1856	0.94	3	47
1857	0.94	3	47
1858	0.94	3	47
1859	0.94	3	47
1860	0.94	3	47
1861	0.94	3	47
1862	0.94	3	47
1863	0.94	3	47
1864	0.94	3	47
1865	0.94	3	47
1866	0.94	3	47
1867	0.94	3	47
1868	0.96	2	48
1869	0.96	2	48
1870	0.98	1	49
1871	0.98	1	49
1872	0.98	1	49
1873	0.98	1	49
1874	0.98	1	49
1875	0.98	1	49
1876	0.98	1	49
1877	1.00	0	50
1878	1.00	0	50
1879	1.00	0	50
1880	1.00	0	50
1881	0.98	1	49
1882	0.98	1	49
1883	0.98	1	49
1884	0.98	1	49
1885	0.98	1	49
1886	0.98	1	49
1887	0.98	1	49
1888	0.98	1	49
1889	0.98	1	49
1890	0.98	1	49
1891	0.98	1	49
1892	0.98	1	49
1893	0.98	1	49
1894	0.96	2	48
1895	0.96	2	48
1896	0.96	2	48
1897	0.94	3	47
1898	0.94	3	47
1899	0.92	4	46
1900	0.92	4	46
1901	0.92	4	46
1902	0.92	4	46
1903	0.92	4	46
1904	0.92	4	46
1905	0.92	4	46
1906	0.92	4	46
1907	0.90	5	45
1908	0.90	5	45
1909	0.88	6	44
1910	0.88	6	44
1911	0.88	6	44
1912	0.88	6	44
1913	0.88	6	44
1914	0.88	6	44
1915	0.88	6	44
1916	0.88	6	44
1917	0.88	6	44
1918	0.88	6	44
1919	0.88	6	44
1920	0.88	6	44
1921	0.88	6	44
1922	0.88	6	44
1923	0.88	6	44
1924	0.88	6	44
1925	0.88	6	44
1926	0.88	6	44
1927	0.88	6	44
1928	0.88	6	44
1929	0.88	6	44
1930	0.88	6	44
1931	0.90	5	45
1932	0.90	5	45
1933	0.90	5	45
1934	0.90	5	45
1935	0.90	5	45
1936	0.90	5	45
1937	0.90	5	45
1938	0.90	5	45
1939	0.90	5	45
1940	0.88	6	44
1941	0.88	6	44
1942	0.88	6	44
1943	0.88	6	44
1944	0.90	5	45
1945	0.90	5	45
1946	0.88	6	44
1947	0.90	5	45
1948	0.90	5	45
1949	0.92	4	46
1950	0.92	4	46
1951	0.92	4	46
1952	0.90	5	45
1953	0.88	6	44
1954	0.88	6	44
1955	0.88	6	44
1956	0.88	6	44
1957	0.88	6	44
1958	0.88	6	44
1959	0.90	5	45
1960	0.90	5	45
1961	0.90	5	45
1962	0.90	5	45
1963	0.90	5	45
1964	0.88	6	44
1965	0.88	6	44
1966	0.88	6	44
1967	0.88	6	44
1968	0.88	6	44
1969	0.88	6	44
1970	0.86	7	43
1971	0.86	7	43
1972	0.86	7	43
1973	0.86	7	43
1974	0.86	7	43
1975	0.86	7	43
1976	0.86	7	43
1977	0.86	7	43
1978	0.86	7	43
1979	0.86	7	43
1980	0.86	7	43
1981	0.86	7	43
1982	0.86	7	43
1983	0.86	7	43
1984	0.86	7	43
1985	0.86	7	43
1986	0.86	7	43
1987	0.86	7	43
1988	0.86	7	43
1989	0.86	7	43
1990	0.88	6	44
1991	0.88	6	44
1992	0.88	6	44
1993	0.88	6	44
1994	0.88	6	44
1995	0.88	6	44
1996	0.88	6	44
1997	0.88	6	44
1998	0.88	6	44
1999	0.88	6	44
2000	0.14	7	43
2001	0.16	8	42
2002	0.16	8	42
2003	0.16	8	42
2004	0.16	8	42
2005	0.18	9	41
2006	0.20	10	40
2007	0.18	9	41
2008	0.20	10	40
2009	0.22	11	39
2010	0.24	12	38
2011	0.24	12	38
2012	0.26	13	37
2013	0.26	13	37
2014	0.26	13	37
2015	0.28	14	36
2016	0.30	15	35
2017	0.32	16	34
2018	0.34	17	33
2019	0.36	18	32
2020	0.36	18	32
2021	0.36	18	32
2022	0.36	18	32
2023	0.38	19	31
2024	0.40	20	30
2025	0.42	21	29
2026	0.44	22	28
2027	0.46	23	27
2028	0.48	24	26
2029	0.48	24	26
2030	0.50	25	25
2031	0.52	26	24
2032	0.54	27	23
2033	0.56	28	22
2034	0.58	29	21
2035	0.60	30	20
2036	0.60	30	20
2037	0.62	31	19
2038	0.64	32	18
2039	0.66	33	17
2040	0.68	34	16
2041	0.70	35	15
2042	0.70	35	15
2043	0.72	36	14
2044	0.72	36	14
2045	0.72	36	14
2046	0.72	36	14
2047	0.74	37	13
2048	0.76	38	12
2049	0.78	39	11
2050	0.76	38	12
2051	0.74	37	13
2052	0.74	37	13
2053	0.74	37	13
2054	0.76	38	12
2055	0.76	38	12
2056	0.74	37	13
2057	0.76	38	12
2058	0.76	38	12
2059	0.76	38	12
2060	0.76	38	12
2061	0.78	39	11
2062	0.78	39	11
2063	0.80	40	10
2064	0.80	40	10
2065	0.80	40	10
2066	0.80	40	10
2067	0.80	40	10
2068	0.80	40	10
2069	0.78	39	11
2070	0.78	39	11
2071	0.80	40	10
2072	0.82	41	9
2073	0.82	41	9
2074	0.82	41	9
2075	0.82	41	9
2076	0.82	41	9
2077	0.82	41	9
2078	0.80	40	10
2079	0.82	41	9
2080	0.82	41	9
2081	0.82	41	9
2082	0.82	41	9
2083	0.82	41	9
2084	0.82	41	9
2085	0.82	41	9
2086	0.84	42	8
2087	0.84	42	8
2088	0.84	42	8
2089	0.84	42	8
2090	0.84	42	8
2091	0.84	42	8
2092	0.86	43	7
2093	0.86	43	7
2094	0.88	44	6
2095	0.88	44	6
2096	0.88	44	6
2097	0.88	44	6
2098	0.88	44	6
2099	0.88	44	6
2100	0.90	45	5
2101	0.92	46	4
2102	0.92	46	4
2103	0.92	46	4
2104	0.92	46	4
2105	0.92	46	4
2106	0.94	47	3
2107	0.94	47	3
2108	0.94	47	3
2109	0.94	47	3
2110	0.94	47	3
2111	0.94	47	3
2112	0.94	47	3
2113	0.94	47	3
2114	0.94	47	3
2115	0.94	47	3
2116	0.94	47	3
2117	0.94	47	3
2118	0.94	47	3
2119	0.96	48	2
2120	0.94	47	3
2121	0.94	47	3
2122	0.94	47	3
2123	0.94	47	3
2124	0.94	47	3
2125	0.94	47	3
2126	0.94	47	3
2127	0.94	47	3
2128	0.94	47	3
2129	0.92	46	4
2130	0.92	46	4
2131	0.92	46	4
2132	0.92	46	4
2133	0.92	46	4
2134	0.92	46	4
2135	0.92	46	4
2136	0.92	46	4
2137	0.92	46	4
2138	0.92	46	4
2139	0.92	46	4
2140	0.92	46	4
2141	0.90	45	5
2142	0.90	45	5
2143	0.90	45	5
2144	0.90	45	5
2145	0.92	46	4
2146	0.92	46	4
2147	0.92	46	4
2148	0.92	46	4
2149	0.92	46	4
2150	0.92	46	4
2151	0.92	46	4
2152	0.92	46	4
2153	0.92	46	4
2154	0.92	46	4
2155	0.92	46	4
2156	0.92	46	4
2157	0.92	46	4
2158	0.92	46	4
2159	0.92	46	4
2160	0.92	46	4
2161	0.90	45	5
2162	0.90	45	5
2163	0.90	45	5
2164	0.90	45	5
2165	0.90	45	5
2166	0.90	45	5
2167	0.90	45	5
2168	0.90	45	5
2169	0.90	45	5
2170	0.92	46	4
2171	0.92	46	4
2172	0.90	45	5
2173	0.90	45	5
2174	0.90	45	5
2175	0.90	45	5
2176	0.90	45	5
2177	0.90	45	5
2178	0.92	46	4
2179	0.94	47	3
2180	0.94	47	3
2181	0.94	47	3
2182	0.94	47	3
2183	0.94	47	3
2184	0.94	47	3
2185	0.94	47	3
2186	0.94	47	3
2187	0.92	46	4
2188	0.90	45	5
2189	0.90	45	5
2190	0.90	45	5
2191	0.92	46	4
2192	0.92	46	4
2193	0.92	46	4
2194	0.92	46	4
2195	0.90	45	5
2196	0.90	45	5
2197	0.90	45	5
2198	0.90	45	5
2199	0.90	45	5
2200	0.90	45	5
2201	0.90	45	5
2202	0.90	45	5
2203	0.90	45	5
2204	0.90	45	5
2205	0.90	45	5
2206	0.90	45	5
2207	0.90	45	5
2208	0.90	45	5
2209	0.90	45	5
2210	0.90	45	5
2211	0.92	46	4
2212	0.92	46	4
2213	0.92	46	4
2214	0.92	46	4
2215	0.92	46	4
2216	0.92	46	4
2217	0.92	46	4
2218	0.92	46	4
2219	0.92	46	4
2220	0.92	46	4
2221	0.92	46	4
2222	0.94	47	3
2223	0.94	47	3
2224	0.94	47	3
2225	0.94	47	3
2226	0.94	47	3
2227	0.94	47	3
2228	0.92	46	4
2229	0.92	46	4
2230	0.92	46	4
2231	0.90	45	5
2232	0.90	45	5
2233	0.90	45	5
2234	0.90	45	5
2235	0.90	45	5
2236	0.90	45	5
2237	0.90	45	5
2238	0.92	46	4
2239	0.92	46	4
2240	0.92	46	4
2241	0.92	46	4
2242	0.92	46	4
2243	0.92	46	4
2244	0.92	46	4
2245	0.94	47	3
2246	0.94	47	3
2247	0.94	47	3
2248	0.94	47	3
2249	0.94	47	3
2250	0.92	46	4
2251	0.92	46	4
2252	0.92	46	4
2253	0.92	46	4
2254	0.92	46	4
2255	0.92	46	4
2256	0.92	46	4
2257	0.92	46	4
2258	0.92	46	4
2259	0.92	46	4
2260	0.92	46	4
2261	0.92	46	4
2262	0.92	46	4
2263	0.92	46	4
2264	0.92	46	4
2265	0.92	46	4
2266	0.92	46	4
2267	0.92	46	4
2268	0.90	45	5
2269	0.90	45	5
2270	0.90	45	5
2271	0.88	44	6
2272	0.88	44	6
2273	0.88	44	6
2274	0.88	44	6
2275	0.88	44	6
2276	0.88	44	6
2277	0.88	44	6
2278	0.90	45	5
2279	0.88	44	6
2280	0.86	43	7
2281	0.88	44	6
2282	0.88	44	6
2283	0.88	44	6
2284	0.88	44	6
2285	0.88	44	6
2286	0.88	44	6
2287	0.90	45	5
2288	0.90	45	5
2289	0.90	45	5
2290	0.90	45	5
2291	0.90	45	5
2292	0.90	45	5
2293	0.90	45	5
2294	0.90	45	5
2295	0.90	45	5
2296	0.90	45	5
2297	0.90	45	5
2298	0.90	45	5
2299	0.90	45	5
2300	0.92	46	4
2301	0.90	45	5
2302	0.90	45	5
2303	0.90	45	5
2304	0.90	45	5
2305	0.90	45	5
2306	0.90	45	5
2307	0.90	45	5
2308	0.88	44	6
2309	0.88	44	6
2310	0.86	43	7
2311	0.86	43	7
2312	0.86	43	7
2313	0.86	43	7
2314	0.86	43	7
2315	0.86	43	7
2316	0.86	43	7
2317	0.86	43	7
2318	0.88	44	6
2319	0.88	44	6
2320	0.88	44	6
2321	0.90	45	5
2322	0.88	44	6
2323	0.88	44	6
2324	0.88	44	6
2325	0.88	44	6
2326	0.88	44	6
2327	0.88	44	6
2328	0.88	44	6
2329	0.90	45	5
2330	0.92	46	4
2331	0.92	46	4
2332	0.92	46	4
2333	0.92	46	4
2334	0.92	46	4
2335	0.92	46	4
2336	0.92	46	4
2337	0.92	46	4
2338	0.92	46	4
2339	0.92	46	4
2340	0.90	45	5
2341	0.88	44	6
2342	0.86	43	7
2343	0.86	43	7
2344	0.86	43	7
2345	0.86	43	7
2346	0.86	43	7
2347	0.86	43	7
2348	0.86	43	7
2349	0.86	43	7
2350	0.86	43	7
2351	0.88	44	6
2352	0.88	44	6
2353	0.88	44	6
2354	0.88	44	6
2355	0.88	44	6
2356	0.88	44	6
2357	0.88	44	6
2358	0.90	45	5
2359	0.90	45	5
2360	0.92	46	4
2361	0.92	46	4
2362	0.92	46	4
2363	0.92	46	4
2364	0.92	46	4
2365	0.92	46	4
2366	0.90	45	5
2367	0.90	45	5
2368	0.90	45	5
2369	0.90	45	5
2370	0.90	45	5
2371	0.90	45	5
2372	0.92	46	4
2373	0.92	46	4
2374	0.92	46	4
2375	0.92	46	4
2376	0.92	46	4
2377	0.92	46	4
2378	0.92	46	4
2379	0.92	46	4
2380	0.92	46	4
2381	0.92	46	4
2382	0.92	46	4
2383	0.92	46	4
2384	0.92	46	4
2385	0.92	46	4
2386	0.90	45	5
2387	0.90	45	5
2388	0.90	45	5
2389	0.90	45	5
2390	0.92	46	4
2391	0.94	47	3
2392	0.96	48	2
2393	0.96	48	2
2394	0.96	48	2
2395	0.96	48	2
2396	0.96	48	2
2397	0.96	48	2
2398	0.96	48	2
2399	0.94	47	3
2400	0.94	47	3
2401	0.94	47	3
2402	0.94	47	3
2403	0.94	47	3
2404	0.94	47	3
2405	0.94	47	3
2406	0.94	47	3
2407	0.94	47	3
2408	0.92	46	4
2409	0.92	46	4
2410	0.92	46	4
2411	0.92	46	4
2412	0.92	46	4
2413	0.92	46	4
2414	0.92	46	4
2415	0.92	46	4
2416	0.94	47	3
2417	0.94	47	3
2418	0.94	47	3
2419	0.94	47	3
2420	0.94	47	3
2421	0.94	47	3
2422	0.92	46	4
2423	0.92	46	4
2424	0.92	46	4
2425	0.92	46	4
2426	0.92	46	4
2427	0.90	45	5
2428	0.88	44	6
2429	0.88	44	6
2430	0.88	44	6
2431	0.86	43	7
2432	0.86	43	7
2433	0.86	43	7
2434	0.86	43	7
2435	0.86	43	7
2436	0.88	44	6
2437	0.88	44	6
2438	0.88	44	6
2439	0.88	44	6
2440	0.88	44	6
2441	0.88	44	6
2442	0.86	43	7
2443	0.84	42	8
2444	0.84	42	8
2445	0.84	42	8
2446	0.84	42	8
2447	0.84	42	8
2448	0.84	42	8
2449	0.86	43	7
2450	0.86	43	7
2451	0.86	43	7
2452	0.84	42	8
2453	0.84	42	8
2454	0.84	42	8
2455	0.84	42	8
2456	0.84	42	8
2457	0.84	42	8
2458	0.86	43	7
2459	0.86	43	7
2460	0.86	43	7
2461	0.86	43	7
2462	0.84	42	8
2463	0.84	42	8
2464	0.84	42	8
2465	0.84	42	8
2466	0.84	42	8
2467	0.82	41	9
2468	0.82	41	9
2469	0.82	41	9
2470	0.82	41	9
2471	0.82	41	9
2472	0.84	42	8
2473	0.84	42	8
2474	0.82	41	9
2475	0.82	41	9
2476	0.82	41	9
2477	0.82	41	9
2478	0.84	42	8
2479	0.84	42	8
2480	0.84	42	8
2481	0.86	43	7
2482	0.86	43	7
2483	0.86	43	7
2484	0.86	43	7
2485	0.86	43	7
2486	0.86	43	7
2487	0.86	43	7
2488	0.86	43	7
2489	0.86	43	7
2490	0.86	43	7
2491	0.86	43	7
2492	0.88	44	6
2493	0.90	45	5
2494	0.88	44	6
2495	0.86	43	7
2496	0.86	43	7
2497	0.86	43	7
2498	0.86	43	7
2499	0.86	43	7
2500	0.16	42	8
2501	0.18	41	9
2502	0.18	41	9
2503	0.20	40	10
2504	0.22	39	11
2505	0.22	39	11
2506	0.24	38	12
2507	0.26	37	13
2508	0.28	36	14
2509	0.28	36	14
2510	0.30	35	15
2511	0.32	34	16
2512	0.32	34	16
2513	0.34	33	17
2514	0.36	32	18
2515	0.36	32	18
2516	0.38	31	19
2517	0.38	31	19
2518	0.40	30	20
2519	0.42	29	21
2520	0.44	28	22
2521	0.46	27	23
2522	0.48	26	24
2523	0.50	25	25
2524	0.48	26	24
2525	0.50	25	25
2526	0.52	24	26
2527	0.50	25	25
2528	0.50	25	25
2529	0.50	25	25
2530	0.52	24	26
2531	0.52	24	26
2532	0.54	23	27
2533	0.56	22	28
2534	0.58	21	29
2535	0.60	20	30
2536	0.62	19	31
2537	0.64	18	32
2538	0.64	18	32
2539	0.66	17	33
2540	0.68	16	34
2541	0.70	15	35
2542	0.72	14	36
2543	0.74	13	37
2544	0.74	13	37
2545	0.74	13	37
2546	0.76	12	38
2547	0.78	11	39
2548	0.80	10	40
2549	0.82	9	41
2550	0.82	9	41
2551	0.80	10	40
2552	0.80	10	40
2553	0.80	10	40
2554	0.80	10	40
2555	0.82	9	41
2556	0.82	9	41
2557	0.82	9	41
2558	0.82	9	41
2559	0.84	8	42
2560	0.84	8	42
2561	0.84	8	42
2562	0.82	9	41
2563	0.82	9	41
2564	0.82	9	41
2565	0.84	8	42
2566	0.84	8	42
2567	0.84	8	42
2568	0.84	8	42
2569	0.84	8	42
2570	0.82	9	41
2571	0.82	9	41
2572	0.82	9	41
2573	0.82	9	41
2574	0.84	8	42
2575	0.84	8	42
2576	0.82	9	41
2577	0.84	8	42
2578	0.86	7	43
2579	0.88	6	44
2580	0.88	6	44
2581	0.90	5	45
2582	0.90	5	45
2583	0.90	5	45
2584	0.90	5	45
2585	0.88	6	44
2586	0.88	6	44
2587	0.88	6	44
2588	0.90	5	45
2589	0.90	5	45
2590	0.90	5	45
2591	0.90	5	45
2592	0.90	5	45
2593	0.90	5	45
2594	0.90	5	45
2595	0.90	5	45
2596	0.90	5	45
2597	0.90	5	45
2598	0.90	5	45
2599	0.90	5	45
2600	0.90	5	45
2601	0.92	4	46
2602	0.92	4	46
2603	0.92	4	46
2604	0.92	4	46
2605	0.92	4	46
2606	0.92	4	46
2607	0.92	4	46
2608	0.92	4	46
2609	0.92	4	46
2610	0.92	4	46
2611	0.92	4	46
2612	0.94	3	47
2613	0.94	3	47
2614	0.94	3	47
2615	0.94	3	47
2616	0.94	3	47
2617	0.94	3	47
2618	0.94	3	47
2619	0.92	4	46
2620	0.92	4	46
2621	0.92	4	46
2622	0.92	4	46
2623	0.92	4	46
2624	0.92	4	46
2625	0.92	4	46
2626	0.94	3	47
2627	0.94	3	47
2628	0.94	3	47
2629	0.94	3	47
2630	0.94	3	47
2631	0.94	3	47
2632	0.94	3	47
2633	0.94	3	47
2634	0.94	3	47
2635	0.96	2	48
2636	0.96	2	48
2637	0.94	3	47
2638	0.94	3	47
2639	0.94	3	47
2640	0.94	3	47
2641	0.94	3	47
2642	0.94	3	47
2643	0.94	3	47
2644	0.94	3	47
2645	0.92	4	46
2646	0.92	4	46
2647	0.92	4	46
2648	0.90	5	45
2649	0.90	5	45
2650	0.90	5	45
2651	0.90	5	45
2652	0.90	5	45
2653	0.90	5	45
2654	0.90	5	45
2655	0.90	5	45
2656	0.90	5	45
2657	0.90	5	45
2658	0.90	5	45
2659	0.90	5	45
2660	0.90	5	45
2661	0.90	5	45
2662	0.90	5	45
2663	0.90	5	45
2664	0.88	6	44
2665	0.88	6	44
2666	0.88	6	44
2667	0.88	6	44
2668	0.88	6	44
2669	0.90	5	45
2670	0.92	4	46
2671	0.92	4	46
2672	0.92	4	46
2673	0.92	4	46
2674	0.92	4	46
2675	0.92	4	46
2676	0.92	4	46
2677	0.92	4	46
2678	0.92	4	46
2679	0.92	4	46
2680	0.92	4	46
2681	0.92	4	46
2682	0.92	4	46
2683	0.92	4	46
2684	0.92	4	46
2685	0.92	4	46
2686	0.92	4	46
2687	0.94	3	47
2688	0.94	3	47
2689	0.94	3	47
2690	0.94	3	47
2691	0.94	3	47
2692	0.92	4	46
2693	0.92	4	46
2694	0.92	4	46
2695	0.94	3	47
2696	0.94	3	47
2697	0.94	3	47
2698	0.96	2	48
2699	0.96	2	48
2700	0.96	2	48
2701	0.96	2	48
2702	0.96	2	48
2703	0.96	2	48
2704	0.96	2	48
2705	0.96	2	48
2706	0.96	2	48
2707	0.96	2	48
2708	0.96	2	48
2709	0.96	2	48
2710	0.96	2	48
2711	0.96	2	48
2712	0.96	2	48
2713	0.96	2	48
2714	0.98	1	49
2715	0.98	1	49
2716	0.98	1	49
2717	0.98	1	49
2718	0.98	1	49
2719	0.98	1	49
2720	0.98	1	49
2721	0.98	1	49
2722	0.98	1	49
2723	0.98	1	49
2724	0.98	1	49
2725	0.98	1	49
2726	0.98	1	49
2727	0.98	1	49
2728	0.98	1	49
2729	0.98	1	49
2730	0.98	1	49
2731	0.98	1	49
2732	0.98	1	49
2733	0.98	1	49
2734	0.98	1	49
2735	0.98	1	49
2736	0.98	1	49
2737	0.98	1	49
2738	0.98	1	49
2739	0.96	2	48
2740	0.96	2	48
2741	0.94	3	47
2742	0.96	2	48
2743	0.96	2	48
2744	0.96	2	48
2745	0.96	2	48
2746	0.96	2	48
2747	0.96	2	48
2748	0.96	2	48
2749	0.96	2	48
2750	0.96	2	48
2751	0.96	2	48
2752	0.96	2	48
2753	0.96	2	48
2754	0.96	2	48
2755	0.96	2	48
2756	0.96	2	48
2757	0.96	2	48
2758	0.96	2	48
2759	0.96	2	48
2760	0.96	2	48
2761	0.96	2	48
2762	0.96	2	48
2763	0.96	2	48
2764	0.96	2	48
2765	0.94	3	47
2766	0.94	3	47
2767	0.94	3	47
2768	0.92	4	46
2769	0.92	4	46
2770	0.92	4	46
2771	0.92	4	46
2772	0.92	4	46
2773	0.92	4	46
2774	0.92	4	46
2775	0.92	4	46
2776	0.92	4	46
2777	0.90	5	45
2778	0.90	5	45
2779	0.90	5	45
2780	0.90	5	45
2781	0.88	6	44
2782	0.86	7	43
2783	0.86	7	43
2784	0.86	7	43
2785	0.84	8	42
2786	0.84	8	42
2787	0.82	9	41
2788	0.80	10	40
2789	0.82	9	41
2790	0.82	9	41
2791	0.84	8	42
2792	0.84	8	42
2793	0.84	8	42
2794	0.84	8	42
2795	0.82	9	41
2796	0.82	9	41
2797	0.82	9	41
2798	0.82	9	41
2799	0.80	10	40
2800	0.80	10	40
2801	0.78	11	39
2802	0.78	11	39
2803	0.78	11	39
2804	0.78	11	39
2805	0.78	11	39
2806	0.76	12	38
2807	0.76	12	38
2808	0.76	12	38
2809	0.76	12	38
2810	0.74	13	37
2811	0.74	13	37
2812	0.74	13	37
2813	0.74	13	37
2814	0.74	13	37
2815	0.76	12	38
2816	0.76	12	38
2817	0.76	12	38
2818	0.78	11	39
2819	0.78	11	39
2820	0.76	12	38
2821	0.76	12	38
2822	0.76	12	38
2823	0.76	12	38
2824	0.76	12	38
2825	0.76	12	38
2826	0.76	12	38
2827	0.78	11	39
2828	0.78	11	39
2829	0.78	11	39
2830	0.76	12	38
2831	0.78	11	39
2832	0.80	10	40
2833	0.80	10	40
2834	0.80	10	40
2835	0.82	9	41
2836	0.82	9	41
2837	0.84	8	42
2838	0.86	7	43
2839	0.86	7	43
2840	0.86	7	43
2841	0.86	7	43
2842	0.84	8	42
2843	0.82	9	41
2844	0.82	9	41
2845	0.84	8	42
2846	0.84	8	42
2847	0.84	8	42
2848	0.84	8	42
2849	0.86	7	43
2850	0.84	8	42
2851	0.86	7	43
2852	0.86	7	43
2853	0.84	8	42
2854	0.84	8	42
2855	0.84	8	42
2856	0.86	7	43
2857	0.86	7	43
2858	0.86	7	43
2859	0.86	7	43
2860	0.88	6	44
2861	0.88	6	44
2862	0.88	6	44
2863	0.88	6	44
2864	0.88	6	44
2865	0.88	6	44
2866	0.88	6	44
2867	0.88	6	44
2868	0.88	6	44
2869	0.88	6	44
2870	0.90	5	45
2871	0.90	5	45
2872	0.90	5	45
2873	0.90	5	45
2874	0.90	5	45
2875	0.90	5	45
2876	0.90	5	45
2877	0.90	5	45
2878	0.90	5	45
2879	0.90	5	45
2880	0.92	4	46
2881	0.92	4	46
2882	0.92	4	46
2883	0.92	4	46
2884	0.92	4	46
2885	0.92	4	46
2886	0.92	4	46
2887	0.92	4	46
2888	0.92	4	46
2889	0.92	4	46
2890	0.92	4	46
2891	0.92	4	46
2892	0.92	4	46
2893	0.94	3	47
2894	0.92	4	46
2895	0.92	4	46
2896	0.90	5	45
2897	0.90	5	45
2898	0.90	5	45
2899	0.90	5	45
2900	0.92	4	46
2901	0.92	4	46
2902	0.92	4	46
2903	0.94	3	47
2904	0.94	3	47
2905	0.94	3	47
2906	0.94	3	47
2907	0.94	3	47
2908	0.94	3	47
2909	0.94	3	47
2910	0.94	3	47
2911	0.94	3	47
2912	0.94	3	47
2913	0.94	3	47
2914	0.94	3	47
2915	0.94	3	47
2916	0.92	4	46
2917	0.90	5	45
2918	0.90	5	45
2919	0.88	6	44
2920	0.88	6	44
2921	0.88	6	44
2922	0.88	6	44
2923	0.88	6	44
2924	0.88	6	44
2925	0.86	7	43
2926	0.86	7	43
2927	0.86	7	43
2928	0.86	7	43
2929	0.86	7	43
2930	0.84	8	42
2931	0.84	8	42
2932	0.84	8	42
2933	0.84	8	42
2934	0.82	9	41
2935	0.82	9	41
2936	0.82	9	41
2937	0.82	9	41
2938	0.82	9	41
2939	0.82	9	41
2940	0.82	9	41
2941	0.82	9	41
2942	0.82	9	41
2943	0.82	9	41
2944	0.84	8	42
2945	0.84	8	42
2946	0.84	8	42
2947	0.82	9	41
2948	0.82	9	41
2949	0.82	9	41
2950	0.82	9	41
2951	0.82	9	41
2952	0.80	10	40
2953	0.80	10	40
2954	0.80	10	40
2955	0.80	10	40
2956	0.80	10	40
2957	0.80	10	40
2958	0.80	10	40
2959	0.78	11	39
2960	0.78	11	39
2961	0.78	11	39
2962	0.78	11	39
2963	0.78	11	39
2964	0.76	12	38
2965	0.76	12	38
2966	0.78	11	39
2967	0.80	10	40
2968	0.80	10	40
2969	0.82	9	41
2970	0.80	10	40
2971	0.80	10	40
2972	0.80	10	40
2973	0.80	10	40
2974	0.80	10	40
2975	0.82	9	41
2976	0.82	9	41
2977	0.80	10	40
2978	0.80	10	40
2979	0.80	10	40
2980	0.82	9	41
2981	0.82	9	41
2982	0.82	9	41
2983	0.80	10	40
2984	0.82	9	41
2985	0.82	9	41
2986	0.82	9	41
2987	0.82	9	41
2988	0.82	9	41
2989	0.82	9	41
2990	0.82	9	41
2991	0.82	9	41
2992	0.84	8	42
2993	0.84	8	42
2994	0.84	8	42
2995	0.82	9	41
2996	0.84	8	42
2997	0.86	7	43
2998	0.86	7	43
2999	0.86	7	43
