timestep	swarm_quality	color_0	color_1
0	0.70	35	15
1	0.70	35	15
2	0.70	35	15
3	0.70	35	15
4	0.70	35	15
5	0.70	35	15
6	0.70	35	15
7	0.70	35	15
8	0.68	34	16
9	0.68	34	16
10	0.68	34	16
11	0.66	33	17
12	0.66	33	17
13	0.66	33	17
14	0.64	32	18
15	0.64	32	18
16	0.64	32	18
17	0.64	32	18
18	0.64	32	18
19	0.64	32	18
20	0.64	32	18
21	0.62	31	19
22	0.62	31	19
23	0.62	31	19
24	0.62	31	19
25	0.62	31	19
26	0.62	31	19
27	0.62	31	19
28	0.62	31	19
29	0.62	31	19
30	0.62	31	19
31	0.62	31	19
32	0.62	31	19
33	0.60	30	20
34	0.60	30	20
35	0.62	31	19
36	0.62	31	19
37	0.64	32	18
38	0.66	33	17
39	0.68	34	16
40	0.70	35	15
41	0.72	36	14
42	0.74	37	13
43	0.76	38	12
44	0.78	39	11
45	0.80	40	10
46	0.82	41	9
47	0.84	42	8
48	0.86	43	7
49	0.88	44	6
50	0.88	44	6
51	0.88	44	6
52	0.88	44	6
53	0.86	43	7
54	0.86	43	7
55	0.86	43	7
56	0.86	43	7
57	0.86	43	7
58	0.88	44	6
59	0.88	44	6
60	0.88	44	6
61	0.90	45	5
62	0.90	45	5
63	0.90	45	5
64	0.92	46	4
65	0.92	46	4
66	0.92	46	4
67	0.92	46	4
68	0.92	46	4
69	0.92	46	4
70	0.92	46	4
71	0.94	47	3
72	0.94	47	3
73	0.94	47	3
74	0.94	47	3
75	0.94	47	3
76	0.94	47	3
77	0.94	47	3
78	0.92	46	4
79	0.92	46	4
80	0.92	46	4
81	0.92	46	4
82	0.92	46	4
83	0.94	47	3
84	0.94	47	3
85	0.94	47	3
86	0.96	48	2
87	0.96	48	2
88	0.96	48	2
89	0.96	48	2
90	0.96	48	2
91	0.96	48	2
92	0.96	48	2
93	0.96	48	2
94	0.96	48	2
95	0.96	48	2
96	0.96	48	2
97	0.94	47	3
98	0.94	47	3
99	0.94	47	3
100	0.94	47	3
101	0.94	47	3
102	0.94	47	3
103	0.96	48	2
104	0.96	48	2
105	0.96	48	2
106	0.96	48	2
107	0.96	48	2
108	0.96	48	2
109	0.96	48	2
110	0.96	48	2
111	0.94	47	3
112	0.94	47	3
113	0.94	47	3
114	0.94	47	3
115	0.94	47	3
116	0.94	47	3
117	0.94	47	3
118	0.94	47	3
119	0.94	47	3
120	0.94	47	3
121	0.92	46	4
122	0.92	46	4
123	0.92	46	4
124	0.92	46	4
125	0.92	46	4
126	0.92	46	4
127	0.90	45	5
128	0.92	46	4
129	0.92	46	4
130	0.92	46	4
131	0.92	46	4
132	0.92	46	4
133	0.92	46	4
134	0.92	46	4
135	0.92	46	4
136	0.92	46	4
137	0.92	46	4
138	0.92	46	4
139	0.90	45	5
140	0.90	45	5
141	0.90	45	5
142	0.90	45	5
143	0.90	45	5
144	0.90	45	5
145	0.90	45	5
146	0.90	45	5
147	0.92	46	4
148	0.92	46	4
149	0.92	46	4
150	0.92	46	4
151	0.92	46	4
152	0.92	46	4
153	0.92	46	4
154	0.92	46	4
155	0.90	45	5
156	0.90	45	5
157	0.90	45	5
158	0.90	45	5
159	0.90	45	5
160	0.90	45	5
161	0.92	46	4
162	0.90	45	5
163	0.88	44	6
164	0.88	44	6
165	0.88	44	6
166	0.88	44	6
167	0.88	44	6
168	0.88	44	6
169	0.88	44	6
170	0.88	44	6
171	0.90	45	5
172	0.88	44	6
173	0.88	44	6
174	0.88	44	6
175	0.88	44	6
176	0.88	44	6
177	0.90	45	5
178	0.90	45	5
179	0.90	45	5
180	0.88	44	6
181	0.88	44	6
182	0.88	44	6
183	0.86	43	7
184	0.86	43	7
185	0.86	43	7
186	0.86	43	7
187	0.86	43	7
188	0.86	43	7
189	0.88	44	6
190	0.86	43	7
191	0.86	43	7
192	0.86	43	7
193	0.86	43	7
194	0.86	43	7
195	0.84	42	8
196	0.84	42	8
197	0.84	42	8
198	0.84	42	8
199	0.84	42	8
200	0.84	42	8
201	0.84	42	8
202	0.84	42	8
203	0.84	42	8
204	0.84	42	8
205	0.86	43	7
206	0.86	43	7
207	0.86	43	7
208	0.86	43	7
209	0.86	43	7
210	0.86	43	7
211	0.86	43	7
212	0.88	44	6
213	0.90	45	5
214	0.90	45	5
215	0.90	45	5
216	0.90	45	5
217	0.88	44	6
218	0.88	44	6
219	0.88	44	6
220	0.88	44	6
221	0.88	44	6
222	0.90	45	5
223	0.90	45	5
224	0.90	45	5
225	0.90	45	5
226	0.90	45	5
227	0.90	45	5
228	0.90	45	5
229	0.90	45	5
230	0.92	46	4
231	0.92	46	4
232	0.92	46	4
233	0.94	47	3
234	0.94	47	3
235	0.94	47	3
236	0.94	47	3
237	0.94	47	3
238	0.94	47	3
239	0.92	46	4
240	0.94	47	3
241	0.94	47	3
242	0.94	47	3
243	0.94	47	3
244	0.94	47	3
245	0.96	48	2
246	0.96	48	2
247	0.96	48	2
248	0.94	47	3
249	0.94	47	3
250	0.94	47	3
251	0.94	47	3
252	0.94	47	3
253	0.94	47	3
254	0.94	47	3
255	0.94	47	3
256	0.94	47	3
257	0.94	47	3
258	0.94	47	3
259	0.94	47	3
260	0.94	47	3
261	0.92	46	4
262	0.92	46	4
263	0.90	45	5
264	0.90	45	5
265	0.90	45	5
266	0.90	45	5
267	0.92	46	4
268	0.92	46	4
269	0.92	46	4
270	0.92	46	4
271	0.92	46	4
272	0.92	46	4
273	0.92	46	4
274	0.92	46	4
275	0.92	46	4
276	0.92	46	4
277	0.92	46	4
278	0.92	46	4
279	0.92	46	4
280	0.92	46	4
281	0.92	46	4
282	0.92	46	4
283	0.92	46	4
284	0.92	46	4
285	0.92	46	4
286	0.92	46	4
287	0.92	46	4
288	0.92	46	4
289	0.94	47	3
290	0.92	46	4
291	0.92	46	4
292	0.92	46	4
293	0.90	45	5
294	0.90	45	5
295	0.88	44	6
296	0.88	44	6
297	0.88	44	6
298	0.90	45	5
299	0.88	44	6
300	0.88	44	6
301	0.88	44	6
302	0.88	44	6
303	0.88	44	6
304	0.88	44	6
305	0.88	44	6
306	0.88	44	6
307	0.88	44	6
308	0.88	44	6
309	0.88	44	6
310	0.88	44	6
311	0.90	45	5
312	0.90	45	5
313	0.92	46	4
314	0.92	46	4
315	0.92	46	4
316	0.92	46	4
317	0.92	46	4
318	0.92	46	4
319	0.92	46	4
320	0.92	46	4
321	0.92	46	4
322	0.92	46	4
323	0.92	46	4
324	0.92	46	4
325	0.92	46	4
326	0.92	46	4
327	0.92	46	4
328	0.92	46	4
329	0.92	46	4
330	0.92	46	4
331	0.92	46	4
332	0.92	46	4
333	0.92	46	4
334	0.92	46	4
335	0.92	46	4
336	0.92	46	4
337	0.90	45	5
338	0.90	45	5
339	0.90	45	5
340	0.92	46	4
341	0.92	46	4
342	0.92	46	4
343	0.94	47	3
344	0.94	47	3
345	0.96	48	2
346	0.96	48	2
347	0.94	47	3
348	0.94	47	3
349	0.96	48	2
350	0.96	48	2
351	0.96	48	2
352	0.96	48	2
353	0.96	48	2
354	0.96	48	2
355	0.96	48	2
356	0.96	48	2
357	0.96	48	2
358	0.96	48	2
359	0.94	47	3
360	0.94	47	3
361	0.92	46	4
362	0.90	45	5
363	0.90	45	5
364	0.90	45	5
365	0.90	45	5
366	0.90	45	5
367	0.90	45	5
368	0.90	45	5
369	0.90	45	5
370	0.90	45	5
371	0.90	45	5
372	0.90	45	5
373	0.88	44	6
374	0.86	43	7
375	0.86	43	7
376	0.86	43	7
377	0.86	43	7
378	0.86	43	7
379	0.84	42	8
380	0.84	42	8
381	0.84	42	8
382	0.84	42	8
383	0.84	42	8
384	0.84	42	8
385	0.84	42	8
386	0.84	42	8
387	0.86	43	7
388	0.86	43	7
389	0.84	42	8
390	0.84	42	8
391	0.84	42	8
392	0.84	42	8
393	0.84	42	8
394	0.84	42	8
395	0.82	41	9
396	0.82	41	9
397	0.84	42	8
398	0.84	42	8
399	0.84	42	8
400	0.84	42	8
401	0.84	42	8
402	0.84	42	8
403	0.84	42	8
404	0.84	42	8
405	0.84	42	8
406	0.84	42	8
407	0.84	42	8
408	0.84	42	8
409	0.86	43	7
410	0.86	43	7
411	0.88	44	6
412	0.90	45	5
413	0.90	45	5
414	0.90	45	5
415	0.90	45	5
416	0.90	45	5
417	0.90	45	5
418	0.90	45	5
419	0.88	44	6
420	0.88	44	6
421	0.88	44	6
422	0.86	43	7
423	0.88	44	6
424	0.90	45	5
425	0.88	44	6
426	0.88	44	6
427	0.88	44	6
428	0.88	44	6
429	0.90	45	5
430	0.90	45	5
431	0.90	45	5
432	0.90	45	5
433	0.90	45	5
434	0.90	45	5
435	0.90	45	5
436	0.90	45	5
437	0.90	45	5
438	0.90	45	5
439	0.92	46	4
440	0.92	46	4
441	0.92	46	4
442	0.92	46	4
443	0.92	46	4
444	0.92	46	4
445	0.94	47	3
446	0.94	47	3
447	0.94	47	3
448	0.94	47	3
449	0.94	47	3
450	0.94	47	3
451	0.94	47	3
452	0.94	47	3
453	0.94	47	3
454	0.94	47	3
455	0.94	47	3
456	0.94	47	3
457	0.94	47	3
458	0.94	47	3
459	0.94	47	3
460	0.94	47	3
461	0.94	47	3
462	0.92	46	4
463	0.92	46	4
464	0.92	46	4
465	0.90	45	5
466	0.90	45	5
467	0.90	45	5
468	0.90	45	5
469	0.90	45	5
470	0.90	45	5
471	0.90	45	5
472	0.92	46	4
473	0.92	46	4
474	0.92	46	4
475	0.92	46	4
476	0.92	46	4
477	0.92	46	4
478	0.92	46	4
479	0.92	46	4
480	0.92	46	4
481	0.92	46	4
482	0.92	46	4
483	0.90	45	5
484	0.90	45	5
485	0.90	45	5
486	0.90	45	5
487	0.90	45	5
488	0.90	45	5
489	0.90	45	5
490	0.88	44	6
491	0.88	44	6
492	0.88	44	6
493	0.88	44	6
494	0.88	44	6
495	0.88	44	6
496	0.86	43	7
497	0.86	43	7
498	0.86	43	7
499	0.86	43	7
500	0.16	42	8
501	0.18	41	9
502	0.20	40	10
503	0.20	40	10
504	0.22	39	11
505	0.24	38	12
506	0.26	37	13
507	0.26	37	13
508	0.28	36	14
509	0.30	35	15
510	0.30	35	15
511	0.32	34	16
512	0.32	34	16
513	0.34	33	17
514	0.36	32	18
515	0.36	32	18
516	0.38	31	19
517	0.40	30	20
518	0.42	29	21
519	0.42	29	21
520	0.44	28	22
521	0.44	28	22
522	0.44	28	22
523	0.46	27	23
524	0.46	27	23
525	0.46	27	23
526	0.48	26	24
527	0.50	25	25
528	0.52	24	26
529	0.52	24	26
530	0.54	23	27
531	0.54	23	27
532	0.56	22	28
533	0.56	22	28
534	0.58	21	29
535	0.60	20	30
536	0.62	19	31
537	0.64	18	32
538	0.66	17	33
539	0.68	16	34
540	0.68	16	34
541	0.70	15	35
542	0.72	14	36
543	0.74	13	37
544	0.76	12	38
545	0.78	11	39
546	0.78	11	39
547	0.80	10	40
548	0.82	9	41
549	0.84	8	42
550	0.84	8	42
551	0.82	9	41
552	0.82	9	41
553	0.84	8	42
554	0.84	8	42
555	0.84	8	42
556	0.84	8	42
557	0.86	7	43
558	0.86	7	43
559	0.86	7	43
560	0.86	7	43
561	0.84	8	42
562	0.84	8	42
563	0.84	8	42
564	0.84	8	42
565	0.84	8	42
566	0.82	9	41
567	0.82	9	41
568	0.82	9	41
569	0.82	9	41
570	0.82	9	41
571	0.84	8	42
572	0.84	8	42
573	0.84	8	42
574	0.84	8	42
575	0.84	8	42
576	0.84	8	42
577	0.84	8	42
578	0.82	9	41
579	0.84	8	42
580	0.84	8	42
581	0.86	7	43
582	0.84	8	42
583	0.84	8	42
584	0.84	8	42
585	0.84	8	42
586	0.84	8	42
587	0.84	8	42
588	0.84	8	42
589	0.84	8	42
590	0.84	8	42
591	0.84	8	42
592	0.84	8	42
593	0.84	8	42
594	0.84	8	42
595	0.84	8	42
596	0.84	8	42
597	0.84	8	42
598	0.84	8	42
599	0.84	8	42
600	0.84	8	42
601	0.86	7	43
602	0.86	7	43
603	0.86	7	43
604	0.86	7	43
605	0.86	7	43
606	0.86	7	43
607	0.86	7	43
608	0.86	7	43
609	0.86	7	43
610	0.88	6	44
611	0.90	5	45
612	0.90	5	45
613	0.90	5	45
614	0.90	5	45
615	0.90	5	45
616	0.92	4	46
617	0.92	4	46
618	0.90	5	45
619	0.90	5	45
620	0.90	5	45
621	0.90	5	45
622	0.92	4	46
623	0.90	5	45
624	0.92	4	46
625	0.90	5	45
626	0.88	6	44
627	0.88	6	44
628	0.90	5	45
629	0.88	6	44
630	0.88	6	44
631	0.88	6	44
632	0.88	6	44
633	0.88	6	44
634	0.88	6	44
635	0.88	6	44
636	0.86	7	43
637	0.86	7	43
638	0.86	7	43
639	0.86	7	43
640	0.86	7	43
641	0.86	7	43
642	0.86	7	43
643	0.86	7	43
644	0.86	7	43
645	0.86	7	43
646	0.86	7	43
647	0.86	7	43
648	0.86	7	43
649	0.86	7	43
650	0.86	7	43
651	0.86	7	43
652	0.86	7	43
653	0.86	7	43
654	0.86	7	43
655	0.86	7	43
656	0.86	7	43
657	0.86	7	43
658	0.86	7	43
659	0.86	7	43
660	0.84	8	42
661	0.82	9	41
662	0.82	9	41
663	0.82	9	41
664	0.82	9	41
665	0.82	9	41
666	0.82	9	41
667	0.82	9	41
668	0.84	8	42
669	0.84	8	42
670	0.84	8	42
671	0.84	8	42
672	0.84	8	42
673	0.86	7	43
674	0.86	7	43
675	0.88	6	44
676	0.90	5	45
677	0.88	6	44
678	0.88	6	44
679	0.90	5	45
680	0.90	5	45
681	0.88	6	44
682	0.90	5	45
683	0.90	5	45
684	0.90	5	45
685	0.90	5	45
686	0.92	4	46
687	0.92	4	46
688	0.92	4	46
689	0.92	4	46
690	0.92	4	46
691	0.92	4	46
692	0.92	4	46
693	0.92	4	46
694	0.92	4	46
695	0.92	4	46
696	0.92	4	46
697	0.92	4	46
698	0.92	4	46
699	0.90	5	45
700	0.90	5	45
701	0.88	6	44
702	0.88	6	44
703	0.88	6	44
704	0.88	6	44
705	0.88	6	44
706	0.88	6	44
707	0.88	6	44
708	0.88	6	44
709	0.88	6	44
710	0.90	5	45
711	0.92	4	46
712	0.90	5	45
713	0.90	5	45
714	0.90	5	45
715	0.90	5	45
716	0.90	5	45
717	0.90	5	45
718	0.90	5	45
719	0.90	5	45
720	0.90	5	45
721	0.90	5	45
722	0.90	5	45
723	0.88	6	44
724	0.88	6	44
725	0.88	6	44
726	0.88	6	44
727	0.90	5	45
728	0.90	5	45
729	0.90	5	45
730	0.90	5	45
731	0.92	4	46
732	0.92	4	46
733	0.92	4	46
734	0.92	4	46
735	0.92	4	46
736	0.92	4	46
737	0.92	4	46
738	0.92	4	46
739	0.92	4	46
740	0.92	4	46
741	0.92	4	46
742	0.92	4	46
743	0.92	4	46
744	0.90	5	45
745	0.90	5	45
746	0.90	5	45
747	0.90	5	45
748	0.90	5	45
749	0.92	4	46
750	0.92	4	46
751	0.92	4	46
752	0.92	4	46
753	0.92	4	46
754	0.92	4	46
755	0.90	5	45
756	0.90	5	45
757	0.90	5	45
758	0.90	5	45
759	0.90	5	45
760	0.88	6	44
761	0.88	6	44
762	0.88	6	44
763	0.88	6	44
764	0.88	6	44
765	0.88	6	44
766	0.88	6	44
767	0.88	6	44
768	0.88	6	44
769	0.88	6	44
770	0.88	6	44
771	0.88	6	44
772	0.88	6	44
773	0.90	5	45
774	0.90	5	45
775	0.90	5	45
776	0.90	5	45
777	0.90	5	45
778	0.90	5	45
779	0.90	5	45
780	0.90	5	45
781	0.90	5	45
782	0.90	5	45
783	0.90	5	45
784	0.90	5	45
785	0.90	5	45
786	0.90	5	45
787	0.88	6	44
788	0.88	6	44
789	0.88	6	44
790	0.88	6	44
791	0.88	6	44
792	0.88	6	44
793	0.88	6	44
794	0.90	5	45
795	0.90	5	45
796	0.90	5	45
797	0.90	5	45
798	0.90	5	45
799	0.90	5	45
800	0.90	5	45
801	0.92	4	46
802	0.92	4	46
803	0.92	4	46
804	0.92	4	46
805	0.94	3	47
806	0.94	3	47
807	0.94	3	47
808	0.94	3	47
809	0.94	3	47
810	0.96	2	48
811	0.96	2	48
812	0.98	1	49
813	0.98	1	49
814	0.98	1	49
815	0.98	1	49
816	0.98	1	49
817	0.98	1	49
818	0.98	1	49
819	0.98	1	49
820	0.98	1	49
821	0.98	1	49
822	0.98	1	49
823	0.98	1	49
824	0.98	1	49
825	0.98	1	49
826	0.98	1	49
827	0.96	2	48
828	0.96	2	48
829	0.94	3	47
830	0.94	3	47
831	0.94	3	47
832	0.94	3	47
833	0.92	4	46
834	0.92	4	46
835	0.92	4	46
836	0.92	4	46
837	0.94	3	47
838	0.94	3	47
839	0.94	3	47
840	0.94	3	47
841	0.92	4	46
842	0.92	4	46
843	0.92	4	46
844	0.92	4	46
845	0.92	4	46
846	0.92	4	46
847	0.92	4	46
848	0.90	5	45
849	0.90	5	45
850	0.90	5	45
851	0.90	5	45
852	0.90	5	45
853	0.90	5	45
854	0.90	5	45
855	0.90	5	45
856	0.88	6	44
857	0.88	6	44
858	0.88	6	44
859	0.88	6	44
860	0.88	6	44
861	0.88	6	44
862	0.88	6	44
863	0.88	6	44
864	0.88	6	44
865	0.88	6	44
866	0.88	6	44
867	0.88	6	44
868	0.88	6	44
869	0.86	7	43
870	0.86	7	43
871	0.86	7	43
872	0.86	7	43
873	0.86	7	43
874	0.84	8	42
875	0.84	8	42
876	0.84	8	42
877	0.86	7	43
878	0.86	7	43
879	0.88	6	44
880	0.88	6	44
881	0.86	7	43
882	0.86	7	43
883	0.88	6	44
884	0.88	6	44
885	0.88	6	44
886	0.88	6	44
887	0.86	7	43
888	0.86	7	43
889	0.86	7	43
890	0.86	7	43
891	0.88	6	44
892	0.88	6	44
893	0.88	6	44
894	0.86	7	43
895	0.86	7	43
896	0.86	7	43
897	0.86	7	43
898	0.88	6	44
899	0.88	6	44
900	0.88	6	44
901	0.88	6	44
902	0.88	6	44
903	0.88	6	44
904	0.86	7	43
905	0.86	7	43
906	0.88	6	44
907	0.88	6	44
908	0.88	6	44
909	0.88	6	44
910	0.88	6	44
911	0.88	6	44
912	0.88	6	44
913	0.88	6	44
914	0.88	6	44
915	0.88	6	44
916	0.88	6	44
917	0.88	6	44
918	0.88	6	44
919	0.90	5	45
920	0.90	5	45
921	0.90	5	45
922	0.88	6	44
923	0.88	6	44
924	0.88	6	44
925	0.88	6	44
926	0.88	6	44
927	0.88	6	44
928	0.88	6	44
929	0.88	6	44
930	0.88	6	44
931	0.90	5	45
932	0.90	5	45
933	0.90	5	45
934	0.90	5	45
935	0.90	5	45
936	0.90	5	45
937	0.92	4	46
938	0.92	4	46
939	0.92	4	46
940	0.90	5	45
941	0.90	5	45
942	0.90	5	45
943	0.88	6	44
944	0.90	5	45
945	0.90	5	45
946	0.90	5	45
947	0.90	5	45
948	0.90	5	45
949	0.90	5	45
950	0.88	6	44
951	0.88	6	44
952	0.88	6	44
953	0.88	6	44
954	0.90	5	45
955	0.88	6	44
956	0.88	6	44
957	0.88	6	44
958	0.88	6	44
959	0.88	6	44
960	0.88	6	44
961	0.86	7	43
962	0.86	7	43
963	0.86	7	43
964	0.86	7	43
965	0.86	7	43
966	0.84	8	42
967	0.84	8	42
968	0.84	8	42
969	0.84	8	42
970	0.84	8	42
971	0.84	8	42
972	0.86	7	43
973	0.86	7	43
974	0.88	6	44
975	0.86	7	43
976	0.86	7	43
977	0.86	7	43
978	0.86	7	43
979	0.86	7	43
980	0.86	7	43
981	0.84	8	42
982	0.84	8	42
983	0.82	9	41
984	0.82	9	41
985	0.82	9	41
986	0.82	9	41
987	0.82	9	41
988	0.82	9	41
989	0.82	9	41
990	0.84	8	42
991	0.84	8	42
992	0.84	8	42
993	0.86	7	43
994	0.86	7	43
995	0.84	8	42
996	0.84	8	42
997	0.82	9	41
998	0.82	9	41
999	0.82	9	41
1000	0.18	9	41
1001	0.20	10	40
1002	0.22	11	39
1003	0.24	12	38
1004	0.24	12	38
1005	0.24	12	38
1006	0.26	13	37
1007	0.26	13	37
1008	0.28	14	36
1009	0.30	15	35
1010	0.32	16	34
1011	0.32	16	34
1012	0.34	17	33
1013	0.34	17	33
1014	0.36	18	32
1015	0.36	18	32
1016	0.36	18	32
1017	0.38	19	31
1018	0.40	20	30
1019	0.42	21	29
1020	0.44	22	28
1021	0.46	23	27
1022	0.48	24	26
1023	0.48	24	26
1024	0.50	25	25
1025	0.50	25	25
1026	0.50	25	25
1027	0.52	26	24
1028	0.54	27	23
1029	0.56	28	22
1030	0.58	29	21
1031	0.58	29	21
1032	0.58	29	21
1033	0.58	29	21
1034	0.60	30	20
1035	0.62	31	19
1036	0.62	31	19
1037	0.64	32	18
1038	0.66	33	17
1039	0.68	34	16
1040	0.70	35	15
1041	0.72	36	14
1042	0.74	37	13
1043	0.76	38	12
1044	0.78	39	11
1045	0.78	39	11
1046	0.80	40	10
1047	0.80	40	10
1048	0.80	40	10
1049	0.82	41	9
1050	0.82	41	9
1051	0.82	41	9
1052	0.82	41	9
1053	0.82	41	9
1054	0.84	42	8
1055	0.84	42	8
1056	0.84	42	8
1057	0.86	43	7
1058	0.86	43	7
1059	0.86	43	7
1060	0.86	43	7
1061	0.84	42	8
1062	0.84	42	8
1063	0.86	43	7
1064	0.86	43	7
1065	0.88	44	6
1066	0.88	44	6
1067	0.88	44	6
1068	0.88	44	6
1069	0.88	44	6
1070	0.88	44	6
1071	0.88	44	6
1072	0.88	44	6
1073	0.90	45	5
1074	0.90	45	5
1075	0.90	45	5
1076	0.92	46	4
1077	0.92	46	4
1078	0.92	46	4
1079	0.90	45	5
1080	0.90	45	5
1081	0.90	45	5
1082	0.92	46	4
1083	0.92	46	4
1084	0.92	46	4
1085	0.92	46	4
1086	0.92	46	4
1087	0.92	46	4
1088	0.92	46	4
1089	0.92	46	4
1090	0.90	45	5
1091	0.90	45	5
1092	0.90	45	5
1093	0.90	45	5
1094	0.90	45	5
1095	0.90	45	5
1096	0.90	45	5
1097	0.88	44	6
1098	0.90	45	5
1099	0.90	45	5
1100	0.90	45	5
1101	0.90	45	5
1102	0.90	45	5
1103	0.90	45	5
1104	0.90	45	5
1105	0.90	45	5
1106	0.90	45	5
1107	0.90	45	5
1108	0.90	45	5
1109	0.90	45	5
1110	0.90	45	5
1111	0.92	46	4
1112	0.92	46	4
1113	0.92	46	4
1114	0.92	46	4
1115	0.92	46	4
1116	0.92	46	4
1117	0.90	45	5
1118	0.90	45	5
1119	0.90	45	5
1120	0.90	45	5
1121	0.90	45	5
1122	0.90	45	5
1123	0.90	45	5
1124	0.90	45	5
1125	0.90	45	5
1126	0.90	45	5
1127	0.88	44	6
1128	0.86	43	7
1129	0.88	44	6
1130	0.88	44	6
1131	0.88	44	6
1132	0.86	43	7
1133	0.86	43	7
1134	0.86	43	7
1135	0.86	43	7
1136	0.88	44	6
1137	0.88	44	6
1138	0.88	44	6
1139	0.88	44	6
1140	0.90	45	5
1141	0.90	45	5
1142	0.90	45	5
1143	0.90	45	5
1144	0.90	45	5
1145	0.90	45	5
1146	0.90	45	5
1147	0.92	46	4
1148	0.90	45	5
1149	0.90	45	5
1150	0.90	45	5
1151	0.90	45	5
1152	0.90	45	5
1153	0.90	45	5
1154	0.90	45	5
1155	0.90	45	5
1156	0.90	45	5
1157	0.90	45	5
1158	0.90	45	5
1159	0.88	44	6
1160	0.88	44	6
1161	0.88	44	6
1162	0.88	44	6
1163	0.88	44	6
1164	0.88	44	6
1165	0.88	44	6
1166	0.88	44	6
1167	0.90	45	5
1168	0.90	45	5
1169	0.90	45	5
1170	0.90	45	5
1171	0.90	45	5
1172	0.90	45	5
1173	0.90	45	5
1174	0.88	44	6
1175	0.88	44	6
1176	0.88	44	6
1177	0.90	45	5
1178	0.92	46	4
1179	0.92	46	4
1180	0.92	46	4
1181	0.92	46	4
1182	0.94	47	3
1183	0.94	47	3
1184	0.94	47	3
1185	0.94	47	3
1186	0.94	47	3
1187	0.94	47	3
1188	0.94	47	3
1189	0.94	47	3
1190	0.94	47	3
1191	0.92	46	4
1192	0.90	45	5
1193	0.90	45	5
1194	0.90	45	5
1195	0.90	45	5
1196	0.90	45	5
1197	0.90	45	5
1198	0.92	46	4
1199	0.92	46	4
1200	0.92	46	4
1201	0.92	46	4
1202	0.92	46	4
1203	0.92	46	4
1204	0.92	46	4
1205	0.92	46	4
1206	0.92	46	4
1207	0.92	46	4
1208	0.92	46	4
1209	0.94	47	3
1210	0.94	47	3
1211	0.94	47	3
1212	0.94	47	3
1213	0.92	46	4
1214	0.92	46	4
1215	0.92	46	4
1216	0.90	45	5
1217	0.90	45	5
1218	0.90	45	5
1219	0.90	45	5
1220	0.90	45	5
1221	0.90	45	5
1222	0.90	45	5
1223	0.90	45	5
1224	0.90	45	5
1225	0.88	44	6
1226	0.88	44	6
1227	0.86	43	7
1228	0.86	43	7
1229	0.86	43	7
1230	0.86	43	7
1231	0.86	43	7
1232	0.86	43	7
1233	0.86	43	7
1234	0.84	42	8
1235	0.84	42	8
1236	0.84	42	8
1237	0.84	42	8
1238	0.84	42	8
1239	0.84	42	8
1240	0.84	42	8
1241	0.86	43	7
1242	0.88	44	6
1243	0.88	44	6
1244	0.88	44	6
1245	0.88	44	6
1246	0.88	44	6
1247	0.88	44	6
1248	0.88	44	6
1249	0.88	44	6
1250	0.88	44	6
1251	0.88	44	6
1252	0.86	43	7
1253	0.86	43	7
1254	0.84	42	8
1255	0.84	42	8
1256	0.84	42	8
1257	0.84	42	8
1258	0.82	41	9
1259	0.82	41	9
1260	0.82	41	9
1261	0.82	41	9
1262	0.82	41	9
1263	0.82	41	9
1264	0.82	41	9
1265	0.82	41	9
1266	0.84	42	8
1267	0.84	42	8
1268	0.82	41	9
1269	0.82	41	9
1270	0.82	41	9
1271	0.82	41	9
1272	0.82	41	9
1273	0.82	41	9
1274	0.84	42	8
1275	0.86	43	7
1276	0.86	43	7
1277	0.88	44	6
1278	0.88	44	6
1279	0.88	44	6
1280	0.88	44	6
1281	0.88	44	6
1282	0.88	44	6
1283	0.88	44	6
1284	0.90	45	5
1285	0.90	45	5
1286	0.90	45	5
1287	0.90	45	5
1288	0.90	45	5
1289	0.90	45	5
1290	0.90	45	5
1291	0.90	45	5
1292	0.90	45	5
1293	0.90	45	5
1294	0.90	45	5
1295	0.90	45	5
1296	0.90	45	5
1297	0.90	45	5
1298	0.90	45	5
1299	0.90	45	5
1300	0.90	45	5
1301	0.90	45	5
1302	0.92	46	4
1303	0.92	46	4
1304	0.94	47	3
1305	0.94	47	3
1306	0.92	46	4
1307	0.92	46	4
1308	0.94	47	3
1309	0.94	47	3
1310	0.94	47	3
1311	0.94	47	3
1312	0.94	47	3
1313	0.94	47	3
1314	0.94	47	3
1315	0.94	47	3
1316	0.94	47	3
1317	0.94	47	3
1318	0.96	48	2
1319	0.96	48	2
1320	0.96	48	2
1321	0.96	48	2
1322	0.96	48	2
1323	0.96	48	2
1324	0.96	48	2
1325	0.96	48	2
1326	0.96	48	2
1327	0.96	48	2
1328	0.96	48	2
1329	0.96	48	2
1330	0.96	48	2
1331	0.96	48	2
1332	0.96	48	2
1333	0.94	47	3
1334	0.94	47	3
1335	0.94	47	3
1336	0.94	47	3
1337	0.94	47	3
1338	0.94	47	3
1339	0.94	47	3
1340	0.94	47	3
1341	0.94	47	3
1342	0.94	47	3
1343	0.94	47	3
1344	0.94	47	3
1345	0.94	47	3
1346	0.92	46	4
1347	0.90	45	5
1348	0.90	45	5
1349	0.90	45	5
1350	0.88	44	6
1351	0.88	44	6
1352	0.88	44	6
1353	0.88	44	6
1354	0.88	44	6
1355	0.88	44	6
1356	0.90	45	5
1357	0.88	44	6
1358	0.88	44	6
1359	0.88	44	6
1360	0.88	44	6
1361	0.86	43	7
1362	0.86	43	7
1363	0.88	44	6
1364	0.88	44	6
1365	0.88	44	6
1366	0.88	44	6
1367	0.88	44	6
1368	0.88	44	6
1369	0.88	44	6
1370	0.88	44	6
1371	0.88	44	6
1372	0.88	44	6
1373	0.88	44	6
1374	0.88	44	6
1375	0.88	44	6
1376	0.88	44	6
1377	0.88	44	6
1378	0.88	44	6
1379	0.88	44	6
1380	0.88	44	6
1381	0.88	44	6
1382	0.88	44	6
1383	0.90	45	5
1384	0.88	44	6
1385	0.88	44	6
1386	0.88	44	6
1387	0.88	44	6
1388	0.88	44	6
1389	0.88	44	6
1390	0.88	44	6
1391	0.86	43	7
1392	0.84	42	8
1393	0.82	41	9
1394	0.82	41	9
1395	0.82	41	9
1396	0.84	42	8
1397	0.86	43	7
1398	0.86	43	7
1399	0.84	42	8
1400	0.86	43	7
1401	0.86	43	7
1402	0.86	43	7
1403	0.86	43	7
1404	0.86	43	7
1405	0.86	43	7
1406	0.86	43	7
1407	0.88	44	6
1408	0.88	44	6
1409	0.88	44	6
1410	0.88	44	6
1411	0.90	45	5
1412	0.90	45	5
1413	0.90	45	5
1414	0.90	45	5
1415	0.90	45	5
1416	0.90	45	5
1417	0.90	45	5
1418	0.90	45	5
1419	0.90	45	5
1420	0.90	45	5
1421	0.90	45	5
1422	0.90	45	5
1423	0.88	44	6
1424	0.88	44	6
1425	0.88	44	6
1426	0.88	44	6
1427	0.88	44	6
1428	0.88	44	6
1429	0.88	44	6
1430	0.88	44	6
1431	0.88	44	6
1432	0.88	44	6
1433	0.88	44	6
1434	0.88	44	6
1435	0.88	44	6
1436	0.88	44	6
1437	0.88	44	6
1438	0.88	44	6
1439	0.88	44	6
1440	0.88	44	6
1441	0.88	44	6
1442	0.90	45	5
1443	0.92	46	4
1444	0.92	46	4
1445	0.92	46	4
1446	0.92	46	4
1447	0.92	46	4
1448	0.92	46	4
1449	0.94	47	3
1450	0.94	47	3
1451	0.94	47	3
1452	0.94	47	3
1453	0.94	47	3
1454	0.94	47	3
1455	0.94	47	3
1456	0.94	47	3
1457	0.94	47	3
1458	0.94	47	3
1459	0.94	47	3
1460	0.94	47	3
1461	0.94	47	3
1462	0.94	47	3
1463	0.94	47	3
1464	0.94	47	3
1465	0.94	47	3
1466	0.94	47	3
1467	0.94	47	3
1468	0.94	47	3
1469	0.94	47	3
1470	0.94	47	3
1471	0.94	47	3
1472	0.94	47	3
1473	0.94	47	3
1474	0.92	46	4
1475	0.90	45	5
1476	0.90	45	5
1477	0.90	45	5
1478	0.88	44	6
1479	0.88	44	6
1480	0.86	43	7
1481	0.86	43	7
1482	0.86	43	7
1483	0.86	43	7
1484	0.88	44	6
1485	0.88	44	6
1486	0.88	44	6
1487	0.88	44	6
1488	0.88	44	6
1489	0.88	44	6
1490	0.88	44	6
1491	0.90	45	5
1492	0.88	44	6
1493	0.88	44	6
1494	0.88	44	6
1495	0.88	44	6
1496	0.88	44	6
1497	0.88	44	6
1498	0.88	44	6
1499	0.88	44	6
1500	0.14	43	7
1501	0.16	42	8
1502	0.18	41	9
1503	0.20	40	10
1504	0.22	39	11
1505	0.22	39	11
1506	0.24	38	12
1507	0.24	38	12
1508	0.26	37	13
1509	0.28	36	14
1510	0.30	35	15
1511	0.30	35	15
1512	0.32	34	16
1513	0.34	33	17
1514	0.34	33	17
1515	0.36	32	18
1516	0.38	31	19
1517	0.38	31	19
1518	0.38	31	19
1519	0.40	30	20
1520	0.40	30	20
1521	0.40	30	20
1522	0.42	29	21
1523	0.40	30	20
1524	0.40	30	20
1525	0.40	30	20
1526	0.42	29	21
1527	0.42	29	21
1528	0.42	29	21
1529	0.44	28	22
1530	0.44	28	22
1531	0.46	27	23
1532	0.48	26	24
1533	0.48	26	24
1534	0.50	25	25
1535	0.52	24	26
1536	0.54	23	27
1537	0.56	22	28
1538	0.58	21	29
1539	0.60	20	30
1540	0.62	19	31
1541	0.64	18	32
1542	0.62	19	31
1543	0.64	18	32
1544	0.66	17	33
1545	0.66	17	33
1546	0.68	16	34
1547	0.68	16	34
1548	0.70	15	35
1549	0.72	14	36
1550	0.72	14	36
1551	0.72	14	36
1552	0.72	14	36
1553	0.70	15	35
1554	0.70	15	35
1555	0.72	14	36
1556	0.72	14	36
1557	0.72	14	36
1558	0.72	14	36
1559	0.72	14	36
1560	0.72	14	36
1561	0.74	13	37
1562	0.74	13	37
1563	0.74	13	37
1564	0.74	13	37
1565	0.74	13	37
1566	0.74	13	37
1567	0.74	13	37
1568	0.76	12	38
1569	0.76	12	38
1570	0.78	11	39
1571	0.80	10	40
1572	0.80	10	40
1573	0.82	9	41
1574	0.82	9	41
1575	0.80	10	40
1576	0.80	10	40
1577	0.82	9	41
1578	0.82	9	41
1579	0.82	9	41
1580	0.82	9	41
1581	0.82	9	41
1582	0.82	9	41
1583	0.84	8	42
1584	0.84	8	42
1585	0.82	9	41
1586	0.82	9	41
1587	0.82	9	41
1588	0.82	9	41
1589	0.82	9	41
1590	0.82	9	41
1591	0.82	9	41
1592	0.84	8	42
1593	0.84	8	42
1594	0.84	8	42
1595	0.86	7	43
1596	0.86	7	43
1597	0.88	6	44
1598	0.88	6	44
1599	0.88	6	44
1600	0.88	6	44
1601	0.88	6	44
1602	0.88	6	44
1603	0.90	5	45
1604	0.90	5	45
1605	0.90	5	45
1606	0.90	5	45
1607	0.92	4	46
1608	0.92	4	46
1609	0.92	4	46
1610	0.92	4	46
1611	0.92	4	46
1612	0.92	4	46
1613	0.92	4	46
1614	0.94	3	47
1615	0.94	3	47
1616	0.94	3	47
1617	0.96	2	48
1618	0.96	2	48
1619	0.96	2	48
1620	0.96	2	48
1621	0.96	2	48
1622	0.96	2	48
1623	0.96	2	48
1624	0.96	2	48
1625	0.98	1	49
1626	0.98	1	49
1627	0.98	1	49
1628	0.96	2	48
1629	0.96	2	48
1630	0.94	3	47
1631	0.92	4	46
1632	0.92	4	46
1633	0.92	4	46
1634	0.90	5	45
1635	0.92	4	46
1636	0.92	4	46
1637	0.92	4	46
1638	0.92	4	46
1639	0.92	4	46
1640	0.92	4	46
1641	0.90	5	45
1642	0.88	6	44
1643	0.88	6	44
1644	0.88	6	44
1645	0.88	6	44
1646	0.88	6	44
1647	0.88	6	44
1648	0.86	7	43
1649	0.86	7	43
1650	0.86	7	43
1651	0.86	7	43
1652	0.86	7	43
1653	0.86	7	43
1654	0.84	8	42
1655	0.82	9	41
1656	0.80	10	40
1657	0.80	10	40
1658	0.80	10	40
1659	0.80	10	40
1660	0.78	11	39
1661	0.78	11	39
1662	0.78	11	39
1663	0.78	11	39
1664	0.78	11	39
1665	0.76	12	38
1666	0.76	12	38
1667	0.76	12	38
1668	0.74	13	37
1669	0.72	14	36
1670	0.72	14	36
1671	0.72	14	36
1672	0.72	14	36
1673	0.72	14	36
1674	0.72	14	36
1675	0.72	14	36
1676	0.72	14	36
1677	0.72	14	36
1678	0.74	13	37
1679	0.74	13	37
1680	0.76	12	38
1681	0.78	11	39
1682	0.78	11	39
1683	0.78	11	39
1684	0.80	10	40
1685	0.78	11	39
1686	0.78	11	39
1687	0.78	11	39
1688	0.78	11	39
1689	0.78	11	39
1690	0.78	11	39
1691	0.78	11	39
1692	0.80	10	40
1693	0.78	11	39
1694	0.78	11	39
1695	0.78	11	39
1696	0.76	12	38
1697	0.76	12	38
1698	0.78	11	39
1699	0.78	11	39
1700	0.76	12	38
1701	0.76	12	38
1702	0.76	12	38
1703	0.76	12	38
1704	0.78	11	39
1705	0.80	10	40
1706	0.82	9	41
1707	0.82	9	41
1708	0.82	9	41
1709	0.82	9	41
1710	0.84	8	42
1711	0.84	8	42
1712	0.84	8	42
1713	0.82	9	41
1714	0.82	9	41
1715	0.82	9	41
1716	0.82	9	41
1717	0.82	9	41
1718	0.82	9	41
1719	0.84	8	42
1720	0.84	8	42
1721	0.84	8	42
1722	0.84	8	42
1723	0.84	8	42
1724	0.84	8	42
1725	0.84	8	42
1726	0.84	8	42
1727	0.84	8	42
1728	0.84	8	42
1729	0.84	8	42
1730	0.84	8	42
1731	0.84	8	42
1732	0.84	8	42
1733	0.84	8	42
1734	0.82	9	41
1735	0.84	8	42
1736	0.84	8	42
1737	0.84	8	42
1738	0.84	8	42
1739	0.84	8	42
1740	0.84	8	42
1741	0.86	7	43
1742	0.86	7	43
1743	0.88	6	44
1744	0.88	6	44
1745	0.88	6	44
1746	0.90	5	45
1747	0.88	6	44
1748	0.86	7	43
1749	0.86	7	43
1750	0.88	6	44
1751	0.88	6	44
1752	0.88	6	44
1753	0.88	6	44
1754	0.86	7	43
1755	0.86	7	43
1756	0.86	7	43
1757	0.86	7	43
1758	0.84	8	42
1759	0.84	8	42
1760	0.84	8	42
1761	0.84	8	42
1762	0.84	8	42
1763	0.86	7	43
1764	0.86	7	43
1765	0.86	7	43
1766	0.84	8	42
1767	0.84	8	42
1768	0.86	7	43
1769	0.86	7	43
1770	0.86	7	43
1771	0.86	7	43
1772	0.84	8	42
1773	0.84	8	42
1774	0.84	8	42
1775	0.84	8	42
1776	0.84	8	42
1777	0.82	9	41
1778	0.82	9	41
1779	0.82	9	41
1780	0.82	9	41
1781	0.82	9	41
1782	0.82	9	41
1783	0.82	9	41
1784	0.84	8	42
1785	0.84	8	42
1786	0.84	8	42
1787	0.82	9	41
1788	0.82	9	41
1789	0.80	10	40
1790	0.80	10	40
1791	0.80	10	40
1792	0.80	10	40
1793	0.80	10	40
1794	0.80	10	40
1795	0.78	11	39
1796	0.78	11	39
1797	0.80	10	40
1798	0.82	9	41
1799	0.80	10	40
1800	0.80	10	40
1801	0.80	10	40
1802	0.80	10	40
1803	0.80	10	40
1804	0.80	10	40
1805	0.80	10	40
1806	0.80	10	40
1807	0.80	10	40
1808	0.80	10	40
1809	0.80	10	40
1810	0.80	10	40
1811	0.80	10	40
1812	0.80	10	40
1813	0.80	10	40
1814	0.80	10	40
1815	0.82	9	41
1816	0.82	9	41
1817	0.82	9	41
1818	0.82	9	41
1819	0.82	9	41
1820	0.82	9	41
1821	0.82	9	41
1822	0.84	8	42
1823	0.84	8	42
1824	0.84	8	42
1825	0.84	8	42
1826	0.84	8	42
1827	0.86	7	43
1828	0.86	7	43
1829	0.86	7	43
1830	0.86	7	43
1831	0.86	7	43
1832	0.86	7	43
1833	0.86	7	43
1834	0.84	8	42
1835	0.84	8	42
1836	0.84	8	42
1837	0.86	7	43
1838	0.86	7	43
1839	0.88	6	44
1840	0.88	6	44
1841	0.88	6	44
1842	0.88	6	44
1843	0.88	6	44
1844	0.88	6	44
1845	0.90	5	45
1846	0.90	5	45
1847	0.90	5	45
1848	0.90	5	45
1849	0.92	4	46
1850	0.92	4	46
1851	0.92	4	46
1852	0.92	4	46
1853	0.92	4	46
1854	0.94	3	47
1855	0.94	3	47
1856	0.94	3	47
1857	0.94	3	47
1858	0.96	2	48
1859	0.96	2	48
1860	0.96	2	48
1861	0.96	2	48
1862	0.96	2	48
1863	0.94	3	47
1864	0.94	3	47
1865	0.92	4	46
1866	0.94	3	47
1867	0.94	3	47
1868	0.94	3	47
1869	0.94	3	47
1870	0.94	3	47
1871	0.94	3	47
1872	0.94	3	47
1873	0.94	3	47
1874	0.94	3	47
1875	0.94	3	47
1876	0.94	3	47
1877	0.94	3	47
1878	0.94	3	47
1879	0.94	3	47
1880	0.94	3	47
1881	0.94	3	47
1882	0.94	3	47
1883	0.94	3	47
1884	0.96	2	48
1885	0.96	2	48
1886	0.96	2	48
1887	0.96	2	48
1888	0.96	2	48
1889	0.96	2	48
1890	0.96	2	48
1891	0.96	2	48
1892	0.94	3	47
1893	0.94	3	47
1894	0.94	3	47
1895	0.94	3	47
1896	0.94	3	47
1897	0.94	3	47
1898	0.94	3	47
1899	0.94	3	47
1900	0.94	3	47
1901	0.94	3	47
1902	0.94	3	47
1903	0.94	3	47
1904	0.94	3	47
1905	0.94	3	47
1906	0.94	3	47
1907	0.94	3	47
1908	0.94	3	47
1909	0.94	3	47
1910	0.94	3	47
1911	0.94	3	47
1912	0.94	3	47
1913	0.96	2	48
1914	0.96	2	48
1915	0.98	1	49
1916	0.98	1	49
1917	0.98	1	49
1918	0.98	1	49
1919	0.98	1	49
1920	0.96	2	48
1921	0.96	2	48
1922	0.94	3	47
1923	0.94	3	47
1924	0.94	3	47
1925	0.94	3	47
1926	0.94	3	47
1927	0.94	3	47
1928	0.94	3	47
1929	0.94	3	47
1930	0.94	3	47
1931	0.94	3	47
1932	0.94	3	47
1933	0.94	3	47
1934	0.94	3	47
1935	0.94	3	47
1936	0.94	3	47
1937	0.94	3	47
1938	0.94	3	47
1939	0.94	3	47
1940	0.94	3	47
1941	0.94	3	47
1942	0.96	2	48
1943	0.96	2	48
1944	0.96	2	48
1945	0.96	2	48
1946	0.96	2	48
1947	0.96	2	48
1948	0.96	2	48
1949	0.96	2	48
1950	0.94	3	47
1951	0.94	3	47
1952	0.94	3	47
1953	0.92	4	46
1954	0.92	4	46
1955	0.92	4	46
1956	0.92	4	46
1957	0.92	4	46
1958	0.92	4	46
1959	0.92	4	46
1960	0.92	4	46
1961	0.92	4	46
1962	0.92	4	46
1963	0.92	4	46
1964	0.92	4	46
1965	0.92	4	46
1966	0.92	4	46
1967	0.92	4	46
1968	0.92	4	46
1969	0.92	4	46
1970	0.94	3	47
1971	0.94	3	47
1972	0.96	2	48
1973	0.96	2	48
1974	0.96	2	48
1975	0.96	2	48
1976	0.96	2	48
1977	0.96	2	48
1978	0.96	2	48
1979	0.94	3	47
1980	0.94	3	47
1981	0.94	3	47
1982	0.94	3	47
1983	0.94	3	47
1984	0.94	3	47
1985	0.94	3	47
1986	0.94	3	47
1987	0.94	3	47
1988	0.94	3	47
1989	0.94	3	47
1990	0.92	4	46
1991	0.92	4	46
1992	0.92	4	46
1993	0.92	4	46
1994	0.92	4	46
1995	0.92	4	46
1996	0.92	4	46
1997	0.92	4	46
1998	0.92	4	46
1999	0.92	4	46
2000	0.06	3	47
2001	0.08	4	46
2002	0.10	5	45
2003	0.10	5	45
2004	0.10	5	45
2005	0.12	6	44
2006	0.14	7	43
2007	0.14	7	43
2008	0.14	7	43
2009	0.16	8	42
2010	0.18	9	41
2011	0.20	10	40
2012	0.22	11	39
2013	0.24	12	38
2014	0.26	13	37
2015	0.28	14	36
2016	0.30	15	35
2017	0.30	15	35
2018	0.32	16	34
2019	0.34	17	33
2020	0.36	18	32
2021	0.38	19	31
2022	0.40	20	30
2023	0.42	21	29
2024	0.44	22	28
2025	0.46	23	27
2026	0.48	24	26
2027	0.50	25	25
2028	0.52	26	24
2029	0.52	26	24
2030	0.54	27	23
2031	0.56	28	22
2032	0.56	28	22
2033	0.58	29	21
2034	0.60	30	20
2035	0.62	31	19
2036	0.64	32	18
2037	0.66	33	17
2038	0.68	34	16
2039	0.70	35	15
2040	0.70	35	15
2041	0.70	35	15
2042	0.72	36	14
2043	0.72	36	14
2044	0.74	37	13
2045	0.76	38	12
2046	0.78	39	11
2047	0.80	40	10
2048	0.82	41	9
2049	0.84	42	8
2050	0.86	43	7
2051	0.86	43	7
2052	0.86	43	7
2053	0.86	43	7
2054	0.86	43	7
2055	0.86	43	7
2056	0.86	43	7
2057	0.88	44	6
2058	0.90	45	5
2059	0.90	45	5
2060	0.90	45	5
2061	0.90	45	5
2062	0.90	45	5
2063	0.90	45	5
2064	0.90	45	5
2065	0.90	45	5
2066	0.90	45	5
2067	0.92	46	4
2068	0.92	46	4
2069	0.92	46	4
2070	0.92	46	4
2071	0.90	45	5
2072	0.90	45	5
2073	0.90	45	5
2074	0.90	45	5
2075	0.90	45	5
2076	0.90	45	5
2077	0.90	45	5
2078	0.90	45	5
2079	0.90	45	5
2080	0.90	45	5
2081	0.90	45	5
2082	0.92	46	4
2083	0.92	46	4
2084	0.92	46	4
2085	0.92	46	4
2086	0.92	46	4
2087	0.92	46	4
2088	0.92	46	4
2089	0.92	46	4
2090	0.92	46	4
2091	0.94	47	3
2092	0.94	47	3
2093	0.96	48	2
2094	0.94	47	3
2095	0.94	47	3
2096	0.92	46	4
2097	0.92	46	4
2098	0.92	46	4
2099	0.92	46	4
2100	0.90	45	5
2101	0.88	44	6
2102	0.88	44	6
2103	0.88	44	6
2104	0.90	45	5
2105	0.90	45	5
2106	0.90	45	5
2107	0.90	45	5
2108	0.90	45	5
2109	0.90	45	5
2110	0.90	45	5
2111	0.90	45	5
2112	0.90	45	5
2113	0.90	45	5
2114	0.90	45	5
2115	0.90	45	5
2116	0.88	44	6
2117	0.88	44	6
2118	0.88	44	6
2119	0.86	43	7
2120	0.86	43	7
2121	0.88	44	6
2122	0.88	44	6
2123	0.86	43	7
2124	0.86	43	7
2125	0.86	43	7
2126	0.86	43	7
2127	0.86	43	7
2128	0.86	43	7
2129	0.84	42	8
2130	0.84	42	8
2131	0.84	42	8
2132	0.84	42	8
2133	0.84	42	8
2134	0.84	42	8
2135	0.84	42	8
2136	0.84	42	8
2137	0.84	42	8
2138	0.84	42	8
2139	0.84	42	8
2140	0.84	42	8
2141	0.84	42	8
2142	0.84	42	8
2143	0.84	42	8
2144	0.86	43	7
2145	0.86	43	7
2146	0.88	44	6
2147	0.86	43	7
2148	0.86	43	7
2149	0.86	43	7
2150	0.88	44	6
2151	0.90	45	5
2152	0.90	45	5
2153	0.90	45	5
2154	0.90	45	5
2155	0.90	45	5
2156	0.90	45	5
2157	0.90	45	5
2158	0.90	45	5
2159	0.90	45	5
2160	0.90	45	5
2161	0.90	45	5
2162	0.90	45	5
2163	0.90	45	5
2164	0.90	45	5
2165	0.90	45	5
2166	0.92	46	4
2167	0.92	46	4
2168	0.92	46	4
2169	0.94	47	3
2170	0.94	47	3
2171	0.94	47	3
2172	0.94	47	3
2173	0.96	48	2
2174	0.94	47	3
2175	0.94	47	3
2176	0.94	47	3
2177	0.92	46	4
2178	0.92	46	4
2179	0.94	47	3
2180	0.94	47	3
2181	0.94	47	3
2182	0.94	47	3
2183	0.94	47	3
2184	0.94	47	3
2185	0.94	47	3
2186	0.94	47	3
2187	0.94	47	3
2188	0.94	47	3
2189	0.94	47	3
2190	0.94	47	3
2191	0.94	47	3
2192	0.94	47	3
2193	0.94	47	3
2194	0.94	47	3
2195	0.94	47	3
2196	0.94	47	3
2197	0.96	48	2
2198	0.96	48	2
2199	0.96	48	2
2200	0.96	48	2
2201	0.96	48	2
2202	0.96	48	2
2203	0.96	48	2
2204	0.96	48	2
2205	0.96	48	2
2206	0.94	47	3
2207	0.94	47	3
2208	0.94	47	3
2209	0.94	47	3
2210	0.94	47	3
2211	0.94	47	3
2212	0.94	47	3
2213	0.94	47	3
2214	0.94	47	3
2215	0.94	47	3
2216	0.94	47	3
2217	0.92	46	4
2218	0.92	46	4
2219	0.92	46	4
2220	0.92	46	4
2221	0.92	46	4
2222	0.92	46	4
2223	0.92	46	4
2224	0.94	47	3
2225	0.94	47	3
2226	0.94	47	3
2227	0.96	48	2
2228	0.96	48	2
2229	0.96	48	2
2230	0.96	48	2
2231	0.96	48	2
2232	0.96	48	2
2233	0.96	48	2
2234	0.96	48	2
2235	0.96	48	2
2236	0.96	48	2
2237	0.96	48	2
2238	0.94	47	3
2239	0.92	46	4
2240	0.92	46	4
2241	0.92	46	4
2242	0.92	46	4
2243	0.92	46	4
2244	0.92	46	4
2245	0.92	46	4
2246	0.92	46	4
2247	0.92	46	4
2248	0.92	46	4
2249	0.92	46	4
2250	0.92	46	4
2251	0.92	46	4
2252	0.92	46	4
2253	0.92	46	4
2254	0.92	46	4
2255	0.92	46	4
2256	0.94	47	3
2257	0.94	47	3
2258	0.94	47	3
2259	0.94	47	3
2260	0.94	47	3
2261	0.94	47	3
2262	0.94	47	3
2263	0.94	47	3
2264	0.94	47	3
2265	0.94	47	3
2266	0.94	47	3
2267	0.96	48	2
2268	0.96	48	2
2269	0.96	48	2
2270	0.96	48	2
2271	0.96	48	2
2272	0.96	48	2
2273	0.96	48	2
2274	0.96	48	2
2275	0.94	47	3
2276	0.94	47	3
2277	0.94	47	3
2278	0.94	47	3
2279	0.94	47	3
2280	0.94	47	3
2281	0.94	47	3
2282	0.94	47	3
2283	0.94	47	3
2284	0.94	47	3
2285	0.94	47	3
2286	0.94	47	3
2287	0.94	47	3
2288	0.96	48	2
2289	0.98	49	1
2290	0.98	49	1
2291	0.98	49	1
2292	0.98	49	1
2293	0.98	49	1
2294	0.98	49	1
2295	0.98	49	1
2296	0.98	49	1
2297	0.98	49	1
2298	0.98	49	1
2299	0.98	49	1
2300	0.98	49	1
2301	0.98	49	1
2302	0.98	49	1
2303	0.98	49	1
2304	0.98	49	1
2305	0.98	49	1
2306	0.98	49	1
2307	0.98	49	1
2308	0.98	49	1
2309	0.98	49	1
2310	0.98	49	1
2311	0.96	48	2
2312	0.96	48	2
2313	0.96	48	2
2314	0.96	48	2
2315	0.96	48	2
2316	0.96	48	2
2317	0.96	48	2
2318	0.96	48	2
2319	0.96	48	2
2320	0.96	48	2
2321	0.96	48	2
2322	0.96	48	2
2323	0.96	48	2
2324	0.96	48	2
2325	0.96	48	2
2326	0.96	48	2
2327	0.96	48	2
2328	0.96	48	2
2329	0.96	48	2
2330	0.96	48	2
2331	0.96	48	2
2332	0.96	48	2
2333	0.96	48	2
2334	0.96	48	2
2335	0.96	48	2
2336	0.96	48	2
2337	0.96	48	2
2338	0.96	48	2
2339	0.96	48	2
2340	0.96	48	2
2341	0.96	48	2
2342	0.96	48	2
2343	0.96	48	2
2344	0.96	48	2
2345	0.94	47	3
2346	0.94	47	3
2347	0.94	47	3
2348	0.94	47	3
2349	0.94	47	3
2350	0.94	47	3
2351	0.94	47	3
2352	0.94	47	3
2353	0.94	47	3
2354	0.94	47	3
2355	0.94	47	3
2356	0.94	47	3
2357	0.94	47	3
2358	0.94	47	3
2359	0.94	47	3
2360	0.94	47	3
2361	0.96	48	2
2362	0.96	48	2
2363	0.96	48	2
2364	0.96	48	2
2365	0.96	48	2
2366	0.96	48	2
2367	0.96	48	2
2368	0.96	48	2
2369	0.96	48	2
2370	0.96	48	2
2371	0.96	48	2
2372	0.96	48	2
2373	0.96	48	2
2374	0.96	48	2
2375	0.98	49	1
2376	0.98	49	1
2377	0.98	49	1
2378	0.96	48	2
2379	0.96	48	2
2380	0.94	47	3
2381	0.94	47	3
2382	0.94	47	3
2383	0.94	47	3
2384	0.94	47	3
2385	0.94	47	3
2386	0.94	47	3
2387	0.94	47	3
2388	0.94	47	3
2389	0.94	47	3
2390	0.94	47	3
2391	0.94	47	3
2392	0.94	47	3
2393	0.94	47	3
2394	0.94	47	3
2395	0.94	47	3
2396	0.94	47	3
2397	0.94	47	3
2398	0.94	47	3
2399	0.94	47	3
2400	0.94	47	3
2401	0.94	47	3
2402	0.94	47	3
2403	0.94	47	3
2404	0.92	46	4
2405	0.92	46	4
2406	0.92	46	4
2407	0.92	46	4
2408	0.92	46	4
2409	0.92	46	4
2410	0.92	46	4
2411	0.90	45	5
2412	0.90	45	5
2413	0.88	44	6
2414	0.86	43	7
2415	0.86	43	7
2416	0.86	43	7
2417	0.86	43	7
2418	0.86	43	7
2419	0.86	43	7
2420	0.86	43	7
2421	0.86	43	7
2422	0.84	42	8
2423	0.84	42	8
2424	0.82	41	9
2425	0.82	41	9
2426	0.82	41	9
2427	0.82	41	9
2428	0.84	42	8
2429	0.84	42	8
2430	0.86	43	7
2431	0.86	43	7
2432	0.86	43	7
2433	0.86	43	7
2434	0.86	43	7
2435	0.86	43	7
2436	0.86	43	7
2437	0.86	43	7
2438	0.86	43	7
2439	0.86	43	7
2440	0.86	43	7
2441	0.86	43	7
2442	0.86	43	7
2443	0.86	43	7
2444	0.86	43	7
2445	0.88	44	6
2446	0.86	43	7
2447	0.86	43	7
2448	0.86	43	7
2449	0.86	43	7
2450	0.84	42	8
2451	0.84	42	8
2452	0.84	42	8
2453	0.84	42	8
2454	0.86	43	7
2455	0.84	42	8
2456	0.84	42	8
2457	0.84	42	8
2458	0.84	42	8
2459	0.84	42	8
2460	0.84	42	8
2461	0.86	43	7
2462	0.86	43	7
2463	0.88	44	6
2464	0.90	45	5
2465	0.90	45	5
2466	0.90	45	5
2467	0.90	45	5
2468	0.90	45	5
2469	0.90	45	5
2470	0.90	45	5
2471	0.90	45	5
2472	0.92	46	4
2473	0.92	46	4
2474	0.94	47	3
2475	0.94	47	3
2476	0.94	47	3
2477	0.94	47	3
2478	0.92	46	4
2479	0.92	46	4
2480	0.92	46	4
2481	0.90	45	5
2482	0.90	45	5
2483	0.90	45	5
2484	0.90	45	5
2485	0.90	45	5
2486	0.90	45	5
2487	0.90	45	5
2488	0.90	45	5
2489	0.88	44	6
2490	0.88	44	6
2491	0.88	44	6
2492	0.88	44	6
2493	0.88	44	6
2494	0.88	44	6
2495	0.88	44	6
2496	0.90	45	5
2497	0.90	45	5
2498	0.90	45	5
2499	0.90	45	5
2500	0.10	45	5
2501	0.12	44	6
2502	0.14	43	7
2503	0.14	43	7
2504	0.14	43	7
2505	0.14	43	7
2506	0.16	42	8
2507	0.16	42	8
2508	0.18	41	9
2509	0.20	40	10
2510	0.22	39	11
2511	0.24	38	12
2512	0.26	37	13
2513	0.26	37	13
2514	0.26	37	13
2515	0.28	36	14
2516	0.30	35	15
2517	0.32	34	16
2518	0.34	33	17
2519	0.36	32	18
2520	0.38	31	19
2521	0.40	30	20
2522	0.42	29	21
2523	0.44	28	22
2524	0.46	27	23
2525	0.48	26	24
2526	0.50	25	25
2527	0.52	24	26
2528	0.52	24	26
2529	0.54	23	27
2530	0.56	22	28
2531	0.56	22	28
2532	0.58	21	29
2533	0.60	20	30
2534	0.62	19	31
2535	0.64	18	32
2536	0.66	17	33
2537	0.68	16	34
2538	0.70	15	35
2539	0.70	15	35
2540	0.72	14	36
2541	0.74	13	37
2542	0.76	12	38
2543	0.78	11	39
2544	0.80	10	40
2545	0.82	9	41
2546	0.84	8	42
2547	0.84	8	42
2548	0.86	7	43
2549	0.88	6	44
2550	0.88	6	44
2551	0.88	6	44
2552	0.88	6	44
2553	0.90	5	45
2554	0.92	4	46
2555	0.92	4	46
2556	0.92	4	46
2557	0.94	3	47
2558	0.94	3	47
2559	0.92	4	46
2560	0.92	4	46
2561	0.92	4	46
2562	0.92	4	46
2563	0.94	3	47
2564	0.94	3	47
2565	0.94	3	47
2566	0.94	3	47
2567	0.94	3	47
2568	0.94	3	47
2569	0.94	3	47
2570	0.94	3	47
2571	0.94	3	47
2572	0.94	3	47
2573	0.94	3	47
2574	0.94	3	47
2575	0.94	3	47
2576	0.94	3	47
2577	0.94	3	47
2578	0.92	4	46
2579	0.92	4	46
2580	0.92	4	46
2581	0.92	4	46
2582	0.92	4	46
2583	0.92	4	46
2584	0.92	4	46
2585	0.92	4	46
2586	0.92	4	46
2587	0.92	4	46
2588	0.92	4	46
2589	0.90	5	45
2590	0.90	5	45
2591	0.88	6	44
2592	0.88	6	44
2593	0.88	6	44
2594	0.88	6	44
2595	0.88	6	44
2596	0.86	7	43
2597	0.88	6	44
2598	0.86	7	43
2599	0.86	7	43
2600	0.86	7	43
2601	0.84	8	42
2602	0.84	8	42
2603	0.84	8	42
2604	0.84	8	42
2605	0.84	8	42
2606	0.84	8	42
2607	0.84	8	42
2608	0.84	8	42
2609	0.86	7	43
2610	0.86	7	43
2611	0.86	7	43
2612	0.86	7	43
2613	0.86	7	43
2614	0.88	6	44
2615	0.88	6	44
2616	0.88	6	44
2617	0.88	6	44
2618	0.86	7	43
2619	0.84	8	42
2620	0.84	8	42
2621	0.82	9	41
2622	0.82	9	41
2623	0.82	9	41
2624	0.82	9	41
2625	0.82	9	41
2626	0.80	10	40
2627	0.80	10	40
2628	0.82	9	41
2629	0.80	10	40
2630	0.78	11	39
2631	0.78	11	39
2632	0.78	11	39
2633	0.78	11	39
2634	0.78	11	39
2635	0.78	11	39
2636	0.78	11	39
2637	0.78	11	39
2638	0.76	12	38
2639	0.78	11	39
2640	0.78	11	39
2641	0.80	10	40
2642	0.80	10	40
2643	0.80	10	40
2644	0.80	10	40
2645	0.80	10	40
2646	0.82	9	41
2647	0.82	9	41
2648	0.82	9	41
2649	0.80	10	40
2650	0.80	10	40
2651	0.82	9	41
2652	0.82	9	41
2653	0.82	9	41
2654	0.82	9	41
2655	0.82	9	41
2656	0.82	9	41
2657	0.82	9	41
2658	0.82	9	41
2659	0.82	9	41
2660	0.80	10	40
2661	0.80	10	40
2662	0.80	10	40
2663	0.80	10	40
2664	0.80	10	40
2665	0.80	10	40
2666	0.80	10	40
2667	0.80	10	40
2668	0.82	9	41
2669	0.84	8	42
2670	0.84	8	42
2671	0.86	7	43
2672	0.86	7	43
2673	0.86	7	43
2674	0.86	7	43
2675	0.84	8	42
2676	0.84	8	42
2677	0.84	8	42
2678	0.82	9	41
2679	0.84	8	42
2680	0.86	7	43
2681	0.86	7	43
2682	0.86	7	43
2683	0.86	7	43
2684	0.86	7	43
2685	0.86	7	43
2686	0.86	7	43
2687	0.86	7	43
2688	0.88	6	44
2689	0.88	6	44
2690	0.88	6	44
2691	0.88	6	44
2692	0.88	6	44
2693	0.88	6	44
2694	0.88	6	44
2695	0.88	6	44
2696	0.88	6	44
2697	0.88	6	44
2698	0.90	5	45
2699	0.92	4	46
2700	0.92	4	46
2701	0.92	4	46
2702	0.92	4	46
2703	0.92	4	46
2704	0.92	4	46
2705	0.92	4	46
2706	0.92	4	46
2707	0.92	4	46
2708	0.92	4	46
2709	0.92	4	46
2710	0.94	3	47
2711	0.94	3	47
2712	0.94	3	47
2713	0.92	4	46
2714	0.92	4	46
2715	0.92	4	46
2716	0.92	4	46
2717	0.92	4	46
2718	0.92	4	46
2719	0.92	4	46
2720	0.92	4	46
2721	0.92	4	46
2722	0.92	4	46
2723	0.92	4	46
2724	0.92	4	46
2725	0.94	3	47
2726	0.96	2	48
2727	0.94	3	47
2728	0.96	2	48
2729	0.96	2	48
2730	0.96	2	48
2731	0.96	2	48
2732	0.96	2	48
2733	0.94	3	47
2734	0.94	3	47
2735	0.94	3	47
2736	0.94	3	47
2737	0.94	3	47
2738	0.94	3	47
2739	0.94	3	47
2740	0.94	3	47
2741	0.92	4	46
2742	0.92	4	46
2743	0.92	4	46
2744	0.92	4	46
2745	0.92	4	46
2746	0.92	4	46
2747	0.92	4	46
2748	0.90	5	45
2749	0.90	5	45
2750	0.90	5	45
2751	0.90	5	45
2752	0.90	5	45
2753	0.90	5	45
2754	0.90	5	45
2755	0.90	5	45
2756	0.90	5	45
2757	0.90	5	45
2758	0.90	5	45
2759	0.90	5	45
2760	0.90	5	45
2761	0.90	5	45
2762	0.90	5	45
2763	0.92	4	46
2764	0.92	4	46
2765	0.92	4	46
2766	0.92	4	46
2767	0.92	4	46
2768	0.92	4	46
2769	0.92	4	46
2770	0.92	4	46
2771	0.90	5	45
2772	0.90	5	45
2773	0.90	5	45
2774	0.90	5	45
2775	0.90	5	45
2776	0.90	5	45
2777	0.92	4	46
2778	0.92	4	46
2779	0.92	4	46
2780	0.92	4	46
2781	0.92	4	46
2782	0.92	4	46
2783	0.92	4	46
2784	0.92	4	46
2785	0.92	4	46
2786	0.92	4	46
2787	0.92	4	46
2788	0.92	4	46
2789	0.92	4	46
2790	0.92	4	46
2791	0.94	3	47
2792	0.94	3	47
2793	0.94	3	47
2794	0.92	4	46
2795	0.92	4	46
2796	0.92	4	46
2797	0.92	4	46
2798	0.94	3	47
2799	0.94	3	47
2800	0.94	3	47
2801	0.94	3	47
2802	0.94	3	47
2803	0.94	3	47
2804	0.94	3	47
2805	0.92	4	46
2806	0.90	5	45
2807	0.90	5	45
2808	0.90	5	45
2809	0.90	5	45
2810	0.90	5	45
2811	0.90	5	45
2812	0.90	5	45
2813	0.90	5	45
2814	0.90	5	45
2815	0.90	5	45
2816	0.90	5	45
2817	0.90	5	45
2818	0.90	5	45
2819	0.90	5	45
2820	0.90	5	45
2821	0.92	4	46
2822	0.92	4	46
2823	0.92	4	46
2824	0.92	4	46
2825	0.92	4	46
2826	0.92	4	46
2827	0.92	4	46
2828	0.92	4	46
2829	0.92	4	46
2830	0.90	5	45
2831	0.90	5	45
2832	0.90	5	45
2833	0.92	4	46
2834	0.92	4	46
2835	0.92	4	46
2836	0.92	4	46
2837	0.92	4	46
2838	0.92	4	46
2839	0.92	4	46
2840	0.92	4	46
2841	0.92	4	46
2842	0.92	4	46
2843	0.92	4	46
2844	0.94	3	47
2845	0.94	3	47
2846	0.94	3	47
2847	0.94	3	47
2848	0.94	3	47
2849	0.94	3	47
2850	0.94	3	47
2851	0.94	3	47
2852	0.94	3	47
2853	0.94	3	47
2854	0.94	3	47
2855	0.96	2	48
2856	0.98	1	49
2857	0.98	1	49
2858	0.96	2	48
2859	0.96	2	48
2860	0.96	2	48
2861	0.96	2	48
2862	0.94	3	47
2863	0.94	3	47
2864	0.94	3	47
2865	0.94	3	47
2866	0.94	3	47
2867	0.94	3	47
2868	0.94	3	47
2869	0.94	3	47
2870	0.94	3	47
2871	0.94	3	47
2872	0.94	3	47
2873	0.94	3	47
2874	0.94	3	47
2875	0.94	3	47
2876	0.92	4	46
2877	0.92	4	46
2878	0.92	4	46
2879	0.92	4	46
2880	0.94	3	47
2881	0.94	3	47
2882	0.94	3	47
2883	0.94	3	47
2884	0.94	3	47
2885	0.94	3	47
2886	0.94	3	47
2887	0.94	3	47
2888	0.94	3	47
2889	0.94	3	47
2890	0.92	4	46
2891	0.92	4	46
2892	0.92	4	46
2893	0.90	5	45
2894	0.88	6	44
2895	0.88	6	44
2896	0.88	6	44
2897	0.88	6	44
2898	0.88	6	44
2899	0.88	6	44
2900	0.88	6	44
2901	0.88	6	44
2902	0.88	6	44
2903	0.88	6	44
2904	0.88	6	44
2905	0.88	6	44
2906	0.88	6	44
2907	0.88	6	44
2908	0.90	5	45
2909	0.90	5	45
2910	0.90	5	45
2911	0.90	5	45
2912	0.92	4	46
2913	0.92	4	46
2914	0.92	4	46
2915	0.92	4	46
2916	0.92	4	46
2917	0.90	5	45
2918	0.90	5	45
2919	0.90	5	45
2920	0.90	5	45
2921	0.90	5	45
2922	0.90	5	45
2923	0.90	5	45
2924	0.90	5	45
2925	0.90	5	45
2926	0.92	4	46
2927	0.92	4	46
2928	0.92	4	46
2929	0.92	4	46
2930	0.92	4	46
2931	0.92	4	46
2932	0.92	4	46
2933	0.92	4	46
2934	0.92	4	46
2935	0.92	4	46
2936	0.92	4	46
2937	0.92	4	46
2938	0.92	4	46
2939	0.90	5	45
2940	0.92	4	46
2941	0.92	4	46
2942	0.92	4	46
2943	0.94	3	47
2944	0.96	2	48
2945	0.96	2	48
2946	0.96	2	48
2947	0.96	2	48
2948	0.96	2	48
2949	0.96	2	48
2950	0.96	2	48
2951	0.96	2	48
2952	0.96	2	48
2953	0.96	2	48
2954	0.96	2	48
2955	0.96	2	48
2956	0.96	2	48
2957	0.96	2	48
2958	0.96	2	48
2959	0.96	2	48
2960	0.96	2	48
2961	0.94	3	47
2962	0.94	3	47
2963	0.94	3	47
2964	0.94	3	47
2965	0.94	3	47
2966	0.94	3	47
2967	0.96	2	48
2968	0.96	2	48
2969	0.96	2	48
2970	0.96	2	48
2971	0.96	2	48
2972	0.96	2	48
2973	0.96	2	48
2974	0.96	2	48
2975	0.96	2	48
2976	0.94	3	47
2977	0.94	3	47
2978	0.94	3	47
2979	0.92	4	46
2980	0.92	4	46
2981	0.92	4	46
2982	0.92	4	46
2983	0.92	4	46
2984	0.92	4	46
2985	0.92	4	46
2986	0.92	4	46
2987	0.92	4	46
2988	0.92	4	46
2989	0.94	3	47
2990	0.94	3	47
2991	0.94	3	47
2992	0.94	3	47
2993	0.94	3	47
2994	0.92	4	46
2995	0.92	4	46
2996	0.92	4	46
2997	0.92	4	46
2998	0.92	4	46
2999	0.92	4	46
