timestep	swarm_quality	color_0	color_1
0	0.70	35	15
1	0.70	35	15
2	0.70	35	15
3	0.70	35	15
4	0.70	35	15
5	0.70	35	15
6	0.68	34	16
7	0.66	33	17
8	0.66	33	17
9	0.66	33	17
10	0.66	33	17
11	0.64	32	18
12	0.64	32	18
13	0.64	32	18
14	0.64	32	18
15	0.64	32	18
16	0.64	32	18
17	0.64	32	18
18	0.64	32	18
19	0.64	32	18
20	0.64	32	18
21	0.64	32	18
22	0.64	32	18
23	0.62	31	19
24	0.62	31	19
25	0.62	31	19
26	0.62	31	19
27	0.60	30	20
28	0.60	30	20
29	0.60	30	20
30	0.60	30	20
31	0.60	30	20
32	0.60	30	20
33	0.60	30	20
34	0.60	30	20
35	0.62	31	19
36	0.64	32	18
37	0.66	33	17
38	0.68	34	16
39	0.70	35	15
40	0.70	35	15
41	0.72	36	14
42	0.74	37	13
43	0.76	38	12
44	0.78	39	11
45	0.80	40	10
46	0.82	41	9
47	0.82	41	9
48	0.84	42	8
49	0.86	43	7
50	0.86	43	7
51	0.86	43	7
52	0.86	43	7
53	0.86	43	7
54	0.86	43	7
55	0.86	43	7
56	0.88	44	6
57	0.90	45	5
58	0.90	45	5
59	0.90	45	5
60	0.90	45	5
61	0.92	46	4
62	0.92	46	4
63	0.92	46	4
64	0.92	46	4
65	0.90	45	5
66	0.88	44	6
67	0.86	43	7
68	0.86	43	7
69	0.86	43	7
70	0.86	43	7
71	0.86	43	7
72	0.86	43	7
73	0.88	44	6
74	0.88	44	6
75	0.88	44	6
76	0.88	44	6
77	0.90	45	5
78	0.90	45	5
79	0.90	45	5
80	0.90	45	5
81	0.88	44	6
82	0.88	44	6
83	0.88	44	6
84	0.88	44	6
85	0.88	44	6
86	0.88	44	6
87	0.88	44	6
88	0.88	44	6
89	0.88	44	6
90	0.88	44	6
91	0.88	44	6
92	0.88	44	6
93	0.88	44	6
94	0.88	44	6
95	0.88	44	6
96	0.86	43	7
97	0.88	44	6
98	0.88	44	6
99	0.88	44	6
100	0.88	44	6
101	0.88	44	6
102	0.88	44	6
103	0.88	44	6
104	0.88	44	6
105	0.88	44	6
106	0.88	44	6
107	0.88	44	6
108	0.88	44	6
109	0.86	43	7
110	0.86	43	7
111	0.86	43	7
112	0.86	43	7
113	0.86	43	7
114	0.86	43	7
115	0.88	44	6
116	0.90	45	5
117	0.92	46	4
118	0.92	46	4
119	0.92	46	4
120	0.92	46	4
121	0.92	46	4
122	0.92	46	4
123	0.92	46	4
124	0.92	46	4
125	0.92	46	4
126	0.92	46	4
127	0.92	46	4
128	0.92	46	4
129	0.92	46	4
130	0.92	46	4
131	0.94	47	3
132	0.92	46	4
133	0.92	46	4
134	0.92	46	4
135	0.92	46	4
136	0.92	46	4
137	0.92	46	4
138	0.92	46	4
139	0.92	46	4
140	0.94	47	3
141	0.94	47	3
142	0.94	47	3
143	0.94	47	3
144	0.94	47	3
145	0.94	47	3
146	0.96	48	2
147	0.96	48	2
148	0.96	48	2
149	0.96	48	2
150	0.96	48	2
151	0.94	47	3
152	0.92	46	4
153	0.92	46	4
154	0.92	46	4
155	0.92	46	4
156	0.92	46	4
157	0.92	46	4
158	0.92	46	4
159	0.94	47	3
160	0.94	47	3
161	0.94	47	3
162	0.94	47	3
163	0.94	47	3
164	0.94	47	3
165	0.94	47	3
166	0.94	47	3
167	0.94	47	3
168	0.94	47	3
169	0.94	47	3
170	0.92	46	4
171	0.92	46	4
172	0.92	46	4
173	0.90	45	5
174	0.90	45	5
175	0.90	45	5
176	0.90	45	5
177	0.90	45	5
178	0.90	45	5
179	0.90	45	5
180	0.90	45	5
181	0.90	45	5
182	0.92	46	4
183	0.92	46	4
184	0.92	46	4
185	0.92	46	4
186	0.92	46	4
187	0.90	45	5
188	0.90	45	5
189	0.90	45	5
190	0.90	45	5
191	0.90	45	5
192	0.88	44	6
193	0.88	44	6
194	0.88	44	6
195	0.88	44	6
196	0.88	44	6
197	0.88	44	6
198	0.88	44	6
199	0.88	44	6
200	0.88	44	6
201	0.90	45	5
202	0.92	46	4
203	0.92	46	4
204	0.92	46	4
205	0.92	46	4
206	0.92	46	4
207	0.90	45	5
208	0.90	45	5
209	0.90	45	5
210	0.90	45	5
211	0.90	45	5
212	0.90	45	5
213	0.90	45	5
214	0.90	45	5
215	0.90	45	5
216	0.90	45	5
217	0.90	45	5
218	0.90	45	5
219	0.90	45	5
220	0.90	45	5
221	0.90	45	5
222	0.90	45	5
223	0.92	46	4
224	0.92	46	4
225	0.92	46	4
226	0.92	46	4
227	0.92	46	4
228	0.92	46	4
229	0.92	46	4
230	0.92	46	4
231	0.92	46	4
232	0.92	46	4
233	0.92	46	4
234	0.92	46	4
235	0.92	46	4
236	0.92	46	4
237	0.94	47	3
238	0.94	47	3
239	0.92	46	4
240	0.92	46	4
241	0.92	46	4
242	0.94	47	3
243	0.94	47	3
244	0.92	46	4
245	0.92	46	4
246	0.92	46	4
247	0.92	46	4
248	0.92	46	4
249	0.92	46	4
250	0.92	46	4
251	0.92	46	4
252	0.92	46	4
253	0.92	46	4
254	0.92	46	4
255	0.92	46	4
256	0.90	45	5
257	0.92	46	4
258	0.92	46	4
259	0.92	46	4
260	0.92	46	4
261	0.92	46	4
262	0.92	46	4
263	0.92	46	4
264	0.92	46	4
265	0.92	46	4
266	0.92	46	4
267	0.92	46	4
268	0.92	46	4
269	0.92	46	4
270	0.94	47	3
271	0.94	47	3
272	0.94	47	3
273	0.94	47	3
274	0.94	47	3
275	0.92	46	4
276	0.92	46	4
277	0.90	45	5
278	0.90	45	5
279	0.90	45	5
280	0.88	44	6
281	0.88	44	6
282	0.88	44	6
283	0.88	44	6
284	0.88	44	6
285	0.88	44	6
286	0.88	44	6
287	0.88	44	6
288	0.86	43	7
289	0.88	44	6
290	0.88	44	6
291	0.88	44	6
292	0.86	43	7
293	0.86	43	7
294	0.88	44	6
295	0.86	43	7
296	0.86	43	7
297	0.86	43	7
298	0.86	43	7
299	0.86	43	7
300	0.86	43	7
301	0.86	43	7
302	0.86	43	7
303	0.86	43	7
304	0.86	43	7
305	0.84	42	8
306	0.86	43	7
307	0.86	43	7
308	0.86	43	7
309	0.86	43	7
310	0.86	43	7
311	0.86	43	7
312	0.86	43	7
313	0.86	43	7
314	0.86	43	7
315	0.86	43	7
316	0.86	43	7
317	0.86	43	7
318	0.84	42	8
319	0.84	42	8
320	0.82	41	9
321	0.82	41	9
322	0.82	41	9
323	0.80	40	10
324	0.80	40	10
325	0.82	41	9
326	0.82	41	9
327	0.84	42	8
328	0.84	42	8
329	0.84	42	8
330	0.86	43	7
331	0.86	43	7
332	0.86	43	7
333	0.86	43	7
334	0.86	43	7
335	0.86	43	7
336	0.86	43	7
337	0.84	42	8
338	0.86	43	7
339	0.86	43	7
340	0.86	43	7
341	0.86	43	7
342	0.88	44	6
343	0.88	44	6
344	0.88	44	6
345	0.90	45	5
346	0.90	45	5
347	0.90	45	5
348	0.90	45	5
349	0.90	45	5
350	0.90	45	5
351	0.90	45	5
352	0.90	45	5
353	0.90	45	5
354	0.90	45	5
355	0.92	46	4
356	0.92	46	4
357	0.92	46	4
358	0.92	46	4
359	0.92	46	4
360	0.92	46	4
361	0.90	45	5
362	0.90	45	5
363	0.90	45	5
364	0.90	45	5
365	0.90	45	5
366	0.90	45	5
367	0.90	45	5
368	0.92	46	4
369	0.92	46	4
370	0.94	47	3
371	0.94	47	3
372	0.94	47	3
373	0.96	48	2
374	0.96	48	2
375	0.94	47	3
376	0.94	47	3
377	0.92	46	4
378	0.92	46	4
379	0.92	46	4
380	0.92	46	4
381	0.92	46	4
382	0.92	46	4
383	0.92	46	4
384	0.92	46	4
385	0.92	46	4
386	0.92	46	4
387	0.94	47	3
388	0.94	47	3
389	0.94	47	3
390	0.94	47	3
391	0.94	47	3
392	0.94	47	3
393	0.94	47	3
394	0.94	47	3
395	0.94	47	3
396	0.94	47	3
397	0.94	47	3
398	0.94	47	3
399	0.92	46	4
400	0.92	46	4
401	0.90	45	5
402	0.90	45	5
403	0.90	45	5
404	0.90	45	5
405	0.88	44	6
406	0.88	44	6
407	0.88	44	6
408	0.88	44	6
409	0.88	44	6
410	0.88	44	6
411	0.88	44	6
412	0.88	44	6
413	0.88	44	6
414	0.88	44	6
415	0.88	44	6
416	0.88	44	6
417	0.88	44	6
418	0.88	44	6
419	0.88	44	6
420	0.86	43	7
421	0.86	43	7
422	0.86	43	7
423	0.86	43	7
424	0.86	43	7
425	0.88	44	6
426	0.88	44	6
427	0.88	44	6
428	0.88	44	6
429	0.88	44	6
430	0.88	44	6
431	0.88	44	6
432	0.88	44	6
433	0.88	44	6
434	0.88	44	6
435	0.88	44	6
436	0.88	44	6
437	0.88	44	6
438	0.88	44	6
439	0.88	44	6
440	0.88	44	6
441	0.88	44	6
442	0.88	44	6
443	0.88	44	6
444	0.88	44	6
445	0.88	44	6
446	0.86	43	7
447	0.86	43	7
448	0.86	43	7
449	0.88	44	6
450	0.88	44	6
451	0.88	44	6
452	0.88	44	6
453	0.88	44	6
454	0.88	44	6
455	0.90	45	5
456	0.90	45	5
457	0.90	45	5
458	0.90	45	5
459	0.90	45	5
460	0.90	45	5
461	0.92	46	4
462	0.92	46	4
463	0.92	46	4
464	0.90	45	5
465	0.90	45	5
466	0.90	45	5
467	0.90	45	5
468	0.90	45	5
469	0.90	45	5
470	0.90	45	5
471	0.90	45	5
472	0.90	45	5
473	0.90	45	5
474	0.90	45	5
475	0.90	45	5
476	0.90	45	5
477	0.92	46	4
478	0.92	46	4
479	0.92	46	4
480	0.90	45	5
481	0.90	45	5
482	0.90	45	5
483	0.90	45	5
484	0.90	45	5
485	0.90	45	5
486	0.90	45	5
487	0.90	45	5
488	0.90	45	5
489	0.90	45	5
490	0.90	45	5
491	0.90	45	5
492	0.90	45	5
493	0.90	45	5
494	0.90	45	5
495	0.90	45	5
496	0.92	46	4
497	0.92	46	4
498	0.92	46	4
499	0.92	46	4
500	0.10	45	5
501	0.10	45	5
502	0.12	44	6
503	0.14	43	7
504	0.14	43	7
505	0.16	42	8
506	0.18	41	9
507	0.20	40	10
508	0.22	39	11
509	0.24	38	12
510	0.26	37	13
511	0.28	36	14
512	0.30	35	15
513	0.30	35	15
514	0.30	35	15
515	0.32	34	16
516	0.34	33	17
517	0.36	32	18
518	0.38	31	19
519	0.40	30	20
520	0.40	30	20
521	0.42	29	21
522	0.44	28	22
523	0.46	27	23
524	0.48	26	24
525	0.50	25	25
526	0.52	24	26
527	0.54	23	27
528	0.56	22	28
529	0.58	21	29
530	0.58	21	29
531	0.58	21	29
532	0.60	20	30
533	0.60	20	30
534	0.62	19	31
535	0.64	18	32
536	0.66	17	33
537	0.68	16	34
538	0.70	15	35
539	0.72	14	36
540	0.74	13	37
541	0.76	12	38
542	0.78	11	39
543	0.80	10	40
544	0.82	9	41
545	0.84	8	42
546	0.86	7	43
547	0.88	6	44
548	0.90	5	45
549	0.90	5	45
550	0.90	5	45
551	0.88	6	44
552	0.88	6	44
553	0.88	6	44
554	0.90	5	45
555	0.88	6	44
556	0.88	6	44
557	0.88	6	44
558	0.88	6	44
559	0.88	6	44
560	0.88	6	44
561	0.88	6	44
562	0.88	6	44
563	0.90	5	45
564	0.90	5	45
565	0.90	5	45
566	0.90	5	45
567	0.88	6	44
568	0.88	6	44
569	0.86	7	43
570	0.86	7	43
571	0.86	7	43
572	0.86	7	43
573	0.86	7	43
574	0.86	7	43
575	0.84	8	42
576	0.84	8	42
577	0.84	8	42
578	0.84	8	42
579	0.84	8	42
580	0.84	8	42
581	0.86	7	43
582	0.86	7	43
583	0.88	6	44
584	0.88	6	44
585	0.88	6	44
586	0.88	6	44
587	0.86	7	43
588	0.86	7	43
589	0.86	7	43
590	0.86	7	43
591	0.86	7	43
592	0.86	7	43
593	0.86	7	43
594	0.84	8	42
595	0.84	8	42
596	0.84	8	42
597	0.84	8	42
598	0.84	8	42
599	0.86	7	43
600	0.86	7	43
601	0.88	6	44
602	0.86	7	43
603	0.84	8	42
604	0.84	8	42
605	0.86	7	43
606	0.86	7	43
607	0.86	7	43
608	0.86	7	43
609	0.86	7	43
610	0.86	7	43
611	0.86	7	43
612	0.86	7	43
613	0.86	7	43
614	0.86	7	43
615	0.86	7	43
616	0.86	7	43
617	0.88	6	44
618	0.88	6	44
619	0.90	5	45
620	0.90	5	45
621	0.90	5	45
622	0.90	5	45
623	0.90	5	45
624	0.90	5	45
625	0.92	4	46
626	0.90	5	45
627	0.90	5	45
628	0.90	5	45
629	0.90	5	45
630	0.88	6	44
631	0.86	7	43
632	0.86	7	43
633	0.86	7	43
634	0.86	7	43
635	0.86	7	43
636	0.86	7	43
637	0.88	6	44
638	0.88	6	44
639	0.88	6	44
640	0.88	6	44
641	0.86	7	43
642	0.86	7	43
643	0.86	7	43
644	0.88	6	44
645	0.86	7	43
646	0.86	7	43
647	0.84	8	42
648	0.84	8	42
649	0.84	8	42
650	0.84	8	42
651	0.84	8	42
652	0.86	7	43
653	0.88	6	44
654	0.88	6	44
655	0.88	6	44
656	0.88	6	44
657	0.88	6	44
658	0.88	6	44
659	0.88	6	44
660	0.88	6	44
661	0.86	7	43
662	0.86	7	43
663	0.86	7	43
664	0.86	7	43
665	0.86	7	43
666	0.86	7	43
667	0.86	7	43
668	0.86	7	43
669	0.86	7	43
670	0.84	8	42
671	0.84	8	42
672	0.84	8	42
673	0.84	8	42
674	0.84	8	42
675	0.84	8	42
676	0.86	7	43
677	0.86	7	43
678	0.84	8	42
679	0.84	8	42
680	0.86	7	43
681	0.88	6	44
682	0.86	7	43
683	0.86	7	43
684	0.84	8	42
685	0.84	8	42
686	0.84	8	42
687	0.82	9	41
688	0.82	9	41
689	0.82	9	41
690	0.82	9	41
691	0.84	8	42
692	0.84	8	42
693	0.84	8	42
694	0.84	8	42
695	0.86	7	43
696	0.86	7	43
697	0.88	6	44
698	0.88	6	44
699	0.88	6	44
700	0.88	6	44
701	0.88	6	44
702	0.86	7	43
703	0.84	8	42
704	0.84	8	42
705	0.84	8	42
706	0.84	8	42
707	0.84	8	42
708	0.84	8	42
709	0.84	8	42
710	0.84	8	42
711	0.86	7	43
712	0.86	7	43
713	0.86	7	43
714	0.84	8	42
715	0.84	8	42
716	0.84	8	42
717	0.84	8	42
718	0.84	8	42
719	0.84	8	42
720	0.84	8	42
721	0.84	8	42
722	0.84	8	42
723	0.84	8	42
724	0.84	8	42
725	0.84	8	42
726	0.84	8	42
727	0.84	8	42
728	0.86	7	43
729	0.86	7	43
730	0.84	8	42
731	0.84	8	42
732	0.86	7	43
733	0.86	7	43
734	0.88	6	44
735	0.88	6	44
736	0.88	6	44
737	0.90	5	45
738	0.90	5	45
739	0.90	5	45
740	0.90	5	45
741	0.90	5	45
742	0.90	5	45
743	0.90	5	45
744	0.90	5	45
745	0.90	5	45
746	0.88	6	44
747	0.88	6	44
748	0.88	6	44
749	0.88	6	44
750	0.88	6	44
751	0.88	6	44
752	0.90	5	45
753	0.92	4	46
754	0.92	4	46
755	0.90	5	45
756	0.88	6	44
757	0.88	6	44
758	0.88	6	44
759	0.86	7	43
760	0.86	7	43
761	0.86	7	43
762	0.86	7	43
763	0.86	7	43
764	0.88	6	44
765	0.88	6	44
766	0.86	7	43
767	0.86	7	43
768	0.86	7	43
769	0.84	8	42
770	0.86	7	43
771	0.86	7	43
772	0.86	7	43
773	0.86	7	43
774	0.84	8	42
775	0.82	9	41
776	0.82	9	41
777	0.82	9	41
778	0.82	9	41
779	0.82	9	41
780	0.84	8	42
781	0.84	8	42
782	0.84	8	42
783	0.84	8	42
784	0.84	8	42
785	0.82	9	41
786	0.82	9	41
787	0.82	9	41
788	0.82	9	41
789	0.82	9	41
790	0.82	9	41
791	0.82	9	41
792	0.82	9	41
793	0.82	9	41
794	0.82	9	41
795	0.82	9	41
796	0.84	8	42
797	0.82	9	41
798	0.82	9	41
799	0.82	9	41
800	0.82	9	41
801	0.82	9	41
802	0.82	9	41
803	0.82	9	41
804	0.82	9	41
805	0.82	9	41
806	0.84	8	42
807	0.84	8	42
808	0.84	8	42
809	0.86	7	43
810	0.86	7	43
811	0.86	7	43
812	0.86	7	43
813	0.86	7	43
814	0.86	7	43
815	0.86	7	43
816	0.88	6	44
817	0.88	6	44
818	0.88	6	44
819	0.90	5	45
820	0.90	5	45
821	0.90	5	45
822	0.90	5	45
823	0.90	5	45
824	0.92	4	46
825	0.94	3	47
826	0.94	3	47
827	0.92	4	46
828	0.92	4	46
829	0.90	5	45
830	0.90	5	45
831	0.90	5	45
832	0.90	5	45
833	0.90	5	45
834	0.90	5	45
835	0.90	5	45
836	0.90	5	45
837	0.90	5	45
838	0.90	5	45
839	0.90	5	45
840	0.90	5	45
841	0.90	5	45
842	0.90	5	45
843	0.90	5	45
844	0.90	5	45
845	0.90	5	45
846	0.90	5	45
847	0.92	4	46
848	0.92	4	46
849	0.92	4	46
850	0.92	4	46
851	0.92	4	46
852	0.92	4	46
853	0.90	5	45
854	0.90	5	45
855	0.92	4	46
856	0.92	4	46
857	0.92	4	46
858	0.92	4	46
859	0.92	4	46
860	0.92	4	46
861	0.92	4	46
862	0.92	4	46
863	0.92	4	46
864	0.92	4	46
865	0.90	5	45
866	0.90	5	45
867	0.90	5	45
868	0.90	5	45
869	0.90	5	45
870	0.90	5	45
871	0.90	5	45
872	0.90	5	45
873	0.90	5	45
874	0.90	5	45
875	0.90	5	45
876	0.90	5	45
877	0.90	5	45
878	0.90	5	45
879	0.92	4	46
880	0.92	4	46
881	0.92	4	46
882	0.92	4	46
883	0.92	4	46
884	0.92	4	46
885	0.92	4	46
886	0.92	4	46
887	0.92	4	46
888	0.92	4	46
889	0.92	4	46
890	0.92	4	46
891	0.92	4	46
892	0.92	4	46
893	0.92	4	46
894	0.92	4	46
895	0.92	4	46
896	0.92	4	46
897	0.92	4	46
898	0.92	4	46
899	0.92	4	46
900	0.92	4	46
901	0.92	4	46
902	0.90	5	45
903	0.90	5	45
904	0.90	5	45
905	0.88	6	44
906	0.88	6	44
907	0.88	6	44
908	0.88	6	44
909	0.88	6	44
910	0.88	6	44
911	0.86	7	43
912	0.86	7	43
913	0.86	7	43
914	0.86	7	43
915	0.86	7	43
916	0.86	7	43
917	0.84	8	42
918	0.84	8	42
919	0.84	8	42
920	0.84	8	42
921	0.84	8	42
922	0.84	8	42
923	0.84	8	42
924	0.84	8	42
925	0.84	8	42
926	0.84	8	42
927	0.86	7	43
928	0.86	7	43
929	0.86	7	43
930	0.86	7	43
931	0.86	7	43
932	0.86	7	43
933	0.86	7	43
934	0.86	7	43
935	0.88	6	44
936	0.88	6	44
937	0.88	6	44
938	0.88	6	44
939	0.88	6	44
940	0.88	6	44
941	0.88	6	44
942	0.88	6	44
943	0.88	6	44
944	0.88	6	44
945	0.88	6	44
946	0.88	6	44
947	0.88	6	44
948	0.88	6	44
949	0.88	6	44
950	0.88	6	44
951	0.88	6	44
952	0.90	5	45
953	0.92	4	46
954	0.92	4	46
955	0.94	3	47
956	0.94	3	47
957	0.94	3	47
958	0.94	3	47
959	0.94	3	47
960	0.94	3	47
961	0.96	2	48
962	0.96	2	48
963	0.96	2	48
964	0.96	2	48
965	0.98	1	49
966	0.98	1	49
967	1.00	0	50
968	1.00	0	50
969	0.98	1	49
970	0.98	1	49
971	0.98	1	49
972	0.98	1	49
973	0.98	1	49
974	0.98	1	49
975	0.96	2	48
976	0.96	2	48
977	0.96	2	48
978	0.96	2	48
979	0.96	2	48
980	0.96	2	48
981	0.96	2	48
982	0.96	2	48
983	0.96	2	48
984	0.96	2	48
985	0.96	2	48
986	0.94	3	47
987	0.94	3	47
988	0.94	3	47
989	0.94	3	47
990	0.94	3	47
991	0.94	3	47
992	0.94	3	47
993	0.92	4	46
994	0.92	4	46
995	0.92	4	46
996	0.92	4	46
997	0.92	4	46
998	0.92	4	46
999	0.92	4	46
1000	0.10	5	45
1001	0.12	6	44
1002	0.12	6	44
1003	0.12	6	44
1004	0.14	7	43
1005	0.14	7	43
1006	0.16	8	42
1007	0.18	9	41
1008	0.20	10	40
1009	0.20	10	40
1010	0.22	11	39
1011	0.24	12	38
1012	0.26	13	37
1013	0.28	14	36
1014	0.30	15	35
1015	0.32	16	34
1016	0.34	17	33
1017	0.36	18	32
1018	0.38	19	31
1019	0.36	18	32
1020	0.38	19	31
1021	0.40	20	30
1022	0.42	21	29
1023	0.44	22	28
1024	0.46	23	27
1025	0.46	23	27
1026	0.48	24	26
1027	0.50	25	25
1028	0.52	26	24
1029	0.54	27	23
1030	0.56	28	22
1031	0.58	29	21
1032	0.60	30	20
1033	0.60	30	20
1034	0.62	31	19
1035	0.64	32	18
1036	0.62	31	19
1037	0.64	32	18
1038	0.66	33	17
1039	0.68	34	16
1040	0.70	35	15
1041	0.70	35	15
1042	0.72	36	14
1043	0.72	36	14
1044	0.74	37	13
1045	0.74	37	13
1046	0.76	38	12
1047	0.78	39	11
1048	0.78	39	11
1049	0.80	40	10
1050	0.80	40	10
1051	0.80	40	10
1052	0.82	41	9
1053	0.84	42	8
1054	0.84	42	8
1055	0.86	43	7
1056	0.86	43	7
1057	0.86	43	7
1058	0.86	43	7
1059	0.88	44	6
1060	0.88	44	6
1061	0.88	44	6
1062	0.88	44	6
1063	0.88	44	6
1064	0.88	44	6
1065	0.86	43	7
1066	0.86	43	7
1067	0.86	43	7
1068	0.86	43	7
1069	0.88	44	6
1070	0.86	43	7
1071	0.86	43	7
1072	0.86	43	7
1073	0.86	43	7
1074	0.86	43	7
1075	0.86	43	7
1076	0.86	43	7
1077	0.86	43	7
1078	0.86	43	7
1079	0.84	42	8
1080	0.84	42	8
1081	0.84	42	8
1082	0.84	42	8
1083	0.86	43	7
1084	0.86	43	7
1085	0.86	43	7
1086	0.88	44	6
1087	0.88	44	6
1088	0.88	44	6
1089	0.88	44	6
1090	0.88	44	6
1091	0.90	45	5
1092	0.88	44	6
1093	0.88	44	6
1094	0.88	44	6
1095	0.88	44	6
1096	0.88	44	6
1097	0.88	44	6
1098	0.90	45	5
1099	0.88	44	6
1100	0.88	44	6
1101	0.88	44	6
1102	0.88	44	6
1103	0.88	44	6
1104	0.88	44	6
1105	0.88	44	6
1106	0.88	44	6
1107	0.88	44	6
1108	0.88	44	6
1109	0.88	44	6
1110	0.88	44	6
1111	0.88	44	6
1112	0.88	44	6
1113	0.88	44	6
1114	0.86	43	7
1115	0.88	44	6
1116	0.86	43	7
1117	0.86	43	7
1118	0.86	43	7
1119	0.84	42	8
1120	0.86	43	7
1121	0.86	43	7
1122	0.84	42	8
1123	0.82	41	9
1124	0.82	41	9
1125	0.82	41	9
1126	0.82	41	9
1127	0.82	41	9
1128	0.82	41	9
1129	0.84	42	8
1130	0.84	42	8
1131	0.84	42	8
1132	0.82	41	9
1133	0.82	41	9
1134	0.82	41	9
1135	0.80	40	10
1136	0.80	40	10
1137	0.80	40	10
1138	0.80	40	10
1139	0.80	40	10
1140	0.80	40	10
1141	0.80	40	10
1142	0.82	41	9
1143	0.82	41	9
1144	0.82	41	9
1145	0.84	42	8
1146	0.84	42	8
1147	0.84	42	8
1148	0.84	42	8
1149	0.86	43	7
1150	0.86	43	7
1151	0.86	43	7
1152	0.86	43	7
1153	0.86	43	7
1154	0.86	43	7
1155	0.86	43	7
1156	0.86	43	7
1157	0.86	43	7
1158	0.84	42	8
1159	0.84	42	8
1160	0.84	42	8
1161	0.84	42	8
1162	0.84	42	8
1163	0.84	42	8
1164	0.86	43	7
1165	0.84	42	8
1166	0.84	42	8
1167	0.82	41	9
1168	0.82	41	9
1169	0.84	42	8
1170	0.84	42	8
1171	0.84	42	8
1172	0.84	42	8
1173	0.86	43	7
1174	0.86	43	7
1175	0.86	43	7
1176	0.86	43	7
1177	0.86	43	7
1178	0.86	43	7
1179	0.86	43	7
1180	0.86	43	7
1181	0.86	43	7
1182	0.88	44	6
1183	0.88	44	6
1184	0.88	44	6
1185	0.90	45	5
1186	0.90	45	5
1187	0.90	45	5
1188	0.90	45	5
1189	0.90	45	5
1190	0.90	45	5
1191	0.90	45	5
1192	0.90	45	5
1193	0.90	45	5
1194	0.90	45	5
1195	0.90	45	5
1196	0.90	45	5
1197	0.90	45	5
1198	0.90	45	5
1199	0.88	44	6
1200	0.88	44	6
1201	0.88	44	6
1202	0.88	44	6
1203	0.88	44	6
1204	0.88	44	6
1205	0.88	44	6
1206	0.86	43	7
1207	0.86	43	7
1208	0.88	44	6
1209	0.88	44	6
1210	0.88	44	6
1211	0.88	44	6
1212	0.88	44	6
1213	0.88	44	6
1214	0.88	44	6
1215	0.90	45	5
1216	0.92	46	4
1217	0.92	46	4
1218	0.92	46	4
1219	0.90	45	5
1220	0.90	45	5
1221	0.90	45	5
1222	0.92	46	4
1223	0.92	46	4
1224	0.92	46	4
1225	0.92	46	4
1226	0.92	46	4
1227	0.92	46	4
1228	0.92	46	4
1229	0.92	46	4
1230	0.92	46	4
1231	0.90	45	5
1232	0.88	44	6
1233	0.88	44	6
1234	0.88	44	6
1235	0.88	44	6
1236	0.88	44	6
1237	0.88	44	6
1238	0.88	44	6
1239	0.88	44	6
1240	0.88	44	6
1241	0.88	44	6
1242	0.88	44	6
1243	0.88	44	6
1244	0.88	44	6
1245	0.88	44	6
1246	0.88	44	6
1247	0.88	44	6
1248	0.88	44	6
1249	0.90	45	5
1250	0.90	45	5
1251	0.88	44	6
1252	0.88	44	6
1253	0.86	43	7
1254	0.84	42	8
1255	0.84	42	8
1256	0.86	43	7
1257	0.86	43	7
1258	0.86	43	7
1259	0.86	43	7
1260	0.86	43	7
1261	0.86	43	7
1262	0.86	43	7
1263	0.86	43	7
1264	0.84	42	8
1265	0.84	42	8
1266	0.84	42	8
1267	0.86	43	7
1268	0.86	43	7
1269	0.88	44	6
1270	0.88	44	6
1271	0.88	44	6
1272	0.88	44	6
1273	0.88	44	6
1274	0.88	44	6
1275	0.88	44	6
1276	0.88	44	6
1277	0.88	44	6
1278	0.88	44	6
1279	0.88	44	6
1280	0.88	44	6
1281	0.90	45	5
1282	0.92	46	4
1283	0.92	46	4
1284	0.92	46	4
1285	0.92	46	4
1286	0.92	46	4
1287	0.92	46	4
1288	0.92	46	4
1289	0.92	46	4
1290	0.92	46	4
1291	0.90	45	5
1292	0.90	45	5
1293	0.90	45	5
1294	0.90	45	5
1295	0.90	45	5
1296	0.88	44	6
1297	0.88	44	6
1298	0.88	44	6
1299	0.88	44	6
1300	0.88	44	6
1301	0.88	44	6
1302	0.86	43	7
1303	0.88	44	6
1304	0.90	45	5
1305	0.90	45	5
1306	0.90	45	5
1307	0.90	45	5
1308	0.90	45	5
1309	0.90	45	5
1310	0.90	45	5
1311	0.90	45	5
1312	0.90	45	5
1313	0.90	45	5
1314	0.92	46	4
1315	0.92	46	4
1316	0.92	46	4
1317	0.92	46	4
1318	0.92	46	4
1319	0.92	46	4
1320	0.92	46	4
1321	0.92	46	4
1322	0.92	46	4
1323	0.92	46	4
1324	0.92	46	4
1325	0.92	46	4
1326	0.92	46	4
1327	0.90	45	5
1328	0.90	45	5
1329	0.90	45	5
1330	0.90	45	5
1331	0.90	45	5
1332	0.90	45	5
1333	0.90	45	5
1334	0.88	44	6
1335	0.88	44	6
1336	0.88	44	6
1337	0.86	43	7
1338	0.86	43	7
1339	0.86	43	7
1340	0.86	43	7
1341	0.88	44	6
1342	0.88	44	6
1343	0.88	44	6
1344	0.88	44	6
1345	0.88	44	6
1346	0.90	45	5
1347	0.90	45	5
1348	0.90	45	5
1349	0.90	45	5
1350	0.90	45	5
1351	0.90	45	5
1352	0.92	46	4
1353	0.92	46	4
1354	0.92	46	4
1355	0.92	46	4
1356	0.92	46	4
1357	0.92	46	4
1358	0.92	46	4
1359	0.92	46	4
1360	0.92	46	4
1361	0.92	46	4
1362	0.92	46	4
1363	0.92	46	4
1364	0.92	46	4
1365	0.92	46	4
1366	0.92	46	4
1367	0.92	46	4
1368	0.90	45	5
1369	0.90	45	5
1370	0.90	45	5
1371	0.90	45	5
1372	0.90	45	5
1373	0.88	44	6
1374	0.88	44	6
1375	0.88	44	6
1376	0.88	44	6
1377	0.90	45	5
1378	0.88	44	6
1379	0.88	44	6
1380	0.88	44	6
1381	0.86	43	7
1382	0.86	43	7
1383	0.84	42	8
1384	0.86	43	7
1385	0.86	43	7
1386	0.84	42	8
1387	0.86	43	7
1388	0.86	43	7
1389	0.86	43	7
1390	0.86	43	7
1391	0.86	43	7
1392	0.86	43	7
1393	0.86	43	7
1394	0.86	43	7
1395	0.86	43	7
1396	0.86	43	7
1397	0.86	43	7
1398	0.84	42	8
1399	0.82	41	9
1400	0.80	40	10
1401	0.82	41	9
1402	0.82	41	9
1403	0.82	41	9
1404	0.82	41	9
1405	0.82	41	9
1406	0.82	41	9
1407	0.82	41	9
1408	0.82	41	9
1409	0.82	41	9
1410	0.82	41	9
1411	0.82	41	9
1412	0.82	41	9
1413	0.82	41	9
1414	0.80	40	10
1415	0.80	40	10
1416	0.80	40	10
1417	0.80	40	10
1418	0.82	41	9
1419	0.82	41	9
1420	0.82	41	9
1421	0.80	40	10
1422	0.80	40	10
1423	0.80	40	10
1424	0.80	40	10
1425	0.80	40	10
1426	0.80	40	10
1427	0.78	39	11
1428	0.80	40	10
1429	0.80	40	10
1430	0.80	40	10
1431	0.82	41	9
1432	0.82	41	9
1433	0.84	42	8
1434	0.84	42	8
1435	0.84	42	8
1436	0.86	43	7
1437	0.86	43	7
1438	0.86	43	7
1439	0.86	43	7
1440	0.86	43	7
1441	0.86	43	7
1442	0.86	43	7
1443	0.84	42	8
1444	0.84	42	8
1445	0.82	41	9
1446	0.82	41	9
1447	0.80	40	10
1448	0.82	41	9
1449	0.84	42	8
1450	0.86	43	7
1451	0.86	43	7
1452	0.86	43	7
1453	0.86	43	7
1454	0.86	43	7
1455	0.86	43	7
1456	0.86	43	7
1457	0.86	43	7
1458	0.86	43	7
1459	0.86	43	7
1460	0.86	43	7
1461	0.86	43	7
1462	0.86	43	7
1463	0.86	43	7
1464	0.86	43	7
1465	0.86	43	7
1466	0.86	43	7
1467	0.86	43	7
1468	0.86	43	7
1469	0.86	43	7
1470	0.86	43	7
1471	0.88	44	6
1472	0.88	44	6
1473	0.90	45	5
1474	0.90	45	5
1475	0.90	45	5
1476	0.90	45	5
1477	0.92	46	4
1478	0.92	46	4
1479	0.92	46	4
1480	0.92	46	4
1481	0.92	46	4
1482	0.92	46	4
1483	0.92	46	4
1484	0.92	46	4
1485	0.92	46	4
1486	0.90	45	5
1487	0.90	45	5
1488	0.90	45	5
1489	0.90	45	5
1490	0.90	45	5
1491	0.90	45	5
1492	0.90	45	5
1493	0.92	46	4
1494	0.92	46	4
1495	0.94	47	3
1496	0.92	46	4
1497	0.94	47	3
1498	0.94	47	3
1499	0.94	47	3
1500	0.08	46	4
1501	0.10	45	5
1502	0.12	44	6
1503	0.14	43	7
1504	0.16	42	8
1505	0.16	42	8
1506	0.16	42	8
1507	0.18	41	9
1508	0.20	40	10
1509	0.22	39	11
1510	0.22	39	11
1511	0.24	38	12
1512	0.26	37	13
1513	0.28	36	14
1514	0.26	37	13
1515	0.28	36	14
1516	0.30	35	15
1517	0.32	34	16
1518	0.32	34	16
1519	0.32	34	16
1520	0.34	33	17
1521	0.36	32	18
1522	0.38	31	19
1523	0.40	30	20
1524	0.42	29	21
1525	0.44	28	22
1526	0.44	28	22
1527	0.44	28	22
1528	0.46	27	23
1529	0.48	26	24
1530	0.50	25	25
1531	0.52	24	26
1532	0.52	24	26
1533	0.52	24	26
1534	0.54	23	27
1535	0.56	22	28
1536	0.56	22	28
1537	0.58	21	29
1538	0.60	20	30
1539	0.62	19	31
1540	0.64	18	32
1541	0.66	17	33
1542	0.66	17	33
1543	0.68	16	34
1544	0.70	15	35
1545	0.72	14	36
1546	0.70	15	35
1547	0.72	14	36
1548	0.74	13	37
1549	0.76	12	38
1550	0.76	12	38
1551	0.76	12	38
1552	0.76	12	38
1553	0.76	12	38
1554	0.76	12	38
1555	0.78	11	39
1556	0.80	10	40
1557	0.80	10	40
1558	0.80	10	40
1559	0.80	10	40
1560	0.80	10	40
1561	0.80	10	40
1562	0.80	10	40
1563	0.78	11	39
1564	0.80	10	40
1565	0.80	10	40
1566	0.80	10	40
1567	0.80	10	40
1568	0.82	9	41
1569	0.84	8	42
1570	0.84	8	42
1571	0.84	8	42
1572	0.84	8	42
1573	0.84	8	42
1574	0.84	8	42
1575	0.84	8	42
1576	0.84	8	42
1577	0.86	7	43
1578	0.86	7	43
1579	0.86	7	43
1580	0.86	7	43
1581	0.86	7	43
1582	0.88	6	44
1583	0.90	5	45
1584	0.90	5	45
1585	0.90	5	45
1586	0.90	5	45
1587	0.90	5	45
1588	0.90	5	45
1589	0.90	5	45
1590	0.90	5	45
1591	0.90	5	45
1592	0.92	4	46
1593	0.92	4	46
1594	0.92	4	46
1595	0.92	4	46
1596	0.94	3	47
1597	0.94	3	47
1598	0.94	3	47
1599	0.94	3	47
1600	0.94	3	47
1601	0.94	3	47
1602	0.94	3	47
1603	0.94	3	47
1604	0.94	3	47
1605	0.94	3	47
1606	0.94	3	47
1607	0.94	3	47
1608	0.94	3	47
1609	0.92	4	46
1610	0.94	3	47
1611	0.94	3	47
1612	0.94	3	47
1613	0.96	2	48
1614	0.96	2	48
1615	0.96	2	48
1616	0.96	2	48
1617	0.96	2	48
1618	0.96	2	48
1619	0.96	2	48
1620	0.96	2	48
1621	0.96	2	48
1622	0.94	3	47
1623	0.94	3	47
1624	0.94	3	47
1625	0.94	3	47
1626	0.96	2	48
1627	0.96	2	48
1628	0.96	2	48
1629	0.96	2	48
1630	0.96	2	48
1631	0.96	2	48
1632	0.96	2	48
1633	0.96	2	48
1634	0.96	2	48
1635	0.96	2	48
1636	0.96	2	48
1637	0.96	2	48
1638	0.94	3	47
1639	0.94	3	47
1640	0.94	3	47
1641	0.94	3	47
1642	0.94	3	47
1643	0.94	3	47
1644	0.94	3	47
1645	0.94	3	47
1646	0.94	3	47
1647	0.94	3	47
1648	0.94	3	47
1649	0.92	4	46
1650	0.92	4	46
1651	0.92	4	46
1652	0.90	5	45
1653	0.90	5	45
1654	0.90	5	45
1655	0.90	5	45
1656	0.90	5	45
1657	0.88	6	44
1658	0.88	6	44
1659	0.90	5	45
1660	0.90	5	45
1661	0.90	5	45
1662	0.90	5	45
1663	0.90	5	45
1664	0.90	5	45
1665	0.90	5	45
1666	0.90	5	45
1667	0.88	6	44
1668	0.86	7	43
1669	0.86	7	43
1670	0.86	7	43
1671	0.86	7	43
1672	0.88	6	44
1673	0.88	6	44
1674	0.88	6	44
1675	0.88	6	44
1676	0.88	6	44
1677	0.88	6	44
1678	0.86	7	43
1679	0.86	7	43
1680	0.86	7	43
1681	0.86	7	43
1682	0.86	7	43
1683	0.86	7	43
1684	0.86	7	43
1685	0.86	7	43
1686	0.86	7	43
1687	0.86	7	43
1688	0.88	6	44
1689	0.88	6	44
1690	0.88	6	44
1691	0.88	6	44
1692	0.88	6	44
1693	0.86	7	43
1694	0.86	7	43
1695	0.86	7	43
1696	0.86	7	43
1697	0.86	7	43
1698	0.86	7	43
1699	0.88	6	44
1700	0.88	6	44
1701	0.88	6	44
1702	0.90	5	45
1703	0.90	5	45
1704	0.88	6	44
1705	0.88	6	44
1706	0.88	6	44
1707	0.90	5	45
1708	0.90	5	45
1709	0.90	5	45
1710	0.88	6	44
1711	0.86	7	43
1712	0.86	7	43
1713	0.86	7	43
1714	0.86	7	43
1715	0.86	7	43
1716	0.86	7	43
1717	0.88	6	44
1718	0.90	5	45
1719	0.90	5	45
1720	0.90	5	45
1721	0.88	6	44
1722	0.86	7	43
1723	0.86	7	43
1724	0.86	7	43
1725	0.84	8	42
1726	0.84	8	42
1727	0.84	8	42
1728	0.86	7	43
1729	0.86	7	43
1730	0.86	7	43
1731	0.86	7	43
1732	0.86	7	43
1733	0.86	7	43
1734	0.86	7	43
1735	0.86	7	43
1736	0.86	7	43
1737	0.86	7	43
1738	0.86	7	43
1739	0.86	7	43
1740	0.84	8	42
1741	0.84	8	42
1742	0.82	9	41
1743	0.84	8	42
1744	0.84	8	42
1745	0.84	8	42
1746	0.84	8	42
1747	0.84	8	42
1748	0.84	8	42
1749	0.84	8	42
1750	0.84	8	42
1751	0.84	8	42
1752	0.84	8	42
1753	0.82	9	41
1754	0.82	9	41
1755	0.82	9	41
1756	0.82	9	41
1757	0.82	9	41
1758	0.82	9	41
1759	0.82	9	41
1760	0.84	8	42
1761	0.86	7	43
1762	0.86	7	43
1763	0.86	7	43
1764	0.86	7	43
1765	0.84	8	42
1766	0.84	8	42
1767	0.84	8	42
1768	0.84	8	42
1769	0.84	8	42
1770	0.84	8	42
1771	0.86	7	43
1772	0.88	6	44
1773	0.86	7	43
1774	0.86	7	43
1775	0.88	6	44
1776	0.88	6	44
1777	0.88	6	44
1778	0.88	6	44
1779	0.88	6	44
1780	0.88	6	44
1781	0.88	6	44
1782	0.88	6	44
1783	0.88	6	44
1784	0.88	6	44
1785	0.88	6	44
1786	0.88	6	44
1787	0.88	6	44
1788	0.86	7	43
1789	0.86	7	43
1790	0.88	6	44
1791	0.88	6	44
1792	0.90	5	45
1793	0.90	5	45
1794	0.90	5	45
1795	0.90	5	45
1796	0.88	6	44
1797	0.88	6	44
1798	0.88	6	44
1799	0.88	6	44
1800	0.88	6	44
1801	0.88	6	44
1802	0.88	6	44
1803	0.88	6	44
1804	0.88	6	44
1805	0.88	6	44
1806	0.88	6	44
1807	0.88	6	44
1808	0.88	6	44
1809	0.88	6	44
1810	0.88	6	44
1811	0.88	6	44
1812	0.88	6	44
1813	0.88	6	44
1814	0.88	6	44
1815	0.90	5	45
1816	0.90	5	45
1817	0.90	5	45
1818	0.90	5	45
1819	0.90	5	45
1820	0.90	5	45
1821	0.90	5	45
1822	0.90	5	45
1823	0.92	4	46
1824	0.92	4	46
1825	0.92	4	46
1826	0.92	4	46
1827	0.92	4	46
1828	0.92	4	46
1829	0.92	4	46
1830	0.92	4	46
1831	0.92	4	46
1832	0.92	4	46
1833	0.92	4	46
1834	0.92	4	46
1835	0.92	4	46
1836	0.92	4	46
1837	0.92	4	46
1838	0.94	3	47
1839	0.92	4	46
1840	0.92	4	46
1841	0.92	4	46
1842	0.92	4	46
1843	0.92	4	46
1844	0.92	4	46
1845	0.92	4	46
1846	0.94	3	47
1847	0.94	3	47
1848	0.94	3	47
1849	0.94	3	47
1850	0.92	4	46
1851	0.92	4	46
1852	0.90	5	45
1853	0.92	4	46
1854	0.94	3	47
1855	0.94	3	47
1856	0.94	3	47
1857	0.94	3	47
1858	0.92	4	46
1859	0.92	4	46
1860	0.90	5	45
1861	0.90	5	45
1862	0.90	5	45
1863	0.90	5	45
1864	0.88	6	44
1865	0.88	6	44
1866	0.86	7	43
1867	0.86	7	43
1868	0.86	7	43
1869	0.86	7	43
1870	0.84	8	42
1871	0.84	8	42
1872	0.84	8	42
1873	0.84	8	42
1874	0.84	8	42
1875	0.84	8	42
1876	0.84	8	42
1877	0.84	8	42
1878	0.84	8	42
1879	0.84	8	42
1880	0.84	8	42
1881	0.82	9	41
1882	0.82	9	41
1883	0.82	9	41
1884	0.82	9	41
1885	0.82	9	41
1886	0.82	9	41
1887	0.82	9	41
1888	0.82	9	41
1889	0.84	8	42
1890	0.84	8	42
1891	0.84	8	42
1892	0.84	8	42
1893	0.82	9	41
1894	0.82	9	41
1895	0.82	9	41
1896	0.82	9	41
1897	0.82	9	41
1898	0.82	9	41
1899	0.82	9	41
1900	0.84	8	42
1901	0.84	8	42
1902	0.86	7	43
1903	0.86	7	43
1904	0.86	7	43
1905	0.86	7	43
1906	0.86	7	43
1907	0.84	8	42
1908	0.86	7	43
1909	0.86	7	43
1910	0.88	6	44
1911	0.88	6	44
1912	0.88	6	44
1913	0.88	6	44
1914	0.88	6	44
1915	0.88	6	44
1916	0.90	5	45
1917	0.90	5	45
1918	0.90	5	45
1919	0.90	5	45
1920	0.92	4	46
1921	0.92	4	46
1922	0.92	4	46
1923	0.92	4	46
1924	0.92	4	46
1925	0.92	4	46
1926	0.92	4	46
1927	0.90	5	45
1928	0.90	5	45
1929	0.90	5	45
1930	0.90	5	45
1931	0.92	4	46
1932	0.92	4	46
1933	0.92	4	46
1934	0.90	5	45
1935	0.90	5	45
1936	0.88	6	44
1937	0.88	6	44
1938	0.88	6	44
1939	0.88	6	44
1940	0.88	6	44
1941	0.88	6	44
1942	0.86	7	43
1943	0.88	6	44
1944	0.88	6	44
1945	0.88	6	44
1946	0.86	7	43
1947	0.86	7	43
1948	0.86	7	43
1949	0.84	8	42
1950	0.84	8	42
1951	0.84	8	42
1952	0.84	8	42
1953	0.84	8	42
1954	0.84	8	42
1955	0.84	8	42
1956	0.84	8	42
1957	0.86	7	43
1958	0.84	8	42
1959	0.84	8	42
1960	0.84	8	42
1961	0.84	8	42
1962	0.84	8	42
1963	0.84	8	42
1964	0.86	7	43
1965	0.86	7	43
1966	0.86	7	43
1967	0.86	7	43
1968	0.86	7	43
1969	0.86	7	43
1970	0.86	7	43
1971	0.86	7	43
1972	0.84	8	42
1973	0.84	8	42
1974	0.84	8	42
1975	0.84	8	42
1976	0.84	8	42
1977	0.86	7	43
1978	0.86	7	43
1979	0.86	7	43
1980	0.86	7	43
1981	0.84	8	42
1982	0.84	8	42
1983	0.84	8	42
1984	0.86	7	43
1985	0.86	7	43
1986	0.88	6	44
1987	0.88	6	44
1988	0.88	6	44
1989	0.86	7	43
1990	0.86	7	43
1991	0.86	7	43
1992	0.88	6	44
1993	0.88	6	44
1994	0.88	6	44
1995	0.88	6	44
1996	0.88	6	44
1997	0.88	6	44
1998	0.88	6	44
1999	0.90	5	45
2000	0.10	5	45
2001	0.10	5	45
2002	0.10	5	45
2003	0.12	6	44
2004	0.14	7	43
2005	0.14	7	43
2006	0.16	8	42
2007	0.16	8	42
2008	0.16	8	42
2009	0.18	9	41
2010	0.20	10	40
2011	0.22	11	39
2012	0.24	12	38
2013	0.26	13	37
2014	0.26	13	37
2015	0.26	13	37
2016	0.26	13	37
2017	0.28	14	36
2018	0.30	15	35
2019	0.32	16	34
2020	0.34	17	33
2021	0.36	18	32
2022	0.36	18	32
2023	0.38	19	31
2024	0.40	20	30
2025	0.40	20	30
2026	0.40	20	30
2027	0.42	21	29
2028	0.44	22	28
2029	0.46	23	27
2030	0.48	24	26
2031	0.48	24	26
2032	0.50	25	25
2033	0.52	26	24
2034	0.54	27	23
2035	0.54	27	23
2036	0.56	28	22
2037	0.58	29	21
2038	0.60	30	20
2039	0.60	30	20
2040	0.62	31	19
2041	0.64	32	18
2042	0.66	33	17
2043	0.68	34	16
2044	0.70	35	15
2045	0.72	36	14
2046	0.72	36	14
2047	0.74	37	13
2048	0.76	38	12
2049	0.78	39	11
2050	0.80	40	10
2051	0.82	41	9
2052	0.84	42	8
2053	0.84	42	8
2054	0.84	42	8
2055	0.86	43	7
2056	0.86	43	7
2057	0.88	44	6
2058	0.88	44	6
2059	0.88	44	6
2060	0.88	44	6
2061	0.86	43	7
2062	0.86	43	7
2063	0.86	43	7
2064	0.88	44	6
2065	0.90	45	5
2066	0.92	46	4
2067	0.90	45	5
2068	0.90	45	5
2069	0.90	45	5
2070	0.90	45	5
2071	0.90	45	5
2072	0.90	45	5
2073	0.90	45	5
2074	0.90	45	5
2075	0.92	46	4
2076	0.94	47	3
2077	0.94	47	3
2078	0.94	47	3
2079	0.94	47	3
2080	0.94	47	3
2081	0.94	47	3
2082	0.94	47	3
2083	0.94	47	3
2084	0.94	47	3
2085	0.96	48	2
2086	0.96	48	2
2087	0.96	48	2
2088	0.96	48	2
2089	0.96	48	2
2090	0.96	48	2
2091	0.96	48	2
2092	0.96	48	2
2093	0.96	48	2
2094	0.96	48	2
2095	0.96	48	2
2096	0.96	48	2
2097	0.96	48	2
2098	0.96	48	2
2099	0.96	48	2
2100	0.96	48	2
2101	0.96	48	2
2102	0.96	48	2
2103	0.96	48	2
2104	0.96	48	2
2105	0.96	48	2
2106	0.96	48	2
2107	0.96	48	2
2108	0.96	48	2
2109	0.96	48	2
2110	0.96	48	2
2111	0.98	49	1
2112	0.98	49	1
2113	0.98	49	1
2114	0.98	49	1
2115	0.98	49	1
2116	0.96	48	2
2117	0.98	49	1
2118	0.98	49	1
2119	0.98	49	1
2120	0.98	49	1
2121	0.98	49	1
2122	0.98	49	1
2123	0.98	49	1
2124	0.98	49	1
2125	0.98	49	1
2126	0.98	49	1
2127	0.98	49	1
2128	0.98	49	1
2129	0.96	48	2
2130	0.94	47	3
2131	0.94	47	3
2132	0.94	47	3
2133	0.92	46	4
2134	0.92	46	4
2135	0.92	46	4
2136	0.92	46	4
2137	0.92	46	4
2138	0.92	46	4
2139	0.92	46	4
2140	0.92	46	4
2141	0.92	46	4
2142	0.92	46	4
2143	0.92	46	4
2144	0.92	46	4
2145	0.92	46	4
2146	0.92	46	4
2147	0.92	46	4
2148	0.92	46	4
2149	0.92	46	4
2150	0.92	46	4
2151	0.92	46	4
2152	0.92	46	4
2153	0.92	46	4
2154	0.92	46	4
2155	0.92	46	4
2156	0.92	46	4
2157	0.92	46	4
2158	0.92	46	4
2159	0.92	46	4
2160	0.92	46	4
2161	0.92	46	4
2162	0.92	46	4
2163	0.92	46	4
2164	0.92	46	4
2165	0.90	45	5
2166	0.92	46	4
2167	0.92	46	4
2168	0.92	46	4
2169	0.92	46	4
2170	0.90	45	5
2171	0.90	45	5
2172	0.90	45	5
2173	0.90	45	5
2174	0.90	45	5
2175	0.90	45	5
2176	0.90	45	5
2177	0.90	45	5
2178	0.90	45	5
2179	0.92	46	4
2180	0.94	47	3
2181	0.92	46	4
2182	0.92	46	4
2183	0.94	47	3
2184	0.94	47	3
2185	0.94	47	3
2186	0.94	47	3
2187	0.94	47	3
2188	0.94	47	3
2189	0.94	47	3
2190	0.94	47	3
2191	0.94	47	3
2192	0.94	47	3
2193	0.94	47	3
2194	0.94	47	3
2195	0.94	47	3
2196	0.94	47	3
2197	0.94	47	3
2198	0.94	47	3
2199	0.94	47	3
2200	0.94	47	3
2201	0.94	47	3
2202	0.94	47	3
2203	0.94	47	3
2204	0.94	47	3
2205	0.94	47	3
2206	0.94	47	3
2207	0.94	47	3
2208	0.94	47	3
2209	0.94	47	3
2210	0.94	47	3
2211	0.94	47	3
2212	0.94	47	3
2213	0.92	46	4
2214	0.92	46	4
2215	0.94	47	3
2216	0.94	47	3
2217	0.94	47	3
2218	0.92	46	4
2219	0.92	46	4
2220	0.92	46	4
2221	0.92	46	4
2222	0.92	46	4
2223	0.92	46	4
2224	0.92	46	4
2225	0.92	46	4
2226	0.90	45	5
2227	0.90	45	5
2228	0.90	45	5
2229	0.90	45	5
2230	0.90	45	5
2231	0.92	46	4
2232	0.92	46	4
2233	0.90	45	5
2234	0.90	45	5
2235	0.90	45	5
2236	0.90	45	5
2237	0.90	45	5
2238	0.90	45	5
2239	0.90	45	5
2240	0.90	45	5
2241	0.90	45	5
2242	0.88	44	6
2243	0.88	44	6
2244	0.88	44	6
2245	0.88	44	6
2246	0.88	44	6
2247	0.88	44	6
2248	0.88	44	6
2249	0.88	44	6
2250	0.88	44	6
2251	0.88	44	6
2252	0.88	44	6
2253	0.88	44	6
2254	0.88	44	6
2255	0.88	44	6
2256	0.88	44	6
2257	0.88	44	6
2258	0.88	44	6
2259	0.88	44	6
2260	0.88	44	6
2261	0.88	44	6
2262	0.86	43	7
2263	0.88	44	6
2264	0.88	44	6
2265	0.88	44	6
2266	0.88	44	6
2267	0.88	44	6
2268	0.88	44	6
2269	0.88	44	6
2270	0.90	45	5
2271	0.90	45	5
2272	0.90	45	5
2273	0.90	45	5
2274	0.90	45	5
2275	0.90	45	5
2276	0.92	46	4
2277	0.92	46	4
2278	0.92	46	4
2279	0.92	46	4
2280	0.92	46	4
2281	0.92	46	4
2282	0.92	46	4
2283	0.94	47	3
2284	0.94	47	3
2285	0.94	47	3
2286	0.94	47	3
2287	0.94	47	3
2288	0.94	47	3
2289	0.94	47	3
2290	0.94	47	3
2291	0.94	47	3
2292	0.96	48	2
2293	0.94	47	3
2294	0.94	47	3
2295	0.94	47	3
2296	0.94	47	3
2297	0.94	47	3
2298	0.94	47	3
2299	0.94	47	3
2300	0.94	47	3
2301	0.92	46	4
2302	0.92	46	4
2303	0.92	46	4
2304	0.92	46	4
2305	0.92	46	4
2306	0.92	46	4
2307	0.92	46	4
2308	0.92	46	4
2309	0.92	46	4
2310	0.92	46	4
2311	0.92	46	4
2312	0.94	47	3
2313	0.94	47	3
2314	0.94	47	3
2315	0.94	47	3
2316	0.94	47	3
2317	0.94	47	3
2318	0.96	48	2
2319	0.96	48	2
2320	0.96	48	2
2321	0.96	48	2
2322	0.96	48	2
2323	0.96	48	2
2324	0.96	48	2
2325	0.96	48	2
2326	0.96	48	2
2327	0.96	48	2
2328	0.96	48	2
2329	0.94	47	3
2330	0.94	47	3
2331	0.92	46	4
2332	0.92	46	4
2333	0.92	46	4
2334	0.92	46	4
2335	0.92	46	4
2336	0.92	46	4
2337	0.92	46	4
2338	0.90	45	5
2339	0.90	45	5
2340	0.90	45	5
2341	0.90	45	5
2342	0.90	45	5
2343	0.92	46	4
2344	0.90	45	5
2345	0.90	45	5
2346	0.90	45	5
2347	0.90	45	5
2348	0.88	44	6
2349	0.88	44	6
2350	0.88	44	6
2351	0.90	45	5
2352	0.90	45	5
2353	0.90	45	5
2354	0.90	45	5
2355	0.90	45	5
2356	0.88	44	6
2357	0.86	43	7
2358	0.86	43	7
2359	0.86	43	7
2360	0.86	43	7
2361	0.86	43	7
2362	0.86	43	7
2363	0.86	43	7
2364	0.86	43	7
2365	0.86	43	7
2366	0.86	43	7
2367	0.86	43	7
2368	0.86	43	7
2369	0.86	43	7
2370	0.86	43	7
2371	0.86	43	7
2372	0.86	43	7
2373	0.86	43	7
2374	0.86	43	7
2375	0.86	43	7
2376	0.86	43	7
2377	0.86	43	7
2378	0.86	43	7
2379	0.88	44	6
2380	0.88	44	6
2381	0.90	45	5
2382	0.90	45	5
2383	0.90	45	5
2384	0.88	44	6
2385	0.88	44	6
2386	0.88	44	6
2387	0.88	44	6
2388	0.88	44	6
2389	0.88	44	6
2390	0.88	44	6
2391	0.88	44	6
2392	0.88	44	6
2393	0.88	44	6
2394	0.90	45	5
2395	0.90	45	5
2396	0.90	45	5
2397	0.90	45	5
2398	0.92	46	4
2399	0.92	46	4
2400	0.92	46	4
2401	0.92	46	4
2402	0.92	46	4
2403	0.92	46	4
2404	0.92	46	4
2405	0.92	46	4
2406	0.94	47	3
2407	0.96	48	2
2408	0.96	48	2
2409	0.96	48	2
2410	0.94	47	3
2411	0.94	47	3
2412	0.94	47	3
2413	0.94	47	3
2414	0.92	46	4
2415	0.92	46	4
2416	0.92	46	4
2417	0.92	46	4
2418	0.92	46	4
2419	0.92	46	4
2420	0.92	46	4
2421	0.92	46	4
2422	0.92	46	4
2423	0.92	46	4
2424	0.90	45	5
2425	0.90	45	5
2426	0.90	45	5
2427	0.90	45	5
2428	0.90	45	5
2429	0.88	44	6
2430	0.88	44	6
2431	0.88	44	6
2432	0.88	44	6
2433	0.88	44	6
2434	0.90	45	5
2435	0.90	45	5
2436	0.88	44	6
2437	0.88	44	6
2438	0.88	44	6
2439	0.88	44	6
2440	0.88	44	6
2441	0.88	44	6
2442	0.88	44	6
2443	0.88	44	6
2444	0.88	44	6
2445	0.88	44	6
2446	0.88	44	6
2447	0.88	44	6
2448	0.88	44	6
2449	0.88	44	6
2450	0.88	44	6
2451	0.88	44	6
2452	0.88	44	6
2453	0.88	44	6
2454	0.88	44	6
2455	0.88	44	6
2456	0.86	43	7
2457	0.86	43	7
2458	0.86	43	7
2459	0.86	43	7
2460	0.86	43	7
2461	0.86	43	7
2462	0.86	43	7
2463	0.86	43	7
2464	0.88	44	6
2465	0.88	44	6
2466	0.88	44	6
2467	0.88	44	6
2468	0.88	44	6
2469	0.88	44	6
2470	0.88	44	6
2471	0.88	44	6
2472	0.88	44	6
2473	0.88	44	6
2474	0.90	45	5
2475	0.90	45	5
2476	0.90	45	5
2477	0.90	45	5
2478	0.90	45	5
2479	0.90	45	5
2480	0.90	45	5
2481	0.90	45	5
2482	0.90	45	5
2483	0.90	45	5
2484	0.90	45	5
2485	0.90	45	5
2486	0.90	45	5
2487	0.90	45	5
2488	0.92	46	4
2489	0.92	46	4
2490	0.92	46	4
2491	0.92	46	4
2492	0.92	46	4
2493	0.92	46	4
2494	0.92	46	4
2495	0.92	46	4
2496	0.92	46	4
2497	0.92	46	4
2498	0.90	45	5
2499	0.90	45	5
2500	0.10	45	5
2501	0.12	44	6
2502	0.14	43	7
2503	0.14	43	7
2504	0.16	42	8
2505	0.18	41	9
2506	0.16	42	8
2507	0.18	41	9
2508	0.20	40	10
2509	0.22	39	11
2510	0.20	40	10
2511	0.22	39	11
2512	0.22	39	11
2513	0.24	38	12
2514	0.26	37	13
2515	0.28	36	14
2516	0.28	36	14
2517	0.30	35	15
2518	0.30	35	15
2519	0.32	34	16
2520	0.34	33	17
2521	0.34	33	17
2522	0.36	32	18
2523	0.38	31	19
2524	0.40	30	20
2525	0.42	29	21
2526	0.44	28	22
2527	0.44	28	22
2528	0.46	27	23
2529	0.46	27	23
2530	0.48	26	24
2531	0.50	25	25
2532	0.52	24	26
2533	0.54	23	27
2534	0.56	22	28
2535	0.58	21	29
2536	0.58	21	29
2537	0.60	20	30
2538	0.62	19	31
2539	0.64	18	32
2540	0.66	17	33
2541	0.66	17	33
2542	0.68	16	34
2543	0.70	15	35
2544	0.72	14	36
2545	0.74	13	37
2546	0.76	12	38
2547	0.78	11	39
2548	0.78	11	39
2549	0.80	10	40
2550	0.82	9	41
2551	0.82	9	41
2552	0.82	9	41
2553	0.84	8	42
2554	0.82	9	41
2555	0.80	10	40
2556	0.82	9	41
2557	0.82	9	41
2558	0.82	9	41
2559	0.82	9	41
2560	0.84	8	42
2561	0.84	8	42
2562	0.86	7	43
2563	0.86	7	43
2564	0.84	8	42
2565	0.84	8	42
2566	0.86	7	43
2567	0.86	7	43
2568	0.88	6	44
2569	0.88	6	44
2570	0.88	6	44
2571	0.90	5	45
2572	0.90	5	45
2573	0.90	5	45
2574	0.90	5	45
2575	0.90	5	45
2576	0.90	5	45
2577	0.92	4	46
2578	0.92	4	46
2579	0.92	4	46
2580	0.92	4	46
2581	0.92	4	46
2582	0.92	4	46
2583	0.92	4	46
2584	0.92	4	46
2585	0.92	4	46
2586	0.92	4	46
2587	0.92	4	46
2588	0.92	4	46
2589	0.92	4	46
2590	0.92	4	46
2591	0.94	3	47
2592	0.94	3	47
2593	0.94	3	47
2594	0.94	3	47
2595	0.94	3	47
2596	0.94	3	47
2597	0.94	3	47
2598	0.94	3	47
2599	0.94	3	47
2600	0.94	3	47
2601	0.94	3	47
2602	0.94	3	47
2603	0.94	3	47
2604	0.96	2	48
2605	0.98	1	49
2606	0.98	1	49
2607	0.98	1	49
2608	0.98	1	49
2609	0.98	1	49
2610	0.98	1	49
2611	0.98	1	49
2612	0.98	1	49
2613	0.98	1	49
2614	1.00	0	50
2615	0.98	1	49
2616	0.96	2	48
2617	0.96	2	48
2618	0.96	2	48
2619	0.96	2	48
2620	0.96	2	48
2621	0.96	2	48
2622	0.96	2	48
2623	0.96	2	48
2624	0.96	2	48
2625	0.96	2	48
2626	0.96	2	48
2627	0.94	3	47
2628	0.94	3	47
2629	0.94	3	47
2630	0.92	4	46
2631	0.92	4	46
2632	0.92	4	46
2633	0.90	5	45
2634	0.90	5	45
2635	0.90	5	45
2636	0.90	5	45
2637	0.90	5	45
2638	0.90	5	45
2639	0.90	5	45
2640	0.90	5	45
2641	0.90	5	45
2642	0.90	5	45
2643	0.90	5	45
2644	0.90	5	45
2645	0.90	5	45
2646	0.90	5	45
2647	0.90	5	45
2648	0.90	5	45
2649	0.90	5	45
2650	0.90	5	45
2651	0.90	5	45
2652	0.90	5	45
2653	0.90	5	45
2654	0.90	5	45
2655	0.88	6	44
2656	0.88	6	44
2657	0.88	6	44
2658	0.88	6	44
2659	0.88	6	44
2660	0.88	6	44
2661	0.88	6	44
2662	0.88	6	44
2663	0.88	6	44
2664	0.88	6	44
2665	0.90	5	45
2666	0.92	4	46
2667	0.90	5	45
2668	0.90	5	45
2669	0.90	5	45
2670	0.90	5	45
2671	0.90	5	45
2672	0.90	5	45
2673	0.88	6	44
2674	0.88	6	44
2675	0.88	6	44
2676	0.88	6	44
2677	0.90	5	45
2678	0.90	5	45
2679	0.90	5	45
2680	0.92	4	46
2681	0.92	4	46
2682	0.92	4	46
2683	0.92	4	46
2684	0.92	4	46
2685	0.92	4	46
2686	0.92	4	46
2687	0.92	4	46
2688	0.92	4	46
2689	0.90	5	45
2690	0.90	5	45
2691	0.90	5	45
2692	0.90	5	45
2693	0.90	5	45
2694	0.90	5	45
2695	0.90	5	45
2696	0.90	5	45
2697	0.88	6	44
2698	0.88	6	44
2699	0.88	6	44
2700	0.88	6	44
2701	0.88	6	44
2702	0.88	6	44
2703	0.88	6	44
2704	0.88	6	44
2705	0.90	5	45
2706	0.90	5	45
2707	0.90	5	45
2708	0.90	5	45
2709	0.88	6	44
2710	0.88	6	44
2711	0.88	6	44
2712	0.88	6	44
2713	0.88	6	44
2714	0.88	6	44
2715	0.88	6	44
2716	0.88	6	44
2717	0.90	5	45
2718	0.90	5	45
2719	0.90	5	45
2720	0.90	5	45
2721	0.90	5	45
2722	0.88	6	44
2723	0.90	5	45
2724	0.90	5	45
2725	0.90	5	45
2726	0.90	5	45
2727	0.90	5	45
2728	0.90	5	45
2729	0.90	5	45
2730	0.90	5	45
2731	0.90	5	45
2732	0.90	5	45
2733	0.92	4	46
2734	0.92	4	46
2735	0.92	4	46
2736	0.92	4	46
2737	0.92	4	46
2738	0.92	4	46
2739	0.94	3	47
2740	0.94	3	47
2741	0.94	3	47
2742	0.94	3	47
2743	0.94	3	47
2744	0.92	4	46
2745	0.92	4	46
2746	0.92	4	46
2747	0.94	3	47
2748	0.94	3	47
2749	0.94	3	47
2750	0.94	3	47
2751	0.94	3	47
2752	0.94	3	47
2753	0.94	3	47
2754	0.94	3	47
2755	0.94	3	47
2756	0.94	3	47
2757	0.94	3	47
2758	0.94	3	47
2759	0.96	2	48
2760	0.96	2	48
2761	0.96	2	48
2762	0.96	2	48
2763	0.96	2	48
2764	0.96	2	48
2765	0.96	2	48
2766	0.96	2	48
2767	0.96	2	48
2768	0.96	2	48
2769	0.96	2	48
2770	0.96	2	48
2771	0.94	3	47
2772	0.96	2	48
2773	0.96	2	48
2774	0.96	2	48
2775	0.96	2	48
2776	0.96	2	48
2777	0.94	3	47
2778	0.94	3	47
2779	0.94	3	47
2780	0.92	4	46
2781	0.90	5	45
2782	0.90	5	45
2783	0.90	5	45
2784	0.90	5	45
2785	0.90	5	45
2786	0.90	5	45
2787	0.90	5	45
2788	0.90	5	45
2789	0.90	5	45
2790	0.90	5	45
2791	0.90	5	45
2792	0.88	6	44
2793	0.88	6	44
2794	0.90	5	45
2795	0.90	5	45
2796	0.90	5	45
2797	0.88	6	44
2798	0.88	6	44
2799	0.88	6	44
2800	0.88	6	44
2801	0.88	6	44
2802	0.88	6	44
2803	0.86	7	43
2804	0.86	7	43
2805	0.86	7	43
2806	0.86	7	43
2807	0.86	7	43
2808	0.86	7	43
2809	0.86	7	43
2810	0.86	7	43
2811	0.86	7	43
2812	0.84	8	42
2813	0.84	8	42
2814	0.84	8	42
2815	0.82	9	41
2816	0.82	9	41
2817	0.82	9	41
2818	0.82	9	41
2819	0.82	9	41
2820	0.82	9	41
2821	0.82	9	41
2822	0.82	9	41
2823	0.82	9	41
2824	0.82	9	41
2825	0.82	9	41
2826	0.80	10	40
2827	0.82	9	41
2828	0.80	10	40
2829	0.78	11	39
2830	0.80	10	40
2831	0.82	9	41
2832	0.82	9	41
2833	0.82	9	41
2834	0.80	10	40
2835	0.80	10	40
2836	0.80	10	40
2837	0.80	10	40
2838	0.80	10	40
2839	0.80	10	40
2840	0.80	10	40
2841	0.80	10	40
2842	0.82	9	41
2843	0.80	10	40
2844	0.80	10	40
2845	0.80	10	40
2846	0.80	10	40
2847	0.82	9	41
2848	0.82	9	41
2849	0.82	9	41
2850	0.82	9	41
2851	0.82	9	41
2852	0.82	9	41
2853	0.84	8	42
2854	0.84	8	42
2855	0.84	8	42
2856	0.84	8	42
2857	0.84	8	42
2858	0.84	8	42
2859	0.84	8	42
2860	0.84	8	42
2861	0.82	9	41
2862	0.84	8	42
2863	0.84	8	42
2864	0.84	8	42
2865	0.84	8	42
2866	0.84	8	42
2867	0.84	8	42
2868	0.84	8	42
2869	0.84	8	42
2870	0.84	8	42
2871	0.86	7	43
2872	0.86	7	43
2873	0.86	7	43
2874	0.86	7	43
2875	0.86	7	43
2876	0.88	6	44
2877	0.88	6	44
2878	0.90	5	45
2879	0.92	4	46
2880	0.92	4	46
2881	0.92	4	46
2882	0.92	4	46
2883	0.92	4	46
2884	0.94	3	47
2885	0.94	3	47
2886	0.94	3	47
2887	0.94	3	47
2888	0.92	4	46
2889	0.92	4	46
2890	0.92	4	46
2891	0.92	4	46
2892	0.92	4	46
2893	0.94	3	47
2894	0.94	3	47
2895	0.94	3	47
2896	0.94	3	47
2897	0.94	3	47
2898	0.94	3	47
2899	0.92	4	46
2900	0.92	4	46
2901	0.92	4	46
2902	0.92	4	46
2903	0.92	4	46
2904	0.92	4	46
2905	0.92	4	46
2906	0.92	4	46
2907	0.90	5	45
2908	0.90	5	45
2909	0.90	5	45
2910	0.90	5	45
2911	0.92	4	46
2912	0.92	4	46
2913	0.90	5	45
2914	0.90	5	45
2915	0.92	4	46
2916	0.92	4	46
2917	0.92	4	46
2918	0.92	4	46
2919	0.90	5	45
2920	0.90	5	45
2921	0.90	5	45
2922	0.90	5	45
2923	0.90	5	45
2924	0.90	5	45
2925	0.90	5	45
2926	0.90	5	45
2927	0.90	5	45
2928	0.90	5	45
2929	0.90	5	45
2930	0.90	5	45
2931	0.90	5	45
2932	0.90	5	45
2933	0.90	5	45
2934	0.90	5	45
2935	0.88	6	44
2936	0.88	6	44
2937	0.88	6	44
2938	0.90	5	45
2939	0.90	5	45
2940	0.90	5	45
2941	0.90	5	45
2942	0.90	5	45
2943	0.90	5	45
2944	0.90	5	45
2945	0.90	5	45
2946	0.90	5	45
2947	0.90	5	45
2948	0.90	5	45
2949	0.92	4	46
2950	0.92	4	46
2951	0.92	4	46
2952	0.90	5	45
2953	0.90	5	45
2954	0.90	5	45
2955	0.90	5	45
2956	0.90	5	45
2957	0.92	4	46
2958	0.92	4	46
2959	0.92	4	46
2960	0.92	4	46
2961	0.92	4	46
2962	0.92	4	46
2963	0.92	4	46
2964	0.92	4	46
2965	0.92	4	46
2966	0.92	4	46
2967	0.92	4	46
2968	0.92	4	46
2969	0.94	3	47
2970	0.94	3	47
2971	0.94	3	47
2972	0.94	3	47
2973	0.94	3	47
2974	0.94	3	47
2975	0.94	3	47
2976	0.94	3	47
2977	0.94	3	47
2978	0.94	3	47
2979	0.94	3	47
2980	0.94	3	47
2981	0.94	3	47
2982	0.94	3	47
2983	0.94	3	47
2984	0.94	3	47
2985	0.96	2	48
2986	0.96	2	48
2987	0.96	2	48
2988	0.96	2	48
2989	0.94	3	47
2990	0.94	3	47
2991	0.94	3	47
2992	0.94	3	47
2993	0.94	3	47
2994	0.94	3	47
2995	0.94	3	47
2996	0.94	3	47
2997	0.94	3	47
2998	0.94	3	47
2999	0.94	3	47
