timestep	swarm_quality	color_0	color_1
0	0.68	34	16
1	0.68	34	16
2	0.68	34	16
3	0.66	33	17
4	0.66	33	17
5	0.64	32	18
6	0.64	32	18
7	0.64	32	18
8	0.62	31	19
9	0.62	31	19
10	0.62	31	19
11	0.62	31	19
12	0.60	30	20
13	0.58	29	21
14	0.58	29	21
15	0.58	29	21
16	0.56	28	22
17	0.56	28	22
18	0.56	28	22
19	0.54	27	23
20	0.54	27	23
21	0.54	27	23
22	0.52	26	24
23	0.52	26	24
24	0.50	25	25
25	0.48	24	26
26	0.48	24	26
27	0.48	24	26
28	0.48	24	26
29	0.46	23	27
30	0.44	22	28
31	0.44	22	28
32	0.44	22	28
33	0.44	22	28
34	0.44	22	28
35	0.46	23	27
36	0.46	23	27
37	0.48	24	26
38	0.50	25	25
39	0.52	26	24
40	0.54	27	23
41	0.54	27	23
42	0.56	28	22
43	0.56	28	22
44	0.58	29	21
45	0.60	30	20
46	0.62	31	19
47	0.64	32	18
48	0.66	33	17
49	0.68	34	16
50	0.70	35	15
51	0.70	35	15
52	0.70	35	15
53	0.72	36	14
54	0.72	36	14
55	0.74	37	13
56	0.74	37	13
57	0.74	37	13
58	0.76	38	12
59	0.74	37	13
60	0.74	37	13
61	0.74	37	13
62	0.76	38	12
63	0.78	39	11
64	0.76	38	12
65	0.76	38	12
66	0.78	39	11
67	0.78	39	11
68	0.78	39	11
69	0.80	40	10
70	0.80	40	10
71	0.80	40	10
72	0.82	41	9
73	0.82	41	9
74	0.84	42	8
75	0.86	43	7
76	0.86	43	7
77	0.86	43	7
78	0.86	43	7
79	0.88	44	6
80	0.90	45	5
81	0.90	45	5
82	0.90	45	5
83	0.88	44	6
84	0.88	44	6
85	0.88	44	6
86	0.90	45	5
87	0.90	45	5
88	0.90	45	5
89	0.90	45	5
90	0.90	45	5
91	0.92	46	4
92	0.92	46	4
93	0.94	47	3
94	0.94	47	3
95	0.92	46	4
96	0.92	46	4
97	0.92	46	4
98	0.92	46	4
99	0.92	46	4
100	0.92	46	4
101	0.90	45	5
102	0.90	45	5
103	0.90	45	5
104	0.90	45	5
105	0.90	45	5
106	0.90	45	5
107	0.90	45	5
108	0.90	45	5
109	0.90	45	5
110	0.90	45	5
111	0.90	45	5
112	0.90	45	5
113	0.88	44	6
114	0.90	45	5
115	0.90	45	5
116	0.90	45	5
117	0.90	45	5
118	0.90	45	5
119	0.90	45	5
120	0.90	45	5
121	0.90	45	5
122	0.90	45	5
123	0.90	45	5
124	0.90	45	5
125	0.90	45	5
126	0.90	45	5
127	0.90	45	5
128	0.90	45	5
129	0.90	45	5
130	0.90	45	5
131	0.90	45	5
132	0.90	45	5
133	0.90	45	5
134	0.90	45	5
135	0.90	45	5
136	0.88	44	6
137	0.88	44	6
138	0.88	44	6
139	0.88	44	6
140	0.88	44	6
141	0.88	44	6
142	0.88	44	6
143	0.86	43	7
144	0.86	43	7
145	0.88	44	6
146	0.88	44	6
147	0.88	44	6
148	0.88	44	6
149	0.88	44	6
150	0.88	44	6
151	0.88	44	6
152	0.88	44	6
153	0.86	43	7
154	0.84	42	8
155	0.84	42	8
156	0.82	41	9
157	0.82	41	9
158	0.82	41	9
159	0.84	42	8
160	0.82	41	9
161	0.80	40	10
162	0.80	40	10
163	0.80	40	10
164	0.80	40	10
165	0.78	39	11
166	0.78	39	11
167	0.78	39	11
168	0.78	39	11
169	0.78	39	11
170	0.78	39	11
171	0.76	38	12
172	0.76	38	12
173	0.76	38	12
174	0.76	38	12
175	0.76	38	12
176	0.76	38	12
177	0.74	37	13
178	0.74	37	13
179	0.74	37	13
180	0.74	37	13
181	0.74	37	13
182	0.74	37	13
183	0.76	38	12
184	0.76	38	12
185	0.76	38	12
186	0.78	39	11
187	0.78	39	11
188	0.78	39	11
189	0.78	39	11
190	0.78	39	11
191	0.78	39	11
192	0.78	39	11
193	0.80	40	10
194	0.78	39	11
195	0.78	39	11
196	0.76	38	12
197	0.74	37	13
198	0.72	36	14
199	0.72	36	14
200	0.72	36	14
201	0.74	37	13
202	0.74	37	13
203	0.76	38	12
204	0.78	39	11
205	0.78	39	11
206	0.80	40	10
207	0.80	40	10
208	0.80	40	10
209	0.80	40	10
210	0.82	41	9
211	0.84	42	8
212	0.84	42	8
213	0.86	43	7
214	0.84	42	8
215	0.84	42	8
216	0.84	42	8
217	0.84	42	8
218	0.84	42	8
219	0.84	42	8
220	0.84	42	8
221	0.86	43	7
222	0.86	43	7
223	0.86	43	7
224	0.86	43	7
225	0.86	43	7
226	0.86	43	7
227	0.88	44	6
228	0.88	44	6
229	0.88	44	6
230	0.88	44	6
231	0.88	44	6
232	0.88	44	6
233	0.88	44	6
234	0.88	44	6
235	0.88	44	6
236	0.88	44	6
237	0.88	44	6
238	0.88	44	6
239	0.88	44	6
240	0.88	44	6
241	0.88	44	6
242	0.88	44	6
243	0.88	44	6
244	0.90	45	5
245	0.90	45	5
246	0.92	46	4
247	0.94	47	3
248	0.96	48	2
249	0.96	48	2
250	0.96	48	2
251	0.96	48	2
252	0.96	48	2
253	0.94	47	3
254	0.94	47	3
255	0.94	47	3
256	0.94	47	3
257	0.94	47	3
258	0.94	47	3
259	0.92	46	4
260	0.92	46	4
261	0.92	46	4
262	0.92	46	4
263	0.92	46	4
264	0.94	47	3
265	0.96	48	2
266	0.96	48	2
267	0.96	48	2
268	0.96	48	2
269	0.96	48	2
270	0.96	48	2
271	0.96	48	2
272	0.96	48	2
273	0.96	48	2
274	0.96	48	2
275	0.96	48	2
276	0.96	48	2
277	0.94	47	3
278	0.94	47	3
279	0.94	47	3
280	0.94	47	3
281	0.94	47	3
282	0.94	47	3
283	0.94	47	3
284	0.94	47	3
285	0.92	46	4
286	0.92	46	4
287	0.92	46	4
288	0.92	46	4
289	0.92	46	4
290	0.92	46	4
291	0.92	46	4
292	0.92	46	4
293	0.90	45	5
294	0.90	45	5
295	0.90	45	5
296	0.90	45	5
297	0.90	45	5
298	0.90	45	5
299	0.90	45	5
300	0.88	44	6
301	0.88	44	6
302	0.88	44	6
303	0.90	45	5
304	0.90	45	5
305	0.90	45	5
306	0.90	45	5
307	0.90	45	5
308	0.90	45	5
309	0.92	46	4
310	0.92	46	4
311	0.92	46	4
312	0.92	46	4
313	0.92	46	4
314	0.92	46	4
315	0.92	46	4
316	0.92	46	4
317	0.90	45	5
318	0.90	45	5
319	0.90	45	5
320	0.90	45	5
321	0.90	45	5
322	0.90	45	5
323	0.90	45	5
324	0.88	44	6
325	0.88	44	6
326	0.88	44	6
327	0.90	45	5
328	0.90	45	5
329	0.90	45	5
330	0.90	45	5
331	0.90	45	5
332	0.90	45	5
333	0.90	45	5
334	0.90	45	5
335	0.92	46	4
336	0.90	45	5
337	0.90	45	5
338	0.88	44	6
339	0.88	44	6
340	0.88	44	6
341	0.88	44	6
342	0.88	44	6
343	0.90	45	5
344	0.90	45	5
345	0.90	45	5
346	0.88	44	6
347	0.88	44	6
348	0.88	44	6
349	0.88	44	6
350	0.90	45	5
351	0.90	45	5
352	0.90	45	5
353	0.88	44	6
354	0.88	44	6
355	0.88	44	6
356	0.88	44	6
357	0.88	44	6
358	0.88	44	6
359	0.88	44	6
360	0.88	44	6
361	0.88	44	6
362	0.88	44	6
363	0.88	44	6
364	0.88	44	6
365	0.88	44	6
366	0.88	44	6
367	0.90	45	5
368	0.90	45	5
369	0.90	45	5
370	0.90	45	5
371	0.90	45	5
372	0.88	44	6
373	0.88	44	6
374	0.90	45	5
375	0.90	45	5
376	0.90	45	5
377	0.90	45	5
378	0.90	45	5
379	0.90	45	5
380	0.90	45	5
381	0.90	45	5
382	0.90	45	5
383	0.88	44	6
384	0.88	44	6
385	0.86	43	7
386	0.88	44	6
387	0.88	44	6
388	0.90	45	5
389	0.90	45	5
390	0.88	44	6
391	0.88	44	6
392	0.88	44	6
393	0.88	44	6
394	0.88	44	6
395	0.88	44	6
396	0.90	45	5
397	0.90	45	5
398	0.90	45	5
399	0.90	45	5
400	0.90	45	5
401	0.90	45	5
402	0.90	45	5
403	0.90	45	5
404	0.90	45	5
405	0.90	45	5
406	0.90	45	5
407	0.90	45	5
408	0.90	45	5
409	0.90	45	5
410	0.88	44	6
411	0.88	44	6
412	0.88	44	6
413	0.86	43	7
414	0.84	42	8
415	0.84	42	8
416	0.84	42	8
417	0.84	42	8
418	0.84	42	8
419	0.84	42	8
420	0.84	42	8
421	0.82	41	9
422	0.84	42	8
423	0.82	41	9
424	0.82	41	9
425	0.82	41	9
426	0.80	40	10
427	0.80	40	10
428	0.80	40	10
429	0.80	40	10
430	0.80	40	10
431	0.80	40	10
432	0.80	40	10
433	0.82	41	9
434	0.80	40	10
435	0.82	41	9
436	0.80	40	10
437	0.80	40	10
438	0.80	40	10
439	0.80	40	10
440	0.82	41	9
441	0.82	41	9
442	0.80	40	10
443	0.80	40	10
444	0.80	40	10
445	0.80	40	10
446	0.80	40	10
447	0.80	40	10
448	0.80	40	10
449	0.80	40	10
450	0.80	40	10
451	0.80	40	10
452	0.80	40	10
453	0.82	41	9
454	0.82	41	9
455	0.80	40	10
456	0.80	40	10
457	0.80	40	10
458	0.80	40	10
459	0.80	40	10
460	0.80	40	10
461	0.80	40	10
462	0.80	40	10
463	0.82	41	9
464	0.82	41	9
465	0.82	41	9
466	0.80	40	10
467	0.80	40	10
468	0.80	40	10
469	0.80	40	10
470	0.78	39	11
471	0.80	40	10
472	0.80	40	10
473	0.82	41	9
474	0.82	41	9
475	0.82	41	9
476	0.84	42	8
477	0.84	42	8
478	0.84	42	8
479	0.84	42	8
480	0.84	42	8
481	0.84	42	8
482	0.84	42	8
483	0.82	41	9
484	0.84	42	8
485	0.84	42	8
486	0.86	43	7
487	0.84	42	8
488	0.82	41	9
489	0.82	41	9
490	0.82	41	9
491	0.82	41	9
492	0.84	42	8
493	0.84	42	8
494	0.82	41	9
495	0.82	41	9
496	0.82	41	9
497	0.82	41	9
498	0.82	41	9
499	0.82	41	9
500	0.18	41	9
501	0.18	41	9
502	0.20	40	10
503	0.20	40	10
504	0.20	40	10
505	0.18	41	9
506	0.18	41	9
507	0.18	41	9
508	0.18	41	9
509	0.20	40	10
510	0.18	41	9
511	0.20	40	10
512	0.22	39	11
513	0.24	38	12
514	0.24	38	12
515	0.26	37	13
516	0.24	38	12
517	0.26	37	13
518	0.26	37	13
519	0.28	36	14
520	0.26	37	13
521	0.28	36	14
522	0.30	35	15
523	0.32	34	16
524	0.32	34	16
525	0.34	33	17
526	0.36	32	18
527	0.38	31	19
528	0.40	30	20
529	0.42	29	21
530	0.42	29	21
531	0.42	29	21
532	0.44	28	22
533	0.44	28	22
534	0.44	28	22
535	0.46	27	23
536	0.48	26	24
537	0.48	26	24
538	0.46	27	23
539	0.46	27	23
540	0.48	26	24
541	0.50	25	25
542	0.52	24	26
543	0.54	23	27
544	0.52	24	26
545	0.54	23	27
546	0.54	23	27
547	0.56	22	28
548	0.58	21	29
549	0.58	21	29
550	0.58	21	29
551	0.60	20	30
552	0.60	20	30
553	0.62	19	31
554	0.64	18	32
555	0.66	17	33
556	0.68	16	34
557	0.70	15	35
558	0.72	14	36
559	0.70	15	35
560	0.72	14	36
561	0.72	14	36
562	0.72	14	36
563	0.72	14	36
564	0.72	14	36
565	0.72	14	36
566	0.72	14	36
567	0.72	14	36
568	0.72	14	36
569	0.70	15	35
570	0.72	14	36
571	0.70	15	35
572	0.68	16	34
573	0.68	16	34
574	0.70	15	35
575	0.68	16	34
576	0.66	17	33
577	0.66	17	33
578	0.66	17	33
579	0.66	17	33
580	0.68	16	34
581	0.70	15	35
582	0.70	15	35
583	0.70	15	35
584	0.72	14	36
585	0.72	14	36
586	0.72	14	36
587	0.72	14	36
588	0.72	14	36
589	0.72	14	36
590	0.72	14	36
591	0.72	14	36
592	0.72	14	36
593	0.72	14	36
594	0.74	13	37
595	0.74	13	37
596	0.76	12	38
597	0.76	12	38
598	0.76	12	38
599	0.78	11	39
600	0.80	10	40
601	0.80	10	40
602	0.80	10	40
603	0.80	10	40
604	0.80	10	40
605	0.80	10	40
606	0.80	10	40
607	0.80	10	40
608	0.78	11	39
609	0.80	10	40
610	0.80	10	40
611	0.80	10	40
612	0.80	10	40
613	0.80	10	40
614	0.80	10	40
615	0.80	10	40
616	0.82	9	41
617	0.82	9	41
618	0.84	8	42
619	0.86	7	43
620	0.86	7	43
621	0.88	6	44
622	0.90	5	45
623	0.88	6	44
624	0.88	6	44
625	0.90	5	45
626	0.92	4	46
627	0.92	4	46
628	0.92	4	46
629	0.92	4	46
630	0.92	4	46
631	0.92	4	46
632	0.92	4	46
633	0.92	4	46
634	0.92	4	46
635	0.92	4	46
636	0.92	4	46
637	0.92	4	46
638	0.94	3	47
639	0.96	2	48
640	0.96	2	48
641	0.96	2	48
642	0.96	2	48
643	0.96	2	48
644	0.96	2	48
645	0.96	2	48
646	0.96	2	48
647	0.96	2	48
648	0.96	2	48
649	0.96	2	48
650	0.96	2	48
651	0.96	2	48
652	0.94	3	47
653	0.94	3	47
654	0.94	3	47
655	0.94	3	47
656	0.94	3	47
657	0.94	3	47
658	0.96	2	48
659	0.96	2	48
660	0.96	2	48
661	0.94	3	47
662	0.94	3	47
663	0.94	3	47
664	0.94	3	47
665	0.94	3	47
666	0.92	4	46
667	0.92	4	46
668	0.92	4	46
669	0.92	4	46
670	0.92	4	46
671	0.92	4	46
672	0.92	4	46
673	0.94	3	47
674	0.94	3	47
675	0.94	3	47
676	0.94	3	47
677	0.94	3	47
678	0.94	3	47
679	0.92	4	46
680	0.92	4	46
681	0.92	4	46
682	0.92	4	46
683	0.90	5	45
684	0.90	5	45
685	0.90	5	45
686	0.90	5	45
687	0.90	5	45
688	0.90	5	45
689	0.90	5	45
690	0.90	5	45
691	0.90	5	45
692	0.90	5	45
693	0.90	5	45
694	0.90	5	45
695	0.90	5	45
696	0.90	5	45
697	0.90	5	45
698	0.90	5	45
699	0.90	5	45
700	0.90	5	45
701	0.90	5	45
702	0.90	5	45
703	0.90	5	45
704	0.90	5	45
705	0.90	5	45
706	0.90	5	45
707	0.88	6	44
708	0.88	6	44
709	0.86	7	43
710	0.86	7	43
711	0.88	6	44
712	0.86	7	43
713	0.86	7	43
714	0.86	7	43
715	0.86	7	43
716	0.86	7	43
717	0.86	7	43
718	0.86	7	43
719	0.86	7	43
720	0.84	8	42
721	0.84	8	42
722	0.84	8	42
723	0.84	8	42
724	0.84	8	42
725	0.84	8	42
726	0.84	8	42
727	0.84	8	42
728	0.84	8	42
729	0.86	7	43
730	0.86	7	43
731	0.86	7	43
732	0.86	7	43
733	0.88	6	44
734	0.88	6	44
735	0.88	6	44
736	0.88	6	44
737	0.88	6	44
738	0.88	6	44
739	0.88	6	44
740	0.88	6	44
741	0.88	6	44
742	0.88	6	44
743	0.88	6	44
744	0.88	6	44
745	0.88	6	44
746	0.88	6	44
747	0.86	7	43
748	0.86	7	43
749	0.86	7	43
750	0.86	7	43
751	0.86	7	43
752	0.88	6	44
753	0.88	6	44
754	0.88	6	44
755	0.88	6	44
756	0.88	6	44
757	0.90	5	45
758	0.90	5	45
759	0.90	5	45
760	0.88	6	44
761	0.88	6	44
762	0.88	6	44
763	0.88	6	44
764	0.88	6	44
765	0.88	6	44
766	0.90	5	45
767	0.90	5	45
768	0.90	5	45
769	0.90	5	45
770	0.92	4	46
771	0.92	4	46
772	0.92	4	46
773	0.92	4	46
774	0.92	4	46
775	0.92	4	46
776	0.92	4	46
777	0.92	4	46
778	0.92	4	46
779	0.90	5	45
780	0.90	5	45
781	0.90	5	45
782	0.90	5	45
783	0.90	5	45
784	0.90	5	45
785	0.88	6	44
786	0.88	6	44
787	0.88	6	44
788	0.88	6	44
789	0.88	6	44
790	0.88	6	44
791	0.88	6	44
792	0.88	6	44
793	0.88	6	44
794	0.88	6	44
795	0.88	6	44
796	0.88	6	44
797	0.88	6	44
798	0.88	6	44
799	0.88	6	44
800	0.88	6	44
801	0.88	6	44
802	0.88	6	44
803	0.88	6	44
804	0.88	6	44
805	0.88	6	44
806	0.88	6	44
807	0.88	6	44
808	0.88	6	44
809	0.90	5	45
810	0.90	5	45
811	0.90	5	45
812	0.92	4	46
813	0.92	4	46
814	0.92	4	46
815	0.90	5	45
816	0.90	5	45
817	0.90	5	45
818	0.90	5	45
819	0.90	5	45
820	0.90	5	45
821	0.90	5	45
822	0.90	5	45
823	0.90	5	45
824	0.88	6	44
825	0.88	6	44
826	0.88	6	44
827	0.88	6	44
828	0.88	6	44
829	0.90	5	45
830	0.90	5	45
831	0.90	5	45
832	0.90	5	45
833	0.90	5	45
834	0.90	5	45
835	0.92	4	46
836	0.90	5	45
837	0.88	6	44
838	0.88	6	44
839	0.88	6	44
840	0.88	6	44
841	0.88	6	44
842	0.88	6	44
843	0.86	7	43
844	0.86	7	43
845	0.86	7	43
846	0.86	7	43
847	0.88	6	44
848	0.88	6	44
849	0.88	6	44
850	0.86	7	43
851	0.86	7	43
852	0.86	7	43
853	0.86	7	43
854	0.86	7	43
855	0.86	7	43
856	0.86	7	43
857	0.86	7	43
858	0.86	7	43
859	0.84	8	42
860	0.86	7	43
861	0.86	7	43
862	0.86	7	43
863	0.84	8	42
864	0.84	8	42
865	0.84	8	42
866	0.84	8	42
867	0.84	8	42
868	0.84	8	42
869	0.84	8	42
870	0.84	8	42
871	0.82	9	41
872	0.82	9	41
873	0.82	9	41
874	0.82	9	41
875	0.82	9	41
876	0.82	9	41
877	0.82	9	41
878	0.82	9	41
879	0.82	9	41
880	0.82	9	41
881	0.82	9	41
882	0.82	9	41
883	0.82	9	41
884	0.82	9	41
885	0.82	9	41
886	0.84	8	42
887	0.86	7	43
888	0.84	8	42
889	0.84	8	42
890	0.84	8	42
891	0.84	8	42
892	0.84	8	42
893	0.86	7	43
894	0.86	7	43
895	0.84	8	42
896	0.84	8	42
897	0.84	8	42
898	0.84	8	42
899	0.84	8	42
900	0.86	7	43
901	0.84	8	42
902	0.84	8	42
903	0.84	8	42
904	0.82	9	41
905	0.82	9	41
906	0.82	9	41
907	0.82	9	41
908	0.82	9	41
909	0.84	8	42
910	0.84	8	42
911	0.84	8	42
912	0.84	8	42
913	0.86	7	43
914	0.86	7	43
915	0.88	6	44
916	0.88	6	44
917	0.88	6	44
918	0.88	6	44
919	0.88	6	44
920	0.88	6	44
921	0.90	5	45
922	0.90	5	45
923	0.88	6	44
924	0.90	5	45
925	0.90	5	45
926	0.88	6	44
927	0.88	6	44
928	0.88	6	44
929	0.88	6	44
930	0.88	6	44
931	0.88	6	44
932	0.86	7	43
933	0.86	7	43
934	0.86	7	43
935	0.86	7	43
936	0.86	7	43
937	0.86	7	43
938	0.86	7	43
939	0.86	7	43
940	0.84	8	42
941	0.82	9	41
942	0.82	9	41
943	0.82	9	41
944	0.82	9	41
945	0.84	8	42
946	0.84	8	42
947	0.82	9	41
948	0.82	9	41
949	0.82	9	41
950	0.82	9	41
951	0.84	8	42
952	0.82	9	41
953	0.80	10	40
954	0.80	10	40
955	0.80	10	40
956	0.80	10	40
957	0.80	10	40
958	0.80	10	40
959	0.80	10	40
960	0.80	10	40
961	0.80	10	40
962	0.80	10	40
963	0.80	10	40
964	0.80	10	40
965	0.80	10	40
966	0.80	10	40
967	0.78	11	39
968	0.78	11	39
969	0.78	11	39
970	0.78	11	39
971	0.78	11	39
972	0.76	12	38
973	0.78	11	39
974	0.78	11	39
975	0.76	12	38
976	0.78	11	39
977	0.78	11	39
978	0.78	11	39
979	0.78	11	39
980	0.76	12	38
981	0.76	12	38
982	0.78	11	39
983	0.78	11	39
984	0.78	11	39
985	0.78	11	39
986	0.78	11	39
987	0.78	11	39
988	0.80	10	40
989	0.80	10	40
990	0.82	9	41
991	0.84	8	42
992	0.84	8	42
993	0.82	9	41
994	0.82	9	41
995	0.82	9	41
996	0.82	9	41
997	0.84	8	42
998	0.84	8	42
999	0.84	8	42
1000	0.18	9	41
1001	0.18	9	41
1002	0.16	8	42
1003	0.16	8	42
1004	0.16	8	42
1005	0.16	8	42
1006	0.18	9	41
1007	0.18	9	41
1008	0.20	10	40
1009	0.22	11	39
1010	0.24	12	38
1011	0.24	12	38
1012	0.24	12	38
1013	0.24	12	38
1014	0.26	13	37
1015	0.28	14	36
1016	0.30	15	35
1017	0.28	14	36
1018	0.28	14	36
1019	0.30	15	35
1020	0.32	16	34
1021	0.32	16	34
1022	0.32	16	34
1023	0.34	17	33
1024	0.36	18	32
1025	0.34	17	33
1026	0.36	18	32
1027	0.38	19	31
1028	0.40	20	30
1029	0.40	20	30
1030	0.38	19	31
1031	0.40	20	30
1032	0.42	21	29
1033	0.44	22	28
1034	0.44	22	28
1035	0.44	22	28
1036	0.44	22	28
1037	0.46	23	27
1038	0.48	24	26
1039	0.48	24	26
1040	0.50	25	25
1041	0.52	26	24
1042	0.52	26	24
1043	0.50	25	25
1044	0.52	26	24
1045	0.54	27	23
1046	0.56	28	22
1047	0.58	29	21
1048	0.58	29	21
1049	0.60	30	20
1050	0.58	29	21
1051	0.60	30	20
1052	0.62	31	19
1053	0.62	31	19
1054	0.60	30	20
1055	0.60	30	20
1056	0.60	30	20
1057	0.62	31	19
1058	0.60	30	20
1059	0.60	30	20
1060	0.60	30	20
1061	0.62	31	19
1062	0.62	31	19
1063	0.64	32	18
1064	0.64	32	18
1065	0.64	32	18
1066	0.62	31	19
1067	0.64	32	18
1068	0.66	33	17
1069	0.64	32	18
1070	0.64	32	18
1071	0.66	33	17
1072	0.66	33	17
1073	0.64	32	18
1074	0.64	32	18
1075	0.66	33	17
1076	0.66	33	17
1077	0.66	33	17
1078	0.66	33	17
1079	0.68	34	16
1080	0.68	34	16
1081	0.68	34	16
1082	0.66	33	17
1083	0.64	32	18
1084	0.66	33	17
1085	0.68	34	16
1086	0.70	35	15
1087	0.70	35	15
1088	0.68	34	16
1089	0.70	35	15
1090	0.70	35	15
1091	0.70	35	15
1092	0.72	36	14
1093	0.74	37	13
1094	0.74	37	13
1095	0.74	37	13
1096	0.74	37	13
1097	0.74	37	13
1098	0.76	38	12
1099	0.76	38	12
1100	0.78	39	11
1101	0.78	39	11
1102	0.78	39	11
1103	0.78	39	11
1104	0.78	39	11
1105	0.80	40	10
1106	0.78	39	11
1107	0.78	39	11
1108	0.80	40	10
1109	0.78	39	11
1110	0.78	39	11
1111	0.76	38	12
1112	0.78	39	11
1113	0.78	39	11
1114	0.78	39	11
1115	0.78	39	11
1116	0.80	40	10
1117	0.78	39	11
1118	0.78	39	11
1119	0.78	39	11
1120	0.78	39	11
1121	0.78	39	11
1122	0.78	39	11
1123	0.80	40	10
1124	0.80	40	10
1125	0.80	40	10
1126	0.78	39	11
1127	0.78	39	11
1128	0.78	39	11
1129	0.78	39	11
1130	0.80	40	10
1131	0.80	40	10
1132	0.82	41	9
1133	0.82	41	9
1134	0.82	41	9
1135	0.82	41	9
1136	0.82	41	9
1137	0.82	41	9
1138	0.84	42	8
1139	0.84	42	8
1140	0.84	42	8
1141	0.84	42	8
1142	0.84	42	8
1143	0.84	42	8
1144	0.84	42	8
1145	0.84	42	8
1146	0.84	42	8
1147	0.82	41	9
1148	0.82	41	9
1149	0.82	41	9
1150	0.82	41	9
1151	0.80	40	10
1152	0.80	40	10
1153	0.80	40	10
1154	0.82	41	9
1155	0.82	41	9
1156	0.84	42	8
1157	0.82	41	9
1158	0.82	41	9
1159	0.84	42	8
1160	0.82	41	9
1161	0.84	42	8
1162	0.84	42	8
1163	0.84	42	8
1164	0.84	42	8
1165	0.84	42	8
1166	0.84	42	8
1167	0.86	43	7
1168	0.86	43	7
1169	0.88	44	6
1170	0.88	44	6
1171	0.88	44	6
1172	0.86	43	7
1173	0.86	43	7
1174	0.86	43	7
1175	0.86	43	7
1176	0.88	44	6
1177	0.88	44	6
1178	0.88	44	6
1179	0.88	44	6
1180	0.86	43	7
1181	0.86	43	7
1182	0.84	42	8
1183	0.86	43	7
1184	0.86	43	7
1185	0.86	43	7
1186	0.86	43	7
1187	0.86	43	7
1188	0.86	43	7
1189	0.86	43	7
1190	0.86	43	7
1191	0.86	43	7
1192	0.86	43	7
1193	0.86	43	7
1194	0.86	43	7
1195	0.84	42	8
1196	0.84	42	8
1197	0.86	43	7
1198	0.86	43	7
1199	0.86	43	7
1200	0.86	43	7
1201	0.88	44	6
1202	0.86	43	7
1203	0.86	43	7
1204	0.86	43	7
1205	0.86	43	7
1206	0.86	43	7
1207	0.88	44	6
1208	0.88	44	6
1209	0.88	44	6
1210	0.90	45	5
1211	0.90	45	5
1212	0.90	45	5
1213	0.90	45	5
1214	0.88	44	6
1215	0.88	44	6
1216	0.88	44	6
1217	0.88	44	6
1218	0.88	44	6
1219	0.88	44	6
1220	0.88	44	6
1221	0.86	43	7
1222	0.86	43	7
1223	0.86	43	7
1224	0.86	43	7
1225	0.86	43	7
1226	0.86	43	7
1227	0.84	42	8
1228	0.82	41	9
1229	0.80	40	10
1230	0.82	41	9
1231	0.82	41	9
1232	0.84	42	8
1233	0.84	42	8
1234	0.84	42	8
1235	0.84	42	8
1236	0.84	42	8
1237	0.84	42	8
1238	0.82	41	9
1239	0.80	40	10
1240	0.78	39	11
1241	0.78	39	11
1242	0.78	39	11
1243	0.78	39	11
1244	0.78	39	11
1245	0.80	40	10
1246	0.80	40	10
1247	0.80	40	10
1248	0.80	40	10
1249	0.80	40	10
1250	0.80	40	10
1251	0.78	39	11
1252	0.80	40	10
1253	0.80	40	10
1254	0.78	39	11
1255	0.78	39	11
1256	0.76	38	12
1257	0.76	38	12
1258	0.76	38	12
1259	0.76	38	12
1260	0.76	38	12
1261	0.74	37	13
1262	0.74	37	13
1263	0.74	37	13
1264	0.76	38	12
1265	0.76	38	12
1266	0.76	38	12
1267	0.74	37	13
1268	0.72	36	14
1269	0.72	36	14
1270	0.72	36	14
1271	0.74	37	13
1272	0.76	38	12
1273	0.76	38	12
1274	0.76	38	12
1275	0.76	38	12
1276	0.76	38	12
1277	0.76	38	12
1278	0.78	39	11
1279	0.78	39	11
1280	0.78	39	11
1281	0.78	39	11
1282	0.78	39	11
1283	0.78	39	11
1284	0.78	39	11
1285	0.78	39	11
1286	0.78	39	11
1287	0.78	39	11
1288	0.78	39	11
1289	0.80	40	10
1290	0.82	41	9
1291	0.82	41	9
1292	0.82	41	9
1293	0.82	41	9
1294	0.82	41	9
1295	0.82	41	9
1296	0.82	41	9
1297	0.80	40	10
1298	0.80	40	10
1299	0.80	40	10
1300	0.80	40	10
1301	0.82	41	9
1302	0.82	41	9
1303	0.82	41	9
1304	0.84	42	8
1305	0.84	42	8
1306	0.84	42	8
1307	0.84	42	8
1308	0.84	42	8
1309	0.84	42	8
1310	0.84	42	8
1311	0.86	43	7
1312	0.86	43	7
1313	0.86	43	7
1314	0.86	43	7
1315	0.86	43	7
1316	0.86	43	7
1317	0.88	44	6
1318	0.90	45	5
1319	0.90	45	5
1320	0.90	45	5
1321	0.88	44	6
1322	0.86	43	7
1323	0.84	42	8
1324	0.84	42	8
1325	0.84	42	8
1326	0.82	41	9
1327	0.84	42	8
1328	0.84	42	8
1329	0.86	43	7
1330	0.86	43	7
1331	0.86	43	7
1332	0.86	43	7
1333	0.86	43	7
1334	0.86	43	7
1335	0.86	43	7
1336	0.86	43	7
1337	0.86	43	7
1338	0.88	44	6
1339	0.88	44	6
1340	0.86	43	7
1341	0.86	43	7
1342	0.86	43	7
1343	0.86	43	7
1344	0.86	43	7
1345	0.86	43	7
1346	0.86	43	7
1347	0.88	44	6
1348	0.88	44	6
1349	0.88	44	6
1350	0.88	44	6
1351	0.88	44	6
1352	0.88	44	6
1353	0.88	44	6
1354	0.88	44	6
1355	0.88	44	6
1356	0.90	45	5
1357	0.90	45	5
1358	0.90	45	5
1359	0.90	45	5
1360	0.90	45	5
1361	0.90	45	5
1362	0.90	45	5
1363	0.90	45	5
1364	0.90	45	5
1365	0.90	45	5
1366	0.90	45	5
1367	0.90	45	5
1368	0.88	44	6
1369	0.88	44	6
1370	0.88	44	6
1371	0.90	45	5
1372	0.92	46	4
1373	0.94	47	3
1374	0.94	47	3
1375	0.92	46	4
1376	0.94	47	3
1377	0.94	47	3
1378	0.94	47	3
1379	0.94	47	3
1380	0.92	46	4
1381	0.92	46	4
1382	0.92	46	4
1383	0.92	46	4
1384	0.92	46	4
1385	0.92	46	4
1386	0.92	46	4
1387	0.90	45	5
1388	0.90	45	5
1389	0.90	45	5
1390	0.90	45	5
1391	0.90	45	5
1392	0.90	45	5
1393	0.90	45	5
1394	0.90	45	5
1395	0.90	45	5
1396	0.90	45	5
1397	0.90	45	5
1398	0.90	45	5
1399	0.90	45	5
1400	0.88	44	6
1401	0.88	44	6
1402	0.88	44	6
1403	0.88	44	6
1404	0.88	44	6
1405	0.88	44	6
1406	0.88	44	6
1407	0.86	43	7
1408	0.86	43	7
1409	0.86	43	7
1410	0.86	43	7
1411	0.86	43	7
1412	0.84	42	8
1413	0.82	41	9
1414	0.82	41	9
1415	0.82	41	9
1416	0.82	41	9
1417	0.82	41	9
1418	0.84	42	8
1419	0.84	42	8
1420	0.84	42	8
1421	0.82	41	9
1422	0.80	40	10
1423	0.80	40	10
1424	0.78	39	11
1425	0.80	40	10
1426	0.80	40	10
1427	0.80	40	10
1428	0.80	40	10
1429	0.80	40	10
1430	0.82	41	9
1431	0.82	41	9
1432	0.82	41	9
1433	0.80	40	10
1434	0.80	40	10
1435	0.80	40	10
1436	0.80	40	10
1437	0.82	41	9
1438	0.82	41	9
1439	0.82	41	9
1440	0.84	42	8
1441	0.84	42	8
1442	0.84	42	8
1443	0.84	42	8
1444	0.84	42	8
1445	0.84	42	8
1446	0.84	42	8
1447	0.82	41	9
1448	0.82	41	9
1449	0.82	41	9
1450	0.84	42	8
1451	0.84	42	8
1452	0.84	42	8
1453	0.84	42	8
1454	0.84	42	8
1455	0.82	41	9
1456	0.82	41	9
1457	0.84	42	8
1458	0.84	42	8
1459	0.84	42	8
1460	0.84	42	8
1461	0.84	42	8
1462	0.84	42	8
1463	0.86	43	7
1464	0.86	43	7
1465	0.86	43	7
1466	0.86	43	7
1467	0.86	43	7
1468	0.86	43	7
1469	0.86	43	7
1470	0.84	42	8
1471	0.86	43	7
1472	0.88	44	6
1473	0.88	44	6
1474	0.90	45	5
1475	0.90	45	5
1476	0.90	45	5
1477	0.88	44	6
1478	0.88	44	6
1479	0.88	44	6
1480	0.88	44	6
1481	0.88	44	6
1482	0.88	44	6
1483	0.90	45	5
1484	0.90	45	5
1485	0.90	45	5
1486	0.90	45	5
1487	0.90	45	5
1488	0.90	45	5
1489	0.90	45	5
1490	0.90	45	5
1491	0.90	45	5
1492	0.88	44	6
1493	0.88	44	6
1494	0.86	43	7
1495	0.86	43	7
1496	0.86	43	7
1497	0.88	44	6
1498	0.86	43	7
1499	0.86	43	7
1500	0.14	43	7
1501	0.16	42	8
1502	0.18	41	9
1503	0.20	40	10
1504	0.20	40	10
1505	0.18	41	9
1506	0.18	41	9
1507	0.18	41	9
1508	0.18	41	9
1509	0.18	41	9
1510	0.20	40	10
1511	0.22	39	11
1512	0.20	40	10
1513	0.20	40	10
1514	0.20	40	10
1515	0.20	40	10
1516	0.20	40	10
1517	0.20	40	10
1518	0.22	39	11
1519	0.22	39	11
1520	0.22	39	11
1521	0.22	39	11
1522	0.24	38	12
1523	0.26	37	13
1524	0.28	36	14
1525	0.28	36	14
1526	0.28	36	14
1527	0.28	36	14
1528	0.30	35	15
1529	0.32	34	16
1530	0.32	34	16
1531	0.34	33	17
1532	0.36	32	18
1533	0.38	31	19
1534	0.40	30	20
1535	0.42	29	21
1536	0.44	28	22
1537	0.46	27	23
1538	0.48	26	24
1539	0.50	25	25
1540	0.50	25	25
1541	0.50	25	25
1542	0.50	25	25
1543	0.52	24	26
1544	0.52	24	26
1545	0.54	23	27
1546	0.56	22	28
1547	0.58	21	29
1548	0.58	21	29
1549	0.60	20	30
1550	0.62	19	31
1551	0.62	19	31
1552	0.62	19	31
1553	0.62	19	31
1554	0.64	18	32
1555	0.66	17	33
1556	0.68	16	34
1557	0.68	16	34
1558	0.70	15	35
1559	0.72	14	36
1560	0.70	15	35
1561	0.70	15	35
1562	0.72	14	36
1563	0.72	14	36
1564	0.74	13	37
1565	0.76	12	38
1566	0.78	11	39
1567	0.80	10	40
1568	0.80	10	40
1569	0.80	10	40
1570	0.80	10	40
1571	0.80	10	40
1572	0.80	10	40
1573	0.80	10	40
1574	0.80	10	40
1575	0.82	9	41
1576	0.84	8	42
1577	0.84	8	42
1578	0.82	9	41
1579	0.82	9	41
1580	0.84	8	42
1581	0.84	8	42
1582	0.84	8	42
1583	0.82	9	41
1584	0.82	9	41
1585	0.82	9	41
1586	0.82	9	41
1587	0.82	9	41
1588	0.82	9	41
1589	0.80	10	40
1590	0.82	9	41
1591	0.82	9	41
1592	0.80	10	40
1593	0.80	10	40
1594	0.80	10	40
1595	0.80	10	40
1596	0.80	10	40
1597	0.80	10	40
1598	0.80	10	40
1599	0.80	10	40
1600	0.80	10	40
1601	0.80	10	40
1602	0.78	11	39
1603	0.76	12	38
1604	0.76	12	38
1605	0.76	12	38
1606	0.76	12	38
1607	0.76	12	38
1608	0.74	13	37
1609	0.74	13	37
1610	0.74	13	37
1611	0.74	13	37
1612	0.74	13	37
1613	0.76	12	38
1614	0.74	13	37
1615	0.74	13	37
1616	0.74	13	37
1617	0.74	13	37
1618	0.74	13	37
1619	0.74	13	37
1620	0.72	14	36
1621	0.72	14	36
1622	0.70	15	35
1623	0.70	15	35
1624	0.70	15	35
1625	0.70	15	35
1626	0.68	16	34
1627	0.68	16	34
1628	0.70	15	35
1629	0.70	15	35
1630	0.70	15	35
1631	0.70	15	35
1632	0.70	15	35
1633	0.72	14	36
1634	0.72	14	36
1635	0.72	14	36
1636	0.72	14	36
1637	0.72	14	36
1638	0.70	15	35
1639	0.72	14	36
1640	0.72	14	36
1641	0.74	13	37
1642	0.76	12	38
1643	0.76	12	38
1644	0.74	13	37
1645	0.72	14	36
1646	0.72	14	36
1647	0.70	15	35
1648	0.70	15	35
1649	0.68	16	34
1650	0.66	17	33
1651	0.66	17	33
1652	0.68	16	34
1653	0.70	15	35
1654	0.70	15	35
1655	0.70	15	35
1656	0.68	16	34
1657	0.70	15	35
1658	0.70	15	35
1659	0.68	16	34
1660	0.70	15	35
1661	0.70	15	35
1662	0.70	15	35
1663	0.70	15	35
1664	0.72	14	36
1665	0.72	14	36
1666	0.72	14	36
1667	0.72	14	36
1668	0.72	14	36
1669	0.74	13	37
1670	0.76	12	38
1671	0.78	11	39
1672	0.78	11	39
1673	0.78	11	39
1674	0.78	11	39
1675	0.78	11	39
1676	0.80	10	40
1677	0.80	10	40
1678	0.80	10	40
1679	0.80	10	40
1680	0.80	10	40
1681	0.80	10	40
1682	0.80	10	40
1683	0.78	11	39
1684	0.78	11	39
1685	0.78	11	39
1686	0.78	11	39
1687	0.78	11	39
1688	0.78	11	39
1689	0.78	11	39
1690	0.78	11	39
1691	0.78	11	39
1692	0.78	11	39
1693	0.76	12	38
1694	0.78	11	39
1695	0.78	11	39
1696	0.78	11	39
1697	0.80	10	40
1698	0.80	10	40
1699	0.82	9	41
1700	0.84	8	42
1701	0.84	8	42
1702	0.84	8	42
1703	0.82	9	41
1704	0.82	9	41
1705	0.82	9	41
1706	0.84	8	42
1707	0.84	8	42
1708	0.86	7	43
1709	0.88	6	44
1710	0.88	6	44
1711	0.88	6	44
1712	0.88	6	44
1713	0.88	6	44
1714	0.88	6	44
1715	0.88	6	44
1716	0.88	6	44
1717	0.86	7	43
1718	0.86	7	43
1719	0.86	7	43
1720	0.86	7	43
1721	0.84	8	42
1722	0.86	7	43
1723	0.86	7	43
1724	0.86	7	43
1725	0.84	8	42
1726	0.84	8	42
1727	0.82	9	41
1728	0.82	9	41
1729	0.80	10	40
1730	0.80	10	40
1731	0.80	10	40
1732	0.78	11	39
1733	0.80	10	40
1734	0.80	10	40
1735	0.80	10	40
1736	0.80	10	40
1737	0.80	10	40
1738	0.80	10	40
1739	0.78	11	39
1740	0.78	11	39
1741	0.78	11	39
1742	0.76	12	38
1743	0.78	11	39
1744	0.78	11	39
1745	0.80	10	40
1746	0.80	10	40
1747	0.80	10	40
1748	0.80	10	40
1749	0.80	10	40
1750	0.80	10	40
1751	0.78	11	39
1752	0.78	11	39
1753	0.80	10	40
1754	0.80	10	40
1755	0.80	10	40
1756	0.78	11	39
1757	0.76	12	38
1758	0.76	12	38
1759	0.76	12	38
1760	0.76	12	38
1761	0.74	13	37
1762	0.74	13	37
1763	0.74	13	37
1764	0.74	13	37
1765	0.74	13	37
1766	0.74	13	37
1767	0.76	12	38
1768	0.76	12	38
1769	0.76	12	38
1770	0.76	12	38
1771	0.78	11	39
1772	0.76	12	38
1773	0.74	13	37
1774	0.74	13	37
1775	0.76	12	38
1776	0.76	12	38
1777	0.78	11	39
1778	0.78	11	39
1779	0.78	11	39
1780	0.78	11	39
1781	0.78	11	39
1782	0.80	10	40
1783	0.80	10	40
1784	0.80	10	40
1785	0.80	10	40
1786	0.80	10	40
1787	0.80	10	40
1788	0.82	9	41
1789	0.84	8	42
1790	0.84	8	42
1791	0.84	8	42
1792	0.86	7	43
1793	0.86	7	43
1794	0.86	7	43
1795	0.86	7	43
1796	0.84	8	42
1797	0.84	8	42
1798	0.84	8	42
1799	0.84	8	42
1800	0.82	9	41
1801	0.84	8	42
1802	0.84	8	42
1803	0.84	8	42
1804	0.84	8	42
1805	0.84	8	42
1806	0.86	7	43
1807	0.88	6	44
1808	0.88	6	44
1809	0.86	7	43
1810	0.84	8	42
1811	0.86	7	43
1812	0.84	8	42
1813	0.84	8	42
1814	0.84	8	42
1815	0.82	9	41
1816	0.82	9	41
1817	0.80	10	40
1818	0.80	10	40
1819	0.80	10	40
1820	0.80	10	40
1821	0.80	10	40
1822	0.80	10	40
1823	0.80	10	40
1824	0.80	10	40
1825	0.80	10	40
1826	0.80	10	40
1827	0.80	10	40
1828	0.80	10	40
1829	0.82	9	41
1830	0.82	9	41
1831	0.82	9	41
1832	0.82	9	41
1833	0.82	9	41
1834	0.82	9	41
1835	0.82	9	41
1836	0.80	10	40
1837	0.80	10	40
1838	0.78	11	39
1839	0.78	11	39
1840	0.78	11	39
1841	0.76	12	38
1842	0.76	12	38
1843	0.76	12	38
1844	0.76	12	38
1845	0.76	12	38
1846	0.78	11	39
1847	0.78	11	39
1848	0.78	11	39
1849	0.78	11	39
1850	0.78	11	39
1851	0.78	11	39
1852	0.76	12	38
1853	0.76	12	38
1854	0.76	12	38
1855	0.76	12	38
1856	0.76	12	38
1857	0.76	12	38
1858	0.74	13	37
1859	0.76	12	38
1860	0.78	11	39
1861	0.78	11	39
1862	0.78	11	39
1863	0.78	11	39
1864	0.76	12	38
1865	0.78	11	39
1866	0.78	11	39
1867	0.80	10	40
1868	0.80	10	40
1869	0.80	10	40
1870	0.80	10	40
1871	0.80	10	40
1872	0.82	9	41
1873	0.84	8	42
1874	0.82	9	41
1875	0.80	10	40
1876	0.80	10	40
1877	0.80	10	40
1878	0.80	10	40
1879	0.80	10	40
1880	0.80	10	40
1881	0.78	11	39
1882	0.76	12	38
1883	0.76	12	38
1884	0.76	12	38
1885	0.76	12	38
1886	0.78	11	39
1887	0.78	11	39
1888	0.80	10	40
1889	0.80	10	40
1890	0.80	10	40
1891	0.82	9	41
1892	0.82	9	41
1893	0.82	9	41
1894	0.82	9	41
1895	0.82	9	41
1896	0.82	9	41
1897	0.82	9	41
1898	0.82	9	41
1899	0.82	9	41
1900	0.84	8	42
1901	0.84	8	42
1902	0.86	7	43
1903	0.86	7	43
1904	0.86	7	43
1905	0.84	8	42
1906	0.84	8	42
1907	0.84	8	42
1908	0.86	7	43
1909	0.86	7	43
1910	0.86	7	43
1911	0.86	7	43
1912	0.88	6	44
1913	0.86	7	43
1914	0.88	6	44
1915	0.88	6	44
1916	0.88	6	44
1917	0.88	6	44
1918	0.88	6	44
1919	0.88	6	44
1920	0.88	6	44
1921	0.86	7	43
1922	0.86	7	43
1923	0.86	7	43
1924	0.88	6	44
1925	0.90	5	45
1926	0.88	6	44
1927	0.88	6	44
1928	0.88	6	44
1929	0.88	6	44
1930	0.86	7	43
1931	0.88	6	44
1932	0.90	5	45
1933	0.90	5	45
1934	0.90	5	45
1935	0.88	6	44
1936	0.88	6	44
1937	0.88	6	44
1938	0.88	6	44
1939	0.88	6	44
1940	0.88	6	44
1941	0.88	6	44
1942	0.86	7	43
1943	0.86	7	43
1944	0.86	7	43
1945	0.86	7	43
1946	0.86	7	43
1947	0.84	8	42
1948	0.84	8	42
1949	0.84	8	42
1950	0.84	8	42
1951	0.84	8	42
1952	0.84	8	42
1953	0.82	9	41
1954	0.82	9	41
1955	0.84	8	42
1956	0.84	8	42
1957	0.84	8	42
1958	0.84	8	42
1959	0.84	8	42
1960	0.84	8	42
1961	0.84	8	42
1962	0.84	8	42
1963	0.86	7	43
1964	0.86	7	43
1965	0.86	7	43
1966	0.86	7	43
1967	0.86	7	43
1968	0.86	7	43
1969	0.86	7	43
1970	0.86	7	43
1971	0.88	6	44
1972	0.88	6	44
1973	0.88	6	44
1974	0.88	6	44
1975	0.88	6	44
1976	0.90	5	45
1977	0.90	5	45
1978	0.90	5	45
1979	0.90	5	45
1980	0.92	4	46
1981	0.92	4	46
1982	0.92	4	46
1983	0.92	4	46
1984	0.90	5	45
1985	0.92	4	46
1986	0.92	4	46
1987	0.92	4	46
1988	0.92	4	46
1989	0.90	5	45
1990	0.90	5	45
1991	0.90	5	45
1992	0.92	4	46
1993	0.92	4	46
1994	0.92	4	46
1995	0.90	5	45
1996	0.90	5	45
1997	0.92	4	46
1998	0.92	4	46
1999	0.92	4	46
2000	0.10	5	45
2001	0.12	6	44
2002	0.14	7	43
2003	0.12	6	44
2004	0.14	7	43
2005	0.14	7	43
2006	0.16	8	42
2007	0.16	8	42
2008	0.18	9	41
2009	0.20	10	40
2010	0.22	11	39
2011	0.22	11	39
2012	0.24	12	38
2013	0.26	13	37
2014	0.26	13	37
2015	0.26	13	37
2016	0.28	14	36
2017	0.28	14	36
2018	0.30	15	35
2019	0.30	15	35
2020	0.30	15	35
2021	0.30	15	35
2022	0.32	16	34
2023	0.34	17	33
2024	0.36	18	32
2025	0.38	19	31
2026	0.38	19	31
2027	0.38	19	31
2028	0.40	20	30
2029	0.42	21	29
2030	0.42	21	29
2031	0.44	22	28
2032	0.46	23	27
2033	0.48	24	26
2034	0.48	24	26
2035	0.50	25	25
2036	0.52	26	24
2037	0.52	26	24
2038	0.54	27	23
2039	0.52	26	24
2040	0.54	27	23
2041	0.56	28	22
2042	0.58	29	21
2043	0.60	30	20
2044	0.62	31	19
2045	0.62	31	19
2046	0.64	32	18
2047	0.66	33	17
2048	0.68	34	16
2049	0.70	35	15
2050	0.70	35	15
2051	0.70	35	15
2052	0.70	35	15
2053	0.72	36	14
2054	0.70	35	15
2055	0.72	36	14
2056	0.72	36	14
2057	0.74	37	13
2058	0.74	37	13
2059	0.74	37	13
2060	0.74	37	13
2061	0.76	38	12
2062	0.74	37	13
2063	0.74	37	13
2064	0.76	38	12
2065	0.78	39	11
2066	0.78	39	11
2067	0.80	40	10
2068	0.78	39	11
2069	0.80	40	10
2070	0.82	41	9
2071	0.84	42	8
2072	0.84	42	8
2073	0.84	42	8
2074	0.84	42	8
2075	0.84	42	8
2076	0.86	43	7
2077	0.88	44	6
2078	0.88	44	6
2079	0.88	44	6
2080	0.90	45	5
2081	0.90	45	5
2082	0.90	45	5
2083	0.88	44	6
2084	0.88	44	6
2085	0.88	44	6
2086	0.88	44	6
2087	0.90	45	5
2088	0.90	45	5
2089	0.92	46	4
2090	0.92	46	4
2091	0.92	46	4
2092	0.92	46	4
2093	0.92	46	4
2094	0.90	45	5
2095	0.88	44	6
2096	0.88	44	6
2097	0.88	44	6
2098	0.88	44	6
2099	0.88	44	6
2100	0.88	44	6
2101	0.86	43	7
2102	0.86	43	7
2103	0.86	43	7
2104	0.88	44	6
2105	0.88	44	6
2106	0.86	43	7
2107	0.86	43	7
2108	0.86	43	7
2109	0.86	43	7
2110	0.86	43	7
2111	0.86	43	7
2112	0.86	43	7
2113	0.86	43	7
2114	0.84	42	8
2115	0.84	42	8
2116	0.84	42	8
2117	0.84	42	8
2118	0.86	43	7
2119	0.86	43	7
2120	0.86	43	7
2121	0.86	43	7
2122	0.86	43	7
2123	0.86	43	7
2124	0.86	43	7
2125	0.86	43	7
2126	0.86	43	7
2127	0.86	43	7
2128	0.86	43	7
2129	0.86	43	7
2130	0.86	43	7
2131	0.84	42	8
2132	0.82	41	9
2133	0.84	42	8
2134	0.84	42	8
2135	0.84	42	8
2136	0.84	42	8
2137	0.84	42	8
2138	0.84	42	8
2139	0.84	42	8
2140	0.84	42	8
2141	0.84	42	8
2142	0.82	41	9
2143	0.82	41	9
2144	0.84	42	8
2145	0.86	43	7
2146	0.84	42	8
2147	0.84	42	8
2148	0.84	42	8
2149	0.82	41	9
2150	0.82	41	9
2151	0.84	42	8
2152	0.82	41	9
2153	0.82	41	9
2154	0.82	41	9
2155	0.82	41	9
2156	0.84	42	8
2157	0.84	42	8
2158	0.84	42	8
2159	0.84	42	8
2160	0.84	42	8
2161	0.84	42	8
2162	0.86	43	7
2163	0.86	43	7
2164	0.86	43	7
2165	0.86	43	7
2166	0.86	43	7
2167	0.86	43	7
2168	0.86	43	7
2169	0.86	43	7
2170	0.86	43	7
2171	0.86	43	7
2172	0.86	43	7
2173	0.86	43	7
2174	0.84	42	8
2175	0.82	41	9
2176	0.82	41	9
2177	0.82	41	9
2178	0.80	40	10
2179	0.80	40	10
2180	0.80	40	10
2181	0.82	41	9
2182	0.84	42	8
2183	0.84	42	8
2184	0.84	42	8
2185	0.84	42	8
2186	0.82	41	9
2187	0.82	41	9
2188	0.82	41	9
2189	0.82	41	9
2190	0.82	41	9
2191	0.82	41	9
2192	0.84	42	8
2193	0.84	42	8
2194	0.84	42	8
2195	0.84	42	8
2196	0.86	43	7
2197	0.86	43	7
2198	0.86	43	7
2199	0.86	43	7
2200	0.86	43	7
2201	0.86	43	7
2202	0.88	44	6
2203	0.86	43	7
2204	0.86	43	7
2205	0.86	43	7
2206	0.84	42	8
2207	0.84	42	8
2208	0.84	42	8
2209	0.82	41	9
2210	0.82	41	9
2211	0.82	41	9
2212	0.80	40	10
2213	0.80	40	10
2214	0.82	41	9
2215	0.82	41	9
2216	0.82	41	9
2217	0.82	41	9
2218	0.82	41	9
2219	0.82	41	9
2220	0.82	41	9
2221	0.82	41	9
2222	0.82	41	9
2223	0.82	41	9
2224	0.84	42	8
2225	0.84	42	8
2226	0.84	42	8
2227	0.84	42	8
2228	0.86	43	7
2229	0.84	42	8
2230	0.84	42	8
2231	0.84	42	8
2232	0.84	42	8
2233	0.84	42	8
2234	0.84	42	8
2235	0.84	42	8
2236	0.86	43	7
2237	0.84	42	8
2238	0.84	42	8
2239	0.84	42	8
2240	0.84	42	8
2241	0.84	42	8
2242	0.84	42	8
2243	0.84	42	8
2244	0.84	42	8
2245	0.84	42	8
2246	0.84	42	8
2247	0.82	41	9
2248	0.82	41	9
2249	0.84	42	8
2250	0.82	41	9
2251	0.82	41	9
2252	0.82	41	9
2253	0.82	41	9
2254	0.82	41	9
2255	0.82	41	9
2256	0.84	42	8
2257	0.84	42	8
2258	0.84	42	8
2259	0.86	43	7
2260	0.86	43	7
2261	0.86	43	7
2262	0.88	44	6
2263	0.86	43	7
2264	0.86	43	7
2265	0.86	43	7
2266	0.86	43	7
2267	0.86	43	7
2268	0.86	43	7
2269	0.84	42	8
2270	0.84	42	8
2271	0.84	42	8
2272	0.84	42	8
2273	0.84	42	8
2274	0.84	42	8
2275	0.84	42	8
2276	0.84	42	8
2277	0.84	42	8
2278	0.84	42	8
2279	0.86	43	7
2280	0.86	43	7
2281	0.86	43	7
2282	0.86	43	7
2283	0.86	43	7
2284	0.86	43	7
2285	0.86	43	7
2286	0.86	43	7
2287	0.88	44	6
2288	0.88	44	6
2289	0.88	44	6
2290	0.88	44	6
2291	0.88	44	6
2292	0.88	44	6
2293	0.88	44	6
2294	0.88	44	6
2295	0.88	44	6
2296	0.88	44	6
2297	0.88	44	6
2298	0.86	43	7
2299	0.86	43	7
2300	0.88	44	6
2301	0.88	44	6
2302	0.88	44	6
2303	0.90	45	5
2304	0.90	45	5
2305	0.88	44	6
2306	0.86	43	7
2307	0.86	43	7
2308	0.86	43	7
2309	0.86	43	7
2310	0.86	43	7
2311	0.86	43	7
2312	0.86	43	7
2313	0.86	43	7
2314	0.84	42	8
2315	0.84	42	8
2316	0.84	42	8
2317	0.82	41	9
2318	0.82	41	9
2319	0.82	41	9
2320	0.82	41	9
2321	0.82	41	9
2322	0.82	41	9
2323	0.82	41	9
2324	0.82	41	9
2325	0.84	42	8
2326	0.84	42	8
2327	0.84	42	8
2328	0.82	41	9
2329	0.82	41	9
2330	0.82	41	9
2331	0.82	41	9
2332	0.82	41	9
2333	0.82	41	9
2334	0.82	41	9
2335	0.82	41	9
2336	0.80	40	10
2337	0.78	39	11
2338	0.78	39	11
2339	0.78	39	11
2340	0.78	39	11
2341	0.76	38	12
2342	0.76	38	12
2343	0.76	38	12
2344	0.76	38	12
2345	0.74	37	13
2346	0.72	36	14
2347	0.74	37	13
2348	0.76	38	12
2349	0.76	38	12
2350	0.76	38	12
2351	0.76	38	12
2352	0.74	37	13
2353	0.74	37	13
2354	0.74	37	13
2355	0.76	38	12
2356	0.78	39	11
2357	0.78	39	11
2358	0.76	38	12
2359	0.76	38	12
2360	0.76	38	12
2361	0.76	38	12
2362	0.76	38	12
2363	0.78	39	11
2364	0.80	40	10
2365	0.80	40	10
2366	0.78	39	11
2367	0.80	40	10
2368	0.80	40	10
2369	0.82	41	9
2370	0.82	41	9
2371	0.82	41	9
2372	0.82	41	9
2373	0.82	41	9
2374	0.82	41	9
2375	0.82	41	9
2376	0.82	41	9
2377	0.82	41	9
2378	0.84	42	8
2379	0.84	42	8
2380	0.84	42	8
2381	0.84	42	8
2382	0.84	42	8
2383	0.84	42	8
2384	0.84	42	8
2385	0.84	42	8
2386	0.86	43	7
2387	0.86	43	7
2388	0.86	43	7
2389	0.86	43	7
2390	0.86	43	7
2391	0.88	44	6
2392	0.88	44	6
2393	0.88	44	6
2394	0.88	44	6
2395	0.90	45	5
2396	0.92	46	4
2397	0.92	46	4
2398	0.92	46	4
2399	0.90	45	5
2400	0.90	45	5
2401	0.90	45	5
2402	0.92	46	4
2403	0.92	46	4
2404	0.92	46	4
2405	0.92	46	4
2406	0.90	45	5
2407	0.90	45	5
2408	0.90	45	5
2409	0.90	45	5
2410	0.90	45	5
2411	0.90	45	5
2412	0.90	45	5
2413	0.88	44	6
2414	0.88	44	6
2415	0.88	44	6
2416	0.90	45	5
2417	0.90	45	5
2418	0.90	45	5
2419	0.90	45	5
2420	0.90	45	5
2421	0.90	45	5
2422	0.90	45	5
2423	0.90	45	5
2424	0.90	45	5
2425	0.90	45	5
2426	0.90	45	5
2427	0.90	45	5
2428	0.88	44	6
2429	0.88	44	6
2430	0.88	44	6
2431	0.88	44	6
2432	0.88	44	6
2433	0.88	44	6
2434	0.88	44	6
2435	0.88	44	6
2436	0.88	44	6
2437	0.90	45	5
2438	0.90	45	5
2439	0.90	45	5
2440	0.90	45	5
2441	0.88	44	6
2442	0.88	44	6
2443	0.88	44	6
2444	0.88	44	6
2445	0.88	44	6
2446	0.88	44	6
2447	0.88	44	6
2448	0.88	44	6
2449	0.90	45	5
2450	0.90	45	5
2451	0.90	45	5
2452	0.90	45	5
2453	0.90	45	5
2454	0.90	45	5
2455	0.90	45	5
2456	0.92	46	4
2457	0.92	46	4
2458	0.92	46	4
2459	0.92	46	4
2460	0.92	46	4
2461	0.92	46	4
2462	0.92	46	4
2463	0.94	47	3
2464	0.94	47	3
2465	0.92	46	4
2466	0.90	45	5
2467	0.90	45	5
2468	0.90	45	5
2469	0.90	45	5
2470	0.90	45	5
2471	0.90	45	5
2472	0.90	45	5
2473	0.90	45	5
2474	0.90	45	5
2475	0.90	45	5
2476	0.90	45	5
2477	0.90	45	5
2478	0.92	46	4
2479	0.92	46	4
2480	0.92	46	4
2481	0.92	46	4
2482	0.92	46	4
2483	0.92	46	4
2484	0.92	46	4
2485	0.92	46	4
2486	0.92	46	4
2487	0.92	46	4
2488	0.90	45	5
2489	0.90	45	5
2490	0.88	44	6
2491	0.90	45	5
2492	0.90	45	5
2493	0.88	44	6
2494	0.88	44	6
2495	0.88	44	6
2496	0.88	44	6
2497	0.88	44	6
2498	0.86	43	7
2499	0.86	43	7
2500	0.16	42	8
2501	0.18	41	9
2502	0.20	40	10
2503	0.22	39	11
2504	0.24	38	12
2505	0.26	37	13
2506	0.26	37	13
2507	0.28	36	14
2508	0.28	36	14
2509	0.30	35	15
2510	0.30	35	15
2511	0.32	34	16
2512	0.34	33	17
2513	0.36	32	18
2514	0.38	31	19
2515	0.38	31	19
2516	0.36	32	18
2517	0.38	31	19
2518	0.38	31	19
2519	0.40	30	20
2520	0.42	29	21
2521	0.44	28	22
2522	0.46	27	23
2523	0.48	26	24
2524	0.50	25	25
2525	0.52	24	26
2526	0.54	23	27
2527	0.54	23	27
2528	0.56	22	28
2529	0.58	21	29
2530	0.60	20	30
2531	0.62	19	31
2532	0.64	18	32
2533	0.66	17	33
2534	0.68	16	34
2535	0.70	15	35
2536	0.72	14	36
2537	0.74	13	37
2538	0.74	13	37
2539	0.76	12	38
2540	0.76	12	38
2541	0.78	11	39
2542	0.78	11	39
2543	0.78	11	39
2544	0.78	11	39
2545	0.80	10	40
2546	0.80	10	40
2547	0.82	9	41
2548	0.82	9	41
2549	0.84	8	42
2550	0.84	8	42
2551	0.84	8	42
2552	0.84	8	42
2553	0.84	8	42
2554	0.84	8	42
2555	0.84	8	42
2556	0.84	8	42
2557	0.84	8	42
2558	0.84	8	42
2559	0.84	8	42
2560	0.86	7	43
2561	0.84	8	42
2562	0.84	8	42
2563	0.84	8	42
2564	0.84	8	42
2565	0.82	9	41
2566	0.84	8	42
2567	0.84	8	42
2568	0.86	7	43
2569	0.86	7	43
2570	0.86	7	43
2571	0.86	7	43
2572	0.86	7	43
2573	0.86	7	43
2574	0.86	7	43
2575	0.86	7	43
2576	0.86	7	43
2577	0.86	7	43
2578	0.86	7	43
2579	0.86	7	43
2580	0.86	7	43
2581	0.86	7	43
2582	0.86	7	43
2583	0.86	7	43
2584	0.86	7	43
2585	0.86	7	43
2586	0.86	7	43
2587	0.86	7	43
2588	0.86	7	43
2589	0.86	7	43
2590	0.86	7	43
2591	0.86	7	43
2592	0.88	6	44
2593	0.88	6	44
2594	0.90	5	45
2595	0.88	6	44
2596	0.90	5	45
2597	0.90	5	45
2598	0.90	5	45
2599	0.90	5	45
2600	0.90	5	45
2601	0.88	6	44
2602	0.88	6	44
2603	0.88	6	44
2604	0.88	6	44
2605	0.88	6	44
2606	0.90	5	45
2607	0.90	5	45
2608	0.90	5	45
2609	0.90	5	45
2610	0.90	5	45
2611	0.92	4	46
2612	0.92	4	46
2613	0.92	4	46
2614	0.92	4	46
2615	0.94	3	47
2616	0.94	3	47
2617	0.94	3	47
2618	0.94	3	47
2619	0.94	3	47
2620	0.94	3	47
2621	0.92	4	46
2622	0.92	4	46
2623	0.92	4	46
2624	0.92	4	46
2625	0.90	5	45
2626	0.90	5	45
2627	0.92	4	46
2628	0.92	4	46
2629	0.92	4	46
2630	0.92	4	46
2631	0.92	4	46
2632	0.92	4	46
2633	0.92	4	46
2634	0.92	4	46
2635	0.92	4	46
2636	0.92	4	46
2637	0.92	4	46
2638	0.92	4	46
2639	0.92	4	46
2640	0.90	5	45
2641	0.90	5	45
2642	0.90	5	45
2643	0.88	6	44
2644	0.88	6	44
2645	0.90	5	45
2646	0.90	5	45
2647	0.90	5	45
2648	0.90	5	45
2649	0.90	5	45
2650	0.90	5	45
2651	0.92	4	46
2652	0.92	4	46
2653	0.92	4	46
2654	0.92	4	46
2655	0.92	4	46
2656	0.92	4	46
2657	0.92	4	46
2658	0.92	4	46
2659	0.92	4	46
2660	0.92	4	46
2661	0.92	4	46
2662	0.92	4	46
2663	0.92	4	46
2664	0.92	4	46
2665	0.90	5	45
2666	0.90	5	45
2667	0.90	5	45
2668	0.90	5	45
2669	0.90	5	45
2670	0.90	5	45
2671	0.92	4	46
2672	0.92	4	46
2673	0.92	4	46
2674	0.92	4	46
2675	0.94	3	47
2676	0.94	3	47
2677	0.94	3	47
2678	0.94	3	47
2679	0.94	3	47
2680	0.94	3	47
2681	0.94	3	47
2682	0.94	3	47
2683	0.94	3	47
2684	0.94	3	47
2685	0.92	4	46
2686	0.92	4	46
2687	0.92	4	46
2688	0.92	4	46
2689	0.92	4	46
2690	0.94	3	47
2691	0.94	3	47
2692	0.94	3	47
2693	0.96	2	48
2694	0.96	2	48
2695	0.96	2	48
2696	0.96	2	48
2697	0.96	2	48
2698	0.96	2	48
2699	0.96	2	48
2700	0.96	2	48
2701	0.96	2	48
2702	0.96	2	48
2703	0.94	3	47
2704	0.94	3	47
2705	0.94	3	47
2706	0.94	3	47
2707	0.94	3	47
2708	0.94	3	47
2709	0.94	3	47
2710	0.94	3	47
2711	0.94	3	47
2712	0.92	4	46
2713	0.92	4	46
2714	0.90	5	45
2715	0.92	4	46
2716	0.92	4	46
2717	0.90	5	45
2718	0.90	5	45
2719	0.90	5	45
2720	0.90	5	45
2721	0.90	5	45
2722	0.90	5	45
2723	0.90	5	45
2724	0.90	5	45
2725	0.90	5	45
2726	0.90	5	45
2727	0.90	5	45
2728	0.88	6	44
2729	0.86	7	43
2730	0.86	7	43
2731	0.86	7	43
2732	0.86	7	43
2733	0.86	7	43
2734	0.86	7	43
2735	0.88	6	44
2736	0.88	6	44
2737	0.86	7	43
2738	0.86	7	43
2739	0.86	7	43
2740	0.86	7	43
2741	0.86	7	43
2742	0.86	7	43
2743	0.86	7	43
2744	0.84	8	42
2745	0.82	9	41
2746	0.82	9	41
2747	0.82	9	41
2748	0.82	9	41
2749	0.82	9	41
2750	0.82	9	41
2751	0.80	10	40
2752	0.80	10	40
2753	0.82	9	41
2754	0.82	9	41
2755	0.82	9	41
2756	0.80	10	40
2757	0.80	10	40
2758	0.78	11	39
2759	0.78	11	39
2760	0.76	12	38
2761	0.76	12	38
2762	0.78	11	39
2763	0.78	11	39
2764	0.80	10	40
2765	0.80	10	40
2766	0.80	10	40
2767	0.82	9	41
2768	0.82	9	41
2769	0.82	9	41
2770	0.80	10	40
2771	0.80	10	40
2772	0.78	11	39
2773	0.78	11	39
2774	0.78	11	39
2775	0.76	12	38
2776	0.76	12	38
2777	0.76	12	38
2778	0.76	12	38
2779	0.78	11	39
2780	0.78	11	39
2781	0.78	11	39
2782	0.78	11	39
2783	0.78	11	39
2784	0.78	11	39
2785	0.78	11	39
2786	0.76	12	38
2787	0.78	11	39
2788	0.78	11	39
2789	0.78	11	39
2790	0.76	12	38
2791	0.76	12	38
2792	0.74	13	37
2793	0.74	13	37
2794	0.76	12	38
2795	0.78	11	39
2796	0.78	11	39
2797	0.78	11	39
2798	0.78	11	39
2799	0.78	11	39
2800	0.78	11	39
2801	0.80	10	40
2802	0.78	11	39
2803	0.78	11	39
2804	0.78	11	39
2805	0.78	11	39
2806	0.80	10	40
2807	0.80	10	40
2808	0.82	9	41
2809	0.82	9	41
2810	0.84	8	42
2811	0.84	8	42
2812	0.84	8	42
2813	0.84	8	42
2814	0.84	8	42
2815	0.84	8	42
2816	0.84	8	42
2817	0.84	8	42
2818	0.84	8	42
2819	0.84	8	42
2820	0.86	7	43
2821	0.86	7	43
2822	0.88	6	44
2823	0.88	6	44
2824	0.86	7	43
2825	0.86	7	43
2826	0.86	7	43
2827	0.86	7	43
2828	0.86	7	43
2829	0.86	7	43
2830	0.86	7	43
2831	0.86	7	43
2832	0.84	8	42
2833	0.84	8	42
2834	0.84	8	42
2835	0.84	8	42
2836	0.86	7	43
2837	0.84	8	42
2838	0.84	8	42
2839	0.84	8	42
2840	0.86	7	43
2841	0.86	7	43
2842	0.86	7	43
2843	0.86	7	43
2844	0.86	7	43
2845	0.86	7	43
2846	0.86	7	43
2847	0.86	7	43
2848	0.86	7	43
2849	0.86	7	43
2850	0.86	7	43
2851	0.86	7	43
2852	0.88	6	44
2853	0.88	6	44
2854	0.88	6	44
2855	0.88	6	44
2856	0.88	6	44
2857	0.88	6	44
2858	0.88	6	44
2859	0.86	7	43
2860	0.86	7	43
2861	0.86	7	43
2862	0.86	7	43
2863	0.86	7	43
2864	0.84	8	42
2865	0.82	9	41
2866	0.82	9	41
2867	0.82	9	41
2868	0.82	9	41
2869	0.82	9	41
2870	0.82	9	41
2871	0.82	9	41
2872	0.80	10	40
2873	0.80	10	40
2874	0.80	10	40
2875	0.82	9	41
2876	0.82	9	41
2877	0.80	10	40
2878	0.82	9	41
2879	0.82	9	41
2880	0.82	9	41
2881	0.82	9	41
2882	0.84	8	42
2883	0.84	8	42
2884	0.84	8	42
2885	0.84	8	42
2886	0.84	8	42
2887	0.86	7	43
2888	0.86	7	43
2889	0.86	7	43
2890	0.84	8	42
2891	0.84	8	42
2892	0.86	7	43
2893	0.86	7	43
2894	0.86	7	43
2895	0.86	7	43
2896	0.84	8	42
2897	0.84	8	42
2898	0.84	8	42
2899	0.82	9	41
2900	0.82	9	41
2901	0.82	9	41
2902	0.82	9	41
2903	0.82	9	41
2904	0.82	9	41
2905	0.82	9	41
2906	0.82	9	41
2907	0.82	9	41
2908	0.82	9	41
2909	0.84	8	42
2910	0.82	9	41
2911	0.82	9	41
2912	0.82	9	41
2913	0.82	9	41
2914	0.84	8	42
2915	0.86	7	43
2916	0.86	7	43
2917	0.84	8	42
2918	0.84	8	42
2919	0.82	9	41
2920	0.82	9	41
2921	0.82	9	41
2922	0.84	8	42
2923	0.82	9	41
2924	0.84	8	42
2925	0.84	8	42
2926	0.84	8	42
2927	0.84	8	42
2928	0.84	8	42
2929	0.84	8	42
2930	0.84	8	42
2931	0.84	8	42
2932	0.84	8	42
2933	0.84	8	42
2934	0.82	9	41
2935	0.82	9	41
2936	0.82	9	41
2937	0.82	9	41
2938	0.82	9	41
2939	0.82	9	41
2940	0.84	8	42
2941	0.84	8	42
2942	0.84	8	42
2943	0.84	8	42
2944	0.84	8	42
2945	0.82	9	41
2946	0.84	8	42
2947	0.82	9	41
2948	0.82	9	41
2949	0.84	8	42
2950	0.84	8	42
2951	0.84	8	42
2952	0.84	8	42
2953	0.82	9	41
2954	0.82	9	41
2955	0.82	9	41
2956	0.82	9	41
2957	0.82	9	41
2958	0.82	9	41
2959	0.82	9	41
2960	0.84	8	42
2961	0.84	8	42
2962	0.82	9	41
2963	0.82	9	41
2964	0.82	9	41
2965	0.82	9	41
2966	0.82	9	41
2967	0.84	8	42
2968	0.84	8	42
2969	0.86	7	43
2970	0.86	7	43
2971	0.86	7	43
2972	0.86	7	43
2973	0.88	6	44
2974	0.88	6	44
2975	0.88	6	44
2976	0.88	6	44
2977	0.90	5	45
2978	0.90	5	45
2979	0.88	6	44
2980	0.86	7	43
2981	0.86	7	43
2982	0.86	7	43
2983	0.86	7	43
2984	0.86	7	43
2985	0.86	7	43
2986	0.86	7	43
2987	0.86	7	43
2988	0.84	8	42
2989	0.84	8	42
2990	0.84	8	42
2991	0.84	8	42
2992	0.84	8	42
2993	0.84	8	42
2994	0.84	8	42
2995	0.84	8	42
2996	0.82	9	41
2997	0.84	8	42
2998	0.84	8	42
2999	0.84	8	42
