timestep	swarm_quality	color_0	color_1
0	0.70	35	15
1	0.70	35	15
2	0.70	35	15
3	0.70	35	15
4	0.70	35	15
5	0.68	34	16
6	0.68	34	16
7	0.68	34	16
8	0.68	34	16
9	0.68	34	16
10	0.66	33	17
11	0.66	33	17
12	0.66	33	17
13	0.66	33	17
14	0.66	33	17
15	0.66	33	17
16	0.64	32	18
17	0.64	32	18
18	0.64	32	18
19	0.64	32	18
20	0.64	32	18
21	0.64	32	18
22	0.64	32	18
23	0.64	32	18
24	0.64	32	18
25	0.64	32	18
26	0.62	31	19
27	0.62	31	19
28	0.62	31	19
29	0.62	31	19
30	0.60	30	20
31	0.60	30	20
32	0.58	29	21
33	0.58	29	21
34	0.58	29	21
35	0.60	30	20
36	0.60	30	20
37	0.62	31	19
38	0.64	32	18
39	0.66	33	17
40	0.68	34	16
41	0.68	34	16
42	0.68	34	16
43	0.70	35	15
44	0.72	36	14
45	0.74	37	13
46	0.76	38	12
47	0.76	38	12
48	0.78	39	11
49	0.80	40	10
50	0.80	40	10
51	0.80	40	10
52	0.80	40	10
53	0.80	40	10
54	0.78	39	11
55	0.80	40	10
56	0.80	40	10
57	0.80	40	10
58	0.80	40	10
59	0.80	40	10
60	0.82	41	9
61	0.82	41	9
62	0.82	41	9
63	0.80	40	10
64	0.80	40	10
65	0.80	40	10
66	0.82	41	9
67	0.82	41	9
68	0.82	41	9
69	0.82	41	9
70	0.80	40	10
71	0.80	40	10
72	0.80	40	10
73	0.78	39	11
74	0.76	38	12
75	0.74	37	13
76	0.76	38	12
77	0.76	38	12
78	0.76	38	12
79	0.76	38	12
80	0.78	39	11
81	0.78	39	11
82	0.80	40	10
83	0.80	40	10
84	0.80	40	10
85	0.80	40	10
86	0.82	41	9
87	0.82	41	9
88	0.82	41	9
89	0.82	41	9
90	0.82	41	9
91	0.84	42	8
92	0.84	42	8
93	0.84	42	8
94	0.84	42	8
95	0.84	42	8
96	0.82	41	9
97	0.84	42	8
98	0.84	42	8
99	0.84	42	8
100	0.84	42	8
101	0.84	42	8
102	0.84	42	8
103	0.84	42	8
104	0.86	43	7
105	0.86	43	7
106	0.84	42	8
107	0.84	42	8
108	0.84	42	8
109	0.82	41	9
110	0.82	41	9
111	0.82	41	9
112	0.82	41	9
113	0.84	42	8
114	0.84	42	8
115	0.84	42	8
116	0.84	42	8
117	0.84	42	8
118	0.84	42	8
119	0.84	42	8
120	0.86	43	7
121	0.86	43	7
122	0.86	43	7
123	0.88	44	6
124	0.90	45	5
125	0.92	46	4
126	0.92	46	4
127	0.92	46	4
128	0.92	46	4
129	0.92	46	4
130	0.92	46	4
131	0.92	46	4
132	0.92	46	4
133	0.92	46	4
134	0.92	46	4
135	0.92	46	4
136	0.92	46	4
137	0.92	46	4
138	0.92	46	4
139	0.92	46	4
140	0.92	46	4
141	0.92	46	4
142	0.94	47	3
143	0.92	46	4
144	0.92	46	4
145	0.92	46	4
146	0.94	47	3
147	0.92	46	4
148	0.92	46	4
149	0.92	46	4
150	0.92	46	4
151	0.92	46	4
152	0.92	46	4
153	0.92	46	4
154	0.90	45	5
155	0.90	45	5
156	0.92	46	4
157	0.92	46	4
158	0.92	46	4
159	0.94	47	3
160	0.94	47	3
161	0.94	47	3
162	0.94	47	3
163	0.94	47	3
164	0.94	47	3
165	0.94	47	3
166	0.94	47	3
167	0.94	47	3
168	0.94	47	3
169	0.94	47	3
170	0.94	47	3
171	0.94	47	3
172	0.94	47	3
173	0.92	46	4
174	0.92	46	4
175	0.92	46	4
176	0.92	46	4
177	0.92	46	4
178	0.92	46	4
179	0.92	46	4
180	0.92	46	4
181	0.92	46	4
182	0.90	45	5
183	0.90	45	5
184	0.90	45	5
185	0.90	45	5
186	0.90	45	5
187	0.88	44	6
188	0.88	44	6
189	0.86	43	7
190	0.86	43	7
191	0.86	43	7
192	0.86	43	7
193	0.88	44	6
194	0.88	44	6
195	0.88	44	6
196	0.88	44	6
197	0.90	45	5
198	0.90	45	5
199	0.90	45	5
200	0.90	45	5
201	0.90	45	5
202	0.90	45	5
203	0.90	45	5
204	0.92	46	4
205	0.92	46	4
206	0.92	46	4
207	0.92	46	4
208	0.92	46	4
209	0.92	46	4
210	0.92	46	4
211	0.92	46	4
212	0.90	45	5
213	0.90	45	5
214	0.90	45	5
215	0.90	45	5
216	0.90	45	5
217	0.90	45	5
218	0.90	45	5
219	0.90	45	5
220	0.90	45	5
221	0.90	45	5
222	0.90	45	5
223	0.92	46	4
224	0.92	46	4
225	0.92	46	4
226	0.92	46	4
227	0.92	46	4
228	0.90	45	5
229	0.90	45	5
230	0.90	45	5
231	0.90	45	5
232	0.92	46	4
233	0.92	46	4
234	0.92	46	4
235	0.92	46	4
236	0.92	46	4
237	0.94	47	3
238	0.94	47	3
239	0.96	48	2
240	0.96	48	2
241	0.96	48	2
242	0.96	48	2
243	0.96	48	2
244	0.96	48	2
245	0.96	48	2
246	0.96	48	2
247	0.96	48	2
248	0.96	48	2
249	0.96	48	2
250	0.96	48	2
251	0.96	48	2
252	0.96	48	2
253	0.96	48	2
254	0.94	47	3
255	0.94	47	3
256	0.94	47	3
257	0.94	47	3
258	0.94	47	3
259	0.94	47	3
260	0.94	47	3
261	0.94	47	3
262	0.96	48	2
263	0.96	48	2
264	0.96	48	2
265	0.96	48	2
266	0.96	48	2
267	0.96	48	2
268	0.96	48	2
269	0.96	48	2
270	0.96	48	2
271	0.96	48	2
272	0.96	48	2
273	0.96	48	2
274	0.96	48	2
275	0.96	48	2
276	0.96	48	2
277	0.96	48	2
278	0.98	49	1
279	0.98	49	1
280	0.98	49	1
281	0.98	49	1
282	0.98	49	1
283	0.98	49	1
284	0.98	49	1
285	0.96	48	2
286	0.96	48	2
287	0.96	48	2
288	0.96	48	2
289	0.96	48	2
290	0.96	48	2
291	0.96	48	2
292	0.96	48	2
293	0.96	48	2
294	0.96	48	2
295	0.96	48	2
296	0.96	48	2
297	0.96	48	2
298	0.96	48	2
299	0.96	48	2
300	0.96	48	2
301	0.96	48	2
302	0.96	48	2
303	0.94	47	3
304	0.96	48	2
305	0.96	48	2
306	0.96	48	2
307	0.96	48	2
308	0.96	48	2
309	0.96	48	2
310	0.96	48	2
311	0.96	48	2
312	0.96	48	2
313	0.96	48	2
314	0.96	48	2
315	0.96	48	2
316	0.94	47	3
317	0.92	46	4
318	0.92	46	4
319	0.92	46	4
320	0.92	46	4
321	0.92	46	4
322	0.92	46	4
323	0.92	46	4
324	0.92	46	4
325	0.92	46	4
326	0.92	46	4
327	0.92	46	4
328	0.92	46	4
329	0.92	46	4
330	0.92	46	4
331	0.92	46	4
332	0.92	46	4
333	0.92	46	4
334	0.92	46	4
335	0.94	47	3
336	0.94	47	3
337	0.94	47	3
338	0.94	47	3
339	0.92	46	4
340	0.92	46	4
341	0.92	46	4
342	0.92	46	4
343	0.92	46	4
344	0.92	46	4
345	0.92	46	4
346	0.92	46	4
347	0.92	46	4
348	0.92	46	4
349	0.92	46	4
350	0.92	46	4
351	0.92	46	4
352	0.92	46	4
353	0.94	47	3
354	0.94	47	3
355	0.94	47	3
356	0.94	47	3
357	0.94	47	3
358	0.94	47	3
359	0.94	47	3
360	0.94	47	3
361	0.92	46	4
362	0.92	46	4
363	0.90	45	5
364	0.90	45	5
365	0.90	45	5
366	0.90	45	5
367	0.92	46	4
368	0.92	46	4
369	0.92	46	4
370	0.92	46	4
371	0.90	45	5
372	0.90	45	5
373	0.88	44	6
374	0.88	44	6
375	0.88	44	6
376	0.86	43	7
377	0.86	43	7
378	0.86	43	7
379	0.84	42	8
380	0.84	42	8
381	0.84	42	8
382	0.84	42	8
383	0.84	42	8
384	0.84	42	8
385	0.84	42	8
386	0.84	42	8
387	0.84	42	8
388	0.84	42	8
389	0.86	43	7
390	0.86	43	7
391	0.86	43	7
392	0.86	43	7
393	0.84	42	8
394	0.84	42	8
395	0.84	42	8
396	0.84	42	8
397	0.84	42	8
398	0.84	42	8
399	0.84	42	8
400	0.84	42	8
401	0.84	42	8
402	0.84	42	8
403	0.82	41	9
404	0.82	41	9
405	0.82	41	9
406	0.82	41	9
407	0.82	41	9
408	0.82	41	9
409	0.82	41	9
410	0.82	41	9
411	0.84	42	8
412	0.84	42	8
413	0.86	43	7
414	0.86	43	7
415	0.86	43	7
416	0.86	43	7
417	0.84	42	8
418	0.84	42	8
419	0.82	41	9
420	0.82	41	9
421	0.84	42	8
422	0.84	42	8
423	0.86	43	7
424	0.86	43	7
425	0.84	42	8
426	0.86	43	7
427	0.86	43	7
428	0.86	43	7
429	0.86	43	7
430	0.86	43	7
431	0.86	43	7
432	0.86	43	7
433	0.86	43	7
434	0.86	43	7
435	0.86	43	7
436	0.84	42	8
437	0.84	42	8
438	0.84	42	8
439	0.84	42	8
440	0.84	42	8
441	0.84	42	8
442	0.82	41	9
443	0.84	42	8
444	0.84	42	8
445	0.84	42	8
446	0.84	42	8
447	0.84	42	8
448	0.84	42	8
449	0.84	42	8
450	0.84	42	8
451	0.82	41	9
452	0.80	40	10
453	0.82	41	9
454	0.82	41	9
455	0.80	40	10
456	0.78	39	11
457	0.78	39	11
458	0.78	39	11
459	0.78	39	11
460	0.78	39	11
461	0.78	39	11
462	0.78	39	11
463	0.78	39	11
464	0.78	39	11
465	0.78	39	11
466	0.80	40	10
467	0.82	41	9
468	0.82	41	9
469	0.84	42	8
470	0.82	41	9
471	0.82	41	9
472	0.82	41	9
473	0.82	41	9
474	0.80	40	10
475	0.82	41	9
476	0.82	41	9
477	0.80	40	10
478	0.78	39	11
479	0.80	40	10
480	0.80	40	10
481	0.80	40	10
482	0.80	40	10
483	0.80	40	10
484	0.80	40	10
485	0.80	40	10
486	0.82	41	9
487	0.82	41	9
488	0.82	41	9
489	0.82	41	9
490	0.82	41	9
491	0.82	41	9
492	0.84	42	8
493	0.84	42	8
494	0.84	42	8
495	0.82	41	9
496	0.82	41	9
497	0.82	41	9
498	0.80	40	10
499	0.80	40	10
500	0.20	40	10
501	0.18	41	9
502	0.16	42	8
503	0.18	41	9
504	0.20	40	10
505	0.20	40	10
506	0.18	41	9
507	0.18	41	9
508	0.18	41	9
509	0.18	41	9
510	0.20	40	10
511	0.20	40	10
512	0.22	39	11
513	0.24	38	12
514	0.24	38	12
515	0.24	38	12
516	0.24	38	12
517	0.26	37	13
518	0.26	37	13
519	0.28	36	14
520	0.28	36	14
521	0.28	36	14
522	0.30	35	15
523	0.30	35	15
524	0.30	35	15
525	0.30	35	15
526	0.32	34	16
527	0.30	35	15
528	0.28	36	14
529	0.28	36	14
530	0.28	36	14
531	0.28	36	14
532	0.30	35	15
533	0.32	34	16
534	0.32	34	16
535	0.34	33	17
536	0.34	33	17
537	0.36	32	18
538	0.36	32	18
539	0.38	31	19
540	0.40	30	20
541	0.42	29	21
542	0.42	29	21
543	0.44	28	22
544	0.46	27	23
545	0.46	27	23
546	0.48	26	24
547	0.50	25	25
548	0.48	26	24
549	0.48	26	24
550	0.50	25	25
551	0.52	24	26
552	0.54	23	27
553	0.52	24	26
554	0.52	24	26
555	0.52	24	26
556	0.54	23	27
557	0.56	22	28
558	0.58	21	29
559	0.60	20	30
560	0.58	21	29
561	0.58	21	29
562	0.58	21	29
563	0.58	21	29
564	0.58	21	29
565	0.60	20	30
566	0.62	19	31
567	0.62	19	31
568	0.64	18	32
569	0.62	19	31
570	0.60	20	30
571	0.62	19	31
572	0.60	20	30
573	0.62	19	31
574	0.62	19	31
575	0.64	18	32
576	0.62	19	31
577	0.62	19	31
578	0.64	18	32
579	0.66	17	33
580	0.68	16	34
581	0.68	16	34
582	0.68	16	34
583	0.66	17	33
584	0.66	17	33
585	0.66	17	33
586	0.68	16	34
587	0.68	16	34
588	0.70	15	35
589	0.70	15	35
590	0.70	15	35
591	0.70	15	35
592	0.72	14	36
593	0.72	14	36
594	0.72	14	36
595	0.72	14	36
596	0.72	14	36
597	0.72	14	36
598	0.74	13	37
599	0.74	13	37
600	0.74	13	37
601	0.72	14	36
602	0.72	14	36
603	0.72	14	36
604	0.72	14	36
605	0.72	14	36
606	0.72	14	36
607	0.72	14	36
608	0.72	14	36
609	0.72	14	36
610	0.74	13	37
611	0.76	12	38
612	0.76	12	38
613	0.76	12	38
614	0.78	11	39
615	0.78	11	39
616	0.78	11	39
617	0.78	11	39
618	0.78	11	39
619	0.80	10	40
620	0.82	9	41
621	0.82	9	41
622	0.84	8	42
623	0.84	8	42
624	0.82	9	41
625	0.82	9	41
626	0.84	8	42
627	0.86	7	43
628	0.84	8	42
629	0.82	9	41
630	0.82	9	41
631	0.84	8	42
632	0.84	8	42
633	0.86	7	43
634	0.88	6	44
635	0.86	7	43
636	0.86	7	43
637	0.86	7	43
638	0.86	7	43
639	0.86	7	43
640	0.86	7	43
641	0.86	7	43
642	0.86	7	43
643	0.86	7	43
644	0.86	7	43
645	0.86	7	43
646	0.86	7	43
647	0.84	8	42
648	0.84	8	42
649	0.86	7	43
650	0.86	7	43
651	0.88	6	44
652	0.88	6	44
653	0.90	5	45
654	0.88	6	44
655	0.88	6	44
656	0.88	6	44
657	0.88	6	44
658	0.88	6	44
659	0.88	6	44
660	0.88	6	44
661	0.88	6	44
662	0.86	7	43
663	0.86	7	43
664	0.86	7	43
665	0.86	7	43
666	0.86	7	43
667	0.86	7	43
668	0.86	7	43
669	0.86	7	43
670	0.86	7	43
671	0.86	7	43
672	0.86	7	43
673	0.86	7	43
674	0.86	7	43
675	0.86	7	43
676	0.86	7	43
677	0.86	7	43
678	0.88	6	44
679	0.90	5	45
680	0.90	5	45
681	0.90	5	45
682	0.90	5	45
683	0.90	5	45
684	0.90	5	45
685	0.92	4	46
686	0.92	4	46
687	0.92	4	46
688	0.92	4	46
689	0.92	4	46
690	0.92	4	46
691	0.92	4	46
692	0.92	4	46
693	0.92	4	46
694	0.92	4	46
695	0.92	4	46
696	0.92	4	46
697	0.92	4	46
698	0.92	4	46
699	0.92	4	46
700	0.90	5	45
701	0.90	5	45
702	0.90	5	45
703	0.88	6	44
704	0.90	5	45
705	0.90	5	45
706	0.88	6	44
707	0.88	6	44
708	0.88	6	44
709	0.88	6	44
710	0.88	6	44
711	0.86	7	43
712	0.88	6	44
713	0.88	6	44
714	0.88	6	44
715	0.88	6	44
716	0.88	6	44
717	0.88	6	44
718	0.88	6	44
719	0.88	6	44
720	0.88	6	44
721	0.86	7	43
722	0.86	7	43
723	0.86	7	43
724	0.88	6	44
725	0.88	6	44
726	0.88	6	44
727	0.88	6	44
728	0.88	6	44
729	0.88	6	44
730	0.88	6	44
731	0.88	6	44
732	0.88	6	44
733	0.88	6	44
734	0.88	6	44
735	0.88	6	44
736	0.88	6	44
737	0.88	6	44
738	0.88	6	44
739	0.88	6	44
740	0.88	6	44
741	0.88	6	44
742	0.88	6	44
743	0.88	6	44
744	0.88	6	44
745	0.88	6	44
746	0.86	7	43
747	0.88	6	44
748	0.88	6	44
749	0.88	6	44
750	0.90	5	45
751	0.90	5	45
752	0.88	6	44
753	0.90	5	45
754	0.88	6	44
755	0.88	6	44
756	0.90	5	45
757	0.90	5	45
758	0.90	5	45
759	0.88	6	44
760	0.88	6	44
761	0.90	5	45
762	0.90	5	45
763	0.88	6	44
764	0.88	6	44
765	0.88	6	44
766	0.86	7	43
767	0.86	7	43
768	0.86	7	43
769	0.86	7	43
770	0.86	7	43
771	0.88	6	44
772	0.88	6	44
773	0.88	6	44
774	0.88	6	44
775	0.88	6	44
776	0.88	6	44
777	0.88	6	44
778	0.88	6	44
779	0.86	7	43
780	0.86	7	43
781	0.86	7	43
782	0.86	7	43
783	0.86	7	43
784	0.84	8	42
785	0.84	8	42
786	0.82	9	41
787	0.82	9	41
788	0.82	9	41
789	0.82	9	41
790	0.82	9	41
791	0.82	9	41
792	0.82	9	41
793	0.82	9	41
794	0.82	9	41
795	0.82	9	41
796	0.84	8	42
797	0.84	8	42
798	0.84	8	42
799	0.84	8	42
800	0.84	8	42
801	0.84	8	42
802	0.84	8	42
803	0.84	8	42
804	0.86	7	43
805	0.86	7	43
806	0.86	7	43
807	0.86	7	43
808	0.86	7	43
809	0.88	6	44
810	0.88	6	44
811	0.88	6	44
812	0.88	6	44
813	0.88	6	44
814	0.88	6	44
815	0.88	6	44
816	0.90	5	45
817	0.90	5	45
818	0.90	5	45
819	0.90	5	45
820	0.90	5	45
821	0.90	5	45
822	0.90	5	45
823	0.90	5	45
824	0.90	5	45
825	0.90	5	45
826	0.90	5	45
827	0.88	6	44
828	0.88	6	44
829	0.90	5	45
830	0.90	5	45
831	0.88	6	44
832	0.88	6	44
833	0.88	6	44
834	0.90	5	45
835	0.90	5	45
836	0.92	4	46
837	0.90	5	45
838	0.90	5	45
839	0.90	5	45
840	0.90	5	45
841	0.88	6	44
842	0.88	6	44
843	0.86	7	43
844	0.86	7	43
845	0.86	7	43
846	0.86	7	43
847	0.86	7	43
848	0.86	7	43
849	0.86	7	43
850	0.84	8	42
851	0.84	8	42
852	0.86	7	43
853	0.86	7	43
854	0.86	7	43
855	0.86	7	43
856	0.86	7	43
857	0.86	7	43
858	0.86	7	43
859	0.86	7	43
860	0.86	7	43
861	0.86	7	43
862	0.84	8	42
863	0.86	7	43
864	0.86	7	43
865	0.84	8	42
866	0.84	8	42
867	0.84	8	42
868	0.84	8	42
869	0.84	8	42
870	0.84	8	42
871	0.84	8	42
872	0.84	8	42
873	0.84	8	42
874	0.84	8	42
875	0.84	8	42
876	0.84	8	42
877	0.86	7	43
878	0.86	7	43
879	0.86	7	43
880	0.86	7	43
881	0.88	6	44
882	0.88	6	44
883	0.88	6	44
884	0.88	6	44
885	0.88	6	44
886	0.88	6	44
887	0.90	5	45
888	0.90	5	45
889	0.90	5	45
890	0.90	5	45
891	0.92	4	46
892	0.92	4	46
893	0.94	3	47
894	0.94	3	47
895	0.94	3	47
896	0.94	3	47
897	0.94	3	47
898	0.94	3	47
899	0.94	3	47
900	0.96	2	48
901	0.96	2	48
902	0.96	2	48
903	0.96	2	48
904	0.96	2	48
905	0.96	2	48
906	0.96	2	48
907	0.96	2	48
908	0.96	2	48
909	0.96	2	48
910	0.94	3	47
911	0.94	3	47
912	0.96	2	48
913	0.96	2	48
914	0.96	2	48
915	0.98	1	49
916	0.98	1	49
917	0.98	1	49
918	0.98	1	49
919	0.98	1	49
920	0.98	1	49
921	0.98	1	49
922	0.98	1	49
923	0.98	1	49
924	0.98	1	49
925	0.98	1	49
926	0.98	1	49
927	0.98	1	49
928	0.96	2	48
929	0.96	2	48
930	0.96	2	48
931	0.96	2	48
932	0.96	2	48
933	0.96	2	48
934	0.96	2	48
935	0.96	2	48
936	0.96	2	48
937	0.96	2	48
938	0.96	2	48
939	0.94	3	47
940	0.94	3	47
941	0.94	3	47
942	0.94	3	47
943	0.92	4	46
944	0.92	4	46
945	0.92	4	46
946	0.92	4	46
947	0.90	5	45
948	0.88	6	44
949	0.88	6	44
950	0.88	6	44
951	0.88	6	44
952	0.88	6	44
953	0.88	6	44
954	0.88	6	44
955	0.88	6	44
956	0.88	6	44
957	0.88	6	44
958	0.88	6	44
959	0.88	6	44
960	0.90	5	45
961	0.90	5	45
962	0.90	5	45
963	0.88	6	44
964	0.88	6	44
965	0.88	6	44
966	0.88	6	44
967	0.88	6	44
968	0.88	6	44
969	0.88	6	44
970	0.86	7	43
971	0.86	7	43
972	0.86	7	43
973	0.86	7	43
974	0.84	8	42
975	0.84	8	42
976	0.84	8	42
977	0.84	8	42
978	0.86	7	43
979	0.86	7	43
980	0.86	7	43
981	0.86	7	43
982	0.84	8	42
983	0.84	8	42
984	0.84	8	42
985	0.84	8	42
986	0.84	8	42
987	0.84	8	42
988	0.82	9	41
989	0.84	8	42
990	0.84	8	42
991	0.82	9	41
992	0.82	9	41
993	0.84	8	42
994	0.84	8	42
995	0.84	8	42
996	0.84	8	42
997	0.86	7	43
998	0.88	6	44
999	0.88	6	44
1000	0.12	6	44
1001	0.14	7	43
1002	0.14	7	43
1003	0.16	8	42
1004	0.18	9	41
1005	0.20	10	40
1006	0.22	11	39
1007	0.24	12	38
1008	0.26	13	37
1009	0.26	13	37
1010	0.28	14	36
1011	0.30	15	35
1012	0.32	16	34
1013	0.30	15	35
1014	0.30	15	35
1015	0.32	16	34
1016	0.34	17	33
1017	0.36	18	32
1018	0.36	18	32
1019	0.36	18	32
1020	0.36	18	32
1021	0.36	18	32
1022	0.38	19	31
1023	0.40	20	30
1024	0.38	19	31
1025	0.38	19	31
1026	0.40	20	30
1027	0.40	20	30
1028	0.42	21	29
1029	0.44	22	28
1030	0.46	23	27
1031	0.48	24	26
1032	0.48	24	26
1033	0.50	25	25
1034	0.52	26	24
1035	0.52	26	24
1036	0.52	26	24
1037	0.54	27	23
1038	0.54	27	23
1039	0.54	27	23
1040	0.56	28	22
1041	0.56	28	22
1042	0.58	29	21
1043	0.60	30	20
1044	0.62	31	19
1045	0.64	32	18
1046	0.66	33	17
1047	0.68	34	16
1048	0.70	35	15
1049	0.72	36	14
1050	0.74	37	13
1051	0.74	37	13
1052	0.76	38	12
1053	0.76	38	12
1054	0.76	38	12
1055	0.76	38	12
1056	0.76	38	12
1057	0.76	38	12
1058	0.76	38	12
1059	0.78	39	11
1060	0.78	39	11
1061	0.78	39	11
1062	0.78	39	11
1063	0.78	39	11
1064	0.80	40	10
1065	0.80	40	10
1066	0.80	40	10
1067	0.80	40	10
1068	0.82	41	9
1069	0.84	42	8
1070	0.84	42	8
1071	0.86	43	7
1072	0.86	43	7
1073	0.86	43	7
1074	0.88	44	6
1075	0.90	45	5
1076	0.90	45	5
1077	0.92	46	4
1078	0.92	46	4
1079	0.92	46	4
1080	0.92	46	4
1081	0.90	45	5
1082	0.90	45	5
1083	0.90	45	5
1084	0.90	45	5
1085	0.92	46	4
1086	0.94	47	3
1087	0.94	47	3
1088	0.94	47	3
1089	0.96	48	2
1090	0.96	48	2
1091	0.96	48	2
1092	0.96	48	2
1093	0.96	48	2
1094	0.96	48	2
1095	0.96	48	2
1096	0.96	48	2
1097	0.96	48	2
1098	0.96	48	2
1099	0.96	48	2
1100	0.96	48	2
1101	0.96	48	2
1102	0.96	48	2
1103	0.96	48	2
1104	0.96	48	2
1105	0.94	47	3
1106	0.94	47	3
1107	0.94	47	3
1108	0.94	47	3
1109	0.94	47	3
1110	0.92	46	4
1111	0.90	45	5
1112	0.90	45	5
1113	0.92	46	4
1114	0.92	46	4
1115	0.92	46	4
1116	0.92	46	4
1117	0.92	46	4
1118	0.92	46	4
1119	0.92	46	4
1120	0.92	46	4
1121	0.92	46	4
1122	0.92	46	4
1123	0.90	45	5
1124	0.90	45	5
1125	0.90	45	5
1126	0.90	45	5
1127	0.90	45	5
1128	0.90	45	5
1129	0.90	45	5
1130	0.90	45	5
1131	0.92	46	4
1132	0.92	46	4
1133	0.92	46	4
1134	0.92	46	4
1135	0.92	46	4
1136	0.92	46	4
1137	0.92	46	4
1138	0.92	46	4
1139	0.92	46	4
1140	0.92	46	4
1141	0.92	46	4
1142	0.92	46	4
1143	0.90	45	5
1144	0.90	45	5
1145	0.90	45	5
1146	0.90	45	5
1147	0.90	45	5
1148	0.90	45	5
1149	0.90	45	5
1150	0.88	44	6
1151	0.86	43	7
1152	0.86	43	7
1153	0.86	43	7
1154	0.86	43	7
1155	0.88	44	6
1156	0.88	44	6
1157	0.88	44	6
1158	0.86	43	7
1159	0.86	43	7
1160	0.88	44	6
1161	0.90	45	5
1162	0.90	45	5
1163	0.90	45	5
1164	0.88	44	6
1165	0.88	44	6
1166	0.88	44	6
1167	0.88	44	6
1168	0.88	44	6
1169	0.88	44	6
1170	0.88	44	6
1171	0.88	44	6
1172	0.88	44	6
1173	0.88	44	6
1174	0.86	43	7
1175	0.86	43	7
1176	0.86	43	7
1177	0.84	42	8
1178	0.84	42	8
1179	0.84	42	8
1180	0.84	42	8
1181	0.84	42	8
1182	0.84	42	8
1183	0.84	42	8
1184	0.84	42	8
1185	0.84	42	8
1186	0.82	41	9
1187	0.80	40	10
1188	0.80	40	10
1189	0.80	40	10
1190	0.80	40	10
1191	0.80	40	10
1192	0.80	40	10
1193	0.82	41	9
1194	0.82	41	9
1195	0.82	41	9
1196	0.82	41	9
1197	0.82	41	9
1198	0.80	40	10
1199	0.80	40	10
1200	0.80	40	10
1201	0.82	41	9
1202	0.82	41	9
1203	0.82	41	9
1204	0.80	40	10
1205	0.80	40	10
1206	0.80	40	10
1207	0.80	40	10
1208	0.80	40	10
1209	0.78	39	11
1210	0.78	39	11
1211	0.78	39	11
1212	0.76	38	12
1213	0.76	38	12
1214	0.78	39	11
1215	0.76	38	12
1216	0.76	38	12
1217	0.74	37	13
1218	0.74	37	13
1219	0.74	37	13
1220	0.72	36	14
1221	0.70	35	15
1222	0.70	35	15
1223	0.72	36	14
1224	0.74	37	13
1225	0.74	37	13
1226	0.74	37	13
1227	0.76	38	12
1228	0.76	38	12
1229	0.76	38	12
1230	0.76	38	12
1231	0.74	37	13
1232	0.74	37	13
1233	0.72	36	14
1234	0.72	36	14
1235	0.72	36	14
1236	0.74	37	13
1237	0.76	38	12
1238	0.76	38	12
1239	0.76	38	12
1240	0.76	38	12
1241	0.76	38	12
1242	0.76	38	12
1243	0.76	38	12
1244	0.74	37	13
1245	0.74	37	13
1246	0.74	37	13
1247	0.74	37	13
1248	0.76	38	12
1249	0.76	38	12
1250	0.78	39	11
1251	0.78	39	11
1252	0.78	39	11
1253	0.76	38	12
1254	0.78	39	11
1255	0.78	39	11
1256	0.78	39	11
1257	0.78	39	11
1258	0.80	40	10
1259	0.82	41	9
1260	0.82	41	9
1261	0.82	41	9
1262	0.84	42	8
1263	0.84	42	8
1264	0.84	42	8
1265	0.86	43	7
1266	0.86	43	7
1267	0.88	44	6
1268	0.86	43	7
1269	0.86	43	7
1270	0.88	44	6
1271	0.88	44	6
1272	0.88	44	6
1273	0.88	44	6
1274	0.88	44	6
1275	0.88	44	6
1276	0.88	44	6
1277	0.88	44	6
1278	0.88	44	6
1279	0.88	44	6
1280	0.88	44	6
1281	0.90	45	5
1282	0.90	45	5
1283	0.92	46	4
1284	0.92	46	4
1285	0.90	45	5
1286	0.90	45	5
1287	0.90	45	5
1288	0.90	45	5
1289	0.90	45	5
1290	0.90	45	5
1291	0.90	45	5
1292	0.90	45	5
1293	0.90	45	5
1294	0.92	46	4
1295	0.92	46	4
1296	0.92	46	4
1297	0.92	46	4
1298	0.92	46	4
1299	0.92	46	4
1300	0.92	46	4
1301	0.92	46	4
1302	0.92	46	4
1303	0.94	47	3
1304	0.94	47	3
1305	0.94	47	3
1306	0.94	47	3
1307	0.94	47	3
1308	0.94	47	3
1309	0.94	47	3
1310	0.94	47	3
1311	0.94	47	3
1312	0.94	47	3
1313	0.94	47	3
1314	0.94	47	3
1315	0.92	46	4
1316	0.92	46	4
1317	0.92	46	4
1318	0.92	46	4
1319	0.92	46	4
1320	0.92	46	4
1321	0.94	47	3
1322	0.94	47	3
1323	0.94	47	3
1324	0.94	47	3
1325	0.94	47	3
1326	0.94	47	3
1327	0.94	47	3
1328	0.92	46	4
1329	0.92	46	4
1330	0.92	46	4
1331	0.92	46	4
1332	0.92	46	4
1333	0.92	46	4
1334	0.92	46	4
1335	0.94	47	3
1336	0.94	47	3
1337	0.94	47	3
1338	0.94	47	3
1339	0.94	47	3
1340	0.94	47	3
1341	0.94	47	3
1342	0.94	47	3
1343	0.94	47	3
1344	0.92	46	4
1345	0.92	46	4
1346	0.92	46	4
1347	0.90	45	5
1348	0.90	45	5
1349	0.90	45	5
1350	0.90	45	5
1351	0.90	45	5
1352	0.90	45	5
1353	0.90	45	5
1354	0.90	45	5
1355	0.90	45	5
1356	0.90	45	5
1357	0.88	44	6
1358	0.88	44	6
1359	0.88	44	6
1360	0.88	44	6
1361	0.88	44	6
1362	0.88	44	6
1363	0.88	44	6
1364	0.88	44	6
1365	0.88	44	6
1366	0.88	44	6
1367	0.88	44	6
1368	0.90	45	5
1369	0.88	44	6
1370	0.86	43	7
1371	0.86	43	7
1372	0.84	42	8
1373	0.84	42	8
1374	0.84	42	8
1375	0.82	41	9
1376	0.82	41	9
1377	0.82	41	9
1378	0.82	41	9
1379	0.82	41	9
1380	0.82	41	9
1381	0.82	41	9
1382	0.82	41	9
1383	0.82	41	9
1384	0.82	41	9
1385	0.80	40	10
1386	0.80	40	10
1387	0.80	40	10
1388	0.80	40	10
1389	0.80	40	10
1390	0.78	39	11
1391	0.78	39	11
1392	0.78	39	11
1393	0.78	39	11
1394	0.80	40	10
1395	0.80	40	10
1396	0.80	40	10
1397	0.82	41	9
1398	0.82	41	9
1399	0.82	41	9
1400	0.82	41	9
1401	0.82	41	9
1402	0.80	40	10
1403	0.80	40	10
1404	0.80	40	10
1405	0.80	40	10
1406	0.80	40	10
1407	0.82	41	9
1408	0.82	41	9
1409	0.82	41	9
1410	0.82	41	9
1411	0.82	41	9
1412	0.82	41	9
1413	0.82	41	9
1414	0.82	41	9
1415	0.84	42	8
1416	0.84	42	8
1417	0.84	42	8
1418	0.84	42	8
1419	0.84	42	8
1420	0.86	43	7
1421	0.86	43	7
1422	0.88	44	6
1423	0.88	44	6
1424	0.88	44	6
1425	0.90	45	5
1426	0.90	45	5
1427	0.90	45	5
1428	0.92	46	4
1429	0.92	46	4
1430	0.92	46	4
1431	0.92	46	4
1432	0.92	46	4
1433	0.92	46	4
1434	0.92	46	4
1435	0.94	47	3
1436	0.94	47	3
1437	0.94	47	3
1438	0.94	47	3
1439	0.94	47	3
1440	0.94	47	3
1441	0.94	47	3
1442	0.94	47	3
1443	0.94	47	3
1444	0.94	47	3
1445	0.94	47	3
1446	0.94	47	3
1447	0.94	47	3
1448	0.92	46	4
1449	0.92	46	4
1450	0.92	46	4
1451	0.92	46	4
1452	0.94	47	3
1453	0.94	47	3
1454	0.94	47	3
1455	0.92	46	4
1456	0.92	46	4
1457	0.92	46	4
1458	0.92	46	4
1459	0.92	46	4
1460	0.92	46	4
1461	0.92	46	4
1462	0.92	46	4
1463	0.92	46	4
1464	0.92	46	4
1465	0.92	46	4
1466	0.92	46	4
1467	0.92	46	4
1468	0.92	46	4
1469	0.94	47	3
1470	0.94	47	3
1471	0.94	47	3
1472	0.94	47	3
1473	0.94	47	3
1474	0.94	47	3
1475	0.94	47	3
1476	0.94	47	3
1477	0.94	47	3
1478	0.94	47	3
1479	0.94	47	3
1480	0.92	46	4
1481	0.92	46	4
1482	0.90	45	5
1483	0.90	45	5
1484	0.90	45	5
1485	0.90	45	5
1486	0.90	45	5
1487	0.88	44	6
1488	0.88	44	6
1489	0.88	44	6
1490	0.90	45	5
1491	0.90	45	5
1492	0.90	45	5
1493	0.90	45	5
1494	0.90	45	5
1495	0.90	45	5
1496	0.90	45	5
1497	0.90	45	5
1498	0.92	46	4
1499	0.92	46	4
1500	0.10	45	5
1501	0.10	45	5
1502	0.10	45	5
1503	0.10	45	5
1504	0.10	45	5
1505	0.10	45	5
1506	0.10	45	5
1507	0.12	44	6
1508	0.14	43	7
1509	0.16	42	8
1510	0.16	42	8
1511	0.16	42	8
1512	0.18	41	9
1513	0.18	41	9
1514	0.20	40	10
1515	0.22	39	11
1516	0.24	38	12
1517	0.26	37	13
1518	0.28	36	14
1519	0.28	36	14
1520	0.30	35	15
1521	0.32	34	16
1522	0.32	34	16
1523	0.34	33	17
1524	0.34	33	17
1525	0.34	33	17
1526	0.36	32	18
1527	0.36	32	18
1528	0.36	32	18
1529	0.38	31	19
1530	0.38	31	19
1531	0.38	31	19
1532	0.38	31	19
1533	0.40	30	20
1534	0.42	29	21
1535	0.44	28	22
1536	0.46	27	23
1537	0.46	27	23
1538	0.46	27	23
1539	0.48	26	24
1540	0.50	25	25
1541	0.52	24	26
1542	0.54	23	27
1543	0.54	23	27
1544	0.56	22	28
1545	0.58	21	29
1546	0.60	20	30
1547	0.62	19	31
1548	0.64	18	32
1549	0.66	17	33
1550	0.66	17	33
1551	0.68	16	34
1552	0.68	16	34
1553	0.70	15	35
1554	0.72	14	36
1555	0.70	15	35
1556	0.70	15	35
1557	0.70	15	35
1558	0.70	15	35
1559	0.70	15	35
1560	0.72	14	36
1561	0.74	13	37
1562	0.72	14	36
1563	0.74	13	37
1564	0.74	13	37
1565	0.74	13	37
1566	0.74	13	37
1567	0.72	14	36
1568	0.70	15	35
1569	0.72	14	36
1570	0.72	14	36
1571	0.70	15	35
1572	0.72	14	36
1573	0.70	15	35
1574	0.72	14	36
1575	0.72	14	36
1576	0.70	15	35
1577	0.70	15	35
1578	0.72	14	36
1579	0.72	14	36
1580	0.72	14	36
1581	0.74	13	37
1582	0.74	13	37
1583	0.72	14	36
1584	0.72	14	36
1585	0.72	14	36
1586	0.72	14	36
1587	0.70	15	35
1588	0.72	14	36
1589	0.72	14	36
1590	0.72	14	36
1591	0.72	14	36
1592	0.72	14	36
1593	0.74	13	37
1594	0.74	13	37
1595	0.72	14	36
1596	0.70	15	35
1597	0.68	16	34
1598	0.68	16	34
1599	0.66	17	33
1600	0.64	18	32
1601	0.64	18	32
1602	0.66	17	33
1603	0.66	17	33
1604	0.66	17	33
1605	0.68	16	34
1606	0.68	16	34
1607	0.68	16	34
1608	0.68	16	34
1609	0.68	16	34
1610	0.68	16	34
1611	0.68	16	34
1612	0.70	15	35
1613	0.68	16	34
1614	0.66	17	33
1615	0.64	18	32
1616	0.62	19	31
1617	0.64	18	32
1618	0.64	18	32
1619	0.62	19	31
1620	0.62	19	31
1621	0.64	18	32
1622	0.64	18	32
1623	0.66	17	33
1624	0.66	17	33
1625	0.68	16	34
1626	0.70	15	35
1627	0.70	15	35
1628	0.70	15	35
1629	0.68	16	34
1630	0.68	16	34
1631	0.66	17	33
1632	0.66	17	33
1633	0.68	16	34
1634	0.66	17	33
1635	0.66	17	33
1636	0.66	17	33
1637	0.68	16	34
1638	0.66	17	33
1639	0.64	18	32
1640	0.64	18	32
1641	0.64	18	32
1642	0.62	19	31
1643	0.60	20	30
1644	0.60	20	30
1645	0.62	19	31
1646	0.64	18	32
1647	0.66	17	33
1648	0.66	17	33
1649	0.68	16	34
1650	0.70	15	35
1651	0.70	15	35
1652	0.70	15	35
1653	0.70	15	35
1654	0.70	15	35
1655	0.68	16	34
1656	0.70	15	35
1657	0.68	16	34
1658	0.68	16	34
1659	0.68	16	34
1660	0.68	16	34
1661	0.66	17	33
1662	0.66	17	33
1663	0.68	16	34
1664	0.70	15	35
1665	0.72	14	36
1666	0.74	13	37
1667	0.74	13	37
1668	0.76	12	38
1669	0.78	11	39
1670	0.78	11	39
1671	0.76	12	38
1672	0.76	12	38
1673	0.76	12	38
1674	0.74	13	37
1675	0.72	14	36
1676	0.72	14	36
1677	0.72	14	36
1678	0.70	15	35
1679	0.70	15	35
1680	0.70	15	35
1681	0.72	14	36
1682	0.70	15	35
1683	0.70	15	35
1684	0.72	14	36
1685	0.72	14	36
1686	0.72	14	36
1687	0.72	14	36
1688	0.74	13	37
1689	0.76	12	38
1690	0.76	12	38
1691	0.76	12	38
1692	0.76	12	38
1693	0.78	11	39
1694	0.78	11	39
1695	0.76	12	38
1696	0.76	12	38
1697	0.76	12	38
1698	0.74	13	37
1699	0.74	13	37
1700	0.74	13	37
1701	0.72	14	36
1702	0.72	14	36
1703	0.72	14	36
1704	0.72	14	36
1705	0.74	13	37
1706	0.74	13	37
1707	0.76	12	38
1708	0.76	12	38
1709	0.74	13	37
1710	0.74	13	37
1711	0.76	12	38
1712	0.76	12	38
1713	0.74	13	37
1714	0.72	14	36
1715	0.72	14	36
1716	0.72	14	36
1717	0.72	14	36
1718	0.72	14	36
1719	0.70	15	35
1720	0.70	15	35
1721	0.72	14	36
1722	0.72	14	36
1723	0.72	14	36
1724	0.74	13	37
1725	0.76	12	38
1726	0.74	13	37
1727	0.76	12	38
1728	0.78	11	39
1729	0.80	10	40
1730	0.80	10	40
1731	0.80	10	40
1732	0.82	9	41
1733	0.82	9	41
1734	0.82	9	41
1735	0.82	9	41
1736	0.82	9	41
1737	0.82	9	41
1738	0.82	9	41
1739	0.80	10	40
1740	0.80	10	40
1741	0.80	10	40
1742	0.82	9	41
1743	0.82	9	41
1744	0.82	9	41
1745	0.84	8	42
1746	0.84	8	42
1747	0.84	8	42
1748	0.86	7	43
1749	0.86	7	43
1750	0.86	7	43
1751	0.88	6	44
1752	0.88	6	44
1753	0.88	6	44
1754	0.88	6	44
1755	0.86	7	43
1756	0.86	7	43
1757	0.86	7	43
1758	0.86	7	43
1759	0.88	6	44
1760	0.86	7	43
1761	0.86	7	43
1762	0.86	7	43
1763	0.86	7	43
1764	0.88	6	44
1765	0.88	6	44
1766	0.88	6	44
1767	0.88	6	44
1768	0.88	6	44
1769	0.90	5	45
1770	0.90	5	45
1771	0.90	5	45
1772	0.90	5	45
1773	0.90	5	45
1774	0.90	5	45
1775	0.90	5	45
1776	0.92	4	46
1777	0.92	4	46
1778	0.92	4	46
1779	0.92	4	46
1780	0.92	4	46
1781	0.90	5	45
1782	0.90	5	45
1783	0.90	5	45
1784	0.90	5	45
1785	0.90	5	45
1786	0.90	5	45
1787	0.90	5	45
1788	0.88	6	44
1789	0.90	5	45
1790	0.90	5	45
1791	0.90	5	45
1792	0.90	5	45
1793	0.88	6	44
1794	0.88	6	44
1795	0.88	6	44
1796	0.88	6	44
1797	0.88	6	44
1798	0.88	6	44
1799	0.88	6	44
1800	0.88	6	44
1801	0.88	6	44
1802	0.88	6	44
1803	0.88	6	44
1804	0.88	6	44
1805	0.90	5	45
1806	0.90	5	45
1807	0.90	5	45
1808	0.90	5	45
1809	0.90	5	45
1810	0.92	4	46
1811	0.92	4	46
1812	0.90	5	45
1813	0.92	4	46
1814	0.92	4	46
1815	0.92	4	46
1816	0.92	4	46
1817	0.90	5	45
1818	0.90	5	45
1819	0.90	5	45
1820	0.90	5	45
1821	0.90	5	45
1822	0.88	6	44
1823	0.88	6	44
1824	0.88	6	44
1825	0.88	6	44
1826	0.88	6	44
1827	0.88	6	44
1828	0.86	7	43
1829	0.86	7	43
1830	0.86	7	43
1831	0.88	6	44
1832	0.86	7	43
1833	0.86	7	43
1834	0.86	7	43
1835	0.86	7	43
1836	0.84	8	42
1837	0.84	8	42
1838	0.86	7	43
1839	0.86	7	43
1840	0.86	7	43
1841	0.84	8	42
1842	0.84	8	42
1843	0.86	7	43
1844	0.86	7	43
1845	0.86	7	43
1846	0.86	7	43
1847	0.86	7	43
1848	0.86	7	43
1849	0.84	8	42
1850	0.84	8	42
1851	0.84	8	42
1852	0.84	8	42
1853	0.84	8	42
1854	0.84	8	42
1855	0.84	8	42
1856	0.84	8	42
1857	0.84	8	42
1858	0.84	8	42
1859	0.84	8	42
1860	0.84	8	42
1861	0.82	9	41
1862	0.82	9	41
1863	0.82	9	41
1864	0.82	9	41
1865	0.82	9	41
1866	0.80	10	40
1867	0.82	9	41
1868	0.82	9	41
1869	0.82	9	41
1870	0.82	9	41
1871	0.82	9	41
1872	0.84	8	42
1873	0.82	9	41
1874	0.80	10	40
1875	0.80	10	40
1876	0.80	10	40
1877	0.78	11	39
1878	0.80	10	40
1879	0.80	10	40
1880	0.80	10	40
1881	0.80	10	40
1882	0.82	9	41
1883	0.82	9	41
1884	0.80	10	40
1885	0.80	10	40
1886	0.82	9	41
1887	0.82	9	41
1888	0.82	9	41
1889	0.82	9	41
1890	0.82	9	41
1891	0.82	9	41
1892	0.80	10	40
1893	0.80	10	40
1894	0.80	10	40
1895	0.80	10	40
1896	0.80	10	40
1897	0.78	11	39
1898	0.78	11	39
1899	0.80	10	40
1900	0.80	10	40
1901	0.78	11	39
1902	0.78	11	39
1903	0.76	12	38
1904	0.76	12	38
1905	0.76	12	38
1906	0.76	12	38
1907	0.76	12	38
1908	0.76	12	38
1909	0.74	13	37
1910	0.72	14	36
1911	0.74	13	37
1912	0.76	12	38
1913	0.74	13	37
1914	0.72	14	36
1915	0.72	14	36
1916	0.74	13	37
1917	0.74	13	37
1918	0.72	14	36
1919	0.72	14	36
1920	0.72	14	36
1921	0.72	14	36
1922	0.72	14	36
1923	0.74	13	37
1924	0.74	13	37
1925	0.74	13	37
1926	0.74	13	37
1927	0.74	13	37
1928	0.72	14	36
1929	0.70	15	35
1930	0.70	15	35
1931	0.70	15	35
1932	0.70	15	35
1933	0.70	15	35
1934	0.70	15	35
1935	0.70	15	35
1936	0.70	15	35
1937	0.70	15	35
1938	0.70	15	35
1939	0.70	15	35
1940	0.70	15	35
1941	0.72	14	36
1942	0.74	13	37
1943	0.74	13	37
1944	0.74	13	37
1945	0.74	13	37
1946	0.74	13	37
1947	0.76	12	38
1948	0.74	13	37
1949	0.74	13	37
1950	0.74	13	37
1951	0.74	13	37
1952	0.74	13	37
1953	0.76	12	38
1954	0.76	12	38
1955	0.74	13	37
1956	0.74	13	37
1957	0.74	13	37
1958	0.74	13	37
1959	0.74	13	37
1960	0.74	13	37
1961	0.74	13	37
1962	0.74	13	37
1963	0.74	13	37
1964	0.76	12	38
1965	0.76	12	38
1966	0.74	13	37
1967	0.74	13	37
1968	0.76	12	38
1969	0.76	12	38
1970	0.76	12	38
1971	0.76	12	38
1972	0.76	12	38
1973	0.76	12	38
1974	0.78	11	39
1975	0.78	11	39
1976	0.78	11	39
1977	0.78	11	39
1978	0.80	10	40
1979	0.80	10	40
1980	0.80	10	40
1981	0.80	10	40
1982	0.80	10	40
1983	0.80	10	40
1984	0.82	9	41
1985	0.82	9	41
1986	0.82	9	41
1987	0.82	9	41
1988	0.82	9	41
1989	0.82	9	41
1990	0.82	9	41
1991	0.82	9	41
1992	0.82	9	41
1993	0.82	9	41
1994	0.82	9	41
1995	0.82	9	41
1996	0.82	9	41
1997	0.82	9	41
1998	0.84	8	42
1999	0.84	8	42
2000	0.18	9	41
2001	0.18	9	41
2002	0.18	9	41
2003	0.20	10	40
2004	0.22	11	39
2005	0.20	10	40
2006	0.20	10	40
2007	0.20	10	40
2008	0.20	10	40
2009	0.18	9	41
2010	0.18	9	41
2011	0.18	9	41
2012	0.20	10	40
2013	0.18	9	41
2014	0.20	10	40
2015	0.22	11	39
2016	0.22	11	39
2017	0.24	12	38
2018	0.26	13	37
2019	0.28	14	36
2020	0.30	15	35
2021	0.32	16	34
2022	0.32	16	34
2023	0.34	17	33
2024	0.34	17	33
2025	0.36	18	32
2026	0.38	19	31
2027	0.38	19	31
2028	0.40	20	30
2029	0.38	19	31
2030	0.40	20	30
2031	0.42	21	29
2032	0.42	21	29
2033	0.44	22	28
2034	0.46	23	27
2035	0.48	24	26
2036	0.50	25	25
2037	0.52	26	24
2038	0.54	27	23
2039	0.54	27	23
2040	0.54	27	23
2041	0.54	27	23
2042	0.56	28	22
2043	0.56	28	22
2044	0.58	29	21
2045	0.58	29	21
2046	0.60	30	20
2047	0.62	31	19
2048	0.62	31	19
2049	0.64	32	18
2050	0.64	32	18
2051	0.64	32	18
2052	0.66	33	17
2053	0.64	32	18
2054	0.64	32	18
2055	0.66	33	17
2056	0.68	34	16
2057	0.68	34	16
2058	0.68	34	16
2059	0.70	35	15
2060	0.70	35	15
2061	0.72	36	14
2062	0.72	36	14
2063	0.74	37	13
2064	0.74	37	13
2065	0.74	37	13
2066	0.74	37	13
2067	0.74	37	13
2068	0.74	37	13
2069	0.74	37	13
2070	0.74	37	13
2071	0.74	37	13
2072	0.76	38	12
2073	0.74	37	13
2074	0.76	38	12
2075	0.74	37	13
2076	0.74	37	13
2077	0.74	37	13
2078	0.74	37	13
2079	0.76	38	12
2080	0.74	37	13
2081	0.74	37	13
2082	0.76	38	12
2083	0.76	38	12
2084	0.76	38	12
2085	0.76	38	12
2086	0.76	38	12
2087	0.76	38	12
2088	0.76	38	12
2089	0.78	39	11
2090	0.78	39	11
2091	0.80	40	10
2092	0.80	40	10
2093	0.80	40	10
2094	0.78	39	11
2095	0.80	40	10
2096	0.80	40	10
2097	0.78	39	11
2098	0.80	40	10
2099	0.80	40	10
2100	0.80	40	10
2101	0.80	40	10
2102	0.80	40	10
2103	0.82	41	9
2104	0.82	41	9
2105	0.82	41	9
2106	0.80	40	10
2107	0.80	40	10
2108	0.82	41	9
2109	0.80	40	10
2110	0.78	39	11
2111	0.78	39	11
2112	0.78	39	11
2113	0.78	39	11
2114	0.76	38	12
2115	0.76	38	12
2116	0.74	37	13
2117	0.74	37	13
2118	0.74	37	13
2119	0.74	37	13
2120	0.72	36	14
2121	0.72	36	14
2122	0.72	36	14
2123	0.72	36	14
2124	0.70	35	15
2125	0.70	35	15
2126	0.70	35	15
2127	0.70	35	15
2128	0.70	35	15
2129	0.68	34	16
2130	0.70	35	15
2131	0.70	35	15
2132	0.70	35	15
2133	0.70	35	15
2134	0.70	35	15
2135	0.68	34	16
2136	0.68	34	16
2137	0.68	34	16
2138	0.68	34	16
2139	0.68	34	16
2140	0.70	35	15
2141	0.70	35	15
2142	0.70	35	15
2143	0.72	36	14
2144	0.74	37	13
2145	0.74	37	13
2146	0.74	37	13
2147	0.74	37	13
2148	0.74	37	13
2149	0.74	37	13
2150	0.74	37	13
2151	0.72	36	14
2152	0.70	35	15
2153	0.70	35	15
2154	0.70	35	15
2155	0.68	34	16
2156	0.70	35	15
2157	0.72	36	14
2158	0.72	36	14
2159	0.74	37	13
2160	0.76	38	12
2161	0.76	38	12
2162	0.76	38	12
2163	0.76	38	12
2164	0.78	39	11
2165	0.78	39	11
2166	0.80	40	10
2167	0.80	40	10
2168	0.80	40	10
2169	0.80	40	10
2170	0.82	41	9
2171	0.82	41	9
2172	0.82	41	9
2173	0.84	42	8
2174	0.86	43	7
2175	0.88	44	6
2176	0.88	44	6
2177	0.88	44	6
2178	0.88	44	6
2179	0.88	44	6
2180	0.86	43	7
2181	0.86	43	7
2182	0.86	43	7
2183	0.86	43	7
2184	0.84	42	8
2185	0.86	43	7
2186	0.86	43	7
2187	0.86	43	7
2188	0.86	43	7
2189	0.86	43	7
2190	0.86	43	7
2191	0.86	43	7
2192	0.86	43	7
2193	0.86	43	7
2194	0.86	43	7
2195	0.86	43	7
2196	0.86	43	7
2197	0.88	44	6
2198	0.88	44	6
2199	0.88	44	6
2200	0.88	44	6
2201	0.90	45	5
2202	0.92	46	4
2203	0.92	46	4
2204	0.92	46	4
2205	0.92	46	4
2206	0.92	46	4
2207	0.90	45	5
2208	0.90	45	5
2209	0.90	45	5
2210	0.90	45	5
2211	0.90	45	5
2212	0.90	45	5
2213	0.90	45	5
2214	0.90	45	5
2215	0.90	45	5
2216	0.90	45	5
2217	0.90	45	5
2218	0.90	45	5
2219	0.90	45	5
2220	0.90	45	5
2221	0.90	45	5
2222	0.90	45	5
2223	0.90	45	5
2224	0.90	45	5
2225	0.90	45	5
2226	0.90	45	5
2227	0.90	45	5
2228	0.90	45	5
2229	0.92	46	4
2230	0.92	46	4
2231	0.90	45	5
2232	0.90	45	5
2233	0.90	45	5
2234	0.92	46	4
2235	0.90	45	5
2236	0.90	45	5
2237	0.90	45	5
2238	0.88	44	6
2239	0.88	44	6
2240	0.88	44	6
2241	0.88	44	6
2242	0.86	43	7
2243	0.86	43	7
2244	0.86	43	7
2245	0.86	43	7
2246	0.86	43	7
2247	0.86	43	7
2248	0.84	42	8
2249	0.84	42	8
2250	0.84	42	8
2251	0.84	42	8
2252	0.84	42	8
2253	0.82	41	9
2254	0.82	41	9
2255	0.84	42	8
2256	0.84	42	8
2257	0.86	43	7
2258	0.86	43	7
2259	0.86	43	7
2260	0.86	43	7
2261	0.86	43	7
2262	0.86	43	7
2263	0.84	42	8
2264	0.84	42	8
2265	0.84	42	8
2266	0.84	42	8
2267	0.84	42	8
2268	0.84	42	8
2269	0.84	42	8
2270	0.84	42	8
2271	0.84	42	8
2272	0.84	42	8
2273	0.84	42	8
2274	0.84	42	8
2275	0.84	42	8
2276	0.82	41	9
2277	0.82	41	9
2278	0.82	41	9
2279	0.82	41	9
2280	0.84	42	8
2281	0.86	43	7
2282	0.86	43	7
2283	0.86	43	7
2284	0.86	43	7
2285	0.88	44	6
2286	0.88	44	6
2287	0.88	44	6
2288	0.90	45	5
2289	0.90	45	5
2290	0.90	45	5
2291	0.90	45	5
2292	0.92	46	4
2293	0.92	46	4
2294	0.92	46	4
2295	0.92	46	4
2296	0.92	46	4
2297	0.92	46	4
2298	0.94	47	3
2299	0.94	47	3
2300	0.94	47	3
2301	0.94	47	3
2302	0.94	47	3
2303	0.96	48	2
2304	0.96	48	2
2305	0.96	48	2
2306	0.96	48	2
2307	0.96	48	2
2308	0.96	48	2
2309	0.96	48	2
2310	0.96	48	2
2311	0.96	48	2
2312	0.96	48	2
2313	0.98	49	1
2314	0.98	49	1
2315	0.98	49	1
2316	0.98	49	1
2317	0.98	49	1
2318	0.98	49	1
2319	0.98	49	1
2320	0.98	49	1
2321	0.98	49	1
2322	0.98	49	1
2323	0.98	49	1
2324	0.98	49	1
2325	0.98	49	1
2326	1.00	50	0
2327	1.00	50	0
2328	1.00	50	0
2329	1.00	50	0
2330	1.00	50	0
2331	1.00	50	0
2332	1.00	50	0
2333	0.98	49	1
2334	0.98	49	1
2335	0.98	49	1
2336	0.98	49	1
2337	0.98	49	1
2338	0.96	48	2
2339	0.96	48	2
2340	0.96	48	2
2341	0.96	48	2
2342	0.96	48	2
2343	0.96	48	2
2344	0.96	48	2
2345	0.96	48	2
2346	0.96	48	2
2347	0.96	48	2
2348	0.96	48	2
2349	0.96	48	2
2350	0.96	48	2
2351	0.94	47	3
2352	0.92	46	4
2353	0.92	46	4
2354	0.92	46	4
2355	0.92	46	4
2356	0.92	46	4
2357	0.92	46	4
2358	0.92	46	4
2359	0.92	46	4
2360	0.90	45	5
2361	0.88	44	6
2362	0.88	44	6
2363	0.88	44	6
2364	0.88	44	6
2365	0.88	44	6
2366	0.88	44	6
2367	0.88	44	6
2368	0.88	44	6
2369	0.88	44	6
2370	0.88	44	6
2371	0.88	44	6
2372	0.88	44	6
2373	0.88	44	6
2374	0.88	44	6
2375	0.88	44	6
2376	0.88	44	6
2377	0.88	44	6
2378	0.88	44	6
2379	0.88	44	6
2380	0.86	43	7
2381	0.86	43	7
2382	0.84	42	8
2383	0.86	43	7
2384	0.86	43	7
2385	0.86	43	7
2386	0.84	42	8
2387	0.84	42	8
2388	0.84	42	8
2389	0.84	42	8
2390	0.84	42	8
2391	0.84	42	8
2392	0.84	42	8
2393	0.84	42	8
2394	0.84	42	8
2395	0.82	41	9
2396	0.82	41	9
2397	0.82	41	9
2398	0.82	41	9
2399	0.82	41	9
2400	0.82	41	9
2401	0.84	42	8
2402	0.86	43	7
2403	0.86	43	7
2404	0.86	43	7
2405	0.86	43	7
2406	0.86	43	7
2407	0.86	43	7
2408	0.86	43	7
2409	0.86	43	7
2410	0.88	44	6
2411	0.90	45	5
2412	0.90	45	5
2413	0.90	45	5
2414	0.90	45	5
2415	0.90	45	5
2416	0.90	45	5
2417	0.90	45	5
2418	0.90	45	5
2419	0.90	45	5
2420	0.90	45	5
2421	0.90	45	5
2422	0.88	44	6
2423	0.86	43	7
2424	0.86	43	7
2425	0.86	43	7
2426	0.86	43	7
2427	0.86	43	7
2428	0.86	43	7
2429	0.86	43	7
2430	0.88	44	6
2431	0.88	44	6
2432	0.90	45	5
2433	0.90	45	5
2434	0.90	45	5
2435	0.90	45	5
2436	0.92	46	4
2437	0.92	46	4
2438	0.92	46	4
2439	0.92	46	4
2440	0.92	46	4
2441	0.92	46	4
2442	0.92	46	4
2443	0.92	46	4
2444	0.92	46	4
2445	0.92	46	4
2446	0.92	46	4
2447	0.92	46	4
2448	0.92	46	4
2449	0.90	45	5
2450	0.90	45	5
2451	0.90	45	5
2452	0.88	44	6
2453	0.88	44	6
2454	0.88	44	6
2455	0.88	44	6
2456	0.88	44	6
2457	0.88	44	6
2458	0.86	43	7
2459	0.86	43	7
2460	0.86	43	7
2461	0.84	42	8
2462	0.84	42	8
2463	0.84	42	8
2464	0.84	42	8
2465	0.82	41	9
2466	0.80	40	10
2467	0.80	40	10
2468	0.80	40	10
2469	0.80	40	10
2470	0.80	40	10
2471	0.80	40	10
2472	0.82	41	9
2473	0.84	42	8
2474	0.84	42	8
2475	0.84	42	8
2476	0.84	42	8
2477	0.84	42	8
2478	0.84	42	8
2479	0.84	42	8
2480	0.82	41	9
2481	0.82	41	9
2482	0.82	41	9
2483	0.82	41	9
2484	0.80	40	10
2485	0.78	39	11
2486	0.76	38	12
2487	0.76	38	12
2488	0.76	38	12
2489	0.76	38	12
2490	0.76	38	12
2491	0.76	38	12
2492	0.74	37	13
2493	0.74	37	13
2494	0.74	37	13
2495	0.76	38	12
2496	0.76	38	12
2497	0.76	38	12
2498	0.74	37	13
2499	0.76	38	12
2500	0.26	37	13
2501	0.28	36	14
2502	0.26	37	13
2503	0.26	37	13
2504	0.28	36	14
2505	0.28	36	14
2506	0.30	35	15
2507	0.30	35	15
2508	0.28	36	14
2509	0.30	35	15
2510	0.32	34	16
2511	0.30	35	15
2512	0.32	34	16
2513	0.32	34	16
2514	0.34	33	17
2515	0.34	33	17
2516	0.32	34	16
2517	0.32	34	16
2518	0.34	33	17
2519	0.36	32	18
2520	0.38	31	19
2521	0.40	30	20
2522	0.40	30	20
2523	0.42	29	21
2524	0.44	28	22
2525	0.46	27	23
2526	0.48	26	24
2527	0.50	25	25
2528	0.52	24	26
2529	0.54	23	27
2530	0.54	23	27
2531	0.56	22	28
2532	0.58	21	29
2533	0.60	20	30
2534	0.60	20	30
2535	0.58	21	29
2536	0.58	21	29
2537	0.60	20	30
2538	0.58	21	29
2539	0.58	21	29
2540	0.60	20	30
2541	0.62	19	31
2542	0.60	20	30
2543	0.62	19	31
2544	0.64	18	32
2545	0.66	17	33
2546	0.68	16	34
2547	0.68	16	34
2548	0.68	16	34
2549	0.70	15	35
2550	0.70	15	35
2551	0.70	15	35
2552	0.72	14	36
2553	0.74	13	37
2554	0.74	13	37
2555	0.76	12	38
2556	0.74	13	37
2557	0.76	12	38
2558	0.78	11	39
2559	0.78	11	39
2560	0.78	11	39
2561	0.80	10	40
2562	0.80	10	40
2563	0.82	9	41
2564	0.82	9	41
2565	0.82	9	41
2566	0.82	9	41
2567	0.84	8	42
2568	0.82	9	41
2569	0.82	9	41
2570	0.82	9	41
2571	0.82	9	41
2572	0.84	8	42
2573	0.84	8	42
2574	0.82	9	41
2575	0.82	9	41
2576	0.82	9	41
2577	0.82	9	41
2578	0.82	9	41
2579	0.80	10	40
2580	0.80	10	40
2581	0.80	10	40
2582	0.80	10	40
2583	0.80	10	40
2584	0.80	10	40
2585	0.82	9	41
2586	0.82	9	41
2587	0.82	9	41
2588	0.84	8	42
2589	0.86	7	43
2590	0.86	7	43
2591	0.86	7	43
2592	0.88	6	44
2593	0.88	6	44
2594	0.88	6	44
2595	0.86	7	43
2596	0.86	7	43
2597	0.88	6	44
2598	0.86	7	43
2599	0.86	7	43
2600	0.86	7	43
2601	0.86	7	43
2602	0.86	7	43
2603	0.86	7	43
2604	0.86	7	43
2605	0.86	7	43
2606	0.86	7	43
2607	0.86	7	43
2608	0.86	7	43
2609	0.86	7	43
2610	0.86	7	43
2611	0.86	7	43
2612	0.86	7	43
2613	0.86	7	43
2614	0.86	7	43
2615	0.86	7	43
2616	0.88	6	44
2617	0.88	6	44
2618	0.90	5	45
2619	0.90	5	45
2620	0.90	5	45
2621	0.90	5	45
2622	0.90	5	45
2623	0.90	5	45
2624	0.92	4	46
2625	0.92	4	46
2626	0.92	4	46
2627	0.92	4	46
2628	0.92	4	46
2629	0.94	3	47
2630	0.94	3	47
2631	0.94	3	47
2632	0.94	3	47
2633	0.94	3	47
2634	0.94	3	47
2635	0.94	3	47
2636	0.94	3	47
2637	0.94	3	47
2638	0.94	3	47
2639	0.94	3	47
2640	0.94	3	47
2641	0.94	3	47
2642	0.94	3	47
2643	0.94	3	47
2644	0.94	3	47
2645	0.96	2	48
2646	0.96	2	48
2647	0.94	3	47
2648	0.96	2	48
2649	0.96	2	48
2650	0.96	2	48
2651	0.96	2	48
2652	0.96	2	48
2653	0.96	2	48
2654	0.96	2	48
2655	0.96	2	48
2656	0.98	1	49
2657	0.98	1	49
2658	0.98	1	49
2659	0.98	1	49
2660	0.98	1	49
2661	0.98	1	49
2662	0.98	1	49
2663	0.98	1	49
2664	0.98	1	49
2665	0.98	1	49
2666	0.98	1	49
2667	0.98	1	49
2668	0.98	1	49
2669	0.98	1	49
2670	0.98	1	49
2671	0.98	1	49
2672	0.98	1	49
2673	0.98	1	49
2674	0.98	1	49
2675	0.98	1	49
2676	0.96	2	48
2677	0.96	2	48
2678	0.96	2	48
2679	0.96	2	48
2680	0.96	2	48
2681	0.96	2	48
2682	0.96	2	48
2683	0.96	2	48
2684	0.96	2	48
2685	0.94	3	47
2686	0.94	3	47
2687	0.94	3	47
2688	0.94	3	47
2689	0.94	3	47
2690	0.94	3	47
2691	0.92	4	46
2692	0.92	4	46
2693	0.90	5	45
2694	0.90	5	45
2695	0.90	5	45
2696	0.88	6	44
2697	0.88	6	44
2698	0.86	7	43
2699	0.86	7	43
2700	0.86	7	43
2701	0.84	8	42
2702	0.84	8	42
2703	0.84	8	42
2704	0.82	9	41
2705	0.82	9	41
2706	0.82	9	41
2707	0.82	9	41
2708	0.82	9	41
2709	0.82	9	41
2710	0.82	9	41
2711	0.82	9	41
2712	0.82	9	41
2713	0.80	10	40
2714	0.80	10	40
2715	0.78	11	39
2716	0.78	11	39
2717	0.78	11	39
2718	0.76	12	38
2719	0.76	12	38
2720	0.76	12	38
2721	0.76	12	38
2722	0.76	12	38
2723	0.76	12	38
2724	0.74	13	37
2725	0.74	13	37
2726	0.76	12	38
2727	0.76	12	38
2728	0.76	12	38
2729	0.76	12	38
2730	0.76	12	38
2731	0.76	12	38
2732	0.76	12	38
2733	0.76	12	38
2734	0.76	12	38
2735	0.78	11	39
2736	0.76	12	38
2737	0.76	12	38
2738	0.76	12	38
2739	0.76	12	38
2740	0.76	12	38
2741	0.78	11	39
2742	0.78	11	39
2743	0.78	11	39
2744	0.78	11	39
2745	0.78	11	39
2746	0.80	10	40
2747	0.82	9	41
2748	0.84	8	42
2749	0.84	8	42
2750	0.84	8	42
2751	0.86	7	43
2752	0.86	7	43
2753	0.86	7	43
2754	0.88	6	44
2755	0.88	6	44
2756	0.88	6	44
2757	0.88	6	44
2758	0.86	7	43
2759	0.86	7	43
2760	0.86	7	43
2761	0.86	7	43
2762	0.86	7	43
2763	0.88	6	44
2764	0.88	6	44
2765	0.90	5	45
2766	0.90	5	45
2767	0.90	5	45
2768	0.92	4	46
2769	0.92	4	46
2770	0.92	4	46
2771	0.92	4	46
2772	0.92	4	46
2773	0.92	4	46
2774	0.94	3	47
2775	0.94	3	47
2776	0.94	3	47
2777	0.94	3	47
2778	0.94	3	47
2779	0.94	3	47
2780	0.94	3	47
2781	0.94	3	47
2782	0.94	3	47
2783	0.94	3	47
2784	0.94	3	47
2785	0.94	3	47
2786	0.96	2	48
2787	0.96	2	48
2788	0.96	2	48
2789	0.96	2	48
2790	0.96	2	48
2791	0.96	2	48
2792	0.96	2	48
2793	0.98	1	49
2794	0.96	2	48
2795	0.96	2	48
2796	0.96	2	48
2797	0.96	2	48
2798	0.94	3	47
2799	0.92	4	46
2800	0.92	4	46
2801	0.92	4	46
2802	0.92	4	46
2803	0.92	4	46
2804	0.92	4	46
2805	0.92	4	46
2806	0.90	5	45
2807	0.90	5	45
2808	0.92	4	46
2809	0.92	4	46
2810	0.92	4	46
2811	0.92	4	46
2812	0.92	4	46
2813	0.92	4	46
2814	0.92	4	46
2815	0.92	4	46
2816	0.90	5	45
2817	0.90	5	45
2818	0.90	5	45
2819	0.88	6	44
2820	0.88	6	44
2821	0.88	6	44
2822	0.88	6	44
2823	0.88	6	44
2824	0.88	6	44
2825	0.88	6	44
2826	0.88	6	44
2827	0.88	6	44
2828	0.88	6	44
2829	0.88	6	44
2830	0.88	6	44
2831	0.88	6	44
2832	0.88	6	44
2833	0.88	6	44
2834	0.86	7	43
2835	0.84	8	42
2836	0.82	9	41
2837	0.82	9	41
2838	0.80	10	40
2839	0.80	10	40
2840	0.80	10	40
2841	0.80	10	40
2842	0.80	10	40
2843	0.80	10	40
2844	0.82	9	41
2845	0.82	9	41
2846	0.82	9	41
2847	0.82	9	41
2848	0.84	8	42
2849	0.86	7	43
2850	0.84	8	42
2851	0.84	8	42
2852	0.84	8	42
2853	0.84	8	42
2854	0.84	8	42
2855	0.84	8	42
2856	0.86	7	43
2857	0.86	7	43
2858	0.86	7	43
2859	0.84	8	42
2860	0.82	9	41
2861	0.82	9	41
2862	0.82	9	41
2863	0.80	10	40
2864	0.80	10	40
2865	0.80	10	40
2866	0.82	9	41
2867	0.82	9	41
2868	0.80	10	40
2869	0.82	9	41
2870	0.82	9	41
2871	0.82	9	41
2872	0.82	9	41
2873	0.82	9	41
2874	0.82	9	41
2875	0.82	9	41
2876	0.80	10	40
2877	0.80	10	40
2878	0.78	11	39
2879	0.78	11	39
2880	0.78	11	39
2881	0.78	11	39
2882	0.76	12	38
2883	0.76	12	38
2884	0.78	11	39
2885	0.80	10	40
2886	0.82	9	41
2887	0.82	9	41
2888	0.82	9	41
2889	0.82	9	41
2890	0.82	9	41
2891	0.82	9	41
2892	0.80	10	40
2893	0.80	10	40
2894	0.80	10	40
2895	0.78	11	39
2896	0.78	11	39
2897	0.78	11	39
2898	0.76	12	38
2899	0.76	12	38
2900	0.76	12	38
2901	0.76	12	38
2902	0.74	13	37
2903	0.74	13	37
2904	0.74	13	37
2905	0.74	13	37
2906	0.74	13	37
2907	0.74	13	37
2908	0.74	13	37
2909	0.76	12	38
2910	0.76	12	38
2911	0.74	13	37
2912	0.74	13	37
2913	0.76	12	38
2914	0.74	13	37
2915	0.74	13	37
2916	0.74	13	37
2917	0.72	14	36
2918	0.74	13	37
2919	0.74	13	37
2920	0.74	13	37
2921	0.74	13	37
2922	0.74	13	37
2923	0.74	13	37
2924	0.74	13	37
2925	0.74	13	37
2926	0.76	12	38
2927	0.76	12	38
2928	0.78	11	39
2929	0.76	12	38
2930	0.76	12	38
2931	0.76	12	38
2932	0.78	11	39
2933	0.78	11	39
2934	0.78	11	39
2935	0.76	12	38
2936	0.76	12	38
2937	0.74	13	37
2938	0.76	12	38
2939	0.76	12	38
2940	0.76	12	38
2941	0.74	13	37
2942	0.76	12	38
2943	0.76	12	38
2944	0.76	12	38
2945	0.78	11	39
2946	0.76	12	38
2947	0.76	12	38
2948	0.78	11	39
2949	0.78	11	39
2950	0.78	11	39
2951	0.78	11	39
2952	0.80	10	40
2953	0.80	10	40
2954	0.80	10	40
2955	0.80	10	40
2956	0.78	11	39
2957	0.78	11	39
2958	0.78	11	39
2959	0.78	11	39
2960	0.80	10	40
2961	0.82	9	41
2962	0.82	9	41
2963	0.82	9	41
2964	0.82	9	41
2965	0.82	9	41
2966	0.80	10	40
2967	0.82	9	41
2968	0.82	9	41
2969	0.82	9	41
2970	0.82	9	41
2971	0.82	9	41
2972	0.82	9	41
2973	0.80	10	40
2974	0.78	11	39
2975	0.78	11	39
2976	0.78	11	39
2977	0.78	11	39
2978	0.78	11	39
2979	0.78	11	39
2980	0.78	11	39
2981	0.78	11	39
2982	0.78	11	39
2983	0.78	11	39
2984	0.78	11	39
2985	0.80	10	40
2986	0.80	10	40
2987	0.82	9	41
2988	0.82	9	41
2989	0.82	9	41
2990	0.82	9	41
2991	0.82	9	41
2992	0.82	9	41
2993	0.82	9	41
2994	0.82	9	41
2995	0.82	9	41
2996	0.84	8	42
2997	0.84	8	42
2998	0.84	8	42
2999	0.84	8	42
