timestep	swarm_quality	color_0	color_1
0	0.68	34	16
1	0.68	34	16
2	0.68	34	16
3	0.68	34	16
4	0.66	33	17
5	0.66	33	17
6	0.64	32	18
7	0.64	32	18
8	0.64	32	18
9	0.62	31	19
10	0.62	31	19
11	0.60	30	20
12	0.60	30	20
13	0.60	30	20
14	0.60	30	20
15	0.60	30	20
16	0.58	29	21
17	0.56	28	22
18	0.56	28	22
19	0.54	27	23
20	0.54	27	23
21	0.54	27	23
22	0.54	27	23
23	0.52	26	24
24	0.52	26	24
25	0.52	26	24
26	0.52	26	24
27	0.52	26	24
28	0.52	26	24
29	0.50	25	25
30	0.50	25	25
31	0.50	25	25
32	0.50	25	25
33	0.50	25	25
34	0.50	25	25
35	0.52	26	24
36	0.54	27	23
37	0.56	28	22
38	0.58	29	21
39	0.60	30	20
40	0.62	31	19
41	0.64	32	18
42	0.66	33	17
43	0.68	34	16
44	0.70	35	15
45	0.72	36	14
46	0.74	37	13
47	0.76	38	12
48	0.78	39	11
49	0.80	40	10
50	0.82	41	9
51	0.82	41	9
52	0.82	41	9
53	0.80	40	10
54	0.82	41	9
55	0.82	41	9
56	0.82	41	9
57	0.82	41	9
58	0.82	41	9
59	0.84	42	8
60	0.84	42	8
61	0.86	43	7
62	0.86	43	7
63	0.86	43	7
64	0.86	43	7
65	0.84	42	8
66	0.86	43	7
67	0.88	44	6
68	0.88	44	6
69	0.90	45	5
70	0.90	45	5
71	0.90	45	5
72	0.88	44	6
73	0.90	45	5
74	0.90	45	5
75	0.88	44	6
76	0.88	44	6
77	0.88	44	6
78	0.86	43	7
79	0.88	44	6
80	0.88	44	6
81	0.88	44	6
82	0.86	43	7
83	0.84	42	8
84	0.84	42	8
85	0.82	41	9
86	0.82	41	9
87	0.82	41	9
88	0.82	41	9
89	0.82	41	9
90	0.82	41	9
91	0.80	40	10
92	0.80	40	10
93	0.80	40	10
94	0.80	40	10
95	0.80	40	10
96	0.80	40	10
97	0.80	40	10
98	0.80	40	10
99	0.80	40	10
100	0.80	40	10
101	0.80	40	10
102	0.80	40	10
103	0.82	41	9
104	0.82	41	9
105	0.82	41	9
106	0.84	42	8
107	0.84	42	8
108	0.84	42	8
109	0.84	42	8
110	0.82	41	9
111	0.82	41	9
112	0.82	41	9
113	0.82	41	9
114	0.82	41	9
115	0.84	42	8
116	0.82	41	9
117	0.82	41	9
118	0.82	41	9
119	0.82	41	9
120	0.82	41	9
121	0.82	41	9
122	0.84	42	8
123	0.82	41	9
124	0.82	41	9
125	0.84	42	8
126	0.84	42	8
127	0.84	42	8
128	0.86	43	7
129	0.86	43	7
130	0.86	43	7
131	0.86	43	7
132	0.88	44	6
133	0.90	45	5
134	0.88	44	6
135	0.88	44	6
136	0.88	44	6
137	0.88	44	6
138	0.86	43	7
139	0.86	43	7
140	0.86	43	7
141	0.88	44	6
142	0.88	44	6
143	0.86	43	7
144	0.86	43	7
145	0.86	43	7
146	0.86	43	7
147	0.86	43	7
148	0.86	43	7
149	0.86	43	7
150	0.86	43	7
151	0.86	43	7
152	0.86	43	7
153	0.84	42	8
154	0.84	42	8
155	0.82	41	9
156	0.80	40	10
157	0.80	40	10
158	0.80	40	10
159	0.80	40	10
160	0.82	41	9
161	0.82	41	9
162	0.82	41	9
163	0.82	41	9
164	0.82	41	9
165	0.82	41	9
166	0.82	41	9
167	0.82	41	9
168	0.82	41	9
169	0.82	41	9
170	0.80	40	10
171	0.80	40	10
172	0.80	40	10
173	0.82	41	9
174	0.82	41	9
175	0.82	41	9
176	0.82	41	9
177	0.82	41	9
178	0.82	41	9
179	0.82	41	9
180	0.80	40	10
181	0.78	39	11
182	0.78	39	11
183	0.78	39	11
184	0.80	40	10
185	0.82	41	9
186	0.80	40	10
187	0.78	39	11
188	0.80	40	10
189	0.80	40	10
190	0.80	40	10
191	0.80	40	10
192	0.80	40	10
193	0.82	41	9
194	0.82	41	9
195	0.82	41	9
196	0.82	41	9
197	0.82	41	9
198	0.80	40	10
199	0.80	40	10
200	0.78	39	11
201	0.78	39	11
202	0.78	39	11
203	0.80	40	10
204	0.80	40	10
205	0.80	40	10
206	0.82	41	9
207	0.80	40	10
208	0.80	40	10
209	0.80	40	10
210	0.80	40	10
211	0.80	40	10
212	0.78	39	11
213	0.78	39	11
214	0.78	39	11
215	0.78	39	11
216	0.80	40	10
217	0.80	40	10
218	0.78	39	11
219	0.78	39	11
220	0.80	40	10
221	0.80	40	10
222	0.78	39	11
223	0.78	39	11
224	0.76	38	12
225	0.76	38	12
226	0.76	38	12
227	0.76	38	12
228	0.76	38	12
229	0.76	38	12
230	0.78	39	11
231	0.78	39	11
232	0.78	39	11
233	0.76	38	12
234	0.76	38	12
235	0.76	38	12
236	0.78	39	11
237	0.80	40	10
238	0.80	40	10
239	0.80	40	10
240	0.80	40	10
241	0.80	40	10
242	0.80	40	10
243	0.80	40	10
244	0.80	40	10
245	0.80	40	10
246	0.80	40	10
247	0.80	40	10
248	0.80	40	10
249	0.78	39	11
250	0.78	39	11
251	0.78	39	11
252	0.78	39	11
253	0.78	39	11
254	0.78	39	11
255	0.80	40	10
256	0.80	40	10
257	0.80	40	10
258	0.80	40	10
259	0.78	39	11
260	0.78	39	11
261	0.78	39	11
262	0.80	40	10
263	0.78	39	11
264	0.78	39	11
265	0.78	39	11
266	0.78	39	11
267	0.78	39	11
268	0.80	40	10
269	0.80	40	10
270	0.80	40	10
271	0.80	40	10
272	0.80	40	10
273	0.80	40	10
274	0.82	41	9
275	0.82	41	9
276	0.80	40	10
277	0.80	40	10
278	0.80	40	10
279	0.80	40	10
280	0.80	40	10
281	0.82	41	9
282	0.82	41	9
283	0.84	42	8
284	0.84	42	8
285	0.84	42	8
286	0.84	42	8
287	0.84	42	8
288	0.84	42	8
289	0.84	42	8
290	0.84	42	8
291	0.84	42	8
292	0.84	42	8
293	0.84	42	8
294	0.84	42	8
295	0.84	42	8
296	0.82	41	9
297	0.80	40	10
298	0.82	41	9
299	0.84	42	8
300	0.84	42	8
301	0.84	42	8
302	0.84	42	8
303	0.84	42	8
304	0.84	42	8
305	0.84	42	8
306	0.84	42	8
307	0.86	43	7
308	0.86	43	7
309	0.88	44	6
310	0.88	44	6
311	0.88	44	6
312	0.88	44	6
313	0.90	45	5
314	0.90	45	5
315	0.88	44	6
316	0.88	44	6
317	0.88	44	6
318	0.88	44	6
319	0.88	44	6
320	0.88	44	6
321	0.88	44	6
322	0.88	44	6
323	0.88	44	6
324	0.88	44	6
325	0.88	44	6
326	0.90	45	5
327	0.90	45	5
328	0.88	44	6
329	0.88	44	6
330	0.88	44	6
331	0.86	43	7
332	0.84	42	8
333	0.84	42	8
334	0.84	42	8
335	0.84	42	8
336	0.84	42	8
337	0.84	42	8
338	0.84	42	8
339	0.84	42	8
340	0.82	41	9
341	0.82	41	9
342	0.82	41	9
343	0.80	40	10
344	0.80	40	10
345	0.80	40	10
346	0.82	41	9
347	0.84	42	8
348	0.82	41	9
349	0.80	40	10
350	0.82	41	9
351	0.80	40	10
352	0.80	40	10
353	0.80	40	10
354	0.80	40	10
355	0.80	40	10
356	0.78	39	11
357	0.78	39	11
358	0.78	39	11
359	0.78	39	11
360	0.78	39	11
361	0.78	39	11
362	0.78	39	11
363	0.78	39	11
364	0.76	38	12
365	0.76	38	12
366	0.76	38	12
367	0.76	38	12
368	0.74	37	13
369	0.72	36	14
370	0.70	35	15
371	0.70	35	15
372	0.72	36	14
373	0.72	36	14
374	0.72	36	14
375	0.72	36	14
376	0.72	36	14
377	0.72	36	14
378	0.74	37	13
379	0.72	36	14
380	0.72	36	14
381	0.74	37	13
382	0.76	38	12
383	0.76	38	12
384	0.74	37	13
385	0.72	36	14
386	0.72	36	14
387	0.72	36	14
388	0.72	36	14
389	0.72	36	14
390	0.74	37	13
391	0.74	37	13
392	0.72	36	14
393	0.74	37	13
394	0.74	37	13
395	0.74	37	13
396	0.74	37	13
397	0.74	37	13
398	0.74	37	13
399	0.74	37	13
400	0.72	36	14
401	0.74	37	13
402	0.74	37	13
403	0.74	37	13
404	0.74	37	13
405	0.74	37	13
406	0.76	38	12
407	0.76	38	12
408	0.76	38	12
409	0.76	38	12
410	0.76	38	12
411	0.76	38	12
412	0.76	38	12
413	0.76	38	12
414	0.78	39	11
415	0.80	40	10
416	0.80	40	10
417	0.78	39	11
418	0.80	40	10
419	0.82	41	9
420	0.84	42	8
421	0.84	42	8
422	0.82	41	9
423	0.82	41	9
424	0.82	41	9
425	0.82	41	9
426	0.82	41	9
427	0.80	40	10
428	0.80	40	10
429	0.82	41	9
430	0.80	40	10
431	0.80	40	10
432	0.78	39	11
433	0.78	39	11
434	0.80	40	10
435	0.82	41	9
436	0.82	41	9
437	0.80	40	10
438	0.80	40	10
439	0.80	40	10
440	0.78	39	11
441	0.78	39	11
442	0.80	40	10
443	0.80	40	10
444	0.80	40	10
445	0.80	40	10
446	0.80	40	10
447	0.80	40	10
448	0.80	40	10
449	0.82	41	9
450	0.82	41	9
451	0.82	41	9
452	0.80	40	10
453	0.80	40	10
454	0.78	39	11
455	0.78	39	11
456	0.78	39	11
457	0.78	39	11
458	0.78	39	11
459	0.78	39	11
460	0.78	39	11
461	0.78	39	11
462	0.78	39	11
463	0.78	39	11
464	0.78	39	11
465	0.78	39	11
466	0.76	38	12
467	0.78	39	11
468	0.76	38	12
469	0.76	38	12
470	0.76	38	12
471	0.76	38	12
472	0.78	39	11
473	0.76	38	12
474	0.76	38	12
475	0.76	38	12
476	0.74	37	13
477	0.76	38	12
478	0.74	37	13
479	0.74	37	13
480	0.76	38	12
481	0.76	38	12
482	0.76	38	12
483	0.76	38	12
484	0.76	38	12
485	0.76	38	12
486	0.74	37	13
487	0.74	37	13
488	0.72	36	14
489	0.72	36	14
490	0.72	36	14
491	0.72	36	14
492	0.72	36	14
493	0.72	36	14
494	0.72	36	14
495	0.72	36	14
496	0.72	36	14
497	0.72	36	14
498	0.74	37	13
499	0.74	37	13
500	0.24	38	12
501	0.26	37	13
502	0.26	37	13
503	0.28	36	14
504	0.26	37	13
505	0.26	37	13
506	0.28	36	14
507	0.30	35	15
508	0.32	34	16
509	0.34	33	17
510	0.34	33	17
511	0.36	32	18
512	0.36	32	18
513	0.38	31	19
514	0.40	30	20
515	0.42	29	21
516	0.42	29	21
517	0.44	28	22
518	0.44	28	22
519	0.44	28	22
520	0.46	27	23
521	0.48	26	24
522	0.50	25	25
523	0.50	25	25
524	0.52	24	26
525	0.54	23	27
526	0.54	23	27
527	0.56	22	28
528	0.56	22	28
529	0.58	21	29
530	0.58	21	29
531	0.60	20	30
532	0.60	20	30
533	0.62	19	31
534	0.64	18	32
535	0.66	17	33
536	0.66	17	33
537	0.66	17	33
538	0.64	18	32
539	0.66	17	33
540	0.66	17	33
541	0.66	17	33
542	0.66	17	33
543	0.66	17	33
544	0.68	16	34
545	0.70	15	35
546	0.72	14	36
547	0.74	13	37
548	0.76	12	38
549	0.78	11	39
550	0.78	11	39
551	0.78	11	39
552	0.78	11	39
553	0.78	11	39
554	0.80	10	40
555	0.82	9	41
556	0.82	9	41
557	0.82	9	41
558	0.82	9	41
559	0.82	9	41
560	0.84	8	42
561	0.84	8	42
562	0.84	8	42
563	0.84	8	42
564	0.84	8	42
565	0.82	9	41
566	0.82	9	41
567	0.80	10	40
568	0.80	10	40
569	0.80	10	40
570	0.80	10	40
571	0.78	11	39
572	0.78	11	39
573	0.78	11	39
574	0.78	11	39
575	0.78	11	39
576	0.78	11	39
577	0.78	11	39
578	0.76	12	38
579	0.76	12	38
580	0.78	11	39
581	0.78	11	39
582	0.78	11	39
583	0.78	11	39
584	0.76	12	38
585	0.76	12	38
586	0.76	12	38
587	0.76	12	38
588	0.78	11	39
589	0.78	11	39
590	0.78	11	39
591	0.80	10	40
592	0.80	10	40
593	0.82	9	41
594	0.80	10	40
595	0.80	10	40
596	0.80	10	40
597	0.80	10	40
598	0.80	10	40
599	0.80	10	40
600	0.82	9	41
601	0.80	10	40
602	0.78	11	39
603	0.78	11	39
604	0.78	11	39
605	0.78	11	39
606	0.78	11	39
607	0.78	11	39
608	0.78	11	39
609	0.78	11	39
610	0.78	11	39
611	0.78	11	39
612	0.80	10	40
613	0.80	10	40
614	0.80	10	40
615	0.80	10	40
616	0.78	11	39
617	0.80	10	40
618	0.80	10	40
619	0.82	9	41
620	0.82	9	41
621	0.82	9	41
622	0.82	9	41
623	0.82	9	41
624	0.82	9	41
625	0.82	9	41
626	0.80	10	40
627	0.80	10	40
628	0.80	10	40
629	0.80	10	40
630	0.80	10	40
631	0.80	10	40
632	0.80	10	40
633	0.80	10	40
634	0.82	9	41
635	0.80	10	40
636	0.78	11	39
637	0.76	12	38
638	0.76	12	38
639	0.74	13	37
640	0.74	13	37
641	0.74	13	37
642	0.76	12	38
643	0.76	12	38
644	0.78	11	39
645	0.78	11	39
646	0.78	11	39
647	0.78	11	39
648	0.78	11	39
649	0.78	11	39
650	0.78	11	39
651	0.78	11	39
652	0.78	11	39
653	0.78	11	39
654	0.78	11	39
655	0.78	11	39
656	0.76	12	38
657	0.76	12	38
658	0.76	12	38
659	0.76	12	38
660	0.76	12	38
661	0.76	12	38
662	0.74	13	37
663	0.74	13	37
664	0.74	13	37
665	0.76	12	38
666	0.76	12	38
667	0.76	12	38
668	0.76	12	38
669	0.76	12	38
670	0.76	12	38
671	0.76	12	38
672	0.74	13	37
673	0.72	14	36
674	0.72	14	36
675	0.72	14	36
676	0.74	13	37
677	0.74	13	37
678	0.74	13	37
679	0.74	13	37
680	0.74	13	37
681	0.74	13	37
682	0.74	13	37
683	0.72	14	36
684	0.70	15	35
685	0.72	14	36
686	0.74	13	37
687	0.76	12	38
688	0.76	12	38
689	0.78	11	39
690	0.78	11	39
691	0.78	11	39
692	0.76	12	38
693	0.76	12	38
694	0.74	13	37
695	0.72	14	36
696	0.72	14	36
697	0.70	15	35
698	0.70	15	35
699	0.70	15	35
700	0.70	15	35
701	0.72	14	36
702	0.74	13	37
703	0.74	13	37
704	0.74	13	37
705	0.74	13	37
706	0.76	12	38
707	0.76	12	38
708	0.76	12	38
709	0.76	12	38
710	0.76	12	38
711	0.74	13	37
712	0.76	12	38
713	0.76	12	38
714	0.76	12	38
715	0.76	12	38
716	0.76	12	38
717	0.76	12	38
718	0.76	12	38
719	0.76	12	38
720	0.76	12	38
721	0.76	12	38
722	0.76	12	38
723	0.78	11	39
724	0.78	11	39
725	0.78	11	39
726	0.78	11	39
727	0.78	11	39
728	0.80	10	40
729	0.78	11	39
730	0.78	11	39
731	0.78	11	39
732	0.78	11	39
733	0.80	10	40
734	0.82	9	41
735	0.82	9	41
736	0.82	9	41
737	0.80	10	40
738	0.80	10	40
739	0.80	10	40
740	0.80	10	40
741	0.80	10	40
742	0.82	9	41
743	0.82	9	41
744	0.84	8	42
745	0.86	7	43
746	0.86	7	43
747	0.88	6	44
748	0.88	6	44
749	0.88	6	44
750	0.88	6	44
751	0.88	6	44
752	0.88	6	44
753	0.86	7	43
754	0.84	8	42
755	0.84	8	42
756	0.84	8	42
757	0.84	8	42
758	0.84	8	42
759	0.84	8	42
760	0.84	8	42
761	0.86	7	43
762	0.86	7	43
763	0.86	7	43
764	0.86	7	43
765	0.86	7	43
766	0.86	7	43
767	0.84	8	42
768	0.84	8	42
769	0.84	8	42
770	0.84	8	42
771	0.86	7	43
772	0.88	6	44
773	0.88	6	44
774	0.88	6	44
775	0.88	6	44
776	0.88	6	44
777	0.88	6	44
778	0.88	6	44
779	0.90	5	45
780	0.90	5	45
781	0.90	5	45
782	0.90	5	45
783	0.90	5	45
784	0.88	6	44
785	0.86	7	43
786	0.86	7	43
787	0.88	6	44
788	0.88	6	44
789	0.88	6	44
790	0.86	7	43
791	0.84	8	42
792	0.84	8	42
793	0.84	8	42
794	0.84	8	42
795	0.82	9	41
796	0.82	9	41
797	0.82	9	41
798	0.82	9	41
799	0.82	9	41
800	0.82	9	41
801	0.82	9	41
802	0.82	9	41
803	0.84	8	42
804	0.86	7	43
805	0.86	7	43
806	0.86	7	43
807	0.86	7	43
808	0.84	8	42
809	0.84	8	42
810	0.84	8	42
811	0.84	8	42
812	0.84	8	42
813	0.82	9	41
814	0.82	9	41
815	0.80	10	40
816	0.82	9	41
817	0.82	9	41
818	0.82	9	41
819	0.80	10	40
820	0.80	10	40
821	0.78	11	39
822	0.78	11	39
823	0.78	11	39
824	0.78	11	39
825	0.78	11	39
826	0.78	11	39
827	0.78	11	39
828	0.78	11	39
829	0.78	11	39
830	0.78	11	39
831	0.78	11	39
832	0.78	11	39
833	0.76	12	38
834	0.76	12	38
835	0.78	11	39
836	0.78	11	39
837	0.76	12	38
838	0.76	12	38
839	0.74	13	37
840	0.76	12	38
841	0.78	11	39
842	0.76	12	38
843	0.74	13	37
844	0.74	13	37
845	0.76	12	38
846	0.74	13	37
847	0.74	13	37
848	0.72	14	36
849	0.70	15	35
850	0.70	15	35
851	0.70	15	35
852	0.70	15	35
853	0.68	16	34
854	0.68	16	34
855	0.68	16	34
856	0.68	16	34
857	0.68	16	34
858	0.70	15	35
859	0.70	15	35
860	0.70	15	35
861	0.70	15	35
862	0.70	15	35
863	0.72	14	36
864	0.72	14	36
865	0.74	13	37
866	0.74	13	37
867	0.76	12	38
868	0.74	13	37
869	0.74	13	37
870	0.72	14	36
871	0.74	13	37
872	0.74	13	37
873	0.74	13	37
874	0.72	14	36
875	0.72	14	36
876	0.70	15	35
877	0.70	15	35
878	0.70	15	35
879	0.70	15	35
880	0.70	15	35
881	0.70	15	35
882	0.68	16	34
883	0.70	15	35
884	0.72	14	36
885	0.72	14	36
886	0.70	15	35
887	0.72	14	36
888	0.72	14	36
889	0.74	13	37
890	0.72	14	36
891	0.72	14	36
892	0.74	13	37
893	0.76	12	38
894	0.76	12	38
895	0.74	13	37
896	0.76	12	38
897	0.76	12	38
898	0.78	11	39
899	0.78	11	39
900	0.78	11	39
901	0.78	11	39
902	0.78	11	39
903	0.80	10	40
904	0.80	10	40
905	0.80	10	40
906	0.78	11	39
907	0.78	11	39
908	0.78	11	39
909	0.78	11	39
910	0.78	11	39
911	0.78	11	39
912	0.78	11	39
913	0.78	11	39
914	0.76	12	38
915	0.74	13	37
916	0.74	13	37
917	0.74	13	37
918	0.76	12	38
919	0.78	11	39
920	0.80	10	40
921	0.78	11	39
922	0.78	11	39
923	0.78	11	39
924	0.80	10	40
925	0.80	10	40
926	0.82	9	41
927	0.82	9	41
928	0.82	9	41
929	0.82	9	41
930	0.82	9	41
931	0.80	10	40
932	0.82	9	41
933	0.82	9	41
934	0.82	9	41
935	0.80	10	40
936	0.82	9	41
937	0.82	9	41
938	0.80	10	40
939	0.80	10	40
940	0.82	9	41
941	0.82	9	41
942	0.82	9	41
943	0.82	9	41
944	0.82	9	41
945	0.82	9	41
946	0.82	9	41
947	0.82	9	41
948	0.82	9	41
949	0.84	8	42
950	0.82	9	41
951	0.82	9	41
952	0.82	9	41
953	0.82	9	41
954	0.82	9	41
955	0.80	10	40
956	0.82	9	41
957	0.82	9	41
958	0.82	9	41
959	0.82	9	41
960	0.82	9	41
961	0.82	9	41
962	0.82	9	41
963	0.82	9	41
964	0.82	9	41
965	0.84	8	42
966	0.84	8	42
967	0.84	8	42
968	0.82	9	41
969	0.80	10	40
970	0.80	10	40
971	0.82	9	41
972	0.82	9	41
973	0.82	9	41
974	0.82	9	41
975	0.82	9	41
976	0.82	9	41
977	0.80	10	40
978	0.80	10	40
979	0.80	10	40
980	0.80	10	40
981	0.82	9	41
982	0.82	9	41
983	0.80	10	40
984	0.80	10	40
985	0.82	9	41
986	0.82	9	41
987	0.82	9	41
988	0.84	8	42
989	0.82	9	41
990	0.80	10	40
991	0.80	10	40
992	0.80	10	40
993	0.78	11	39
994	0.76	12	38
995	0.76	12	38
996	0.74	13	37
997	0.74	13	37
998	0.74	13	37
999	0.74	13	37
1000	0.26	13	37
1001	0.26	13	37
1002	0.26	13	37
1003	0.28	14	36
1004	0.30	15	35
1005	0.30	15	35
1006	0.32	16	34
1007	0.32	16	34
1008	0.34	17	33
1009	0.36	18	32
1010	0.36	18	32
1011	0.38	19	31
1012	0.40	20	30
1013	0.42	21	29
1014	0.42	21	29
1015	0.44	22	28
1016	0.46	23	27
1017	0.48	24	26
1018	0.46	23	27
1019	0.46	23	27
1020	0.46	23	27
1021	0.48	24	26
1022	0.48	24	26
1023	0.50	25	25
1024	0.52	26	24
1025	0.54	27	23
1026	0.54	27	23
1027	0.54	27	23
1028	0.56	28	22
1029	0.58	29	21
1030	0.60	30	20
1031	0.60	30	20
1032	0.62	31	19
1033	0.60	30	20
1034	0.62	31	19
1035	0.62	31	19
1036	0.64	32	18
1037	0.66	33	17
1038	0.68	34	16
1039	0.68	34	16
1040	0.68	34	16
1041	0.70	35	15
1042	0.72	36	14
1043	0.72	36	14
1044	0.72	36	14
1045	0.70	35	15
1046	0.70	35	15
1047	0.72	36	14
1048	0.74	37	13
1049	0.76	38	12
1050	0.76	38	12
1051	0.78	39	11
1052	0.80	40	10
1053	0.78	39	11
1054	0.76	38	12
1055	0.76	38	12
1056	0.76	38	12
1057	0.78	39	11
1058	0.76	38	12
1059	0.76	38	12
1060	0.78	39	11
1061	0.78	39	11
1062	0.78	39	11
1063	0.78	39	11
1064	0.78	39	11
1065	0.78	39	11
1066	0.78	39	11
1067	0.78	39	11
1068	0.78	39	11
1069	0.78	39	11
1070	0.80	40	10
1071	0.80	40	10
1072	0.82	41	9
1073	0.82	41	9
1074	0.80	40	10
1075	0.80	40	10
1076	0.82	41	9
1077	0.82	41	9
1078	0.80	40	10
1079	0.80	40	10
1080	0.80	40	10
1081	0.82	41	9
1082	0.82	41	9
1083	0.84	42	8
1084	0.84	42	8
1085	0.86	43	7
1086	0.86	43	7
1087	0.86	43	7
1088	0.86	43	7
1089	0.86	43	7
1090	0.84	42	8
1091	0.82	41	9
1092	0.82	41	9
1093	0.80	40	10
1094	0.80	40	10
1095	0.82	41	9
1096	0.82	41	9
1097	0.80	40	10
1098	0.78	39	11
1099	0.78	39	11
1100	0.76	38	12
1101	0.76	38	12
1102	0.74	37	13
1103	0.74	37	13
1104	0.76	38	12
1105	0.76	38	12
1106	0.74	37	13
1107	0.74	37	13
1108	0.76	38	12
1109	0.76	38	12
1110	0.76	38	12
1111	0.76	38	12
1112	0.74	37	13
1113	0.74	37	13
1114	0.74	37	13
1115	0.74	37	13
1116	0.74	37	13
1117	0.72	36	14
1118	0.74	37	13
1119	0.72	36	14
1120	0.72	36	14
1121	0.72	36	14
1122	0.72	36	14
1123	0.72	36	14
1124	0.74	37	13
1125	0.74	37	13
1126	0.74	37	13
1127	0.74	37	13
1128	0.74	37	13
1129	0.74	37	13
1130	0.74	37	13
1131	0.74	37	13
1132	0.74	37	13
1133	0.74	37	13
1134	0.74	37	13
1135	0.74	37	13
1136	0.74	37	13
1137	0.74	37	13
1138	0.74	37	13
1139	0.74	37	13
1140	0.76	38	12
1141	0.76	38	12
1142	0.76	38	12
1143	0.78	39	11
1144	0.78	39	11
1145	0.78	39	11
1146	0.78	39	11
1147	0.80	40	10
1148	0.82	41	9
1149	0.82	41	9
1150	0.84	42	8
1151	0.82	41	9
1152	0.84	42	8
1153	0.86	43	7
1154	0.86	43	7
1155	0.84	42	8
1156	0.86	43	7
1157	0.86	43	7
1158	0.84	42	8
1159	0.84	42	8
1160	0.84	42	8
1161	0.84	42	8
1162	0.86	43	7
1163	0.86	43	7
1164	0.84	42	8
1165	0.84	42	8
1166	0.84	42	8
1167	0.84	42	8
1168	0.82	41	9
1169	0.84	42	8
1170	0.84	42	8
1171	0.84	42	8
1172	0.84	42	8
1173	0.84	42	8
1174	0.84	42	8
1175	0.84	42	8
1176	0.82	41	9
1177	0.80	40	10
1178	0.80	40	10
1179	0.78	39	11
1180	0.78	39	11
1181	0.76	38	12
1182	0.76	38	12
1183	0.76	38	12
1184	0.76	38	12
1185	0.76	38	12
1186	0.76	38	12
1187	0.74	37	13
1188	0.72	36	14
1189	0.72	36	14
1190	0.72	36	14
1191	0.72	36	14
1192	0.72	36	14
1193	0.72	36	14
1194	0.72	36	14
1195	0.70	35	15
1196	0.70	35	15
1197	0.70	35	15
1198	0.70	35	15
1199	0.68	34	16
1200	0.66	33	17
1201	0.66	33	17
1202	0.64	32	18
1203	0.64	32	18
1204	0.62	31	19
1205	0.64	32	18
1206	0.64	32	18
1207	0.62	31	19
1208	0.64	32	18
1209	0.62	31	19
1210	0.62	31	19
1211	0.62	31	19
1212	0.60	30	20
1213	0.60	30	20
1214	0.62	31	19
1215	0.62	31	19
1216	0.62	31	19
1217	0.64	32	18
1218	0.66	33	17
1219	0.64	32	18
1220	0.64	32	18
1221	0.62	31	19
1222	0.62	31	19
1223	0.60	30	20
1224	0.60	30	20
1225	0.60	30	20
1226	0.62	31	19
1227	0.64	32	18
1228	0.66	33	17
1229	0.68	34	16
1230	0.68	34	16
1231	0.68	34	16
1232	0.66	33	17
1233	0.64	32	18
1234	0.64	32	18
1235	0.64	32	18
1236	0.64	32	18
1237	0.66	33	17
1238	0.68	34	16
1239	0.68	34	16
1240	0.66	33	17
1241	0.66	33	17
1242	0.64	32	18
1243	0.64	32	18
1244	0.64	32	18
1245	0.64	32	18
1246	0.64	32	18
1247	0.62	31	19
1248	0.60	30	20
1249	0.62	31	19
1250	0.64	32	18
1251	0.66	33	17
1252	0.68	34	16
1253	0.66	33	17
1254	0.66	33	17
1255	0.64	32	18
1256	0.62	31	19
1257	0.62	31	19
1258	0.62	31	19
1259	0.64	32	18
1260	0.64	32	18
1261	0.64	32	18
1262	0.66	33	17
1263	0.64	32	18
1264	0.64	32	18
1265	0.64	32	18
1266	0.64	32	18
1267	0.64	32	18
1268	0.64	32	18
1269	0.66	33	17
1270	0.66	33	17
1271	0.68	34	16
1272	0.68	34	16
1273	0.70	35	15
1274	0.70	35	15
1275	0.70	35	15
1276	0.70	35	15
1277	0.70	35	15
1278	0.70	35	15
1279	0.68	34	16
1280	0.68	34	16
1281	0.70	35	15
1282	0.72	36	14
1283	0.72	36	14
1284	0.72	36	14
1285	0.72	36	14
1286	0.72	36	14
1287	0.72	36	14
1288	0.70	35	15
1289	0.68	34	16
1290	0.70	35	15
1291	0.70	35	15
1292	0.72	36	14
1293	0.72	36	14
1294	0.72	36	14
1295	0.74	37	13
1296	0.74	37	13
1297	0.76	38	12
1298	0.78	39	11
1299	0.76	38	12
1300	0.76	38	12
1301	0.76	38	12
1302	0.74	37	13
1303	0.76	38	12
1304	0.78	39	11
1305	0.78	39	11
1306	0.80	40	10
1307	0.80	40	10
1308	0.80	40	10
1309	0.80	40	10
1310	0.80	40	10
1311	0.80	40	10
1312	0.80	40	10
1313	0.82	41	9
1314	0.82	41	9
1315	0.82	41	9
1316	0.82	41	9
1317	0.82	41	9
1318	0.82	41	9
1319	0.82	41	9
1320	0.82	41	9
1321	0.82	41	9
1322	0.82	41	9
1323	0.82	41	9
1324	0.82	41	9
1325	0.82	41	9
1326	0.82	41	9
1327	0.82	41	9
1328	0.80	40	10
1329	0.82	41	9
1330	0.80	40	10
1331	0.80	40	10
1332	0.80	40	10
1333	0.82	41	9
1334	0.82	41	9
1335	0.82	41	9
1336	0.82	41	9
1337	0.80	40	10
1338	0.82	41	9
1339	0.84	42	8
1340	0.84	42	8
1341	0.86	43	7
1342	0.86	43	7
1343	0.86	43	7
1344	0.86	43	7
1345	0.84	42	8
1346	0.84	42	8
1347	0.82	41	9
1348	0.82	41	9
1349	0.84	42	8
1350	0.84	42	8
1351	0.84	42	8
1352	0.86	43	7
1353	0.84	42	8
1354	0.82	41	9
1355	0.84	42	8
1356	0.84	42	8
1357	0.84	42	8
1358	0.84	42	8
1359	0.84	42	8
1360	0.82	41	9
1361	0.82	41	9
1362	0.82	41	9
1363	0.82	41	9
1364	0.82	41	9
1365	0.82	41	9
1366	0.82	41	9
1367	0.80	40	10
1368	0.80	40	10
1369	0.80	40	10
1370	0.78	39	11
1371	0.78	39	11
1372	0.78	39	11
1373	0.76	38	12
1374	0.76	38	12
1375	0.74	37	13
1376	0.74	37	13
1377	0.74	37	13
1378	0.74	37	13
1379	0.74	37	13
1380	0.76	38	12
1381	0.76	38	12
1382	0.76	38	12
1383	0.76	38	12
1384	0.74	37	13
1385	0.74	37	13
1386	0.74	37	13
1387	0.76	38	12
1388	0.74	37	13
1389	0.74	37	13
1390	0.74	37	13
1391	0.74	37	13
1392	0.74	37	13
1393	0.74	37	13
1394	0.74	37	13
1395	0.76	38	12
1396	0.76	38	12
1397	0.78	39	11
1398	0.76	38	12
1399	0.76	38	12
1400	0.76	38	12
1401	0.74	37	13
1402	0.74	37	13
1403	0.74	37	13
1404	0.76	38	12
1405	0.76	38	12
1406	0.74	37	13
1407	0.76	38	12
1408	0.76	38	12
1409	0.74	37	13
1410	0.76	38	12
1411	0.76	38	12
1412	0.74	37	13
1413	0.74	37	13
1414	0.72	36	14
1415	0.72	36	14
1416	0.70	35	15
1417	0.72	36	14
1418	0.72	36	14
1419	0.72	36	14
1420	0.74	37	13
1421	0.74	37	13
1422	0.72	36	14
1423	0.74	37	13
1424	0.72	36	14
1425	0.72	36	14
1426	0.72	36	14
1427	0.72	36	14
1428	0.74	37	13
1429	0.74	37	13
1430	0.74	37	13
1431	0.74	37	13
1432	0.72	36	14
1433	0.72	36	14
1434	0.74	37	13
1435	0.74	37	13
1436	0.74	37	13
1437	0.74	37	13
1438	0.76	38	12
1439	0.76	38	12
1440	0.76	38	12
1441	0.74	37	13
1442	0.74	37	13
1443	0.74	37	13
1444	0.74	37	13
1445	0.72	36	14
1446	0.72	36	14
1447	0.70	35	15
1448	0.72	36	14
1449	0.72	36	14
1450	0.72	36	14
1451	0.74	37	13
1452	0.74	37	13
1453	0.76	38	12
1454	0.76	38	12
1455	0.76	38	12
1456	0.78	39	11
1457	0.78	39	11
1458	0.78	39	11
1459	0.80	40	10
1460	0.80	40	10
1461	0.80	40	10
1462	0.82	41	9
1463	0.82	41	9
1464	0.84	42	8
1465	0.84	42	8
1466	0.86	43	7
1467	0.86	43	7
1468	0.86	43	7
1469	0.84	42	8
1470	0.84	42	8
1471	0.84	42	8
1472	0.86	43	7
1473	0.84	42	8
1474	0.84	42	8
1475	0.86	43	7
1476	0.86	43	7
1477	0.86	43	7
1478	0.86	43	7
1479	0.86	43	7
1480	0.84	42	8
1481	0.84	42	8
1482	0.86	43	7
1483	0.86	43	7
1484	0.86	43	7
1485	0.86	43	7
1486	0.86	43	7
1487	0.86	43	7
1488	0.86	43	7
1489	0.86	43	7
1490	0.86	43	7
1491	0.86	43	7
1492	0.86	43	7
1493	0.84	42	8
1494	0.82	41	9
1495	0.84	42	8
1496	0.84	42	8
1497	0.86	43	7
1498	0.86	43	7
1499	0.86	43	7
1500	0.14	43	7
1501	0.14	43	7
1502	0.14	43	7
1503	0.16	42	8
1504	0.16	42	8
1505	0.16	42	8
1506	0.18	41	9
1507	0.18	41	9
1508	0.20	40	10
1509	0.22	39	11
1510	0.24	38	12
1511	0.24	38	12
1512	0.24	38	12
1513	0.26	37	13
1514	0.28	36	14
1515	0.30	35	15
1516	0.30	35	15
1517	0.32	34	16
1518	0.32	34	16
1519	0.32	34	16
1520	0.34	33	17
1521	0.34	33	17
1522	0.36	32	18
1523	0.36	32	18
1524	0.36	32	18
1525	0.38	31	19
1526	0.38	31	19
1527	0.38	31	19
1528	0.40	30	20
1529	0.40	30	20
1530	0.40	30	20
1531	0.42	29	21
1532	0.42	29	21
1533	0.44	28	22
1534	0.44	28	22
1535	0.46	27	23
1536	0.48	26	24
1537	0.50	25	25
1538	0.52	24	26
1539	0.54	23	27
1540	0.54	23	27
1541	0.54	23	27
1542	0.54	23	27
1543	0.54	23	27
1544	0.54	23	27
1545	0.56	22	28
1546	0.58	21	29
1547	0.60	20	30
1548	0.62	19	31
1549	0.64	18	32
1550	0.66	17	33
1551	0.68	16	34
1552	0.70	15	35
1553	0.70	15	35
1554	0.70	15	35
1555	0.72	14	36
1556	0.72	14	36
1557	0.74	13	37
1558	0.72	14	36
1559	0.72	14	36
1560	0.70	15	35
1561	0.72	14	36
1562	0.74	13	37
1563	0.74	13	37
1564	0.72	14	36
1565	0.72	14	36
1566	0.74	13	37
1567	0.74	13	37
1568	0.76	12	38
1569	0.74	13	37
1570	0.74	13	37
1571	0.76	12	38
1572	0.76	12	38
1573	0.76	12	38
1574	0.74	13	37
1575	0.72	14	36
1576	0.74	13	37
1577	0.74	13	37
1578	0.74	13	37
1579	0.76	12	38
1580	0.76	12	38
1581	0.74	13	37
1582	0.76	12	38
1583	0.76	12	38
1584	0.76	12	38
1585	0.74	13	37
1586	0.74	13	37
1587	0.74	13	37
1588	0.72	14	36
1589	0.72	14	36
1590	0.74	13	37
1591	0.72	14	36
1592	0.74	13	37
1593	0.74	13	37
1594	0.74	13	37
1595	0.74	13	37
1596	0.74	13	37
1597	0.74	13	37
1598	0.74	13	37
1599	0.74	13	37
1600	0.74	13	37
1601	0.74	13	37
1602	0.72	14	36
1603	0.70	15	35
1604	0.70	15	35
1605	0.68	16	34
1606	0.68	16	34
1607	0.68	16	34
1608	0.70	15	35
1609	0.70	15	35
1610	0.70	15	35
1611	0.68	16	34
1612	0.68	16	34
1613	0.68	16	34
1614	0.68	16	34
1615	0.68	16	34
1616	0.68	16	34
1617	0.68	16	34
1618	0.68	16	34
1619	0.68	16	34
1620	0.68	16	34
1621	0.68	16	34
1622	0.68	16	34
1623	0.68	16	34
1624	0.70	15	35
1625	0.72	14	36
1626	0.72	14	36
1627	0.74	13	37
1628	0.74	13	37
1629	0.74	13	37
1630	0.72	14	36
1631	0.74	13	37
1632	0.74	13	37
1633	0.72	14	36
1634	0.74	13	37
1635	0.76	12	38
1636	0.76	12	38
1637	0.76	12	38
1638	0.78	11	39
1639	0.78	11	39
1640	0.78	11	39
1641	0.78	11	39
1642	0.78	11	39
1643	0.78	11	39
1644	0.78	11	39
1645	0.76	12	38
1646	0.76	12	38
1647	0.76	12	38
1648	0.74	13	37
1649	0.74	13	37
1650	0.74	13	37
1651	0.72	14	36
1652	0.74	13	37
1653	0.76	12	38
1654	0.78	11	39
1655	0.80	10	40
1656	0.80	10	40
1657	0.80	10	40
1658	0.80	10	40
1659	0.80	10	40
1660	0.80	10	40
1661	0.82	9	41
1662	0.82	9	41
1663	0.82	9	41
1664	0.84	8	42
1665	0.84	8	42
1666	0.84	8	42
1667	0.84	8	42
1668	0.84	8	42
1669	0.86	7	43
1670	0.86	7	43
1671	0.84	8	42
1672	0.84	8	42
1673	0.84	8	42
1674	0.82	9	41
1675	0.80	10	40
1676	0.80	10	40
1677	0.78	11	39
1678	0.78	11	39
1679	0.76	12	38
1680	0.78	11	39
1681	0.78	11	39
1682	0.76	12	38
1683	0.78	11	39
1684	0.76	12	38
1685	0.74	13	37
1686	0.74	13	37
1687	0.74	13	37
1688	0.72	14	36
1689	0.72	14	36
1690	0.72	14	36
1691	0.72	14	36
1692	0.72	14	36
1693	0.72	14	36
1694	0.72	14	36
1695	0.74	13	37
1696	0.72	14	36
1697	0.70	15	35
1698	0.72	14	36
1699	0.72	14	36
1700	0.72	14	36
1701	0.74	13	37
1702	0.74	13	37
1703	0.72	14	36
1704	0.72	14	36
1705	0.72	14	36
1706	0.72	14	36
1707	0.70	15	35
1708	0.68	16	34
1709	0.68	16	34
1710	0.68	16	34
1711	0.68	16	34
1712	0.68	16	34
1713	0.68	16	34
1714	0.68	16	34
1715	0.68	16	34
1716	0.68	16	34
1717	0.68	16	34
1718	0.68	16	34
1719	0.68	16	34
1720	0.66	17	33
1721	0.66	17	33
1722	0.64	18	32
1723	0.64	18	32
1724	0.66	17	33
1725	0.68	16	34
1726	0.66	17	33
1727	0.68	16	34
1728	0.68	16	34
1729	0.70	15	35
1730	0.68	16	34
1731	0.66	17	33
1732	0.68	16	34
1733	0.68	16	34
1734	0.68	16	34
1735	0.68	16	34
1736	0.66	17	33
1737	0.64	18	32
1738	0.66	17	33
1739	0.66	17	33
1740	0.64	18	32
1741	0.66	17	33
1742	0.66	17	33
1743	0.66	17	33
1744	0.66	17	33
1745	0.64	18	32
1746	0.66	17	33
1747	0.68	16	34
1748	0.68	16	34
1749	0.68	16	34
1750	0.68	16	34
1751	0.68	16	34
1752	0.68	16	34
1753	0.70	15	35
1754	0.70	15	35
1755	0.68	16	34
1756	0.68	16	34
1757	0.70	15	35
1758	0.72	14	36
1759	0.72	14	36
1760	0.74	13	37
1761	0.74	13	37
1762	0.72	14	36
1763	0.72	14	36
1764	0.70	15	35
1765	0.70	15	35
1766	0.70	15	35
1767	0.70	15	35
1768	0.70	15	35
1769	0.70	15	35
1770	0.72	14	36
1771	0.74	13	37
1772	0.76	12	38
1773	0.76	12	38
1774	0.76	12	38
1775	0.76	12	38
1776	0.78	11	39
1777	0.78	11	39
1778	0.78	11	39
1779	0.78	11	39
1780	0.80	10	40
1781	0.80	10	40
1782	0.80	10	40
1783	0.80	10	40
1784	0.80	10	40
1785	0.80	10	40
1786	0.80	10	40
1787	0.82	9	41
1788	0.82	9	41
1789	0.82	9	41
1790	0.84	8	42
1791	0.84	8	42
1792	0.84	8	42
1793	0.84	8	42
1794	0.84	8	42
1795	0.86	7	43
1796	0.86	7	43
1797	0.86	7	43
1798	0.86	7	43
1799	0.86	7	43
1800	0.86	7	43
1801	0.84	8	42
1802	0.84	8	42
1803	0.84	8	42
1804	0.84	8	42
1805	0.86	7	43
1806	0.84	8	42
1807	0.84	8	42
1808	0.82	9	41
1809	0.82	9	41
1810	0.82	9	41
1811	0.82	9	41
1812	0.84	8	42
1813	0.84	8	42
1814	0.86	7	43
1815	0.86	7	43
1816	0.86	7	43
1817	0.86	7	43
1818	0.86	7	43
1819	0.86	7	43
1820	0.86	7	43
1821	0.86	7	43
1822	0.86	7	43
1823	0.86	7	43
1824	0.86	7	43
1825	0.84	8	42
1826	0.84	8	42
1827	0.84	8	42
1828	0.84	8	42
1829	0.82	9	41
1830	0.82	9	41
1831	0.82	9	41
1832	0.82	9	41
1833	0.82	9	41
1834	0.84	8	42
1835	0.86	7	43
1836	0.86	7	43
1837	0.84	8	42
1838	0.82	9	41
1839	0.82	9	41
1840	0.82	9	41
1841	0.80	10	40
1842	0.80	10	40
1843	0.80	10	40
1844	0.78	11	39
1845	0.78	11	39
1846	0.76	12	38
1847	0.74	13	37
1848	0.74	13	37
1849	0.74	13	37
1850	0.74	13	37
1851	0.76	12	38
1852	0.76	12	38
1853	0.74	13	37
1854	0.74	13	37
1855	0.74	13	37
1856	0.76	12	38
1857	0.76	12	38
1858	0.76	12	38
1859	0.76	12	38
1860	0.76	12	38
1861	0.74	13	37
1862	0.72	14	36
1863	0.72	14	36
1864	0.72	14	36
1865	0.72	14	36
1866	0.72	14	36
1867	0.72	14	36
1868	0.72	14	36
1869	0.70	15	35
1870	0.70	15	35
1871	0.70	15	35
1872	0.68	16	34
1873	0.66	17	33
1874	0.66	17	33
1875	0.68	16	34
1876	0.66	17	33
1877	0.66	17	33
1878	0.66	17	33
1879	0.68	16	34
1880	0.68	16	34
1881	0.70	15	35
1882	0.70	15	35
1883	0.70	15	35
1884	0.70	15	35
1885	0.70	15	35
1886	0.72	14	36
1887	0.74	13	37
1888	0.74	13	37
1889	0.74	13	37
1890	0.72	14	36
1891	0.74	13	37
1892	0.74	13	37
1893	0.74	13	37
1894	0.76	12	38
1895	0.76	12	38
1896	0.78	11	39
1897	0.80	10	40
1898	0.78	11	39
1899	0.76	12	38
1900	0.74	13	37
1901	0.74	13	37
1902	0.74	13	37
1903	0.76	12	38
1904	0.74	13	37
1905	0.74	13	37
1906	0.74	13	37
1907	0.72	14	36
1908	0.72	14	36
1909	0.72	14	36
1910	0.72	14	36
1911	0.74	13	37
1912	0.76	12	38
1913	0.76	12	38
1914	0.76	12	38
1915	0.76	12	38
1916	0.76	12	38
1917	0.76	12	38
1918	0.74	13	37
1919	0.74	13	37
1920	0.74	13	37
1921	0.74	13	37
1922	0.76	12	38
1923	0.78	11	39
1924	0.78	11	39
1925	0.78	11	39
1926	0.80	10	40
1927	0.80	10	40
1928	0.80	10	40
1929	0.80	10	40
1930	0.80	10	40
1931	0.78	11	39
1932	0.78	11	39
1933	0.78	11	39
1934	0.78	11	39
1935	0.78	11	39
1936	0.76	12	38
1937	0.74	13	37
1938	0.76	12	38
1939	0.76	12	38
1940	0.78	11	39
1941	0.78	11	39
1942	0.78	11	39
1943	0.76	12	38
1944	0.76	12	38
1945	0.76	12	38
1946	0.76	12	38
1947	0.76	12	38
1948	0.78	11	39
1949	0.80	10	40
1950	0.82	9	41
1951	0.82	9	41
1952	0.82	9	41
1953	0.82	9	41
1954	0.84	8	42
1955	0.84	8	42
1956	0.84	8	42
1957	0.84	8	42
1958	0.86	7	43
1959	0.86	7	43
1960	0.86	7	43
1961	0.86	7	43
1962	0.86	7	43
1963	0.84	8	42
1964	0.84	8	42
1965	0.84	8	42
1966	0.84	8	42
1967	0.84	8	42
1968	0.86	7	43
1969	0.88	6	44
1970	0.88	6	44
1971	0.88	6	44
1972	0.88	6	44
1973	0.86	7	43
1974	0.86	7	43
1975	0.86	7	43
1976	0.84	8	42
1977	0.84	8	42
1978	0.84	8	42
1979	0.84	8	42
1980	0.84	8	42
1981	0.84	8	42
1982	0.84	8	42
1983	0.84	8	42
1984	0.82	9	41
1985	0.82	9	41
1986	0.84	8	42
1987	0.84	8	42
1988	0.82	9	41
1989	0.82	9	41
1990	0.80	10	40
1991	0.80	10	40
1992	0.80	10	40
1993	0.80	10	40
1994	0.80	10	40
1995	0.80	10	40
1996	0.80	10	40
1997	0.80	10	40
1998	0.80	10	40
1999	0.80	10	40
2000	0.20	10	40
2001	0.20	10	40
2002	0.22	11	39
2003	0.24	12	38
2004	0.24	12	38
2005	0.26	13	37
2006	0.26	13	37
2007	0.26	13	37
2008	0.28	14	36
2009	0.30	15	35
2010	0.32	16	34
2011	0.34	17	33
2012	0.34	17	33
2013	0.34	17	33
2014	0.36	18	32
2015	0.38	19	31
2016	0.40	20	30
2017	0.40	20	30
2018	0.42	21	29
2019	0.44	22	28
2020	0.46	23	27
2021	0.48	24	26
2022	0.50	25	25
2023	0.48	24	26
2024	0.50	25	25
2025	0.50	25	25
2026	0.50	25	25
2027	0.52	26	24
2028	0.52	26	24
2029	0.54	27	23
2030	0.56	28	22
2031	0.56	28	22
2032	0.58	29	21
2033	0.60	30	20
2034	0.58	29	21
2035	0.60	30	20
2036	0.62	31	19
2037	0.62	31	19
2038	0.62	31	19
2039	0.64	32	18
2040	0.64	32	18
2041	0.66	33	17
2042	0.68	34	16
2043	0.66	33	17
2044	0.68	34	16
2045	0.68	34	16
2046	0.70	35	15
2047	0.70	35	15
2048	0.70	35	15
2049	0.72	36	14
2050	0.74	37	13
2051	0.76	38	12
2052	0.76	38	12
2053	0.76	38	12
2054	0.76	38	12
2055	0.76	38	12
2056	0.78	39	11
2057	0.78	39	11
2058	0.78	39	11
2059	0.76	38	12
2060	0.76	38	12
2061	0.76	38	12
2062	0.78	39	11
2063	0.78	39	11
2064	0.78	39	11
2065	0.76	38	12
2066	0.76	38	12
2067	0.76	38	12
2068	0.74	37	13
2069	0.72	36	14
2070	0.70	35	15
2071	0.70	35	15
2072	0.70	35	15
2073	0.72	36	14
2074	0.72	36	14
2075	0.74	37	13
2076	0.74	37	13
2077	0.74	37	13
2078	0.76	38	12
2079	0.76	38	12
2080	0.76	38	12
2081	0.76	38	12
2082	0.76	38	12
2083	0.76	38	12
2084	0.78	39	11
2085	0.78	39	11
2086	0.78	39	11
2087	0.78	39	11
2088	0.76	38	12
2089	0.76	38	12
2090	0.76	38	12
2091	0.76	38	12
2092	0.76	38	12
2093	0.78	39	11
2094	0.78	39	11
2095	0.78	39	11
2096	0.78	39	11
2097	0.80	40	10
2098	0.80	40	10
2099	0.80	40	10
2100	0.80	40	10
2101	0.80	40	10
2102	0.80	40	10
2103	0.80	40	10
2104	0.80	40	10
2105	0.78	39	11
2106	0.78	39	11
2107	0.78	39	11
2108	0.78	39	11
2109	0.80	40	10
2110	0.80	40	10
2111	0.80	40	10
2112	0.78	39	11
2113	0.78	39	11
2114	0.78	39	11
2115	0.80	40	10
2116	0.78	39	11
2117	0.80	40	10
2118	0.82	41	9
2119	0.84	42	8
2120	0.86	43	7
2121	0.86	43	7
2122	0.86	43	7
2123	0.86	43	7
2124	0.86	43	7
2125	0.86	43	7
2126	0.86	43	7
2127	0.86	43	7
2128	0.86	43	7
2129	0.84	42	8
2130	0.82	41	9
2131	0.82	41	9
2132	0.82	41	9
2133	0.82	41	9
2134	0.82	41	9
2135	0.82	41	9
2136	0.82	41	9
2137	0.82	41	9
2138	0.84	42	8
2139	0.84	42	8
2140	0.84	42	8
2141	0.84	42	8
2142	0.84	42	8
2143	0.84	42	8
2144	0.84	42	8
2145	0.86	43	7
2146	0.84	42	8
2147	0.84	42	8
2148	0.84	42	8
2149	0.84	42	8
2150	0.84	42	8
2151	0.84	42	8
2152	0.84	42	8
2153	0.84	42	8
2154	0.86	43	7
2155	0.88	44	6
2156	0.88	44	6
2157	0.88	44	6
2158	0.88	44	6
2159	0.88	44	6
2160	0.88	44	6
2161	0.88	44	6
2162	0.90	45	5
2163	0.88	44	6
2164	0.88	44	6
2165	0.86	43	7
2166	0.88	44	6
2167	0.86	43	7
2168	0.86	43	7
2169	0.84	42	8
2170	0.82	41	9
2171	0.80	40	10
2172	0.78	39	11
2173	0.76	38	12
2174	0.76	38	12
2175	0.76	38	12
2176	0.76	38	12
2177	0.76	38	12
2178	0.76	38	12
2179	0.78	39	11
2180	0.80	40	10
2181	0.80	40	10
2182	0.80	40	10
2183	0.80	40	10
2184	0.80	40	10
2185	0.80	40	10
2186	0.78	39	11
2187	0.76	38	12
2188	0.76	38	12
2189	0.74	37	13
2190	0.74	37	13
2191	0.72	36	14
2192	0.70	35	15
2193	0.70	35	15
2194	0.70	35	15
2195	0.68	34	16
2196	0.70	35	15
2197	0.70	35	15
2198	0.70	35	15
2199	0.70	35	15
2200	0.70	35	15
2201	0.70	35	15
2202	0.68	34	16
2203	0.68	34	16
2204	0.68	34	16
2205	0.68	34	16
2206	0.66	33	17
2207	0.66	33	17
2208	0.66	33	17
2209	0.66	33	17
2210	0.66	33	17
2211	0.64	32	18
2212	0.64	32	18
2213	0.64	32	18
2214	0.62	31	19
2215	0.64	32	18
2216	0.64	32	18
2217	0.66	33	17
2218	0.66	33	17
2219	0.66	33	17
2220	0.68	34	16
2221	0.70	35	15
2222	0.72	36	14
2223	0.74	37	13
2224	0.74	37	13
2225	0.72	36	14
2226	0.72	36	14
2227	0.72	36	14
2228	0.72	36	14
2229	0.72	36	14
2230	0.72	36	14
2231	0.72	36	14
2232	0.72	36	14
2233	0.72	36	14
2234	0.72	36	14
2235	0.70	35	15
2236	0.70	35	15
2237	0.72	36	14
2238	0.72	36	14
2239	0.74	37	13
2240	0.74	37	13
2241	0.76	38	12
2242	0.78	39	11
2243	0.78	39	11
2244	0.76	38	12
2245	0.78	39	11
2246	0.78	39	11
2247	0.78	39	11
2248	0.78	39	11
2249	0.78	39	11
2250	0.78	39	11
2251	0.78	39	11
2252	0.80	40	10
2253	0.80	40	10
2254	0.78	39	11
2255	0.78	39	11
2256	0.80	40	10
2257	0.80	40	10
2258	0.80	40	10
2259	0.80	40	10
2260	0.80	40	10
2261	0.82	41	9
2262	0.82	41	9
2263	0.84	42	8
2264	0.86	43	7
2265	0.86	43	7
2266	0.86	43	7
2267	0.86	43	7
2268	0.84	42	8
2269	0.86	43	7
2270	0.84	42	8
2271	0.82	41	9
2272	0.82	41	9
2273	0.82	41	9
2274	0.80	40	10
2275	0.82	41	9
2276	0.80	40	10
2277	0.80	40	10
2278	0.80	40	10
2279	0.80	40	10
2280	0.78	39	11
2281	0.78	39	11
2282	0.78	39	11
2283	0.78	39	11
2284	0.78	39	11
2285	0.80	40	10
2286	0.82	41	9
2287	0.82	41	9
2288	0.82	41	9
2289	0.82	41	9
2290	0.82	41	9
2291	0.80	40	10
2292	0.80	40	10
2293	0.80	40	10
2294	0.82	41	9
2295	0.82	41	9
2296	0.82	41	9
2297	0.82	41	9
2298	0.84	42	8
2299	0.84	42	8
2300	0.84	42	8
2301	0.82	41	9
2302	0.82	41	9
2303	0.82	41	9
2304	0.84	42	8
2305	0.82	41	9
2306	0.82	41	9
2307	0.80	40	10
2308	0.80	40	10
2309	0.80	40	10
2310	0.80	40	10
2311	0.80	40	10
2312	0.80	40	10
2313	0.80	40	10
2314	0.80	40	10
2315	0.80	40	10
2316	0.80	40	10
2317	0.80	40	10
2318	0.82	41	9
2319	0.82	41	9
2320	0.84	42	8
2321	0.84	42	8
2322	0.84	42	8
2323	0.84	42	8
2324	0.86	43	7
2325	0.86	43	7
2326	0.86	43	7
2327	0.84	42	8
2328	0.84	42	8
2329	0.84	42	8
2330	0.86	43	7
2331	0.84	42	8
2332	0.84	42	8
2333	0.82	41	9
2334	0.82	41	9
2335	0.82	41	9
2336	0.82	41	9
2337	0.80	40	10
2338	0.80	40	10
2339	0.78	39	11
2340	0.78	39	11
2341	0.78	39	11
2342	0.78	39	11
2343	0.78	39	11
2344	0.78	39	11
2345	0.78	39	11
2346	0.76	38	12
2347	0.76	38	12
2348	0.76	38	12
2349	0.76	38	12
2350	0.76	38	12
2351	0.76	38	12
2352	0.76	38	12
2353	0.76	38	12
2354	0.76	38	12
2355	0.78	39	11
2356	0.78	39	11
2357	0.78	39	11
2358	0.78	39	11
2359	0.76	38	12
2360	0.76	38	12
2361	0.76	38	12
2362	0.76	38	12
2363	0.76	38	12
2364	0.74	37	13
2365	0.74	37	13
2366	0.74	37	13
2367	0.74	37	13
2368	0.74	37	13
2369	0.74	37	13
2370	0.74	37	13
2371	0.74	37	13
2372	0.72	36	14
2373	0.72	36	14
2374	0.72	36	14
2375	0.70	35	15
2376	0.72	36	14
2377	0.74	37	13
2378	0.74	37	13
2379	0.74	37	13
2380	0.72	36	14
2381	0.74	37	13
2382	0.72	36	14
2383	0.74	37	13
2384	0.72	36	14
2385	0.72	36	14
2386	0.72	36	14
2387	0.74	37	13
2388	0.72	36	14
2389	0.74	37	13
2390	0.74	37	13
2391	0.74	37	13
2392	0.74	37	13
2393	0.74	37	13
2394	0.74	37	13
2395	0.72	36	14
2396	0.74	37	13
2397	0.74	37	13
2398	0.74	37	13
2399	0.74	37	13
2400	0.74	37	13
2401	0.76	38	12
2402	0.74	37	13
2403	0.72	36	14
2404	0.72	36	14
2405	0.72	36	14
2406	0.72	36	14
2407	0.72	36	14
2408	0.70	35	15
2409	0.72	36	14
2410	0.72	36	14
2411	0.72	36	14
2412	0.72	36	14
2413	0.72	36	14
2414	0.74	37	13
2415	0.72	36	14
2416	0.72	36	14
2417	0.72	36	14
2418	0.72	36	14
2419	0.72	36	14
2420	0.72	36	14
2421	0.74	37	13
2422	0.74	37	13
2423	0.72	36	14
2424	0.72	36	14
2425	0.74	37	13
2426	0.74	37	13
2427	0.74	37	13
2428	0.74	37	13
2429	0.74	37	13
2430	0.76	38	12
2431	0.76	38	12
2432	0.76	38	12
2433	0.76	38	12
2434	0.78	39	11
2435	0.78	39	11
2436	0.78	39	11
2437	0.78	39	11
2438	0.80	40	10
2439	0.80	40	10
2440	0.78	39	11
2441	0.80	40	10
2442	0.80	40	10
2443	0.80	40	10
2444	0.80	40	10
2445	0.82	41	9
2446	0.80	40	10
2447	0.80	40	10
2448	0.80	40	10
2449	0.80	40	10
2450	0.80	40	10
2451	0.80	40	10
2452	0.82	41	9
2453	0.82	41	9
2454	0.80	40	10
2455	0.80	40	10
2456	0.78	39	11
2457	0.80	40	10
2458	0.82	41	9
2459	0.82	41	9
2460	0.82	41	9
2461	0.82	41	9
2462	0.82	41	9
2463	0.80	40	10
2464	0.80	40	10
2465	0.82	41	9
2466	0.82	41	9
2467	0.82	41	9
2468	0.82	41	9
2469	0.82	41	9
2470	0.82	41	9
2471	0.82	41	9
2472	0.84	42	8
2473	0.84	42	8
2474	0.84	42	8
2475	0.84	42	8
2476	0.84	42	8
2477	0.84	42	8
2478	0.84	42	8
2479	0.84	42	8
2480	0.84	42	8
2481	0.84	42	8
2482	0.86	43	7
2483	0.86	43	7
2484	0.86	43	7
2485	0.86	43	7
2486	0.86	43	7
2487	0.86	43	7
2488	0.84	42	8
2489	0.84	42	8
2490	0.86	43	7
2491	0.86	43	7
2492	0.86	43	7
2493	0.86	43	7
2494	0.86	43	7
2495	0.86	43	7
2496	0.88	44	6
2497	0.88	44	6
2498	0.88	44	6
2499	0.88	44	6
2500	0.14	43	7
2501	0.16	42	8
2502	0.16	42	8
2503	0.14	43	7
2504	0.14	43	7
2505	0.16	42	8
2506	0.16	42	8
2507	0.18	41	9
2508	0.20	40	10
2509	0.22	39	11
2510	0.24	38	12
2511	0.26	37	13
2512	0.26	37	13
2513	0.24	38	12
2514	0.26	37	13
2515	0.28	36	14
2516	0.30	35	15
2517	0.32	34	16
2518	0.32	34	16
2519	0.34	33	17
2520	0.36	32	18
2521	0.38	31	19
2522	0.38	31	19
2523	0.38	31	19
2524	0.40	30	20
2525	0.40	30	20
2526	0.40	30	20
2527	0.42	29	21
2528	0.44	28	22
2529	0.46	27	23
2530	0.46	27	23
2531	0.48	26	24
2532	0.50	25	25
2533	0.50	25	25
2534	0.50	25	25
2535	0.52	24	26
2536	0.52	24	26
2537	0.52	24	26
2538	0.52	24	26
2539	0.54	23	27
2540	0.54	23	27
2541	0.56	22	28
2542	0.56	22	28
2543	0.58	21	29
2544	0.58	21	29
2545	0.60	20	30
2546	0.62	19	31
2547	0.64	18	32
2548	0.66	17	33
2549	0.68	16	34
2550	0.68	16	34
2551	0.68	16	34
2552	0.70	15	35
2553	0.72	14	36
2554	0.72	14	36
2555	0.72	14	36
2556	0.70	15	35
2557	0.68	16	34
2558	0.68	16	34
2559	0.68	16	34
2560	0.68	16	34
2561	0.68	16	34
2562	0.70	15	35
2563	0.72	14	36
2564	0.70	15	35
2565	0.70	15	35
2566	0.70	15	35
2567	0.68	16	34
2568	0.70	15	35
2569	0.68	16	34
2570	0.68	16	34
2571	0.66	17	33
2572	0.68	16	34
2573	0.68	16	34
2574	0.66	17	33
2575	0.68	16	34
2576	0.70	15	35
2577	0.70	15	35
2578	0.68	16	34
2579	0.68	16	34
2580	0.70	15	35
2581	0.70	15	35
2582	0.70	15	35
2583	0.70	15	35
2584	0.72	14	36
2585	0.70	15	35
2586	0.72	14	36
2587	0.72	14	36
2588	0.72	14	36
2589	0.72	14	36
2590	0.74	13	37
2591	0.72	14	36
2592	0.72	14	36
2593	0.72	14	36
2594	0.72	14	36
2595	0.70	15	35
2596	0.70	15	35
2597	0.68	16	34
2598	0.68	16	34
2599	0.68	16	34
2600	0.66	17	33
2601	0.66	17	33
2602	0.66	17	33
2603	0.64	18	32
2604	0.64	18	32
2605	0.64	18	32
2606	0.66	17	33
2607	0.68	16	34
2608	0.68	16	34
2609	0.68	16	34
2610	0.68	16	34
2611	0.68	16	34
2612	0.68	16	34
2613	0.68	16	34
2614	0.70	15	35
2615	0.70	15	35
2616	0.70	15	35
2617	0.72	14	36
2618	0.72	14	36
2619	0.72	14	36
2620	0.72	14	36
2621	0.74	13	37
2622	0.74	13	37
2623	0.74	13	37
2624	0.74	13	37
2625	0.74	13	37
2626	0.74	13	37
2627	0.74	13	37
2628	0.76	12	38
2629	0.76	12	38
2630	0.76	12	38
2631	0.76	12	38
2632	0.76	12	38
2633	0.78	11	39
2634	0.78	11	39
2635	0.80	10	40
2636	0.80	10	40
2637	0.82	9	41
2638	0.82	9	41
2639	0.80	10	40
2640	0.78	11	39
2641	0.80	10	40
2642	0.80	10	40
2643	0.78	11	39
2644	0.80	10	40
2645	0.82	9	41
2646	0.82	9	41
2647	0.82	9	41
2648	0.82	9	41
2649	0.82	9	41
2650	0.82	9	41
2651	0.82	9	41
2652	0.80	10	40
2653	0.82	9	41
2654	0.82	9	41
2655	0.82	9	41
2656	0.82	9	41
2657	0.80	10	40
2658	0.80	10	40
2659	0.80	10	40
2660	0.80	10	40
2661	0.78	11	39
2662	0.78	11	39
2663	0.78	11	39
2664	0.76	12	38
2665	0.76	12	38
2666	0.74	13	37
2667	0.72	14	36
2668	0.70	15	35
2669	0.72	14	36
2670	0.72	14	36
2671	0.72	14	36
2672	0.72	14	36
2673	0.72	14	36
2674	0.74	13	37
2675	0.74	13	37
2676	0.72	14	36
2677	0.72	14	36
2678	0.72	14	36
2679	0.72	14	36
2680	0.72	14	36
2681	0.72	14	36
2682	0.72	14	36
2683	0.72	14	36
2684	0.72	14	36
2685	0.72	14	36
2686	0.72	14	36
2687	0.72	14	36
2688	0.72	14	36
2689	0.74	13	37
2690	0.76	12	38
2691	0.74	13	37
2692	0.76	12	38
2693	0.78	11	39
2694	0.78	11	39
2695	0.78	11	39
2696	0.78	11	39
2697	0.80	10	40
2698	0.80	10	40
2699	0.80	10	40
2700	0.82	9	41
2701	0.82	9	41
2702	0.84	8	42
2703	0.84	8	42
2704	0.82	9	41
2705	0.82	9	41
2706	0.82	9	41
2707	0.82	9	41
2708	0.82	9	41
2709	0.82	9	41
2710	0.80	10	40
2711	0.82	9	41
2712	0.80	10	40
2713	0.80	10	40
2714	0.82	9	41
2715	0.82	9	41
2716	0.84	8	42
2717	0.86	7	43
2718	0.88	6	44
2719	0.88	6	44
2720	0.88	6	44
2721	0.88	6	44
2722	0.86	7	43
2723	0.84	8	42
2724	0.84	8	42
2725	0.84	8	42
2726	0.86	7	43
2727	0.84	8	42
2728	0.82	9	41
2729	0.82	9	41
2730	0.80	10	40
2731	0.80	10	40
2732	0.80	10	40
2733	0.80	10	40
2734	0.80	10	40
2735	0.80	10	40
2736	0.80	10	40
2737	0.80	10	40
2738	0.80	10	40
2739	0.78	11	39
2740	0.78	11	39
2741	0.80	10	40
2742	0.80	10	40
2743	0.80	10	40
2744	0.80	10	40
2745	0.80	10	40
2746	0.78	11	39
2747	0.78	11	39
2748	0.78	11	39
2749	0.78	11	39
2750	0.78	11	39
2751	0.76	12	38
2752	0.76	12	38
2753	0.76	12	38
2754	0.76	12	38
2755	0.74	13	37
2756	0.74	13	37
2757	0.76	12	38
2758	0.76	12	38
2759	0.76	12	38
2760	0.78	11	39
2761	0.78	11	39
2762	0.80	10	40
2763	0.78	11	39
2764	0.78	11	39
2765	0.78	11	39
2766	0.78	11	39
2767	0.78	11	39
2768	0.78	11	39
2769	0.76	12	38
2770	0.76	12	38
2771	0.76	12	38
2772	0.78	11	39
2773	0.80	10	40
2774	0.78	11	39
2775	0.78	11	39
2776	0.78	11	39
2777	0.78	11	39
2778	0.80	10	40
2779	0.80	10	40
2780	0.82	9	41
2781	0.82	9	41
2782	0.82	9	41
2783	0.82	9	41
2784	0.82	9	41
2785	0.82	9	41
2786	0.80	10	40
2787	0.80	10	40
2788	0.80	10	40
2789	0.82	9	41
2790	0.82	9	41
2791	0.82	9	41
2792	0.82	9	41
2793	0.82	9	41
2794	0.80	10	40
2795	0.80	10	40
2796	0.82	9	41
2797	0.80	10	40
2798	0.80	10	40
2799	0.80	10	40
2800	0.80	10	40
2801	0.82	9	41
2802	0.82	9	41
2803	0.82	9	41
2804	0.82	9	41
2805	0.84	8	42
2806	0.84	8	42
2807	0.82	9	41
2808	0.82	9	41
2809	0.82	9	41
2810	0.82	9	41
2811	0.82	9	41
2812	0.80	10	40
2813	0.82	9	41
2814	0.82	9	41
2815	0.80	10	40
2816	0.78	11	39
2817	0.76	12	38
2818	0.76	12	38
2819	0.78	11	39
2820	0.78	11	39
2821	0.76	12	38
2822	0.76	12	38
2823	0.76	12	38
2824	0.78	11	39
2825	0.78	11	39
2826	0.76	12	38
2827	0.78	11	39
2828	0.78	11	39
2829	0.78	11	39
2830	0.78	11	39
2831	0.78	11	39
2832	0.76	12	38
2833	0.76	12	38
2834	0.76	12	38
2835	0.74	13	37
2836	0.76	12	38
2837	0.76	12	38
2838	0.76	12	38
2839	0.76	12	38
2840	0.76	12	38
2841	0.74	13	37
2842	0.74	13	37
2843	0.74	13	37
2844	0.76	12	38
2845	0.76	12	38
2846	0.76	12	38
2847	0.78	11	39
2848	0.78	11	39
2849	0.78	11	39
2850	0.78	11	39
2851	0.78	11	39
2852	0.76	12	38
2853	0.76	12	38
2854	0.76	12	38
2855	0.76	12	38
2856	0.76	12	38
2857	0.78	11	39
2858	0.78	11	39
2859	0.78	11	39
2860	0.76	12	38
2861	0.76	12	38
2862	0.76	12	38
2863	0.76	12	38
2864	0.76	12	38
2865	0.78	11	39
2866	0.80	10	40
2867	0.82	9	41
2868	0.82	9	41
2869	0.82	9	41
2870	0.82	9	41
2871	0.84	8	42
2872	0.82	9	41
2873	0.82	9	41
2874	0.82	9	41
2875	0.82	9	41
2876	0.82	9	41
2877	0.82	9	41
2878	0.82	9	41
2879	0.82	9	41
2880	0.82	9	41
2881	0.82	9	41
2882	0.84	8	42
2883	0.84	8	42
2884	0.84	8	42
2885	0.84	8	42
2886	0.84	8	42
2887	0.84	8	42
2888	0.84	8	42
2889	0.84	8	42
2890	0.84	8	42
2891	0.86	7	43
2892	0.86	7	43
2893	0.86	7	43
2894	0.84	8	42
2895	0.82	9	41
2896	0.82	9	41
2897	0.82	9	41
2898	0.80	10	40
2899	0.80	10	40
2900	0.80	10	40
2901	0.78	11	39
2902	0.80	10	40
2903	0.80	10	40
2904	0.82	9	41
2905	0.82	9	41
2906	0.80	10	40
2907	0.78	11	39
2908	0.78	11	39
2909	0.78	11	39
2910	0.80	10	40
2911	0.80	10	40
2912	0.80	10	40
2913	0.80	10	40
2914	0.78	11	39
2915	0.78	11	39
2916	0.78	11	39
2917	0.78	11	39
2918	0.78	11	39
2919	0.76	12	38
2920	0.76	12	38
2921	0.76	12	38
2922	0.78	11	39
2923	0.78	11	39
2924	0.78	11	39
2925	0.78	11	39
2926	0.80	10	40
2927	0.80	10	40
2928	0.78	11	39
2929	0.78	11	39
2930	0.76	12	38
2931	0.76	12	38
2932	0.76	12	38
2933	0.76	12	38
2934	0.74	13	37
2935	0.76	12	38
2936	0.76	12	38
2937	0.76	12	38
2938	0.76	12	38
2939	0.76	12	38
2940	0.76	12	38
2941	0.76	12	38
2942	0.76	12	38
2943	0.76	12	38
2944	0.78	11	39
2945	0.80	10	40
2946	0.80	10	40
2947	0.80	10	40
2948	0.82	9	41
2949	0.82	9	41
2950	0.82	9	41
2951	0.84	8	42
2952	0.84	8	42
2953	0.82	9	41
2954	0.82	9	41
2955	0.82	9	41
2956	0.84	8	42
2957	0.86	7	43
2958	0.86	7	43
2959	0.86	7	43
2960	0.86	7	43
2961	0.86	7	43
2962	0.86	7	43
2963	0.86	7	43
2964	0.88	6	44
2965	0.88	6	44
2966	0.88	6	44
2967	0.88	6	44
2968	0.86	7	43
2969	0.88	6	44
2970	0.86	7	43
2971	0.84	8	42
2972	0.84	8	42
2973	0.84	8	42
2974	0.84	8	42
2975	0.82	9	41
2976	0.82	9	41
2977	0.82	9	41
2978	0.82	9	41
2979	0.82	9	41
2980	0.84	8	42
2981	0.84	8	42
2982	0.84	8	42
2983	0.84	8	42
2984	0.86	7	43
2985	0.86	7	43
2986	0.86	7	43
2987	0.86	7	43
2988	0.86	7	43
2989	0.86	7	43
2990	0.86	7	43
2991	0.86	7	43
2992	0.86	7	43
2993	0.86	7	43
2994	0.86	7	43
2995	0.86	7	43
2996	0.84	8	42
2997	0.84	8	42
2998	0.84	8	42
2999	0.84	8	42
