timestep	swarm_quality	color_0	color_1
0	0.70	35	15
1	0.70	35	15
2	0.70	35	15
3	0.70	35	15
4	0.70	35	15
5	0.70	35	15
6	0.70	35	15
7	0.70	35	15
8	0.70	35	15
9	0.70	35	15
10	0.70	35	15
11	0.70	35	15
12	0.70	35	15
13	0.70	35	15
14	0.70	35	15
15	0.70	35	15
16	0.70	35	15
17	0.70	35	15
18	0.70	35	15
19	0.70	35	15
20	0.70	35	15
21	0.70	35	15
22	0.70	35	15
23	0.70	35	15
24	0.70	35	15
25	0.70	35	15
26	0.70	35	15
27	0.70	35	15
28	0.70	35	15
29	0.70	35	15
30	0.70	35	15
31	0.70	35	15
32	0.70	35	15
33	0.68	34	16
34	0.68	34	16
35	0.70	35	15
36	0.72	36	14
37	0.74	37	13
38	0.76	38	12
39	0.78	39	11
40	0.80	40	10
41	0.82	41	9
42	0.84	42	8
43	0.86	43	7
44	0.88	44	6
45	0.90	45	5
46	0.92	46	4
47	0.94	47	3
48	0.96	48	2
49	0.98	49	1
50	0.98	49	1
51	0.98	49	1
52	0.98	49	1
53	0.98	49	1
54	0.98	49	1
55	0.98	49	1
56	0.98	49	1
57	0.98	49	1
58	0.98	49	1
59	0.98	49	1
60	0.98	49	1
61	0.98	49	1
62	0.98	49	1
63	0.98	49	1
64	0.98	49	1
65	0.98	49	1
66	0.98	49	1
67	0.98	49	1
68	0.98	49	1
69	0.98	49	1
70	0.96	48	2
71	0.96	48	2
72	0.96	48	2
73	0.96	48	2
74	0.96	48	2
75	0.96	48	2
76	0.96	48	2
77	0.96	48	2
78	0.96	48	2
79	0.96	48	2
80	0.96	48	2
81	0.96	48	2
82	0.96	48	2
83	0.98	49	1
84	0.98	49	1
85	0.98	49	1
86	0.98	49	1
87	0.98	49	1
88	0.98	49	1
89	0.98	49	1
90	0.98	49	1
91	0.98	49	1
92	0.98	49	1
93	0.98	49	1
94	0.98	49	1
95	0.98	49	1
96	0.98	49	1
97	0.98	49	1
98	0.98	49	1
99	0.98	49	1
100	0.98	49	1
101	0.98	49	1
102	0.98	49	1
103	0.98	49	1
104	0.98	49	1
105	0.98	49	1
106	0.98	49	1
107	0.98	49	1
108	0.98	49	1
109	0.98	49	1
110	0.98	49	1
111	0.98	49	1
112	0.98	49	1
113	0.98	49	1
114	0.98	49	1
115	0.98	49	1
116	0.98	49	1
117	0.98	49	1
118	0.98	49	1
119	0.98	49	1
120	1.00	50	0
121	1.00	50	0
122	1.00	50	0
123	1.00	50	0
124	1.00	50	0
125	1.00	50	0
126	1.00	50	0
127	1.00	50	0
128	1.00	50	0
129	1.00	50	0
130	1.00	50	0
131	1.00	50	0
132	1.00	50	0
133	1.00	50	0
134	1.00	50	0
135	1.00	50	0
136	1.00	50	0
137	1.00	50	0
138	1.00	50	0
139	1.00	50	0
140	1.00	50	0
141	1.00	50	0
142	1.00	50	0
143	1.00	50	0
144	1.00	50	0
145	1.00	50	0
146	1.00	50	0
147	1.00	50	0
148	1.00	50	0
149	1.00	50	0
150	1.00	50	0
151	1.00	50	0
152	1.00	50	0
153	1.00	50	0
154	1.00	50	0
155	1.00	50	0
156	1.00	50	0
157	1.00	50	0
158	1.00	50	0
159	1.00	50	0
160	1.00	50	0
161	1.00	50	0
162	1.00	50	0
163	1.00	50	0
164	1.00	50	0
165	1.00	50	0
166	1.00	50	0
167	1.00	50	0
168	1.00	50	0
169	1.00	50	0
170	1.00	50	0
171	1.00	50	0
172	1.00	50	0
173	1.00	50	0
174	1.00	50	0
175	1.00	50	0
176	1.00	50	0
177	1.00	50	0
178	1.00	50	0
179	1.00	50	0
180	1.00	50	0
181	1.00	50	0
182	1.00	50	0
183	1.00	50	0
184	1.00	50	0
185	1.00	50	0
186	1.00	50	0
187	1.00	50	0
188	1.00	50	0
189	1.00	50	0
190	1.00	50	0
191	1.00	50	0
192	1.00	50	0
193	1.00	50	0
194	1.00	50	0
195	1.00	50	0
196	1.00	50	0
197	1.00	50	0
198	1.00	50	0
199	1.00	50	0
200	1.00	50	0
201	1.00	50	0
202	1.00	50	0
203	1.00	50	0
204	1.00	50	0
205	1.00	50	0
206	1.00	50	0
207	0.98	49	1
208	0.98	49	1
209	0.98	49	1
210	0.98	49	1
211	0.98	49	1
212	0.98	49	1
213	0.98	49	1
214	0.98	49	1
215	0.98	49	1
216	0.98	49	1
217	0.98	49	1
218	0.98	49	1
219	0.98	49	1
220	0.98	49	1
221	0.98	49	1
222	0.98	49	1
223	0.98	49	1
224	0.98	49	1
225	0.98	49	1
226	0.98	49	1
227	0.98	49	1
228	0.98	49	1
229	0.98	49	1
230	0.98	49	1
231	0.98	49	1
232	0.98	49	1
233	0.98	49	1
234	0.98	49	1
235	0.98	49	1
236	0.98	49	1
237	0.98	49	1
238	0.98	49	1
239	0.98	49	1
240	0.98	49	1
241	0.98	49	1
242	0.98	49	1
243	0.98	49	1
244	0.98	49	1
245	0.98	49	1
246	0.98	49	1
247	0.98	49	1
248	0.98	49	1
249	0.98	49	1
250	0.98	49	1
251	0.98	49	1
252	0.98	49	1
253	0.98	49	1
254	0.98	49	1
255	0.98	49	1
256	0.98	49	1
257	1.00	50	0
258	1.00	50	0
259	1.00	50	0
260	1.00	50	0
261	1.00	50	0
262	1.00	50	0
263	1.00	50	0
264	1.00	50	0
265	1.00	50	0
266	1.00	50	0
267	1.00	50	0
268	1.00	50	0
269	1.00	50	0
270	1.00	50	0
271	1.00	50	0
272	1.00	50	0
273	1.00	50	0
274	1.00	50	0
275	1.00	50	0
276	1.00	50	0
277	1.00	50	0
278	1.00	50	0
279	1.00	50	0
280	1.00	50	0
281	1.00	50	0
282	1.00	50	0
283	1.00	50	0
284	1.00	50	0
285	1.00	50	0
286	1.00	50	0
287	1.00	50	0
288	1.00	50	0
289	1.00	50	0
290	1.00	50	0
291	1.00	50	0
292	1.00	50	0
293	1.00	50	0
294	1.00	50	0
295	1.00	50	0
296	1.00	50	0
297	1.00	50	0
298	1.00	50	0
299	1.00	50	0
300	1.00	50	0
301	1.00	50	0
302	1.00	50	0
303	1.00	50	0
304	1.00	50	0
305	1.00	50	0
306	1.00	50	0
307	1.00	50	0
308	1.00	50	0
309	1.00	50	0
310	1.00	50	0
311	1.00	50	0
312	1.00	50	0
313	1.00	50	0
314	1.00	50	0
315	1.00	50	0
316	1.00	50	0
317	1.00	50	0
318	1.00	50	0
319	1.00	50	0
320	1.00	50	0
321	1.00	50	0
322	1.00	50	0
323	1.00	50	0
324	1.00	50	0
325	1.00	50	0
326	1.00	50	0
327	1.00	50	0
328	1.00	50	0
329	1.00	50	0
330	1.00	50	0
331	1.00	50	0
332	1.00	50	0
333	1.00	50	0
334	1.00	50	0
335	1.00	50	0
336	1.00	50	0
337	1.00	50	0
338	1.00	50	0
339	1.00	50	0
340	1.00	50	0
341	1.00	50	0
342	1.00	50	0
343	1.00	50	0
344	1.00	50	0
345	1.00	50	0
346	1.00	50	0
347	1.00	50	0
348	1.00	50	0
349	1.00	50	0
350	1.00	50	0
351	1.00	50	0
352	1.00	50	0
353	1.00	50	0
354	1.00	50	0
355	1.00	50	0
356	1.00	50	0
357	1.00	50	0
358	1.00	50	0
359	1.00	50	0
360	1.00	50	0
361	1.00	50	0
362	1.00	50	0
363	1.00	50	0
364	1.00	50	0
365	1.00	50	0
366	1.00	50	0
367	1.00	50	0
368	1.00	50	0
369	1.00	50	0
370	1.00	50	0
371	1.00	50	0
372	1.00	50	0
373	1.00	50	0
374	1.00	50	0
375	1.00	50	0
376	1.00	50	0
377	1.00	50	0
378	1.00	50	0
379	1.00	50	0
380	1.00	50	0
381	1.00	50	0
382	1.00	50	0
383	1.00	50	0
384	1.00	50	0
385	1.00	50	0
386	1.00	50	0
387	1.00	50	0
388	1.00	50	0
389	1.00	50	0
390	1.00	50	0
391	1.00	50	0
392	1.00	50	0
393	1.00	50	0
394	1.00	50	0
395	1.00	50	0
396	1.00	50	0
397	1.00	50	0
398	1.00	50	0
399	1.00	50	0
400	1.00	50	0
401	1.00	50	0
402	1.00	50	0
403	1.00	50	0
404	1.00	50	0
405	1.00	50	0
406	1.00	50	0
407	1.00	50	0
408	1.00	50	0
409	1.00	50	0
410	1.00	50	0
411	1.00	50	0
412	1.00	50	0
413	1.00	50	0
414	1.00	50	0
415	1.00	50	0
416	1.00	50	0
417	1.00	50	0
418	1.00	50	0
419	1.00	50	0
420	1.00	50	0
421	1.00	50	0
422	1.00	50	0
423	1.00	50	0
424	1.00	50	0
425	1.00	50	0
426	1.00	50	0
427	1.00	50	0
428	1.00	50	0
429	1.00	50	0
430	1.00	50	0
431	1.00	50	0
432	1.00	50	0
433	1.00	50	0
434	1.00	50	0
435	1.00	50	0
436	1.00	50	0
437	1.00	50	0
438	1.00	50	0
439	1.00	50	0
440	1.00	50	0
441	1.00	50	0
442	1.00	50	0
443	1.00	50	0
444	1.00	50	0
445	1.00	50	0
446	1.00	50	0
447	1.00	50	0
448	1.00	50	0
449	1.00	50	0
450	1.00	50	0
451	1.00	50	0
452	1.00	50	0
453	1.00	50	0
454	1.00	50	0
455	1.00	50	0
456	1.00	50	0
457	1.00	50	0
458	1.00	50	0
459	1.00	50	0
460	1.00	50	0
461	1.00	50	0
462	1.00	50	0
463	1.00	50	0
464	1.00	50	0
465	1.00	50	0
466	1.00	50	0
467	1.00	50	0
468	1.00	50	0
469	1.00	50	0
470	1.00	50	0
471	1.00	50	0
472	1.00	50	0
473	1.00	50	0
474	1.00	50	0
475	1.00	50	0
476	1.00	50	0
477	1.00	50	0
478	1.00	50	0
479	1.00	50	0
480	1.00	50	0
481	1.00	50	0
482	1.00	50	0
483	1.00	50	0
484	1.00	50	0
485	1.00	50	0
486	1.00	50	0
487	1.00	50	0
488	1.00	50	0
489	1.00	50	0
490	1.00	50	0
491	1.00	50	0
492	1.00	50	0
493	1.00	50	0
494	1.00	50	0
495	1.00	50	0
496	1.00	50	0
497	1.00	50	0
498	1.00	50	0
499	1.00	50	0
500	0.02	49	1
501	0.04	48	2
502	0.06	47	3
503	0.08	46	4
504	0.10	45	5
505	0.12	44	6
506	0.14	43	7
507	0.16	42	8
508	0.18	41	9
509	0.20	40	10
510	0.22	39	11
511	0.24	38	12
512	0.26	37	13
513	0.28	36	14
514	0.30	35	15
515	0.32	34	16
516	0.34	33	17
517	0.36	32	18
518	0.38	31	19
519	0.40	30	20
520	0.42	29	21
521	0.44	28	22
522	0.46	27	23
523	0.48	26	24
524	0.50	25	25
525	0.52	24	26
526	0.54	23	27
527	0.56	22	28
528	0.58	21	29
529	0.60	20	30
530	0.62	19	31
531	0.64	18	32
532	0.66	17	33
533	0.68	16	34
534	0.70	15	35
535	0.72	14	36
536	0.74	13	37
537	0.76	12	38
538	0.78	11	39
539	0.80	10	40
540	0.82	9	41
541	0.84	8	42
542	0.86	7	43
543	0.88	6	44
544	0.90	5	45
545	0.92	4	46
546	0.94	3	47
547	0.96	2	48
548	0.98	1	49
549	1.00	0	50
550	1.00	0	50
551	1.00	0	50
552	1.00	0	50
553	1.00	0	50
554	1.00	0	50
555	1.00	0	50
556	1.00	0	50
557	1.00	0	50
558	1.00	0	50
559	1.00	0	50
560	1.00	0	50
561	1.00	0	50
562	1.00	0	50
563	1.00	0	50
564	1.00	0	50
565	1.00	0	50
566	1.00	0	50
567	1.00	0	50
568	1.00	0	50
569	0.98	1	49
570	0.98	1	49
571	0.98	1	49
572	0.98	1	49
573	0.98	1	49
574	0.98	1	49
575	0.98	1	49
576	0.98	1	49
577	0.98	1	49
578	0.98	1	49
579	0.98	1	49
580	0.98	1	49
581	0.98	1	49
582	0.98	1	49
583	0.98	1	49
584	0.98	1	49
585	0.98	1	49
586	0.98	1	49
587	0.98	1	49
588	0.98	1	49
589	0.98	1	49
590	0.98	1	49
591	0.98	1	49
592	0.98	1	49
593	0.98	1	49
594	0.98	1	49
595	0.98	1	49
596	0.98	1	49
597	0.98	1	49
598	0.98	1	49
599	0.98	1	49
600	0.98	1	49
601	0.98	1	49
602	0.98	1	49
603	0.98	1	49
604	0.98	1	49
605	0.98	1	49
606	0.98	1	49
607	0.98	1	49
608	0.98	1	49
609	0.98	1	49
610	0.98	1	49
611	0.98	1	49
612	0.98	1	49
613	0.98	1	49
614	0.98	1	49
615	0.98	1	49
616	0.98	1	49
617	0.98	1	49
618	0.98	1	49
619	1.00	0	50
620	1.00	0	50
621	1.00	0	50
622	1.00	0	50
623	1.00	0	50
624	1.00	0	50
625	1.00	0	50
626	1.00	0	50
627	1.00	0	50
628	1.00	0	50
629	1.00	0	50
630	1.00	0	50
631	1.00	0	50
632	1.00	0	50
633	1.00	0	50
634	1.00	0	50
635	1.00	0	50
636	1.00	0	50
637	1.00	0	50
638	0.98	1	49
639	0.98	1	49
640	0.98	1	49
641	0.98	1	49
642	0.98	1	49
643	0.98	1	49
644	0.98	1	49
645	0.98	1	49
646	0.98	1	49
647	0.98	1	49
648	0.98	1	49
649	0.98	1	49
650	0.98	1	49
651	0.98	1	49
652	0.98	1	49
653	0.98	1	49
654	0.98	1	49
655	0.98	1	49
656	0.98	1	49
657	0.98	1	49
658	0.98	1	49
659	0.98	1	49
660	0.98	1	49
661	0.98	1	49
662	0.98	1	49
663	0.98	1	49
664	0.98	1	49
665	0.98	1	49
666	0.98	1	49
667	0.98	1	49
668	0.98	1	49
669	0.98	1	49
670	0.98	1	49
671	0.98	1	49
672	0.98	1	49
673	0.98	1	49
674	0.98	1	49
675	0.98	1	49
676	0.98	1	49
677	0.98	1	49
678	0.98	1	49
679	0.98	1	49
680	0.98	1	49
681	0.98	1	49
682	0.98	1	49
683	0.98	1	49
684	0.98	1	49
685	0.98	1	49
686	0.98	1	49
687	0.98	1	49
688	1.00	0	50
689	1.00	0	50
690	1.00	0	50
691	1.00	0	50
692	1.00	0	50
693	1.00	0	50
694	1.00	0	50
695	1.00	0	50
696	1.00	0	50
697	1.00	0	50
698	1.00	0	50
699	1.00	0	50
700	1.00	0	50
701	1.00	0	50
702	1.00	0	50
703	1.00	0	50
704	1.00	0	50
705	1.00	0	50
706	1.00	0	50
707	1.00	0	50
708	1.00	0	50
709	1.00	0	50
710	1.00	0	50
711	1.00	0	50
712	1.00	0	50
713	1.00	0	50
714	1.00	0	50
715	1.00	0	50
716	1.00	0	50
717	1.00	0	50
718	1.00	0	50
719	1.00	0	50
720	1.00	0	50
721	1.00	0	50
722	1.00	0	50
723	1.00	0	50
724	1.00	0	50
725	1.00	0	50
726	1.00	0	50
727	1.00	0	50
728	1.00	0	50
729	1.00	0	50
730	1.00	0	50
731	1.00	0	50
732	1.00	0	50
733	1.00	0	50
734	1.00	0	50
735	1.00	0	50
736	1.00	0	50
737	1.00	0	50
738	1.00	0	50
739	1.00	0	50
740	1.00	0	50
741	1.00	0	50
742	1.00	0	50
743	1.00	0	50
744	1.00	0	50
745	1.00	0	50
746	1.00	0	50
747	1.00	0	50
748	1.00	0	50
749	1.00	0	50
750	1.00	0	50
751	1.00	0	50
752	1.00	0	50
753	1.00	0	50
754	1.00	0	50
755	1.00	0	50
756	1.00	0	50
757	1.00	0	50
758	1.00	0	50
759	1.00	0	50
760	1.00	0	50
761	1.00	0	50
762	1.00	0	50
763	1.00	0	50
764	1.00	0	50
765	1.00	0	50
766	1.00	0	50
767	1.00	0	50
768	1.00	0	50
769	1.00	0	50
770	1.00	0	50
771	1.00	0	50
772	1.00	0	50
773	1.00	0	50
774	1.00	0	50
775	1.00	0	50
776	1.00	0	50
777	1.00	0	50
778	1.00	0	50
779	1.00	0	50
780	1.00	0	50
781	1.00	0	50
782	1.00	0	50
783	1.00	0	50
784	1.00	0	50
785	1.00	0	50
786	1.00	0	50
787	1.00	0	50
788	1.00	0	50
789	1.00	0	50
790	1.00	0	50
791	1.00	0	50
792	1.00	0	50
793	1.00	0	50
794	1.00	0	50
795	1.00	0	50
796	1.00	0	50
797	1.00	0	50
798	1.00	0	50
799	1.00	0	50
800	1.00	0	50
801	1.00	0	50
802	1.00	0	50
803	0.98	1	49
804	0.98	1	49
805	0.98	1	49
806	0.98	1	49
807	0.98	1	49
808	0.98	1	49
809	0.98	1	49
810	0.98	1	49
811	0.98	1	49
812	0.98	1	49
813	0.98	1	49
814	0.98	1	49
815	0.98	1	49
816	0.98	1	49
817	0.98	1	49
818	0.98	1	49
819	0.98	1	49
820	0.98	1	49
821	0.98	1	49
822	0.98	1	49
823	0.98	1	49
824	0.98	1	49
825	0.98	1	49
826	0.98	1	49
827	0.98	1	49
828	0.98	1	49
829	0.98	1	49
830	0.98	1	49
831	0.98	1	49
832	0.98	1	49
833	0.98	1	49
834	0.98	1	49
835	0.98	1	49
836	0.98	1	49
837	0.98	1	49
838	0.98	1	49
839	0.98	1	49
840	0.98	1	49
841	0.98	1	49
842	0.98	1	49
843	0.98	1	49
844	0.98	1	49
845	0.98	1	49
846	0.98	1	49
847	0.98	1	49
848	0.98	1	49
849	0.98	1	49
850	0.98	1	49
851	0.98	1	49
852	0.98	1	49
853	1.00	0	50
854	1.00	0	50
855	1.00	0	50
856	1.00	0	50
857	1.00	0	50
858	1.00	0	50
859	1.00	0	50
860	1.00	0	50
861	1.00	0	50
862	1.00	0	50
863	1.00	0	50
864	1.00	0	50
865	1.00	0	50
866	1.00	0	50
867	1.00	0	50
868	1.00	0	50
869	1.00	0	50
870	1.00	0	50
871	1.00	0	50
872	0.98	1	49
873	0.98	1	49
874	0.98	1	49
875	0.98	1	49
876	0.98	1	49
877	0.98	1	49
878	0.98	1	49
879	0.98	1	49
880	0.98	1	49
881	0.98	1	49
882	0.98	1	49
883	0.98	1	49
884	0.98	1	49
885	0.98	1	49
886	0.98	1	49
887	0.98	1	49
888	0.98	1	49
889	0.98	1	49
890	0.96	2	48
891	0.96	2	48
892	0.96	2	48
893	0.96	2	48
894	0.96	2	48
895	0.96	2	48
896	0.96	2	48
897	0.96	2	48
898	0.96	2	48
899	0.96	2	48
900	0.96	2	48
901	0.96	2	48
902	0.96	2	48
903	0.96	2	48
904	0.96	2	48
905	0.96	2	48
906	0.96	2	48
907	0.96	2	48
908	0.96	2	48
909	0.96	2	48
910	0.96	2	48
911	0.96	2	48
912	0.96	2	48
913	0.96	2	48
914	0.96	2	48
915	0.96	2	48
916	0.96	2	48
917	0.96	2	48
918	0.96	2	48
919	0.96	2	48
920	0.96	2	48
921	0.96	2	48
922	0.98	1	49
923	0.98	1	49
924	0.98	1	49
925	0.98	1	49
926	0.98	1	49
927	0.98	1	49
928	0.98	1	49
929	0.98	1	49
930	0.98	1	49
931	0.98	1	49
932	0.98	1	49
933	0.98	1	49
934	0.98	1	49
935	0.98	1	49
936	0.98	1	49
937	0.98	1	49
938	0.98	1	49
939	0.98	1	49
940	1.00	0	50
941	1.00	0	50
942	1.00	0	50
943	1.00	0	50
944	1.00	0	50
945	1.00	0	50
946	1.00	0	50
947	1.00	0	50
948	1.00	0	50
949	1.00	0	50
950	1.00	0	50
951	1.00	0	50
952	1.00	0	50
953	1.00	0	50
954	1.00	0	50
955	1.00	0	50
956	1.00	0	50
957	1.00	0	50
958	1.00	0	50
959	1.00	0	50
960	1.00	0	50
961	1.00	0	50
962	1.00	0	50
963	1.00	0	50
964	1.00	0	50
965	1.00	0	50
966	1.00	0	50
967	1.00	0	50
968	1.00	0	50
969	1.00	0	50
970	1.00	0	50
971	1.00	0	50
972	1.00	0	50
973	1.00	0	50
974	1.00	0	50
975	1.00	0	50
976	1.00	0	50
977	1.00	0	50
978	1.00	0	50
979	1.00	0	50
980	1.00	0	50
981	1.00	0	50
982	1.00	0	50
983	1.00	0	50
984	1.00	0	50
985	1.00	0	50
986	1.00	0	50
987	1.00	0	50
988	1.00	0	50
989	1.00	0	50
990	1.00	0	50
991	1.00	0	50
992	1.00	0	50
993	1.00	0	50
994	1.00	0	50
995	1.00	0	50
996	1.00	0	50
997	1.00	0	50
998	1.00	0	50
999	1.00	0	50
1000	0.02	1	49
1001	0.04	2	48
1002	0.06	3	47
1003	0.08	4	46
1004	0.08	4	46
1005	0.10	5	45
1006	0.12	6	44
1007	0.14	7	43
1008	0.16	8	42
1009	0.18	9	41
1010	0.20	10	40
1011	0.22	11	39
1012	0.24	12	38
1013	0.26	13	37
1014	0.28	14	36
1015	0.28	14	36
1016	0.30	15	35
1017	0.32	16	34
1018	0.34	17	33
1019	0.36	18	32
1020	0.38	19	31
1021	0.40	20	30
1022	0.42	21	29
1023	0.44	22	28
1024	0.46	23	27
1025	0.48	24	26
1026	0.50	25	25
1027	0.52	26	24
1028	0.54	27	23
1029	0.56	28	22
1030	0.58	29	21
1031	0.60	30	20
1032	0.62	31	19
1033	0.64	32	18
1034	0.66	33	17
1035	0.68	34	16
1036	0.70	35	15
1037	0.72	36	14
1038	0.74	37	13
1039	0.76	38	12
1040	0.78	39	11
1041	0.80	40	10
1042	0.82	41	9
1043	0.84	42	8
1044	0.86	43	7
1045	0.88	44	6
1046	0.90	45	5
1047	0.92	46	4
1048	0.94	47	3
1049	0.96	48	2
1050	0.96	48	2
1051	0.96	48	2
1052	0.96	48	2
1053	0.94	47	3
1054	0.96	48	2
1055	0.96	48	2
1056	0.96	48	2
1057	0.96	48	2
1058	0.96	48	2
1059	0.96	48	2
1060	0.96	48	2
1061	0.96	48	2
1062	0.96	48	2
1063	0.96	48	2
1064	0.96	48	2
1065	0.98	49	1
1066	0.98	49	1
1067	0.98	49	1
1068	0.98	49	1
1069	0.98	49	1
1070	0.98	49	1
1071	0.98	49	1
1072	0.98	49	1
1073	0.98	49	1
1074	0.98	49	1
1075	0.98	49	1
1076	0.96	48	2
1077	0.96	48	2
1078	0.96	48	2
1079	0.96	48	2
1080	0.96	48	2
1081	0.96	48	2
1082	0.96	48	2
1083	0.96	48	2
1084	0.96	48	2
1085	0.96	48	2
1086	0.96	48	2
1087	0.96	48	2
1088	0.96	48	2
1089	0.96	48	2
1090	0.96	48	2
1091	0.96	48	2
1092	0.96	48	2
1093	0.96	48	2
1094	0.96	48	2
1095	0.96	48	2
1096	0.96	48	2
1097	0.96	48	2
1098	0.96	48	2
1099	0.96	48	2
1100	0.96	48	2
1101	0.96	48	2
1102	0.96	48	2
1103	0.98	49	1
1104	0.98	49	1
1105	0.98	49	1
1106	0.98	49	1
1107	0.98	49	1
1108	0.98	49	1
1109	0.98	49	1
1110	0.98	49	1
1111	0.98	49	1
1112	0.98	49	1
1113	0.98	49	1
1114	0.98	49	1
1115	0.98	49	1
1116	0.98	49	1
1117	0.96	48	2
1118	0.96	48	2
1119	0.96	48	2
1120	0.96	48	2
1121	0.96	48	2
1122	0.96	48	2
1123	0.96	48	2
1124	0.96	48	2
1125	0.96	48	2
1126	0.98	49	1
1127	0.98	49	1
1128	0.98	49	1
1129	0.98	49	1
1130	0.98	49	1
1131	0.98	49	1
1132	0.98	49	1
1133	0.98	49	1
1134	0.98	49	1
1135	0.98	49	1
1136	0.98	49	1
1137	0.98	49	1
1138	0.98	49	1
1139	0.98	49	1
1140	0.98	49	1
1141	0.98	49	1
1142	0.98	49	1
1143	0.98	49	1
1144	0.98	49	1
1145	0.98	49	1
1146	0.98	49	1
1147	0.98	49	1
1148	0.98	49	1
1149	0.98	49	1
1150	0.98	49	1
1151	0.98	49	1
1152	0.98	49	1
1153	0.98	49	1
1154	0.98	49	1
1155	0.98	49	1
1156	0.98	49	1
1157	0.98	49	1
1158	0.98	49	1
1159	0.98	49	1
1160	0.98	49	1
1161	0.98	49	1
1162	0.98	49	1
1163	0.98	49	1
1164	0.98	49	1
1165	0.96	48	2
1166	0.96	48	2
1167	0.98	49	1
1168	0.98	49	1
1169	0.98	49	1
1170	0.98	49	1
1171	0.98	49	1
1172	0.98	49	1
1173	0.98	49	1
1174	0.98	49	1
1175	0.98	49	1
1176	0.98	49	1
1177	0.98	49	1
1178	0.98	49	1
1179	0.98	49	1
1180	0.98	49	1
1181	0.98	49	1
1182	0.98	49	1
1183	0.98	49	1
1184	0.98	49	1
1185	0.98	49	1
1186	0.98	49	1
1187	0.98	49	1
1188	0.98	49	1
1189	0.98	49	1
1190	0.98	49	1
1191	0.98	49	1
1192	0.98	49	1
1193	0.98	49	1
1194	0.98	49	1
1195	0.98	49	1
1196	0.98	49	1
1197	0.98	49	1
1198	0.98	49	1
1199	0.98	49	1
1200	0.98	49	1
1201	0.98	49	1
1202	0.98	49	1
1203	0.98	49	1
1204	0.98	49	1
1205	0.98	49	1
1206	0.98	49	1
1207	0.98	49	1
1208	0.98	49	1
1209	0.98	49	1
1210	0.98	49	1
1211	0.98	49	1
1212	0.98	49	1
1213	0.98	49	1
1214	0.98	49	1
1215	1.00	50	0
1216	1.00	50	0
1217	1.00	50	0
1218	1.00	50	0
1219	1.00	50	0
1220	1.00	50	0
1221	1.00	50	0
1222	1.00	50	0
1223	1.00	50	0
1224	1.00	50	0
1225	1.00	50	0
1226	1.00	50	0
1227	1.00	50	0
1228	1.00	50	0
1229	1.00	50	0
1230	1.00	50	0
1231	1.00	50	0
1232	1.00	50	0
1233	1.00	50	0
1234	1.00	50	0
1235	1.00	50	0
1236	1.00	50	0
1237	1.00	50	0
1238	1.00	50	0
1239	1.00	50	0
1240	1.00	50	0
1241	1.00	50	0
1242	1.00	50	0
1243	1.00	50	0
1244	1.00	50	0
1245	1.00	50	0
1246	1.00	50	0
1247	1.00	50	0
1248	1.00	50	0
1249	1.00	50	0
1250	1.00	50	0
1251	1.00	50	0
1252	1.00	50	0
1253	1.00	50	0
1254	1.00	50	0
1255	1.00	50	0
1256	1.00	50	0
1257	1.00	50	0
1258	1.00	50	0
1259	1.00	50	0
1260	1.00	50	0
1261	1.00	50	0
1262	1.00	50	0
1263	1.00	50	0
1264	1.00	50	0
1265	1.00	50	0
1266	1.00	50	0
1267	1.00	50	0
1268	1.00	50	0
1269	1.00	50	0
1270	1.00	50	0
1271	1.00	50	0
1272	1.00	50	0
1273	1.00	50	0
1274	1.00	50	0
1275	1.00	50	0
1276	1.00	50	0
1277	1.00	50	0
1278	1.00	50	0
1279	1.00	50	0
1280	1.00	50	0
1281	1.00	50	0
1282	1.00	50	0
1283	1.00	50	0
1284	1.00	50	0
1285	1.00	50	0
1286	1.00	50	0
1287	1.00	50	0
1288	1.00	50	0
1289	1.00	50	0
1290	1.00	50	0
1291	1.00	50	0
1292	1.00	50	0
1293	1.00	50	0
1294	1.00	50	0
1295	1.00	50	0
1296	1.00	50	0
1297	1.00	50	0
1298	1.00	50	0
1299	1.00	50	0
1300	1.00	50	0
1301	1.00	50	0
1302	1.00	50	0
1303	1.00	50	0
1304	1.00	50	0
1305	1.00	50	0
1306	1.00	50	0
1307	1.00	50	0
1308	1.00	50	0
1309	1.00	50	0
1310	1.00	50	0
1311	1.00	50	0
1312	1.00	50	0
1313	1.00	50	0
1314	1.00	50	0
1315	1.00	50	0
1316	1.00	50	0
1317	1.00	50	0
1318	1.00	50	0
1319	1.00	50	0
1320	1.00	50	0
1321	1.00	50	0
1322	1.00	50	0
1323	1.00	50	0
1324	1.00	50	0
1325	1.00	50	0
1326	1.00	50	0
1327	1.00	50	0
1328	1.00	50	0
1329	1.00	50	0
1330	1.00	50	0
1331	1.00	50	0
1332	1.00	50	0
1333	1.00	50	0
1334	1.00	50	0
1335	1.00	50	0
1336	1.00	50	0
1337	1.00	50	0
1338	1.00	50	0
1339	1.00	50	0
1340	1.00	50	0
1341	1.00	50	0
1342	1.00	50	0
1343	1.00	50	0
1344	1.00	50	0
1345	1.00	50	0
1346	1.00	50	0
1347	1.00	50	0
1348	1.00	50	0
1349	1.00	50	0
1350	1.00	50	0
1351	1.00	50	0
1352	1.00	50	0
1353	1.00	50	0
1354	1.00	50	0
1355	1.00	50	0
1356	1.00	50	0
1357	1.00	50	0
1358	1.00	50	0
1359	1.00	50	0
1360	1.00	50	0
1361	1.00	50	0
1362	1.00	50	0
1363	1.00	50	0
1364	1.00	50	0
1365	1.00	50	0
1366	1.00	50	0
1367	1.00	50	0
1368	1.00	50	0
1369	1.00	50	0
1370	1.00	50	0
1371	1.00	50	0
1372	1.00	50	0
1373	1.00	50	0
1374	1.00	50	0
1375	1.00	50	0
1376	1.00	50	0
1377	1.00	50	0
1378	1.00	50	0
1379	1.00	50	0
1380	1.00	50	0
1381	1.00	50	0
1382	1.00	50	0
1383	1.00	50	0
1384	1.00	50	0
1385	1.00	50	0
1386	1.00	50	0
1387	1.00	50	0
1388	1.00	50	0
1389	1.00	50	0
1390	1.00	50	0
1391	1.00	50	0
1392	1.00	50	0
1393	1.00	50	0
1394	1.00	50	0
1395	1.00	50	0
1396	1.00	50	0
1397	1.00	50	0
1398	1.00	50	0
1399	1.00	50	0
1400	1.00	50	0
1401	1.00	50	0
1402	1.00	50	0
1403	1.00	50	0
1404	1.00	50	0
1405	1.00	50	0
1406	1.00	50	0
1407	1.00	50	0
1408	1.00	50	0
1409	1.00	50	0
1410	1.00	50	0
1411	1.00	50	0
1412	1.00	50	0
1413	1.00	50	0
1414	1.00	50	0
1415	1.00	50	0
1416	1.00	50	0
1417	1.00	50	0
1418	1.00	50	0
1419	1.00	50	0
1420	1.00	50	0
1421	1.00	50	0
1422	1.00	50	0
1423	1.00	50	0
1424	1.00	50	0
1425	1.00	50	0
1426	1.00	50	0
1427	1.00	50	0
1428	1.00	50	0
1429	1.00	50	0
1430	1.00	50	0
1431	1.00	50	0
1432	1.00	50	0
1433	1.00	50	0
1434	1.00	50	0
1435	1.00	50	0
1436	1.00	50	0
1437	1.00	50	0
1438	1.00	50	0
1439	1.00	50	0
1440	1.00	50	0
1441	1.00	50	0
1442	1.00	50	0
1443	1.00	50	0
1444	1.00	50	0
1445	1.00	50	0
1446	1.00	50	0
1447	1.00	50	0
1448	1.00	50	0
1449	1.00	50	0
1450	1.00	50	0
1451	1.00	50	0
1452	1.00	50	0
1453	1.00	50	0
1454	1.00	50	0
1455	1.00	50	0
1456	1.00	50	0
1457	1.00	50	0
1458	1.00	50	0
1459	1.00	50	0
1460	1.00	50	0
1461	1.00	50	0
1462	1.00	50	0
1463	1.00	50	0
1464	1.00	50	0
1465	1.00	50	0
1466	1.00	50	0
1467	1.00	50	0
1468	1.00	50	0
1469	1.00	50	0
1470	1.00	50	0
1471	1.00	50	0
1472	1.00	50	0
1473	1.00	50	0
1474	1.00	50	0
1475	1.00	50	0
1476	1.00	50	0
1477	1.00	50	0
1478	1.00	50	0
1479	1.00	50	0
1480	1.00	50	0
1481	1.00	50	0
1482	1.00	50	0
1483	1.00	50	0
1484	1.00	50	0
1485	1.00	50	0
1486	1.00	50	0
1487	1.00	50	0
1488	1.00	50	0
1489	1.00	50	0
1490	1.00	50	0
1491	1.00	50	0
1492	1.00	50	0
1493	1.00	50	0
1494	1.00	50	0
1495	1.00	50	0
1496	1.00	50	0
1497	1.00	50	0
1498	1.00	50	0
1499	1.00	50	0
1500	0.00	50	0
1501	0.02	49	1
1502	0.04	48	2
1503	0.04	48	2
1504	0.06	47	3
1505	0.08	46	4
1506	0.10	45	5
1507	0.12	44	6
1508	0.14	43	7
1509	0.16	42	8
1510	0.16	42	8
1511	0.18	41	9
1512	0.20	40	10
1513	0.22	39	11
1514	0.24	38	12
1515	0.26	37	13
1516	0.28	36	14
1517	0.30	35	15
1518	0.32	34	16
1519	0.34	33	17
1520	0.36	32	18
1521	0.38	31	19
1522	0.40	30	20
1523	0.42	29	21
1524	0.44	28	22
1525	0.46	27	23
1526	0.48	26	24
1527	0.50	25	25
1528	0.52	24	26
1529	0.54	23	27
1530	0.56	22	28
1531	0.58	21	29
1532	0.60	20	30
1533	0.62	19	31
1534	0.64	18	32
1535	0.66	17	33
1536	0.68	16	34
1537	0.70	15	35
1538	0.72	14	36
1539	0.74	13	37
1540	0.76	12	38
1541	0.78	11	39
1542	0.80	10	40
1543	0.82	9	41
1544	0.84	8	42
1545	0.86	7	43
1546	0.88	6	44
1547	0.90	5	45
1548	0.92	4	46
1549	0.94	3	47
1550	0.96	2	48
1551	0.96	2	48
1552	0.96	2	48
1553	0.98	1	49
1554	0.98	1	49
1555	0.98	1	49
1556	0.98	1	49
1557	0.98	1	49
1558	0.98	1	49
1559	0.98	1	49
1560	1.00	0	50
1561	1.00	0	50
1562	1.00	0	50
1563	1.00	0	50
1564	1.00	0	50
1565	1.00	0	50
1566	1.00	0	50
1567	1.00	0	50
1568	1.00	0	50
1569	1.00	0	50
1570	1.00	0	50
1571	1.00	0	50
1572	1.00	0	50
1573	1.00	0	50
1574	1.00	0	50
1575	1.00	0	50
1576	1.00	0	50
1577	1.00	0	50
1578	1.00	0	50
1579	1.00	0	50
1580	1.00	0	50
1581	1.00	0	50
1582	1.00	0	50
1583	1.00	0	50
1584	1.00	0	50
1585	1.00	0	50
1586	1.00	0	50
1587	1.00	0	50
1588	1.00	0	50
1589	1.00	0	50
1590	1.00	0	50
1591	1.00	0	50
1592	1.00	0	50
1593	1.00	0	50
1594	1.00	0	50
1595	1.00	0	50
1596	1.00	0	50
1597	1.00	0	50
1598	1.00	0	50
1599	1.00	0	50
1600	1.00	0	50
1601	1.00	0	50
1602	1.00	0	50
1603	1.00	0	50
1604	1.00	0	50
1605	1.00	0	50
1606	1.00	0	50
1607	1.00	0	50
1608	1.00	0	50
1609	1.00	0	50
1610	1.00	0	50
1611	1.00	0	50
1612	1.00	0	50
1613	1.00	0	50
1614	1.00	0	50
1615	1.00	0	50
1616	1.00	0	50
1617	1.00	0	50
1618	1.00	0	50
1619	1.00	0	50
1620	1.00	0	50
1621	1.00	0	50
1622	1.00	0	50
1623	1.00	0	50
1624	1.00	0	50
1625	1.00	0	50
1626	1.00	0	50
1627	1.00	0	50
1628	1.00	0	50
1629	1.00	0	50
1630	1.00	0	50
1631	1.00	0	50
1632	1.00	0	50
1633	1.00	0	50
1634	1.00	0	50
1635	1.00	0	50
1636	1.00	0	50
1637	1.00	0	50
1638	1.00	0	50
1639	1.00	0	50
1640	1.00	0	50
1641	1.00	0	50
1642	1.00	0	50
1643	1.00	0	50
1644	1.00	0	50
1645	1.00	0	50
1646	1.00	0	50
1647	1.00	0	50
1648	1.00	0	50
1649	1.00	0	50
1650	1.00	0	50
1651	1.00	0	50
1652	1.00	0	50
1653	1.00	0	50
1654	1.00	0	50
1655	1.00	0	50
1656	1.00	0	50
1657	1.00	0	50
1658	1.00	0	50
1659	1.00	0	50
1660	1.00	0	50
1661	1.00	0	50
1662	1.00	0	50
1663	1.00	0	50
1664	1.00	0	50
1665	1.00	0	50
1666	1.00	0	50
1667	1.00	0	50
1668	1.00	0	50
1669	1.00	0	50
1670	1.00	0	50
1671	1.00	0	50
1672	1.00	0	50
1673	1.00	0	50
1674	1.00	0	50
1675	1.00	0	50
1676	1.00	0	50
1677	1.00	0	50
1678	1.00	0	50
1679	1.00	0	50
1680	1.00	0	50
1681	1.00	0	50
1682	1.00	0	50
1683	1.00	0	50
1684	1.00	0	50
1685	1.00	0	50
1686	1.00	0	50
1687	1.00	0	50
1688	1.00	0	50
1689	1.00	0	50
1690	1.00	0	50
1691	1.00	0	50
1692	1.00	0	50
1693	1.00	0	50
1694	1.00	0	50
1695	1.00	0	50
1696	1.00	0	50
1697	1.00	0	50
1698	1.00	0	50
1699	1.00	0	50
1700	1.00	0	50
1701	1.00	0	50
1702	1.00	0	50
1703	1.00	0	50
1704	0.98	1	49
1705	0.98	1	49
1706	0.98	1	49
1707	0.98	1	49
1708	0.98	1	49
1709	0.98	1	49
1710	0.98	1	49
1711	0.98	1	49
1712	0.98	1	49
1713	0.98	1	49
1714	0.98	1	49
1715	0.98	1	49
1716	0.98	1	49
1717	0.98	1	49
1718	0.98	1	49
1719	0.98	1	49
1720	0.98	1	49
1721	0.98	1	49
1722	0.98	1	49
1723	0.98	1	49
1724	0.98	1	49
1725	0.98	1	49
1726	0.98	1	49
1727	0.98	1	49
1728	0.98	1	49
1729	0.98	1	49
1730	0.98	1	49
1731	0.98	1	49
1732	0.98	1	49
1733	0.98	1	49
1734	0.98	1	49
1735	0.98	1	49
1736	0.98	1	49
1737	0.98	1	49
1738	0.98	1	49
1739	0.98	1	49
1740	0.98	1	49
1741	0.98	1	49
1742	0.98	1	49
1743	0.98	1	49
1744	0.98	1	49
1745	0.98	1	49
1746	0.98	1	49
1747	0.98	1	49
1748	0.98	1	49
1749	0.98	1	49
1750	0.98	1	49
1751	0.98	1	49
1752	0.98	1	49
1753	0.98	1	49
1754	1.00	0	50
1755	1.00	0	50
1756	1.00	0	50
1757	1.00	0	50
1758	1.00	0	50
1759	1.00	0	50
1760	1.00	0	50
1761	1.00	0	50
1762	1.00	0	50
1763	1.00	0	50
1764	1.00	0	50
1765	1.00	0	50
1766	1.00	0	50
1767	1.00	0	50
1768	1.00	0	50
1769	1.00	0	50
1770	1.00	0	50
1771	1.00	0	50
1772	1.00	0	50
1773	1.00	0	50
1774	1.00	0	50
1775	1.00	0	50
1776	1.00	0	50
1777	1.00	0	50
1778	1.00	0	50
1779	1.00	0	50
1780	1.00	0	50
1781	1.00	0	50
1782	1.00	0	50
1783	1.00	0	50
1784	1.00	0	50
1785	1.00	0	50
1786	1.00	0	50
1787	1.00	0	50
1788	1.00	0	50
1789	1.00	0	50
1790	1.00	0	50
1791	1.00	0	50
1792	1.00	0	50
1793	1.00	0	50
1794	1.00	0	50
1795	1.00	0	50
1796	1.00	0	50
1797	1.00	0	50
1798	1.00	0	50
1799	1.00	0	50
1800	1.00	0	50
1801	1.00	0	50
1802	1.00	0	50
1803	1.00	0	50
1804	1.00	0	50
1805	1.00	0	50
1806	1.00	0	50
1807	1.00	0	50
1808	1.00	0	50
1809	1.00	0	50
1810	1.00	0	50
1811	1.00	0	50
1812	1.00	0	50
1813	1.00	0	50
1814	1.00	0	50
1815	1.00	0	50
1816	1.00	0	50
1817	1.00	0	50
1818	1.00	0	50
1819	1.00	0	50
1820	1.00	0	50
1821	1.00	0	50
1822	1.00	0	50
1823	1.00	0	50
1824	1.00	0	50
1825	1.00	0	50
1826	1.00	0	50
1827	1.00	0	50
1828	1.00	0	50
1829	1.00	0	50
1830	1.00	0	50
1831	1.00	0	50
1832	1.00	0	50
1833	1.00	0	50
1834	1.00	0	50
1835	1.00	0	50
1836	1.00	0	50
1837	1.00	0	50
1838	1.00	0	50
1839	1.00	0	50
1840	1.00	0	50
1841	1.00	0	50
1842	1.00	0	50
1843	1.00	0	50
1844	1.00	0	50
1845	1.00	0	50
1846	1.00	0	50
1847	1.00	0	50
1848	1.00	0	50
1849	1.00	0	50
1850	1.00	0	50
1851	1.00	0	50
1852	1.00	0	50
1853	1.00	0	50
1854	1.00	0	50
1855	1.00	0	50
1856	1.00	0	50
1857	1.00	0	50
1858	1.00	0	50
1859	1.00	0	50
1860	1.00	0	50
1861	1.00	0	50
1862	1.00	0	50
1863	1.00	0	50
1864	1.00	0	50
1865	1.00	0	50
1866	1.00	0	50
1867	1.00	0	50
1868	1.00	0	50
1869	1.00	0	50
1870	1.00	0	50
1871	1.00	0	50
1872	1.00	0	50
1873	1.00	0	50
1874	1.00	0	50
1875	1.00	0	50
1876	1.00	0	50
1877	1.00	0	50
1878	1.00	0	50
1879	1.00	0	50
1880	1.00	0	50
1881	1.00	0	50
1882	1.00	0	50
1883	1.00	0	50
1884	1.00	0	50
1885	1.00	0	50
1886	1.00	0	50
1887	1.00	0	50
1888	1.00	0	50
1889	1.00	0	50
1890	1.00	0	50
1891	1.00	0	50
1892	1.00	0	50
1893	1.00	0	50
1894	1.00	0	50
1895	1.00	0	50
1896	1.00	0	50
1897	1.00	0	50
1898	1.00	0	50
1899	1.00	0	50
1900	1.00	0	50
1901	1.00	0	50
1902	1.00	0	50
1903	1.00	0	50
1904	1.00	0	50
1905	1.00	0	50
1906	1.00	0	50
1907	1.00	0	50
1908	1.00	0	50
1909	1.00	0	50
1910	1.00	0	50
1911	1.00	0	50
1912	1.00	0	50
1913	1.00	0	50
1914	1.00	0	50
1915	1.00	0	50
1916	1.00	0	50
1917	1.00	0	50
1918	1.00	0	50
1919	1.00	0	50
1920	1.00	0	50
1921	1.00	0	50
1922	1.00	0	50
1923	1.00	0	50
1924	1.00	0	50
1925	1.00	0	50
1926	1.00	0	50
1927	1.00	0	50
1928	1.00	0	50
1929	1.00	0	50
1930	1.00	0	50
1931	1.00	0	50
1932	1.00	0	50
1933	1.00	0	50
1934	1.00	0	50
1935	1.00	0	50
1936	1.00	0	50
1937	1.00	0	50
1938	1.00	0	50
1939	1.00	0	50
1940	1.00	0	50
1941	1.00	0	50
1942	1.00	0	50
1943	1.00	0	50
1944	1.00	0	50
1945	1.00	0	50
1946	1.00	0	50
1947	1.00	0	50
1948	1.00	0	50
1949	1.00	0	50
1950	1.00	0	50
1951	1.00	0	50
1952	1.00	0	50
1953	1.00	0	50
1954	1.00	0	50
1955	1.00	0	50
1956	1.00	0	50
1957	1.00	0	50
1958	1.00	0	50
1959	1.00	0	50
1960	1.00	0	50
1961	1.00	0	50
1962	1.00	0	50
1963	1.00	0	50
1964	1.00	0	50
1965	1.00	0	50
1966	1.00	0	50
1967	1.00	0	50
1968	1.00	0	50
1969	1.00	0	50
1970	1.00	0	50
1971	1.00	0	50
1972	1.00	0	50
1973	1.00	0	50
1974	1.00	0	50
1975	1.00	0	50
1976	1.00	0	50
1977	1.00	0	50
1978	1.00	0	50
1979	1.00	0	50
1980	1.00	0	50
1981	1.00	0	50
1982	1.00	0	50
1983	1.00	0	50
1984	1.00	0	50
1985	1.00	0	50
1986	1.00	0	50
1987	1.00	0	50
1988	1.00	0	50
1989	1.00	0	50
1990	1.00	0	50
1991	1.00	0	50
1992	1.00	0	50
1993	1.00	0	50
1994	1.00	0	50
1995	1.00	0	50
1996	1.00	0	50
1997	1.00	0	50
1998	1.00	0	50
1999	1.00	0	50
2000	0.02	1	49
2001	0.04	2	48
2002	0.06	3	47
2003	0.08	4	46
2004	0.10	5	45
2005	0.12	6	44
2006	0.14	7	43
2007	0.16	8	42
2008	0.18	9	41
2009	0.20	10	40
2010	0.22	11	39
2011	0.24	12	38
2012	0.26	13	37
2013	0.28	14	36
2014	0.30	15	35
2015	0.32	16	34
2016	0.34	17	33
2017	0.36	18	32
2018	0.38	19	31
2019	0.40	20	30
2020	0.40	20	30
2021	0.42	21	29
2022	0.44	22	28
2023	0.46	23	27
2024	0.48	24	26
2025	0.50	25	25
2026	0.52	26	24
2027	0.54	27	23
2028	0.56	28	22
2029	0.58	29	21
2030	0.60	30	20
2031	0.62	31	19
2032	0.64	32	18
2033	0.66	33	17
2034	0.68	34	16
2035	0.68	34	16
2036	0.70	35	15
2037	0.72	36	14
2038	0.74	37	13
2039	0.76	38	12
2040	0.78	39	11
2041	0.78	39	11
2042	0.80	40	10
2043	0.82	41	9
2044	0.84	42	8
2045	0.86	43	7
2046	0.88	44	6
2047	0.90	45	5
2048	0.92	46	4
2049	0.94	47	3
2050	0.94	47	3
2051	0.94	47	3
2052	0.94	47	3
2053	0.94	47	3
2054	0.94	47	3
2055	0.94	47	3
2056	0.94	47	3
2057	0.94	47	3
2058	0.94	47	3
2059	0.94	47	3
2060	0.94	47	3
2061	0.94	47	3
2062	0.94	47	3
2063	0.94	47	3
2064	0.94	47	3
2065	0.94	47	3
2066	0.94	47	3
2067	0.94	47	3
2068	0.94	47	3
2069	0.94	47	3
2070	0.96	48	2
2071	0.96	48	2
2072	0.96	48	2
2073	0.96	48	2
2074	0.96	48	2
2075	0.96	48	2
2076	0.96	48	2
2077	0.96	48	2
2078	0.96	48	2
2079	0.96	48	2
2080	0.96	48	2
2081	0.96	48	2
2082	0.96	48	2
2083	0.96	48	2
2084	0.96	48	2
2085	0.98	49	1
2086	0.98	49	1
2087	0.98	49	1
2088	0.98	49	1
2089	0.98	49	1
2090	0.98	49	1
2091	1.00	50	0
2092	1.00	50	0
2093	1.00	50	0
2094	1.00	50	0
2095	1.00	50	0
2096	1.00	50	0
2097	1.00	50	0
2098	1.00	50	0
2099	1.00	50	0
2100	1.00	50	0
2101	1.00	50	0
2102	1.00	50	0
2103	1.00	50	0
2104	1.00	50	0
2105	1.00	50	0
2106	1.00	50	0
2107	1.00	50	0
2108	1.00	50	0
2109	1.00	50	0
2110	1.00	50	0
2111	1.00	50	0
2112	1.00	50	0
2113	1.00	50	0
2114	1.00	50	0
2115	1.00	50	0
2116	1.00	50	0
2117	1.00	50	0
2118	1.00	50	0
2119	1.00	50	0
2120	1.00	50	0
2121	1.00	50	0
2122	1.00	50	0
2123	1.00	50	0
2124	1.00	50	0
2125	1.00	50	0
2126	1.00	50	0
2127	1.00	50	0
2128	1.00	50	0
2129	1.00	50	0
2130	1.00	50	0
2131	1.00	50	0
2132	1.00	50	0
2133	1.00	50	0
2134	1.00	50	0
2135	1.00	50	0
2136	1.00	50	0
2137	1.00	50	0
2138	1.00	50	0
2139	1.00	50	0
2140	1.00	50	0
2141	1.00	50	0
2142	1.00	50	0
2143	1.00	50	0
2144	1.00	50	0
2145	1.00	50	0
2146	1.00	50	0
2147	1.00	50	0
2148	1.00	50	0
2149	1.00	50	0
2150	1.00	50	0
2151	1.00	50	0
2152	1.00	50	0
2153	1.00	50	0
2154	1.00	50	0
2155	1.00	50	0
2156	1.00	50	0
2157	1.00	50	0
2158	1.00	50	0
2159	1.00	50	0
2160	1.00	50	0
2161	1.00	50	0
2162	1.00	50	0
2163	1.00	50	0
2164	1.00	50	0
2165	1.00	50	0
2166	1.00	50	0
2167	1.00	50	0
2168	1.00	50	0
2169	1.00	50	0
2170	1.00	50	0
2171	1.00	50	0
2172	1.00	50	0
2173	1.00	50	0
2174	1.00	50	0
2175	1.00	50	0
2176	1.00	50	0
2177	1.00	50	0
2178	1.00	50	0
2179	1.00	50	0
2180	1.00	50	0
2181	1.00	50	0
2182	1.00	50	0
2183	1.00	50	0
2184	1.00	50	0
2185	1.00	50	0
2186	1.00	50	0
2187	1.00	50	0
2188	1.00	50	0
2189	1.00	50	0
2190	1.00	50	0
2191	1.00	50	0
2192	1.00	50	0
2193	1.00	50	0
2194	1.00	50	0
2195	1.00	50	0
2196	1.00	50	0
2197	1.00	50	0
2198	1.00	50	0
2199	1.00	50	0
2200	1.00	50	0
2201	1.00	50	0
2202	1.00	50	0
2203	1.00	50	0
2204	1.00	50	0
2205	1.00	50	0
2206	1.00	50	0
2207	1.00	50	0
2208	1.00	50	0
2209	1.00	50	0
2210	1.00	50	0
2211	1.00	50	0
2212	1.00	50	0
2213	1.00	50	0
2214	1.00	50	0
2215	1.00	50	0
2216	1.00	50	0
2217	1.00	50	0
2218	1.00	50	0
2219	1.00	50	0
2220	1.00	50	0
2221	1.00	50	0
2222	1.00	50	0
2223	1.00	50	0
2224	1.00	50	0
2225	1.00	50	0
2226	1.00	50	0
2227	1.00	50	0
2228	1.00	50	0
2229	1.00	50	0
2230	1.00	50	0
2231	1.00	50	0
2232	1.00	50	0
2233	1.00	50	0
2234	1.00	50	0
2235	1.00	50	0
2236	1.00	50	0
2237	1.00	50	0
2238	1.00	50	0
2239	1.00	50	0
2240	1.00	50	0
2241	1.00	50	0
2242	1.00	50	0
2243	1.00	50	0
2244	1.00	50	0
2245	1.00	50	0
2246	1.00	50	0
2247	1.00	50	0
2248	1.00	50	0
2249	1.00	50	0
2250	1.00	50	0
2251	1.00	50	0
2252	1.00	50	0
2253	1.00	50	0
2254	1.00	50	0
2255	1.00	50	0
2256	1.00	50	0
2257	1.00	50	0
2258	1.00	50	0
2259	1.00	50	0
2260	1.00	50	0
2261	1.00	50	0
2262	1.00	50	0
2263	1.00	50	0
2264	1.00	50	0
2265	1.00	50	0
2266	1.00	50	0
2267	1.00	50	0
2268	1.00	50	0
2269	1.00	50	0
2270	1.00	50	0
2271	1.00	50	0
2272	1.00	50	0
2273	1.00	50	0
2274	1.00	50	0
2275	1.00	50	0
2276	1.00	50	0
2277	1.00	50	0
2278	1.00	50	0
2279	1.00	50	0
2280	0.98	49	1
2281	0.98	49	1
2282	0.98	49	1
2283	0.98	49	1
2284	0.98	49	1
2285	0.98	49	1
2286	0.98	49	1
2287	0.98	49	1
2288	0.98	49	1
2289	0.98	49	1
2290	0.98	49	1
2291	0.98	49	1
2292	0.98	49	1
2293	0.98	49	1
2294	0.98	49	1
2295	0.98	49	1
2296	0.98	49	1
2297	0.98	49	1
2298	0.98	49	1
2299	0.98	49	1
2300	0.98	49	1
2301	0.98	49	1
2302	0.98	49	1
2303	0.98	49	1
2304	0.98	49	1
2305	0.98	49	1
2306	0.98	49	1
2307	0.98	49	1
2308	0.98	49	1
2309	0.98	49	1
2310	0.98	49	1
2311	0.98	49	1
2312	0.98	49	1
2313	0.98	49	1
2314	0.98	49	1
2315	0.98	49	1
2316	0.98	49	1
2317	0.98	49	1
2318	0.98	49	1
2319	0.98	49	1
2320	0.98	49	1
2321	0.98	49	1
2322	0.98	49	1
2323	0.98	49	1
2324	0.98	49	1
2325	0.98	49	1
2326	0.98	49	1
2327	0.98	49	1
2328	0.98	49	1
2329	0.98	49	1
2330	1.00	50	0
2331	1.00	50	0
2332	1.00	50	0
2333	1.00	50	0
2334	1.00	50	0
2335	1.00	50	0
2336	1.00	50	0
2337	1.00	50	0
2338	1.00	50	0
2339	1.00	50	0
2340	1.00	50	0
2341	1.00	50	0
2342	1.00	50	0
2343	1.00	50	0
2344	1.00	50	0
2345	1.00	50	0
2346	1.00	50	0
2347	1.00	50	0
2348	1.00	50	0
2349	1.00	50	0
2350	1.00	50	0
2351	1.00	50	0
2352	1.00	50	0
2353	1.00	50	0
2354	1.00	50	0
2355	1.00	50	0
2356	1.00	50	0
2357	1.00	50	0
2358	1.00	50	0
2359	1.00	50	0
2360	1.00	50	0
2361	1.00	50	0
2362	1.00	50	0
2363	1.00	50	0
2364	1.00	50	0
2365	1.00	50	0
2366	0.98	49	1
2367	0.98	49	1
2368	0.98	49	1
2369	0.98	49	1
2370	0.98	49	1
2371	0.98	49	1
2372	0.98	49	1
2373	0.98	49	1
2374	0.98	49	1
2375	0.98	49	1
2376	0.98	49	1
2377	0.98	49	1
2378	0.98	49	1
2379	0.98	49	1
2380	0.98	49	1
2381	0.98	49	1
2382	0.98	49	1
2383	0.98	49	1
2384	0.98	49	1
2385	0.98	49	1
2386	0.96	48	2
2387	0.96	48	2
2388	0.96	48	2
2389	0.96	48	2
2390	0.96	48	2
2391	0.96	48	2
2392	0.96	48	2
2393	0.96	48	2
2394	0.96	48	2
2395	0.96	48	2
2396	0.96	48	2
2397	0.96	48	2
2398	0.96	48	2
2399	0.96	48	2
2400	0.96	48	2
2401	0.96	48	2
2402	0.96	48	2
2403	0.96	48	2
2404	0.96	48	2
2405	0.96	48	2
2406	0.96	48	2
2407	0.96	48	2
2408	0.96	48	2
2409	0.96	48	2
2410	0.96	48	2
2411	0.96	48	2
2412	0.96	48	2
2413	0.96	48	2
2414	0.96	48	2
2415	0.96	48	2
2416	0.98	49	1
2417	0.98	49	1
2418	0.98	49	1
2419	0.98	49	1
2420	0.98	49	1
2421	0.98	49	1
2422	0.98	49	1
2423	0.98	49	1
2424	0.98	49	1
2425	0.98	49	1
2426	0.98	49	1
2427	0.98	49	1
2428	0.98	49	1
2429	0.98	49	1
2430	0.98	49	1
2431	0.98	49	1
2432	0.98	49	1
2433	0.98	49	1
2434	0.98	49	1
2435	0.98	49	1
2436	1.00	50	0
2437	1.00	50	0
2438	1.00	50	0
2439	1.00	50	0
2440	1.00	50	0
2441	1.00	50	0
2442	1.00	50	0
2443	1.00	50	0
2444	1.00	50	0
2445	1.00	50	0
2446	1.00	50	0
2447	1.00	50	0
2448	1.00	50	0
2449	0.98	49	1
2450	0.98	49	1
2451	0.98	49	1
2452	0.98	49	1
2453	0.98	49	1
2454	0.98	49	1
2455	0.98	49	1
2456	0.98	49	1
2457	0.98	49	1
2458	0.98	49	1
2459	0.98	49	1
2460	0.98	49	1
2461	0.98	49	1
2462	0.98	49	1
2463	0.98	49	1
2464	0.98	49	1
2465	0.98	49	1
2466	0.98	49	1
2467	0.98	49	1
2468	0.98	49	1
2469	0.98	49	1
2470	0.98	49	1
2471	0.98	49	1
2472	0.98	49	1
2473	0.98	49	1
2474	0.98	49	1
2475	0.98	49	1
2476	0.98	49	1
2477	0.98	49	1
2478	0.98	49	1
2479	0.98	49	1
2480	0.98	49	1
2481	0.98	49	1
2482	0.98	49	1
2483	0.98	49	1
2484	0.98	49	1
2485	0.98	49	1
2486	0.98	49	1
2487	0.98	49	1
2488	0.98	49	1
2489	0.98	49	1
2490	0.98	49	1
2491	0.98	49	1
2492	0.98	49	1
2493	0.98	49	1
2494	0.98	49	1
2495	0.98	49	1
2496	0.98	49	1
2497	0.98	49	1
2498	0.98	49	1
2499	1.00	50	0
2500	0.02	49	1
2501	0.04	48	2
2502	0.06	47	3
2503	0.08	46	4
2504	0.10	45	5
2505	0.12	44	6
2506	0.14	43	7
2507	0.16	42	8
2508	0.18	41	9
2509	0.20	40	10
2510	0.22	39	11
2511	0.24	38	12
2512	0.26	37	13
2513	0.28	36	14
2514	0.30	35	15
2515	0.32	34	16
2516	0.34	33	17
2517	0.36	32	18
2518	0.38	31	19
2519	0.40	30	20
2520	0.42	29	21
2521	0.44	28	22
2522	0.46	27	23
2523	0.48	26	24
2524	0.50	25	25
2525	0.52	24	26
2526	0.54	23	27
2527	0.56	22	28
2528	0.58	21	29
2529	0.60	20	30
2530	0.62	19	31
2531	0.64	18	32
2532	0.66	17	33
2533	0.68	16	34
2534	0.70	15	35
2535	0.72	14	36
2536	0.74	13	37
2537	0.76	12	38
2538	0.78	11	39
2539	0.80	10	40
2540	0.82	9	41
2541	0.84	8	42
2542	0.86	7	43
2543	0.88	6	44
2544	0.90	5	45
2545	0.92	4	46
2546	0.94	3	47
2547	0.96	2	48
2548	0.98	1	49
2549	1.00	0	50
2550	1.00	0	50
2551	1.00	0	50
2552	1.00	0	50
2553	1.00	0	50
2554	1.00	0	50
2555	1.00	0	50
2556	1.00	0	50
2557	1.00	0	50
2558	1.00	0	50
2559	1.00	0	50
2560	1.00	0	50
2561	1.00	0	50
2562	1.00	0	50
2563	1.00	0	50
2564	1.00	0	50
2565	1.00	0	50
2566	1.00	0	50
2567	1.00	0	50
2568	1.00	0	50
2569	1.00	0	50
2570	1.00	0	50
2571	1.00	0	50
2572	1.00	0	50
2573	1.00	0	50
2574	1.00	0	50
2575	1.00	0	50
2576	1.00	0	50
2577	1.00	0	50
2578	1.00	0	50
2579	1.00	0	50
2580	1.00	0	50
2581	1.00	0	50
2582	1.00	0	50
2583	1.00	0	50
2584	1.00	0	50
2585	1.00	0	50
2586	1.00	0	50
2587	1.00	0	50
2588	1.00	0	50
2589	1.00	0	50
2590	1.00	0	50
2591	1.00	0	50
2592	1.00	0	50
2593	1.00	0	50
2594	0.98	1	49
2595	0.98	1	49
2596	0.98	1	49
2597	0.98	1	49
2598	0.98	1	49
2599	0.98	1	49
2600	0.98	1	49
2601	0.98	1	49
2602	0.98	1	49
2603	0.98	1	49
2604	0.98	1	49
2605	0.98	1	49
2606	0.98	1	49
2607	0.98	1	49
2608	0.98	1	49
2609	0.98	1	49
2610	0.98	1	49
2611	0.98	1	49
2612	0.98	1	49
2613	0.98	1	49
2614	0.98	1	49
2615	0.98	1	49
2616	0.98	1	49
2617	0.98	1	49
2618	0.98	1	49
2619	0.98	1	49
2620	0.98	1	49
2621	0.98	1	49
2622	0.98	1	49
2623	0.98	1	49
2624	0.98	1	49
2625	0.98	1	49
2626	0.98	1	49
2627	0.98	1	49
2628	0.98	1	49
2629	0.98	1	49
2630	0.98	1	49
2631	0.98	1	49
2632	0.98	1	49
2633	0.98	1	49
2634	0.98	1	49
2635	0.98	1	49
2636	0.98	1	49
2637	0.98	1	49
2638	0.98	1	49
2639	0.98	1	49
2640	0.98	1	49
2641	0.98	1	49
2642	0.98	1	49
2643	0.98	1	49
2644	1.00	0	50
2645	1.00	0	50
2646	1.00	0	50
2647	1.00	0	50
2648	1.00	0	50
2649	1.00	0	50
2650	1.00	0	50
2651	1.00	0	50
2652	1.00	0	50
2653	1.00	0	50
2654	1.00	0	50
2655	1.00	0	50
2656	1.00	0	50
2657	1.00	0	50
2658	1.00	0	50
2659	1.00	0	50
2660	1.00	0	50
2661	1.00	0	50
2662	1.00	0	50
2663	1.00	0	50
2664	1.00	0	50
2665	1.00	0	50
2666	1.00	0	50
2667	1.00	0	50
2668	1.00	0	50
2669	1.00	0	50
2670	1.00	0	50
2671	1.00	0	50
2672	1.00	0	50
2673	1.00	0	50
2674	1.00	0	50
2675	1.00	0	50
2676	1.00	0	50
2677	1.00	0	50
2678	1.00	0	50
2679	1.00	0	50
2680	1.00	0	50
2681	1.00	0	50
2682	1.00	0	50
2683	1.00	0	50
2684	1.00	0	50
2685	1.00	0	50
2686	1.00	0	50
2687	1.00	0	50
2688	1.00	0	50
2689	1.00	0	50
2690	1.00	0	50
2691	1.00	0	50
2692	1.00	0	50
2693	1.00	0	50
2694	1.00	0	50
2695	1.00	0	50
2696	1.00	0	50
2697	1.00	0	50
2698	1.00	0	50
2699	1.00	0	50
2700	1.00	0	50
2701	1.00	0	50
2702	1.00	0	50
2703	1.00	0	50
2704	1.00	0	50
2705	1.00	0	50
2706	1.00	0	50
2707	1.00	0	50
2708	1.00	0	50
2709	1.00	0	50
2710	1.00	0	50
2711	1.00	0	50
2712	1.00	0	50
2713	1.00	0	50
2714	1.00	0	50
2715	1.00	0	50
2716	1.00	0	50
2717	1.00	0	50
2718	1.00	0	50
2719	1.00	0	50
2720	1.00	0	50
2721	1.00	0	50
2722	1.00	0	50
2723	1.00	0	50
2724	1.00	0	50
2725	1.00	0	50
2726	1.00	0	50
2727	1.00	0	50
2728	1.00	0	50
2729	1.00	0	50
2730	1.00	0	50
2731	1.00	0	50
2732	1.00	0	50
2733	1.00	0	50
2734	1.00	0	50
2735	1.00	0	50
2736	1.00	0	50
2737	1.00	0	50
2738	1.00	0	50
2739	1.00	0	50
2740	1.00	0	50
2741	1.00	0	50
2742	1.00	0	50
2743	1.00	0	50
2744	1.00	0	50
2745	1.00	0	50
2746	1.00	0	50
2747	1.00	0	50
2748	1.00	0	50
2749	1.00	0	50
2750	1.00	0	50
2751	1.00	0	50
2752	1.00	0	50
2753	1.00	0	50
2754	1.00	0	50
2755	1.00	0	50
2756	1.00	0	50
2757	1.00	0	50
2758	1.00	0	50
2759	1.00	0	50
2760	1.00	0	50
2761	1.00	0	50
2762	1.00	0	50
2763	1.00	0	50
2764	1.00	0	50
2765	1.00	0	50
2766	1.00	0	50
2767	1.00	0	50
2768	1.00	0	50
2769	1.00	0	50
2770	1.00	0	50
2771	1.00	0	50
2772	1.00	0	50
2773	1.00	0	50
2774	1.00	0	50
2775	1.00	0	50
2776	1.00	0	50
2777	1.00	0	50
2778	1.00	0	50
2779	1.00	0	50
2780	1.00	0	50
2781	1.00	0	50
2782	1.00	0	50
2783	1.00	0	50
2784	0.98	1	49
2785	0.98	1	49
2786	0.98	1	49
2787	0.98	1	49
2788	0.98	1	49
2789	0.98	1	49
2790	0.98	1	49
2791	0.98	1	49
2792	0.98	1	49
2793	0.98	1	49
2794	0.98	1	49
2795	0.98	1	49
2796	0.98	1	49
2797	0.98	1	49
2798	0.98	1	49
2799	0.98	1	49
2800	0.98	1	49
2801	0.98	1	49
2802	0.98	1	49
2803	0.98	1	49
2804	0.98	1	49
2805	0.98	1	49
2806	0.98	1	49
2807	0.98	1	49
2808	0.98	1	49
2809	0.98	1	49
2810	0.98	1	49
2811	0.98	1	49
2812	0.98	1	49
2813	0.98	1	49
2814	0.98	1	49
2815	0.98	1	49
2816	0.98	1	49
2817	0.98	1	49
2818	0.98	1	49
2819	0.98	1	49
2820	0.98	1	49
2821	0.98	1	49
2822	0.98	1	49
2823	0.98	1	49
2824	0.98	1	49
2825	0.98	1	49
2826	0.98	1	49
2827	0.98	1	49
2828	0.98	1	49
2829	0.98	1	49
2830	0.98	1	49
2831	0.98	1	49
2832	0.98	1	49
2833	0.98	1	49
2834	1.00	0	50
2835	1.00	0	50
2836	1.00	0	50
2837	1.00	0	50
2838	1.00	0	50
2839	1.00	0	50
2840	1.00	0	50
2841	1.00	0	50
2842	1.00	0	50
2843	1.00	0	50
2844	1.00	0	50
2845	1.00	0	50
2846	1.00	0	50
2847	1.00	0	50
2848	1.00	0	50
2849	1.00	0	50
2850	1.00	0	50
2851	1.00	0	50
2852	1.00	0	50
2853	1.00	0	50
2854	1.00	0	50
2855	1.00	0	50
2856	1.00	0	50
2857	1.00	0	50
2858	1.00	0	50
2859	1.00	0	50
2860	1.00	0	50
2861	1.00	0	50
2862	1.00	0	50
2863	1.00	0	50
2864	1.00	0	50
2865	1.00	0	50
2866	1.00	0	50
2867	1.00	0	50
2868	1.00	0	50
2869	0.98	1	49
2870	0.98	1	49
2871	0.98	1	49
2872	0.98	1	49
2873	0.98	1	49
2874	0.98	1	49
2875	0.98	1	49
2876	0.98	1	49
2877	0.98	1	49
2878	0.98	1	49
2879	0.98	1	49
2880	0.98	1	49
2881	0.98	1	49
2882	0.98	1	49
2883	0.98	1	49
2884	0.98	1	49
2885	0.98	1	49
2886	0.98	1	49
2887	0.98	1	49
2888	0.98	1	49
2889	0.98	1	49
2890	0.98	1	49
2891	0.98	1	49
2892	0.98	1	49
2893	0.98	1	49
2894	0.98	1	49
2895	0.98	1	49
2896	0.98	1	49
2897	0.98	1	49
2898	0.98	1	49
2899	0.98	1	49
2900	0.98	1	49
2901	0.98	1	49
2902	0.98	1	49
2903	0.98	1	49
2904	0.98	1	49
2905	0.98	1	49
2906	0.98	1	49
2907	0.98	1	49
2908	0.98	1	49
2909	0.98	1	49
2910	0.98	1	49
2911	0.98	1	49
2912	0.98	1	49
2913	0.98	1	49
2914	0.98	1	49
2915	0.98	1	49
2916	0.98	1	49
2917	0.98	1	49
2918	0.98	1	49
2919	1.00	0	50
2920	1.00	0	50
2921	1.00	0	50
2922	1.00	0	50
2923	1.00	0	50
2924	1.00	0	50
2925	1.00	0	50
2926	1.00	0	50
2927	1.00	0	50
2928	1.00	0	50
2929	1.00	0	50
2930	1.00	0	50
2931	1.00	0	50
2932	1.00	0	50
2933	1.00	0	50
2934	1.00	0	50
2935	1.00	0	50
2936	1.00	0	50
2937	1.00	0	50
2938	1.00	0	50
2939	1.00	0	50
2940	1.00	0	50
2941	1.00	0	50
2942	1.00	0	50
2943	1.00	0	50
2944	1.00	0	50
2945	1.00	0	50
2946	1.00	0	50
2947	1.00	0	50
2948	1.00	0	50
2949	1.00	0	50
2950	1.00	0	50
2951	1.00	0	50
2952	1.00	0	50
2953	1.00	0	50
2954	1.00	0	50
2955	1.00	0	50
2956	1.00	0	50
2957	1.00	0	50
2958	1.00	0	50
2959	1.00	0	50
2960	1.00	0	50
2961	1.00	0	50
2962	1.00	0	50
2963	1.00	0	50
2964	1.00	0	50
2965	1.00	0	50
2966	1.00	0	50
2967	1.00	0	50
2968	1.00	0	50
2969	1.00	0	50
2970	1.00	0	50
2971	1.00	0	50
2972	1.00	0	50
2973	1.00	0	50
2974	1.00	0	50
2975	1.00	0	50
2976	1.00	0	50
2977	1.00	0	50
2978	1.00	0	50
2979	1.00	0	50
2980	1.00	0	50
2981	1.00	0	50
2982	1.00	0	50
2983	1.00	0	50
2984	1.00	0	50
2985	1.00	0	50
2986	1.00	0	50
2987	1.00	0	50
2988	1.00	0	50
2989	1.00	0	50
2990	1.00	0	50
2991	1.00	0	50
2992	1.00	0	50
2993	1.00	0	50
2994	1.00	0	50
2995	1.00	0	50
2996	1.00	0	50
2997	1.00	0	50
2998	1.00	0	50
2999	1.00	0	50
