timestep	swarm_quality	color_0	color_1
0	0.70	35	15
1	0.70	35	15
2	0.70	35	15
3	0.70	35	15
4	0.70	35	15
5	0.70	35	15
6	0.68	34	16
7	0.68	34	16
8	0.68	34	16
9	0.68	34	16
10	0.68	34	16
11	0.68	34	16
12	0.68	34	16
13	0.68	34	16
14	0.68	34	16
15	0.66	33	17
16	0.66	33	17
17	0.66	33	17
18	0.66	33	17
19	0.66	33	17
20	0.64	32	18
21	0.64	32	18
22	0.64	32	18
23	0.64	32	18
24	0.62	31	19
25	0.62	31	19
26	0.62	31	19
27	0.60	30	20
28	0.60	30	20
29	0.60	30	20
30	0.60	30	20
31	0.60	30	20
32	0.60	30	20
33	0.60	30	20
34	0.60	30	20
35	0.62	31	19
36	0.64	32	18
37	0.66	33	17
38	0.68	34	16
39	0.70	35	15
40	0.72	36	14
41	0.74	37	13
42	0.76	38	12
43	0.76	38	12
44	0.78	39	11
45	0.80	40	10
46	0.82	41	9
47	0.84	42	8
48	0.86	43	7
49	0.88	44	6
50	0.88	44	6
51	0.88	44	6
52	0.88	44	6
53	0.88	44	6
54	0.88	44	6
55	0.88	44	6
56	0.88	44	6
57	0.88	44	6
58	0.88	44	6
59	0.88	44	6
60	0.88	44	6
61	0.86	43	7
62	0.86	43	7
63	0.86	43	7
64	0.86	43	7
65	0.88	44	6
66	0.88	44	6
67	0.88	44	6
68	0.88	44	6
69	0.88	44	6
70	0.90	45	5
71	0.90	45	5
72	0.90	45	5
73	0.90	45	5
74	0.92	46	4
75	0.92	46	4
76	0.92	46	4
77	0.94	47	3
78	0.94	47	3
79	0.94	47	3
80	0.94	47	3
81	0.94	47	3
82	0.92	46	4
83	0.92	46	4
84	0.92	46	4
85	0.92	46	4
86	0.92	46	4
87	0.92	46	4
88	0.92	46	4
89	0.92	46	4
90	0.92	46	4
91	0.92	46	4
92	0.92	46	4
93	0.94	47	3
94	0.92	46	4
95	0.92	46	4
96	0.92	46	4
97	0.92	46	4
98	0.92	46	4
99	0.92	46	4
100	0.92	46	4
101	0.90	45	5
102	0.90	45	5
103	0.88	44	6
104	0.88	44	6
105	0.88	44	6
106	0.90	45	5
107	0.90	45	5
108	0.90	45	5
109	0.90	45	5
110	0.90	45	5
111	0.92	46	4
112	0.90	45	5
113	0.90	45	5
114	0.90	45	5
115	0.90	45	5
116	0.90	45	5
117	0.90	45	5
118	0.90	45	5
119	0.90	45	5
120	0.90	45	5
121	0.90	45	5
122	0.90	45	5
123	0.90	45	5
124	0.90	45	5
125	0.90	45	5
126	0.90	45	5
127	0.90	45	5
128	0.90	45	5
129	0.90	45	5
130	0.90	45	5
131	0.90	45	5
132	0.92	46	4
133	0.92	46	4
134	0.92	46	4
135	0.92	46	4
136	0.92	46	4
137	0.92	46	4
138	0.92	46	4
139	0.92	46	4
140	0.90	45	5
141	0.90	45	5
142	0.90	45	5
143	0.90	45	5
144	0.92	46	4
145	0.92	46	4
146	0.92	46	4
147	0.92	46	4
148	0.92	46	4
149	0.92	46	4
150	0.92	46	4
151	0.94	47	3
152	0.94	47	3
153	0.96	48	2
154	0.96	48	2
155	0.96	48	2
156	0.96	48	2
157	0.96	48	2
158	0.96	48	2
159	0.96	48	2
160	0.96	48	2
161	0.96	48	2
162	0.98	49	1
163	0.98	49	1
164	0.98	49	1
165	0.98	49	1
166	0.98	49	1
167	0.98	49	1
168	0.98	49	1
169	0.98	49	1
170	0.98	49	1
171	0.98	49	1
172	0.98	49	1
173	0.98	49	1
174	0.98	49	1
175	0.98	49	1
176	0.98	49	1
177	0.98	49	1
178	0.98	49	1
179	0.98	49	1
180	0.98	49	1
181	0.98	49	1
182	0.98	49	1
183	0.98	49	1
184	0.98	49	1
185	0.98	49	1
186	0.98	49	1
187	0.98	49	1
188	0.98	49	1
189	0.98	49	1
190	1.00	50	0
191	1.00	50	0
192	1.00	50	0
193	1.00	50	0
194	1.00	50	0
195	1.00	50	0
196	1.00	50	0
197	1.00	50	0
198	1.00	50	0
199	1.00	50	0
200	0.98	49	1
201	0.98	49	1
202	0.98	49	1
203	0.98	49	1
204	0.98	49	1
205	0.98	49	1
206	0.98	49	1
207	0.98	49	1
208	0.98	49	1
209	0.98	49	1
210	0.98	49	1
211	0.96	48	2
212	0.96	48	2
213	0.96	48	2
214	0.96	48	2
215	0.96	48	2
216	0.96	48	2
217	0.96	48	2
218	0.96	48	2
219	0.96	48	2
220	0.96	48	2
221	0.96	48	2
222	0.96	48	2
223	0.96	48	2
224	0.96	48	2
225	0.96	48	2
226	0.96	48	2
227	0.96	48	2
228	0.96	48	2
229	0.96	48	2
230	0.96	48	2
231	0.96	48	2
232	0.96	48	2
233	0.96	48	2
234	0.96	48	2
235	0.96	48	2
236	0.96	48	2
237	0.96	48	2
238	0.96	48	2
239	0.96	48	2
240	0.96	48	2
241	0.96	48	2
242	0.96	48	2
243	0.96	48	2
244	0.96	48	2
245	0.96	48	2
246	0.96	48	2
247	0.96	48	2
248	0.96	48	2
249	0.94	47	3
250	0.96	48	2
251	0.96	48	2
252	0.94	47	3
253	0.94	47	3
254	0.94	47	3
255	0.94	47	3
256	0.94	47	3
257	0.94	47	3
258	0.94	47	3
259	0.94	47	3
260	0.94	47	3
261	0.96	48	2
262	0.96	48	2
263	0.96	48	2
264	0.96	48	2
265	0.96	48	2
266	0.96	48	2
267	0.96	48	2
268	0.96	48	2
269	0.96	48	2
270	0.96	48	2
271	0.96	48	2
272	0.96	48	2
273	0.96	48	2
274	0.96	48	2
275	0.96	48	2
276	0.96	48	2
277	0.96	48	2
278	0.96	48	2
279	0.96	48	2
280	0.96	48	2
281	0.96	48	2
282	0.96	48	2
283	0.96	48	2
284	0.96	48	2
285	0.96	48	2
286	0.96	48	2
287	0.96	48	2
288	0.96	48	2
289	0.96	48	2
290	0.96	48	2
291	0.96	48	2
292	0.96	48	2
293	0.96	48	2
294	0.96	48	2
295	0.96	48	2
296	0.96	48	2
297	0.96	48	2
298	0.96	48	2
299	0.98	49	1
300	0.98	49	1
301	0.98	49	1
302	1.00	50	0
303	1.00	50	0
304	1.00	50	0
305	1.00	50	0
306	1.00	50	0
307	1.00	50	0
308	1.00	50	0
309	1.00	50	0
310	1.00	50	0
311	1.00	50	0
312	1.00	50	0
313	1.00	50	0
314	1.00	50	0
315	1.00	50	0
316	1.00	50	0
317	1.00	50	0
318	1.00	50	0
319	1.00	50	0
320	1.00	50	0
321	1.00	50	0
322	0.98	49	1
323	0.98	49	1
324	0.98	49	1
325	0.98	49	1
326	0.98	49	1
327	0.98	49	1
328	0.98	49	1
329	0.96	48	2
330	0.96	48	2
331	0.96	48	2
332	0.96	48	2
333	0.96	48	2
334	0.96	48	2
335	0.96	48	2
336	0.96	48	2
337	0.96	48	2
338	0.96	48	2
339	0.96	48	2
340	0.96	48	2
341	0.96	48	2
342	0.96	48	2
343	0.96	48	2
344	0.96	48	2
345	0.96	48	2
346	0.96	48	2
347	0.96	48	2
348	0.96	48	2
349	0.96	48	2
350	0.96	48	2
351	0.96	48	2
352	0.96	48	2
353	0.96	48	2
354	0.96	48	2
355	0.96	48	2
356	0.96	48	2
357	0.96	48	2
358	0.96	48	2
359	0.96	48	2
360	0.96	48	2
361	0.96	48	2
362	0.96	48	2
363	0.96	48	2
364	0.94	47	3
365	0.94	47	3
366	0.94	47	3
367	0.94	47	3
368	0.92	46	4
369	0.92	46	4
370	0.92	46	4
371	0.92	46	4
372	0.94	47	3
373	0.94	47	3
374	0.94	47	3
375	0.94	47	3
376	0.94	47	3
377	0.94	47	3
378	0.92	46	4
379	0.94	47	3
380	0.94	47	3
381	0.94	47	3
382	0.94	47	3
383	0.94	47	3
384	0.94	47	3
385	0.94	47	3
386	0.94	47	3
387	0.94	47	3
388	0.94	47	3
389	0.94	47	3
390	0.94	47	3
391	0.94	47	3
392	0.94	47	3
393	0.94	47	3
394	0.94	47	3
395	0.94	47	3
396	0.94	47	3
397	0.94	47	3
398	0.94	47	3
399	0.94	47	3
400	0.94	47	3
401	0.94	47	3
402	0.94	47	3
403	0.94	47	3
404	0.94	47	3
405	0.94	47	3
406	0.94	47	3
407	0.94	47	3
408	0.94	47	3
409	0.94	47	3
410	0.94	47	3
411	0.94	47	3
412	0.94	47	3
413	0.94	47	3
414	0.94	47	3
415	0.94	47	3
416	0.94	47	3
417	0.94	47	3
418	0.96	48	2
419	0.96	48	2
420	0.96	48	2
421	0.96	48	2
422	0.96	48	2
423	0.96	48	2
424	0.96	48	2
425	0.96	48	2
426	0.96	48	2
427	0.96	48	2
428	0.98	49	1
429	0.98	49	1
430	0.98	49	1
431	0.98	49	1
432	0.98	49	1
433	0.98	49	1
434	0.98	49	1
435	0.96	48	2
436	0.96	48	2
437	0.94	47	3
438	0.94	47	3
439	0.94	47	3
440	0.94	47	3
441	0.94	47	3
442	0.94	47	3
443	0.94	47	3
444	0.94	47	3
445	0.94	47	3
446	0.94	47	3
447	0.94	47	3
448	0.94	47	3
449	0.94	47	3
450	0.94	47	3
451	0.94	47	3
452	0.94	47	3
453	0.94	47	3
454	0.94	47	3
455	0.94	47	3
456	0.94	47	3
457	0.92	46	4
458	0.92	46	4
459	0.92	46	4
460	0.92	46	4
461	0.92	46	4
462	0.90	45	5
463	0.88	44	6
464	0.90	45	5
465	0.90	45	5
466	0.90	45	5
467	0.90	45	5
468	0.90	45	5
469	0.90	45	5
470	0.90	45	5
471	0.90	45	5
472	0.90	45	5
473	0.90	45	5
474	0.90	45	5
475	0.90	45	5
476	0.90	45	5
477	0.90	45	5
478	0.90	45	5
479	0.90	45	5
480	0.90	45	5
481	0.90	45	5
482	0.90	45	5
483	0.90	45	5
484	0.90	45	5
485	0.92	46	4
486	0.92	46	4
487	0.94	47	3
488	0.94	47	3
489	0.94	47	3
490	0.94	47	3
491	0.94	47	3
492	0.94	47	3
493	0.94	47	3
494	0.94	47	3
495	0.94	47	3
496	0.94	47	3
497	0.94	47	3
498	0.94	47	3
499	0.94	47	3
500	0.08	46	4
501	0.10	45	5
502	0.10	45	5
503	0.12	44	6
504	0.14	43	7
505	0.14	43	7
506	0.16	42	8
507	0.16	42	8
508	0.18	41	9
509	0.18	41	9
510	0.20	40	10
511	0.22	39	11
512	0.22	39	11
513	0.22	39	11
514	0.24	38	12
515	0.24	38	12
516	0.26	37	13
517	0.28	36	14
518	0.30	35	15
519	0.32	34	16
520	0.34	33	17
521	0.34	33	17
522	0.36	32	18
523	0.38	31	19
524	0.40	30	20
525	0.42	29	21
526	0.44	28	22
527	0.46	27	23
528	0.48	26	24
529	0.50	25	25
530	0.52	24	26
531	0.54	23	27
532	0.56	22	28
533	0.58	21	29
534	0.60	20	30
535	0.62	19	31
536	0.64	18	32
537	0.64	18	32
538	0.66	17	33
539	0.68	16	34
540	0.70	15	35
541	0.72	14	36
542	0.74	13	37
543	0.76	12	38
544	0.78	11	39
545	0.80	10	40
546	0.82	9	41
547	0.84	8	42
548	0.86	7	43
549	0.88	6	44
550	0.88	6	44
551	0.88	6	44
552	0.88	6	44
553	0.88	6	44
554	0.88	6	44
555	0.90	5	45
556	0.90	5	45
557	0.90	5	45
558	0.90	5	45
559	0.92	4	46
560	0.92	4	46
561	0.92	4	46
562	0.92	4	46
563	0.92	4	46
564	0.92	4	46
565	0.94	3	47
566	0.94	3	47
567	0.94	3	47
568	0.94	3	47
569	0.94	3	47
570	0.94	3	47
571	0.96	2	48
572	0.96	2	48
573	0.96	2	48
574	0.96	2	48
575	0.96	2	48
576	0.96	2	48
577	0.96	2	48
578	0.96	2	48
579	0.96	2	48
580	0.96	2	48
581	0.96	2	48
582	0.96	2	48
583	0.96	2	48
584	0.96	2	48
585	0.96	2	48
586	0.96	2	48
587	0.98	1	49
588	0.96	2	48
589	0.96	2	48
590	0.96	2	48
591	0.94	3	47
592	0.94	3	47
593	0.94	3	47
594	0.94	3	47
595	0.94	3	47
596	0.94	3	47
597	0.94	3	47
598	0.94	3	47
599	0.94	3	47
600	0.94	3	47
601	0.94	3	47
602	0.96	2	48
603	0.96	2	48
604	0.94	3	47
605	0.94	3	47
606	0.94	3	47
607	0.94	3	47
608	0.94	3	47
609	0.94	3	47
610	0.94	3	47
611	0.94	3	47
612	0.94	3	47
613	0.94	3	47
614	0.94	3	47
615	0.94	3	47
616	0.94	3	47
617	0.94	3	47
618	0.94	3	47
619	0.94	3	47
620	0.94	3	47
621	0.94	3	47
622	0.94	3	47
623	0.94	3	47
624	0.94	3	47
625	0.94	3	47
626	0.94	3	47
627	0.94	3	47
628	0.94	3	47
629	0.94	3	47
630	0.94	3	47
631	0.94	3	47
632	0.94	3	47
633	0.94	3	47
634	0.94	3	47
635	0.92	4	46
636	0.92	4	46
637	0.92	4	46
638	0.94	3	47
639	0.94	3	47
640	0.94	3	47
641	0.96	2	48
642	0.96	2	48
643	0.96	2	48
644	0.96	2	48
645	0.96	2	48
646	0.96	2	48
647	0.96	2	48
648	0.96	2	48
649	0.96	2	48
650	0.96	2	48
651	0.96	2	48
652	0.96	2	48
653	0.96	2	48
654	0.98	1	49
655	0.98	1	49
656	0.98	1	49
657	0.98	1	49
658	0.96	2	48
659	0.96	2	48
660	0.96	2	48
661	0.96	2	48
662	0.96	2	48
663	0.96	2	48
664	0.96	2	48
665	0.96	2	48
666	0.96	2	48
667	0.96	2	48
668	0.96	2	48
669	0.96	2	48
670	0.96	2	48
671	0.96	2	48
672	0.96	2	48
673	0.94	3	47
674	0.94	3	47
675	0.94	3	47
676	0.94	3	47
677	0.94	3	47
678	0.94	3	47
679	0.94	3	47
680	0.94	3	47
681	0.94	3	47
682	0.94	3	47
683	0.94	3	47
684	0.94	3	47
685	0.96	2	48
686	0.96	2	48
687	0.96	2	48
688	0.94	3	47
689	0.94	3	47
690	0.94	3	47
691	0.94	3	47
692	0.94	3	47
693	0.94	3	47
694	0.94	3	47
695	0.94	3	47
696	0.94	3	47
697	0.94	3	47
698	0.94	3	47
699	0.94	3	47
700	0.94	3	47
701	0.94	3	47
702	0.94	3	47
703	0.94	3	47
704	0.94	3	47
705	0.94	3	47
706	0.94	3	47
707	0.94	3	47
708	0.96	2	48
709	0.96	2	48
710	0.96	2	48
711	0.96	2	48
712	0.96	2	48
713	0.96	2	48
714	0.96	2	48
715	0.96	2	48
716	0.96	2	48
717	0.96	2	48
718	0.96	2	48
719	0.96	2	48
720	0.96	2	48
721	0.96	2	48
722	0.96	2	48
723	0.98	1	49
724	0.98	1	49
725	0.98	1	49
726	0.98	1	49
727	0.98	1	49
728	0.98	1	49
729	0.98	1	49
730	0.98	1	49
731	0.98	1	49
732	0.98	1	49
733	0.98	1	49
734	0.98	1	49
735	0.98	1	49
736	0.98	1	49
737	0.98	1	49
738	1.00	0	50
739	1.00	0	50
740	1.00	0	50
741	1.00	0	50
742	1.00	0	50
743	1.00	0	50
744	1.00	0	50
745	1.00	0	50
746	1.00	0	50
747	1.00	0	50
748	1.00	0	50
749	1.00	0	50
750	1.00	0	50
751	1.00	0	50
752	1.00	0	50
753	0.98	1	49
754	0.98	1	49
755	0.98	1	49
756	0.98	1	49
757	0.98	1	49
758	0.96	2	48
759	0.96	2	48
760	0.94	3	47
761	0.94	3	47
762	0.94	3	47
763	0.94	3	47
764	0.94	3	47
765	0.94	3	47
766	0.94	3	47
767	0.94	3	47
768	0.94	3	47
769	0.94	3	47
770	0.94	3	47
771	0.94	3	47
772	0.94	3	47
773	0.92	4	46
774	0.92	4	46
775	0.92	4	46
776	0.92	4	46
777	0.92	4	46
778	0.92	4	46
779	0.92	4	46
780	0.90	5	45
781	0.90	5	45
782	0.90	5	45
783	0.90	5	45
784	0.90	5	45
785	0.90	5	45
786	0.90	5	45
787	0.90	5	45
788	0.90	5	45
789	0.90	5	45
790	0.90	5	45
791	0.90	5	45
792	0.90	5	45
793	0.90	5	45
794	0.90	5	45
795	0.90	5	45
796	0.90	5	45
797	0.90	5	45
798	0.90	5	45
799	0.90	5	45
800	0.90	5	45
801	0.90	5	45
802	0.90	5	45
803	0.92	4	46
804	0.92	4	46
805	0.92	4	46
806	0.92	4	46
807	0.92	4	46
808	0.94	3	47
809	0.94	3	47
810	0.96	2	48
811	0.96	2	48
812	0.96	2	48
813	0.96	2	48
814	0.94	3	47
815	0.94	3	47
816	0.94	3	47
817	0.94	3	47
818	0.94	3	47
819	0.94	3	47
820	0.94	3	47
821	0.94	3	47
822	0.94	3	47
823	0.96	2	48
824	0.96	2	48
825	0.96	2	48
826	0.96	2	48
827	0.96	2	48
828	0.96	2	48
829	0.96	2	48
830	0.98	1	49
831	0.98	1	49
832	0.96	2	48
833	0.96	2	48
834	0.96	2	48
835	0.96	2	48
836	0.96	2	48
837	0.96	2	48
838	0.96	2	48
839	0.96	2	48
840	0.96	2	48
841	0.96	2	48
842	0.96	2	48
843	0.96	2	48
844	0.96	2	48
845	0.96	2	48
846	0.96	2	48
847	0.96	2	48
848	0.96	2	48
849	0.96	2	48
850	0.96	2	48
851	0.96	2	48
852	0.96	2	48
853	0.96	2	48
854	0.96	2	48
855	0.96	2	48
856	0.94	3	47
857	0.94	3	47
858	0.94	3	47
859	0.94	3	47
860	0.94	3	47
861	0.94	3	47
862	0.94	3	47
863	0.94	3	47
864	0.96	2	48
865	0.96	2	48
866	0.96	2	48
867	0.96	2	48
868	0.96	2	48
869	0.96	2	48
870	0.96	2	48
871	0.96	2	48
872	0.96	2	48
873	0.96	2	48
874	0.96	2	48
875	0.96	2	48
876	0.96	2	48
877	0.96	2	48
878	0.96	2	48
879	0.96	2	48
880	0.96	2	48
881	0.96	2	48
882	0.98	1	49
883	0.98	1	49
884	0.98	1	49
885	0.98	1	49
886	0.98	1	49
887	0.98	1	49
888	0.98	1	49
889	0.98	1	49
890	0.98	1	49
891	0.98	1	49
892	0.98	1	49
893	0.98	1	49
894	0.98	1	49
895	0.98	1	49
896	0.98	1	49
897	0.98	1	49
898	0.98	1	49
899	0.98	1	49
900	0.98	1	49
901	0.98	1	49
902	0.98	1	49
903	0.98	1	49
904	0.98	1	49
905	0.98	1	49
906	1.00	0	50
907	1.00	0	50
908	1.00	0	50
909	1.00	0	50
910	1.00	0	50
911	1.00	0	50
912	1.00	0	50
913	1.00	0	50
914	1.00	0	50
915	1.00	0	50
916	1.00	0	50
917	1.00	0	50
918	1.00	0	50
919	1.00	0	50
920	1.00	0	50
921	1.00	0	50
922	1.00	0	50
923	1.00	0	50
924	1.00	0	50
925	1.00	0	50
926	1.00	0	50
927	1.00	0	50
928	1.00	0	50
929	1.00	0	50
930	1.00	0	50
931	1.00	0	50
932	1.00	0	50
933	1.00	0	50
934	1.00	0	50
935	1.00	0	50
936	0.98	1	49
937	0.98	1	49
938	0.98	1	49
939	0.96	2	48
940	0.96	2	48
941	0.96	2	48
942	0.96	2	48
943	0.96	2	48
944	0.94	3	47
945	0.94	3	47
946	0.92	4	46
947	0.92	4	46
948	0.92	4	46
949	0.92	4	46
950	0.92	4	46
951	0.92	4	46
952	0.92	4	46
953	0.92	4	46
954	0.92	4	46
955	0.92	4	46
956	0.92	4	46
957	0.92	4	46
958	0.92	4	46
959	0.92	4	46
960	0.92	4	46
961	0.92	4	46
962	0.92	4	46
963	0.92	4	46
964	0.92	4	46
965	0.90	5	45
966	0.90	5	45
967	0.90	5	45
968	0.90	5	45
969	0.90	5	45
970	0.90	5	45
971	0.90	5	45
972	0.90	5	45
973	0.88	6	44
974	0.88	6	44
975	0.88	6	44
976	0.88	6	44
977	0.88	6	44
978	0.88	6	44
979	0.88	6	44
980	0.88	6	44
981	0.88	6	44
982	0.88	6	44
983	0.88	6	44
984	0.88	6	44
985	0.88	6	44
986	0.90	5	45
987	0.90	5	45
988	0.90	5	45
989	0.92	4	46
990	0.92	4	46
991	0.92	4	46
992	0.92	4	46
993	0.92	4	46
994	0.94	3	47
995	0.94	3	47
996	0.96	2	48
997	0.96	2	48
998	0.96	2	48
999	0.96	2	48
1000	0.06	3	47
1001	0.08	4	46
1002	0.10	5	45
1003	0.12	6	44
1004	0.12	6	44
1005	0.12	6	44
1006	0.12	6	44
1007	0.12	6	44
1008	0.12	6	44
1009	0.14	7	43
1010	0.16	8	42
1011	0.16	8	42
1012	0.18	9	41
1013	0.20	10	40
1014	0.22	11	39
1015	0.22	11	39
1016	0.24	12	38
1017	0.26	13	37
1018	0.26	13	37
1019	0.28	14	36
1020	0.30	15	35
1021	0.32	16	34
1022	0.34	17	33
1023	0.34	17	33
1024	0.36	18	32
1025	0.38	19	31
1026	0.40	20	30
1027	0.42	21	29
1028	0.44	22	28
1029	0.46	23	27
1030	0.48	24	26
1031	0.48	24	26
1032	0.50	25	25
1033	0.52	26	24
1034	0.54	27	23
1035	0.56	28	22
1036	0.58	29	21
1037	0.60	30	20
1038	0.62	31	19
1039	0.64	32	18
1040	0.66	33	17
1041	0.68	34	16
1042	0.70	35	15
1043	0.72	36	14
1044	0.74	37	13
1045	0.76	38	12
1046	0.78	39	11
1047	0.80	40	10
1048	0.82	41	9
1049	0.84	42	8
1050	0.84	42	8
1051	0.84	42	8
1052	0.84	42	8
1053	0.84	42	8
1054	0.86	43	7
1055	0.86	43	7
1056	0.86	43	7
1057	0.88	44	6
1058	0.90	45	5
1059	0.90	45	5
1060	0.90	45	5
1061	0.92	46	4
1062	0.92	46	4
1063	0.92	46	4
1064	0.92	46	4
1065	0.92	46	4
1066	0.92	46	4
1067	0.92	46	4
1068	0.94	47	3
1069	0.94	47	3
1070	0.94	47	3
1071	0.94	47	3
1072	0.94	47	3
1073	0.94	47	3
1074	0.94	47	3
1075	0.94	47	3
1076	0.92	46	4
1077	0.92	46	4
1078	0.92	46	4
1079	0.92	46	4
1080	0.92	46	4
1081	0.92	46	4
1082	0.92	46	4
1083	0.92	46	4
1084	0.92	46	4
1085	0.92	46	4
1086	0.92	46	4
1087	0.92	46	4
1088	0.92	46	4
1089	0.92	46	4
1090	0.92	46	4
1091	0.92	46	4
1092	0.92	46	4
1093	0.92	46	4
1094	0.92	46	4
1095	0.92	46	4
1096	0.92	46	4
1097	0.92	46	4
1098	0.92	46	4
1099	0.92	46	4
1100	0.92	46	4
1101	0.92	46	4
1102	0.92	46	4
1103	0.92	46	4
1104	0.92	46	4
1105	0.94	47	3
1106	0.96	48	2
1107	0.96	48	2
1108	0.96	48	2
1109	0.94	47	3
1110	0.94	47	3
1111	0.94	47	3
1112	0.94	47	3
1113	0.94	47	3
1114	0.94	47	3
1115	0.94	47	3
1116	0.94	47	3
1117	0.94	47	3
1118	0.94	47	3
1119	0.94	47	3
1120	0.94	47	3
1121	0.94	47	3
1122	0.94	47	3
1123	0.94	47	3
1124	0.94	47	3
1125	0.92	46	4
1126	0.94	47	3
1127	0.94	47	3
1128	0.94	47	3
1129	0.94	47	3
1130	0.94	47	3
1131	0.96	48	2
1132	0.96	48	2
1133	0.96	48	2
1134	0.96	48	2
1135	0.96	48	2
1136	0.96	48	2
1137	0.96	48	2
1138	0.96	48	2
1139	0.96	48	2
1140	0.96	48	2
1141	0.96	48	2
1142	0.96	48	2
1143	0.96	48	2
1144	0.96	48	2
1145	0.96	48	2
1146	0.96	48	2
1147	0.94	47	3
1148	0.94	47	3
1149	0.94	47	3
1150	0.94	47	3
1151	0.94	47	3
1152	0.94	47	3
1153	0.94	47	3
1154	0.94	47	3
1155	0.94	47	3
1156	0.94	47	3
1157	0.94	47	3
1158	0.94	47	3
1159	0.96	48	2
1160	0.96	48	2
1161	0.96	48	2
1162	0.96	48	2
1163	0.96	48	2
1164	0.96	48	2
1165	0.96	48	2
1166	0.96	48	2
1167	0.96	48	2
1168	0.96	48	2
1169	0.96	48	2
1170	0.96	48	2
1171	0.96	48	2
1172	0.96	48	2
1173	0.94	47	3
1174	0.94	47	3
1175	0.96	48	2
1176	0.96	48	2
1177	0.96	48	2
1178	0.96	48	2
1179	0.96	48	2
1180	0.96	48	2
1181	0.96	48	2
1182	0.96	48	2
1183	0.96	48	2
1184	0.96	48	2
1185	0.96	48	2
1186	0.96	48	2
1187	0.96	48	2
1188	0.96	48	2
1189	0.96	48	2
1190	0.96	48	2
1191	0.96	48	2
1192	0.96	48	2
1193	0.96	48	2
1194	0.96	48	2
1195	0.96	48	2
1196	0.96	48	2
1197	0.98	49	1
1198	0.98	49	1
1199	0.98	49	1
1200	0.98	49	1
1201	0.98	49	1
1202	0.98	49	1
1203	0.98	49	1
1204	0.98	49	1
1205	0.98	49	1
1206	0.98	49	1
1207	0.98	49	1
1208	0.98	49	1
1209	0.98	49	1
1210	0.98	49	1
1211	0.98	49	1
1212	0.98	49	1
1213	0.98	49	1
1214	0.96	48	2
1215	0.96	48	2
1216	0.96	48	2
1217	0.96	48	2
1218	0.96	48	2
1219	0.96	48	2
1220	0.96	48	2
1221	0.96	48	2
1222	0.96	48	2
1223	0.98	49	1
1224	0.98	49	1
1225	0.96	48	2
1226	0.96	48	2
1227	0.96	48	2
1228	0.96	48	2
1229	0.96	48	2
1230	0.96	48	2
1231	0.94	47	3
1232	0.94	47	3
1233	0.94	47	3
1234	0.94	47	3
1235	0.94	47	3
1236	0.94	47	3
1237	0.92	46	4
1238	0.92	46	4
1239	0.92	46	4
1240	0.92	46	4
1241	0.92	46	4
1242	0.92	46	4
1243	0.92	46	4
1244	0.92	46	4
1245	0.92	46	4
1246	0.92	46	4
1247	0.92	46	4
1248	0.92	46	4
1249	0.92	46	4
1250	0.92	46	4
1251	0.92	46	4
1252	0.92	46	4
1253	0.92	46	4
1254	0.92	46	4
1255	0.92	46	4
1256	0.92	46	4
1257	0.90	45	5
1258	0.90	45	5
1259	0.90	45	5
1260	0.90	45	5
1261	0.90	45	5
1262	0.90	45	5
1263	0.90	45	5
1264	0.92	46	4
1265	0.92	46	4
1266	0.92	46	4
1267	0.92	46	4
1268	0.92	46	4
1269	0.90	45	5
1270	0.90	45	5
1271	0.90	45	5
1272	0.90	45	5
1273	0.90	45	5
1274	0.90	45	5
1275	0.92	46	4
1276	0.92	46	4
1277	0.92	46	4
1278	0.92	46	4
1279	0.92	46	4
1280	0.92	46	4
1281	0.94	47	3
1282	0.94	47	3
1283	0.94	47	3
1284	0.94	47	3
1285	0.94	47	3
1286	0.94	47	3
1287	0.96	48	2
1288	0.96	48	2
1289	0.94	47	3
1290	0.94	47	3
1291	0.94	47	3
1292	0.94	47	3
1293	0.94	47	3
1294	0.94	47	3
1295	0.94	47	3
1296	0.94	47	3
1297	0.94	47	3
1298	0.94	47	3
1299	0.94	47	3
1300	0.94	47	3
1301	0.94	47	3
1302	0.94	47	3
1303	0.94	47	3
1304	0.94	47	3
1305	0.94	47	3
1306	0.94	47	3
1307	0.96	48	2
1308	0.96	48	2
1309	0.96	48	2
1310	0.96	48	2
1311	0.96	48	2
1312	0.96	48	2
1313	0.96	48	2
1314	0.96	48	2
1315	0.96	48	2
1316	0.96	48	2
1317	0.94	47	3
1318	0.94	47	3
1319	0.96	48	2
1320	0.96	48	2
1321	0.96	48	2
1322	0.96	48	2
1323	0.96	48	2
1324	0.96	48	2
1325	0.96	48	2
1326	0.96	48	2
1327	0.96	48	2
1328	0.96	48	2
1329	0.94	47	3
1330	0.94	47	3
1331	0.94	47	3
1332	0.92	46	4
1333	0.92	46	4
1334	0.92	46	4
1335	0.92	46	4
1336	0.92	46	4
1337	0.92	46	4
1338	0.92	46	4
1339	0.94	47	3
1340	0.94	47	3
1341	0.94	47	3
1342	0.92	46	4
1343	0.92	46	4
1344	0.92	46	4
1345	0.92	46	4
1346	0.92	46	4
1347	0.92	46	4
1348	0.92	46	4
1349	0.92	46	4
1350	0.92	46	4
1351	0.92	46	4
1352	0.92	46	4
1353	0.92	46	4
1354	0.92	46	4
1355	0.92	46	4
1356	0.92	46	4
1357	0.92	46	4
1358	0.92	46	4
1359	0.92	46	4
1360	0.92	46	4
1361	0.92	46	4
1362	0.92	46	4
1363	0.92	46	4
1364	0.92	46	4
1365	0.92	46	4
1366	0.92	46	4
1367	0.94	47	3
1368	0.94	47	3
1369	0.94	47	3
1370	0.94	47	3
1371	0.94	47	3
1372	0.94	47	3
1373	0.94	47	3
1374	0.94	47	3
1375	0.94	47	3
1376	0.94	47	3
1377	0.94	47	3
1378	0.94	47	3
1379	0.96	48	2
1380	0.96	48	2
1381	0.96	48	2
1382	0.98	49	1
1383	0.98	49	1
1384	0.98	49	1
1385	0.98	49	1
1386	0.98	49	1
1387	0.98	49	1
1388	0.98	49	1
1389	0.98	49	1
1390	0.98	49	1
1391	0.98	49	1
1392	1.00	50	0
1393	1.00	50	0
1394	1.00	50	0
1395	1.00	50	0
1396	1.00	50	0
1397	1.00	50	0
1398	1.00	50	0
1399	1.00	50	0
1400	1.00	50	0
1401	1.00	50	0
1402	1.00	50	0
1403	1.00	50	0
1404	1.00	50	0
1405	1.00	50	0
1406	1.00	50	0
1407	1.00	50	0
1408	1.00	50	0
1409	1.00	50	0
1410	1.00	50	0
1411	1.00	50	0
1412	1.00	50	0
1413	1.00	50	0
1414	1.00	50	0
1415	0.98	49	1
1416	0.98	49	1
1417	0.98	49	1
1418	0.98	49	1
1419	0.96	48	2
1420	0.96	48	2
1421	0.96	48	2
1422	0.96	48	2
1423	0.96	48	2
1424	0.96	48	2
1425	0.96	48	2
1426	0.96	48	2
1427	0.96	48	2
1428	0.96	48	2
1429	0.96	48	2
1430	0.96	48	2
1431	0.96	48	2
1432	0.96	48	2
1433	0.96	48	2
1434	0.96	48	2
1435	0.96	48	2
1436	0.96	48	2
1437	0.96	48	2
1438	0.96	48	2
1439	0.96	48	2
1440	0.96	48	2
1441	0.96	48	2
1442	0.96	48	2
1443	0.96	48	2
1444	0.96	48	2
1445	0.96	48	2
1446	0.96	48	2
1447	0.96	48	2
1448	0.96	48	2
1449	0.96	48	2
1450	0.96	48	2
1451	0.96	48	2
1452	0.96	48	2
1453	0.96	48	2
1454	0.96	48	2
1455	0.96	48	2
1456	0.96	48	2
1457	0.96	48	2
1458	0.96	48	2
1459	0.96	48	2
1460	0.96	48	2
1461	0.96	48	2
1462	0.96	48	2
1463	0.96	48	2
1464	0.96	48	2
1465	0.98	49	1
1466	0.98	49	1
1467	0.98	49	1
1468	0.98	49	1
1469	1.00	50	0
1470	1.00	50	0
1471	1.00	50	0
1472	1.00	50	0
1473	1.00	50	0
1474	1.00	50	0
1475	1.00	50	0
1476	1.00	50	0
1477	1.00	50	0
1478	1.00	50	0
1479	1.00	50	0
1480	1.00	50	0
1481	1.00	50	0
1482	1.00	50	0
1483	1.00	50	0
1484	1.00	50	0
1485	1.00	50	0
1486	1.00	50	0
1487	1.00	50	0
1488	1.00	50	0
1489	1.00	50	0
1490	1.00	50	0
1491	1.00	50	0
1492	1.00	50	0
1493	1.00	50	0
1494	1.00	50	0
1495	1.00	50	0
1496	1.00	50	0
1497	1.00	50	0
1498	1.00	50	0
1499	1.00	50	0
1500	0.02	49	1
1501	0.02	49	1
1502	0.02	49	1
1503	0.04	48	2
1504	0.06	47	3
1505	0.06	47	3
1506	0.08	46	4
1507	0.10	45	5
1508	0.12	44	6
1509	0.14	43	7
1510	0.16	42	8
1511	0.18	41	9
1512	0.18	41	9
1513	0.20	40	10
1514	0.22	39	11
1515	0.24	38	12
1516	0.24	38	12
1517	0.24	38	12
1518	0.26	37	13
1519	0.26	37	13
1520	0.28	36	14
1521	0.30	35	15
1522	0.32	34	16
1523	0.34	33	17
1524	0.36	32	18
1525	0.38	31	19
1526	0.40	30	20
1527	0.42	29	21
1528	0.44	28	22
1529	0.46	27	23
1530	0.48	26	24
1531	0.50	25	25
1532	0.52	24	26
1533	0.54	23	27
1534	0.56	22	28
1535	0.58	21	29
1536	0.60	20	30
1537	0.62	19	31
1538	0.64	18	32
1539	0.66	17	33
1540	0.68	16	34
1541	0.70	15	35
1542	0.72	14	36
1543	0.74	13	37
1544	0.76	12	38
1545	0.78	11	39
1546	0.80	10	40
1547	0.82	9	41
1548	0.84	8	42
1549	0.86	7	43
1550	0.86	7	43
1551	0.88	6	44
1552	0.90	5	45
1553	0.90	5	45
1554	0.90	5	45
1555	0.92	4	46
1556	0.92	4	46
1557	0.92	4	46
1558	0.92	4	46
1559	0.92	4	46
1560	0.92	4	46
1561	0.92	4	46
1562	0.94	3	47
1563	0.94	3	47
1564	0.94	3	47
1565	0.94	3	47
1566	0.96	2	48
1567	0.98	1	49
1568	0.98	1	49
1569	1.00	0	50
1570	1.00	0	50
1571	1.00	0	50
1572	1.00	0	50
1573	1.00	0	50
1574	1.00	0	50
1575	1.00	0	50
1576	1.00	0	50
1577	1.00	0	50
1578	1.00	0	50
1579	1.00	0	50
1580	1.00	0	50
1581	1.00	0	50
1582	1.00	0	50
1583	1.00	0	50
1584	1.00	0	50
1585	1.00	0	50
1586	1.00	0	50
1587	1.00	0	50
1588	1.00	0	50
1589	1.00	0	50
1590	1.00	0	50
1591	1.00	0	50
1592	1.00	0	50
1593	1.00	0	50
1594	1.00	0	50
1595	1.00	0	50
1596	1.00	0	50
1597	1.00	0	50
1598	1.00	0	50
1599	1.00	0	50
1600	1.00	0	50
1601	0.98	1	49
1602	0.98	1	49
1603	0.98	1	49
1604	0.98	1	49
1605	0.98	1	49
1606	0.98	1	49
1607	0.98	1	49
1608	0.98	1	49
1609	0.98	1	49
1610	0.98	1	49
1611	0.96	2	48
1612	0.96	2	48
1613	0.96	2	48
1614	0.96	2	48
1615	0.96	2	48
1616	0.96	2	48
1617	0.96	2	48
1618	0.94	3	47
1619	0.94	3	47
1620	0.94	3	47
1621	0.94	3	47
1622	0.94	3	47
1623	0.94	3	47
1624	0.94	3	47
1625	0.94	3	47
1626	0.94	3	47
1627	0.94	3	47
1628	0.94	3	47
1629	0.94	3	47
1630	0.94	3	47
1631	0.94	3	47
1632	0.94	3	47
1633	0.94	3	47
1634	0.94	3	47
1635	0.94	3	47
1636	0.94	3	47
1637	0.94	3	47
1638	0.94	3	47
1639	0.94	3	47
1640	0.94	3	47
1641	0.94	3	47
1642	0.94	3	47
1643	0.94	3	47
1644	0.94	3	47
1645	0.94	3	47
1646	0.94	3	47
1647	0.94	3	47
1648	0.94	3	47
1649	0.92	4	46
1650	0.92	4	46
1651	0.94	3	47
1652	0.94	3	47
1653	0.94	3	47
1654	0.92	4	46
1655	0.92	4	46
1656	0.90	5	45
1657	0.90	5	45
1658	0.90	5	45
1659	0.90	5	45
1660	0.90	5	45
1661	0.92	4	46
1662	0.92	4	46
1663	0.92	4	46
1664	0.92	4	46
1665	0.92	4	46
1666	0.92	4	46
1667	0.92	4	46
1668	0.94	3	47
1669	0.94	3	47
1670	0.94	3	47
1671	0.94	3	47
1672	0.94	3	47
1673	0.94	3	47
1674	0.94	3	47
1675	0.94	3	47
1676	0.94	3	47
1677	0.92	4	46
1678	0.90	5	45
1679	0.90	5	45
1680	0.90	5	45
1681	0.88	6	44
1682	0.88	6	44
1683	0.88	6	44
1684	0.88	6	44
1685	0.88	6	44
1686	0.88	6	44
1687	0.88	6	44
1688	0.88	6	44
1689	0.88	6	44
1690	0.88	6	44
1691	0.88	6	44
1692	0.88	6	44
1693	0.88	6	44
1694	0.88	6	44
1695	0.88	6	44
1696	0.88	6	44
1697	0.88	6	44
1698	0.88	6	44
1699	0.90	5	45
1700	0.90	5	45
1701	0.90	5	45
1702	0.90	5	45
1703	0.90	5	45
1704	0.92	4	46
1705	0.92	4	46
1706	0.94	3	47
1707	0.94	3	47
1708	0.94	3	47
1709	0.94	3	47
1710	0.94	3	47
1711	0.94	3	47
1712	0.94	3	47
1713	0.94	3	47
1714	0.94	3	47
1715	0.94	3	47
1716	0.94	3	47
1717	0.94	3	47
1718	0.94	3	47
1719	0.94	3	47
1720	0.94	3	47
1721	0.94	3	47
1722	0.94	3	47
1723	0.94	3	47
1724	0.94	3	47
1725	0.94	3	47
1726	0.94	3	47
1727	0.96	2	48
1728	0.98	1	49
1729	0.98	1	49
1730	0.98	1	49
1731	1.00	0	50
1732	1.00	0	50
1733	1.00	0	50
1734	1.00	0	50
1735	1.00	0	50
1736	1.00	0	50
1737	1.00	0	50
1738	1.00	0	50
1739	1.00	0	50
1740	1.00	0	50
1741	1.00	0	50
1742	1.00	0	50
1743	1.00	0	50
1744	1.00	0	50
1745	1.00	0	50
1746	1.00	0	50
1747	1.00	0	50
1748	1.00	0	50
1749	1.00	0	50
1750	1.00	0	50
1751	1.00	0	50
1752	1.00	0	50
1753	1.00	0	50
1754	1.00	0	50
1755	1.00	0	50
1756	1.00	0	50
1757	1.00	0	50
1758	1.00	0	50
1759	1.00	0	50
1760	1.00	0	50
1761	1.00	0	50
1762	1.00	0	50
1763	1.00	0	50
1764	1.00	0	50
1765	1.00	0	50
1766	1.00	0	50
1767	1.00	0	50
1768	1.00	0	50
1769	1.00	0	50
1770	1.00	0	50
1771	1.00	0	50
1772	1.00	0	50
1773	1.00	0	50
1774	1.00	0	50
1775	1.00	0	50
1776	1.00	0	50
1777	1.00	0	50
1778	1.00	0	50
1779	1.00	0	50
1780	1.00	0	50
1781	0.98	1	49
1782	0.98	1	49
1783	0.98	1	49
1784	0.98	1	49
1785	0.98	1	49
1786	0.98	1	49
1787	0.98	1	49
1788	0.98	1	49
1789	0.98	1	49
1790	0.98	1	49
1791	0.98	1	49
1792	0.98	1	49
1793	0.98	1	49
1794	0.98	1	49
1795	0.98	1	49
1796	0.98	1	49
1797	0.98	1	49
1798	0.98	1	49
1799	0.98	1	49
1800	0.98	1	49
1801	0.98	1	49
1802	0.98	1	49
1803	0.98	1	49
1804	0.98	1	49
1805	0.98	1	49
1806	0.98	1	49
1807	0.98	1	49
1808	0.98	1	49
1809	0.98	1	49
1810	0.98	1	49
1811	0.96	2	48
1812	0.96	2	48
1813	0.96	2	48
1814	0.96	2	48
1815	0.96	2	48
1816	0.96	2	48
1817	0.96	2	48
1818	0.96	2	48
1819	0.96	2	48
1820	0.96	2	48
1821	0.96	2	48
1822	0.96	2	48
1823	0.96	2	48
1824	0.96	2	48
1825	0.96	2	48
1826	0.96	2	48
1827	0.96	2	48
1828	0.96	2	48
1829	0.96	2	48
1830	0.96	2	48
1831	0.98	1	49
1832	0.98	1	49
1833	0.98	1	49
1834	0.98	1	49
1835	0.98	1	49
1836	0.98	1	49
1837	0.98	1	49
1838	0.98	1	49
1839	0.98	1	49
1840	0.98	1	49
1841	0.98	1	49
1842	0.98	1	49
1843	0.98	1	49
1844	0.96	2	48
1845	0.96	2	48
1846	0.96	2	48
1847	0.96	2	48
1848	0.96	2	48
1849	0.96	2	48
1850	0.94	3	47
1851	0.94	3	47
1852	0.94	3	47
1853	0.94	3	47
1854	0.94	3	47
1855	0.94	3	47
1856	0.94	3	47
1857	0.94	3	47
1858	0.94	3	47
1859	0.94	3	47
1860	0.94	3	47
1861	0.96	2	48
1862	0.96	2	48
1863	0.96	2	48
1864	0.96	2	48
1865	0.96	2	48
1866	0.96	2	48
1867	0.96	2	48
1868	0.96	2	48
1869	0.94	3	47
1870	0.92	4	46
1871	0.92	4	46
1872	0.92	4	46
1873	0.92	4	46
1874	0.92	4	46
1875	0.92	4	46
1876	0.92	4	46
1877	0.92	4	46
1878	0.92	4	46
1879	0.92	4	46
1880	0.92	4	46
1881	0.92	4	46
1882	0.92	4	46
1883	0.92	4	46
1884	0.92	4	46
1885	0.92	4	46
1886	0.92	4	46
1887	0.92	4	46
1888	0.92	4	46
1889	0.90	5	45
1890	0.90	5	45
1891	0.90	5	45
1892	0.90	5	45
1893	0.90	5	45
1894	0.92	4	46
1895	0.92	4	46
1896	0.92	4	46
1897	0.92	4	46
1898	0.92	4	46
1899	0.92	4	46
1900	0.94	3	47
1901	0.94	3	47
1902	0.94	3	47
1903	0.94	3	47
1904	0.94	3	47
1905	0.94	3	47
1906	0.94	3	47
1907	0.92	4	46
1908	0.92	4	46
1909	0.90	5	45
1910	0.90	5	45
1911	0.90	5	45
1912	0.90	5	45
1913	0.90	5	45
1914	0.90	5	45
1915	0.90	5	45
1916	0.90	5	45
1917	0.90	5	45
1918	0.90	5	45
1919	0.92	4	46
1920	0.92	4	46
1921	0.92	4	46
1922	0.92	4	46
1923	0.92	4	46
1924	0.92	4	46
1925	0.92	4	46
1926	0.92	4	46
1927	0.92	4	46
1928	0.92	4	46
1929	0.92	4	46
1930	0.92	4	46
1931	0.92	4	46
1932	0.92	4	46
1933	0.92	4	46
1934	0.92	4	46
1935	0.92	4	46
1936	0.92	4	46
1937	0.92	4	46
1938	0.90	5	45
1939	0.90	5	45
1940	0.90	5	45
1941	0.90	5	45
1942	0.90	5	45
1943	0.90	5	45
1944	0.90	5	45
1945	0.88	6	44
1946	0.88	6	44
1947	0.88	6	44
1948	0.88	6	44
1949	0.88	6	44
1950	0.88	6	44
1951	0.88	6	44
1952	0.88	6	44
1953	0.88	6	44
1954	0.86	7	43
1955	0.86	7	43
1956	0.84	8	42
1957	0.86	7	43
1958	0.86	7	43
1959	0.88	6	44
1960	0.88	6	44
1961	0.88	6	44
1962	0.88	6	44
1963	0.88	6	44
1964	0.88	6	44
1965	0.88	6	44
1966	0.88	6	44
1967	0.88	6	44
1968	0.88	6	44
1969	0.88	6	44
1970	0.90	5	45
1971	0.90	5	45
1972	0.90	5	45
1973	0.90	5	45
1974	0.90	5	45
1975	0.90	5	45
1976	0.88	6	44
1977	0.88	6	44
1978	0.88	6	44
1979	0.88	6	44
1980	0.88	6	44
1981	0.88	6	44
1982	0.88	6	44
1983	0.88	6	44
1984	0.86	7	43
1985	0.86	7	43
1986	0.86	7	43
1987	0.86	7	43
1988	0.88	6	44
1989	0.90	5	45
1990	0.90	5	45
1991	0.90	5	45
1992	0.90	5	45
1993	0.90	5	45
1994	0.90	5	45
1995	0.92	4	46
1996	0.92	4	46
1997	0.92	4	46
1998	0.92	4	46
1999	0.92	4	46
2000	0.10	5	45
2001	0.10	5	45
2002	0.12	6	44
2003	0.14	7	43
2004	0.14	7	43
2005	0.16	8	42
2006	0.14	7	43
2007	0.16	8	42
2008	0.16	8	42
2009	0.16	8	42
2010	0.18	9	41
2011	0.20	10	40
2012	0.22	11	39
2013	0.24	12	38
2014	0.26	13	37
2015	0.26	13	37
2016	0.28	14	36
2017	0.30	15	35
2018	0.32	16	34
2019	0.34	17	33
2020	0.36	18	32
2021	0.38	19	31
2022	0.40	20	30
2023	0.42	21	29
2024	0.44	22	28
2025	0.46	23	27
2026	0.46	23	27
2027	0.48	24	26
2028	0.50	25	25
2029	0.52	26	24
2030	0.54	27	23
2031	0.56	28	22
2032	0.58	29	21
2033	0.60	30	20
2034	0.60	30	20
2035	0.62	31	19
2036	0.62	31	19
2037	0.64	32	18
2038	0.66	33	17
2039	0.68	34	16
2040	0.70	35	15
2041	0.72	36	14
2042	0.74	37	13
2043	0.76	38	12
2044	0.78	39	11
2045	0.80	40	10
2046	0.82	41	9
2047	0.84	42	8
2048	0.86	43	7
2049	0.88	44	6
2050	0.88	44	6
2051	0.90	45	5
2052	0.90	45	5
2053	0.90	45	5
2054	0.90	45	5
2055	0.90	45	5
2056	0.92	46	4
2057	0.92	46	4
2058	0.94	47	3
2059	0.96	48	2
2060	0.96	48	2
2061	0.96	48	2
2062	0.96	48	2
2063	0.96	48	2
2064	0.96	48	2
2065	0.98	49	1
2066	0.98	49	1
2067	0.98	49	1
2068	0.98	49	1
2069	0.98	49	1
2070	0.98	49	1
2071	0.98	49	1
2072	0.98	49	1
2073	0.98	49	1
2074	0.98	49	1
2075	0.98	49	1
2076	0.98	49	1
2077	0.98	49	1
2078	0.98	49	1
2079	0.96	48	2
2080	0.96	48	2
2081	0.96	48	2
2082	0.96	48	2
2083	0.94	47	3
2084	0.94	47	3
2085	0.94	47	3
2086	0.96	48	2
2087	0.96	48	2
2088	0.96	48	2
2089	0.96	48	2
2090	0.96	48	2
2091	0.96	48	2
2092	0.96	48	2
2093	0.96	48	2
2094	0.96	48	2
2095	0.96	48	2
2096	0.96	48	2
2097	0.96	48	2
2098	0.96	48	2
2099	0.96	48	2
2100	0.96	48	2
2101	0.96	48	2
2102	0.96	48	2
2103	0.96	48	2
2104	0.96	48	2
2105	0.96	48	2
2106	0.96	48	2
2107	0.96	48	2
2108	0.96	48	2
2109	0.96	48	2
2110	0.96	48	2
2111	0.96	48	2
2112	0.96	48	2
2113	0.96	48	2
2114	0.96	48	2
2115	0.96	48	2
2116	0.96	48	2
2117	0.96	48	2
2118	0.96	48	2
2119	0.96	48	2
2120	0.96	48	2
2121	0.96	48	2
2122	0.94	47	3
2123	0.94	47	3
2124	0.94	47	3
2125	0.94	47	3
2126	0.94	47	3
2127	0.94	47	3
2128	0.94	47	3
2129	0.96	48	2
2130	0.96	48	2
2131	0.96	48	2
2132	0.96	48	2
2133	0.98	49	1
2134	0.98	49	1
2135	0.98	49	1
2136	0.98	49	1
2137	0.98	49	1
2138	0.98	49	1
2139	0.98	49	1
2140	0.98	49	1
2141	0.98	49	1
2142	0.98	49	1
2143	0.98	49	1
2144	0.98	49	1
2145	0.98	49	1
2146	0.98	49	1
2147	0.98	49	1
2148	0.98	49	1
2149	0.98	49	1
2150	0.98	49	1
2151	0.98	49	1
2152	0.98	49	1
2153	0.98	49	1
2154	0.98	49	1
2155	0.98	49	1
2156	0.98	49	1
2157	0.98	49	1
2158	0.98	49	1
2159	0.98	49	1
2160	0.98	49	1
2161	0.98	49	1
2162	0.98	49	1
2163	0.96	48	2
2164	0.96	48	2
2165	0.96	48	2
2166	0.96	48	2
2167	0.94	47	3
2168	0.94	47	3
2169	0.92	46	4
2170	0.92	46	4
2171	0.92	46	4
2172	0.94	47	3
2173	0.94	47	3
2174	0.94	47	3
2175	0.92	46	4
2176	0.92	46	4
2177	0.92	46	4
2178	0.92	46	4
2179	0.92	46	4
2180	0.92	46	4
2181	0.92	46	4
2182	0.92	46	4
2183	0.92	46	4
2184	0.90	45	5
2185	0.90	45	5
2186	0.90	45	5
2187	0.90	45	5
2188	0.90	45	5
2189	0.90	45	5
2190	0.90	45	5
2191	0.90	45	5
2192	0.90	45	5
2193	0.90	45	5
2194	0.90	45	5
2195	0.90	45	5
2196	0.90	45	5
2197	0.90	45	5
2198	0.90	45	5
2199	0.90	45	5
2200	0.90	45	5
2201	0.90	45	5
2202	0.90	45	5
2203	0.90	45	5
2204	0.90	45	5
2205	0.90	45	5
2206	0.90	45	5
2207	0.90	45	5
2208	0.90	45	5
2209	0.90	45	5
2210	0.90	45	5
2211	0.90	45	5
2212	0.90	45	5
2213	0.90	45	5
2214	0.90	45	5
2215	0.90	45	5
2216	0.90	45	5
2217	0.92	46	4
2218	0.92	46	4
2219	0.94	47	3
2220	0.94	47	3
2221	0.94	47	3
2222	0.94	47	3
2223	0.94	47	3
2224	0.94	47	3
2225	0.96	48	2
2226	0.96	48	2
2227	0.96	48	2
2228	0.96	48	2
2229	0.96	48	2
2230	0.94	47	3
2231	0.94	47	3
2232	0.94	47	3
2233	0.94	47	3
2234	0.96	48	2
2235	0.96	48	2
2236	0.96	48	2
2237	0.96	48	2
2238	0.96	48	2
2239	0.96	48	2
2240	0.96	48	2
2241	0.96	48	2
2242	0.96	48	2
2243	0.96	48	2
2244	0.96	48	2
2245	0.96	48	2
2246	0.96	48	2
2247	0.96	48	2
2248	0.96	48	2
2249	0.96	48	2
2250	0.96	48	2
2251	0.96	48	2
2252	0.96	48	2
2253	0.96	48	2
2254	0.96	48	2
2255	0.96	48	2
2256	0.96	48	2
2257	0.96	48	2
2258	0.96	48	2
2259	0.96	48	2
2260	0.96	48	2
2261	0.96	48	2
2262	0.96	48	2
2263	0.98	49	1
2264	0.98	49	1
2265	0.96	48	2
2266	0.96	48	2
2267	0.94	47	3
2268	0.94	47	3
2269	0.94	47	3
2270	0.94	47	3
2271	0.94	47	3
2272	0.94	47	3
2273	0.94	47	3
2274	0.94	47	3
2275	0.94	47	3
2276	0.94	47	3
2277	0.94	47	3
2278	0.94	47	3
2279	0.94	47	3
2280	0.96	48	2
2281	0.96	48	2
2282	0.96	48	2
2283	0.96	48	2
2284	0.96	48	2
2285	0.96	48	2
2286	0.96	48	2
2287	0.96	48	2
2288	0.96	48	2
2289	0.96	48	2
2290	0.96	48	2
2291	0.96	48	2
2292	0.96	48	2
2293	0.96	48	2
2294	0.96	48	2
2295	0.96	48	2
2296	0.96	48	2
2297	0.96	48	2
2298	0.96	48	2
2299	0.96	48	2
2300	0.94	47	3
2301	0.94	47	3
2302	0.94	47	3
2303	0.94	47	3
2304	0.94	47	3
2305	0.92	46	4
2306	0.92	46	4
2307	0.92	46	4
2308	0.92	46	4
2309	0.92	46	4
2310	0.92	46	4
2311	0.92	46	4
2312	0.92	46	4
2313	0.92	46	4
2314	0.92	46	4
2315	0.94	47	3
2316	0.94	47	3
2317	0.96	48	2
2318	0.96	48	2
2319	0.96	48	2
2320	0.96	48	2
2321	0.96	48	2
2322	0.96	48	2
2323	0.96	48	2
2324	0.96	48	2
2325	0.96	48	2
2326	0.96	48	2
2327	0.96	48	2
2328	0.96	48	2
2329	0.96	48	2
2330	0.96	48	2
2331	0.96	48	2
2332	0.96	48	2
2333	0.94	47	3
2334	0.94	47	3
2335	0.94	47	3
2336	0.94	47	3
2337	0.94	47	3
2338	0.94	47	3
2339	0.94	47	3
2340	0.94	47	3
2341	0.94	47	3
2342	0.94	47	3
2343	0.94	47	3
2344	0.94	47	3
2345	0.94	47	3
2346	0.94	47	3
2347	0.94	47	3
2348	0.94	47	3
2349	0.94	47	3
2350	0.96	48	2
2351	0.96	48	2
2352	0.96	48	2
2353	0.96	48	2
2354	0.96	48	2
2355	0.98	49	1
2356	0.98	49	1
2357	0.98	49	1
2358	0.98	49	1
2359	0.98	49	1
2360	0.98	49	1
2361	0.98	49	1
2362	0.98	49	1
2363	0.98	49	1
2364	0.98	49	1
2365	0.98	49	1
2366	0.98	49	1
2367	0.98	49	1
2368	0.98	49	1
2369	0.98	49	1
2370	0.98	49	1
2371	0.98	49	1
2372	0.98	49	1
2373	0.98	49	1
2374	0.98	49	1
2375	0.98	49	1
2376	0.98	49	1
2377	0.98	49	1
2378	0.98	49	1
2379	0.98	49	1
2380	0.98	49	1
2381	0.98	49	1
2382	0.98	49	1
2383	1.00	50	0
2384	1.00	50	0
2385	0.98	49	1
2386	0.98	49	1
2387	0.98	49	1
2388	0.98	49	1
2389	0.98	49	1
2390	0.98	49	1
2391	0.98	49	1
2392	0.98	49	1
2393	0.98	49	1
2394	0.98	49	1
2395	0.98	49	1
2396	0.98	49	1
2397	0.98	49	1
2398	0.98	49	1
2399	0.98	49	1
2400	0.98	49	1
2401	0.98	49	1
2402	0.98	49	1
2403	0.98	49	1
2404	0.98	49	1
2405	0.98	49	1
2406	0.98	49	1
2407	0.98	49	1
2408	0.98	49	1
2409	0.98	49	1
2410	0.98	49	1
2411	0.98	49	1
2412	0.98	49	1
2413	0.98	49	1
2414	0.98	49	1
2415	0.98	49	1
2416	0.98	49	1
2417	0.98	49	1
2418	0.98	49	1
2419	0.98	49	1
2420	0.98	49	1
2421	0.98	49	1
2422	0.98	49	1
2423	0.96	48	2
2424	0.96	48	2
2425	0.96	48	2
2426	0.96	48	2
2427	0.96	48	2
2428	0.96	48	2
2429	0.96	48	2
2430	0.96	48	2
2431	0.96	48	2
2432	0.96	48	2
2433	0.96	48	2
2434	0.96	48	2
2435	0.98	49	1
2436	0.98	49	1
2437	0.98	49	1
2438	0.96	48	2
2439	0.96	48	2
2440	0.96	48	2
2441	0.96	48	2
2442	0.96	48	2
2443	0.96	48	2
2444	0.96	48	2
2445	0.94	47	3
2446	0.94	47	3
2447	0.94	47	3
2448	0.94	47	3
2449	0.94	47	3
2450	0.94	47	3
2451	0.94	47	3
2452	0.92	46	4
2453	0.92	46	4
2454	0.92	46	4
2455	0.92	46	4
2456	0.92	46	4
2457	0.90	45	5
2458	0.90	45	5
2459	0.90	45	5
2460	0.90	45	5
2461	0.90	45	5
2462	0.90	45	5
2463	0.90	45	5
2464	0.90	45	5
2465	0.90	45	5
2466	0.90	45	5
2467	0.90	45	5
2468	0.90	45	5
2469	0.90	45	5
2470	0.90	45	5
2471	0.90	45	5
2472	0.90	45	5
2473	0.92	46	4
2474	0.92	46	4
2475	0.92	46	4
2476	0.92	46	4
2477	0.92	46	4
2478	0.92	46	4
2479	0.92	46	4
2480	0.92	46	4
2481	0.92	46	4
2482	0.90	45	5
2483	0.88	44	6
2484	0.88	44	6
2485	0.88	44	6
2486	0.86	43	7
2487	0.86	43	7
2488	0.88	44	6
2489	0.88	44	6
2490	0.88	44	6
2491	0.88	44	6
2492	0.88	44	6
2493	0.88	44	6
2494	0.88	44	6
2495	0.90	45	5
2496	0.90	45	5
2497	0.90	45	5
2498	0.90	45	5
2499	0.90	45	5
2500	0.12	44	6
2501	0.14	43	7
2502	0.14	43	7
2503	0.16	42	8
2504	0.18	41	9
2505	0.20	40	10
2506	0.20	40	10
2507	0.18	41	9
2508	0.18	41	9
2509	0.20	40	10
2510	0.22	39	11
2511	0.24	38	12
2512	0.26	37	13
2513	0.28	36	14
2514	0.30	35	15
2515	0.32	34	16
2516	0.34	33	17
2517	0.36	32	18
2518	0.38	31	19
2519	0.40	30	20
2520	0.42	29	21
2521	0.44	28	22
2522	0.46	27	23
2523	0.46	27	23
2524	0.46	27	23
2525	0.46	27	23
2526	0.48	26	24
2527	0.50	25	25
2528	0.52	24	26
2529	0.54	23	27
2530	0.56	22	28
2531	0.58	21	29
2532	0.58	21	29
2533	0.58	21	29
2534	0.60	20	30
2535	0.62	19	31
2536	0.62	19	31
2537	0.64	18	32
2538	0.66	17	33
2539	0.68	16	34
2540	0.68	16	34
2541	0.70	15	35
2542	0.72	14	36
2543	0.72	14	36
2544	0.74	13	37
2545	0.76	12	38
2546	0.78	11	39
2547	0.80	10	40
2548	0.82	9	41
2549	0.84	8	42
2550	0.84	8	42
2551	0.82	9	41
2552	0.82	9	41
2553	0.82	9	41
2554	0.82	9	41
2555	0.82	9	41
2556	0.84	8	42
2557	0.86	7	43
2558	0.88	6	44
2559	0.88	6	44
2560	0.88	6	44
2561	0.88	6	44
2562	0.88	6	44
2563	0.88	6	44
2564	0.88	6	44
2565	0.88	6	44
2566	0.88	6	44
2567	0.88	6	44
2568	0.88	6	44
2569	0.88	6	44
2570	0.88	6	44
2571	0.88	6	44
2572	0.88	6	44
2573	0.90	5	45
2574	0.92	4	46
2575	0.94	3	47
2576	0.94	3	47
2577	0.94	3	47
2578	0.94	3	47
2579	0.94	3	47
2580	0.94	3	47
2581	0.94	3	47
2582	0.94	3	47
2583	0.94	3	47
2584	0.94	3	47
2585	0.94	3	47
2586	0.92	4	46
2587	0.92	4	46
2588	0.92	4	46
2589	0.92	4	46
2590	0.92	4	46
2591	0.92	4	46
2592	0.92	4	46
2593	0.94	3	47
2594	0.94	3	47
2595	0.94	3	47
2596	0.94	3	47
2597	0.94	3	47
2598	0.94	3	47
2599	0.94	3	47
2600	0.94	3	47
2601	0.94	3	47
2602	0.94	3	47
2603	0.94	3	47
2604	0.94	3	47
2605	0.92	4	46
2606	0.92	4	46
2607	0.92	4	46
2608	0.92	4	46
2609	0.92	4	46
2610	0.92	4	46
2611	0.92	4	46
2612	0.92	4	46
2613	0.92	4	46
2614	0.90	5	45
2615	0.90	5	45
2616	0.90	5	45
2617	0.90	5	45
2618	0.90	5	45
2619	0.88	6	44
2620	0.88	6	44
2621	0.88	6	44
2622	0.86	7	43
2623	0.86	7	43
2624	0.86	7	43
2625	0.86	7	43
2626	0.86	7	43
2627	0.86	7	43
2628	0.86	7	43
2629	0.86	7	43
2630	0.84	8	42
2631	0.84	8	42
2632	0.84	8	42
2633	0.84	8	42
2634	0.84	8	42
2635	0.84	8	42
2636	0.86	7	43
2637	0.86	7	43
2638	0.86	7	43
2639	0.86	7	43
2640	0.88	6	44
2641	0.88	6	44
2642	0.88	6	44
2643	0.88	6	44
2644	0.86	7	43
2645	0.86	7	43
2646	0.86	7	43
2647	0.86	7	43
2648	0.86	7	43
2649	0.86	7	43
2650	0.86	7	43
2651	0.88	6	44
2652	0.88	6	44
2653	0.86	7	43
2654	0.84	8	42
2655	0.84	8	42
2656	0.84	8	42
2657	0.84	8	42
2658	0.84	8	42
2659	0.84	8	42
2660	0.82	9	41
2661	0.82	9	41
2662	0.82	9	41
2663	0.82	9	41
2664	0.84	8	42
2665	0.84	8	42
2666	0.84	8	42
2667	0.82	9	41
2668	0.82	9	41
2669	0.84	8	42
2670	0.84	8	42
2671	0.84	8	42
2672	0.84	8	42
2673	0.84	8	42
2674	0.84	8	42
2675	0.84	8	42
2676	0.84	8	42
2677	0.84	8	42
2678	0.84	8	42
2679	0.84	8	42
2680	0.86	7	43
2681	0.86	7	43
2682	0.86	7	43
2683	0.86	7	43
2684	0.86	7	43
2685	0.86	7	43
2686	0.86	7	43
2687	0.86	7	43
2688	0.86	7	43
2689	0.86	7	43
2690	0.86	7	43
2691	0.86	7	43
2692	0.86	7	43
2693	0.86	7	43
2694	0.88	6	44
2695	0.88	6	44
2696	0.88	6	44
2697	0.88	6	44
2698	0.88	6	44
2699	0.88	6	44
2700	0.88	6	44
2701	0.88	6	44
2702	0.88	6	44
2703	0.90	5	45
2704	0.92	4	46
2705	0.94	3	47
2706	0.94	3	47
2707	0.94	3	47
2708	0.94	3	47
2709	0.94	3	47
2710	0.96	2	48
2711	0.96	2	48
2712	0.96	2	48
2713	0.96	2	48
2714	0.96	2	48
2715	0.96	2	48
2716	0.96	2	48
2717	0.98	1	49
2718	0.98	1	49
2719	0.98	1	49
2720	0.98	1	49
2721	0.98	1	49
2722	1.00	0	50
2723	1.00	0	50
2724	1.00	0	50
2725	1.00	0	50
2726	1.00	0	50
2727	1.00	0	50
2728	0.98	1	49
2729	0.98	1	49
2730	0.98	1	49
2731	0.98	1	49
2732	0.98	1	49
2733	0.98	1	49
2734	0.98	1	49
2735	0.98	1	49
2736	0.98	1	49
2737	0.98	1	49
2738	0.98	1	49
2739	0.98	1	49
2740	0.98	1	49
2741	0.98	1	49
2742	0.98	1	49
2743	0.98	1	49
2744	0.98	1	49
2745	0.98	1	49
2746	0.98	1	49
2747	0.98	1	49
2748	0.96	2	48
2749	0.96	2	48
2750	0.96	2	48
2751	0.96	2	48
2752	0.96	2	48
2753	0.96	2	48
2754	0.96	2	48
2755	0.96	2	48
2756	0.96	2	48
2757	0.96	2	48
2758	0.96	2	48
2759	0.96	2	48
2760	0.96	2	48
2761	0.96	2	48
2762	0.96	2	48
2763	0.96	2	48
2764	0.94	3	47
2765	0.94	3	47
2766	0.94	3	47
2767	0.94	3	47
2768	0.94	3	47
2769	0.94	3	47
2770	0.94	3	47
2771	0.94	3	47
2772	0.94	3	47
2773	0.94	3	47
2774	0.94	3	47
2775	0.94	3	47
2776	0.94	3	47
2777	0.94	3	47
2778	0.96	2	48
2779	0.96	2	48
2780	0.96	2	48
2781	0.96	2	48
2782	0.96	2	48
2783	0.96	2	48
2784	0.96	2	48
2785	0.96	2	48
2786	0.96	2	48
2787	0.96	2	48
2788	0.96	2	48
2789	0.96	2	48
2790	0.96	2	48
2791	0.96	2	48
2792	0.96	2	48
2793	0.96	2	48
2794	0.96	2	48
2795	0.96	2	48
2796	0.96	2	48
2797	0.96	2	48
2798	0.98	1	49
2799	0.98	1	49
2800	0.98	1	49
2801	0.98	1	49
2802	0.98	1	49
2803	0.98	1	49
2804	0.98	1	49
2805	0.98	1	49
2806	0.98	1	49
2807	0.98	1	49
2808	0.98	1	49
2809	0.98	1	49
2810	0.98	1	49
2811	0.98	1	49
2812	0.98	1	49
2813	0.98	1	49
2814	1.00	0	50
2815	1.00	0	50
2816	1.00	0	50
2817	1.00	0	50
2818	0.98	1	49
2819	0.98	1	49
2820	0.98	1	49
2821	0.96	2	48
2822	0.96	2	48
2823	0.96	2	48
2824	0.96	2	48
2825	0.96	2	48
2826	0.96	2	48
2827	0.96	2	48
2828	0.96	2	48
2829	0.96	2	48
2830	0.94	3	47
2831	0.94	3	47
2832	0.94	3	47
2833	0.92	4	46
2834	0.92	4	46
2835	0.92	4	46
2836	0.92	4	46
2837	0.92	4	46
2838	0.92	4	46
2839	0.92	4	46
2840	0.92	4	46
2841	0.92	4	46
2842	0.92	4	46
2843	0.92	4	46
2844	0.92	4	46
2845	0.92	4	46
2846	0.92	4	46
2847	0.92	4	46
2848	0.92	4	46
2849	0.92	4	46
2850	0.92	4	46
2851	0.92	4	46
2852	0.92	4	46
2853	0.92	4	46
2854	0.92	4	46
2855	0.92	4	46
2856	0.92	4	46
2857	0.92	4	46
2858	0.92	4	46
2859	0.92	4	46
2860	0.92	4	46
2861	0.92	4	46
2862	0.92	4	46
2863	0.92	4	46
2864	0.92	4	46
2865	0.92	4	46
2866	0.92	4	46
2867	0.92	4	46
2868	0.94	3	47
2869	0.94	3	47
2870	0.94	3	47
2871	0.96	2	48
2872	0.96	2	48
2873	0.96	2	48
2874	0.96	2	48
2875	0.96	2	48
2876	0.96	2	48
2877	0.94	3	47
2878	0.94	3	47
2879	0.94	3	47
2880	0.96	2	48
2881	0.96	2	48
2882	0.96	2	48
2883	0.98	1	49
2884	0.98	1	49
2885	0.98	1	49
2886	0.98	1	49
2887	0.96	2	48
2888	0.96	2	48
2889	0.96	2	48
2890	0.96	2	48
2891	0.96	2	48
2892	0.96	2	48
2893	0.96	2	48
2894	0.96	2	48
2895	0.96	2	48
2896	0.96	2	48
2897	0.96	2	48
2898	0.96	2	48
2899	0.96	2	48
2900	0.96	2	48
2901	0.96	2	48
2902	0.96	2	48
2903	0.96	2	48
2904	0.96	2	48
2905	0.96	2	48
2906	0.96	2	48
2907	0.94	3	47
2908	0.94	3	47
2909	0.94	3	47
2910	0.94	3	47
2911	0.94	3	47
2912	0.94	3	47
2913	0.94	3	47
2914	0.94	3	47
2915	0.94	3	47
2916	0.94	3	47
2917	0.94	3	47
2918	0.94	3	47
2919	0.94	3	47
2920	0.94	3	47
2921	0.94	3	47
2922	0.94	3	47
2923	0.94	3	47
2924	0.94	3	47
2925	0.94	3	47
2926	0.94	3	47
2927	0.96	2	48
2928	0.94	3	47
2929	0.94	3	47
2930	0.94	3	47
2931	0.94	3	47
2932	0.94	3	47
2933	0.94	3	47
2934	0.94	3	47
2935	0.94	3	47
2936	0.94	3	47
2937	0.96	2	48
2938	0.96	2	48
2939	0.96	2	48
2940	0.96	2	48
2941	0.96	2	48
2942	0.96	2	48
2943	0.96	2	48
2944	0.94	3	47
2945	0.92	4	46
2946	0.92	4	46
2947	0.92	4	46
2948	0.92	4	46
2949	0.92	4	46
2950	0.92	4	46
2951	0.92	4	46
2952	0.90	5	45
2953	0.88	6	44
2954	0.88	6	44
2955	0.88	6	44
2956	0.88	6	44
2957	0.90	5	45
2958	0.90	5	45
2959	0.90	5	45
2960	0.90	5	45
2961	0.90	5	45
2962	0.90	5	45
2963	0.90	5	45
2964	0.90	5	45
2965	0.90	5	45
2966	0.90	5	45
2967	0.90	5	45
2968	0.90	5	45
2969	0.90	5	45
2970	0.90	5	45
2971	0.90	5	45
2972	0.90	5	45
2973	0.90	5	45
2974	0.90	5	45
2975	0.90	5	45
2976	0.90	5	45
2977	0.90	5	45
2978	0.92	4	46
2979	0.92	4	46
2980	0.92	4	46
2981	0.92	4	46
2982	0.92	4	46
2983	0.92	4	46
2984	0.92	4	46
2985	0.92	4	46
2986	0.92	4	46
2987	0.92	4	46
2988	0.92	4	46
2989	0.92	4	46
2990	0.92	4	46
2991	0.92	4	46
2992	0.92	4	46
2993	0.92	4	46
2994	0.94	3	47
2995	0.96	2	48
2996	0.96	2	48
2997	0.96	2	48
2998	0.96	2	48
2999	0.96	2	48
