timestep	swarm_quality	color_0	color_1
0	0.68	34	16
1	0.68	34	16
2	0.68	34	16
3	0.68	34	16
4	0.68	34	16
5	0.68	34	16
6	0.68	34	16
7	0.68	34	16
8	0.68	34	16
9	0.68	34	16
10	0.68	34	16
11	0.68	34	16
12	0.66	33	17
13	0.66	33	17
14	0.66	33	17
15	0.64	32	18
16	0.64	32	18
17	0.64	32	18
18	0.64	32	18
19	0.64	32	18
20	0.64	32	18
21	0.64	32	18
22	0.64	32	18
23	0.64	32	18
24	0.64	32	18
25	0.64	32	18
26	0.64	32	18
27	0.64	32	18
28	0.64	32	18
29	0.64	32	18
30	0.64	32	18
31	0.64	32	18
32	0.64	32	18
33	0.64	32	18
34	0.62	31	19
35	0.64	32	18
36	0.66	33	17
37	0.68	34	16
38	0.70	35	15
39	0.72	36	14
40	0.74	37	13
41	0.76	38	12
42	0.78	39	11
43	0.80	40	10
44	0.82	41	9
45	0.84	42	8
46	0.86	43	7
47	0.88	44	6
48	0.90	45	5
49	0.92	46	4
50	0.94	47	3
51	0.94	47	3
52	0.94	47	3
53	0.94	47	3
54	0.94	47	3
55	0.94	47	3
56	0.94	47	3
57	0.94	47	3
58	0.94	47	3
59	0.94	47	3
60	0.94	47	3
61	0.94	47	3
62	0.96	48	2
63	0.96	48	2
64	0.96	48	2
65	0.98	49	1
66	0.98	49	1
67	0.98	49	1
68	0.98	49	1
69	0.98	49	1
70	0.98	49	1
71	0.98	49	1
72	0.98	49	1
73	0.98	49	1
74	0.96	48	2
75	0.96	48	2
76	0.96	48	2
77	0.96	48	2
78	0.96	48	2
79	0.96	48	2
80	0.96	48	2
81	0.96	48	2
82	0.96	48	2
83	0.96	48	2
84	0.98	49	1
85	0.98	49	1
86	0.98	49	1
87	0.98	49	1
88	0.98	49	1
89	0.98	49	1
90	0.96	48	2
91	0.96	48	2
92	0.96	48	2
93	0.96	48	2
94	0.96	48	2
95	0.96	48	2
96	0.96	48	2
97	0.96	48	2
98	0.96	48	2
99	0.96	48	2
100	0.96	48	2
101	0.96	48	2
102	0.96	48	2
103	0.96	48	2
104	0.96	48	2
105	0.96	48	2
106	0.96	48	2
107	0.96	48	2
108	0.96	48	2
109	0.96	48	2
110	0.96	48	2
111	0.96	48	2
112	0.96	48	2
113	0.96	48	2
114	0.96	48	2
115	0.96	48	2
116	0.96	48	2
117	0.96	48	2
118	0.96	48	2
119	0.96	48	2
120	0.96	48	2
121	0.96	48	2
122	0.96	48	2
123	0.96	48	2
124	0.98	49	1
125	0.98	49	1
126	0.98	49	1
127	0.98	49	1
128	0.98	49	1
129	0.98	49	1
130	0.98	49	1
131	0.98	49	1
132	0.98	49	1
133	0.98	49	1
134	0.98	49	1
135	0.98	49	1
136	0.98	49	1
137	0.98	49	1
138	0.98	49	1
139	0.98	49	1
140	1.00	50	0
141	1.00	50	0
142	1.00	50	0
143	1.00	50	0
144	0.98	49	1
145	0.98	49	1
146	0.98	49	1
147	0.98	49	1
148	0.98	49	1
149	0.98	49	1
150	0.98	49	1
151	0.98	49	1
152	0.98	49	1
153	0.98	49	1
154	0.98	49	1
155	0.98	49	1
156	0.98	49	1
157	0.98	49	1
158	0.98	49	1
159	0.98	49	1
160	0.98	49	1
161	0.96	48	2
162	0.96	48	2
163	0.96	48	2
164	0.96	48	2
165	0.96	48	2
166	0.96	48	2
167	0.96	48	2
168	0.96	48	2
169	0.96	48	2
170	0.96	48	2
171	0.96	48	2
172	0.94	47	3
173	0.94	47	3
174	0.94	47	3
175	0.94	47	3
176	0.94	47	3
177	0.94	47	3
178	0.94	47	3
179	0.94	47	3
180	0.94	47	3
181	0.94	47	3
182	0.94	47	3
183	0.94	47	3
184	0.94	47	3
185	0.94	47	3
186	0.94	47	3
187	0.94	47	3
188	0.94	47	3
189	0.94	47	3
190	0.94	47	3
191	0.94	47	3
192	0.94	47	3
193	0.94	47	3
194	0.96	48	2
195	0.96	48	2
196	0.96	48	2
197	0.96	48	2
198	0.96	48	2
199	0.96	48	2
200	0.96	48	2
201	0.96	48	2
202	0.96	48	2
203	0.96	48	2
204	0.96	48	2
205	0.96	48	2
206	0.96	48	2
207	0.94	47	3
208	0.94	47	3
209	0.94	47	3
210	0.94	47	3
211	0.96	48	2
212	0.96	48	2
213	0.96	48	2
214	0.96	48	2
215	0.96	48	2
216	0.96	48	2
217	0.96	48	2
218	0.96	48	2
219	0.96	48	2
220	0.96	48	2
221	0.96	48	2
222	0.98	49	1
223	0.98	49	1
224	0.96	48	2
225	0.96	48	2
226	0.96	48	2
227	0.96	48	2
228	0.96	48	2
229	0.96	48	2
230	0.96	48	2
231	0.96	48	2
232	0.96	48	2
233	0.96	48	2
234	0.96	48	2
235	0.94	47	3
236	0.94	47	3
237	0.94	47	3
238	0.94	47	3
239	0.94	47	3
240	0.94	47	3
241	0.94	47	3
242	0.94	47	3
243	0.94	47	3
244	0.94	47	3
245	0.92	46	4
246	0.92	46	4
247	0.92	46	4
248	0.92	46	4
249	0.92	46	4
250	0.92	46	4
251	0.92	46	4
252	0.92	46	4
253	0.92	46	4
254	0.92	46	4
255	0.92	46	4
256	0.92	46	4
257	0.94	47	3
258	0.94	47	3
259	0.94	47	3
260	0.94	47	3
261	0.94	47	3
262	0.94	47	3
263	0.94	47	3
264	0.94	47	3
265	0.94	47	3
266	0.92	46	4
267	0.92	46	4
268	0.92	46	4
269	0.92	46	4
270	0.92	46	4
271	0.92	46	4
272	0.92	46	4
273	0.92	46	4
274	0.94	47	3
275	0.94	47	3
276	0.92	46	4
277	0.92	46	4
278	0.92	46	4
279	0.92	46	4
280	0.92	46	4
281	0.92	46	4
282	0.92	46	4
283	0.92	46	4
284	0.92	46	4
285	0.94	47	3
286	0.94	47	3
287	0.94	47	3
288	0.94	47	3
289	0.94	47	3
290	0.94	47	3
291	0.94	47	3
292	0.94	47	3
293	0.94	47	3
294	0.94	47	3
295	0.96	48	2
296	0.96	48	2
297	0.96	48	2
298	0.96	48	2
299	0.96	48	2
300	0.96	48	2
301	0.96	48	2
302	0.96	48	2
303	0.96	48	2
304	0.96	48	2
305	0.96	48	2
306	0.96	48	2
307	0.96	48	2
308	0.94	47	3
309	0.94	47	3
310	0.94	47	3
311	0.94	47	3
312	0.94	47	3
313	0.94	47	3
314	0.94	47	3
315	0.94	47	3
316	0.96	48	2
317	0.96	48	2
318	0.96	48	2
319	0.96	48	2
320	0.96	48	2
321	0.96	48	2
322	0.96	48	2
323	0.96	48	2
324	0.96	48	2
325	0.96	48	2
326	0.98	49	1
327	0.98	49	1
328	0.98	49	1
329	0.98	49	1
330	0.98	49	1
331	0.98	49	1
332	0.98	49	1
333	0.98	49	1
334	0.98	49	1
335	0.98	49	1
336	0.98	49	1
337	0.98	49	1
338	0.98	49	1
339	0.98	49	1
340	0.98	49	1
341	0.98	49	1
342	0.98	49	1
343	0.98	49	1
344	0.98	49	1
345	0.98	49	1
346	0.98	49	1
347	0.98	49	1
348	0.98	49	1
349	0.98	49	1
350	0.98	49	1
351	0.98	49	1
352	0.98	49	1
353	0.98	49	1
354	0.98	49	1
355	0.98	49	1
356	0.98	49	1
357	0.98	49	1
358	1.00	50	0
359	1.00	50	0
360	1.00	50	0
361	1.00	50	0
362	1.00	50	0
363	1.00	50	0
364	1.00	50	0
365	1.00	50	0
366	1.00	50	0
367	1.00	50	0
368	1.00	50	0
369	1.00	50	0
370	1.00	50	0
371	1.00	50	0
372	1.00	50	0
373	1.00	50	0
374	1.00	50	0
375	1.00	50	0
376	1.00	50	0
377	1.00	50	0
378	1.00	50	0
379	1.00	50	0
380	1.00	50	0
381	1.00	50	0
382	1.00	50	0
383	1.00	50	0
384	1.00	50	0
385	1.00	50	0
386	1.00	50	0
387	1.00	50	0
388	1.00	50	0
389	0.98	49	1
390	0.98	49	1
391	0.98	49	1
392	0.96	48	2
393	0.96	48	2
394	0.96	48	2
395	0.96	48	2
396	0.96	48	2
397	0.94	47	3
398	0.94	47	3
399	0.94	47	3
400	0.94	47	3
401	0.94	47	3
402	0.94	47	3
403	0.94	47	3
404	0.94	47	3
405	0.94	47	3
406	0.94	47	3
407	0.94	47	3
408	0.94	47	3
409	0.94	47	3
410	0.94	47	3
411	0.94	47	3
412	0.94	47	3
413	0.94	47	3
414	0.92	46	4
415	0.92	46	4
416	0.92	46	4
417	0.92	46	4
418	0.92	46	4
419	0.90	45	5
420	0.90	45	5
421	0.90	45	5
422	0.90	45	5
423	0.90	45	5
424	0.90	45	5
425	0.90	45	5
426	0.90	45	5
427	0.90	45	5
428	0.90	45	5
429	0.90	45	5
430	0.90	45	5
431	0.90	45	5
432	0.90	45	5
433	0.90	45	5
434	0.90	45	5
435	0.88	44	6
436	0.88	44	6
437	0.88	44	6
438	0.88	44	6
439	0.88	44	6
440	0.88	44	6
441	0.88	44	6
442	0.90	45	5
443	0.90	45	5
444	0.90	45	5
445	0.90	45	5
446	0.90	45	5
447	0.92	46	4
448	0.92	46	4
449	0.92	46	4
450	0.92	46	4
451	0.92	46	4
452	0.92	46	4
453	0.92	46	4
454	0.92	46	4
455	0.92	46	4
456	0.92	46	4
457	0.92	46	4
458	0.92	46	4
459	0.92	46	4
460	0.92	46	4
461	0.92	46	4
462	0.92	46	4
463	0.92	46	4
464	0.94	47	3
465	0.94	47	3
466	0.94	47	3
467	0.94	47	3
468	0.94	47	3
469	0.96	48	2
470	0.96	48	2
471	0.96	48	2
472	0.96	48	2
473	0.96	48	2
474	0.96	48	2
475	0.96	48	2
476	0.96	48	2
477	0.96	48	2
478	0.96	48	2
479	0.96	48	2
480	0.96	48	2
481	0.96	48	2
482	0.96	48	2
483	0.94	47	3
484	0.94	47	3
485	0.96	48	2
486	0.96	48	2
487	0.96	48	2
488	0.96	48	2
489	0.98	49	1
490	0.98	49	1
491	0.98	49	1
492	0.98	49	1
493	0.98	49	1
494	0.98	49	1
495	0.98	49	1
496	0.98	49	1
497	0.98	49	1
498	0.98	49	1
499	0.98	49	1
500	0.04	48	2
501	0.06	47	3
502	0.06	47	3
503	0.08	46	4
504	0.08	46	4
505	0.08	46	4
506	0.10	45	5
507	0.12	44	6
508	0.14	43	7
509	0.16	42	8
510	0.18	41	9
511	0.20	40	10
512	0.22	39	11
513	0.24	38	12
514	0.26	37	13
515	0.26	37	13
516	0.28	36	14
517	0.30	35	15
518	0.32	34	16
519	0.32	34	16
520	0.34	33	17
521	0.36	32	18
522	0.38	31	19
523	0.40	30	20
524	0.42	29	21
525	0.44	28	22
526	0.46	27	23
527	0.48	26	24
528	0.50	25	25
529	0.50	25	25
530	0.50	25	25
531	0.52	24	26
532	0.54	23	27
533	0.54	23	27
534	0.56	22	28
535	0.58	21	29
536	0.60	20	30
537	0.60	20	30
538	0.60	20	30
539	0.62	19	31
540	0.64	18	32
541	0.66	17	33
542	0.68	16	34
543	0.70	15	35
544	0.72	14	36
545	0.74	13	37
546	0.76	12	38
547	0.78	11	39
548	0.80	10	40
549	0.82	9	41
550	0.82	9	41
551	0.82	9	41
552	0.84	8	42
553	0.84	8	42
554	0.86	7	43
555	0.88	6	44
556	0.88	6	44
557	0.88	6	44
558	0.88	6	44
559	0.88	6	44
560	0.88	6	44
561	0.88	6	44
562	0.88	6	44
563	0.88	6	44
564	0.88	6	44
565	0.90	5	45
566	0.90	5	45
567	0.90	5	45
568	0.90	5	45
569	0.92	4	46
570	0.92	4	46
571	0.92	4	46
572	0.92	4	46
573	0.92	4	46
574	0.92	4	46
575	0.92	4	46
576	0.92	4	46
577	0.92	4	46
578	0.92	4	46
579	0.94	3	47
580	0.96	2	48
581	0.96	2	48
582	0.96	2	48
583	0.96	2	48
584	0.96	2	48
585	0.96	2	48
586	0.96	2	48
587	0.98	1	49
588	1.00	0	50
589	1.00	0	50
590	1.00	0	50
591	0.98	1	49
592	0.98	1	49
593	0.98	1	49
594	0.98	1	49
595	0.98	1	49
596	0.98	1	49
597	0.98	1	49
598	0.98	1	49
599	0.98	1	49
600	0.98	1	49
601	0.98	1	49
602	0.98	1	49
603	0.98	1	49
604	0.98	1	49
605	0.98	1	49
606	0.98	1	49
607	0.98	1	49
608	0.98	1	49
609	0.98	1	49
610	0.98	1	49
611	0.98	1	49
612	0.98	1	49
613	0.98	1	49
614	0.98	1	49
615	0.98	1	49
616	0.96	2	48
617	0.96	2	48
618	0.96	2	48
619	0.96	2	48
620	0.96	2	48
621	0.96	2	48
622	0.96	2	48
623	0.96	2	48
624	0.94	3	47
625	0.94	3	47
626	0.94	3	47
627	0.94	3	47
628	0.94	3	47
629	0.94	3	47
630	0.94	3	47
631	0.94	3	47
632	0.94	3	47
633	0.94	3	47
634	0.94	3	47
635	0.94	3	47
636	0.94	3	47
637	0.94	3	47
638	0.94	3	47
639	0.94	3	47
640	0.94	3	47
641	0.96	2	48
642	0.96	2	48
643	0.96	2	48
644	0.96	2	48
645	0.96	2	48
646	0.96	2	48
647	0.96	2	48
648	0.96	2	48
649	0.96	2	48
650	0.94	3	47
651	0.94	3	47
652	0.94	3	47
653	0.94	3	47
654	0.94	3	47
655	0.94	3	47
656	0.94	3	47
657	0.94	3	47
658	0.94	3	47
659	0.94	3	47
660	0.94	3	47
661	0.94	3	47
662	0.94	3	47
663	0.94	3	47
664	0.94	3	47
665	0.94	3	47
666	0.96	2	48
667	0.96	2	48
668	0.96	2	48
669	0.96	2	48
670	0.96	2	48
671	0.96	2	48
672	0.96	2	48
673	0.96	2	48
674	0.98	1	49
675	0.98	1	49
676	0.98	1	49
677	0.98	1	49
678	0.98	1	49
679	0.98	1	49
680	0.98	1	49
681	0.96	2	48
682	0.96	2	48
683	0.96	2	48
684	0.96	2	48
685	0.96	2	48
686	0.96	2	48
687	0.96	2	48
688	0.96	2	48
689	0.94	3	47
690	0.94	3	47
691	0.94	3	47
692	0.94	3	47
693	0.94	3	47
694	0.94	3	47
695	0.94	3	47
696	0.94	3	47
697	0.94	3	47
698	0.94	3	47
699	0.94	3	47
700	0.96	2	48
701	0.96	2	48
702	0.96	2	48
703	0.94	3	47
704	0.94	3	47
705	0.94	3	47
706	0.94	3	47
707	0.94	3	47
708	0.94	3	47
709	0.94	3	47
710	0.94	3	47
711	0.94	3	47
712	0.94	3	47
713	0.94	3	47
714	0.94	3	47
715	0.94	3	47
716	0.94	3	47
717	0.94	3	47
718	0.94	3	47
719	0.94	3	47
720	0.94	3	47
721	0.94	3	47
722	0.94	3	47
723	0.94	3	47
724	0.94	3	47
725	0.94	3	47
726	0.94	3	47
727	0.94	3	47
728	0.94	3	47
729	0.94	3	47
730	0.94	3	47
731	0.94	3	47
732	0.94	3	47
733	0.94	3	47
734	0.94	3	47
735	0.94	3	47
736	0.92	4	46
737	0.92	4	46
738	0.92	4	46
739	0.94	3	47
740	0.94	3	47
741	0.94	3	47
742	0.92	4	46
743	0.92	4	46
744	0.92	4	46
745	0.92	4	46
746	0.92	4	46
747	0.92	4	46
748	0.92	4	46
749	0.92	4	46
750	0.92	4	46
751	0.92	4	46
752	0.92	4	46
753	0.94	3	47
754	0.94	3	47
755	0.94	3	47
756	0.94	3	47
757	0.94	3	47
758	0.94	3	47
759	0.92	4	46
760	0.92	4	46
761	0.92	4	46
762	0.92	4	46
763	0.90	5	45
764	0.90	5	45
765	0.90	5	45
766	0.90	5	45
767	0.90	5	45
768	0.90	5	45
769	0.90	5	45
770	0.90	5	45
771	0.90	5	45
772	0.90	5	45
773	0.90	5	45
774	0.90	5	45
775	0.90	5	45
776	0.90	5	45
777	0.90	5	45
778	0.90	5	45
779	0.90	5	45
780	0.88	6	44
781	0.88	6	44
782	0.88	6	44
783	0.88	6	44
784	0.88	6	44
785	0.88	6	44
786	0.90	5	45
787	0.90	5	45
788	0.90	5	45
789	0.90	5	45
790	0.90	5	45
791	0.88	6	44
792	0.90	5	45
793	0.88	6	44
794	0.88	6	44
795	0.88	6	44
796	0.88	6	44
797	0.88	6	44
798	0.88	6	44
799	0.88	6	44
800	0.88	6	44
801	0.88	6	44
802	0.88	6	44
803	0.88	6	44
804	0.86	7	43
805	0.86	7	43
806	0.86	7	43
807	0.86	7	43
808	0.86	7	43
809	0.88	6	44
810	0.88	6	44
811	0.88	6	44
812	0.88	6	44
813	0.88	6	44
814	0.88	6	44
815	0.88	6	44
816	0.88	6	44
817	0.88	6	44
818	0.88	6	44
819	0.88	6	44
820	0.88	6	44
821	0.88	6	44
822	0.88	6	44
823	0.88	6	44
824	0.88	6	44
825	0.88	6	44
826	0.88	6	44
827	0.88	6	44
828	0.88	6	44
829	0.88	6	44
830	0.90	5	45
831	0.92	4	46
832	0.92	4	46
833	0.92	4	46
834	0.92	4	46
835	0.92	4	46
836	0.92	4	46
837	0.92	4	46
838	0.92	4	46
839	0.92	4	46
840	0.92	4	46
841	0.94	3	47
842	0.94	3	47
843	0.96	2	48
844	0.96	2	48
845	0.96	2	48
846	0.96	2	48
847	0.96	2	48
848	0.96	2	48
849	0.96	2	48
850	0.96	2	48
851	0.96	2	48
852	0.96	2	48
853	0.96	2	48
854	0.98	1	49
855	0.98	1	49
856	0.98	1	49
857	0.98	1	49
858	0.98	1	49
859	0.98	1	49
860	0.98	1	49
861	0.98	1	49
862	0.98	1	49
863	1.00	0	50
864	1.00	0	50
865	1.00	0	50
866	1.00	0	50
867	1.00	0	50
868	1.00	0	50
869	0.98	1	49
870	0.98	1	49
871	0.98	1	49
872	0.98	1	49
873	0.98	1	49
874	0.98	1	49
875	0.98	1	49
876	0.98	1	49
877	0.98	1	49
878	0.98	1	49
879	0.98	1	49
880	0.98	1	49
881	0.98	1	49
882	0.98	1	49
883	0.98	1	49
884	0.98	1	49
885	0.98	1	49
886	0.98	1	49
887	0.98	1	49
888	0.98	1	49
889	0.98	1	49
890	0.98	1	49
891	0.98	1	49
892	0.98	1	49
893	0.98	1	49
894	0.98	1	49
895	0.98	1	49
896	0.98	1	49
897	0.98	1	49
898	0.96	2	48
899	0.96	2	48
900	0.96	2	48
901	0.96	2	48
902	0.96	2	48
903	0.94	3	47
904	0.94	3	47
905	0.94	3	47
906	0.92	4	46
907	0.92	4	46
908	0.92	4	46
909	0.92	4	46
910	0.92	4	46
911	0.92	4	46
912	0.92	4	46
913	0.92	4	46
914	0.92	4	46
915	0.92	4	46
916	0.92	4	46
917	0.92	4	46
918	0.90	5	45
919	0.92	4	46
920	0.92	4	46
921	0.92	4	46
922	0.92	4	46
923	0.92	4	46
924	0.92	4	46
925	0.92	4	46
926	0.92	4	46
927	0.92	4	46
928	0.92	4	46
929	0.92	4	46
930	0.92	4	46
931	0.92	4	46
932	0.92	4	46
933	0.92	4	46
934	0.92	4	46
935	0.92	4	46
936	0.92	4	46
937	0.92	4	46
938	0.92	4	46
939	0.92	4	46
940	0.92	4	46
941	0.92	4	46
942	0.92	4	46
943	0.92	4	46
944	0.92	4	46
945	0.92	4	46
946	0.92	4	46
947	0.92	4	46
948	0.94	3	47
949	0.94	3	47
950	0.94	3	47
951	0.94	3	47
952	0.94	3	47
953	0.96	2	48
954	0.96	2	48
955	0.96	2	48
956	0.98	1	49
957	0.98	1	49
958	0.98	1	49
959	0.98	1	49
960	0.98	1	49
961	0.98	1	49
962	0.98	1	49
963	0.98	1	49
964	0.98	1	49
965	0.98	1	49
966	0.98	1	49
967	0.98	1	49
968	1.00	0	50
969	1.00	0	50
970	1.00	0	50
971	1.00	0	50
972	1.00	0	50
973	1.00	0	50
974	0.98	1	49
975	0.98	1	49
976	0.98	1	49
977	0.96	2	48
978	0.96	2	48
979	0.96	2	48
980	0.96	2	48
981	0.96	2	48
982	0.96	2	48
983	0.94	3	47
984	0.94	3	47
985	0.94	3	47
986	0.94	3	47
987	0.94	3	47
988	0.94	3	47
989	0.94	3	47
990	0.94	3	47
991	0.94	3	47
992	0.92	4	46
993	0.92	4	46
994	0.92	4	46
995	0.92	4	46
996	0.92	4	46
997	0.92	4	46
998	0.92	4	46
999	0.92	4	46
1000	0.10	5	45
1001	0.12	6	44
1002	0.12	6	44
1003	0.14	7	43
1004	0.16	8	42
1005	0.16	8	42
1006	0.18	9	41
1007	0.20	10	40
1008	0.22	11	39
1009	0.24	12	38
1010	0.26	13	37
1011	0.28	14	36
1012	0.30	15	35
1013	0.32	16	34
1014	0.34	17	33
1015	0.36	18	32
1016	0.38	19	31
1017	0.38	19	31
1018	0.40	20	30
1019	0.42	21	29
1020	0.44	22	28
1021	0.44	22	28
1022	0.46	23	27
1023	0.48	24	26
1024	0.48	24	26
1025	0.50	25	25
1026	0.52	26	24
1027	0.52	26	24
1028	0.54	27	23
1029	0.56	28	22
1030	0.56	28	22
1031	0.58	29	21
1032	0.60	30	20
1033	0.60	30	20
1034	0.62	31	19
1035	0.64	32	18
1036	0.66	33	17
1037	0.68	34	16
1038	0.70	35	15
1039	0.72	36	14
1040	0.74	37	13
1041	0.76	38	12
1042	0.74	37	13
1043	0.76	38	12
1044	0.78	39	11
1045	0.80	40	10
1046	0.82	41	9
1047	0.84	42	8
1048	0.84	42	8
1049	0.86	43	7
1050	0.86	43	7
1051	0.86	43	7
1052	0.88	44	6
1053	0.88	44	6
1054	0.88	44	6
1055	0.90	45	5
1056	0.90	45	5
1057	0.88	44	6
1058	0.88	44	6
1059	0.88	44	6
1060	0.88	44	6
1061	0.88	44	6
1062	0.88	44	6
1063	0.88	44	6
1064	0.88	44	6
1065	0.88	44	6
1066	0.88	44	6
1067	0.90	45	5
1068	0.90	45	5
1069	0.90	45	5
1070	0.90	45	5
1071	0.92	46	4
1072	0.92	46	4
1073	0.92	46	4
1074	0.92	46	4
1075	0.92	46	4
1076	0.92	46	4
1077	0.92	46	4
1078	0.92	46	4
1079	0.92	46	4
1080	0.94	47	3
1081	0.94	47	3
1082	0.92	46	4
1083	0.92	46	4
1084	0.92	46	4
1085	0.92	46	4
1086	0.90	45	5
1087	0.90	45	5
1088	0.90	45	5
1089	0.90	45	5
1090	0.90	45	5
1091	0.90	45	5
1092	0.92	46	4
1093	0.92	46	4
1094	0.90	45	5
1095	0.90	45	5
1096	0.90	45	5
1097	0.90	45	5
1098	0.92	46	4
1099	0.92	46	4
1100	0.92	46	4
1101	0.92	46	4
1102	0.92	46	4
1103	0.92	46	4
1104	0.92	46	4
1105	0.92	46	4
1106	0.92	46	4
1107	0.94	47	3
1108	0.94	47	3
1109	0.94	47	3
1110	0.94	47	3
1111	0.94	47	3
1112	0.94	47	3
1113	0.94	47	3
1114	0.94	47	3
1115	0.94	47	3
1116	0.94	47	3
1117	0.94	47	3
1118	0.94	47	3
1119	0.94	47	3
1120	0.94	47	3
1121	0.94	47	3
1122	0.94	47	3
1123	0.94	47	3
1124	0.94	47	3
1125	0.94	47	3
1126	0.94	47	3
1127	0.94	47	3
1128	0.94	47	3
1129	0.94	47	3
1130	0.94	47	3
1131	0.94	47	3
1132	0.96	48	2
1133	0.96	48	2
1134	0.96	48	2
1135	0.96	48	2
1136	0.96	48	2
1137	0.96	48	2
1138	0.96	48	2
1139	0.96	48	2
1140	0.96	48	2
1141	0.96	48	2
1142	0.96	48	2
1143	0.94	47	3
1144	0.96	48	2
1145	0.96	48	2
1146	0.96	48	2
1147	0.96	48	2
1148	0.96	48	2
1149	0.96	48	2
1150	0.96	48	2
1151	0.96	48	2
1152	0.96	48	2
1153	0.96	48	2
1154	0.94	47	3
1155	0.94	47	3
1156	0.94	47	3
1157	0.94	47	3
1158	0.94	47	3
1159	0.94	47	3
1160	0.94	47	3
1161	0.94	47	3
1162	0.94	47	3
1163	0.94	47	3
1164	0.94	47	3
1165	0.94	47	3
1166	0.94	47	3
1167	0.94	47	3
1168	0.94	47	3
1169	0.92	46	4
1170	0.92	46	4
1171	0.92	46	4
1172	0.92	46	4
1173	0.92	46	4
1174	0.92	46	4
1175	0.92	46	4
1176	0.92	46	4
1177	0.90	45	5
1178	0.90	45	5
1179	0.90	45	5
1180	0.90	45	5
1181	0.90	45	5
1182	0.90	45	5
1183	0.90	45	5
1184	0.90	45	5
1185	0.90	45	5
1186	0.92	46	4
1187	0.92	46	4
1188	0.92	46	4
1189	0.92	46	4
1190	0.92	46	4
1191	0.92	46	4
1192	0.90	45	5
1193	0.92	46	4
1194	0.90	45	5
1195	0.90	45	5
1196	0.90	45	5
1197	0.90	45	5
1198	0.90	45	5
1199	0.90	45	5
1200	0.90	45	5
1201	0.90	45	5
1202	0.90	45	5
1203	0.90	45	5
1204	0.92	46	4
1205	0.92	46	4
1206	0.92	46	4
1207	0.92	46	4
1208	0.90	45	5
1209	0.90	45	5
1210	0.90	45	5
1211	0.90	45	5
1212	0.90	45	5
1213	0.90	45	5
1214	0.90	45	5
1215	0.90	45	5
1216	0.90	45	5
1217	0.90	45	5
1218	0.90	45	5
1219	0.92	46	4
1220	0.92	46	4
1221	0.92	46	4
1222	0.92	46	4
1223	0.92	46	4
1224	0.92	46	4
1225	0.92	46	4
1226	0.92	46	4
1227	0.94	47	3
1228	0.94	47	3
1229	0.94	47	3
1230	0.94	47	3
1231	0.94	47	3
1232	0.94	47	3
1233	0.94	47	3
1234	0.94	47	3
1235	0.94	47	3
1236	0.94	47	3
1237	0.94	47	3
1238	0.94	47	3
1239	0.94	47	3
1240	0.94	47	3
1241	0.94	47	3
1242	0.96	48	2
1243	0.96	48	2
1244	0.98	49	1
1245	0.98	49	1
1246	0.98	49	1
1247	0.98	49	1
1248	0.98	49	1
1249	0.98	49	1
1250	0.98	49	1
1251	0.96	48	2
1252	0.94	47	3
1253	0.94	47	3
1254	0.94	47	3
1255	0.94	47	3
1256	0.94	47	3
1257	0.94	47	3
1258	0.96	48	2
1259	0.96	48	2
1260	0.96	48	2
1261	0.96	48	2
1262	0.96	48	2
1263	0.96	48	2
1264	0.96	48	2
1265	0.96	48	2
1266	0.96	48	2
1267	0.96	48	2
1268	0.96	48	2
1269	0.96	48	2
1270	0.96	48	2
1271	0.96	48	2
1272	0.96	48	2
1273	0.96	48	2
1274	0.96	48	2
1275	0.96	48	2
1276	0.96	48	2
1277	0.96	48	2
1278	0.96	48	2
1279	0.96	48	2
1280	0.96	48	2
1281	0.96	48	2
1282	0.96	48	2
1283	0.96	48	2
1284	0.96	48	2
1285	0.96	48	2
1286	0.96	48	2
1287	0.96	48	2
1288	0.96	48	2
1289	0.96	48	2
1290	0.96	48	2
1291	0.96	48	2
1292	0.96	48	2
1293	0.96	48	2
1294	0.96	48	2
1295	0.96	48	2
1296	0.96	48	2
1297	0.96	48	2
1298	0.96	48	2
1299	0.96	48	2
1300	0.96	48	2
1301	0.98	49	1
1302	1.00	50	0
1303	1.00	50	0
1304	1.00	50	0
1305	1.00	50	0
1306	1.00	50	0
1307	1.00	50	0
1308	1.00	50	0
1309	1.00	50	0
1310	1.00	50	0
1311	1.00	50	0
1312	1.00	50	0
1313	1.00	50	0
1314	1.00	50	0
1315	1.00	50	0
1316	1.00	50	0
1317	1.00	50	0
1318	1.00	50	0
1319	1.00	50	0
1320	1.00	50	0
1321	1.00	50	0
1322	1.00	50	0
1323	1.00	50	0
1324	1.00	50	0
1325	1.00	50	0
1326	1.00	50	0
1327	1.00	50	0
1328	1.00	50	0
1329	1.00	50	0
1330	1.00	50	0
1331	1.00	50	0
1332	0.98	49	1
1333	0.98	49	1
1334	0.98	49	1
1335	0.98	49	1
1336	0.98	49	1
1337	0.98	49	1
1338	0.98	49	1
1339	0.98	49	1
1340	0.98	49	1
1341	0.98	49	1
1342	0.98	49	1
1343	0.98	49	1
1344	0.98	49	1
1345	0.98	49	1
1346	0.98	49	1
1347	0.98	49	1
1348	0.98	49	1
1349	0.98	49	1
1350	0.98	49	1
1351	0.98	49	1
1352	0.98	49	1
1353	0.98	49	1
1354	0.98	49	1
1355	0.98	49	1
1356	0.98	49	1
1357	0.98	49	1
1358	0.98	49	1
1359	0.98	49	1
1360	0.98	49	1
1361	0.98	49	1
1362	0.98	49	1
1363	0.98	49	1
1364	0.98	49	1
1365	0.98	49	1
1366	0.98	49	1
1367	0.98	49	1
1368	0.98	49	1
1369	0.98	49	1
1370	0.98	49	1
1371	0.98	49	1
1372	0.98	49	1
1373	0.98	49	1
1374	0.98	49	1
1375	0.98	49	1
1376	0.98	49	1
1377	0.98	49	1
1378	0.98	49	1
1379	0.98	49	1
1380	0.96	48	2
1381	0.96	48	2
1382	0.98	49	1
1383	0.98	49	1
1384	0.98	49	1
1385	0.98	49	1
1386	0.98	49	1
1387	0.98	49	1
1388	0.98	49	1
1389	0.98	49	1
1390	0.98	49	1
1391	0.98	49	1
1392	0.98	49	1
1393	0.98	49	1
1394	0.98	49	1
1395	0.98	49	1
1396	0.98	49	1
1397	0.98	49	1
1398	0.98	49	1
1399	0.98	49	1
1400	0.98	49	1
1401	0.98	49	1
1402	0.98	49	1
1403	0.98	49	1
1404	0.98	49	1
1405	0.98	49	1
1406	0.98	49	1
1407	0.98	49	1
1408	0.98	49	1
1409	0.98	49	1
1410	0.98	49	1
1411	0.98	49	1
1412	0.98	49	1
1413	0.98	49	1
1414	0.98	49	1
1415	0.98	49	1
1416	0.98	49	1
1417	0.98	49	1
1418	0.96	48	2
1419	0.96	48	2
1420	0.96	48	2
1421	0.96	48	2
1422	0.96	48	2
1423	0.96	48	2
1424	0.96	48	2
1425	0.96	48	2
1426	0.96	48	2
1427	0.94	47	3
1428	0.94	47	3
1429	0.94	47	3
1430	0.96	48	2
1431	0.96	48	2
1432	0.96	48	2
1433	0.96	48	2
1434	0.96	48	2
1435	0.96	48	2
1436	0.96	48	2
1437	0.94	47	3
1438	0.94	47	3
1439	0.94	47	3
1440	0.94	47	3
1441	0.94	47	3
1442	0.94	47	3
1443	0.94	47	3
1444	0.94	47	3
1445	0.94	47	3
1446	0.94	47	3
1447	0.94	47	3
1448	0.94	47	3
1449	0.94	47	3
1450	0.94	47	3
1451	0.94	47	3
1452	0.94	47	3
1453	0.94	47	3
1454	0.94	47	3
1455	0.94	47	3
1456	0.94	47	3
1457	0.94	47	3
1458	0.94	47	3
1459	0.92	46	4
1460	0.92	46	4
1461	0.92	46	4
1462	0.92	46	4
1463	0.92	46	4
1464	0.92	46	4
1465	0.92	46	4
1466	0.92	46	4
1467	0.90	45	5
1468	0.92	46	4
1469	0.92	46	4
1470	0.92	46	4
1471	0.92	46	4
1472	0.90	45	5
1473	0.90	45	5
1474	0.90	45	5
1475	0.90	45	5
1476	0.90	45	5
1477	0.92	46	4
1478	0.90	45	5
1479	0.90	45	5
1480	0.90	45	5
1481	0.88	44	6
1482	0.88	44	6
1483	0.88	44	6
1484	0.88	44	6
1485	0.88	44	6
1486	0.88	44	6
1487	0.90	45	5
1488	0.90	45	5
1489	0.90	45	5
1490	0.90	45	5
1491	0.90	45	5
1492	0.90	45	5
1493	0.90	45	5
1494	0.90	45	5
1495	0.90	45	5
1496	0.90	45	5
1497	0.90	45	5
1498	0.90	45	5
1499	0.90	45	5
1500	0.12	44	6
1501	0.12	44	6
1502	0.14	43	7
1503	0.16	42	8
1504	0.18	41	9
1505	0.20	40	10
1506	0.22	39	11
1507	0.24	38	12
1508	0.26	37	13
1509	0.24	38	12
1510	0.24	38	12
1511	0.26	37	13
1512	0.28	36	14
1513	0.30	35	15
1514	0.32	34	16
1515	0.34	33	17
1516	0.36	32	18
1517	0.36	32	18
1518	0.38	31	19
1519	0.40	30	20
1520	0.42	29	21
1521	0.44	28	22
1522	0.44	28	22
1523	0.46	27	23
1524	0.48	26	24
1525	0.50	25	25
1526	0.52	24	26
1527	0.54	23	27
1528	0.54	23	27
1529	0.56	22	28
1530	0.58	21	29
1531	0.58	21	29
1532	0.60	20	30
1533	0.62	19	31
1534	0.64	18	32
1535	0.66	17	33
1536	0.68	16	34
1537	0.70	15	35
1538	0.72	14	36
1539	0.74	13	37
1540	0.76	12	38
1541	0.78	11	39
1542	0.80	10	40
1543	0.82	9	41
1544	0.84	8	42
1545	0.86	7	43
1546	0.88	6	44
1547	0.90	5	45
1548	0.92	4	46
1549	0.94	3	47
1550	0.92	4	46
1551	0.94	3	47
1552	0.94	3	47
1553	0.94	3	47
1554	0.92	4	46
1555	0.92	4	46
1556	0.92	4	46
1557	0.90	5	45
1558	0.90	5	45
1559	0.92	4	46
1560	0.94	3	47
1561	0.94	3	47
1562	0.94	3	47
1563	0.94	3	47
1564	0.94	3	47
1565	0.94	3	47
1566	0.94	3	47
1567	0.94	3	47
1568	0.94	3	47
1569	0.94	3	47
1570	0.94	3	47
1571	0.94	3	47
1572	0.94	3	47
1573	0.94	3	47
1574	0.94	3	47
1575	0.94	3	47
1576	0.94	3	47
1577	0.94	3	47
1578	0.94	3	47
1579	0.94	3	47
1580	0.94	3	47
1581	0.94	3	47
1582	0.94	3	47
1583	0.94	3	47
1584	0.94	3	47
1585	0.94	3	47
1586	0.94	3	47
1587	0.94	3	47
1588	0.94	3	47
1589	0.94	3	47
1590	0.94	3	47
1591	0.94	3	47
1592	0.94	3	47
1593	0.94	3	47
1594	0.94	3	47
1595	0.94	3	47
1596	0.94	3	47
1597	0.94	3	47
1598	0.94	3	47
1599	0.94	3	47
1600	0.96	2	48
1601	0.96	2	48
1602	0.96	2	48
1603	0.96	2	48
1604	0.98	1	49
1605	0.96	2	48
1606	0.96	2	48
1607	0.98	1	49
1608	0.98	1	49
1609	0.98	1	49
1610	0.98	1	49
1611	0.98	1	49
1612	0.98	1	49
1613	0.98	1	49
1614	0.98	1	49
1615	0.98	1	49
1616	0.98	1	49
1617	0.98	1	49
1618	0.98	1	49
1619	0.98	1	49
1620	0.98	1	49
1621	0.98	1	49
1622	0.98	1	49
1623	0.98	1	49
1624	0.98	1	49
1625	0.98	1	49
1626	0.98	1	49
1627	0.98	1	49
1628	0.98	1	49
1629	0.98	1	49
1630	0.98	1	49
1631	0.98	1	49
1632	0.98	1	49
1633	0.98	1	49
1634	0.98	1	49
1635	0.98	1	49
1636	0.98	1	49
1637	0.98	1	49
1638	0.98	1	49
1639	0.98	1	49
1640	0.98	1	49
1641	0.96	2	48
1642	0.96	2	48
1643	0.96	2	48
1644	0.96	2	48
1645	0.96	2	48
1646	0.96	2	48
1647	0.96	2	48
1648	0.96	2	48
1649	0.96	2	48
1650	0.96	2	48
1651	0.96	2	48
1652	0.96	2	48
1653	0.96	2	48
1654	0.96	2	48
1655	0.98	1	49
1656	0.98	1	49
1657	0.98	1	49
1658	0.98	1	49
1659	0.98	1	49
1660	0.98	1	49
1661	0.96	2	48
1662	0.96	2	48
1663	0.94	3	47
1664	0.94	3	47
1665	0.94	3	47
1666	0.94	3	47
1667	0.94	3	47
1668	0.94	3	47
1669	0.94	3	47
1670	0.94	3	47
1671	0.94	3	47
1672	0.94	3	47
1673	0.94	3	47
1674	0.94	3	47
1675	0.94	3	47
1676	0.94	3	47
1677	0.94	3	47
1678	0.94	3	47
1679	0.94	3	47
1680	0.94	3	47
1681	0.94	3	47
1682	0.94	3	47
1683	0.94	3	47
1684	0.94	3	47
1685	0.94	3	47
1686	0.94	3	47
1687	0.94	3	47
1688	0.94	3	47
1689	0.94	3	47
1690	0.94	3	47
1691	0.96	2	48
1692	0.96	2	48
1693	0.94	3	47
1694	0.94	3	47
1695	0.94	3	47
1696	0.94	3	47
1697	0.94	3	47
1698	0.94	3	47
1699	0.94	3	47
1700	0.94	3	47
1701	0.94	3	47
1702	0.94	3	47
1703	0.94	3	47
1704	0.94	3	47
1705	0.94	3	47
1706	0.94	3	47
1707	0.94	3	47
1708	0.94	3	47
1709	0.94	3	47
1710	0.94	3	47
1711	0.96	2	48
1712	0.96	2	48
1713	0.98	1	49
1714	0.98	1	49
1715	0.96	2	48
1716	0.96	2	48
1717	0.96	2	48
1718	0.96	2	48
1719	0.96	2	48
1720	0.96	2	48
1721	0.96	2	48
1722	0.96	2	48
1723	0.96	2	48
1724	0.96	2	48
1725	0.96	2	48
1726	0.96	2	48
1727	0.96	2	48
1728	0.96	2	48
1729	0.96	2	48
1730	0.94	3	47
1731	0.94	3	47
1732	0.94	3	47
1733	0.94	3	47
1734	0.94	3	47
1735	0.94	3	47
1736	0.94	3	47
1737	0.94	3	47
1738	0.94	3	47
1739	0.94	3	47
1740	0.94	3	47
1741	0.94	3	47
1742	0.94	3	47
1743	0.96	2	48
1744	0.96	2	48
1745	0.96	2	48
1746	0.96	2	48
1747	0.96	2	48
1748	0.96	2	48
1749	0.96	2	48
1750	0.94	3	47
1751	0.94	3	47
1752	0.94	3	47
1753	0.94	3	47
1754	0.94	3	47
1755	0.94	3	47
1756	0.94	3	47
1757	0.94	3	47
1758	0.94	3	47
1759	0.94	3	47
1760	0.94	3	47
1761	0.94	3	47
1762	0.94	3	47
1763	0.94	3	47
1764	0.94	3	47
1765	0.96	2	48
1766	0.96	2	48
1767	0.96	2	48
1768	0.96	2	48
1769	0.96	2	48
1770	0.96	2	48
1771	0.96	2	48
1772	0.96	2	48
1773	0.96	2	48
1774	0.96	2	48
1775	0.96	2	48
1776	0.96	2	48
1777	0.96	2	48
1778	0.96	2	48
1779	0.96	2	48
1780	0.98	1	49
1781	0.98	1	49
1782	0.98	1	49
1783	0.98	1	49
1784	0.98	1	49
1785	0.98	1	49
1786	0.98	1	49
1787	0.98	1	49
1788	0.98	1	49
1789	0.98	1	49
1790	0.98	1	49
1791	0.98	1	49
1792	0.98	1	49
1793	0.98	1	49
1794	0.98	1	49
1795	0.98	1	49
1796	0.98	1	49
1797	0.98	1	49
1798	0.98	1	49
1799	0.98	1	49
1800	1.00	0	50
1801	1.00	0	50
1802	1.00	0	50
1803	1.00	0	50
1804	1.00	0	50
1805	1.00	0	50
1806	1.00	0	50
1807	1.00	0	50
1808	1.00	0	50
1809	1.00	0	50
1810	1.00	0	50
1811	1.00	0	50
1812	0.98	1	49
1813	0.98	1	49
1814	0.98	1	49
1815	0.98	1	49
1816	0.98	1	49
1817	0.98	1	49
1818	0.98	1	49
1819	0.98	1	49
1820	0.98	1	49
1821	0.98	1	49
1822	0.98	1	49
1823	0.98	1	49
1824	0.98	1	49
1825	0.98	1	49
1826	0.98	1	49
1827	0.98	1	49
1828	0.98	1	49
1829	0.98	1	49
1830	0.98	1	49
1831	0.96	2	48
1832	0.96	2	48
1833	0.96	2	48
1834	0.96	2	48
1835	0.96	2	48
1836	0.96	2	48
1837	0.94	3	47
1838	0.92	4	46
1839	0.92	4	46
1840	0.92	4	46
1841	0.92	4	46
1842	0.92	4	46
1843	0.90	5	45
1844	0.90	5	45
1845	0.90	5	45
1846	0.90	5	45
1847	0.88	6	44
1848	0.88	6	44
1849	0.88	6	44
1850	0.88	6	44
1851	0.88	6	44
1852	0.88	6	44
1853	0.88	6	44
1854	0.88	6	44
1855	0.88	6	44
1856	0.88	6	44
1857	0.88	6	44
1858	0.88	6	44
1859	0.86	7	43
1860	0.86	7	43
1861	0.86	7	43
1862	0.88	6	44
1863	0.88	6	44
1864	0.88	6	44
1865	0.88	6	44
1866	0.88	6	44
1867	0.88	6	44
1868	0.88	6	44
1869	0.88	6	44
1870	0.88	6	44
1871	0.88	6	44
1872	0.88	6	44
1873	0.88	6	44
1874	0.88	6	44
1875	0.88	6	44
1876	0.88	6	44
1877	0.88	6	44
1878	0.86	7	43
1879	0.86	7	43
1880	0.86	7	43
1881	0.88	6	44
1882	0.88	6	44
1883	0.88	6	44
1884	0.88	6	44
1885	0.88	6	44
1886	0.88	6	44
1887	0.90	5	45
1888	0.92	4	46
1889	0.92	4	46
1890	0.92	4	46
1891	0.92	4	46
1892	0.92	4	46
1893	0.94	3	47
1894	0.94	3	47
1895	0.94	3	47
1896	0.94	3	47
1897	0.96	2	48
1898	0.96	2	48
1899	0.96	2	48
1900	0.96	2	48
1901	0.96	2	48
1902	0.96	2	48
1903	0.96	2	48
1904	0.96	2	48
1905	0.96	2	48
1906	0.96	2	48
1907	0.96	2	48
1908	0.96	2	48
1909	0.98	1	49
1910	0.98	1	49
1911	0.98	1	49
1912	0.98	1	49
1913	0.98	1	49
1914	0.98	1	49
1915	0.98	1	49
1916	0.98	1	49
1917	0.98	1	49
1918	0.98	1	49
1919	0.96	2	48
1920	0.96	2	48
1921	0.96	2	48
1922	0.96	2	48
1923	0.96	2	48
1924	0.96	2	48
1925	0.96	2	48
1926	0.96	2	48
1927	0.96	2	48
1928	0.98	1	49
1929	0.98	1	49
1930	0.98	1	49
1931	0.96	2	48
1932	0.96	2	48
1933	0.96	2	48
1934	0.96	2	48
1935	0.96	2	48
1936	0.96	2	48
1937	0.96	2	48
1938	0.96	2	48
1939	0.96	2	48
1940	0.96	2	48
1941	0.96	2	48
1942	0.96	2	48
1943	0.96	2	48
1944	0.96	2	48
1945	0.96	2	48
1946	0.96	2	48
1947	0.94	3	47
1948	0.94	3	47
1949	0.94	3	47
1950	0.94	3	47
1951	0.94	3	47
1952	0.94	3	47
1953	0.94	3	47
1954	0.94	3	47
1955	0.94	3	47
1956	0.94	3	47
1957	0.94	3	47
1958	0.94	3	47
1959	0.94	3	47
1960	0.94	3	47
1961	0.94	3	47
1962	0.94	3	47
1963	0.94	3	47
1964	0.94	3	47
1965	0.94	3	47
1966	0.94	3	47
1967	0.94	3	47
1968	0.94	3	47
1969	0.94	3	47
1970	0.94	3	47
1971	0.94	3	47
1972	0.94	3	47
1973	0.94	3	47
1974	0.94	3	47
1975	0.94	3	47
1976	0.94	3	47
1977	0.94	3	47
1978	0.94	3	47
1979	0.94	3	47
1980	0.94	3	47
1981	0.96	2	48
1982	0.96	2	48
1983	0.96	2	48
1984	0.96	2	48
1985	0.96	2	48
1986	0.96	2	48
1987	0.96	2	48
1988	0.94	3	47
1989	0.94	3	47
1990	0.94	3	47
1991	0.94	3	47
1992	0.94	3	47
1993	0.94	3	47
1994	0.94	3	47
1995	0.94	3	47
1996	0.94	3	47
1997	0.96	2	48
1998	0.96	2	48
1999	0.96	2	48
2000	0.06	3	47
2001	0.08	4	46
2002	0.10	5	45
2003	0.12	6	44
2004	0.14	7	43
2005	0.16	8	42
2006	0.18	9	41
2007	0.20	10	40
2008	0.22	11	39
2009	0.24	12	38
2010	0.26	13	37
2011	0.26	13	37
2012	0.28	14	36
2013	0.30	15	35
2014	0.32	16	34
2015	0.34	17	33
2016	0.36	18	32
2017	0.38	19	31
2018	0.40	20	30
2019	0.40	20	30
2020	0.42	21	29
2021	0.44	22	28
2022	0.46	23	27
2023	0.48	24	26
2024	0.50	25	25
2025	0.52	26	24
2026	0.54	27	23
2027	0.56	28	22
2028	0.58	29	21
2029	0.60	30	20
2030	0.60	30	20
2031	0.62	31	19
2032	0.64	32	18
2033	0.66	33	17
2034	0.68	34	16
2035	0.70	35	15
2036	0.72	36	14
2037	0.74	37	13
2038	0.74	37	13
2039	0.76	38	12
2040	0.78	39	11
2041	0.80	40	10
2042	0.82	41	9
2043	0.84	42	8
2044	0.86	43	7
2045	0.88	44	6
2046	0.90	45	5
2047	0.92	46	4
2048	0.94	47	3
2049	0.96	48	2
2050	0.96	48	2
2051	0.96	48	2
2052	0.96	48	2
2053	0.96	48	2
2054	0.96	48	2
2055	0.96	48	2
2056	0.96	48	2
2057	0.96	48	2
2058	0.96	48	2
2059	0.96	48	2
2060	0.96	48	2
2061	0.98	49	1
2062	0.98	49	1
2063	0.98	49	1
2064	0.98	49	1
2065	0.98	49	1
2066	0.98	49	1
2067	0.98	49	1
2068	0.98	49	1
2069	0.96	48	2
2070	0.96	48	2
2071	0.96	48	2
2072	0.96	48	2
2073	0.96	48	2
2074	0.96	48	2
2075	0.96	48	2
2076	0.96	48	2
2077	0.96	48	2
2078	0.96	48	2
2079	0.96	48	2
2080	0.98	49	1
2081	0.98	49	1
2082	0.98	49	1
2083	0.98	49	1
2084	0.98	49	1
2085	0.98	49	1
2086	0.98	49	1
2087	0.98	49	1
2088	0.98	49	1
2089	0.98	49	1
2090	0.98	49	1
2091	0.98	49	1
2092	0.98	49	1
2093	0.98	49	1
2094	0.98	49	1
2095	0.98	49	1
2096	0.98	49	1
2097	0.98	49	1
2098	0.98	49	1
2099	0.98	49	1
2100	0.98	49	1
2101	0.98	49	1
2102	0.98	49	1
2103	0.98	49	1
2104	0.98	49	1
2105	0.98	49	1
2106	0.98	49	1
2107	0.96	48	2
2108	0.96	48	2
2109	0.96	48	2
2110	0.96	48	2
2111	0.96	48	2
2112	0.96	48	2
2113	0.96	48	2
2114	0.96	48	2
2115	0.96	48	2
2116	0.96	48	2
2117	0.96	48	2
2118	0.96	48	2
2119	0.96	48	2
2120	0.96	48	2
2121	0.96	48	2
2122	0.96	48	2
2123	0.96	48	2
2124	0.96	48	2
2125	0.96	48	2
2126	0.96	48	2
2127	0.96	48	2
2128	0.96	48	2
2129	0.96	48	2
2130	0.96	48	2
2131	0.96	48	2
2132	0.96	48	2
2133	0.96	48	2
2134	0.96	48	2
2135	0.96	48	2
2136	0.96	48	2
2137	0.96	48	2
2138	0.96	48	2
2139	0.96	48	2
2140	0.96	48	2
2141	0.96	48	2
2142	0.96	48	2
2143	0.94	47	3
2144	0.94	47	3
2145	0.94	47	3
2146	0.94	47	3
2147	0.94	47	3
2148	0.94	47	3
2149	0.94	47	3
2150	0.94	47	3
2151	0.94	47	3
2152	0.94	47	3
2153	0.94	47	3
2154	0.94	47	3
2155	0.94	47	3
2156	0.94	47	3
2157	0.96	48	2
2158	0.94	47	3
2159	0.94	47	3
2160	0.94	47	3
2161	0.94	47	3
2162	0.94	47	3
2163	0.94	47	3
2164	0.94	47	3
2165	0.94	47	3
2166	0.94	47	3
2167	0.94	47	3
2168	0.94	47	3
2169	0.96	48	2
2170	0.96	48	2
2171	0.96	48	2
2172	0.96	48	2
2173	0.96	48	2
2174	0.96	48	2
2175	0.96	48	2
2176	0.96	48	2
2177	0.96	48	2
2178	0.96	48	2
2179	0.96	48	2
2180	0.96	48	2
2181	0.96	48	2
2182	0.96	48	2
2183	0.96	48	2
2184	0.96	48	2
2185	0.96	48	2
2186	0.96	48	2
2187	0.96	48	2
2188	0.96	48	2
2189	0.96	48	2
2190	0.96	48	2
2191	0.96	48	2
2192	0.96	48	2
2193	0.98	49	1
2194	0.96	48	2
2195	0.96	48	2
2196	0.96	48	2
2197	0.96	48	2
2198	0.96	48	2
2199	0.96	48	2
2200	0.96	48	2
2201	0.96	48	2
2202	0.96	48	2
2203	0.96	48	2
2204	0.96	48	2
2205	0.96	48	2
2206	0.96	48	2
2207	0.96	48	2
2208	0.98	49	1
2209	0.98	49	1
2210	0.98	49	1
2211	0.98	49	1
2212	0.98	49	1
2213	0.98	49	1
2214	0.98	49	1
2215	0.98	49	1
2216	0.98	49	1
2217	0.98	49	1
2218	0.98	49	1
2219	0.98	49	1
2220	0.98	49	1
2221	0.98	49	1
2222	0.98	49	1
2223	0.98	49	1
2224	0.98	49	1
2225	0.98	49	1
2226	0.96	48	2
2227	0.96	48	2
2228	0.96	48	2
2229	0.94	47	3
2230	0.92	46	4
2231	0.92	46	4
2232	0.92	46	4
2233	0.92	46	4
2234	0.92	46	4
2235	0.92	46	4
2236	0.90	45	5
2237	0.90	45	5
2238	0.90	45	5
2239	0.90	45	5
2240	0.90	45	5
2241	0.90	45	5
2242	0.90	45	5
2243	0.90	45	5
2244	0.92	46	4
2245	0.92	46	4
2246	0.92	46	4
2247	0.92	46	4
2248	0.92	46	4
2249	0.92	46	4
2250	0.92	46	4
2251	0.92	46	4
2252	0.92	46	4
2253	0.92	46	4
2254	0.92	46	4
2255	0.92	46	4
2256	0.92	46	4
2257	0.90	45	5
2258	0.90	45	5
2259	0.90	45	5
2260	0.90	45	5
2261	0.90	45	5
2262	0.90	45	5
2263	0.90	45	5
2264	0.90	45	5
2265	0.90	45	5
2266	0.90	45	5
2267	0.90	45	5
2268	0.90	45	5
2269	0.90	45	5
2270	0.90	45	5
2271	0.90	45	5
2272	0.90	45	5
2273	0.90	45	5
2274	0.90	45	5
2275	0.90	45	5
2276	0.92	46	4
2277	0.92	46	4
2278	0.92	46	4
2279	0.94	47	3
2280	0.96	48	2
2281	0.96	48	2
2282	0.96	48	2
2283	0.96	48	2
2284	0.96	48	2
2285	0.96	48	2
2286	0.98	49	1
2287	0.98	49	1
2288	0.98	49	1
2289	0.98	49	1
2290	0.98	49	1
2291	0.98	49	1
2292	0.98	49	1
2293	0.98	49	1
2294	0.98	49	1
2295	0.98	49	1
2296	0.98	49	1
2297	0.98	49	1
2298	0.98	49	1
2299	0.98	49	1
2300	0.98	49	1
2301	0.98	49	1
2302	0.96	48	2
2303	0.96	48	2
2304	0.96	48	2
2305	0.94	47	3
2306	0.94	47	3
2307	0.96	48	2
2308	0.96	48	2
2309	0.96	48	2
2310	0.94	47	3
2311	0.94	47	3
2312	0.94	47	3
2313	0.94	47	3
2314	0.94	47	3
2315	0.94	47	3
2316	0.94	47	3
2317	0.94	47	3
2318	0.94	47	3
2319	0.94	47	3
2320	0.94	47	3
2321	0.94	47	3
2322	0.94	47	3
2323	0.94	47	3
2324	0.94	47	3
2325	0.94	47	3
2326	0.92	46	4
2327	0.92	46	4
2328	0.92	46	4
2329	0.92	46	4
2330	0.92	46	4
2331	0.92	46	4
2332	0.92	46	4
2333	0.92	46	4
2334	0.92	46	4
2335	0.92	46	4
2336	0.92	46	4
2337	0.90	45	5
2338	0.88	44	6
2339	0.88	44	6
2340	0.88	44	6
2341	0.88	44	6
2342	0.88	44	6
2343	0.88	44	6
2344	0.88	44	6
2345	0.88	44	6
2346	0.88	44	6
2347	0.88	44	6
2348	0.88	44	6
2349	0.88	44	6
2350	0.88	44	6
2351	0.88	44	6
2352	0.90	45	5
2353	0.90	45	5
2354	0.90	45	5
2355	0.92	46	4
2356	0.92	46	4
2357	0.90	45	5
2358	0.90	45	5
2359	0.90	45	5
2360	0.92	46	4
2361	0.90	45	5
2362	0.90	45	5
2363	0.90	45	5
2364	0.90	45	5
2365	0.90	45	5
2366	0.90	45	5
2367	0.90	45	5
2368	0.90	45	5
2369	0.90	45	5
2370	0.88	44	6
2371	0.88	44	6
2372	0.88	44	6
2373	0.88	44	6
2374	0.88	44	6
2375	0.86	43	7
2376	0.88	44	6
2377	0.88	44	6
2378	0.88	44	6
2379	0.88	44	6
2380	0.88	44	6
2381	0.88	44	6
2382	0.88	44	6
2383	0.88	44	6
2384	0.88	44	6
2385	0.88	44	6
2386	0.88	44	6
2387	0.90	45	5
2388	0.92	46	4
2389	0.92	46	4
2390	0.92	46	4
2391	0.92	46	4
2392	0.92	46	4
2393	0.92	46	4
2394	0.92	46	4
2395	0.90	45	5
2396	0.90	45	5
2397	0.88	44	6
2398	0.88	44	6
2399	0.88	44	6
2400	0.86	43	7
2401	0.86	43	7
2402	0.86	43	7
2403	0.86	43	7
2404	0.86	43	7
2405	0.86	43	7
2406	0.86	43	7
2407	0.88	44	6
2408	0.88	44	6
2409	0.88	44	6
2410	0.88	44	6
2411	0.90	45	5
2412	0.88	44	6
2413	0.88	44	6
2414	0.86	43	7
2415	0.86	43	7
2416	0.86	43	7
2417	0.86	43	7
2418	0.86	43	7
2419	0.86	43	7
2420	0.88	44	6
2421	0.88	44	6
2422	0.88	44	6
2423	0.88	44	6
2424	0.88	44	6
2425	0.90	45	5
2426	0.90	45	5
2427	0.90	45	5
2428	0.90	45	5
2429	0.90	45	5
2430	0.90	45	5
2431	0.90	45	5
2432	0.90	45	5
2433	0.90	45	5
2434	0.90	45	5
2435	0.90	45	5
2436	0.90	45	5
2437	0.90	45	5
2438	0.90	45	5
2439	0.90	45	5
2440	0.90	45	5
2441	0.88	44	6
2442	0.88	44	6
2443	0.88	44	6
2444	0.88	44	6
2445	0.90	45	5
2446	0.90	45	5
2447	0.92	46	4
2448	0.92	46	4
2449	0.92	46	4
2450	0.94	47	3
2451	0.94	47	3
2452	0.94	47	3
2453	0.94	47	3
2454	0.94	47	3
2455	0.94	47	3
2456	0.94	47	3
2457	0.92	46	4
2458	0.92	46	4
2459	0.90	45	5
2460	0.90	45	5
2461	0.90	45	5
2462	0.92	46	4
2463	0.92	46	4
2464	0.94	47	3
2465	0.94	47	3
2466	0.94	47	3
2467	0.94	47	3
2468	0.94	47	3
2469	0.94	47	3
2470	0.94	47	3
2471	0.94	47	3
2472	0.94	47	3
2473	0.94	47	3
2474	0.94	47	3
2475	0.94	47	3
2476	0.94	47	3
2477	0.94	47	3
2478	0.94	47	3
2479	0.94	47	3
2480	0.92	46	4
2481	0.92	46	4
2482	0.92	46	4
2483	0.92	46	4
2484	0.92	46	4
2485	0.92	46	4
2486	0.92	46	4
2487	0.92	46	4
2488	0.92	46	4
2489	0.92	46	4
2490	0.92	46	4
2491	0.94	47	3
2492	0.94	47	3
2493	0.94	47	3
2494	0.92	46	4
2495	0.92	46	4
2496	0.92	46	4
2497	0.92	46	4
2498	0.92	46	4
2499	0.92	46	4
2500	0.10	45	5
2501	0.10	45	5
2502	0.12	44	6
2503	0.14	43	7
2504	0.16	42	8
2505	0.18	41	9
2506	0.20	40	10
2507	0.20	40	10
2508	0.22	39	11
2509	0.22	39	11
2510	0.24	38	12
2511	0.26	37	13
2512	0.28	36	14
2513	0.30	35	15
2514	0.32	34	16
2515	0.34	33	17
2516	0.36	32	18
2517	0.38	31	19
2518	0.38	31	19
2519	0.40	30	20
2520	0.42	29	21
2521	0.44	28	22
2522	0.44	28	22
2523	0.46	27	23
2524	0.48	26	24
2525	0.50	25	25
2526	0.52	24	26
2527	0.54	23	27
2528	0.56	22	28
2529	0.58	21	29
2530	0.58	21	29
2531	0.60	20	30
2532	0.62	19	31
2533	0.64	18	32
2534	0.66	17	33
2535	0.68	16	34
2536	0.68	16	34
2537	0.70	15	35
2538	0.72	14	36
2539	0.74	13	37
2540	0.76	12	38
2541	0.76	12	38
2542	0.78	11	39
2543	0.80	10	40
2544	0.80	10	40
2545	0.82	9	41
2546	0.84	8	42
2547	0.86	7	43
2548	0.88	6	44
2549	0.90	5	45
2550	0.90	5	45
2551	0.92	4	46
2552	0.92	4	46
2553	0.92	4	46
2554	0.92	4	46
2555	0.92	4	46
2556	0.92	4	46
2557	0.92	4	46
2558	0.92	4	46
2559	0.92	4	46
2560	0.92	4	46
2561	0.92	4	46
2562	0.92	4	46
2563	0.92	4	46
2564	0.92	4	46
2565	0.90	5	45
2566	0.90	5	45
2567	0.90	5	45
2568	0.92	4	46
2569	0.92	4	46
2570	0.92	4	46
2571	0.92	4	46
2572	0.94	3	47
2573	0.94	3	47
2574	0.94	3	47
2575	0.94	3	47
2576	0.94	3	47
2577	0.94	3	47
2578	0.94	3	47
2579	0.94	3	47
2580	0.94	3	47
2581	0.94	3	47
2582	0.94	3	47
2583	0.94	3	47
2584	0.94	3	47
2585	0.92	4	46
2586	0.94	3	47
2587	0.92	4	46
2588	0.92	4	46
2589	0.92	4	46
2590	0.92	4	46
2591	0.94	3	47
2592	0.94	3	47
2593	0.94	3	47
2594	0.94	3	47
2595	0.94	3	47
2596	0.94	3	47
2597	0.94	3	47
2598	0.94	3	47
2599	0.94	3	47
2600	0.94	3	47
2601	0.94	3	47
2602	0.94	3	47
2603	0.94	3	47
2604	0.94	3	47
2605	0.94	3	47
2606	0.94	3	47
2607	0.94	3	47
2608	0.94	3	47
2609	0.94	3	47
2610	0.94	3	47
2611	0.94	3	47
2612	0.94	3	47
2613	0.94	3	47
2614	0.94	3	47
2615	0.94	3	47
2616	0.94	3	47
2617	0.94	3	47
2618	0.94	3	47
2619	0.94	3	47
2620	0.94	3	47
2621	0.94	3	47
2622	0.94	3	47
2623	0.94	3	47
2624	0.94	3	47
2625	0.94	3	47
2626	0.94	3	47
2627	0.94	3	47
2628	0.94	3	47
2629	0.94	3	47
2630	0.94	3	47
2631	0.94	3	47
2632	0.94	3	47
2633	0.94	3	47
2634	0.94	3	47
2635	0.96	2	48
2636	0.96	2	48
2637	0.98	1	49
2638	0.98	1	49
2639	0.98	1	49
2640	0.96	2	48
2641	0.96	2	48
2642	0.96	2	48
2643	0.96	2	48
2644	0.96	2	48
2645	0.96	2	48
2646	0.96	2	48
2647	0.96	2	48
2648	0.96	2	48
2649	0.96	2	48
2650	0.96	2	48
2651	0.96	2	48
2652	0.96	2	48
2653	0.96	2	48
2654	0.96	2	48
2655	0.96	2	48
2656	0.96	2	48
2657	0.96	2	48
2658	0.96	2	48
2659	0.96	2	48
2660	0.96	2	48
2661	0.96	2	48
2662	0.96	2	48
2663	0.96	2	48
2664	0.96	2	48
2665	0.98	1	49
2666	0.98	1	49
2667	0.98	1	49
2668	0.98	1	49
2669	0.98	1	49
2670	0.98	1	49
2671	0.98	1	49
2672	0.98	1	49
2673	0.98	1	49
2674	0.98	1	49
2675	0.98	1	49
2676	0.98	1	49
2677	0.98	1	49
2678	0.98	1	49
2679	0.98	1	49
2680	0.98	1	49
2681	0.98	1	49
2682	0.98	1	49
2683	0.98	1	49
2684	0.98	1	49
2685	0.98	1	49
2686	0.98	1	49
2687	0.98	1	49
2688	0.98	1	49
2689	0.98	1	49
2690	1.00	0	50
2691	1.00	0	50
2692	1.00	0	50
2693	1.00	0	50
2694	1.00	0	50
2695	1.00	0	50
2696	1.00	0	50
2697	1.00	0	50
2698	1.00	0	50
2699	1.00	0	50
2700	1.00	0	50
2701	1.00	0	50
2702	1.00	0	50
2703	1.00	0	50
2704	1.00	0	50
2705	1.00	0	50
2706	1.00	0	50
2707	1.00	0	50
2708	1.00	0	50
2709	1.00	0	50
2710	1.00	0	50
2711	1.00	0	50
2712	1.00	0	50
2713	0.98	1	49
2714	0.98	1	49
2715	0.98	1	49
2716	0.98	1	49
2717	0.98	1	49
2718	0.98	1	49
2719	0.98	1	49
2720	0.98	1	49
2721	0.98	1	49
2722	0.98	1	49
2723	0.98	1	49
2724	0.98	1	49
2725	0.98	1	49
2726	0.98	1	49
2727	0.98	1	49
2728	0.98	1	49
2729	0.98	1	49
2730	0.98	1	49
2731	0.98	1	49
2732	0.98	1	49
2733	0.98	1	49
2734	0.98	1	49
2735	0.98	1	49
2736	0.98	1	49
2737	0.98	1	49
2738	0.98	1	49
2739	0.98	1	49
2740	0.98	1	49
2741	0.98	1	49
2742	0.98	1	49
2743	0.98	1	49
2744	0.98	1	49
2745	0.98	1	49
2746	0.98	1	49
2747	0.98	1	49
2748	0.98	1	49
2749	0.98	1	49
2750	0.98	1	49
2751	0.98	1	49
2752	0.98	1	49
2753	0.98	1	49
2754	0.98	1	49
2755	0.98	1	49
2756	0.98	1	49
2757	0.98	1	49
2758	0.98	1	49
2759	0.98	1	49
2760	0.98	1	49
2761	0.98	1	49
2762	0.98	1	49
2763	1.00	0	50
2764	1.00	0	50
2765	1.00	0	50
2766	1.00	0	50
2767	1.00	0	50
2768	1.00	0	50
2769	1.00	0	50
2770	0.98	1	49
2771	0.98	1	49
2772	0.98	1	49
2773	0.98	1	49
2774	0.98	1	49
2775	0.98	1	49
2776	0.98	1	49
2777	0.98	1	49
2778	0.98	1	49
2779	0.98	1	49
2780	0.98	1	49
2781	0.98	1	49
2782	0.98	1	49
2783	0.98	1	49
2784	0.98	1	49
2785	0.98	1	49
2786	0.98	1	49
2787	0.98	1	49
2788	0.98	1	49
2789	0.98	1	49
2790	0.98	1	49
2791	0.98	1	49
2792	0.98	1	49
2793	0.98	1	49
2794	0.98	1	49
2795	0.98	1	49
2796	0.98	1	49
2797	0.98	1	49
2798	0.98	1	49
2799	0.98	1	49
2800	0.98	1	49
2801	0.98	1	49
2802	0.98	1	49
2803	0.98	1	49
2804	0.96	2	48
2805	0.94	3	47
2806	0.94	3	47
2807	0.94	3	47
2808	0.94	3	47
2809	0.94	3	47
2810	0.94	3	47
2811	0.94	3	47
2812	0.94	3	47
2813	0.94	3	47
2814	0.94	3	47
2815	0.94	3	47
2816	0.94	3	47
2817	0.94	3	47
2818	0.94	3	47
2819	0.94	3	47
2820	0.96	2	48
2821	0.96	2	48
2822	0.96	2	48
2823	0.96	2	48
2824	0.96	2	48
2825	0.96	2	48
2826	0.96	2	48
2827	0.96	2	48
2828	0.96	2	48
2829	0.96	2	48
2830	0.96	2	48
2831	0.96	2	48
2832	0.96	2	48
2833	0.96	2	48
2834	0.96	2	48
2835	0.96	2	48
2836	0.96	2	48
2837	0.96	2	48
2838	0.96	2	48
2839	0.96	2	48
2840	0.96	2	48
2841	0.96	2	48
2842	0.96	2	48
2843	0.96	2	48
2844	0.96	2	48
2845	0.96	2	48
2846	0.96	2	48
2847	0.96	2	48
2848	0.96	2	48
2849	0.96	2	48
2850	0.96	2	48
2851	0.96	2	48
2852	0.96	2	48
2853	0.96	2	48
2854	0.98	1	49
2855	1.00	0	50
2856	1.00	0	50
2857	1.00	0	50
2858	1.00	0	50
2859	1.00	0	50
2860	1.00	0	50
2861	1.00	0	50
2862	1.00	0	50
2863	1.00	0	50
2864	1.00	0	50
2865	1.00	0	50
2866	1.00	0	50
2867	1.00	0	50
2868	1.00	0	50
2869	1.00	0	50
2870	1.00	0	50
2871	1.00	0	50
2872	1.00	0	50
2873	0.98	1	49
2874	0.98	1	49
2875	0.98	1	49
2876	0.98	1	49
2877	0.98	1	49
2878	0.98	1	49
2879	0.98	1	49
2880	0.98	1	49
2881	0.98	1	49
2882	0.98	1	49
2883	0.98	1	49
2884	0.98	1	49
2885	0.98	1	49
2886	0.98	1	49
2887	0.98	1	49
2888	0.98	1	49
2889	0.98	1	49
2890	0.98	1	49
2891	0.98	1	49
2892	0.98	1	49
2893	0.98	1	49
2894	0.98	1	49
2895	0.98	1	49
2896	0.98	1	49
2897	0.96	2	48
2898	0.96	2	48
2899	0.96	2	48
2900	0.96	2	48
2901	0.96	2	48
2902	0.96	2	48
2903	0.96	2	48
2904	0.96	2	48
2905	0.96	2	48
2906	0.96	2	48
2907	0.96	2	48
2908	0.96	2	48
2909	0.96	2	48
2910	0.96	2	48
2911	0.96	2	48
2912	0.96	2	48
2913	0.96	2	48
2914	0.96	2	48
2915	0.96	2	48
2916	0.96	2	48
2917	0.96	2	48
2918	0.96	2	48
2919	0.96	2	48
2920	0.96	2	48
2921	0.96	2	48
2922	0.96	2	48
2923	0.98	1	49
2924	0.98	1	49
2925	0.98	1	49
2926	0.98	1	49
2927	0.98	1	49
2928	0.98	1	49
2929	0.98	1	49
2930	0.98	1	49
2931	0.98	1	49
2932	0.96	2	48
2933	0.96	2	48
2934	0.96	2	48
2935	0.96	2	48
2936	0.96	2	48
2937	0.96	2	48
2938	0.96	2	48
2939	0.96	2	48
2940	0.94	3	47
2941	0.94	3	47
2942	0.94	3	47
2943	0.94	3	47
2944	0.94	3	47
2945	0.92	4	46
2946	0.92	4	46
2947	0.94	3	47
2948	0.94	3	47
2949	0.94	3	47
2950	0.94	3	47
2951	0.94	3	47
2952	0.94	3	47
2953	0.94	3	47
2954	0.94	3	47
2955	0.94	3	47
2956	0.94	3	47
2957	0.94	3	47
2958	0.94	3	47
2959	0.92	4	46
2960	0.92	4	46
2961	0.92	4	46
2962	0.92	4	46
2963	0.92	4	46
2964	0.92	4	46
2965	0.92	4	46
2966	0.92	4	46
2967	0.92	4	46
2968	0.92	4	46
2969	0.92	4	46
2970	0.92	4	46
2971	0.92	4	46
2972	0.92	4	46
2973	0.92	4	46
2974	0.92	4	46
2975	0.92	4	46
2976	0.92	4	46
2977	0.92	4	46
2978	0.92	4	46
2979	0.92	4	46
2980	0.92	4	46
2981	0.90	5	45
2982	0.92	4	46
2983	0.92	4	46
2984	0.92	4	46
2985	0.92	4	46
2986	0.92	4	46
2987	0.92	4	46
2988	0.92	4	46
2989	0.92	4	46
2990	0.92	4	46
2991	0.92	4	46
2992	0.92	4	46
2993	0.92	4	46
2994	0.92	4	46
2995	0.94	3	47
2996	0.92	4	46
2997	0.90	5	45
2998	0.90	5	45
2999	0.90	5	45
