timestep	swarm_quality	color_0	color_1	color_2	color_3	color_4
0	0.70	35	5	4	1	5
1	0.70	35	5	4	1	5
2	0.68	34	5	5	1	5
3	0.66	33	5	5	2	5
4	0.66	33	5	5	2	5
5	0.64	32	5	5	3	5
6	0.64	32	5	5	3	5
7	0.64	32	5	5	3	5
8	0.64	32	5	5	3	5
9	0.64	32	5	5	3	5
10	0.62	31	5	5	4	5
11	0.62	31	5	5	4	5
12	0.62	31	5	5	4	5
13	0.62	31	5	5	4	5
14	0.62	31	5	5	4	5
15	0.62	31	5	5	4	5
16	0.62	31	5	5	4	5
17	0.62	31	5	5	4	5
18	0.62	31	5	5	4	5
19	0.62	31	5	5	4	5
20	0.62	31	5	5	4	5
21	0.62	31	5	5	4	5
22	0.62	31	5	5	4	5
23	0.62	31	5	5	4	5
24	0.60	30	5	6	4	5
25	0.58	29	5	7	4	5
26	0.58	29	5	7	4	5
27	0.58	29	5	7	4	5
28	0.58	29	5	7	4	5
29	0.58	29	5	7	4	5
30	0.56	28	5	7	4	6
31	0.56	28	5	7	4	6
32	0.54	27	5	7	4	7
33	0.54	27	5	7	4	7
34	0.54	27	5	7	4	7
35	0.56	28	5	6	4	7
36	0.58	29	5	5	4	7
37	0.60	30	5	5	4	6
38	0.62	31	4	5	4	6
39	0.64	32	4	5	4	5
40	0.66	33	3	5	4	5
41	0.68	34	3	5	3	5
42	0.70	35	2	5	3	5
43	0.72	36	2	5	3	4
44	0.72	36	3	4	3	4
45	0.74	37	2	4	3	4
46	0.76	38	2	4	3	3
47	0.78	39	1	4	3	3
48	0.80	40	1	3	3	3
49	0.82	41	1	3	3	2
50	0.82	41	1	3	3	2
51	0.82	41	1	3	3	2
52	0.84	42	1	2	3	2
53	0.86	43	1	2	2	2
54	0.86	43	1	2	2	2
55	0.88	44	1	2	1	2
56	0.88	44	1	2	1	2
57	0.88	44	1	2	1	2
58	0.88	44	1	2	1	2
59	0.88	44	1	2	1	2
60	0.90	45	1	2	0	2
61	0.90	45	1	2	0	2
62	0.90	45	1	2	0	2
63	0.90	45	1	2	0	2
64	0.90	45	1	2	0	2
65	0.90	45	1	2	0	2
66	0.90	45	1	2	0	2
67	0.90	45	1	2	0	2
68	0.90	45	1	2	0	2
69	0.90	45	1	2	0	2
70	0.90	45	1	2	0	2
71	0.90	45	1	2	0	2
72	0.90	45	1	2	0	2
73	0.90	45	1	2	0	2
74	0.92	46	1	1	0	2
75	0.94	47	1	0	0	2
76	0.94	47	1	0	0	2
77	0.94	47	1	0	0	2
78	0.94	47	1	0	0	2
79	0.92	46	1	0	1	2
80	0.94	47	1	0	1	1
81	0.92	46	1	0	1	2
82	0.94	47	1	0	1	1
83	0.94	47	1	0	1	1
84	0.94	47	1	0	1	1
85	0.94	47	1	0	1	1
86	0.94	47	1	0	1	1
87	0.94	47	1	0	1	1
88	0.94	47	1	0	1	1
89	0.94	47	1	0	1	1
90	0.94	47	1	0	1	1
91	0.94	47	1	0	1	1
92	0.92	46	1	0	1	2
93	0.90	45	1	0	1	3
94	0.92	46	0	0	1	3
95	0.92	46	0	0	1	3
96	0.92	46	0	0	1	3
97	0.92	46	0	0	1	3
98	0.92	46	0	0	1	3
99	0.92	46	0	0	1	3
100	0.92	46	0	0	1	3
101	0.92	46	0	0	1	3
102	0.92	46	0	0	1	3
103	0.92	46	0	0	1	3
104	0.92	46	0	0	1	3
105	0.92	46	0	0	1	3
106	0.92	46	0	0	1	3
107	0.90	45	0	0	1	4
108	0.90	45	0	0	1	4
109	0.88	44	0	1	1	4
110	0.88	44	0	1	1	4
111	0.88	44	0	1	1	4
112	0.88	44	0	1	1	4
113	0.88	44	0	1	1	4
114	0.88	44	0	1	1	4
115	0.88	44	0	1	1	4
116	0.88	44	0	1	1	4
117	0.88	44	0	1	1	4
118	0.88	44	0	1	1	4
119	0.88	44	0	1	1	4
120	0.88	44	0	1	1	4
121	0.88	44	0	1	1	4
122	0.88	44	0	1	1	4
123	0.88	44	0	1	1	4
124	0.88	44	0	1	1	4
125	0.88	44	0	1	1	4
126	0.88	44	0	1	1	4
127	0.88	44	0	1	1	4
128	0.88	44	0	1	1	4
129	0.90	45	0	1	0	4
130	0.90	45	0	1	0	4
131	0.92	46	0	1	0	3
132	0.92	46	0	1	0	3
133	0.92	46	0	1	0	3
134	0.92	46	0	1	0	3
135	0.92	46	0	1	0	3
136	0.92	46	0	1	0	3
137	0.92	46	0	1	0	3
138	0.92	46	0	1	0	3
139	0.92	46	0	1	0	3
140	0.92	46	0	1	0	3
141	0.90	45	0	1	1	3
142	0.92	46	0	1	1	2
143	0.94	47	0	1	1	1
144	0.94	47	0	1	1	1
145	0.94	47	0	1	1	1
146	0.94	47	0	1	1	1
147	0.94	47	0	1	1	1
148	0.94	47	0	1	1	1
149	0.94	47	0	1	1	1
150	0.94	47	0	1	1	1
151	0.94	47	0	1	1	1
152	0.94	47	0	1	1	1
153	0.94	47	0	1	1	1
154	0.94	47	0	1	1	1
155	0.94	47	0	1	1	1
156	0.94	47	0	1	1	1
157	0.96	48	0	1	1	0
158	0.96	48	0	1	1	0
159	0.98	49	0	0	1	0
160	0.98	49	0	0	1	0
161	0.98	49	0	0	1	0
162	0.98	49	0	0	1	0
163	0.98	49	0	0	1	0
164	0.98	49	0	0	1	0
165	0.98	49	0	0	1	0
166	0.98	49	0	0	1	0
167	0.98	49	0	0	1	0
168	0.98	49	0	0	1	0
169	0.98	49	0	0	1	0
170	0.98	49	0	0	1	0
171	0.98	49	0	0	1	0
172	0.98	49	0	0	1	0
173	0.98	49	0	0	1	0
174	0.98	49	0	0	1	0
175	0.98	49	0	0	1	0
176	0.98	49	0	0	1	0
177	0.98	49	0	0	1	0
178	0.98	49	0	0	1	0
179	0.98	49	0	0	1	0
180	0.98	49	0	0	1	0
181	0.98	49	0	0	1	0
182	0.98	49	0	0	1	0
183	0.98	49	0	0	1	0
184	0.98	49	0	0	1	0
185	0.98	49	0	0	1	0
186	0.98	49	0	0	1	0
187	0.98	49	0	0	1	0
188	0.98	49	0	0	1	0
189	0.98	49	0	0	1	0
190	0.98	49	0	0	1	0
191	1.00	50	0	0	0	0
192	0.98	49	1	0	0	0
193	0.98	49	1	0	0	0
194	0.98	49	1	0	0	0
195	0.96	48	2	0	0	0
196	0.96	48	2	0	0	0
197	0.96	48	2	0	0	0
198	0.96	48	2	0	0	0
199	0.96	48	2	0	0	0
200	0.96	48	2	0	0	0
201	0.96	48	2	0	0	0
202	0.96	48	2	0	0	0
203	0.96	48	2	0	0	0
204	0.96	48	2	0	0	0
205	0.96	48	2	0	0	0
206	0.96	48	2	0	0	0
207	0.96	48	2	0	0	0
208	0.96	48	2	0	0	0
209	0.94	47	2	1	0	0
210	0.94	47	2	1	0	0
211	0.92	46	2	2	0	0
212	0.92	46	2	2	0	0
213	0.92	46	2	2	0	0
214	0.90	45	2	2	1	0
215	0.90	45	2	2	1	0
216	0.90	45	2	2	1	0
217	0.90	45	2	2	1	0
218	0.90	45	2	2	1	0
219	0.90	45	2	2	1	0
220	0.90	45	2	2	1	0
221	0.90	45	2	2	1	0
222	0.90	45	2	2	1	0
223	0.90	45	2	2	1	0
224	0.90	45	2	2	1	0
225	0.90	45	2	2	1	0
226	0.90	45	2	2	1	0
227	0.90	45	2	2	1	0
228	0.90	45	2	2	1	0
229	0.90	45	2	2	1	0
230	0.90	45	2	2	1	0
231	0.90	45	2	2	1	0
232	0.90	45	2	2	1	0
233	0.90	45	2	2	1	0
234	0.90	45	2	2	1	0
235	0.88	44	2	3	1	0
236	0.88	44	2	3	1	0
237	0.88	44	2	3	1	0
238	0.86	43	3	3	1	0
239	0.86	43	3	3	1	0
240	0.86	43	3	3	1	0
241	0.86	43	3	3	1	0
242	0.88	44	2	3	1	0
243	0.86	43	2	4	1	0
244	0.86	43	2	4	1	0
245	0.88	44	1	4	1	0
246	0.88	44	1	4	1	0
247	0.88	44	1	4	1	0
248	0.88	44	1	4	1	0
249	0.88	44	1	4	1	0
250	0.88	44	1	4	1	0
251	0.88	44	1	4	1	0
252	0.88	44	1	4	1	0
253	0.88	44	1	4	1	0
254	0.88	44	1	4	1	0
255	0.88	44	1	4	1	0
256	0.86	43	1	5	1	0
257	0.86	43	1	5	1	0
258	0.86	43	1	5	1	0
259	0.88	44	1	4	1	0
260	0.88	44	1	4	1	0
261	0.90	45	1	3	1	0
262	0.90	45	1	3	1	0
263	0.90	45	1	3	1	0
264	0.92	46	1	3	0	0
265	0.92	46	1	3	0	0
266	0.92	46	1	3	0	0
267	0.92	46	1	3	0	0
268	0.92	46	1	3	0	0
269	0.92	46	1	3	0	0
270	0.92	46	1	3	0	0
271	0.92	46	1	3	0	0
272	0.92	46	1	3	0	0
273	0.92	46	1	3	0	0
274	0.92	46	1	3	0	0
275	0.92	46	1	3	0	0
276	0.92	46	1	3	0	0
277	0.92	46	1	3	0	0
278	0.92	46	1	3	0	0
279	0.92	46	1	3	0	0
280	0.92	46	1	3	0	0
281	0.92	46	1	3	0	0
282	0.92	46	1	3	0	0
283	0.92	46	1	3	0	0
284	0.92	46	1	3	0	0
285	0.94	47	1	2	0	0
286	0.94	47	1	2	0	0
287	0.94	47	1	2	0	0
288	0.96	48	0	2	0	0
289	0.96	48	0	2	0	0
290	0.96	48	0	2	0	0
291	0.96	48	0	2	0	0
292	0.96	48	0	2	0	0
293	0.98	49	0	1	0	0
294	0.98	49	0	1	0	0
295	0.98	49	0	1	0	0
296	0.98	49	0	1	0	0
297	0.98	49	0	1	0	0
298	0.98	49	0	1	0	0
299	0.98	49	0	1	0	0
300	0.98	49	0	1	0	0
301	0.98	49	0	1	0	0
302	0.98	49	0	1	0	0
303	0.98	49	0	1	0	0
304	0.98	49	0	1	0	0
305	0.98	49	0	1	0	0
306	1.00	50	0	0	0	0
307	1.00	50	0	0	0	0
308	1.00	50	0	0	0	0
309	1.00	50	0	0	0	0
310	1.00	50	0	0	0	0
311	1.00	50	0	0	0	0
312	1.00	50	0	0	0	0
313	1.00	50	0	0	0	0
314	1.00	50	0	0	0	0
315	1.00	50	0	0	0	0
316	0.98	49	1	0	0	0
317	0.98	49	1	0	0	0
318	0.98	49	1	0	0	0
319	0.98	49	1	0	0	0
320	0.98	49	1	0	0	0
321	0.98	49	1	0	0	0
322	0.98	49	1	0	0	0
323	0.98	49	1	0	0	0
324	0.98	49	1	0	0	0
325	0.98	49	1	0	0	0
326	0.98	49	1	0	0	0
327	0.98	49	1	0	0	0
328	0.98	49	1	0	0	0
329	0.98	49	1	0	0	0
330	0.98	49	1	0	0	0
331	0.98	49	1	0	0	0
332	0.98	49	1	0	0	0
333	0.98	49	1	0	0	0
334	0.98	49	1	0	0	0
335	0.98	49	1	0	0	0
336	0.98	49	1	0	0	0
337	0.98	49	1	0	0	0
338	0.98	49	1	0	0	0
339	0.98	49	1	0	0	0
340	0.98	49	1	0	0	0
341	0.98	49	1	0	0	0
342	0.98	49	1	0	0	0
343	0.98	49	1	0	0	0
344	0.98	49	1	0	0	0
345	0.98	49	1	0	0	0
346	0.98	49	1	0	0	0
347	0.98	49	1	0	0	0
348	0.98	49	1	0	0	0
349	0.98	49	1	0	0	0
350	0.98	49	1	0	0	0
351	0.98	49	1	0	0	0
352	0.98	49	1	0	0	0
353	0.98	49	1	0	0	0
354	0.98	49	1	0	0	0
355	0.98	49	1	0	0	0
356	0.98	49	1	0	0	0
357	0.98	49	1	0	0	0
358	0.98	49	1	0	0	0
359	0.98	49	1	0	0	0
360	0.98	49	1	0	0	0
361	0.96	48	1	0	1	0
362	0.96	48	1	0	1	0
363	0.96	48	1	0	1	0
364	0.96	48	1	0	1	0
365	0.96	48	1	0	1	0
366	0.98	49	0	0	1	0
367	0.98	49	0	0	1	0
368	0.98	49	0	0	1	0
369	0.98	49	0	0	1	0
370	0.98	49	0	0	1	0
371	0.98	49	0	0	1	0
372	0.98	49	0	0	1	0
373	0.98	49	0	0	1	0
374	0.98	49	0	0	1	0
375	0.98	49	0	0	1	0
376	0.98	49	0	0	1	0
377	0.98	49	0	0	1	0
378	0.98	49	0	0	1	0
379	0.98	49	0	0	1	0
380	0.98	49	0	0	1	0
381	0.98	49	0	0	1	0
382	0.98	49	0	0	1	0
383	0.98	49	0	0	1	0
384	0.98	49	0	0	1	0
385	0.98	49	0	0	1	0
386	0.98	49	0	0	1	0
387	0.98	49	0	0	1	0
388	0.98	49	0	0	1	0
389	0.98	49	0	0	1	0
390	0.98	49	0	0	1	0
391	0.98	49	0	0	1	0
392	0.98	49	0	0	1	0
393	0.98	49	0	0	1	0
394	0.98	49	0	0	1	0
395	0.98	49	0	0	1	0
396	0.98	49	0	0	1	0
397	0.98	49	0	0	1	0
398	0.98	49	0	0	1	0
399	0.98	49	0	0	1	0
400	0.98	49	0	0	1	0
401	0.98	49	0	0	1	0
402	0.98	49	0	0	1	0
403	0.98	49	0	0	1	0
404	0.98	49	0	0	1	0
405	0.98	49	0	0	1	0
406	0.98	49	0	0	1	0
407	0.98	49	0	0	1	0
408	0.98	49	0	0	1	0
409	0.98	49	0	0	1	0
410	0.98	49	0	0	1	0
411	1.00	50	0	0	0	0
412	0.98	49	0	1	0	0
413	0.98	49	0	1	0	0
414	0.98	49	0	1	0	0
415	0.98	49	0	1	0	0
416	0.98	49	0	1	0	0
417	0.98	49	0	1	0	0
418	0.98	49	0	1	0	0
419	0.98	49	0	1	0	0
420	0.98	49	0	1	0	0
421	0.98	49	0	1	0	0
422	0.98	49	0	1	0	0
423	0.98	49	0	1	0	0
424	0.98	49	0	1	0	0
425	0.98	49	0	1	0	0
426	0.98	49	0	1	0	0
427	0.98	49	0	1	0	0
428	0.98	49	0	1	0	0
429	0.98	49	0	1	0	0
430	0.98	49	0	1	0	0
431	0.98	49	0	1	0	0
432	0.98	49	0	1	0	0
433	0.98	49	0	1	0	0
434	0.98	49	0	1	0	0
435	0.98	49	0	1	0	0
436	0.96	48	0	1	0	1
437	0.94	47	0	1	1	1
438	0.94	47	0	1	1	1
439	0.94	47	0	1	1	1
440	0.94	47	0	1	1	1
441	0.94	47	0	1	1	1
442	0.94	47	0	1	1	1
443	0.94	47	0	1	1	1
444	0.94	47	0	1	1	1
445	0.94	47	0	1	1	1
446	0.94	47	0	1	1	1
447	0.94	47	0	1	1	1
448	0.94	47	0	1	1	1
449	0.94	47	0	1	1	1
450	0.94	47	0	1	1	1
451	0.92	46	0	1	2	1
452	0.92	46	0	1	2	1
453	0.92	46	0	1	2	1
454	0.92	46	0	1	2	1
455	0.92	46	0	1	2	1
456	0.92	46	0	1	2	1
457	0.92	46	0	1	2	1
458	0.92	46	0	1	2	1
459	0.92	46	0	1	2	1
460	0.92	46	0	1	2	1
461	0.92	46	0	1	2	1
462	0.94	47	0	0	2	1
463	0.94	47	0	0	2	1
464	0.94	47	0	0	2	1
465	0.94	47	0	0	2	1
466	0.94	47	0	0	2	1
467	0.94	47	0	0	2	1
468	0.94	47	0	0	2	1
469	0.94	47	0	0	2	1
470	0.94	47	0	0	2	1
471	0.94	47	0	0	2	1
472	0.94	47	0	0	2	1
473	0.94	47	0	0	2	1
474	0.94	47	0	0	2	1
475	0.94	47	0	0	2	1
476	0.94	47	0	0	2	1
477	0.94	47	0	0	2	1
478	0.94	47	0	0	2	1
479	0.94	47	0	0	2	1
480	0.94	47	0	0	2	1
481	0.94	47	0	0	2	1
482	0.94	47	0	0	2	1
483	0.94	47	0	0	2	1
484	0.94	47	0	0	2	1
485	0.94	47	0	0	2	1
486	0.96	48	0	0	2	0
487	0.98	49	0	0	1	0
488	0.98	49	0	0	1	0
489	0.98	49	0	0	1	0
490	0.98	49	0	0	1	0
491	0.98	49	0	0	1	0
492	0.98	49	0	0	1	0
493	0.98	49	0	0	1	0
494	0.98	49	0	0	1	0
495	0.98	49	0	0	1	0
496	0.98	49	0	0	1	0
497	0.98	49	0	0	1	0
498	0.98	49	0	0	1	0
499	0.98	49	0	0	1	0
500	0.00	49	0	0	1	0
501	0.00	50	0	0	0	0
502	0.00	50	0	0	0	0
503	0.02	49	1	0	0	0
504	0.02	49	1	0	0	0
505	0.02	49	1	0	0	0
506	0.02	49	1	0	0	0
507	0.04	48	2	0	0	0
508	0.04	48	2	0	0	0
509	0.04	48	2	0	0	0
510	0.04	48	2	0	0	0
511	0.04	47	2	0	1	0
512	0.04	47	2	0	1	0
513	0.04	47	2	0	1	0
514	0.04	47	2	0	1	0
515	0.06	46	3	0	1	0
516	0.08	45	4	0	1	0
517	0.10	44	5	0	1	0
518	0.10	44	5	0	1	0
519	0.10	44	5	0	1	0
520	0.12	43	6	0	1	0
521	0.14	42	7	0	1	0
522	0.14	41	7	0	1	1
523	0.14	41	7	0	1	1
524	0.16	40	8	0	1	1
525	0.16	40	8	0	1	1
526	0.16	40	8	0	1	1
527	0.18	39	9	0	1	1
528	0.20	38	10	0	1	1
529	0.22	37	11	0	1	1
530	0.22	37	11	0	1	1
531	0.24	36	12	0	1	1
532	0.24	36	12	0	1	1
533	0.24	36	12	0	1	1
534	0.26	35	13	0	1	1
535	0.28	34	14	0	1	1
536	0.30	33	15	0	1	1
537	0.30	33	15	0	1	1
538	0.30	32	15	0	2	1
539	0.32	31	16	0	2	1
540	0.34	30	17	0	2	1
541	0.36	29	18	0	2	1
542	0.36	28	18	0	3	1
543	0.38	27	19	0	3	1
544	0.40	26	20	0	3	1
545	0.40	25	20	0	3	2
546	0.42	24	21	0	3	2
547	0.42	24	21	0	3	2
548	0.44	23	22	0	3	2
549	0.46	22	23	0	3	2
550	0.46	21	23	0	3	3
551	0.48	20	24	0	3	3
552	0.50	19	25	0	3	3
553	0.50	19	25	0	3	3
554	0.50	19	25	0	3	3
555	0.52	18	26	0	3	3
556	0.52	17	26	1	3	3
557	0.52	17	26	1	3	3
558	0.52	17	26	1	3	3
559	0.52	17	26	1	3	3
560	0.54	16	27	1	3	3
561	0.56	16	28	1	2	3
562	0.58	15	29	1	2	3
563	0.60	14	30	1	2	3
564	0.62	13	31	1	2	3
565	0.60	13	30	1	2	4
566	0.60	13	30	1	2	4
567	0.60	13	30	1	2	4
568	0.62	12	31	1	2	4
569	0.64	11	32	1	2	4
570	0.64	11	32	1	2	4
571	0.64	11	32	1	2	4
572	0.64	12	32	1	2	3
573	0.66	11	33	1	2	3
574	0.66	11	33	1	2	3
575	0.68	10	34	1	2	3
576	0.68	9	34	1	3	3
577	0.68	9	34	1	3	3
578	0.68	9	34	1	3	3
579	0.68	9	34	1	3	3
580	0.70	8	35	1	3	3
581	0.70	8	35	1	3	3
582	0.72	7	36	1	3	3
583	0.74	6	37	1	3	3
584	0.74	6	37	1	3	3
585	0.74	6	37	1	3	3
586	0.74	6	37	1	3	3
587	0.74	6	37	1	3	3
588	0.76	6	38	1	2	3
589	0.76	6	38	1	2	3
590	0.76	6	38	1	2	3
591	0.76	6	38	1	2	3
592	0.78	6	39	1	1	3
593	0.78	6	39	1	1	3
594	0.78	6	39	1	1	3
595	0.80	6	40	1	1	2
596	0.80	6	40	1	1	2
597	0.82	5	41	1	1	2
598	0.82	5	41	1	1	2
599	0.82	5	41	1	1	2
600	0.84	5	42	1	1	1
601	0.84	5	42	1	1	1
602	0.84	5	42	1	1	1
603	0.84	5	42	1	1	1
604	0.84	4	42	1	2	1
605	0.84	4	42	1	2	1
606	0.86	4	43	0	2	1
607	0.86	4	43	0	2	1
608	0.86	3	43	0	3	1
609	0.88	2	44	0	3	1
610	0.88	2	44	0	3	1
611	0.88	2	44	0	3	1
612	0.88	2	44	0	3	1
613	0.88	2	44	0	3	1
614	0.88	2	44	0	3	1
615	0.90	2	45	0	3	0
616	0.90	2	45	0	3	0
617	0.90	2	45	0	3	0
618	0.90	2	45	0	3	0
619	0.90	2	45	0	3	0
620	0.90	2	45	0	3	0
621	0.90	2	45	0	3	0
622	0.92	1	46	0	3	0
623	0.92	1	46	0	3	0
624	0.90	2	45	0	3	0
625	0.90	2	45	0	3	0
626	0.90	3	45	0	2	0
627	0.90	3	45	0	2	0
628	0.90	3	45	0	2	0
629	0.90	3	45	0	2	0
630	0.90	3	45	0	2	0
631	0.90	3	45	0	2	0
632	0.90	3	45	0	2	0
633	0.90	3	45	0	2	0
634	0.90	3	45	0	2	0
635	0.90	3	45	0	2	0
636	0.90	3	45	0	2	0
637	0.92	2	46	0	2	0
638	0.92	2	46	0	2	0
639	0.92	2	46	0	2	0
640	0.90	2	45	1	2	0
641	0.90	2	45	1	2	0
642	0.90	2	45	1	2	0
643	0.90	2	45	1	2	0
644	0.90	2	45	1	2	0
645	0.90	2	45	1	2	0
646	0.90	2	45	1	2	0
647	0.90	2	45	1	2	0
648	0.90	2	45	1	2	0
649	0.90	2	45	1	2	0
650	0.90	2	45	1	2	0
651	0.90	2	45	1	2	0
652	0.90	2	45	1	2	0
653	0.90	2	45	1	2	0
654	0.92	2	46	1	1	0
655	0.92	2	46	1	1	0
656	0.90	2	45	1	2	0
657	0.90	2	45	1	2	0
658	0.92	2	46	1	1	0
659	0.92	2	46	1	1	0
660	0.92	2	46	1	1	0
661	0.92	2	46	1	1	0
662	0.92	2	46	1	1	0
663	0.92	2	46	1	1	0
664	0.90	2	45	1	1	1
665	0.88	2	44	1	2	1
666	0.88	2	44	1	2	1
667	0.88	2	44	1	2	1
668	0.88	2	44	1	2	1
669	0.88	2	44	1	2	1
670	0.88	2	44	1	2	1
671	0.88	2	44	1	2	1
672	0.88	2	44	1	2	1
673	0.88	2	44	1	2	1
674	0.90	1	45	1	2	1
675	0.90	1	45	1	2	1
676	0.90	0	45	1	3	1
677	0.90	0	45	1	3	1
678	0.88	0	44	1	3	2
679	0.88	0	44	1	3	2
680	0.88	0	44	1	3	2
681	0.86	1	43	1	3	2
682	0.86	1	43	1	3	2
683	0.86	1	43	1	3	2
684	0.86	1	43	1	3	2
685	0.86	1	43	1	3	2
686	0.86	1	43	1	3	2
687	0.86	1	43	1	3	2
688	0.86	1	43	1	3	2
689	0.86	1	43	1	3	2
690	0.88	1	44	0	3	2
691	0.88	1	44	0	3	2
692	0.88	1	44	0	3	2
693	0.88	1	44	0	3	2
694	0.86	2	43	0	3	2
695	0.86	2	43	0	3	2
696	0.84	2	42	0	3	3
697	0.84	2	42	0	3	3
698	0.84	2	42	0	3	3
699	0.84	2	42	0	3	3
700	0.84	2	42	0	3	3
701	0.84	2	42	0	3	3
702	0.84	2	42	0	3	3
703	0.84	2	42	0	3	3
704	0.84	2	42	0	3	3
705	0.82	2	41	0	4	3
706	0.84	2	42	0	3	3
707	0.84	2	42	0	3	3
708	0.82	2	41	0	4	3
709	0.82	2	41	0	4	3
710	0.82	2	41	0	4	3
711	0.82	2	41	0	4	3
712	0.82	2	41	0	4	3
713	0.82	2	41	0	4	3
714	0.84	2	42	0	4	2
715	0.86	2	43	0	3	2
716	0.86	2	43	0	3	2
717	0.86	2	43	0	3	2
718	0.86	2	43	0	3	2
719	0.86	2	43	0	3	2
720	0.86	2	43	0	3	2
721	0.86	2	43	0	3	2
722	0.86	2	43	0	3	2
723	0.86	2	43	0	3	2
724	0.86	2	43	0	3	2
725	0.86	2	43	0	3	2
726	0.86	2	43	0	2	3
727	0.86	2	43	0	2	3
728	0.88	2	44	0	2	2
729	0.88	2	44	0	2	2
730	0.88	2	44	0	2	2
731	0.90	1	45	0	2	2
732	0.90	1	45	0	2	2
733	0.90	1	45	0	2	2
734	0.90	1	45	0	2	2
735	0.90	1	45	0	2	2
736	0.90	1	45	0	2	2
737	0.90	1	45	0	2	2
738	0.90	1	45	0	2	2
739	0.90	1	45	0	2	2
740	0.90	1	45	0	2	2
741	0.90	1	45	0	2	2
742	0.90	1	45	0	2	2
743	0.88	2	44	0	2	2
744	0.90	1	45	0	2	2
745	0.90	1	45	0	2	2
746	0.92	1	46	0	2	1
747	0.92	1	46	0	2	1
748	0.92	1	46	0	2	1
749	0.92	1	46	0	2	1
750	0.92	1	46	0	2	1
751	0.92	1	46	0	2	1
752	0.92	1	46	0	2	1
753	0.92	1	46	0	2	1
754	0.92	1	46	0	2	1
755	0.94	1	47	0	1	1
756	0.94	1	47	0	1	1
757	0.94	1	47	0	1	1
758	0.96	1	48	0	0	1
759	0.96	1	48	0	0	1
760	0.94	2	47	0	0	1
761	0.94	2	47	0	0	1
762	0.94	2	47	0	0	1
763	0.94	2	47	0	0	1
764	0.94	2	47	0	0	1
765	0.94	2	47	0	0	1
766	0.94	2	47	0	0	1
767	0.94	2	47	0	0	1
768	0.92	3	46	0	0	1
769	0.92	3	46	0	0	1
770	0.92	3	46	0	0	1
771	0.90	3	45	1	0	1
772	0.90	3	45	1	0	1
773	0.90	3	45	1	0	1
774	0.90	3	45	1	0	1
775	0.90	3	45	1	0	1
776	0.92	3	46	1	0	0
777	0.92	3	46	1	0	0
778	0.92	3	46	1	0	0
779	0.92	3	46	1	0	0
780	0.92	3	46	1	0	0
781	0.92	3	46	1	0	0
782	0.92	3	46	1	0	0
783	0.92	3	46	1	0	0
784	0.92	3	46	1	0	0
785	0.92	3	46	1	0	0
786	0.92	3	46	1	0	0
787	0.92	3	46	1	0	0
788	0.92	3	46	1	0	0
789	0.92	3	46	1	0	0
790	0.92	3	46	1	0	0
791	0.92	3	46	1	0	0
792	0.92	3	46	1	0	0
793	0.94	2	47	1	0	0
794	0.94	2	47	1	0	0
795	0.92	2	46	2	0	0
796	0.92	2	46	2	0	0
797	0.92	2	46	2	0	0
798	0.92	2	46	2	0	0
799	0.92	2	46	2	0	0
800	0.92	2	46	2	0	0
801	0.92	2	46	2	0	0
802	0.92	2	46	2	0	0
803	0.92	2	46	2	0	0
804	0.92	2	46	2	0	0
805	0.92	2	46	2	0	0
806	0.92	2	46	2	0	0
807	0.92	2	46	2	0	0
808	0.92	2	46	2	0	0
809	0.92	2	46	2	0	0
810	0.94	1	47	2	0	0
811	0.94	1	47	2	0	0
812	0.94	1	47	2	0	0
813	0.94	1	47	2	0	0
814	0.94	1	47	2	0	0
815	0.94	1	47	2	0	0
816	0.94	1	47	2	0	0
817	0.94	1	47	2	0	0
818	0.96	0	48	2	0	0
819	0.96	0	48	2	0	0
820	0.96	0	48	2	0	0
821	0.96	0	48	2	0	0
822	0.96	0	48	2	0	0
823	0.96	0	48	2	0	0
824	0.96	0	48	2	0	0
825	0.96	0	48	2	0	0
826	0.96	0	48	2	0	0
827	0.96	0	48	2	0	0
828	0.96	0	48	2	0	0
829	0.96	0	48	2	0	0
830	0.96	0	48	2	0	0
831	0.96	0	48	2	0	0
832	0.96	0	48	2	0	0
833	0.96	0	48	2	0	0
834	0.96	0	48	2	0	0
835	0.96	0	48	2	0	0
836	0.96	0	48	2	0	0
837	0.96	0	48	2	0	0
838	0.96	0	48	2	0	0
839	0.94	0	47	2	1	0
840	0.94	0	47	2	1	0
841	0.94	0	47	2	1	0
842	0.94	0	47	2	1	0
843	0.94	0	47	2	1	0
844	0.94	0	47	2	1	0
845	0.96	0	48	1	1	0
846	0.96	0	48	1	1	0
847	0.96	0	48	1	1	0
848	0.96	0	48	1	1	0
849	0.96	0	48	1	1	0
850	0.96	0	48	1	1	0
851	0.96	0	48	1	1	0
852	0.96	0	48	1	1	0
853	0.96	0	48	1	1	0
854	0.96	0	48	1	1	0
855	0.96	0	48	1	1	0
856	0.96	0	48	1	1	0
857	0.94	1	47	1	1	0
858	0.94	1	47	1	1	0
859	0.94	1	47	1	1	0
860	0.94	1	47	1	1	0
861	0.94	1	47	1	1	0
862	0.94	1	47	1	1	0
863	0.94	1	47	1	1	0
864	0.94	1	47	1	1	0
865	0.94	1	47	1	1	0
866	0.94	1	47	1	1	0
867	0.94	1	47	1	1	0
868	0.94	1	47	1	1	0
869	0.94	1	47	1	1	0
870	0.94	1	47	1	1	0
871	0.96	1	48	0	1	0
872	0.96	1	48	0	1	0
873	0.96	1	48	0	1	0
874	0.96	1	48	0	1	0
875	0.96	1	48	0	1	0
876	0.96	1	48	0	1	0
877	0.96	1	48	0	1	0
878	0.96	1	48	0	1	0
879	0.96	1	48	0	1	0
880	0.96	1	48	0	1	0
881	0.96	1	48	0	1	0
882	0.96	1	48	0	1	0
883	0.96	1	48	0	1	0
884	0.96	1	48	0	1	0
885	0.96	1	48	0	1	0
886	0.94	1	47	0	2	0
887	0.94	1	47	0	2	0
888	0.94	1	47	0	2	0
889	0.96	1	48	0	1	0
890	0.96	1	48	0	1	0
891	0.94	1	47	1	1	0
892	0.94	1	47	1	1	0
893	0.94	1	47	1	1	0
894	0.94	1	47	1	1	0
895	0.94	1	47	1	1	0
896	0.94	1	47	1	1	0
897	0.94	1	47	1	1	0
898	0.94	1	47	1	1	0
899	0.94	1	47	1	1	0
900	0.94	1	47	1	1	0
901	0.94	1	47	1	1	0
902	0.94	1	47	1	1	0
903	0.94	1	47	1	1	0
904	0.94	1	47	1	1	0
905	0.94	1	47	1	1	0
906	0.92	1	46	1	2	0
907	0.94	0	47	1	2	0
908	0.94	0	47	1	2	0
909	0.94	0	47	1	2	0
910	0.94	0	47	1	2	0
911	0.94	0	47	1	2	0
912	0.94	0	47	1	2	0
913	0.94	0	47	1	2	0
914	0.94	0	47	1	2	0
915	0.94	0	47	1	2	0
916	0.94	0	47	1	2	0
917	0.94	0	47	1	2	0
918	0.94	0	47	1	2	0
919	0.94	0	47	1	2	0
920	0.94	0	47	1	2	0
921	0.94	0	47	1	2	0
922	0.94	0	47	1	2	0
923	0.94	0	47	1	2	0
924	0.94	0	47	1	2	0
925	0.94	0	47	1	2	0
926	0.94	0	47	1	2	0
927	0.94	0	47	1	2	0
928	0.94	0	47	1	2	0
929	0.94	0	47	1	2	0
930	0.94	0	47	1	2	0
931	0.94	0	47	1	2	0
932	0.94	0	47	1	2	0
933	0.94	0	47	1	2	0
934	0.94	0	47	1	2	0
935	0.94	0	47	1	2	0
936	0.94	1	47	1	1	0
937	0.94	1	47	1	1	0
938	0.94	1	47	1	1	0
939	0.94	1	47	1	1	0
940	0.94	1	47	1	1	0
941	0.96	1	48	0	1	0
942	0.96	1	48	0	1	0
943	0.96	1	48	0	1	0
944	0.96	1	48	0	1	0
945	0.96	1	48	0	1	0
946	0.96	1	48	0	1	0
947	0.96	1	48	0	1	0
948	0.96	1	48	0	1	0
949	0.96	1	48	0	1	0
950	0.96	1	48	0	1	0
951	0.96	1	48	0	1	0
952	0.96	1	48	0	1	0
953	0.96	1	48	0	1	0
954	0.96	1	48	0	1	0
955	0.96	1	48	0	1	0
956	0.98	1	49	0	0	0
957	0.98	1	49	0	0	0
958	0.98	1	49	0	0	0
959	0.98	1	49	0	0	0
960	0.98	1	49	0	0	0
961	0.98	1	49	0	0	0
962	0.98	1	49	0	0	0
963	0.98	1	49	0	0	0
964	0.98	1	49	0	0	0
965	0.98	1	49	0	0	0
966	0.98	1	49	0	0	0
967	0.98	1	49	0	0	0
968	0.98	1	49	0	0	0
969	0.98	1	49	0	0	0
970	0.98	1	49	0	0	0
971	0.98	1	49	0	0	0
972	0.98	1	49	0	0	0
973	0.98	1	49	0	0	0
974	0.98	1	49	0	0	0
975	0.98	1	49	0	0	0
976	0.98	1	49	0	0	0
977	0.98	1	49	0	0	0
978	0.98	1	49	0	0	0
979	0.98	1	49	0	0	0
980	0.98	1	49	0	0	0
981	0.98	1	49	0	0	0
982	0.98	1	49	0	0	0
983	0.98	1	49	0	0	0
984	0.98	1	49	0	0	0
985	0.98	1	49	0	0	0
986	1.00	0	50	0	0	0
987	1.00	0	50	0	0	0
988	1.00	0	50	0	0	0
989	1.00	0	50	0	0	0
990	1.00	0	50	0	0	0
991	1.00	0	50	0	0	0
992	1.00	0	50	0	0	0
993	1.00	0	50	0	0	0
994	1.00	0	50	0	0	0
995	1.00	0	50	0	0	0
996	0.98	0	49	1	0	0
997	0.98	0	49	1	0	0
998	0.98	0	49	1	0	0
999	0.98	0	49	1	0	0
1000	0.02	0	49	1	0	0
1001	0.02	0	49	1	0	0
1002	0.04	0	48	2	0	0
1003	0.04	0	48	2	0	0
1004	0.04	0	48	2	0	0
1005	0.04	0	48	2	0	0
1006	0.06	0	47	3	0	0
1007	0.06	0	47	3	0	0
1008	0.06	0	47	3	0	0
1009	0.06	0	47	3	0	0
1010	0.06	0	47	3	0	0
1011	0.08	0	46	4	0	0
1012	0.08	0	46	4	0	0
1013	0.10	0	45	5	0	0
1014	0.12	0	44	6	0	0
1015	0.14	0	43	7	0	0
1016	0.14	0	43	7	0	0
1017	0.16	0	42	8	0	0
1018	0.18	0	41	9	0	0
1019	0.20	0	40	10	0	0
1020	0.20	0	39	10	0	1
1021	0.22	0	38	11	0	1
1022	0.22	0	38	11	0	1
1023	0.22	0	38	11	0	1
1024	0.22	0	38	11	0	1
1025	0.24	0	37	12	0	1
1026	0.24	0	37	12	0	1
1027	0.26	0	36	13	0	1
1028	0.28	0	35	14	0	1
1029	0.30	0	34	15	0	1
1030	0.30	0	34	15	0	1
1031	0.32	0	33	16	0	1
1032	0.32	0	33	16	0	1
1033	0.34	0	32	17	0	1
1034	0.36	0	31	18	0	1
1035	0.38	0	30	19	0	1
1036	0.40	0	29	20	0	1
1037	0.42	0	28	21	0	1
1038	0.44	0	27	22	0	1
1039	0.46	0	26	23	0	1
1040	0.48	0	25	24	0	1
1041	0.50	0	24	25	0	1
1042	0.52	0	23	26	0	1
1043	0.52	0	22	26	1	1
1044	0.54	0	21	27	1	1
1045	0.54	0	21	27	1	1
1046	0.54	0	21	27	1	1
1047	0.56	0	20	28	1	1
1048	0.58	0	19	29	1	1
1049	0.60	0	18	30	1	1
1050	0.62	0	17	31	1	1
1051	0.64	0	16	32	1	1
1052	0.64	0	16	32	1	1
1053	0.66	0	15	33	1	1
1054	0.68	0	14	34	1	1
1055	0.70	0	13	35	1	1
1056	0.70	0	13	35	1	1
1057	0.72	0	12	36	1	1
1058	0.74	0	11	37	1	1
1059	0.74	0	10	37	1	2
1060	0.76	0	9	38	1	2
1061	0.76	0	9	38	1	2
1062	0.78	0	8	39	1	2
1063	0.78	0	8	39	1	2
1064	0.78	0	8	39	1	2
1065	0.78	0	8	39	1	2
1066	0.80	0	7	40	1	2
1067	0.80	0	7	40	1	2
1068	0.80	0	7	40	1	2
1069	0.80	0	7	40	1	2
1070	0.82	0	7	41	1	1
1071	0.82	0	7	41	1	1
1072	0.84	0	6	42	1	1
1073	0.86	0	5	43	1	1
1074	0.88	0	4	44	1	1
1075	0.88	0	4	44	1	1
1076	0.90	0	3	45	1	1
1077	0.90	0	3	45	1	1
1078	0.90	0	3	45	1	1
1079	0.90	0	3	45	1	1
1080	0.92	0	2	46	1	1
1081	0.92	0	2	46	1	1
1082	0.94	0	1	47	1	1
1083	0.94	0	1	47	1	1
1084	0.94	0	1	47	1	1
1085	0.94	0	1	47	1	1
1086	0.94	0	1	47	1	1
1087	0.94	0	1	47	1	1
1088	0.94	0	1	47	1	1
1089	0.94	0	1	47	1	1
1090	0.94	0	1	47	1	1
1091	0.94	0	1	47	1	1
1092	0.94	0	1	47	1	1
1093	0.96	0	1	48	0	1
1094	0.96	0	1	48	0	1
1095	0.98	0	0	49	0	1
1096	0.98	0	0	49	0	1
1097	0.98	0	0	49	0	1
1098	0.98	0	0	49	0	1
1099	0.98	0	0	49	0	1
1100	0.96	0	0	48	0	2
1101	0.96	0	0	48	0	2
1102	0.96	0	0	48	0	2
1103	0.94	1	0	47	0	2
1104	0.94	1	0	47	0	2
1105	0.94	1	0	47	0	2
1106	0.94	1	0	47	0	2
1107	0.94	1	0	47	0	2
1108	0.94	1	0	47	0	2
1109	0.96	1	0	48	0	1
1110	0.96	1	0	48	0	1
1111	0.96	1	0	48	0	1
1112	0.96	1	0	48	0	1
1113	0.96	1	0	48	0	1
1114	0.94	1	1	47	0	1
1115	0.94	1	1	47	0	1
1116	0.94	1	1	47	0	1
1117	0.94	1	1	47	0	1
1118	0.94	1	1	47	0	1
1119	0.94	1	1	47	0	1
1120	0.94	1	1	47	0	1
1121	0.94	1	1	47	0	1
1122	0.94	1	1	47	0	1
1123	0.94	1	1	47	0	1
1124	0.94	1	1	47	0	1
1125	0.92	1	1	46	0	2
1126	0.92	1	1	46	0	2
1127	0.92	1	1	46	0	2
1128	0.92	1	1	46	0	2
1129	0.92	1	1	46	0	2
1130	0.92	1	1	46	0	2
1131	0.90	2	1	45	0	2
1132	0.90	2	1	45	0	2
1133	0.88	2	2	44	0	2
1134	0.88	2	2	44	0	2
1135	0.88	2	2	44	0	2
1136	0.88	2	2	44	0	2
1137	0.88	2	2	44	0	2
1138	0.88	2	2	44	0	2
1139	0.88	2	2	44	0	2
1140	0.88	2	2	44	0	2
1141	0.88	2	2	44	0	2
1142	0.88	2	2	44	0	2
1143	0.88	2	2	44	0	2
1144	0.88	2	2	44	0	2
1145	0.88	2	2	44	0	2
1146	0.88	2	2	44	0	2
1147	0.88	2	2	44	0	2
1148	0.88	2	2	44	0	2
1149	0.88	2	2	44	0	2
1150	0.90	2	2	45	0	1
1151	0.90	2	2	45	0	1
1152	0.90	2	2	45	0	1
1153	0.92	1	2	46	0	1
1154	0.92	1	2	46	0	1
1155	0.92	1	2	46	0	1
1156	0.92	1	2	46	0	1
1157	0.92	1	2	46	0	1
1158	0.90	1	2	45	1	1
1159	0.90	1	2	45	1	1
1160	0.90	1	2	45	1	1
1161	0.90	1	2	45	1	1
1162	0.90	1	2	45	1	1
1163	0.90	1	2	45	1	1
1164	0.92	1	1	46	1	1
1165	0.92	1	1	46	1	1
1166	0.92	1	1	46	1	1
1167	0.92	1	1	46	1	1
1168	0.90	2	1	45	1	1
1169	0.90	2	1	45	1	1
1170	0.90	2	1	45	1	1
1171	0.90	2	1	45	1	1
1172	0.90	2	1	45	1	1
1173	0.90	2	1	45	1	1
1174	0.90	2	1	45	1	1
1175	0.92	2	1	46	1	0
1176	0.90	2	1	45	2	0
1177	0.88	2	1	44	2	1
1178	0.88	2	1	44	2	1
1179	0.88	2	1	44	2	1
1180	0.88	2	1	44	2	1
1181	0.90	1	1	45	2	1
1182	0.90	1	1	45	2	1
1183	0.92	1	0	46	2	1
1184	0.92	1	0	46	2	1
1185	0.92	1	0	46	2	1
1186	0.92	1	0	46	2	1
1187	0.92	1	0	46	2	1
1188	0.92	1	0	46	2	1
1189	0.92	1	0	46	2	1
1190	0.92	1	0	46	2	1
1191	0.92	1	0	46	2	1
1192	0.92	1	0	46	2	1
1193	0.92	1	0	46	2	1
1194	0.92	1	0	46	2	1
1195	0.92	1	0	46	2	1
1196	0.92	1	0	46	2	1
1197	0.92	1	0	46	2	1
1198	0.92	1	0	46	2	1
1199	0.92	1	0	46	2	1
1200	0.92	1	0	46	2	1
1201	0.92	1	0	46	2	1
1202	0.92	1	0	46	2	1
1203	0.92	1	0	46	2	1
1204	0.92	1	0	46	2	1
1205	0.92	1	0	46	2	1
1206	0.92	1	0	46	2	1
1207	0.92	1	0	46	2	1
1208	0.94	1	0	47	1	1
1209	0.94	1	0	47	1	1
1210	0.94	1	0	47	1	1
1211	0.94	1	0	47	1	1
1212	0.94	1	0	47	1	1
1213	0.94	1	0	47	1	1
1214	0.94	1	0	47	1	1
1215	0.94	1	0	47	1	1
1216	0.94	1	0	47	1	1
1217	0.94	1	0	47	1	1
1218	0.96	0	0	48	1	1
1219	0.96	0	0	48	1	1
1220	0.96	0	0	48	1	1
1221	0.96	0	0	48	1	1
1222	0.96	0	0	48	1	1
1223	0.96	0	0	48	1	1
1224	0.96	0	0	48	1	1
1225	0.96	0	0	48	1	1
1226	0.98	0	0	49	0	1
1227	1.00	0	0	50	0	0
1228	1.00	0	0	50	0	0
1229	1.00	0	0	50	0	0
1230	1.00	0	0	50	0	0
1231	1.00	0	0	50	0	0
1232	1.00	0	0	50	0	0
1233	1.00	0	0	50	0	0
1234	1.00	0	0	50	0	0
1235	1.00	0	0	50	0	0
1236	1.00	0	0	50	0	0
1237	1.00	0	0	50	0	0
1238	1.00	0	0	50	0	0
1239	1.00	0	0	50	0	0
1240	1.00	0	0	50	0	0
1241	1.00	0	0	50	0	0
1242	1.00	0	0	50	0	0
1243	1.00	0	0	50	0	0
1244	1.00	0	0	50	0	0
1245	1.00	0	0	50	0	0
1246	1.00	0	0	50	0	0
1247	1.00	0	0	50	0	0
1248	1.00	0	0	50	0	0
1249	1.00	0	0	50	0	0
1250	1.00	0	0	50	0	0
1251	1.00	0	0	50	0	0
1252	1.00	0	0	50	0	0
1253	1.00	0	0	50	0	0
1254	1.00	0	0	50	0	0
1255	1.00	0	0	50	0	0
1256	1.00	0	0	50	0	0
1257	1.00	0	0	50	0	0
1258	1.00	0	0	50	0	0
1259	1.00	0	0	50	0	0
1260	1.00	0	0	50	0	0
1261	1.00	0	0	50	0	0
1262	1.00	0	0	50	0	0
1263	1.00	0	0	50	0	0
1264	1.00	0	0	50	0	0
1265	1.00	0	0	50	0	0
1266	1.00	0	0	50	0	0
1267	1.00	0	0	50	0	0
1268	1.00	0	0	50	0	0
1269	1.00	0	0	50	0	0
1270	1.00	0	0	50	0	0
1271	1.00	0	0	50	0	0
1272	1.00	0	0	50	0	0
1273	1.00	0	0	50	0	0
1274	1.00	0	0	50	0	0
1275	1.00	0	0	50	0	0
1276	1.00	0	0	50	0	0
1277	1.00	0	0	50	0	0
1278	1.00	0	0	50	0	0
1279	1.00	0	0	50	0	0
1280	1.00	0	0	50	0	0
1281	1.00	0	0	50	0	0
1282	1.00	0	0	50	0	0
1283	1.00	0	0	50	0	0
1284	1.00	0	0	50	0	0
1285	1.00	0	0	50	0	0
1286	1.00	0	0	50	0	0
1287	1.00	0	0	50	0	0
1288	1.00	0	0	50	0	0
1289	1.00	0	0	50	0	0
1290	1.00	0	0	50	0	0
1291	1.00	0	0	50	0	0
1292	1.00	0	0	50	0	0
1293	1.00	0	0	50	0	0
1294	1.00	0	0	50	0	0
1295	1.00	0	0	50	0	0
1296	1.00	0	0	50	0	0
1297	1.00	0	0	50	0	0
1298	1.00	0	0	50	0	0
1299	1.00	0	0	50	0	0
1300	1.00	0	0	50	0	0
1301	1.00	0	0	50	0	0
1302	1.00	0	0	50	0	0
1303	1.00	0	0	50	0	0
1304	1.00	0	0	50	0	0
1305	1.00	0	0	50	0	0
1306	1.00	0	0	50	0	0
1307	1.00	0	0	50	0	0
1308	1.00	0	0	50	0	0
1309	1.00	0	0	50	0	0
1310	1.00	0	0	50	0	0
1311	0.98	0	0	49	0	1
1312	0.98	0	0	49	0	1
1313	0.98	0	0	49	0	1
1314	0.98	0	0	49	0	1
1315	0.98	0	0	49	0	1
1316	0.98	0	0	49	0	1
1317	0.98	0	0	49	0	1
1318	0.98	0	0	49	0	1
1319	0.98	0	0	49	0	1
1320	0.98	0	0	49	0	1
1321	0.98	0	0	49	0	1
1322	0.98	0	0	49	0	1
1323	0.98	0	0	49	0	1
1324	0.98	0	0	49	0	1
1325	0.98	0	0	49	0	1
1326	0.98	0	0	49	0	1
1327	0.98	0	0	49	0	1
1328	0.96	1	0	48	0	1
1329	0.96	1	0	48	0	1
1330	0.96	1	0	48	0	1
1331	0.96	1	0	48	0	1
1332	0.96	1	0	48	0	1
1333	0.94	1	0	47	1	1
1334	0.94	1	0	47	1	1
1335	0.94	1	0	47	1	1
1336	0.94	1	0	47	1	1
1337	0.92	1	0	46	2	1
1338	0.92	1	0	46	2	1
1339	0.92	1	0	46	2	1
1340	0.90	1	0	45	2	2
1341	0.90	1	0	45	2	2
1342	0.88	2	0	44	2	2
1343	0.88	2	0	44	2	2
1344	0.88	2	0	44	2	2
1345	0.88	2	0	44	2	2
1346	0.88	2	0	44	2	2
1347	0.88	2	0	44	2	2
1348	0.88	2	0	44	2	2
1349	0.88	2	0	44	2	2
1350	0.86	2	0	43	2	3
1351	0.86	2	0	43	2	3
1352	0.86	2	0	43	2	3
1353	0.86	2	0	43	2	3
1354	0.86	2	0	43	2	3
1355	0.86	2	0	43	2	3
1356	0.86	2	0	43	2	3
1357	0.86	2	0	43	2	3
1358	0.86	2	0	43	2	3
1359	0.86	2	0	43	2	3
1360	0.86	2	0	43	2	3
1361	0.88	2	0	44	2	2
1362	0.88	2	0	44	2	2
1363	0.88	2	0	44	2	2
1364	0.88	2	0	44	2	2
1365	0.88	2	0	44	2	2
1366	0.88	2	0	44	2	2
1367	0.88	2	0	44	2	2
1368	0.88	2	0	44	2	2
1369	0.88	2	0	44	2	2
1370	0.88	2	0	44	2	2
1371	0.88	2	0	44	2	2
1372	0.88	2	0	44	2	2
1373	0.88	2	0	44	2	2
1374	0.88	2	0	44	2	2
1375	0.88	2	0	44	2	2
1376	0.88	2	0	44	2	2
1377	0.88	2	0	44	2	2
1378	0.90	1	0	45	2	2
1379	0.90	1	0	45	2	2
1380	0.90	1	0	45	2	2
1381	0.90	1	0	45	2	2
1382	0.90	1	0	45	2	2
1383	0.92	1	0	46	1	2
1384	0.92	1	0	46	1	2
1385	0.92	1	0	46	1	2
1386	0.92	1	0	46	1	2
1387	0.94	1	0	47	0	2
1388	0.94	1	0	47	0	2
1389	0.94	1	0	47	0	2
1390	0.96	1	0	48	0	1
1391	0.94	1	0	47	0	2
1392	0.96	0	0	48	0	2
1393	0.96	0	0	48	0	2
1394	0.96	0	0	48	0	2
1395	0.96	0	0	48	0	2
1396	0.96	0	0	48	0	2
1397	0.96	0	0	48	0	2
1398	0.96	0	0	48	0	2
1399	0.96	0	0	48	0	2
1400	0.98	0	0	49	0	1
1401	0.98	0	0	49	0	1
1402	0.98	0	0	49	0	1
1403	0.98	0	0	49	0	1
1404	0.98	0	0	49	0	1
1405	0.98	0	0	49	0	1
1406	0.98	0	0	49	0	1
1407	0.98	0	0	49	0	1
1408	0.98	0	0	49	0	1
1409	0.98	0	0	49	0	1
1410	0.98	0	0	49	0	1
1411	0.98	0	0	49	0	1
1412	0.98	0	0	49	0	1
1413	0.98	0	0	49	0	1
1414	0.98	0	0	49	0	1
1415	0.98	0	0	49	0	1
1416	0.98	0	0	49	0	1
1417	0.98	0	0	49	0	1
1418	0.98	0	0	49	0	1
1419	0.98	0	0	49	0	1
1420	0.98	0	0	49	0	1
1421	0.98	0	0	49	0	1
1422	0.98	0	0	49	0	1
1423	0.98	0	0	49	0	1
1424	0.98	0	0	49	0	1
1425	0.98	0	0	49	0	1
1426	0.96	1	0	48	0	1
1427	0.96	1	0	48	0	1
1428	0.96	1	0	48	0	1
1429	0.94	1	1	47	0	1
1430	0.94	1	1	47	0	1
1431	0.94	1	1	47	0	1
1432	0.92	1	1	46	1	1
1433	0.92	1	1	46	1	1
1434	0.92	1	1	46	1	1
1435	0.92	1	1	46	1	1
1436	0.92	1	1	46	1	1
1437	0.90	1	2	45	1	1
1438	0.90	1	2	45	1	1
1439	0.90	1	2	45	1	1
1440	0.90	1	2	45	1	1
1441	0.92	1	2	46	1	0
1442	0.92	1	2	46	1	0
1443	0.92	1	2	46	1	0
1444	0.92	1	2	46	1	0
1445	0.92	1	2	46	1	0
1446	0.92	1	2	46	1	0
1447	0.92	1	2	46	1	0
1448	0.90	1	2	45	1	1
1449	0.90	1	2	45	1	1
1450	0.90	1	2	45	1	1
1451	0.90	1	2	45	1	1
1452	0.90	1	2	45	1	1
1453	0.90	1	2	45	1	1
1454	0.90	1	2	45	1	1
1455	0.90	1	2	45	1	1
1456	0.90	1	2	45	1	1
1457	0.88	1	2	44	2	1
1458	0.88	1	2	44	2	1
1459	0.88	1	2	44	2	1
1460	0.88	1	2	44	2	1
1461	0.88	1	2	44	2	1
1462	0.88	1	2	44	2	1
1463	0.88	1	2	44	2	1
1464	0.88	1	2	44	2	1
1465	0.88	1	2	44	2	1
1466	0.86	1	2	43	3	1
1467	0.86	1	2	43	3	1
1468	0.86	1	2	43	3	1
1469	0.86	1	2	43	3	1
1470	0.86	1	2	43	3	1
1471	0.86	1	2	43	3	1
1472	0.86	1	2	43	3	1
1473	0.86	1	2	43	3	1
1474	0.86	1	2	43	3	1
1475	0.86	1	2	43	3	1
1476	0.88	0	2	44	3	1
1477	0.88	0	2	44	3	1
1478	0.88	0	2	44	3	1
1479	0.88	1	1	44	3	1
1480	0.88	1	1	44	3	1
1481	0.88	1	1	44	3	1
1482	0.90	1	1	45	2	1
1483	0.90	1	1	45	2	1
1484	0.90	1	1	45	2	1
1485	0.90	1	1	45	2	1
1486	0.90	1	1	45	2	1
1487	0.92	1	0	46	2	1
1488	0.92	1	0	46	2	1
1489	0.92	1	0	46	2	1
1490	0.92	1	0	46	2	1
1491	0.92	1	0	46	2	1
1492	0.92	1	0	46	2	1
1493	0.92	1	0	46	2	1
1494	0.92	1	0	46	2	1
1495	0.92	1	0	46	2	1
1496	0.92	1	0	46	2	1
1497	0.92	1	0	46	2	1
1498	0.94	1	0	47	2	0
1499	0.94	1	0	47	2	0
1500	0.04	1	0	47	2	0
1501	0.04	1	0	47	2	0
1502	0.04	1	0	47	2	0
1503	0.04	1	0	47	2	0
1504	0.04	1	0	47	2	0
1505	0.04	1	0	47	2	0
1506	0.04	1	0	47	2	0
1507	0.02	1	0	48	1	0
1508	0.02	1	0	48	1	0
1509	0.02	1	0	48	1	0
1510	0.02	1	0	48	1	0
1511	0.02	1	0	48	1	0
1512	0.02	1	0	48	1	0
1513	0.02	1	0	48	1	0
1514	0.02	1	0	48	1	0
1515	0.02	1	0	48	1	0
1516	0.00	1	0	49	0	0
1517	0.00	1	0	49	0	0
1518	0.00	1	0	49	0	0
1519	0.00	1	0	49	0	0
1520	0.02	1	0	48	1	0
1521	0.02	1	0	48	1	0
1522	0.04	1	0	47	2	0
1523	0.04	1	0	47	2	0
1524	0.04	1	0	47	2	0
1525	0.04	1	0	47	2	0
1526	0.04	1	0	47	2	0
1527	0.04	1	0	47	2	0
1528	0.04	1	0	47	2	0
1529	0.04	0	0	48	2	0
1530	0.04	0	0	48	2	0
1531	0.04	0	0	48	2	0
1532	0.06	0	0	47	3	0
1533	0.08	0	0	46	4	0
1534	0.08	0	0	46	4	0
1535	0.10	0	0	45	5	0
1536	0.10	0	0	45	5	0
1537	0.10	0	0	45	5	0
1538	0.10	0	0	45	5	0
1539	0.12	0	0	44	6	0
1540	0.14	0	0	43	7	0
1541	0.14	0	0	43	7	0
1542	0.14	0	0	43	7	0
1543	0.16	0	0	42	8	0
1544	0.18	0	0	41	9	0
1545	0.18	0	0	41	9	0
1546	0.20	0	0	40	10	0
1547	0.20	0	0	39	10	1
1548	0.22	0	0	38	11	1
1549	0.22	0	0	38	11	1
1550	0.24	0	0	37	12	1
1551	0.24	0	0	36	12	2
1552	0.24	0	1	35	12	2
1553	0.24	0	1	35	12	2
1554	0.26	0	1	34	13	2
1555	0.28	0	1	33	14	2
1556	0.30	0	1	32	15	2
1557	0.32	0	1	31	16	2
1558	0.34	0	1	30	17	2
1559	0.36	0	1	29	18	2
1560	0.38	0	1	28	19	2
1561	0.38	0	1	27	19	3
1562	0.40	0	1	26	20	3
1563	0.42	0	1	25	21	3
1564	0.42	1	1	24	21	3
1565	0.44	1	1	23	22	3
1566	0.44	1	1	23	22	3
1567	0.46	1	1	22	23	3
1568	0.48	1	1	21	24	3
1569	0.50	1	1	20	25	3
1570	0.50	1	1	20	25	3
1571	0.50	1	2	19	25	3
1572	0.48	1	2	20	24	3
1573	0.50	1	2	19	25	3
1574	0.52	1	2	18	26	3
1575	0.54	1	2	17	27	3
1576	0.56	1	2	16	28	3
1577	0.58	1	2	15	29	3
1578	0.60	1	2	14	30	3
1579	0.60	1	2	14	30	3
1580	0.60	1	2	13	30	4
1581	0.62	1	2	12	31	4
1582	0.62	1	2	12	31	4
1583	0.62	1	2	12	31	4
1584	0.62	1	2	12	31	4
1585	0.62	1	2	12	31	4
1586	0.64	1	2	11	32	4
1587	0.66	1	2	10	33	4
1588	0.68	1	2	9	34	4
1589	0.68	1	2	9	34	4
1590	0.68	1	2	9	34	4
1591	0.70	1	2	8	35	4
1592	0.72	1	2	7	36	4
1593	0.72	1	2	7	36	4
1594	0.72	1	2	7	36	4
1595	0.74	1	2	6	37	4
1596	0.74	1	2	6	37	4
1597	0.76	1	2	6	38	3
1598	0.76	1	2	6	38	3
1599	0.78	1	2	5	39	3
1600	0.76	2	2	5	38	3
1601	0.78	2	2	5	39	2
1602	0.80	2	1	5	40	2
1603	0.82	2	1	4	41	2
1604	0.80	2	1	5	40	2
1605	0.80	2	1	5	40	2
1606	0.80	2	1	5	40	2
1607	0.80	2	1	5	40	2
1608	0.80	2	1	5	40	2
1609	0.80	2	1	5	40	2
1610	0.78	2	2	5	39	2
1611	0.80	2	2	5	40	1
1612	0.80	2	2	5	40	1
1613	0.78	2	2	5	39	2
1614	0.80	1	2	5	40	2
1615	0.80	1	2	5	40	2
1616	0.82	1	2	4	41	2
1617	0.82	1	2	4	41	2
1618	0.82	1	2	4	41	2
1619	0.82	1	2	4	41	2
1620	0.82	1	2	4	41	2
1621	0.84	1	1	4	42	2
1622	0.86	1	1	3	43	2
1623	0.86	1	1	3	43	2
1624	0.86	1	1	3	43	2
1625	0.84	1	1	4	42	2
1626	0.84	1	1	4	42	2
1627	0.84	1	1	4	42	2
1628	0.84	1	1	4	42	2
1629	0.86	1	1	3	43	2
1630	0.88	1	1	3	44	1
1631	0.88	1	1	3	44	1
1632	0.88	1	1	3	44	1
1633	0.88	1	1	3	44	1
1634	0.90	1	1	2	45	1
1635	0.90	1	1	2	45	1
1636	0.88	1	1	3	44	1
1637	0.88	1	1	3	44	1
1638	0.88	1	1	3	44	1
1639	0.88	1	1	3	44	1
1640	0.88	1	1	3	44	1
1641	0.88	1	1	3	44	1
1642	0.86	1	1	3	43	2
1643	0.86	1	1	3	43	2
1644	0.86	1	1	3	43	2
1645	0.86	1	1	3	43	2
1646	0.86	1	1	3	43	2
1647	0.86	1	1	3	43	2
1648	0.86	1	1	3	43	2
1649	0.86	1	1	3	43	2
1650	0.88	0	1	3	44	2
1651	0.88	0	1	3	44	2
1652	0.88	0	1	3	44	2
1653	0.88	0	1	3	44	2
1654	0.90	0	1	2	45	2
1655	0.90	0	1	2	45	2
1656	0.90	0	1	2	45	2
1657	0.88	0	2	2	44	2
1658	0.86	1	2	2	43	2
1659	0.86	1	2	2	43	2
1660	0.88	1	1	2	44	2
1661	0.88	1	1	2	44	2
1662	0.88	1	1	2	44	2
1663	0.90	1	1	2	45	1
1664	0.90	1	1	2	45	1
1665	0.90	1	1	2	45	1
1666	0.90	1	1	2	45	1
1667	0.90	1	1	2	45	1
1668	0.90	1	1	2	45	1
1669	0.90	1	1	2	45	1
1670	0.90	1	1	2	45	1
1671	0.90	1	1	2	45	1
1672	0.90	1	1	2	45	1
1673	0.90	1	1	2	45	1
1674	0.90	1	1	2	45	1
1675	0.92	1	1	1	46	1
1676	0.92	1	1	1	46	1
1677	0.92	1	1	1	46	1
1678	0.92	1	1	1	46	1
1679	0.92	1	1	1	46	1
1680	0.92	1	1	1	46	1
1681	0.92	1	1	1	46	1
1682	0.92	1	1	1	46	1
1683	0.92	1	1	1	46	1
1684	0.92	1	1	1	46	1
1685	0.92	1	1	1	46	1
1686	0.94	1	1	0	47	1
1687	0.94	1	1	0	47	1
1688	0.94	1	1	0	47	1
1689	0.94	1	1	0	47	1
1690	0.94	1	1	0	47	1
1691	0.94	1	1	0	47	1
1692	0.96	1	1	0	48	0
1693	0.96	1	1	0	48	0
1694	0.96	1	1	0	48	0
1695	0.96	1	1	0	48	0
1696	0.96	1	1	0	48	0
1697	0.96	1	1	0	48	0
1698	0.96	1	1	0	48	0
1699	0.96	1	1	0	48	0
1700	0.96	1	1	0	48	0
1701	0.96	1	1	0	48	0
1702	0.96	1	1	0	48	0
1703	0.96	1	1	0	48	0
1704	0.96	1	1	0	48	0
1705	0.96	1	1	0	48	0
1706	0.96	1	1	0	48	0
1707	0.98	1	0	0	49	0
1708	1.00	0	0	0	50	0
1709	1.00	0	0	0	50	0
1710	1.00	0	0	0	50	0
1711	1.00	0	0	0	50	0
1712	1.00	0	0	0	50	0
1713	1.00	0	0	0	50	0
1714	1.00	0	0	0	50	0
1715	1.00	0	0	0	50	0
1716	1.00	0	0	0	50	0
1717	1.00	0	0	0	50	0
1718	1.00	0	0	0	50	0
1719	0.98	0	1	0	49	0
1720	0.98	0	1	0	49	0
1721	0.98	0	1	0	49	0
1722	0.98	0	1	0	49	0
1723	0.98	0	1	0	49	0
1724	0.98	0	1	0	49	0
1725	0.98	0	1	0	49	0
1726	0.98	0	1	0	49	0
1727	0.98	0	1	0	49	0
1728	0.98	0	1	0	49	0
1729	0.98	0	1	0	49	0
1730	0.98	0	1	0	49	0
1731	0.98	0	1	0	49	0
1732	0.98	0	1	0	49	0
1733	0.98	0	1	0	49	0
1734	0.98	0	1	0	49	0
1735	0.98	0	1	0	49	0
1736	0.98	0	1	0	49	0
1737	0.98	0	1	0	49	0
1738	0.98	0	1	0	49	0
1739	0.98	0	1	0	49	0
1740	0.98	0	1	0	49	0
1741	0.98	0	1	0	49	0
1742	0.98	0	1	0	49	0
1743	0.98	0	1	0	49	0
1744	0.98	0	1	0	49	0
1745	0.98	0	1	0	49	0
1746	0.98	0	1	0	49	0
1747	0.98	0	1	0	49	0
1748	0.98	0	1	0	49	0
1749	0.98	0	1	0	49	0
1750	0.98	0	1	0	49	0
1751	0.98	0	1	0	49	0
1752	0.98	0	1	0	49	0
1753	0.98	0	1	0	49	0
1754	0.98	0	1	0	49	0
1755	0.98	0	1	0	49	0
1756	0.98	0	1	0	49	0
1757	0.98	0	1	0	49	0
1758	0.98	0	1	0	49	0
1759	0.98	0	1	0	49	0
1760	0.98	0	1	0	49	0
1761	0.98	0	1	0	49	0
1762	0.98	0	1	0	49	0
1763	0.98	0	1	0	49	0
1764	0.98	0	1	0	49	0
1765	0.98	0	1	0	49	0
1766	0.98	0	1	0	49	0
1767	0.98	0	1	0	49	0
1768	0.98	0	1	0	49	0
1769	1.00	0	0	0	50	0
1770	1.00	0	0	0	50	0
1771	1.00	0	0	0	50	0
1772	1.00	0	0	0	50	0
1773	1.00	0	0	0	50	0
1774	1.00	0	0	0	50	0
1775	1.00	0	0	0	50	0
1776	1.00	0	0	0	50	0
1777	1.00	0	0	0	50	0
1778	1.00	0	0	0	50	0
1779	1.00	0	0	0	50	0
1780	1.00	0	0	0	50	0
1781	0.98	1	0	0	49	0
1782	0.96	1	1	0	48	0
1783	0.96	1	1	0	48	0
1784	0.96	1	1	0	48	0
1785	0.96	1	1	0	48	0
1786	0.94	1	2	0	47	0
1787	0.94	1	2	0	47	0
1788	0.94	1	2	0	47	0
1789	0.94	1	2	0	47	0
1790	0.94	1	2	0	47	0
1791	0.92	1	2	0	46	1
1792	0.92	1	2	0	46	1
1793	0.92	1	2	0	46	1
1794	0.92	1	2	0	46	1
1795	0.92	1	2	0	46	1
1796	0.92	1	2	0	46	1
1797	0.92	1	2	0	46	1
1798	0.92	1	2	0	46	1
1799	0.90	1	3	0	45	1
1800	0.90	1	3	0	45	1
1801	0.90	1	3	0	45	1
1802	0.90	1	3	0	45	1
1803	0.90	1	3	0	45	1
1804	0.90	1	3	0	45	1
1805	0.90	1	3	0	45	1
1806	0.90	1	3	0	45	1
1807	0.90	1	3	0	45	1
1808	0.90	1	3	0	45	1
1809	0.90	1	3	0	45	1
1810	0.90	1	3	0	45	1
1811	0.90	1	3	0	45	1
1812	0.90	1	3	0	45	1
1813	0.90	1	3	0	45	1
1814	0.90	1	3	0	45	1
1815	0.90	1	3	0	45	1
1816	0.90	1	3	0	45	1
1817	0.90	1	3	0	45	1
1818	0.90	1	3	0	45	1
1819	0.90	1	3	0	45	1
1820	0.88	1	3	0	44	2
1821	0.88	1	3	0	44	2
1822	0.88	1	3	0	44	2
1823	0.88	1	3	0	44	2
1824	0.88	1	3	0	44	2
1825	0.88	1	3	0	44	2
1826	0.88	1	3	0	44	2
1827	0.88	1	3	0	44	2
1828	0.88	1	3	0	44	2
1829	0.88	1	3	0	44	2
1830	0.88	1	3	0	44	2
1831	0.90	0	3	0	45	2
1832	0.92	0	2	0	46	2
1833	0.92	0	2	0	46	2
1834	0.92	0	2	0	46	2
1835	0.92	0	2	0	46	2
1836	0.94	0	1	0	47	2
1837	0.94	0	1	0	47	2
1838	0.94	0	1	0	47	2
1839	0.94	0	1	0	47	2
1840	0.94	0	1	0	47	2
1841	0.96	0	1	0	48	1
1842	0.96	0	1	0	48	1
1843	0.96	0	1	0	48	1
1844	0.96	0	1	0	48	1
1845	0.96	0	1	0	48	1
1846	0.96	0	1	0	48	1
1847	0.96	0	1	0	48	1
1848	0.96	0	1	0	48	1
1849	0.96	0	1	0	48	1
1850	0.96	0	1	0	48	1
1851	0.96	0	1	0	48	1
1852	0.96	0	1	0	48	1
1853	0.96	0	1	0	48	1
1854	0.96	0	1	0	48	1
1855	0.96	0	1	0	48	1
1856	0.96	0	1	0	48	1
1857	0.96	0	1	0	48	1
1858	0.96	0	1	0	48	1
1859	0.96	0	1	0	48	1
1860	0.96	0	1	0	48	1
1861	0.96	0	1	0	48	1
1862	0.96	0	1	0	48	1
1863	0.96	0	1	0	48	1
1864	0.96	0	1	0	48	1
1865	0.96	0	1	0	48	1
1866	0.96	0	1	0	48	1
1867	0.96	0	1	0	48	1
1868	0.96	0	1	0	48	1
1869	0.96	0	1	0	48	1
1870	0.98	0	1	0	49	0
1871	0.98	0	1	0	49	0
1872	0.98	0	1	0	49	0
1873	0.98	0	1	0	49	0
1874	0.98	0	1	0	49	0
1875	0.98	0	1	0	49	0
1876	0.98	0	1	0	49	0
1877	0.98	0	1	0	49	0
1878	0.98	0	1	0	49	0
1879	0.98	0	1	0	49	0
1880	0.98	0	1	0	49	0
1881	0.98	0	1	0	49	0
1882	0.98	0	1	0	49	0
1883	0.98	0	1	0	49	0
1884	0.98	0	1	0	49	0
1885	0.98	0	1	0	49	0
1886	0.98	0	1	0	49	0
1887	0.98	0	1	0	49	0
1888	0.98	0	1	0	49	0
1889	0.98	0	1	0	49	0
1890	0.98	0	1	0	49	0
1891	0.98	0	1	0	49	0
1892	0.98	0	1	0	49	0
1893	0.98	0	1	0	49	0
1894	0.98	0	1	0	49	0
1895	0.98	0	1	0	49	0
1896	0.98	0	1	0	49	0
1897	0.98	0	1	0	49	0
1898	0.98	0	1	0	49	0
1899	1.00	0	0	0	50	0
1900	1.00	0	0	0	50	0
1901	1.00	0	0	0	50	0
1902	1.00	0	0	0	50	0
1903	1.00	0	0	0	50	0
1904	1.00	0	0	0	50	0
1905	1.00	0	0	0	50	0
1906	1.00	0	0	0	50	0
1907	1.00	0	0	0	50	0
1908	1.00	0	0	0	50	0
1909	1.00	0	0	0	50	0
1910	1.00	0	0	0	50	0
1911	1.00	0	0	0	50	0
1912	1.00	0	0	0	50	0
1913	1.00	0	0	0	50	0
1914	1.00	0	0	0	50	0
1915	1.00	0	0	0	50	0
1916	1.00	0	0	0	50	0
1917	1.00	0	0	0	50	0
1918	1.00	0	0	0	50	0
1919	1.00	0	0	0	50	0
1920	1.00	0	0	0	50	0
1921	1.00	0	0	0	50	0
1922	1.00	0	0	0	50	0
1923	1.00	0	0	0	50	0
1924	0.98	0	1	0	49	0
1925	0.98	0	1	0	49	0
1926	0.98	0	1	0	49	0
1927	0.98	0	1	0	49	0
1928	0.98	0	1	0	49	0
1929	0.98	0	1	0	49	0
1930	0.98	0	1	0	49	0
1931	0.98	0	1	0	49	0
1932	0.98	0	1	0	49	0
1933	0.98	0	1	0	49	0
1934	0.98	0	1	0	49	0
1935	0.98	0	1	0	49	0
1936	0.98	0	1	0	49	0
1937	0.98	0	1	0	49	0
1938	0.98	0	1	0	49	0
1939	0.98	0	1	0	49	0
1940	0.98	0	1	0	49	0
1941	0.98	0	1	0	49	0
1942	0.98	0	1	0	49	0
1943	0.98	0	1	0	49	0
1944	0.96	0	1	1	48	0
1945	0.96	0	1	1	48	0
1946	0.96	0	1	1	48	0
1947	0.96	0	1	1	48	0
1948	0.96	0	1	1	48	0
1949	0.96	0	1	1	48	0
1950	0.96	0	1	1	48	0
1951	0.96	0	1	1	48	0
1952	0.96	0	1	1	48	0
1953	0.96	0	1	1	48	0
1954	0.94	0	2	1	47	0
1955	0.94	0	2	1	47	0
1956	0.94	0	2	1	47	0
1957	0.94	0	2	1	47	0
1958	0.92	0	3	1	46	0
1959	0.92	0	3	1	46	0
1960	0.92	0	3	1	46	0
1961	0.92	0	3	1	46	0
1962	0.92	0	3	1	46	0
1963	0.92	0	3	1	46	0
1964	0.92	0	3	1	46	0
1965	0.92	0	3	1	46	0
1966	0.92	0	3	1	46	0
1967	0.92	0	3	1	46	0
1968	0.92	0	3	1	46	0
1969	0.92	0	3	1	46	0
1970	0.92	0	3	1	46	0
1971	0.92	0	3	1	46	0
1972	0.92	0	3	1	46	0
1973	0.92	0	3	1	46	0
1974	0.94	0	2	1	47	0
1975	0.94	0	2	1	47	0
1976	0.94	0	2	1	47	0
1977	0.94	0	2	1	47	0
1978	0.94	0	2	1	47	0
1979	0.94	0	2	1	47	0
1980	0.94	0	2	1	47	0
1981	0.94	0	2	1	47	0
1982	0.94	0	2	1	47	0
1983	0.92	1	2	1	46	0
1984	0.92	1	2	1	46	0
1985	0.92	1	2	1	46	0
1986	0.92	1	2	1	46	0
1987	0.92	1	2	1	46	0
1988	0.92	1	2	1	46	0
1989	0.92	1	2	1	46	0
1990	0.92	1	2	1	46	0
1991	0.92	1	2	1	46	0
1992	0.92	1	2	1	46	0
1993	0.92	1	2	1	46	0
1994	0.94	1	2	0	47	0
1995	0.94	1	2	0	47	0
1996	0.94	1	2	0	47	0
1997	0.94	1	2	0	47	0
1998	0.94	1	2	0	47	0
1999	0.94	1	2	0	47	0
2000	0.02	1	2	0	46	1
2001	0.02	1	2	0	46	1
2002	0.04	1	2	0	45	2
2003	0.06	1	2	0	44	3
2004	0.06	1	1	0	45	3
2005	0.06	1	1	0	45	3
2006	0.06	1	1	0	45	3
2007	0.08	1	1	0	44	4
2008	0.08	1	0	0	45	4
2009	0.08	1	0	0	45	4
2010	0.08	1	0	0	45	4
2011	0.10	1	0	0	44	5
2012	0.12	1	0	0	43	6
2013	0.12	1	0	0	43	6
2014	0.12	1	1	0	42	6
2015	0.12	1	2	0	41	6
2016	0.12	1	2	1	40	6
2017	0.12	1	2	1	40	6
2018	0.12	1	2	1	40	6
2019	0.14	1	2	1	39	7
2020	0.16	1	2	1	38	8
2021	0.18	1	2	1	37	9
2022	0.20	1	2	1	36	10
2023	0.20	2	2	1	35	10
2024	0.22	2	2	1	34	11
2025	0.24	2	2	1	33	12
2026	0.24	2	2	1	33	12
2027	0.26	2	2	1	32	13
2028	0.28	2	2	1	31	14
2029	0.30	2	2	1	30	15
2030	0.32	2	2	1	29	16
2031	0.34	2	2	1	28	17
2032	0.36	2	2	1	27	18
2033	0.36	1	2	2	27	18
2034	0.36	1	3	2	26	18
2035	0.38	1	3	2	25	19
2036	0.40	1	3	2	24	20
2037	0.42	1	3	2	23	21
2038	0.44	1	3	2	22	22
2039	0.46	1	3	2	21	23
2040	0.48	1	3	2	20	24
2041	0.50	1	3	2	19	25
2042	0.52	1	3	2	18	26
2043	0.54	1	3	2	17	27
2044	0.56	1	3	2	16	28
2045	0.58	1	3	2	15	29
2046	0.60	1	3	2	14	30
2047	0.62	1	3	2	13	31
2048	0.64	1	3	2	12	32
2049	0.66	1	3	2	11	33
2050	0.66	1	3	2	11	33
2051	0.66	1	4	2	10	33
2052	0.66	1	4	2	10	33
2053	0.66	1	4	2	10	33
2054	0.68	1	4	2	9	34
2055	0.70	1	4	2	8	35
2056	0.72	1	4	2	7	36
2057	0.72	1	4	2	7	36
2058	0.74	1	4	2	6	37
2059	0.76	1	4	2	5	38
2060	0.78	1	4	2	4	39
2061	0.78	1	4	2	4	39
2062	0.78	1	4	2	4	39
2063	0.80	1	4	2	3	40
2064	0.82	1	3	2	3	41
2065	0.84	1	2	2	3	42
2066	0.86	1	2	1	3	43
2067	0.88	1	2	1	2	44
2068	0.90	1	2	1	1	45
2069	0.90	1	2	1	1	45
2070	0.90	1	2	1	1	45
2071	0.90	1	2	1	1	45
2072	0.90	1	2	1	1	45
2073	0.92	0	2	1	1	46
2074	0.92	0	2	1	1	46
2075	0.92	0	2	1	1	46
2076	0.94	0	2	1	0	47
2077	0.94	0	2	1	0	47
2078	0.94	0	2	1	0	47
2079	0.94	0	2	1	0	47
2080	0.94	0	2	1	0	47
2081	0.92	0	2	1	1	46
2082	0.92	0	2	1	1	46
2083	0.94	0	2	0	1	47
2084	0.96	0	1	0	1	48
2085	0.96	0	1	0	1	48
2086	0.96	0	1	0	1	48
2087	0.96	0	1	0	1	48
2088	0.96	0	1	0	1	48
2089	0.96	0	1	0	1	48
2090	0.96	0	1	0	1	48
2091	0.96	0	1	0	1	48
2092	0.96	0	1	0	1	48
2093	0.96	0	1	0	1	48
2094	0.96	0	1	0	1	48
2095	0.96	0	1	0	1	48
2096	0.96	0	1	0	1	48
2097	0.96	0	1	0	1	48
2098	0.96	0	1	0	1	48
2099	0.96	0	1	0	1	48
2100	0.96	0	1	0	1	48
2101	0.98	0	0	0	1	49
2102	0.98	0	0	0	1	49
2103	0.98	0	0	0	1	49
2104	0.98	0	0	0	1	49
2105	0.98	0	0	0	1	49
2106	0.98	0	0	0	1	49
2107	0.98	0	0	0	1	49
2108	0.98	0	0	0	1	49
2109	0.98	0	0	0	1	49
2110	0.98	0	0	0	1	49
2111	0.98	0	0	0	1	49
2112	0.98	0	0	0	1	49
2113	0.98	0	0	0	1	49
2114	0.98	0	0	0	1	49
2115	0.98	0	0	0	1	49
2116	0.98	0	0	0	1	49
2117	0.98	0	0	0	1	49
2118	0.98	0	0	0	1	49
2119	0.96	0	1	0	1	48
2120	0.96	0	1	0	1	48
2121	0.96	0	1	0	1	48
2122	0.96	0	1	0	1	48
2123	0.96	0	1	0	1	48
2124	0.96	0	1	0	1	48
2125	0.96	0	1	0	1	48
2126	0.96	0	1	0	1	48
2127	0.96	0	1	0	1	48
2128	0.96	0	1	0	1	48
2129	0.96	0	1	0	1	48
2130	0.96	0	1	0	1	48
2131	0.98	0	1	0	0	49
2132	0.98	0	1	0	0	49
2133	0.98	0	1	0	0	49
2134	0.98	0	1	0	0	49
2135	0.98	0	1	0	0	49
2136	0.98	0	1	0	0	49
2137	0.96	1	1	0	0	48
2138	0.96	1	1	0	0	48
2139	0.96	1	1	0	0	48
2140	0.96	1	1	0	0	48
2141	0.96	1	1	0	0	48
2142	0.96	1	1	0	0	48
2143	0.96	1	1	0	0	48
2144	0.96	1	1	0	0	48
2145	0.96	1	1	0	0	48
2146	0.96	1	1	0	0	48
2147	0.96	1	1	0	0	48
2148	0.96	1	1	0	0	48
2149	0.96	1	1	0	0	48
2150	0.96	1	1	0	0	48
2151	0.96	1	1	0	0	48
2152	0.94	1	1	0	1	47
2153	0.94	1	1	0	1	47
2154	0.94	1	1	0	1	47
2155	0.92	1	1	0	2	46
2156	0.92	1	1	0	2	46
2157	0.92	1	1	0	2	46
2158	0.92	1	1	0	2	46
2159	0.92	1	1	0	2	46
2160	0.92	1	1	0	2	46
2161	0.92	1	1	0	2	46
2162	0.92	1	1	0	2	46
2163	0.92	1	1	0	2	46
2164	0.92	1	1	0	2	46
2165	0.92	1	1	0	2	46
2166	0.92	1	1	0	2	46
2167	0.92	1	1	0	2	46
2168	0.92	1	1	0	2	46
2169	0.94	1	0	0	2	47
2170	0.94	1	0	0	2	47
2171	0.94	1	0	0	2	47
2172	0.94	1	0	0	2	47
2173	0.94	1	0	0	2	47
2174	0.94	1	0	0	2	47
2175	0.94	1	0	0	2	47
2176	0.94	1	0	0	2	47
2177	0.94	1	0	0	2	47
2178	0.94	1	0	0	2	47
2179	0.94	1	0	0	2	47
2180	0.92	2	0	0	2	46
2181	0.90	3	0	0	2	45
2182	0.88	4	0	0	2	44
2183	0.88	4	0	0	2	44
2184	0.88	4	0	0	2	44
2185	0.88	4	0	0	2	44
2186	0.88	4	0	0	2	44
2187	0.90	3	0	0	2	45
2188	0.90	3	0	0	2	45
2189	0.90	3	0	0	2	45
2190	0.90	3	0	0	2	45
2191	0.90	3	0	0	2	45
2192	0.90	3	0	0	2	45
2193	0.90	3	0	0	2	45
2194	0.90	3	0	0	2	45
2195	0.90	3	0	0	2	45
2196	0.88	4	0	0	2	44
2197	0.88	4	0	0	2	44
2198	0.88	4	0	0	2	44
2199	0.88	4	0	0	2	44
2200	0.88	4	0	0	2	44
2201	0.86	4	0	0	3	43
2202	0.88	4	0	0	2	44
2203	0.88	4	0	0	2	44
2204	0.88	4	0	0	2	44
2205	0.88	4	0	1	1	44
2206	0.88	4	0	1	1	44
2207	0.88	4	0	1	1	44
2208	0.88	4	0	1	1	44
2209	0.88	4	0	1	1	44
2210	0.88	4	0	1	1	44
2211	0.88	4	0	1	1	44
2212	0.88	4	0	1	1	44
2213	0.86	4	1	1	1	43
2214	0.86	4	1	1	1	43
2215	0.84	4	1	2	1	42
2216	0.84	4	1	2	1	42
2217	0.84	4	1	2	1	42
2218	0.84	4	1	2	1	42
2219	0.84	4	1	2	1	42
2220	0.82	4	2	2	1	41
2221	0.82	4	2	2	1	41
2222	0.82	4	2	2	1	41
2223	0.82	4	2	2	1	41
2224	0.82	4	2	2	1	41
2225	0.82	4	2	2	1	41
2226	0.82	4	2	2	1	41
2227	0.82	4	2	2	1	41
2228	0.82	4	2	2	1	41
2229	0.82	4	2	2	1	41
2230	0.84	3	2	2	1	42
2231	0.86	2	2	2	1	43
2232	0.88	1	2	2	1	44
2233	0.88	1	2	2	1	44
2234	0.88	1	2	2	1	44
2235	0.88	1	2	2	1	44
2236	0.88	1	2	2	1	44
2237	0.86	1	2	2	2	43
2238	0.84	1	3	2	2	42
2239	0.84	1	3	2	2	42
2240	0.82	2	3	2	2	41
2241	0.82	2	3	2	2	41
2242	0.82	2	3	2	2	41
2243	0.82	2	3	2	2	41
2244	0.80	2	4	2	2	40
2245	0.80	2	4	2	2	40
2246	0.82	1	4	2	2	41
2247	0.82	1	4	2	2	41
2248	0.82	1	4	2	2	41
2249	0.80	1	4	3	2	40
2250	0.80	1	4	3	2	40
2251	0.82	1	4	3	1	41
2252	0.80	1	5	3	1	40
2253	0.80	1	5	3	1	40
2254	0.80	1	5	3	1	40
2255	0.80	1	5	2	2	40
2256	0.80	1	5	2	2	40
2257	0.80	1	5	2	2	40
2258	0.80	1	5	2	2	40
2259	0.80	1	5	2	2	40
2260	0.80	1	5	2	2	40
2261	0.80	1	5	2	2	40
2262	0.80	1	5	2	2	40
2263	0.82	1	4	2	2	41
2264	0.82	1	4	2	2	41
2265	0.84	1	4	1	2	42
2266	0.84	1	4	1	2	42
2267	0.84	1	4	1	2	42
2268	0.84	1	4	1	2	42
2269	0.82	1	4	2	2	41
2270	0.82	1	3	2	3	41
2271	0.82	1	3	2	3	41
2272	0.82	1	3	2	3	41
2273	0.82	1	3	2	3	41
2274	0.82	1	3	2	3	41
2275	0.82	1	3	2	3	41
2276	0.82	1	3	2	3	41
2277	0.82	1	3	2	3	41
2278	0.82	1	3	2	3	41
2279	0.82	1	3	2	3	41
2280	0.82	1	3	2	3	41
2281	0.80	1	3	2	4	40
2282	0.80	1	3	2	4	40
2283	0.80	1	3	2	4	40
2284	0.80	1	3	2	4	40
2285	0.80	1	3	2	4	40
2286	0.80	1	3	2	4	40
2287	0.82	1	3	2	3	41
2288	0.84	1	2	2	3	42
2289	0.84	1	2	2	3	42
2290	0.86	0	2	2	3	43
2291	0.86	0	2	2	3	43
2292	0.86	0	2	2	3	43
2293	0.86	0	2	2	3	43
2294	0.86	0	1	2	4	43
2295	0.86	0	1	2	4	43
2296	0.86	0	1	2	4	43
2297	0.86	0	1	2	4	43
2298	0.86	0	1	2	4	43
2299	0.88	0	1	1	4	44
2300	0.88	0	1	1	4	44
2301	0.88	0	1	1	4	44
2302	0.90	0	0	1	4	45
2303	0.90	0	0	1	4	45
2304	0.90	0	0	1	4	45
2305	0.92	0	0	1	3	46
2306	0.92	0	0	1	3	46
2307	0.92	0	0	1	3	46
2308	0.92	0	0	1	3	46
2309	0.92	0	0	1	3	46
2310	0.92	0	0	1	3	46
2311	0.92	0	0	1	3	46
2312	0.92	0	0	1	3	46
2313	0.92	0	0	1	3	46
2314	0.92	0	0	1	3	46
2315	0.92	0	0	1	3	46
2316	0.92	0	0	1	3	46
2317	0.92	0	0	1	3	46
2318	0.92	0	0	1	3	46
2319	0.94	0	0	0	3	47
2320	0.96	0	0	0	2	48
2321	0.96	0	0	0	2	48
2322	0.96	0	0	0	2	48
2323	0.96	0	0	0	2	48
2324	0.96	0	0	0	2	48
2325	0.96	0	0	0	2	48
2326	0.96	0	0	0	2	48
2327	0.96	0	0	0	2	48
2328	0.96	0	0	0	2	48
2329	0.96	0	0	0	2	48
2330	0.96	0	0	0	2	48
2331	0.98	0	0	0	1	49
2332	0.98	0	0	0	1	49
2333	0.96	0	1	0	1	48
2334	0.96	0	1	0	1	48
2335	0.96	0	1	0	1	48
2336	0.96	0	1	0	1	48
2337	0.96	0	1	0	1	48
2338	0.96	0	1	0	1	48
2339	0.96	0	1	0	1	48
2340	0.96	0	1	0	1	48
2341	0.96	0	1	0	1	48
2342	0.96	0	1	0	1	48
2343	0.96	0	1	0	1	48
2344	0.98	0	1	0	0	49
2345	0.98	0	1	0	0	49
2346	0.98	0	1	0	0	49
2347	0.96	0	1	1	0	48
2348	0.96	0	1	1	0	48
2349	0.94	0	1	1	1	47
2350	0.94	0	1	1	1	47
2351	0.94	0	1	1	1	47
2352	0.94	0	1	1	1	47
2353	0.94	0	1	1	1	47
2354	0.94	0	1	1	1	47
2355	0.94	0	1	1	1	47
2356	0.94	0	1	1	1	47
2357	0.94	0	1	1	1	47
2358	0.94	0	1	1	1	47
2359	0.94	0	1	1	1	47
2360	0.94	0	1	1	1	47
2361	0.94	0	1	1	1	47
2362	0.92	0	1	2	1	46
2363	0.92	0	1	2	1	46
2364	0.92	0	1	2	1	46
2365	0.92	0	1	2	1	46
2366	0.92	0	1	2	1	46
2367	0.92	0	1	2	1	46
2368	0.90	1	1	2	1	45
2369	0.90	1	1	2	1	45
2370	0.90	1	1	2	1	45
2371	0.90	1	1	2	1	45
2372	0.90	1	1	2	1	45
2373	0.90	1	1	2	1	45
2374	0.90	1	1	2	1	45
2375	0.90	1	1	2	1	45
2376	0.90	1	1	2	1	45
2377	0.90	1	1	2	1	45
2378	0.90	1	1	2	1	45
2379	0.90	1	1	2	1	45
2380	0.88	1	2	2	1	44
2381	0.88	1	2	2	1	44
2382	0.88	1	2	2	1	44
2383	0.90	1	1	2	1	45
2384	0.90	1	1	2	1	45
2385	0.90	1	1	2	1	45
2386	0.90	1	1	2	1	45
2387	0.90	1	1	2	1	45
2388	0.90	1	1	2	1	45
2389	0.90	1	1	2	1	45
2390	0.90	1	1	2	1	45
2391	0.90	1	1	2	1	45
2392	0.90	1	1	2	1	45
2393	0.90	1	1	2	1	45
2394	0.90	1	1	2	1	45
2395	0.90	1	1	2	1	45
2396	0.90	1	1	2	1	45
2397	0.92	1	1	1	1	46
2398	0.92	1	1	1	1	46
2399	0.94	1	1	1	0	47
2400	0.92	1	1	2	0	46
2401	0.90	1	1	2	1	45
2402	0.90	1	1	2	1	45
2403	0.90	1	1	2	1	45
2404	0.90	1	1	2	1	45
2405	0.90	1	1	2	1	45
2406	0.90	1	1	2	1	45
2407	0.90	1	1	2	1	45
2408	0.90	1	1	2	1	45
2409	0.90	1	1	2	1	45
2410	0.90	1	1	2	1	45
2411	0.90	1	1	2	1	45
2412	0.92	1	1	1	1	46
2413	0.92	1	1	1	1	46
2414	0.92	1	1	1	1	46
2415	0.92	1	1	1	1	46
2416	0.92	1	1	1	1	46
2417	0.92	1	1	1	1	46
2418	0.94	0	1	1	1	47
2419	0.94	0	1	1	1	47
2420	0.94	0	1	1	1	47
2421	0.94	0	1	1	1	47
2422	0.94	0	1	1	1	47
2423	0.94	0	1	1	1	47
2424	0.94	0	1	1	1	47
2425	0.92	1	1	1	1	46
2426	0.90	1	2	1	1	45
2427	0.90	1	2	1	1	45
2428	0.90	1	2	1	1	45
2429	0.90	1	2	1	1	45
2430	0.92	1	1	1	1	46
2431	0.92	1	1	1	1	46
2432	0.92	1	1	1	1	46
2433	0.92	1	1	1	1	46
2434	0.92	1	1	1	1	46
2435	0.92	1	1	1	1	46
2436	0.92	1	1	1	1	46
2437	0.92	1	1	1	1	46
2438	0.92	1	1	1	1	46
2439	0.90	1	2	1	1	45
2440	0.90	1	2	1	1	45
2441	0.90	1	2	1	1	45
2442	0.90	1	2	1	1	45
2443	0.88	1	2	1	2	44
2444	0.88	1	2	1	2	44
2445	0.88	1	2	1	2	44
2446	0.88	1	2	1	2	44
2447	0.86	2	2	1	2	43
2448	0.84	2	2	2	2	42
2449	0.84	2	2	2	2	42
2450	0.86	2	2	1	2	43
2451	0.88	2	2	1	1	44
2452	0.88	2	2	1	1	44
2453	0.88	2	2	1	1	44
2454	0.88	2	2	1	1	44
2455	0.88	2	2	1	1	44
2456	0.88	2	2	1	1	44
2457	0.88	2	2	1	1	44
2458	0.88	2	2	1	1	44
2459	0.88	2	2	1	1	44
2460	0.88	2	2	1	1	44
2461	0.88	2	2	1	1	44
2462	0.88	2	2	1	1	44
2463	0.88	2	2	1	1	44
2464	0.88	2	2	1	1	44
2465	0.88	2	2	1	1	44
2466	0.88	2	2	1	1	44
2467	0.88	2	2	1	1	44
2468	0.88	2	2	1	1	44
2469	0.88	2	2	1	1	44
2470	0.88	2	2	1	1	44
2471	0.88	2	2	1	1	44
2472	0.88	2	2	1	1	44
2473	0.88	2	2	1	1	44
2474	0.88	2	2	1	1	44
2475	0.90	1	2	1	1	45
2476	0.92	1	1	1	1	46
2477	0.90	1	1	2	1	45
2478	0.90	1	1	2	1	45
2479	0.90	1	1	2	1	45
2480	0.90	1	1	2	1	45
2481	0.90	1	1	2	1	45
2482	0.90	1	1	2	1	45
2483	0.88	1	1	2	2	44
2484	0.88	1	1	2	2	44
2485	0.88	1	1	2	2	44
2486	0.88	1	1	2	2	44
2487	0.88	1	1	2	2	44
2488	0.88	1	1	2	2	44
2489	0.90	1	0	2	2	45
2490	0.88	1	0	3	2	44
2491	0.88	1	0	3	2	44
2492	0.88	1	0	3	2	44
2493	0.90	1	0	3	1	45
2494	0.90	1	0	3	1	45
2495	0.90	1	0	3	1	45
2496	0.90	1	0	3	1	45
2497	0.92	0	0	3	1	46
2498	0.94	0	0	2	1	47
2499	0.94	0	0	2	1	47
2500	0.00	0	0	2	1	47
2501	0.00	0	0	2	1	47
2502	0.00	0	0	2	1	47
2503	0.02	1	0	2	1	46
2504	0.02	1	0	2	2	45
2505	0.04	2	0	2	2	44
2506	0.06	3	0	2	2	43
2507	0.08	4	0	2	2	42
2508	0.08	4	0	2	2	42
2509	0.08	4	0	2	2	42
2510	0.08	4	0	2	2	42
2511	0.08	4	0	2	2	42
2512	0.08	4	0	2	2	42
2513	0.10	5	0	2	2	41
2514	0.12	6	0	2	2	40
2515	0.14	7	0	2	2	39
2516	0.16	8	0	2	2	38
2517	0.16	8	0	2	2	38
2518	0.18	9	0	2	2	37
2519	0.18	9	0	2	2	37
2520	0.20	10	0	2	2	36
2521	0.22	11	0	2	2	35
2522	0.22	11	0	2	2	35
2523	0.24	12	0	2	2	34
2524	0.26	13	0	2	2	33
2525	0.28	14	0	2	2	32
2526	0.30	15	0	2	2	31
2527	0.32	16	0	1	2	31
2528	0.34	17	0	1	2	30
2529	0.36	18	0	1	2	29
2530	0.36	18	0	1	2	29
2531	0.36	18	1	1	2	28
2532	0.38	19	1	1	2	27
2533	0.38	19	1	1	1	28
2534	0.40	20	1	1	1	27
2535	0.42	21	1	1	1	26
2536	0.42	21	1	1	1	26
2537	0.42	21	1	1	1	26
2538	0.44	22	1	1	1	25
2539	0.46	23	1	1	1	24
2540	0.48	24	1	0	1	24
2541	0.50	25	1	0	1	23
2542	0.50	25	1	0	2	22
2543	0.52	26	1	0	2	21
2544	0.52	26	1	0	3	20
2545	0.54	27	1	0	3	19
2546	0.56	28	1	0	3	18
2547	0.58	29	1	0	3	17
2548	0.60	30	1	0	3	16
2549	0.62	31	1	0	3	15
2550	0.64	32	1	0	3	14
2551	0.66	33	1	0	3	13
2552	0.68	34	1	0	3	12
2553	0.66	33	1	1	3	12
2554	0.68	34	1	1	2	12
2555	0.68	34	1	1	2	12
2556	0.68	34	1	1	2	12
2557	0.68	34	1	1	2	12
2558	0.70	35	1	1	2	11
2559	0.72	36	1	1	2	10
2560	0.74	37	1	1	2	9
2561	0.76	38	1	1	2	8
2562	0.78	39	1	1	2	7
2563	0.78	39	1	1	2	7
2564	0.78	39	1	1	2	7
2565	0.78	39	1	1	2	7
2566	0.76	38	2	1	2	7
2567	0.78	39	2	1	2	6
2568	0.78	39	2	1	2	6
2569	0.78	39	2	1	2	6
2570	0.78	39	2	1	2	6
2571	0.78	39	2	1	2	6
2572	0.78	39	3	1	2	5
2573	0.78	39	3	1	2	5
2574	0.78	39	3	1	2	5
2575	0.78	39	3	1	2	5
2576	0.78	39	3	1	2	5
2577	0.78	39	3	1	2	5
2578	0.78	39	3	1	2	5
2579	0.78	39	3	1	2	5
2580	0.80	40	3	1	2	4
2581	0.82	41	2	1	2	4
2582	0.80	40	2	1	2	5
2583	0.82	41	2	1	2	4
2584	0.82	41	2	1	2	4
2585	0.82	41	2	1	2	4
2586	0.84	42	2	1	2	3
2587	0.86	43	2	1	2	2
2588	0.86	43	2	1	2	2
2589	0.86	43	2	1	2	2
2590	0.86	43	2	1	2	2
2591	0.86	43	2	1	2	2
2592	0.86	43	2	2	1	2
2593	0.86	43	2	2	1	2
2594	0.88	44	2	2	0	2
2595	0.88	44	2	2	0	2
2596	0.88	44	2	2	0	2
2597	0.88	44	2	2	0	2
2598	0.88	44	2	2	0	2
2599	0.88	44	2	2	0	2
2600	0.88	44	2	2	0	2
2601	0.88	44	2	2	0	2
2602	0.88	44	2	2	0	2
2603	0.90	45	2	1	0	2
2604	0.90	45	2	1	0	2
2605	0.90	45	2	1	0	2
2606	0.90	45	2	1	0	2
2607	0.90	45	2	1	0	2
2608	0.90	45	2	1	0	2
2609	0.90	45	2	1	0	2
2610	0.90	45	2	1	0	2
2611	0.90	45	2	1	0	2
2612	0.90	45	2	1	0	2
2613	0.90	45	2	1	0	2
2614	0.90	45	2	1	0	2
2615	0.90	45	2	1	0	2
2616	0.92	46	1	1	0	2
2617	0.92	46	1	1	0	2
2618	0.92	46	1	1	0	2
2619	0.94	47	1	1	0	1
2620	0.94	47	1	1	0	1
2621	0.94	47	1	1	0	1
2622	0.96	48	0	1	0	1
2623	0.96	48	0	1	0	1
2624	0.96	48	0	1	0	1
2625	0.96	48	0	1	0	1
2626	0.96	48	0	1	0	1
2627	0.96	48	0	1	0	1
2628	0.96	48	0	1	0	1
2629	0.96	48	0	1	0	1
2630	0.96	48	0	1	0	1
2631	0.96	48	0	1	0	1
2632	0.98	49	0	1	0	0
2633	0.98	49	0	1	0	0
2634	0.98	49	0	1	0	0
2635	0.98	49	0	1	0	0
2636	0.98	49	0	1	0	0
2637	0.98	49	0	1	0	0
2638	0.98	49	0	1	0	0
2639	0.98	49	0	1	0	0
2640	0.98	49	0	1	0	0
2641	0.98	49	0	1	0	0
2642	1.00	50	0	0	0	0
2643	1.00	50	0	0	0	0
2644	1.00	50	0	0	0	0
2645	1.00	50	0	0	0	0
2646	1.00	50	0	0	0	0
2647	1.00	50	0	0	0	0
2648	1.00	50	0	0	0	0
2649	1.00	50	0	0	0	0
2650	1.00	50	0	0	0	0
2651	1.00	50	0	0	0	0
2652	1.00	50	0	0	0	0
2653	0.98	49	0	0	0	1
2654	0.98	49	0	0	0	1
2655	0.98	49	0	0	0	1
2656	0.98	49	0	0	0	1
2657	0.98	49	0	0	0	1
2658	0.98	49	0	0	0	1
2659	0.98	49	0	0	0	1
2660	0.98	49	0	0	0	1
2661	0.98	49	0	0	0	1
2662	0.98	49	0	0	0	1
2663	0.98	49	0	0	0	1
2664	0.98	49	0	0	0	1
2665	0.98	49	0	0	0	1
2666	0.98	49	0	0	0	1
2667	0.98	49	0	0	0	1
2668	0.98	49	0	0	0	1
2669	0.98	49	0	0	0	1
2670	0.98	49	0	0	0	1
2671	0.98	49	0	0	0	1
2672	0.98	49	0	0	0	1
2673	0.98	49	0	0	0	1
2674	0.98	49	0	0	0	1
2675	0.96	48	0	1	0	1
2676	0.96	48	0	1	0	1
2677	0.96	48	0	1	0	1
2678	0.96	48	0	1	0	1
2679	0.96	48	0	1	0	1
2680	0.96	48	0	1	0	1
2681	0.96	48	0	1	0	1
2682	0.96	48	0	1	0	1
2683	0.96	48	0	1	0	1
2684	0.96	48	0	1	0	1
2685	0.96	48	0	1	0	1
2686	0.96	48	0	1	0	1
2687	0.94	47	0	1	0	2
2688	0.94	47	0	1	0	2
2689	0.94	47	0	1	0	2
2690	0.94	47	0	1	0	2
2691	0.92	46	0	2	0	2
2692	0.92	46	0	2	0	2
2693	0.92	46	0	2	0	2
2694	0.92	46	0	2	0	2
2695	0.90	45	0	3	0	2
2696	0.90	45	0	3	0	2
2697	0.90	45	0	3	0	2
2698	0.90	45	0	3	0	2
2699	0.90	45	0	3	0	2
2700	0.90	45	0	3	0	2
2701	0.90	45	0	3	0	2
2702	0.90	45	0	3	0	2
2703	0.90	45	1	3	0	1
2704	0.90	45	1	3	0	1
2705	0.90	45	1	3	0	1
2706	0.90	45	1	3	0	1
2707	0.90	45	1	3	0	1
2708	0.90	45	1	3	0	1
2709	0.90	45	1	3	0	1
2710	0.90	45	1	3	0	1
2711	0.88	44	1	3	1	1
2712	0.88	44	1	3	1	1
2713	0.88	44	1	3	1	1
2714	0.88	44	1	3	1	1
2715	0.88	44	1	3	1	1
2716	0.88	44	1	3	1	1
2717	0.88	44	1	3	1	1
2718	0.88	44	1	3	1	1
2719	0.88	44	1	3	1	1
2720	0.88	44	1	3	1	1
2721	0.88	44	1	3	1	1
2722	0.88	44	1	3	1	1
2723	0.88	44	1	3	1	1
2724	0.88	44	1	3	1	1
2725	0.90	45	1	2	1	1
2726	0.90	45	1	2	1	1
2727	0.90	45	1	2	1	1
2728	0.90	45	1	2	1	1
2729	0.90	45	1	2	1	1
2730	0.90	45	1	2	1	1
2731	0.90	45	1	2	1	1
2732	0.90	45	1	2	1	1
2733	0.90	45	1	2	1	1
2734	0.90	45	1	2	1	1
2735	0.90	45	1	2	1	1
2736	0.90	45	1	2	1	1
2737	0.92	46	1	2	1	0
2738	0.92	46	1	2	1	0
2739	0.92	46	1	2	1	0
2740	0.92	46	1	2	1	0
2741	0.94	47	1	1	1	0
2742	0.94	47	1	1	1	0
2743	0.94	47	1	1	1	0
2744	0.94	47	1	1	1	0
2745	0.96	48	1	0	1	0
2746	0.94	47	1	0	2	0
2747	0.92	46	2	0	2	0
2748	0.92	46	2	0	2	0
2749	0.92	46	2	0	2	0
2750	0.92	46	2	0	2	0
2751	0.92	46	2	0	2	0
2752	0.92	46	2	0	2	0
2753	0.94	47	1	0	2	0
2754	0.94	47	1	0	2	0
2755	0.94	47	1	0	2	0
2756	0.94	47	1	0	2	0
2757	0.94	47	1	0	2	0
2758	0.94	47	1	0	2	0
2759	0.94	47	1	0	2	0
2760	0.94	47	1	0	2	0
2761	0.96	48	1	0	1	0
2762	0.96	48	1	0	1	0
2763	0.96	48	1	0	1	0
2764	0.96	48	1	0	1	0
2765	0.94	47	1	1	1	0
2766	0.94	47	1	1	1	0
2767	0.94	47	1	1	1	0
2768	0.94	47	1	1	1	0
2769	0.94	47	1	1	1	0
2770	0.92	46	1	1	1	1
2771	0.92	46	1	1	1	1
2772	0.92	46	1	1	1	1
2773	0.92	46	1	1	1	1
2774	0.92	46	1	1	1	1
2775	0.90	45	2	1	1	1
2776	0.90	45	2	1	1	1
2777	0.90	45	2	1	1	1
2778	0.90	45	2	1	1	1
2779	0.90	45	2	1	1	1
2780	0.90	45	2	1	1	1
2781	0.90	45	2	1	1	1
2782	0.90	45	2	1	1	1
2783	0.90	45	2	1	1	1
2784	0.90	45	2	1	1	1
2785	0.90	45	2	1	1	1
2786	0.90	45	2	1	1	1
2787	0.90	45	2	1	1	1
2788	0.90	45	2	1	1	1
2789	0.90	45	2	1	1	1
2790	0.90	45	2	1	1	1
2791	0.90	45	2	1	1	1
2792	0.88	44	3	1	1	1
2793	0.88	44	3	1	1	1
2794	0.88	44	3	1	1	1
2795	0.88	44	3	1	1	1
2796	0.90	45	3	1	0	1
2797	0.92	46	2	1	0	1
2798	0.92	46	2	1	0	1
2799	0.92	46	2	1	0	1
2800	0.92	46	2	1	0	1
2801	0.92	46	2	1	0	1
2802	0.92	46	2	1	0	1
2803	0.92	46	2	1	0	1
2804	0.92	46	2	1	0	1
2805	0.92	46	2	1	0	1
2806	0.92	46	2	1	0	1
2807	0.92	46	2	1	0	1
2808	0.92	46	2	1	0	1
2809	0.92	46	2	1	0	1
2810	0.92	46	2	1	0	1
2811	0.92	46	2	1	0	1
2812	0.92	46	2	1	0	1
2813	0.92	46	2	1	0	1
2814	0.92	46	2	1	0	1
2815	0.94	47	2	0	0	1
2816	0.94	47	2	0	0	1
2817	0.94	47	2	0	0	1
2818	0.94	47	2	0	0	1
2819	0.94	47	2	0	0	1
2820	0.96	48	2	0	0	0
2821	0.96	48	2	0	0	0
2822	0.94	47	2	1	0	0
2823	0.94	47	2	1	0	0
2824	0.94	47	2	1	0	0
2825	0.96	48	1	1	0	0
2826	0.96	48	1	1	0	0
2827	0.96	48	1	1	0	0
2828	0.96	48	1	1	0	0
2829	0.96	48	1	1	0	0
2830	0.96	48	1	1	0	0
2831	0.96	48	1	1	0	0
2832	0.96	48	1	1	0	0
2833	0.96	48	1	1	0	0
2834	0.96	48	1	1	0	0
2835	0.96	48	1	1	0	0
2836	0.96	48	1	1	0	0
2837	0.96	48	1	1	0	0
2838	0.94	47	1	1	1	0
2839	0.94	47	1	1	1	0
2840	0.94	47	1	1	1	0
2841	0.94	47	1	1	1	0
2842	0.96	48	0	1	1	0
2843	0.96	48	0	1	1	0
2844	0.94	47	0	2	1	0
2845	0.94	47	0	2	1	0
2846	0.94	47	0	2	1	0
2847	0.94	47	0	2	1	0
2848	0.94	47	0	2	1	0
2849	0.94	47	0	2	1	0
2850	0.94	47	0	2	1	0
2851	0.94	47	0	2	1	0
2852	0.94	47	0	2	1	0
2853	0.94	47	0	2	1	0
2854	0.94	47	0	2	1	0
2855	0.94	47	0	2	1	0
2856	0.94	47	0	2	1	0
2857	0.94	47	0	2	1	0
2858	0.94	47	0	2	1	0
2859	0.94	47	0	2	1	0
2860	0.94	47	0	2	1	0
2861	0.94	47	0	2	1	0
2862	0.94	47	0	2	1	0
2863	0.94	47	0	2	1	0
2864	0.94	47	0	2	1	0
2865	0.94	47	0	2	1	0
2866	0.94	47	0	2	1	0
2867	0.92	46	0	2	1	1
2868	0.92	46	0	2	1	1
2869	0.92	46	0	2	1	1
2870	0.92	46	0	2	1	1
2871	0.92	46	0	2	1	1
2872	0.94	47	0	1	1	1
2873	0.94	47	0	1	1	1
2874	0.94	47	0	1	1	1
2875	0.94	47	0	1	1	1
2876	0.94	47	0	1	1	1
2877	0.94	47	0	1	1	1
2878	0.94	47	0	1	1	1
2879	0.94	47	0	1	1	1
2880	0.94	47	0	1	1	1
2881	0.94	47	0	1	1	1
2882	0.94	47	0	1	1	1
2883	0.94	47	0	1	1	1
2884	0.94	47	0	1	1	1
2885	0.94	47	0	1	1	1
2886	0.94	47	0	1	1	1
2887	0.92	46	0	1	2	1
2888	0.94	47	0	1	1	1
2889	0.94	47	0	1	1	1
2890	0.94	47	0	1	1	1
2891	0.94	47	0	1	1	1
2892	0.94	47	0	1	1	1
2893	0.94	47	0	1	1	1
2894	0.96	48	0	0	1	1
2895	0.96	48	0	0	1	1
2896	0.96	48	0	0	1	1
2897	0.96	48	0	0	1	1
2898	0.96	48	0	0	1	1
2899	0.94	47	0	0	2	1
2900	0.94	47	0	0	2	1
2901	0.94	47	0	0	2	1
2902	0.94	47	0	0	2	1
2903	0.94	47	0	0	2	1
2904	0.92	46	0	0	3	1
2905	0.92	46	0	0	3	1
2906	0.92	46	0	0	3	1
2907	0.92	46	0	0	3	1
2908	0.92	46	0	0	3	1
2909	0.90	45	1	0	3	1
2910	0.90	45	1	0	3	1
2911	0.90	45	1	0	3	1
2912	0.90	45	1	0	3	1
2913	0.90	45	1	0	3	1
2914	0.90	45	1	0	3	1
2915	0.90	45	1	0	3	1
2916	0.90	45	1	0	3	1
2917	0.92	46	1	0	3	0
2918	0.92	46	1	0	3	0
2919	0.92	46	1	0	3	0
2920	0.92	46	1	0	3	0
2921	0.92	46	1	0	3	0
2922	0.92	46	1	0	3	0
2923	0.92	46	1	0	3	0
2924	0.90	45	1	0	4	0
2925	0.90	45	1	0	4	0
2926	0.90	45	1	0	4	0
2927	0.90	45	1	0	4	0
2928	0.90	45	1	0	4	0
2929	0.90	45	1	0	4	0
2930	0.90	45	1	0	4	0
2931	0.90	45	1	0	4	0
2932	0.90	45	1	0	4	0
2933	0.90	45	1	0	4	0
2934	0.90	45	1	0	4	0
2935	0.90	45	1	0	4	0
2936	0.90	45	1	0	4	0
2937	0.92	46	1	0	3	0
2938	0.92	46	1	0	3	0
2939	0.92	46	1	0	3	0
2940	0.90	45	1	0	4	0
2941	0.90	45	1	0	4	0
2942	0.90	45	1	0	4	0
2943	0.90	45	1	0	4	0
2944	0.90	45	1	0	4	0
2945	0.88	44	1	1	4	0
2946	0.88	44	1	1	4	0
2947	0.88	44	1	1	4	0
2948	0.88	44	1	1	4	0
2949	0.90	45	1	1	3	0
2950	0.90	45	1	1	3	0
2951	0.90	45	1	1	3	0
2952	0.90	45	1	1	3	0
2953	0.88	44	1	1	4	0
2954	0.90	45	1	1	3	0
2955	0.90	45	1	1	3	0
2956	0.90	45	1	1	3	0
2957	0.90	45	1	1	3	0
2958	0.90	45	1	1	3	0
2959	0.92	46	0	1	3	0
2960	0.92	46	0	1	3	0
2961	0.92	46	0	1	3	0
2962	0.92	46	0	1	3	0
2963	0.92	46	0	1	3	0
2964	0.92	46	0	1	3	0
2965	0.92	46	0	1	3	0
2966	0.90	45	1	1	3	0
2967	0.90	45	1	1	3	0
2968	0.90	45	1	1	3	0
2969	0.90	45	1	1	3	0
2970	0.90	45	1	1	3	0
2971	0.88	44	1	1	3	1
2972	0.88	44	1	1	3	1
2973	0.86	43	2	1	3	1
2974	0.88	44	2	1	2	1
2975	0.88	44	2	1	2	1
2976	0.88	44	2	1	2	1
2977	0.88	44	2	1	2	1
2978	0.88	44	2	1	2	1
2979	0.88	44	2	1	2	1
2980	0.88	44	2	1	2	1
2981	0.88	44	2	1	2	1
2982	0.88	44	2	1	2	1
2983	0.88	44	2	1	2	1
2984	0.88	44	2	1	2	1
2985	0.86	43	2	2	2	1
2986	0.86	43	2	2	2	1
2987	0.86	43	2	2	2	1
2988	0.86	43	2	2	2	1
2989	0.86	43	2	2	2	1
2990	0.88	44	2	2	1	1
2991	0.88	44	2	2	1	1
2992	0.88	44	2	2	1	1
2993	0.88	44	2	2	1	1
2994	0.88	44	2	2	1	1
2995	0.90	45	2	1	1	1
2996	0.90	45	2	1	1	1
2997	0.90	45	2	1	1	1
2998	0.90	45	2	1	1	1
2999	0.90	45	2	1	1	1
