timestep	swarm_quality	color_0	color_1	color_2	color_3	color_4
0	0.70	35	4	5	4	2
1	0.70	35	4	5	4	2
2	0.70	35	4	5	4	2
3	0.68	34	5	5	4	2
4	0.68	34	5	5	4	2
5	0.68	34	5	5	4	2
6	0.66	33	5	5	4	3
7	0.66	33	5	5	4	3
8	0.64	32	5	5	4	4
9	0.64	32	5	5	4	4
10	0.64	32	5	5	4	4
11	0.64	32	5	5	4	4
12	0.64	32	5	5	4	4
13	0.62	31	5	6	4	4
14	0.60	30	5	7	4	4
15	0.60	30	5	7	4	4
16	0.60	30	5	7	4	4
17	0.60	30	5	7	4	4
18	0.60	30	5	7	4	4
19	0.60	30	5	7	4	4
20	0.60	30	5	7	4	4
21	0.60	30	5	7	4	4
22	0.60	30	5	7	4	4
23	0.60	30	5	7	4	4
24	0.60	30	5	7	4	4
25	0.58	29	6	7	4	4
26	0.58	29	6	7	4	4
27	0.58	29	6	7	4	4
28	0.58	29	6	7	4	4
29	0.58	29	6	7	4	4
30	0.58	29	6	7	4	4
31	0.58	29	6	7	4	4
32	0.58	29	6	7	4	4
33	0.58	29	6	7	4	4
34	0.58	29	6	7	4	4
35	0.60	30	6	6	4	4
36	0.62	31	6	6	3	4
37	0.64	32	5	6	3	4
38	0.66	33	4	6	3	4
39	0.68	34	4	5	3	4
40	0.70	35	4	5	2	4
41	0.72	36	4	4	2	4
42	0.74	37	3	4	2	4
43	0.76	38	3	4	1	4
44	0.78	39	3	4	0	4
45	0.80	40	3	4	0	3
46	0.82	41	3	3	0	3
47	0.84	42	3	3	0	2
48	0.86	43	3	2	0	2
49	0.88	44	2	2	0	2
50	0.86	43	2	2	1	2
51	0.86	43	2	2	1	2
52	0.86	43	2	2	1	2
53	0.88	44	1	2	1	2
54	0.88	44	1	2	1	2
55	0.88	44	1	2	1	2
56	0.90	45	1	2	1	1
57	0.90	45	1	2	1	1
58	0.92	46	1	2	1	0
59	0.92	46	1	2	1	0
60	0.90	45	1	3	1	0
61	0.90	45	1	3	1	0
62	0.90	45	1	3	1	0
63	0.92	46	1	2	1	0
64	0.92	46	1	1	1	1
65	0.92	46	1	1	1	1
66	0.92	46	1	1	1	1
67	0.92	46	1	1	1	1
68	0.92	46	1	1	1	1
69	0.92	46	1	1	1	1
70	0.92	46	1	1	1	1
71	0.92	46	1	1	1	1
72	0.92	46	1	1	1	1
73	0.92	46	1	1	1	1
74	0.92	46	1	1	1	1
75	0.94	47	0	1	1	1
76	0.94	47	0	1	1	1
77	0.94	47	0	1	1	1
78	0.94	47	0	1	1	1
79	0.94	47	0	1	1	1
80	0.94	47	0	1	1	1
81	0.94	47	0	1	1	1
82	0.94	47	0	1	1	1
83	0.94	47	0	1	1	1
84	0.94	47	0	1	1	1
85	0.94	47	0	1	1	1
86	0.94	47	0	1	1	1
87	0.94	47	0	1	1	1
88	0.94	47	0	1	1	1
89	0.94	47	0	1	1	1
90	0.94	47	0	1	1	1
91	0.92	46	0	1	1	2
92	0.92	46	0	1	1	2
93	0.92	46	0	1	1	2
94	0.92	46	0	1	1	2
95	0.90	45	1	1	1	2
96	0.88	44	1	1	2	2
97	0.88	44	1	1	2	2
98	0.88	44	1	1	2	2
99	0.88	44	1	1	2	2
100	0.88	44	2	1	1	2
101	0.88	44	2	1	1	2
102	0.88	44	2	1	1	2
103	0.88	44	2	1	1	2
104	0.86	43	3	1	1	2
105	0.86	43	3	1	1	2
106	0.86	43	3	1	1	2
107	0.86	43	3	1	1	2
108	0.86	43	3	1	1	2
109	0.86	43	3	1	1	2
110	0.88	44	3	0	1	2
111	0.88	44	3	0	1	2
112	0.88	44	3	0	1	2
113	0.88	44	3	0	1	2
114	0.90	45	3	0	1	1
115	0.90	45	3	0	1	1
116	0.90	45	3	0	1	1
117	0.88	44	3	0	2	1
118	0.88	44	3	0	2	1
119	0.88	44	3	0	2	1
120	0.88	44	3	0	2	1
121	0.88	44	3	0	2	1
122	0.88	44	3	0	2	1
123	0.86	43	3	0	2	2
124	0.84	42	3	0	2	3
125	0.84	42	3	0	2	3
126	0.84	42	3	0	2	3
127	0.84	42	3	0	2	3
128	0.84	42	3	0	2	3
129	0.82	41	4	0	2	3
130	0.82	41	4	0	2	3
131	0.82	41	4	0	2	3
132	0.82	41	4	0	2	3
133	0.82	41	4	0	2	3
134	0.82	41	4	0	2	3
135	0.82	41	4	0	2	3
136	0.82	41	4	0	2	3
137	0.82	41	4	0	2	3
138	0.82	41	4	0	2	3
139	0.82	41	4	0	2	3
140	0.82	41	4	0	2	3
141	0.84	42	4	0	2	2
142	0.84	42	4	0	2	2
143	0.84	42	4	0	2	2
144	0.84	42	4	0	2	2
145	0.86	43	3	0	2	2
146	0.88	44	3	0	1	2
147	0.88	44	3	0	1	2
148	0.88	44	3	0	1	2
149	0.88	44	3	0	1	2
150	0.90	45	2	0	1	2
151	0.90	45	2	0	1	2
152	0.88	44	2	0	2	2
153	0.88	44	2	0	2	2
154	0.90	45	1	0	2	2
155	0.90	45	1	0	2	2
156	0.90	45	1	0	2	2
157	0.90	45	1	0	2	2
158	0.90	45	1	0	2	2
159	0.90	45	1	0	2	2
160	0.90	45	1	0	2	2
161	0.90	45	1	0	2	2
162	0.90	45	1	0	2	2
163	0.90	45	1	0	2	2
164	0.90	45	1	0	2	2
165	0.90	45	1	0	2	2
166	0.90	45	1	0	2	2
167	0.90	45	1	0	2	2
168	0.90	45	1	0	2	2
169	0.90	45	1	0	2	2
170	0.90	45	1	0	2	2
171	0.90	45	1	0	2	2
172	0.90	45	1	0	2	2
173	0.92	46	1	0	2	1
174	0.94	47	1	0	2	0
175	0.94	47	1	0	2	0
176	0.94	47	1	0	2	0
177	0.94	47	1	0	2	0
178	0.94	47	1	0	2	0
179	0.96	48	0	0	2	0
180	0.96	48	0	0	2	0
181	0.96	48	0	0	2	0
182	0.96	48	0	0	2	0
183	0.96	48	0	0	2	0
184	0.96	48	0	0	2	0
185	0.96	48	0	0	2	0
186	0.96	48	0	0	2	0
187	0.96	48	0	0	2	0
188	0.96	48	0	0	2	0
189	0.96	48	0	0	2	0
190	0.94	47	0	0	3	0
191	0.94	47	0	0	3	0
192	0.94	47	0	0	3	0
193	0.94	47	0	0	3	0
194	0.94	47	0	0	3	0
195	0.94	47	0	0	3	0
196	0.94	47	0	0	3	0
197	0.94	47	0	0	3	0
198	0.94	47	0	0	3	0
199	0.94	47	0	0	3	0
200	0.94	47	0	0	3	0
201	0.94	47	0	0	3	0
202	0.96	48	0	0	2	0
203	0.96	48	0	0	2	0
204	0.96	48	0	0	2	0
205	0.96	48	0	0	2	0
206	0.96	48	0	0	2	0
207	0.96	48	0	0	2	0
208	0.96	48	0	0	2	0
209	0.96	48	0	0	2	0
210	0.96	48	0	0	2	0
211	0.96	48	0	0	2	0
212	0.96	48	0	0	2	0
213	0.96	48	0	0	2	0
214	0.96	48	0	0	2	0
215	0.96	48	0	0	2	0
216	0.96	48	0	0	2	0
217	0.98	49	0	0	1	0
218	0.98	49	0	0	1	0
219	0.98	49	0	0	1	0
220	0.98	49	0	0	1	0
221	0.98	49	0	0	1	0
222	0.98	49	0	0	1	0
223	0.98	49	0	0	1	0
224	0.98	49	0	0	1	0
225	0.98	49	0	0	1	0
226	0.98	49	0	0	1	0
227	0.98	49	0	0	1	0
228	0.98	49	0	0	1	0
229	0.98	49	0	0	1	0
230	0.98	49	0	0	1	0
231	0.98	49	0	0	1	0
232	0.98	49	0	0	1	0
233	0.98	49	0	0	1	0
234	0.98	49	0	0	1	0
235	0.98	49	0	0	1	0
236	0.98	49	0	0	1	0
237	0.96	48	0	1	1	0
238	0.96	48	0	1	1	0
239	0.96	48	0	1	1	0
240	0.98	49	0	1	0	0
241	0.98	49	0	1	0	0
242	0.98	49	0	1	0	0
243	0.98	49	0	1	0	0
244	0.98	49	0	1	0	0
245	0.98	49	0	1	0	0
246	0.98	49	0	1	0	0
247	0.98	49	0	1	0	0
248	0.98	49	0	1	0	0
249	0.98	49	0	1	0	0
250	0.98	49	0	1	0	0
251	0.98	49	0	1	0	0
252	0.98	49	0	1	0	0
253	0.98	49	0	1	0	0
254	0.98	49	0	1	0	0
255	0.98	49	0	1	0	0
256	0.98	49	0	1	0	0
257	0.98	49	0	1	0	0
258	0.98	49	0	1	0	0
259	0.98	49	0	1	0	0
260	0.98	49	0	1	0	0
261	0.98	49	0	1	0	0
262	0.98	49	0	1	0	0
263	0.98	49	0	1	0	0
264	0.98	49	0	1	0	0
265	0.98	49	0	1	0	0
266	0.98	49	0	1	0	0
267	0.98	49	0	1	0	0
268	0.98	49	0	1	0	0
269	0.98	49	0	1	0	0
270	0.98	49	0	1	0	0
271	0.98	49	0	1	0	0
272	0.98	49	0	1	0	0
273	0.98	49	0	1	0	0
274	0.98	49	0	1	0	0
275	0.98	49	0	1	0	0
276	0.98	49	0	1	0	0
277	0.98	49	0	1	0	0
278	0.98	49	0	1	0	0
279	0.98	49	0	1	0	0
280	0.98	49	0	1	0	0
281	0.98	49	0	1	0	0
282	0.98	49	0	1	0	0
283	0.98	49	0	1	0	0
284	0.98	49	0	1	0	0
285	0.96	48	0	1	0	1
286	0.96	48	0	1	0	1
287	0.98	49	0	0	0	1
288	0.98	49	0	0	0	1
289	0.98	49	0	0	0	1
290	0.98	49	0	0	0	1
291	0.98	49	0	0	0	1
292	0.98	49	0	0	0	1
293	0.98	49	0	0	0	1
294	0.98	49	0	0	0	1
295	0.98	49	0	0	0	1
296	0.96	48	1	0	0	1
297	0.96	48	1	0	0	1
298	0.96	48	1	0	0	1
299	0.96	48	1	0	0	1
300	0.96	48	1	0	0	1
301	0.96	48	1	0	0	1
302	0.96	48	1	0	0	1
303	0.96	48	1	0	0	1
304	0.96	48	1	0	0	1
305	0.94	47	1	0	1	1
306	0.94	47	1	0	1	1
307	0.94	47	1	0	1	1
308	0.94	47	1	0	1	1
309	0.94	47	1	0	1	1
310	0.94	47	1	0	1	1
311	0.94	47	1	0	1	1
312	0.94	47	1	0	1	1
313	0.94	47	1	0	1	1
314	0.94	47	1	0	1	1
315	0.94	47	1	0	1	1
316	0.94	47	1	0	1	1
317	0.94	47	1	0	1	1
318	0.94	47	1	0	1	1
319	0.94	47	1	0	1	1
320	0.94	47	1	0	1	1
321	0.94	47	1	0	1	1
322	0.94	47	1	0	1	1
323	0.94	47	1	0	1	1
324	0.94	47	1	0	1	1
325	0.94	47	1	0	1	1
326	0.94	47	1	0	1	1
327	0.94	47	1	0	1	1
328	0.94	47	1	0	1	1
329	0.94	47	1	0	1	1
330	0.94	47	1	0	1	1
331	0.94	47	1	0	1	1
332	0.94	47	1	0	1	1
333	0.94	47	1	0	1	1
334	0.94	47	1	0	1	1
335	0.96	48	1	0	1	0
336	0.96	48	1	0	1	0
337	0.96	48	1	0	1	0
338	0.96	48	1	0	1	0
339	0.96	48	1	0	1	0
340	0.96	48	1	0	1	0
341	0.96	48	1	0	1	0
342	0.96	48	1	0	1	0
343	0.96	48	1	0	1	0
344	0.96	48	1	0	1	0
345	0.96	48	1	0	1	0
346	0.98	49	0	0	1	0
347	0.98	49	0	0	1	0
348	0.98	49	0	0	1	0
349	0.98	49	0	0	1	0
350	0.98	49	0	0	1	0
351	0.98	49	0	0	1	0
352	0.98	49	0	0	1	0
353	0.98	49	0	0	1	0
354	0.98	49	0	0	1	0
355	1.00	50	0	0	0	0
356	1.00	50	0	0	0	0
357	1.00	50	0	0	0	0
358	1.00	50	0	0	0	0
359	1.00	50	0	0	0	0
360	0.98	49	0	0	0	1
361	0.98	49	0	0	0	1
362	0.98	49	0	0	0	1
363	0.98	49	0	0	0	1
364	0.98	49	0	0	0	1
365	0.98	49	0	0	0	1
366	0.98	49	0	0	0	1
367	0.98	49	0	0	0	1
368	0.96	48	1	0	0	1
369	0.96	48	1	0	0	1
370	0.96	48	1	0	0	1
371	0.96	48	1	0	0	1
372	0.96	48	1	0	0	1
373	0.96	48	1	0	0	1
374	0.96	48	1	0	0	1
375	0.96	48	1	0	0	1
376	0.96	48	1	0	0	1
377	0.96	48	1	0	0	1
378	0.96	48	1	0	0	1
379	0.96	48	1	0	0	1
380	0.96	48	1	0	0	1
381	0.96	48	1	0	0	1
382	0.96	48	1	0	0	1
383	0.94	47	2	0	0	1
384	0.94	47	2	0	0	1
385	0.94	47	2	0	0	1
386	0.94	47	2	0	0	1
387	0.94	47	2	0	0	1
388	0.94	47	2	0	0	1
389	0.94	47	2	0	0	1
390	0.94	47	2	0	0	1
391	0.94	47	2	0	0	1
392	0.92	46	3	0	0	1
393	0.92	46	3	0	0	1
394	0.92	46	3	0	0	1
395	0.92	46	3	0	0	1
396	0.92	46	3	0	0	1
397	0.92	46	3	0	0	1
398	0.92	46	3	0	0	1
399	0.92	46	3	0	0	1
400	0.92	46	3	0	0	1
401	0.92	46	3	0	0	1
402	0.92	46	3	0	0	1
403	0.92	46	3	0	0	1
404	0.90	45	3	0	1	1
405	0.90	45	3	0	1	1
406	0.90	45	3	0	1	1
407	0.90	45	3	0	1	1
408	0.90	45	3	0	1	1
409	0.90	45	3	0	1	1
410	0.92	46	3	0	1	0
411	0.92	46	3	0	1	0
412	0.92	46	3	0	1	0
413	0.92	46	3	0	1	0
414	0.92	46	3	0	1	0
415	0.92	46	3	0	1	0
416	0.92	46	3	0	1	0
417	0.92	46	3	0	1	0
418	0.94	47	2	0	1	0
419	0.94	47	2	0	1	0
420	0.94	47	2	0	1	0
421	0.92	46	3	0	1	0
422	0.92	46	3	0	1	0
423	0.92	46	3	0	1	0
424	0.92	46	3	0	1	0
425	0.92	46	3	0	1	0
426	0.92	46	3	0	1	0
427	0.92	46	3	0	1	0
428	0.92	46	3	0	1	0
429	0.92	46	3	0	1	0
430	0.92	46	3	0	1	0
431	0.92	46	3	0	1	0
432	0.92	46	3	0	1	0
433	0.94	47	2	0	1	0
434	0.94	47	2	0	1	0
435	0.94	47	2	0	1	0
436	0.94	47	2	0	1	0
437	0.94	47	2	0	1	0
438	0.94	47	2	0	1	0
439	0.94	47	2	0	1	0
440	0.92	46	2	0	2	0
441	0.92	46	2	0	2	0
442	0.94	47	1	0	2	0
443	0.94	47	1	0	2	0
444	0.94	47	1	0	2	0
445	0.94	47	1	0	2	0
446	0.94	47	1	0	2	0
447	0.94	47	1	0	2	0
448	0.94	47	1	0	2	0
449	0.94	47	1	0	2	0
450	0.94	47	1	0	2	0
451	0.94	47	1	0	2	0
452	0.94	47	1	0	2	0
453	0.94	47	1	0	2	0
454	0.94	47	1	1	1	0
455	0.94	47	1	1	1	0
456	0.94	47	1	1	1	0
457	0.94	47	1	1	1	0
458	0.94	47	1	1	1	0
459	0.94	47	1	1	1	0
460	0.94	47	1	1	1	0
461	0.94	47	1	1	1	0
462	0.92	46	2	1	1	0
463	0.92	46	2	1	1	0
464	0.92	46	2	1	1	0
465	0.92	46	2	1	1	0
466	0.92	46	2	1	1	0
467	0.92	46	2	1	1	0
468	0.92	46	2	1	1	0
469	0.92	46	2	1	1	0
470	0.92	46	2	1	1	0
471	0.94	47	1	1	1	0
472	0.94	47	1	1	1	0
473	0.94	47	1	1	1	0
474	0.94	47	1	1	1	0
475	0.94	47	1	1	1	0
476	0.94	47	1	1	1	0
477	0.92	46	1	1	2	0
478	0.92	46	1	1	2	0
479	0.92	46	1	1	2	0
480	0.92	46	1	1	2	0
481	0.92	46	1	1	2	0
482	0.92	46	1	1	2	0
483	0.92	46	1	1	2	0
484	0.92	46	1	1	2	0
485	0.92	46	1	1	2	0
486	0.92	46	1	1	2	0
487	0.92	46	1	1	2	0
488	0.92	46	1	1	2	0
489	0.92	46	1	1	2	0
490	0.94	47	1	1	1	0
491	0.94	47	1	1	1	0
492	0.94	47	1	1	1	0
493	0.94	47	1	1	1	0
494	0.94	47	1	1	1	0
495	0.94	47	1	1	1	0
496	0.94	47	1	1	1	0
497	0.94	47	1	1	1	0
498	0.94	47	1	1	1	0
499	0.94	47	1	1	1	0
500	0.02	47	1	1	1	0
501	0.04	46	2	1	1	0
502	0.04	46	2	1	1	0
503	0.04	46	2	1	1	0
504	0.04	47	2	0	1	0
505	0.04	47	2	0	1	0
506	0.04	47	2	0	1	0
507	0.04	47	2	0	1	0
508	0.04	47	2	0	1	0
509	0.06	46	3	0	1	0
510	0.08	45	4	0	1	0
511	0.08	45	4	0	1	0
512	0.06	46	3	0	1	0
513	0.08	45	4	0	1	0
514	0.08	45	4	0	1	0
515	0.08	45	4	0	1	0
516	0.10	44	5	0	1	0
517	0.12	43	6	0	1	0
518	0.12	43	6	0	1	0
519	0.14	42	7	0	1	0
520	0.16	41	8	0	1	0
521	0.18	40	9	0	1	0
522	0.20	39	10	0	1	0
523	0.20	39	10	0	1	0
524	0.22	38	11	0	1	0
525	0.24	37	12	0	1	0
526	0.24	36	12	0	2	0
527	0.26	36	13	0	1	0
528	0.28	35	14	0	1	0
529	0.30	34	15	0	1	0
530	0.30	33	15	0	1	1
531	0.30	33	15	0	1	1
532	0.32	32	16	0	1	1
533	0.34	31	17	0	1	1
534	0.34	31	17	0	1	1
535	0.34	31	17	0	1	1
536	0.36	30	18	0	1	1
537	0.36	29	18	1	1	1
538	0.38	28	19	1	1	1
539	0.40	27	20	1	1	1
540	0.42	26	21	1	1	1
541	0.42	25	21	1	2	1
542	0.44	24	22	1	2	1
543	0.46	23	23	1	2	1
544	0.48	22	24	1	2	1
545	0.50	21	25	1	2	1
546	0.52	20	26	1	2	1
547	0.54	19	27	1	2	1
548	0.54	18	27	2	2	1
549	0.56	17	28	2	2	1
550	0.58	16	29	2	2	1
551	0.58	16	29	2	2	1
552	0.60	15	30	2	2	1
553	0.62	14	31	2	2	1
554	0.64	13	32	2	2	1
555	0.66	12	33	2	2	1
556	0.68	11	34	2	2	1
557	0.70	10	35	2	2	1
558	0.72	9	36	2	2	1
559	0.72	9	36	2	2	1
560	0.70	9	35	2	3	1
561	0.72	8	36	2	3	1
562	0.74	7	37	2	3	1
563	0.74	7	37	2	3	1
564	0.76	6	38	2	3	1
565	0.78	5	39	2	3	1
566	0.78	5	39	2	3	1
567	0.78	5	39	2	3	1
568	0.80	4	40	2	3	1
569	0.80	4	40	2	3	1
570	0.80	4	40	2	3	1
571	0.80	4	40	2	3	1
572	0.80	4	40	2	3	1
573	0.82	3	41	2	3	1
574	0.82	3	41	2	3	1
575	0.82	3	41	2	3	1
576	0.84	3	42	2	2	1
577	0.84	3	42	2	2	1
578	0.84	3	42	2	2	1
579	0.84	3	42	2	2	1
580	0.86	3	43	2	2	0
581	0.88	2	44	2	2	0
582	0.88	2	44	2	2	0
583	0.88	2	44	2	2	0
584	0.90	1	45	2	2	0
585	0.92	0	46	2	2	0
586	0.92	0	46	2	2	0
587	0.94	0	47	1	2	0
588	0.94	0	47	1	2	0
589	0.94	0	47	1	2	0
590	0.94	0	47	1	2	0
591	0.96	0	48	1	1	0
592	0.96	0	48	1	1	0
593	0.96	0	48	1	1	0
594	0.96	0	48	1	1	0
595	0.96	0	48	1	1	0
596	0.96	0	48	1	1	0
597	0.96	0	48	1	1	0
598	0.98	0	49	0	1	0
599	0.98	0	49	0	1	0
600	0.98	0	49	0	1	0
601	0.98	0	49	0	1	0
602	0.98	0	49	0	1	0
603	0.98	0	49	0	1	0
604	0.98	0	49	0	1	0
605	0.98	0	49	0	1	0
606	0.98	0	49	0	1	0
607	0.98	0	49	0	1	0
608	0.98	0	49	0	1	0
609	0.98	0	49	0	1	0
610	1.00	0	50	0	0	0
611	1.00	0	50	0	0	0
612	1.00	0	50	0	0	0
613	1.00	0	50	0	0	0
614	1.00	0	50	0	0	0
615	1.00	0	50	0	0	0
616	1.00	0	50	0	0	0
617	1.00	0	50	0	0	0
618	1.00	0	50	0	0	0
619	1.00	0	50	0	0	0
620	1.00	0	50	0	0	0
621	1.00	0	50	0	0	0
622	1.00	0	50	0	0	0
623	1.00	0	50	0	0	0
624	1.00	0	50	0	0	0
625	1.00	0	50	0	0	0
626	1.00	0	50	0	0	0
627	1.00	0	50	0	0	0
628	1.00	0	50	0	0	0
629	1.00	0	50	0	0	0
630	1.00	0	50	0	0	0
631	1.00	0	50	0	0	0
632	1.00	0	50	0	0	0
633	0.98	0	49	0	0	1
634	0.98	0	49	0	0	1
635	0.98	0	49	0	0	1
636	0.98	0	49	0	0	1
637	0.98	0	49	0	0	1
638	0.98	0	49	0	0	1
639	0.98	0	49	0	0	1
640	0.98	0	49	0	0	1
641	0.98	0	49	0	0	1
642	0.98	0	49	0	0	1
643	0.98	0	49	0	0	1
644	0.96	1	48	0	0	1
645	0.96	1	48	0	0	1
646	0.96	1	48	0	0	1
647	0.96	1	48	0	0	1
648	0.96	1	48	0	0	1
649	0.96	1	48	0	0	1
650	0.96	1	48	0	0	1
651	0.96	1	48	0	0	1
652	0.96	1	48	0	0	1
653	0.96	1	48	0	0	1
654	0.96	1	48	0	0	1
655	0.96	1	48	0	0	1
656	0.96	1	48	0	0	1
657	0.96	1	48	0	0	1
658	0.96	1	48	0	0	1
659	0.96	1	48	0	0	1
660	0.96	1	48	0	0	1
661	0.96	1	48	0	0	1
662	0.96	1	48	0	0	1
663	0.96	1	48	0	0	1
664	0.96	1	48	0	0	1
665	0.96	1	48	0	0	1
666	0.96	1	48	0	0	1
667	0.96	1	48	0	0	1
668	0.96	1	48	0	0	1
669	0.96	1	48	0	0	1
670	0.96	1	48	0	0	1
671	0.96	1	48	0	0	1
672	0.96	1	48	0	0	1
673	0.96	1	48	0	0	1
674	0.94	1	47	0	0	2
675	0.94	1	47	0	0	2
676	0.94	1	47	0	0	2
677	0.94	1	47	0	0	2
678	0.94	1	47	0	0	2
679	0.94	1	47	0	0	2
680	0.92	2	46	0	0	2
681	0.92	2	46	0	0	2
682	0.92	2	46	0	0	2
683	0.94	2	47	0	0	1
684	0.94	2	47	0	0	1
685	0.94	2	47	0	0	1
686	0.94	2	47	0	0	1
687	0.94	2	47	0	0	1
688	0.94	2	47	0	0	1
689	0.94	2	47	0	0	1
690	0.94	2	47	0	0	1
691	0.94	2	47	0	0	1
692	0.94	2	47	0	0	1
693	0.94	2	47	0	0	1
694	0.96	1	48	0	0	1
695	0.96	1	48	0	0	1
696	0.96	1	48	0	0	1
697	0.96	1	48	0	0	1
698	0.96	1	48	0	0	1
699	0.96	1	48	0	0	1
700	0.96	1	48	0	0	1
701	0.96	1	48	0	0	1
702	0.96	1	48	0	0	1
703	0.96	1	48	0	0	1
704	0.94	1	47	0	1	1
705	0.94	1	47	0	1	1
706	0.94	1	47	0	1	1
707	0.94	1	47	0	1	1
708	0.94	1	47	0	1	1
709	0.94	1	47	0	1	1
710	0.94	1	47	0	1	1
711	0.94	1	47	0	1	1
712	0.94	1	47	0	1	1
713	0.94	1	47	0	1	1
714	0.94	1	47	0	1	1
715	0.94	1	47	0	1	1
716	0.94	1	47	0	1	1
717	0.94	1	47	0	1	1
718	0.94	1	47	0	1	1
719	0.94	1	47	0	1	1
720	0.94	1	47	0	1	1
721	0.94	1	47	0	1	1
722	0.94	1	47	0	1	1
723	0.94	1	47	0	1	1
724	0.96	1	48	0	1	0
725	0.96	1	48	0	1	0
726	0.96	1	48	0	1	0
727	0.96	1	48	0	1	0
728	0.96	1	48	0	1	0
729	0.96	1	48	0	1	0
730	0.98	0	49	0	1	0
731	0.98	0	49	0	1	0
732	0.98	0	49	0	1	0
733	0.98	0	49	0	1	0
734	0.98	0	49	0	1	0
735	0.98	0	49	0	1	0
736	0.98	0	49	0	1	0
737	0.98	0	49	0	1	0
738	0.98	0	49	0	1	0
739	0.98	0	49	0	1	0
740	0.98	0	49	0	1	0
741	0.98	0	49	0	1	0
742	0.98	0	49	0	1	0
743	0.98	0	49	0	1	0
744	0.98	0	49	0	1	0
745	0.98	0	49	0	1	0
746	0.98	0	49	0	1	0
747	0.96	0	48	0	2	0
748	0.94	0	47	0	3	0
749	0.94	0	47	0	3	0
750	0.94	0	47	0	3	0
751	0.94	0	47	0	3	0
752	0.94	0	47	0	3	0
753	0.94	0	47	0	3	0
754	0.96	0	48	0	2	0
755	0.96	0	48	0	2	0
756	0.96	0	48	0	2	0
757	0.96	0	48	0	2	0
758	0.96	0	48	0	2	0
759	0.96	0	48	0	2	0
760	0.96	0	48	0	2	0
761	0.96	0	48	0	2	0
762	0.94	0	47	0	2	1
763	0.94	0	47	0	2	1
764	0.94	0	47	0	2	1
765	0.94	0	47	0	2	1
766	0.94	0	47	0	2	1
767	0.94	0	47	0	2	1
768	0.94	0	47	0	2	1
769	0.94	0	47	0	2	1
770	0.94	0	47	0	2	1
771	0.94	0	47	0	2	1
772	0.94	0	47	0	2	1
773	0.94	0	47	0	2	1
774	0.94	0	47	0	2	1
775	0.92	0	46	0	3	1
776	0.92	0	46	0	3	1
777	0.92	0	46	0	3	1
778	0.92	0	46	0	3	1
779	0.92	0	46	0	3	1
780	0.92	0	46	0	3	1
781	0.92	0	46	0	3	1
782	0.92	0	46	0	3	1
783	0.92	0	46	0	3	1
784	0.92	0	46	0	3	1
785	0.92	0	46	0	3	1
786	0.92	0	46	0	3	1
787	0.92	0	46	0	3	1
788	0.92	0	46	0	3	1
789	0.92	0	46	0	3	1
790	0.92	0	46	0	3	1
791	0.92	0	46	0	3	1
792	0.92	0	46	0	3	1
793	0.92	0	46	0	3	1
794	0.92	0	46	0	3	1
795	0.92	0	46	0	3	1
796	0.92	0	46	0	3	1
797	0.92	0	46	0	2	2
798	0.94	0	47	0	1	2
799	0.94	0	47	0	1	2
800	0.92	1	46	0	1	2
801	0.92	1	46	0	1	2
802	0.92	1	46	0	1	2
803	0.92	1	46	0	1	2
804	0.92	1	46	0	1	2
805	0.92	1	46	0	1	2
806	0.92	1	46	0	1	2
807	0.92	1	46	0	1	2
808	0.92	1	46	0	1	2
809	0.92	1	46	0	1	2
810	0.92	1	46	0	1	2
811	0.92	1	46	0	1	2
812	0.94	1	47	0	1	1
813	0.94	1	47	0	1	1
814	0.94	1	47	0	1	1
815	0.94	1	47	0	1	1
816	0.94	1	47	0	1	1
817	0.92	2	46	0	1	1
818	0.90	2	45	0	2	1
819	0.90	2	45	0	2	1
820	0.90	2	45	0	2	1
821	0.90	2	45	0	2	1
822	0.90	2	45	0	2	1
823	0.90	2	45	0	2	1
824	0.90	2	45	0	2	1
825	0.90	2	45	0	1	2
826	0.90	2	45	0	1	2
827	0.90	2	45	0	1	2
828	0.90	2	45	0	1	2
829	0.90	2	45	0	1	2
830	0.88	2	44	1	1	2
831	0.88	2	44	1	1	2
832	0.88	2	44	1	1	2
833	0.88	2	44	1	1	2
834	0.88	2	44	1	1	2
835	0.86	2	43	2	1	2
836	0.86	2	43	2	1	2
837	0.84	2	42	3	1	2
838	0.84	2	42	3	1	2
839	0.84	2	42	3	1	2
840	0.82	2	41	3	1	3
841	0.82	2	41	3	1	3
842	0.82	2	41	3	1	3
843	0.82	2	41	3	1	3
844	0.82	2	41	3	1	3
845	0.82	2	41	3	1	3
846	0.82	2	41	3	1	3
847	0.84	2	42	3	1	2
848	0.84	2	42	3	1	2
849	0.84	2	42	3	1	2
850	0.86	1	43	3	1	2
851	0.86	1	43	3	1	2
852	0.86	1	43	3	1	2
853	0.86	1	43	3	1	2
854	0.86	1	43	3	1	2
855	0.84	2	42	3	1	2
856	0.84	2	42	3	1	2
857	0.84	2	42	3	1	2
858	0.84	2	42	3	1	2
859	0.84	2	42	3	1	2
860	0.84	2	42	3	1	2
861	0.84	2	42	3	1	2
862	0.84	2	42	3	1	2
863	0.84	2	42	3	1	2
864	0.84	2	42	3	1	2
865	0.84	2	42	3	1	2
866	0.84	2	42	3	1	2
867	0.86	1	43	3	1	2
868	0.88	1	44	3	0	2
869	0.88	1	44	3	0	2
870	0.88	1	44	3	0	2
871	0.88	1	44	3	0	2
872	0.88	1	44	3	0	2
873	0.88	1	44	3	0	2
874	0.88	1	44	3	0	2
875	0.90	1	45	3	0	1
876	0.90	1	45	3	0	1
877	0.90	1	45	3	0	1
878	0.90	1	45	3	0	1
879	0.90	1	45	3	0	1
880	0.92	1	46	2	0	1
881	0.92	1	46	2	0	1
882	0.92	1	46	2	0	1
883	0.92	1	46	2	0	1
884	0.92	1	46	2	0	1
885	0.94	1	47	1	0	1
886	0.94	1	47	1	0	1
887	0.96	1	48	0	0	1
888	0.96	1	48	0	0	1
889	0.94	1	47	0	0	2
890	0.96	1	48	0	0	1
891	0.96	1	48	0	0	1
892	0.94	1	47	0	0	2
893	0.94	1	47	0	0	2
894	0.94	1	47	0	0	2
895	0.94	1	47	0	0	2
896	0.94	1	47	0	0	2
897	0.94	1	47	0	0	2
898	0.92	2	46	0	0	2
899	0.92	2	46	0	0	2
900	0.92	2	46	0	0	2
901	0.92	2	46	0	0	2
902	0.92	2	46	0	0	2
903	0.92	2	46	0	0	2
904	0.92	2	46	0	0	2
905	0.94	1	47	0	0	2
906	0.94	1	47	0	0	2
907	0.94	1	47	0	0	2
908	0.94	1	47	0	0	2
909	0.94	1	47	0	0	2
910	0.94	1	47	0	0	2
911	0.94	1	47	0	0	2
912	0.94	1	47	0	0	2
913	0.94	1	47	0	0	2
914	0.94	1	47	0	0	2
915	0.94	1	47	0	0	2
916	0.94	1	47	0	0	2
917	0.92	1	46	0	0	3
918	0.92	1	46	0	0	3
919	0.92	1	46	0	0	3
920	0.92	1	46	0	0	3
921	0.92	1	46	0	0	3
922	0.92	1	46	0	0	3
923	0.92	1	46	0	0	3
924	0.92	1	46	0	0	3
925	0.92	1	46	0	0	3
926	0.92	1	46	0	0	3
927	0.92	1	46	0	0	3
928	0.92	1	46	0	0	3
929	0.92	1	46	0	0	3
930	0.92	1	46	0	0	3
931	0.92	1	46	0	0	3
932	0.92	1	46	0	0	3
933	0.92	1	46	0	0	3
934	0.92	1	46	0	0	3
935	0.92	1	46	0	0	3
936	0.92	1	46	0	0	3
937	0.92	1	46	0	0	3
938	0.92	1	46	0	0	3
939	0.92	1	46	0	1	2
940	0.92	1	46	0	1	2
941	0.92	1	46	0	1	2
942	0.94	1	47	0	1	1
943	0.94	1	47	0	1	1
944	0.94	1	47	0	1	1
945	0.94	1	47	0	1	1
946	0.94	1	47	0	1	1
947	0.94	1	47	0	1	1
948	0.96	0	48	0	1	1
949	0.96	0	48	0	1	1
950	0.96	0	48	0	1	1
951	0.96	0	48	0	1	1
952	0.96	0	48	0	1	1
953	0.96	0	48	0	1	1
954	0.96	0	48	0	1	1
955	0.96	0	48	0	1	1
956	0.96	0	48	0	1	1
957	0.96	0	48	0	1	1
958	0.96	0	48	0	1	1
959	0.96	0	48	0	1	1
960	0.96	0	48	0	1	1
961	0.96	0	48	0	1	1
962	0.96	0	48	0	1	1
963	0.96	0	48	0	1	1
964	0.96	0	48	0	1	1
965	0.96	0	48	0	1	1
966	0.94	0	47	0	1	2
967	0.96	0	48	0	1	1
968	0.96	0	48	0	1	1
969	0.96	0	48	0	1	1
970	0.96	0	48	0	1	1
971	0.96	0	48	0	1	1
972	0.96	0	48	0	1	1
973	0.96	0	48	0	1	1
974	0.96	0	48	0	1	1
975	0.96	0	48	0	1	1
976	0.96	0	48	0	1	1
977	0.94	0	47	0	1	2
978	0.94	0	47	0	1	2
979	0.92	1	46	0	1	2
980	0.92	1	46	0	1	2
981	0.92	1	46	0	1	2
982	0.92	1	46	0	1	2
983	0.92	1	46	0	1	2
984	0.92	1	46	0	1	2
985	0.92	1	46	0	1	2
986	0.92	1	46	0	1	2
987	0.92	1	46	0	1	2
988	0.92	1	46	0	1	2
989	0.94	1	47	0	0	2
990	0.94	1	47	0	0	2
991	0.94	1	47	0	0	2
992	0.94	1	47	0	0	2
993	0.94	1	47	0	0	2
994	0.94	1	47	0	0	2
995	0.94	1	47	0	0	2
996	0.94	1	47	0	0	2
997	0.94	1	47	0	0	2
998	0.94	1	47	0	0	2
999	0.94	1	47	0	0	2
1000	0.00	1	47	0	0	2
1001	0.02	1	46	1	0	2
1002	0.02	1	46	1	0	2
1003	0.02	1	45	1	0	3
1004	0.04	1	44	2	0	3
1005	0.04	1	44	2	0	3
1006	0.06	1	43	3	0	3
1007	0.08	1	42	4	0	3
1008	0.08	2	41	4	0	3
1009	0.08	2	41	4	0	3
1010	0.08	2	41	4	0	3
1011	0.10	2	40	5	0	3
1012	0.10	2	40	5	0	3
1013	0.10	2	40	5	0	3
1014	0.10	2	39	5	0	4
1015	0.10	2	39	5	0	4
1016	0.12	2	39	6	0	3
1017	0.12	2	39	6	0	3
1018	0.14	2	38	7	0	3
1019	0.14	2	38	7	0	3
1020	0.16	2	37	8	0	3
1021	0.18	2	36	9	0	3
1022	0.20	2	35	10	0	3
1023	0.20	2	35	10	0	3
1024	0.20	2	35	10	0	3
1025	0.20	2	35	10	0	3
1026	0.22	2	34	11	0	3
1027	0.22	2	35	11	0	2
1028	0.22	2	34	11	0	3
1029	0.22	1	35	11	0	3
1030	0.22	1	34	11	0	4
1031	0.24	1	33	12	0	4
1032	0.24	1	33	12	0	4
1033	0.24	1	33	12	0	4
1034	0.26	1	32	13	0	4
1035	0.28	1	31	14	0	4
1036	0.30	1	30	15	0	4
1037	0.32	1	29	16	0	4
1038	0.32	1	29	16	0	4
1039	0.34	1	28	17	0	4
1040	0.36	1	27	18	0	4
1041	0.38	1	26	19	0	4
1042	0.40	1	25	20	0	4
1043	0.40	1	25	20	0	4
1044	0.42	1	24	21	0	4
1045	0.44	1	23	22	0	4
1046	0.46	1	22	23	0	4
1047	0.48	1	21	24	0	4
1048	0.48	1	21	24	0	4
1049	0.48	1	21	24	0	4
1050	0.50	1	20	25	0	4
1051	0.50	1	20	25	0	4
1052	0.50	1	20	25	0	4
1053	0.52	1	20	26	0	3
1054	0.52	1	20	26	0	3
1055	0.54	1	19	27	0	3
1056	0.52	2	19	26	0	3
1057	0.52	2	19	26	0	3
1058	0.54	1	19	27	0	3
1059	0.54	2	18	27	0	3
1060	0.56	2	17	28	0	3
1061	0.56	2	17	28	0	3
1062	0.58	2	16	29	0	3
1063	0.58	2	15	29	0	4
1064	0.60	2	15	30	0	3
1065	0.60	2	14	30	0	4
1066	0.58	3	14	29	0	4
1067	0.60	3	13	30	0	4
1068	0.58	3	13	29	1	4
1069	0.60	3	12	30	1	4
1070	0.60	3	12	30	1	4
1071	0.60	3	12	30	1	4
1072	0.60	3	12	30	1	4
1073	0.62	3	11	31	1	4
1074	0.64	3	10	32	1	4
1075	0.66	3	9	33	1	4
1076	0.66	3	9	33	1	4
1077	0.68	3	8	34	1	4
1078	0.70	3	8	35	1	3
1079	0.72	3	7	36	1	3
1080	0.72	3	8	36	1	2
1081	0.72	3	8	36	1	2
1082	0.74	3	7	37	1	2
1083	0.76	3	6	38	1	2
1084	0.76	3	6	38	1	2
1085	0.76	3	6	38	1	2
1086	0.76	3	6	38	1	2
1087	0.76	3	6	38	1	2
1088	0.78	3	5	39	1	2
1089	0.78	3	5	39	1	2
1090	0.78	3	5	39	1	2
1091	0.78	3	5	39	1	2
1092	0.76	3	6	38	1	2
1093	0.78	3	5	39	1	2
1094	0.78	3	5	39	1	2
1095	0.78	3	5	39	1	2
1096	0.78	3	5	39	1	2
1097	0.78	3	5	39	1	2
1098	0.80	3	4	40	1	2
1099	0.82	3	3	41	1	2
1100	0.82	3	3	41	1	2
1101	0.82	3	3	41	1	2
1102	0.84	3	2	42	1	2
1103	0.84	3	2	42	1	2
1104	0.84	3	2	42	1	2
1105	0.84	3	2	42	1	2
1106	0.86	2	2	43	1	2
1107	0.86	2	2	43	1	2
1108	0.86	2	2	43	1	2
1109	0.88	1	2	44	1	2
1110	0.88	1	2	44	1	2
1111	0.88	1	2	44	1	2
1112	0.88	1	2	44	1	2
1113	0.90	1	2	45	1	1
1114	0.90	1	2	45	1	1
1115	0.92	1	2	46	1	0
1116	0.94	0	2	47	1	0
1117	0.94	0	2	47	1	0
1118	0.96	0	2	48	0	0
1119	0.96	0	2	48	0	0
1120	0.96	0	2	48	0	0
1121	0.96	0	2	48	0	0
1122	0.96	0	2	48	0	0
1123	0.96	0	2	48	0	0
1124	0.96	0	2	48	0	0
1125	0.96	0	2	48	0	0
1126	0.96	0	2	48	0	0
1127	0.96	0	2	48	0	0
1128	0.94	1	2	47	0	0
1129	0.94	1	2	47	0	0
1130	0.96	1	1	48	0	0
1131	0.96	1	1	48	0	0
1132	0.94	1	2	47	0	0
1133	0.94	1	2	47	0	0
1134	0.94	1	2	47	0	0
1135	0.92	2	2	46	0	0
1136	0.92	2	2	46	0	0
1137	0.92	2	2	46	0	0
1138	0.92	2	2	46	0	0
1139	0.92	2	2	46	0	0
1140	0.92	2	2	46	0	0
1141	0.92	2	2	46	0	0
1142	0.94	2	1	47	0	0
1143	0.94	2	1	47	0	0
1144	0.94	2	1	47	0	0
1145	0.94	2	1	47	0	0
1146	0.94	2	1	47	0	0
1147	0.94	2	1	47	0	0
1148	0.94	2	1	47	0	0
1149	0.94	2	1	47	0	0
1150	0.94	2	1	47	0	0
1151	0.94	2	1	47	0	0
1152	0.94	2	1	47	0	0
1153	0.94	2	1	47	0	0
1154	0.94	2	1	47	0	0
1155	0.94	2	1	47	0	0
1156	0.94	2	1	47	0	0
1157	0.94	2	1	47	0	0
1158	0.94	2	1	47	0	0
1159	0.94	2	1	47	0	0
1160	0.94	2	1	47	0	0
1161	0.94	2	1	47	0	0
1162	0.94	2	1	47	0	0
1163	0.94	2	1	47	0	0
1164	0.94	2	1	47	0	0
1165	0.94	2	1	47	0	0
1166	0.94	2	1	47	0	0
1167	0.94	2	1	47	0	0
1168	0.94	2	1	47	0	0
1169	0.94	2	1	47	0	0
1170	0.94	2	1	47	0	0
1171	0.94	2	1	47	0	0
1172	0.94	2	1	47	0	0
1173	0.94	2	1	47	0	0
1174	0.94	2	1	47	0	0
1175	0.94	2	1	47	0	0
1176	0.94	2	1	47	0	0
1177	0.94	2	1	47	0	0
1178	0.96	1	1	48	0	0
1179	0.96	1	1	48	0	0
1180	0.96	1	1	48	0	0
1181	0.96	1	1	48	0	0
1182	0.98	1	0	49	0	0
1183	0.98	1	0	49	0	0
1184	0.98	1	0	49	0	0
1185	1.00	0	0	50	0	0
1186	0.98	0	1	49	0	0
1187	0.98	0	1	49	0	0
1188	0.98	0	1	49	0	0
1189	0.98	0	1	49	0	0
1190	0.98	0	1	49	0	0
1191	0.98	0	1	49	0	0
1192	0.98	0	1	49	0	0
1193	0.98	0	1	49	0	0
1194	0.98	0	1	49	0	0
1195	0.98	0	1	49	0	0
1196	0.98	0	1	49	0	0
1197	0.98	0	1	49	0	0
1198	0.98	0	1	49	0	0
1199	0.98	0	1	49	0	0
1200	0.98	0	1	49	0	0
1201	0.98	0	1	49	0	0
1202	0.98	0	1	49	0	0
1203	0.98	0	1	49	0	0
1204	0.98	0	1	49	0	0
1205	0.98	0	1	49	0	0
1206	0.98	0	1	49	0	0
1207	0.96	0	1	48	1	0
1208	0.96	0	1	48	1	0
1209	0.96	0	1	48	1	0
1210	0.96	0	1	48	1	0
1211	0.96	0	1	48	1	0
1212	0.96	0	1	48	1	0
1213	0.96	0	1	48	1	0
1214	0.96	0	1	48	1	0
1215	0.96	0	1	48	1	0
1216	0.96	0	1	48	1	0
1217	0.96	0	1	48	1	0
1218	0.94	0	2	47	1	0
1219	0.92	1	2	46	1	0
1220	0.92	1	2	46	1	0
1221	0.90	1	2	45	2	0
1222	0.90	1	2	45	2	0
1223	0.90	1	2	45	2	0
1224	0.90	1	2	45	2	0
1225	0.90	1	2	45	2	0
1226	0.90	1	2	45	2	0
1227	0.90	1	2	45	2	0
1228	0.90	1	2	45	2	0
1229	0.90	1	2	45	2	0
1230	0.88	1	3	44	2	0
1231	0.88	1	3	44	2	0
1232	0.88	1	3	44	2	0
1233	0.88	1	3	44	2	0
1234	0.86	1	4	43	2	0
1235	0.86	1	4	43	2	0
1236	0.88	1	3	44	2	0
1237	0.88	1	3	44	2	0
1238	0.88	1	3	44	2	0
1239	0.88	1	3	44	2	0
1240	0.88	1	3	44	2	0
1241	0.86	1	4	43	2	0
1242	0.86	1	4	43	2	0
1243	0.86	1	4	43	2	0
1244	0.86	1	4	43	2	0
1245	0.86	1	4	43	2	0
1246	0.86	1	4	43	2	0
1247	0.86	1	4	43	2	0
1248	0.86	1	4	43	2	0
1249	0.86	1	4	43	2	0
1250	0.86	1	4	43	2	0
1251	0.86	1	4	43	2	0
1252	0.86	1	4	43	2	0
1253	0.86	1	4	43	2	0
1254	0.86	1	4	43	2	0
1255	0.86	1	4	43	2	0
1256	0.86	1	4	43	2	0
1257	0.88	1	4	44	1	0
1258	0.88	1	4	44	1	0
1259	0.88	1	4	44	1	0
1260	0.88	1	4	44	1	0
1261	0.88	1	4	44	1	0
1262	0.86	1	4	43	2	0
1263	0.86	1	4	43	2	0
1264	0.86	1	4	43	2	0
1265	0.86	1	4	43	2	0
1266	0.86	1	4	43	2	0
1267	0.86	1	4	43	2	0
1268	0.88	1	3	44	2	0
1269	0.90	0	3	45	2	0
1270	0.90	0	3	45	2	0
1271	0.92	0	3	46	1	0
1272	0.92	0	3	46	1	0
1273	0.90	0	3	45	1	1
1274	0.90	0	3	45	1	1
1275	0.90	0	3	45	1	1
1276	0.90	0	3	45	1	1
1277	0.90	0	3	45	1	1
1278	0.90	0	3	45	1	1
1279	0.90	0	3	45	1	1
1280	0.92	0	2	46	1	1
1281	0.92	0	2	46	1	1
1282	0.92	0	2	46	1	1
1283	0.92	0	2	46	1	1
1284	0.94	0	1	47	1	1
1285	0.94	0	1	47	1	1
1286	0.94	0	1	47	1	1
1287	0.94	0	1	47	1	1
1288	0.94	0	1	47	1	1
1289	0.94	0	1	47	1	1
1290	0.94	0	1	47	1	1
1291	0.96	0	0	48	1	1
1292	0.96	0	0	48	1	1
1293	0.96	0	0	48	1	1
1294	0.96	0	0	48	1	1
1295	0.94	0	1	47	1	1
1296	0.94	0	1	47	1	1
1297	0.94	0	1	47	1	1
1298	0.94	0	1	47	1	1
1299	0.92	0	2	46	1	1
1300	0.92	0	2	46	1	1
1301	0.92	0	2	46	1	1
1302	0.92	0	2	46	1	1
1303	0.92	0	2	46	1	1
1304	0.92	0	2	46	1	1
1305	0.90	1	2	45	1	1
1306	0.88	1	2	44	1	2
1307	0.88	1	2	44	1	2
1308	0.86	1	2	43	2	2
1309	0.86	1	2	43	2	2
1310	0.86	1	2	43	2	2
1311	0.86	1	2	43	2	2
1312	0.88	1	2	44	1	2
1313	0.88	1	2	44	1	2
1314	0.88	1	2	44	1	2
1315	0.88	1	2	44	1	2
1316	0.88	1	2	44	1	2
1317	0.88	1	2	44	1	2
1318	0.88	1	2	44	1	2
1319	0.88	1	2	44	1	2
1320	0.88	1	2	44	1	2
1321	0.88	1	2	44	1	2
1322	0.88	1	2	44	1	2
1323	0.90	1	2	45	1	1
1324	0.90	1	2	45	1	1
1325	0.90	1	2	45	1	1
1326	0.88	2	2	44	1	1
1327	0.86	3	2	43	1	1
1328	0.86	3	2	43	1	1
1329	0.86	3	2	43	1	1
1330	0.86	3	2	43	1	1
1331	0.86	3	2	43	1	1
1332	0.84	3	2	42	2	1
1333	0.84	3	2	42	2	1
1334	0.84	3	2	42	2	1
1335	0.84	3	2	42	2	1
1336	0.84	3	2	42	2	1
1337	0.84	3	2	42	2	1
1338	0.84	3	2	42	2	1
1339	0.84	3	2	42	2	1
1340	0.84	3	2	42	2	1
1341	0.84	3	2	42	2	1
1342	0.84	3	2	42	2	1
1343	0.84	3	2	42	2	1
1344	0.84	3	2	42	2	1
1345	0.86	3	1	43	2	1
1346	0.86	3	1	43	2	1
1347	0.86	3	1	43	2	1
1348	0.86	3	1	43	2	1
1349	0.86	3	1	43	2	1
1350	0.86	3	1	43	2	1
1351	0.86	3	1	43	2	1
1352	0.86	3	1	43	2	1
1353	0.86	3	1	43	2	1
1354	0.86	3	1	43	2	1
1355	0.86	3	1	43	2	1
1356	0.86	3	1	43	3	0
1357	0.86	3	1	43	3	0
1358	0.88	3	1	44	2	0
1359	0.88	3	1	44	2	0
1360	0.88	3	1	44	2	0
1361	0.88	3	1	44	2	0
1362	0.88	3	1	44	2	0
1363	0.88	3	1	44	2	0
1364	0.86	4	1	43	2	0
1365	0.86	4	1	43	2	0
1366	0.86	4	1	43	2	0
1367	0.86	4	1	43	2	0
1368	0.86	4	1	43	2	0
1369	0.86	4	1	43	2	0
1370	0.86	4	1	43	2	0
1371	0.86	4	1	43	2	0
1372	0.86	4	1	43	2	0
1373	0.86	4	1	43	2	0
1374	0.86	4	1	43	2	0
1375	0.84	5	1	42	2	0
1376	0.86	4	1	43	2	0
1377	0.88	3	1	44	2	0
1378	0.88	3	1	44	2	0
1379	0.88	3	1	44	2	0
1380	0.88	3	1	44	2	0
1381	0.88	3	1	44	2	0
1382	0.90	3	1	45	1	0
1383	0.90	3	1	45	1	0
1384	0.90	3	1	45	1	0
1385	0.90	3	1	45	1	0
1386	0.90	3	1	45	1	0
1387	0.90	3	1	45	1	0
1388	0.90	3	1	45	1	0
1389	0.90	3	1	45	1	0
1390	0.88	4	1	44	1	0
1391	0.88	4	1	44	1	0
1392	0.88	4	1	44	1	0
1393	0.88	4	1	44	1	0
1394	0.88	4	1	44	1	0
1395	0.88	4	1	44	1	0
1396	0.88	4	1	44	1	0
1397	0.88	4	1	44	1	0
1398	0.88	4	1	44	1	0
1399	0.90	4	0	45	1	0
1400	0.90	4	0	45	1	0
1401	0.90	4	0	45	1	0
1402	0.90	4	0	45	1	0
1403	0.88	4	0	44	1	1
1404	0.86	4	0	43	1	2
1405	0.86	4	0	43	1	2
1406	0.88	4	0	44	0	2
1407	0.88	4	0	44	0	2
1408	0.88	4	0	44	0	2
1409	0.88	4	0	44	0	2
1410	0.88	4	0	44	0	2
1411	0.88	4	0	44	0	2
1412	0.88	4	0	44	0	2
1413	0.88	4	0	44	0	2
1414	0.90	3	0	45	0	2
1415	0.90	3	0	45	0	2
1416	0.90	3	0	45	0	2
1417	0.90	3	0	45	0	2
1418	0.90	3	0	45	0	2
1419	0.90	3	0	45	0	2
1420	0.90	3	0	45	0	2
1421	0.90	3	0	45	0	2
1422	0.90	3	0	45	0	2
1423	0.90	3	0	45	0	2
1424	0.90	3	0	45	0	2
1425	0.92	2	0	46	0	2
1426	0.92	2	0	46	0	2
1427	0.92	2	0	46	0	2
1428	0.92	2	0	46	0	2
1429	0.92	2	0	46	0	2
1430	0.92	2	0	46	0	2
1431	0.92	2	0	46	0	2
1432	0.92	2	0	46	0	2
1433	0.92	2	0	46	0	2
1434	0.92	2	0	46	0	2
1435	0.92	2	0	46	0	2
1436	0.92	2	0	46	0	2
1437	0.92	2	0	46	0	2
1438	0.92	2	0	46	0	2
1439	0.92	2	0	46	0	2
1440	0.94	1	0	47	0	2
1441	0.94	1	0	47	0	2
1442	0.94	1	0	47	0	2
1443	0.94	1	0	47	0	2
1444	0.94	1	0	47	0	2
1445	0.94	1	0	47	0	2
1446	0.94	1	0	47	0	2
1447	0.94	1	0	47	0	2
1448	0.94	1	0	47	0	2
1449	0.94	1	0	47	0	2
1450	0.94	1	0	47	0	2
1451	0.94	1	0	47	0	2
1452	0.94	1	0	47	0	2
1453	0.96	1	0	48	0	1
1454	0.98	1	0	49	0	0
1455	1.00	0	0	50	0	0
1456	1.00	0	0	50	0	0
1457	1.00	0	0	50	0	0
1458	1.00	0	0	50	0	0
1459	1.00	0	0	50	0	0
1460	1.00	0	0	50	0	0
1461	1.00	0	0	50	0	0
1462	1.00	0	0	50	0	0
1463	0.98	0	1	49	0	0
1464	0.98	0	1	49	0	0
1465	0.98	0	1	49	0	0
1466	0.98	0	1	49	0	0
1467	0.98	0	1	49	0	0
1468	0.98	0	1	49	0	0
1469	0.98	0	1	49	0	0
1470	0.98	0	1	49	0	0
1471	0.98	0	1	49	0	0
1472	0.98	0	1	49	0	0
1473	0.98	0	1	49	0	0
1474	0.98	0	1	49	0	0
1475	0.96	0	2	48	0	0
1476	0.96	0	2	48	0	0
1477	0.96	0	2	48	0	0
1478	0.96	0	2	48	0	0
1479	0.96	0	2	48	0	0
1480	0.96	0	2	48	0	0
1481	0.96	0	2	48	0	0
1482	0.96	0	2	48	0	0
1483	0.96	0	2	48	0	0
1484	0.96	0	2	48	0	0
1485	0.96	0	2	48	0	0
1486	0.96	0	2	48	0	0
1487	0.96	0	2	48	0	0
1488	0.94	0	2	47	0	1
1489	0.94	0	2	47	0	1
1490	0.92	1	2	46	0	1
1491	0.90	1	2	45	0	2
1492	0.90	1	2	45	0	2
1493	0.90	1	2	45	0	2
1494	0.90	1	2	45	0	2
1495	0.90	1	2	45	0	2
1496	0.90	1	2	45	0	2
1497	0.88	2	2	44	0	2
1498	0.88	2	2	44	0	2
1499	0.88	2	2	44	0	2
1500	0.02	2	2	43	1	2
1501	0.02	2	2	43	1	2
1502	0.04	2	2	42	2	2
1503	0.04	2	2	42	2	2
1504	0.04	2	2	42	2	2
1505	0.06	2	2	41	3	2
1506	0.06	2	2	41	3	2
1507	0.08	2	2	40	4	2
1508	0.08	2	2	40	4	2
1509	0.08	2	2	40	4	2
1510	0.08	2	2	40	4	2
1511	0.10	2	2	39	5	2
1512	0.10	2	2	39	5	2
1513	0.10	2	1	40	5	2
1514	0.10	2	1	40	5	2
1515	0.10	3	1	39	5	2
1516	0.12	3	1	38	6	2
1517	0.12	3	1	38	6	2
1518	0.14	3	1	37	7	2
1519	0.14	4	1	36	7	2
1520	0.14	4	1	35	7	3
1521	0.14	4	1	35	7	3
1522	0.16	4	1	34	8	3
1523	0.16	4	1	34	8	3
1524	0.18	4	1	33	9	3
1525	0.20	4	0	33	10	3
1526	0.22	4	0	32	11	3
1527	0.24	4	0	31	12	3
1528	0.24	5	0	30	12	3
1529	0.24	5	0	30	12	3
1530	0.26	5	0	29	13	3
1531	0.26	5	0	28	13	4
1532	0.28	5	0	27	14	4
1533	0.30	5	0	26	15	4
1534	0.32	5	0	25	16	4
1535	0.34	5	0	24	17	4
1536	0.36	5	0	23	18	4
1537	0.38	5	0	22	19	4
1538	0.40	5	0	22	20	3
1539	0.42	5	0	21	21	3
1540	0.44	4	0	21	22	3
1541	0.46	4	0	21	23	2
1542	0.48	4	0	20	24	2
1543	0.50	4	0	19	25	2
1544	0.52	4	0	18	26	2
1545	0.52	5	0	17	26	2
1546	0.54	5	0	16	27	2
1547	0.56	4	0	16	28	2
1548	0.58	4	0	15	29	2
1549	0.60	4	0	14	30	2
1550	0.60	4	0	14	30	2
1551	0.62	4	0	13	31	2
1552	0.62	4	0	13	31	2
1553	0.64	4	0	12	32	2
1554	0.66	4	0	11	33	2
1555	0.66	4	0	11	33	2
1556	0.68	4	0	10	34	2
1557	0.68	4	0	10	34	2
1558	0.70	4	0	9	35	2
1559	0.72	4	0	8	36	2
1560	0.72	4	0	8	36	2
1561	0.72	4	0	8	36	2
1562	0.74	4	0	7	37	2
1563	0.76	4	0	6	38	2
1564	0.76	4	0	6	38	2
1565	0.78	3	0	6	39	2
1566	0.78	3	0	6	39	2
1567	0.80	3	0	5	40	2
1568	0.80	3	0	5	40	2
1569	0.82	2	0	5	41	2
1570	0.84	2	0	5	42	1
1571	0.86	2	0	4	43	1
1572	0.86	2	0	4	43	1
1573	0.88	2	0	3	44	1
1574	0.88	2	0	3	44	1
1575	0.88	2	0	3	44	1
1576	0.88	2	0	3	44	1
1577	0.88	2	0	3	44	1
1578	0.90	1	0	3	45	1
1579	0.92	1	0	2	46	1
1580	0.92	1	0	2	46	1
1581	0.94	1	0	2	47	0
1582	0.94	1	0	2	47	0
1583	0.94	1	0	2	47	0
1584	0.94	1	0	2	47	0
1585	0.94	1	0	2	47	0
1586	0.94	1	0	2	47	0
1587	0.94	1	0	2	47	0
1588	0.94	1	0	2	47	0
1589	0.94	1	0	2	47	0
1590	0.94	1	0	2	47	0
1591	0.94	1	0	2	47	0
1592	0.94	1	0	2	47	0
1593	0.94	1	0	2	47	0
1594	0.94	1	0	2	47	0
1595	0.96	0	0	2	48	0
1596	0.96	0	0	2	48	0
1597	0.96	0	0	2	48	0
1598	0.96	0	0	2	48	0
1599	0.96	0	0	2	48	0
1600	0.96	0	0	2	48	0
1601	0.96	0	0	2	48	0
1602	0.96	0	0	2	48	0
1603	0.96	0	0	2	48	0
1604	0.96	0	0	2	48	0
1605	0.96	0	0	2	48	0
1606	0.96	0	0	2	48	0
1607	0.96	0	0	2	48	0
1608	0.96	0	0	2	48	0
1609	0.96	0	0	2	48	0
1610	0.98	0	0	1	49	0
1611	0.98	0	0	1	49	0
1612	0.96	0	0	1	48	1
1613	0.96	0	0	1	48	1
1614	0.98	0	0	0	49	1
1615	0.98	0	0	0	49	1
1616	0.98	0	0	0	49	1
1617	0.98	0	0	0	49	1
1618	0.98	0	0	0	49	1
1619	0.98	0	0	0	49	1
1620	0.98	0	0	0	49	1
1621	0.98	0	0	0	49	1
1622	0.98	0	0	0	49	1
1623	0.98	0	0	0	49	1
1624	0.98	0	0	0	49	1
1625	0.98	0	0	0	49	1
1626	0.98	0	0	0	49	1
1627	0.98	0	0	0	49	1
1628	0.98	0	0	0	49	1
1629	0.98	0	0	0	49	1
1630	0.98	0	0	0	49	1
1631	0.98	0	0	0	49	1
1632	0.98	0	0	0	49	1
1633	0.98	0	0	0	49	1
1634	0.98	0	0	0	49	1
1635	0.98	0	0	0	49	1
1636	0.98	0	0	0	49	1
1637	0.96	0	0	0	48	2
1638	0.96	0	0	0	48	2
1639	0.96	0	0	0	48	2
1640	0.96	0	0	0	48	2
1641	0.96	0	0	0	48	2
1642	0.96	0	0	0	48	2
1643	0.96	0	0	0	48	2
1644	0.96	0	0	0	48	2
1645	0.96	0	0	0	48	2
1646	0.96	0	0	0	48	2
1647	0.96	0	0	0	48	2
1648	0.96	0	0	0	48	2
1649	0.96	0	0	0	48	2
1650	0.96	0	0	0	48	2
1651	0.96	0	0	0	48	2
1652	0.96	0	0	0	48	2
1653	0.96	0	0	0	48	2
1654	0.96	0	0	0	48	2
1655	0.96	0	0	0	48	2
1656	0.96	0	0	0	48	2
1657	0.96	0	0	0	48	2
1658	0.96	0	0	0	48	2
1659	0.96	0	0	0	48	2
1660	0.96	0	0	0	48	2
1661	0.96	0	0	0	48	2
1662	0.98	0	0	0	49	1
1663	0.98	0	0	0	49	1
1664	0.98	0	0	0	49	1
1665	0.98	0	0	0	49	1
1666	0.98	0	0	0	49	1
1667	0.98	0	0	0	49	1
1668	0.98	0	0	0	49	1
1669	0.98	0	0	0	49	1
1670	0.98	0	0	0	49	1
1671	0.98	0	0	0	49	1
1672	0.98	0	0	0	49	1
1673	0.98	0	0	0	49	1
1674	0.98	0	0	0	49	1
1675	0.98	0	0	0	49	1
1676	0.98	0	0	0	49	1
1677	0.98	0	0	0	49	1
1678	0.98	0	0	0	49	1
1679	0.98	0	0	0	49	1
1680	0.98	0	0	0	49	1
1681	0.98	0	0	0	49	1
1682	0.98	0	0	0	49	1
1683	0.98	0	0	0	49	1
1684	0.98	0	0	0	49	1
1685	0.98	0	0	0	49	1
1686	0.98	0	0	0	49	1
1687	1.00	0	0	0	50	0
1688	1.00	0	0	0	50	0
1689	1.00	0	0	0	50	0
1690	1.00	0	0	0	50	0
1691	1.00	0	0	0	50	0
1692	1.00	0	0	0	50	0
1693	1.00	0	0	0	50	0
1694	1.00	0	0	0	50	0
1695	1.00	0	0	0	50	0
1696	1.00	0	0	0	50	0
1697	1.00	0	0	0	50	0
1698	1.00	0	0	0	50	0
1699	1.00	0	0	0	50	0
1700	1.00	0	0	0	50	0
1701	1.00	0	0	0	50	0
1702	1.00	0	0	0	50	0
1703	1.00	0	0	0	50	0
1704	1.00	0	0	0	50	0
1705	1.00	0	0	0	50	0
1706	1.00	0	0	0	50	0
1707	1.00	0	0	0	50	0
1708	1.00	0	0	0	50	0
1709	1.00	0	0	0	50	0
1710	1.00	0	0	0	50	0
1711	1.00	0	0	0	50	0
1712	1.00	0	0	0	50	0
1713	1.00	0	0	0	50	0
1714	1.00	0	0	0	50	0
1715	1.00	0	0	0	50	0
1716	1.00	0	0	0	50	0
1717	1.00	0	0	0	50	0
1718	1.00	0	0	0	50	0
1719	1.00	0	0	0	50	0
1720	1.00	0	0	0	50	0
1721	1.00	0	0	0	50	0
1722	1.00	0	0	0	50	0
1723	1.00	0	0	0	50	0
1724	1.00	0	0	0	50	0
1725	1.00	0	0	0	50	0
1726	1.00	0	0	0	50	0
1727	1.00	0	0	0	50	0
1728	1.00	0	0	0	50	0
1729	1.00	0	0	0	50	0
1730	1.00	0	0	0	50	0
1731	1.00	0	0	0	50	0
1732	1.00	0	0	0	50	0
1733	1.00	0	0	0	50	0
1734	1.00	0	0	0	50	0
1735	1.00	0	0	0	50	0
1736	1.00	0	0	0	50	0
1737	1.00	0	0	0	50	0
1738	1.00	0	0	0	50	0
1739	0.98	0	1	0	49	0
1740	0.98	0	1	0	49	0
1741	0.98	0	1	0	49	0
1742	0.98	0	1	0	49	0
1743	0.98	0	1	0	49	0
1744	0.98	0	1	0	49	0
1745	0.98	0	1	0	49	0
1746	0.98	0	1	0	49	0
1747	0.98	0	1	0	49	0
1748	0.98	0	1	0	49	0
1749	0.96	1	1	0	48	0
1750	0.96	1	1	0	48	0
1751	0.96	1	1	0	48	0
1752	0.96	1	1	0	48	0
1753	0.96	1	1	0	48	0
1754	0.96	1	1	0	48	0
1755	0.96	1	1	0	48	0
1756	0.96	1	1	0	48	0
1757	0.96	1	1	0	48	0
1758	0.96	1	1	0	48	0
1759	0.96	1	1	0	48	0
1760	0.96	1	1	0	48	0
1761	0.96	1	1	0	48	0
1762	0.96	1	1	0	48	0
1763	0.96	1	1	0	48	0
1764	0.96	1	1	0	48	0
1765	0.96	1	1	0	48	0
1766	0.96	1	1	0	48	0
1767	0.96	1	1	0	48	0
1768	0.96	1	1	0	48	0
1769	0.96	1	1	0	48	0
1770	0.96	1	1	0	48	0
1771	0.96	1	1	0	48	0
1772	0.96	1	1	0	48	0
1773	0.96	1	1	0	48	0
1774	0.94	1	1	1	47	0
1775	0.94	1	1	1	47	0
1776	0.94	1	1	1	47	0
1777	0.94	1	1	1	47	0
1778	0.94	1	1	1	47	0
1779	0.94	1	1	1	47	0
1780	0.94	1	1	1	47	0
1781	0.94	1	1	1	47	0
1782	0.94	1	1	1	47	0
1783	0.94	1	1	1	47	0
1784	0.94	1	1	1	47	0
1785	0.94	1	1	1	47	0
1786	0.94	1	1	1	47	0
1787	0.94	1	1	1	47	0
1788	0.94	1	1	1	47	0
1789	0.96	1	0	1	48	0
1790	0.96	1	0	1	48	0
1791	0.96	1	0	1	48	0
1792	0.96	1	0	1	48	0
1793	0.96	1	0	1	48	0
1794	0.96	1	0	1	48	0
1795	0.96	1	0	1	48	0
1796	0.96	1	0	1	48	0
1797	0.96	1	0	1	48	0
1798	0.96	1	0	1	48	0
1799	0.98	0	0	1	49	0
1800	0.98	0	0	1	49	0
1801	0.98	0	0	1	49	0
1802	0.98	0	0	1	49	0
1803	0.98	0	0	1	49	0
1804	0.98	0	0	1	49	0
1805	0.98	0	0	1	49	0
1806	0.98	0	0	1	49	0
1807	0.98	0	0	1	49	0
1808	0.98	0	0	1	49	0
1809	0.98	0	0	1	49	0
1810	0.98	0	0	1	49	0
1811	0.98	0	0	1	49	0
1812	0.98	0	0	1	49	0
1813	0.98	0	0	1	49	0
1814	0.98	0	0	1	49	0
1815	0.98	0	0	1	49	0
1816	0.98	0	0	1	49	0
1817	0.98	0	0	1	49	0
1818	0.98	0	0	1	49	0
1819	0.98	0	0	1	49	0
1820	0.98	0	0	1	49	0
1821	0.98	0	0	1	49	0
1822	0.98	0	0	1	49	0
1823	0.98	0	0	1	49	0
1824	1.00	0	0	0	50	0
1825	1.00	0	0	0	50	0
1826	1.00	0	0	0	50	0
1827	1.00	0	0	0	50	0
1828	0.98	1	0	0	49	0
1829	0.98	1	0	0	49	0
1830	0.98	1	0	0	49	0
1831	0.98	1	0	0	49	0
1832	0.98	1	0	0	49	0
1833	0.98	1	0	0	49	0
1834	0.96	1	1	0	48	0
1835	0.96	1	1	0	48	0
1836	0.94	1	1	0	47	1
1837	0.92	2	1	0	46	1
1838	0.92	2	1	0	46	1
1839	0.92	2	1	0	46	1
1840	0.92	2	1	0	46	1
1841	0.92	2	1	0	46	1
1842	0.92	2	1	0	46	1
1843	0.92	2	1	0	46	1
1844	0.90	2	2	0	45	1
1845	0.90	2	2	0	45	1
1846	0.90	2	2	0	45	1
1847	0.90	2	2	0	45	1
1848	0.90	2	2	0	45	1
1849	0.90	2	2	0	45	1
1850	0.90	2	2	0	45	1
1851	0.88	2	2	1	44	1
1852	0.88	2	2	1	44	1
1853	0.88	2	2	1	44	1
1854	0.88	2	2	1	44	1
1855	0.88	2	2	1	44	1
1856	0.88	2	2	1	44	1
1857	0.88	2	2	1	44	1
1858	0.88	2	2	1	44	1
1859	0.88	2	2	1	44	1
1860	0.88	2	2	1	44	1
1861	0.88	2	2	1	44	1
1862	0.86	3	2	1	43	1
1863	0.86	3	2	1	43	1
1864	0.86	3	2	1	43	1
1865	0.86	3	2	1	43	1
1866	0.86	3	2	1	43	1
1867	0.86	3	2	1	43	1
1868	0.86	3	2	1	43	1
1869	0.86	3	2	1	43	1
1870	0.84	3	3	1	42	1
1871	0.84	3	3	1	42	1
1872	0.84	3	3	1	42	1
1873	0.84	3	3	1	42	1
1874	0.84	3	3	1	42	1
1875	0.84	3	3	1	42	1
1876	0.84	3	3	1	42	1
1877	0.84	3	3	1	42	1
1878	0.86	2	3	1	43	1
1879	0.86	2	3	1	43	1
1880	0.86	2	3	1	43	1
1881	0.86	2	3	1	43	1
1882	0.86	2	3	1	43	1
1883	0.86	2	3	1	43	1
1884	0.88	2	2	1	44	1
1885	0.88	2	2	1	44	1
1886	0.90	2	2	1	45	0
1887	0.92	1	2	1	46	0
1888	0.92	1	2	1	46	0
1889	0.92	1	2	1	46	0
1890	0.92	1	2	1	46	0
1891	0.92	1	2	1	46	0
1892	0.92	1	2	1	46	0
1893	0.92	1	2	1	46	0
1894	0.94	1	1	1	47	0
1895	0.94	1	1	1	47	0
1896	0.94	1	1	1	47	0
1897	0.94	1	1	1	47	0
1898	0.94	1	1	1	47	0
1899	0.94	1	1	1	47	0
1900	0.94	1	1	1	47	0
1901	0.96	1	1	0	48	0
1902	0.96	1	1	0	48	0
1903	0.96	1	1	0	48	0
1904	0.96	1	1	0	48	0
1905	0.96	1	1	0	48	0
1906	0.96	1	1	0	48	0
1907	0.96	1	1	0	48	0
1908	0.96	1	1	0	48	0
1909	0.96	1	1	0	48	0
1910	0.96	1	1	0	48	0
1911	0.96	1	1	0	48	0
1912	0.98	0	1	0	49	0
1913	0.98	0	1	0	49	0
1914	0.98	0	1	0	49	0
1915	0.98	0	1	0	49	0
1916	0.98	0	1	0	49	0
1917	0.98	0	1	0	49	0
1918	0.98	0	1	0	49	0
1919	0.98	0	1	0	49	0
1920	1.00	0	0	0	50	0
1921	1.00	0	0	0	50	0
1922	1.00	0	0	0	50	0
1923	0.98	1	0	0	49	0
1924	0.98	1	0	0	49	0
1925	0.98	1	0	0	49	0
1926	0.98	1	0	0	49	0
1927	0.98	1	0	0	49	0
1928	0.98	1	0	0	49	0
1929	0.98	1	0	0	49	0
1930	0.98	1	0	0	49	0
1931	0.98	1	0	0	49	0
1932	0.98	1	0	0	49	0
1933	0.98	1	0	0	49	0
1934	0.98	1	0	0	49	0
1935	0.98	1	0	0	49	0
1936	0.96	1	1	0	48	0
1937	0.96	1	1	0	48	0
1938	0.96	1	1	0	48	0
1939	0.96	1	1	0	48	0
1940	0.96	1	1	0	48	0
1941	0.96	1	1	0	48	0
1942	0.96	1	1	0	48	0
1943	0.96	1	1	0	48	0
1944	0.96	1	1	0	48	0
1945	0.96	1	1	0	48	0
1946	0.96	1	1	0	48	0
1947	0.96	1	1	0	48	0
1948	0.96	1	1	0	48	0
1949	0.96	1	1	0	48	0
1950	0.96	1	1	0	48	0
1951	0.96	1	1	0	48	0
1952	0.96	1	1	0	48	0
1953	0.96	1	1	0	48	0
1954	0.96	1	1	0	48	0
1955	0.96	1	1	0	48	0
1956	0.96	1	1	0	48	0
1957	0.96	1	1	0	48	0
1958	0.96	1	1	0	48	0
1959	0.96	1	1	0	48	0
1960	0.96	1	1	0	48	0
1961	0.96	1	1	0	48	0
1962	0.96	1	1	0	48	0
1963	0.96	1	1	0	48	0
1964	0.94	2	1	0	47	0
1965	0.94	2	1	0	47	0
1966	0.94	2	1	0	47	0
1967	0.94	2	1	0	47	0
1968	0.94	2	1	0	47	0
1969	0.94	2	1	0	47	0
1970	0.94	2	1	0	47	0
1971	0.94	2	1	0	47	0
1972	0.94	2	1	0	47	0
1973	0.96	1	1	0	48	0
1974	0.96	1	1	0	48	0
1975	0.96	1	1	0	48	0
1976	0.96	1	1	0	48	0
1977	0.96	1	1	0	48	0
1978	0.96	1	1	0	48	0
1979	0.96	1	1	0	48	0
1980	0.96	1	1	0	48	0
1981	0.96	1	1	0	48	0
1982	0.96	1	1	0	48	0
1983	0.94	1	1	1	47	0
1984	0.94	1	1	1	47	0
1985	0.92	1	1	2	46	0
1986	0.94	1	0	2	47	0
1987	0.94	1	0	2	47	0
1988	0.94	1	0	2	47	0
1989	0.94	1	0	2	47	0
1990	0.92	1	1	2	46	0
1991	0.92	1	1	2	46	0
1992	0.92	1	1	2	46	0
1993	0.92	1	1	2	46	0
1994	0.92	1	1	2	46	0
1995	0.90	1	1	3	45	0
1996	0.90	1	1	3	45	0
1997	0.90	1	1	3	45	0
1998	0.90	1	1	3	45	0
1999	0.90	1	1	3	45	0
2000	0.02	1	1	3	44	1
2001	0.02	1	1	3	44	1
2002	0.02	1	1	3	44	1
2003	0.02	1	1	3	44	1
2004	0.02	1	1	3	44	1
2005	0.02	1	1	3	44	1
2006	0.04	1	1	3	43	2
2007	0.04	1	1	3	43	2
2008	0.06	1	1	3	42	3
2009	0.08	1	1	3	41	4
2010	0.10	1	1	3	40	5
2011	0.10	1	1	3	40	5
2012	0.10	1	1	3	40	5
2013	0.10	1	1	3	40	5
2014	0.12	0	1	3	40	6
2015	0.14	0	1	3	39	7
2016	0.16	0	1	3	38	8
2017	0.16	0	1	3	38	8
2018	0.16	0	1	3	38	8
2019	0.18	0	1	3	37	9
2020	0.18	1	1	3	36	9
2021	0.18	1	1	3	36	9
2022	0.18	1	1	3	36	9
2023	0.20	1	1	3	35	10
2024	0.22	1	1	3	34	11
2025	0.22	1	1	3	34	11
2026	0.22	1	1	3	34	11
2027	0.24	1	1	3	33	12
2028	0.24	1	1	3	33	12
2029	0.26	1	1	3	32	13
2030	0.26	1	1	3	32	13
2031	0.28	1	1	3	31	14
2032	0.30	1	1	3	30	15
2033	0.32	1	1	2	30	16
2034	0.32	1	1	2	30	16
2035	0.34	1	1	1	30	17
2036	0.36	1	1	1	29	18
2037	0.38	1	1	1	28	19
2038	0.38	1	1	1	28	19
2039	0.40	1	1	1	27	20
2040	0.42	1	0	1	27	21
2041	0.42	1	1	1	26	21
2042	0.44	1	1	1	25	22
2043	0.46	1	1	1	24	23
2044	0.48	1	1	1	23	24
2045	0.48	1	1	0	24	24
2046	0.48	1	1	0	24	24
2047	0.48	1	1	1	23	24
2048	0.48	1	1	1	23	24
2049	0.50	1	1	1	22	25
2050	0.48	2	1	1	22	24
2051	0.50	2	1	1	21	25
2052	0.52	2	1	1	20	26
2053	0.54	2	1	1	19	27
2054	0.56	2	1	1	18	28
2055	0.58	2	1	1	17	29
2056	0.58	2	1	1	17	29
2057	0.60	2	1	1	16	30
2058	0.60	2	1	1	16	30
2059	0.60	2	1	1	16	30
2060	0.60	2	1	1	16	30
2061	0.62	2	1	1	15	31
2062	0.62	2	2	1	14	31
2063	0.64	2	2	1	13	32
2064	0.64	2	2	1	13	32
2065	0.64	2	2	1	13	32
2066	0.64	2	2	1	13	32
2067	0.66	2	2	1	12	33
2068	0.68	2	2	1	11	34
2069	0.68	2	2	1	11	34
2070	0.70	1	2	1	11	35
2071	0.72	1	2	1	10	36
2072	0.74	1	2	1	9	37
2073	0.74	1	2	1	9	37
2074	0.74	1	2	1	9	37
2075	0.76	1	2	1	8	38
2076	0.78	1	2	1	7	39
2077	0.78	1	2	1	7	39
2078	0.80	1	2	1	6	40
2079	0.80	1	2	1	6	40
2080	0.82	1	2	1	5	41
2081	0.82	1	2	1	5	41
2082	0.82	1	2	1	5	41
2083	0.82	1	2	1	5	41
2084	0.84	1	2	1	4	42
2085	0.84	1	2	1	4	42
2086	0.84	1	2	1	4	42
2087	0.84	1	2	1	4	42
2088	0.86	1	2	1	3	43
2089	0.86	1	2	1	3	43
2090	0.86	1	2	1	3	43
2091	0.88	1	1	1	3	44
2092	0.88	1	1	1	3	44
2093	0.88	1	1	1	3	44
2094	0.88	1	1	1	3	44
2095	0.90	1	1	1	2	45
2096	0.92	1	1	1	1	46
2097	0.94	1	1	0	1	47
2098	0.96	1	1	0	0	48
2099	0.96	1	1	0	0	48
2100	0.98	0	1	0	0	49
2101	0.98	0	1	0	0	49
2102	0.98	0	1	0	0	49
2103	0.98	0	1	0	0	49
2104	0.98	0	1	0	0	49
2105	0.98	0	1	0	0	49
2106	0.98	0	1	0	0	49
2107	0.98	0	1	0	0	49
2108	0.98	0	1	0	0	49
2109	0.98	0	1	0	0	49
2110	0.98	0	1	0	0	49
2111	0.96	0	1	0	1	48
2112	0.98	0	0	0	1	49
2113	0.98	0	0	0	1	49
2114	0.98	0	0	0	1	49
2115	0.96	0	0	0	2	48
2116	0.96	0	0	0	2	48
2117	0.96	0	0	0	2	48
2118	0.96	0	0	0	2	48
2119	0.96	0	0	0	2	48
2120	0.96	0	0	0	2	48
2121	0.96	0	0	0	2	48
2122	0.94	1	0	0	2	47
2123	0.94	1	0	0	2	47
2124	0.94	1	0	0	2	47
2125	0.94	1	0	0	2	47
2126	0.94	1	0	0	2	47
2127	0.94	1	0	0	2	47
2128	0.94	1	0	0	2	47
2129	0.94	1	0	0	2	47
2130	0.94	1	0	0	2	47
2131	0.94	1	0	0	2	47
2132	0.94	1	0	0	2	47
2133	0.94	1	0	0	2	47
2134	0.94	1	0	0	2	47
2135	0.94	1	0	0	2	47
2136	0.94	1	0	0	2	47
2137	0.94	1	0	0	2	47
2138	0.94	1	0	0	2	47
2139	0.94	1	0	0	2	47
2140	0.94	1	0	0	2	47
2141	0.94	1	0	0	2	47
2142	0.94	1	0	0	2	47
2143	0.94	1	0	0	2	47
2144	0.94	1	0	0	2	47
2145	0.94	1	0	0	2	47
2146	0.94	1	0	0	2	47
2147	0.94	1	0	0	2	47
2148	0.94	1	0	0	2	47
2149	0.94	1	0	0	2	47
2150	0.94	1	0	0	2	47
2151	0.94	1	0	0	2	47
2152	0.94	1	0	0	2	47
2153	0.94	1	0	0	2	47
2154	0.94	1	0	0	2	47
2155	0.94	1	0	0	2	47
2156	0.94	1	0	0	2	47
2157	0.94	1	0	0	2	47
2158	0.94	1	0	0	2	47
2159	0.94	1	0	0	2	47
2160	0.94	1	0	0	2	47
2161	0.96	1	0	0	1	48
2162	0.96	1	0	0	1	48
2163	0.96	1	0	0	1	48
2164	0.96	1	0	0	1	48
2165	0.98	1	0	0	0	49
2166	0.98	1	0	0	0	49
2167	0.98	1	0	0	0	49
2168	0.98	1	0	0	0	49
2169	0.98	1	0	0	0	49
2170	0.98	1	0	0	0	49
2171	0.98	1	0	0	0	49
2172	0.98	1	0	0	0	49
2173	0.98	1	0	0	0	49
2174	0.98	1	0	0	0	49
2175	0.98	1	0	0	0	49
2176	0.98	1	0	0	0	49
2177	0.96	2	0	0	0	48
2178	0.96	2	0	0	0	48
2179	0.96	2	0	0	0	48
2180	0.96	2	0	0	0	48
2181	0.96	2	0	0	0	48
2182	0.96	2	0	0	0	48
2183	0.96	2	0	0	0	48
2184	0.96	2	0	0	0	48
2185	0.96	2	0	0	0	48
2186	0.96	2	0	0	0	48
2187	0.96	2	0	0	0	48
2188	0.96	2	0	0	0	48
2189	0.96	2	0	0	0	48
2190	0.96	2	0	0	0	48
2191	0.96	2	0	0	0	48
2192	0.96	2	0	0	0	48
2193	0.96	2	0	0	0	48
2194	0.96	2	0	0	0	48
2195	0.96	2	0	0	0	48
2196	0.96	2	0	0	0	48
2197	0.96	2	0	0	0	48
2198	0.96	2	0	0	0	48
2199	0.94	3	0	0	0	47
2200	0.94	3	0	0	0	47
2201	0.94	3	0	0	0	47
2202	0.94	3	0	0	0	47
2203	0.94	3	0	0	0	47
2204	0.94	3	0	0	0	47
2205	0.94	3	0	0	0	47
2206	0.94	3	0	0	0	47
2207	0.94	3	0	0	0	47
2208	0.94	3	0	0	0	47
2209	0.94	3	0	0	0	47
2210	0.94	3	0	0	0	47
2211	0.94	3	0	0	0	47
2212	0.94	3	0	0	0	47
2213	0.94	3	0	0	0	47
2214	0.94	3	0	0	0	47
2215	0.94	3	0	0	0	47
2216	0.94	3	0	0	0	47
2217	0.94	3	0	0	0	47
2218	0.94	3	0	0	0	47
2219	0.94	3	0	0	0	47
2220	0.94	3	0	0	0	47
2221	0.94	3	0	0	0	47
2222	0.96	2	0	0	0	48
2223	0.96	2	0	0	0	48
2224	0.96	2	0	0	0	48
2225	0.96	2	0	0	0	48
2226	0.96	2	0	0	0	48
2227	0.98	1	0	0	0	49
2228	0.98	1	0	0	0	49
2229	0.98	1	0	0	0	49
2230	0.98	1	0	0	0	49
2231	0.98	1	0	0	0	49
2232	0.98	1	0	0	0	49
2233	0.98	1	0	0	0	49
2234	0.98	1	0	0	0	49
2235	0.98	1	0	0	0	49
2236	0.98	1	0	0	0	49
2237	0.98	1	0	0	0	49
2238	0.98	1	0	0	0	49
2239	0.96	1	1	0	0	48
2240	0.96	1	1	0	0	48
2241	0.96	1	1	0	0	48
2242	0.94	1	1	1	0	47
2243	0.94	1	1	1	0	47
2244	0.94	1	1	1	0	47
2245	0.94	1	1	1	0	47
2246	0.94	1	1	1	0	47
2247	0.94	1	1	1	0	47
2248	0.94	1	1	1	0	47
2249	0.96	0	1	1	0	48
2250	0.96	0	1	1	0	48
2251	0.96	0	1	1	0	48
2252	0.96	0	1	1	0	48
2253	0.96	0	1	1	0	48
2254	0.96	0	1	1	0	48
2255	0.96	0	1	1	0	48
2256	0.96	0	1	1	0	48
2257	0.96	0	1	1	0	48
2258	0.96	0	1	1	0	48
2259	0.96	0	1	1	0	48
2260	0.96	0	1	1	0	48
2261	0.96	0	1	1	0	48
2262	0.96	0	1	1	0	48
2263	0.96	0	1	1	0	48
2264	0.96	0	1	1	0	48
2265	0.94	0	1	2	0	47
2266	0.94	0	1	2	0	47
2267	0.92	0	1	3	0	46
2268	0.92	0	1	3	0	46
2269	0.90	1	1	3	0	45
2270	0.90	1	1	3	0	45
2271	0.90	1	1	3	0	45
2272	0.90	1	1	3	0	45
2273	0.90	1	1	3	0	45
2274	0.90	1	1	3	0	45
2275	0.90	1	1	3	0	45
2276	0.90	1	1	3	0	45
2277	0.90	1	1	3	0	45
2278	0.90	1	1	3	0	45
2279	0.90	1	1	3	0	45
2280	0.90	1	1	3	0	45
2281	0.90	1	1	3	0	45
2282	0.90	1	1	3	0	45
2283	0.90	1	1	3	0	45
2284	0.90	1	1	3	0	45
2285	0.90	1	1	3	0	45
2286	0.90	1	1	3	0	45
2287	0.88	2	1	3	0	44
2288	0.88	2	1	3	0	44
2289	0.90	2	0	3	0	45
2290	0.90	2	0	3	0	45
2291	0.90	2	0	3	0	45
2292	0.92	2	0	2	0	46
2293	0.92	2	0	2	0	46
2294	0.92	2	0	2	0	46
2295	0.92	2	0	2	0	46
2296	0.92	2	0	2	0	46
2297	0.90	2	1	2	0	45
2298	0.90	2	1	2	0	45
2299	0.90	2	1	2	0	45
2300	0.90	2	1	2	0	45
2301	0.90	2	1	2	0	45
2302	0.90	2	1	2	0	45
2303	0.90	2	1	2	0	45
2304	0.90	2	1	2	0	45
2305	0.90	2	1	2	0	45
2306	0.90	2	1	2	0	45
2307	0.90	2	1	2	0	45
2308	0.88	2	1	2	1	44
2309	0.88	2	1	2	1	44
2310	0.88	2	1	2	1	44
2311	0.88	2	1	2	1	44
2312	0.88	2	1	2	1	44
2313	0.88	2	1	2	1	44
2314	0.88	2	1	2	1	44
2315	0.88	3	1	1	1	44
2316	0.88	3	1	1	1	44
2317	0.90	3	1	0	1	45
2318	0.90	3	1	0	1	45
2319	0.92	2	1	0	1	46
2320	0.92	2	1	0	1	46
2321	0.92	2	1	0	1	46
2322	0.92	2	1	0	1	46
2323	0.92	2	1	0	1	46
2324	0.92	2	1	0	1	46
2325	0.92	2	1	0	1	46
2326	0.92	2	1	0	1	46
2327	0.92	2	1	0	1	46
2328	0.90	2	1	1	1	45
2329	0.90	2	1	1	1	45
2330	0.90	2	1	1	1	45
2331	0.90	2	1	1	1	45
2332	0.90	2	1	1	1	45
2333	0.90	2	1	1	1	45
2334	0.88	2	1	1	2	44
2335	0.88	2	1	1	2	44
2336	0.88	2	1	1	2	44
2337	0.90	1	1	1	2	45
2338	0.90	1	1	1	2	45
2339	0.88	1	1	2	2	44
2340	0.88	1	1	2	2	44
2341	0.88	1	1	2	2	44
2342	0.88	1	1	2	2	44
2343	0.88	1	1	2	2	44
2344	0.88	1	1	2	2	44
2345	0.88	1	1	2	2	44
2346	0.88	1	1	2	2	44
2347	0.90	1	0	2	2	45
2348	0.90	1	0	2	2	45
2349	0.90	1	0	2	2	45
2350	0.90	1	0	2	2	45
2351	0.90	1	0	2	2	45
2352	0.90	1	0	2	2	45
2353	0.90	1	0	2	2	45
2354	0.90	1	0	2	2	45
2355	0.90	1	0	2	2	45
2356	0.90	1	0	2	2	45
2357	0.90	1	0	2	2	45
2358	0.92	1	0	2	1	46
2359	0.92	1	0	2	1	46
2360	0.92	1	0	2	1	46
2361	0.92	1	0	2	1	46
2362	0.92	1	0	2	1	46
2363	0.92	1	0	2	1	46
2364	0.92	1	0	2	1	46
2365	0.94	0	0	2	1	47
2366	0.94	0	0	2	1	47
2367	0.94	0	0	2	1	47
2368	0.94	0	0	2	1	47
2369	0.94	0	0	2	1	47
2370	0.94	0	0	2	1	47
2371	0.92	0	1	2	1	46
2372	0.92	0	1	2	1	46
2373	0.90	0	1	2	2	45
2374	0.90	0	1	2	2	45
2375	0.90	0	1	2	2	45
2376	0.90	0	1	2	2	45
2377	0.90	0	1	2	2	45
2378	0.92	0	1	1	2	46
2379	0.92	0	1	1	2	46
2380	0.92	0	1	1	2	46
2381	0.92	0	1	1	2	46
2382	0.92	0	1	1	2	46
2383	0.92	0	1	1	2	46
2384	0.94	0	1	1	1	47
2385	0.94	0	1	1	1	47
2386	0.94	0	1	1	1	47
2387	0.94	0	1	1	1	47
2388	0.94	0	1	1	1	47
2389	0.94	0	2	0	1	47
2390	0.94	0	2	0	1	47
2391	0.94	0	2	0	1	47
2392	0.94	0	2	0	1	47
2393	0.94	0	2	0	1	47
2394	0.94	0	2	0	1	47
2395	0.94	0	2	0	1	47
2396	0.94	0	2	0	1	47
2397	0.94	0	2	0	1	47
2398	0.94	0	2	0	1	47
2399	0.94	0	2	0	1	47
2400	0.94	0	2	0	1	47
2401	0.94	0	2	0	1	47
2402	0.94	0	2	0	1	47
2403	0.94	0	2	0	1	47
2404	0.94	0	2	0	1	47
2405	0.94	0	2	0	1	47
2406	0.92	0	3	0	1	46
2407	0.92	0	3	0	1	46
2408	0.92	0	3	0	1	46
2409	0.92	0	3	0	1	46
2410	0.92	0	3	0	1	46
2411	0.92	0	3	0	1	46
2412	0.92	0	3	0	1	46
2413	0.92	0	3	0	1	46
2414	0.92	0	3	0	1	46
2415	0.90	0	3	1	1	45
2416	0.90	0	3	1	1	45
2417	0.88	0	4	1	1	44
2418	0.88	0	4	1	1	44
2419	0.88	0	4	1	1	44
2420	0.88	0	4	1	1	44
2421	0.90	0	3	1	1	45
2422	0.90	0	3	1	1	45
2423	0.92	0	3	1	0	46
2424	0.92	0	3	1	0	46
2425	0.92	0	3	1	0	46
2426	0.92	0	3	1	0	46
2427	0.92	0	3	1	0	46
2428	0.92	0	3	1	0	46
2429	0.92	0	3	1	0	46
2430	0.92	0	3	1	0	46
2431	0.92	0	3	1	0	46
2432	0.92	0	3	1	0	46
2433	0.92	0	3	1	0	46
2434	0.92	0	3	1	0	46
2435	0.92	0	3	1	0	46
2436	0.92	0	3	1	0	46
2437	0.92	0	3	1	0	46
2438	0.92	0	3	1	0	46
2439	0.94	0	2	1	0	47
2440	0.94	0	2	1	0	47
2441	0.94	0	2	1	0	47
2442	0.94	0	2	1	0	47
2443	0.94	0	2	1	0	47
2444	0.94	0	2	1	0	47
2445	0.94	0	2	1	0	47
2446	0.94	0	2	1	0	47
2447	0.94	0	2	1	0	47
2448	0.94	0	2	1	0	47
2449	0.94	0	2	1	0	47
2450	0.94	0	2	1	0	47
2451	0.92	1	2	1	0	46
2452	0.92	1	2	1	0	46
2453	0.92	1	2	1	0	46
2454	0.92	1	2	1	0	46
2455	0.90	1	2	1	1	45
2456	0.92	1	1	1	1	46
2457	0.92	1	1	1	1	46
2458	0.92	1	1	1	1	46
2459	0.92	1	1	1	1	46
2460	0.92	1	1	1	1	46
2461	0.92	1	1	1	1	46
2462	0.92	1	1	1	1	46
2463	0.92	1	1	1	1	46
2464	0.92	1	1	1	1	46
2465	0.92	2	1	0	1	46
2466	0.92	2	1	0	1	46
2467	0.94	2	0	0	1	47
2468	0.94	2	0	0	1	47
2469	0.94	2	0	0	1	47
2470	0.94	2	0	0	1	47
2471	0.94	2	0	0	1	47
2472	0.94	2	0	0	1	47
2473	0.94	2	0	0	1	47
2474	0.94	2	0	0	1	47
2475	0.92	3	0	0	1	46
2476	0.92	3	0	0	1	46
2477	0.92	3	0	0	1	46
2478	0.92	3	0	0	1	46
2479	0.90	3	0	1	1	45
2480	0.90	3	0	1	1	45
2481	0.90	3	0	1	1	45
2482	0.90	3	0	1	1	45
2483	0.90	3	0	1	1	45
2484	0.90	3	0	1	1	45
2485	0.90	3	0	1	1	45
2486	0.90	3	0	1	1	45
2487	0.90	3	0	1	1	45
2488	0.90	3	0	1	1	45
2489	0.90	3	0	1	1	45
2490	0.90	3	0	1	1	45
2491	0.90	3	0	1	1	45
2492	0.90	3	0	1	1	45
2493	0.90	3	0	1	1	45
2494	0.90	3	0	1	1	45
2495	0.90	3	0	1	1	45
2496	0.90	3	0	1	1	45
2497	0.90	3	0	1	1	45
2498	0.90	3	0	1	1	45
2499	0.90	3	0	1	1	45
2500	0.08	4	0	1	1	44
2501	0.08	4	0	1	1	44
2502	0.10	5	0	1	1	43
2503	0.10	5	0	1	1	43
2504	0.12	6	0	1	1	42
2505	0.14	7	0	1	0	42
2506	0.14	7	0	1	0	42
2507	0.16	8	0	1	0	41
2508	0.18	9	0	1	0	40
2509	0.18	9	0	1	0	40
2510	0.18	9	0	1	0	40
2511	0.18	9	0	1	0	40
2512	0.18	9	0	1	0	40
2513	0.18	9	0	1	0	40
2514	0.18	9	0	1	0	40
2515	0.18	9	0	1	0	40
2516	0.20	10	0	1	0	39
2517	0.20	10	0	1	0	39
2518	0.22	11	0	1	0	38
2519	0.22	11	0	1	0	38
2520	0.22	11	0	1	0	38
2521	0.24	12	0	1	0	37
2522	0.26	13	0	1	0	36
2523	0.28	14	0	1	0	35
2524	0.30	15	0	1	0	34
2525	0.28	14	0	1	0	35
2526	0.30	15	0	1	0	34
2527	0.32	16	0	1	0	33
2528	0.34	17	0	1	0	32
2529	0.36	18	0	0	0	32
2530	0.36	18	0	0	0	32
2531	0.36	18	0	0	1	31
2532	0.36	18	1	0	1	30
2533	0.38	19	1	0	1	29
2534	0.40	20	1	0	1	28
2535	0.40	20	1	0	1	28
2536	0.42	21	1	0	1	27
2537	0.44	22	1	0	1	26
2538	0.46	23	1	0	1	25
2539	0.48	24	1	0	1	24
2540	0.48	24	1	0	1	24
2541	0.50	25	1	0	1	23
2542	0.52	26	1	0	1	22
2543	0.54	27	1	0	1	21
2544	0.56	28	1	0	1	20
2545	0.58	29	1	0	1	19
2546	0.60	30	1	0	1	18
2547	0.62	31	1	0	1	17
2548	0.62	31	1	1	1	16
2549	0.64	32	1	1	1	15
2550	0.64	32	1	1	1	15
2551	0.64	32	1	1	1	15
2552	0.62	31	1	2	1	15
2553	0.64	32	1	2	1	14
2554	0.64	32	1	2	1	14
2555	0.64	32	1	2	1	14
2556	0.66	33	1	2	1	13
2557	0.66	33	1	2	1	13
2558	0.66	33	1	2	1	13
2559	0.68	34	1	2	1	12
2560	0.70	35	1	2	1	11
2561	0.72	36	1	2	1	10
2562	0.74	37	1	2	1	9
2563	0.76	38	1	2	1	8
2564	0.78	39	1	2	1	7
2565	0.78	39	1	2	1	7
2566	0.78	39	1	2	1	7
2567	0.78	39	1	3	1	6
2568	0.78	39	1	3	1	6
2569	0.80	40	1	3	1	5
2570	0.82	41	1	3	1	4
2571	0.80	40	1	4	1	4
2572	0.80	40	1	4	1	4
2573	0.80	40	1	4	1	4
2574	0.80	40	1	4	1	4
2575	0.82	41	1	4	1	3
2576	0.82	41	1	4	1	3
2577	0.82	41	1	4	1	3
2578	0.82	41	1	4	1	3
2579	0.82	41	1	4	1	3
2580	0.82	41	1	4	1	3
2581	0.84	42	1	4	0	3
2582	0.86	43	0	4	0	3
2583	0.86	43	0	4	0	3
2584	0.86	43	0	4	0	3
2585	0.88	44	0	4	0	2
2586	0.86	43	0	5	0	2
2587	0.86	43	0	5	0	2
2588	0.86	43	0	5	0	2
2589	0.86	43	0	5	0	2
2590	0.88	44	0	5	0	1
2591	0.88	44	0	5	0	1
2592	0.88	44	0	5	0	1
2593	0.88	44	0	5	0	1
2594	0.88	44	0	5	0	1
2595	0.88	44	0	5	0	1
2596	0.88	44	0	5	0	1
2597	0.88	44	0	5	0	1
2598	0.90	45	0	4	0	1
2599	0.90	45	0	4	0	1
2600	0.90	45	0	4	0	1
2601	0.90	45	0	4	0	1
2602	0.92	46	0	3	0	1
2603	0.92	46	0	3	0	1
2604	0.92	46	0	3	0	1
2605	0.92	46	0	3	0	1
2606	0.92	46	0	3	0	1
2607	0.92	46	0	3	0	1
2608	0.92	46	0	3	0	1
2609	0.92	46	0	3	0	1
2610	0.92	46	0	3	0	1
2611	0.92	46	0	3	0	1
2612	0.92	46	0	3	0	1
2613	0.92	46	0	3	0	1
2614	0.90	45	0	4	0	1
2615	0.90	45	0	4	0	1
2616	0.90	45	0	4	0	1
2617	0.92	46	0	3	0	1
2618	0.92	46	0	3	0	1
2619	0.92	46	0	3	0	1
2620	0.92	46	0	3	0	1
2621	0.94	47	0	2	0	1
2622	0.94	47	0	2	0	1
2623	0.94	47	0	2	0	1
2624	0.94	47	0	2	0	1
2625	0.94	47	0	2	0	1
2626	0.94	47	0	2	0	1
2627	0.94	47	0	2	0	1
2628	0.94	47	0	2	0	1
2629	0.94	47	0	2	0	1
2630	0.96	48	0	2	0	0
2631	0.96	48	0	2	0	0
2632	0.96	48	0	2	0	0
2633	0.96	48	0	2	0	0
2634	0.96	48	0	2	0	0
2635	0.96	48	0	2	0	0
2636	0.98	49	0	1	0	0
2637	0.98	49	0	1	0	0
2638	0.98	49	0	1	0	0
2639	0.98	49	0	1	0	0
2640	0.98	49	0	1	0	0
2641	0.98	49	0	1	0	0
2642	0.98	49	0	1	0	0
2643	0.96	48	1	1	0	0
2644	0.96	48	1	1	0	0
2645	0.96	48	1	1	0	0
2646	0.96	48	1	1	0	0
2647	0.96	48	1	1	0	0
2648	0.96	48	1	1	0	0
2649	0.96	48	1	1	0	0
2650	0.96	48	1	1	0	0
2651	0.96	48	1	1	0	0
2652	0.94	47	1	1	0	1
2653	0.94	47	1	1	0	1
2654	0.92	46	1	1	0	2
2655	0.92	46	1	1	0	2
2656	0.90	45	1	1	0	3
2657	0.90	45	1	1	0	3
2658	0.90	45	1	1	0	3
2659	0.90	45	1	1	0	3
2660	0.90	45	1	1	0	3
2661	0.90	45	1	1	0	3
2662	0.90	45	1	1	0	3
2663	0.90	45	1	1	0	3
2664	0.92	46	1	0	0	3
2665	0.92	46	1	0	0	3
2666	0.92	46	1	0	0	3
2667	0.92	46	1	0	0	3
2668	0.92	46	1	0	0	3
2669	0.92	46	1	0	0	3
2670	0.92	46	1	0	0	3
2671	0.90	45	1	1	0	3
2672	0.90	45	1	1	0	3
2673	0.90	45	1	1	0	3
2674	0.90	45	1	1	0	3
2675	0.90	45	1	1	0	3
2676	0.90	45	1	1	0	3
2677	0.90	45	1	1	0	3
2678	0.90	45	1	1	0	3
2679	0.90	45	1	1	0	3
2680	0.90	45	1	1	0	3
2681	0.90	45	1	1	0	3
2682	0.90	45	1	1	0	3
2683	0.90	45	1	1	0	3
2684	0.90	45	1	1	0	3
2685	0.90	45	1	1	0	3
2686	0.90	45	1	1	0	3
2687	0.90	45	1	1	0	3
2688	0.90	45	1	1	0	3
2689	0.88	44	1	2	0	3
2690	0.88	44	1	2	0	3
2691	0.88	44	1	2	0	3
2692	0.88	44	1	2	0	3
2693	0.90	45	0	2	0	3
2694	0.90	45	0	2	0	3
2695	0.90	45	0	2	0	3
2696	0.90	45	0	2	0	3
2697	0.90	45	0	2	0	3
2698	0.90	45	0	2	0	3
2699	0.90	45	0	2	0	3
2700	0.90	45	0	2	0	3
2701	0.90	45	0	2	0	3
2702	0.92	46	0	2	0	2
2703	0.92	46	0	2	0	2
2704	0.94	47	0	2	0	1
2705	0.94	47	0	2	0	1
2706	0.96	48	0	2	0	0
2707	0.96	48	0	2	0	0
2708	0.96	48	0	2	0	0
2709	0.96	48	0	2	0	0
2710	0.96	48	0	2	0	0
2711	0.96	48	0	2	0	0
2712	0.94	47	1	2	0	0
2713	0.94	47	1	2	0	0
2714	0.94	47	1	2	0	0
2715	0.94	47	1	2	0	0
2716	0.94	47	1	2	0	0
2717	0.94	47	1	2	0	0
2718	0.94	47	1	2	0	0
2719	0.94	47	1	2	0	0
2720	0.92	46	1	2	0	1
2721	0.94	47	1	1	0	1
2722	0.94	47	1	1	0	1
2723	0.94	47	1	1	0	1
2724	0.94	47	1	1	0	1
2725	0.94	47	1	1	0	1
2726	0.94	47	1	1	0	1
2727	0.94	47	1	1	0	1
2728	0.94	47	1	1	0	1
2729	0.94	47	1	1	0	1
2730	0.94	47	1	1	0	1
2731	0.94	47	1	1	0	1
2732	0.94	47	1	1	0	1
2733	0.94	47	1	1	0	1
2734	0.94	47	1	1	0	1
2735	0.94	47	1	1	0	1
2736	0.94	47	1	1	0	1
2737	0.94	47	1	1	0	1
2738	0.94	47	1	1	0	1
2739	0.96	48	1	0	0	1
2740	0.96	48	1	0	0	1
2741	0.96	48	1	0	0	1
2742	0.96	48	1	0	0	1
2743	0.96	48	1	0	0	1
2744	0.96	48	1	0	0	1
2745	0.96	48	1	0	0	1
2746	0.96	48	1	0	0	1
2747	0.96	48	1	0	0	1
2748	0.96	48	1	0	0	1
2749	0.96	48	1	0	0	1
2750	0.96	48	1	0	0	1
2751	0.96	48	1	0	0	1
2752	0.96	48	1	0	0	1
2753	0.96	48	1	0	0	1
2754	0.96	48	1	0	0	1
2755	0.96	48	1	0	0	1
2756	0.96	48	1	0	0	1
2757	0.96	48	1	0	0	1
2758	0.96	48	1	0	0	1
2759	0.96	48	1	0	0	1
2760	0.96	48	1	0	0	1
2761	0.96	48	1	0	0	1
2762	0.98	49	0	0	0	1
2763	0.98	49	0	0	0	1
2764	0.98	49	0	0	0	1
2765	0.98	49	0	0	0	1
2766	0.98	49	0	0	0	1
2767	0.98	49	0	0	0	1
2768	0.98	49	0	0	0	1
2769	0.98	49	0	0	0	1
2770	0.98	49	0	0	0	1
2771	0.98	49	0	0	0	1
2772	0.98	49	0	0	0	1
2773	0.98	49	0	0	0	1
2774	0.98	49	0	0	0	1
2775	0.98	49	0	0	0	1
2776	0.98	49	0	0	0	1
2777	0.98	49	0	0	0	1
2778	0.96	48	0	0	0	2
2779	0.96	48	0	0	0	2
2780	0.96	48	0	0	0	2
2781	0.96	48	0	0	0	2
2782	0.94	47	1	0	0	2
2783	0.94	47	1	0	0	2
2784	0.94	47	1	0	0	2
2785	0.94	47	1	0	0	2
2786	0.94	47	1	0	0	2
2787	0.94	47	1	0	0	2
2788	0.94	47	1	0	0	2
2789	0.94	47	1	0	0	2
2790	0.94	47	1	0	0	2
2791	0.94	47	1	0	0	2
2792	0.92	46	1	0	1	2
2793	0.92	46	1	0	1	2
2794	0.92	46	1	0	1	2
2795	0.92	46	1	0	1	2
2796	0.92	46	1	0	1	2
2797	0.92	46	1	0	1	2
2798	0.92	46	1	0	1	2
2799	0.92	46	1	0	1	2
2800	0.92	46	1	0	1	2
2801	0.92	46	1	0	1	2
2802	0.92	46	1	0	1	2
2803	0.92	46	1	0	1	2
2804	0.92	46	1	0	1	2
2805	0.92	46	1	0	1	2
2806	0.92	46	1	0	1	2
2807	0.92	46	1	0	1	2
2808	0.92	46	1	0	1	2
2809	0.92	46	1	0	1	2
2810	0.92	46	1	0	1	2
2811	0.92	46	1	0	1	2
2812	0.92	46	1	0	1	2
2813	0.92	46	1	0	1	2
2814	0.92	46	1	0	1	2
2815	0.92	46	1	0	1	2
2816	0.92	46	1	0	1	2
2817	0.92	46	1	0	1	2
2818	0.92	46	1	0	1	2
2819	0.92	46	1	0	1	2
2820	0.94	47	1	0	1	1
2821	0.94	47	1	0	1	1
2822	0.94	47	1	0	1	1
2823	0.94	47	1	0	1	1
2824	0.92	46	1	1	1	1
2825	0.92	46	1	1	1	1
2826	0.92	46	1	1	1	1
2827	0.92	46	1	1	1	1
2828	0.94	47	1	1	1	0
2829	0.92	46	1	2	1	0
2830	0.90	45	1	3	1	0
2831	0.90	45	1	3	1	0
2832	0.92	46	0	3	1	0
2833	0.92	46	0	3	1	0
2834	0.92	46	0	3	1	0
2835	0.92	46	0	3	1	0
2836	0.92	46	0	3	1	0
2837	0.92	46	0	3	1	0
2838	0.92	46	0	3	1	0
2839	0.92	46	0	3	1	0
2840	0.92	46	0	3	1	0
2841	0.92	46	0	3	1	0
2842	0.94	47	0	3	0	0
2843	0.94	47	0	3	0	0
2844	0.94	47	0	3	0	0
2845	0.94	47	0	3	0	0
2846	0.94	47	0	3	0	0
2847	0.92	46	0	4	0	0
2848	0.90	45	0	4	1	0
2849	0.90	45	0	4	1	0
2850	0.90	45	0	4	1	0
2851	0.90	45	0	4	1	0
2852	0.90	45	0	4	1	0
2853	0.90	45	0	4	1	0
2854	0.90	45	0	4	1	0
2855	0.90	45	0	4	1	0
2856	0.90	45	0	4	1	0
2857	0.90	45	0	4	1	0
2858	0.90	45	0	4	1	0
2859	0.90	45	0	4	1	0
2860	0.90	45	0	4	1	0
2861	0.90	45	0	4	1	0
2862	0.90	45	0	4	1	0
2863	0.90	45	0	4	1	0
2864	0.90	45	0	4	1	0
2865	0.90	45	0	4	1	0
2866	0.90	45	0	4	1	0
2867	0.90	45	0	4	1	0
2868	0.90	45	0	4	1	0
2869	0.90	45	0	4	1	0
2870	0.90	45	0	4	1	0
2871	0.90	45	0	4	1	0
2872	0.90	45	0	4	1	0
2873	0.90	45	0	4	1	0
2874	0.92	46	0	3	1	0
2875	0.92	46	0	3	1	0
2876	0.92	46	0	3	1	0
2877	0.92	46	0	3	1	0
2878	0.92	46	0	3	1	0
2879	0.92	46	0	2	2	0
2880	0.94	47	0	1	2	0
2881	0.94	47	0	1	2	0
2882	0.94	47	0	1	2	0
2883	0.94	47	0	1	2	0
2884	0.94	47	0	1	2	0
2885	0.94	47	0	1	2	0
2886	0.94	47	0	1	2	0
2887	0.94	47	0	1	2	0
2888	0.94	47	0	1	2	0
2889	0.92	46	1	1	2	0
2890	0.92	46	1	1	2	0
2891	0.92	46	1	1	2	0
2892	0.92	46	1	1	2	0
2893	0.92	46	1	1	2	0
2894	0.92	46	1	1	2	0
2895	0.92	46	1	1	2	0
2896	0.92	46	1	1	2	0
2897	0.94	47	1	0	2	0
2898	0.96	48	1	0	1	0
2899	0.96	48	1	0	1	0
2900	0.96	48	1	0	1	0
2901	0.96	48	1	0	1	0
2902	0.96	48	1	0	1	0
2903	0.96	48	1	0	1	0
2904	0.96	48	1	0	1	0
2905	0.96	48	1	0	1	0
2906	0.96	48	1	0	1	0
2907	0.94	47	2	0	1	0
2908	0.94	47	2	0	1	0
2909	0.94	47	2	0	1	0
2910	0.94	47	2	0	1	0
2911	0.94	47	2	0	1	0
2912	0.94	47	2	0	1	0
2913	0.94	47	2	0	1	0
2914	0.94	47	2	0	1	0
2915	0.94	47	2	0	1	0
2916	0.94	47	2	0	1	0
2917	0.94	47	2	0	1	0
2918	0.94	47	2	0	1	0
2919	0.94	47	2	0	1	0
2920	0.94	47	2	0	1	0
2921	0.94	47	2	0	1	0
2922	0.94	47	2	0	1	0
2923	0.94	47	2	0	1	0
2924	0.94	47	2	0	1	0
2925	0.92	46	2	0	2	0
2926	0.92	46	2	0	2	0
2927	0.92	46	2	0	2	0
2928	0.92	46	2	0	2	0
2929	0.92	46	2	0	2	0
2930	0.90	45	3	0	2	0
2931	0.90	45	3	0	2	0
2932	0.88	44	3	1	2	0
2933	0.86	43	3	2	2	0
2934	0.86	43	3	2	2	0
2935	0.86	43	3	2	2	0
2936	0.86	43	3	2	2	0
2937	0.86	43	3	2	2	0
2938	0.86	43	3	2	2	0
2939	0.88	44	2	2	2	0
2940	0.88	44	2	2	2	0
2941	0.88	44	2	2	2	0
2942	0.88	44	2	2	2	0
2943	0.88	44	2	2	2	0
2944	0.88	44	2	2	2	0
2945	0.88	44	2	2	2	0
2946	0.88	44	2	2	2	0
2947	0.88	44	2	2	2	0
2948	0.86	43	2	3	2	0
2949	0.86	43	2	3	2	0
2950	0.86	43	2	3	2	0
2951	0.86	43	2	3	2	0
2952	0.86	43	2	3	2	0
2953	0.86	43	2	3	2	0
2954	0.86	43	2	3	2	0
2955	0.86	43	2	3	2	0
2956	0.86	43	2	3	2	0
2957	0.88	44	1	3	2	0
2958	0.88	44	1	3	2	0
2959	0.88	44	1	3	2	0
2960	0.88	44	1	3	2	0
2961	0.88	44	1	3	2	0
2962	0.88	44	1	3	2	0
2963	0.88	44	1	3	2	0
2964	0.88	44	1	3	2	0
2965	0.88	44	1	3	2	0
2966	0.88	44	1	3	2	0
2967	0.88	44	1	3	2	0
2968	0.88	44	1	3	2	0
2969	0.88	44	1	3	2	0
2970	0.88	44	1	3	2	0
2971	0.88	44	1	3	2	0
2972	0.88	44	1	3	2	0
2973	0.88	44	1	3	2	0
2974	0.88	44	1	3	2	0
2975	0.90	45	1	3	1	0
2976	0.90	45	1	3	1	0
2977	0.90	45	1	3	1	0
2978	0.90	45	1	3	1	0
2979	0.92	46	1	3	0	0
2980	0.94	47	0	3	0	0
2981	0.94	47	0	3	0	0
2982	0.96	48	0	2	0	0
2983	0.98	49	0	1	0	0
2984	0.98	49	0	1	0	0
2985	0.98	49	0	1	0	0
2986	0.98	49	0	1	0	0
2987	0.98	49	0	1	0	0
2988	0.98	49	0	1	0	0
2989	0.98	49	0	1	0	0
2990	0.98	49	0	1	0	0
2991	0.98	49	0	1	0	0
2992	0.98	49	0	1	0	0
2993	0.98	49	0	1	0	0
2994	0.98	49	0	1	0	0
2995	0.96	48	0	2	0	0
2996	0.94	47	0	3	0	0
2997	0.94	47	0	3	0	0
2998	0.96	48	0	2	0	0
2999	0.96	48	0	2	0	0
