timestep	swarm_quality	color_0	color_1
0	0.70	35	15
1	0.70	35	15
2	0.68	34	16
3	0.66	33	17
4	0.64	32	18
5	0.64	32	18
6	0.62	31	19
7	0.62	31	19
8	0.62	31	19
9	0.62	31	19
10	0.62	31	19
11	0.62	31	19
12	0.62	31	19
13	0.62	31	19
14	0.60	30	20
15	0.60	30	20
16	0.58	29	21
17	0.56	28	22
18	0.56	28	22
19	0.56	28	22
20	0.56	28	22
21	0.56	28	22
22	0.56	28	22
23	0.54	27	23
24	0.52	26	24
25	0.52	26	24
26	0.50	25	25
27	0.50	25	25
28	0.48	24	26
29	0.48	24	26
30	0.46	23	27
31	0.46	23	27
32	0.44	22	28
33	0.44	22	28
34	0.44	22	28
35	0.44	22	28
36	0.44	22	28
37	0.44	22	28
38	0.46	23	27
39	0.48	24	26
40	0.48	24	26
41	0.48	24	26
42	0.50	25	25
43	0.52	26	24
44	0.54	27	23
45	0.54	27	23
46	0.54	27	23
47	0.56	28	22
48	0.58	29	21
49	0.60	30	20
50	0.58	29	21
51	0.56	28	22
52	0.56	28	22
53	0.58	29	21
54	0.60	30	20
55	0.60	30	20
56	0.60	30	20
57	0.60	30	20
58	0.60	30	20
59	0.60	30	20
60	0.58	29	21
61	0.58	29	21
62	0.58	29	21
63	0.58	29	21
64	0.60	30	20
65	0.60	30	20
66	0.62	31	19
67	0.64	32	18
68	0.64	32	18
69	0.64	32	18
70	0.64	32	18
71	0.64	32	18
72	0.64	32	18
73	0.66	33	17
74	0.66	33	17
75	0.66	33	17
76	0.68	34	16
77	0.66	33	17
78	0.68	34	16
79	0.68	34	16
80	0.70	35	15
81	0.70	35	15
82	0.72	36	14
83	0.70	35	15
84	0.70	35	15
85	0.72	36	14
86	0.74	37	13
87	0.76	38	12
88	0.76	38	12
89	0.76	38	12
90	0.78	39	11
91	0.80	40	10
92	0.80	40	10
93	0.80	40	10
94	0.80	40	10
95	0.82	41	9
96	0.84	42	8
97	0.84	42	8
98	0.84	42	8
99	0.84	42	8
100	0.86	43	7
101	0.88	44	6
102	0.90	45	5
103	0.90	45	5
104	0.90	45	5
105	0.90	45	5
106	0.92	46	4
107	0.92	46	4
108	0.92	46	4
109	0.92	46	4
110	0.94	47	3
111	0.92	46	4
112	0.92	46	4
113	0.90	45	5
114	0.90	45	5
115	0.88	44	6
116	0.88	44	6
117	0.88	44	6
118	0.88	44	6
119	0.88	44	6
120	0.88	44	6
121	0.88	44	6
122	0.88	44	6
123	0.88	44	6
124	0.90	45	5
125	0.90	45	5
126	0.90	45	5
127	0.92	46	4
128	0.92	46	4
129	0.92	46	4
130	0.92	46	4
131	0.92	46	4
132	0.90	45	5
133	0.92	46	4
134	0.92	46	4
135	0.92	46	4
136	0.92	46	4
137	0.92	46	4
138	0.92	46	4
139	0.92	46	4
140	0.90	45	5
141	0.90	45	5
142	0.90	45	5
143	0.90	45	5
144	0.90	45	5
145	0.90	45	5
146	0.90	45	5
147	0.88	44	6
148	0.88	44	6
149	0.88	44	6
150	0.86	43	7
151	0.86	43	7
152	0.86	43	7
153	0.84	42	8
154	0.84	42	8
155	0.84	42	8
156	0.84	42	8
157	0.84	42	8
158	0.84	42	8
159	0.84	42	8
160	0.84	42	8
161	0.86	43	7
162	0.86	43	7
163	0.88	44	6
164	0.88	44	6
165	0.90	45	5
166	0.90	45	5
167	0.90	45	5
168	0.90	45	5
169	0.90	45	5
170	0.90	45	5
171	0.90	45	5
172	0.90	45	5
173	0.88	44	6
174	0.88	44	6
175	0.88	44	6
176	0.88	44	6
177	0.88	44	6
178	0.86	43	7
179	0.86	43	7
180	0.86	43	7
181	0.86	43	7
182	0.86	43	7
183	0.86	43	7
184	0.86	43	7
185	0.84	42	8
186	0.84	42	8
187	0.84	42	8
188	0.84	42	8
189	0.84	42	8
190	0.86	43	7
191	0.86	43	7
192	0.86	43	7
193	0.86	43	7
194	0.86	43	7
195	0.86	43	7
196	0.86	43	7
197	0.88	44	6
198	0.88	44	6
199	0.88	44	6
200	0.90	45	5
201	0.90	45	5
202	0.90	45	5
203	0.92	46	4
204	0.92	46	4
205	0.92	46	4
206	0.92	46	4
207	0.92	46	4
208	0.92	46	4
209	0.92	46	4
210	0.92	46	4
211	0.92	46	4
212	0.92	46	4
213	0.92	46	4
214	0.92	46	4
215	0.92	46	4
216	0.92	46	4
217	0.90	45	5
218	0.90	45	5
219	0.90	45	5
220	0.90	45	5
221	0.90	45	5
222	0.90	45	5
223	0.92	46	4
224	0.92	46	4
225	0.92	46	4
226	0.92	46	4
227	0.90	45	5
228	0.92	46	4
229	0.92	46	4
230	0.92	46	4
231	0.92	46	4
232	0.94	47	3
233	0.94	47	3
234	0.94	47	3
235	0.96	48	2
236	0.96	48	2
237	0.96	48	2
238	0.94	47	3
239	0.94	47	3
240	0.94	47	3
241	0.94	47	3
242	0.94	47	3
243	0.94	47	3
244	0.94	47	3
245	0.94	47	3
246	0.94	47	3
247	0.94	47	3
248	0.94	47	3
249	0.94	47	3
250	0.94	47	3
251	0.94	47	3
252	0.94	47	3
253	0.94	47	3
254	0.94	47	3
255	0.94	47	3
256	0.94	47	3
257	0.94	47	3
258	0.94	47	3
259	0.94	47	3
260	0.94	47	3
261	0.94	47	3
262	0.94	47	3
263	0.94	47	3
264	0.94	47	3
265	0.94	47	3
266	0.94	47	3
267	0.96	48	2
268	0.96	48	2
269	0.96	48	2
270	0.96	48	2
271	0.96	48	2
272	0.96	48	2
273	0.96	48	2
274	0.96	48	2
275	0.96	48	2
276	0.96	48	2
277	0.98	49	1
278	0.98	49	1
279	0.98	49	1
280	0.98	49	1
281	0.98	49	1
282	0.98	49	1
283	0.96	48	2
284	0.96	48	2
285	0.94	47	3
286	0.94	47	3
287	0.94	47	3
288	0.96	48	2
289	0.96	48	2
290	0.94	47	3
291	0.94	47	3
292	0.94	47	3
293	0.94	47	3
294	0.94	47	3
295	0.94	47	3
296	0.94	47	3
297	0.94	47	3
298	0.94	47	3
299	0.94	47	3
300	0.94	47	3
301	0.94	47	3
302	0.94	47	3
303	0.94	47	3
304	0.94	47	3
305	0.94	47	3
306	0.94	47	3
307	0.92	46	4
308	0.92	46	4
309	0.92	46	4
310	0.92	46	4
311	0.92	46	4
312	0.92	46	4
313	0.92	46	4
314	0.92	46	4
315	0.92	46	4
316	0.92	46	4
317	0.92	46	4
318	0.92	46	4
319	0.92	46	4
320	0.92	46	4
321	0.92	46	4
322	0.92	46	4
323	0.92	46	4
324	0.92	46	4
325	0.92	46	4
326	0.92	46	4
327	0.92	46	4
328	0.92	46	4
329	0.92	46	4
330	0.92	46	4
331	0.92	46	4
332	0.92	46	4
333	0.94	47	3
334	0.94	47	3
335	0.96	48	2
336	0.96	48	2
337	0.96	48	2
338	0.96	48	2
339	0.96	48	2
340	0.98	49	1
341	0.98	49	1
342	0.98	49	1
343	0.98	49	1
344	0.98	49	1
345	0.98	49	1
346	0.96	48	2
347	0.96	48	2
348	0.96	48	2
349	0.96	48	2
350	0.96	48	2
351	0.96	48	2
352	0.96	48	2
353	0.96	48	2
354	0.96	48	2
355	0.96	48	2
356	0.96	48	2
357	0.98	49	1
358	0.98	49	1
359	0.98	49	1
360	0.98	49	1
361	0.98	49	1
362	0.98	49	1
363	0.98	49	1
364	0.98	49	1
365	0.98	49	1
366	0.98	49	1
367	0.98	49	1
368	0.98	49	1
369	0.98	49	1
370	0.98	49	1
371	0.98	49	1
372	0.98	49	1
373	0.98	49	1
374	0.98	49	1
375	0.98	49	1
376	0.98	49	1
377	0.98	49	1
378	0.98	49	1
379	0.98	49	1
380	0.98	49	1
381	0.98	49	1
382	0.98	49	1
383	0.98	49	1
384	0.98	49	1
385	0.98	49	1
386	0.98	49	1
387	0.98	49	1
388	0.98	49	1
389	0.98	49	1
390	0.96	48	2
391	0.96	48	2
392	0.96	48	2
393	0.94	47	3
394	0.94	47	3
395	0.94	47	3
396	0.96	48	2
397	0.96	48	2
398	0.96	48	2
399	0.94	47	3
400	0.94	47	3
401	0.94	47	3
402	0.94	47	3
403	0.94	47	3
404	0.94	47	3
405	0.92	46	4
406	0.92	46	4
407	0.90	45	5
408	0.90	45	5
409	0.90	45	5
410	0.90	45	5
411	0.90	45	5
412	0.90	45	5
413	0.90	45	5
414	0.90	45	5
415	0.88	44	6
416	0.88	44	6
417	0.88	44	6
418	0.88	44	6
419	0.88	44	6
420	0.88	44	6
421	0.88	44	6
422	0.88	44	6
423	0.86	43	7
424	0.86	43	7
425	0.86	43	7
426	0.86	43	7
427	0.86	43	7
428	0.86	43	7
429	0.86	43	7
430	0.86	43	7
431	0.84	42	8
432	0.84	42	8
433	0.84	42	8
434	0.84	42	8
435	0.84	42	8
436	0.82	41	9
437	0.82	41	9
438	0.82	41	9
439	0.82	41	9
440	0.82	41	9
441	0.82	41	9
442	0.82	41	9
443	0.84	42	8
444	0.82	41	9
445	0.80	40	10
446	0.80	40	10
447	0.80	40	10
448	0.80	40	10
449	0.82	41	9
450	0.82	41	9
451	0.82	41	9
452	0.82	41	9
453	0.82	41	9
454	0.82	41	9
455	0.84	42	8
456	0.84	42	8
457	0.86	43	7
458	0.86	43	7
459	0.86	43	7
460	0.86	43	7
461	0.86	43	7
462	0.86	43	7
463	0.86	43	7
464	0.86	43	7
465	0.88	44	6
466	0.88	44	6
467	0.88	44	6
468	0.88	44	6
469	0.88	44	6
470	0.88	44	6
471	0.88	44	6
472	0.86	43	7
473	0.88	44	6
474	0.88	44	6
475	0.88	44	6
476	0.88	44	6
477	0.88	44	6
478	0.86	43	7
479	0.86	43	7
480	0.86	43	7
481	0.88	44	6
482	0.88	44	6
483	0.88	44	6
484	0.88	44	6
485	0.86	43	7
486	0.88	44	6
487	0.88	44	6
488	0.88	44	6
489	0.88	44	6
490	0.90	45	5
491	0.90	45	5
492	0.90	45	5
493	0.90	45	5
494	0.92	46	4
495	0.94	47	3
496	0.92	46	4
497	0.92	46	4
498	0.92	46	4
499	0.92	46	4
500	0.08	46	4
501	0.08	46	4
502	0.08	46	4
503	0.08	46	4
504	0.10	45	5
505	0.10	45	5
506	0.10	45	5
507	0.10	45	5
508	0.10	45	5
509	0.10	45	5
510	0.10	45	5
511	0.12	44	6
512	0.14	43	7
513	0.14	43	7
514	0.14	43	7
515	0.14	43	7
516	0.16	42	8
517	0.16	42	8
518	0.18	41	9
519	0.18	41	9
520	0.18	41	9
521	0.20	40	10
522	0.18	41	9
523	0.18	41	9
524	0.20	40	10
525	0.22	39	11
526	0.22	39	11
527	0.22	39	11
528	0.22	39	11
529	0.22	39	11
530	0.24	38	12
531	0.26	37	13
532	0.26	37	13
533	0.28	36	14
534	0.30	35	15
535	0.30	35	15
536	0.32	34	16
537	0.32	34	16
538	0.32	34	16
539	0.32	34	16
540	0.34	33	17
541	0.34	33	17
542	0.36	32	18
543	0.38	31	19
544	0.38	31	19
545	0.40	30	20
546	0.38	31	19
547	0.38	31	19
548	0.38	31	19
549	0.38	31	19
550	0.38	31	19
551	0.38	31	19
552	0.38	31	19
553	0.40	30	20
554	0.38	31	19
555	0.38	31	19
556	0.38	31	19
557	0.38	31	19
558	0.38	31	19
559	0.40	30	20
560	0.40	30	20
561	0.38	31	19
562	0.36	32	18
563	0.36	32	18
564	0.36	32	18
565	0.36	32	18
566	0.34	33	17
567	0.36	32	18
568	0.36	32	18
569	0.38	31	19
570	0.38	31	19
571	0.36	32	18
572	0.38	31	19
573	0.40	30	20
574	0.40	30	20
575	0.38	31	19
576	0.40	30	20
577	0.42	29	21
578	0.40	30	20
579	0.42	29	21
580	0.42	29	21
581	0.42	29	21
582	0.42	29	21
583	0.40	30	20
584	0.40	30	20
585	0.40	30	20
586	0.38	31	19
587	0.38	31	19
588	0.38	31	19
589	0.40	30	20
590	0.40	30	20
591	0.40	30	20
592	0.38	31	19
593	0.36	32	18
594	0.38	31	19
595	0.36	32	18
596	0.38	31	19
597	0.40	30	20
598	0.42	29	21
599	0.44	28	22
600	0.44	28	22
601	0.46	27	23
602	0.46	27	23
603	0.46	27	23
604	0.48	26	24
605	0.50	25	25
606	0.52	24	26
607	0.54	23	27
608	0.54	23	27
609	0.54	23	27
610	0.54	23	27
611	0.54	23	27
612	0.56	22	28
613	0.56	22	28
614	0.58	21	29
615	0.60	20	30
616	0.62	19	31
617	0.62	19	31
618	0.62	19	31
619	0.62	19	31
620	0.64	18	32
621	0.66	17	33
622	0.66	17	33
623	0.66	17	33
624	0.66	17	33
625	0.66	17	33
626	0.66	17	33
627	0.66	17	33
628	0.66	17	33
629	0.66	17	33
630	0.66	17	33
631	0.66	17	33
632	0.68	16	34
633	0.70	15	35
634	0.70	15	35
635	0.70	15	35
636	0.72	14	36
637	0.74	13	37
638	0.76	12	38
639	0.76	12	38
640	0.76	12	38
641	0.78	11	39
642	0.80	10	40
643	0.82	9	41
644	0.82	9	41
645	0.84	8	42
646	0.84	8	42
647	0.84	8	42
648	0.84	8	42
649	0.84	8	42
650	0.86	7	43
651	0.86	7	43
652	0.86	7	43
653	0.86	7	43
654	0.84	8	42
655	0.84	8	42
656	0.84	8	42
657	0.84	8	42
658	0.86	7	43
659	0.86	7	43
660	0.86	7	43
661	0.88	6	44
662	0.88	6	44
663	0.90	5	45
664	0.90	5	45
665	0.90	5	45
666	0.90	5	45
667	0.90	5	45
668	0.90	5	45
669	0.90	5	45
670	0.90	5	45
671	0.90	5	45
672	0.90	5	45
673	0.90	5	45
674	0.90	5	45
675	0.92	4	46
676	0.92	4	46
677	0.92	4	46
678	0.94	3	47
679	0.92	4	46
680	0.92	4	46
681	0.92	4	46
682	0.92	4	46
683	0.90	5	45
684	0.90	5	45
685	0.90	5	45
686	0.90	5	45
687	0.88	6	44
688	0.88	6	44
689	0.88	6	44
690	0.88	6	44
691	0.88	6	44
692	0.88	6	44
693	0.88	6	44
694	0.88	6	44
695	0.88	6	44
696	0.88	6	44
697	0.88	6	44
698	0.88	6	44
699	0.88	6	44
700	0.88	6	44
701	0.88	6	44
702	0.90	5	45
703	0.90	5	45
704	0.92	4	46
705	0.92	4	46
706	0.92	4	46
707	0.90	5	45
708	0.90	5	45
709	0.88	6	44
710	0.90	5	45
711	0.90	5	45
712	0.90	5	45
713	0.90	5	45
714	0.90	5	45
715	0.90	5	45
716	0.90	5	45
717	0.90	5	45
718	0.90	5	45
719	0.90	5	45
720	0.90	5	45
721	0.90	5	45
722	0.88	6	44
723	0.88	6	44
724	0.86	7	43
725	0.86	7	43
726	0.84	8	42
727	0.84	8	42
728	0.84	8	42
729	0.86	7	43
730	0.86	7	43
731	0.86	7	43
732	0.86	7	43
733	0.88	6	44
734	0.88	6	44
735	0.88	6	44
736	0.88	6	44
737	0.88	6	44
738	0.88	6	44
739	0.88	6	44
740	0.88	6	44
741	0.88	6	44
742	0.88	6	44
743	0.88	6	44
744	0.88	6	44
745	0.88	6	44
746	0.88	6	44
747	0.88	6	44
748	0.88	6	44
749	0.86	7	43
750	0.86	7	43
751	0.86	7	43
752	0.86	7	43
753	0.86	7	43
754	0.86	7	43
755	0.86	7	43
756	0.86	7	43
757	0.88	6	44
758	0.88	6	44
759	0.90	5	45
760	0.90	5	45
761	0.90	5	45
762	0.90	5	45
763	0.90	5	45
764	0.88	6	44
765	0.88	6	44
766	0.88	6	44
767	0.88	6	44
768	0.88	6	44
769	0.88	6	44
770	0.88	6	44
771	0.88	6	44
772	0.90	5	45
773	0.90	5	45
774	0.92	4	46
775	0.92	4	46
776	0.92	4	46
777	0.92	4	46
778	0.90	5	45
779	0.90	5	45
780	0.90	5	45
781	0.90	5	45
782	0.90	5	45
783	0.90	5	45
784	0.90	5	45
785	0.90	5	45
786	0.90	5	45
787	0.92	4	46
788	0.92	4	46
789	0.92	4	46
790	0.90	5	45
791	0.90	5	45
792	0.88	6	44
793	0.88	6	44
794	0.88	6	44
795	0.88	6	44
796	0.88	6	44
797	0.88	6	44
798	0.88	6	44
799	0.90	5	45
800	0.90	5	45
801	0.90	5	45
802	0.90	5	45
803	0.90	5	45
804	0.90	5	45
805	0.90	5	45
806	0.90	5	45
807	0.90	5	45
808	0.90	5	45
809	0.90	5	45
810	0.90	5	45
811	0.90	5	45
812	0.90	5	45
813	0.90	5	45
814	0.92	4	46
815	0.92	4	46
816	0.90	5	45
817	0.90	5	45
818	0.88	6	44
819	0.86	7	43
820	0.86	7	43
821	0.86	7	43
822	0.86	7	43
823	0.86	7	43
824	0.86	7	43
825	0.86	7	43
826	0.88	6	44
827	0.88	6	44
828	0.90	5	45
829	0.90	5	45
830	0.90	5	45
831	0.90	5	45
832	0.90	5	45
833	0.90	5	45
834	0.88	6	44
835	0.88	6	44
836	0.88	6	44
837	0.88	6	44
838	0.88	6	44
839	0.88	6	44
840	0.90	5	45
841	0.90	5	45
842	0.92	4	46
843	0.92	4	46
844	0.92	4	46
845	0.92	4	46
846	0.92	4	46
847	0.92	4	46
848	0.92	4	46
849	0.92	4	46
850	0.92	4	46
851	0.92	4	46
852	0.92	4	46
853	0.92	4	46
854	0.92	4	46
855	0.92	4	46
856	0.92	4	46
857	0.90	5	45
858	0.90	5	45
859	0.90	5	45
860	0.90	5	45
861	0.90	5	45
862	0.90	5	45
863	0.88	6	44
864	0.88	6	44
865	0.88	6	44
866	0.90	5	45
867	0.90	5	45
868	0.90	5	45
869	0.92	4	46
870	0.92	4	46
871	0.92	4	46
872	0.92	4	46
873	0.92	4	46
874	0.92	4	46
875	0.92	4	46
876	0.92	4	46
877	0.92	4	46
878	0.92	4	46
879	0.92	4	46
880	0.92	4	46
881	0.92	4	46
882	0.92	4	46
883	0.92	4	46
884	0.94	3	47
885	0.94	3	47
886	0.94	3	47
887	0.94	3	47
888	0.94	3	47
889	0.94	3	47
890	0.94	3	47
891	0.94	3	47
892	0.94	3	47
893	0.94	3	47
894	0.94	3	47
895	0.94	3	47
896	0.94	3	47
897	0.94	3	47
898	0.94	3	47
899	0.94	3	47
900	0.94	3	47
901	0.94	3	47
902	0.94	3	47
903	0.94	3	47
904	0.94	3	47
905	0.94	3	47
906	0.94	3	47
907	0.96	2	48
908	0.96	2	48
909	0.96	2	48
910	0.96	2	48
911	0.96	2	48
912	0.96	2	48
913	0.98	1	49
914	0.98	1	49
915	0.96	2	48
916	0.96	2	48
917	0.96	2	48
918	0.98	1	49
919	0.98	1	49
920	0.98	1	49
921	0.96	2	48
922	0.96	2	48
923	0.96	2	48
924	0.96	2	48
925	0.96	2	48
926	0.96	2	48
927	0.96	2	48
928	0.96	2	48
929	0.96	2	48
930	0.96	2	48
931	0.96	2	48
932	0.96	2	48
933	0.94	3	47
934	0.92	4	46
935	0.92	4	46
936	0.90	5	45
937	0.90	5	45
938	0.90	5	45
939	0.90	5	45
940	0.90	5	45
941	0.90	5	45
942	0.90	5	45
943	0.90	5	45
944	0.90	5	45
945	0.90	5	45
946	0.90	5	45
947	0.90	5	45
948	0.90	5	45
949	0.90	5	45
950	0.90	5	45
951	0.90	5	45
952	0.90	5	45
953	0.90	5	45
954	0.90	5	45
955	0.90	5	45
956	0.88	6	44
957	0.88	6	44
958	0.88	6	44
959	0.88	6	44
960	0.88	6	44
961	0.88	6	44
962	0.88	6	44
963	0.88	6	44
964	0.88	6	44
965	0.90	5	45
966	0.90	5	45
967	0.90	5	45
968	0.90	5	45
969	0.90	5	45
970	0.90	5	45
971	0.92	4	46
972	0.92	4	46
973	0.92	4	46
974	0.92	4	46
975	0.92	4	46
976	0.90	5	45
977	0.90	5	45
978	0.90	5	45
979	0.90	5	45
980	0.88	6	44
981	0.88	6	44
982	0.88	6	44
983	0.90	5	45
984	0.92	4	46
985	0.92	4	46
986	0.94	3	47
987	0.92	4	46
988	0.90	5	45
989	0.90	5	45
990	0.90	5	45
991	0.90	5	45
992	0.90	5	45
993	0.88	6	44
994	0.88	6	44
995	0.88	6	44
996	0.88	6	44
997	0.88	6	44
998	0.86	7	43
999	0.86	7	43
1000	0.16	8	42
1001	0.16	8	42
1002	0.16	8	42
1003	0.16	8	42
1004	0.18	9	41
1005	0.20	10	40
1006	0.18	9	41
1007	0.20	10	40
1008	0.22	11	39
1009	0.24	12	38
1010	0.26	13	37
1011	0.26	13	37
1012	0.28	14	36
1013	0.30	15	35
1014	0.32	16	34
1015	0.34	17	33
1016	0.36	18	32
1017	0.38	19	31
1018	0.40	20	30
1019	0.40	20	30
1020	0.40	20	30
1021	0.40	20	30
1022	0.42	21	29
1023	0.44	22	28
1024	0.46	23	27
1025	0.46	23	27
1026	0.46	23	27
1027	0.48	24	26
1028	0.50	25	25
1029	0.52	26	24
1030	0.52	26	24
1031	0.54	27	23
1032	0.56	28	22
1033	0.58	29	21
1034	0.60	30	20
1035	0.60	30	20
1036	0.62	31	19
1037	0.60	30	20
1038	0.60	30	20
1039	0.62	31	19
1040	0.64	32	18
1041	0.66	33	17
1042	0.68	34	16
1043	0.68	34	16
1044	0.70	35	15
1045	0.72	36	14
1046	0.74	37	13
1047	0.76	38	12
1048	0.76	38	12
1049	0.78	39	11
1050	0.78	39	11
1051	0.78	39	11
1052	0.80	40	10
1053	0.82	41	9
1054	0.82	41	9
1055	0.82	41	9
1056	0.84	42	8
1057	0.84	42	8
1058	0.84	42	8
1059	0.84	42	8
1060	0.84	42	8
1061	0.86	43	7
1062	0.86	43	7
1063	0.84	42	8
1064	0.84	42	8
1065	0.84	42	8
1066	0.84	42	8
1067	0.82	41	9
1068	0.82	41	9
1069	0.84	42	8
1070	0.86	43	7
1071	0.88	44	6
1072	0.88	44	6
1073	0.88	44	6
1074	0.88	44	6
1075	0.90	45	5
1076	0.90	45	5
1077	0.90	45	5
1078	0.90	45	5
1079	0.90	45	5
1080	0.90	45	5
1081	0.90	45	5
1082	0.90	45	5
1083	0.90	45	5
1084	0.90	45	5
1085	0.92	46	4
1086	0.92	46	4
1087	0.94	47	3
1088	0.94	47	3
1089	0.94	47	3
1090	0.94	47	3
1091	0.94	47	3
1092	0.94	47	3
1093	0.94	47	3
1094	0.92	46	4
1095	0.92	46	4
1096	0.92	46	4
1097	0.92	46	4
1098	0.92	46	4
1099	0.92	46	4
1100	0.92	46	4
1101	0.94	47	3
1102	0.94	47	3
1103	0.94	47	3
1104	0.92	46	4
1105	0.92	46	4
1106	0.92	46	4
1107	0.92	46	4
1108	0.92	46	4
1109	0.92	46	4
1110	0.92	46	4
1111	0.92	46	4
1112	0.90	45	5
1113	0.92	46	4
1114	0.92	46	4
1115	0.92	46	4
1116	0.92	46	4
1117	0.94	47	3
1118	0.94	47	3
1119	0.94	47	3
1120	0.94	47	3
1121	0.94	47	3
1122	0.94	47	3
1123	0.94	47	3
1124	0.94	47	3
1125	0.94	47	3
1126	0.94	47	3
1127	0.94	47	3
1128	0.94	47	3
1129	0.94	47	3
1130	0.94	47	3
1131	0.92	46	4
1132	0.92	46	4
1133	0.92	46	4
1134	0.92	46	4
1135	0.92	46	4
1136	0.92	46	4
1137	0.90	45	5
1138	0.90	45	5
1139	0.90	45	5
1140	0.90	45	5
1141	0.90	45	5
1142	0.90	45	5
1143	0.90	45	5
1144	0.92	46	4
1145	0.92	46	4
1146	0.92	46	4
1147	0.92	46	4
1148	0.92	46	4
1149	0.92	46	4
1150	0.92	46	4
1151	0.92	46	4
1152	0.92	46	4
1153	0.92	46	4
1154	0.92	46	4
1155	0.92	46	4
1156	0.90	45	5
1157	0.90	45	5
1158	0.90	45	5
1159	0.90	45	5
1160	0.90	45	5
1161	0.90	45	5
1162	0.90	45	5
1163	0.90	45	5
1164	0.90	45	5
1165	0.90	45	5
1166	0.90	45	5
1167	0.90	45	5
1168	0.90	45	5
1169	0.90	45	5
1170	0.90	45	5
1171	0.90	45	5
1172	0.90	45	5
1173	0.90	45	5
1174	0.90	45	5
1175	0.90	45	5
1176	0.90	45	5
1177	0.90	45	5
1178	0.90	45	5
1179	0.90	45	5
1180	0.90	45	5
1181	0.92	46	4
1182	0.92	46	4
1183	0.92	46	4
1184	0.92	46	4
1185	0.92	46	4
1186	0.92	46	4
1187	0.94	47	3
1188	0.94	47	3
1189	0.94	47	3
1190	0.94	47	3
1191	0.94	47	3
1192	0.94	47	3
1193	0.94	47	3
1194	0.92	46	4
1195	0.92	46	4
1196	0.92	46	4
1197	0.92	46	4
1198	0.92	46	4
1199	0.92	46	4
1200	0.90	45	5
1201	0.90	45	5
1202	0.90	45	5
1203	0.90	45	5
1204	0.92	46	4
1205	0.92	46	4
1206	0.94	47	3
1207	0.94	47	3
1208	0.94	47	3
1209	0.94	47	3
1210	0.94	47	3
1211	0.94	47	3
1212	0.96	48	2
1213	0.96	48	2
1214	0.96	48	2
1215	0.96	48	2
1216	0.96	48	2
1217	0.96	48	2
1218	0.96	48	2
1219	0.96	48	2
1220	0.96	48	2
1221	0.96	48	2
1222	0.96	48	2
1223	0.96	48	2
1224	0.96	48	2
1225	0.96	48	2
1226	0.96	48	2
1227	0.96	48	2
1228	0.96	48	2
1229	0.96	48	2
1230	0.96	48	2
1231	0.96	48	2
1232	0.96	48	2
1233	0.96	48	2
1234	0.96	48	2
1235	0.96	48	2
1236	0.96	48	2
1237	0.96	48	2
1238	0.96	48	2
1239	0.96	48	2
1240	0.96	48	2
1241	0.96	48	2
1242	0.96	48	2
1243	0.94	47	3
1244	0.96	48	2
1245	0.96	48	2
1246	0.96	48	2
1247	0.96	48	2
1248	0.96	48	2
1249	0.96	48	2
1250	0.98	49	1
1251	0.98	49	1
1252	0.98	49	1
1253	0.98	49	1
1254	0.98	49	1
1255	0.98	49	1
1256	0.98	49	1
1257	0.98	49	1
1258	0.98	49	1
1259	0.98	49	1
1260	0.98	49	1
1261	0.98	49	1
1262	0.98	49	1
1263	0.98	49	1
1264	0.98	49	1
1265	0.98	49	1
1266	0.98	49	1
1267	0.98	49	1
1268	0.96	48	2
1269	0.96	48	2
1270	0.96	48	2
1271	0.96	48	2
1272	0.96	48	2
1273	0.96	48	2
1274	0.94	47	3
1275	0.94	47	3
1276	0.94	47	3
1277	0.94	47	3
1278	0.94	47	3
1279	0.94	47	3
1280	0.94	47	3
1281	0.94	47	3
1282	0.94	47	3
1283	0.92	46	4
1284	0.92	46	4
1285	0.92	46	4
1286	0.92	46	4
1287	0.92	46	4
1288	0.92	46	4
1289	0.92	46	4
1290	0.92	46	4
1291	0.92	46	4
1292	0.92	46	4
1293	0.94	47	3
1294	0.94	47	3
1295	0.94	47	3
1296	0.94	47	3
1297	0.94	47	3
1298	0.94	47	3
1299	0.94	47	3
1300	0.94	47	3
1301	0.94	47	3
1302	0.94	47	3
1303	0.94	47	3
1304	0.94	47	3
1305	0.94	47	3
1306	0.94	47	3
1307	0.94	47	3
1308	0.94	47	3
1309	0.94	47	3
1310	0.94	47	3
1311	0.92	46	4
1312	0.92	46	4
1313	0.92	46	4
1314	0.92	46	4
1315	0.92	46	4
1316	0.92	46	4
1317	0.92	46	4
1318	0.94	47	3
1319	0.94	47	3
1320	0.94	47	3
1321	0.94	47	3
1322	0.94	47	3
1323	0.94	47	3
1324	0.96	48	2
1325	0.96	48	2
1326	0.96	48	2
1327	0.96	48	2
1328	0.96	48	2
1329	0.96	48	2
1330	0.96	48	2
1331	0.96	48	2
1332	0.96	48	2
1333	0.98	49	1
1334	0.98	49	1
1335	0.98	49	1
1336	0.98	49	1
1337	0.98	49	1
1338	0.96	48	2
1339	0.96	48	2
1340	0.96	48	2
1341	0.96	48	2
1342	0.96	48	2
1343	0.96	48	2
1344	0.94	47	3
1345	0.94	47	3
1346	0.94	47	3
1347	0.94	47	3
1348	0.94	47	3
1349	0.94	47	3
1350	0.94	47	3
1351	0.94	47	3
1352	0.94	47	3
1353	0.94	47	3
1354	0.92	46	4
1355	0.92	46	4
1356	0.92	46	4
1357	0.92	46	4
1358	0.92	46	4
1359	0.92	46	4
1360	0.92	46	4
1361	0.94	47	3
1362	0.94	47	3
1363	0.94	47	3
1364	0.94	47	3
1365	0.94	47	3
1366	0.94	47	3
1367	0.94	47	3
1368	0.94	47	3
1369	0.92	46	4
1370	0.92	46	4
1371	0.92	46	4
1372	0.92	46	4
1373	0.92	46	4
1374	0.90	45	5
1375	0.90	45	5
1376	0.90	45	5
1377	0.90	45	5
1378	0.90	45	5
1379	0.90	45	5
1380	0.90	45	5
1381	0.88	44	6
1382	0.88	44	6
1383	0.88	44	6
1384	0.88	44	6
1385	0.88	44	6
1386	0.88	44	6
1387	0.88	44	6
1388	0.90	45	5
1389	0.90	45	5
1390	0.90	45	5
1391	0.90	45	5
1392	0.90	45	5
1393	0.90	45	5
1394	0.90	45	5
1395	0.90	45	5
1396	0.90	45	5
1397	0.88	44	6
1398	0.88	44	6
1399	0.88	44	6
1400	0.88	44	6
1401	0.88	44	6
1402	0.88	44	6
1403	0.88	44	6
1404	0.90	45	5
1405	0.90	45	5
1406	0.90	45	5
1407	0.90	45	5
1408	0.90	45	5
1409	0.90	45	5
1410	0.90	45	5
1411	0.88	44	6
1412	0.88	44	6
1413	0.88	44	6
1414	0.88	44	6
1415	0.88	44	6
1416	0.88	44	6
1417	0.88	44	6
1418	0.86	43	7
1419	0.88	44	6
1420	0.88	44	6
1421	0.88	44	6
1422	0.88	44	6
1423	0.88	44	6
1424	0.88	44	6
1425	0.88	44	6
1426	0.88	44	6
1427	0.88	44	6
1428	0.88	44	6
1429	0.88	44	6
1430	0.88	44	6
1431	0.90	45	5
1432	0.90	45	5
1433	0.90	45	5
1434	0.90	45	5
1435	0.90	45	5
1436	0.90	45	5
1437	0.90	45	5
1438	0.90	45	5
1439	0.88	44	6
1440	0.88	44	6
1441	0.88	44	6
1442	0.88	44	6
1443	0.88	44	6
1444	0.90	45	5
1445	0.90	45	5
1446	0.90	45	5
1447	0.92	46	4
1448	0.92	46	4
1449	0.92	46	4
1450	0.92	46	4
1451	0.92	46	4
1452	0.92	46	4
1453	0.92	46	4
1454	0.92	46	4
1455	0.92	46	4
1456	0.92	46	4
1457	0.92	46	4
1458	0.92	46	4
1459	0.92	46	4
1460	0.92	46	4
1461	0.94	47	3
1462	0.94	47	3
1463	0.94	47	3
1464	0.94	47	3
1465	0.92	46	4
1466	0.92	46	4
1467	0.92	46	4
1468	0.94	47	3
1469	0.94	47	3
1470	0.94	47	3
1471	0.94	47	3
1472	0.94	47	3
1473	0.94	47	3
1474	0.96	48	2
1475	0.96	48	2
1476	0.94	47	3
1477	0.92	46	4
1478	0.92	46	4
1479	0.92	46	4
1480	0.92	46	4
1481	0.92	46	4
1482	0.92	46	4
1483	0.92	46	4
1484	0.92	46	4
1485	0.90	45	5
1486	0.90	45	5
1487	0.90	45	5
1488	0.90	45	5
1489	0.92	46	4
1490	0.92	46	4
1491	0.92	46	4
1492	0.92	46	4
1493	0.92	46	4
1494	0.92	46	4
1495	0.92	46	4
1496	0.90	45	5
1497	0.90	45	5
1498	0.90	45	5
1499	0.90	45	5
1500	0.12	44	6
1501	0.12	44	6
1502	0.14	43	7
1503	0.14	43	7
1504	0.14	43	7
1505	0.14	43	7
1506	0.14	43	7
1507	0.14	43	7
1508	0.14	43	7
1509	0.14	43	7
1510	0.14	43	7
1511	0.14	43	7
1512	0.14	43	7
1513	0.16	42	8
1514	0.18	41	9
1515	0.16	42	8
1516	0.16	42	8
1517	0.16	42	8
1518	0.16	42	8
1519	0.16	42	8
1520	0.16	42	8
1521	0.16	42	8
1522	0.16	42	8
1523	0.16	42	8
1524	0.16	42	8
1525	0.18	41	9
1526	0.18	41	9
1527	0.16	42	8
1528	0.16	42	8
1529	0.16	42	8
1530	0.18	41	9
1531	0.20	40	10
1532	0.20	40	10
1533	0.22	39	11
1534	0.22	39	11
1535	0.20	40	10
1536	0.20	40	10
1537	0.20	40	10
1538	0.20	40	10
1539	0.20	40	10
1540	0.20	40	10
1541	0.20	40	10
1542	0.22	39	11
1543	0.24	38	12
1544	0.24	38	12
1545	0.26	37	13
1546	0.24	38	12
1547	0.24	38	12
1548	0.26	37	13
1549	0.28	36	14
1550	0.26	37	13
1551	0.28	36	14
1552	0.28	36	14
1553	0.30	35	15
1554	0.30	35	15
1555	0.32	34	16
1556	0.34	33	17
1557	0.36	32	18
1558	0.36	32	18
1559	0.36	32	18
1560	0.38	31	19
1561	0.38	31	19
1562	0.38	31	19
1563	0.38	31	19
1564	0.38	31	19
1565	0.40	30	20
1566	0.42	29	21
1567	0.44	28	22
1568	0.44	28	22
1569	0.44	28	22
1570	0.46	27	23
1571	0.48	26	24
1572	0.48	26	24
1573	0.50	25	25
1574	0.52	24	26
1575	0.52	24	26
1576	0.52	24	26
1577	0.52	24	26
1578	0.54	23	27
1579	0.56	22	28
1580	0.56	22	28
1581	0.56	22	28
1582	0.56	22	28
1583	0.56	22	28
1584	0.56	22	28
1585	0.58	21	29
1586	0.58	21	29
1587	0.60	20	30
1588	0.62	19	31
1589	0.64	18	32
1590	0.64	18	32
1591	0.66	17	33
1592	0.66	17	33
1593	0.64	18	32
1594	0.66	17	33
1595	0.66	17	33
1596	0.68	16	34
1597	0.70	15	35
1598	0.68	16	34
1599	0.68	16	34
1600	0.70	15	35
1601	0.70	15	35
1602	0.70	15	35
1603	0.70	15	35
1604	0.72	14	36
1605	0.72	14	36
1606	0.72	14	36
1607	0.72	14	36
1608	0.74	13	37
1609	0.76	12	38
1610	0.76	12	38
1611	0.78	11	39
1612	0.80	10	40
1613	0.80	10	40
1614	0.80	10	40
1615	0.78	11	39
1616	0.78	11	39
1617	0.78	11	39
1618	0.80	10	40
1619	0.80	10	40
1620	0.80	10	40
1621	0.80	10	40
1622	0.82	9	41
1623	0.82	9	41
1624	0.82	9	41
1625	0.82	9	41
1626	0.82	9	41
1627	0.84	8	42
1628	0.84	8	42
1629	0.82	9	41
1630	0.82	9	41
1631	0.82	9	41
1632	0.84	8	42
1633	0.84	8	42
1634	0.86	7	43
1635	0.86	7	43
1636	0.88	6	44
1637	0.88	6	44
1638	0.88	6	44
1639	0.86	7	43
1640	0.88	6	44
1641	0.88	6	44
1642	0.88	6	44
1643	0.90	5	45
1644	0.90	5	45
1645	0.90	5	45
1646	0.90	5	45
1647	0.88	6	44
1648	0.90	5	45
1649	0.88	6	44
1650	0.88	6	44
1651	0.88	6	44
1652	0.88	6	44
1653	0.86	7	43
1654	0.86	7	43
1655	0.86	7	43
1656	0.86	7	43
1657	0.84	8	42
1658	0.82	9	41
1659	0.82	9	41
1660	0.80	10	40
1661	0.80	10	40
1662	0.80	10	40
1663	0.80	10	40
1664	0.80	10	40
1665	0.82	9	41
1666	0.82	9	41
1667	0.82	9	41
1668	0.80	10	40
1669	0.82	9	41
1670	0.82	9	41
1671	0.80	10	40
1672	0.80	10	40
1673	0.80	10	40
1674	0.80	10	40
1675	0.80	10	40
1676	0.78	11	39
1677	0.78	11	39
1678	0.78	11	39
1679	0.80	10	40
1680	0.80	10	40
1681	0.80	10	40
1682	0.78	11	39
1683	0.78	11	39
1684	0.78	11	39
1685	0.78	11	39
1686	0.78	11	39
1687	0.76	12	38
1688	0.76	12	38
1689	0.78	11	39
1690	0.78	11	39
1691	0.78	11	39
1692	0.78	11	39
1693	0.78	11	39
1694	0.78	11	39
1695	0.78	11	39
1696	0.78	11	39
1697	0.78	11	39
1698	0.78	11	39
1699	0.78	11	39
1700	0.78	11	39
1701	0.78	11	39
1702	0.78	11	39
1703	0.80	10	40
1704	0.80	10	40
1705	0.80	10	40
1706	0.80	10	40
1707	0.82	9	41
1708	0.84	8	42
1709	0.84	8	42
1710	0.86	7	43
1711	0.86	7	43
1712	0.86	7	43
1713	0.86	7	43
1714	0.86	7	43
1715	0.86	7	43
1716	0.86	7	43
1717	0.86	7	43
1718	0.88	6	44
1719	0.88	6	44
1720	0.88	6	44
1721	0.90	5	45
1722	0.90	5	45
1723	0.90	5	45
1724	0.90	5	45
1725	0.90	5	45
1726	0.92	4	46
1727	0.92	4	46
1728	0.92	4	46
1729	0.92	4	46
1730	0.92	4	46
1731	0.92	4	46
1732	0.94	3	47
1733	0.94	3	47
1734	0.94	3	47
1735	0.94	3	47
1736	0.94	3	47
1737	0.96	2	48
1738	0.96	2	48
1739	0.96	2	48
1740	0.96	2	48
1741	0.96	2	48
1742	0.96	2	48
1743	0.96	2	48
1744	0.96	2	48
1745	0.96	2	48
1746	0.94	3	47
1747	0.96	2	48
1748	0.96	2	48
1749	0.98	1	49
1750	0.98	1	49
1751	0.98	1	49
1752	0.98	1	49
1753	0.98	1	49
1754	0.98	1	49
1755	0.98	1	49
1756	0.98	1	49
1757	0.98	1	49
1758	0.98	1	49
1759	0.98	1	49
1760	0.98	1	49
1761	0.98	1	49
1762	0.98	1	49
1763	0.98	1	49
1764	0.98	1	49
1765	0.98	1	49
1766	0.98	1	49
1767	0.98	1	49
1768	0.98	1	49
1769	0.98	1	49
1770	0.98	1	49
1771	0.98	1	49
1772	0.98	1	49
1773	0.98	1	49
1774	0.98	1	49
1775	0.98	1	49
1776	0.98	1	49
1777	0.98	1	49
1778	0.98	1	49
1779	0.98	1	49
1780	0.98	1	49
1781	0.98	1	49
1782	0.96	2	48
1783	0.96	2	48
1784	0.96	2	48
1785	0.96	2	48
1786	0.96	2	48
1787	0.96	2	48
1788	0.96	2	48
1789	0.96	2	48
1790	0.96	2	48
1791	0.96	2	48
1792	0.94	3	47
1793	0.94	3	47
1794	0.94	3	47
1795	0.94	3	47
1796	0.96	2	48
1797	0.96	2	48
1798	0.96	2	48
1799	0.96	2	48
1800	0.96	2	48
1801	0.96	2	48
1802	0.96	2	48
1803	0.96	2	48
1804	0.96	2	48
1805	0.94	3	47
1806	0.94	3	47
1807	0.94	3	47
1808	0.92	4	46
1809	0.90	5	45
1810	0.90	5	45
1811	0.90	5	45
1812	0.90	5	45
1813	0.90	5	45
1814	0.90	5	45
1815	0.90	5	45
1816	0.90	5	45
1817	0.90	5	45
1818	0.90	5	45
1819	0.90	5	45
1820	0.90	5	45
1821	0.90	5	45
1822	0.90	5	45
1823	0.90	5	45
1824	0.90	5	45
1825	0.90	5	45
1826	0.88	6	44
1827	0.88	6	44
1828	0.88	6	44
1829	0.88	6	44
1830	0.88	6	44
1831	0.88	6	44
1832	0.90	5	45
1833	0.90	5	45
1834	0.90	5	45
1835	0.90	5	45
1836	0.90	5	45
1837	0.90	5	45
1838	0.90	5	45
1839	0.90	5	45
1840	0.90	5	45
1841	0.90	5	45
1842	0.92	4	46
1843	0.92	4	46
1844	0.92	4	46
1845	0.92	4	46
1846	0.92	4	46
1847	0.92	4	46
1848	0.92	4	46
1849	0.92	4	46
1850	0.92	4	46
1851	0.92	4	46
1852	0.92	4	46
1853	0.92	4	46
1854	0.92	4	46
1855	0.94	3	47
1856	0.94	3	47
1857	0.94	3	47
1858	0.96	2	48
1859	0.96	2	48
1860	0.94	3	47
1861	0.94	3	47
1862	0.94	3	47
1863	0.94	3	47
1864	0.94	3	47
1865	0.94	3	47
1866	0.94	3	47
1867	0.94	3	47
1868	0.94	3	47
1869	0.94	3	47
1870	0.94	3	47
1871	0.94	3	47
1872	0.94	3	47
1873	0.94	3	47
1874	0.94	3	47
1875	0.94	3	47
1876	0.96	2	48
1877	0.96	2	48
1878	0.96	2	48
1879	0.96	2	48
1880	0.96	2	48
1881	0.96	2	48
1882	0.96	2	48
1883	0.96	2	48
1884	0.96	2	48
1885	0.94	3	47
1886	0.92	4	46
1887	0.90	5	45
1888	0.90	5	45
1889	0.90	5	45
1890	0.90	5	45
1891	0.90	5	45
1892	0.90	5	45
1893	0.90	5	45
1894	0.90	5	45
1895	0.88	6	44
1896	0.86	7	43
1897	0.86	7	43
1898	0.86	7	43
1899	0.86	7	43
1900	0.86	7	43
1901	0.86	7	43
1902	0.84	8	42
1903	0.84	8	42
1904	0.84	8	42
1905	0.82	9	41
1906	0.82	9	41
1907	0.82	9	41
1908	0.82	9	41
1909	0.84	8	42
1910	0.86	7	43
1911	0.84	8	42
1912	0.84	8	42
1913	0.84	8	42
1914	0.84	8	42
1915	0.84	8	42
1916	0.84	8	42
1917	0.84	8	42
1918	0.84	8	42
1919	0.84	8	42
1920	0.82	9	41
1921	0.82	9	41
1922	0.82	9	41
1923	0.82	9	41
1924	0.82	9	41
1925	0.82	9	41
1926	0.82	9	41
1927	0.82	9	41
1928	0.82	9	41
1929	0.82	9	41
1930	0.82	9	41
1931	0.82	9	41
1932	0.82	9	41
1933	0.82	9	41
1934	0.80	10	40
1935	0.82	9	41
1936	0.84	8	42
1937	0.86	7	43
1938	0.86	7	43
1939	0.86	7	43
1940	0.86	7	43
1941	0.86	7	43
1942	0.84	8	42
1943	0.84	8	42
1944	0.82	9	41
1945	0.84	8	42
1946	0.86	7	43
1947	0.86	7	43
1948	0.86	7	43
1949	0.86	7	43
1950	0.86	7	43
1951	0.86	7	43
1952	0.88	6	44
1953	0.88	6	44
1954	0.88	6	44
1955	0.90	5	45
1956	0.90	5	45
1957	0.90	5	45
1958	0.90	5	45
1959	0.90	5	45
1960	0.90	5	45
1961	0.92	4	46
1962	0.92	4	46
1963	0.92	4	46
1964	0.90	5	45
1965	0.90	5	45
1966	0.90	5	45
1967	0.90	5	45
1968	0.90	5	45
1969	0.90	5	45
1970	0.92	4	46
1971	0.92	4	46
1972	0.92	4	46
1973	0.92	4	46
1974	0.92	4	46
1975	0.92	4	46
1976	0.92	4	46
1977	0.92	4	46
1978	0.92	4	46
1979	0.92	4	46
1980	0.92	4	46
1981	0.92	4	46
1982	0.92	4	46
1983	0.92	4	46
1984	0.94	3	47
1985	0.92	4	46
1986	0.92	4	46
1987	0.92	4	46
1988	0.92	4	46
1989	0.92	4	46
1990	0.92	4	46
1991	0.92	4	46
1992	0.94	3	47
1993	0.94	3	47
1994	0.96	2	48
1995	0.96	2	48
1996	0.96	2	48
1997	0.96	2	48
1998	0.94	3	47
1999	0.94	3	47
2000	0.06	3	47
2001	0.08	4	46
2002	0.08	4	46
2003	0.08	4	46
2004	0.08	4	46
2005	0.10	5	45
2006	0.10	5	45
2007	0.12	6	44
2008	0.12	6	44
2009	0.12	6	44
2010	0.12	6	44
2011	0.12	6	44
2012	0.12	6	44
2013	0.12	6	44
2014	0.10	5	45
2015	0.10	5	45
2016	0.10	5	45
2017	0.12	6	44
2018	0.12	6	44
2019	0.12	6	44
2020	0.12	6	44
2021	0.14	7	43
2022	0.16	8	42
2023	0.18	9	41
2024	0.18	9	41
2025	0.18	9	41
2026	0.18	9	41
2027	0.20	10	40
2028	0.20	10	40
2029	0.20	10	40
2030	0.22	11	39
2031	0.24	12	38
2032	0.26	13	37
2033	0.28	14	36
2034	0.28	14	36
2035	0.26	13	37
2036	0.28	14	36
2037	0.28	14	36
2038	0.28	14	36
2039	0.28	14	36
2040	0.28	14	36
2041	0.28	14	36
2042	0.28	14	36
2043	0.28	14	36
2044	0.28	14	36
2045	0.28	14	36
2046	0.30	15	35
2047	0.32	16	34
2048	0.32	16	34
2049	0.34	17	33
2050	0.36	18	32
2051	0.36	18	32
2052	0.36	18	32
2053	0.38	19	31
2054	0.40	20	30
2055	0.40	20	30
2056	0.42	21	29
2057	0.42	21	29
2058	0.44	22	28
2059	0.44	22	28
2060	0.44	22	28
2061	0.46	23	27
2062	0.46	23	27
2063	0.48	24	26
2064	0.48	24	26
2065	0.50	25	25
2066	0.52	26	24
2067	0.52	26	24
2068	0.54	27	23
2069	0.56	28	22
2070	0.58	29	21
2071	0.58	29	21
2072	0.58	29	21
2073	0.58	29	21
2074	0.60	30	20
2075	0.60	30	20
2076	0.62	31	19
2077	0.62	31	19
2078	0.64	32	18
2079	0.66	33	17
2080	0.66	33	17
2081	0.66	33	17
2082	0.66	33	17
2083	0.66	33	17
2084	0.68	34	16
2085	0.70	35	15
2086	0.70	35	15
2087	0.72	36	14
2088	0.74	37	13
2089	0.76	38	12
2090	0.78	39	11
2091	0.80	40	10
2092	0.80	40	10
2093	0.80	40	10
2094	0.82	41	9
2095	0.84	42	8
2096	0.84	42	8
2097	0.84	42	8
2098	0.84	42	8
2099	0.84	42	8
2100	0.84	42	8
2101	0.84	42	8
2102	0.86	43	7
2103	0.86	43	7
2104	0.86	43	7
2105	0.86	43	7
2106	0.86	43	7
2107	0.86	43	7
2108	0.86	43	7
2109	0.88	44	6
2110	0.90	45	5
2111	0.90	45	5
2112	0.92	46	4
2113	0.92	46	4
2114	0.94	47	3
2115	0.94	47	3
2116	0.92	46	4
2117	0.92	46	4
2118	0.92	46	4
2119	0.92	46	4
2120	0.92	46	4
2121	0.92	46	4
2122	0.92	46	4
2123	0.92	46	4
2124	0.92	46	4
2125	0.94	47	3
2126	0.94	47	3
2127	0.94	47	3
2128	0.94	47	3
2129	0.94	47	3
2130	0.94	47	3
2131	0.94	47	3
2132	0.94	47	3
2133	0.94	47	3
2134	0.94	47	3
2135	0.94	47	3
2136	0.94	47	3
2137	0.94	47	3
2138	0.94	47	3
2139	0.94	47	3
2140	0.94	47	3
2141	0.92	46	4
2142	0.94	47	3
2143	0.96	48	2
2144	0.96	48	2
2145	0.96	48	2
2146	0.96	48	2
2147	0.96	48	2
2148	0.96	48	2
2149	0.96	48	2
2150	0.96	48	2
2151	0.96	48	2
2152	0.94	47	3
2153	0.94	47	3
2154	0.94	47	3
2155	0.92	46	4
2156	0.92	46	4
2157	0.92	46	4
2158	0.92	46	4
2159	0.92	46	4
2160	0.92	46	4
2161	0.92	46	4
2162	0.92	46	4
2163	0.92	46	4
2164	0.92	46	4
2165	0.92	46	4
2166	0.94	47	3
2167	0.94	47	3
2168	0.94	47	3
2169	0.94	47	3
2170	0.94	47	3
2171	0.94	47	3
2172	0.94	47	3
2173	0.94	47	3
2174	0.94	47	3
2175	0.94	47	3
2176	0.94	47	3
2177	0.94	47	3
2178	0.94	47	3
2179	0.94	47	3
2180	0.94	47	3
2181	0.92	46	4
2182	0.92	46	4
2183	0.92	46	4
2184	0.92	46	4
2185	0.90	45	5
2186	0.90	45	5
2187	0.90	45	5
2188	0.88	44	6
2189	0.88	44	6
2190	0.88	44	6
2191	0.90	45	5
2192	0.90	45	5
2193	0.90	45	5
2194	0.90	45	5
2195	0.90	45	5
2196	0.90	45	5
2197	0.90	45	5
2198	0.88	44	6
2199	0.88	44	6
2200	0.88	44	6
2201	0.88	44	6
2202	0.90	45	5
2203	0.90	45	5
2204	0.90	45	5
2205	0.92	46	4
2206	0.92	46	4
2207	0.92	46	4
2208	0.92	46	4
2209	0.92	46	4
2210	0.92	46	4
2211	0.92	46	4
2212	0.92	46	4
2213	0.92	46	4
2214	0.92	46	4
2215	0.92	46	4
2216	0.92	46	4
2217	0.92	46	4
2218	0.92	46	4
2219	0.92	46	4
2220	0.92	46	4
2221	0.92	46	4
2222	0.92	46	4
2223	0.92	46	4
2224	0.92	46	4
2225	0.92	46	4
2226	0.92	46	4
2227	0.92	46	4
2228	0.92	46	4
2229	0.92	46	4
2230	0.92	46	4
2231	0.94	47	3
2232	0.94	47	3
2233	0.94	47	3
2234	0.94	47	3
2235	0.96	48	2
2236	0.96	48	2
2237	0.96	48	2
2238	0.98	49	1
2239	0.98	49	1
2240	0.98	49	1
2241	0.98	49	1
2242	0.98	49	1
2243	0.98	49	1
2244	0.96	48	2
2245	0.96	48	2
2246	0.96	48	2
2247	0.96	48	2
2248	0.98	49	1
2249	0.98	49	1
2250	0.98	49	1
2251	0.98	49	1
2252	0.98	49	1
2253	0.98	49	1
2254	0.98	49	1
2255	0.98	49	1
2256	0.98	49	1
2257	0.98	49	1
2258	0.98	49	1
2259	0.98	49	1
2260	0.98	49	1
2261	0.98	49	1
2262	0.98	49	1
2263	0.98	49	1
2264	0.98	49	1
2265	0.98	49	1
2266	0.98	49	1
2267	0.98	49	1
2268	0.98	49	1
2269	0.98	49	1
2270	0.98	49	1
2271	0.98	49	1
2272	0.98	49	1
2273	0.98	49	1
2274	0.98	49	1
2275	0.98	49	1
2276	0.98	49	1
2277	0.98	49	1
2278	0.98	49	1
2279	0.98	49	1
2280	0.98	49	1
2281	0.98	49	1
2282	0.98	49	1
2283	0.98	49	1
2284	0.98	49	1
2285	0.98	49	1
2286	0.98	49	1
2287	0.98	49	1
2288	0.98	49	1
2289	0.98	49	1
2290	0.98	49	1
2291	0.98	49	1
2292	0.96	48	2
2293	0.96	48	2
2294	0.98	49	1
2295	0.98	49	1
2296	0.98	49	1
2297	0.98	49	1
2298	0.98	49	1
2299	0.98	49	1
2300	0.96	48	2
2301	0.96	48	2
2302	0.94	47	3
2303	0.92	46	4
2304	0.92	46	4
2305	0.92	46	4
2306	0.92	46	4
2307	0.92	46	4
2308	0.92	46	4
2309	0.92	46	4
2310	0.92	46	4
2311	0.92	46	4
2312	0.92	46	4
2313	0.92	46	4
2314	0.92	46	4
2315	0.92	46	4
2316	0.92	46	4
2317	0.92	46	4
2318	0.92	46	4
2319	0.92	46	4
2320	0.92	46	4
2321	0.92	46	4
2322	0.92	46	4
2323	0.90	45	5
2324	0.90	45	5
2325	0.90	45	5
2326	0.90	45	5
2327	0.90	45	5
2328	0.90	45	5
2329	0.90	45	5
2330	0.90	45	5
2331	0.90	45	5
2332	0.90	45	5
2333	0.90	45	5
2334	0.90	45	5
2335	0.90	45	5
2336	0.90	45	5
2337	0.90	45	5
2338	0.90	45	5
2339	0.90	45	5
2340	0.90	45	5
2341	0.90	45	5
2342	0.92	46	4
2343	0.92	46	4
2344	0.92	46	4
2345	0.92	46	4
2346	0.92	46	4
2347	0.92	46	4
2348	0.92	46	4
2349	0.92	46	4
2350	0.94	47	3
2351	0.94	47	3
2352	0.96	48	2
2353	0.98	49	1
2354	0.98	49	1
2355	0.98	49	1
2356	0.98	49	1
2357	0.98	49	1
2358	0.98	49	1
2359	0.98	49	1
2360	0.98	49	1
2361	0.98	49	1
2362	0.98	49	1
2363	0.98	49	1
2364	0.98	49	1
2365	0.98	49	1
2366	0.98	49	1
2367	0.98	49	1
2368	0.98	49	1
2369	0.98	49	1
2370	0.98	49	1
2371	0.98	49	1
2372	0.98	49	1
2373	1.00	50	0
2374	1.00	50	0
2375	0.98	49	1
2376	0.98	49	1
2377	0.96	48	2
2378	0.96	48	2
2379	0.96	48	2
2380	0.96	48	2
2381	0.96	48	2
2382	0.96	48	2
2383	0.96	48	2
2384	0.96	48	2
2385	0.96	48	2
2386	0.94	47	3
2387	0.94	47	3
2388	0.94	47	3
2389	0.94	47	3
2390	0.92	46	4
2391	0.92	46	4
2392	0.92	46	4
2393	0.92	46	4
2394	0.92	46	4
2395	0.92	46	4
2396	0.92	46	4
2397	0.92	46	4
2398	0.90	45	5
2399	0.90	45	5
2400	0.90	45	5
2401	0.90	45	5
2402	0.90	45	5
2403	0.90	45	5
2404	0.90	45	5
2405	0.90	45	5
2406	0.90	45	5
2407	0.90	45	5
2408	0.90	45	5
2409	0.90	45	5
2410	0.90	45	5
2411	0.90	45	5
2412	0.90	45	5
2413	0.90	45	5
2414	0.90	45	5
2415	0.88	44	6
2416	0.86	43	7
2417	0.84	42	8
2418	0.84	42	8
2419	0.84	42	8
2420	0.84	42	8
2421	0.84	42	8
2422	0.84	42	8
2423	0.84	42	8
2424	0.84	42	8
2425	0.86	43	7
2426	0.86	43	7
2427	0.88	44	6
2428	0.88	44	6
2429	0.88	44	6
2430	0.88	44	6
2431	0.88	44	6
2432	0.88	44	6
2433	0.88	44	6
2434	0.88	44	6
2435	0.88	44	6
2436	0.90	45	5
2437	0.88	44	6
2438	0.88	44	6
2439	0.88	44	6
2440	0.90	45	5
2441	0.88	44	6
2442	0.88	44	6
2443	0.88	44	6
2444	0.88	44	6
2445	0.88	44	6
2446	0.88	44	6
2447	0.86	43	7
2448	0.88	44	6
2449	0.88	44	6
2450	0.88	44	6
2451	0.86	43	7
2452	0.86	43	7
2453	0.86	43	7
2454	0.86	43	7
2455	0.86	43	7
2456	0.86	43	7
2457	0.86	43	7
2458	0.86	43	7
2459	0.86	43	7
2460	0.86	43	7
2461	0.86	43	7
2462	0.86	43	7
2463	0.86	43	7
2464	0.86	43	7
2465	0.88	44	6
2466	0.90	45	5
2467	0.92	46	4
2468	0.92	46	4
2469	0.92	46	4
2470	0.92	46	4
2471	0.92	46	4
2472	0.92	46	4
2473	0.92	46	4
2474	0.92	46	4
2475	0.92	46	4
2476	0.92	46	4
2477	0.92	46	4
2478	0.92	46	4
2479	0.92	46	4
2480	0.92	46	4
2481	0.92	46	4
2482	0.92	46	4
2483	0.92	46	4
2484	0.92	46	4
2485	0.92	46	4
2486	0.92	46	4
2487	0.94	47	3
2488	0.94	47	3
2489	0.94	47	3
2490	0.94	47	3
2491	0.96	48	2
2492	0.96	48	2
2493	0.96	48	2
2494	0.96	48	2
2495	0.96	48	2
2496	0.96	48	2
2497	0.96	48	2
2498	0.96	48	2
2499	0.96	48	2
2500	0.04	48	2
2501	0.04	48	2
2502	0.04	48	2
2503	0.04	48	2
2504	0.04	48	2
2505	0.06	47	3
2506	0.06	47	3
2507	0.08	46	4
2508	0.10	45	5
2509	0.10	45	5
2510	0.10	45	5
2511	0.12	44	6
2512	0.14	43	7
2513	0.16	42	8
2514	0.16	42	8
2515	0.18	41	9
2516	0.20	40	10
2517	0.20	40	10
2518	0.22	39	11
2519	0.24	38	12
2520	0.24	38	12
2521	0.26	37	13
2522	0.26	37	13
2523	0.28	36	14
2524	0.30	35	15
2525	0.32	34	16
2526	0.34	33	17
2527	0.36	32	18
2528	0.36	32	18
2529	0.38	31	19
2530	0.40	30	20
2531	0.42	29	21
2532	0.42	29	21
2533	0.42	29	21
2534	0.44	28	22
2535	0.46	27	23
2536	0.48	26	24
2537	0.50	25	25
2538	0.50	25	25
2539	0.52	24	26
2540	0.54	23	27
2541	0.56	22	28
2542	0.58	21	29
2543	0.60	20	30
2544	0.62	19	31
2545	0.62	19	31
2546	0.64	18	32
2547	0.64	18	32
2548	0.66	17	33
2549	0.68	16	34
2550	0.70	15	35
2551	0.70	15	35
2552	0.72	14	36
2553	0.74	13	37
2554	0.74	13	37
2555	0.74	13	37
2556	0.76	12	38
2557	0.76	12	38
2558	0.76	12	38
2559	0.78	11	39
2560	0.80	10	40
2561	0.80	10	40
2562	0.80	10	40
2563	0.80	10	40
2564	0.82	9	41
2565	0.82	9	41
2566	0.82	9	41
2567	0.84	8	42
2568	0.84	8	42
2569	0.84	8	42
2570	0.86	7	43
2571	0.86	7	43
2572	0.88	6	44
2573	0.88	6	44
2574	0.88	6	44
2575	0.88	6	44
2576	0.86	7	43
2577	0.86	7	43
2578	0.88	6	44
2579	0.88	6	44
2580	0.88	6	44
2581	0.88	6	44
2582	0.90	5	45
2583	0.92	4	46
2584	0.92	4	46
2585	0.90	5	45
2586	0.90	5	45
2587	0.90	5	45
2588	0.92	4	46
2589	0.92	4	46
2590	0.92	4	46
2591	0.90	5	45
2592	0.90	5	45
2593	0.90	5	45
2594	0.90	5	45
2595	0.92	4	46
2596	0.90	5	45
2597	0.88	6	44
2598	0.88	6	44
2599	0.88	6	44
2600	0.88	6	44
2601	0.88	6	44
2602	0.88	6	44
2603	0.88	6	44
2604	0.90	5	45
2605	0.88	6	44
2606	0.88	6	44
2607	0.88	6	44
2608	0.88	6	44
2609	0.88	6	44
2610	0.88	6	44
2611	0.86	7	43
2612	0.86	7	43
2613	0.86	7	43
2614	0.86	7	43
2615	0.86	7	43
2616	0.86	7	43
2617	0.86	7	43
2618	0.86	7	43
2619	0.86	7	43
2620	0.86	7	43
2621	0.86	7	43
2622	0.86	7	43
2623	0.86	7	43
2624	0.86	7	43
2625	0.86	7	43
2626	0.88	6	44
2627	0.88	6	44
2628	0.88	6	44
2629	0.88	6	44
2630	0.88	6	44
2631	0.88	6	44
2632	0.88	6	44
2633	0.88	6	44
2634	0.88	6	44
2635	0.90	5	45
2636	0.90	5	45
2637	0.90	5	45
2638	0.88	6	44
2639	0.88	6	44
2640	0.88	6	44
2641	0.90	5	45
2642	0.90	5	45
2643	0.90	5	45
2644	0.90	5	45
2645	0.90	5	45
2646	0.92	4	46
2647	0.94	3	47
2648	0.94	3	47
2649	0.92	4	46
2650	0.92	4	46
2651	0.92	4	46
2652	0.92	4	46
2653	0.92	4	46
2654	0.92	4	46
2655	0.92	4	46
2656	0.92	4	46
2657	0.92	4	46
2658	0.92	4	46
2659	0.92	4	46
2660	0.92	4	46
2661	0.94	3	47
2662	0.94	3	47
2663	0.94	3	47
2664	0.94	3	47
2665	0.94	3	47
2666	0.94	3	47
2667	0.94	3	47
2668	0.94	3	47
2669	0.94	3	47
2670	0.94	3	47
2671	0.94	3	47
2672	0.94	3	47
2673	0.94	3	47
2674	0.94	3	47
2675	0.94	3	47
2676	0.94	3	47
2677	0.94	3	47
2678	0.94	3	47
2679	0.94	3	47
2680	0.94	3	47
2681	0.94	3	47
2682	0.94	3	47
2683	0.94	3	47
2684	0.94	3	47
2685	0.94	3	47
2686	0.94	3	47
2687	0.94	3	47
2688	0.96	2	48
2689	0.96	2	48
2690	0.94	3	47
2691	0.94	3	47
2692	0.94	3	47
2693	0.94	3	47
2694	0.92	4	46
2695	0.92	4	46
2696	0.92	4	46
2697	0.90	5	45
2698	0.90	5	45
2699	0.92	4	46
2700	0.92	4	46
2701	0.92	4	46
2702	0.92	4	46
2703	0.92	4	46
2704	0.92	4	46
2705	0.94	3	47
2706	0.94	3	47
2707	0.94	3	47
2708	0.94	3	47
2709	0.94	3	47
2710	0.94	3	47
2711	0.94	3	47
2712	0.94	3	47
2713	0.94	3	47
2714	0.94	3	47
2715	0.94	3	47
2716	0.94	3	47
2717	0.94	3	47
2718	0.94	3	47
2719	0.94	3	47
2720	0.94	3	47
2721	0.94	3	47
2722	0.94	3	47
2723	0.94	3	47
2724	0.94	3	47
2725	0.94	3	47
2726	0.94	3	47
2727	0.94	3	47
2728	0.94	3	47
2729	0.94	3	47
2730	0.94	3	47
2731	0.94	3	47
2732	0.94	3	47
2733	0.94	3	47
2734	0.94	3	47
2735	0.94	3	47
2736	0.94	3	47
2737	0.94	3	47
2738	0.94	3	47
2739	0.94	3	47
2740	0.96	2	48
2741	0.96	2	48
2742	0.96	2	48
2743	0.96	2	48
2744	0.98	1	49
2745	0.98	1	49
2746	0.98	1	49
2747	1.00	0	50
2748	0.98	1	49
2749	0.98	1	49
2750	0.98	1	49
2751	0.98	1	49
2752	0.98	1	49
2753	0.98	1	49
2754	0.98	1	49
2755	0.98	1	49
2756	0.98	1	49
2757	0.96	2	48
2758	0.96	2	48
2759	0.96	2	48
2760	0.96	2	48
2761	0.96	2	48
2762	0.96	2	48
2763	0.96	2	48
2764	0.96	2	48
2765	0.96	2	48
2766	0.96	2	48
2767	0.96	2	48
2768	0.96	2	48
2769	0.96	2	48
2770	0.96	2	48
2771	0.96	2	48
2772	0.96	2	48
2773	0.96	2	48
2774	0.96	2	48
2775	0.96	2	48
2776	0.96	2	48
2777	0.96	2	48
2778	0.96	2	48
2779	0.96	2	48
2780	0.96	2	48
2781	0.96	2	48
2782	0.96	2	48
2783	0.96	2	48
2784	0.96	2	48
2785	0.94	3	47
2786	0.94	3	47
2787	0.94	3	47
2788	0.94	3	47
2789	0.94	3	47
2790	0.94	3	47
2791	0.94	3	47
2792	0.94	3	47
2793	0.94	3	47
2794	0.94	3	47
2795	0.92	4	46
2796	0.90	5	45
2797	0.88	6	44
2798	0.88	6	44
2799	0.88	6	44
2800	0.88	6	44
2801	0.88	6	44
2802	0.88	6	44
2803	0.88	6	44
2804	0.88	6	44
2805	0.88	6	44
2806	0.88	6	44
2807	0.90	5	45
2808	0.90	5	45
2809	0.88	6	44
2810	0.86	7	43
2811	0.86	7	43
2812	0.86	7	43
2813	0.84	8	42
2814	0.84	8	42
2815	0.84	8	42
2816	0.84	8	42
2817	0.84	8	42
2818	0.84	8	42
2819	0.84	8	42
2820	0.84	8	42
2821	0.84	8	42
2822	0.82	9	41
2823	0.82	9	41
2824	0.82	9	41
2825	0.82	9	41
2826	0.82	9	41
2827	0.82	9	41
2828	0.82	9	41
2829	0.82	9	41
2830	0.82	9	41
2831	0.82	9	41
2832	0.82	9	41
2833	0.82	9	41
2834	0.82	9	41
2835	0.84	8	42
2836	0.84	8	42
2837	0.84	8	42
2838	0.84	8	42
2839	0.84	8	42
2840	0.84	8	42
2841	0.82	9	41
2842	0.82	9	41
2843	0.82	9	41
2844	0.82	9	41
2845	0.82	9	41
2846	0.84	8	42
2847	0.86	7	43
2848	0.88	6	44
2849	0.88	6	44
2850	0.88	6	44
2851	0.88	6	44
2852	0.88	6	44
2853	0.88	6	44
2854	0.88	6	44
2855	0.88	6	44
2856	0.88	6	44
2857	0.86	7	43
2858	0.86	7	43
2859	0.88	6	44
2860	0.90	5	45
2861	0.90	5	45
2862	0.90	5	45
2863	0.92	4	46
2864	0.92	4	46
2865	0.92	4	46
2866	0.92	4	46
2867	0.92	4	46
2868	0.90	5	45
2869	0.90	5	45
2870	0.90	5	45
2871	0.90	5	45
2872	0.90	5	45
2873	0.90	5	45
2874	0.90	5	45
2875	0.90	5	45
2876	0.90	5	45
2877	0.90	5	45
2878	0.90	5	45
2879	0.90	5	45
2880	0.90	5	45
2881	0.90	5	45
2882	0.90	5	45
2883	0.90	5	45
2884	0.90	5	45
2885	0.88	6	44
2886	0.88	6	44
2887	0.88	6	44
2888	0.88	6	44
2889	0.88	6	44
2890	0.88	6	44
2891	0.90	5	45
2892	0.90	5	45
2893	0.90	5	45
2894	0.90	5	45
2895	0.92	4	46
2896	0.92	4	46
2897	0.92	4	46
2898	0.92	4	46
2899	0.92	4	46
2900	0.92	4	46
2901	0.92	4	46
2902	0.92	4	46
2903	0.92	4	46
2904	0.92	4	46
2905	0.92	4	46
2906	0.92	4	46
2907	0.94	3	47
2908	0.94	3	47
2909	0.92	4	46
2910	0.92	4	46
2911	0.92	4	46
2912	0.92	4	46
2913	0.92	4	46
2914	0.92	4	46
2915	0.92	4	46
2916	0.92	4	46
2917	0.92	4	46
2918	0.94	3	47
2919	0.94	3	47
2920	0.94	3	47
2921	0.94	3	47
2922	0.96	2	48
2923	0.96	2	48
2924	0.94	3	47
2925	0.94	3	47
2926	0.94	3	47
2927	0.94	3	47
2928	0.94	3	47
2929	0.94	3	47
2930	0.92	4	46
2931	0.92	4	46
2932	0.92	4	46
2933	0.92	4	46
2934	0.92	4	46
2935	0.94	3	47
2936	0.94	3	47
2937	0.94	3	47
2938	0.94	3	47
2939	0.94	3	47
2940	0.94	3	47
2941	0.94	3	47
2942	0.94	3	47
2943	0.94	3	47
2944	0.94	3	47
2945	0.94	3	47
2946	0.94	3	47
2947	0.94	3	47
2948	0.94	3	47
2949	0.94	3	47
2950	0.94	3	47
2951	0.94	3	47
2952	0.94	3	47
2953	0.94	3	47
2954	0.94	3	47
2955	0.94	3	47
2956	0.94	3	47
2957	0.94	3	47
2958	0.94	3	47
2959	0.96	2	48
2960	0.96	2	48
2961	0.96	2	48
2962	0.96	2	48
2963	0.96	2	48
2964	0.96	2	48
2965	0.96	2	48
2966	0.96	2	48
2967	0.96	2	48
2968	0.96	2	48
2969	0.96	2	48
2970	0.94	3	47
2971	0.94	3	47
2972	0.94	3	47
2973	0.94	3	47
2974	0.96	2	48
2975	0.96	2	48
2976	0.96	2	48
2977	0.96	2	48
2978	0.96	2	48
2979	0.94	3	47
2980	0.96	2	48
2981	0.96	2	48
2982	0.96	2	48
2983	0.96	2	48
2984	0.96	2	48
2985	0.96	2	48
2986	0.96	2	48
2987	0.96	2	48
2988	0.96	2	48
2989	0.96	2	48
2990	0.96	2	48
2991	0.96	2	48
2992	0.96	2	48
2993	0.96	2	48
2994	0.96	2	48
2995	0.96	2	48
2996	0.96	2	48
2997	0.96	2	48
2998	0.96	2	48
2999	0.96	2	48
