timestep	swarm_quality	color_0	color_1	color_2	color_3	color_4
0	0.70	35	4	6	4	1
1	0.70	35	4	6	4	1
2	0.70	35	4	6	4	1
3	0.70	35	4	6	4	1
4	0.70	35	4	6	4	1
5	0.70	35	4	6	4	1
6	0.70	35	4	6	4	1
7	0.70	35	4	6	4	1
8	0.70	35	4	6	4	1
9	0.70	35	4	6	4	1
10	0.68	34	4	7	4	1
11	0.66	33	4	7	5	1
12	0.66	33	4	7	5	1
13	0.66	33	4	7	5	1
14	0.66	33	4	7	5	1
15	0.66	33	4	7	5	1
16	0.66	33	4	7	5	1
17	0.64	32	5	7	5	1
18	0.64	32	5	7	5	1
19	0.64	32	5	7	5	1
20	0.64	32	5	7	5	1
21	0.64	32	5	7	5	1
22	0.64	32	5	7	5	1
23	0.64	32	5	7	5	1
24	0.62	31	5	7	5	2
25	0.62	31	5	7	5	2
26	0.60	30	6	7	5	2
27	0.60	30	6	7	5	2
28	0.60	30	6	7	5	2
29	0.60	30	6	7	5	2
30	0.60	30	6	7	5	2
31	0.58	29	7	7	5	2
32	0.58	29	7	7	5	2
33	0.58	29	7	7	5	2
34	0.56	28	8	7	5	2
35	0.58	29	7	7	5	2
36	0.60	30	6	7	5	2
37	0.62	31	6	6	5	2
38	0.64	32	6	6	4	2
39	0.66	33	6	5	4	2
40	0.68	34	6	4	4	2
41	0.70	35	6	3	4	2
42	0.72	36	5	3	4	2
43	0.74	37	5	2	4	2
44	0.76	38	5	2	4	1
45	0.78	39	5	2	3	1
46	0.80	40	5	2	2	1
47	0.82	41	5	1	2	1
48	0.84	42	4	1	2	1
49	0.86	43	4	1	1	1
50	0.86	43	4	1	1	1
51	0.86	43	4	1	1	1
52	0.86	43	4	1	1	1
53	0.86	43	4	1	1	1
54	0.84	42	4	1	1	2
55	0.84	42	4	1	1	2
56	0.84	42	4	1	1	2
57	0.84	42	4	1	1	2
58	0.84	42	4	1	1	2
59	0.84	42	4	1	1	2
60	0.86	43	4	0	1	2
61	0.88	44	4	0	0	2
62	0.88	44	4	0	0	2
63	0.88	44	4	0	0	2
64	0.88	44	4	0	0	2
65	0.88	44	4	0	0	2
66	0.88	44	4	0	0	2
67	0.90	45	3	0	0	2
68	0.90	45	3	0	0	2
69	0.88	44	3	0	1	2
70	0.88	44	3	0	1	2
71	0.88	44	3	0	1	2
72	0.88	44	3	0	1	2
73	0.88	44	3	0	1	2
74	0.90	45	3	0	1	1
75	0.90	45	3	0	1	1
76	0.92	46	2	0	1	1
77	0.92	46	2	0	1	1
78	0.90	45	3	0	1	1
79	0.90	45	3	0	1	1
80	0.88	44	3	0	1	2
81	0.90	45	2	0	1	2
82	0.90	45	2	0	1	2
83	0.90	45	2	0	1	2
84	0.92	46	1	0	1	2
85	0.92	46	1	0	1	2
86	0.92	46	1	0	1	2
87	0.90	45	1	1	1	2
88	0.88	44	1	2	1	2
89	0.88	44	1	2	1	2
90	0.88	44	1	2	1	2
91	0.88	44	1	2	1	2
92	0.86	43	1	2	2	2
93	0.86	43	1	2	2	2
94	0.86	43	1	2	2	2
95	0.86	43	1	2	2	2
96	0.84	42	1	3	2	2
97	0.84	42	1	3	2	2
98	0.84	42	1	3	2	2
99	0.84	42	1	3	2	2
100	0.84	42	1	3	2	2
101	0.84	42	1	3	2	2
102	0.84	42	1	3	2	2
103	0.84	42	1	3	2	2
104	0.86	43	1	3	2	1
105	0.86	43	1	3	2	1
106	0.86	43	1	3	2	1
107	0.86	43	1	3	2	1
108	0.84	42	1	4	2	1
109	0.82	41	1	4	2	2
110	0.80	40	2	4	2	2
111	0.80	40	2	4	2	2
112	0.80	40	2	4	2	2
113	0.80	40	2	4	2	2
114	0.80	40	2	4	2	2
115	0.80	40	2	4	2	2
116	0.80	40	2	4	2	2
117	0.80	40	2	4	2	2
118	0.80	40	2	4	2	2
119	0.82	41	2	4	1	2
120	0.82	41	2	4	1	2
121	0.82	41	2	4	1	2
122	0.80	40	2	5	1	2
123	0.80	40	2	5	1	2
124	0.78	39	2	5	1	3
125	0.76	38	3	5	1	3
126	0.76	38	3	5	1	3
127	0.76	38	3	5	1	3
128	0.78	39	2	5	1	3
129	0.78	39	2	5	1	3
130	0.80	40	2	5	1	2
131	0.80	40	2	5	1	2
132	0.80	40	2	5	1	2
133	0.80	40	2	5	1	2
134	0.80	40	2	5	1	2
135	0.80	40	2	5	1	2
136	0.80	40	2	5	1	2
137	0.82	41	2	4	1	2
138	0.84	42	2	3	1	2
139	0.84	42	2	3	1	2
140	0.84	42	2	3	1	2
141	0.84	42	2	3	1	2
142	0.86	43	2	3	0	2
143	0.86	43	2	3	0	2
144	0.84	42	2	3	0	3
145	0.84	42	2	3	0	3
146	0.86	43	2	2	0	3
147	0.86	43	2	2	0	3
148	0.86	43	2	2	0	3
149	0.84	42	2	2	1	3
150	0.84	42	2	2	1	3
151	0.84	42	2	2	1	3
152	0.84	42	2	2	1	3
153	0.84	42	2	2	1	3
154	0.84	42	2	2	1	3
155	0.84	42	2	2	1	3
156	0.84	42	2	2	1	3
157	0.84	42	2	2	1	3
158	0.86	43	2	1	1	3
159	0.88	44	2	1	1	2
160	0.90	45	1	1	1	2
161	0.90	45	1	1	1	2
162	0.90	45	1	1	1	2
163	0.90	45	1	1	1	2
164	0.90	45	1	1	1	2
165	0.90	45	1	1	1	2
166	0.90	45	1	1	1	2
167	0.90	45	1	1	1	2
168	0.88	44	1	2	1	2
169	0.88	44	1	2	1	2
170	0.88	44	1	2	1	2
171	0.88	44	1	2	1	2
172	0.90	45	1	1	1	2
173	0.90	45	1	1	1	2
174	0.92	46	1	1	1	1
175	0.94	47	0	1	1	1
176	0.94	47	0	1	1	1
177	0.94	47	0	1	1	1
178	0.94	47	0	1	1	1
179	0.92	46	0	2	1	1
180	0.92	46	0	2	1	1
181	0.92	46	0	2	1	1
182	0.90	45	0	2	1	2
183	0.90	45	0	2	1	2
184	0.90	45	0	2	1	2
185	0.90	45	0	2	1	2
186	0.90	45	0	2	1	2
187	0.90	45	0	2	1	2
188	0.90	45	0	2	1	2
189	0.90	45	0	2	1	2
190	0.90	45	0	2	1	2
191	0.90	45	0	2	1	2
192	0.90	45	0	2	1	2
193	0.90	45	0	2	1	2
194	0.92	46	0	2	1	1
195	0.92	46	0	2	1	1
196	0.92	46	0	2	1	1
197	0.92	46	0	2	1	1
198	0.92	46	0	2	1	1
199	0.94	47	0	2	0	1
200	0.94	47	0	2	0	1
201	0.94	47	0	2	0	1
202	0.94	47	0	2	0	1
203	0.94	47	0	2	0	1
204	0.94	47	0	2	0	1
205	0.94	47	0	2	0	1
206	0.94	47	0	2	0	1
207	0.94	47	0	2	0	1
208	0.94	47	0	2	0	1
209	0.94	47	0	2	0	1
210	0.94	47	0	2	0	1
211	0.94	47	0	2	0	1
212	0.94	47	0	2	0	1
213	0.94	47	0	2	0	1
214	0.92	46	0	3	0	1
215	0.92	46	0	3	0	1
216	0.92	46	0	3	0	1
217	0.92	46	0	3	0	1
218	0.94	47	0	2	0	1
219	0.94	47	0	2	0	1
220	0.94	47	0	2	0	1
221	0.94	47	0	2	0	1
222	0.94	47	0	2	0	1
223	0.94	47	0	2	0	1
224	0.94	47	0	2	0	1
225	0.94	47	0	2	0	1
226	0.94	47	0	2	0	1
227	0.94	47	0	2	0	1
228	0.94	47	0	2	0	1
229	0.96	48	0	1	0	1
230	0.96	48	0	1	0	1
231	0.96	48	0	1	0	1
232	0.98	49	0	1	0	0
233	0.98	49	0	1	0	0
234	0.98	49	0	1	0	0
235	0.98	49	0	1	0	0
236	0.98	49	0	1	0	0
237	0.98	49	0	1	0	0
238	0.98	49	0	1	0	0
239	0.98	49	0	1	0	0
240	0.98	49	0	1	0	0
241	0.98	49	0	1	0	0
242	0.96	48	0	1	0	1
243	0.96	48	0	1	0	1
244	0.96	48	0	1	0	1
245	0.96	48	0	1	0	1
246	0.96	48	0	1	0	1
247	0.96	48	0	1	0	1
248	0.96	48	0	1	0	1
249	0.94	47	0	1	0	2
250	0.94	47	0	1	0	2
251	0.94	47	0	1	0	2
252	0.94	47	0	1	0	2
253	0.94	47	0	1	0	2
254	0.94	47	0	1	0	2
255	0.94	47	0	1	0	2
256	0.94	47	0	1	0	2
257	0.94	47	0	1	0	2
258	0.94	47	0	1	0	2
259	0.94	47	0	1	0	2
260	0.94	47	0	1	0	2
261	0.92	46	0	1	1	2
262	0.92	46	0	1	1	2
263	0.92	46	0	1	1	2
264	0.94	47	0	0	1	2
265	0.94	47	0	0	1	2
266	0.94	47	0	0	1	2
267	0.92	46	0	0	1	3
268	0.92	46	0	0	1	3
269	0.92	46	0	0	1	3
270	0.92	46	0	0	1	3
271	0.90	45	0	0	1	4
272	0.90	45	0	0	1	4
273	0.90	45	0	0	1	4
274	0.90	45	0	0	1	4
275	0.88	44	0	0	1	5
276	0.88	44	0	0	1	5
277	0.88	44	0	0	1	5
278	0.88	44	0	0	1	5
279	0.88	44	0	0	1	5
280	0.86	43	0	1	1	5
281	0.84	42	0	2	1	5
282	0.82	41	0	2	2	5
283	0.80	40	0	2	3	5
284	0.78	39	1	2	3	5
285	0.76	38	1	3	3	5
286	0.76	38	1	3	3	5
287	0.76	38	1	3	3	5
288	0.76	38	1	3	3	5
289	0.76	38	1	3	3	5
290	0.76	38	1	3	3	5
291	0.74	37	2	3	3	5
292	0.76	38	2	3	3	4
293	0.76	38	2	3	3	4
294	0.76	38	2	3	3	4
295	0.76	38	2	3	3	4
296	0.76	38	2	3	3	4
297	0.76	38	2	3	3	4
298	0.76	38	2	3	3	4
299	0.78	39	2	3	3	3
300	0.78	39	2	3	3	3
301	0.78	39	2	3	3	3
302	0.78	39	2	3	3	3
303	0.78	39	2	3	3	3
304	0.78	39	2	3	3	3
305	0.78	39	2	3	3	3
306	0.76	38	2	4	3	3
307	0.76	38	2	4	3	3
308	0.76	38	2	4	3	3
309	0.76	38	2	4	3	3
310	0.76	38	2	4	3	3
311	0.78	39	2	4	2	3
312	0.78	39	2	4	2	3
313	0.78	39	2	4	2	3
314	0.78	39	2	4	2	3
315	0.78	39	2	4	2	3
316	0.76	38	2	5	2	3
317	0.76	38	2	5	3	2
318	0.76	38	2	5	3	2
319	0.76	38	2	5	3	2
320	0.76	38	2	5	3	2
321	0.78	39	2	5	3	1
322	0.78	39	2	5	3	1
323	0.78	39	2	5	3	1
324	0.78	39	2	5	3	1
325	0.78	39	2	6	3	0
326	0.76	38	2	7	3	0
327	0.76	38	2	7	3	0
328	0.74	37	2	7	4	0
329	0.74	37	2	7	4	0
330	0.74	37	2	7	4	0
331	0.76	38	2	6	4	0
332	0.78	39	2	6	3	0
333	0.80	40	2	6	2	0
334	0.82	41	1	6	2	0
335	0.82	41	1	5	3	0
336	0.82	41	1	5	3	0
337	0.82	41	1	5	3	0
338	0.82	41	1	5	3	0
339	0.82	41	1	5	3	0
340	0.80	40	1	6	3	0
341	0.82	41	0	6	3	0
342	0.82	41	0	6	3	0
343	0.82	41	0	6	3	0
344	0.82	41	0	6	3	0
345	0.82	41	0	6	3	0
346	0.82	41	0	6	3	0
347	0.80	40	0	6	3	1
348	0.80	40	0	6	3	1
349	0.80	40	0	6	3	1
350	0.80	40	0	6	3	1
351	0.80	40	0	6	3	1
352	0.80	40	0	6	3	1
353	0.80	40	0	6	3	1
354	0.78	39	0	6	4	1
355	0.76	38	0	7	4	1
356	0.78	39	0	6	4	1
357	0.78	39	0	6	4	1
358	0.78	39	0	6	4	1
359	0.78	39	0	6	4	1
360	0.78	39	0	6	4	1
361	0.78	39	0	6	4	1
362	0.78	39	0	6	4	1
363	0.78	39	0	6	4	1
364	0.76	38	0	6	5	1
365	0.76	38	0	6	5	1
366	0.78	39	0	5	5	1
367	0.78	39	0	5	5	1
368	0.78	39	0	5	5	1
369	0.78	39	0	5	5	1
370	0.78	39	0	5	5	1
371	0.78	39	0	5	5	1
372	0.78	39	0	5	5	1
373	0.78	39	0	5	5	1
374	0.78	39	0	5	5	1
375	0.80	40	0	4	5	1
376	0.82	41	0	3	5	1
377	0.82	41	0	3	5	1
378	0.84	42	0	3	4	1
379	0.84	42	0	3	4	1
380	0.86	43	0	2	4	1
381	0.86	43	0	2	4	1
382	0.84	42	0	2	5	1
383	0.84	42	0	2	5	1
384	0.84	42	0	2	5	1
385	0.86	43	0	2	4	1
386	0.86	43	0	2	4	1
387	0.86	43	0	2	4	1
388	0.86	43	0	2	4	1
389	0.86	43	0	2	4	1
390	0.88	44	0	1	4	1
391	0.86	43	0	1	4	2
392	0.86	43	0	1	4	2
393	0.86	43	0	1	4	2
394	0.86	43	0	1	4	2
395	0.86	43	0	1	4	2
396	0.86	43	0	1	4	2
397	0.88	44	0	1	4	1
398	0.88	44	0	1	4	1
399	0.88	44	0	1	4	1
400	0.88	44	0	1	4	1
401	0.88	44	0	1	4	1
402	0.88	44	0	1	4	1
403	0.88	44	0	1	4	1
404	0.90	45	0	1	3	1
405	0.92	46	0	0	3	1
406	0.90	45	1	0	3	1
407	0.90	45	1	0	3	1
408	0.90	45	1	0	3	1
409	0.90	45	1	0	3	1
410	0.88	44	1	0	4	1
411	0.88	44	1	0	4	1
412	0.88	44	1	0	4	1
413	0.88	44	1	0	4	1
414	0.90	45	1	0	3	1
415	0.90	45	1	0	3	1
416	0.88	44	2	0	3	1
417	0.90	45	2	0	2	1
418	0.90	45	2	0	2	1
419	0.90	45	2	0	2	1
420	0.90	45	2	0	2	1
421	0.90	45	2	0	2	1
422	0.88	44	2	0	2	2
423	0.88	44	2	0	2	2
424	0.86	43	2	0	2	3
425	0.86	43	2	0	2	3
426	0.86	43	2	0	2	3
427	0.86	43	2	0	2	3
428	0.86	43	2	0	2	3
429	0.86	43	2	0	2	3
430	0.86	43	2	0	2	3
431	0.86	43	2	0	2	3
432	0.88	44	2	0	1	3
433	0.88	44	2	0	1	3
434	0.88	44	2	0	1	3
435	0.88	44	2	0	1	3
436	0.88	44	2	0	1	3
437	0.88	44	2	0	1	3
438	0.88	44	2	0	1	3
439	0.88	44	2	0	1	3
440	0.88	44	2	0	1	3
441	0.90	45	2	0	1	2
442	0.90	45	2	0	1	2
443	0.90	45	2	0	1	2
444	0.88	44	2	1	1	2
445	0.88	44	2	1	1	2
446	0.88	44	2	1	1	2
447	0.88	44	2	1	1	2
448	0.86	43	3	1	1	2
449	0.84	42	4	1	1	2
450	0.84	42	4	1	1	2
451	0.84	42	4	1	1	2
452	0.84	42	4	1	1	2
453	0.84	42	4	1	1	2
454	0.84	42	4	1	1	2
455	0.82	41	4	2	1	2
456	0.82	41	3	2	1	3
457	0.80	40	3	2	1	4
458	0.80	40	3	2	1	4
459	0.80	40	3	2	1	4
460	0.82	41	3	2	0	4
461	0.82	41	3	2	0	4
462	0.82	41	3	2	0	4
463	0.80	40	3	2	0	5
464	0.80	40	3	2	0	5
465	0.80	40	3	2	0	5
466	0.82	41	2	2	0	5
467	0.80	40	2	2	0	6
468	0.80	40	2	2	0	6
469	0.80	40	2	2	0	6
470	0.80	40	2	2	0	6
471	0.78	39	3	2	0	6
472	0.80	40	3	2	0	5
473	0.80	40	3	2	0	5
474	0.82	41	3	2	0	4
475	0.82	41	3	2	0	4
476	0.82	41	3	2	0	4
477	0.82	41	3	2	0	4
478	0.82	41	3	2	0	4
479	0.82	41	3	2	0	4
480	0.82	41	3	2	0	4
481	0.82	41	3	2	0	4
482	0.82	41	3	2	0	4
483	0.82	41	3	2	0	4
484	0.82	41	3	2	0	4
485	0.82	41	3	2	0	4
486	0.82	41	3	2	0	4
487	0.82	41	3	2	0	4
488	0.82	41	3	2	0	4
489	0.80	40	4	2	0	4
490	0.80	40	4	2	0	4
491	0.80	40	4	2	0	4
492	0.80	40	4	2	0	4
493	0.80	40	4	2	0	4
494	0.82	41	4	1	0	4
495	0.82	41	4	1	0	4
496	0.82	41	4	1	0	4
497	0.80	40	4	1	0	5
498	0.82	41	3	1	0	5
499	0.84	42	2	1	0	5
500	0.04	42	2	1	0	5
501	0.06	41	3	1	0	5
502	0.08	40	4	1	0	5
503	0.08	39	4	1	1	5
504	0.10	38	5	1	1	5
505	0.12	38	6	0	1	5
506	0.14	38	7	0	1	4
507	0.14	39	7	0	1	3
508	0.14	38	7	0	2	3
509	0.16	37	8	0	2	3
510	0.18	36	9	0	2	3
511	0.18	36	9	0	2	3
512	0.20	35	10	0	2	3
513	0.22	35	11	0	2	2
514	0.24	34	12	0	2	2
515	0.24	34	12	0	2	2
516	0.24	33	12	0	2	3
517	0.24	33	12	0	2	3
518	0.26	32	13	0	2	3
519	0.28	31	14	0	2	3
520	0.30	30	15	0	2	3
521	0.30	30	15	0	2	3
522	0.32	29	16	0	2	3
523	0.34	28	17	0	2	3
524	0.34	28	17	0	2	3
525	0.34	27	17	1	2	3
526	0.36	26	18	1	2	3
527	0.38	25	19	1	2	3
528	0.38	24	19	1	2	4
529	0.40	23	20	1	2	4
530	0.42	22	21	1	2	4
531	0.44	21	22	1	2	4
532	0.46	20	23	1	2	4
533	0.46	20	23	1	2	4
534	0.48	19	24	1	2	4
535	0.48	19	24	1	2	4
536	0.48	19	24	1	2	4
537	0.50	18	25	1	2	4
538	0.52	17	26	1	2	4
539	0.52	17	26	1	2	4
540	0.54	16	27	1	2	4
541	0.56	15	28	1	2	4
542	0.58	14	29	1	2	4
543	0.60	13	30	1	2	4
544	0.62	12	31	1	2	4
545	0.64	11	32	1	2	4
546	0.66	10	33	1	2	4
547	0.66	10	33	1	2	4
548	0.68	9	34	1	2	4
549	0.70	8	35	1	2	4
550	0.72	7	36	1	2	4
551	0.72	7	36	1	2	4
552	0.72	7	36	1	2	4
553	0.72	8	36	1	1	4
554	0.72	8	36	1	1	4
555	0.72	8	36	1	1	4
556	0.72	8	36	1	1	4
557	0.72	8	36	1	1	4
558	0.72	8	36	1	0	5
559	0.72	8	36	1	0	5
560	0.72	8	36	1	0	5
561	0.72	7	36	1	0	6
562	0.72	7	36	1	0	6
563	0.72	7	36	1	0	6
564	0.72	7	36	1	0	6
565	0.74	6	37	1	0	6
566	0.74	7	37	1	0	5
567	0.76	7	38	1	0	4
568	0.76	7	38	1	0	4
569	0.76	7	38	1	0	4
570	0.76	7	38	1	0	4
571	0.76	7	38	1	0	4
572	0.76	7	38	1	0	4
573	0.76	7	38	1	0	4
574	0.78	6	39	1	0	4
575	0.80	6	40	0	0	4
576	0.80	6	40	0	0	4
577	0.80	6	40	0	0	4
578	0.82	6	41	0	0	3
579	0.82	6	41	0	0	3
580	0.82	6	41	0	0	3
581	0.82	6	41	0	0	3
582	0.82	6	41	0	0	3
583	0.84	5	42	0	0	3
584	0.84	5	42	0	0	3
585	0.86	4	43	0	0	3
586	0.88	3	44	0	0	3
587	0.88	3	44	0	0	3
588	0.88	3	44	0	0	3
589	0.86	3	43	0	1	3
590	0.86	3	43	0	1	3
591	0.86	3	43	0	1	3
592	0.86	3	43	0	1	3
593	0.86	3	43	0	1	3
594	0.84	3	42	0	1	4
595	0.84	3	42	0	1	4
596	0.82	4	41	0	1	4
597	0.84	4	42	0	1	3
598	0.84	4	42	0	1	3
599	0.84	4	42	0	1	3
600	0.84	4	42	0	1	3
601	0.84	4	42	0	1	3
602	0.84	4	42	0	1	3
603	0.86	3	43	0	1	3
604	0.86	3	43	0	1	3
605	0.86	3	43	0	1	3
606	0.84	4	42	0	1	3
607	0.86	3	43	0	1	3
608	0.88	3	44	0	1	2
609	0.88	3	44	0	1	2
610	0.86	4	43	0	1	2
611	0.88	4	44	0	1	1
612	0.88	4	44	0	1	1
613	0.88	4	44	0	1	1
614	0.86	4	43	0	1	2
615	0.86	4	43	0	1	2
616	0.88	3	44	0	1	2
617	0.88	3	44	0	1	2
618	0.88	3	44	0	1	2
619	0.88	3	44	0	1	2
620	0.88	3	44	0	1	2
621	0.88	3	44	0	1	2
622	0.88	3	44	0	1	2
623	0.88	3	44	0	1	2
624	0.88	3	44	0	1	2
625	0.88	3	44	0	1	2
626	0.88	3	44	0	1	2
627	0.88	3	44	0	1	2
628	0.88	3	44	0	1	2
629	0.86	3	43	1	1	2
630	0.86	3	43	1	1	2
631	0.86	3	43	1	1	2
632	0.86	3	43	1	1	2
633	0.86	3	43	1	1	2
634	0.86	3	43	1	1	2
635	0.86	3	43	1	1	2
636	0.86	3	43	1	1	2
637	0.86	3	43	1	1	2
638	0.86	3	43	1	1	2
639	0.86	3	43	1	1	2
640	0.86	3	43	1	1	2
641	0.86	3	43	1	1	2
642	0.86	3	43	1	1	2
643	0.86	3	43	1	1	2
644	0.88	3	44	1	1	1
645	0.88	3	44	1	1	1
646	0.90	2	45	1	1	1
647	0.90	2	45	1	1	1
648	0.88	2	44	1	1	2
649	0.86	3	43	1	1	2
650	0.84	3	42	2	1	2
651	0.84	3	42	2	1	2
652	0.84	3	42	2	1	2
653	0.84	3	42	2	1	2
654	0.84	3	42	2	1	2
655	0.84	3	42	2	1	2
656	0.86	2	43	2	1	2
657	0.86	2	43	2	1	2
658	0.86	2	43	2	1	2
659	0.84	3	42	2	1	2
660	0.86	2	43	2	1	2
661	0.84	2	42	3	1	2
662	0.84	2	42	3	1	2
663	0.84	2	42	3	1	2
664	0.86	2	43	3	1	1
665	0.86	2	43	3	1	1
666	0.84	3	42	3	1	1
667	0.84	3	42	3	1	1
668	0.84	3	42	3	1	1
669	0.84	3	42	3	1	1
670	0.84	3	42	3	1	1
671	0.84	3	42	3	1	1
672	0.84	3	42	3	1	1
673	0.84	3	42	3	1	1
674	0.84	3	42	3	1	1
675	0.84	3	42	3	1	1
676	0.84	3	42	3	1	1
677	0.84	3	42	3	1	1
678	0.84	3	42	3	1	1
679	0.86	3	43	2	1	1
680	0.86	3	43	2	1	1
681	0.86	3	43	2	1	1
682	0.86	3	43	2	1	1
683	0.86	3	43	2	1	1
684	0.86	3	43	2	1	1
685	0.86	3	43	2	1	1
686	0.86	3	43	2	1	1
687	0.86	3	43	2	1	1
688	0.86	3	43	2	1	1
689	0.88	3	44	2	0	1
690	0.88	3	44	2	0	1
691	0.88	3	44	2	0	1
692	0.88	3	44	2	0	1
693	0.88	3	44	2	0	1
694	0.88	3	44	2	0	1
695	0.88	3	44	2	0	1
696	0.88	3	44	2	0	1
697	0.88	3	44	2	0	1
698	0.90	3	45	2	0	0
699	0.92	2	46	2	0	0
700	0.94	2	47	1	0	0
701	0.94	2	47	1	0	0
702	0.94	2	47	1	0	0
703	0.94	2	47	1	0	0
704	0.94	2	47	1	0	0
705	0.94	2	47	1	0	0
706	0.94	2	47	1	0	0
707	0.94	2	47	1	0	0
708	0.94	2	47	1	0	0
709	0.96	1	48	1	0	0
710	0.96	1	48	1	0	0
711	0.98	1	49	0	0	0
712	0.96	2	48	0	0	0
713	0.96	2	48	0	0	0
714	0.94	2	47	1	0	0
715	0.94	2	47	1	0	0
716	0.96	1	48	1	0	0
717	0.96	1	48	1	0	0
718	0.96	1	48	1	0	0
719	0.96	1	48	1	0	0
720	0.96	1	48	1	0	0
721	0.96	1	48	1	0	0
722	0.96	1	48	1	0	0
723	0.96	1	48	1	0	0
724	0.96	1	48	1	0	0
725	0.96	1	48	1	0	0
726	0.96	1	48	1	0	0
727	0.96	1	48	1	0	0
728	0.94	1	47	1	1	0
729	0.94	1	47	1	1	0
730	0.94	1	47	1	1	0
731	0.94	1	47	1	1	0
732	0.94	1	47	1	1	0
733	0.94	1	47	1	1	0
734	0.94	1	47	1	1	0
735	0.92	1	46	1	2	0
736	0.92	1	46	1	2	0
737	0.92	1	46	1	2	0
738	0.92	1	46	1	2	0
739	0.92	1	46	1	2	0
740	0.92	1	46	1	2	0
741	0.90	1	45	2	2	0
742	0.90	1	45	2	2	0
743	0.88	1	44	3	2	0
744	0.86	2	43	3	2	0
745	0.86	2	43	3	2	0
746	0.86	2	43	3	2	0
747	0.86	2	43	3	2	0
748	0.84	3	42	3	2	0
749	0.84	3	42	3	2	0
750	0.84	3	42	3	2	0
751	0.82	3	41	3	3	0
752	0.82	3	41	3	3	0
753	0.82	3	41	3	3	0
754	0.80	3	40	3	3	1
755	0.80	3	40	3	3	1
756	0.80	3	40	3	3	1
757	0.80	3	40	3	3	1
758	0.80	3	40	3	3	1
759	0.80	3	40	3	3	1
760	0.78	3	39	4	3	1
761	0.78	3	39	4	3	1
762	0.80	2	40	4	3	1
763	0.80	2	40	4	3	1
764	0.82	2	41	3	3	1
765	0.82	2	41	3	3	1
766	0.82	2	41	3	3	1
767	0.82	2	41	3	3	1
768	0.82	2	41	3	3	1
769	0.82	2	41	3	3	1
770	0.80	3	40	3	3	1
771	0.80	3	40	3	3	1
772	0.80	3	40	3	3	1
773	0.80	3	40	3	3	1
774	0.80	3	40	3	3	1
775	0.80	3	40	3	3	1
776	0.80	3	40	3	3	1
777	0.80	3	40	3	3	1
778	0.80	3	40	3	3	1
779	0.80	3	40	3	3	1
780	0.80	3	40	3	3	1
781	0.80	3	40	3	3	1
782	0.80	3	40	3	3	1
783	0.80	3	40	3	3	1
784	0.80	3	40	3	3	1
785	0.82	3	41	3	2	1
786	0.82	3	41	3	2	1
787	0.82	3	41	3	2	1
788	0.82	3	41	3	2	1
789	0.82	3	41	3	2	1
790	0.82	3	41	3	2	1
791	0.84	3	42	2	2	1
792	0.84	3	42	2	2	1
793	0.86	3	43	1	2	1
794	0.88	2	44	1	2	1
795	0.88	2	44	1	2	1
796	0.88	2	44	1	2	1
797	0.88	2	44	1	2	1
798	0.90	1	45	1	2	1
799	0.90	1	45	1	2	1
800	0.90	1	45	1	2	1
801	0.92	1	46	1	1	1
802	0.92	1	46	1	1	1
803	0.92	1	46	1	1	1
804	0.92	2	46	1	1	0
805	0.90	2	45	2	1	0
806	0.90	2	45	2	1	0
807	0.90	2	45	2	1	0
808	0.90	2	45	2	1	0
809	0.88	2	44	2	1	1
810	0.90	2	45	1	1	1
811	0.90	2	45	1	1	1
812	0.90	2	45	1	1	1
813	0.90	2	45	1	1	1
814	0.90	2	45	1	1	1
815	0.88	2	44	1	1	2
816	0.88	2	44	1	1	2
817	0.88	2	44	1	1	2
818	0.88	2	44	1	1	2
819	0.86	2	43	1	2	2
820	0.88	1	44	1	2	2
821	0.88	1	44	1	2	2
822	0.88	1	44	1	2	2
823	0.88	1	44	1	2	2
824	0.86	2	43	1	2	2
825	0.86	2	43	1	2	2
826	0.86	2	43	1	2	2
827	0.86	2	43	1	2	2
828	0.88	2	44	1	1	2
829	0.88	2	44	1	1	2
830	0.88	2	44	1	1	2
831	0.88	2	44	1	1	2
832	0.86	3	43	1	1	2
833	0.86	3	43	1	1	2
834	0.86	3	43	1	1	2
835	0.86	3	43	1	1	2
836	0.86	3	43	1	1	2
837	0.86	3	43	1	1	2
838	0.86	3	43	1	1	2
839	0.86	3	43	1	1	2
840	0.86	3	43	1	1	2
841	0.86	3	43	1	1	2
842	0.86	3	43	1	1	2
843	0.86	3	43	1	1	2
844	0.86	3	43	1	1	2
845	0.86	3	43	1	1	2
846	0.86	3	43	1	1	2
847	0.86	3	43	1	1	2
848	0.86	3	43	1	1	2
849	0.84	3	42	1	2	2
850	0.84	3	42	1	2	2
851	0.84	3	42	1	2	2
852	0.84	3	42	1	2	2
853	0.84	3	42	1	2	2
854	0.86	2	43	1	2	2
855	0.88	2	44	0	2	2
856	0.88	2	44	0	2	2
857	0.88	2	44	0	2	2
858	0.88	2	44	0	2	2
859	0.90	2	45	0	2	1
860	0.90	2	45	0	2	1
861	0.90	2	45	0	2	1
862	0.90	2	45	0	2	1
863	0.90	2	45	0	2	1
864	0.90	2	45	0	2	1
865	0.92	2	46	0	2	0
866	0.90	2	45	0	3	0
867	0.90	2	45	0	3	0
868	0.90	2	45	0	3	0
869	0.92	2	46	0	2	0
870	0.92	2	46	0	2	0
871	0.92	2	46	0	2	0
872	0.92	2	46	0	2	0
873	0.92	2	46	0	2	0
874	0.94	1	47	0	2	0
875	0.94	1	47	0	2	0
876	0.92	1	46	1	2	0
877	0.92	1	46	1	2	0
878	0.92	1	46	1	2	0
879	0.92	1	46	1	2	0
880	0.92	1	46	1	2	0
881	0.92	1	46	1	2	0
882	0.94	0	47	1	2	0
883	0.94	0	47	1	2	0
884	0.94	0	47	1	2	0
885	0.94	0	47	1	2	0
886	0.94	0	47	1	2	0
887	0.94	0	47	1	2	0
888	0.94	0	47	1	2	0
889	0.94	0	47	1	2	0
890	0.94	0	47	1	2	0
891	0.94	0	47	1	2	0
892	0.94	0	47	1	2	0
893	0.94	0	47	1	2	0
894	0.94	0	47	1	2	0
895	0.94	0	47	1	2	0
896	0.94	0	47	1	2	0
897	0.94	0	47	1	2	0
898	0.94	0	47	1	2	0
899	0.96	0	48	1	1	0
900	0.96	0	48	1	1	0
901	0.96	0	48	1	1	0
902	0.96	0	48	1	1	0
903	0.96	0	48	1	1	0
904	0.96	0	48	1	1	0
905	0.96	0	48	1	1	0
906	0.96	0	48	1	1	0
907	0.96	0	48	1	1	0
908	0.96	0	48	1	1	0
909	0.96	0	48	1	1	0
910	0.96	0	48	1	1	0
911	0.96	0	48	1	1	0
912	0.96	0	48	1	1	0
913	0.96	0	48	1	1	0
914	0.96	0	48	1	1	0
915	0.96	0	48	1	1	0
916	0.98	0	49	1	0	0
917	0.98	0	49	1	0	0
918	0.98	0	49	1	0	0
919	0.98	0	49	1	0	0
920	0.98	0	49	1	0	0
921	0.98	0	49	1	0	0
922	0.98	0	49	1	0	0
923	0.98	0	49	1	0	0
924	0.98	0	49	1	0	0
925	0.96	0	48	2	0	0
926	0.98	0	49	1	0	0
927	0.98	0	49	1	0	0
928	0.96	0	48	2	0	0
929	0.96	0	48	2	0	0
930	0.96	0	48	2	0	0
931	0.96	0	48	2	0	0
932	0.96	0	48	2	0	0
933	0.96	0	48	2	0	0
934	0.96	0	48	2	0	0
935	0.96	0	48	2	0	0
936	0.96	0	48	2	0	0
937	0.94	0	47	3	0	0
938	0.94	0	47	3	0	0
939	0.94	0	47	3	0	0
940	0.94	0	47	3	0	0
941	0.94	0	47	3	0	0
942	0.94	0	47	3	0	0
943	0.94	0	47	3	0	0
944	0.94	0	47	3	0	0
945	0.94	0	47	3	0	0
946	0.94	0	47	3	0	0
947	0.94	0	47	3	0	0
948	0.94	0	47	3	0	0
949	0.94	0	47	3	0	0
950	0.94	0	47	3	0	0
951	0.94	0	47	3	0	0
952	0.94	0	47	3	0	0
953	0.94	0	47	3	0	0
954	0.94	0	47	3	0	0
955	0.94	0	47	3	0	0
956	0.94	0	47	3	0	0
957	0.94	0	47	3	0	0
958	0.94	0	47	3	0	0
959	0.94	0	47	3	0	0
960	0.94	0	47	3	0	0
961	0.94	0	47	3	0	0
962	0.94	0	47	3	0	0
963	0.94	0	47	3	0	0
964	0.94	0	47	3	0	0
965	0.94	0	47	3	0	0
966	0.94	0	47	3	0	0
967	0.94	0	47	3	0	0
968	0.94	0	47	3	0	0
969	0.92	0	46	3	1	0
970	0.92	0	46	3	1	0
971	0.90	0	45	3	1	1
972	0.90	0	45	3	1	1
973	0.90	0	45	3	1	1
974	0.90	0	45	3	1	1
975	0.92	0	46	2	1	1
976	0.92	0	46	2	1	1
977	0.92	0	46	2	1	1
978	0.94	0	47	1	1	1
979	0.92	1	46	1	1	1
980	0.92	1	46	1	1	1
981	0.92	1	46	1	1	1
982	0.92	1	46	1	1	1
983	0.92	1	46	1	1	1
984	0.92	1	46	1	1	1
985	0.92	1	46	1	1	1
986	0.92	1	46	1	1	1
987	0.94	1	47	0	1	1
988	0.94	1	47	0	1	1
989	0.94	1	47	0	1	1
990	0.94	1	47	0	1	1
991	0.94	1	47	0	1	1
992	0.94	1	47	0	1	1
993	0.94	1	47	0	1	1
994	0.94	1	47	0	1	1
995	0.94	1	47	0	1	1
996	0.94	1	47	0	1	1
997	0.94	1	47	0	1	1
998	0.92	1	46	0	2	1
999	0.92	1	46	0	2	1
1000	0.00	1	46	0	2	1
1001	0.02	1	45	1	2	1
1002	0.04	1	44	2	2	1
1003	0.06	1	43	3	2	1
1004	0.06	1	43	3	2	1
1005	0.06	1	43	3	2	1
1006	0.08	1	42	4	2	1
1007	0.10	1	41	5	2	1
1008	0.10	1	41	5	2	1
1009	0.10	1	41	5	2	1
1010	0.12	1	40	6	2	1
1011	0.12	1	39	6	3	1
1012	0.14	1	38	7	3	1
1013	0.14	1	38	7	3	1
1014	0.16	1	37	8	3	1
1015	0.18	1	36	9	3	1
1016	0.20	1	35	10	3	1
1017	0.20	1	35	10	3	1
1018	0.20	1	35	10	3	1
1019	0.20	1	36	10	2	1
1020	0.22	1	35	11	2	1
1021	0.24	1	35	12	2	0
1022	0.26	1	34	13	2	0
1023	0.28	1	33	14	2	0
1024	0.30	1	32	15	2	0
1025	0.32	1	31	16	2	0
1026	0.32	1	31	16	2	0
1027	0.32	1	30	16	2	1
1028	0.34	1	29	17	2	1
1029	0.36	0	29	18	2	1
1030	0.36	0	28	18	2	2
1031	0.38	0	27	19	2	2
1032	0.40	0	26	20	2	2
1033	0.40	0	26	20	2	2
1034	0.42	0	25	21	2	2
1035	0.42	0	24	21	2	3
1036	0.44	0	23	22	2	3
1037	0.46	0	22	23	2	3
1038	0.48	0	21	24	2	3
1039	0.50	0	20	25	2	3
1040	0.50	0	20	25	2	3
1041	0.52	0	19	26	2	3
1042	0.54	0	18	27	2	3
1043	0.56	0	17	28	2	3
1044	0.58	0	16	29	2	3
1045	0.60	0	15	30	2	3
1046	0.62	0	14	31	2	3
1047	0.64	0	13	32	2	3
1048	0.66	0	13	33	1	3
1049	0.68	0	12	34	1	3
1050	0.70	0	11	35	1	3
1051	0.68	1	11	34	1	3
1052	0.68	1	11	34	1	3
1053	0.68	1	11	34	1	3
1054	0.70	1	10	35	1	3
1055	0.70	1	9	35	2	3
1056	0.70	1	9	35	2	3
1057	0.70	1	9	35	2	3
1058	0.72	1	8	36	2	3
1059	0.74	1	7	37	2	3
1060	0.74	1	7	37	2	3
1061	0.76	1	7	38	1	3
1062	0.76	1	7	38	1	3
1063	0.78	1	6	39	1	3
1064	0.76	1	6	38	1	4
1065	0.76	1	6	38	1	4
1066	0.76	1	6	38	1	4
1067	0.78	1	5	39	1	4
1068	0.78	1	4	39	1	5
1069	0.80	1	3	40	1	5
1070	0.78	1	3	39	1	6
1071	0.76	1	3	38	1	7
1072	0.76	1	3	38	1	7
1073	0.76	1	3	38	1	7
1074	0.76	1	3	38	1	7
1075	0.74	1	3	37	1	8
1076	0.76	1	2	38	1	8
1077	0.78	1	2	39	1	7
1078	0.78	1	2	39	1	7
1079	0.76	1	3	38	1	7
1080	0.78	1	3	39	1	6
1081	0.78	1	3	39	1	6
1082	0.78	1	3	39	1	6
1083	0.80	1	2	40	1	6
1084	0.78	1	2	39	1	7
1085	0.80	1	2	40	1	6
1086	0.80	1	2	40	1	6
1087	0.80	1	2	40	1	6
1088	0.80	1	2	40	1	6
1089	0.80	1	2	40	1	6
1090	0.82	1	1	41	1	6
1091	0.82	1	1	41	1	6
1092	0.82	1	1	41	1	6
1093	0.82	1	1	41	1	6
1094	0.82	1	1	41	1	6
1095	0.82	1	1	41	1	6
1096	0.82	1	1	41	1	6
1097	0.82	1	1	41	1	6
1098	0.80	2	1	40	1	6
1099	0.80	2	1	40	1	6
1100	0.80	2	1	40	1	6
1101	0.82	1	1	41	1	6
1102	0.80	1	2	40	1	6
1103	0.80	1	2	40	1	6
1104	0.80	1	2	40	1	6
1105	0.82	1	2	41	0	6
1106	0.82	1	2	41	0	6
1107	0.82	1	2	41	0	6
1108	0.82	1	2	41	0	6
1109	0.82	1	2	41	0	6
1110	0.82	1	2	41	0	6
1111	0.82	1	2	41	0	6
1112	0.80	1	2	40	1	6
1113	0.80	1	2	40	1	6
1114	0.82	1	2	41	1	5
1115	0.82	1	2	41	1	5
1116	0.82	1	2	41	1	5
1117	0.82	1	2	41	1	5
1118	0.84	1	2	42	1	4
1119	0.82	1	3	41	1	4
1120	0.84	1	3	42	1	3
1121	0.86	1	3	43	1	2
1122	0.86	1	3	43	1	2
1123	0.84	1	3	42	2	2
1124	0.84	1	3	42	2	2
1125	0.86	1	3	43	2	1
1126	0.86	1	3	43	2	1
1127	0.86	1	3	43	2	1
1128	0.86	1	3	43	2	1
1129	0.88	1	2	44	2	1
1130	0.86	2	2	43	2	1
1131	0.86	2	2	43	2	1
1132	0.84	2	3	42	2	1
1133	0.84	2	3	42	2	1
1134	0.86	2	3	43	2	0
1135	0.86	2	3	43	2	0
1136	0.86	2	3	43	2	0
1137	0.86	2	3	43	2	0
1138	0.86	2	3	43	2	0
1139	0.84	3	3	42	2	0
1140	0.84	3	3	42	2	0
1141	0.84	3	3	42	2	0
1142	0.84	3	3	42	2	0
1143	0.84	3	3	42	2	0
1144	0.84	3	3	42	2	0
1145	0.84	3	3	42	2	0
1146	0.82	3	3	41	2	1
1147	0.82	3	3	41	2	1
1148	0.84	2	3	42	2	1
1149	0.84	2	3	42	2	1
1150	0.84	2	3	42	2	1
1151	0.84	2	3	42	2	1
1152	0.86	2	2	43	2	1
1153	0.86	2	2	43	2	1
1154	0.86	2	2	43	2	1
1155	0.86	2	2	43	2	1
1156	0.84	2	2	42	3	1
1157	0.84	2	2	42	3	1
1158	0.82	2	2	41	4	1
1159	0.82	2	2	41	4	1
1160	0.82	2	2	41	4	1
1161	0.82	2	2	41	4	1
1162	0.84	2	2	42	3	1
1163	0.84	2	2	42	3	1
1164	0.84	2	2	42	3	1
1165	0.84	2	2	42	3	1
1166	0.84	2	2	42	3	1
1167	0.84	2	2	42	3	1
1168	0.84	2	2	42	3	1
1169	0.86	2	1	43	3	1
1170	0.86	2	1	43	3	1
1171	0.86	2	1	43	3	1
1172	0.86	2	1	43	3	1
1173	0.88	2	1	44	2	1
1174	0.86	2	1	43	3	1
1175	0.86	2	1	43	3	1
1176	0.86	2	1	43	3	1
1177	0.86	2	1	43	3	1
1178	0.86	2	1	43	3	1
1179	0.84	2	1	42	4	1
1180	0.86	1	1	43	4	1
1181	0.86	1	1	43	4	1
1182	0.88	1	0	44	4	1
1183	0.88	1	0	44	4	1
1184	0.88	1	0	44	4	1
1185	0.88	1	0	44	4	1
1186	0.88	1	0	44	4	1
1187	0.88	1	0	44	4	1
1188	0.88	1	0	44	4	1
1189	0.90	0	0	45	4	1
1190	0.90	0	0	45	4	1
1191	0.88	1	0	44	4	1
1192	0.88	1	0	44	4	1
1193	0.88	1	0	44	4	1
1194	0.86	2	0	43	4	1
1195	0.86	2	0	43	4	1
1196	0.86	3	0	43	4	0
1197	0.86	3	0	43	4	0
1198	0.86	3	0	43	4	0
1199	0.86	3	0	43	4	0
1200	0.86	3	0	43	4	0
1201	0.86	3	0	43	4	0
1202	0.86	3	0	43	4	0
1203	0.86	3	0	43	4	0
1204	0.84	4	0	42	4	0
1205	0.84	4	0	42	4	0
1206	0.86	4	0	43	3	0
1207	0.86	4	0	43	3	0
1208	0.88	4	0	44	2	0
1209	0.88	4	0	44	2	0
1210	0.88	4	0	44	2	0
1211	0.88	4	0	44	2	0
1212	0.88	4	0	44	2	0
1213	0.86	4	1	43	2	0
1214	0.86	4	1	43	2	0
1215	0.86	4	1	43	2	0
1216	0.86	4	1	43	2	0
1217	0.86	4	1	43	2	0
1218	0.86	4	1	43	2	0
1219	0.86	4	1	43	2	0
1220	0.86	4	1	43	2	0
1221	0.86	4	1	43	2	0
1222	0.86	4	1	43	2	0
1223	0.86	4	1	43	2	0
1224	0.88	4	1	44	1	0
1225	0.86	4	1	43	1	1
1226	0.86	4	1	43	1	1
1227	0.86	4	1	43	1	1
1228	0.86	4	1	43	1	1
1229	0.88	4	1	44	0	1
1230	0.86	4	1	43	0	2
1231	0.86	4	1	43	0	2
1232	0.86	4	1	43	0	2
1233	0.86	4	1	43	0	2
1234	0.86	4	1	43	0	2
1235	0.86	4	1	43	0	2
1236	0.84	5	1	42	0	2
1237	0.84	5	1	42	0	2
1238	0.84	5	1	42	0	2
1239	0.84	5	1	42	0	2
1240	0.84	5	1	42	0	2
1241	0.86	4	1	43	0	2
1242	0.86	4	1	43	0	2
1243	0.86	4	1	43	0	2
1244	0.88	3	1	44	0	2
1245	0.88	3	1	44	0	2
1246	0.90	2	1	45	0	2
1247	0.90	2	1	45	0	2
1248	0.90	2	1	45	0	2
1249	0.90	2	1	45	0	2
1250	0.88	2	1	44	1	2
1251	0.88	2	1	44	1	2
1252	0.88	2	1	44	1	2
1253	0.88	2	1	44	1	2
1254	0.90	1	1	45	1	2
1255	0.90	1	1	45	1	2
1256	0.90	1	1	45	1	2
1257	0.90	1	1	45	1	2
1258	0.90	1	1	45	1	2
1259	0.90	1	1	45	1	2
1260	0.90	1	1	45	1	2
1261	0.90	1	1	45	1	2
1262	0.90	1	1	45	1	2
1263	0.92	1	0	46	1	2
1264	0.90	2	0	45	1	2
1265	0.90	2	0	45	1	2
1266	0.90	2	0	45	1	2
1267	0.88	2	1	44	1	2
1268	0.88	2	1	44	1	2
1269	0.88	2	1	44	1	2
1270	0.88	2	1	44	1	2
1271	0.88	2	1	44	1	2
1272	0.88	2	1	44	1	2
1273	0.86	2	1	43	1	3
1274	0.86	2	1	43	1	3
1275	0.88	2	1	44	1	2
1276	0.88	2	1	44	1	2
1277	0.88	2	1	44	1	2
1278	0.88	2	1	44	1	2
1279	0.88	2	1	44	1	2
1280	0.90	2	1	45	1	1
1281	0.90	2	1	45	1	1
1282	0.90	2	1	45	1	1
1283	0.90	2	1	45	1	1
1284	0.90	2	1	45	1	1
1285	0.90	2	1	45	1	1
1286	0.90	1	1	45	2	1
1287	0.88	1	2	44	2	1
1288	0.88	1	2	44	2	1
1289	0.88	1	2	44	2	1
1290	0.88	1	2	44	2	1
1291	0.86	1	2	43	3	1
1292	0.84	1	3	42	3	1
1293	0.82	2	3	41	3	1
1294	0.82	2	3	41	3	1
1295	0.82	2	3	41	3	1
1296	0.82	2	3	41	3	1
1297	0.82	2	3	41	3	1
1298	0.82	2	3	41	3	1
1299	0.82	2	3	41	3	1
1300	0.82	2	4	41	2	1
1301	0.82	2	4	41	2	1
1302	0.82	2	4	41	2	1
1303	0.82	2	4	41	2	1
1304	0.82	2	4	41	2	1
1305	0.82	2	4	41	2	1
1306	0.82	2	4	41	2	1
1307	0.82	2	4	41	2	1
1308	0.82	2	4	41	2	1
1309	0.82	2	4	41	2	1
1310	0.82	2	4	41	2	1
1311	0.82	2	4	41	2	1
1312	0.82	2	4	41	2	1
1313	0.82	2	4	41	2	1
1314	0.84	1	4	42	2	1
1315	0.84	1	4	42	2	1
1316	0.84	1	4	42	2	1
1317	0.86	1	3	43	2	1
1318	0.86	1	3	43	2	1
1319	0.86	1	3	43	2	1
1320	0.84	1	3	42	3	1
1321	0.84	1	3	42	3	1
1322	0.84	1	3	42	3	1
1323	0.86	1	3	43	3	0
1324	0.86	1	3	43	3	0
1325	0.84	1	3	42	3	1
1326	0.84	1	3	42	3	1
1327	0.84	1	3	42	3	1
1328	0.84	1	3	42	3	1
1329	0.84	1	3	42	3	1
1330	0.84	1	3	42	3	1
1331	0.84	1	3	42	3	1
1332	0.84	1	3	42	3	1
1333	0.84	1	3	42	3	1
1334	0.84	1	3	42	3	1
1335	0.84	1	3	42	3	1
1336	0.86	1	3	43	2	1
1337	0.88	1	2	44	2	1
1338	0.88	1	2	44	2	1
1339	0.88	1	2	44	2	1
1340	0.88	1	2	44	2	1
1341	0.90	1	2	45	1	1
1342	0.92	1	1	46	1	1
1343	0.94	0	1	47	1	1
1344	0.92	0	2	46	1	1
1345	0.92	0	2	46	1	1
1346	0.92	0	2	46	1	1
1347	0.92	0	2	46	1	1
1348	0.92	0	2	46	1	1
1349	0.92	0	2	46	1	1
1350	0.94	0	1	47	1	1
1351	0.94	0	1	47	1	1
1352	0.92	0	1	46	2	1
1353	0.92	0	1	46	2	1
1354	0.92	0	1	46	2	1
1355	0.92	0	1	46	2	1
1356	0.92	0	1	46	2	1
1357	0.92	0	1	46	2	1
1358	0.92	0	1	46	2	1
1359	0.92	0	1	46	2	1
1360	0.92	0	1	46	2	1
1361	0.92	0	1	46	2	1
1362	0.90	0	2	45	2	1
1363	0.90	0	2	45	2	1
1364	0.90	0	2	45	2	1
1365	0.90	0	2	45	2	1
1366	0.90	0	2	45	2	1
1367	0.90	0	2	45	2	1
1368	0.90	0	2	45	2	1
1369	0.90	0	2	45	2	1
1370	0.92	0	2	46	1	1
1371	0.92	0	2	46	1	1
1372	0.92	0	2	46	1	1
1373	0.92	0	2	46	1	1
1374	0.90	0	3	45	1	1
1375	0.92	0	3	46	1	0
1376	0.90	0	3	45	2	0
1377	0.90	0	3	45	2	0
1378	0.88	0	4	44	2	0
1379	0.88	0	4	44	2	0
1380	0.88	0	4	44	2	0
1381	0.86	0	4	43	3	0
1382	0.86	0	4	43	3	0
1383	0.84	0	4	42	4	0
1384	0.84	0	4	42	4	0
1385	0.82	0	4	41	4	1
1386	0.82	0	4	41	4	1
1387	0.82	0	4	41	4	1
1388	0.82	0	4	41	4	1
1389	0.82	0	4	41	4	1
1390	0.82	0	4	41	4	1
1391	0.82	0	4	41	4	1
1392	0.82	0	4	41	4	1
1393	0.82	0	4	41	4	1
1394	0.84	0	3	42	4	1
1395	0.84	0	3	42	4	1
1396	0.84	0	3	42	4	1
1397	0.84	0	3	42	4	1
1398	0.84	0	3	42	4	1
1399	0.84	0	3	42	4	1
1400	0.84	0	3	42	4	1
1401	0.84	0	3	42	4	1
1402	0.86	0	3	43	3	1
1403	0.86	0	3	43	3	1
1404	0.84	0	4	42	3	1
1405	0.84	0	4	42	3	1
1406	0.84	0	4	42	3	1
1407	0.84	0	4	42	3	1
1408	0.84	0	4	42	3	1
1409	0.84	0	4	42	3	1
1410	0.84	0	4	42	3	1
1411	0.84	0	4	42	3	1
1412	0.86	0	3	43	3	1
1413	0.86	0	3	43	3	1
1414	0.86	0	3	43	3	1
1415	0.86	0	3	43	3	1
1416	0.86	0	3	43	3	1
1417	0.86	0	3	43	3	1
1418	0.86	0	3	43	3	1
1419	0.86	0	3	43	3	1
1420	0.84	0	3	42	3	2
1421	0.84	0	3	42	3	2
1422	0.84	0	3	42	3	2
1423	0.82	0	3	41	3	3
1424	0.84	0	2	42	3	3
1425	0.84	0	2	42	3	3
1426	0.84	0	2	42	3	3
1427	0.84	0	2	42	3	3
1428	0.86	0	1	43	3	3
1429	0.86	0	1	43	3	3
1430	0.86	0	1	43	3	3
1431	0.88	0	1	44	2	3
1432	0.88	0	1	44	2	3
1433	0.90	0	1	45	1	3
1434	0.90	0	1	45	1	3
1435	0.92	0	1	46	1	2
1436	0.92	0	1	46	1	2
1437	0.92	0	1	46	1	2
1438	0.92	0	1	46	1	2
1439	0.90	0	1	45	1	3
1440	0.90	0	1	45	1	3
1441	0.88	0	2	44	1	3
1442	0.88	0	2	44	1	3
1443	0.86	1	2	43	1	3
1444	0.84	1	2	42	1	4
1445	0.84	1	2	42	1	4
1446	0.82	1	3	41	1	4
1447	0.80	2	3	40	1	4
1448	0.80	2	3	40	1	4
1449	0.78	3	3	39	1	4
1450	0.78	3	3	39	1	4
1451	0.76	4	3	38	1	4
1452	0.76	4	3	38	1	4
1453	0.76	4	3	38	1	4
1454	0.78	4	2	39	1	4
1455	0.76	4	3	38	1	4
1456	0.76	4	3	38	1	4
1457	0.76	4	3	38	1	4
1458	0.74	4	3	37	1	5
1459	0.72	5	3	36	1	5
1460	0.72	5	3	36	1	5
1461	0.70	5	3	35	1	6
1462	0.68	6	3	34	1	6
1463	0.68	6	3	34	1	6
1464	0.68	6	3	34	1	6
1465	0.66	6	3	33	1	7
1466	0.66	6	3	33	1	7
1467	0.66	6	3	33	1	7
1468	0.66	6	3	33	1	7
1469	0.66	6	3	33	1	7
1470	0.68	6	3	34	1	6
1471	0.68	6	3	34	1	6
1472	0.68	6	3	34	1	6
1473	0.70	6	3	35	1	5
1474	0.68	6	4	34	1	5
1475	0.68	6	4	34	1	5
1476	0.70	6	4	35	0	5
1477	0.70	6	4	35	0	5
1478	0.70	6	4	35	0	5
1479	0.70	6	4	35	0	5
1480	0.70	6	4	35	0	5
1481	0.70	6	4	35	0	5
1482	0.70	6	4	35	0	5
1483	0.70	6	4	35	0	5
1484	0.70	6	4	35	0	5
1485	0.70	6	4	35	0	5
1486	0.68	6	4	34	0	6
1487	0.68	6	4	34	0	6
1488	0.68	6	4	34	0	6
1489	0.70	6	4	35	0	5
1490	0.70	6	4	35	0	5
1491	0.72	6	3	36	0	5
1492	0.72	6	3	36	0	5
1493	0.74	5	3	37	0	5
1494	0.76	5	3	38	0	4
1495	0.76	5	3	38	0	4
1496	0.78	5	2	39	0	4
1497	0.80	4	2	40	0	4
1498	0.80	4	2	40	0	4
1499	0.82	3	2	41	0	4
1500	0.02	3	2	40	1	4
1501	0.04	2	2	40	2	4
1502	0.06	2	2	39	3	4
1503	0.06	2	3	38	3	4
1504	0.06	2	3	38	3	4
1505	0.06	2	2	39	3	4
1506	0.08	2	2	38	4	4
1507	0.08	3	2	37	4	4
1508	0.10	3	2	37	5	3
1509	0.12	2	2	37	6	3
1510	0.14	2	2	36	7	3
1511	0.16	2	2	36	8	2
1512	0.18	1	2	36	9	2
1513	0.20	1	2	35	10	2
1514	0.20	1	2	35	10	2
1515	0.22	1	2	35	11	1
1516	0.22	1	2	35	11	1
1517	0.24	1	2	34	12	1
1518	0.26	1	2	33	13	1
1519	0.28	1	2	32	14	1
1520	0.28	1	2	32	14	1
1521	0.28	1	2	32	14	1
1522	0.28	2	2	31	14	1
1523	0.28	3	2	30	14	1
1524	0.30	3	1	30	15	1
1525	0.30	3	1	29	15	2
1526	0.32	3	1	28	16	2
1527	0.32	4	1	27	16	2
1528	0.34	4	1	26	17	2
1529	0.36	4	1	25	18	2
1530	0.38	4	1	24	19	2
1531	0.40	4	1	23	20	2
1532	0.42	4	1	22	21	2
1533	0.44	4	1	21	22	2
1534	0.46	4	1	20	23	2
1535	0.48	4	1	19	24	2
1536	0.50	4	1	19	25	1
1537	0.52	4	1	18	26	1
1538	0.52	5	1	17	26	1
1539	0.54	5	1	16	27	1
1540	0.56	5	1	15	28	1
1541	0.58	5	1	14	29	1
1542	0.60	5	1	13	30	1
1543	0.62	5	1	12	31	1
1544	0.64	5	1	11	32	1
1545	0.66	5	1	10	33	1
1546	0.68	5	1	9	34	1
1547	0.68	6	1	8	34	1
1548	0.70	6	1	7	35	1
1549	0.72	6	1	6	36	1
1550	0.72	6	1	6	36	1
1551	0.72	6	1	6	36	1
1552	0.70	6	1	6	35	2
1553	0.70	6	0	6	35	3
1554	0.72	6	0	5	36	3
1555	0.72	7	0	4	36	3
1556	0.72	7	0	4	36	3
1557	0.72	7	0	4	36	3
1558	0.72	7	0	4	36	3
1559	0.72	7	0	4	36	3
1560	0.72	7	0	4	36	3
1561	0.72	7	0	4	36	3
1562	0.72	7	0	4	36	3
1563	0.72	7	0	4	36	3
1564	0.72	7	0	4	36	3
1565	0.72	7	0	4	36	3
1566	0.74	7	0	3	37	3
1567	0.72	7	0	4	36	3
1568	0.72	7	0	4	36	3
1569	0.72	7	0	4	36	3
1570	0.74	7	0	3	37	3
1571	0.76	7	0	2	38	3
1572	0.78	6	0	2	39	3
1573	0.80	5	0	2	40	3
1574	0.78	6	0	2	39	3
1575	0.80	6	0	2	40	2
1576	0.80	6	0	2	40	2
1577	0.80	5	1	2	40	2
1578	0.78	5	2	2	39	2
1579	0.78	5	2	2	39	2
1580	0.78	5	2	2	39	2
1581	0.78	5	2	2	39	2
1582	0.78	5	2	2	39	2
1583	0.76	6	2	2	38	2
1584	0.74	7	2	2	37	2
1585	0.74	7	2	2	37	2
1586	0.74	7	2	2	37	2
1587	0.74	7	2	2	37	2
1588	0.76	6	2	2	38	2
1589	0.76	6	2	2	38	2
1590	0.76	6	2	2	38	2
1591	0.76	6	2	2	38	2
1592	0.76	6	2	2	38	2
1593	0.76	6	2	2	38	2
1594	0.76	6	2	2	38	2
1595	0.76	6	2	2	38	2
1596	0.76	6	2	2	38	2
1597	0.78	5	2	2	39	2
1598	0.78	5	2	2	39	2
1599	0.78	5	2	2	39	2
1600	0.78	5	2	2	39	2
1601	0.76	5	2	2	38	3
1602	0.78	5	2	2	39	2
1603	0.80	5	2	2	40	1
1604	0.78	5	2	3	39	1
1605	0.78	4	3	3	39	1
1606	0.78	4	3	3	39	1
1607	0.78	3	3	3	39	2
1608	0.78	3	3	3	39	2
1609	0.78	3	3	3	39	2
1610	0.78	3	3	3	39	2
1611	0.78	3	3	3	39	2
1612	0.78	3	3	3	39	2
1613	0.76	3	3	3	38	3
1614	0.78	3	3	2	39	3
1615	0.78	3	3	2	39	3
1616	0.78	3	3	2	39	3
1617	0.78	3	3	1	39	4
1618	0.78	3	3	1	39	4
1619	0.78	3	3	1	39	4
1620	0.78	3	3	1	39	4
1621	0.78	3	3	1	39	4
1622	0.78	3	3	1	39	4
1623	0.78	3	3	1	39	4
1624	0.80	2	3	1	40	4
1625	0.80	2	3	1	40	4
1626	0.80	2	3	1	40	4
1627	0.82	2	2	1	41	4
1628	0.84	2	1	1	42	4
1629	0.82	3	1	1	41	4
1630	0.82	3	1	1	41	4
1631	0.82	3	1	1	41	4
1632	0.80	3	1	1	40	5
1633	0.80	2	2	1	40	5
1634	0.82	1	2	1	41	5
1635	0.82	1	2	1	41	5
1636	0.82	1	2	1	41	5
1637	0.82	1	2	1	41	5
1638	0.82	1	2	1	41	5
1639	0.82	1	2	1	41	5
1640	0.80	1	2	2	40	5
1641	0.78	1	3	2	39	5
1642	0.78	1	3	2	39	5
1643	0.78	1	3	2	39	5
1644	0.78	1	3	2	39	5
1645	0.78	1	3	2	39	5
1646	0.76	1	4	2	38	5
1647	0.76	1	4	2	38	5
1648	0.76	1	4	2	38	5
1649	0.76	1	4	2	38	5
1650	0.74	1	4	3	37	5
1651	0.76	1	4	3	38	4
1652	0.76	1	4	3	38	4
1653	0.76	1	4	3	38	4
1654	0.78	1	4	2	39	4
1655	0.80	1	3	2	40	4
1656	0.80	1	3	2	40	4
1657	0.82	1	3	2	41	3
1658	0.80	1	3	2	40	4
1659	0.78	1	3	3	39	4
1660	0.76	2	3	3	38	4
1661	0.76	2	3	3	38	4
1662	0.76	2	3	3	38	4
1663	0.78	2	3	3	39	3
1664	0.78	2	3	3	39	3
1665	0.78	2	3	3	39	3
1666	0.78	2	3	3	39	3
1667	0.80	2	3	3	40	2
1668	0.80	2	3	3	40	2
1669	0.80	2	3	3	40	2
1670	0.80	2	3	3	40	2
1671	0.78	3	3	3	39	2
1672	0.78	3	3	3	39	2
1673	0.78	3	3	3	39	2
1674	0.78	3	3	3	39	2
1675	0.78	3	3	3	39	2
1676	0.78	3	3	3	39	2
1677	0.78	3	3	3	39	2
1678	0.78	3	3	3	39	2
1679	0.80	2	3	3	40	2
1680	0.80	2	3	3	40	2
1681	0.80	2	3	3	40	2
1682	0.80	2	3	4	40	1
1683	0.82	2	2	4	41	1
1684	0.82	2	2	4	41	1
1685	0.82	2	2	4	41	1
1686	0.82	2	2	4	41	1
1687	0.82	2	2	4	41	1
1688	0.82	2	2	4	41	1
1689	0.82	2	2	4	41	1
1690	0.84	2	2	3	42	1
1691	0.84	2	2	3	42	1
1692	0.84	2	2	3	42	1
1693	0.84	2	2	3	42	1
1694	0.82	2	2	4	41	1
1695	0.82	2	2	4	41	1
1696	0.84	2	1	4	42	1
1697	0.84	2	1	4	42	1
1698	0.84	2	1	4	42	1
1699	0.82	2	1	5	41	1
1700	0.84	2	1	4	42	1
1701	0.84	2	1	4	42	1
1702	0.84	2	1	4	42	1
1703	0.84	2	1	4	42	1
1704	0.84	2	1	4	42	1
1705	0.84	2	1	4	42	1
1706	0.84	2	1	4	42	1
1707	0.84	2	1	4	42	1
1708	0.86	2	1	4	43	0
1709	0.86	3	1	3	43	0
1710	0.88	2	1	3	44	0
1711	0.86	3	1	3	43	0
1712	0.86	3	1	3	43	0
1713	0.86	3	1	3	43	0
1714	0.86	3	1	3	43	0
1715	0.86	3	1	3	43	0
1716	0.84	3	2	3	42	0
1717	0.82	4	2	3	41	0
1718	0.82	4	2	3	41	0
1719	0.82	4	2	3	41	0
1720	0.82	4	2	3	41	0
1721	0.84	3	2	3	42	0
1722	0.84	3	2	3	42	0
1723	0.84	3	2	3	42	0
1724	0.84	3	2	3	42	0
1725	0.84	3	2	3	42	0
1726	0.84	3	2	3	42	0
1727	0.84	3	2	3	42	0
1728	0.84	3	2	3	42	0
1729	0.84	3	2	3	42	0
1730	0.84	3	2	3	42	0
1731	0.84	3	2	3	42	0
1732	0.84	3	2	2	42	1
1733	0.84	3	2	2	42	1
1734	0.84	3	2	2	42	1
1735	0.84	3	2	2	42	1
1736	0.84	3	2	2	42	1
1737	0.84	3	2	2	42	1
1738	0.84	3	2	2	42	1
1739	0.84	3	2	2	42	1
1740	0.84	3	2	2	42	1
1741	0.86	3	1	2	43	1
1742	0.86	3	1	2	43	1
1743	0.86	3	1	2	43	1
1744	0.88	3	1	1	44	1
1745	0.86	4	1	1	43	1
1746	0.86	4	1	1	43	1
1747	0.86	4	1	1	43	1
1748	0.86	4	1	1	43	1
1749	0.88	4	1	0	44	1
1750	0.88	4	1	0	44	1
1751	0.86	4	1	0	43	2
1752	0.84	4	1	0	42	3
1753	0.84	4	1	0	42	3
1754	0.84	4	1	0	42	3
1755	0.84	4	1	0	42	3
1756	0.84	4	1	0	42	3
1757	0.84	4	1	0	42	3
1758	0.84	4	1	0	42	3
1759	0.86	3	1	0	43	3
1760	0.86	3	1	0	43	3
1761	0.88	2	1	0	44	3
1762	0.88	2	1	0	44	3
1763	0.86	2	1	1	43	3
1764	0.86	2	1	1	43	3
1765	0.86	2	1	1	43	3
1766	0.88	2	0	1	44	3
1767	0.90	1	0	1	45	3
1768	0.90	1	0	1	45	3
1769	0.90	1	0	1	45	3
1770	0.90	1	0	1	45	3
1771	0.90	1	0	1	45	3
1772	0.90	1	0	1	45	3
1773	0.90	1	0	1	45	3
1774	0.90	1	0	1	45	3
1775	0.90	1	0	1	45	3
1776	0.90	1	0	1	45	3
1777	0.88	1	0	2	44	3
1778	0.88	1	0	2	44	3
1779	0.88	1	0	2	44	3
1780	0.88	1	0	2	44	3
1781	0.86	1	0	2	43	4
1782	0.88	1	0	2	44	3
1783	0.88	1	0	2	44	3
1784	0.86	2	0	2	43	3
1785	0.84	3	0	2	42	3
1786	0.84	3	0	2	42	3
1787	0.84	3	0	2	42	3
1788	0.84	3	0	2	42	3
1789	0.82	4	0	2	41	3
1790	0.82	4	0	2	41	3
1791	0.80	4	1	2	40	3
1792	0.80	4	1	2	40	3
1793	0.80	4	1	2	40	3
1794	0.78	4	2	2	39	3
1795	0.80	3	2	2	40	3
1796	0.80	3	2	2	40	3
1797	0.80	3	2	2	40	3
1798	0.80	3	2	2	40	3
1799	0.80	3	2	2	40	3
1800	0.80	3	2	2	40	3
1801	0.82	3	2	2	41	2
1802	0.84	3	2	2	42	1
1803	0.84	3	2	2	42	1
1804	0.84	3	2	2	42	1
1805	0.84	3	2	2	42	1
1806	0.84	3	2	2	42	1
1807	0.84	3	2	2	42	1
1808	0.84	3	2	2	42	1
1809	0.84	3	2	2	42	1
1810	0.82	3	2	3	41	1
1811	0.82	3	2	3	41	1
1812	0.82	3	2	3	41	1
1813	0.84	3	2	2	42	1
1814	0.82	3	2	2	41	2
1815	0.82	3	2	2	41	2
1816	0.82	3	2	2	41	2
1817	0.82	3	2	2	41	2
1818	0.80	3	3	2	40	2
1819	0.78	3	3	3	39	2
1820	0.76	3	3	3	38	3
1821	0.76	3	3	3	38	3
1822	0.76	3	3	3	38	3
1823	0.76	3	3	3	38	3
1824	0.76	3	3	3	38	3
1825	0.74	3	3	3	37	4
1826	0.74	3	3	3	37	4
1827	0.76	3	3	2	38	4
1828	0.76	3	3	2	38	4
1829	0.76	3	3	2	38	4
1830	0.76	3	3	2	38	4
1831	0.78	3	3	2	39	3
1832	0.78	3	3	2	39	3
1833	0.78	3	3	2	39	3
1834	0.80	2	3	2	40	3
1835	0.82	1	3	2	41	3
1836	0.82	1	3	2	41	3
1837	0.80	1	3	2	40	4
1838	0.80	1	3	2	40	4
1839	0.82	0	3	2	41	4
1840	0.80	0	3	3	40	4
1841	0.80	0	2	3	40	5
1842	0.80	0	2	3	40	5
1843	0.78	0	2	3	39	6
1844	0.80	0	1	3	40	6
1845	0.80	0	1	3	40	6
1846	0.78	0	1	4	39	6
1847	0.78	0	1	4	39	6
1848	0.78	0	1	4	39	6
1849	0.78	0	1	4	39	6
1850	0.76	0	1	4	38	7
1851	0.76	0	1	4	38	7
1852	0.74	0	1	5	37	7
1853	0.74	0	1	5	37	7
1854	0.74	0	1	5	37	7
1855	0.74	0	1	5	37	7
1856	0.72	1	1	5	36	7
1857	0.70	1	1	5	35	8
1858	0.70	1	1	5	35	8
1859	0.70	1	1	5	35	8
1860	0.72	1	1	4	36	8
1861	0.72	1	1	4	36	8
1862	0.72	1	1	4	36	8
1863	0.72	1	1	4	36	8
1864	0.72	1	1	5	36	7
1865	0.72	1	1	5	36	7
1866	0.70	1	1	6	35	7
1867	0.68	1	1	6	34	8
1868	0.68	2	0	6	34	8
1869	0.70	2	0	5	35	8
1870	0.72	2	0	5	36	7
1871	0.72	2	0	5	36	7
1872	0.72	2	0	5	36	7
1873	0.72	2	0	5	36	7
1874	0.72	2	0	5	36	7
1875	0.74	2	0	5	37	6
1876	0.74	2	0	5	37	6
1877	0.74	2	0	5	37	6
1878	0.74	2	0	5	37	6
1879	0.74	2	0	5	37	6
1880	0.74	2	0	5	37	6
1881	0.72	2	1	5	36	6
1882	0.72	2	1	5	36	6
1883	0.70	2	1	6	35	6
1884	0.70	2	1	6	35	6
1885	0.70	2	1	6	35	6
1886	0.68	3	1	6	34	6
1887	0.68	3	2	6	34	5
1888	0.68	3	2	6	34	5
1889	0.68	3	2	6	34	5
1890	0.70	3	2	5	35	5
1891	0.72	3	2	5	36	4
1892	0.72	3	2	5	36	4
1893	0.74	3	2	5	37	3
1894	0.72	3	3	5	36	3
1895	0.72	3	3	5	36	3
1896	0.74	3	3	4	37	3
1897	0.74	3	3	4	37	3
1898	0.74	3	3	4	37	3
1899	0.74	3	3	4	37	3
1900	0.76	3	3	4	38	2
1901	0.76	3	3	4	38	2
1902	0.78	3	3	3	39	2
1903	0.78	3	3	3	39	2
1904	0.78	3	3	3	39	2
1905	0.78	3	3	3	39	2
1906	0.78	3	3	3	39	2
1907	0.80	3	3	3	40	1
1908	0.80	3	3	3	40	1
1909	0.80	3	3	3	40	1
1910	0.80	3	3	3	40	1
1911	0.80	3	3	3	40	1
1912	0.80	3	3	3	40	1
1913	0.80	3	3	3	40	1
1914	0.82	3	3	2	41	1
1915	0.82	3	3	2	41	1
1916	0.84	3	3	1	42	1
1917	0.86	3	3	1	43	0
1918	0.88	2	3	1	44	0
1919	0.88	2	3	1	44	0
1920	0.88	2	3	1	44	0
1921	0.88	2	3	1	44	0
1922	0.88	2	3	1	44	0
1923	0.88	2	3	1	44	0
1924	0.88	2	3	1	44	0
1925	0.88	2	3	1	44	0
1926	0.88	2	3	1	44	0
1927	0.88	2	3	1	44	0
1928	0.88	2	3	1	44	0
1929	0.88	2	3	1	44	0
1930	0.86	2	3	2	43	0
1931	0.88	2	2	2	44	0
1932	0.88	2	2	2	44	0
1933	0.90	2	2	1	45	0
1934	0.90	2	2	1	45	0
1935	0.90	2	2	1	45	0
1936	0.92	1	2	1	46	0
1937	0.94	1	1	1	47	0
1938	0.94	1	1	1	47	0
1939	0.94	1	1	1	47	0
1940	0.94	1	1	1	47	0
1941	0.94	1	1	1	47	0
1942	0.94	1	1	1	47	0
1943	0.94	1	1	1	47	0
1944	0.96	1	0	1	48	0
1945	0.94	1	0	2	47	0
1946	0.94	1	0	2	47	0
1947	0.92	1	0	2	46	1
1948	0.92	1	0	2	46	1
1949	0.92	1	0	2	46	1
1950	0.92	1	0	2	46	1
1951	0.92	1	0	2	46	1
1952	0.90	1	0	3	45	1
1953	0.90	1	0	3	45	1
1954	0.90	1	0	3	45	1
1955	0.90	1	0	3	45	1
1956	0.92	0	0	3	46	1
1957	0.92	0	0	3	46	1
1958	0.92	0	0	3	46	1
1959	0.92	0	0	3	46	1
1960	0.92	0	0	3	46	1
1961	0.92	0	0	3	46	1
1962	0.92	0	0	3	46	1
1963	0.92	0	0	3	46	1
1964	0.92	0	0	3	46	1
1965	0.92	0	0	3	46	1
1966	0.92	0	0	3	46	1
1967	0.90	0	0	3	45	2
1968	0.88	1	0	3	44	2
1969	0.88	1	0	3	44	2
1970	0.86	1	0	4	43	2
1971	0.86	1	0	4	43	2
1972	0.86	1	0	4	43	2
1973	0.86	1	0	4	43	2
1974	0.86	1	0	4	43	2
1975	0.86	1	0	4	43	2
1976	0.86	1	0	4	43	2
1977	0.84	1	1	4	42	2
1978	0.82	1	2	4	41	2
1979	0.82	1	2	4	41	2
1980	0.84	1	2	3	42	2
1981	0.84	1	2	3	42	2
1982	0.82	2	2	3	41	2
1983	0.82	2	2	3	41	2
1984	0.82	2	2	3	41	2
1985	0.82	2	2	3	41	2
1986	0.82	2	2	3	41	2
1987	0.82	2	2	3	41	2
1988	0.82	2	2	3	41	2
1989	0.82	2	2	3	41	2
1990	0.82	2	2	3	41	2
1991	0.82	2	2	3	41	2
1992	0.82	2	2	3	41	2
1993	0.82	2	2	3	41	2
1994	0.82	2	2	3	41	2
1995	0.84	2	2	2	42	2
1996	0.84	2	2	2	42	2
1997	0.86	2	2	2	43	1
1998	0.86	2	2	2	43	1
1999	0.86	2	2	2	43	1
2000	0.04	2	2	2	42	2
2001	0.04	2	2	2	42	2
2002	0.06	2	2	1	42	3
2003	0.06	2	2	1	42	3
2004	0.08	2	2	1	41	4
2005	0.10	2	2	1	40	5
2006	0.12	2	2	1	39	6
2007	0.14	2	2	1	38	7
2008	0.14	2	2	1	38	7
2009	0.16	2	2	1	37	8
2010	0.18	2	2	1	36	9
2011	0.18	2	2	1	36	9
2012	0.20	2	2	1	35	10
2013	0.20	2	2	1	35	10
2014	0.22	2	2	1	34	11
2015	0.22	2	2	1	34	11
2016	0.24	2	2	1	33	12
2017	0.24	2	2	1	33	12
2018	0.26	1	2	1	33	13
2019	0.28	1	2	1	32	14
2020	0.28	1	2	0	33	14
2021	0.28	1	2	0	33	14
2022	0.30	1	2	0	32	15
2023	0.32	1	2	0	31	16
2024	0.34	1	2	0	30	17
2025	0.34	1	2	1	29	17
2026	0.36	1	2	1	28	18
2027	0.38	1	1	1	28	19
2028	0.40	1	0	1	28	20
2029	0.42	1	0	1	27	21
2030	0.44	1	0	1	26	22
2031	0.46	1	0	1	25	23
2032	0.48	0	0	1	25	24
2033	0.48	0	0	1	25	24
2034	0.50	0	0	1	24	25
2035	0.52	0	0	1	23	26
2036	0.54	0	0	1	22	27
2037	0.54	0	0	1	22	27
2038	0.54	1	0	1	21	27
2039	0.54	1	1	1	20	27
2040	0.56	1	1	1	19	28
2041	0.58	1	1	1	18	29
2042	0.60	1	1	1	17	30
2043	0.62	1	1	1	16	31
2044	0.64	1	1	1	15	32
2045	0.66	1	1	1	14	33
2046	0.68	1	1	1	13	34
2047	0.70	1	1	1	12	35
2048	0.72	1	1	1	11	36
2049	0.74	1	1	1	10	37
2050	0.74	1	1	1	10	37
2051	0.76	1	1	1	9	38
2052	0.76	1	1	1	9	38
2053	0.78	1	1	1	8	39
2054	0.78	1	1	1	8	39
2055	0.78	1	1	1	8	39
2056	0.78	1	1	1	8	39
2057	0.78	1	1	1	8	39
2058	0.78	1	1	1	8	39
2059	0.76	2	1	1	8	38
2060	0.76	2	1	1	8	38
2061	0.78	2	1	1	7	39
2062	0.78	2	1	1	7	39
2063	0.80	2	1	1	6	40
2064	0.80	2	1	1	6	40
2065	0.82	2	1	1	5	41
2066	0.82	2	1	1	5	41
2067	0.82	2	1	1	5	41
2068	0.82	2	1	1	5	41
2069	0.82	2	1	1	5	41
2070	0.82	2	1	2	4	41
2071	0.84	2	1	2	3	42
2072	0.84	2	1	2	3	42
2073	0.84	2	1	2	3	42
2074	0.84	2	1	2	3	42
2075	0.84	3	1	1	3	42
2076	0.84	3	1	1	3	42
2077	0.84	3	1	1	3	42
2078	0.84	3	1	1	3	42
2079	0.82	3	1	1	4	41
2080	0.80	3	1	2	4	40
2081	0.80	3	1	2	4	40
2082	0.80	3	1	2	4	40
2083	0.82	3	1	2	3	41
2084	0.82	3	1	2	3	41
2085	0.82	3	1	2	3	41
2086	0.80	3	2	2	3	40
2087	0.82	3	2	2	2	41
2088	0.84	2	2	2	2	42
2089	0.86	2	1	2	2	43
2090	0.86	2	1	2	2	43
2091	0.86	2	1	2	2	43
2092	0.84	2	1	2	3	42
2093	0.84	2	1	2	3	42
2094	0.84	2	1	2	3	42
2095	0.84	2	1	2	3	42
2096	0.84	2	1	2	3	42
2097	0.84	2	1	2	3	42
2098	0.84	2	1	2	3	42
2099	0.84	2	1	2	3	42
2100	0.84	2	1	2	3	42
2101	0.84	2	1	2	3	42
2102	0.84	2	1	2	3	42
2103	0.84	2	1	2	3	42
2104	0.84	2	1	2	3	42
2105	0.84	2	1	2	3	42
2106	0.84	2	1	2	3	42
2107	0.82	3	1	2	3	41
2108	0.84	3	1	2	2	42
2109	0.86	2	1	2	2	43
2110	0.86	2	1	2	2	43
2111	0.86	2	1	2	2	43
2112	0.84	2	1	3	2	42
2113	0.84	2	1	3	2	42
2114	0.84	2	1	3	2	42
2115	0.84	2	1	3	2	42
2116	0.84	2	1	3	2	42
2117	0.84	2	1	3	2	42
2118	0.84	2	1	3	2	42
2119	0.84	2	1	3	2	42
2120	0.86	2	1	2	2	43
2121	0.86	2	1	2	2	43
2122	0.86	2	1	2	2	43
2123	0.86	2	1	2	2	43
2124	0.86	2	1	2	2	43
2125	0.88	1	1	2	2	44
2126	0.88	1	1	2	2	44
2127	0.88	1	1	2	2	44
2128	0.88	1	1	2	2	44
2129	0.90	1	1	2	1	45
2130	0.92	1	1	1	1	46
2131	0.92	1	1	1	1	46
2132	0.92	1	1	1	1	46
2133	0.92	1	1	1	1	46
2134	0.92	1	1	1	1	46
2135	0.92	1	1	1	1	46
2136	0.94	1	0	1	1	47
2137	0.94	1	0	1	1	47
2138	0.94	1	0	1	1	47
2139	0.94	1	0	1	1	47
2140	0.92	1	0	1	2	46
2141	0.92	1	0	1	2	46
2142	0.94	1	0	1	1	47
2143	0.94	1	0	1	1	47
2144	0.94	1	0	1	1	47
2145	0.92	1	0	1	2	46
2146	0.92	1	0	1	2	46
2147	0.92	1	0	1	2	46
2148	0.92	1	0	1	2	46
2149	0.92	1	0	1	2	46
2150	0.92	1	0	1	2	46
2151	0.92	1	0	1	2	46
2152	0.92	1	0	1	2	46
2153	0.92	1	0	1	2	46
2154	0.92	1	0	1	2	46
2155	0.92	1	0	1	2	46
2156	0.92	1	0	1	2	46
2157	0.94	0	0	1	2	47
2158	0.94	0	0	1	2	47
2159	0.94	0	0	1	2	47
2160	0.94	0	0	1	2	47
2161	0.92	0	1	1	2	46
2162	0.94	0	1	0	2	47
2163	0.94	0	1	0	2	47
2164	0.94	0	1	0	2	47
2165	0.92	1	1	0	2	46
2166	0.92	1	1	0	2	46
2167	0.92	1	1	0	2	46
2168	0.90	1	1	1	2	45
2169	0.90	1	1	1	2	45
2170	0.90	1	1	1	2	45
2171	0.88	2	1	1	2	44
2172	0.88	2	1	1	2	44
2173	0.88	2	1	1	2	44
2174	0.86	3	1	1	2	43
2175	0.84	3	1	2	2	42
2176	0.84	3	1	2	2	42
2177	0.84	3	1	2	2	42
2178	0.84	3	1	2	2	42
2179	0.84	3	1	2	2	42
2180	0.84	3	1	2	2	42
2181	0.84	3	1	2	2	42
2182	0.82	4	1	2	2	41
2183	0.82	4	1	2	2	41
2184	0.82	4	1	2	2	41
2185	0.82	4	1	2	2	41
2186	0.82	4	1	2	2	41
2187	0.82	4	1	2	2	41
2188	0.82	4	1	2	2	41
2189	0.82	4	1	2	2	41
2190	0.84	4	1	2	1	42
2191	0.84	4	1	2	1	42
2192	0.84	4	1	2	1	42
2193	0.82	4	1	2	2	41
2194	0.82	4	1	2	2	41
2195	0.84	4	1	2	1	42
2196	0.84	4	1	2	1	42
2197	0.84	4	1	2	1	42
2198	0.84	4	1	2	1	42
2199	0.84	4	1	2	1	42
2200	0.82	4	1	2	2	41
2201	0.82	4	1	2	2	41
2202	0.82	4	1	2	2	41
2203	0.82	4	1	2	2	41
2204	0.82	4	1	2	2	41
2205	0.82	4	1	2	2	41
2206	0.82	4	1	2	2	41
2207	0.82	4	1	2	2	41
2208	0.82	4	1	2	2	41
2209	0.82	4	1	2	2	41
2210	0.82	4	1	2	2	41
2211	0.84	4	0	2	2	42
2212	0.84	4	0	2	2	42
2213	0.84	4	0	2	2	42
2214	0.84	4	0	2	2	42
2215	0.86	3	0	2	2	43
2216	0.86	3	0	2	2	43
2217	0.86	3	0	2	2	43
2218	0.88	3	0	1	2	44
2219	0.88	3	0	1	2	44
2220	0.88	3	0	1	2	44
2221	0.90	2	0	1	2	45
2222	0.90	2	0	1	2	45
2223	0.90	2	0	1	2	45
2224	0.92	1	0	1	2	46
2225	0.94	1	0	0	2	47
2226	0.94	1	0	0	2	47
2227	0.94	1	0	0	2	47
2228	0.94	1	0	0	2	47
2229	0.94	1	0	0	2	47
2230	0.94	1	0	0	2	47
2231	0.94	1	0	0	2	47
2232	0.96	0	0	0	2	48
2233	0.96	0	0	0	2	48
2234	0.96	0	0	0	2	48
2235	0.94	0	0	1	2	47
2236	0.94	0	0	1	2	47
2237	0.94	0	0	1	2	47
2238	0.94	0	0	1	2	47
2239	0.94	0	0	1	2	47
2240	0.94	0	0	1	2	47
2241	0.92	0	1	1	2	46
2242	0.92	0	1	1	2	46
2243	0.94	0	1	1	1	47
2244	0.94	0	1	1	1	47
2245	0.92	0	2	1	1	46
2246	0.92	0	2	1	1	46
2247	0.92	0	2	1	1	46
2248	0.92	0	2	1	1	46
2249	0.92	0	2	1	1	46
2250	0.92	1	2	1	0	46
2251	0.92	1	2	1	0	46
2252	0.92	1	2	1	0	46
2253	0.92	1	2	1	0	46
2254	0.92	1	2	1	0	46
2255	0.92	1	2	1	0	46
2256	0.92	1	2	1	0	46
2257	0.92	1	2	1	0	46
2258	0.92	1	2	1	0	46
2259	0.92	1	2	1	0	46
2260	0.92	1	2	1	0	46
2261	0.92	1	2	1	0	46
2262	0.92	1	2	1	0	46
2263	0.90	2	2	1	0	45
2264	0.90	2	2	1	0	45
2265	0.90	2	2	1	0	45
2266	0.90	2	2	1	0	45
2267	0.88	2	2	1	1	44
2268	0.88	2	2	1	1	44
2269	0.88	2	2	1	1	44
2270	0.88	2	2	1	1	44
2271	0.86	3	2	1	1	43
2272	0.86	3	2	1	1	43
2273	0.84	4	2	1	1	42
2274	0.84	4	2	1	1	42
2275	0.82	4	2	1	2	41
2276	0.82	4	2	1	2	41
2277	0.82	4	2	1	2	41
2278	0.80	4	2	2	2	40
2279	0.80	4	2	2	2	40
2280	0.78	4	2	2	3	39
2281	0.78	4	2	2	3	39
2282	0.78	4	2	2	3	39
2283	0.78	4	2	2	3	39
2284	0.76	4	2	3	3	38
2285	0.78	4	2	2	3	39
2286	0.78	4	2	2	3	39
2287	0.78	4	2	2	3	39
2288	0.78	4	2	2	3	39
2289	0.78	4	2	2	3	39
2290	0.78	4	2	2	3	39
2291	0.80	4	1	2	3	40
2292	0.80	4	1	2	3	40
2293	0.80	4	1	2	3	40
2294	0.80	4	1	2	3	40
2295	0.82	4	0	2	3	41
2296	0.82	4	0	2	3	41
2297	0.80	5	0	2	3	40
2298	0.80	5	0	2	3	40
2299	0.80	5	0	2	3	40
2300	0.82	4	0	2	3	41
2301	0.82	4	0	2	3	41
2302	0.82	4	0	2	3	41
2303	0.80	4	0	2	4	40
2304	0.80	4	0	2	4	40
2305	0.80	4	0	2	4	40
2306	0.80	4	0	2	4	40
2307	0.80	4	0	2	4	40
2308	0.80	4	0	2	4	40
2309	0.80	4	0	2	4	40
2310	0.80	4	0	2	4	40
2311	0.80	4	0	2	4	40
2312	0.80	4	0	2	4	40
2313	0.82	3	0	2	4	41
2314	0.82	3	0	2	4	41
2315	0.82	3	0	2	4	41
2316	0.82	3	0	2	4	41
2317	0.82	3	0	3	3	41
2318	0.82	3	0	3	3	41
2319	0.82	3	0	3	3	41
2320	0.82	3	0	3	3	41
2321	0.84	2	0	3	3	42
2322	0.82	3	0	3	3	41
2323	0.84	2	0	3	3	42
2324	0.84	2	0	3	3	42
2325	0.84	2	0	3	3	42
2326	0.84	2	0	3	3	42
2327	0.84	2	0	3	3	42
2328	0.86	2	0	2	3	43
2329	0.86	2	0	2	3	43
2330	0.86	3	0	2	2	43
2331	0.86	3	0	2	2	43
2332	0.86	3	0	2	2	43
2333	0.86	3	0	2	2	43
2334	0.88	3	0	1	2	44
2335	0.88	3	0	1	2	44
2336	0.86	3	0	1	3	43
2337	0.86	3	0	1	3	43
2338	0.86	3	0	1	3	43
2339	0.86	3	0	1	3	43
2340	0.86	3	0	1	3	43
2341	0.86	3	0	1	3	43
2342	0.86	3	0	1	3	43
2343	0.84	3	1	1	3	42
2344	0.84	3	1	1	3	42
2345	0.84	3	1	1	3	42
2346	0.84	3	1	1	3	42
2347	0.86	2	1	1	3	43
2348	0.84	2	2	1	3	42
2349	0.84	2	2	1	3	42
2350	0.84	2	2	1	3	42
2351	0.84	2	2	1	3	42
2352	0.84	2	2	1	3	42
2353	0.86	2	2	1	2	43
2354	0.86	2	2	1	2	43
2355	0.86	2	2	1	2	43
2356	0.86	2	2	1	2	43
2357	0.86	2	2	1	2	43
2358	0.86	2	2	1	2	43
2359	0.86	2	2	1	2	43
2360	0.86	2	2	1	2	43
2361	0.86	2	2	1	2	43
2362	0.86	2	2	1	2	43
2363	0.86	2	2	1	2	43
2364	0.86	2	2	1	2	43
2365	0.86	2	2	1	2	43
2366	0.86	2	2	1	2	43
2367	0.88	2	2	0	2	44
2368	0.88	2	2	0	2	44
2369	0.88	2	2	0	2	44
2370	0.86	2	2	1	2	43
2371	0.84	3	2	1	2	42
2372	0.84	2	3	1	2	42
2373	0.84	2	3	1	2	42
2374	0.84	2	3	1	2	42
2375	0.86	2	3	1	1	43
2376	0.86	2	3	1	1	43
2377	0.86	2	3	1	1	43
2378	0.86	2	3	1	1	43
2379	0.86	2	3	1	1	43
2380	0.88	1	3	1	1	44
2381	0.88	1	3	1	1	44
2382	0.88	1	3	1	1	44
2383	0.88	1	3	1	1	44
2384	0.86	1	3	2	1	43
2385	0.86	1	3	2	1	43
2386	0.88	1	3	2	0	44
2387	0.88	1	3	2	0	44
2388	0.88	1	3	2	0	44
2389	0.88	1	3	2	0	44
2390	0.88	1	3	2	0	44
2391	0.88	1	3	2	0	44
2392	0.88	1	3	2	0	44
2393	0.90	1	2	2	0	45
2394	0.90	1	2	2	0	45
2395	0.90	1	2	2	0	45
2396	0.88	1	3	2	0	44
2397	0.86	2	3	2	0	43
2398	0.88	2	2	2	0	44
2399	0.86	2	3	2	0	43
2400	0.86	2	3	2	0	43
2401	0.86	2	3	2	0	43
2402	0.84	2	3	3	0	42
2403	0.84	2	3	3	0	42
2404	0.84	2	3	3	0	42
2405	0.84	2	3	3	0	42
2406	0.84	2	3	3	0	42
2407	0.84	2	3	3	0	42
2408	0.84	2	3	3	0	42
2409	0.84	2	3	3	0	42
2410	0.84	2	3	3	0	42
2411	0.84	2	3	3	0	42
2412	0.84	2	3	3	0	42
2413	0.84	2	3	3	0	42
2414	0.84	2	3	3	0	42
2415	0.84	2	3	3	0	42
2416	0.84	2	3	3	0	42
2417	0.84	2	3	3	0	42
2418	0.84	2	3	3	0	42
2419	0.84	2	3	3	0	42
2420	0.86	2	3	2	0	43
2421	0.88	1	3	2	0	44
2422	0.90	1	2	2	0	45
2423	0.90	1	2	2	0	45
2424	0.90	1	2	2	0	45
2425	0.88	1	2	2	1	44
2426	0.88	1	2	2	1	44
2427	0.88	1	2	2	1	44
2428	0.88	1	2	2	1	44
2429	0.88	1	2	2	1	44
2430	0.88	1	2	2	1	44
2431	0.88	1	2	2	1	44
2432	0.88	1	2	2	1	44
2433	0.86	1	2	3	1	43
2434	0.86	2	2	2	1	43
2435	0.86	2	2	2	1	43
2436	0.86	2	2	2	1	43
2437	0.86	2	2	2	1	43
2438	0.86	2	2	2	1	43
2439	0.84	2	3	2	1	42
2440	0.84	2	3	2	1	42
2441	0.82	3	3	2	1	41
2442	0.82	3	3	2	1	41
2443	0.82	3	3	2	1	41
2444	0.82	3	3	2	1	41
2445	0.82	3	3	2	1	41
2446	0.84	3	2	2	1	42
2447	0.84	2	2	3	1	42
2448	0.84	2	2	3	1	42
2449	0.86	2	1	3	1	43
2450	0.86	2	1	3	1	43
2451	0.86	2	1	3	1	43
2452	0.88	2	1	2	1	44
2453	0.88	2	1	2	1	44
2454	0.88	2	1	2	1	44
2455	0.88	2	1	2	1	44
2456	0.88	2	1	2	1	44
2457	0.86	2	1	3	1	43
2458	0.86	2	1	3	1	43
2459	0.86	2	1	3	1	43
2460	0.86	2	1	3	1	43
2461	0.84	3	1	3	1	42
2462	0.84	3	1	3	1	42
2463	0.84	3	1	3	1	42
2464	0.84	3	1	3	1	42
2465	0.84	3	1	3	1	42
2466	0.84	3	1	3	1	42
2467	0.84	3	1	3	1	42
2468	0.84	3	1	3	1	42
2469	0.84	3	1	3	1	42
2470	0.84	3	1	3	1	42
2471	0.84	3	1	3	1	42
2472	0.82	3	1	3	2	41
2473	0.82	3	1	3	2	41
2474	0.82	3	1	3	2	41
2475	0.84	3	1	3	1	42
2476	0.84	3	1	3	1	42
2477	0.84	3	1	3	1	42
2478	0.84	3	1	3	1	42
2479	0.84	3	1	3	1	42
2480	0.84	3	1	3	1	42
2481	0.84	3	1	3	1	42
2482	0.84	3	1	3	1	42
2483	0.86	3	1	2	1	43
2484	0.88	2	1	2	1	44
2485	0.88	2	1	2	1	44
2486	0.88	2	1	2	1	44
2487	0.88	2	1	2	1	44
2488	0.88	2	1	2	1	44
2489	0.90	2	0	2	1	45
2490	0.90	2	0	2	1	45
2491	0.92	1	0	2	1	46
2492	0.90	2	0	2	1	45
2493	0.90	2	0	2	1	45
2494	0.90	2	0	2	1	45
2495	0.90	2	0	2	1	45
2496	0.90	2	0	2	1	45
2497	0.92	2	0	1	1	46
2498	0.92	2	0	1	1	46
2499	0.92	2	0	1	1	46
2500	0.06	3	0	1	1	45
2501	0.08	4	0	1	1	44
2502	0.10	5	0	1	1	43
2503	0.10	5	0	1	1	43
2504	0.12	6	0	1	1	42
2505	0.14	7	0	1	1	41
2506	0.14	7	0	1	1	41
2507	0.16	8	0	0	1	41
2508	0.18	9	0	0	1	40
2509	0.18	9	0	0	1	40
2510	0.20	10	0	0	1	39
2511	0.20	10	0	0	1	39
2512	0.22	11	0	0	1	38
2513	0.24	12	0	0	1	37
2514	0.26	13	0	0	1	36
2515	0.26	13	0	0	1	36
2516	0.28	14	0	0	1	35
2517	0.30	15	0	0	1	34
2518	0.30	15	0	0	1	34
2519	0.32	16	0	0	1	33
2520	0.34	17	0	0	1	32
2521	0.34	17	0	0	1	32
2522	0.36	18	0	0	0	32
2523	0.38	19	0	0	0	31
2524	0.38	19	0	1	0	30
2525	0.40	20	0	1	0	29
2526	0.42	21	0	1	0	28
2527	0.44	22	0	1	0	27
2528	0.46	23	0	1	0	26
2529	0.48	24	0	1	0	25
2530	0.50	25	0	1	0	24
2531	0.52	26	0	1	0	23
2532	0.52	26	0	2	0	22
2533	0.54	27	0	2	0	21
2534	0.56	28	0	2	0	20
2535	0.58	29	0	2	0	19
2536	0.60	30	0	2	0	18
2537	0.60	30	0	2	1	17
2538	0.62	31	0	2	1	16
2539	0.64	32	0	2	1	15
2540	0.66	33	0	2	1	14
2541	0.68	34	0	2	1	13
2542	0.68	34	0	2	1	13
2543	0.68	34	0	2	1	13
2544	0.70	35	0	2	1	12
2545	0.72	36	0	2	1	11
2546	0.74	37	0	2	1	10
2547	0.76	38	0	2	1	9
2548	0.78	39	0	2	1	8
2549	0.80	40	0	2	1	7
2550	0.80	40	0	2	1	7
2551	0.78	39	0	2	1	8
2552	0.78	39	0	2	1	8
2553	0.80	40	0	2	1	7
2554	0.80	40	0	2	1	7
2555	0.80	40	0	2	1	7
2556	0.80	40	0	2	1	7
2557	0.80	40	0	2	1	7
2558	0.80	40	0	2	1	7
2559	0.80	40	0	2	1	7
2560	0.78	39	0	2	1	8
2561	0.78	39	0	2	1	8
2562	0.78	39	0	2	1	8
2563	0.76	38	0	2	1	9
2564	0.76	38	0	2	1	9
2565	0.78	39	0	2	1	8
2566	0.78	39	0	2	1	8
2567	0.78	39	0	2	1	8
2568	0.80	40	0	2	1	7
2569	0.80	40	0	2	1	7
2570	0.80	40	0	2	1	7
2571	0.82	41	0	2	1	6
2572	0.82	41	0	2	1	6
2573	0.80	40	0	2	1	7
2574	0.80	40	0	1	2	7
2575	0.80	40	0	1	2	7
2576	0.80	40	0	1	2	7
2577	0.80	40	0	1	2	7
2578	0.78	39	1	1	2	7
2579	0.78	39	1	1	2	7
2580	0.78	39	1	1	2	7
2581	0.78	39	1	1	2	7
2582	0.80	40	1	0	2	7
2583	0.78	39	1	0	2	8
2584	0.78	39	1	0	2	8
2585	0.78	39	1	0	2	8
2586	0.78	39	1	0	2	8
2587	0.80	40	1	0	1	8
2588	0.80	40	1	0	1	8
2589	0.80	40	1	0	1	8
2590	0.80	40	1	0	1	8
2591	0.78	39	1	1	1	8
2592	0.78	39	1	1	1	8
2593	0.80	40	1	1	1	7
2594	0.80	40	1	1	1	7
2595	0.80	40	1	1	1	7
2596	0.80	40	1	1	1	7
2597	0.78	39	1	2	1	7
2598	0.76	38	1	2	1	8
2599	0.76	38	1	2	1	8
2600	0.74	37	1	2	2	8
2601	0.76	38	1	2	2	7
2602	0.76	38	1	2	2	7
2603	0.74	37	1	3	2	7
2604	0.74	37	1	3	2	7
2605	0.74	37	1	3	2	7
2606	0.76	38	1	3	2	6
2607	0.76	38	1	3	2	6
2608	0.76	38	1	3	2	6
2609	0.78	39	1	3	2	5
2610	0.80	40	1	3	2	4
2611	0.80	40	1	3	2	4
2612	0.80	40	1	3	2	4
2613	0.82	41	1	3	2	3
2614	0.82	41	1	3	2	3
2615	0.82	41	1	3	2	3
2616	0.82	41	1	3	2	3
2617	0.82	41	1	3	2	3
2618	0.82	41	1	3	2	3
2619	0.82	41	1	3	2	3
2620	0.82	41	1	3	2	3
2621	0.82	41	1	3	2	3
2622	0.82	41	1	3	2	3
2623	0.84	42	1	3	2	2
2624	0.86	43	1	3	1	2
2625	0.84	42	2	3	1	2
2626	0.84	42	2	3	1	2
2627	0.84	42	2	3	1	2
2628	0.86	43	1	3	1	2
2629	0.86	43	1	3	1	2
2630	0.84	42	1	3	2	2
2631	0.84	42	1	3	2	2
2632	0.84	42	1	3	2	2
2633	0.86	43	1	3	2	1
2634	0.86	43	1	3	2	1
2635	0.84	42	2	3	2	1
2636	0.82	41	3	3	2	1
2637	0.82	41	3	3	2	1
2638	0.82	41	3	3	2	1
2639	0.80	40	4	3	2	1
2640	0.80	40	4	3	2	1
2641	0.82	41	4	2	2	1
2642	0.80	40	4	2	3	1
2643	0.80	40	4	2	3	1
2644	0.80	40	4	2	3	1
2645	0.78	39	4	2	4	1
2646	0.78	39	4	2	4	1
2647	0.78	39	4	2	4	1
2648	0.78	39	4	2	4	1
2649	0.78	39	4	2	4	1
2650	0.80	40	4	2	3	1
2651	0.80	40	4	2	3	1
2652	0.80	40	4	2	3	1
2653	0.80	40	4	2	3	1
2654	0.80	40	4	2	3	1
2655	0.78	39	4	3	3	1
2656	0.78	39	4	3	3	1
2657	0.78	39	4	3	3	1
2658	0.78	39	4	3	3	1
2659	0.78	39	4	3	3	1
2660	0.78	39	4	3	3	1
2661	0.78	39	4	3	3	1
2662	0.78	39	4	3	3	1
2663	0.78	39	4	3	3	1
2664	0.78	39	4	3	3	1
2665	0.78	39	4	3	3	1
2666	0.78	39	4	3	3	1
2667	0.78	39	4	3	3	1
2668	0.78	39	4	3	3	1
2669	0.78	39	4	3	3	1
2670	0.78	39	4	3	3	1
2671	0.78	39	4	3	3	1
2672	0.78	39	4	3	3	1
2673	0.76	38	4	3	3	2
2674	0.76	38	4	3	3	2
2675	0.78	39	3	3	3	2
2676	0.78	39	3	3	3	2
2677	0.76	38	3	3	4	2
2678	0.74	37	4	3	4	2
2679	0.74	37	4	3	4	2
2680	0.76	38	4	3	3	2
2681	0.76	38	4	3	3	2
2682	0.76	38	4	3	3	2
2683	0.76	38	4	3	3	2
2684	0.76	38	4	3	3	2
2685	0.78	39	3	3	3	2
2686	0.80	40	2	3	3	2
2687	0.80	40	2	3	3	2
2688	0.78	39	3	3	3	2
2689	0.80	40	2	3	3	2
2690	0.80	40	2	3	3	2
2691	0.80	40	2	3	3	2
2692	0.82	41	2	3	2	2
2693	0.82	41	2	3	2	2
2694	0.82	41	2	3	2	2
2695	0.84	42	2	3	1	2
2696	0.84	42	2	3	1	2
2697	0.86	43	2	2	1	2
2698	0.88	44	2	2	1	1
2699	0.88	44	2	2	1	1
2700	0.88	44	2	2	1	1
2701	0.88	44	2	2	1	1
2702	0.88	44	2	2	1	1
2703	0.90	45	2	1	1	1
2704	0.90	45	2	1	1	1
2705	0.92	46	2	0	1	1
2706	0.92	46	2	0	1	1
2707	0.92	46	2	0	1	1
2708	0.90	45	2	0	1	2
2709	0.90	45	2	0	1	2
2710	0.90	45	2	0	1	2
2711	0.90	45	2	0	1	2
2712	0.90	45	2	0	1	2
2713	0.90	45	2	0	1	2
2714	0.90	45	2	0	1	2
2715	0.90	45	2	0	1	2
2716	0.90	45	2	0	1	2
2717	0.90	45	2	0	1	2
2718	0.90	45	2	0	1	2
2719	0.90	45	2	0	1	2
2720	0.88	44	3	0	1	2
2721	0.88	44	3	0	1	2
2722	0.86	43	3	0	1	3
2723	0.88	44	3	0	1	2
2724	0.88	44	3	0	1	2
2725	0.88	44	3	0	1	2
2726	0.88	44	3	0	1	2
2727	0.90	45	3	0	0	2
2728	0.92	46	2	0	0	2
2729	0.92	46	2	0	0	2
2730	0.92	46	2	0	0	2
2731	0.92	46	2	0	0	2
2732	0.92	46	2	0	0	2
2733	0.92	46	2	0	0	2
2734	0.92	46	2	0	0	2
2735	0.92	46	2	0	0	2
2736	0.90	45	2	1	0	2
2737	0.88	44	2	2	0	2
2738	0.90	45	1	2	0	2
2739	0.90	45	1	2	0	2
2740	0.90	45	1	2	0	2
2741	0.90	45	1	2	0	2
2742	0.90	45	1	2	0	2
2743	0.88	44	1	3	0	2
2744	0.86	43	1	4	0	2
2745	0.86	43	1	4	0	2
2746	0.86	43	1	4	0	2
2747	0.86	43	1	4	0	2
2748	0.86	43	1	4	0	2
2749	0.86	43	1	4	0	2
2750	0.86	43	1	4	0	2
2751	0.86	43	1	4	0	2
2752	0.86	43	1	4	0	2
2753	0.86	43	1	4	0	2
2754	0.86	43	1	4	0	2
2755	0.86	43	1	4	0	2
2756	0.84	42	2	4	0	2
2757	0.82	41	2	4	0	3
2758	0.84	42	2	4	0	2
2759	0.84	42	2	4	0	2
2760	0.84	42	2	4	0	2
2761	0.84	42	2	4	0	2
2762	0.84	42	2	4	0	2
2763	0.82	41	2	5	0	2
2764	0.82	41	2	5	0	2
2765	0.82	41	2	5	0	2
2766	0.82	41	2	5	0	2
2767	0.82	41	2	5	0	2
2768	0.80	40	2	5	1	2
2769	0.80	40	2	5	1	2
2770	0.82	41	1	5	1	2
2771	0.82	41	1	5	1	2
2772	0.84	42	1	5	1	1
2773	0.84	42	1	5	1	1
2774	0.84	42	1	5	1	1
2775	0.84	42	1	5	1	1
2776	0.84	42	1	5	1	1
2777	0.84	42	1	5	1	1
2778	0.84	42	1	5	1	1
2779	0.84	42	1	5	1	1
2780	0.84	42	1	5	1	1
2781	0.84	42	1	5	1	1
2782	0.84	42	1	5	1	1
2783	0.84	42	1	5	1	1
2784	0.82	41	1	6	1	1
2785	0.82	41	1	6	1	1
2786	0.84	42	1	5	1	1
2787	0.86	43	1	4	1	1
2788	0.86	43	1	4	1	1
2789	0.86	43	1	4	1	1
2790	0.86	43	1	4	1	1
2791	0.86	43	1	4	1	1
2792	0.86	43	1	4	1	1
2793	0.88	44	1	3	1	1
2794	0.90	45	1	2	1	1
2795	0.90	45	1	2	1	1
2796	0.90	45	1	2	1	1
2797	0.90	45	1	2	1	1
2798	0.90	45	1	2	1	1
2799	0.90	45	1	2	1	1
2800	0.90	45	1	2	1	1
2801	0.90	45	1	2	1	1
2802	0.90	45	1	2	1	1
2803	0.90	45	1	2	1	1
2804	0.90	45	1	2	1	1
2805	0.90	45	1	2	1	1
2806	0.92	46	0	2	1	1
2807	0.94	47	0	2	1	0
2808	0.94	47	0	2	1	0
2809	0.94	47	0	2	1	0
2810	0.92	46	0	3	1	0
2811	0.92	46	0	3	1	0
2812	0.92	46	0	3	1	0
2813	0.92	46	0	2	1	1
2814	0.92	46	0	2	1	1
2815	0.92	46	0	2	1	1
2816	0.92	46	0	2	1	1
2817	0.92	46	0	2	1	1
2818	0.94	47	0	2	0	1
2819	0.92	46	0	3	0	1
2820	0.92	46	0	3	0	1
2821	0.92	46	0	3	0	1
2822	0.90	45	0	4	0	1
2823	0.90	45	0	4	0	1
2824	0.90	45	0	4	0	1
2825	0.88	44	0	5	0	1
2826	0.88	44	0	5	0	1
2827	0.88	44	0	5	0	1
2828	0.88	44	0	5	0	1
2829	0.88	44	0	5	0	1
2830	0.88	44	0	5	0	1
2831	0.88	44	0	5	0	1
2832	0.88	44	0	5	0	1
2833	0.88	44	0	5	0	1
2834	0.90	45	0	4	0	1
2835	0.90	45	0	4	0	1
2836	0.90	45	0	4	0	1
2837	0.90	45	0	4	0	1
2838	0.90	45	0	4	0	1
2839	0.90	45	0	4	0	1
2840	0.90	45	0	4	0	1
2841	0.90	45	0	4	0	1
2842	0.90	45	0	4	0	1
2843	0.90	45	0	4	0	1
2844	0.90	45	0	4	0	1
2845	0.88	44	0	4	1	1
2846	0.88	44	0	4	1	1
2847	0.88	44	0	4	1	1
2848	0.88	44	0	4	1	1
2849	0.88	44	0	4	1	1
2850	0.88	44	0	4	1	1
2851	0.88	44	0	4	1	1
2852	0.88	44	0	4	1	1
2853	0.88	44	0	4	1	1
2854	0.88	44	0	4	1	1
2855	0.88	44	0	4	1	1
2856	0.86	43	1	4	1	1
2857	0.86	43	1	4	1	1
2858	0.86	43	1	4	1	1
2859	0.86	43	1	4	1	1
2860	0.88	44	1	3	1	1
2861	0.88	44	1	3	1	1
2862	0.86	43	2	3	1	1
2863	0.88	44	2	3	1	0
2864	0.88	44	2	3	1	0
2865	0.86	43	2	4	1	0
2866	0.86	43	2	4	1	0
2867	0.86	43	2	4	1	0
2868	0.84	42	2	4	1	1
2869	0.86	43	2	3	1	1
2870	0.86	43	2	3	1	1
2871	0.86	43	2	3	1	1
2872	0.88	44	2	2	1	1
2873	0.88	44	2	2	1	1
2874	0.88	44	2	2	1	1
2875	0.90	45	2	1	1	1
2876	0.90	45	2	1	1	1
2877	0.90	45	2	1	1	1
2878	0.90	45	2	1	1	1
2879	0.90	45	2	1	1	1
2880	0.90	45	2	1	1	1
2881	0.90	45	2	1	1	1
2882	0.90	45	2	1	1	1
2883	0.90	45	2	1	1	1
2884	0.90	45	2	1	1	1
2885	0.90	45	2	1	1	1
2886	0.90	45	2	1	1	1
2887	0.90	45	2	1	1	1
2888	0.90	45	2	1	1	1
2889	0.90	45	2	1	1	1
2890	0.90	45	2	1	1	1
2891	0.90	45	2	1	1	1
2892	0.90	45	2	1	1	1
2893	0.90	45	2	1	1	1
2894	0.90	45	2	1	1	1
2895	0.90	45	3	1	0	1
2896	0.90	45	3	1	0	1
2897	0.90	45	3	1	0	1
2898	0.90	45	3	1	0	1
2899	0.90	45	3	1	0	1
2900	0.90	45	3	1	0	1
2901	0.90	45	3	1	0	1
2902	0.90	45	3	1	0	1
2903	0.90	45	3	1	0	1
2904	0.90	45	3	1	0	1
2905	0.90	45	3	1	0	1
2906	0.92	46	2	1	0	1
2907	0.92	46	2	1	0	1
2908	0.92	46	2	1	0	1
2909	0.92	46	2	1	0	1
2910	0.92	46	2	1	0	1
2911	0.92	46	2	1	0	1
2912	0.94	47	1	1	0	1
2913	0.94	47	1	1	0	1
2914	0.94	47	1	1	0	1
2915	0.96	48	1	0	0	1
2916	0.96	48	1	0	0	1
2917	0.96	48	1	0	0	1
2918	0.98	49	1	0	0	0
2919	0.98	49	1	0	0	0
2920	0.98	49	1	0	0	0
2921	0.98	49	1	0	0	0
2922	0.98	49	1	0	0	0
2923	0.98	49	1	0	0	0
2924	0.98	49	1	0	0	0
2925	0.98	49	1	0	0	0
2926	0.98	49	1	0	0	0
2927	0.98	49	1	0	0	0
2928	0.98	49	1	0	0	0
2929	0.98	49	1	0	0	0
2930	0.98	49	1	0	0	0
2931	0.98	49	1	0	0	0
2932	0.98	49	1	0	0	0
2933	0.98	49	1	0	0	0
2934	0.98	49	1	0	0	0
2935	0.98	49	1	0	0	0
2936	0.98	49	1	0	0	0
2937	0.96	48	2	0	0	0
2938	0.96	48	2	0	0	0
2939	0.94	47	2	1	0	0
2940	0.94	47	2	1	0	0
2941	0.94	47	2	1	0	0
2942	0.94	47	2	1	0	0
2943	0.94	47	2	1	0	0
2944	0.94	47	2	1	0	0
2945	0.96	48	1	1	0	0
2946	0.96	48	1	1	0	0
2947	0.96	48	1	1	0	0
2948	0.96	48	1	1	0	0
2949	0.96	48	1	1	0	0
2950	0.96	48	1	1	0	0
2951	0.96	48	1	1	0	0
2952	0.96	48	1	1	0	0
2953	0.96	48	1	1	0	0
2954	0.96	48	1	1	0	0
2955	0.96	48	1	1	0	0
2956	0.96	48	1	1	0	0
2957	0.96	48	1	1	0	0
2958	0.96	48	1	1	0	0
2959	0.96	48	1	1	0	0
2960	0.96	48	1	1	0	0
2961	0.96	48	1	1	0	0
2962	0.96	48	1	1	0	0
2963	0.96	48	1	1	0	0
2964	0.96	48	1	1	0	0
2965	0.96	48	1	1	0	0
2966	0.96	48	1	1	0	0
2967	0.96	48	1	1	0	0
2968	0.96	48	1	1	0	0
2969	0.94	47	1	2	0	0
2970	0.94	47	1	2	0	0
2971	0.94	47	1	2	0	0
2972	0.94	47	1	2	0	0
2973	0.94	47	1	2	0	0
2974	0.94	47	1	2	0	0
2975	0.92	46	2	2	0	0
2976	0.92	46	2	2	0	0
2977	0.92	46	2	2	0	0
2978	0.90	45	2	2	0	1
2979	0.90	45	2	2	0	1
2980	0.88	44	3	2	0	1
2981	0.88	44	3	2	0	1
2982	0.88	44	3	2	0	1
2983	0.88	44	3	2	0	1
2984	0.86	43	3	3	0	1
2985	0.84	42	3	3	0	2
2986	0.84	42	3	3	0	2
2987	0.86	43	2	3	0	2
2988	0.86	43	2	3	0	2
2989	0.88	44	2	2	0	2
2990	0.88	44	2	2	0	2
2991	0.88	44	2	2	0	2
2992	0.88	44	2	2	0	2
2993	0.88	44	2	2	0	2
2994	0.86	43	2	2	0	3
2995	0.86	43	2	2	0	3
2996	0.86	43	2	2	0	3
2997	0.86	43	2	2	0	3
2998	0.84	42	2	2	1	3
2999	0.84	42	2	2	1	3
