timestep	swarm_quality	color_0	color_1	color_2	color_3	color_4
0	0.68	34	6	3	4	3
1	0.66	33	7	3	4	3
2	0.66	33	7	3	4	3
3	0.66	33	7	3	4	3
4	0.66	33	7	3	4	3
5	0.64	32	8	3	4	3
6	0.64	32	8	3	4	3
7	0.64	32	8	3	4	3
8	0.64	32	8	3	4	3
9	0.62	31	8	3	5	3
10	0.62	31	8	3	5	3
11	0.62	31	8	3	5	3
12	0.62	31	8	3	5	3
13	0.62	31	8	3	5	3
14	0.60	30	8	4	5	3
15	0.60	30	8	4	5	3
16	0.60	30	8	4	5	3
17	0.60	30	8	4	5	3
18	0.60	30	8	4	5	3
19	0.60	30	8	4	5	3
20	0.60	30	8	4	5	3
21	0.58	29	8	4	6	3
22	0.58	29	8	4	6	3
23	0.58	29	8	4	6	3
24	0.56	28	8	4	7	3
25	0.56	28	8	4	7	3
26	0.56	28	8	4	7	3
27	0.56	28	8	4	7	3
28	0.54	27	8	5	7	3
29	0.52	26	8	5	8	3
30	0.52	26	8	5	8	3
31	0.52	26	8	5	8	3
32	0.52	26	8	5	8	3
33	0.52	26	8	5	8	3
34	0.52	26	8	5	8	3
35	0.54	27	7	5	8	3
36	0.56	28	7	4	8	3
37	0.56	28	8	4	7	3
38	0.58	29	8	4	7	2
39	0.58	29	8	3	8	2
40	0.60	30	8	2	8	2
41	0.62	31	8	2	7	2
42	0.64	32	7	2	7	2
43	0.66	33	6	2	7	2
44	0.68	34	6	2	7	1
45	0.70	35	5	2	7	1
46	0.72	36	4	2	7	1
47	0.74	37	4	2	6	1
48	0.76	38	4	2	6	0
49	0.78	39	4	2	5	0
50	0.80	40	3	2	5	0
51	0.82	41	2	2	5	0
52	0.82	41	2	2	5	0
53	0.82	41	2	2	5	0
54	0.80	40	2	2	6	0
55	0.82	41	1	2	6	0
56	0.80	40	2	2	6	0
57	0.80	40	2	2	6	0
58	0.80	40	2	2	6	0
59	0.82	41	2	2	5	0
60	0.82	41	2	2	5	0
61	0.82	41	2	2	5	0
62	0.82	41	2	2	5	0
63	0.82	41	2	2	5	0
64	0.84	42	2	1	5	0
65	0.84	42	2	1	5	0
66	0.84	42	2	1	5	0
67	0.82	41	2	1	6	0
68	0.82	41	2	1	6	0
69	0.82	41	2	1	6	0
70	0.82	41	2	1	6	0
71	0.84	42	2	1	5	0
72	0.84	42	2	1	5	0
73	0.84	42	2	1	5	0
74	0.84	42	2	1	4	1
75	0.84	42	2	1	4	1
76	0.84	42	2	1	4	1
77	0.84	42	2	1	4	1
78	0.86	43	2	0	4	1
79	0.88	44	2	0	3	1
80	0.88	44	2	0	3	1
81	0.88	44	2	0	3	1
82	0.88	44	2	0	3	1
83	0.86	43	3	0	3	1
84	0.86	43	3	0	3	1
85	0.84	42	3	0	4	1
86	0.84	42	3	0	4	1
87	0.86	43	2	0	4	1
88	0.86	43	2	0	4	1
89	0.88	44	2	0	3	1
90	0.86	43	2	0	3	2
91	0.86	43	2	0	3	2
92	0.86	43	2	0	3	2
93	0.86	43	2	0	3	2
94	0.86	43	2	0	3	2
95	0.86	43	2	0	3	2
96	0.86	43	2	0	3	2
97	0.86	43	2	0	3	2
98	0.86	43	2	0	3	2
99	0.86	43	2	0	3	2
100	0.84	42	3	0	3	2
101	0.84	42	3	0	3	2
102	0.84	42	3	0	3	2
103	0.82	41	3	0	4	2
104	0.84	42	3	0	3	2
105	0.84	42	3	0	3	2
106	0.86	43	2	0	3	2
107	0.86	43	2	0	3	2
108	0.86	43	2	0	3	2
109	0.84	42	3	0	3	2
110	0.84	42	3	0	3	2
111	0.84	42	3	0	3	2
112	0.84	42	3	0	3	2
113	0.84	42	3	0	3	2
114	0.84	42	3	0	3	2
115	0.84	42	3	0	3	2
116	0.84	42	3	0	3	2
117	0.86	43	3	0	2	2
118	0.86	43	3	0	2	2
119	0.86	43	3	0	2	2
120	0.84	42	4	0	2	2
121	0.84	42	4	0	2	2
122	0.82	41	4	0	2	3
123	0.82	41	4	0	2	3
124	0.84	42	4	0	2	2
125	0.84	42	4	0	2	2
126	0.82	41	4	0	3	2
127	0.82	41	4	0	3	2
128	0.80	40	4	1	3	2
129	0.78	39	4	2	3	2
130	0.78	39	4	2	3	2
131	0.76	38	4	3	3	2
132	0.76	38	4	3	3	2
133	0.78	39	3	3	3	2
134	0.78	39	3	3	3	2
135	0.80	40	3	3	2	2
136	0.78	39	3	3	3	2
137	0.78	39	3	3	3	2
138	0.78	39	3	3	3	2
139	0.78	39	3	3	3	2
140	0.78	39	3	3	3	2
141	0.78	39	3	3	3	2
142	0.76	38	4	3	3	2
143	0.74	37	4	4	3	2
144	0.72	36	4	4	4	2
145	0.72	36	4	4	4	2
146	0.72	36	4	4	4	2
147	0.72	36	4	4	4	2
148	0.72	36	4	4	4	2
149	0.70	35	4	4	4	3
150	0.70	35	3	5	4	3
151	0.70	35	3	5	4	3
152	0.70	35	3	5	4	3
153	0.72	36	3	5	3	3
154	0.70	35	3	6	3	3
155	0.70	35	3	6	3	3
156	0.70	35	3	6	3	3
157	0.70	35	3	6	3	3
158	0.70	35	3	6	3	3
159	0.72	36	2	6	3	3
160	0.72	36	2	6	3	3
161	0.72	36	2	6	3	3
162	0.72	36	2	6	3	3
163	0.70	35	2	6	4	3
164	0.70	35	2	6	4	3
165	0.70	35	2	6	4	3
166	0.70	35	2	6	4	3
167	0.70	35	2	6	4	3
168	0.68	34	2	7	4	3
169	0.66	33	2	8	4	3
170	0.68	34	1	8	4	3
171	0.68	34	1	8	4	3
172	0.70	35	1	8	4	2
173	0.70	35	1	8	4	2
174	0.68	34	1	9	4	2
175	0.68	34	1	9	4	2
176	0.70	35	1	9	3	2
177	0.70	35	1	9	3	2
178	0.72	36	1	8	3	2
179	0.74	37	1	7	3	2
180	0.74	37	1	7	3	2
181	0.76	38	1	6	3	2
182	0.74	37	1	6	4	2
183	0.74	37	1	6	4	2
184	0.74	37	1	6	4	2
185	0.74	37	1	6	4	2
186	0.74	37	2	6	3	2
187	0.74	37	2	6	3	2
188	0.74	37	2	6	3	2
189	0.74	37	2	6	3	2
190	0.76	38	2	6	3	1
191	0.74	37	2	7	3	1
192	0.76	38	1	7	3	1
193	0.78	39	1	6	3	1
194	0.80	40	1	6	2	1
195	0.80	40	1	6	2	1
196	0.80	40	1	6	2	1
197	0.80	40	1	6	2	1
198	0.80	40	1	6	2	1
199	0.80	40	1	6	2	1
200	0.80	40	1	5	2	2
201	0.78	39	1	5	2	3
202	0.78	39	1	5	2	3
203	0.78	39	1	5	2	3
204	0.78	39	1	4	3	3
205	0.78	39	1	4	3	3
206	0.78	39	1	4	3	3
207	0.78	39	1	4	3	3
208	0.76	38	1	4	4	3
209	0.76	38	1	4	4	3
210	0.76	38	1	4	4	3
211	0.76	38	1	4	4	3
212	0.76	38	1	4	4	3
213	0.78	39	1	4	3	3
214	0.78	39	1	4	3	3
215	0.78	39	1	4	3	3
216	0.78	39	1	4	3	3
217	0.78	39	1	4	3	3
218	0.80	40	1	3	3	3
219	0.82	41	1	2	3	3
220	0.82	41	1	2	3	3
221	0.82	41	1	2	3	3
222	0.82	41	1	2	3	3
223	0.82	41	1	2	3	3
224	0.84	42	1	1	3	3
225	0.84	42	1	1	3	3
226	0.84	42	1	1	3	3
227	0.84	42	1	1	3	3
228	0.84	42	1	1	3	3
229	0.84	42	1	1	3	3
230	0.82	41	1	1	3	4
231	0.82	41	1	1	3	4
232	0.84	42	1	1	2	4
233	0.84	42	1	1	2	4
234	0.84	42	1	1	2	4
235	0.84	42	1	1	2	4
236	0.86	43	0	1	2	4
237	0.84	42	0	2	2	4
238	0.84	42	0	2	2	4
239	0.84	42	0	2	2	4
240	0.84	42	0	2	2	4
241	0.86	43	0	1	2	4
242	0.84	42	1	1	2	4
243	0.84	42	1	1	2	4
244	0.82	41	1	2	2	4
245	0.82	41	1	2	2	4
246	0.82	41	1	2	2	4
247	0.82	41	1	2	2	4
248	0.80	40	2	2	2	4
249	0.82	41	2	2	2	3
250	0.84	42	2	2	2	2
251	0.86	43	2	2	2	1
252	0.86	43	2	2	2	1
253	0.86	43	2	2	2	1
254	0.86	43	2	3	1	1
255	0.86	43	2	3	1	1
256	0.86	43	2	3	1	1
257	0.86	43	2	3	1	1
258	0.88	44	2	3	0	1
259	0.88	44	2	3	0	1
260	0.88	44	2	3	0	1
261	0.86	43	2	3	1	1
262	0.86	43	2	3	1	1
263	0.86	43	2	3	1	1
264	0.86	43	2	3	1	1
265	0.86	43	2	3	1	1
266	0.86	43	2	3	1	1
267	0.86	43	2	3	1	1
268	0.86	43	2	3	1	1
269	0.86	43	2	3	1	1
270	0.86	43	2	3	1	1
271	0.86	43	2	3	1	1
272	0.86	43	2	3	1	1
273	0.86	43	2	3	1	1
274	0.86	43	2	3	1	1
275	0.86	43	2	3	1	1
276	0.86	43	2	3	1	1
277	0.86	43	2	3	1	1
278	0.86	43	2	3	1	1
279	0.86	43	2	3	1	1
280	0.88	44	2	3	1	0
281	0.88	44	2	3	1	0
282	0.88	44	2	3	1	0
283	0.88	44	2	3	1	0
284	0.88	44	2	3	1	0
285	0.88	44	2	3	1	0
286	0.88	44	2	3	1	0
287	0.90	45	2	2	1	0
288	0.90	45	2	2	1	0
289	0.90	45	2	2	1	0
290	0.90	45	2	2	1	0
291	0.90	45	2	2	1	0
292	0.92	46	1	2	1	0
293	0.92	46	1	2	1	0
294	0.94	47	1	1	1	0
295	0.94	47	1	1	1	0
296	0.94	47	1	1	1	0
297	0.92	46	1	1	2	0
298	0.92	46	0	2	2	0
299	0.92	46	0	2	2	0
300	0.92	46	0	2	2	0
301	0.92	46	0	2	2	0
302	0.90	45	1	2	2	0
303	0.90	45	1	2	2	0
304	0.92	46	1	1	2	0
305	0.92	46	1	1	2	0
306	0.92	46	1	1	2	0
307	0.92	46	1	1	2	0
308	0.92	46	1	1	2	0
309	0.92	46	1	1	2	0
310	0.92	46	1	1	2	0
311	0.94	47	1	1	1	0
312	0.94	47	1	1	1	0
313	0.92	46	1	1	2	0
314	0.92	46	1	1	2	0
315	0.92	46	1	1	2	0
316	0.92	46	1	1	2	0
317	0.92	46	1	1	2	0
318	0.92	46	1	1	2	0
319	0.92	46	1	1	2	0
320	0.92	46	1	1	2	0
321	0.92	46	1	1	2	0
322	0.92	46	1	1	2	0
323	0.92	46	1	1	2	0
324	0.92	46	1	1	2	0
325	0.92	46	1	1	2	0
326	0.92	46	1	1	2	0
327	0.90	45	1	1	2	1
328	0.90	45	1	1	2	1
329	0.90	45	1	1	2	1
330	0.88	44	2	1	2	1
331	0.88	44	2	1	2	1
332	0.88	44	2	1	2	1
333	0.88	44	2	1	2	1
334	0.88	44	2	1	2	1
335	0.86	43	2	1	2	2
336	0.84	42	2	1	2	3
337	0.82	41	2	1	3	3
338	0.82	41	2	1	3	3
339	0.80	40	2	2	3	3
340	0.80	40	2	2	3	3
341	0.80	40	2	2	3	3
342	0.80	40	2	2	3	3
343	0.80	40	2	2	3	3
344	0.80	40	2	2	3	3
345	0.80	40	2	2	3	3
346	0.80	40	2	2	3	3
347	0.82	41	2	2	2	3
348	0.82	41	2	2	2	3
349	0.82	41	2	2	2	3
350	0.80	40	2	3	2	3
351	0.80	40	2	3	2	3
352	0.82	41	1	3	2	3
353	0.82	41	1	3	2	3
354	0.80	40	1	3	2	4
355	0.80	40	1	3	2	4
356	0.80	40	1	3	2	4
357	0.80	40	1	3	2	4
358	0.80	40	1	3	2	4
359	0.78	39	2	3	2	4
360	0.78	39	2	3	2	4
361	0.78	39	2	3	2	4
362	0.78	39	2	3	2	4
363	0.80	40	2	3	1	4
364	0.78	39	2	3	2	4
365	0.78	39	2	3	2	4
366	0.78	39	2	3	2	4
367	0.78	39	2	3	2	4
368	0.76	38	2	3	3	4
369	0.76	38	2	3	3	4
370	0.76	38	2	3	3	4
371	0.74	37	2	3	3	5
372	0.72	36	2	3	3	6
373	0.72	36	2	3	3	6
374	0.72	36	2	3	3	6
375	0.72	36	2	3	3	6
376	0.72	36	2	3	3	6
377	0.74	37	2	3	3	5
378	0.72	36	2	3	4	5
379	0.72	36	2	3	4	5
380	0.74	37	1	3	4	5
381	0.74	37	1	3	4	5
382	0.74	37	1	3	4	5
383	0.72	36	2	3	4	5
384	0.72	36	2	3	4	5
385	0.74	37	2	3	4	4
386	0.76	38	2	3	4	3
387	0.78	39	2	3	3	3
388	0.78	39	2	3	3	3
389	0.80	40	2	2	3	3
390	0.80	40	2	2	3	3
391	0.80	40	2	2	3	3
392	0.80	40	2	2	3	3
393	0.80	40	2	2	3	3
394	0.80	40	2	2	3	3
395	0.78	39	2	2	4	3
396	0.78	39	2	2	4	3
397	0.78	39	2	2	4	3
398	0.78	39	3	1	4	3
399	0.76	38	3	1	4	4
400	0.78	39	3	0	4	4
401	0.78	39	3	0	4	4
402	0.78	39	3	0	4	4
403	0.78	39	3	0	4	4
404	0.80	40	3	0	4	3
405	0.80	40	3	0	4	3
406	0.80	40	3	0	4	3
407	0.80	40	3	0	4	3
408	0.80	40	3	0	4	3
409	0.82	41	2	0	4	3
410	0.82	41	2	0	4	3
411	0.82	41	2	0	4	3
412	0.80	40	3	0	4	3
413	0.78	39	3	1	4	3
414	0.78	39	4	1	3	3
415	0.78	39	4	1	3	3
416	0.76	38	4	1	3	4
417	0.76	38	4	1	3	4
418	0.78	39	4	1	2	4
419	0.78	39	4	1	2	4
420	0.76	38	5	1	2	4
421	0.78	39	5	1	2	3
422	0.78	39	5	1	3	2
423	0.78	39	5	1	3	2
424	0.78	39	5	1	3	2
425	0.78	39	5	1	3	2
426	0.78	39	5	1	3	2
427	0.78	39	5	1	3	2
428	0.80	40	5	1	2	2
429	0.80	40	5	1	2	2
430	0.80	40	5	1	2	2
431	0.80	40	5	1	2	2
432	0.80	40	5	1	2	2
433	0.82	41	4	1	2	2
434	0.82	41	4	1	2	2
435	0.82	41	4	1	2	2
436	0.82	41	4	1	2	2
437	0.82	41	4	1	2	2
438	0.80	40	4	1	2	3
439	0.80	40	4	1	2	3
440	0.80	40	4	1	2	3
441	0.80	40	4	1	2	3
442	0.78	39	5	1	2	3
443	0.78	39	5	1	2	3
444	0.78	39	5	1	2	3
445	0.80	40	5	1	1	3
446	0.80	40	5	1	1	3
447	0.80	40	5	1	1	3
448	0.80	40	4	1	2	3
449	0.82	41	4	1	2	2
450	0.82	41	4	1	2	2
451	0.80	40	4	2	2	2
452	0.80	40	4	2	2	2
453	0.80	40	4	2	2	2
454	0.80	40	4	2	2	2
455	0.78	39	4	2	3	2
456	0.78	39	4	2	3	2
457	0.78	39	4	2	3	2
458	0.78	39	4	2	3	2
459	0.76	38	4	3	3	2
460	0.76	38	4	3	3	2
461	0.76	38	4	3	3	2
462	0.78	39	3	3	3	2
463	0.80	40	3	2	3	2
464	0.80	40	2	2	4	2
465	0.80	40	2	2	4	2
466	0.82	41	2	2	4	1
467	0.82	41	2	2	4	1
468	0.82	41	2	2	4	1
469	0.80	40	2	2	5	1
470	0.82	41	1	2	5	1
471	0.82	41	1	2	5	1
472	0.82	41	1	3	4	1
473	0.82	41	1	3	4	1
474	0.80	40	1	3	5	1
475	0.78	39	1	3	5	2
476	0.78	39	1	3	5	2
477	0.78	39	1	3	5	2
478	0.78	39	1	3	5	2
479	0.76	38	2	3	5	2
480	0.76	38	2	3	5	2
481	0.76	38	2	3	5	2
482	0.76	38	2	3	5	2
483	0.74	37	3	3	5	2
484	0.74	37	3	3	5	2
485	0.74	37	3	3	5	2
486	0.74	37	3	3	5	2
487	0.74	37	3	3	5	2
488	0.76	38	3	3	5	1
489	0.74	37	4	3	5	1
490	0.74	37	4	3	5	1
491	0.74	37	4	3	5	1
492	0.76	38	3	3	5	1
493	0.76	38	3	3	5	1
494	0.76	38	3	3	5	1
495	0.76	38	3	3	5	1
496	0.76	38	3	3	5	1
497	0.76	38	3	3	5	1
498	0.76	38	4	3	4	1
499	0.74	37	4	3	4	2
500	0.10	36	5	3	4	2
501	0.12	36	6	2	4	2
502	0.12	35	6	3	4	2
503	0.14	34	7	3	4	2
504	0.16	33	8	3	4	2
505	0.18	33	9	3	3	2
506	0.20	32	10	3	3	2
507	0.22	31	11	3	3	2
508	0.24	30	12	3	3	2
509	0.26	30	13	2	3	2
510	0.28	29	14	2	3	2
511	0.30	28	15	2	3	2
512	0.32	27	16	2	3	2
513	0.34	26	17	2	3	2
514	0.36	26	18	2	2	2
515	0.38	25	19	2	2	2
516	0.40	24	20	2	2	2
517	0.40	24	20	2	2	2
518	0.42	23	21	2	2	2
519	0.44	23	22	2	1	2
520	0.46	22	23	2	1	2
521	0.46	21	23	2	2	2
522	0.48	21	24	1	2	2
523	0.50	20	25	1	2	2
524	0.50	21	25	1	1	2
525	0.50	21	25	2	1	1
526	0.50	20	25	2	2	1
527	0.52	19	26	2	2	1
528	0.54	18	27	2	2	1
529	0.52	18	26	2	2	2
530	0.54	17	27	2	2	2
531	0.56	16	28	2	2	2
532	0.58	15	29	2	2	2
533	0.58	15	29	2	2	2
534	0.60	14	30	2	2	2
535	0.62	13	31	2	2	2
536	0.62	12	31	2	3	2
537	0.62	11	31	2	4	2
538	0.64	10	32	2	4	2
539	0.64	10	32	2	4	2
540	0.64	9	32	2	4	3
541	0.66	8	33	2	4	3
542	0.68	7	34	2	4	3
543	0.70	6	35	2	4	3
544	0.72	5	36	2	4	3
545	0.74	4	37	2	4	3
546	0.76	3	38	2	4	3
547	0.76	2	38	2	5	3
548	0.76	2	38	2	5	3
549	0.78	2	39	2	5	2
550	0.78	2	39	2	5	2
551	0.78	2	39	2	5	2
552	0.80	2	40	1	5	2
553	0.78	3	39	1	5	2
554	0.78	3	39	1	5	2
555	0.78	3	39	1	5	2
556	0.76	3	38	1	5	3
557	0.74	3	37	1	5	4
558	0.74	3	37	1	5	4
559	0.74	3	37	1	5	4
560	0.74	3	37	1	5	4
561	0.74	3	37	1	5	4
562	0.72	3	36	1	6	4
563	0.72	3	36	1	6	4
564	0.72	3	36	1	6	4
565	0.70	3	35	1	6	5
566	0.70	3	35	1	6	5
567	0.72	2	36	1	6	5
568	0.72	2	36	1	6	5
569	0.72	2	36	1	6	5
570	0.72	2	36	1	6	5
571	0.74	2	37	1	5	5
572	0.74	2	37	1	5	5
573	0.74	2	37	1	5	5
574	0.76	1	38	1	5	5
575	0.78	1	39	0	5	5
576	0.80	1	40	0	4	5
577	0.80	1	40	0	4	5
578	0.80	1	40	0	4	5
579	0.80	2	40	0	4	4
580	0.80	2	40	0	4	4
581	0.80	2	40	0	4	4
582	0.80	2	40	0	4	4
583	0.80	2	40	0	4	4
584	0.80	2	40	0	4	4
585	0.80	2	40	0	4	4
586	0.82	2	41	0	3	4
587	0.84	2	42	0	2	4
588	0.84	2	42	0	2	4
589	0.84	2	42	0	2	4
590	0.86	2	43	0	2	3
591	0.86	2	43	0	2	3
592	0.84	2	42	0	3	3
593	0.82	2	41	0	4	3
594	0.82	2	41	0	4	3
595	0.80	2	40	0	4	4
596	0.80	2	40	0	4	4
597	0.82	2	41	0	3	4
598	0.82	2	41	0	3	4
599	0.82	2	41	0	3	4
600	0.82	2	41	0	3	4
601	0.82	2	41	0	3	4
602	0.82	2	41	0	3	4
603	0.84	1	42	0	3	4
604	0.84	1	42	0	3	4
605	0.82	2	41	0	3	4
606	0.84	2	42	0	3	3
607	0.84	2	42	0	3	3
608	0.84	2	42	0	3	3
609	0.84	2	42	0	3	3
610	0.84	2	42	0	3	3
611	0.84	2	42	0	3	3
612	0.84	2	42	0	2	4
613	0.82	2	41	0	2	5
614	0.82	2	41	0	2	5
615	0.84	2	42	0	2	4
616	0.82	2	41	0	2	5
617	0.82	2	41	0	2	5
618	0.82	2	41	0	2	5
619	0.82	2	41	0	2	5
620	0.82	2	41	0	2	5
621	0.80	2	40	0	2	6
622	0.80	2	40	0	2	6
623	0.80	2	40	0	2	6
624	0.80	2	40	0	2	6
625	0.80	2	40	0	2	6
626	0.80	2	40	0	2	6
627	0.80	2	40	0	2	6
628	0.80	2	40	0	2	6
629	0.82	1	41	0	2	6
630	0.82	1	41	0	2	6
631	0.82	1	41	0	2	6
632	0.82	1	41	0	2	6
633	0.82	1	41	0	2	6
634	0.82	1	41	0	2	6
635	0.82	1	41	0	2	6
636	0.82	1	41	0	2	6
637	0.82	1	41	0	2	6
638	0.82	1	41	0	2	6
639	0.82	1	41	0	2	6
640	0.82	1	41	0	2	6
641	0.82	1	41	0	2	6
642	0.84	1	42	0	1	6
643	0.86	1	43	0	0	6
644	0.86	1	43	0	0	6
645	0.88	1	44	0	0	5
646	0.88	1	44	0	0	5
647	0.88	1	44	0	0	5
648	0.88	1	44	0	0	5
649	0.88	1	44	0	0	5
650	0.88	1	44	0	0	5
651	0.88	1	44	0	0	5
652	0.88	1	44	0	0	5
653	0.88	1	44	0	0	5
654	0.88	1	44	0	0	5
655	0.90	0	45	0	0	5
656	0.90	0	45	0	0	5
657	0.92	0	46	0	0	4
658	0.90	0	45	0	1	4
659	0.90	0	45	0	1	4
660	0.88	0	44	0	2	4
661	0.88	0	44	0	2	4
662	0.90	0	45	0	2	3
663	0.92	0	46	0	2	2
664	0.92	0	46	0	2	2
665	0.92	0	46	0	2	2
666	0.94	0	47	0	2	1
667	0.94	0	47	0	2	1
668	0.94	0	47	0	2	1
669	0.94	0	47	0	2	1
670	0.94	0	47	0	2	1
671	0.96	0	48	0	2	0
672	0.96	0	48	0	2	0
673	0.94	0	47	0	3	0
674	0.94	0	47	0	3	0
675	0.94	0	47	0	3	0
676	0.94	0	47	0	3	0
677	0.94	0	47	0	3	0
678	0.94	0	47	0	3	0
679	0.94	0	47	0	3	0
680	0.94	0	47	0	3	0
681	0.94	0	47	0	3	0
682	0.94	0	47	0	3	0
683	0.94	0	47	0	3	0
684	0.94	0	47	0	3	0
685	0.92	0	46	0	3	1
686	0.92	0	46	0	3	1
687	0.92	0	46	0	3	1
688	0.92	0	46	0	3	1
689	0.92	0	46	0	3	1
690	0.92	0	46	0	3	1
691	0.92	0	46	0	3	1
692	0.92	0	46	0	3	1
693	0.92	0	46	0	3	1
694	0.92	0	46	0	3	1
695	0.92	0	46	0	3	1
696	0.92	0	46	0	3	1
697	0.92	0	46	0	3	1
698	0.92	0	46	0	3	1
699	0.92	0	46	0	3	1
700	0.92	0	46	0	3	1
701	0.92	0	46	0	3	1
702	0.92	0	46	0	3	1
703	0.92	0	46	0	3	1
704	0.92	0	46	0	3	1
705	0.92	0	46	0	3	1
706	0.90	0	45	1	3	1
707	0.90	0	45	1	3	1
708	0.92	0	46	1	2	1
709	0.92	0	46	1	2	1
710	0.94	0	47	1	1	1
711	0.94	0	47	1	1	1
712	0.92	0	46	2	1	1
713	0.90	1	45	2	1	1
714	0.90	1	45	2	1	1
715	0.90	1	45	2	1	1
716	0.90	1	45	2	1	1
717	0.90	1	45	2	1	1
718	0.90	1	45	2	1	1
719	0.90	1	45	2	1	1
720	0.90	1	45	2	1	1
721	0.90	1	45	2	1	1
722	0.90	1	45	2	1	1
723	0.92	1	46	2	0	1
724	0.92	1	46	2	0	1
725	0.92	1	46	2	0	1
726	0.92	1	46	2	0	1
727	0.92	1	46	2	0	1
728	0.92	1	46	2	0	1
729	0.92	1	46	2	0	1
730	0.92	1	46	2	0	1
731	0.92	1	46	2	0	1
732	0.92	1	46	2	0	1
733	0.92	1	46	2	0	1
734	0.92	1	46	2	0	1
735	0.94	1	47	2	0	0
736	0.94	1	47	2	0	0
737	0.94	1	47	2	0	0
738	0.94	1	47	2	0	0
739	0.94	1	47	2	0	0
740	0.94	1	47	2	0	0
741	0.94	1	47	2	0	0
742	0.94	1	47	2	0	0
743	0.94	1	47	2	0	0
744	0.94	1	47	2	0	0
745	0.94	1	47	2	0	0
746	0.92	1	46	2	0	1
747	0.92	1	46	2	0	1
748	0.92	1	46	2	0	1
749	0.92	1	46	2	0	1
750	0.90	1	45	2	0	2
751	0.90	1	45	2	0	2
752	0.88	2	44	2	0	2
753	0.88	2	44	2	0	2
754	0.88	2	44	2	0	2
755	0.88	2	44	2	0	2
756	0.90	2	45	1	0	2
757	0.90	2	45	1	0	2
758	0.88	2	44	1	0	3
759	0.88	2	44	1	0	3
760	0.88	2	44	1	0	3
761	0.88	2	44	1	0	3
762	0.90	2	45	0	0	3
763	0.92	1	46	0	0	3
764	0.92	1	46	0	0	3
765	0.90	2	45	0	0	3
766	0.90	2	45	0	0	3
767	0.90	2	45	0	0	3
768	0.88	3	44	0	0	3
769	0.88	3	44	0	0	3
770	0.88	3	44	0	0	3
771	0.86	3	43	0	0	4
772	0.86	3	43	0	0	4
773	0.86	3	43	0	0	4
774	0.86	3	43	0	0	4
775	0.86	3	43	0	0	4
776	0.86	3	43	0	0	4
777	0.86	3	43	0	0	4
778	0.86	3	43	0	0	4
779	0.86	3	43	0	0	4
780	0.84	3	42	0	0	5
781	0.84	3	42	0	0	5
782	0.84	3	42	0	0	5
783	0.82	3	41	0	1	5
784	0.82	3	41	0	1	5
785	0.82	3	41	0	1	5
786	0.82	3	41	0	1	5
787	0.82	3	41	0	1	5
788	0.82	3	41	0	1	5
789	0.82	3	41	0	1	5
790	0.82	3	41	0	1	5
791	0.82	3	41	0	1	5
792	0.82	3	41	0	1	5
793	0.82	3	41	0	1	5
794	0.82	3	41	0	1	5
795	0.82	3	41	0	1	5
796	0.84	3	42	0	1	4
797	0.84	3	42	0	1	4
798	0.84	3	42	0	1	4
799	0.84	3	42	0	1	4
800	0.86	3	43	0	1	3
801	0.86	3	43	0	1	3
802	0.88	2	44	0	1	3
803	0.88	2	44	0	1	3
804	0.88	2	44	0	1	3
805	0.88	2	44	0	1	3
806	0.88	2	44	0	1	3
807	0.88	2	44	0	1	3
808	0.90	2	45	0	1	2
809	0.90	2	45	0	1	2
810	0.90	2	45	0	1	2
811	0.90	2	45	0	1	2
812	0.90	2	45	0	1	2
813	0.90	2	45	0	1	2
814	0.90	2	45	0	1	2
815	0.92	1	46	0	1	2
816	0.92	1	46	0	1	2
817	0.92	1	46	0	1	2
818	0.94	0	47	0	1	2
819	0.92	0	46	0	2	2
820	0.92	0	46	0	2	2
821	0.94	0	47	0	2	1
822	0.94	0	47	0	2	1
823	0.94	0	47	0	2	1
824	0.94	0	47	0	2	1
825	0.94	0	47	0	2	1
826	0.94	0	47	0	2	1
827	0.94	0	47	0	2	1
828	0.94	0	47	0	2	1
829	0.94	0	47	0	2	1
830	0.96	0	48	0	2	0
831	0.96	0	48	0	2	0
832	0.96	0	48	0	2	0
833	0.96	0	48	0	2	0
834	0.96	0	48	0	2	0
835	0.96	0	48	0	2	0
836	0.96	0	48	0	2	0
837	0.96	0	48	0	2	0
838	0.96	0	48	0	2	0
839	0.96	0	48	0	2	0
840	0.96	0	48	0	2	0
841	0.96	0	48	0	2	0
842	0.96	0	48	0	2	0
843	0.96	0	48	0	2	0
844	0.96	0	48	0	2	0
845	0.96	0	48	0	2	0
846	0.96	0	48	0	2	0
847	0.96	0	48	0	2	0
848	0.96	0	48	0	2	0
849	0.96	0	48	0	2	0
850	0.96	0	48	0	2	0
851	0.96	0	48	0	2	0
852	0.96	0	48	0	2	0
853	0.96	0	48	0	2	0
854	0.96	0	48	0	2	0
855	0.96	0	48	0	2	0
856	0.96	0	48	0	2	0
857	0.96	0	48	0	2	0
858	0.94	1	47	0	2	0
859	0.92	1	46	0	2	1
860	0.92	1	46	0	2	1
861	0.92	1	46	0	2	1
862	0.90	1	45	0	2	2
863	0.90	1	45	0	2	2
864	0.90	1	45	0	2	2
865	0.90	1	45	0	2	2
866	0.90	1	45	0	2	2
867	0.88	2	44	0	2	2
868	0.88	2	44	0	2	2
869	0.90	2	45	0	1	2
870	0.90	2	45	0	1	2
871	0.88	2	44	0	1	3
872	0.86	3	43	0	1	3
873	0.84	3	42	0	2	3
874	0.84	3	42	0	2	3
875	0.82	3	41	0	3	3
876	0.80	3	40	0	4	3
877	0.80	3	40	0	4	3
878	0.78	4	39	0	4	3
879	0.78	4	39	0	4	3
880	0.78	4	39	0	4	3
881	0.78	4	39	0	4	3
882	0.78	4	39	0	4	3
883	0.80	4	40	0	3	3
884	0.80	4	40	0	3	3
885	0.80	4	40	0	3	3
886	0.80	4	40	0	3	3
887	0.80	4	40	0	3	3
888	0.80	4	40	0	3	3
889	0.80	4	40	0	3	3
890	0.78	5	39	0	3	3
891	0.78	5	39	0	3	3
892	0.78	5	39	0	3	3
893	0.76	5	38	1	3	3
894	0.76	5	38	1	3	3
895	0.76	5	38	1	3	3
896	0.76	5	38	1	3	3
897	0.76	5	38	1	3	3
898	0.76	5	38	1	3	3
899	0.76	5	38	1	3	3
900	0.76	5	38	1	3	3
901	0.76	5	38	1	3	3
902	0.76	5	38	1	3	3
903	0.76	5	38	1	3	3
904	0.74	5	37	1	4	3
905	0.72	5	36	1	5	3
906	0.72	5	36	1	5	3
907	0.72	5	36	1	5	3
908	0.74	4	37	1	5	3
909	0.74	4	37	2	5	2
910	0.72	4	36	2	5	3
911	0.72	4	36	2	5	3
912	0.72	5	36	2	5	2
913	0.72	5	36	2	5	2
914	0.72	5	36	2	5	2
915	0.72	5	36	2	5	2
916	0.72	5	36	2	5	2
917	0.74	4	37	2	5	2
918	0.74	4	37	2	5	2
919	0.74	4	37	2	5	2
920	0.74	4	37	2	5	2
921	0.76	4	38	2	5	1
922	0.78	3	39	2	5	1
923	0.80	3	40	2	4	1
924	0.80	3	40	2	4	1
925	0.82	3	41	2	3	1
926	0.82	3	41	3	2	1
927	0.82	3	41	3	2	1
928	0.84	2	42	3	2	1
929	0.84	2	42	3	2	1
930	0.84	2	42	3	2	1
931	0.84	2	42	3	2	1
932	0.84	2	42	3	2	1
933	0.84	2	42	3	2	1
934	0.84	2	42	3	2	1
935	0.84	2	42	3	2	1
936	0.84	2	42	3	2	1
937	0.84	2	42	3	2	1
938	0.84	2	42	3	2	1
939	0.84	2	42	3	2	1
940	0.86	1	43	3	2	1
941	0.84	1	42	4	2	1
942	0.84	1	42	4	2	1
943	0.84	1	42	3	3	1
944	0.84	1	42	3	3	1
945	0.84	1	42	3	3	1
946	0.84	1	42	3	3	1
947	0.82	1	41	4	3	1
948	0.82	1	41	4	3	1
949	0.82	1	41	4	3	1
950	0.82	1	41	4	3	1
951	0.82	1	41	4	3	1
952	0.82	1	41	4	3	1
953	0.82	1	41	4	3	1
954	0.82	1	41	4	2	2
955	0.84	1	42	4	1	2
956	0.84	1	42	4	1	2
957	0.84	1	42	4	1	2
958	0.82	1	41	5	1	2
959	0.84	1	42	4	1	2
960	0.86	1	43	4	1	1
961	0.86	1	43	4	1	1
962	0.88	0	44	4	1	1
963	0.88	0	44	4	1	1
964	0.88	0	44	4	1	1
965	0.88	0	44	4	1	1
966	0.88	0	44	4	1	1
967	0.88	0	44	4	1	1
968	0.88	0	44	4	1	1
969	0.88	0	44	4	1	1
970	0.88	0	44	4	1	1
971	0.88	0	44	4	1	1
972	0.88	0	44	4	1	1
973	0.88	0	44	4	1	1
974	0.88	0	44	4	1	1
975	0.88	0	44	4	1	1
976	0.90	0	45	3	1	1
977	0.90	0	45	3	1	1
978	0.90	0	45	3	1	1
979	0.90	0	45	3	1	1
980	0.90	0	45	3	1	1
981	0.90	0	45	3	1	1
982	0.90	0	45	3	1	1
983	0.90	0	45	3	1	1
984	0.90	0	45	3	1	1
985	0.90	0	45	3	1	1
986	0.90	0	45	3	1	1
987	0.90	0	45	3	1	1
988	0.90	0	45	3	1	1
989	0.90	0	45	3	1	1
990	0.90	0	45	3	1	1
991	0.90	1	45	2	1	1
992	0.90	1	45	2	1	1
993	0.92	1	46	2	0	1
994	0.92	1	46	2	0	1
995	0.92	1	46	2	0	1
996	0.92	1	46	2	0	1
997	0.94	1	47	1	0	1
998	0.94	1	47	1	0	1
999	0.94	1	47	1	0	1
1000	0.02	1	47	1	0	1
1001	0.04	1	46	2	0	1
1002	0.06	1	45	3	0	1
1003	0.08	1	44	4	0	1
1004	0.10	1	44	5	0	0
1005	0.10	1	44	5	0	0
1006	0.10	1	44	5	0	0
1007	0.10	1	44	5	0	0
1008	0.08	2	44	4	0	0
1009	0.08	3	43	4	0	0
1010	0.10	3	42	5	0	0
1011	0.10	3	42	5	0	0
1012	0.10	3	42	5	0	0
1013	0.12	3	41	6	0	0
1014	0.14	3	40	7	0	0
1015	0.14	3	40	7	0	0
1016	0.16	3	39	8	0	0
1017	0.16	3	39	8	0	0
1018	0.16	3	39	8	0	0
1019	0.18	3	38	9	0	0
1020	0.20	3	37	10	0	0
1021	0.20	3	36	10	0	1
1022	0.20	3	35	10	1	1
1023	0.20	3	35	10	1	1
1024	0.22	3	34	11	1	1
1025	0.24	3	33	12	1	1
1026	0.26	3	32	13	1	1
1027	0.28	3	31	14	1	1
1028	0.30	3	30	15	1	1
1029	0.32	3	29	16	1	1
1030	0.34	3	28	17	1	1
1031	0.36	3	27	18	1	1
1032	0.38	3	26	19	1	1
1033	0.40	3	25	20	1	1
1034	0.42	3	24	21	1	1
1035	0.44	3	23	22	1	1
1036	0.46	3	22	23	1	1
1037	0.46	3	22	23	1	1
1038	0.46	3	22	23	1	1
1039	0.48	3	21	24	1	1
1040	0.50	3	20	25	1	1
1041	0.52	2	20	26	1	1
1042	0.54	2	19	27	1	1
1043	0.56	2	18	28	1	1
1044	0.58	2	17	29	1	1
1045	0.60	2	16	30	1	1
1046	0.62	2	15	31	1	1
1047	0.64	2	14	32	1	1
1048	0.66	2	13	33	1	1
1049	0.68	2	12	34	1	1
1050	0.70	2	11	35	1	1
1051	0.70	2	11	35	1	1
1052	0.70	2	11	35	1	1
1053	0.68	2	12	34	1	1
1054	0.68	2	12	34	1	1
1055	0.70	2	11	35	1	1
1056	0.72	2	10	36	1	1
1057	0.74	2	9	37	1	1
1058	0.76	1	9	38	1	1
1059	0.78	0	9	39	1	1
1060	0.78	0	9	39	1	1
1061	0.80	0	8	40	1	1
1062	0.82	0	7	41	1	1
1063	0.82	0	7	41	1	1
1064	0.82	0	7	41	1	1
1065	0.84	0	6	42	1	1
1066	0.84	0	6	42	1	1
1067	0.86	0	5	43	1	1
1068	0.88	0	4	44	1	1
1069	0.88	0	4	44	1	1
1070	0.88	0	4	44	1	1
1071	0.90	0	4	45	1	0
1072	0.92	0	4	46	0	0
1073	0.92	0	4	46	0	0
1074	0.92	0	4	46	0	0
1075	0.90	0	4	45	0	1
1076	0.90	0	4	45	0	1
1077	0.90	0	4	45	0	1
1078	0.90	0	4	45	0	1
1079	0.90	0	4	45	0	1
1080	0.90	0	4	45	0	1
1081	0.90	0	4	45	0	1
1082	0.90	0	4	45	0	1
1083	0.90	0	4	45	0	1
1084	0.90	0	4	45	0	1
1085	0.90	0	4	45	0	1
1086	0.90	0	4	45	0	1
1087	0.92	0	3	46	0	1
1088	0.92	0	3	46	0	1
1089	0.92	0	3	46	0	1
1090	0.92	0	3	46	0	1
1091	0.92	0	3	46	0	1
1092	0.92	0	3	46	0	1
1093	0.92	0	3	46	0	1
1094	0.92	0	3	46	0	1
1095	0.92	0	3	46	0	1
1096	0.90	0	3	45	1	1
1097	0.88	1	3	44	1	1
1098	0.88	1	3	44	1	1
1099	0.88	1	3	44	1	1
1100	0.88	1	3	44	1	1
1101	0.88	1	3	44	1	1
1102	0.88	1	3	44	1	1
1103	0.90	1	2	45	1	1
1104	0.90	1	2	45	1	1
1105	0.90	1	2	45	1	1
1106	0.90	1	2	45	1	1
1107	0.90	1	2	45	1	1
1108	0.90	1	2	45	1	1
1109	0.90	1	2	45	1	1
1110	0.90	1	2	45	1	1
1111	0.90	1	2	45	1	1
1112	0.90	1	2	45	1	1
1113	0.90	1	2	45	1	1
1114	0.90	1	2	45	1	1
1115	0.88	1	2	44	1	2
1116	0.88	1	2	44	1	2
1117	0.88	1	2	44	1	2
1118	0.88	1	2	44	1	2
1119	0.88	1	2	44	1	2
1120	0.88	1	2	44	1	2
1121	0.88	1	2	44	1	2
1122	0.88	1	2	44	1	2
1123	0.90	1	1	45	1	2
1124	0.90	1	1	45	1	2
1125	0.92	1	1	46	1	1
1126	0.90	1	2	45	1	1
1127	0.90	1	2	45	1	1
1128	0.90	1	2	45	1	1
1129	0.90	1	2	45	1	1
1130	0.90	1	2	45	1	1
1131	0.90	1	2	45	1	1
1132	0.90	1	2	45	1	1
1133	0.90	1	2	45	1	1
1134	0.88	1	3	44	1	1
1135	0.88	1	3	44	1	1
1136	0.86	1	3	43	2	1
1137	0.84	1	3	42	3	1
1138	0.86	1	2	43	3	1
1139	0.86	1	2	43	3	1
1140	0.86	1	2	43	3	1
1141	0.86	1	2	43	3	1
1142	0.86	1	2	43	3	1
1143	0.86	1	2	43	3	1
1144	0.86	1	2	43	3	1
1145	0.86	1	2	43	3	1
1146	0.88	1	2	44	2	1
1147	0.90	0	2	45	2	1
1148	0.90	0	2	45	2	1
1149	0.90	0	2	45	2	1
1150	0.90	0	2	45	2	1
1151	0.90	0	2	45	2	1
1152	0.90	0	2	45	2	1
1153	0.90	0	2	45	2	1
1154	0.90	0	2	45	2	1
1155	0.90	0	2	45	2	1
1156	0.90	0	2	45	2	1
1157	0.90	0	2	45	2	1
1158	0.90	0	2	45	2	1
1159	0.90	0	2	45	2	1
1160	0.90	0	2	45	2	1
1161	0.88	0	2	44	3	1
1162	0.88	0	2	44	3	1
1163	0.88	0	2	44	3	1
1164	0.88	0	2	44	3	1
1165	0.90	0	2	45	3	0
1166	0.90	0	2	45	3	0
1167	0.90	0	2	45	3	0
1168	0.90	0	2	45	3	0
1169	0.90	0	2	45	3	0
1170	0.90	0	2	45	3	0
1171	0.88	0	2	44	3	1
1172	0.88	0	2	44	3	1
1173	0.88	0	2	44	3	1
1174	0.88	0	2	44	3	1
1175	0.88	0	2	44	3	1
1176	0.90	0	1	45	3	1
1177	0.90	0	1	45	3	1
1178	0.90	0	1	45	3	1
1179	0.90	0	1	45	3	1
1180	0.90	0	1	45	3	1
1181	0.88	0	1	44	4	1
1182	0.88	0	1	44	4	1
1183	0.88	0	1	44	4	1
1184	0.88	0	1	44	4	1
1185	0.88	0	1	44	4	1
1186	0.90	0	1	45	3	1
1187	0.92	0	1	46	2	1
1188	0.92	0	1	46	2	1
1189	0.90	1	1	45	2	1
1190	0.88	1	2	44	2	1
1191	0.88	1	2	44	2	1
1192	0.88	1	2	44	2	1
1193	0.88	1	2	44	2	1
1194	0.88	1	2	44	2	1
1195	0.88	1	2	44	2	1
1196	0.88	1	2	44	2	1
1197	0.88	1	2	44	2	1
1198	0.88	1	2	44	2	1
1199	0.88	1	2	44	2	1
1200	0.88	1	2	44	2	1
1201	0.88	1	2	44	2	1
1202	0.88	1	2	44	2	1
1203	0.88	1	2	44	2	1
1204	0.88	1	2	44	2	1
1205	0.88	1	2	44	2	1
1206	0.88	1	2	44	2	1
1207	0.88	1	2	44	2	1
1208	0.86	1	2	43	3	1
1209	0.84	2	2	42	3	1
1210	0.84	2	2	42	3	1
1211	0.86	2	2	43	2	1
1212	0.86	2	2	43	2	1
1213	0.86	2	2	43	2	1
1214	0.86	2	2	43	2	1
1215	0.86	2	2	43	2	1
1216	0.84	3	2	42	2	1
1217	0.84	3	2	42	2	1
1218	0.82	4	2	41	2	1
1219	0.80	4	2	40	2	2
1220	0.80	4	2	40	2	2
1221	0.82	4	2	41	2	1
1222	0.82	4	2	41	2	1
1223	0.82	4	2	41	2	1
1224	0.82	4	2	41	2	1
1225	0.82	4	2	41	2	1
1226	0.82	4	2	41	2	1
1227	0.80	4	3	40	2	1
1228	0.80	4	3	40	2	1
1229	0.80	4	3	40	2	1
1230	0.80	4	3	40	2	1
1231	0.82	4	3	41	1	1
1232	0.82	4	3	41	1	1
1233	0.82	4	3	41	1	1
1234	0.84	4	2	42	1	1
1235	0.84	4	2	42	1	1
1236	0.84	4	2	42	1	1
1237	0.84	4	2	42	1	1
1238	0.84	4	2	42	1	1
1239	0.84	3	2	42	2	1
1240	0.84	3	2	42	2	1
1241	0.84	3	2	42	2	1
1242	0.84	3	2	42	2	1
1243	0.84	3	2	42	2	1
1244	0.84	3	2	42	2	1
1245	0.82	3	3	41	2	1
1246	0.82	3	3	41	2	1
1247	0.82	3	3	41	2	1
1248	0.80	4	3	40	2	1
1249	0.80	4	3	40	2	1
1250	0.80	4	3	40	2	1
1251	0.80	4	3	40	2	1
1252	0.80	4	3	40	2	1
1253	0.80	4	3	40	2	1
1254	0.80	4	3	40	2	1
1255	0.80	4	3	40	2	1
1256	0.78	4	4	39	2	1
1257	0.78	4	4	39	2	1
1258	0.80	4	4	40	1	1
1259	0.82	3	4	41	1	1
1260	0.82	3	4	41	1	1
1261	0.82	3	4	41	1	1
1262	0.80	3	4	40	1	2
1263	0.80	3	4	40	1	2
1264	0.80	3	4	40	1	2
1265	0.80	3	4	40	1	2
1266	0.82	2	4	41	1	2
1267	0.82	2	4	41	1	2
1268	0.82	2	4	41	1	2
1269	0.84	2	4	42	1	1
1270	0.84	2	4	42	1	1
1271	0.84	2	4	42	1	1
1272	0.84	2	4	42	1	1
1273	0.84	2	4	42	1	1
1274	0.84	2	4	42	1	1
1275	0.84	2	4	42	1	1
1276	0.84	2	4	42	1	1
1277	0.84	2	3	42	1	2
1278	0.84	2	3	42	1	2
1279	0.84	2	3	42	1	2
1280	0.84	2	3	42	1	2
1281	0.84	2	3	42	1	2
1282	0.84	2	3	42	1	2
1283	0.82	2	3	41	2	2
1284	0.82	2	3	41	2	2
1285	0.82	2	3	41	2	2
1286	0.82	2	3	41	2	2
1287	0.82	2	3	41	2	2
1288	0.82	2	3	41	2	2
1289	0.84	2	3	42	1	2
1290	0.86	2	2	43	1	2
1291	0.86	2	2	43	1	2
1292	0.86	2	2	43	1	2
1293	0.86	2	2	43	1	2
1294	0.84	2	3	42	1	2
1295	0.86	2	2	43	1	2
1296	0.86	2	2	43	1	2
1297	0.86	2	2	43	1	2
1298	0.88	1	2	44	1	2
1299	0.86	1	2	43	1	3
1300	0.86	1	2	43	1	3
1301	0.86	1	2	43	1	3
1302	0.84	1	3	42	1	3
1303	0.84	1	3	42	1	3
1304	0.84	1	3	42	1	3
1305	0.84	1	3	42	1	3
1306	0.86	1	2	43	1	3
1307	0.84	1	2	42	1	4
1308	0.84	1	2	42	1	4
1309	0.84	1	2	42	1	4
1310	0.84	1	2	42	1	4
1311	0.82	1	2	41	2	4
1312	0.84	1	2	42	2	3
1313	0.84	1	2	42	2	3
1314	0.84	1	2	42	2	3
1315	0.84	1	2	42	2	3
1316	0.82	1	2	41	3	3
1317	0.82	1	2	41	3	3
1318	0.84	0	2	42	3	3
1319	0.82	0	3	41	3	3
1320	0.82	0	3	41	3	3
1321	0.82	0	3	41	3	3
1322	0.82	0	3	41	3	3
1323	0.82	0	3	41	3	3
1324	0.82	0	3	41	3	3
1325	0.80	1	3	40	3	3
1326	0.80	1	3	40	3	3
1327	0.80	1	4	40	3	2
1328	0.80	1	4	40	3	2
1329	0.80	1	4	40	3	2
1330	0.78	1	4	39	3	3
1331	0.78	1	4	39	3	3
1332	0.78	1	4	39	3	3
1333	0.80	1	4	40	2	3
1334	0.80	1	4	40	2	3
1335	0.80	1	4	40	2	3
1336	0.80	1	4	40	2	3
1337	0.80	1	4	40	2	3
1338	0.80	1	4	40	2	3
1339	0.78	1	4	39	2	4
1340	0.78	1	4	39	2	4
1341	0.78	1	4	39	2	4
1342	0.78	1	4	39	2	4
1343	0.78	1	4	39	2	4
1344	0.80	1	3	40	2	4
1345	0.80	1	3	40	2	4
1346	0.80	1	3	40	2	4
1347	0.80	1	3	40	2	4
1348	0.80	1	3	40	2	4
1349	0.82	1	3	41	2	3
1350	0.80	1	4	40	2	3
1351	0.80	1	4	40	2	3
1352	0.82	1	3	41	2	3
1353	0.82	1	3	41	2	3
1354	0.82	1	3	41	2	3
1355	0.82	1	3	41	2	3
1356	0.82	1	3	41	2	3
1357	0.84	1	3	42	2	2
1358	0.84	1	3	42	2	2
1359	0.84	1	3	42	2	2
1360	0.84	1	3	42	2	2
1361	0.86	1	3	43	1	2
1362	0.84	1	3	42	2	2
1363	0.82	1	3	41	2	3
1364	0.82	1	3	41	2	3
1365	0.82	1	3	41	2	3
1366	0.84	1	3	42	1	3
1367	0.84	1	3	42	1	3
1368	0.84	1	3	42	1	3
1369	0.86	1	2	43	1	3
1370	0.86	1	2	43	1	3
1371	0.86	1	2	43	1	3
1372	0.86	1	2	43	1	3
1373	0.86	1	2	43	1	3
1374	0.86	1	2	43	1	3
1375	0.88	0	2	44	1	3
1376	0.88	0	2	44	1	3
1377	0.90	0	1	45	1	3
1378	0.90	0	1	45	1	3
1379	0.88	0	1	44	1	4
1380	0.88	0	1	44	1	4
1381	0.88	0	1	44	1	4
1382	0.88	0	1	44	1	4
1383	0.88	0	1	44	1	4
1384	0.86	0	1	43	2	4
1385	0.86	0	1	43	2	4
1386	0.86	0	1	43	2	4
1387	0.86	0	1	43	2	4
1388	0.84	1	1	42	2	4
1389	0.86	1	1	43	2	3
1390	0.86	1	1	43	2	3
1391	0.86	1	1	43	2	3
1392	0.86	1	1	43	2	3
1393	0.86	1	1	43	2	3
1394	0.86	1	1	43	2	3
1395	0.86	1	1	43	2	3
1396	0.86	1	1	43	2	3
1397	0.86	1	1	43	2	3
1398	0.86	1	1	43	2	3
1399	0.86	1	1	43	2	3
1400	0.88	1	0	44	2	3
1401	0.88	1	0	44	2	3
1402	0.88	1	0	44	2	3
1403	0.88	1	0	44	2	3
1404	0.86	1	0	43	2	4
1405	0.86	1	0	43	2	4
1406	0.84	2	0	42	2	4
1407	0.84	2	0	42	2	4
1408	0.82	3	0	41	2	4
1409	0.82	3	0	41	2	4
1410	0.82	3	0	41	2	4
1411	0.82	3	0	41	2	4
1412	0.84	3	0	42	1	4
1413	0.86	3	0	43	1	3
1414	0.86	3	0	43	1	3
1415	0.86	3	0	43	1	3
1416	0.86	3	0	43	1	3
1417	0.86	3	0	43	1	3
1418	0.86	3	0	43	1	3
1419	0.86	3	0	43	1	3
1420	0.86	3	0	43	1	3
1421	0.86	3	0	43	1	3
1422	0.86	3	0	43	1	3
1423	0.86	3	0	43	1	3
1424	0.84	3	0	42	2	3
1425	0.84	3	0	42	2	3
1426	0.84	3	0	42	2	3
1427	0.84	3	0	42	2	3
1428	0.84	3	0	42	2	3
1429	0.86	3	0	43	2	2
1430	0.88	3	0	44	2	1
1431	0.88	3	0	44	2	1
1432	0.88	3	0	44	2	1
1433	0.86	3	0	43	3	1
1434	0.88	3	0	44	2	1
1435	0.88	3	0	44	2	1
1436	0.88	3	0	44	2	1
1437	0.88	3	0	44	2	1
1438	0.90	2	0	45	2	1
1439	0.90	2	0	45	2	1
1440	0.90	2	0	45	2	1
1441	0.90	2	0	45	2	1
1442	0.90	2	0	45	2	1
1443	0.90	2	0	45	2	1
1444	0.88	3	0	44	2	1
1445	0.88	3	0	44	2	1
1446	0.88	3	0	44	2	1
1447	0.88	3	0	44	2	1
1448	0.88	3	0	44	2	1
1449	0.88	3	0	44	2	1
1450	0.86	3	0	43	3	1
1451	0.86	3	0	43	3	1
1452	0.86	3	0	43	3	1
1453	0.84	3	0	42	3	2
1454	0.86	3	0	43	3	1
1455	0.86	3	0	43	3	1
1456	0.88	2	0	44	3	1
1457	0.88	2	0	44	3	1
1458	0.90	1	0	45	3	1
1459	0.88	1	0	44	3	2
1460	0.88	1	0	44	3	2
1461	0.86	1	0	43	3	3
1462	0.86	1	0	43	3	3
1463	0.86	1	0	43	3	3
1464	0.86	1	0	43	3	3
1465	0.86	1	0	43	3	3
1466	0.86	1	0	43	3	3
1467	0.86	1	0	43	3	3
1468	0.84	1	0	42	4	3
1469	0.82	1	0	41	4	4
1470	0.82	1	0	41	4	4
1471	0.82	1	0	41	4	4
1472	0.82	1	0	41	4	4
1473	0.82	1	0	41	4	4
1474	0.84	1	0	42	3	4
1475	0.84	1	0	42	3	4
1476	0.84	1	0	42	3	4
1477	0.84	1	0	42	3	4
1478	0.84	1	0	42	3	4
1479	0.84	1	0	42	3	4
1480	0.84	1	0	42	3	4
1481	0.84	1	0	42	3	4
1482	0.84	1	0	42	3	4
1483	0.86	1	0	43	2	4
1484	0.86	1	0	43	2	4
1485	0.86	1	0	43	2	4
1486	0.86	1	0	43	2	4
1487	0.86	1	0	43	2	4
1488	0.86	1	0	43	2	4
1489	0.86	1	0	43	2	4
1490	0.86	1	0	43	2	4
1491	0.84	1	0	42	2	5
1492	0.84	1	0	42	2	5
1493	0.82	2	0	41	2	5
1494	0.84	1	0	42	2	5
1495	0.82	1	1	41	2	5
1496	0.82	1	1	41	2	5
1497	0.80	1	2	40	2	5
1498	0.80	1	2	40	2	5
1499	0.80	1	2	40	2	5
1500	0.04	1	2	40	2	5
1501	0.04	1	2	40	2	5
1502	0.04	1	2	40	2	5
1503	0.06	1	2	40	3	4
1504	0.08	1	2	39	4	4
1505	0.10	1	2	38	5	4
1506	0.12	1	2	37	6	4
1507	0.12	1	2	37	6	4
1508	0.14	1	2	36	7	4
1509	0.16	1	2	36	8	3
1510	0.16	1	3	35	8	3
1511	0.16	1	3	36	8	2
1512	0.18	1	3	35	9	2
1513	0.20	1	3	34	10	2
1514	0.22	1	3	33	11	2
1515	0.24	1	3	32	12	2
1516	0.26	1	3	31	13	2
1517	0.28	1	3	30	14	2
1518	0.28	1	3	30	14	2
1519	0.30	1	3	30	15	1
1520	0.30	2	3	29	15	1
1521	0.30	2	3	29	15	1
1522	0.30	3	3	28	15	1
1523	0.32	3	3	27	16	1
1524	0.34	3	3	26	17	1
1525	0.36	3	3	25	18	1
1526	0.36	4	3	24	18	1
1527	0.38	4	3	23	19	1
1528	0.38	4	3	23	19	1
1529	0.40	4	3	22	20	1
1530	0.42	4	3	21	21	1
1531	0.44	4	3	20	22	1
1532	0.46	4	3	19	23	1
1533	0.48	4	3	18	24	1
1534	0.50	4	3	17	25	1
1535	0.50	4	3	17	25	1
1536	0.52	4	3	16	26	1
1537	0.52	5	3	15	26	1
1538	0.54	5	3	14	27	1
1539	0.56	5	3	13	28	1
1540	0.56	5	3	12	28	2
1541	0.56	6	3	12	28	1
1542	0.56	7	3	11	28	1
1543	0.58	6	3	11	29	1
1544	0.58	6	4	10	29	1
1545	0.60	6	3	10	30	1
1546	0.62	6	3	9	31	1
1547	0.64	6	2	9	32	1
1548	0.66	6	2	8	33	1
1549	0.68	6	2	7	34	1
1550	0.68	6	2	7	34	1
1551	0.70	6	2	6	35	1
1552	0.72	6	2	5	36	1
1553	0.72	6	2	5	36	1
1554	0.72	6	2	5	36	1
1555	0.70	7	2	5	35	1
1556	0.70	7	2	5	35	1
1557	0.70	8	2	4	35	1
1558	0.70	8	2	4	35	1
1559	0.70	8	2	4	35	1
1560	0.72	8	1	4	36	1
1561	0.74	8	1	3	37	1
1562	0.74	8	1	3	37	1
1563	0.74	8	1	3	37	1
1564	0.74	8	1	3	37	1
1565	0.74	8	1	3	37	1
1566	0.74	8	1	3	37	1
1567	0.74	8	1	3	37	1
1568	0.74	8	1	3	37	1
1569	0.74	8	1	3	37	1
1570	0.74	7	1	4	37	1
1571	0.76	7	1	3	38	1
1572	0.78	6	1	3	39	1
1573	0.78	6	1	3	39	1
1574	0.78	6	1	3	39	1
1575	0.78	6	1	3	39	1
1576	0.80	5	1	3	40	1
1577	0.80	5	1	3	40	1
1578	0.82	5	1	2	41	1
1579	0.82	5	1	2	41	1
1580	0.82	5	1	2	41	1
1581	0.82	5	1	2	41	1
1582	0.82	5	1	2	41	1
1583	0.82	5	1	2	41	1
1584	0.82	5	1	2	41	1
1585	0.82	5	1	1	41	2
1586	0.82	5	1	1	41	2
1587	0.82	5	1	1	41	2
1588	0.82	5	1	1	41	2
1589	0.82	5	1	1	41	2
1590	0.84	5	1	1	42	1
1591	0.86	4	1	1	43	1
1592	0.86	4	1	1	43	1
1593	0.86	4	1	1	43	1
1594	0.88	4	0	1	44	1
1595	0.86	5	0	1	43	1
1596	0.86	5	0	1	43	1
1597	0.84	5	0	2	42	1
1598	0.84	5	0	2	42	1
1599	0.84	5	0	2	42	1
1600	0.84	5	0	2	42	1
1601	0.84	5	0	2	42	1
1602	0.84	5	0	2	42	1
1603	0.84	5	0	2	42	1
1604	0.84	5	0	2	42	1
1605	0.86	4	0	2	43	1
1606	0.86	4	0	2	43	1
1607	0.88	3	0	2	44	1
1608	0.88	3	0	2	44	1
1609	0.88	3	0	2	44	1
1610	0.86	3	0	2	43	2
1611	0.86	3	0	2	43	2
1612	0.86	3	0	2	43	2
1613	0.84	3	0	2	42	3
1614	0.84	3	0	2	42	3
1615	0.82	4	0	2	41	3
1616	0.82	4	0	2	41	3
1617	0.80	4	0	3	40	3
1618	0.80	4	0	3	40	3
1619	0.78	5	0	3	39	3
1620	0.78	5	0	3	39	3
1621	0.78	5	0	3	39	3
1622	0.78	5	0	3	39	3
1623	0.78	5	0	3	39	3
1624	0.78	5	0	3	39	3
1625	0.78	5	0	3	39	3
1626	0.76	5	0	4	38	3
1627	0.76	5	0	4	38	3
1628	0.76	5	0	4	38	3
1629	0.76	5	0	4	38	3
1630	0.76	5	0	4	38	3
1631	0.76	5	0	4	38	3
1632	0.76	5	0	4	38	3
1633	0.76	5	0	4	38	3
1634	0.76	5	0	4	38	3
1635	0.78	5	0	4	39	2
1636	0.78	5	0	4	39	2
1637	0.80	4	0	4	40	2
1638	0.80	4	0	4	40	2
1639	0.80	4	0	4	40	2
1640	0.78	4	0	5	39	2
1641	0.78	4	0	5	39	2
1642	0.80	3	0	5	40	2
1643	0.80	3	0	5	40	2
1644	0.80	3	0	5	40	2
1645	0.82	2	0	5	41	2
1646	0.82	2	0	5	41	2
1647	0.84	2	0	4	42	2
1648	0.84	2	0	4	42	2
1649	0.84	2	0	4	42	2
1650	0.84	2	0	4	42	2
1651	0.84	2	0	4	42	2
1652	0.84	2	0	4	42	2
1653	0.84	2	0	4	42	2
1654	0.84	2	0	4	42	2
1655	0.84	2	0	4	42	2
1656	0.84	2	0	4	42	2
1657	0.84	2	0	4	42	2
1658	0.84	2	0	4	42	2
1659	0.84	2	0	4	42	2
1660	0.86	2	0	4	43	1
1661	0.84	2	1	4	42	1
1662	0.84	2	1	4	42	1
1663	0.86	2	1	4	43	0
1664	0.86	2	1	4	43	0
1665	0.88	1	1	4	44	0
1666	0.88	1	1	4	44	0
1667	0.90	1	1	3	45	0
1668	0.90	1	1	3	45	0
1669	0.90	0	2	3	45	0
1670	0.90	0	2	2	45	1
1671	0.88	0	2	3	44	1
1672	0.86	0	2	4	43	1
1673	0.86	0	2	4	43	1
1674	0.84	0	2	4	42	2
1675	0.82	0	3	4	41	2
1676	0.84	0	3	3	42	2
1677	0.84	0	3	3	42	2
1678	0.82	1	3	3	41	2
1679	0.82	1	3	3	41	2
1680	0.82	1	3	3	41	2
1681	0.82	1	3	3	41	2
1682	0.80	1	3	4	40	2
1683	0.80	1	3	4	40	2
1684	0.80	1	3	4	40	2
1685	0.80	1	3	4	40	2
1686	0.78	1	4	4	39	2
1687	0.78	1	4	4	39	2
1688	0.78	1	4	4	39	2
1689	0.78	1	4	4	39	2
1690	0.80	1	4	3	40	2
1691	0.80	1	4	3	40	2
1692	0.80	1	4	3	40	2
1693	0.80	1	4	3	40	2
1694	0.78	1	4	3	39	3
1695	0.78	1	4	3	39	3
1696	0.78	1	4	3	39	3
1697	0.78	1	4	3	39	3
1698	0.78	1	4	3	39	3
1699	0.78	1	4	3	39	3
1700	0.78	1	4	3	39	3
1701	0.78	1	4	3	39	3
1702	0.78	1	4	3	39	3
1703	0.78	1	4	3	39	3
1704	0.78	1	4	3	39	3
1705	0.78	1	4	3	39	3
1706	0.78	1	4	3	39	3
1707	0.76	1	5	3	38	3
1708	0.76	1	5	3	38	3
1709	0.76	1	5	3	38	3
1710	0.76	1	5	3	38	3
1711	0.76	1	5	3	38	3
1712	0.76	1	5	3	38	3
1713	0.74	1	5	4	37	3
1714	0.74	1	5	4	37	3
1715	0.72	1	6	4	36	3
1716	0.72	1	6	4	36	3
1717	0.72	1	6	4	36	3
1718	0.72	1	6	4	36	3
1719	0.72	1	6	4	36	3
1720	0.74	1	6	4	37	2
1721	0.76	1	6	3	38	2
1722	0.78	1	6	2	39	2
1723	0.78	1	6	2	39	2
1724	0.80	1	6	2	40	1
1725	0.82	1	5	2	41	1
1726	0.82	1	5	2	41	1
1727	0.82	1	5	2	41	1
1728	0.84	0	5	2	42	1
1729	0.84	0	5	2	42	1
1730	0.82	0	5	2	41	2
1731	0.82	0	5	2	41	2
1732	0.84	0	5	1	42	2
1733	0.84	0	5	1	42	2
1734	0.84	0	5	1	42	2
1735	0.84	0	5	1	42	2
1736	0.86	0	4	1	43	2
1737	0.86	0	4	1	43	2
1738	0.86	0	4	1	43	2
1739	0.86	0	4	1	43	2
1740	0.86	0	4	1	43	2
1741	0.86	0	4	1	43	2
1742	0.86	0	4	1	43	2
1743	0.84	0	4	1	42	3
1744	0.86	0	4	1	43	2
1745	0.86	0	4	1	43	2
1746	0.86	0	4	1	43	2
1747	0.86	0	4	1	43	2
1748	0.86	0	4	1	43	2
1749	0.86	0	4	1	43	2
1750	0.86	0	4	1	43	2
1751	0.86	0	4	1	43	2
1752	0.84	0	4	1	42	3
1753	0.84	0	4	1	42	3
1754	0.84	0	4	1	42	3
1755	0.84	0	4	1	42	3
1756	0.84	0	4	1	42	3
1757	0.86	0	3	1	43	3
1758	0.86	0	3	1	43	3
1759	0.84	1	3	1	42	3
1760	0.84	1	3	1	42	3
1761	0.86	1	2	1	43	3
1762	0.86	1	2	1	43	3
1763	0.88	1	2	0	44	3
1764	0.88	1	2	0	44	3
1765	0.90	1	1	0	45	3
1766	0.90	1	1	0	45	3
1767	0.88	1	2	0	44	3
1768	0.86	2	2	0	43	3
1769	0.88	2	1	0	44	3
1770	0.88	2	1	0	44	3
1771	0.88	2	1	0	44	3
1772	0.88	2	1	0	44	3
1773	0.88	2	1	0	44	3
1774	0.88	2	1	0	44	3
1775	0.88	2	1	0	44	3
1776	0.88	2	1	0	44	3
1777	0.88	2	1	0	44	3
1778	0.88	2	1	0	44	3
1779	0.86	2	1	0	43	4
1780	0.88	2	1	0	44	3
1781	0.88	2	1	0	44	3
1782	0.86	2	1	0	43	4
1783	0.86	2	1	0	43	4
1784	0.86	2	1	0	43	4
1785	0.86	2	1	0	43	4
1786	0.86	2	1	0	43	4
1787	0.86	2	1	0	43	4
1788	0.86	2	1	0	43	4
1789	0.84	2	1	1	42	4
1790	0.84	2	1	1	42	4
1791	0.84	2	1	1	42	4
1792	0.84	2	1	1	42	4
1793	0.86	2	1	1	43	3
1794	0.86	2	1	1	43	3
1795	0.86	2	1	1	43	3
1796	0.86	2	1	1	43	3
1797	0.86	2	1	1	43	3
1798	0.86	2	1	1	43	3
1799	0.86	2	1	1	43	3
1800	0.86	2	1	1	43	3
1801	0.86	2	1	1	43	3
1802	0.88	2	1	1	44	2
1803	0.88	2	1	1	44	2
1804	0.88	2	1	1	44	2
1805	0.88	2	1	1	44	2
1806	0.88	2	1	1	44	2
1807	0.88	2	1	1	44	2
1808	0.88	2	1	1	44	2
1809	0.90	1	1	1	45	2
1810	0.90	1	1	1	45	2
1811	0.90	1	1	1	45	2
1812	0.90	1	1	1	45	2
1813	0.88	1	1	2	44	2
1814	0.88	1	1	2	44	2
1815	0.88	1	1	2	44	2
1816	0.86	2	1	2	43	2
1817	0.88	2	0	2	44	2
1818	0.90	1	0	2	45	2
1819	0.90	1	0	2	45	2
1820	0.88	1	0	2	44	3
1821	0.88	1	0	2	44	3
1822	0.88	1	0	2	44	3
1823	0.88	1	0	2	44	3
1824	0.88	1	0	2	44	3
1825	0.88	1	0	2	44	3
1826	0.88	1	0	2	44	3
1827	0.88	1	0	2	44	3
1828	0.88	1	0	2	44	3
1829	0.88	1	1	2	44	2
1830	0.86	1	1	3	43	2
1831	0.84	2	1	3	42	2
1832	0.84	2	1	4	42	1
1833	0.84	2	1	4	42	1
1834	0.84	2	1	4	42	1
1835	0.84	2	1	4	42	1
1836	0.84	2	1	4	42	1
1837	0.84	2	1	4	42	1
1838	0.84	2	1	4	42	1
1839	0.86	2	1	3	43	1
1840	0.86	2	1	3	43	1
1841	0.86	2	1	3	43	1
1842	0.86	2	1	3	43	1
1843	0.86	2	1	3	43	1
1844	0.86	2	1	3	43	1
1845	0.86	2	1	3	43	1
1846	0.86	2	1	3	43	1
1847	0.86	2	1	3	43	1
1848	0.84	2	1	3	42	2
1849	0.82	3	1	3	41	2
1850	0.82	3	1	3	41	2
1851	0.82	3	1	3	41	2
1852	0.82	3	1	3	41	2
1853	0.82	3	1	3	41	2
1854	0.82	3	1	3	41	2
1855	0.80	4	1	3	40	2
1856	0.80	4	1	3	40	2
1857	0.80	4	1	3	40	2
1858	0.80	4	1	3	40	2
1859	0.80	4	1	3	40	2
1860	0.80	4	1	3	40	2
1861	0.80	4	1	3	40	2
1862	0.80	4	1	3	40	2
1863	0.82	4	1	2	41	2
1864	0.82	4	1	2	41	2
1865	0.82	4	1	2	41	2
1866	0.84	3	1	2	42	2
1867	0.84	3	1	2	42	2
1868	0.84	3	1	2	42	2
1869	0.84	3	1	2	42	2
1870	0.86	3	1	2	43	1
1871	0.86	3	1	2	43	1
1872	0.86	3	1	2	43	1
1873	0.86	3	1	2	43	1
1874	0.86	3	1	2	43	1
1875	0.86	3	1	2	43	1
1876	0.86	3	1	2	43	1
1877	0.86	3	1	2	43	1
1878	0.86	3	1	2	43	1
1879	0.88	3	0	2	44	1
1880	0.90	3	0	1	45	1
1881	0.92	2	0	1	46	1
1882	0.94	2	0	0	47	1
1883	0.94	2	0	0	47	1
1884	0.94	2	0	0	47	1
1885	0.94	2	0	0	47	1
1886	0.94	2	0	0	47	1
1887	0.92	2	0	0	46	2
1888	0.92	2	0	0	46	2
1889	0.92	2	0	0	46	2
1890	0.92	2	0	0	46	2
1891	0.92	2	0	0	46	2
1892	0.92	2	0	0	46	2
1893	0.92	2	0	0	46	2
1894	0.92	2	0	0	46	2
1895	0.92	2	0	0	46	2
1896	0.92	2	0	0	46	2
1897	0.90	2	0	0	45	3
1898	0.92	2	0	0	46	2
1899	0.92	2	0	0	46	2
1900	0.92	2	0	0	46	2
1901	0.92	2	0	0	46	2
1902	0.92	2	0	0	46	2
1903	0.92	2	0	0	46	2
1904	0.90	3	0	0	45	2
1905	0.92	2	0	0	46	2
1906	0.92	2	0	0	46	2
1907	0.92	2	0	0	46	2
1908	0.92	2	0	0	46	2
1909	0.90	3	0	0	45	2
1910	0.90	3	0	0	45	2
1911	0.90	3	0	0	45	2
1912	0.90	3	0	0	45	2
1913	0.90	3	0	0	45	2
1914	0.90	3	0	0	45	2
1915	0.90	3	0	0	45	2
1916	0.90	3	0	0	45	2
1917	0.90	3	0	0	45	2
1918	0.90	3	0	0	45	2
1919	0.90	3	0	0	45	2
1920	0.90	3	0	0	45	2
1921	0.90	3	0	0	45	2
1922	0.90	3	0	0	45	2
1923	0.90	3	0	0	45	2
1924	0.88	3	0	1	44	2
1925	0.86	3	0	1	43	3
1926	0.86	3	0	1	43	3
1927	0.86	3	0	1	43	3
1928	0.86	3	0	1	43	3
1929	0.86	3	0	1	43	3
1930	0.86	3	0	1	43	3
1931	0.86	3	0	1	43	3
1932	0.84	3	0	2	42	3
1933	0.84	3	0	2	42	3
1934	0.84	3	0	2	42	3
1935	0.84	3	0	2	42	3
1936	0.84	3	0	2	42	3
1937	0.86	3	0	2	43	2
1938	0.86	3	0	2	43	2
1939	0.86	3	0	2	43	2
1940	0.86	3	0	2	43	2
1941	0.84	3	1	2	42	2
1942	0.84	3	1	2	42	2
1943	0.84	3	1	2	42	2
1944	0.84	3	1	2	42	2
1945	0.84	3	1	2	42	2
1946	0.82	3	1	2	41	3
1947	0.82	3	2	2	41	2
1948	0.82	3	2	2	41	2
1949	0.84	2	2	2	42	2
1950	0.84	2	2	2	42	2
1951	0.84	2	2	2	42	2
1952	0.82	2	2	2	41	3
1953	0.82	2	2	2	41	3
1954	0.84	1	2	2	42	3
1955	0.84	1	2	2	42	3
1956	0.84	1	2	2	42	3
1957	0.84	1	2	2	42	3
1958	0.84	1	2	2	42	3
1959	0.86	0	2	2	43	3
1960	0.86	0	2	2	43	3
1961	0.86	0	2	2	43	3
1962	0.84	0	3	2	42	3
1963	0.84	0	3	2	42	3
1964	0.84	0	3	2	42	3
1965	0.84	0	3	2	42	3
1966	0.84	0	3	2	42	3
1967	0.82	0	3	2	41	4
1968	0.80	0	3	3	40	4
1969	0.80	0	3	3	40	4
1970	0.80	0	3	3	40	4
1971	0.80	0	3	3	40	4
1972	0.80	0	3	3	40	4
1973	0.80	0	3	3	40	4
1974	0.82	0	3	2	41	4
1975	0.84	0	3	2	42	3
1976	0.84	0	3	2	42	3
1977	0.84	0	3	2	42	3
1978	0.84	0	3	2	42	3
1979	0.84	0	3	2	42	3
1980	0.84	0	3	2	42	3
1981	0.84	0	3	2	42	3
1982	0.86	0	3	1	43	3
1983	0.86	0	3	1	43	3
1984	0.84	0	3	2	42	3
1985	0.84	0	3	2	42	3
1986	0.84	0	3	2	42	3
1987	0.84	0	3	2	42	3
1988	0.84	0	3	2	42	3
1989	0.84	0	3	2	42	3
1990	0.84	0	3	2	42	3
1991	0.86	0	2	2	43	3
1992	0.86	0	2	2	43	3
1993	0.86	0	2	2	43	3
1994	0.84	0	2	3	42	3
1995	0.84	0	2	3	42	3
1996	0.84	1	2	3	42	2
1997	0.86	1	1	3	43	2
1998	0.86	1	1	3	43	2
1999	0.86	1	1	3	43	2
2000	0.06	1	1	3	42	3
2001	0.06	1	1	3	42	3
2002	0.06	1	1	3	42	3
2003	0.06	2	1	3	41	3
2004	0.06	2	1	3	41	3
2005	0.08	2	1	3	40	4
2006	0.08	2	1	3	40	4
2007	0.10	2	1	3	39	5
2008	0.10	2	1	4	38	5
2009	0.12	2	1	4	37	6
2010	0.14	2	1	4	36	7
2011	0.16	2	1	4	35	8
2012	0.18	2	0	4	35	9
2013	0.18	3	0	4	34	9
2014	0.20	3	0	4	33	10
2015	0.22	3	0	4	32	11
2016	0.24	3	0	4	31	12
2017	0.22	3	0	5	31	11
2018	0.24	3	0	4	31	12
2019	0.26	3	0	4	30	13
2020	0.28	3	0	4	29	14
2021	0.30	3	0	4	28	15
2022	0.32	3	0	4	27	16
2023	0.34	3	0	4	26	17
2024	0.36	3	0	4	25	18
2025	0.38	3	0	4	24	19
2026	0.40	3	0	4	23	20
2027	0.40	4	0	4	22	20
2028	0.42	4	0	4	21	21
2029	0.42	4	0	5	20	21
2030	0.44	4	0	5	19	22
2031	0.46	4	0	5	18	23
2032	0.48	4	0	5	17	24
2033	0.50	4	0	5	16	25
2034	0.52	4	0	4	16	26
2035	0.52	4	1	4	15	26
2036	0.52	4	2	4	14	26
2037	0.52	5	2	4	13	26
2038	0.54	5	2	4	12	27
2039	0.56	5	2	4	11	28
2040	0.58	5	2	4	10	29
2041	0.60	5	2	4	9	30
2042	0.62	5	2	4	8	31
2043	0.64	5	2	4	7	32
2044	0.66	5	2	3	7	33
2045	0.66	5	3	3	6	33
2046	0.68	4	3	3	6	34
2047	0.70	4	3	3	5	35
2048	0.72	4	3	3	4	36
2049	0.74	4	3	3	3	37
2050	0.74	4	3	3	3	37
2051	0.76	4	3	3	2	38
2052	0.76	4	3	3	2	38
2053	0.78	3	3	3	2	39
2054	0.80	3	3	3	1	40
2055	0.80	3	3	3	1	40
2056	0.80	3	3	4	0	40
2057	0.78	3	3	4	1	39
2058	0.80	3	3	3	1	40
2059	0.80	3	3	3	1	40
2060	0.80	3	3	3	1	40
2061	0.78	3	3	3	2	39
2062	0.78	3	3	3	2	39
2063	0.80	2	3	3	2	40
2064	0.78	2	3	3	3	39
2065	0.78	2	3	3	3	39
2066	0.76	2	3	4	3	38
2067	0.78	2	3	3	3	39
2068	0.78	2	3	3	3	39
2069	0.78	2	3	3	3	39
2070	0.78	2	3	3	3	39
2071	0.78	2	3	3	3	39
2072	0.76	2	3	3	4	38
2073	0.76	2	3	3	4	38
2074	0.76	2	3	3	4	38
2075	0.76	2	3	3	4	38
2076	0.76	2	3	3	4	38
2077	0.78	1	3	3	4	39
2078	0.78	1	3	3	4	39
2079	0.80	1	3	2	4	40
2080	0.78	1	3	3	4	39
2081	0.78	1	3	3	4	39
2082	0.78	1	3	3	4	39
2083	0.78	1	3	3	4	39
2084	0.78	1	3	3	4	39
2085	0.80	1	2	3	4	40
2086	0.80	1	1	4	4	40
2087	0.82	0	1	4	4	41
2088	0.82	0	1	4	4	41
2089	0.82	0	1	4	4	41
2090	0.82	0	1	4	4	41
2091	0.82	0	1	4	4	41
2092	0.80	0	2	4	4	40
2093	0.80	0	2	4	4	40
2094	0.80	0	2	4	4	40
2095	0.82	0	1	4	4	41
2096	0.80	1	1	4	4	40
2097	0.80	1	1	4	4	40
2098	0.80	1	1	4	4	40
2099	0.80	1	1	4	4	40
2100	0.80	1	1	4	4	40
2101	0.80	1	1	4	4	40
2102	0.80	1	1	4	4	40
2103	0.80	1	1	4	4	40
2104	0.80	1	1	4	4	40
2105	0.78	2	1	4	4	39
2106	0.80	2	1	3	4	40
2107	0.80	2	1	4	3	40
2108	0.80	2	1	4	3	40
2109	0.80	2	1	4	3	40
2110	0.80	2	1	4	3	40
2111	0.82	2	1	4	2	41
2112	0.82	2	1	4	2	41
2113	0.80	2	1	5	2	40
2114	0.80	3	1	5	1	40
2115	0.80	3	1	5	1	40
2116	0.82	3	1	4	1	41
2117	0.82	3	1	4	1	41
2118	0.82	3	1	4	1	41
2119	0.82	3	1	4	1	41
2120	0.82	3	1	4	1	41
2121	0.82	3	1	4	1	41
2122	0.84	3	1	4	0	42
2123	0.84	3	1	4	0	42
2124	0.84	3	1	4	0	42
2125	0.84	3	1	4	0	42
2126	0.84	3	1	4	0	42
2127	0.82	3	1	5	0	41
2128	0.80	3	1	6	0	40
2129	0.80	3	1	6	0	40
2130	0.82	3	1	5	0	41
2131	0.82	3	1	5	0	41
2132	0.82	3	1	5	0	41
2133	0.80	4	1	5	0	40
2134	0.80	4	1	5	0	40
2135	0.80	4	1	5	0	40
2136	0.82	4	1	4	0	41
2137	0.82	4	1	4	0	41
2138	0.82	4	1	4	0	41
2139	0.82	4	1	4	0	41
2140	0.82	4	1	4	0	41
2141	0.82	4	1	4	0	41
2142	0.84	4	0	4	0	42
2143	0.84	4	0	4	0	42
2144	0.84	4	0	4	0	42
2145	0.84	4	0	4	0	42
2146	0.86	3	0	4	0	43
2147	0.86	3	0	4	0	43
2148	0.86	3	0	4	0	43
2149	0.86	3	0	4	0	43
2150	0.86	3	0	4	0	43
2151	0.86	3	0	4	0	43
2152	0.84	3	0	5	0	42
2153	0.82	3	0	5	1	41
2154	0.82	3	0	5	1	41
2155	0.84	2	0	5	1	42
2156	0.82	3	0	5	1	41
2157	0.84	3	0	4	1	42
2158	0.84	3	0	4	1	42
2159	0.84	3	0	4	1	42
2160	0.84	3	0	4	1	42
2161	0.84	3	0	4	1	42
2162	0.84	3	0	4	1	42
2163	0.86	3	0	3	1	43
2164	0.88	2	0	3	1	44
2165	0.88	2	0	3	1	44
2166	0.88	2	0	3	1	44
2167	0.88	2	0	3	1	44
2168	0.88	2	0	3	1	44
2169	0.88	2	0	3	1	44
2170	0.88	2	0	3	1	44
2171	0.88	2	0	3	1	44
2172	0.88	2	0	3	1	44
2173	0.88	2	0	3	1	44
2174	0.88	2	0	3	1	44
2175	0.86	2	1	3	1	43
2176	0.86	2	1	3	1	43
2177	0.88	2	1	2	1	44
2178	0.90	2	1	1	1	45
2179	0.90	2	1	1	1	45
2180	0.90	2	1	1	1	45
2181	0.90	2	1	1	1	45
2182	0.90	2	1	1	1	45
2183	0.92	1	1	1	1	46
2184	0.92	1	1	1	1	46
2185	0.92	1	1	1	1	46
2186	0.92	1	1	1	1	46
2187	0.92	1	1	1	1	46
2188	0.90	1	1	1	2	45
2189	0.90	1	1	1	2	45
2190	0.88	1	1	1	3	44
2191	0.88	1	1	1	3	44
2192	0.88	1	1	1	3	44
2193	0.88	1	1	1	3	44
2194	0.88	1	1	1	3	44
2195	0.88	1	1	1	3	44
2196	0.88	1	1	1	3	44
2197	0.88	1	1	1	3	44
2198	0.88	1	1	1	3	44
2199	0.86	2	1	1	3	43
2200	0.86	2	1	1	3	43
2201	0.86	2	1	1	3	43
2202	0.86	3	1	0	3	43
2203	0.86	4	1	0	2	43
2204	0.86	4	1	0	2	43
2205	0.86	4	1	0	2	43
2206	0.88	3	1	0	2	44
2207	0.88	3	1	0	2	44
2208	0.88	3	1	0	2	44
2209	0.86	4	1	0	2	43
2210	0.86	4	1	0	2	43
2211	0.86	4	1	0	2	43
2212	0.86	4	1	0	2	43
2213	0.86	4	1	0	2	43
2214	0.84	4	1	1	2	42
2215	0.82	4	1	1	3	41
2216	0.82	4	1	1	3	41
2217	0.82	4	1	1	3	41
2218	0.82	4	1	1	3	41
2219	0.82	4	1	1	3	41
2220	0.82	4	1	1	3	41
2221	0.80	4	1	2	3	40
2222	0.80	4	1	2	3	40
2223	0.78	4	2	2	3	39
2224	0.78	4	2	2	3	39
2225	0.80	4	1	2	3	40
2226	0.78	5	1	2	3	39
2227	0.78	5	1	2	3	39
2228	0.78	5	1	2	3	39
2229	0.76	5	1	3	3	38
2230	0.74	5	1	4	3	37
2231	0.72	5	1	4	4	36
2232	0.72	5	1	4	4	36
2233	0.70	6	1	4	4	35
2234	0.70	6	1	4	4	35
2235	0.68	6	1	4	5	34
2236	0.68	6	1	4	5	34
2237	0.68	6	1	4	5	34
2238	0.70	6	1	4	4	35
2239	0.70	6	1	4	4	35
2240	0.70	6	1	5	3	35
2241	0.70	6	1	5	3	35
2242	0.70	6	1	5	3	35
2243	0.70	6	1	5	3	35
2244	0.70	6	1	5	3	35
2245	0.70	6	1	5	3	35
2246	0.70	6	1	5	3	35
2247	0.70	6	1	5	3	35
2248	0.70	6	1	5	3	35
2249	0.70	5	2	5	3	35
2250	0.70	5	2	5	3	35
2251	0.68	5	2	5	4	34
2252	0.70	4	2	5	4	35
2253	0.72	3	2	5	4	36
2254	0.72	3	2	5	4	36
2255	0.70	3	2	6	4	35
2256	0.70	3	2	6	4	35
2257	0.70	3	2	6	4	35
2258	0.70	3	2	6	4	35
2259	0.72	2	2	6	4	36
2260	0.70	2	2	7	4	35
2261	0.70	2	2	7	4	35
2262	0.70	2	2	7	4	35
2263	0.68	2	2	8	4	34
2264	0.70	2	2	7	4	35
2265	0.70	3	2	7	3	35
2266	0.70	3	2	7	3	35
2267	0.70	3	2	7	3	35
2268	0.70	3	2	7	3	35
2269	0.70	3	2	7	3	35
2270	0.70	3	2	7	3	35
2271	0.72	3	2	6	3	36
2272	0.72	3	2	6	3	36
2273	0.74	3	1	6	3	37
2274	0.74	3	1	6	3	37
2275	0.74	3	1	6	3	37
2276	0.76	2	1	6	3	38
2277	0.76	2	1	6	3	38
2278	0.74	2	1	6	4	37
2279	0.76	2	1	5	4	38
2280	0.78	2	1	4	4	39
2281	0.80	2	1	4	3	40
2282	0.80	2	1	4	3	40
2283	0.82	1	1	4	3	41
2284	0.82	1	1	4	3	41
2285	0.82	1	1	5	2	41
2286	0.82	1	1	5	2	41
2287	0.82	1	1	5	2	41
2288	0.82	1	1	5	2	41
2289	0.82	1	1	5	2	41
2290	0.84	1	1	4	2	42
2291	0.84	1	1	4	2	42
2292	0.82	1	1	4	3	41
2293	0.82	1	1	4	3	41
2294	0.82	1	1	4	3	41
2295	0.82	1	1	4	3	41
2296	0.82	1	1	4	3	41
2297	0.80	1	1	5	3	40
2298	0.80	1	1	5	3	40
2299	0.82	1	0	5	3	41
2300	0.82	1	0	5	3	41
2301	0.84	1	0	5	2	42
2302	0.82	2	0	5	2	41
2303	0.82	2	0	5	2	41
2304	0.82	2	0	5	2	41
2305	0.84	2	0	4	2	42
2306	0.84	2	0	4	2	42
2307	0.84	2	0	4	2	42
2308	0.84	2	0	4	2	42
2309	0.84	2	0	4	2	42
2310	0.86	2	0	3	2	43
2311	0.86	2	0	3	2	43
2312	0.86	2	0	3	2	43
2313	0.86	2	0	3	2	43
2314	0.86	2	0	3	2	43
2315	0.88	1	0	3	2	44
2316	0.88	1	0	3	2	44
2317	0.88	1	0	3	2	44
2318	0.88	1	0	3	2	44
2319	0.86	2	0	3	2	43
2320	0.86	2	0	3	2	43
2321	0.86	2	0	3	2	43
2322	0.86	2	0	3	2	43
2323	0.86	2	0	3	2	43
2324	0.86	2	0	3	2	43
2325	0.86	2	0	3	2	43
2326	0.86	2	0	3	2	43
2327	0.86	2	0	3	2	43
2328	0.88	2	0	3	1	44
2329	0.88	2	0	3	1	44
2330	0.88	2	0	3	1	44
2331	0.88	2	0	3	1	44
2332	0.88	2	0	3	1	44
2333	0.88	2	0	3	1	44
2334	0.88	2	0	3	1	44
2335	0.90	2	0	2	1	45
2336	0.90	2	0	2	1	45
2337	0.90	2	0	2	1	45
2338	0.90	2	0	2	1	45
2339	0.90	2	0	2	1	45
2340	0.90	2	0	2	1	45
2341	0.90	2	0	2	1	45
2342	0.92	2	0	2	0	46
2343	0.92	2	0	2	0	46
2344	0.92	2	0	2	0	46
2345	0.92	2	0	2	0	46
2346	0.92	2	0	2	0	46
2347	0.94	2	0	1	0	47
2348	0.94	2	0	1	0	47
2349	0.94	2	0	1	0	47
2350	0.92	2	0	1	1	46
2351	0.92	2	0	1	1	46
2352	0.94	1	0	1	1	47
2353	0.92	1	0	1	2	46
2354	0.92	1	0	1	2	46
2355	0.92	1	0	1	2	46
2356	0.92	1	0	1	2	46
2357	0.92	1	0	1	2	46
2358	0.92	1	0	1	2	46
2359	0.92	1	0	1	2	46
2360	0.90	1	0	2	2	45
2361	0.88	1	1	2	2	44
2362	0.88	1	1	2	2	44
2363	0.90	1	1	1	2	45
2364	0.90	1	1	1	2	45
2365	0.90	1	1	1	2	45
2366	0.88	2	1	1	2	44
2367	0.86	2	1	2	2	43
2368	0.86	2	1	2	2	43
2369	0.88	1	1	2	2	44
2370	0.88	1	1	2	2	44
2371	0.88	1	1	2	2	44
2372	0.86	1	1	3	2	43
2373	0.86	1	1	3	2	43
2374	0.86	1	1	3	2	43
2375	0.86	1	1	3	2	43
2376	0.86	1	1	3	2	43
2377	0.86	1	1	3	2	43
2378	0.86	1	1	3	2	43
2379	0.86	1	1	3	2	43
2380	0.86	1	1	3	2	43
2381	0.86	1	1	3	2	43
2382	0.86	1	1	3	2	43
2383	0.86	1	1	3	2	43
2384	0.86	1	1	3	2	43
2385	0.84	1	1	4	2	42
2386	0.84	1	1	4	2	42
2387	0.84	1	1	4	2	42
2388	0.84	1	1	4	2	42
2389	0.82	2	1	4	2	41
2390	0.82	2	1	4	2	41
2391	0.82	2	1	4	2	41
2392	0.80	3	1	4	2	40
2393	0.80	3	1	4	2	40
2394	0.78	4	1	4	2	39
2395	0.76	4	1	5	2	38
2396	0.76	4	1	5	2	38
2397	0.76	4	1	5	2	38
2398	0.74	5	1	5	2	37
2399	0.74	5	1	5	2	37
2400	0.74	6	1	5	1	37
2401	0.74	6	1	5	1	37
2402	0.74	6	1	5	1	37
2403	0.76	6	1	5	0	38
2404	0.76	6	1	5	0	38
2405	0.76	6	1	5	0	38
2406	0.76	6	1	5	0	38
2407	0.76	6	1	5	0	38
2408	0.76	6	1	5	0	38
2409	0.74	6	1	6	0	37
2410	0.76	6	1	5	0	38
2411	0.78	6	0	5	0	39
2412	0.78	6	0	5	0	39
2413	0.76	6	1	5	0	38
2414	0.76	6	1	5	0	38
2415	0.76	6	1	5	0	38
2416	0.78	5	1	5	0	39
2417	0.80	5	1	4	0	40
2418	0.80	5	1	4	0	40
2419	0.80	5	1	4	0	40
2420	0.80	5	1	4	0	40
2421	0.78	6	1	4	0	39
2422	0.80	6	1	3	0	40
2423	0.80	6	1	3	0	40
2424	0.80	6	1	3	0	40
2425	0.80	6	1	3	0	40
2426	0.80	6	1	3	0	40
2427	0.80	6	1	3	0	40
2428	0.80	6	1	3	0	40
2429	0.78	6	1	3	1	39
2430	0.78	6	1	3	1	39
2431	0.78	6	1	3	1	39
2432	0.78	6	1	3	1	39
2433	0.78	6	1	3	1	39
2434	0.78	6	1	3	1	39
2435	0.80	6	1	2	1	40
2436	0.80	6	1	2	1	40
2437	0.80	6	1	2	1	40
2438	0.80	6	1	2	1	40
2439	0.82	5	1	2	1	41
2440	0.82	5	1	2	1	41
2441	0.82	5	1	2	1	41
2442	0.84	4	1	2	1	42
2443	0.84	4	1	2	1	42
2444	0.86	3	1	2	1	43
2445	0.86	3	2	1	1	43
2446	0.84	4	2	1	1	42
2447	0.84	4	2	1	1	42
2448	0.86	3	2	1	1	43
2449	0.86	3	2	1	1	43
2450	0.88	2	2	1	1	44
2451	0.88	2	2	1	1	44
2452	0.88	2	2	1	1	44
2453	0.88	2	2	1	1	44
2454	0.88	2	2	1	1	44
2455	0.88	2	2	1	1	44
2456	0.88	2	2	1	1	44
2457	0.88	2	2	1	1	44
2458	0.86	3	2	1	1	43
2459	0.88	3	2	0	1	44
2460	0.88	3	2	0	1	44
2461	0.86	3	2	0	2	43
2462	0.84	3	2	1	2	42
2463	0.86	3	1	1	2	43
2464	0.86	3	1	1	2	43
2465	0.86	3	1	1	2	43
2466	0.86	3	1	1	2	43
2467	0.86	3	1	1	2	43
2468	0.84	3	2	1	2	42
2469	0.84	3	2	1	2	42
2470	0.82	3	2	1	3	41
2471	0.84	2	2	1	3	42
2472	0.84	2	2	1	3	42
2473	0.84	2	2	1	3	42
2474	0.84	2	2	1	3	42
2475	0.84	2	2	1	3	42
2476	0.84	2	2	1	3	42
2477	0.84	2	2	1	3	42
2478	0.84	2	2	1	3	42
2479	0.86	2	2	1	2	43
2480	0.86	2	2	1	2	43
2481	0.84	2	2	1	3	42
2482	0.84	2	2	1	3	42
2483	0.84	2	2	1	3	42
2484	0.82	2	2	2	3	41
2485	0.82	2	2	2	3	41
2486	0.82	2	2	2	3	41
2487	0.82	2	2	2	3	41
2488	0.82	2	2	2	3	41
2489	0.82	2	2	2	3	41
2490	0.82	2	2	2	3	41
2491	0.82	2	2	2	3	41
2492	0.82	2	2	2	3	41
2493	0.82	2	2	2	3	41
2494	0.82	2	2	2	3	41
2495	0.84	2	1	2	3	42
2496	0.84	2	1	2	3	42
2497	0.84	2	1	2	3	42
2498	0.84	2	1	2	3	42
2499	0.84	2	1	2	3	42
2500	0.04	2	1	2	3	42
2501	0.04	2	2	2	3	41
2502	0.06	3	2	2	3	40
2503	0.08	4	2	2	3	39
2504	0.10	5	2	2	3	38
2505	0.10	5	3	2	3	37
2506	0.12	6	3	2	3	36
2507	0.12	6	3	2	3	36
2508	0.10	5	3	2	3	37
2509	0.12	6	3	2	3	36
2510	0.14	7	3	2	3	35
2511	0.14	7	3	2	2	36
2512	0.16	8	3	1	2	36
2513	0.18	9	3	1	2	35
2514	0.20	10	3	1	2	34
2515	0.20	10	3	1	2	34
2516	0.22	11	3	1	2	33
2517	0.24	12	3	1	2	32
2518	0.26	13	2	1	2	32
2519	0.28	14	2	1	2	31
2520	0.28	14	2	1	1	32
2521	0.30	15	2	1	1	31
2522	0.32	16	2	1	1	30
2523	0.34	17	2	1	1	29
2524	0.36	18	2	1	1	28
2525	0.38	19	2	1	1	27
2526	0.40	20	2	1	1	26
2527	0.42	21	2	1	1	25
2528	0.44	22	2	1	1	24
2529	0.46	23	2	1	1	23
2530	0.46	23	2	1	1	23
2531	0.48	24	2	1	0	23
2532	0.50	25	2	1	0	22
2533	0.52	26	2	1	0	21
2534	0.54	27	2	0	0	21
2535	0.56	28	2	0	0	20
2536	0.58	29	2	0	0	19
2537	0.60	30	2	0	0	18
2538	0.62	31	2	0	0	17
2539	0.64	32	2	0	0	16
2540	0.66	33	2	0	0	15
2541	0.68	34	2	0	0	14
2542	0.70	35	2	0	0	13
2543	0.72	36	2	0	0	12
2544	0.74	37	2	0	0	11
2545	0.76	38	2	0	0	10
2546	0.76	38	2	0	0	10
2547	0.78	39	2	0	0	9
2548	0.80	40	2	0	0	8
2549	0.82	41	2	0	0	7
2550	0.84	42	2	0	0	6
2551	0.86	43	1	0	0	6
2552	0.86	43	1	0	0	6
2553	0.86	43	1	0	0	6
2554	0.86	43	1	0	0	6
2555	0.88	44	0	0	0	6
2556	0.88	44	0	0	0	6
2557	0.90	45	0	0	0	5
2558	0.92	46	0	0	0	4
2559	0.92	46	0	0	0	4
2560	0.92	46	0	0	0	4
2561	0.94	47	0	0	0	3
2562	0.94	47	0	0	0	3
2563	0.94	47	0	0	0	3
2564	0.94	47	0	0	0	3
2565	0.96	48	0	0	0	2
2566	0.96	48	0	0	0	2
2567	0.96	48	0	0	0	2
2568	0.94	47	0	0	1	2
2569	0.94	47	0	0	1	2
2570	0.96	48	0	0	1	1
2571	0.96	48	0	0	1	1
2572	0.96	48	0	0	1	1
2573	0.96	48	0	0	1	1
2574	0.94	47	1	0	1	1
2575	0.94	47	1	0	1	1
2576	0.94	47	1	0	1	1
2577	0.92	46	2	0	1	1
2578	0.92	46	2	0	1	1
2579	0.92	46	2	0	1	1
2580	0.92	46	2	0	2	0
2581	0.92	46	2	0	2	0
2582	0.92	46	2	0	2	0
2583	0.92	46	2	0	2	0
2584	0.92	46	2	0	2	0
2585	0.92	46	2	0	2	0
2586	0.92	46	2	0	2	0
2587	0.92	46	2	0	2	0
2588	0.92	46	2	0	2	0
2589	0.92	46	2	0	2	0
2590	0.92	46	2	0	2	0
2591	0.92	46	2	0	2	0
2592	0.92	46	2	0	2	0
2593	0.92	46	2	0	2	0
2594	0.92	46	2	0	2	0
2595	0.92	46	2	0	2	0
2596	0.92	46	2	0	2	0
2597	0.92	46	2	0	2	0
2598	0.92	46	2	0	2	0
2599	0.92	46	2	0	2	0
2600	0.92	46	2	0	2	0
2601	0.92	46	2	0	2	0
2602	0.92	46	2	0	2	0
2603	0.92	46	2	0	2	0
2604	0.92	46	2	0	2	0
2605	0.92	46	2	0	2	0
2606	0.90	45	3	0	2	0
2607	0.90	45	3	0	2	0
2608	0.88	44	3	0	3	0
2609	0.88	44	3	0	3	0
2610	0.88	44	3	0	3	0
2611	0.88	44	3	0	3	0
2612	0.86	43	3	1	3	0
2613	0.86	43	3	1	3	0
2614	0.86	43	3	1	3	0
2615	0.86	43	3	1	3	0
2616	0.86	43	3	1	3	0
2617	0.86	43	3	1	3	0
2618	0.88	44	3	1	2	0
2619	0.88	44	3	1	2	0
2620	0.88	44	3	1	2	0
2621	0.88	44	3	1	2	0
2622	0.88	44	3	1	2	0
2623	0.88	44	3	1	2	0
2624	0.90	45	2	1	2	0
2625	0.88	44	2	2	2	0
2626	0.88	44	2	2	2	0
2627	0.90	45	1	2	2	0
2628	0.90	45	1	2	2	0
2629	0.90	45	1	2	2	0
2630	0.90	45	1	3	1	0
2631	0.90	45	1	3	1	0
2632	0.90	45	1	3	1	0
2633	0.90	45	1	3	1	0
2634	0.90	45	1	3	1	0
2635	0.90	45	1	3	1	0
2636	0.90	45	1	3	1	0
2637	0.90	45	1	3	1	0
2638	0.90	45	1	3	1	0
2639	0.90	45	1	3	1	0
2640	0.90	45	1	3	1	0
2641	0.90	45	1	3	1	0
2642	0.90	45	1	3	1	0
2643	0.90	45	1	3	1	0
2644	0.88	44	1	3	2	0
2645	0.88	44	1	3	2	0
2646	0.88	44	1	3	2	0
2647	0.86	43	1	4	2	0
2648	0.86	43	1	4	2	0
2649	0.86	43	1	4	2	0
2650	0.86	43	1	4	2	0
2651	0.84	42	1	4	3	0
2652	0.82	41	1	4	4	0
2653	0.80	40	1	5	4	0
2654	0.80	40	1	5	4	0
2655	0.80	40	1	5	4	0
2656	0.80	40	1	5	4	0
2657	0.80	40	1	5	4	0
2658	0.82	41	1	5	3	0
2659	0.82	41	1	5	3	0
2660	0.82	41	1	5	3	0
2661	0.82	41	1	5	3	0
2662	0.84	42	1	4	3	0
2663	0.84	42	1	4	3	0
2664	0.82	41	1	4	3	1
2665	0.80	40	1	4	4	1
2666	0.80	40	1	4	4	1
2667	0.80	40	1	4	4	1
2668	0.80	40	1	4	4	1
2669	0.80	40	1	4	4	1
2670	0.78	39	2	4	4	1
2671	0.78	39	2	4	4	1
2672	0.78	39	2	4	4	1
2673	0.78	39	2	4	4	1
2674	0.78	39	2	4	4	1
2675	0.80	40	2	3	4	1
2676	0.80	40	2	3	4	1
2677	0.80	40	2	3	4	1
2678	0.80	40	2	3	4	1
2679	0.78	39	2	3	4	2
2680	0.80	40	2	2	4	2
2681	0.80	40	2	2	4	2
2682	0.80	40	2	2	4	2
2683	0.80	40	2	2	4	2
2684	0.80	40	2	2	4	2
2685	0.80	40	2	2	4	2
2686	0.80	40	2	2	4	2
2687	0.80	40	2	2	4	2
2688	0.80	40	2	2	4	2
2689	0.80	40	2	2	4	2
2690	0.80	40	2	2	4	2
2691	0.80	40	2	2	4	2
2692	0.80	40	2	2	4	2
2693	0.80	40	2	2	4	2
2694	0.82	41	2	2	3	2
2695	0.82	41	2	2	3	2
2696	0.82	41	2	2	3	2
2697	0.82	41	2	1	3	3
2698	0.80	40	2	2	3	3
2699	0.80	40	2	2	3	3
2700	0.78	39	2	2	4	3
2701	0.80	40	2	2	3	3
2702	0.82	41	2	2	2	3
2703	0.84	42	2	1	2	3
2704	0.84	42	2	1	2	3
2705	0.84	42	2	1	2	3
2706	0.86	43	1	1	2	3
2707	0.84	42	1	1	2	4
2708	0.84	42	1	1	2	4
2709	0.84	42	1	1	2	4
2710	0.84	42	1	1	2	4
2711	0.84	42	1	1	2	4
2712	0.84	42	1	1	2	4
2713	0.84	42	1	1	2	4
2714	0.86	43	1	1	2	3
2715	0.88	44	1	1	1	3
2716	0.88	44	1	1	1	3
2717	0.86	43	2	1	1	3
2718	0.86	43	2	1	1	3
2719	0.86	43	2	1	1	3
2720	0.88	44	1	1	1	3
2721	0.88	44	1	1	1	3
2722	0.88	44	1	1	1	3
2723	0.88	44	1	1	1	3
2724	0.86	43	1	1	1	4
2725	0.86	43	1	1	1	4
2726	0.86	43	1	1	1	4
2727	0.86	43	1	1	1	4
2728	0.86	43	1	1	1	4
2729	0.88	44	1	1	1	3
2730	0.86	43	1	1	2	3
2731	0.86	43	1	1	2	3
2732	0.86	43	1	1	2	3
2733	0.86	43	1	1	2	3
2734	0.86	43	1	1	2	3
2735	0.86	43	1	1	2	3
2736	0.84	42	1	1	3	3
2737	0.84	42	1	1	3	3
2738	0.84	42	1	1	3	3
2739	0.84	42	1	1	3	3
2740	0.84	42	1	1	3	3
2741	0.84	42	1	1	3	3
2742	0.82	41	1	2	3	3
2743	0.80	40	2	2	3	3
2744	0.80	40	2	2	3	3
2745	0.80	40	2	2	3	3
2746	0.80	40	2	2	3	3
2747	0.80	40	2	3	3	2
2748	0.82	41	2	2	3	2
2749	0.80	40	2	2	3	3
2750	0.82	41	2	2	2	3
2751	0.82	41	2	2	2	3
2752	0.80	40	2	3	2	3
2753	0.80	40	2	3	2	3
2754	0.80	40	2	3	2	3
2755	0.80	40	2	3	2	3
2756	0.80	40	2	3	2	3
2757	0.82	41	2	3	2	2
2758	0.80	40	3	3	2	2
2759	0.78	39	4	3	2	2
2760	0.78	39	4	3	2	2
2761	0.78	39	4	3	2	2
2762	0.78	39	4	3	2	2
2763	0.78	39	4	3	2	2
2764	0.78	39	4	3	2	2
2765	0.78	39	4	3	2	2
2766	0.78	39	4	3	2	2
2767	0.80	40	3	3	2	2
2768	0.80	40	3	3	2	2
2769	0.80	40	3	3	2	2
2770	0.80	40	3	3	2	2
2771	0.80	40	3	3	2	2
2772	0.80	40	3	3	2	2
2773	0.78	39	3	3	2	3
2774	0.80	40	3	3	2	2
2775	0.80	40	3	3	2	2
2776	0.78	39	3	4	2	2
2777	0.78	39	3	4	2	2
2778	0.78	39	3	4	2	2
2779	0.78	39	3	4	2	2
2780	0.80	40	3	4	1	2
2781	0.78	39	3	4	2	2
2782	0.78	39	3	4	2	2
2783	0.78	39	3	4	2	2
2784	0.78	39	3	4	2	2
2785	0.76	38	3	4	3	2
2786	0.78	39	3	4	2	2
2787	0.78	39	3	4	2	2
2788	0.78	39	3	4	2	2
2789	0.76	38	3	4	2	3
2790	0.76	38	3	4	2	3
2791	0.76	38	3	4	2	3
2792	0.78	39	3	3	2	3
2793	0.78	39	2	4	2	3
2794	0.76	38	2	5	2	3
2795	0.76	38	2	5	2	3
2796	0.76	38	2	5	2	3
2797	0.78	39	2	4	2	3
2798	0.78	39	2	4	2	3
2799	0.80	40	2	4	2	2
2800	0.80	40	2	4	2	2
2801	0.80	40	2	4	2	2
2802	0.82	41	2	3	2	2
2803	0.82	41	2	3	2	2
2804	0.82	41	2	3	2	2
2805	0.82	41	2	3	2	2
2806	0.80	40	2	4	2	2
2807	0.80	40	2	4	2	2
2808	0.82	41	1	4	2	2
2809	0.84	42	0	4	2	2
2810	0.84	42	0	4	2	2
2811	0.84	42	0	4	2	2
2812	0.84	42	0	4	2	2
2813	0.84	42	0	4	2	2
2814	0.84	42	0	4	2	2
2815	0.84	42	0	4	2	2
2816	0.84	42	0	4	2	2
2817	0.82	41	0	4	2	3
2818	0.82	41	0	4	2	3
2819	0.82	41	0	4	2	3
2820	0.82	41	0	4	2	3
2821	0.82	41	0	4	2	3
2822	0.82	41	0	4	2	3
2823	0.84	42	0	4	2	2
2824	0.84	42	0	4	2	2
2825	0.82	41	0	5	2	2
2826	0.84	42	0	4	2	2
2827	0.82	41	0	5	2	2
2828	0.82	41	0	5	2	2
2829	0.82	41	0	5	2	2
2830	0.82	41	0	5	2	2
2831	0.84	42	0	5	1	2
2832	0.82	41	1	5	1	2
2833	0.82	41	1	5	1	2
2834	0.82	41	1	5	1	2
2835	0.84	42	1	5	0	2
2836	0.84	42	1	5	0	2
2837	0.84	42	1	5	0	2
2838	0.84	42	1	5	0	2
2839	0.86	43	1	5	0	1
2840	0.86	43	1	5	0	1
2841	0.86	43	1	5	0	1
2842	0.86	43	1	5	0	1
2843	0.86	43	1	4	1	1
2844	0.88	44	1	3	1	1
2845	0.88	44	1	3	1	1
2846	0.88	44	1	3	1	1
2847	0.88	44	1	3	1	1
2848	0.86	43	1	3	2	1
2849	0.84	42	1	3	2	2
2850	0.84	42	1	3	2	2
2851	0.84	42	1	3	2	2
2852	0.84	42	1	3	2	2
2853	0.84	42	1	3	2	2
2854	0.84	42	1	3	2	2
2855	0.84	42	1	3	2	2
2856	0.86	43	1	2	2	2
2857	0.84	42	1	3	2	2
2858	0.84	42	1	3	2	2
2859	0.84	42	1	3	2	2
2860	0.84	42	1	3	2	2
2861	0.84	42	1	3	2	2
2862	0.84	42	1	3	2	2
2863	0.84	42	1	3	2	2
2864	0.84	42	1	3	2	2
2865	0.84	42	1	3	2	2
2866	0.84	42	1	3	2	2
2867	0.86	43	1	3	2	1
2868	0.86	43	1	3	2	1
2869	0.86	43	1	3	2	1
2870	0.86	43	1	3	2	1
2871	0.86	43	1	3	2	1
2872	0.86	43	1	3	2	1
2873	0.86	43	1	3	2	1
2874	0.86	43	1	3	2	1
2875	0.86	43	2	2	2	1
2876	0.84	42	2	2	3	1
2877	0.84	42	3	1	3	1
2878	0.84	42	3	1	3	1
2879	0.84	42	3	1	3	1
2880	0.84	42	3	1	3	1
2881	0.84	42	3	1	3	1
2882	0.84	42	2	1	3	2
2883	0.84	42	2	1	3	2
2884	0.84	42	2	1	3	2
2885	0.82	41	2	2	3	2
2886	0.82	41	2	2	3	2
2887	0.82	41	2	2	3	2
2888	0.82	41	2	2	3	2
2889	0.80	40	2	2	3	3
2890	0.80	40	2	2	3	3
2891	0.80	40	2	2	3	3
2892	0.78	39	2	3	3	3
2893	0.80	40	2	3	2	3
2894	0.80	40	2	3	2	3
2895	0.78	39	3	3	2	3
2896	0.78	39	3	3	2	3
2897	0.78	39	3	3	2	3
2898	0.80	40	3	3	1	3
2899	0.82	41	3	3	1	2
2900	0.82	41	3	3	1	2
2901	0.82	41	3	3	1	2
2902	0.82	41	3	3	1	2
2903	0.82	41	3	3	1	2
2904	0.80	40	3	3	2	2
2905	0.80	40	3	3	2	2
2906	0.78	39	4	3	2	2
2907	0.80	40	4	2	2	2
2908	0.80	40	4	2	2	2
2909	0.80	40	4	2	2	2
2910	0.80	40	4	2	2	2
2911	0.80	40	4	2	2	2
2912	0.80	40	4	2	2	2
2913	0.80	40	4	2	2	2
2914	0.80	40	4	2	2	2
2915	0.80	40	4	2	2	2
2916	0.80	40	4	2	2	2
2917	0.78	39	4	2	2	3
2918	0.78	39	4	2	2	3
2919	0.78	39	4	2	2	3
2920	0.78	39	4	2	2	3
2921	0.76	38	4	3	2	3
2922	0.74	37	4	3	3	3
2923	0.74	37	4	3	3	3
2924	0.74	37	4	3	3	3
2925	0.76	38	3	3	3	3
2926	0.78	39	3	3	2	3
2927	0.80	40	2	3	2	3
2928	0.80	40	2	3	2	3
2929	0.80	40	2	3	2	3
2930	0.80	40	2	3	2	3
2931	0.80	40	2	3	2	3
2932	0.82	41	2	3	2	2
2933	0.80	40	2	4	2	2
2934	0.80	40	2	4	2	2
2935	0.82	41	2	3	2	2
2936	0.80	40	2	3	3	2
2937	0.78	39	2	3	3	3
2938	0.78	39	2	3	3	3
2939	0.80	40	2	3	3	2
2940	0.80	40	2	3	3	2
2941	0.80	40	2	3	3	2
2942	0.82	41	2	2	3	2
2943	0.82	41	2	2	3	2
2944	0.82	41	2	2	3	2
2945	0.84	42	1	2	3	2
2946	0.82	41	1	3	3	2
2947	0.82	41	1	3	3	2
2948	0.82	41	1	3	3	2
2949	0.82	41	1	3	3	2
2950	0.82	41	1	3	3	2
2951	0.82	41	1	3	3	2
2952	0.82	41	1	3	3	2
2953	0.82	41	1	3	3	2
2954	0.84	42	1	3	2	2
2955	0.84	42	1	3	2	2
2956	0.86	43	0	3	2	2
2957	0.86	43	0	3	2	2
2958	0.86	43	0	3	2	2
2959	0.86	43	0	3	2	2
2960	0.86	43	0	3	2	2
2961	0.86	43	0	3	2	2
2962	0.86	43	0	3	2	2
2963	0.86	43	0	3	2	2
2964	0.86	43	0	3	2	2
2965	0.86	43	0	3	2	2
2966	0.84	42	1	3	2	2
2967	0.86	43	1	3	2	1
2968	0.86	43	1	3	2	1
2969	0.86	43	1	3	2	1
2970	0.86	43	1	3	2	1
2971	0.88	44	1	2	2	1
2972	0.90	45	1	2	1	1
2973	0.90	45	1	2	1	1
2974	0.90	45	1	2	1	1
2975	0.90	45	1	2	1	1
2976	0.90	45	1	2	1	1
2977	0.90	45	1	2	1	1
2978	0.90	45	1	2	1	1
2979	0.90	45	1	2	1	1
2980	0.90	45	1	2	1	1
2981	0.90	45	1	2	1	1
2982	0.90	45	1	2	1	1
2983	0.92	46	1	1	1	1
2984	0.92	46	1	1	1	1
2985	0.92	46	1	1	1	1
2986	0.94	47	1	1	0	1
2987	0.94	47	1	1	1	0
2988	0.92	46	1	2	1	0
2989	0.92	46	1	2	1	0
2990	0.92	46	1	2	1	0
2991	0.90	45	2	2	1	0
2992	0.90	45	2	2	1	0
2993	0.90	45	2	2	1	0
2994	0.90	45	2	2	1	0
2995	0.90	45	2	2	1	0
2996	0.90	45	3	1	1	0
2997	0.90	45	3	1	1	0
2998	0.90	45	3	1	1	0
2999	0.90	45	3	1	1	0
