timestep	swarm_quality	color_0	color_1
0	0.70	35	15
1	0.68	34	16
2	0.68	34	16
3	0.66	33	17
4	0.64	32	18
5	0.64	32	18
6	0.62	31	19
7	0.60	30	20
8	0.60	30	20
9	0.60	30	20
10	0.58	29	21
11	0.58	29	21
12	0.56	28	22
13	0.56	28	22
14	0.56	28	22
15	0.56	28	22
16	0.56	28	22
17	0.56	28	22
18	0.56	28	22
19	0.56	28	22
20	0.54	27	23
21	0.54	27	23
22	0.54	27	23
23	0.54	27	23
24	0.54	27	23
25	0.54	27	23
26	0.52	26	24
27	0.52	26	24
28	0.50	25	25
29	0.50	25	25
30	0.50	25	25
31	0.48	24	26
32	0.48	24	26
33	0.48	24	26
34	0.48	24	26
35	0.50	25	25
36	0.50	25	25
37	0.52	26	24
38	0.54	27	23
39	0.56	28	22
40	0.58	29	21
41	0.58	29	21
42	0.60	30	20
43	0.60	30	20
44	0.62	31	19
45	0.64	32	18
46	0.64	32	18
47	0.66	33	17
48	0.68	34	16
49	0.70	35	15
50	0.70	35	15
51	0.72	36	14
52	0.70	35	15
53	0.72	36	14
54	0.74	37	13
55	0.74	37	13
56	0.74	37	13
57	0.76	38	12
58	0.74	37	13
59	0.74	37	13
60	0.76	38	12
61	0.76	38	12
62	0.78	39	11
63	0.76	38	12
64	0.76	38	12
65	0.76	38	12
66	0.76	38	12
67	0.76	38	12
68	0.76	38	12
69	0.76	38	12
70	0.78	39	11
71	0.78	39	11
72	0.78	39	11
73	0.78	39	11
74	0.78	39	11
75	0.78	39	11
76	0.78	39	11
77	0.76	38	12
78	0.78	39	11
79	0.78	39	11
80	0.76	38	12
81	0.78	39	11
82	0.78	39	11
83	0.78	39	11
84	0.78	39	11
85	0.78	39	11
86	0.80	40	10
87	0.78	39	11
88	0.78	39	11
89	0.78	39	11
90	0.78	39	11
91	0.80	40	10
92	0.80	40	10
93	0.82	41	9
94	0.82	41	9
95	0.82	41	9
96	0.82	41	9
97	0.80	40	10
98	0.80	40	10
99	0.80	40	10
100	0.80	40	10
101	0.80	40	10
102	0.80	40	10
103	0.80	40	10
104	0.80	40	10
105	0.80	40	10
106	0.82	41	9
107	0.82	41	9
108	0.84	42	8
109	0.84	42	8
110	0.84	42	8
111	0.84	42	8
112	0.84	42	8
113	0.84	42	8
114	0.82	41	9
115	0.82	41	9
116	0.82	41	9
117	0.80	40	10
118	0.80	40	10
119	0.80	40	10
120	0.78	39	11
121	0.78	39	11
122	0.78	39	11
123	0.78	39	11
124	0.78	39	11
125	0.76	38	12
126	0.76	38	12
127	0.78	39	11
128	0.76	38	12
129	0.76	38	12
130	0.76	38	12
131	0.76	38	12
132	0.76	38	12
133	0.76	38	12
134	0.76	38	12
135	0.76	38	12
136	0.76	38	12
137	0.76	38	12
138	0.76	38	12
139	0.76	38	12
140	0.76	38	12
141	0.76	38	12
142	0.76	38	12
143	0.76	38	12
144	0.76	38	12
145	0.76	38	12
146	0.78	39	11
147	0.78	39	11
148	0.78	39	11
149	0.78	39	11
150	0.78	39	11
151	0.78	39	11
152	0.78	39	11
153	0.78	39	11
154	0.78	39	11
155	0.78	39	11
156	0.78	39	11
157	0.78	39	11
158	0.78	39	11
159	0.78	39	11
160	0.78	39	11
161	0.78	39	11
162	0.78	39	11
163	0.80	40	10
164	0.82	41	9
165	0.82	41	9
166	0.82	41	9
167	0.84	42	8
168	0.84	42	8
169	0.84	42	8
170	0.86	43	7
171	0.84	42	8
172	0.84	42	8
173	0.84	42	8
174	0.84	42	8
175	0.86	43	7
176	0.88	44	6
177	0.86	43	7
178	0.88	44	6
179	0.88	44	6
180	0.88	44	6
181	0.88	44	6
182	0.88	44	6
183	0.88	44	6
184	0.88	44	6
185	0.88	44	6
186	0.88	44	6
187	0.90	45	5
188	0.90	45	5
189	0.90	45	5
190	0.90	45	5
191	0.90	45	5
192	0.90	45	5
193	0.90	45	5
194	0.90	45	5
195	0.90	45	5
196	0.90	45	5
197	0.92	46	4
198	0.92	46	4
199	0.92	46	4
200	0.92	46	4
201	0.92	46	4
202	0.94	47	3
203	0.94	47	3
204	0.94	47	3
205	0.94	47	3
206	0.94	47	3
207	0.94	47	3
208	0.94	47	3
209	0.94	47	3
210	0.94	47	3
211	0.94	47	3
212	0.94	47	3
213	0.94	47	3
214	0.94	47	3
215	0.94	47	3
216	0.94	47	3
217	0.94	47	3
218	0.92	46	4
219	0.92	46	4
220	0.92	46	4
221	0.92	46	4
222	0.90	45	5
223	0.90	45	5
224	0.90	45	5
225	0.90	45	5
226	0.90	45	5
227	0.92	46	4
228	0.92	46	4
229	0.92	46	4
230	0.94	47	3
231	0.94	47	3
232	0.94	47	3
233	0.94	47	3
234	0.94	47	3
235	0.94	47	3
236	0.94	47	3
237	0.94	47	3
238	0.94	47	3
239	0.94	47	3
240	0.94	47	3
241	0.94	47	3
242	0.94	47	3
243	0.94	47	3
244	0.94	47	3
245	0.92	46	4
246	0.90	45	5
247	0.88	44	6
248	0.88	44	6
249	0.88	44	6
250	0.88	44	6
251	0.88	44	6
252	0.88	44	6
253	0.88	44	6
254	0.88	44	6
255	0.88	44	6
256	0.88	44	6
257	0.86	43	7
258	0.86	43	7
259	0.86	43	7
260	0.86	43	7
261	0.86	43	7
262	0.86	43	7
263	0.86	43	7
264	0.86	43	7
265	0.86	43	7
266	0.86	43	7
267	0.86	43	7
268	0.88	44	6
269	0.88	44	6
270	0.88	44	6
271	0.90	45	5
272	0.90	45	5
273	0.90	45	5
274	0.90	45	5
275	0.90	45	5
276	0.90	45	5
277	0.88	44	6
278	0.86	43	7
279	0.86	43	7
280	0.86	43	7
281	0.86	43	7
282	0.86	43	7
283	0.86	43	7
284	0.86	43	7
285	0.84	42	8
286	0.84	42	8
287	0.84	42	8
288	0.84	42	8
289	0.82	41	9
290	0.82	41	9
291	0.82	41	9
292	0.82	41	9
293	0.82	41	9
294	0.82	41	9
295	0.84	42	8
296	0.86	43	7
297	0.88	44	6
298	0.88	44	6
299	0.88	44	6
300	0.88	44	6
301	0.88	44	6
302	0.88	44	6
303	0.88	44	6
304	0.88	44	6
305	0.88	44	6
306	0.88	44	6
307	0.90	45	5
308	0.90	45	5
309	0.90	45	5
310	0.90	45	5
311	0.90	45	5
312	0.90	45	5
313	0.90	45	5
314	0.90	45	5
315	0.90	45	5
316	0.90	45	5
317	0.90	45	5
318	0.90	45	5
319	0.90	45	5
320	0.90	45	5
321	0.90	45	5
322	0.90	45	5
323	0.90	45	5
324	0.88	44	6
325	0.88	44	6
326	0.88	44	6
327	0.90	45	5
328	0.92	46	4
329	0.92	46	4
330	0.92	46	4
331	0.92	46	4
332	0.92	46	4
333	0.92	46	4
334	0.92	46	4
335	0.94	47	3
336	0.94	47	3
337	0.94	47	3
338	0.94	47	3
339	0.96	48	2
340	0.96	48	2
341	0.94	47	3
342	0.94	47	3
343	0.94	47	3
344	0.94	47	3
345	0.94	47	3
346	0.94	47	3
347	0.94	47	3
348	0.94	47	3
349	0.94	47	3
350	0.94	47	3
351	0.92	46	4
352	0.92	46	4
353	0.92	46	4
354	0.92	46	4
355	0.92	46	4
356	0.90	45	5
357	0.90	45	5
358	0.90	45	5
359	0.90	45	5
360	0.88	44	6
361	0.86	43	7
362	0.84	42	8
363	0.84	42	8
364	0.84	42	8
365	0.84	42	8
366	0.84	42	8
367	0.84	42	8
368	0.84	42	8
369	0.84	42	8
370	0.82	41	9
371	0.82	41	9
372	0.84	42	8
373	0.84	42	8
374	0.86	43	7
375	0.84	42	8
376	0.84	42	8
377	0.84	42	8
378	0.84	42	8
379	0.84	42	8
380	0.84	42	8
381	0.82	41	9
382	0.82	41	9
383	0.82	41	9
384	0.82	41	9
385	0.82	41	9
386	0.80	40	10
387	0.78	39	11
388	0.78	39	11
389	0.78	39	11
390	0.78	39	11
391	0.80	40	10
392	0.80	40	10
393	0.80	40	10
394	0.78	39	11
395	0.78	39	11
396	0.76	38	12
397	0.76	38	12
398	0.76	38	12
399	0.74	37	13
400	0.74	37	13
401	0.76	38	12
402	0.76	38	12
403	0.76	38	12
404	0.76	38	12
405	0.76	38	12
406	0.78	39	11
407	0.78	39	11
408	0.76	38	12
409	0.76	38	12
410	0.78	39	11
411	0.80	40	10
412	0.82	41	9
413	0.80	40	10
414	0.78	39	11
415	0.78	39	11
416	0.78	39	11
417	0.78	39	11
418	0.78	39	11
419	0.78	39	11
420	0.80	40	10
421	0.80	40	10
422	0.80	40	10
423	0.80	40	10
424	0.80	40	10
425	0.82	41	9
426	0.82	41	9
427	0.82	41	9
428	0.82	41	9
429	0.82	41	9
430	0.82	41	9
431	0.82	41	9
432	0.80	40	10
433	0.80	40	10
434	0.80	40	10
435	0.80	40	10
436	0.82	41	9
437	0.82	41	9
438	0.82	41	9
439	0.82	41	9
440	0.82	41	9
441	0.82	41	9
442	0.82	41	9
443	0.82	41	9
444	0.84	42	8
445	0.82	41	9
446	0.84	42	8
447	0.84	42	8
448	0.82	41	9
449	0.84	42	8
450	0.84	42	8
451	0.84	42	8
452	0.82	41	9
453	0.82	41	9
454	0.82	41	9
455	0.82	41	9
456	0.82	41	9
457	0.82	41	9
458	0.84	42	8
459	0.82	41	9
460	0.82	41	9
461	0.82	41	9
462	0.82	41	9
463	0.84	42	8
464	0.86	43	7
465	0.86	43	7
466	0.84	42	8
467	0.84	42	8
468	0.84	42	8
469	0.84	42	8
470	0.82	41	9
471	0.82	41	9
472	0.82	41	9
473	0.82	41	9
474	0.80	40	10
475	0.80	40	10
476	0.80	40	10
477	0.80	40	10
478	0.80	40	10
479	0.78	39	11
480	0.78	39	11
481	0.80	40	10
482	0.82	41	9
483	0.82	41	9
484	0.82	41	9
485	0.80	40	10
486	0.78	39	11
487	0.80	40	10
488	0.80	40	10
489	0.80	40	10
490	0.80	40	10
491	0.80	40	10
492	0.80	40	10
493	0.80	40	10
494	0.80	40	10
495	0.80	40	10
496	0.80	40	10
497	0.80	40	10
498	0.82	41	9
499	0.82	41	9
500	0.18	41	9
501	0.18	41	9
502	0.18	41	9
503	0.18	41	9
504	0.20	40	10
505	0.20	40	10
506	0.22	39	11
507	0.24	38	12
508	0.26	37	13
509	0.26	37	13
510	0.28	36	14
511	0.30	35	15
512	0.30	35	15
513	0.32	34	16
514	0.32	34	16
515	0.34	33	17
516	0.34	33	17
517	0.36	32	18
518	0.38	31	19
519	0.40	30	20
520	0.40	30	20
521	0.40	30	20
522	0.42	29	21
523	0.44	28	22
524	0.42	29	21
525	0.44	28	22
526	0.44	28	22
527	0.46	27	23
528	0.46	27	23
529	0.46	27	23
530	0.48	26	24
531	0.50	25	25
532	0.52	24	26
533	0.54	23	27
534	0.56	22	28
535	0.56	22	28
536	0.56	22	28
537	0.58	21	29
538	0.60	20	30
539	0.62	19	31
540	0.62	19	31
541	0.62	19	31
542	0.64	18	32
543	0.66	17	33
544	0.66	17	33
545	0.66	17	33
546	0.68	16	34
547	0.70	15	35
548	0.72	14	36
549	0.74	13	37
550	0.76	12	38
551	0.78	11	39
552	0.76	12	38
553	0.78	11	39
554	0.78	11	39
555	0.80	10	40
556	0.80	10	40
557	0.80	10	40
558	0.80	10	40
559	0.80	10	40
560	0.80	10	40
561	0.80	10	40
562	0.82	9	41
563	0.82	9	41
564	0.84	8	42
565	0.84	8	42
566	0.84	8	42
567	0.84	8	42
568	0.84	8	42
569	0.84	8	42
570	0.84	8	42
571	0.86	7	43
572	0.84	8	42
573	0.82	9	41
574	0.84	8	42
575	0.84	8	42
576	0.86	7	43
577	0.86	7	43
578	0.88	6	44
579	0.88	6	44
580	0.88	6	44
581	0.88	6	44
582	0.88	6	44
583	0.88	6	44
584	0.86	7	43
585	0.86	7	43
586	0.86	7	43
587	0.86	7	43
588	0.86	7	43
589	0.86	7	43
590	0.88	6	44
591	0.90	5	45
592	0.90	5	45
593	0.90	5	45
594	0.90	5	45
595	0.90	5	45
596	0.90	5	45
597	0.90	5	45
598	0.90	5	45
599	0.90	5	45
600	0.90	5	45
601	0.90	5	45
602	0.92	4	46
603	0.92	4	46
604	0.92	4	46
605	0.92	4	46
606	0.92	4	46
607	0.90	5	45
608	0.90	5	45
609	0.90	5	45
610	0.90	5	45
611	0.90	5	45
612	0.90	5	45
613	0.90	5	45
614	0.90	5	45
615	0.90	5	45
616	0.90	5	45
617	0.90	5	45
618	0.88	6	44
619	0.88	6	44
620	0.88	6	44
621	0.88	6	44
622	0.90	5	45
623	0.92	4	46
624	0.92	4	46
625	0.92	4	46
626	0.92	4	46
627	0.90	5	45
628	0.90	5	45
629	0.90	5	45
630	0.90	5	45
631	0.88	6	44
632	0.88	6	44
633	0.88	6	44
634	0.90	5	45
635	0.90	5	45
636	0.90	5	45
637	0.90	5	45
638	0.90	5	45
639	0.90	5	45
640	0.90	5	45
641	0.88	6	44
642	0.88	6	44
643	0.88	6	44
644	0.90	5	45
645	0.90	5	45
646	0.88	6	44
647	0.86	7	43
648	0.86	7	43
649	0.86	7	43
650	0.86	7	43
651	0.86	7	43
652	0.86	7	43
653	0.86	7	43
654	0.86	7	43
655	0.84	8	42
656	0.84	8	42
657	0.86	7	43
658	0.84	8	42
659	0.84	8	42
660	0.84	8	42
661	0.84	8	42
662	0.84	8	42
663	0.84	8	42
664	0.84	8	42
665	0.84	8	42
666	0.84	8	42
667	0.84	8	42
668	0.86	7	43
669	0.86	7	43
670	0.86	7	43
671	0.86	7	43
672	0.86	7	43
673	0.86	7	43
674	0.84	8	42
675	0.82	9	41
676	0.82	9	41
677	0.82	9	41
678	0.82	9	41
679	0.82	9	41
680	0.82	9	41
681	0.82	9	41
682	0.82	9	41
683	0.82	9	41
684	0.82	9	41
685	0.82	9	41
686	0.82	9	41
687	0.82	9	41
688	0.82	9	41
689	0.82	9	41
690	0.82	9	41
691	0.84	8	42
692	0.84	8	42
693	0.84	8	42
694	0.84	8	42
695	0.82	9	41
696	0.84	8	42
697	0.86	7	43
698	0.86	7	43
699	0.86	7	43
700	0.86	7	43
701	0.86	7	43
702	0.84	8	42
703	0.84	8	42
704	0.82	9	41
705	0.84	8	42
706	0.84	8	42
707	0.84	8	42
708	0.86	7	43
709	0.86	7	43
710	0.86	7	43
711	0.86	7	43
712	0.84	8	42
713	0.84	8	42
714	0.84	8	42
715	0.84	8	42
716	0.84	8	42
717	0.84	8	42
718	0.84	8	42
719	0.84	8	42
720	0.84	8	42
721	0.82	9	41
722	0.82	9	41
723	0.82	9	41
724	0.84	8	42
725	0.86	7	43
726	0.84	8	42
727	0.86	7	43
728	0.84	8	42
729	0.84	8	42
730	0.84	8	42
731	0.86	7	43
732	0.86	7	43
733	0.86	7	43
734	0.86	7	43
735	0.84	8	42
736	0.84	8	42
737	0.82	9	41
738	0.82	9	41
739	0.82	9	41
740	0.82	9	41
741	0.82	9	41
742	0.82	9	41
743	0.80	10	40
744	0.80	10	40
745	0.80	10	40
746	0.78	11	39
747	0.78	11	39
748	0.78	11	39
749	0.76	12	38
750	0.76	12	38
751	0.76	12	38
752	0.78	11	39
753	0.78	11	39
754	0.80	10	40
755	0.80	10	40
756	0.80	10	40
757	0.80	10	40
758	0.80	10	40
759	0.80	10	40
760	0.80	10	40
761	0.78	11	39
762	0.80	10	40
763	0.80	10	40
764	0.80	10	40
765	0.80	10	40
766	0.80	10	40
767	0.80	10	40
768	0.78	11	39
769	0.78	11	39
770	0.78	11	39
771	0.78	11	39
772	0.78	11	39
773	0.78	11	39
774	0.78	11	39
775	0.78	11	39
776	0.80	10	40
777	0.78	11	39
778	0.80	10	40
779	0.80	10	40
780	0.80	10	40
781	0.78	11	39
782	0.78	11	39
783	0.78	11	39
784	0.78	11	39
785	0.80	10	40
786	0.80	10	40
787	0.82	9	41
788	0.82	9	41
789	0.82	9	41
790	0.82	9	41
791	0.82	9	41
792	0.82	9	41
793	0.84	8	42
794	0.84	8	42
795	0.86	7	43
796	0.88	6	44
797	0.88	6	44
798	0.88	6	44
799	0.90	5	45
800	0.88	6	44
801	0.88	6	44
802	0.88	6	44
803	0.88	6	44
804	0.88	6	44
805	0.88	6	44
806	0.88	6	44
807	0.88	6	44
808	0.88	6	44
809	0.88	6	44
810	0.88	6	44
811	0.90	5	45
812	0.90	5	45
813	0.90	5	45
814	0.90	5	45
815	0.90	5	45
816	0.90	5	45
817	0.90	5	45
818	0.92	4	46
819	0.92	4	46
820	0.90	5	45
821	0.92	4	46
822	0.92	4	46
823	0.92	4	46
824	0.92	4	46
825	0.92	4	46
826	0.92	4	46
827	0.94	3	47
828	0.94	3	47
829	0.94	3	47
830	0.92	4	46
831	0.94	3	47
832	0.94	3	47
833	0.94	3	47
834	0.94	3	47
835	0.94	3	47
836	0.94	3	47
837	0.94	3	47
838	0.94	3	47
839	0.94	3	47
840	0.94	3	47
841	0.94	3	47
842	0.94	3	47
843	0.92	4	46
844	0.92	4	46
845	0.92	4	46
846	0.92	4	46
847	0.92	4	46
848	0.92	4	46
849	0.92	4	46
850	0.94	3	47
851	0.92	4	46
852	0.90	5	45
853	0.90	5	45
854	0.90	5	45
855	0.90	5	45
856	0.90	5	45
857	0.90	5	45
858	0.90	5	45
859	0.90	5	45
860	0.90	5	45
861	0.90	5	45
862	0.90	5	45
863	0.90	5	45
864	0.90	5	45
865	0.90	5	45
866	0.90	5	45
867	0.90	5	45
868	0.88	6	44
869	0.88	6	44
870	0.90	5	45
871	0.90	5	45
872	0.90	5	45
873	0.90	5	45
874	0.88	6	44
875	0.88	6	44
876	0.88	6	44
877	0.88	6	44
878	0.88	6	44
879	0.86	7	43
880	0.88	6	44
881	0.88	6	44
882	0.88	6	44
883	0.86	7	43
884	0.86	7	43
885	0.86	7	43
886	0.86	7	43
887	0.86	7	43
888	0.86	7	43
889	0.86	7	43
890	0.86	7	43
891	0.86	7	43
892	0.84	8	42
893	0.86	7	43
894	0.86	7	43
895	0.86	7	43
896	0.86	7	43
897	0.86	7	43
898	0.86	7	43
899	0.86	7	43
900	0.86	7	43
901	0.88	6	44
902	0.90	5	45
903	0.90	5	45
904	0.90	5	45
905	0.90	5	45
906	0.90	5	45
907	0.90	5	45
908	0.88	6	44
909	0.88	6	44
910	0.88	6	44
911	0.88	6	44
912	0.88	6	44
913	0.88	6	44
914	0.88	6	44
915	0.88	6	44
916	0.86	7	43
917	0.86	7	43
918	0.88	6	44
919	0.88	6	44
920	0.88	6	44
921	0.88	6	44
922	0.88	6	44
923	0.88	6	44
924	0.88	6	44
925	0.88	6	44
926	0.88	6	44
927	0.88	6	44
928	0.88	6	44
929	0.90	5	45
930	0.90	5	45
931	0.90	5	45
932	0.88	6	44
933	0.90	5	45
934	0.90	5	45
935	0.90	5	45
936	0.90	5	45
937	0.90	5	45
938	0.90	5	45
939	0.90	5	45
940	0.90	5	45
941	0.90	5	45
942	0.92	4	46
943	0.92	4	46
944	0.92	4	46
945	0.90	5	45
946	0.90	5	45
947	0.90	5	45
948	0.90	5	45
949	0.90	5	45
950	0.90	5	45
951	0.90	5	45
952	0.90	5	45
953	0.90	5	45
954	0.90	5	45
955	0.90	5	45
956	0.90	5	45
957	0.90	5	45
958	0.92	4	46
959	0.92	4	46
960	0.92	4	46
961	0.92	4	46
962	0.92	4	46
963	0.92	4	46
964	0.92	4	46
965	0.92	4	46
966	0.94	3	47
967	0.94	3	47
968	0.94	3	47
969	0.94	3	47
970	0.94	3	47
971	0.94	3	47
972	0.94	3	47
973	0.94	3	47
974	0.96	2	48
975	0.96	2	48
976	0.96	2	48
977	0.96	2	48
978	0.96	2	48
979	0.96	2	48
980	0.96	2	48
981	0.96	2	48
982	0.98	1	49
983	0.98	1	49
984	0.98	1	49
985	0.98	1	49
986	0.98	1	49
987	0.98	1	49
988	0.98	1	49
989	0.96	2	48
990	0.96	2	48
991	0.96	2	48
992	0.96	2	48
993	0.96	2	48
994	0.96	2	48
995	0.98	1	49
996	0.96	2	48
997	0.96	2	48
998	0.96	2	48
999	0.96	2	48
1000	0.06	3	47
1001	0.06	3	47
1002	0.06	3	47
1003	0.08	4	46
1004	0.10	5	45
1005	0.10	5	45
1006	0.12	6	44
1007	0.12	6	44
1008	0.12	6	44
1009	0.14	7	43
1010	0.14	7	43
1011	0.14	7	43
1012	0.14	7	43
1013	0.14	7	43
1014	0.16	8	42
1015	0.18	9	41
1016	0.20	10	40
1017	0.22	11	39
1018	0.24	12	38
1019	0.26	13	37
1020	0.26	13	37
1021	0.28	14	36
1022	0.30	15	35
1023	0.32	16	34
1024	0.32	16	34
1025	0.34	17	33
1026	0.34	17	33
1027	0.34	17	33
1028	0.34	17	33
1029	0.36	18	32
1030	0.38	19	31
1031	0.40	20	30
1032	0.42	21	29
1033	0.44	22	28
1034	0.46	23	27
1035	0.48	24	26
1036	0.48	24	26
1037	0.48	24	26
1038	0.50	25	25
1039	0.48	24	26
1040	0.50	25	25
1041	0.52	26	24
1042	0.54	27	23
1043	0.54	27	23
1044	0.54	27	23
1045	0.56	28	22
1046	0.54	27	23
1047	0.56	28	22
1048	0.58	29	21
1049	0.60	30	20
1050	0.60	30	20
1051	0.62	31	19
1052	0.64	32	18
1053	0.64	32	18
1054	0.64	32	18
1055	0.66	33	17
1056	0.66	33	17
1057	0.68	34	16
1058	0.70	35	15
1059	0.70	35	15
1060	0.72	36	14
1061	0.72	36	14
1062	0.74	37	13
1063	0.76	38	12
1064	0.74	37	13
1065	0.74	37	13
1066	0.74	37	13
1067	0.74	37	13
1068	0.74	37	13
1069	0.74	37	13
1070	0.76	38	12
1071	0.76	38	12
1072	0.76	38	12
1073	0.74	37	13
1074	0.76	38	12
1075	0.74	37	13
1076	0.76	38	12
1077	0.78	39	11
1078	0.80	40	10
1079	0.80	40	10
1080	0.80	40	10
1081	0.80	40	10
1082	0.80	40	10
1083	0.80	40	10
1084	0.80	40	10
1085	0.80	40	10
1086	0.82	41	9
1087	0.84	42	8
1088	0.84	42	8
1089	0.86	43	7
1090	0.86	43	7
1091	0.86	43	7
1092	0.86	43	7
1093	0.86	43	7
1094	0.88	44	6
1095	0.88	44	6
1096	0.90	45	5
1097	0.90	45	5
1098	0.90	45	5
1099	0.88	44	6
1100	0.88	44	6
1101	0.88	44	6
1102	0.88	44	6
1103	0.88	44	6
1104	0.88	44	6
1105	0.88	44	6
1106	0.88	44	6
1107	0.88	44	6
1108	0.88	44	6
1109	0.88	44	6
1110	0.88	44	6
1111	0.90	45	5
1112	0.90	45	5
1113	0.88	44	6
1114	0.90	45	5
1115	0.90	45	5
1116	0.90	45	5
1117	0.90	45	5
1118	0.90	45	5
1119	0.90	45	5
1120	0.90	45	5
1121	0.90	45	5
1122	0.90	45	5
1123	0.92	46	4
1124	0.92	46	4
1125	0.94	47	3
1126	0.94	47	3
1127	0.94	47	3
1128	0.94	47	3
1129	0.94	47	3
1130	0.94	47	3
1131	0.94	47	3
1132	0.94	47	3
1133	0.94	47	3
1134	0.94	47	3
1135	0.94	47	3
1136	0.94	47	3
1137	0.94	47	3
1138	0.94	47	3
1139	0.94	47	3
1140	0.92	46	4
1141	0.92	46	4
1142	0.92	46	4
1143	0.94	47	3
1144	0.94	47	3
1145	0.94	47	3
1146	0.94	47	3
1147	0.92	46	4
1148	0.92	46	4
1149	0.94	47	3
1150	0.94	47	3
1151	0.94	47	3
1152	0.94	47	3
1153	0.94	47	3
1154	0.94	47	3
1155	0.94	47	3
1156	0.94	47	3
1157	0.94	47	3
1158	0.94	47	3
1159	0.94	47	3
1160	0.94	47	3
1161	0.94	47	3
1162	0.92	46	4
1163	0.94	47	3
1164	0.94	47	3
1165	0.92	46	4
1166	0.92	46	4
1167	0.92	46	4
1168	0.90	45	5
1169	0.90	45	5
1170	0.90	45	5
1171	0.90	45	5
1172	0.90	45	5
1173	0.90	45	5
1174	0.90	45	5
1175	0.90	45	5
1176	0.90	45	5
1177	0.88	44	6
1178	0.88	44	6
1179	0.88	44	6
1180	0.88	44	6
1181	0.88	44	6
1182	0.88	44	6
1183	0.88	44	6
1184	0.88	44	6
1185	0.88	44	6
1186	0.88	44	6
1187	0.88	44	6
1188	0.88	44	6
1189	0.88	44	6
1190	0.90	45	5
1191	0.88	44	6
1192	0.88	44	6
1193	0.88	44	6
1194	0.88	44	6
1195	0.88	44	6
1196	0.88	44	6
1197	0.90	45	5
1198	0.90	45	5
1199	0.90	45	5
1200	0.90	45	5
1201	0.90	45	5
1202	0.90	45	5
1203	0.90	45	5
1204	0.90	45	5
1205	0.88	44	6
1206	0.88	44	6
1207	0.88	44	6
1208	0.88	44	6
1209	0.88	44	6
1210	0.88	44	6
1211	0.88	44	6
1212	0.90	45	5
1213	0.90	45	5
1214	0.90	45	5
1215	0.92	46	4
1216	0.92	46	4
1217	0.92	46	4
1218	0.94	47	3
1219	0.94	47	3
1220	0.94	47	3
1221	0.94	47	3
1222	0.92	46	4
1223	0.90	45	5
1224	0.90	45	5
1225	0.90	45	5
1226	0.88	44	6
1227	0.90	45	5
1228	0.90	45	5
1229	0.90	45	5
1230	0.90	45	5
1231	0.88	44	6
1232	0.86	43	7
1233	0.86	43	7
1234	0.86	43	7
1235	0.86	43	7
1236	0.86	43	7
1237	0.86	43	7
1238	0.86	43	7
1239	0.86	43	7
1240	0.86	43	7
1241	0.88	44	6
1242	0.88	44	6
1243	0.88	44	6
1244	0.88	44	6
1245	0.88	44	6
1246	0.88	44	6
1247	0.88	44	6
1248	0.88	44	6
1249	0.88	44	6
1250	0.86	43	7
1251	0.86	43	7
1252	0.84	42	8
1253	0.82	41	9
1254	0.82	41	9
1255	0.84	42	8
1256	0.84	42	8
1257	0.82	41	9
1258	0.82	41	9
1259	0.82	41	9
1260	0.82	41	9
1261	0.80	40	10
1262	0.80	40	10
1263	0.80	40	10
1264	0.80	40	10
1265	0.78	39	11
1266	0.76	38	12
1267	0.74	37	13
1268	0.74	37	13
1269	0.74	37	13
1270	0.74	37	13
1271	0.74	37	13
1272	0.76	38	12
1273	0.78	39	11
1274	0.78	39	11
1275	0.76	38	12
1276	0.76	38	12
1277	0.74	37	13
1278	0.74	37	13
1279	0.74	37	13
1280	0.72	36	14
1281	0.74	37	13
1282	0.76	38	12
1283	0.74	37	13
1284	0.74	37	13
1285	0.74	37	13
1286	0.74	37	13
1287	0.74	37	13
1288	0.74	37	13
1289	0.74	37	13
1290	0.74	37	13
1291	0.72	36	14
1292	0.72	36	14
1293	0.72	36	14
1294	0.72	36	14
1295	0.72	36	14
1296	0.72	36	14
1297	0.72	36	14
1298	0.72	36	14
1299	0.72	36	14
1300	0.74	37	13
1301	0.72	36	14
1302	0.74	37	13
1303	0.76	38	12
1304	0.76	38	12
1305	0.76	38	12
1306	0.76	38	12
1307	0.78	39	11
1308	0.78	39	11
1309	0.78	39	11
1310	0.78	39	11
1311	0.80	40	10
1312	0.80	40	10
1313	0.80	40	10
1314	0.80	40	10
1315	0.82	41	9
1316	0.84	42	8
1317	0.86	43	7
1318	0.84	42	8
1319	0.84	42	8
1320	0.84	42	8
1321	0.84	42	8
1322	0.82	41	9
1323	0.82	41	9
1324	0.80	40	10
1325	0.82	41	9
1326	0.82	41	9
1327	0.82	41	9
1328	0.82	41	9
1329	0.82	41	9
1330	0.82	41	9
1331	0.82	41	9
1332	0.82	41	9
1333	0.84	42	8
1334	0.84	42	8
1335	0.84	42	8
1336	0.84	42	8
1337	0.84	42	8
1338	0.84	42	8
1339	0.84	42	8
1340	0.82	41	9
1341	0.84	42	8
1342	0.84	42	8
1343	0.84	42	8
1344	0.84	42	8
1345	0.84	42	8
1346	0.84	42	8
1347	0.84	42	8
1348	0.84	42	8
1349	0.84	42	8
1350	0.84	42	8
1351	0.86	43	7
1352	0.84	42	8
1353	0.84	42	8
1354	0.84	42	8
1355	0.84	42	8
1356	0.84	42	8
1357	0.84	42	8
1358	0.84	42	8
1359	0.84	42	8
1360	0.84	42	8
1361	0.84	42	8
1362	0.84	42	8
1363	0.84	42	8
1364	0.84	42	8
1365	0.84	42	8
1366	0.84	42	8
1367	0.84	42	8
1368	0.86	43	7
1369	0.84	42	8
1370	0.84	42	8
1371	0.84	42	8
1372	0.86	43	7
1373	0.86	43	7
1374	0.88	44	6
1375	0.88	44	6
1376	0.90	45	5
1377	0.92	46	4
1378	0.92	46	4
1379	0.90	45	5
1380	0.92	46	4
1381	0.92	46	4
1382	0.90	45	5
1383	0.90	45	5
1384	0.90	45	5
1385	0.90	45	5
1386	0.90	45	5
1387	0.90	45	5
1388	0.90	45	5
1389	0.90	45	5
1390	0.92	46	4
1391	0.92	46	4
1392	0.92	46	4
1393	0.92	46	4
1394	0.92	46	4
1395	0.92	46	4
1396	0.92	46	4
1397	0.92	46	4
1398	0.92	46	4
1399	0.92	46	4
1400	0.92	46	4
1401	0.92	46	4
1402	0.94	47	3
1403	0.94	47	3
1404	0.92	46	4
1405	0.90	45	5
1406	0.90	45	5
1407	0.90	45	5
1408	0.90	45	5
1409	0.90	45	5
1410	0.90	45	5
1411	0.90	45	5
1412	0.88	44	6
1413	0.88	44	6
1414	0.88	44	6
1415	0.88	44	6
1416	0.86	43	7
1417	0.84	42	8
1418	0.84	42	8
1419	0.86	43	7
1420	0.84	42	8
1421	0.84	42	8
1422	0.84	42	8
1423	0.84	42	8
1424	0.84	42	8
1425	0.84	42	8
1426	0.84	42	8
1427	0.84	42	8
1428	0.84	42	8
1429	0.86	43	7
1430	0.84	42	8
1431	0.84	42	8
1432	0.86	43	7
1433	0.86	43	7
1434	0.86	43	7
1435	0.86	43	7
1436	0.86	43	7
1437	0.86	43	7
1438	0.86	43	7
1439	0.86	43	7
1440	0.86	43	7
1441	0.86	43	7
1442	0.86	43	7
1443	0.86	43	7
1444	0.86	43	7
1445	0.86	43	7
1446	0.86	43	7
1447	0.86	43	7
1448	0.86	43	7
1449	0.86	43	7
1450	0.86	43	7
1451	0.86	43	7
1452	0.86	43	7
1453	0.86	43	7
1454	0.88	44	6
1455	0.90	45	5
1456	0.90	45	5
1457	0.90	45	5
1458	0.90	45	5
1459	0.90	45	5
1460	0.90	45	5
1461	0.90	45	5
1462	0.92	46	4
1463	0.92	46	4
1464	0.92	46	4
1465	0.92	46	4
1466	0.94	47	3
1467	0.96	48	2
1468	0.94	47	3
1469	0.94	47	3
1470	0.96	48	2
1471	0.94	47	3
1472	0.92	46	4
1473	0.90	45	5
1474	0.88	44	6
1475	0.88	44	6
1476	0.88	44	6
1477	0.88	44	6
1478	0.88	44	6
1479	0.86	43	7
1480	0.86	43	7
1481	0.86	43	7
1482	0.86	43	7
1483	0.86	43	7
1484	0.86	43	7
1485	0.86	43	7
1486	0.84	42	8
1487	0.84	42	8
1488	0.84	42	8
1489	0.84	42	8
1490	0.84	42	8
1491	0.84	42	8
1492	0.84	42	8
1493	0.84	42	8
1494	0.82	41	9
1495	0.80	40	10
1496	0.80	40	10
1497	0.78	39	11
1498	0.76	38	12
1499	0.76	38	12
1500	0.26	37	13
1501	0.28	36	14
1502	0.30	35	15
1503	0.32	34	16
1504	0.34	33	17
1505	0.36	32	18
1506	0.38	31	19
1507	0.40	30	20
1508	0.42	29	21
1509	0.44	28	22
1510	0.44	28	22
1511	0.46	27	23
1512	0.48	26	24
1513	0.50	25	25
1514	0.52	24	26
1515	0.54	23	27
1516	0.54	23	27
1517	0.54	23	27
1518	0.54	23	27
1519	0.54	23	27
1520	0.56	22	28
1521	0.56	22	28
1522	0.54	23	27
1523	0.54	23	27
1524	0.54	23	27
1525	0.56	22	28
1526	0.58	21	29
1527	0.60	20	30
1528	0.60	20	30
1529	0.60	20	30
1530	0.60	20	30
1531	0.62	19	31
1532	0.64	18	32
1533	0.64	18	32
1534	0.66	17	33
1535	0.68	16	34
1536	0.68	16	34
1537	0.68	16	34
1538	0.70	15	35
1539	0.70	15	35
1540	0.72	14	36
1541	0.74	13	37
1542	0.74	13	37
1543	0.76	12	38
1544	0.76	12	38
1545	0.76	12	38
1546	0.76	12	38
1547	0.76	12	38
1548	0.76	12	38
1549	0.78	11	39
1550	0.78	11	39
1551	0.78	11	39
1552	0.78	11	39
1553	0.78	11	39
1554	0.78	11	39
1555	0.76	12	38
1556	0.76	12	38
1557	0.76	12	38
1558	0.76	12	38
1559	0.76	12	38
1560	0.78	11	39
1561	0.78	11	39
1562	0.78	11	39
1563	0.78	11	39
1564	0.78	11	39
1565	0.76	12	38
1566	0.78	11	39
1567	0.80	10	40
1568	0.80	10	40
1569	0.82	9	41
1570	0.82	9	41
1571	0.82	9	41
1572	0.84	8	42
1573	0.84	8	42
1574	0.84	8	42
1575	0.82	9	41
1576	0.82	9	41
1577	0.82	9	41
1578	0.84	8	42
1579	0.84	8	42
1580	0.84	8	42
1581	0.84	8	42
1582	0.84	8	42
1583	0.86	7	43
1584	0.86	7	43
1585	0.86	7	43
1586	0.84	8	42
1587	0.84	8	42
1588	0.84	8	42
1589	0.86	7	43
1590	0.86	7	43
1591	0.86	7	43
1592	0.88	6	44
1593	0.88	6	44
1594	0.88	6	44
1595	0.88	6	44
1596	0.90	5	45
1597	0.90	5	45
1598	0.88	6	44
1599	0.88	6	44
1600	0.88	6	44
1601	0.88	6	44
1602	0.88	6	44
1603	0.88	6	44
1604	0.88	6	44
1605	0.90	5	45
1606	0.90	5	45
1607	0.88	6	44
1608	0.88	6	44
1609	0.88	6	44
1610	0.88	6	44
1611	0.88	6	44
1612	0.88	6	44
1613	0.88	6	44
1614	0.88	6	44
1615	0.90	5	45
1616	0.88	6	44
1617	0.88	6	44
1618	0.88	6	44
1619	0.88	6	44
1620	0.88	6	44
1621	0.88	6	44
1622	0.88	6	44
1623	0.88	6	44
1624	0.88	6	44
1625	0.90	5	45
1626	0.88	6	44
1627	0.88	6	44
1628	0.88	6	44
1629	0.88	6	44
1630	0.88	6	44
1631	0.88	6	44
1632	0.88	6	44
1633	0.88	6	44
1634	0.88	6	44
1635	0.88	6	44
1636	0.90	5	45
1637	0.92	4	46
1638	0.92	4	46
1639	0.92	4	46
1640	0.90	5	45
1641	0.90	5	45
1642	0.90	5	45
1643	0.90	5	45
1644	0.90	5	45
1645	0.90	5	45
1646	0.90	5	45
1647	0.90	5	45
1648	0.92	4	46
1649	0.90	5	45
1650	0.90	5	45
1651	0.90	5	45
1652	0.88	6	44
1653	0.86	7	43
1654	0.84	8	42
1655	0.84	8	42
1656	0.84	8	42
1657	0.86	7	43
1658	0.86	7	43
1659	0.86	7	43
1660	0.86	7	43
1661	0.86	7	43
1662	0.86	7	43
1663	0.86	7	43
1664	0.86	7	43
1665	0.84	8	42
1666	0.86	7	43
1667	0.84	8	42
1668	0.82	9	41
1669	0.82	9	41
1670	0.80	10	40
1671	0.80	10	40
1672	0.80	10	40
1673	0.80	10	40
1674	0.80	10	40
1675	0.80	10	40
1676	0.82	9	41
1677	0.82	9	41
1678	0.82	9	41
1679	0.82	9	41
1680	0.82	9	41
1681	0.82	9	41
1682	0.82	9	41
1683	0.80	10	40
1684	0.80	10	40
1685	0.80	10	40
1686	0.80	10	40
1687	0.80	10	40
1688	0.80	10	40
1689	0.80	10	40
1690	0.82	9	41
1691	0.80	10	40
1692	0.80	10	40
1693	0.78	11	39
1694	0.78	11	39
1695	0.76	12	38
1696	0.74	13	37
1697	0.74	13	37
1698	0.74	13	37
1699	0.76	12	38
1700	0.76	12	38
1701	0.76	12	38
1702	0.78	11	39
1703	0.80	10	40
1704	0.80	10	40
1705	0.80	10	40
1706	0.80	10	40
1707	0.78	11	39
1708	0.78	11	39
1709	0.78	11	39
1710	0.78	11	39
1711	0.76	12	38
1712	0.76	12	38
1713	0.76	12	38
1714	0.76	12	38
1715	0.78	11	39
1716	0.78	11	39
1717	0.80	10	40
1718	0.82	9	41
1719	0.82	9	41
1720	0.84	8	42
1721	0.84	8	42
1722	0.84	8	42
1723	0.84	8	42
1724	0.84	8	42
1725	0.84	8	42
1726	0.84	8	42
1727	0.84	8	42
1728	0.84	8	42
1729	0.84	8	42
1730	0.84	8	42
1731	0.84	8	42
1732	0.84	8	42
1733	0.86	7	43
1734	0.84	8	42
1735	0.82	9	41
1736	0.82	9	41
1737	0.82	9	41
1738	0.82	9	41
1739	0.82	9	41
1740	0.82	9	41
1741	0.84	8	42
1742	0.84	8	42
1743	0.86	7	43
1744	0.86	7	43
1745	0.88	6	44
1746	0.90	5	45
1747	0.90	5	45
1748	0.90	5	45
1749	0.90	5	45
1750	0.90	5	45
1751	0.90	5	45
1752	0.90	5	45
1753	0.90	5	45
1754	0.92	4	46
1755	0.92	4	46
1756	0.92	4	46
1757	0.94	3	47
1758	0.94	3	47
1759	0.94	3	47
1760	0.94	3	47
1761	0.94	3	47
1762	0.94	3	47
1763	0.92	4	46
1764	0.92	4	46
1765	0.92	4	46
1766	0.92	4	46
1767	0.92	4	46
1768	0.90	5	45
1769	0.90	5	45
1770	0.90	5	45
1771	0.90	5	45
1772	0.90	5	45
1773	0.90	5	45
1774	0.88	6	44
1775	0.88	6	44
1776	0.88	6	44
1777	0.88	6	44
1778	0.88	6	44
1779	0.88	6	44
1780	0.88	6	44
1781	0.88	6	44
1782	0.88	6	44
1783	0.88	6	44
1784	0.88	6	44
1785	0.90	5	45
1786	0.90	5	45
1787	0.90	5	45
1788	0.90	5	45
1789	0.90	5	45
1790	0.90	5	45
1791	0.88	6	44
1792	0.88	6	44
1793	0.86	7	43
1794	0.86	7	43
1795	0.86	7	43
1796	0.86	7	43
1797	0.86	7	43
1798	0.86	7	43
1799	0.84	8	42
1800	0.84	8	42
1801	0.84	8	42
1802	0.84	8	42
1803	0.84	8	42
1804	0.84	8	42
1805	0.84	8	42
1806	0.82	9	41
1807	0.82	9	41
1808	0.80	10	40
1809	0.80	10	40
1810	0.80	10	40
1811	0.82	9	41
1812	0.80	10	40
1813	0.80	10	40
1814	0.80	10	40
1815	0.80	10	40
1816	0.80	10	40
1817	0.78	11	39
1818	0.80	10	40
1819	0.80	10	40
1820	0.78	11	39
1821	0.78	11	39
1822	0.78	11	39
1823	0.78	11	39
1824	0.80	10	40
1825	0.80	10	40
1826	0.80	10	40
1827	0.80	10	40
1828	0.78	11	39
1829	0.78	11	39
1830	0.78	11	39
1831	0.78	11	39
1832	0.78	11	39
1833	0.78	11	39
1834	0.80	10	40
1835	0.80	10	40
1836	0.78	11	39
1837	0.78	11	39
1838	0.78	11	39
1839	0.78	11	39
1840	0.78	11	39
1841	0.80	10	40
1842	0.80	10	40
1843	0.82	9	41
1844	0.80	10	40
1845	0.78	11	39
1846	0.78	11	39
1847	0.78	11	39
1848	0.78	11	39
1849	0.80	10	40
1850	0.80	10	40
1851	0.80	10	40
1852	0.80	10	40
1853	0.80	10	40
1854	0.80	10	40
1855	0.80	10	40
1856	0.82	9	41
1857	0.82	9	41
1858	0.82	9	41
1859	0.80	10	40
1860	0.80	10	40
1861	0.80	10	40
1862	0.82	9	41
1863	0.84	8	42
1864	0.84	8	42
1865	0.84	8	42
1866	0.84	8	42
1867	0.86	7	43
1868	0.86	7	43
1869	0.86	7	43
1870	0.88	6	44
1871	0.88	6	44
1872	0.88	6	44
1873	0.88	6	44
1874	0.88	6	44
1875	0.88	6	44
1876	0.88	6	44
1877	0.88	6	44
1878	0.90	5	45
1879	0.88	6	44
1880	0.88	6	44
1881	0.88	6	44
1882	0.88	6	44
1883	0.88	6	44
1884	0.86	7	43
1885	0.86	7	43
1886	0.86	7	43
1887	0.84	8	42
1888	0.84	8	42
1889	0.84	8	42
1890	0.82	9	41
1891	0.82	9	41
1892	0.82	9	41
1893	0.82	9	41
1894	0.84	8	42
1895	0.86	7	43
1896	0.86	7	43
1897	0.86	7	43
1898	0.86	7	43
1899	0.86	7	43
1900	0.86	7	43
1901	0.86	7	43
1902	0.86	7	43
1903	0.84	8	42
1904	0.84	8	42
1905	0.82	9	41
1906	0.80	10	40
1907	0.78	11	39
1908	0.80	10	40
1909	0.82	9	41
1910	0.82	9	41
1911	0.82	9	41
1912	0.82	9	41
1913	0.82	9	41
1914	0.82	9	41
1915	0.82	9	41
1916	0.80	10	40
1917	0.78	11	39
1918	0.78	11	39
1919	0.78	11	39
1920	0.78	11	39
1921	0.78	11	39
1922	0.78	11	39
1923	0.78	11	39
1924	0.78	11	39
1925	0.78	11	39
1926	0.76	12	38
1927	0.74	13	37
1928	0.74	13	37
1929	0.76	12	38
1930	0.76	12	38
1931	0.74	13	37
1932	0.74	13	37
1933	0.74	13	37
1934	0.74	13	37
1935	0.74	13	37
1936	0.76	12	38
1937	0.78	11	39
1938	0.78	11	39
1939	0.78	11	39
1940	0.80	10	40
1941	0.80	10	40
1942	0.80	10	40
1943	0.80	10	40
1944	0.80	10	40
1945	0.80	10	40
1946	0.80	10	40
1947	0.80	10	40
1948	0.80	10	40
1949	0.80	10	40
1950	0.80	10	40
1951	0.80	10	40
1952	0.80	10	40
1953	0.82	9	41
1954	0.82	9	41
1955	0.84	8	42
1956	0.86	7	43
1957	0.88	6	44
1958	0.88	6	44
1959	0.88	6	44
1960	0.88	6	44
1961	0.88	6	44
1962	0.88	6	44
1963	0.88	6	44
1964	0.88	6	44
1965	0.88	6	44
1966	0.90	5	45
1967	0.92	4	46
1968	0.92	4	46
1969	0.92	4	46
1970	0.90	5	45
1971	0.90	5	45
1972	0.90	5	45
1973	0.90	5	45
1974	0.90	5	45
1975	0.90	5	45
1976	0.92	4	46
1977	0.94	3	47
1978	0.94	3	47
1979	0.94	3	47
1980	0.94	3	47
1981	0.96	2	48
1982	0.96	2	48
1983	0.94	3	47
1984	0.96	2	48
1985	0.96	2	48
1986	0.96	2	48
1987	0.96	2	48
1988	0.94	3	47
1989	0.94	3	47
1990	0.94	3	47
1991	0.92	4	46
1992	0.90	5	45
1993	0.90	5	45
1994	0.90	5	45
1995	0.90	5	45
1996	0.90	5	45
1997	0.90	5	45
1998	0.90	5	45
1999	0.90	5	45
2000	0.12	6	44
2001	0.12	6	44
2002	0.12	6	44
2003	0.14	7	43
2004	0.14	7	43
2005	0.14	7	43
2006	0.16	8	42
2007	0.18	9	41
2008	0.20	10	40
2009	0.22	11	39
2010	0.24	12	38
2011	0.24	12	38
2012	0.26	13	37
2013	0.28	14	36
2014	0.30	15	35
2015	0.32	16	34
2016	0.34	17	33
2017	0.36	18	32
2018	0.38	19	31
2019	0.40	20	30
2020	0.40	20	30
2021	0.42	21	29
2022	0.42	21	29
2023	0.42	21	29
2024	0.44	22	28
2025	0.46	23	27
2026	0.48	24	26
2027	0.50	25	25
2028	0.50	25	25
2029	0.52	26	24
2030	0.52	26	24
2031	0.54	27	23
2032	0.54	27	23
2033	0.54	27	23
2034	0.56	28	22
2035	0.58	29	21
2036	0.60	30	20
2037	0.62	31	19
2038	0.62	31	19
2039	0.64	32	18
2040	0.64	32	18
2041	0.64	32	18
2042	0.62	31	19
2043	0.64	32	18
2044	0.66	33	17
2045	0.66	33	17
2046	0.68	34	16
2047	0.70	35	15
2048	0.72	36	14
2049	0.74	37	13
2050	0.72	36	14
2051	0.74	37	13
2052	0.76	38	12
2053	0.76	38	12
2054	0.78	39	11
2055	0.80	40	10
2056	0.78	39	11
2057	0.78	39	11
2058	0.76	38	12
2059	0.76	38	12
2060	0.76	38	12
2061	0.78	39	11
2062	0.78	39	11
2063	0.78	39	11
2064	0.78	39	11
2065	0.78	39	11
2066	0.76	38	12
2067	0.76	38	12
2068	0.76	38	12
2069	0.74	37	13
2070	0.74	37	13
2071	0.74	37	13
2072	0.76	38	12
2073	0.78	39	11
2074	0.78	39	11
2075	0.78	39	11
2076	0.78	39	11
2077	0.78	39	11
2078	0.78	39	11
2079	0.78	39	11
2080	0.78	39	11
2081	0.76	38	12
2082	0.78	39	11
2083	0.76	38	12
2084	0.76	38	12
2085	0.76	38	12
2086	0.76	38	12
2087	0.76	38	12
2088	0.76	38	12
2089	0.74	37	13
2090	0.74	37	13
2091	0.74	37	13
2092	0.76	38	12
2093	0.76	38	12
2094	0.76	38	12
2095	0.78	39	11
2096	0.78	39	11
2097	0.78	39	11
2098	0.78	39	11
2099	0.78	39	11
2100	0.80	40	10
2101	0.78	39	11
2102	0.76	38	12
2103	0.76	38	12
2104	0.76	38	12
2105	0.76	38	12
2106	0.78	39	11
2107	0.78	39	11
2108	0.78	39	11
2109	0.78	39	11
2110	0.78	39	11
2111	0.78	39	11
2112	0.78	39	11
2113	0.78	39	11
2114	0.78	39	11
2115	0.76	38	12
2116	0.78	39	11
2117	0.78	39	11
2118	0.78	39	11
2119	0.80	40	10
2120	0.80	40	10
2121	0.80	40	10
2122	0.80	40	10
2123	0.80	40	10
2124	0.80	40	10
2125	0.80	40	10
2126	0.78	39	11
2127	0.78	39	11
2128	0.80	40	10
2129	0.80	40	10
2130	0.82	41	9
2131	0.84	42	8
2132	0.84	42	8
2133	0.86	43	7
2134	0.84	42	8
2135	0.82	41	9
2136	0.82	41	9
2137	0.80	40	10
2138	0.80	40	10
2139	0.80	40	10
2140	0.82	41	9
2141	0.82	41	9
2142	0.82	41	9
2143	0.82	41	9
2144	0.82	41	9
2145	0.82	41	9
2146	0.82	41	9
2147	0.82	41	9
2148	0.80	40	10
2149	0.80	40	10
2150	0.80	40	10
2151	0.82	41	9
2152	0.84	42	8
2153	0.84	42	8
2154	0.84	42	8
2155	0.84	42	8
2156	0.82	41	9
2157	0.82	41	9
2158	0.84	42	8
2159	0.84	42	8
2160	0.84	42	8
2161	0.84	42	8
2162	0.84	42	8
2163	0.84	42	8
2164	0.84	42	8
2165	0.86	43	7
2166	0.86	43	7
2167	0.86	43	7
2168	0.86	43	7
2169	0.86	43	7
2170	0.86	43	7
2171	0.86	43	7
2172	0.86	43	7
2173	0.86	43	7
2174	0.86	43	7
2175	0.86	43	7
2176	0.86	43	7
2177	0.86	43	7
2178	0.86	43	7
2179	0.84	42	8
2180	0.84	42	8
2181	0.84	42	8
2182	0.82	41	9
2183	0.82	41	9
2184	0.82	41	9
2185	0.84	42	8
2186	0.84	42	8
2187	0.86	43	7
2188	0.86	43	7
2189	0.88	44	6
2190	0.88	44	6
2191	0.88	44	6
2192	0.88	44	6
2193	0.88	44	6
2194	0.88	44	6
2195	0.88	44	6
2196	0.88	44	6
2197	0.86	43	7
2198	0.88	44	6
2199	0.88	44	6
2200	0.88	44	6
2201	0.88	44	6
2202	0.88	44	6
2203	0.88	44	6
2204	0.88	44	6
2205	0.88	44	6
2206	0.90	45	5
2207	0.90	45	5
2208	0.90	45	5
2209	0.88	44	6
2210	0.88	44	6
2211	0.88	44	6
2212	0.88	44	6
2213	0.88	44	6
2214	0.88	44	6
2215	0.86	43	7
2216	0.86	43	7
2217	0.86	43	7
2218	0.86	43	7
2219	0.86	43	7
2220	0.86	43	7
2221	0.86	43	7
2222	0.86	43	7
2223	0.86	43	7
2224	0.86	43	7
2225	0.86	43	7
2226	0.88	44	6
2227	0.86	43	7
2228	0.86	43	7
2229	0.88	44	6
2230	0.88	44	6
2231	0.88	44	6
2232	0.90	45	5
2233	0.90	45	5
2234	0.92	46	4
2235	0.92	46	4
2236	0.92	46	4
2237	0.90	45	5
2238	0.90	45	5
2239	0.90	45	5
2240	0.90	45	5
2241	0.90	45	5
2242	0.90	45	5
2243	0.88	44	6
2244	0.88	44	6
2245	0.88	44	6
2246	0.88	44	6
2247	0.90	45	5
2248	0.90	45	5
2249	0.90	45	5
2250	0.90	45	5
2251	0.90	45	5
2252	0.88	44	6
2253	0.86	43	7
2254	0.86	43	7
2255	0.86	43	7
2256	0.86	43	7
2257	0.86	43	7
2258	0.86	43	7
2259	0.88	44	6
2260	0.88	44	6
2261	0.88	44	6
2262	0.88	44	6
2263	0.88	44	6
2264	0.88	44	6
2265	0.90	45	5
2266	0.90	45	5
2267	0.90	45	5
2268	0.90	45	5
2269	0.90	45	5
2270	0.88	44	6
2271	0.88	44	6
2272	0.88	44	6
2273	0.88	44	6
2274	0.86	43	7
2275	0.86	43	7
2276	0.86	43	7
2277	0.88	44	6
2278	0.88	44	6
2279	0.88	44	6
2280	0.88	44	6
2281	0.88	44	6
2282	0.88	44	6
2283	0.88	44	6
2284	0.88	44	6
2285	0.88	44	6
2286	0.88	44	6
2287	0.90	45	5
2288	0.88	44	6
2289	0.88	44	6
2290	0.88	44	6
2291	0.88	44	6
2292	0.88	44	6
2293	0.90	45	5
2294	0.90	45	5
2295	0.90	45	5
2296	0.90	45	5
2297	0.88	44	6
2298	0.88	44	6
2299	0.88	44	6
2300	0.88	44	6
2301	0.88	44	6
2302	0.88	44	6
2303	0.90	45	5
2304	0.90	45	5
2305	0.90	45	5
2306	0.90	45	5
2307	0.90	45	5
2308	0.90	45	5
2309	0.90	45	5
2310	0.90	45	5
2311	0.90	45	5
2312	0.90	45	5
2313	0.88	44	6
2314	0.86	43	7
2315	0.86	43	7
2316	0.86	43	7
2317	0.86	43	7
2318	0.86	43	7
2319	0.86	43	7
2320	0.88	44	6
2321	0.88	44	6
2322	0.88	44	6
2323	0.88	44	6
2324	0.90	45	5
2325	0.90	45	5
2326	0.90	45	5
2327	0.90	45	5
2328	0.90	45	5
2329	0.90	45	5
2330	0.88	44	6
2331	0.88	44	6
2332	0.88	44	6
2333	0.88	44	6
2334	0.88	44	6
2335	0.88	44	6
2336	0.88	44	6
2337	0.88	44	6
2338	0.90	45	5
2339	0.90	45	5
2340	0.88	44	6
2341	0.88	44	6
2342	0.88	44	6
2343	0.88	44	6
2344	0.88	44	6
2345	0.88	44	6
2346	0.86	43	7
2347	0.86	43	7
2348	0.86	43	7
2349	0.86	43	7
2350	0.86	43	7
2351	0.84	42	8
2352	0.86	43	7
2353	0.84	42	8
2354	0.84	42	8
2355	0.84	42	8
2356	0.84	42	8
2357	0.84	42	8
2358	0.84	42	8
2359	0.84	42	8
2360	0.84	42	8
2361	0.82	41	9
2362	0.82	41	9
2363	0.84	42	8
2364	0.86	43	7
2365	0.86	43	7
2366	0.86	43	7
2367	0.86	43	7
2368	0.86	43	7
2369	0.86	43	7
2370	0.86	43	7
2371	0.86	43	7
2372	0.84	42	8
2373	0.84	42	8
2374	0.84	42	8
2375	0.84	42	8
2376	0.84	42	8
2377	0.84	42	8
2378	0.84	42	8
2379	0.84	42	8
2380	0.86	43	7
2381	0.86	43	7
2382	0.86	43	7
2383	0.84	42	8
2384	0.84	42	8
2385	0.84	42	8
2386	0.84	42	8
2387	0.84	42	8
2388	0.84	42	8
2389	0.84	42	8
2390	0.86	43	7
2391	0.84	42	8
2392	0.84	42	8
2393	0.82	41	9
2394	0.80	40	10
2395	0.80	40	10
2396	0.80	40	10
2397	0.80	40	10
2398	0.80	40	10
2399	0.78	39	11
2400	0.78	39	11
2401	0.80	40	10
2402	0.78	39	11
2403	0.78	39	11
2404	0.78	39	11
2405	0.78	39	11
2406	0.78	39	11
2407	0.78	39	11
2408	0.78	39	11
2409	0.78	39	11
2410	0.78	39	11
2411	0.80	40	10
2412	0.80	40	10
2413	0.78	39	11
2414	0.78	39	11
2415	0.78	39	11
2416	0.78	39	11
2417	0.78	39	11
2418	0.78	39	11
2419	0.76	38	12
2420	0.76	38	12
2421	0.74	37	13
2422	0.76	38	12
2423	0.74	37	13
2424	0.74	37	13
2425	0.74	37	13
2426	0.74	37	13
2427	0.74	37	13
2428	0.74	37	13
2429	0.74	37	13
2430	0.74	37	13
2431	0.74	37	13
2432	0.74	37	13
2433	0.74	37	13
2434	0.72	36	14
2435	0.72	36	14
2436	0.72	36	14
2437	0.70	35	15
2438	0.70	35	15
2439	0.70	35	15
2440	0.70	35	15
2441	0.72	36	14
2442	0.70	35	15
2443	0.72	36	14
2444	0.72	36	14
2445	0.70	35	15
2446	0.72	36	14
2447	0.72	36	14
2448	0.72	36	14
2449	0.74	37	13
2450	0.74	37	13
2451	0.74	37	13
2452	0.76	38	12
2453	0.78	39	11
2454	0.78	39	11
2455	0.78	39	11
2456	0.78	39	11
2457	0.78	39	11
2458	0.78	39	11
2459	0.78	39	11
2460	0.78	39	11
2461	0.76	38	12
2462	0.74	37	13
2463	0.76	38	12
2464	0.76	38	12
2465	0.76	38	12
2466	0.76	38	12
2467	0.76	38	12
2468	0.76	38	12
2469	0.76	38	12
2470	0.76	38	12
2471	0.78	39	11
2472	0.78	39	11
2473	0.80	40	10
2474	0.80	40	10
2475	0.80	40	10
2476	0.80	40	10
2477	0.80	40	10
2478	0.80	40	10
2479	0.80	40	10
2480	0.80	40	10
2481	0.80	40	10
2482	0.80	40	10
2483	0.82	41	9
2484	0.84	42	8
2485	0.84	42	8
2486	0.84	42	8
2487	0.86	43	7
2488	0.84	42	8
2489	0.82	41	9
2490	0.82	41	9
2491	0.80	40	10
2492	0.82	41	9
2493	0.82	41	9
2494	0.84	42	8
2495	0.86	43	7
2496	0.86	43	7
2497	0.88	44	6
2498	0.88	44	6
2499	0.88	44	6
2500	0.12	44	6
2501	0.14	43	7
2502	0.14	43	7
2503	0.16	42	8
2504	0.16	42	8
2505	0.18	41	9
2506	0.20	40	10
2507	0.22	39	11
2508	0.24	38	12
2509	0.26	37	13
2510	0.28	36	14
2511	0.28	36	14
2512	0.26	37	13
2513	0.28	36	14
2514	0.30	35	15
2515	0.32	34	16
2516	0.34	33	17
2517	0.36	32	18
2518	0.38	31	19
2519	0.38	31	19
2520	0.40	30	20
2521	0.40	30	20
2522	0.42	29	21
2523	0.44	28	22
2524	0.46	27	23
2525	0.46	27	23
2526	0.48	26	24
2527	0.50	25	25
2528	0.52	24	26
2529	0.54	23	27
2530	0.56	22	28
2531	0.58	21	29
2532	0.60	20	30
2533	0.62	19	31
2534	0.64	18	32
2535	0.66	17	33
2536	0.68	16	34
2537	0.70	15	35
2538	0.68	16	34
2539	0.66	17	33
2540	0.68	16	34
2541	0.68	16	34
2542	0.68	16	34
2543	0.70	15	35
2544	0.72	14	36
2545	0.74	13	37
2546	0.76	12	38
2547	0.78	11	39
2548	0.80	10	40
2549	0.82	9	41
2550	0.84	8	42
2551	0.84	8	42
2552	0.86	7	43
2553	0.86	7	43
2554	0.88	6	44
2555	0.88	6	44
2556	0.88	6	44
2557	0.86	7	43
2558	0.86	7	43
2559	0.86	7	43
2560	0.86	7	43
2561	0.86	7	43
2562	0.88	6	44
2563	0.88	6	44
2564	0.88	6	44
2565	0.88	6	44
2566	0.88	6	44
2567	0.88	6	44
2568	0.88	6	44
2569	0.88	6	44
2570	0.88	6	44
2571	0.90	5	45
2572	0.90	5	45
2573	0.90	5	45
2574	0.88	6	44
2575	0.90	5	45
2576	0.90	5	45
2577	0.90	5	45
2578	0.90	5	45
2579	0.90	5	45
2580	0.90	5	45
2581	0.90	5	45
2582	0.88	6	44
2583	0.88	6	44
2584	0.88	6	44
2585	0.88	6	44
2586	0.88	6	44
2587	0.88	6	44
2588	0.90	5	45
2589	0.92	4	46
2590	0.90	5	45
2591	0.88	6	44
2592	0.90	5	45
2593	0.90	5	45
2594	0.88	6	44
2595	0.88	6	44
2596	0.88	6	44
2597	0.88	6	44
2598	0.88	6	44
2599	0.88	6	44
2600	0.86	7	43
2601	0.86	7	43
2602	0.86	7	43
2603	0.86	7	43
2604	0.86	7	43
2605	0.86	7	43
2606	0.86	7	43
2607	0.88	6	44
2608	0.88	6	44
2609	0.88	6	44
2610	0.88	6	44
2611	0.88	6	44
2612	0.88	6	44
2613	0.88	6	44
2614	0.88	6	44
2615	0.88	6	44
2616	0.88	6	44
2617	0.88	6	44
2618	0.88	6	44
2619	0.88	6	44
2620	0.88	6	44
2621	0.88	6	44
2622	0.88	6	44
2623	0.88	6	44
2624	0.90	5	45
2625	0.90	5	45
2626	0.90	5	45
2627	0.90	5	45
2628	0.90	5	45
2629	0.90	5	45
2630	0.90	5	45
2631	0.90	5	45
2632	0.92	4	46
2633	0.92	4	46
2634	0.92	4	46
2635	0.92	4	46
2636	0.92	4	46
2637	0.92	4	46
2638	0.92	4	46
2639	0.92	4	46
2640	0.94	3	47
2641	0.96	2	48
2642	0.96	2	48
2643	0.96	2	48
2644	0.98	1	49
2645	0.98	1	49
2646	0.98	1	49
2647	0.98	1	49
2648	0.98	1	49
2649	0.98	1	49
2650	1.00	0	50
2651	1.00	0	50
2652	1.00	0	50
2653	1.00	0	50
2654	0.98	1	49
2655	0.98	1	49
2656	0.98	1	49
2657	0.98	1	49
2658	0.98	1	49
2659	0.98	1	49
2660	0.98	1	49
2661	0.98	1	49
2662	0.98	1	49
2663	0.98	1	49
2664	0.98	1	49
2665	0.98	1	49
2666	0.98	1	49
2667	0.96	2	48
2668	0.96	2	48
2669	0.96	2	48
2670	0.96	2	48
2671	0.96	2	48
2672	0.96	2	48
2673	0.96	2	48
2674	0.96	2	48
2675	0.96	2	48
2676	0.96	2	48
2677	0.96	2	48
2678	0.96	2	48
2679	0.96	2	48
2680	0.96	2	48
2681	0.96	2	48
2682	0.96	2	48
2683	0.96	2	48
2684	0.96	2	48
2685	0.96	2	48
2686	0.96	2	48
2687	0.96	2	48
2688	0.96	2	48
2689	0.94	3	47
2690	0.94	3	47
2691	0.94	3	47
2692	0.94	3	47
2693	0.92	4	46
2694	0.92	4	46
2695	0.92	4	46
2696	0.92	4	46
2697	0.92	4	46
2698	0.90	5	45
2699	0.90	5	45
2700	0.90	5	45
2701	0.90	5	45
2702	0.88	6	44
2703	0.88	6	44
2704	0.90	5	45
2705	0.90	5	45
2706	0.90	5	45
2707	0.90	5	45
2708	0.90	5	45
2709	0.90	5	45
2710	0.90	5	45
2711	0.90	5	45
2712	0.88	6	44
2713	0.86	7	43
2714	0.86	7	43
2715	0.86	7	43
2716	0.86	7	43
2717	0.86	7	43
2718	0.86	7	43
2719	0.86	7	43
2720	0.86	7	43
2721	0.86	7	43
2722	0.86	7	43
2723	0.84	8	42
2724	0.82	9	41
2725	0.82	9	41
2726	0.82	9	41
2727	0.80	10	40
2728	0.80	10	40
2729	0.80	10	40
2730	0.78	11	39
2731	0.76	12	38
2732	0.74	13	37
2733	0.72	14	36
2734	0.72	14	36
2735	0.70	15	35
2736	0.70	15	35
2737	0.70	15	35
2738	0.70	15	35
2739	0.72	14	36
2740	0.72	14	36
2741	0.72	14	36
2742	0.72	14	36
2743	0.74	13	37
2744	0.72	14	36
2745	0.72	14	36
2746	0.72	14	36
2747	0.72	14	36
2748	0.74	13	37
2749	0.74	13	37
2750	0.74	13	37
2751	0.74	13	37
2752	0.74	13	37
2753	0.72	14	36
2754	0.72	14	36
2755	0.72	14	36
2756	0.72	14	36
2757	0.70	15	35
2758	0.70	15	35
2759	0.70	15	35
2760	0.68	16	34
2761	0.68	16	34
2762	0.70	15	35
2763	0.72	14	36
2764	0.72	14	36
2765	0.72	14	36
2766	0.72	14	36
2767	0.74	13	37
2768	0.74	13	37
2769	0.72	14	36
2770	0.72	14	36
2771	0.72	14	36
2772	0.72	14	36
2773	0.72	14	36
2774	0.74	13	37
2775	0.74	13	37
2776	0.74	13	37
2777	0.76	12	38
2778	0.76	12	38
2779	0.76	12	38
2780	0.78	11	39
2781	0.80	10	40
2782	0.82	9	41
2783	0.82	9	41
2784	0.82	9	41
2785	0.82	9	41
2786	0.82	9	41
2787	0.82	9	41
2788	0.80	10	40
2789	0.80	10	40
2790	0.80	10	40
2791	0.80	10	40
2792	0.78	11	39
2793	0.78	11	39
2794	0.80	10	40
2795	0.80	10	40
2796	0.80	10	40
2797	0.78	11	39
2798	0.78	11	39
2799	0.78	11	39
2800	0.78	11	39
2801	0.78	11	39
2802	0.80	10	40
2803	0.82	9	41
2804	0.82	9	41
2805	0.82	9	41
2806	0.82	9	41
2807	0.84	8	42
2808	0.84	8	42
2809	0.84	8	42
2810	0.86	7	43
2811	0.86	7	43
2812	0.86	7	43
2813	0.86	7	43
2814	0.86	7	43
2815	0.86	7	43
2816	0.86	7	43
2817	0.86	7	43
2818	0.86	7	43
2819	0.88	6	44
2820	0.88	6	44
2821	0.88	6	44
2822	0.88	6	44
2823	0.88	6	44
2824	0.88	6	44
2825	0.88	6	44
2826	0.88	6	44
2827	0.86	7	43
2828	0.86	7	43
2829	0.86	7	43
2830	0.86	7	43
2831	0.84	8	42
2832	0.84	8	42
2833	0.86	7	43
2834	0.86	7	43
2835	0.88	6	44
2836	0.88	6	44
2837	0.88	6	44
2838	0.90	5	45
2839	0.90	5	45
2840	0.90	5	45
2841	0.90	5	45
2842	0.92	4	46
2843	0.92	4	46
2844	0.92	4	46
2845	0.92	4	46
2846	0.92	4	46
2847	0.94	3	47
2848	0.94	3	47
2849	0.94	3	47
2850	0.94	3	47
2851	0.94	3	47
2852	0.94	3	47
2853	0.94	3	47
2854	0.94	3	47
2855	0.94	3	47
2856	0.94	3	47
2857	0.94	3	47
2858	0.94	3	47
2859	0.92	4	46
2860	0.90	5	45
2861	0.90	5	45
2862	0.90	5	45
2863	0.90	5	45
2864	0.88	6	44
2865	0.88	6	44
2866	0.88	6	44
2867	0.88	6	44
2868	0.88	6	44
2869	0.88	6	44
2870	0.88	6	44
2871	0.88	6	44
2872	0.88	6	44
2873	0.90	5	45
2874	0.90	5	45
2875	0.90	5	45
2876	0.90	5	45
2877	0.92	4	46
2878	0.92	4	46
2879	0.92	4	46
2880	0.92	4	46
2881	0.94	3	47
2882	0.94	3	47
2883	0.94	3	47
2884	0.94	3	47
2885	0.94	3	47
2886	0.94	3	47
2887	0.94	3	47
2888	0.94	3	47
2889	0.92	4	46
2890	0.92	4	46
2891	0.92	4	46
2892	0.90	5	45
2893	0.88	6	44
2894	0.88	6	44
2895	0.88	6	44
2896	0.88	6	44
2897	0.88	6	44
2898	0.88	6	44
2899	0.86	7	43
2900	0.86	7	43
2901	0.86	7	43
2902	0.86	7	43
2903	0.86	7	43
2904	0.86	7	43
2905	0.86	7	43
2906	0.86	7	43
2907	0.84	8	42
2908	0.82	9	41
2909	0.84	8	42
2910	0.86	7	43
2911	0.86	7	43
2912	0.86	7	43
2913	0.86	7	43
2914	0.88	6	44
2915	0.86	7	43
2916	0.86	7	43
2917	0.86	7	43
2918	0.86	7	43
2919	0.86	7	43
2920	0.86	7	43
2921	0.86	7	43
2922	0.86	7	43
2923	0.86	7	43
2924	0.86	7	43
2925	0.86	7	43
2926	0.86	7	43
2927	0.84	8	42
2928	0.84	8	42
2929	0.82	9	41
2930	0.82	9	41
2931	0.82	9	41
2932	0.82	9	41
2933	0.82	9	41
2934	0.82	9	41
2935	0.82	9	41
2936	0.82	9	41
2937	0.82	9	41
2938	0.82	9	41
2939	0.84	8	42
2940	0.84	8	42
2941	0.84	8	42
2942	0.86	7	43
2943	0.88	6	44
2944	0.88	6	44
2945	0.86	7	43
2946	0.86	7	43
2947	0.86	7	43
2948	0.86	7	43
2949	0.88	6	44
2950	0.88	6	44
2951	0.88	6	44
2952	0.88	6	44
2953	0.86	7	43
2954	0.86	7	43
2955	0.86	7	43
2956	0.86	7	43
2957	0.88	6	44
2958	0.88	6	44
2959	0.86	7	43
2960	0.86	7	43
2961	0.86	7	43
2962	0.84	8	42
2963	0.84	8	42
2964	0.84	8	42
2965	0.84	8	42
2966	0.84	8	42
2967	0.84	8	42
2968	0.84	8	42
2969	0.84	8	42
2970	0.82	9	41
2971	0.82	9	41
2972	0.82	9	41
2973	0.82	9	41
2974	0.82	9	41
2975	0.82	9	41
2976	0.82	9	41
2977	0.82	9	41
2978	0.82	9	41
2979	0.84	8	42
2980	0.84	8	42
2981	0.84	8	42
2982	0.84	8	42
2983	0.84	8	42
2984	0.84	8	42
2985	0.82	9	41
2986	0.82	9	41
2987	0.82	9	41
2988	0.80	10	40
2989	0.80	10	40
2990	0.80	10	40
2991	0.80	10	40
2992	0.80	10	40
2993	0.78	11	39
2994	0.78	11	39
2995	0.80	10	40
2996	0.80	10	40
2997	0.80	10	40
2998	0.80	10	40
2999	0.80	10	40
