timestep	swarm_quality	color_0	color_1
0	0.70	35	15
1	0.70	35	15
2	0.70	35	15
3	0.68	34	16
4	0.68	34	16
5	0.68	34	16
6	0.68	34	16
7	0.68	34	16
8	0.68	34	16
9	0.68	34	16
10	0.66	33	17
11	0.64	32	18
12	0.64	32	18
13	0.64	32	18
14	0.62	31	19
15	0.62	31	19
16	0.62	31	19
17	0.62	31	19
18	0.62	31	19
19	0.62	31	19
20	0.62	31	19
21	0.62	31	19
22	0.62	31	19
23	0.62	31	19
24	0.62	31	19
25	0.60	30	20
26	0.60	30	20
27	0.60	30	20
28	0.60	30	20
29	0.60	30	20
30	0.58	29	21
31	0.56	28	22
32	0.54	27	23
33	0.54	27	23
34	0.52	26	24
35	0.52	26	24
36	0.54	27	23
37	0.56	28	22
38	0.56	28	22
39	0.58	29	21
40	0.60	30	20
41	0.62	31	19
42	0.64	32	18
43	0.66	33	17
44	0.68	34	16
45	0.70	35	15
46	0.72	36	14
47	0.74	37	13
48	0.76	38	12
49	0.78	39	11
50	0.78	39	11
51	0.78	39	11
52	0.78	39	11
53	0.80	40	10
54	0.80	40	10
55	0.80	40	10
56	0.80	40	10
57	0.80	40	10
58	0.80	40	10
59	0.80	40	10
60	0.82	41	9
61	0.84	42	8
62	0.84	42	8
63	0.84	42	8
64	0.86	43	7
65	0.86	43	7
66	0.86	43	7
67	0.86	43	7
68	0.86	43	7
69	0.86	43	7
70	0.86	43	7
71	0.86	43	7
72	0.86	43	7
73	0.86	43	7
74	0.84	42	8
75	0.86	43	7
76	0.86	43	7
77	0.86	43	7
78	0.86	43	7
79	0.86	43	7
80	0.88	44	6
81	0.88	44	6
82	0.88	44	6
83	0.86	43	7
84	0.88	44	6
85	0.88	44	6
86	0.88	44	6
87	0.86	43	7
88	0.88	44	6
89	0.88	44	6
90	0.88	44	6
91	0.88	44	6
92	0.88	44	6
93	0.88	44	6
94	0.86	43	7
95	0.86	43	7
96	0.86	43	7
97	0.86	43	7
98	0.86	43	7
99	0.86	43	7
100	0.86	43	7
101	0.86	43	7
102	0.86	43	7
103	0.86	43	7
104	0.86	43	7
105	0.86	43	7
106	0.86	43	7
107	0.86	43	7
108	0.86	43	7
109	0.86	43	7
110	0.86	43	7
111	0.86	43	7
112	0.86	43	7
113	0.84	42	8
114	0.84	42	8
115	0.84	42	8
116	0.84	42	8
117	0.84	42	8
118	0.84	42	8
119	0.84	42	8
120	0.84	42	8
121	0.82	41	9
122	0.80	40	10
123	0.80	40	10
124	0.82	41	9
125	0.82	41	9
126	0.82	41	9
127	0.82	41	9
128	0.80	40	10
129	0.80	40	10
130	0.80	40	10
131	0.82	41	9
132	0.84	42	8
133	0.86	43	7
134	0.84	42	8
135	0.86	43	7
136	0.86	43	7
137	0.86	43	7
138	0.86	43	7
139	0.86	43	7
140	0.86	43	7
141	0.84	42	8
142	0.84	42	8
143	0.84	42	8
144	0.86	43	7
145	0.86	43	7
146	0.86	43	7
147	0.86	43	7
148	0.86	43	7
149	0.86	43	7
150	0.86	43	7
151	0.86	43	7
152	0.86	43	7
153	0.86	43	7
154	0.86	43	7
155	0.86	43	7
156	0.84	42	8
157	0.82	41	9
158	0.82	41	9
159	0.82	41	9
160	0.82	41	9
161	0.82	41	9
162	0.80	40	10
163	0.82	41	9
164	0.82	41	9
165	0.82	41	9
166	0.80	40	10
167	0.80	40	10
168	0.80	40	10
169	0.80	40	10
170	0.80	40	10
171	0.82	41	9
172	0.82	41	9
173	0.82	41	9
174	0.82	41	9
175	0.82	41	9
176	0.82	41	9
177	0.82	41	9
178	0.84	42	8
179	0.84	42	8
180	0.84	42	8
181	0.84	42	8
182	0.84	42	8
183	0.84	42	8
184	0.86	43	7
185	0.86	43	7
186	0.86	43	7
187	0.88	44	6
188	0.88	44	6
189	0.88	44	6
190	0.88	44	6
191	0.90	45	5
192	0.90	45	5
193	0.90	45	5
194	0.90	45	5
195	0.90	45	5
196	0.90	45	5
197	0.90	45	5
198	0.90	45	5
199	0.90	45	5
200	0.88	44	6
201	0.88	44	6
202	0.88	44	6
203	0.88	44	6
204	0.88	44	6
205	0.88	44	6
206	0.90	45	5
207	0.92	46	4
208	0.92	46	4
209	0.92	46	4
210	0.92	46	4
211	0.92	46	4
212	0.94	47	3
213	0.94	47	3
214	0.94	47	3
215	0.94	47	3
216	0.96	48	2
217	0.94	47	3
218	0.94	47	3
219	0.94	47	3
220	0.94	47	3
221	0.94	47	3
222	0.96	48	2
223	0.96	48	2
224	0.96	48	2
225	0.96	48	2
226	0.94	47	3
227	0.94	47	3
228	0.94	47	3
229	0.94	47	3
230	0.94	47	3
231	0.94	47	3
232	0.94	47	3
233	0.94	47	3
234	0.94	47	3
235	0.94	47	3
236	0.94	47	3
237	0.92	46	4
238	0.92	46	4
239	0.92	46	4
240	0.92	46	4
241	0.92	46	4
242	0.90	45	5
243	0.90	45	5
244	0.90	45	5
245	0.90	45	5
246	0.90	45	5
247	0.90	45	5
248	0.90	45	5
249	0.90	45	5
250	0.92	46	4
251	0.90	45	5
252	0.90	45	5
253	0.90	45	5
254	0.90	45	5
255	0.90	45	5
256	0.88	44	6
257	0.88	44	6
258	0.88	44	6
259	0.88	44	6
260	0.88	44	6
261	0.88	44	6
262	0.88	44	6
263	0.88	44	6
264	0.88	44	6
265	0.88	44	6
266	0.88	44	6
267	0.90	45	5
268	0.90	45	5
269	0.90	45	5
270	0.90	45	5
271	0.90	45	5
272	0.90	45	5
273	0.90	45	5
274	0.90	45	5
275	0.90	45	5
276	0.92	46	4
277	0.92	46	4
278	0.92	46	4
279	0.92	46	4
280	0.92	46	4
281	0.92	46	4
282	0.92	46	4
283	0.92	46	4
284	0.92	46	4
285	0.92	46	4
286	0.92	46	4
287	0.94	47	3
288	0.94	47	3
289	0.94	47	3
290	0.94	47	3
291	0.94	47	3
292	0.96	48	2
293	0.96	48	2
294	0.96	48	2
295	0.96	48	2
296	0.96	48	2
297	0.96	48	2
298	0.96	48	2
299	0.96	48	2
300	0.96	48	2
301	0.98	49	1
302	0.98	49	1
303	0.98	49	1
304	0.98	49	1
305	0.98	49	1
306	1.00	50	0
307	1.00	50	0
308	1.00	50	0
309	1.00	50	0
310	1.00	50	0
311	1.00	50	0
312	1.00	50	0
313	1.00	50	0
314	1.00	50	0
315	1.00	50	0
316	1.00	50	0
317	1.00	50	0
318	1.00	50	0
319	1.00	50	0
320	0.98	49	1
321	0.98	49	1
322	0.98	49	1
323	0.98	49	1
324	0.98	49	1
325	0.98	49	1
326	0.98	49	1
327	0.98	49	1
328	0.98	49	1
329	0.98	49	1
330	0.98	49	1
331	0.98	49	1
332	0.98	49	1
333	0.98	49	1
334	0.98	49	1
335	0.98	49	1
336	0.98	49	1
337	0.98	49	1
338	0.98	49	1
339	0.98	49	1
340	0.96	48	2
341	0.96	48	2
342	0.96	48	2
343	0.96	48	2
344	0.96	48	2
345	0.96	48	2
346	0.96	48	2
347	0.96	48	2
348	0.96	48	2
349	0.96	48	2
350	0.96	48	2
351	0.96	48	2
352	0.96	48	2
353	0.96	48	2
354	0.96	48	2
355	0.96	48	2
356	0.96	48	2
357	0.96	48	2
358	0.96	48	2
359	0.96	48	2
360	0.94	47	3
361	0.94	47	3
362	0.94	47	3
363	0.94	47	3
364	0.92	46	4
365	0.92	46	4
366	0.92	46	4
367	0.92	46	4
368	0.92	46	4
369	0.92	46	4
370	0.94	47	3
371	0.94	47	3
372	0.92	46	4
373	0.92	46	4
374	0.92	46	4
375	0.92	46	4
376	0.92	46	4
377	0.92	46	4
378	0.92	46	4
379	0.92	46	4
380	0.90	45	5
381	0.88	44	6
382	0.88	44	6
383	0.88	44	6
384	0.88	44	6
385	0.88	44	6
386	0.88	44	6
387	0.88	44	6
388	0.88	44	6
389	0.86	43	7
390	0.88	44	6
391	0.88	44	6
392	0.88	44	6
393	0.88	44	6
394	0.88	44	6
395	0.88	44	6
396	0.88	44	6
397	0.88	44	6
398	0.88	44	6
399	0.88	44	6
400	0.88	44	6
401	0.88	44	6
402	0.86	43	7
403	0.86	43	7
404	0.86	43	7
405	0.86	43	7
406	0.86	43	7
407	0.86	43	7
408	0.86	43	7
409	0.84	42	8
410	0.86	43	7
411	0.86	43	7
412	0.86	43	7
413	0.84	42	8
414	0.86	43	7
415	0.86	43	7
416	0.86	43	7
417	0.86	43	7
418	0.84	42	8
419	0.84	42	8
420	0.82	41	9
421	0.82	41	9
422	0.82	41	9
423	0.80	40	10
424	0.80	40	10
425	0.80	40	10
426	0.80	40	10
427	0.78	39	11
428	0.78	39	11
429	0.78	39	11
430	0.80	40	10
431	0.82	41	9
432	0.82	41	9
433	0.82	41	9
434	0.82	41	9
435	0.82	41	9
436	0.82	41	9
437	0.82	41	9
438	0.82	41	9
439	0.84	42	8
440	0.84	42	8
441	0.84	42	8
442	0.84	42	8
443	0.84	42	8
444	0.84	42	8
445	0.82	41	9
446	0.82	41	9
447	0.82	41	9
448	0.82	41	9
449	0.82	41	9
450	0.82	41	9
451	0.82	41	9
452	0.84	42	8
453	0.84	42	8
454	0.84	42	8
455	0.82	41	9
456	0.80	40	10
457	0.80	40	10
458	0.80	40	10
459	0.80	40	10
460	0.80	40	10
461	0.80	40	10
462	0.80	40	10
463	0.82	41	9
464	0.80	40	10
465	0.78	39	11
466	0.76	38	12
467	0.76	38	12
468	0.76	38	12
469	0.76	38	12
470	0.78	39	11
471	0.78	39	11
472	0.80	40	10
473	0.82	41	9
474	0.82	41	9
475	0.82	41	9
476	0.82	41	9
477	0.84	42	8
478	0.84	42	8
479	0.84	42	8
480	0.84	42	8
481	0.84	42	8
482	0.84	42	8
483	0.84	42	8
484	0.82	41	9
485	0.80	40	10
486	0.80	40	10
487	0.80	40	10
488	0.78	39	11
489	0.78	39	11
490	0.78	39	11
491	0.78	39	11
492	0.78	39	11
493	0.78	39	11
494	0.78	39	11
495	0.80	40	10
496	0.80	40	10
497	0.78	39	11
498	0.76	38	12
499	0.76	38	12
500	0.26	37	13
501	0.26	37	13
502	0.28	36	14
503	0.30	35	15
504	0.30	35	15
505	0.28	36	14
506	0.26	37	13
507	0.28	36	14
508	0.30	35	15
509	0.30	35	15
510	0.30	35	15
511	0.32	34	16
512	0.32	34	16
513	0.34	33	17
514	0.34	33	17
515	0.34	33	17
516	0.32	34	16
517	0.34	33	17
518	0.34	33	17
519	0.34	33	17
520	0.34	33	17
521	0.36	32	18
522	0.36	32	18
523	0.38	31	19
524	0.38	31	19
525	0.40	30	20
526	0.42	29	21
527	0.44	28	22
528	0.46	27	23
529	0.46	27	23
530	0.48	26	24
531	0.50	25	25
532	0.50	25	25
533	0.52	24	26
534	0.52	24	26
535	0.52	24	26
536	0.54	23	27
537	0.56	22	28
538	0.56	22	28
539	0.58	21	29
540	0.60	20	30
541	0.62	19	31
542	0.64	18	32
543	0.64	18	32
544	0.66	17	33
545	0.66	17	33
546	0.68	16	34
547	0.68	16	34
548	0.66	17	33
549	0.66	17	33
550	0.66	17	33
551	0.68	16	34
552	0.68	16	34
553	0.68	16	34
554	0.68	16	34
555	0.70	15	35
556	0.72	14	36
557	0.72	14	36
558	0.72	14	36
559	0.72	14	36
560	0.74	13	37
561	0.74	13	37
562	0.74	13	37
563	0.72	14	36
564	0.72	14	36
565	0.72	14	36
566	0.74	13	37
567	0.74	13	37
568	0.74	13	37
569	0.76	12	38
570	0.76	12	38
571	0.76	12	38
572	0.76	12	38
573	0.76	12	38
574	0.76	12	38
575	0.76	12	38
576	0.76	12	38
577	0.76	12	38
578	0.76	12	38
579	0.78	11	39
580	0.78	11	39
581	0.78	11	39
582	0.80	10	40
583	0.80	10	40
584	0.78	11	39
585	0.78	11	39
586	0.78	11	39
587	0.78	11	39
588	0.76	12	38
589	0.76	12	38
590	0.76	12	38
591	0.76	12	38
592	0.76	12	38
593	0.78	11	39
594	0.78	11	39
595	0.80	10	40
596	0.80	10	40
597	0.78	11	39
598	0.80	10	40
599	0.82	9	41
600	0.82	9	41
601	0.82	9	41
602	0.82	9	41
603	0.82	9	41
604	0.82	9	41
605	0.82	9	41
606	0.82	9	41
607	0.82	9	41
608	0.82	9	41
609	0.82	9	41
610	0.82	9	41
611	0.80	10	40
612	0.82	9	41
613	0.84	8	42
614	0.84	8	42
615	0.84	8	42
616	0.84	8	42
617	0.84	8	42
618	0.84	8	42
619	0.84	8	42
620	0.86	7	43
621	0.86	7	43
622	0.88	6	44
623	0.88	6	44
624	0.90	5	45
625	0.88	6	44
626	0.88	6	44
627	0.88	6	44
628	0.88	6	44
629	0.88	6	44
630	0.88	6	44
631	0.88	6	44
632	0.88	6	44
633	0.86	7	43
634	0.88	6	44
635	0.86	7	43
636	0.84	8	42
637	0.84	8	42
638	0.86	7	43
639	0.86	7	43
640	0.84	8	42
641	0.84	8	42
642	0.84	8	42
643	0.82	9	41
644	0.82	9	41
645	0.82	9	41
646	0.82	9	41
647	0.84	8	42
648	0.84	8	42
649	0.84	8	42
650	0.84	8	42
651	0.84	8	42
652	0.84	8	42
653	0.84	8	42
654	0.86	7	43
655	0.86	7	43
656	0.86	7	43
657	0.86	7	43
658	0.86	7	43
659	0.86	7	43
660	0.86	7	43
661	0.88	6	44
662	0.86	7	43
663	0.86	7	43
664	0.86	7	43
665	0.84	8	42
666	0.84	8	42
667	0.82	9	41
668	0.82	9	41
669	0.82	9	41
670	0.82	9	41
671	0.82	9	41
672	0.82	9	41
673	0.82	9	41
674	0.82	9	41
675	0.84	8	42
676	0.84	8	42
677	0.84	8	42
678	0.84	8	42
679	0.84	8	42
680	0.84	8	42
681	0.84	8	42
682	0.84	8	42
683	0.86	7	43
684	0.86	7	43
685	0.88	6	44
686	0.90	5	45
687	0.90	5	45
688	0.90	5	45
689	0.90	5	45
690	0.92	4	46
691	0.92	4	46
692	0.92	4	46
693	0.94	3	47
694	0.94	3	47
695	0.94	3	47
696	0.94	3	47
697	0.94	3	47
698	0.94	3	47
699	0.94	3	47
700	0.94	3	47
701	0.94	3	47
702	0.94	3	47
703	0.92	4	46
704	0.92	4	46
705	0.92	4	46
706	0.92	4	46
707	0.92	4	46
708	0.90	5	45
709	0.88	6	44
710	0.88	6	44
711	0.88	6	44
712	0.90	5	45
713	0.90	5	45
714	0.90	5	45
715	0.92	4	46
716	0.92	4	46
717	0.94	3	47
718	0.94	3	47
719	0.94	3	47
720	0.94	3	47
721	0.94	3	47
722	0.94	3	47
723	0.92	4	46
724	0.92	4	46
725	0.92	4	46
726	0.92	4	46
727	0.90	5	45
728	0.90	5	45
729	0.90	5	45
730	0.88	6	44
731	0.88	6	44
732	0.88	6	44
733	0.88	6	44
734	0.88	6	44
735	0.88	6	44
736	0.88	6	44
737	0.88	6	44
738	0.88	6	44
739	0.88	6	44
740	0.88	6	44
741	0.88	6	44
742	0.88	6	44
743	0.88	6	44
744	0.88	6	44
745	0.88	6	44
746	0.88	6	44
747	0.88	6	44
748	0.88	6	44
749	0.88	6	44
750	0.88	6	44
751	0.88	6	44
752	0.88	6	44
753	0.90	5	45
754	0.90	5	45
755	0.90	5	45
756	0.90	5	45
757	0.90	5	45
758	0.90	5	45
759	0.92	4	46
760	0.92	4	46
761	0.92	4	46
762	0.92	4	46
763	0.90	5	45
764	0.90	5	45
765	0.90	5	45
766	0.90	5	45
767	0.90	5	45
768	0.90	5	45
769	0.90	5	45
770	0.90	5	45
771	0.88	6	44
772	0.88	6	44
773	0.90	5	45
774	0.88	6	44
775	0.88	6	44
776	0.88	6	44
777	0.90	5	45
778	0.90	5	45
779	0.90	5	45
780	0.92	4	46
781	0.90	5	45
782	0.90	5	45
783	0.90	5	45
784	0.90	5	45
785	0.90	5	45
786	0.88	6	44
787	0.86	7	43
788	0.86	7	43
789	0.86	7	43
790	0.86	7	43
791	0.86	7	43
792	0.86	7	43
793	0.86	7	43
794	0.86	7	43
795	0.86	7	43
796	0.86	7	43
797	0.86	7	43
798	0.86	7	43
799	0.86	7	43
800	0.86	7	43
801	0.86	7	43
802	0.86	7	43
803	0.84	8	42
804	0.84	8	42
805	0.84	8	42
806	0.84	8	42
807	0.84	8	42
808	0.86	7	43
809	0.84	8	42
810	0.84	8	42
811	0.84	8	42
812	0.82	9	41
813	0.84	8	42
814	0.84	8	42
815	0.84	8	42
816	0.82	9	41
817	0.82	9	41
818	0.82	9	41
819	0.82	9	41
820	0.82	9	41
821	0.84	8	42
822	0.84	8	42
823	0.84	8	42
824	0.86	7	43
825	0.86	7	43
826	0.86	7	43
827	0.84	8	42
828	0.84	8	42
829	0.84	8	42
830	0.84	8	42
831	0.86	7	43
832	0.86	7	43
833	0.86	7	43
834	0.86	7	43
835	0.84	8	42
836	0.86	7	43
837	0.88	6	44
838	0.88	6	44
839	0.88	6	44
840	0.88	6	44
841	0.86	7	43
842	0.86	7	43
843	0.86	7	43
844	0.86	7	43
845	0.86	7	43
846	0.86	7	43
847	0.86	7	43
848	0.86	7	43
849	0.86	7	43
850	0.86	7	43
851	0.86	7	43
852	0.86	7	43
853	0.88	6	44
854	0.88	6	44
855	0.86	7	43
856	0.86	7	43
857	0.86	7	43
858	0.86	7	43
859	0.86	7	43
860	0.86	7	43
861	0.84	8	42
862	0.86	7	43
863	0.86	7	43
864	0.86	7	43
865	0.86	7	43
866	0.86	7	43
867	0.86	7	43
868	0.86	7	43
869	0.86	7	43
870	0.86	7	43
871	0.86	7	43
872	0.86	7	43
873	0.86	7	43
874	0.86	7	43
875	0.86	7	43
876	0.86	7	43
877	0.88	6	44
878	0.88	6	44
879	0.88	6	44
880	0.88	6	44
881	0.88	6	44
882	0.88	6	44
883	0.88	6	44
884	0.86	7	43
885	0.88	6	44
886	0.86	7	43
887	0.86	7	43
888	0.86	7	43
889	0.86	7	43
890	0.86	7	43
891	0.88	6	44
892	0.88	6	44
893	0.86	7	43
894	0.86	7	43
895	0.86	7	43
896	0.86	7	43
897	0.84	8	42
898	0.84	8	42
899	0.84	8	42
900	0.84	8	42
901	0.84	8	42
902	0.84	8	42
903	0.84	8	42
904	0.84	8	42
905	0.86	7	43
906	0.86	7	43
907	0.86	7	43
908	0.86	7	43
909	0.88	6	44
910	0.86	7	43
911	0.88	6	44
912	0.88	6	44
913	0.88	6	44
914	0.88	6	44
915	0.88	6	44
916	0.90	5	45
917	0.90	5	45
918	0.90	5	45
919	0.90	5	45
920	0.90	5	45
921	0.88	6	44
922	0.88	6	44
923	0.88	6	44
924	0.88	6	44
925	0.88	6	44
926	0.88	6	44
927	0.86	7	43
928	0.86	7	43
929	0.86	7	43
930	0.86	7	43
931	0.86	7	43
932	0.86	7	43
933	0.84	8	42
934	0.86	7	43
935	0.86	7	43
936	0.86	7	43
937	0.86	7	43
938	0.86	7	43
939	0.86	7	43
940	0.86	7	43
941	0.86	7	43
942	0.86	7	43
943	0.86	7	43
944	0.86	7	43
945	0.86	7	43
946	0.86	7	43
947	0.88	6	44
948	0.88	6	44
949	0.88	6	44
950	0.88	6	44
951	0.88	6	44
952	0.88	6	44
953	0.86	7	43
954	0.86	7	43
955	0.84	8	42
956	0.84	8	42
957	0.82	9	41
958	0.82	9	41
959	0.82	9	41
960	0.84	8	42
961	0.84	8	42
962	0.84	8	42
963	0.84	8	42
964	0.84	8	42
965	0.84	8	42
966	0.84	8	42
967	0.84	8	42
968	0.84	8	42
969	0.84	8	42
970	0.84	8	42
971	0.86	7	43
972	0.86	7	43
973	0.84	8	42
974	0.84	8	42
975	0.84	8	42
976	0.84	8	42
977	0.86	7	43
978	0.84	8	42
979	0.84	8	42
980	0.84	8	42
981	0.82	9	41
982	0.82	9	41
983	0.82	9	41
984	0.80	10	40
985	0.80	10	40
986	0.82	9	41
987	0.82	9	41
988	0.82	9	41
989	0.82	9	41
990	0.82	9	41
991	0.82	9	41
992	0.82	9	41
993	0.84	8	42
994	0.84	8	42
995	0.84	8	42
996	0.84	8	42
997	0.84	8	42
998	0.84	8	42
999	0.82	9	41
1000	0.20	10	40
1001	0.22	11	39
1002	0.24	12	38
1003	0.24	12	38
1004	0.26	13	37
1005	0.26	13	37
1006	0.28	14	36
1007	0.28	14	36
1008	0.30	15	35
1009	0.32	16	34
1010	0.34	17	33
1011	0.36	18	32
1012	0.38	19	31
1013	0.38	19	31
1014	0.40	20	30
1015	0.42	21	29
1016	0.44	22	28
1017	0.46	23	27
1018	0.48	24	26
1019	0.50	25	25
1020	0.52	26	24
1021	0.54	27	23
1022	0.56	28	22
1023	0.56	28	22
1024	0.58	29	21
1025	0.58	29	21
1026	0.60	30	20
1027	0.62	31	19
1028	0.62	31	19
1029	0.64	32	18
1030	0.66	33	17
1031	0.66	33	17
1032	0.68	34	16
1033	0.68	34	16
1034	0.68	34	16
1035	0.70	35	15
1036	0.72	36	14
1037	0.74	37	13
1038	0.76	38	12
1039	0.78	39	11
1040	0.80	40	10
1041	0.82	41	9
1042	0.82	41	9
1043	0.84	42	8
1044	0.86	43	7
1045	0.88	44	6
1046	0.90	45	5
1047	0.92	46	4
1048	0.94	47	3
1049	0.94	47	3
1050	0.94	47	3
1051	0.94	47	3
1052	0.94	47	3
1053	0.94	47	3
1054	0.94	47	3
1055	0.94	47	3
1056	0.94	47	3
1057	0.94	47	3
1058	0.94	47	3
1059	0.94	47	3
1060	0.94	47	3
1061	0.94	47	3
1062	0.94	47	3
1063	0.96	48	2
1064	0.96	48	2
1065	0.96	48	2
1066	0.96	48	2
1067	0.96	48	2
1068	0.96	48	2
1069	0.96	48	2
1070	0.96	48	2
1071	0.96	48	2
1072	0.96	48	2
1073	0.96	48	2
1074	0.96	48	2
1075	0.98	49	1
1076	0.98	49	1
1077	0.98	49	1
1078	0.98	49	1
1079	0.98	49	1
1080	0.98	49	1
1081	0.98	49	1
1082	0.98	49	1
1083	0.96	48	2
1084	0.96	48	2
1085	0.96	48	2
1086	0.96	48	2
1087	0.96	48	2
1088	0.96	48	2
1089	0.96	48	2
1090	0.94	47	3
1091	0.94	47	3
1092	0.96	48	2
1093	0.96	48	2
1094	0.94	47	3
1095	0.94	47	3
1096	0.94	47	3
1097	0.94	47	3
1098	0.94	47	3
1099	0.94	47	3
1100	0.94	47	3
1101	0.94	47	3
1102	0.92	46	4
1103	0.92	46	4
1104	0.92	46	4
1105	0.92	46	4
1106	0.92	46	4
1107	0.92	46	4
1108	0.92	46	4
1109	0.92	46	4
1110	0.92	46	4
1111	0.92	46	4
1112	0.92	46	4
1113	0.90	45	5
1114	0.90	45	5
1115	0.90	45	5
1116	0.90	45	5
1117	0.90	45	5
1118	0.88	44	6
1119	0.88	44	6
1120	0.88	44	6
1121	0.88	44	6
1122	0.86	43	7
1123	0.86	43	7
1124	0.86	43	7
1125	0.84	42	8
1126	0.84	42	8
1127	0.84	42	8
1128	0.84	42	8
1129	0.84	42	8
1130	0.84	42	8
1131	0.84	42	8
1132	0.84	42	8
1133	0.86	43	7
1134	0.86	43	7
1135	0.84	42	8
1136	0.84	42	8
1137	0.84	42	8
1138	0.84	42	8
1139	0.84	42	8
1140	0.86	43	7
1141	0.86	43	7
1142	0.86	43	7
1143	0.86	43	7
1144	0.86	43	7
1145	0.86	43	7
1146	0.86	43	7
1147	0.86	43	7
1148	0.86	43	7
1149	0.84	42	8
1150	0.84	42	8
1151	0.84	42	8
1152	0.86	43	7
1153	0.86	43	7
1154	0.86	43	7
1155	0.86	43	7
1156	0.86	43	7
1157	0.86	43	7
1158	0.86	43	7
1159	0.86	43	7
1160	0.84	42	8
1161	0.84	42	8
1162	0.84	42	8
1163	0.86	43	7
1164	0.86	43	7
1165	0.86	43	7
1166	0.86	43	7
1167	0.86	43	7
1168	0.88	44	6
1169	0.88	44	6
1170	0.88	44	6
1171	0.88	44	6
1172	0.88	44	6
1173	0.86	43	7
1174	0.86	43	7
1175	0.86	43	7
1176	0.84	42	8
1177	0.84	42	8
1178	0.84	42	8
1179	0.84	42	8
1180	0.84	42	8
1181	0.84	42	8
1182	0.84	42	8
1183	0.84	42	8
1184	0.84	42	8
1185	0.86	43	7
1186	0.86	43	7
1187	0.86	43	7
1188	0.84	42	8
1189	0.84	42	8
1190	0.84	42	8
1191	0.84	42	8
1192	0.84	42	8
1193	0.84	42	8
1194	0.86	43	7
1195	0.86	43	7
1196	0.86	43	7
1197	0.86	43	7
1198	0.84	42	8
1199	0.86	43	7
1200	0.86	43	7
1201	0.86	43	7
1202	0.86	43	7
1203	0.86	43	7
1204	0.86	43	7
1205	0.86	43	7
1206	0.86	43	7
1207	0.86	43	7
1208	0.86	43	7
1209	0.86	43	7
1210	0.88	44	6
1211	0.86	43	7
1212	0.84	42	8
1213	0.84	42	8
1214	0.84	42	8
1215	0.84	42	8
1216	0.84	42	8
1217	0.84	42	8
1218	0.84	42	8
1219	0.84	42	8
1220	0.84	42	8
1221	0.84	42	8
1222	0.86	43	7
1223	0.88	44	6
1224	0.88	44	6
1225	0.90	45	5
1226	0.90	45	5
1227	0.90	45	5
1228	0.90	45	5
1229	0.90	45	5
1230	0.90	45	5
1231	0.88	44	6
1232	0.88	44	6
1233	0.88	44	6
1234	0.88	44	6
1235	0.88	44	6
1236	0.88	44	6
1237	0.88	44	6
1238	0.90	45	5
1239	0.90	45	5
1240	0.90	45	5
1241	0.90	45	5
1242	0.90	45	5
1243	0.88	44	6
1244	0.88	44	6
1245	0.88	44	6
1246	0.88	44	6
1247	0.88	44	6
1248	0.90	45	5
1249	0.90	45	5
1250	0.90	45	5
1251	0.90	45	5
1252	0.90	45	5
1253	0.90	45	5
1254	0.90	45	5
1255	0.90	45	5
1256	0.90	45	5
1257	0.90	45	5
1258	0.90	45	5
1259	0.90	45	5
1260	0.90	45	5
1261	0.92	46	4
1262	0.94	47	3
1263	0.94	47	3
1264	0.94	47	3
1265	0.94	47	3
1266	0.94	47	3
1267	0.94	47	3
1268	0.94	47	3
1269	0.94	47	3
1270	0.94	47	3
1271	0.94	47	3
1272	0.94	47	3
1273	0.94	47	3
1274	0.92	46	4
1275	0.92	46	4
1276	0.94	47	3
1277	0.94	47	3
1278	0.94	47	3
1279	0.94	47	3
1280	0.94	47	3
1281	0.96	48	2
1282	0.96	48	2
1283	0.96	48	2
1284	0.94	47	3
1285	0.94	47	3
1286	0.94	47	3
1287	0.94	47	3
1288	0.94	47	3
1289	0.92	46	4
1290	0.92	46	4
1291	0.90	45	5
1292	0.90	45	5
1293	0.92	46	4
1294	0.92	46	4
1295	0.92	46	4
1296	0.92	46	4
1297	0.92	46	4
1298	0.90	45	5
1299	0.90	45	5
1300	0.90	45	5
1301	0.90	45	5
1302	0.90	45	5
1303	0.90	45	5
1304	0.90	45	5
1305	0.90	45	5
1306	0.88	44	6
1307	0.86	43	7
1308	0.86	43	7
1309	0.84	42	8
1310	0.82	41	9
1311	0.82	41	9
1312	0.82	41	9
1313	0.82	41	9
1314	0.82	41	9
1315	0.82	41	9
1316	0.82	41	9
1317	0.82	41	9
1318	0.82	41	9
1319	0.82	41	9
1320	0.82	41	9
1321	0.82	41	9
1322	0.80	40	10
1323	0.80	40	10
1324	0.82	41	9
1325	0.82	41	9
1326	0.80	40	10
1327	0.80	40	10
1328	0.80	40	10
1329	0.80	40	10
1330	0.80	40	10
1331	0.80	40	10
1332	0.80	40	10
1333	0.80	40	10
1334	0.82	41	9
1335	0.82	41	9
1336	0.82	41	9
1337	0.82	41	9
1338	0.82	41	9
1339	0.84	42	8
1340	0.84	42	8
1341	0.86	43	7
1342	0.84	42	8
1343	0.84	42	8
1344	0.84	42	8
1345	0.84	42	8
1346	0.84	42	8
1347	0.82	41	9
1348	0.84	42	8
1349	0.84	42	8
1350	0.82	41	9
1351	0.80	40	10
1352	0.80	40	10
1353	0.80	40	10
1354	0.80	40	10
1355	0.80	40	10
1356	0.82	41	9
1357	0.82	41	9
1358	0.82	41	9
1359	0.84	42	8
1360	0.86	43	7
1361	0.86	43	7
1362	0.86	43	7
1363	0.86	43	7
1364	0.86	43	7
1365	0.86	43	7
1366	0.86	43	7
1367	0.86	43	7
1368	0.86	43	7
1369	0.86	43	7
1370	0.84	42	8
1371	0.84	42	8
1372	0.86	43	7
1373	0.86	43	7
1374	0.86	43	7
1375	0.86	43	7
1376	0.86	43	7
1377	0.86	43	7
1378	0.86	43	7
1379	0.86	43	7
1380	0.86	43	7
1381	0.86	43	7
1382	0.86	43	7
1383	0.86	43	7
1384	0.86	43	7
1385	0.86	43	7
1386	0.86	43	7
1387	0.86	43	7
1388	0.86	43	7
1389	0.86	43	7
1390	0.86	43	7
1391	0.86	43	7
1392	0.88	44	6
1393	0.88	44	6
1394	0.88	44	6
1395	0.88	44	6
1396	0.88	44	6
1397	0.90	45	5
1398	0.90	45	5
1399	0.90	45	5
1400	0.92	46	4
1401	0.94	47	3
1402	0.94	47	3
1403	0.92	46	4
1404	0.92	46	4
1405	0.92	46	4
1406	0.92	46	4
1407	0.94	47	3
1408	0.94	47	3
1409	0.94	47	3
1410	0.94	47	3
1411	0.94	47	3
1412	0.94	47	3
1413	0.94	47	3
1414	0.94	47	3
1415	0.94	47	3
1416	0.92	46	4
1417	0.92	46	4
1418	0.92	46	4
1419	0.92	46	4
1420	0.94	47	3
1421	0.94	47	3
1422	0.94	47	3
1423	0.94	47	3
1424	0.94	47	3
1425	0.94	47	3
1426	0.96	48	2
1427	0.96	48	2
1428	0.96	48	2
1429	0.96	48	2
1430	0.96	48	2
1431	0.96	48	2
1432	0.96	48	2
1433	0.94	47	3
1434	0.94	47	3
1435	0.94	47	3
1436	0.94	47	3
1437	0.94	47	3
1438	0.94	47	3
1439	0.94	47	3
1440	0.94	47	3
1441	0.94	47	3
1442	0.94	47	3
1443	0.94	47	3
1444	0.94	47	3
1445	0.94	47	3
1446	0.94	47	3
1447	0.94	47	3
1448	0.94	47	3
1449	0.94	47	3
1450	0.92	46	4
1451	0.90	45	5
1452	0.88	44	6
1453	0.90	45	5
1454	0.88	44	6
1455	0.86	43	7
1456	0.84	42	8
1457	0.84	42	8
1458	0.84	42	8
1459	0.84	42	8
1460	0.84	42	8
1461	0.84	42	8
1462	0.84	42	8
1463	0.84	42	8
1464	0.84	42	8
1465	0.84	42	8
1466	0.86	43	7
1467	0.86	43	7
1468	0.86	43	7
1469	0.86	43	7
1470	0.86	43	7
1471	0.84	42	8
1472	0.82	41	9
1473	0.82	41	9
1474	0.82	41	9
1475	0.80	40	10
1476	0.80	40	10
1477	0.78	39	11
1478	0.78	39	11
1479	0.78	39	11
1480	0.76	38	12
1481	0.76	38	12
1482	0.76	38	12
1483	0.78	39	11
1484	0.78	39	11
1485	0.76	38	12
1486	0.76	38	12
1487	0.76	38	12
1488	0.76	38	12
1489	0.76	38	12
1490	0.76	38	12
1491	0.76	38	12
1492	0.76	38	12
1493	0.76	38	12
1494	0.76	38	12
1495	0.74	37	13
1496	0.74	37	13
1497	0.74	37	13
1498	0.74	37	13
1499	0.74	37	13
1500	0.24	38	12
1501	0.24	38	12
1502	0.24	38	12
1503	0.26	37	13
1504	0.26	37	13
1505	0.26	37	13
1506	0.26	37	13
1507	0.28	36	14
1508	0.28	36	14
1509	0.30	35	15
1510	0.32	34	16
1511	0.32	34	16
1512	0.34	33	17
1513	0.34	33	17
1514	0.34	33	17
1515	0.36	32	18
1516	0.38	31	19
1517	0.40	30	20
1518	0.42	29	21
1519	0.42	29	21
1520	0.44	28	22
1521	0.44	28	22
1522	0.42	29	21
1523	0.42	29	21
1524	0.44	28	22
1525	0.44	28	22
1526	0.46	27	23
1527	0.46	27	23
1528	0.48	26	24
1529	0.50	25	25
1530	0.50	25	25
1531	0.50	25	25
1532	0.50	25	25
1533	0.52	24	26
1534	0.54	23	27
1535	0.54	23	27
1536	0.56	22	28
1537	0.56	22	28
1538	0.58	21	29
1539	0.58	21	29
1540	0.60	20	30
1541	0.60	20	30
1542	0.60	20	30
1543	0.60	20	30
1544	0.62	19	31
1545	0.62	19	31
1546	0.64	18	32
1547	0.66	17	33
1548	0.68	16	34
1549	0.70	15	35
1550	0.72	14	36
1551	0.72	14	36
1552	0.72	14	36
1553	0.72	14	36
1554	0.72	14	36
1555	0.72	14	36
1556	0.72	14	36
1557	0.72	14	36
1558	0.74	13	37
1559	0.74	13	37
1560	0.74	13	37
1561	0.74	13	37
1562	0.74	13	37
1563	0.76	12	38
1564	0.78	11	39
1565	0.78	11	39
1566	0.78	11	39
1567	0.76	12	38
1568	0.76	12	38
1569	0.78	11	39
1570	0.78	11	39
1571	0.78	11	39
1572	0.80	10	40
1573	0.82	9	41
1574	0.80	10	40
1575	0.80	10	40
1576	0.80	10	40
1577	0.80	10	40
1578	0.80	10	40
1579	0.80	10	40
1580	0.80	10	40
1581	0.82	9	41
1582	0.84	8	42
1583	0.84	8	42
1584	0.84	8	42
1585	0.82	9	41
1586	0.82	9	41
1587	0.82	9	41
1588	0.82	9	41
1589	0.82	9	41
1590	0.82	9	41
1591	0.84	8	42
1592	0.86	7	43
1593	0.88	6	44
1594	0.88	6	44
1595	0.86	7	43
1596	0.86	7	43
1597	0.86	7	43
1598	0.84	8	42
1599	0.84	8	42
1600	0.84	8	42
1601	0.84	8	42
1602	0.84	8	42
1603	0.82	9	41
1604	0.82	9	41
1605	0.82	9	41
1606	0.82	9	41
1607	0.82	9	41
1608	0.82	9	41
1609	0.82	9	41
1610	0.80	10	40
1611	0.82	9	41
1612	0.82	9	41
1613	0.82	9	41
1614	0.80	10	40
1615	0.80	10	40
1616	0.80	10	40
1617	0.82	9	41
1618	0.82	9	41
1619	0.82	9	41
1620	0.82	9	41
1621	0.82	9	41
1622	0.82	9	41
1623	0.82	9	41
1624	0.84	8	42
1625	0.82	9	41
1626	0.82	9	41
1627	0.82	9	41
1628	0.82	9	41
1629	0.82	9	41
1630	0.82	9	41
1631	0.82	9	41
1632	0.82	9	41
1633	0.80	10	40
1634	0.80	10	40
1635	0.82	9	41
1636	0.82	9	41
1637	0.84	8	42
1638	0.84	8	42
1639	0.86	7	43
1640	0.86	7	43
1641	0.86	7	43
1642	0.86	7	43
1643	0.86	7	43
1644	0.86	7	43
1645	0.88	6	44
1646	0.88	6	44
1647	0.88	6	44
1648	0.90	5	45
1649	0.90	5	45
1650	0.90	5	45
1651	0.90	5	45
1652	0.90	5	45
1653	0.92	4	46
1654	0.90	5	45
1655	0.90	5	45
1656	0.90	5	45
1657	0.90	5	45
1658	0.90	5	45
1659	0.90	5	45
1660	0.92	4	46
1661	0.92	4	46
1662	0.92	4	46
1663	0.92	4	46
1664	0.94	3	47
1665	0.94	3	47
1666	0.94	3	47
1667	0.94	3	47
1668	0.94	3	47
1669	0.94	3	47
1670	0.94	3	47
1671	0.94	3	47
1672	0.94	3	47
1673	0.94	3	47
1674	0.94	3	47
1675	0.96	2	48
1676	0.96	2	48
1677	0.96	2	48
1678	0.96	2	48
1679	0.96	2	48
1680	0.94	3	47
1681	0.94	3	47
1682	0.94	3	47
1683	0.96	2	48
1684	0.96	2	48
1685	0.96	2	48
1686	0.96	2	48
1687	0.94	3	47
1688	0.94	3	47
1689	0.94	3	47
1690	0.94	3	47
1691	0.94	3	47
1692	0.94	3	47
1693	0.94	3	47
1694	0.94	3	47
1695	0.94	3	47
1696	0.94	3	47
1697	0.94	3	47
1698	0.94	3	47
1699	0.94	3	47
1700	0.94	3	47
1701	0.94	3	47
1702	0.94	3	47
1703	0.94	3	47
1704	0.96	2	48
1705	0.96	2	48
1706	0.96	2	48
1707	0.96	2	48
1708	0.96	2	48
1709	0.96	2	48
1710	0.96	2	48
1711	0.96	2	48
1712	0.94	3	47
1713	0.94	3	47
1714	0.94	3	47
1715	0.94	3	47
1716	0.94	3	47
1717	0.94	3	47
1718	0.94	3	47
1719	0.94	3	47
1720	0.94	3	47
1721	0.92	4	46
1722	0.92	4	46
1723	0.92	4	46
1724	0.92	4	46
1725	0.92	4	46
1726	0.92	4	46
1727	0.92	4	46
1728	0.92	4	46
1729	0.90	5	45
1730	0.90	5	45
1731	0.88	6	44
1732	0.88	6	44
1733	0.86	7	43
1734	0.84	8	42
1735	0.84	8	42
1736	0.84	8	42
1737	0.86	7	43
1738	0.84	8	42
1739	0.84	8	42
1740	0.84	8	42
1741	0.84	8	42
1742	0.84	8	42
1743	0.84	8	42
1744	0.84	8	42
1745	0.82	9	41
1746	0.82	9	41
1747	0.80	10	40
1748	0.80	10	40
1749	0.78	11	39
1750	0.78	11	39
1751	0.76	12	38
1752	0.76	12	38
1753	0.76	12	38
1754	0.76	12	38
1755	0.76	12	38
1756	0.76	12	38
1757	0.74	13	37
1758	0.74	13	37
1759	0.74	13	37
1760	0.72	14	36
1761	0.72	14	36
1762	0.74	13	37
1763	0.74	13	37
1764	0.74	13	37
1765	0.74	13	37
1766	0.72	14	36
1767	0.70	15	35
1768	0.68	16	34
1769	0.68	16	34
1770	0.68	16	34
1771	0.70	15	35
1772	0.68	16	34
1773	0.68	16	34
1774	0.68	16	34
1775	0.68	16	34
1776	0.68	16	34
1777	0.68	16	34
1778	0.68	16	34
1779	0.70	15	35
1780	0.70	15	35
1781	0.72	14	36
1782	0.72	14	36
1783	0.74	13	37
1784	0.74	13	37
1785	0.74	13	37
1786	0.74	13	37
1787	0.74	13	37
1788	0.76	12	38
1789	0.74	13	37
1790	0.74	13	37
1791	0.74	13	37
1792	0.72	14	36
1793	0.72	14	36
1794	0.72	14	36
1795	0.72	14	36
1796	0.72	14	36
1797	0.74	13	37
1798	0.74	13	37
1799	0.76	12	38
1800	0.76	12	38
1801	0.78	11	39
1802	0.78	11	39
1803	0.78	11	39
1804	0.78	11	39
1805	0.78	11	39
1806	0.78	11	39
1807	0.80	10	40
1808	0.80	10	40
1809	0.80	10	40
1810	0.82	9	41
1811	0.82	9	41
1812	0.82	9	41
1813	0.82	9	41
1814	0.82	9	41
1815	0.82	9	41
1816	0.84	8	42
1817	0.86	7	43
1818	0.88	6	44
1819	0.88	6	44
1820	0.88	6	44
1821	0.88	6	44
1822	0.90	5	45
1823	0.90	5	45
1824	0.90	5	45
1825	0.90	5	45
1826	0.90	5	45
1827	0.90	5	45
1828	0.90	5	45
1829	0.90	5	45
1830	0.90	5	45
1831	0.90	5	45
1832	0.90	5	45
1833	0.90	5	45
1834	0.92	4	46
1835	0.92	4	46
1836	0.92	4	46
1837	0.92	4	46
1838	0.92	4	46
1839	0.94	3	47
1840	0.94	3	47
1841	0.94	3	47
1842	0.96	2	48
1843	0.96	2	48
1844	0.96	2	48
1845	0.98	1	49
1846	0.98	1	49
1847	0.98	1	49
1848	0.98	1	49
1849	0.98	1	49
1850	0.98	1	49
1851	0.98	1	49
1852	0.98	1	49
1853	0.98	1	49
1854	0.96	2	48
1855	0.96	2	48
1856	0.94	3	47
1857	0.94	3	47
1858	0.94	3	47
1859	0.94	3	47
1860	0.94	3	47
1861	0.94	3	47
1862	0.94	3	47
1863	0.94	3	47
1864	0.94	3	47
1865	0.92	4	46
1866	0.92	4	46
1867	0.92	4	46
1868	0.92	4	46
1869	0.92	4	46
1870	0.92	4	46
1871	0.92	4	46
1872	0.92	4	46
1873	0.92	4	46
1874	0.92	4	46
1875	0.92	4	46
1876	0.92	4	46
1877	0.92	4	46
1878	0.92	4	46
1879	0.92	4	46
1880	0.94	3	47
1881	0.94	3	47
1882	0.94	3	47
1883	0.94	3	47
1884	0.94	3	47
1885	0.94	3	47
1886	0.94	3	47
1887	0.94	3	47
1888	0.94	3	47
1889	0.94	3	47
1890	0.94	3	47
1891	0.94	3	47
1892	0.94	3	47
1893	0.94	3	47
1894	0.94	3	47
1895	0.94	3	47
1896	0.94	3	47
1897	0.94	3	47
1898	0.94	3	47
1899	0.94	3	47
1900	0.94	3	47
1901	0.94	3	47
1902	0.94	3	47
1903	0.94	3	47
1904	0.96	2	48
1905	0.96	2	48
1906	0.98	1	49
1907	0.98	1	49
1908	0.98	1	49
1909	0.98	1	49
1910	0.98	1	49
1911	0.98	1	49
1912	0.96	2	48
1913	0.96	2	48
1914	0.96	2	48
1915	0.98	1	49
1916	0.98	1	49
1917	0.96	2	48
1918	0.96	2	48
1919	0.94	3	47
1920	0.94	3	47
1921	0.94	3	47
1922	0.94	3	47
1923	0.94	3	47
1924	0.94	3	47
1925	0.94	3	47
1926	0.94	3	47
1927	0.94	3	47
1928	0.94	3	47
1929	0.94	3	47
1930	0.94	3	47
1931	0.94	3	47
1932	0.94	3	47
1933	0.94	3	47
1934	0.94	3	47
1935	0.92	4	46
1936	0.92	4	46
1937	0.92	4	46
1938	0.92	4	46
1939	0.92	4	46
1940	0.92	4	46
1941	0.92	4	46
1942	0.92	4	46
1943	0.92	4	46
1944	0.92	4	46
1945	0.90	5	45
1946	0.90	5	45
1947	0.90	5	45
1948	0.90	5	45
1949	0.90	5	45
1950	0.90	5	45
1951	0.88	6	44
1952	0.88	6	44
1953	0.88	6	44
1954	0.88	6	44
1955	0.88	6	44
1956	0.88	6	44
1957	0.88	6	44
1958	0.88	6	44
1959	0.88	6	44
1960	0.88	6	44
1961	0.88	6	44
1962	0.90	5	45
1963	0.90	5	45
1964	0.90	5	45
1965	0.90	5	45
1966	0.90	5	45
1967	0.92	4	46
1968	0.92	4	46
1969	0.92	4	46
1970	0.92	4	46
1971	0.92	4	46
1972	0.92	4	46
1973	0.92	4	46
1974	0.92	4	46
1975	0.92	4	46
1976	0.92	4	46
1977	0.90	5	45
1978	0.90	5	45
1979	0.90	5	45
1980	0.90	5	45
1981	0.90	5	45
1982	0.90	5	45
1983	0.90	5	45
1984	0.90	5	45
1985	0.92	4	46
1986	0.92	4	46
1987	0.92	4	46
1988	0.92	4	46
1989	0.92	4	46
1990	0.92	4	46
1991	0.92	4	46
1992	0.92	4	46
1993	0.92	4	46
1994	0.92	4	46
1995	0.94	3	47
1996	0.94	3	47
1997	0.94	3	47
1998	0.94	3	47
1999	0.94	3	47
2000	0.06	3	47
2001	0.04	2	48
2002	0.06	3	47
2003	0.08	4	46
2004	0.10	5	45
2005	0.12	6	44
2006	0.14	7	43
2007	0.16	8	42
2008	0.16	8	42
2009	0.16	8	42
2010	0.18	9	41
2011	0.20	10	40
2012	0.22	11	39
2013	0.22	11	39
2014	0.24	12	38
2015	0.24	12	38
2016	0.26	13	37
2017	0.28	14	36
2018	0.30	15	35
2019	0.28	14	36
2020	0.28	14	36
2021	0.30	15	35
2022	0.32	16	34
2023	0.34	17	33
2024	0.36	18	32
2025	0.36	18	32
2026	0.38	19	31
2027	0.36	18	32
2028	0.36	18	32
2029	0.38	19	31
2030	0.40	20	30
2031	0.42	21	29
2032	0.44	22	28
2033	0.46	23	27
2034	0.48	24	26
2035	0.50	25	25
2036	0.52	26	24
2037	0.54	27	23
2038	0.56	28	22
2039	0.58	29	21
2040	0.60	30	20
2041	0.62	31	19
2042	0.64	32	18
2043	0.66	33	17
2044	0.66	33	17
2045	0.66	33	17
2046	0.68	34	16
2047	0.70	35	15
2048	0.72	36	14
2049	0.74	37	13
2050	0.76	38	12
2051	0.78	39	11
2052	0.78	39	11
2053	0.78	39	11
2054	0.78	39	11
2055	0.78	39	11
2056	0.78	39	11
2057	0.78	39	11
2058	0.80	40	10
2059	0.82	41	9
2060	0.82	41	9
2061	0.80	40	10
2062	0.80	40	10
2063	0.82	41	9
2064	0.80	40	10
2065	0.82	41	9
2066	0.82	41	9
2067	0.82	41	9
2068	0.82	41	9
2069	0.82	41	9
2070	0.84	42	8
2071	0.84	42	8
2072	0.84	42	8
2073	0.84	42	8
2074	0.84	42	8
2075	0.86	43	7
2076	0.86	43	7
2077	0.88	44	6
2078	0.88	44	6
2079	0.86	43	7
2080	0.84	42	8
2081	0.84	42	8
2082	0.84	42	8
2083	0.84	42	8
2084	0.82	41	9
2085	0.82	41	9
2086	0.82	41	9
2087	0.80	40	10
2088	0.80	40	10
2089	0.80	40	10
2090	0.80	40	10
2091	0.80	40	10
2092	0.80	40	10
2093	0.78	39	11
2094	0.80	40	10
2095	0.82	41	9
2096	0.82	41	9
2097	0.82	41	9
2098	0.82	41	9
2099	0.80	40	10
2100	0.80	40	10
2101	0.78	39	11
2102	0.78	39	11
2103	0.78	39	11
2104	0.78	39	11
2105	0.78	39	11
2106	0.78	39	11
2107	0.78	39	11
2108	0.78	39	11
2109	0.78	39	11
2110	0.78	39	11
2111	0.80	40	10
2112	0.80	40	10
2113	0.80	40	10
2114	0.82	41	9
2115	0.82	41	9
2116	0.82	41	9
2117	0.82	41	9
2118	0.82	41	9
2119	0.84	42	8
2120	0.84	42	8
2121	0.84	42	8
2122	0.84	42	8
2123	0.84	42	8
2124	0.82	41	9
2125	0.82	41	9
2126	0.82	41	9
2127	0.80	40	10
2128	0.82	41	9
2129	0.84	42	8
2130	0.86	43	7
2131	0.86	43	7
2132	0.86	43	7
2133	0.86	43	7
2134	0.88	44	6
2135	0.88	44	6
2136	0.88	44	6
2137	0.90	45	5
2138	0.90	45	5
2139	0.90	45	5
2140	0.90	45	5
2141	0.90	45	5
2142	0.90	45	5
2143	0.92	46	4
2144	0.90	45	5
2145	0.90	45	5
2146	0.90	45	5
2147	0.90	45	5
2148	0.90	45	5
2149	0.92	46	4
2150	0.92	46	4
2151	0.94	47	3
2152	0.94	47	3
2153	0.94	47	3
2154	0.94	47	3
2155	0.94	47	3
2156	0.94	47	3
2157	0.94	47	3
2158	0.94	47	3
2159	0.94	47	3
2160	0.94	47	3
2161	0.94	47	3
2162	0.94	47	3
2163	0.94	47	3
2164	0.94	47	3
2165	0.94	47	3
2166	0.94	47	3
2167	0.94	47	3
2168	0.94	47	3
2169	0.94	47	3
2170	0.94	47	3
2171	0.94	47	3
2172	0.94	47	3
2173	0.94	47	3
2174	0.96	48	2
2175	0.96	48	2
2176	0.96	48	2
2177	0.98	49	1
2178	0.98	49	1
2179	0.98	49	1
2180	0.98	49	1
2181	0.98	49	1
2182	0.96	48	2
2183	0.96	48	2
2184	0.96	48	2
2185	0.96	48	2
2186	0.96	48	2
2187	0.96	48	2
2188	0.96	48	2
2189	0.96	48	2
2190	0.96	48	2
2191	0.96	48	2
2192	0.96	48	2
2193	0.96	48	2
2194	0.98	49	1
2195	0.98	49	1
2196	0.98	49	1
2197	0.98	49	1
2198	0.98	49	1
2199	0.98	49	1
2200	0.98	49	1
2201	0.98	49	1
2202	0.98	49	1
2203	0.98	49	1
2204	0.98	49	1
2205	0.98	49	1
2206	0.98	49	1
2207	0.98	49	1
2208	0.98	49	1
2209	0.98	49	1
2210	0.98	49	1
2211	0.98	49	1
2212	0.98	49	1
2213	0.98	49	1
2214	0.98	49	1
2215	0.98	49	1
2216	0.98	49	1
2217	0.98	49	1
2218	0.98	49	1
2219	0.98	49	1
2220	0.98	49	1
2221	0.98	49	1
2222	0.98	49	1
2223	0.98	49	1
2224	0.98	49	1
2225	0.98	49	1
2226	0.98	49	1
2227	0.98	49	1
2228	0.98	49	1
2229	0.98	49	1
2230	0.98	49	1
2231	0.98	49	1
2232	1.00	50	0
2233	1.00	50	0
2234	1.00	50	0
2235	1.00	50	0
2236	1.00	50	0
2237	1.00	50	0
2238	1.00	50	0
2239	0.98	49	1
2240	0.98	49	1
2241	0.96	48	2
2242	0.96	48	2
2243	0.96	48	2
2244	0.94	47	3
2245	0.94	47	3
2246	0.92	46	4
2247	0.92	46	4
2248	0.92	46	4
2249	0.92	46	4
2250	0.92	46	4
2251	0.92	46	4
2252	0.92	46	4
2253	0.92	46	4
2254	0.92	46	4
2255	0.92	46	4
2256	0.92	46	4
2257	0.92	46	4
2258	0.92	46	4
2259	0.92	46	4
2260	0.92	46	4
2261	0.92	46	4
2262	0.92	46	4
2263	0.92	46	4
2264	0.92	46	4
2265	0.92	46	4
2266	0.92	46	4
2267	0.92	46	4
2268	0.92	46	4
2269	0.92	46	4
2270	0.92	46	4
2271	0.92	46	4
2272	0.90	45	5
2273	0.90	45	5
2274	0.90	45	5
2275	0.90	45	5
2276	0.90	45	5
2277	0.90	45	5
2278	0.90	45	5
2279	0.90	45	5
2280	0.90	45	5
2281	0.90	45	5
2282	0.90	45	5
2283	0.90	45	5
2284	0.90	45	5
2285	0.90	45	5
2286	0.90	45	5
2287	0.90	45	5
2288	0.90	45	5
2289	0.92	46	4
2290	0.92	46	4
2291	0.94	47	3
2292	0.94	47	3
2293	0.94	47	3
2294	0.96	48	2
2295	0.96	48	2
2296	0.98	49	1
2297	0.98	49	1
2298	0.96	48	2
2299	0.96	48	2
2300	0.96	48	2
2301	0.94	47	3
2302	0.94	47	3
2303	0.94	47	3
2304	0.94	47	3
2305	0.94	47	3
2306	0.94	47	3
2307	0.94	47	3
2308	0.94	47	3
2309	0.94	47	3
2310	0.94	47	3
2311	0.94	47	3
2312	0.94	47	3
2313	0.94	47	3
2314	0.92	46	4
2315	0.92	46	4
2316	0.92	46	4
2317	0.92	46	4
2318	0.92	46	4
2319	0.92	46	4
2320	0.92	46	4
2321	0.90	45	5
2322	0.92	46	4
2323	0.90	45	5
2324	0.90	45	5
2325	0.90	45	5
2326	0.90	45	5
2327	0.90	45	5
2328	0.90	45	5
2329	0.90	45	5
2330	0.90	45	5
2331	0.90	45	5
2332	0.90	45	5
2333	0.90	45	5
2334	0.90	45	5
2335	0.90	45	5
2336	0.90	45	5
2337	0.90	45	5
2338	0.90	45	5
2339	0.88	44	6
2340	0.88	44	6
2341	0.88	44	6
2342	0.86	43	7
2343	0.84	42	8
2344	0.84	42	8
2345	0.84	42	8
2346	0.84	42	8
2347	0.82	41	9
2348	0.82	41	9
2349	0.82	41	9
2350	0.82	41	9
2351	0.84	42	8
2352	0.84	42	8
2353	0.84	42	8
2354	0.84	42	8
2355	0.84	42	8
2356	0.84	42	8
2357	0.84	42	8
2358	0.84	42	8
2359	0.82	41	9
2360	0.82	41	9
2361	0.82	41	9
2362	0.82	41	9
2363	0.82	41	9
2364	0.84	42	8
2365	0.84	42	8
2366	0.84	42	8
2367	0.82	41	9
2368	0.82	41	9
2369	0.82	41	9
2370	0.82	41	9
2371	0.84	42	8
2372	0.84	42	8
2373	0.86	43	7
2374	0.86	43	7
2375	0.86	43	7
2376	0.84	42	8
2377	0.84	42	8
2378	0.84	42	8
2379	0.84	42	8
2380	0.84	42	8
2381	0.84	42	8
2382	0.84	42	8
2383	0.84	42	8
2384	0.84	42	8
2385	0.84	42	8
2386	0.84	42	8
2387	0.84	42	8
2388	0.84	42	8
2389	0.86	43	7
2390	0.86	43	7
2391	0.86	43	7
2392	0.88	44	6
2393	0.90	45	5
2394	0.88	44	6
2395	0.88	44	6
2396	0.86	43	7
2397	0.88	44	6
2398	0.88	44	6
2399	0.88	44	6
2400	0.88	44	6
2401	0.88	44	6
2402	0.88	44	6
2403	0.88	44	6
2404	0.88	44	6
2405	0.88	44	6
2406	0.88	44	6
2407	0.88	44	6
2408	0.88	44	6
2409	0.88	44	6
2410	0.88	44	6
2411	0.88	44	6
2412	0.88	44	6
2413	0.88	44	6
2414	0.88	44	6
2415	0.88	44	6
2416	0.88	44	6
2417	0.90	45	5
2418	0.90	45	5
2419	0.90	45	5
2420	0.90	45	5
2421	0.90	45	5
2422	0.90	45	5
2423	0.90	45	5
2424	0.90	45	5
2425	0.90	45	5
2426	0.90	45	5
2427	0.90	45	5
2428	0.90	45	5
2429	0.90	45	5
2430	0.90	45	5
2431	0.90	45	5
2432	0.90	45	5
2433	0.90	45	5
2434	0.90	45	5
2435	0.90	45	5
2436	0.90	45	5
2437	0.88	44	6
2438	0.88	44	6
2439	0.88	44	6
2440	0.88	44	6
2441	0.86	43	7
2442	0.86	43	7
2443	0.86	43	7
2444	0.88	44	6
2445	0.86	43	7
2446	0.88	44	6
2447	0.88	44	6
2448	0.88	44	6
2449	0.88	44	6
2450	0.86	43	7
2451	0.86	43	7
2452	0.86	43	7
2453	0.86	43	7
2454	0.86	43	7
2455	0.86	43	7
2456	0.86	43	7
2457	0.86	43	7
2458	0.86	43	7
2459	0.88	44	6
2460	0.88	44	6
2461	0.88	44	6
2462	0.88	44	6
2463	0.88	44	6
2464	0.88	44	6
2465	0.88	44	6
2466	0.88	44	6
2467	0.88	44	6
2468	0.88	44	6
2469	0.88	44	6
2470	0.88	44	6
2471	0.88	44	6
2472	0.86	43	7
2473	0.86	43	7
2474	0.86	43	7
2475	0.86	43	7
2476	0.88	44	6
2477	0.88	44	6
2478	0.88	44	6
2479	0.88	44	6
2480	0.88	44	6
2481	0.88	44	6
2482	0.88	44	6
2483	0.88	44	6
2484	0.88	44	6
2485	0.88	44	6
2486	0.88	44	6
2487	0.90	45	5
2488	0.90	45	5
2489	0.90	45	5
2490	0.90	45	5
2491	0.92	46	4
2492	0.92	46	4
2493	0.92	46	4
2494	0.92	46	4
2495	0.94	47	3
2496	0.92	46	4
2497	0.92	46	4
2498	0.92	46	4
2499	0.90	45	5
2500	0.08	46	4
2501	0.08	46	4
2502	0.08	46	4
2503	0.10	45	5
2504	0.12	44	6
2505	0.12	44	6
2506	0.12	44	6
2507	0.12	44	6
2508	0.12	44	6
2509	0.12	44	6
2510	0.14	43	7
2511	0.16	42	8
2512	0.16	42	8
2513	0.18	41	9
2514	0.20	40	10
2515	0.20	40	10
2516	0.20	40	10
2517	0.22	39	11
2518	0.22	39	11
2519	0.24	38	12
2520	0.26	37	13
2521	0.26	37	13
2522	0.26	37	13
2523	0.26	37	13
2524	0.28	36	14
2525	0.30	35	15
2526	0.32	34	16
2527	0.32	34	16
2528	0.34	33	17
2529	0.36	32	18
2530	0.38	31	19
2531	0.40	30	20
2532	0.42	29	21
2533	0.44	28	22
2534	0.46	27	23
2535	0.48	26	24
2536	0.50	25	25
2537	0.52	24	26
2538	0.52	24	26
2539	0.54	23	27
2540	0.56	22	28
2541	0.58	21	29
2542	0.60	20	30
2543	0.60	20	30
2544	0.62	19	31
2545	0.64	18	32
2546	0.64	18	32
2547	0.66	17	33
2548	0.66	17	33
2549	0.64	18	32
2550	0.66	17	33
2551	0.68	16	34
2552	0.70	15	35
2553	0.70	15	35
2554	0.70	15	35
2555	0.70	15	35
2556	0.72	14	36
2557	0.74	13	37
2558	0.76	12	38
2559	0.76	12	38
2560	0.76	12	38
2561	0.74	13	37
2562	0.76	12	38
2563	0.76	12	38
2564	0.76	12	38
2565	0.78	11	39
2566	0.80	10	40
2567	0.80	10	40
2568	0.82	9	41
2569	0.80	10	40
2570	0.80	10	40
2571	0.82	9	41
2572	0.82	9	41
2573	0.84	8	42
2574	0.84	8	42
2575	0.84	8	42
2576	0.84	8	42
2577	0.86	7	43
2578	0.84	8	42
2579	0.84	8	42
2580	0.84	8	42
2581	0.84	8	42
2582	0.84	8	42
2583	0.82	9	41
2584	0.82	9	41
2585	0.82	9	41
2586	0.82	9	41
2587	0.82	9	41
2588	0.84	8	42
2589	0.84	8	42
2590	0.84	8	42
2591	0.84	8	42
2592	0.84	8	42
2593	0.84	8	42
2594	0.84	8	42
2595	0.84	8	42
2596	0.84	8	42
2597	0.84	8	42
2598	0.84	8	42
2599	0.86	7	43
2600	0.84	8	42
2601	0.82	9	41
2602	0.82	9	41
2603	0.82	9	41
2604	0.82	9	41
2605	0.84	8	42
2606	0.82	9	41
2607	0.80	10	40
2608	0.80	10	40
2609	0.82	9	41
2610	0.80	10	40
2611	0.82	9	41
2612	0.82	9	41
2613	0.82	9	41
2614	0.80	10	40
2615	0.80	10	40
2616	0.78	11	39
2617	0.78	11	39
2618	0.78	11	39
2619	0.80	10	40
2620	0.80	10	40
2621	0.80	10	40
2622	0.78	11	39
2623	0.78	11	39
2624	0.76	12	38
2625	0.76	12	38
2626	0.76	12	38
2627	0.76	12	38
2628	0.78	11	39
2629	0.78	11	39
2630	0.76	12	38
2631	0.76	12	38
2632	0.76	12	38
2633	0.78	11	39
2634	0.78	11	39
2635	0.78	11	39
2636	0.78	11	39
2637	0.78	11	39
2638	0.78	11	39
2639	0.78	11	39
2640	0.78	11	39
2641	0.78	11	39
2642	0.78	11	39
2643	0.80	10	40
2644	0.80	10	40
2645	0.80	10	40
2646	0.80	10	40
2647	0.80	10	40
2648	0.80	10	40
2649	0.80	10	40
2650	0.80	10	40
2651	0.82	9	41
2652	0.82	9	41
2653	0.82	9	41
2654	0.80	10	40
2655	0.80	10	40
2656	0.80	10	40
2657	0.80	10	40
2658	0.80	10	40
2659	0.80	10	40
2660	0.80	10	40
2661	0.80	10	40
2662	0.80	10	40
2663	0.80	10	40
2664	0.82	9	41
2665	0.82	9	41
2666	0.84	8	42
2667	0.84	8	42
2668	0.84	8	42
2669	0.84	8	42
2670	0.84	8	42
2671	0.84	8	42
2672	0.86	7	43
2673	0.86	7	43
2674	0.88	6	44
2675	0.86	7	43
2676	0.86	7	43
2677	0.84	8	42
2678	0.84	8	42
2679	0.84	8	42
2680	0.86	7	43
2681	0.86	7	43
2682	0.86	7	43
2683	0.86	7	43
2684	0.86	7	43
2685	0.86	7	43
2686	0.86	7	43
2687	0.86	7	43
2688	0.86	7	43
2689	0.86	7	43
2690	0.86	7	43
2691	0.86	7	43
2692	0.86	7	43
2693	0.86	7	43
2694	0.86	7	43
2695	0.86	7	43
2696	0.84	8	42
2697	0.84	8	42
2698	0.84	8	42
2699	0.84	8	42
2700	0.86	7	43
2701	0.86	7	43
2702	0.86	7	43
2703	0.86	7	43
2704	0.88	6	44
2705	0.88	6	44
2706	0.88	6	44
2707	0.90	5	45
2708	0.90	5	45
2709	0.90	5	45
2710	0.92	4	46
2711	0.90	5	45
2712	0.88	6	44
2713	0.88	6	44
2714	0.88	6	44
2715	0.88	6	44
2716	0.88	6	44
2717	0.86	7	43
2718	0.84	8	42
2719	0.82	9	41
2720	0.82	9	41
2721	0.82	9	41
2722	0.82	9	41
2723	0.82	9	41
2724	0.82	9	41
2725	0.84	8	42
2726	0.84	8	42
2727	0.86	7	43
2728	0.86	7	43
2729	0.86	7	43
2730	0.86	7	43
2731	0.86	7	43
2732	0.86	7	43
2733	0.86	7	43
2734	0.84	8	42
2735	0.84	8	42
2736	0.84	8	42
2737	0.84	8	42
2738	0.82	9	41
2739	0.82	9	41
2740	0.80	10	40
2741	0.78	11	39
2742	0.78	11	39
2743	0.78	11	39
2744	0.76	12	38
2745	0.76	12	38
2746	0.78	11	39
2747	0.78	11	39
2748	0.78	11	39
2749	0.78	11	39
2750	0.78	11	39
2751	0.78	11	39
2752	0.78	11	39
2753	0.78	11	39
2754	0.78	11	39
2755	0.78	11	39
2756	0.80	10	40
2757	0.78	11	39
2758	0.78	11	39
2759	0.78	11	39
2760	0.78	11	39
2761	0.80	10	40
2762	0.82	9	41
2763	0.82	9	41
2764	0.80	10	40
2765	0.80	10	40
2766	0.80	10	40
2767	0.82	9	41
2768	0.84	8	42
2769	0.84	8	42
2770	0.84	8	42
2771	0.84	8	42
2772	0.82	9	41
2773	0.82	9	41
2774	0.82	9	41
2775	0.82	9	41
2776	0.82	9	41
2777	0.82	9	41
2778	0.82	9	41
2779	0.82	9	41
2780	0.82	9	41
2781	0.82	9	41
2782	0.82	9	41
2783	0.82	9	41
2784	0.84	8	42
2785	0.84	8	42
2786	0.84	8	42
2787	0.84	8	42
2788	0.86	7	43
2789	0.86	7	43
2790	0.88	6	44
2791	0.90	5	45
2792	0.90	5	45
2793	0.90	5	45
2794	0.92	4	46
2795	0.92	4	46
2796	0.92	4	46
2797	0.92	4	46
2798	0.92	4	46
2799	0.92	4	46
2800	0.92	4	46
2801	0.92	4	46
2802	0.90	5	45
2803	0.90	5	45
2804	0.88	6	44
2805	0.88	6	44
2806	0.88	6	44
2807	0.90	5	45
2808	0.90	5	45
2809	0.90	5	45
2810	0.90	5	45
2811	0.90	5	45
2812	0.90	5	45
2813	0.90	5	45
2814	0.92	4	46
2815	0.90	5	45
2816	0.90	5	45
2817	0.90	5	45
2818	0.90	5	45
2819	0.92	4	46
2820	0.92	4	46
2821	0.92	4	46
2822	0.94	3	47
2823	0.94	3	47
2824	0.92	4	46
2825	0.92	4	46
2826	0.90	5	45
2827	0.90	5	45
2828	0.90	5	45
2829	0.90	5	45
2830	0.90	5	45
2831	0.88	6	44
2832	0.88	6	44
2833	0.88	6	44
2834	0.88	6	44
2835	0.86	7	43
2836	0.86	7	43
2837	0.86	7	43
2838	0.86	7	43
2839	0.84	8	42
2840	0.84	8	42
2841	0.84	8	42
2842	0.82	9	41
2843	0.82	9	41
2844	0.82	9	41
2845	0.82	9	41
2846	0.82	9	41
2847	0.82	9	41
2848	0.82	9	41
2849	0.82	9	41
2850	0.82	9	41
2851	0.82	9	41
2852	0.84	8	42
2853	0.84	8	42
2854	0.86	7	43
2855	0.86	7	43
2856	0.86	7	43
2857	0.86	7	43
2858	0.84	8	42
2859	0.82	9	41
2860	0.82	9	41
2861	0.82	9	41
2862	0.82	9	41
2863	0.82	9	41
2864	0.82	9	41
2865	0.82	9	41
2866	0.82	9	41
2867	0.82	9	41
2868	0.82	9	41
2869	0.82	9	41
2870	0.82	9	41
2871	0.82	9	41
2872	0.82	9	41
2873	0.82	9	41
2874	0.84	8	42
2875	0.84	8	42
2876	0.86	7	43
2877	0.86	7	43
2878	0.86	7	43
2879	0.86	7	43
2880	0.84	8	42
2881	0.86	7	43
2882	0.86	7	43
2883	0.86	7	43
2884	0.86	7	43
2885	0.88	6	44
2886	0.88	6	44
2887	0.88	6	44
2888	0.88	6	44
2889	0.90	5	45
2890	0.90	5	45
2891	0.90	5	45
2892	0.92	4	46
2893	0.92	4	46
2894	0.92	4	46
2895	0.90	5	45
2896	0.88	6	44
2897	0.86	7	43
2898	0.86	7	43
2899	0.86	7	43
2900	0.86	7	43
2901	0.86	7	43
2902	0.86	7	43
2903	0.86	7	43
2904	0.86	7	43
2905	0.86	7	43
2906	0.84	8	42
2907	0.84	8	42
2908	0.86	7	43
2909	0.88	6	44
2910	0.88	6	44
2911	0.88	6	44
2912	0.86	7	43
2913	0.84	8	42
2914	0.84	8	42
2915	0.86	7	43
2916	0.86	7	43
2917	0.86	7	43
2918	0.84	8	42
2919	0.84	8	42
2920	0.84	8	42
2921	0.84	8	42
2922	0.82	9	41
2923	0.82	9	41
2924	0.80	10	40
2925	0.80	10	40
2926	0.80	10	40
2927	0.80	10	40
2928	0.80	10	40
2929	0.80	10	40
2930	0.82	9	41
2931	0.82	9	41
2932	0.82	9	41
2933	0.82	9	41
2934	0.82	9	41
2935	0.82	9	41
2936	0.82	9	41
2937	0.82	9	41
2938	0.82	9	41
2939	0.82	9	41
2940	0.82	9	41
2941	0.82	9	41
2942	0.82	9	41
2943	0.82	9	41
2944	0.82	9	41
2945	0.84	8	42
2946	0.86	7	43
2947	0.88	6	44
2948	0.88	6	44
2949	0.88	6	44
2950	0.88	6	44
2951	0.88	6	44
2952	0.88	6	44
2953	0.88	6	44
2954	0.88	6	44
2955	0.88	6	44
2956	0.90	5	45
2957	0.90	5	45
2958	0.90	5	45
2959	0.90	5	45
2960	0.90	5	45
2961	0.90	5	45
2962	0.92	4	46
2963	0.94	3	47
2964	0.94	3	47
2965	0.94	3	47
2966	0.94	3	47
2967	0.94	3	47
2968	0.96	2	48
2969	0.96	2	48
2970	0.96	2	48
2971	0.96	2	48
2972	0.98	1	49
2973	0.98	1	49
2974	1.00	0	50
2975	0.98	1	49
2976	0.98	1	49
2977	0.96	2	48
2978	0.96	2	48
2979	0.96	2	48
2980	0.94	3	47
2981	0.94	3	47
2982	0.94	3	47
2983	0.94	3	47
2984	0.94	3	47
2985	0.92	4	46
2986	0.92	4	46
2987	0.92	4	46
2988	0.92	4	46
2989	0.92	4	46
2990	0.92	4	46
2991	0.92	4	46
2992	0.92	4	46
2993	0.92	4	46
2994	0.92	4	46
2995	0.92	4	46
2996	0.92	4	46
2997	0.92	4	46
2998	0.92	4	46
2999	0.92	4	46
