timestep	swarm_quality	color_0	color_1
0	0.70	35	15
1	0.70	35	15
2	0.70	35	15
3	0.70	35	15
4	0.70	35	15
5	0.70	35	15
6	0.68	34	16
7	0.66	33	17
8	0.64	32	18
9	0.64	32	18
10	0.62	31	19
11	0.62	31	19
12	0.62	31	19
13	0.60	30	20
14	0.58	29	21
15	0.58	29	21
16	0.58	29	21
17	0.58	29	21
18	0.58	29	21
19	0.58	29	21
20	0.56	28	22
21	0.56	28	22
22	0.56	28	22
23	0.56	28	22
24	0.54	27	23
25	0.54	27	23
26	0.54	27	23
27	0.54	27	23
28	0.54	27	23
29	0.52	26	24
30	0.52	26	24
31	0.52	26	24
32	0.52	26	24
33	0.52	26	24
34	0.50	25	25
35	0.52	26	24
36	0.54	27	23
37	0.56	28	22
38	0.58	29	21
39	0.60	30	20
40	0.62	31	19
41	0.64	32	18
42	0.66	33	17
43	0.68	34	16
44	0.70	35	15
45	0.72	36	14
46	0.74	37	13
47	0.76	38	12
48	0.78	39	11
49	0.80	40	10
50	0.80	40	10
51	0.80	40	10
52	0.80	40	10
53	0.80	40	10
54	0.78	39	11
55	0.78	39	11
56	0.80	40	10
57	0.82	41	9
58	0.84	42	8
59	0.84	42	8
60	0.84	42	8
61	0.84	42	8
62	0.84	42	8
63	0.86	43	7
64	0.88	44	6
65	0.88	44	6
66	0.86	43	7
67	0.86	43	7
68	0.86	43	7
69	0.86	43	7
70	0.88	44	6
71	0.88	44	6
72	0.88	44	6
73	0.88	44	6
74	0.90	45	5
75	0.90	45	5
76	0.90	45	5
77	0.88	44	6
78	0.86	43	7
79	0.86	43	7
80	0.86	43	7
81	0.86	43	7
82	0.86	43	7
83	0.86	43	7
84	0.88	44	6
85	0.88	44	6
86	0.88	44	6
87	0.88	44	6
88	0.86	43	7
89	0.86	43	7
90	0.86	43	7
91	0.84	42	8
92	0.84	42	8
93	0.84	42	8
94	0.84	42	8
95	0.84	42	8
96	0.82	41	9
97	0.80	40	10
98	0.80	40	10
99	0.80	40	10
100	0.80	40	10
101	0.78	39	11
102	0.78	39	11
103	0.78	39	11
104	0.78	39	11
105	0.78	39	11
106	0.78	39	11
107	0.78	39	11
108	0.78	39	11
109	0.78	39	11
110	0.80	40	10
111	0.78	39	11
112	0.78	39	11
113	0.78	39	11
114	0.76	38	12
115	0.74	37	13
116	0.74	37	13
117	0.74	37	13
118	0.74	37	13
119	0.72	36	14
120	0.70	35	15
121	0.68	34	16
122	0.68	34	16
123	0.68	34	16
124	0.68	34	16
125	0.68	34	16
126	0.68	34	16
127	0.68	34	16
128	0.70	35	15
129	0.72	36	14
130	0.70	35	15
131	0.70	35	15
132	0.70	35	15
133	0.70	35	15
134	0.70	35	15
135	0.70	35	15
136	0.68	34	16
137	0.68	34	16
138	0.70	35	15
139	0.70	35	15
140	0.68	34	16
141	0.68	34	16
142	0.68	34	16
143	0.68	34	16
144	0.66	33	17
145	0.66	33	17
146	0.68	34	16
147	0.70	35	15
148	0.70	35	15
149	0.70	35	15
150	0.68	34	16
151	0.70	35	15
152	0.68	34	16
153	0.68	34	16
154	0.70	35	15
155	0.70	35	15
156	0.70	35	15
157	0.70	35	15
158	0.70	35	15
159	0.70	35	15
160	0.68	34	16
161	0.70	35	15
162	0.70	35	15
163	0.70	35	15
164	0.72	36	14
165	0.74	37	13
166	0.76	38	12
167	0.76	38	12
168	0.76	38	12
169	0.78	39	11
170	0.80	40	10
171	0.82	41	9
172	0.80	40	10
173	0.80	40	10
174	0.80	40	10
175	0.80	40	10
176	0.80	40	10
177	0.82	41	9
178	0.82	41	9
179	0.80	40	10
180	0.82	41	9
181	0.82	41	9
182	0.82	41	9
183	0.80	40	10
184	0.80	40	10
185	0.78	39	11
186	0.80	40	10
187	0.80	40	10
188	0.80	40	10
189	0.80	40	10
190	0.80	40	10
191	0.82	41	9
192	0.82	41	9
193	0.82	41	9
194	0.84	42	8
195	0.82	41	9
196	0.82	41	9
197	0.82	41	9
198	0.82	41	9
199	0.82	41	9
200	0.84	42	8
201	0.84	42	8
202	0.86	43	7
203	0.86	43	7
204	0.86	43	7
205	0.86	43	7
206	0.86	43	7
207	0.86	43	7
208	0.86	43	7
209	0.86	43	7
210	0.88	44	6
211	0.88	44	6
212	0.88	44	6
213	0.88	44	6
214	0.88	44	6
215	0.88	44	6
216	0.88	44	6
217	0.88	44	6
218	0.88	44	6
219	0.88	44	6
220	0.88	44	6
221	0.88	44	6
222	0.90	45	5
223	0.90	45	5
224	0.90	45	5
225	0.90	45	5
226	0.90	45	5
227	0.90	45	5
228	0.90	45	5
229	0.92	46	4
230	0.92	46	4
231	0.92	46	4
232	0.92	46	4
233	0.94	47	3
234	0.94	47	3
235	0.96	48	2
236	0.96	48	2
237	0.96	48	2
238	0.96	48	2
239	0.96	48	2
240	0.98	49	1
241	0.98	49	1
242	0.96	48	2
243	0.96	48	2
244	0.96	48	2
245	0.98	49	1
246	0.98	49	1
247	0.98	49	1
248	0.98	49	1
249	0.98	49	1
250	0.96	48	2
251	0.96	48	2
252	0.96	48	2
253	0.96	48	2
254	0.96	48	2
255	0.96	48	2
256	0.96	48	2
257	0.96	48	2
258	0.96	48	2
259	0.96	48	2
260	0.96	48	2
261	0.96	48	2
262	0.96	48	2
263	0.96	48	2
264	0.96	48	2
265	0.96	48	2
266	0.96	48	2
267	0.96	48	2
268	0.94	47	3
269	0.94	47	3
270	0.94	47	3
271	0.94	47	3
272	0.94	47	3
273	0.92	46	4
274	0.92	46	4
275	0.92	46	4
276	0.92	46	4
277	0.90	45	5
278	0.90	45	5
279	0.90	45	5
280	0.90	45	5
281	0.90	45	5
282	0.90	45	5
283	0.90	45	5
284	0.90	45	5
285	0.90	45	5
286	0.90	45	5
287	0.90	45	5
288	0.88	44	6
289	0.88	44	6
290	0.88	44	6
291	0.88	44	6
292	0.90	45	5
293	0.90	45	5
294	0.90	45	5
295	0.90	45	5
296	0.90	45	5
297	0.90	45	5
298	0.90	45	5
299	0.90	45	5
300	0.92	46	4
301	0.92	46	4
302	0.92	46	4
303	0.92	46	4
304	0.92	46	4
305	0.92	46	4
306	0.92	46	4
307	0.92	46	4
308	0.92	46	4
309	0.92	46	4
310	0.92	46	4
311	0.92	46	4
312	0.92	46	4
313	0.92	46	4
314	0.92	46	4
315	0.92	46	4
316	0.92	46	4
317	0.92	46	4
318	0.94	47	3
319	0.92	46	4
320	0.92	46	4
321	0.92	46	4
322	0.92	46	4
323	0.94	47	3
324	0.94	47	3
325	0.94	47	3
326	0.94	47	3
327	0.96	48	2
328	0.96	48	2
329	0.96	48	2
330	0.94	47	3
331	0.94	47	3
332	0.92	46	4
333	0.90	45	5
334	0.90	45	5
335	0.90	45	5
336	0.90	45	5
337	0.90	45	5
338	0.92	46	4
339	0.92	46	4
340	0.92	46	4
341	0.92	46	4
342	0.92	46	4
343	0.92	46	4
344	0.92	46	4
345	0.92	46	4
346	0.90	45	5
347	0.90	45	5
348	0.90	45	5
349	0.90	45	5
350	0.90	45	5
351	0.90	45	5
352	0.90	45	5
353	0.90	45	5
354	0.90	45	5
355	0.88	44	6
356	0.88	44	6
357	0.88	44	6
358	0.88	44	6
359	0.88	44	6
360	0.86	43	7
361	0.84	42	8
362	0.84	42	8
363	0.82	41	9
364	0.82	41	9
365	0.82	41	9
366	0.82	41	9
367	0.82	41	9
368	0.80	40	10
369	0.80	40	10
370	0.80	40	10
371	0.78	39	11
372	0.78	39	11
373	0.78	39	11
374	0.76	38	12
375	0.76	38	12
376	0.76	38	12
377	0.76	38	12
378	0.76	38	12
379	0.74	37	13
380	0.76	38	12
381	0.76	38	12
382	0.78	39	11
383	0.80	40	10
384	0.80	40	10
385	0.78	39	11
386	0.78	39	11
387	0.76	38	12
388	0.76	38	12
389	0.76	38	12
390	0.74	37	13
391	0.74	37	13
392	0.72	36	14
393	0.72	36	14
394	0.72	36	14
395	0.72	36	14
396	0.72	36	14
397	0.70	35	15
398	0.70	35	15
399	0.70	35	15
400	0.70	35	15
401	0.68	34	16
402	0.68	34	16
403	0.68	34	16
404	0.68	34	16
405	0.70	35	15
406	0.70	35	15
407	0.70	35	15
408	0.70	35	15
409	0.70	35	15
410	0.70	35	15
411	0.72	36	14
412	0.72	36	14
413	0.74	37	13
414	0.74	37	13
415	0.74	37	13
416	0.74	37	13
417	0.74	37	13
418	0.76	38	12
419	0.76	38	12
420	0.76	38	12
421	0.78	39	11
422	0.78	39	11
423	0.76	38	12
424	0.78	39	11
425	0.78	39	11
426	0.78	39	11
427	0.78	39	11
428	0.78	39	11
429	0.80	40	10
430	0.80	40	10
431	0.80	40	10
432	0.80	40	10
433	0.80	40	10
434	0.80	40	10
435	0.82	41	9
436	0.82	41	9
437	0.84	42	8
438	0.84	42	8
439	0.82	41	9
440	0.84	42	8
441	0.84	42	8
442	0.86	43	7
443	0.86	43	7
444	0.86	43	7
445	0.86	43	7
446	0.88	44	6
447	0.90	45	5
448	0.90	45	5
449	0.90	45	5
450	0.90	45	5
451	0.92	46	4
452	0.92	46	4
453	0.92	46	4
454	0.90	45	5
455	0.90	45	5
456	0.90	45	5
457	0.90	45	5
458	0.90	45	5
459	0.90	45	5
460	0.92	46	4
461	0.90	45	5
462	0.90	45	5
463	0.90	45	5
464	0.90	45	5
465	0.90	45	5
466	0.90	45	5
467	0.90	45	5
468	0.90	45	5
469	0.92	46	4
470	0.92	46	4
471	0.92	46	4
472	0.92	46	4
473	0.94	47	3
474	0.94	47	3
475	0.94	47	3
476	0.92	46	4
477	0.92	46	4
478	0.90	45	5
479	0.90	45	5
480	0.90	45	5
481	0.90	45	5
482	0.90	45	5
483	0.90	45	5
484	0.90	45	5
485	0.90	45	5
486	0.90	45	5
487	0.90	45	5
488	0.90	45	5
489	0.92	46	4
490	0.90	45	5
491	0.90	45	5
492	0.90	45	5
493	0.90	45	5
494	0.90	45	5
495	0.90	45	5
496	0.90	45	5
497	0.90	45	5
498	0.90	45	5
499	0.90	45	5
500	0.12	44	6
501	0.12	44	6
502	0.14	43	7
503	0.14	43	7
504	0.12	44	6
505	0.14	43	7
506	0.16	42	8
507	0.16	42	8
508	0.18	41	9
509	0.20	40	10
510	0.22	39	11
511	0.20	40	10
512	0.20	40	10
513	0.20	40	10
514	0.22	39	11
515	0.24	38	12
516	0.24	38	12
517	0.26	37	13
518	0.28	36	14
519	0.30	35	15
520	0.32	34	16
521	0.34	33	17
522	0.36	32	18
523	0.36	32	18
524	0.38	31	19
525	0.38	31	19
526	0.36	32	18
527	0.38	31	19
528	0.38	31	19
529	0.38	31	19
530	0.40	30	20
531	0.40	30	20
532	0.42	29	21
533	0.44	28	22
534	0.46	27	23
535	0.48	26	24
536	0.50	25	25
537	0.50	25	25
538	0.52	24	26
539	0.52	24	26
540	0.52	24	26
541	0.54	23	27
542	0.56	22	28
543	0.58	21	29
544	0.60	20	30
545	0.62	19	31
546	0.64	18	32
547	0.66	17	33
548	0.68	16	34
549	0.68	16	34
550	0.68	16	34
551	0.70	15	35
552	0.70	15	35
553	0.72	14	36
554	0.74	13	37
555	0.74	13	37
556	0.74	13	37
557	0.76	12	38
558	0.76	12	38
559	0.76	12	38
560	0.76	12	38
561	0.78	11	39
562	0.80	10	40
563	0.82	9	41
564	0.82	9	41
565	0.82	9	41
566	0.84	8	42
567	0.84	8	42
568	0.84	8	42
569	0.82	9	41
570	0.82	9	41
571	0.82	9	41
572	0.82	9	41
573	0.82	9	41
574	0.82	9	41
575	0.84	8	42
576	0.84	8	42
577	0.84	8	42
578	0.84	8	42
579	0.86	7	43
580	0.86	7	43
581	0.88	6	44
582	0.88	6	44
583	0.86	7	43
584	0.86	7	43
585	0.86	7	43
586	0.86	7	43
587	0.88	6	44
588	0.86	7	43
589	0.88	6	44
590	0.88	6	44
591	0.88	6	44
592	0.88	6	44
593	0.88	6	44
594	0.88	6	44
595	0.88	6	44
596	0.86	7	43
597	0.86	7	43
598	0.86	7	43
599	0.88	6	44
600	0.88	6	44
601	0.88	6	44
602	0.88	6	44
603	0.88	6	44
604	0.88	6	44
605	0.88	6	44
606	0.88	6	44
607	0.86	7	43
608	0.86	7	43
609	0.86	7	43
610	0.86	7	43
611	0.86	7	43
612	0.86	7	43
613	0.84	8	42
614	0.84	8	42
615	0.84	8	42
616	0.84	8	42
617	0.84	8	42
618	0.84	8	42
619	0.86	7	43
620	0.86	7	43
621	0.86	7	43
622	0.86	7	43
623	0.88	6	44
624	0.86	7	43
625	0.84	8	42
626	0.86	7	43
627	0.86	7	43
628	0.86	7	43
629	0.86	7	43
630	0.86	7	43
631	0.86	7	43
632	0.86	7	43
633	0.88	6	44
634	0.88	6	44
635	0.88	6	44
636	0.88	6	44
637	0.88	6	44
638	0.90	5	45
639	0.90	5	45
640	0.88	6	44
641	0.88	6	44
642	0.88	6	44
643	0.88	6	44
644	0.88	6	44
645	0.88	6	44
646	0.90	5	45
647	0.90	5	45
648	0.90	5	45
649	0.90	5	45
650	0.90	5	45
651	0.90	5	45
652	0.88	6	44
653	0.88	6	44
654	0.88	6	44
655	0.88	6	44
656	0.88	6	44
657	0.90	5	45
658	0.90	5	45
659	0.90	5	45
660	0.90	5	45
661	0.90	5	45
662	0.90	5	45
663	0.92	4	46
664	0.92	4	46
665	0.92	4	46
666	0.92	4	46
667	0.92	4	46
668	0.92	4	46
669	0.92	4	46
670	0.90	5	45
671	0.90	5	45
672	0.90	5	45
673	0.90	5	45
674	0.90	5	45
675	0.92	4	46
676	0.92	4	46
677	0.92	4	46
678	0.92	4	46
679	0.92	4	46
680	0.92	4	46
681	0.92	4	46
682	0.92	4	46
683	0.92	4	46
684	0.92	4	46
685	0.92	4	46
686	0.90	5	45
687	0.90	5	45
688	0.88	6	44
689	0.88	6	44
690	0.90	5	45
691	0.90	5	45
692	0.90	5	45
693	0.90	5	45
694	0.90	5	45
695	0.88	6	44
696	0.88	6	44
697	0.86	7	43
698	0.86	7	43
699	0.86	7	43
700	0.86	7	43
701	0.86	7	43
702	0.88	6	44
703	0.88	6	44
704	0.88	6	44
705	0.88	6	44
706	0.88	6	44
707	0.88	6	44
708	0.88	6	44
709	0.88	6	44
710	0.88	6	44
711	0.88	6	44
712	0.88	6	44
713	0.88	6	44
714	0.88	6	44
715	0.88	6	44
716	0.88	6	44
717	0.88	6	44
718	0.88	6	44
719	0.88	6	44
720	0.88	6	44
721	0.88	6	44
722	0.86	7	43
723	0.84	8	42
724	0.84	8	42
725	0.82	9	41
726	0.82	9	41
727	0.82	9	41
728	0.82	9	41
729	0.82	9	41
730	0.82	9	41
731	0.82	9	41
732	0.82	9	41
733	0.82	9	41
734	0.82	9	41
735	0.82	9	41
736	0.84	8	42
737	0.84	8	42
738	0.86	7	43
739	0.86	7	43
740	0.86	7	43
741	0.86	7	43
742	0.86	7	43
743	0.86	7	43
744	0.86	7	43
745	0.86	7	43
746	0.86	7	43
747	0.88	6	44
748	0.88	6	44
749	0.88	6	44
750	0.88	6	44
751	0.88	6	44
752	0.88	6	44
753	0.88	6	44
754	0.88	6	44
755	0.88	6	44
756	0.88	6	44
757	0.86	7	43
758	0.86	7	43
759	0.86	7	43
760	0.84	8	42
761	0.82	9	41
762	0.82	9	41
763	0.82	9	41
764	0.82	9	41
765	0.80	10	40
766	0.80	10	40
767	0.78	11	39
768	0.78	11	39
769	0.78	11	39
770	0.80	10	40
771	0.80	10	40
772	0.82	9	41
773	0.84	8	42
774	0.86	7	43
775	0.88	6	44
776	0.86	7	43
777	0.86	7	43
778	0.84	8	42
779	0.84	8	42
780	0.84	8	42
781	0.84	8	42
782	0.84	8	42
783	0.84	8	42
784	0.84	8	42
785	0.84	8	42
786	0.84	8	42
787	0.84	8	42
788	0.84	8	42
789	0.84	8	42
790	0.84	8	42
791	0.82	9	41
792	0.82	9	41
793	0.82	9	41
794	0.82	9	41
795	0.84	8	42
796	0.84	8	42
797	0.84	8	42
798	0.84	8	42
799	0.84	8	42
800	0.84	8	42
801	0.84	8	42
802	0.84	8	42
803	0.84	8	42
804	0.84	8	42
805	0.84	8	42
806	0.84	8	42
807	0.86	7	43
808	0.86	7	43
809	0.86	7	43
810	0.88	6	44
811	0.90	5	45
812	0.90	5	45
813	0.88	6	44
814	0.88	6	44
815	0.90	5	45
816	0.90	5	45
817	0.92	4	46
818	0.90	5	45
819	0.90	5	45
820	0.90	5	45
821	0.90	5	45
822	0.90	5	45
823	0.90	5	45
824	0.90	5	45
825	0.90	5	45
826	0.92	4	46
827	0.90	5	45
828	0.92	4	46
829	0.92	4	46
830	0.92	4	46
831	0.92	4	46
832	0.92	4	46
833	0.92	4	46
834	0.92	4	46
835	0.92	4	46
836	0.92	4	46
837	0.92	4	46
838	0.92	4	46
839	0.92	4	46
840	0.92	4	46
841	0.94	3	47
842	0.94	3	47
843	0.94	3	47
844	0.92	4	46
845	0.92	4	46
846	0.92	4	46
847	0.92	4	46
848	0.92	4	46
849	0.92	4	46
850	0.92	4	46
851	0.92	4	46
852	0.92	4	46
853	0.92	4	46
854	0.92	4	46
855	0.92	4	46
856	0.92	4	46
857	0.92	4	46
858	0.90	5	45
859	0.90	5	45
860	0.90	5	45
861	0.90	5	45
862	0.90	5	45
863	0.92	4	46
864	0.92	4	46
865	0.92	4	46
866	0.92	4	46
867	0.92	4	46
868	0.94	3	47
869	0.94	3	47
870	0.94	3	47
871	0.94	3	47
872	0.94	3	47
873	0.94	3	47
874	0.94	3	47
875	0.94	3	47
876	0.94	3	47
877	0.96	2	48
878	0.96	2	48
879	0.96	2	48
880	0.94	3	47
881	0.92	4	46
882	0.92	4	46
883	0.92	4	46
884	0.92	4	46
885	0.92	4	46
886	0.92	4	46
887	0.92	4	46
888	0.92	4	46
889	0.92	4	46
890	0.92	4	46
891	0.92	4	46
892	0.92	4	46
893	0.92	4	46
894	0.94	3	47
895	0.94	3	47
896	0.94	3	47
897	0.94	3	47
898	0.94	3	47
899	0.94	3	47
900	0.94	3	47
901	0.94	3	47
902	0.94	3	47
903	0.94	3	47
904	0.94	3	47
905	0.94	3	47
906	0.94	3	47
907	0.94	3	47
908	0.96	2	48
909	0.96	2	48
910	0.96	2	48
911	0.94	3	47
912	0.94	3	47
913	0.94	3	47
914	0.94	3	47
915	0.94	3	47
916	0.94	3	47
917	0.94	3	47
918	0.94	3	47
919	0.94	3	47
920	0.94	3	47
921	0.94	3	47
922	0.94	3	47
923	0.94	3	47
924	0.94	3	47
925	0.94	3	47
926	0.92	4	46
927	0.92	4	46
928	0.92	4	46
929	0.92	4	46
930	0.94	3	47
931	0.96	2	48
932	0.94	3	47
933	0.94	3	47
934	0.94	3	47
935	0.92	4	46
936	0.90	5	45
937	0.90	5	45
938	0.90	5	45
939	0.90	5	45
940	0.90	5	45
941	0.90	5	45
942	0.90	5	45
943	0.90	5	45
944	0.90	5	45
945	0.90	5	45
946	0.90	5	45
947	0.90	5	45
948	0.90	5	45
949	0.90	5	45
950	0.90	5	45
951	0.90	5	45
952	0.90	5	45
953	0.90	5	45
954	0.88	6	44
955	0.88	6	44
956	0.88	6	44
957	0.88	6	44
958	0.88	6	44
959	0.86	7	43
960	0.86	7	43
961	0.88	6	44
962	0.88	6	44
963	0.88	6	44
964	0.88	6	44
965	0.88	6	44
966	0.88	6	44
967	0.88	6	44
968	0.88	6	44
969	0.88	6	44
970	0.88	6	44
971	0.88	6	44
972	0.88	6	44
973	0.88	6	44
974	0.88	6	44
975	0.86	7	43
976	0.88	6	44
977	0.88	6	44
978	0.88	6	44
979	0.88	6	44
980	0.88	6	44
981	0.88	6	44
982	0.88	6	44
983	0.88	6	44
984	0.88	6	44
985	0.90	5	45
986	0.92	4	46
987	0.92	4	46
988	0.92	4	46
989	0.92	4	46
990	0.92	4	46
991	0.92	4	46
992	0.92	4	46
993	0.92	4	46
994	0.92	4	46
995	0.92	4	46
996	0.92	4	46
997	0.90	5	45
998	0.90	5	45
999	0.90	5	45
1000	0.10	5	45
1001	0.12	6	44
1002	0.14	7	43
1003	0.16	8	42
1004	0.16	8	42
1005	0.18	9	41
1006	0.20	10	40
1007	0.20	10	40
1008	0.22	11	39
1009	0.20	10	40
1010	0.22	11	39
1011	0.24	12	38
1012	0.26	13	37
1013	0.26	13	37
1014	0.28	14	36
1015	0.28	14	36
1016	0.30	15	35
1017	0.32	16	34
1018	0.34	17	33
1019	0.34	17	33
1020	0.36	18	32
1021	0.36	18	32
1022	0.38	19	31
1023	0.40	20	30
1024	0.42	21	29
1025	0.42	21	29
1026	0.44	22	28
1027	0.46	23	27
1028	0.48	24	26
1029	0.48	24	26
1030	0.50	25	25
1031	0.52	26	24
1032	0.50	25	25
1033	0.52	26	24
1034	0.52	26	24
1035	0.54	27	23
1036	0.56	28	22
1037	0.58	29	21
1038	0.58	29	21
1039	0.60	30	20
1040	0.62	31	19
1041	0.64	32	18
1042	0.66	33	17
1043	0.68	34	16
1044	0.70	35	15
1045	0.72	36	14
1046	0.74	37	13
1047	0.74	37	13
1048	0.76	38	12
1049	0.78	39	11
1050	0.80	40	10
1051	0.80	40	10
1052	0.80	40	10
1053	0.80	40	10
1054	0.80	40	10
1055	0.80	40	10
1056	0.80	40	10
1057	0.82	41	9
1058	0.82	41	9
1059	0.84	42	8
1060	0.84	42	8
1061	0.82	41	9
1062	0.82	41	9
1063	0.84	42	8
1064	0.84	42	8
1065	0.86	43	7
1066	0.86	43	7
1067	0.86	43	7
1068	0.86	43	7
1069	0.86	43	7
1070	0.86	43	7
1071	0.88	44	6
1072	0.88	44	6
1073	0.88	44	6
1074	0.88	44	6
1075	0.88	44	6
1076	0.88	44	6
1077	0.86	43	7
1078	0.86	43	7
1079	0.88	44	6
1080	0.88	44	6
1081	0.88	44	6
1082	0.90	45	5
1083	0.90	45	5
1084	0.92	46	4
1085	0.92	46	4
1086	0.92	46	4
1087	0.92	46	4
1088	0.94	47	3
1089	0.94	47	3
1090	0.94	47	3
1091	0.94	47	3
1092	0.94	47	3
1093	0.94	47	3
1094	0.94	47	3
1095	0.94	47	3
1096	0.94	47	3
1097	0.94	47	3
1098	0.94	47	3
1099	0.92	46	4
1100	0.92	46	4
1101	0.92	46	4
1102	0.92	46	4
1103	0.92	46	4
1104	0.92	46	4
1105	0.92	46	4
1106	0.92	46	4
1107	0.92	46	4
1108	0.92	46	4
1109	0.92	46	4
1110	0.92	46	4
1111	0.94	47	3
1112	0.94	47	3
1113	0.94	47	3
1114	0.94	47	3
1115	0.94	47	3
1116	0.94	47	3
1117	0.94	47	3
1118	0.94	47	3
1119	0.96	48	2
1120	0.96	48	2
1121	0.96	48	2
1122	0.96	48	2
1123	0.96	48	2
1124	0.96	48	2
1125	0.96	48	2
1126	0.96	48	2
1127	0.98	49	1
1128	0.98	49	1
1129	0.98	49	1
1130	0.96	48	2
1131	0.96	48	2
1132	0.96	48	2
1133	0.96	48	2
1134	0.96	48	2
1135	0.96	48	2
1136	0.94	47	3
1137	0.94	47	3
1138	0.94	47	3
1139	0.94	47	3
1140	0.94	47	3
1141	0.94	47	3
1142	0.94	47	3
1143	0.94	47	3
1144	0.94	47	3
1145	0.94	47	3
1146	0.94	47	3
1147	0.94	47	3
1148	0.94	47	3
1149	0.96	48	2
1150	0.96	48	2
1151	0.94	47	3
1152	0.94	47	3
1153	0.92	46	4
1154	0.92	46	4
1155	0.92	46	4
1156	0.92	46	4
1157	0.92	46	4
1158	0.92	46	4
1159	0.92	46	4
1160	0.92	46	4
1161	0.92	46	4
1162	0.92	46	4
1163	0.90	45	5
1164	0.90	45	5
1165	0.90	45	5
1166	0.90	45	5
1167	0.90	45	5
1168	0.90	45	5
1169	0.90	45	5
1170	0.90	45	5
1171	0.90	45	5
1172	0.90	45	5
1173	0.90	45	5
1174	0.90	45	5
1175	0.88	44	6
1176	0.88	44	6
1177	0.86	43	7
1178	0.86	43	7
1179	0.86	43	7
1180	0.88	44	6
1181	0.88	44	6
1182	0.88	44	6
1183	0.88	44	6
1184	0.88	44	6
1185	0.88	44	6
1186	0.90	45	5
1187	0.90	45	5
1188	0.90	45	5
1189	0.90	45	5
1190	0.90	45	5
1191	0.90	45	5
1192	0.90	45	5
1193	0.88	44	6
1194	0.88	44	6
1195	0.88	44	6
1196	0.88	44	6
1197	0.88	44	6
1198	0.86	43	7
1199	0.86	43	7
1200	0.86	43	7
1201	0.88	44	6
1202	0.88	44	6
1203	0.88	44	6
1204	0.88	44	6
1205	0.88	44	6
1206	0.86	43	7
1207	0.84	42	8
1208	0.84	42	8
1209	0.84	42	8
1210	0.84	42	8
1211	0.84	42	8
1212	0.84	42	8
1213	0.86	43	7
1214	0.86	43	7
1215	0.86	43	7
1216	0.86	43	7
1217	0.84	42	8
1218	0.84	42	8
1219	0.84	42	8
1220	0.84	42	8
1221	0.84	42	8
1222	0.84	42	8
1223	0.84	42	8
1224	0.84	42	8
1225	0.86	43	7
1226	0.86	43	7
1227	0.88	44	6
1228	0.88	44	6
1229	0.86	43	7
1230	0.86	43	7
1231	0.86	43	7
1232	0.86	43	7
1233	0.86	43	7
1234	0.86	43	7
1235	0.86	43	7
1236	0.86	43	7
1237	0.86	43	7
1238	0.86	43	7
1239	0.86	43	7
1240	0.84	42	8
1241	0.84	42	8
1242	0.84	42	8
1243	0.86	43	7
1244	0.86	43	7
1245	0.84	42	8
1246	0.84	42	8
1247	0.82	41	9
1248	0.82	41	9
1249	0.82	41	9
1250	0.82	41	9
1251	0.80	40	10
1252	0.80	40	10
1253	0.80	40	10
1254	0.80	40	10
1255	0.80	40	10
1256	0.82	41	9
1257	0.84	42	8
1258	0.84	42	8
1259	0.84	42	8
1260	0.84	42	8
1261	0.84	42	8
1262	0.84	42	8
1263	0.82	41	9
1264	0.82	41	9
1265	0.82	41	9
1266	0.82	41	9
1267	0.84	42	8
1268	0.84	42	8
1269	0.84	42	8
1270	0.84	42	8
1271	0.84	42	8
1272	0.84	42	8
1273	0.82	41	9
1274	0.82	41	9
1275	0.82	41	9
1276	0.82	41	9
1277	0.82	41	9
1278	0.82	41	9
1279	0.82	41	9
1280	0.82	41	9
1281	0.82	41	9
1282	0.82	41	9
1283	0.82	41	9
1284	0.82	41	9
1285	0.82	41	9
1286	0.82	41	9
1287	0.82	41	9
1288	0.82	41	9
1289	0.82	41	9
1290	0.84	42	8
1291	0.84	42	8
1292	0.84	42	8
1293	0.84	42	8
1294	0.84	42	8
1295	0.86	43	7
1296	0.86	43	7
1297	0.88	44	6
1298	0.90	45	5
1299	0.90	45	5
1300	0.90	45	5
1301	0.92	46	4
1302	0.92	46	4
1303	0.94	47	3
1304	0.92	46	4
1305	0.92	46	4
1306	0.92	46	4
1307	0.92	46	4
1308	0.92	46	4
1309	0.92	46	4
1310	0.92	46	4
1311	0.92	46	4
1312	0.92	46	4
1313	0.94	47	3
1314	0.94	47	3
1315	0.94	47	3
1316	0.94	47	3
1317	0.94	47	3
1318	0.94	47	3
1319	0.94	47	3
1320	0.94	47	3
1321	0.94	47	3
1322	0.94	47	3
1323	0.96	48	2
1324	0.96	48	2
1325	0.96	48	2
1326	0.96	48	2
1327	0.96	48	2
1328	0.96	48	2
1329	0.98	49	1
1330	0.98	49	1
1331	0.98	49	1
1332	0.96	48	2
1333	0.96	48	2
1334	0.96	48	2
1335	0.96	48	2
1336	0.96	48	2
1337	0.96	48	2
1338	0.94	47	3
1339	0.94	47	3
1340	0.94	47	3
1341	0.94	47	3
1342	0.94	47	3
1343	0.94	47	3
1344	0.94	47	3
1345	0.94	47	3
1346	0.94	47	3
1347	0.94	47	3
1348	0.94	47	3
1349	0.94	47	3
1350	0.92	46	4
1351	0.92	46	4
1352	0.92	46	4
1353	0.92	46	4
1354	0.94	47	3
1355	0.94	47	3
1356	0.94	47	3
1357	0.94	47	3
1358	0.94	47	3
1359	0.92	46	4
1360	0.92	46	4
1361	0.92	46	4
1362	0.92	46	4
1363	0.90	45	5
1364	0.90	45	5
1365	0.90	45	5
1366	0.90	45	5
1367	0.90	45	5
1368	0.90	45	5
1369	0.90	45	5
1370	0.88	44	6
1371	0.88	44	6
1372	0.88	44	6
1373	0.88	44	6
1374	0.88	44	6
1375	0.88	44	6
1376	0.88	44	6
1377	0.86	43	7
1378	0.86	43	7
1379	0.86	43	7
1380	0.86	43	7
1381	0.86	43	7
1382	0.86	43	7
1383	0.86	43	7
1384	0.86	43	7
1385	0.86	43	7
1386	0.86	43	7
1387	0.86	43	7
1388	0.88	44	6
1389	0.88	44	6
1390	0.88	44	6
1391	0.88	44	6
1392	0.88	44	6
1393	0.88	44	6
1394	0.88	44	6
1395	0.88	44	6
1396	0.88	44	6
1397	0.88	44	6
1398	0.88	44	6
1399	0.86	43	7
1400	0.88	44	6
1401	0.88	44	6
1402	0.88	44	6
1403	0.86	43	7
1404	0.86	43	7
1405	0.86	43	7
1406	0.86	43	7
1407	0.84	42	8
1408	0.84	42	8
1409	0.86	43	7
1410	0.84	42	8
1411	0.84	42	8
1412	0.84	42	8
1413	0.86	43	7
1414	0.84	42	8
1415	0.84	42	8
1416	0.84	42	8
1417	0.82	41	9
1418	0.80	40	10
1419	0.80	40	10
1420	0.82	41	9
1421	0.80	40	10
1422	0.80	40	10
1423	0.78	39	11
1424	0.78	39	11
1425	0.78	39	11
1426	0.78	39	11
1427	0.80	40	10
1428	0.80	40	10
1429	0.80	40	10
1430	0.80	40	10
1431	0.78	39	11
1432	0.80	40	10
1433	0.80	40	10
1434	0.80	40	10
1435	0.80	40	10
1436	0.80	40	10
1437	0.80	40	10
1438	0.80	40	10
1439	0.80	40	10
1440	0.80	40	10
1441	0.80	40	10
1442	0.80	40	10
1443	0.80	40	10
1444	0.80	40	10
1445	0.80	40	10
1446	0.80	40	10
1447	0.80	40	10
1448	0.80	40	10
1449	0.82	41	9
1450	0.82	41	9
1451	0.82	41	9
1452	0.82	41	9
1453	0.84	42	8
1454	0.84	42	8
1455	0.84	42	8
1456	0.84	42	8
1457	0.86	43	7
1458	0.86	43	7
1459	0.86	43	7
1460	0.88	44	6
1461	0.88	44	6
1462	0.88	44	6
1463	0.88	44	6
1464	0.88	44	6
1465	0.86	43	7
1466	0.86	43	7
1467	0.88	44	6
1468	0.90	45	5
1469	0.90	45	5
1470	0.90	45	5
1471	0.92	46	4
1472	0.92	46	4
1473	0.94	47	3
1474	0.94	47	3
1475	0.94	47	3
1476	0.92	46	4
1477	0.92	46	4
1478	0.92	46	4
1479	0.92	46	4
1480	0.92	46	4
1481	0.94	47	3
1482	0.94	47	3
1483	0.94	47	3
1484	0.94	47	3
1485	0.92	46	4
1486	0.92	46	4
1487	0.92	46	4
1488	0.92	46	4
1489	0.90	45	5
1490	0.90	45	5
1491	0.90	45	5
1492	0.90	45	5
1493	0.88	44	6
1494	0.88	44	6
1495	0.88	44	6
1496	0.88	44	6
1497	0.88	44	6
1498	0.88	44	6
1499	0.86	43	7
1500	0.16	42	8
1501	0.16	42	8
1502	0.18	41	9
1503	0.18	41	9
1504	0.20	40	10
1505	0.22	39	11
1506	0.24	38	12
1507	0.26	37	13
1508	0.28	36	14
1509	0.30	35	15
1510	0.30	35	15
1511	0.30	35	15
1512	0.32	34	16
1513	0.34	33	17
1514	0.34	33	17
1515	0.34	33	17
1516	0.36	32	18
1517	0.38	31	19
1518	0.38	31	19
1519	0.38	31	19
1520	0.38	31	19
1521	0.40	30	20
1522	0.42	29	21
1523	0.42	29	21
1524	0.44	28	22
1525	0.44	28	22
1526	0.44	28	22
1527	0.46	27	23
1528	0.48	26	24
1529	0.50	25	25
1530	0.52	24	26
1531	0.54	23	27
1532	0.54	23	27
1533	0.56	22	28
1534	0.56	22	28
1535	0.54	23	27
1536	0.56	22	28
1537	0.58	21	29
1538	0.60	20	30
1539	0.60	20	30
1540	0.62	19	31
1541	0.62	19	31
1542	0.64	18	32
1543	0.64	18	32
1544	0.66	17	33
1545	0.68	16	34
1546	0.70	15	35
1547	0.70	15	35
1548	0.72	14	36
1549	0.72	14	36
1550	0.72	14	36
1551	0.74	13	37
1552	0.74	13	37
1553	0.76	12	38
1554	0.76	12	38
1555	0.76	12	38
1556	0.76	12	38
1557	0.76	12	38
1558	0.76	12	38
1559	0.76	12	38
1560	0.78	11	39
1561	0.80	10	40
1562	0.80	10	40
1563	0.80	10	40
1564	0.80	10	40
1565	0.80	10	40
1566	0.80	10	40
1567	0.78	11	39
1568	0.78	11	39
1569	0.80	10	40
1570	0.82	9	41
1571	0.82	9	41
1572	0.82	9	41
1573	0.84	8	42
1574	0.84	8	42
1575	0.86	7	43
1576	0.86	7	43
1577	0.86	7	43
1578	0.84	8	42
1579	0.82	9	41
1580	0.82	9	41
1581	0.82	9	41
1582	0.84	8	42
1583	0.82	9	41
1584	0.84	8	42
1585	0.86	7	43
1586	0.86	7	43
1587	0.86	7	43
1588	0.86	7	43
1589	0.86	7	43
1590	0.86	7	43
1591	0.88	6	44
1592	0.88	6	44
1593	0.88	6	44
1594	0.88	6	44
1595	0.86	7	43
1596	0.86	7	43
1597	0.88	6	44
1598	0.88	6	44
1599	0.88	6	44
1600	0.88	6	44
1601	0.88	6	44
1602	0.88	6	44
1603	0.88	6	44
1604	0.88	6	44
1605	0.88	6	44
1606	0.88	6	44
1607	0.88	6	44
1608	0.88	6	44
1609	0.88	6	44
1610	0.88	6	44
1611	0.88	6	44
1612	0.88	6	44
1613	0.86	7	43
1614	0.86	7	43
1615	0.86	7	43
1616	0.84	8	42
1617	0.86	7	43
1618	0.88	6	44
1619	0.88	6	44
1620	0.88	6	44
1621	0.86	7	43
1622	0.86	7	43
1623	0.86	7	43
1624	0.84	8	42
1625	0.84	8	42
1626	0.84	8	42
1627	0.84	8	42
1628	0.86	7	43
1629	0.88	6	44
1630	0.88	6	44
1631	0.88	6	44
1632	0.88	6	44
1633	0.90	5	45
1634	0.88	6	44
1635	0.88	6	44
1636	0.86	7	43
1637	0.86	7	43
1638	0.86	7	43
1639	0.86	7	43
1640	0.86	7	43
1641	0.86	7	43
1642	0.86	7	43
1643	0.86	7	43
1644	0.84	8	42
1645	0.86	7	43
1646	0.84	8	42
1647	0.84	8	42
1648	0.84	8	42
1649	0.84	8	42
1650	0.84	8	42
1651	0.84	8	42
1652	0.84	8	42
1653	0.82	9	41
1654	0.82	9	41
1655	0.82	9	41
1656	0.82	9	41
1657	0.80	10	40
1658	0.80	10	40
1659	0.80	10	40
1660	0.80	10	40
1661	0.78	11	39
1662	0.78	11	39
1663	0.80	10	40
1664	0.80	10	40
1665	0.80	10	40
1666	0.82	9	41
1667	0.82	9	41
1668	0.82	9	41
1669	0.82	9	41
1670	0.82	9	41
1671	0.84	8	42
1672	0.84	8	42
1673	0.82	9	41
1674	0.84	8	42
1675	0.84	8	42
1676	0.84	8	42
1677	0.84	8	42
1678	0.84	8	42
1679	0.84	8	42
1680	0.84	8	42
1681	0.84	8	42
1682	0.84	8	42
1683	0.84	8	42
1684	0.84	8	42
1685	0.84	8	42
1686	0.86	7	43
1687	0.86	7	43
1688	0.86	7	43
1689	0.86	7	43
1690	0.84	8	42
1691	0.84	8	42
1692	0.82	9	41
1693	0.82	9	41
1694	0.84	8	42
1695	0.84	8	42
1696	0.84	8	42
1697	0.84	8	42
1698	0.84	8	42
1699	0.84	8	42
1700	0.84	8	42
1701	0.84	8	42
1702	0.84	8	42
1703	0.86	7	43
1704	0.86	7	43
1705	0.84	8	42
1706	0.84	8	42
1707	0.86	7	43
1708	0.86	7	43
1709	0.84	8	42
1710	0.82	9	41
1711	0.84	8	42
1712	0.84	8	42
1713	0.82	9	41
1714	0.82	9	41
1715	0.82	9	41
1716	0.80	10	40
1717	0.78	11	39
1718	0.78	11	39
1719	0.78	11	39
1720	0.76	12	38
1721	0.76	12	38
1722	0.76	12	38
1723	0.78	11	39
1724	0.78	11	39
1725	0.78	11	39
1726	0.78	11	39
1727	0.78	11	39
1728	0.78	11	39
1729	0.78	11	39
1730	0.78	11	39
1731	0.76	12	38
1732	0.76	12	38
1733	0.76	12	38
1734	0.76	12	38
1735	0.74	13	37
1736	0.74	13	37
1737	0.74	13	37
1738	0.72	14	36
1739	0.72	14	36
1740	0.74	13	37
1741	0.74	13	37
1742	0.74	13	37
1743	0.72	14	36
1744	0.72	14	36
1745	0.72	14	36
1746	0.74	13	37
1747	0.74	13	37
1748	0.74	13	37
1749	0.74	13	37
1750	0.72	14	36
1751	0.72	14	36
1752	0.72	14	36
1753	0.72	14	36
1754	0.72	14	36
1755	0.74	13	37
1756	0.74	13	37
1757	0.74	13	37
1758	0.72	14	36
1759	0.74	13	37
1760	0.76	12	38
1761	0.76	12	38
1762	0.76	12	38
1763	0.76	12	38
1764	0.76	12	38
1765	0.74	13	37
1766	0.76	12	38
1767	0.78	11	39
1768	0.78	11	39
1769	0.78	11	39
1770	0.78	11	39
1771	0.78	11	39
1772	0.78	11	39
1773	0.76	12	38
1774	0.76	12	38
1775	0.76	12	38
1776	0.76	12	38
1777	0.76	12	38
1778	0.76	12	38
1779	0.76	12	38
1780	0.76	12	38
1781	0.78	11	39
1782	0.78	11	39
1783	0.76	12	38
1784	0.78	11	39
1785	0.80	10	40
1786	0.80	10	40
1787	0.80	10	40
1788	0.80	10	40
1789	0.78	11	39
1790	0.78	11	39
1791	0.78	11	39
1792	0.78	11	39
1793	0.80	10	40
1794	0.80	10	40
1795	0.80	10	40
1796	0.80	10	40
1797	0.78	11	39
1798	0.78	11	39
1799	0.78	11	39
1800	0.80	10	40
1801	0.80	10	40
1802	0.78	11	39
1803	0.78	11	39
1804	0.78	11	39
1805	0.78	11	39
1806	0.78	11	39
1807	0.78	11	39
1808	0.80	10	40
1809	0.78	11	39
1810	0.78	11	39
1811	0.78	11	39
1812	0.78	11	39
1813	0.80	10	40
1814	0.78	11	39
1815	0.80	10	40
1816	0.80	10	40
1817	0.80	10	40
1818	0.80	10	40
1819	0.80	10	40
1820	0.82	9	41
1821	0.82	9	41
1822	0.82	9	41
1823	0.82	9	41
1824	0.82	9	41
1825	0.80	10	40
1826	0.80	10	40
1827	0.80	10	40
1828	0.80	10	40
1829	0.80	10	40
1830	0.80	10	40
1831	0.80	10	40
1832	0.80	10	40
1833	0.82	9	41
1834	0.82	9	41
1835	0.82	9	41
1836	0.80	10	40
1837	0.80	10	40
1838	0.80	10	40
1839	0.82	9	41
1840	0.82	9	41
1841	0.80	10	40
1842	0.82	9	41
1843	0.80	10	40
1844	0.80	10	40
1845	0.80	10	40
1846	0.78	11	39
1847	0.80	10	40
1848	0.80	10	40
1849	0.80	10	40
1850	0.80	10	40
1851	0.80	10	40
1852	0.82	9	41
1853	0.82	9	41
1854	0.82	9	41
1855	0.82	9	41
1856	0.80	10	40
1857	0.80	10	40
1858	0.78	11	39
1859	0.80	10	40
1860	0.80	10	40
1861	0.80	10	40
1862	0.80	10	40
1863	0.80	10	40
1864	0.82	9	41
1865	0.82	9	41
1866	0.82	9	41
1867	0.82	9	41
1868	0.80	10	40
1869	0.80	10	40
1870	0.80	10	40
1871	0.80	10	40
1872	0.80	10	40
1873	0.82	9	41
1874	0.80	10	40
1875	0.82	9	41
1876	0.82	9	41
1877	0.82	9	41
1878	0.82	9	41
1879	0.82	9	41
1880	0.82	9	41
1881	0.82	9	41
1882	0.82	9	41
1883	0.82	9	41
1884	0.82	9	41
1885	0.82	9	41
1886	0.82	9	41
1887	0.82	9	41
1888	0.84	8	42
1889	0.84	8	42
1890	0.84	8	42
1891	0.86	7	43
1892	0.86	7	43
1893	0.88	6	44
1894	0.88	6	44
1895	0.88	6	44
1896	0.88	6	44
1897	0.88	6	44
1898	0.88	6	44
1899	0.88	6	44
1900	0.88	6	44
1901	0.86	7	43
1902	0.86	7	43
1903	0.86	7	43
1904	0.86	7	43
1905	0.86	7	43
1906	0.88	6	44
1907	0.88	6	44
1908	0.90	5	45
1909	0.90	5	45
1910	0.90	5	45
1911	0.88	6	44
1912	0.88	6	44
1913	0.86	7	43
1914	0.84	8	42
1915	0.84	8	42
1916	0.84	8	42
1917	0.84	8	42
1918	0.86	7	43
1919	0.84	8	42
1920	0.84	8	42
1921	0.84	8	42
1922	0.84	8	42
1923	0.84	8	42
1924	0.86	7	43
1925	0.86	7	43
1926	0.86	7	43
1927	0.84	8	42
1928	0.84	8	42
1929	0.84	8	42
1930	0.82	9	41
1931	0.82	9	41
1932	0.82	9	41
1933	0.82	9	41
1934	0.82	9	41
1935	0.82	9	41
1936	0.84	8	42
1937	0.84	8	42
1938	0.84	8	42
1939	0.84	8	42
1940	0.84	8	42
1941	0.84	8	42
1942	0.84	8	42
1943	0.84	8	42
1944	0.84	8	42
1945	0.84	8	42
1946	0.84	8	42
1947	0.84	8	42
1948	0.84	8	42
1949	0.84	8	42
1950	0.84	8	42
1951	0.86	7	43
1952	0.86	7	43
1953	0.86	7	43
1954	0.86	7	43
1955	0.86	7	43
1956	0.86	7	43
1957	0.86	7	43
1958	0.86	7	43
1959	0.86	7	43
1960	0.86	7	43
1961	0.86	7	43
1962	0.86	7	43
1963	0.88	6	44
1964	0.90	5	45
1965	0.90	5	45
1966	0.90	5	45
1967	0.90	5	45
1968	0.90	5	45
1969	0.92	4	46
1970	0.90	5	45
1971	0.90	5	45
1972	0.90	5	45
1973	0.90	5	45
1974	0.90	5	45
1975	0.90	5	45
1976	0.90	5	45
1977	0.92	4	46
1978	0.90	5	45
1979	0.90	5	45
1980	0.92	4	46
1981	0.92	4	46
1982	0.92	4	46
1983	0.92	4	46
1984	0.92	4	46
1985	0.92	4	46
1986	0.92	4	46
1987	0.92	4	46
1988	0.90	5	45
1989	0.90	5	45
1990	0.90	5	45
1991	0.90	5	45
1992	0.90	5	45
1993	0.88	6	44
1994	0.88	6	44
1995	0.88	6	44
1996	0.88	6	44
1997	0.88	6	44
1998	0.88	6	44
1999	0.88	6	44
2000	0.12	6	44
2001	0.12	6	44
2002	0.14	7	43
2003	0.16	8	42
2004	0.18	9	41
2005	0.20	10	40
2006	0.20	10	40
2007	0.22	11	39
2008	0.24	12	38
2009	0.26	13	37
2010	0.28	14	36
2011	0.28	14	36
2012	0.28	14	36
2013	0.30	15	35
2014	0.32	16	34
2015	0.32	16	34
2016	0.34	17	33
2017	0.36	18	32
2018	0.38	19	31
2019	0.40	20	30
2020	0.40	20	30
2021	0.42	21	29
2022	0.44	22	28
2023	0.46	23	27
2024	0.48	24	26
2025	0.50	25	25
2026	0.52	26	24
2027	0.54	27	23
2028	0.54	27	23
2029	0.56	28	22
2030	0.58	29	21
2031	0.60	30	20
2032	0.62	31	19
2033	0.64	32	18
2034	0.66	33	17
2035	0.68	34	16
2036	0.70	35	15
2037	0.72	36	14
2038	0.72	36	14
2039	0.74	37	13
2040	0.74	37	13
2041	0.76	38	12
2042	0.78	39	11
2043	0.78	39	11
2044	0.80	40	10
2045	0.80	40	10
2046	0.78	39	11
2047	0.78	39	11
2048	0.80	40	10
2049	0.82	41	9
2050	0.84	42	8
2051	0.86	43	7
2052	0.86	43	7
2053	0.86	43	7
2054	0.86	43	7
2055	0.86	43	7
2056	0.86	43	7
2057	0.86	43	7
2058	0.86	43	7
2059	0.86	43	7
2060	0.86	43	7
2061	0.86	43	7
2062	0.88	44	6
2063	0.88	44	6
2064	0.88	44	6
2065	0.90	45	5
2066	0.90	45	5
2067	0.90	45	5
2068	0.90	45	5
2069	0.90	45	5
2070	0.90	45	5
2071	0.90	45	5
2072	0.88	44	6
2073	0.88	44	6
2074	0.88	44	6
2075	0.88	44	6
2076	0.88	44	6
2077	0.88	44	6
2078	0.88	44	6
2079	0.88	44	6
2080	0.88	44	6
2081	0.88	44	6
2082	0.86	43	7
2083	0.86	43	7
2084	0.84	42	8
2085	0.84	42	8
2086	0.84	42	8
2087	0.84	42	8
2088	0.84	42	8
2089	0.84	42	8
2090	0.86	43	7
2091	0.84	42	8
2092	0.84	42	8
2093	0.84	42	8
2094	0.84	42	8
2095	0.86	43	7
2096	0.88	44	6
2097	0.90	45	5
2098	0.90	45	5
2099	0.90	45	5
2100	0.88	44	6
2101	0.88	44	6
2102	0.88	44	6
2103	0.88	44	6
2104	0.88	44	6
2105	0.88	44	6
2106	0.88	44	6
2107	0.88	44	6
2108	0.88	44	6
2109	0.88	44	6
2110	0.86	43	7
2111	0.86	43	7
2112	0.86	43	7
2113	0.84	42	8
2114	0.84	42	8
2115	0.82	41	9
2116	0.82	41	9
2117	0.82	41	9
2118	0.82	41	9
2119	0.82	41	9
2120	0.82	41	9
2121	0.82	41	9
2122	0.84	42	8
2123	0.84	42	8
2124	0.84	42	8
2125	0.82	41	9
2126	0.80	40	10
2127	0.80	40	10
2128	0.80	40	10
2129	0.80	40	10
2130	0.78	39	11
2131	0.76	38	12
2132	0.78	39	11
2133	0.78	39	11
2134	0.80	40	10
2135	0.78	39	11
2136	0.78	39	11
2137	0.78	39	11
2138	0.78	39	11
2139	0.78	39	11
2140	0.76	38	12
2141	0.78	39	11
2142	0.78	39	11
2143	0.78	39	11
2144	0.78	39	11
2145	0.76	38	12
2146	0.76	38	12
2147	0.76	38	12
2148	0.76	38	12
2149	0.76	38	12
2150	0.78	39	11
2151	0.78	39	11
2152	0.78	39	11
2153	0.76	38	12
2154	0.76	38	12
2155	0.76	38	12
2156	0.78	39	11
2157	0.78	39	11
2158	0.78	39	11
2159	0.78	39	11
2160	0.80	40	10
2161	0.80	40	10
2162	0.80	40	10
2163	0.82	41	9
2164	0.82	41	9
2165	0.82	41	9
2166	0.82	41	9
2167	0.82	41	9
2168	0.82	41	9
2169	0.82	41	9
2170	0.82	41	9
2171	0.82	41	9
2172	0.82	41	9
2173	0.82	41	9
2174	0.82	41	9
2175	0.84	42	8
2176	0.84	42	8
2177	0.84	42	8
2178	0.84	42	8
2179	0.84	42	8
2180	0.86	43	7
2181	0.88	44	6
2182	0.88	44	6
2183	0.86	43	7
2184	0.86	43	7
2185	0.88	44	6
2186	0.86	43	7
2187	0.86	43	7
2188	0.86	43	7
2189	0.86	43	7
2190	0.88	44	6
2191	0.88	44	6
2192	0.88	44	6
2193	0.88	44	6
2194	0.88	44	6
2195	0.90	45	5
2196	0.90	45	5
2197	0.90	45	5
2198	0.90	45	5
2199	0.90	45	5
2200	0.90	45	5
2201	0.90	45	5
2202	0.90	45	5
2203	0.92	46	4
2204	0.92	46	4
2205	0.92	46	4
2206	0.92	46	4
2207	0.92	46	4
2208	0.92	46	4
2209	0.92	46	4
2210	0.92	46	4
2211	0.92	46	4
2212	0.92	46	4
2213	0.92	46	4
2214	0.92	46	4
2215	0.92	46	4
2216	0.92	46	4
2217	0.92	46	4
2218	0.92	46	4
2219	0.92	46	4
2220	0.92	46	4
2221	0.92	46	4
2222	0.92	46	4
2223	0.92	46	4
2224	0.92	46	4
2225	0.90	45	5
2226	0.92	46	4
2227	0.90	45	5
2228	0.90	45	5
2229	0.90	45	5
2230	0.90	45	5
2231	0.90	45	5
2232	0.90	45	5
2233	0.90	45	5
2234	0.90	45	5
2235	0.90	45	5
2236	0.92	46	4
2237	0.92	46	4
2238	0.92	46	4
2239	0.90	45	5
2240	0.90	45	5
2241	0.90	45	5
2242	0.88	44	6
2243	0.88	44	6
2244	0.88	44	6
2245	0.88	44	6
2246	0.88	44	6
2247	0.88	44	6
2248	0.88	44	6
2249	0.88	44	6
2250	0.88	44	6
2251	0.88	44	6
2252	0.88	44	6
2253	0.88	44	6
2254	0.88	44	6
2255	0.86	43	7
2256	0.84	42	8
2257	0.84	42	8
2258	0.82	41	9
2259	0.80	40	10
2260	0.80	40	10
2261	0.80	40	10
2262	0.80	40	10
2263	0.80	40	10
2264	0.78	39	11
2265	0.80	40	10
2266	0.80	40	10
2267	0.80	40	10
2268	0.78	39	11
2269	0.78	39	11
2270	0.78	39	11
2271	0.78	39	11
2272	0.78	39	11
2273	0.78	39	11
2274	0.78	39	11
2275	0.80	40	10
2276	0.80	40	10
2277	0.82	41	9
2278	0.80	40	10
2279	0.80	40	10
2280	0.80	40	10
2281	0.80	40	10
2282	0.80	40	10
2283	0.82	41	9
2284	0.82	41	9
2285	0.80	40	10
2286	0.80	40	10
2287	0.80	40	10
2288	0.80	40	10
2289	0.82	41	9
2290	0.82	41	9
2291	0.82	41	9
2292	0.84	42	8
2293	0.84	42	8
2294	0.84	42	8
2295	0.84	42	8
2296	0.84	42	8
2297	0.82	41	9
2298	0.82	41	9
2299	0.82	41	9
2300	0.82	41	9
2301	0.82	41	9
2302	0.82	41	9
2303	0.82	41	9
2304	0.82	41	9
2305	0.84	42	8
2306	0.86	43	7
2307	0.86	43	7
2308	0.88	44	6
2309	0.90	45	5
2310	0.90	45	5
2311	0.90	45	5
2312	0.90	45	5
2313	0.90	45	5
2314	0.92	46	4
2315	0.92	46	4
2316	0.92	46	4
2317	0.92	46	4
2318	0.94	47	3
2319	0.94	47	3
2320	0.94	47	3
2321	0.94	47	3
2322	0.94	47	3
2323	0.94	47	3
2324	0.94	47	3
2325	0.94	47	3
2326	0.94	47	3
2327	0.94	47	3
2328	0.96	48	2
2329	0.96	48	2
2330	0.96	48	2
2331	0.96	48	2
2332	0.96	48	2
2333	0.96	48	2
2334	0.96	48	2
2335	0.98	49	1
2336	0.98	49	1
2337	0.98	49	1
2338	0.98	49	1
2339	0.98	49	1
2340	0.98	49	1
2341	0.98	49	1
2342	0.98	49	1
2343	0.98	49	1
2344	0.98	49	1
2345	0.98	49	1
2346	0.98	49	1
2347	1.00	50	0
2348	1.00	50	0
2349	1.00	50	0
2350	1.00	50	0
2351	1.00	50	0
2352	1.00	50	0
2353	1.00	50	0
2354	1.00	50	0
2355	1.00	50	0
2356	1.00	50	0
2357	0.98	49	1
2358	0.98	49	1
2359	0.96	48	2
2360	0.96	48	2
2361	0.96	48	2
2362	0.96	48	2
2363	0.96	48	2
2364	0.96	48	2
2365	0.96	48	2
2366	0.96	48	2
2367	0.96	48	2
2368	0.96	48	2
2369	0.96	48	2
2370	0.96	48	2
2371	0.96	48	2
2372	0.96	48	2
2373	0.96	48	2
2374	0.96	48	2
2375	0.96	48	2
2376	0.96	48	2
2377	0.96	48	2
2378	0.96	48	2
2379	0.96	48	2
2380	0.96	48	2
2381	0.96	48	2
2382	0.96	48	2
2383	0.96	48	2
2384	0.96	48	2
2385	0.96	48	2
2386	0.96	48	2
2387	0.96	48	2
2388	0.96	48	2
2389	0.96	48	2
2390	0.94	47	3
2391	0.92	46	4
2392	0.92	46	4
2393	0.92	46	4
2394	0.90	45	5
2395	0.90	45	5
2396	0.90	45	5
2397	0.90	45	5
2398	0.90	45	5
2399	0.90	45	5
2400	0.90	45	5
2401	0.90	45	5
2402	0.90	45	5
2403	0.88	44	6
2404	0.86	43	7
2405	0.86	43	7
2406	0.86	43	7
2407	0.88	44	6
2408	0.88	44	6
2409	0.90	45	5
2410	0.90	45	5
2411	0.88	44	6
2412	0.88	44	6
2413	0.88	44	6
2414	0.88	44	6
2415	0.88	44	6
2416	0.88	44	6
2417	0.86	43	7
2418	0.86	43	7
2419	0.84	42	8
2420	0.84	42	8
2421	0.84	42	8
2422	0.84	42	8
2423	0.84	42	8
2424	0.84	42	8
2425	0.84	42	8
2426	0.84	42	8
2427	0.84	42	8
2428	0.84	42	8
2429	0.84	42	8
2430	0.84	42	8
2431	0.84	42	8
2432	0.82	41	9
2433	0.82	41	9
2434	0.82	41	9
2435	0.82	41	9
2436	0.82	41	9
2437	0.82	41	9
2438	0.82	41	9
2439	0.82	41	9
2440	0.84	42	8
2441	0.86	43	7
2442	0.86	43	7
2443	0.86	43	7
2444	0.86	43	7
2445	0.86	43	7
2446	0.86	43	7
2447	0.86	43	7
2448	0.86	43	7
2449	0.86	43	7
2450	0.86	43	7
2451	0.86	43	7
2452	0.86	43	7
2453	0.86	43	7
2454	0.88	44	6
2455	0.88	44	6
2456	0.88	44	6
2457	0.88	44	6
2458	0.88	44	6
2459	0.88	44	6
2460	0.86	43	7
2461	0.88	44	6
2462	0.88	44	6
2463	0.88	44	6
2464	0.88	44	6
2465	0.88	44	6
2466	0.86	43	7
2467	0.88	44	6
2468	0.88	44	6
2469	0.90	45	5
2470	0.90	45	5
2471	0.90	45	5
2472	0.90	45	5
2473	0.90	45	5
2474	0.90	45	5
2475	0.90	45	5
2476	0.90	45	5
2477	0.90	45	5
2478	0.90	45	5
2479	0.90	45	5
2480	0.90	45	5
2481	0.88	44	6
2482	0.90	45	5
2483	0.90	45	5
2484	0.90	45	5
2485	0.90	45	5
2486	0.90	45	5
2487	0.90	45	5
2488	0.90	45	5
2489	0.90	45	5
2490	0.90	45	5
2491	0.90	45	5
2492	0.90	45	5
2493	0.90	45	5
2494	0.92	46	4
2495	0.92	46	4
2496	0.92	46	4
2497	0.90	45	5
2498	0.90	45	5
2499	0.90	45	5
2500	0.10	45	5
2501	0.10	45	5
2502	0.10	45	5
2503	0.10	45	5
2504	0.12	44	6
2505	0.12	44	6
2506	0.12	44	6
2507	0.14	43	7
2508	0.16	42	8
2509	0.16	42	8
2510	0.14	43	7
2511	0.14	43	7
2512	0.16	42	8
2513	0.16	42	8
2514	0.18	41	9
2515	0.20	40	10
2516	0.18	41	9
2517	0.20	40	10
2518	0.22	39	11
2519	0.24	38	12
2520	0.26	37	13
2521	0.26	37	13
2522	0.28	36	14
2523	0.30	35	15
2524	0.32	34	16
2525	0.34	33	17
2526	0.36	32	18
2527	0.38	31	19
2528	0.40	30	20
2529	0.42	29	21
2530	0.44	28	22
2531	0.42	29	21
2532	0.42	29	21
2533	0.44	28	22
2534	0.46	27	23
2535	0.48	26	24
2536	0.48	26	24
2537	0.50	25	25
2538	0.50	25	25
2539	0.52	24	26
2540	0.54	23	27
2541	0.56	22	28
2542	0.58	21	29
2543	0.58	21	29
2544	0.58	21	29
2545	0.60	20	30
2546	0.62	19	31
2547	0.62	19	31
2548	0.64	18	32
2549	0.66	17	33
2550	0.68	16	34
2551	0.70	15	35
2552	0.72	14	36
2553	0.72	14	36
2554	0.70	15	35
2555	0.72	14	36
2556	0.74	13	37
2557	0.72	14	36
2558	0.72	14	36
2559	0.74	13	37
2560	0.76	12	38
2561	0.78	11	39
2562	0.78	11	39
2563	0.80	10	40
2564	0.80	10	40
2565	0.80	10	40
2566	0.82	9	41
2567	0.82	9	41
2568	0.82	9	41
2569	0.82	9	41
2570	0.82	9	41
2571	0.84	8	42
2572	0.82	9	41
2573	0.80	10	40
2574	0.78	11	39
2575	0.78	11	39
2576	0.78	11	39
2577	0.76	12	38
2578	0.76	12	38
2579	0.76	12	38
2580	0.76	12	38
2581	0.78	11	39
2582	0.80	10	40
2583	0.80	10	40
2584	0.80	10	40
2585	0.80	10	40
2586	0.80	10	40
2587	0.80	10	40
2588	0.82	9	41
2589	0.82	9	41
2590	0.82	9	41
2591	0.82	9	41
2592	0.82	9	41
2593	0.84	8	42
2594	0.86	7	43
2595	0.84	8	42
2596	0.84	8	42
2597	0.84	8	42
2598	0.84	8	42
2599	0.84	8	42
2600	0.84	8	42
2601	0.84	8	42
2602	0.84	8	42
2603	0.84	8	42
2604	0.86	7	43
2605	0.86	7	43
2606	0.84	8	42
2607	0.86	7	43
2608	0.86	7	43
2609	0.86	7	43
2610	0.86	7	43
2611	0.86	7	43
2612	0.86	7	43
2613	0.86	7	43
2614	0.86	7	43
2615	0.86	7	43
2616	0.86	7	43
2617	0.86	7	43
2618	0.86	7	43
2619	0.86	7	43
2620	0.86	7	43
2621	0.86	7	43
2622	0.88	6	44
2623	0.88	6	44
2624	0.90	5	45
2625	0.90	5	45
2626	0.90	5	45
2627	0.92	4	46
2628	0.92	4	46
2629	0.92	4	46
2630	0.92	4	46
2631	0.92	4	46
2632	0.92	4	46
2633	0.92	4	46
2634	0.90	5	45
2635	0.88	6	44
2636	0.90	5	45
2637	0.90	5	45
2638	0.90	5	45
2639	0.90	5	45
2640	0.90	5	45
2641	0.90	5	45
2642	0.90	5	45
2643	0.90	5	45
2644	0.90	5	45
2645	0.92	4	46
2646	0.92	4	46
2647	0.92	4	46
2648	0.92	4	46
2649	0.92	4	46
2650	0.92	4	46
2651	0.90	5	45
2652	0.90	5	45
2653	0.90	5	45
2654	0.90	5	45
2655	0.90	5	45
2656	0.90	5	45
2657	0.90	5	45
2658	0.90	5	45
2659	0.90	5	45
2660	0.90	5	45
2661	0.90	5	45
2662	0.90	5	45
2663	0.90	5	45
2664	0.90	5	45
2665	0.90	5	45
2666	0.90	5	45
2667	0.88	6	44
2668	0.88	6	44
2669	0.88	6	44
2670	0.88	6	44
2671	0.88	6	44
2672	0.88	6	44
2673	0.90	5	45
2674	0.90	5	45
2675	0.90	5	45
2676	0.90	5	45
2677	0.90	5	45
2678	0.90	5	45
2679	0.90	5	45
2680	0.90	5	45
2681	0.90	5	45
2682	0.90	5	45
2683	0.88	6	44
2684	0.90	5	45
2685	0.92	4	46
2686	0.92	4	46
2687	0.92	4	46
2688	0.92	4	46
2689	0.92	4	46
2690	0.92	4	46
2691	0.92	4	46
2692	0.92	4	46
2693	0.92	4	46
2694	0.92	4	46
2695	0.92	4	46
2696	0.92	4	46
2697	0.92	4	46
2698	0.92	4	46
2699	0.92	4	46
2700	0.92	4	46
2701	0.94	3	47
2702	0.94	3	47
2703	0.94	3	47
2704	0.94	3	47
2705	0.94	3	47
2706	0.96	2	48
2707	0.94	3	47
2708	0.94	3	47
2709	0.94	3	47
2710	0.94	3	47
2711	0.94	3	47
2712	0.94	3	47
2713	0.94	3	47
2714	0.94	3	47
2715	0.94	3	47
2716	0.94	3	47
2717	0.96	2	48
2718	0.96	2	48
2719	0.96	2	48
2720	0.96	2	48
2721	0.94	3	47
2722	0.94	3	47
2723	0.94	3	47
2724	0.94	3	47
2725	0.92	4	46
2726	0.92	4	46
2727	0.92	4	46
2728	0.92	4	46
2729	0.90	5	45
2730	0.90	5	45
2731	0.90	5	45
2732	0.90	5	45
2733	0.92	4	46
2734	0.92	4	46
2735	0.92	4	46
2736	0.92	4	46
2737	0.92	4	46
2738	0.92	4	46
2739	0.92	4	46
2740	0.90	5	45
2741	0.90	5	45
2742	0.90	5	45
2743	0.90	5	45
2744	0.90	5	45
2745	0.90	5	45
2746	0.90	5	45
2747	0.90	5	45
2748	0.90	5	45
2749	0.90	5	45
2750	0.90	5	45
2751	0.90	5	45
2752	0.90	5	45
2753	0.90	5	45
2754	0.90	5	45
2755	0.90	5	45
2756	0.90	5	45
2757	0.92	4	46
2758	0.92	4	46
2759	0.92	4	46
2760	0.92	4	46
2761	0.92	4	46
2762	0.90	5	45
2763	0.90	5	45
2764	0.90	5	45
2765	0.90	5	45
2766	0.88	6	44
2767	0.88	6	44
2768	0.88	6	44
2769	0.88	6	44
2770	0.88	6	44
2771	0.90	5	45
2772	0.90	5	45
2773	0.90	5	45
2774	0.90	5	45
2775	0.92	4	46
2776	0.92	4	46
2777	0.92	4	46
2778	0.92	4	46
2779	0.94	3	47
2780	0.94	3	47
2781	0.94	3	47
2782	0.94	3	47
2783	0.94	3	47
2784	0.94	3	47
2785	0.94	3	47
2786	0.94	3	47
2787	0.94	3	47
2788	0.94	3	47
2789	0.94	3	47
2790	0.96	2	48
2791	0.96	2	48
2792	0.96	2	48
2793	0.96	2	48
2794	0.96	2	48
2795	0.96	2	48
2796	0.96	2	48
2797	0.96	2	48
2798	0.96	2	48
2799	0.96	2	48
2800	0.96	2	48
2801	0.96	2	48
2802	0.96	2	48
2803	0.96	2	48
2804	0.96	2	48
2805	0.96	2	48
2806	0.96	2	48
2807	0.96	2	48
2808	0.96	2	48
2809	0.96	2	48
2810	0.96	2	48
2811	0.96	2	48
2812	0.98	1	49
2813	0.98	1	49
2814	0.98	1	49
2815	0.98	1	49
2816	1.00	0	50
2817	1.00	0	50
2818	1.00	0	50
2819	1.00	0	50
2820	1.00	0	50
2821	1.00	0	50
2822	1.00	0	50
2823	1.00	0	50
2824	1.00	0	50
2825	1.00	0	50
2826	1.00	0	50
2827	1.00	0	50
2828	1.00	0	50
2829	0.98	1	49
2830	0.98	1	49
2831	0.98	1	49
2832	0.98	1	49
2833	0.96	2	48
2834	0.96	2	48
2835	0.96	2	48
2836	0.96	2	48
2837	0.96	2	48
2838	0.96	2	48
2839	0.96	2	48
2840	0.94	3	47
2841	0.94	3	47
2842	0.94	3	47
2843	0.94	3	47
2844	0.94	3	47
2845	0.94	3	47
2846	0.94	3	47
2847	0.94	3	47
2848	0.94	3	47
2849	0.94	3	47
2850	0.94	3	47
2851	0.94	3	47
2852	0.94	3	47
2853	0.94	3	47
2854	0.94	3	47
2855	0.94	3	47
2856	0.94	3	47
2857	0.94	3	47
2858	0.94	3	47
2859	0.92	4	46
2860	0.92	4	46
2861	0.92	4	46
2862	0.90	5	45
2863	0.90	5	45
2864	0.90	5	45
2865	0.90	5	45
2866	0.90	5	45
2867	0.90	5	45
2868	0.90	5	45
2869	0.90	5	45
2870	0.90	5	45
2871	0.90	5	45
2872	0.90	5	45
2873	0.90	5	45
2874	0.90	5	45
2875	0.90	5	45
2876	0.90	5	45
2877	0.90	5	45
2878	0.90	5	45
2879	0.92	4	46
2880	0.92	4	46
2881	0.92	4	46
2882	0.92	4	46
2883	0.94	3	47
2884	0.94	3	47
2885	0.94	3	47
2886	0.94	3	47
2887	0.94	3	47
2888	0.94	3	47
2889	0.94	3	47
2890	0.96	2	48
2891	0.96	2	48
2892	0.96	2	48
2893	0.94	3	47
2894	0.92	4	46
2895	0.92	4	46
2896	0.92	4	46
2897	0.92	4	46
2898	0.92	4	46
2899	0.92	4	46
2900	0.92	4	46
2901	0.92	4	46
2902	0.92	4	46
2903	0.92	4	46
2904	0.92	4	46
2905	0.92	4	46
2906	0.92	4	46
2907	0.90	5	45
2908	0.90	5	45
2909	0.92	4	46
2910	0.92	4	46
2911	0.92	4	46
2912	0.94	3	47
2913	0.94	3	47
2914	0.94	3	47
2915	0.94	3	47
2916	0.94	3	47
2917	0.94	3	47
2918	0.94	3	47
2919	0.94	3	47
2920	0.94	3	47
2921	0.94	3	47
2922	0.94	3	47
2923	0.92	4	46
2924	0.92	4	46
2925	0.92	4	46
2926	0.92	4	46
2927	0.92	4	46
2928	0.92	4	46
2929	0.92	4	46
2930	0.90	5	45
2931	0.90	5	45
2932	0.90	5	45
2933	0.90	5	45
2934	0.90	5	45
2935	0.90	5	45
2936	0.90	5	45
2937	0.90	5	45
2938	0.90	5	45
2939	0.90	5	45
2940	0.90	5	45
2941	0.90	5	45
2942	0.90	5	45
2943	0.92	4	46
2944	0.94	3	47
2945	0.94	3	47
2946	0.94	3	47
2947	0.94	3	47
2948	0.94	3	47
2949	0.94	3	47
2950	0.94	3	47
2951	0.92	4	46
2952	0.92	4	46
2953	0.92	4	46
2954	0.92	4	46
2955	0.92	4	46
2956	0.92	4	46
2957	0.94	3	47
2958	0.92	4	46
2959	0.92	4	46
2960	0.92	4	46
2961	0.92	4	46
2962	0.92	4	46
2963	0.92	4	46
2964	0.92	4	46
2965	0.92	4	46
2966	0.92	4	46
2967	0.92	4	46
2968	0.92	4	46
2969	0.92	4	46
2970	0.92	4	46
2971	0.92	4	46
2972	0.92	4	46
2973	0.92	4	46
2974	0.90	5	45
2975	0.88	6	44
2976	0.86	7	43
2977	0.86	7	43
2978	0.84	8	42
2979	0.84	8	42
2980	0.84	8	42
2981	0.84	8	42
2982	0.84	8	42
2983	0.84	8	42
2984	0.84	8	42
2985	0.84	8	42
2986	0.82	9	41
2987	0.82	9	41
2988	0.82	9	41
2989	0.82	9	41
2990	0.82	9	41
2991	0.82	9	41
2992	0.80	10	40
2993	0.80	10	40
2994	0.78	11	39
2995	0.78	11	39
2996	0.78	11	39
2997	0.76	12	38
2998	0.76	12	38
2999	0.74	13	37
