timestep	swarm_quality	color_0	color_1
0	0.68	34	16
1	0.66	33	17
2	0.66	33	17
3	0.66	33	17
4	0.64	32	18
5	0.64	32	18
6	0.64	32	18
7	0.64	32	18
8	0.64	32	18
9	0.64	32	18
10	0.62	31	19
11	0.62	31	19
12	0.62	31	19
13	0.62	31	19
14	0.62	31	19
15	0.62	31	19
16	0.62	31	19
17	0.62	31	19
18	0.60	30	20
19	0.60	30	20
20	0.60	30	20
21	0.60	30	20
22	0.60	30	20
23	0.60	30	20
24	0.60	30	20
25	0.58	29	21
26	0.58	29	21
27	0.58	29	21
28	0.58	29	21
29	0.58	29	21
30	0.56	28	22
31	0.56	28	22
32	0.56	28	22
33	0.56	28	22
34	0.54	27	23
35	0.56	28	22
36	0.56	28	22
37	0.58	29	21
38	0.60	30	20
39	0.62	31	19
40	0.64	32	18
41	0.66	33	17
42	0.68	34	16
43	0.68	34	16
44	0.70	35	15
45	0.72	36	14
46	0.74	37	13
47	0.76	38	12
48	0.78	39	11
49	0.80	40	10
50	0.82	41	9
51	0.84	42	8
52	0.84	42	8
53	0.84	42	8
54	0.86	43	7
55	0.84	42	8
56	0.84	42	8
57	0.84	42	8
58	0.84	42	8
59	0.84	42	8
60	0.86	43	7
61	0.86	43	7
62	0.86	43	7
63	0.86	43	7
64	0.86	43	7
65	0.86	43	7
66	0.86	43	7
67	0.86	43	7
68	0.88	44	6
69	0.88	44	6
70	0.88	44	6
71	0.88	44	6
72	0.88	44	6
73	0.86	43	7
74	0.86	43	7
75	0.88	44	6
76	0.88	44	6
77	0.88	44	6
78	0.86	43	7
79	0.86	43	7
80	0.88	44	6
81	0.88	44	6
82	0.86	43	7
83	0.84	42	8
84	0.86	43	7
85	0.86	43	7
86	0.88	44	6
87	0.88	44	6
88	0.88	44	6
89	0.88	44	6
90	0.88	44	6
91	0.88	44	6
92	0.88	44	6
93	0.90	45	5
94	0.90	45	5
95	0.90	45	5
96	0.88	44	6
97	0.88	44	6
98	0.88	44	6
99	0.88	44	6
100	0.88	44	6
101	0.88	44	6
102	0.88	44	6
103	0.88	44	6
104	0.88	44	6
105	0.90	45	5
106	0.90	45	5
107	0.90	45	5
108	0.90	45	5
109	0.90	45	5
110	0.90	45	5
111	0.90	45	5
112	0.90	45	5
113	0.90	45	5
114	0.88	44	6
115	0.88	44	6
116	0.88	44	6
117	0.88	44	6
118	0.88	44	6
119	0.88	44	6
120	0.88	44	6
121	0.88	44	6
122	0.86	43	7
123	0.88	44	6
124	0.88	44	6
125	0.88	44	6
126	0.88	44	6
127	0.88	44	6
128	0.90	45	5
129	0.88	44	6
130	0.88	44	6
131	0.88	44	6
132	0.90	45	5
133	0.92	46	4
134	0.92	46	4
135	0.92	46	4
136	0.92	46	4
137	0.90	45	5
138	0.90	45	5
139	0.90	45	5
140	0.90	45	5
141	0.90	45	5
142	0.90	45	5
143	0.90	45	5
144	0.90	45	5
145	0.90	45	5
146	0.92	46	4
147	0.92	46	4
148	0.90	45	5
149	0.88	44	6
150	0.88	44	6
151	0.88	44	6
152	0.88	44	6
153	0.88	44	6
154	0.88	44	6
155	0.88	44	6
156	0.88	44	6
157	0.88	44	6
158	0.88	44	6
159	0.86	43	7
160	0.86	43	7
161	0.84	42	8
162	0.84	42	8
163	0.84	42	8
164	0.84	42	8
165	0.84	42	8
166	0.84	42	8
167	0.84	42	8
168	0.84	42	8
169	0.84	42	8
170	0.84	42	8
171	0.84	42	8
172	0.84	42	8
173	0.84	42	8
174	0.84	42	8
175	0.82	41	9
176	0.82	41	9
177	0.82	41	9
178	0.82	41	9
179	0.84	42	8
180	0.84	42	8
181	0.84	42	8
182	0.84	42	8
183	0.84	42	8
184	0.84	42	8
185	0.84	42	8
186	0.84	42	8
187	0.86	43	7
188	0.86	43	7
189	0.86	43	7
190	0.86	43	7
191	0.86	43	7
192	0.86	43	7
193	0.86	43	7
194	0.86	43	7
195	0.86	43	7
196	0.84	42	8
197	0.84	42	8
198	0.86	43	7
199	0.88	44	6
200	0.88	44	6
201	0.88	44	6
202	0.88	44	6
203	0.88	44	6
204	0.88	44	6
205	0.88	44	6
206	0.88	44	6
207	0.88	44	6
208	0.88	44	6
209	0.90	45	5
210	0.90	45	5
211	0.90	45	5
212	0.90	45	5
213	0.88	44	6
214	0.90	45	5
215	0.88	44	6
216	0.88	44	6
217	0.88	44	6
218	0.88	44	6
219	0.88	44	6
220	0.88	44	6
221	0.86	43	7
222	0.86	43	7
223	0.86	43	7
224	0.86	43	7
225	0.88	44	6
226	0.88	44	6
227	0.88	44	6
228	0.88	44	6
229	0.88	44	6
230	0.88	44	6
231	0.88	44	6
232	0.88	44	6
233	0.88	44	6
234	0.88	44	6
235	0.88	44	6
236	0.88	44	6
237	0.88	44	6
238	0.88	44	6
239	0.88	44	6
240	0.88	44	6
241	0.88	44	6
242	0.88	44	6
243	0.88	44	6
244	0.88	44	6
245	0.88	44	6
246	0.90	45	5
247	0.90	45	5
248	0.90	45	5
249	0.90	45	5
250	0.90	45	5
251	0.90	45	5
252	0.90	45	5
253	0.88	44	6
254	0.88	44	6
255	0.88	44	6
256	0.88	44	6
257	0.88	44	6
258	0.88	44	6
259	0.88	44	6
260	0.88	44	6
261	0.90	45	5
262	0.90	45	5
263	0.92	46	4
264	0.92	46	4
265	0.94	47	3
266	0.94	47	3
267	0.94	47	3
268	0.94	47	3
269	0.94	47	3
270	0.94	47	3
271	0.96	48	2
272	0.98	49	1
273	0.98	49	1
274	0.98	49	1
275	0.98	49	1
276	0.98	49	1
277	0.98	49	1
278	0.98	49	1
279	0.98	49	1
280	0.98	49	1
281	0.96	48	2
282	0.94	47	3
283	0.94	47	3
284	0.94	47	3
285	0.94	47	3
286	0.94	47	3
287	0.92	46	4
288	0.92	46	4
289	0.92	46	4
290	0.92	46	4
291	0.92	46	4
292	0.92	46	4
293	0.92	46	4
294	0.92	46	4
295	0.90	45	5
296	0.90	45	5
297	0.90	45	5
298	0.90	45	5
299	0.90	45	5
300	0.90	45	5
301	0.90	45	5
302	0.90	45	5
303	0.92	46	4
304	0.92	46	4
305	0.92	46	4
306	0.92	46	4
307	0.92	46	4
308	0.92	46	4
309	0.92	46	4
310	0.92	46	4
311	0.92	46	4
312	0.92	46	4
313	0.92	46	4
314	0.92	46	4
315	0.92	46	4
316	0.92	46	4
317	0.90	45	5
318	0.90	45	5
319	0.88	44	6
320	0.88	44	6
321	0.86	43	7
322	0.86	43	7
323	0.86	43	7
324	0.86	43	7
325	0.86	43	7
326	0.86	43	7
327	0.84	42	8
328	0.84	42	8
329	0.84	42	8
330	0.84	42	8
331	0.86	43	7
332	0.88	44	6
333	0.88	44	6
334	0.88	44	6
335	0.88	44	6
336	0.88	44	6
337	0.90	45	5
338	0.90	45	5
339	0.90	45	5
340	0.90	45	5
341	0.90	45	5
342	0.90	45	5
343	0.90	45	5
344	0.90	45	5
345	0.90	45	5
346	0.90	45	5
347	0.90	45	5
348	0.90	45	5
349	0.90	45	5
350	0.90	45	5
351	0.90	45	5
352	0.90	45	5
353	0.90	45	5
354	0.90	45	5
355	0.90	45	5
356	0.90	45	5
357	0.90	45	5
358	0.90	45	5
359	0.88	44	6
360	0.88	44	6
361	0.88	44	6
362	0.88	44	6
363	0.88	44	6
364	0.88	44	6
365	0.88	44	6
366	0.88	44	6
367	0.90	45	5
368	0.90	45	5
369	0.92	46	4
370	0.92	46	4
371	0.92	46	4
372	0.90	45	5
373	0.90	45	5
374	0.90	45	5
375	0.88	44	6
376	0.88	44	6
377	0.90	45	5
378	0.88	44	6
379	0.88	44	6
380	0.88	44	6
381	0.88	44	6
382	0.88	44	6
383	0.88	44	6
384	0.88	44	6
385	0.88	44	6
386	0.88	44	6
387	0.88	44	6
388	0.88	44	6
389	0.88	44	6
390	0.88	44	6
391	0.88	44	6
392	0.88	44	6
393	0.88	44	6
394	0.88	44	6
395	0.88	44	6
396	0.86	43	7
397	0.86	43	7
398	0.86	43	7
399	0.86	43	7
400	0.86	43	7
401	0.84	42	8
402	0.84	42	8
403	0.82	41	9
404	0.82	41	9
405	0.82	41	9
406	0.82	41	9
407	0.82	41	9
408	0.80	40	10
409	0.80	40	10
410	0.78	39	11
411	0.78	39	11
412	0.78	39	11
413	0.78	39	11
414	0.78	39	11
415	0.78	39	11
416	0.78	39	11
417	0.78	39	11
418	0.78	39	11
419	0.78	39	11
420	0.78	39	11
421	0.80	40	10
422	0.82	41	9
423	0.82	41	9
424	0.82	41	9
425	0.84	42	8
426	0.82	41	9
427	0.82	41	9
428	0.84	42	8
429	0.84	42	8
430	0.84	42	8
431	0.84	42	8
432	0.84	42	8
433	0.84	42	8
434	0.84	42	8
435	0.84	42	8
436	0.84	42	8
437	0.84	42	8
438	0.82	41	9
439	0.82	41	9
440	0.82	41	9
441	0.80	40	10
442	0.80	40	10
443	0.80	40	10
444	0.80	40	10
445	0.82	41	9
446	0.84	42	8
447	0.84	42	8
448	0.84	42	8
449	0.82	41	9
450	0.82	41	9
451	0.84	42	8
452	0.84	42	8
453	0.84	42	8
454	0.84	42	8
455	0.82	41	9
456	0.82	41	9
457	0.82	41	9
458	0.84	42	8
459	0.86	43	7
460	0.88	44	6
461	0.88	44	6
462	0.88	44	6
463	0.88	44	6
464	0.88	44	6
465	0.88	44	6
466	0.88	44	6
467	0.88	44	6
468	0.88	44	6
469	0.88	44	6
470	0.88	44	6
471	0.88	44	6
472	0.88	44	6
473	0.86	43	7
474	0.86	43	7
475	0.86	43	7
476	0.86	43	7
477	0.86	43	7
478	0.86	43	7
479	0.86	43	7
480	0.86	43	7
481	0.86	43	7
482	0.86	43	7
483	0.86	43	7
484	0.86	43	7
485	0.86	43	7
486	0.86	43	7
487	0.86	43	7
488	0.88	44	6
489	0.88	44	6
490	0.88	44	6
491	0.90	45	5
492	0.90	45	5
493	0.90	45	5
494	0.90	45	5
495	0.90	45	5
496	0.90	45	5
497	0.90	45	5
498	0.90	45	5
499	0.92	46	4
500	0.10	45	5
501	0.10	45	5
502	0.12	44	6
503	0.12	44	6
504	0.14	43	7
505	0.14	43	7
506	0.16	42	8
507	0.18	41	9
508	0.20	40	10
509	0.20	40	10
510	0.20	40	10
511	0.22	39	11
512	0.24	38	12
513	0.24	38	12
514	0.24	38	12
515	0.26	37	13
516	0.28	36	14
517	0.30	35	15
518	0.30	35	15
519	0.32	34	16
520	0.34	33	17
521	0.36	32	18
522	0.36	32	18
523	0.36	32	18
524	0.38	31	19
525	0.38	31	19
526	0.38	31	19
527	0.40	30	20
528	0.42	29	21
529	0.44	28	22
530	0.46	27	23
531	0.48	26	24
532	0.48	26	24
533	0.48	26	24
534	0.50	25	25
535	0.52	24	26
536	0.52	24	26
537	0.54	23	27
538	0.56	22	28
539	0.58	21	29
540	0.60	20	30
541	0.62	19	31
542	0.64	18	32
543	0.66	17	33
544	0.68	16	34
545	0.70	15	35
546	0.72	14	36
547	0.74	13	37
548	0.76	12	38
549	0.78	11	39
550	0.78	11	39
551	0.80	10	40
552	0.80	10	40
553	0.80	10	40
554	0.80	10	40
555	0.80	10	40
556	0.80	10	40
557	0.78	11	39
558	0.78	11	39
559	0.80	10	40
560	0.82	9	41
561	0.82	9	41
562	0.82	9	41
563	0.84	8	42
564	0.86	7	43
565	0.86	7	43
566	0.86	7	43
567	0.86	7	43
568	0.88	6	44
569	0.88	6	44
570	0.88	6	44
571	0.88	6	44
572	0.88	6	44
573	0.86	7	43
574	0.86	7	43
575	0.88	6	44
576	0.88	6	44
577	0.88	6	44
578	0.88	6	44
579	0.88	6	44
580	0.88	6	44
581	0.88	6	44
582	0.88	6	44
583	0.90	5	45
584	0.88	6	44
585	0.88	6	44
586	0.90	5	45
587	0.90	5	45
588	0.90	5	45
589	0.90	5	45
590	0.90	5	45
591	0.90	5	45
592	0.90	5	45
593	0.90	5	45
594	0.90	5	45
595	0.88	6	44
596	0.88	6	44
597	0.88	6	44
598	0.88	6	44
599	0.88	6	44
600	0.86	7	43
601	0.86	7	43
602	0.86	7	43
603	0.86	7	43
604	0.86	7	43
605	0.86	7	43
606	0.86	7	43
607	0.88	6	44
608	0.88	6	44
609	0.88	6	44
610	0.88	6	44
611	0.88	6	44
612	0.88	6	44
613	0.88	6	44
614	0.88	6	44
615	0.88	6	44
616	0.88	6	44
617	0.86	7	43
618	0.86	7	43
619	0.86	7	43
620	0.86	7	43
621	0.86	7	43
622	0.88	6	44
623	0.88	6	44
624	0.88	6	44
625	0.88	6	44
626	0.88	6	44
627	0.88	6	44
628	0.88	6	44
629	0.88	6	44
630	0.88	6	44
631	0.88	6	44
632	0.90	5	45
633	0.88	6	44
634	0.90	5	45
635	0.90	5	45
636	0.90	5	45
637	0.90	5	45
638	0.90	5	45
639	0.90	5	45
640	0.90	5	45
641	0.90	5	45
642	0.90	5	45
643	0.90	5	45
644	0.88	6	44
645	0.90	5	45
646	0.90	5	45
647	0.90	5	45
648	0.90	5	45
649	0.90	5	45
650	0.92	4	46
651	0.92	4	46
652	0.90	5	45
653	0.90	5	45
654	0.90	5	45
655	0.90	5	45
656	0.88	6	44
657	0.88	6	44
658	0.86	7	43
659	0.86	7	43
660	0.84	8	42
661	0.84	8	42
662	0.82	9	41
663	0.80	10	40
664	0.80	10	40
665	0.80	10	40
666	0.80	10	40
667	0.82	9	41
668	0.82	9	41
669	0.82	9	41
670	0.82	9	41
671	0.82	9	41
672	0.82	9	41
673	0.84	8	42
674	0.84	8	42
675	0.84	8	42
676	0.84	8	42
677	0.82	9	41
678	0.82	9	41
679	0.82	9	41
680	0.82	9	41
681	0.82	9	41
682	0.82	9	41
683	0.84	8	42
684	0.84	8	42
685	0.84	8	42
686	0.84	8	42
687	0.84	8	42
688	0.84	8	42
689	0.84	8	42
690	0.84	8	42
691	0.84	8	42
692	0.84	8	42
693	0.84	8	42
694	0.86	7	43
695	0.86	7	43
696	0.86	7	43
697	0.84	8	42
698	0.84	8	42
699	0.84	8	42
700	0.84	8	42
701	0.84	8	42
702	0.84	8	42
703	0.82	9	41
704	0.82	9	41
705	0.82	9	41
706	0.84	8	42
707	0.84	8	42
708	0.86	7	43
709	0.86	7	43
710	0.88	6	44
711	0.88	6	44
712	0.90	5	45
713	0.92	4	46
714	0.92	4	46
715	0.92	4	46
716	0.92	4	46
717	0.92	4	46
718	0.92	4	46
719	0.92	4	46
720	0.92	4	46
721	0.90	5	45
722	0.90	5	45
723	0.90	5	45
724	0.90	5	45
725	0.90	5	45
726	0.88	6	44
727	0.90	5	45
728	0.90	5	45
729	0.90	5	45
730	0.90	5	45
731	0.88	6	44
732	0.88	6	44
733	0.88	6	44
734	0.88	6	44
735	0.88	6	44
736	0.88	6	44
737	0.88	6	44
738	0.88	6	44
739	0.88	6	44
740	0.88	6	44
741	0.88	6	44
742	0.88	6	44
743	0.88	6	44
744	0.88	6	44
745	0.88	6	44
746	0.88	6	44
747	0.90	5	45
748	0.90	5	45
749	0.90	5	45
750	0.90	5	45
751	0.90	5	45
752	0.92	4	46
753	0.94	3	47
754	0.94	3	47
755	0.94	3	47
756	0.94	3	47
757	0.94	3	47
758	0.94	3	47
759	0.94	3	47
760	0.94	3	47
761	0.94	3	47
762	0.94	3	47
763	0.92	4	46
764	0.92	4	46
765	0.92	4	46
766	0.92	4	46
767	0.90	5	45
768	0.90	5	45
769	0.90	5	45
770	0.90	5	45
771	0.92	4	46
772	0.90	5	45
773	0.90	5	45
774	0.90	5	45
775	0.90	5	45
776	0.92	4	46
777	0.92	4	46
778	0.92	4	46
779	0.90	5	45
780	0.90	5	45
781	0.92	4	46
782	0.92	4	46
783	0.92	4	46
784	0.92	4	46
785	0.92	4	46
786	0.92	4	46
787	0.92	4	46
788	0.92	4	46
789	0.92	4	46
790	0.92	4	46
791	0.92	4	46
792	0.92	4	46
793	0.92	4	46
794	0.92	4	46
795	0.92	4	46
796	0.92	4	46
797	0.92	4	46
798	0.90	5	45
799	0.90	5	45
800	0.88	6	44
801	0.88	6	44
802	0.88	6	44
803	0.88	6	44
804	0.88	6	44
805	0.88	6	44
806	0.88	6	44
807	0.88	6	44
808	0.88	6	44
809	0.88	6	44
810	0.88	6	44
811	0.88	6	44
812	0.88	6	44
813	0.90	5	45
814	0.88	6	44
815	0.88	6	44
816	0.88	6	44
817	0.90	5	45
818	0.90	5	45
819	0.90	5	45
820	0.90	5	45
821	0.88	6	44
822	0.90	5	45
823	0.90	5	45
824	0.90	5	45
825	0.90	5	45
826	0.90	5	45
827	0.90	5	45
828	0.90	5	45
829	0.92	4	46
830	0.92	4	46
831	0.92	4	46
832	0.92	4	46
833	0.90	5	45
834	0.90	5	45
835	0.90	5	45
836	0.90	5	45
837	0.90	5	45
838	0.90	5	45
839	0.90	5	45
840	0.90	5	45
841	0.90	5	45
842	0.90	5	45
843	0.90	5	45
844	0.88	6	44
845	0.88	6	44
846	0.88	6	44
847	0.88	6	44
848	0.90	5	45
849	0.90	5	45
850	0.90	5	45
851	0.90	5	45
852	0.90	5	45
853	0.90	5	45
854	0.90	5	45
855	0.90	5	45
856	0.88	6	44
857	0.88	6	44
858	0.88	6	44
859	0.88	6	44
860	0.88	6	44
861	0.88	6	44
862	0.86	7	43
863	0.84	8	42
864	0.86	7	43
865	0.86	7	43
866	0.86	7	43
867	0.84	8	42
868	0.84	8	42
869	0.84	8	42
870	0.84	8	42
871	0.86	7	43
872	0.86	7	43
873	0.84	8	42
874	0.84	8	42
875	0.84	8	42
876	0.84	8	42
877	0.84	8	42
878	0.84	8	42
879	0.84	8	42
880	0.84	8	42
881	0.84	8	42
882	0.84	8	42
883	0.86	7	43
884	0.86	7	43
885	0.86	7	43
886	0.86	7	43
887	0.84	8	42
888	0.84	8	42
889	0.84	8	42
890	0.84	8	42
891	0.84	8	42
892	0.84	8	42
893	0.82	9	41
894	0.84	8	42
895	0.84	8	42
896	0.84	8	42
897	0.84	8	42
898	0.84	8	42
899	0.84	8	42
900	0.86	7	43
901	0.84	8	42
902	0.84	8	42
903	0.82	9	41
904	0.82	9	41
905	0.82	9	41
906	0.84	8	42
907	0.82	9	41
908	0.80	10	40
909	0.80	10	40
910	0.80	10	40
911	0.80	10	40
912	0.80	10	40
913	0.82	9	41
914	0.82	9	41
915	0.82	9	41
916	0.82	9	41
917	0.84	8	42
918	0.84	8	42
919	0.84	8	42
920	0.84	8	42
921	0.84	8	42
922	0.82	9	41
923	0.82	9	41
924	0.82	9	41
925	0.82	9	41
926	0.82	9	41
927	0.82	9	41
928	0.82	9	41
929	0.82	9	41
930	0.82	9	41
931	0.82	9	41
932	0.82	9	41
933	0.80	10	40
934	0.80	10	40
935	0.78	11	39
936	0.78	11	39
937	0.80	10	40
938	0.80	10	40
939	0.78	11	39
940	0.78	11	39
941	0.78	11	39
942	0.78	11	39
943	0.80	10	40
944	0.80	10	40
945	0.80	10	40
946	0.80	10	40
947	0.78	11	39
948	0.78	11	39
949	0.76	12	38
950	0.76	12	38
951	0.78	11	39
952	0.76	12	38
953	0.76	12	38
954	0.74	13	37
955	0.72	14	36
956	0.72	14	36
957	0.72	14	36
958	0.72	14	36
959	0.72	14	36
960	0.72	14	36
961	0.72	14	36
962	0.74	13	37
963	0.72	14	36
964	0.72	14	36
965	0.72	14	36
966	0.72	14	36
967	0.72	14	36
968	0.72	14	36
969	0.70	15	35
970	0.70	15	35
971	0.70	15	35
972	0.72	14	36
973	0.74	13	37
974	0.72	14	36
975	0.72	14	36
976	0.72	14	36
977	0.72	14	36
978	0.72	14	36
979	0.72	14	36
980	0.72	14	36
981	0.72	14	36
982	0.72	14	36
983	0.74	13	37
984	0.74	13	37
985	0.76	12	38
986	0.74	13	37
987	0.74	13	37
988	0.74	13	37
989	0.76	12	38
990	0.76	12	38
991	0.76	12	38
992	0.76	12	38
993	0.76	12	38
994	0.76	12	38
995	0.76	12	38
996	0.76	12	38
997	0.76	12	38
998	0.76	12	38
999	0.78	11	39
1000	0.22	11	39
1001	0.22	11	39
1002	0.22	11	39
1003	0.20	10	40
1004	0.20	10	40
1005	0.20	10	40
1006	0.22	11	39
1007	0.20	10	40
1008	0.18	9	41
1009	0.20	10	40
1010	0.22	11	39
1011	0.22	11	39
1012	0.24	12	38
1013	0.24	12	38
1014	0.26	13	37
1015	0.28	14	36
1016	0.28	14	36
1017	0.30	15	35
1018	0.32	16	34
1019	0.32	16	34
1020	0.32	16	34
1021	0.32	16	34
1022	0.32	16	34
1023	0.34	17	33
1024	0.32	16	34
1025	0.32	16	34
1026	0.34	17	33
1027	0.34	17	33
1028	0.36	18	32
1029	0.38	19	31
1030	0.40	20	30
1031	0.40	20	30
1032	0.40	20	30
1033	0.40	20	30
1034	0.42	21	29
1035	0.44	22	28
1036	0.44	22	28
1037	0.46	23	27
1038	0.48	24	26
1039	0.50	25	25
1040	0.52	26	24
1041	0.52	26	24
1042	0.54	27	23
1043	0.56	28	22
1044	0.58	29	21
1045	0.60	30	20
1046	0.62	31	19
1047	0.62	31	19
1048	0.64	32	18
1049	0.66	33	17
1050	0.66	33	17
1051	0.68	34	16
1052	0.68	34	16
1053	0.70	35	15
1054	0.70	35	15
1055	0.70	35	15
1056	0.70	35	15
1057	0.70	35	15
1058	0.72	36	14
1059	0.72	36	14
1060	0.72	36	14
1061	0.74	37	13
1062	0.72	36	14
1063	0.72	36	14
1064	0.72	36	14
1065	0.72	36	14
1066	0.74	37	13
1067	0.74	37	13
1068	0.74	37	13
1069	0.72	36	14
1070	0.74	37	13
1071	0.76	38	12
1072	0.78	39	11
1073	0.76	38	12
1074	0.76	38	12
1075	0.76	38	12
1076	0.76	38	12
1077	0.78	39	11
1078	0.78	39	11
1079	0.78	39	11
1080	0.78	39	11
1081	0.80	40	10
1082	0.82	41	9
1083	0.82	41	9
1084	0.82	41	9
1085	0.82	41	9
1086	0.82	41	9
1087	0.82	41	9
1088	0.82	41	9
1089	0.82	41	9
1090	0.82	41	9
1091	0.84	42	8
1092	0.82	41	9
1093	0.82	41	9
1094	0.82	41	9
1095	0.82	41	9
1096	0.80	40	10
1097	0.80	40	10
1098	0.80	40	10
1099	0.80	40	10
1100	0.82	41	9
1101	0.82	41	9
1102	0.82	41	9
1103	0.80	40	10
1104	0.80	40	10
1105	0.80	40	10
1106	0.80	40	10
1107	0.82	41	9
1108	0.82	41	9
1109	0.82	41	9
1110	0.82	41	9
1111	0.80	40	10
1112	0.82	41	9
1113	0.82	41	9
1114	0.82	41	9
1115	0.82	41	9
1116	0.82	41	9
1117	0.82	41	9
1118	0.82	41	9
1119	0.82	41	9
1120	0.82	41	9
1121	0.82	41	9
1122	0.80	40	10
1123	0.82	41	9
1124	0.84	42	8
1125	0.86	43	7
1126	0.86	43	7
1127	0.86	43	7
1128	0.84	42	8
1129	0.84	42	8
1130	0.82	41	9
1131	0.82	41	9
1132	0.80	40	10
1133	0.82	41	9
1134	0.82	41	9
1135	0.80	40	10
1136	0.80	40	10
1137	0.78	39	11
1138	0.78	39	11
1139	0.78	39	11
1140	0.78	39	11
1141	0.76	38	12
1142	0.76	38	12
1143	0.76	38	12
1144	0.76	38	12
1145	0.76	38	12
1146	0.78	39	11
1147	0.78	39	11
1148	0.78	39	11
1149	0.78	39	11
1150	0.78	39	11
1151	0.78	39	11
1152	0.76	38	12
1153	0.78	39	11
1154	0.78	39	11
1155	0.78	39	11
1156	0.78	39	11
1157	0.78	39	11
1158	0.78	39	11
1159	0.78	39	11
1160	0.78	39	11
1161	0.80	40	10
1162	0.80	40	10
1163	0.80	40	10
1164	0.80	40	10
1165	0.80	40	10
1166	0.80	40	10
1167	0.78	39	11
1168	0.76	38	12
1169	0.76	38	12
1170	0.76	38	12
1171	0.76	38	12
1172	0.78	39	11
1173	0.78	39	11
1174	0.78	39	11
1175	0.78	39	11
1176	0.78	39	11
1177	0.78	39	11
1178	0.80	40	10
1179	0.80	40	10
1180	0.82	41	9
1181	0.82	41	9
1182	0.84	42	8
1183	0.84	42	8
1184	0.84	42	8
1185	0.86	43	7
1186	0.86	43	7
1187	0.88	44	6
1188	0.88	44	6
1189	0.88	44	6
1190	0.88	44	6
1191	0.90	45	5
1192	0.92	46	4
1193	0.92	46	4
1194	0.92	46	4
1195	0.92	46	4
1196	0.92	46	4
1197	0.92	46	4
1198	0.92	46	4
1199	0.92	46	4
1200	0.92	46	4
1201	0.92	46	4
1202	0.94	47	3
1203	0.94	47	3
1204	0.94	47	3
1205	0.94	47	3
1206	0.94	47	3
1207	0.94	47	3
1208	0.94	47	3
1209	0.94	47	3
1210	0.94	47	3
1211	0.92	46	4
1212	0.92	46	4
1213	0.92	46	4
1214	0.92	46	4
1215	0.92	46	4
1216	0.92	46	4
1217	0.94	47	3
1218	0.96	48	2
1219	0.98	49	1
1220	0.98	49	1
1221	0.98	49	1
1222	0.98	49	1
1223	0.98	49	1
1224	0.98	49	1
1225	0.98	49	1
1226	0.98	49	1
1227	0.98	49	1
1228	0.98	49	1
1229	0.98	49	1
1230	0.98	49	1
1231	0.98	49	1
1232	0.98	49	1
1233	0.98	49	1
1234	0.98	49	1
1235	0.98	49	1
1236	0.98	49	1
1237	0.98	49	1
1238	0.98	49	1
1239	0.98	49	1
1240	0.98	49	1
1241	0.98	49	1
1242	0.98	49	1
1243	0.98	49	1
1244	0.98	49	1
1245	0.98	49	1
1246	0.98	49	1
1247	0.98	49	1
1248	0.98	49	1
1249	0.98	49	1
1250	0.98	49	1
1251	0.98	49	1
1252	0.98	49	1
1253	0.98	49	1
1254	0.98	49	1
1255	0.98	49	1
1256	0.98	49	1
1257	0.98	49	1
1258	0.98	49	1
1259	0.96	48	2
1260	0.96	48	2
1261	0.98	49	1
1262	0.98	49	1
1263	0.98	49	1
1264	0.98	49	1
1265	0.98	49	1
1266	0.98	49	1
1267	0.98	49	1
1268	0.98	49	1
1269	0.98	49	1
1270	0.96	48	2
1271	0.96	48	2
1272	0.96	48	2
1273	0.96	48	2
1274	0.96	48	2
1275	0.96	48	2
1276	0.96	48	2
1277	0.96	48	2
1278	0.96	48	2
1279	0.96	48	2
1280	0.96	48	2
1281	0.96	48	2
1282	0.96	48	2
1283	0.94	47	3
1284	0.94	47	3
1285	0.94	47	3
1286	0.94	47	3
1287	0.94	47	3
1288	0.94	47	3
1289	0.94	47	3
1290	0.94	47	3
1291	0.94	47	3
1292	0.94	47	3
1293	0.94	47	3
1294	0.94	47	3
1295	0.94	47	3
1296	0.94	47	3
1297	0.94	47	3
1298	0.94	47	3
1299	0.94	47	3
1300	0.94	47	3
1301	0.94	47	3
1302	0.94	47	3
1303	0.94	47	3
1304	0.94	47	3
1305	0.94	47	3
1306	0.94	47	3
1307	0.92	46	4
1308	0.92	46	4
1309	0.94	47	3
1310	0.94	47	3
1311	0.94	47	3
1312	0.94	47	3
1313	0.94	47	3
1314	0.92	46	4
1315	0.92	46	4
1316	0.92	46	4
1317	0.92	46	4
1318	0.92	46	4
1319	0.90	45	5
1320	0.92	46	4
1321	0.92	46	4
1322	0.92	46	4
1323	0.92	46	4
1324	0.92	46	4
1325	0.92	46	4
1326	0.92	46	4
1327	0.92	46	4
1328	0.92	46	4
1329	0.92	46	4
1330	0.92	46	4
1331	0.92	46	4
1332	0.92	46	4
1333	0.94	47	3
1334	0.94	47	3
1335	0.94	47	3
1336	0.94	47	3
1337	0.94	47	3
1338	0.94	47	3
1339	0.94	47	3
1340	0.92	46	4
1341	0.92	46	4
1342	0.92	46	4
1343	0.92	46	4
1344	0.92	46	4
1345	0.92	46	4
1346	0.92	46	4
1347	0.92	46	4
1348	0.92	46	4
1349	0.92	46	4
1350	0.92	46	4
1351	0.92	46	4
1352	0.92	46	4
1353	0.92	46	4
1354	0.92	46	4
1355	0.92	46	4
1356	0.92	46	4
1357	0.92	46	4
1358	0.92	46	4
1359	0.92	46	4
1360	0.92	46	4
1361	0.90	45	5
1362	0.90	45	5
1363	0.88	44	6
1364	0.90	45	5
1365	0.90	45	5
1366	0.90	45	5
1367	0.90	45	5
1368	0.90	45	5
1369	0.92	46	4
1370	0.92	46	4
1371	0.92	46	4
1372	0.92	46	4
1373	0.92	46	4
1374	0.92	46	4
1375	0.92	46	4
1376	0.92	46	4
1377	0.90	45	5
1378	0.90	45	5
1379	0.90	45	5
1380	0.90	45	5
1381	0.90	45	5
1382	0.90	45	5
1383	0.90	45	5
1384	0.90	45	5
1385	0.90	45	5
1386	0.90	45	5
1387	0.90	45	5
1388	0.90	45	5
1389	0.90	45	5
1390	0.92	46	4
1391	0.92	46	4
1392	0.92	46	4
1393	0.90	45	5
1394	0.88	44	6
1395	0.88	44	6
1396	0.88	44	6
1397	0.86	43	7
1398	0.86	43	7
1399	0.86	43	7
1400	0.86	43	7
1401	0.86	43	7
1402	0.86	43	7
1403	0.86	43	7
1404	0.86	43	7
1405	0.86	43	7
1406	0.86	43	7
1407	0.88	44	6
1408	0.86	43	7
1409	0.86	43	7
1410	0.86	43	7
1411	0.88	44	6
1412	0.88	44	6
1413	0.90	45	5
1414	0.90	45	5
1415	0.90	45	5
1416	0.90	45	5
1417	0.90	45	5
1418	0.90	45	5
1419	0.90	45	5
1420	0.90	45	5
1421	0.90	45	5
1422	0.88	44	6
1423	0.88	44	6
1424	0.88	44	6
1425	0.88	44	6
1426	0.86	43	7
1427	0.88	44	6
1428	0.88	44	6
1429	0.88	44	6
1430	0.86	43	7
1431	0.86	43	7
1432	0.86	43	7
1433	0.86	43	7
1434	0.86	43	7
1435	0.86	43	7
1436	0.86	43	7
1437	0.86	43	7
1438	0.86	43	7
1439	0.86	43	7
1440	0.86	43	7
1441	0.86	43	7
1442	0.84	42	8
1443	0.86	43	7
1444	0.88	44	6
1445	0.88	44	6
1446	0.88	44	6
1447	0.88	44	6
1448	0.88	44	6
1449	0.88	44	6
1450	0.88	44	6
1451	0.88	44	6
1452	0.88	44	6
1453	0.88	44	6
1454	0.88	44	6
1455	0.88	44	6
1456	0.88	44	6
1457	0.88	44	6
1458	0.90	45	5
1459	0.88	44	6
1460	0.88	44	6
1461	0.88	44	6
1462	0.86	43	7
1463	0.86	43	7
1464	0.84	42	8
1465	0.82	41	9
1466	0.80	40	10
1467	0.80	40	10
1468	0.80	40	10
1469	0.80	40	10
1470	0.80	40	10
1471	0.80	40	10
1472	0.82	41	9
1473	0.82	41	9
1474	0.82	41	9
1475	0.82	41	9
1476	0.84	42	8
1477	0.84	42	8
1478	0.84	42	8
1479	0.84	42	8
1480	0.86	43	7
1481	0.86	43	7
1482	0.84	42	8
1483	0.84	42	8
1484	0.84	42	8
1485	0.84	42	8
1486	0.84	42	8
1487	0.84	42	8
1488	0.84	42	8
1489	0.84	42	8
1490	0.84	42	8
1491	0.82	41	9
1492	0.82	41	9
1493	0.82	41	9
1494	0.80	40	10
1495	0.78	39	11
1496	0.78	39	11
1497	0.78	39	11
1498	0.78	39	11
1499	0.78	39	11
1500	0.24	38	12
1501	0.24	38	12
1502	0.24	38	12
1503	0.26	37	13
1504	0.28	36	14
1505	0.30	35	15
1506	0.32	34	16
1507	0.32	34	16
1508	0.32	34	16
1509	0.32	34	16
1510	0.34	33	17
1511	0.36	32	18
1512	0.34	33	17
1513	0.34	33	17
1514	0.34	33	17
1515	0.34	33	17
1516	0.34	33	17
1517	0.36	32	18
1518	0.38	31	19
1519	0.40	30	20
1520	0.40	30	20
1521	0.42	29	21
1522	0.42	29	21
1523	0.44	28	22
1524	0.46	27	23
1525	0.48	26	24
1526	0.50	25	25
1527	0.52	24	26
1528	0.52	24	26
1529	0.54	23	27
1530	0.56	22	28
1531	0.56	22	28
1532	0.56	22	28
1533	0.58	21	29
1534	0.58	21	29
1535	0.60	20	30
1536	0.60	20	30
1537	0.62	19	31
1538	0.64	18	32
1539	0.64	18	32
1540	0.64	18	32
1541	0.62	19	31
1542	0.62	19	31
1543	0.64	18	32
1544	0.64	18	32
1545	0.64	18	32
1546	0.66	17	33
1547	0.66	17	33
1548	0.68	16	34
1549	0.70	15	35
1550	0.70	15	35
1551	0.72	14	36
1552	0.74	13	37
1553	0.74	13	37
1554	0.72	14	36
1555	0.70	15	35
1556	0.70	15	35
1557	0.72	14	36
1558	0.72	14	36
1559	0.72	14	36
1560	0.72	14	36
1561	0.72	14	36
1562	0.74	13	37
1563	0.76	12	38
1564	0.76	12	38
1565	0.74	13	37
1566	0.72	14	36
1567	0.70	15	35
1568	0.70	15	35
1569	0.70	15	35
1570	0.72	14	36
1571	0.72	14	36
1572	0.74	13	37
1573	0.72	14	36
1574	0.72	14	36
1575	0.72	14	36
1576	0.72	14	36
1577	0.72	14	36
1578	0.74	13	37
1579	0.74	13	37
1580	0.74	13	37
1581	0.76	12	38
1582	0.74	13	37
1583	0.74	13	37
1584	0.76	12	38
1585	0.76	12	38
1586	0.78	11	39
1587	0.76	12	38
1588	0.76	12	38
1589	0.78	11	39
1590	0.80	10	40
1591	0.80	10	40
1592	0.78	11	39
1593	0.78	11	39
1594	0.78	11	39
1595	0.78	11	39
1596	0.78	11	39
1597	0.78	11	39
1598	0.78	11	39
1599	0.78	11	39
1600	0.78	11	39
1601	0.78	11	39
1602	0.78	11	39
1603	0.78	11	39
1604	0.80	10	40
1605	0.82	9	41
1606	0.82	9	41
1607	0.80	10	40
1608	0.82	9	41
1609	0.82	9	41
1610	0.82	9	41
1611	0.82	9	41
1612	0.80	10	40
1613	0.78	11	39
1614	0.78	11	39
1615	0.80	10	40
1616	0.82	9	41
1617	0.82	9	41
1618	0.80	10	40
1619	0.80	10	40
1620	0.80	10	40
1621	0.78	11	39
1622	0.78	11	39
1623	0.80	10	40
1624	0.80	10	40
1625	0.80	10	40
1626	0.80	10	40
1627	0.80	10	40
1628	0.80	10	40
1629	0.80	10	40
1630	0.80	10	40
1631	0.80	10	40
1632	0.82	9	41
1633	0.82	9	41
1634	0.82	9	41
1635	0.82	9	41
1636	0.80	10	40
1637	0.80	10	40
1638	0.78	11	39
1639	0.78	11	39
1640	0.78	11	39
1641	0.80	10	40
1642	0.82	9	41
1643	0.80	10	40
1644	0.80	10	40
1645	0.80	10	40
1646	0.80	10	40
1647	0.78	11	39
1648	0.76	12	38
1649	0.76	12	38
1650	0.76	12	38
1651	0.74	13	37
1652	0.72	14	36
1653	0.72	14	36
1654	0.70	15	35
1655	0.68	16	34
1656	0.68	16	34
1657	0.70	15	35
1658	0.70	15	35
1659	0.70	15	35
1660	0.68	16	34
1661	0.68	16	34
1662	0.70	15	35
1663	0.72	14	36
1664	0.72	14	36
1665	0.72	14	36
1666	0.72	14	36
1667	0.74	13	37
1668	0.76	12	38
1669	0.76	12	38
1670	0.76	12	38
1671	0.78	11	39
1672	0.78	11	39
1673	0.78	11	39
1674	0.78	11	39
1675	0.78	11	39
1676	0.78	11	39
1677	0.78	11	39
1678	0.78	11	39
1679	0.78	11	39
1680	0.76	12	38
1681	0.76	12	38
1682	0.74	13	37
1683	0.74	13	37
1684	0.74	13	37
1685	0.74	13	37
1686	0.76	12	38
1687	0.78	11	39
1688	0.80	10	40
1689	0.80	10	40
1690	0.78	11	39
1691	0.78	11	39
1692	0.78	11	39
1693	0.80	10	40
1694	0.80	10	40
1695	0.80	10	40
1696	0.78	11	39
1697	0.80	10	40
1698	0.82	9	41
1699	0.82	9	41
1700	0.80	10	40
1701	0.82	9	41
1702	0.84	8	42
1703	0.84	8	42
1704	0.86	7	43
1705	0.88	6	44
1706	0.88	6	44
1707	0.88	6	44
1708	0.86	7	43
1709	0.86	7	43
1710	0.88	6	44
1711	0.88	6	44
1712	0.88	6	44
1713	0.88	6	44
1714	0.86	7	43
1715	0.84	8	42
1716	0.84	8	42
1717	0.82	9	41
1718	0.82	9	41
1719	0.80	10	40
1720	0.78	11	39
1721	0.78	11	39
1722	0.76	12	38
1723	0.76	12	38
1724	0.76	12	38
1725	0.74	13	37
1726	0.74	13	37
1727	0.72	14	36
1728	0.72	14	36
1729	0.72	14	36
1730	0.74	13	37
1731	0.74	13	37
1732	0.76	12	38
1733	0.76	12	38
1734	0.76	12	38
1735	0.76	12	38
1736	0.76	12	38
1737	0.76	12	38
1738	0.76	12	38
1739	0.76	12	38
1740	0.78	11	39
1741	0.78	11	39
1742	0.78	11	39
1743	0.78	11	39
1744	0.78	11	39
1745	0.78	11	39
1746	0.80	10	40
1747	0.80	10	40
1748	0.80	10	40
1749	0.80	10	40
1750	0.82	9	41
1751	0.82	9	41
1752	0.80	10	40
1753	0.80	10	40
1754	0.78	11	39
1755	0.76	12	38
1756	0.76	12	38
1757	0.76	12	38
1758	0.78	11	39
1759	0.78	11	39
1760	0.78	11	39
1761	0.76	12	38
1762	0.76	12	38
1763	0.74	13	37
1764	0.76	12	38
1765	0.78	11	39
1766	0.78	11	39
1767	0.80	10	40
1768	0.80	10	40
1769	0.82	9	41
1770	0.84	8	42
1771	0.82	9	41
1772	0.84	8	42
1773	0.82	9	41
1774	0.82	9	41
1775	0.82	9	41
1776	0.82	9	41
1777	0.84	8	42
1778	0.84	8	42
1779	0.84	8	42
1780	0.84	8	42
1781	0.84	8	42
1782	0.84	8	42
1783	0.84	8	42
1784	0.84	8	42
1785	0.84	8	42
1786	0.82	9	41
1787	0.80	10	40
1788	0.80	10	40
1789	0.80	10	40
1790	0.80	10	40
1791	0.80	10	40
1792	0.80	10	40
1793	0.78	11	39
1794	0.78	11	39
1795	0.78	11	39
1796	0.78	11	39
1797	0.78	11	39
1798	0.78	11	39
1799	0.78	11	39
1800	0.76	12	38
1801	0.76	12	38
1802	0.78	11	39
1803	0.78	11	39
1804	0.80	10	40
1805	0.82	9	41
1806	0.82	9	41
1807	0.80	10	40
1808	0.80	10	40
1809	0.80	10	40
1810	0.80	10	40
1811	0.82	9	41
1812	0.82	9	41
1813	0.84	8	42
1814	0.84	8	42
1815	0.84	8	42
1816	0.84	8	42
1817	0.84	8	42
1818	0.84	8	42
1819	0.84	8	42
1820	0.84	8	42
1821	0.86	7	43
1822	0.86	7	43
1823	0.88	6	44
1824	0.86	7	43
1825	0.88	6	44
1826	0.88	6	44
1827	0.88	6	44
1828	0.88	6	44
1829	0.88	6	44
1830	0.88	6	44
1831	0.88	6	44
1832	0.88	6	44
1833	0.88	6	44
1834	0.88	6	44
1835	0.88	6	44
1836	0.90	5	45
1837	0.92	4	46
1838	0.92	4	46
1839	0.92	4	46
1840	0.92	4	46
1841	0.92	4	46
1842	0.92	4	46
1843	0.94	3	47
1844	0.94	3	47
1845	0.94	3	47
1846	0.94	3	47
1847	0.94	3	47
1848	0.94	3	47
1849	0.94	3	47
1850	0.94	3	47
1851	0.94	3	47
1852	0.94	3	47
1853	0.94	3	47
1854	0.94	3	47
1855	0.94	3	47
1856	0.94	3	47
1857	0.96	2	48
1858	0.94	3	47
1859	0.94	3	47
1860	0.94	3	47
1861	0.94	3	47
1862	0.94	3	47
1863	0.94	3	47
1864	0.94	3	47
1865	0.92	4	46
1866	0.90	5	45
1867	0.90	5	45
1868	0.90	5	45
1869	0.90	5	45
1870	0.90	5	45
1871	0.90	5	45
1872	0.90	5	45
1873	0.90	5	45
1874	0.92	4	46
1875	0.92	4	46
1876	0.92	4	46
1877	0.92	4	46
1878	0.92	4	46
1879	0.92	4	46
1880	0.92	4	46
1881	0.92	4	46
1882	0.92	4	46
1883	0.92	4	46
1884	0.92	4	46
1885	0.92	4	46
1886	0.92	4	46
1887	0.92	4	46
1888	0.92	4	46
1889	0.92	4	46
1890	0.92	4	46
1891	0.92	4	46
1892	0.92	4	46
1893	0.90	5	45
1894	0.90	5	45
1895	0.88	6	44
1896	0.88	6	44
1897	0.88	6	44
1898	0.86	7	43
1899	0.84	8	42
1900	0.86	7	43
1901	0.84	8	42
1902	0.84	8	42
1903	0.84	8	42
1904	0.84	8	42
1905	0.84	8	42
1906	0.84	8	42
1907	0.82	9	41
1908	0.84	8	42
1909	0.84	8	42
1910	0.84	8	42
1911	0.84	8	42
1912	0.84	8	42
1913	0.84	8	42
1914	0.84	8	42
1915	0.86	7	43
1916	0.88	6	44
1917	0.88	6	44
1918	0.86	7	43
1919	0.84	8	42
1920	0.84	8	42
1921	0.82	9	41
1922	0.82	9	41
1923	0.82	9	41
1924	0.82	9	41
1925	0.82	9	41
1926	0.82	9	41
1927	0.82	9	41
1928	0.82	9	41
1929	0.80	10	40
1930	0.80	10	40
1931	0.78	11	39
1932	0.78	11	39
1933	0.78	11	39
1934	0.76	12	38
1935	0.76	12	38
1936	0.76	12	38
1937	0.76	12	38
1938	0.76	12	38
1939	0.76	12	38
1940	0.76	12	38
1941	0.76	12	38
1942	0.74	13	37
1943	0.76	12	38
1944	0.76	12	38
1945	0.76	12	38
1946	0.76	12	38
1947	0.76	12	38
1948	0.78	11	39
1949	0.80	10	40
1950	0.80	10	40
1951	0.82	9	41
1952	0.82	9	41
1953	0.82	9	41
1954	0.82	9	41
1955	0.82	9	41
1956	0.82	9	41
1957	0.84	8	42
1958	0.84	8	42
1959	0.84	8	42
1960	0.82	9	41
1961	0.82	9	41
1962	0.82	9	41
1963	0.82	9	41
1964	0.82	9	41
1965	0.82	9	41
1966	0.80	10	40
1967	0.78	11	39
1968	0.80	10	40
1969	0.82	9	41
1970	0.82	9	41
1971	0.84	8	42
1972	0.84	8	42
1973	0.82	9	41
1974	0.82	9	41
1975	0.82	9	41
1976	0.82	9	41
1977	0.82	9	41
1978	0.82	9	41
1979	0.82	9	41
1980	0.82	9	41
1981	0.84	8	42
1982	0.84	8	42
1983	0.84	8	42
1984	0.86	7	43
1985	0.86	7	43
1986	0.86	7	43
1987	0.84	8	42
1988	0.84	8	42
1989	0.82	9	41
1990	0.82	9	41
1991	0.82	9	41
1992	0.84	8	42
1993	0.84	8	42
1994	0.84	8	42
1995	0.86	7	43
1996	0.86	7	43
1997	0.86	7	43
1998	0.86	7	43
1999	0.86	7	43
2000	0.16	8	42
2001	0.18	9	41
2002	0.20	10	40
2003	0.22	11	39
2004	0.24	12	38
2005	0.26	13	37
2006	0.28	14	36
2007	0.30	15	35
2008	0.32	16	34
2009	0.34	17	33
2010	0.34	17	33
2011	0.36	18	32
2012	0.36	18	32
2013	0.36	18	32
2014	0.38	19	31
2015	0.40	20	30
2016	0.40	20	30
2017	0.38	19	31
2018	0.40	20	30
2019	0.42	21	29
2020	0.44	22	28
2021	0.44	22	28
2022	0.44	22	28
2023	0.44	22	28
2024	0.46	23	27
2025	0.48	24	26
2026	0.48	24	26
2027	0.50	25	25
2028	0.50	25	25
2029	0.48	24	26
2030	0.50	25	25
2031	0.52	26	24
2032	0.54	27	23
2033	0.54	27	23
2034	0.56	28	22
2035	0.58	29	21
2036	0.58	29	21
2037	0.56	28	22
2038	0.58	29	21
2039	0.58	29	21
2040	0.60	30	20
2041	0.62	31	19
2042	0.64	32	18
2043	0.64	32	18
2044	0.66	33	17
2045	0.68	34	16
2046	0.70	35	15
2047	0.72	36	14
2048	0.74	37	13
2049	0.74	37	13
2050	0.74	37	13
2051	0.74	37	13
2052	0.74	37	13
2053	0.74	37	13
2054	0.74	37	13
2055	0.72	36	14
2056	0.72	36	14
2057	0.72	36	14
2058	0.72	36	14
2059	0.72	36	14
2060	0.72	36	14
2061	0.70	35	15
2062	0.72	36	14
2063	0.74	37	13
2064	0.74	37	13
2065	0.72	36	14
2066	0.72	36	14
2067	0.74	37	13
2068	0.74	37	13
2069	0.74	37	13
2070	0.74	37	13
2071	0.76	38	12
2072	0.76	38	12
2073	0.76	38	12
2074	0.76	38	12
2075	0.76	38	12
2076	0.78	39	11
2077	0.78	39	11
2078	0.80	40	10
2079	0.82	41	9
2080	0.82	41	9
2081	0.82	41	9
2082	0.82	41	9
2083	0.84	42	8
2084	0.84	42	8
2085	0.82	41	9
2086	0.84	42	8
2087	0.86	43	7
2088	0.86	43	7
2089	0.86	43	7
2090	0.86	43	7
2091	0.86	43	7
2092	0.86	43	7
2093	0.88	44	6
2094	0.88	44	6
2095	0.86	43	7
2096	0.86	43	7
2097	0.86	43	7
2098	0.84	42	8
2099	0.86	43	7
2100	0.86	43	7
2101	0.86	43	7
2102	0.86	43	7
2103	0.86	43	7
2104	0.86	43	7
2105	0.88	44	6
2106	0.88	44	6
2107	0.88	44	6
2108	0.88	44	6
2109	0.88	44	6
2110	0.88	44	6
2111	0.90	45	5
2112	0.90	45	5
2113	0.90	45	5
2114	0.90	45	5
2115	0.92	46	4
2116	0.92	46	4
2117	0.92	46	4
2118	0.90	45	5
2119	0.90	45	5
2120	0.88	44	6
2121	0.88	44	6
2122	0.90	45	5
2123	0.90	45	5
2124	0.90	45	5
2125	0.90	45	5
2126	0.90	45	5
2127	0.90	45	5
2128	0.90	45	5
2129	0.90	45	5
2130	0.90	45	5
2131	0.90	45	5
2132	0.90	45	5
2133	0.90	45	5
2134	0.90	45	5
2135	0.92	46	4
2136	0.92	46	4
2137	0.92	46	4
2138	0.92	46	4
2139	0.92	46	4
2140	0.92	46	4
2141	0.92	46	4
2142	0.92	46	4
2143	0.92	46	4
2144	0.92	46	4
2145	0.94	47	3
2146	0.94	47	3
2147	0.94	47	3
2148	0.96	48	2
2149	0.94	47	3
2150	0.94	47	3
2151	0.94	47	3
2152	0.94	47	3
2153	0.94	47	3
2154	0.94	47	3
2155	0.94	47	3
2156	0.94	47	3
2157	0.94	47	3
2158	0.94	47	3
2159	0.94	47	3
2160	0.94	47	3
2161	0.94	47	3
2162	0.94	47	3
2163	0.94	47	3
2164	0.94	47	3
2165	0.94	47	3
2166	0.92	46	4
2167	0.90	45	5
2168	0.92	46	4
2169	0.92	46	4
2170	0.94	47	3
2171	0.94	47	3
2172	0.94	47	3
2173	0.94	47	3
2174	0.94	47	3
2175	0.94	47	3
2176	0.94	47	3
2177	0.94	47	3
2178	0.94	47	3
2179	0.94	47	3
2180	0.94	47	3
2181	0.94	47	3
2182	0.94	47	3
2183	0.94	47	3
2184	0.94	47	3
2185	0.94	47	3
2186	0.94	47	3
2187	0.94	47	3
2188	0.94	47	3
2189	0.94	47	3
2190	0.94	47	3
2191	0.94	47	3
2192	0.94	47	3
2193	0.94	47	3
2194	0.92	46	4
2195	0.92	46	4
2196	0.92	46	4
2197	0.92	46	4
2198	0.92	46	4
2199	0.94	47	3
2200	0.92	46	4
2201	0.92	46	4
2202	0.92	46	4
2203	0.92	46	4
2204	0.92	46	4
2205	0.92	46	4
2206	0.92	46	4
2207	0.92	46	4
2208	0.90	45	5
2209	0.90	45	5
2210	0.90	45	5
2211	0.90	45	5
2212	0.88	44	6
2213	0.88	44	6
2214	0.88	44	6
2215	0.88	44	6
2216	0.90	45	5
2217	0.92	46	4
2218	0.92	46	4
2219	0.90	45	5
2220	0.90	45	5
2221	0.90	45	5
2222	0.88	44	6
2223	0.88	44	6
2224	0.88	44	6
2225	0.88	44	6
2226	0.88	44	6
2227	0.86	43	7
2228	0.86	43	7
2229	0.86	43	7
2230	0.86	43	7
2231	0.86	43	7
2232	0.84	42	8
2233	0.84	42	8
2234	0.84	42	8
2235	0.84	42	8
2236	0.84	42	8
2237	0.84	42	8
2238	0.82	41	9
2239	0.82	41	9
2240	0.82	41	9
2241	0.80	40	10
2242	0.80	40	10
2243	0.80	40	10
2244	0.80	40	10
2245	0.80	40	10
2246	0.80	40	10
2247	0.80	40	10
2248	0.80	40	10
2249	0.78	39	11
2250	0.80	40	10
2251	0.80	40	10
2252	0.78	39	11
2253	0.78	39	11
2254	0.78	39	11
2255	0.78	39	11
2256	0.78	39	11
2257	0.76	38	12
2258	0.78	39	11
2259	0.78	39	11
2260	0.78	39	11
2261	0.78	39	11
2262	0.80	40	10
2263	0.78	39	11
2264	0.78	39	11
2265	0.78	39	11
2266	0.78	39	11
2267	0.78	39	11
2268	0.78	39	11
2269	0.80	40	10
2270	0.80	40	10
2271	0.78	39	11
2272	0.78	39	11
2273	0.76	38	12
2274	0.74	37	13
2275	0.72	36	14
2276	0.70	35	15
2277	0.72	36	14
2278	0.72	36	14
2279	0.72	36	14
2280	0.70	35	15
2281	0.68	34	16
2282	0.68	34	16
2283	0.68	34	16
2284	0.68	34	16
2285	0.66	33	17
2286	0.66	33	17
2287	0.66	33	17
2288	0.66	33	17
2289	0.64	32	18
2290	0.62	31	19
2291	0.64	32	18
2292	0.62	31	19
2293	0.60	30	20
2294	0.62	31	19
2295	0.60	30	20
2296	0.60	30	20
2297	0.60	30	20
2298	0.58	29	21
2299	0.60	30	20
2300	0.60	30	20
2301	0.60	30	20
2302	0.62	31	19
2303	0.60	30	20
2304	0.58	29	21
2305	0.56	28	22
2306	0.54	27	23
2307	0.56	28	22
2308	0.56	28	22
2309	0.56	28	22
2310	0.56	28	22
2311	0.56	28	22
2312	0.56	28	22
2313	0.58	29	21
2314	0.58	29	21
2315	0.58	29	21
2316	0.58	29	21
2317	0.56	28	22
2318	0.56	28	22
2319	0.56	28	22
2320	0.56	28	22
2321	0.56	28	22
2322	0.58	29	21
2323	0.60	30	20
2324	0.62	31	19
2325	0.64	32	18
2326	0.64	32	18
2327	0.64	32	18
2328	0.62	31	19
2329	0.62	31	19
2330	0.64	32	18
2331	0.66	33	17
2332	0.68	34	16
2333	0.68	34	16
2334	0.68	34	16
2335	0.70	35	15
2336	0.70	35	15
2337	0.70	35	15
2338	0.72	36	14
2339	0.74	37	13
2340	0.76	38	12
2341	0.74	37	13
2342	0.76	38	12
2343	0.78	39	11
2344	0.78	39	11
2345	0.80	40	10
2346	0.80	40	10
2347	0.80	40	10
2348	0.80	40	10
2349	0.80	40	10
2350	0.80	40	10
2351	0.80	40	10
2352	0.80	40	10
2353	0.82	41	9
2354	0.84	42	8
2355	0.86	43	7
2356	0.88	44	6
2357	0.86	43	7
2358	0.86	43	7
2359	0.84	42	8
2360	0.84	42	8
2361	0.84	42	8
2362	0.84	42	8
2363	0.84	42	8
2364	0.84	42	8
2365	0.84	42	8
2366	0.82	41	9
2367	0.84	42	8
2368	0.82	41	9
2369	0.82	41	9
2370	0.82	41	9
2371	0.84	42	8
2372	0.82	41	9
2373	0.82	41	9
2374	0.82	41	9
2375	0.82	41	9
2376	0.84	42	8
2377	0.82	41	9
2378	0.84	42	8
2379	0.84	42	8
2380	0.84	42	8
2381	0.84	42	8
2382	0.84	42	8
2383	0.84	42	8
2384	0.84	42	8
2385	0.84	42	8
2386	0.84	42	8
2387	0.84	42	8
2388	0.84	42	8
2389	0.82	41	9
2390	0.82	41	9
2391	0.84	42	8
2392	0.84	42	8
2393	0.84	42	8
2394	0.84	42	8
2395	0.84	42	8
2396	0.84	42	8
2397	0.84	42	8
2398	0.84	42	8
2399	0.84	42	8
2400	0.82	41	9
2401	0.80	40	10
2402	0.80	40	10
2403	0.80	40	10
2404	0.78	39	11
2405	0.78	39	11
2406	0.78	39	11
2407	0.80	40	10
2408	0.80	40	10
2409	0.82	41	9
2410	0.82	41	9
2411	0.82	41	9
2412	0.82	41	9
2413	0.82	41	9
2414	0.80	40	10
2415	0.78	39	11
2416	0.80	40	10
2417	0.80	40	10
2418	0.82	41	9
2419	0.80	40	10
2420	0.78	39	11
2421	0.78	39	11
2422	0.80	40	10
2423	0.80	40	10
2424	0.80	40	10
2425	0.80	40	10
2426	0.80	40	10
2427	0.80	40	10
2428	0.80	40	10
2429	0.80	40	10
2430	0.80	40	10
2431	0.80	40	10
2432	0.80	40	10
2433	0.80	40	10
2434	0.80	40	10
2435	0.80	40	10
2436	0.78	39	11
2437	0.78	39	11
2438	0.78	39	11
2439	0.80	40	10
2440	0.80	40	10
2441	0.78	39	11
2442	0.78	39	11
2443	0.78	39	11
2444	0.78	39	11
2445	0.78	39	11
2446	0.78	39	11
2447	0.78	39	11
2448	0.80	40	10
2449	0.80	40	10
2450	0.82	41	9
2451	0.82	41	9
2452	0.82	41	9
2453	0.82	41	9
2454	0.82	41	9
2455	0.82	41	9
2456	0.82	41	9
2457	0.82	41	9
2458	0.82	41	9
2459	0.80	40	10
2460	0.80	40	10
2461	0.80	40	10
2462	0.80	40	10
2463	0.78	39	11
2464	0.80	40	10
2465	0.82	41	9
2466	0.82	41	9
2467	0.80	40	10
2468	0.78	39	11
2469	0.80	40	10
2470	0.82	41	9
2471	0.82	41	9
2472	0.80	40	10
2473	0.80	40	10
2474	0.78	39	11
2475	0.76	38	12
2476	0.76	38	12
2477	0.78	39	11
2478	0.78	39	11
2479	0.78	39	11
2480	0.78	39	11
2481	0.76	38	12
2482	0.76	38	12
2483	0.76	38	12
2484	0.76	38	12
2485	0.74	37	13
2486	0.76	38	12
2487	0.76	38	12
2488	0.74	37	13
2489	0.74	37	13
2490	0.74	37	13
2491	0.76	38	12
2492	0.76	38	12
2493	0.76	38	12
2494	0.76	38	12
2495	0.76	38	12
2496	0.76	38	12
2497	0.76	38	12
2498	0.74	37	13
2499	0.72	36	14
2500	0.30	35	15
2501	0.28	36	14
2502	0.30	35	15
2503	0.30	35	15
2504	0.30	35	15
2505	0.32	34	16
2506	0.32	34	16
2507	0.34	33	17
2508	0.36	32	18
2509	0.36	32	18
2510	0.38	31	19
2511	0.40	30	20
2512	0.42	29	21
2513	0.40	30	20
2514	0.42	29	21
2515	0.44	28	22
2516	0.46	27	23
2517	0.46	27	23
2518	0.46	27	23
2519	0.48	26	24
2520	0.50	25	25
2521	0.50	25	25
2522	0.48	26	24
2523	0.50	25	25
2524	0.50	25	25
2525	0.50	25	25
2526	0.52	24	26
2527	0.54	23	27
2528	0.56	22	28
2529	0.58	21	29
2530	0.60	20	30
2531	0.60	20	30
2532	0.62	19	31
2533	0.64	18	32
2534	0.66	17	33
2535	0.66	17	33
2536	0.68	16	34
2537	0.70	15	35
2538	0.68	16	34
2539	0.70	15	35
2540	0.72	14	36
2541	0.74	13	37
2542	0.76	12	38
2543	0.78	11	39
2544	0.80	10	40
2545	0.82	9	41
2546	0.84	8	42
2547	0.86	7	43
2548	0.86	7	43
2549	0.84	8	42
2550	0.82	9	41
2551	0.84	8	42
2552	0.82	9	41
2553	0.84	8	42
2554	0.84	8	42
2555	0.84	8	42
2556	0.86	7	43
2557	0.84	8	42
2558	0.84	8	42
2559	0.84	8	42
2560	0.84	8	42
2561	0.84	8	42
2562	0.84	8	42
2563	0.86	7	43
2564	0.86	7	43
2565	0.86	7	43
2566	0.86	7	43
2567	0.86	7	43
2568	0.86	7	43
2569	0.86	7	43
2570	0.86	7	43
2571	0.88	6	44
2572	0.90	5	45
2573	0.90	5	45
2574	0.90	5	45
2575	0.88	6	44
2576	0.86	7	43
2577	0.86	7	43
2578	0.86	7	43
2579	0.86	7	43
2580	0.86	7	43
2581	0.86	7	43
2582	0.86	7	43
2583	0.86	7	43
2584	0.86	7	43
2585	0.86	7	43
2586	0.86	7	43
2587	0.86	7	43
2588	0.88	6	44
2589	0.88	6	44
2590	0.88	6	44
2591	0.88	6	44
2592	0.88	6	44
2593	0.88	6	44
2594	0.88	6	44
2595	0.88	6	44
2596	0.88	6	44
2597	0.88	6	44
2598	0.88	6	44
2599	0.88	6	44
2600	0.90	5	45
2601	0.90	5	45
2602	0.92	4	46
2603	0.92	4	46
2604	0.92	4	46
2605	0.90	5	45
2606	0.88	6	44
2607	0.90	5	45
2608	0.90	5	45
2609	0.90	5	45
2610	0.88	6	44
2611	0.86	7	43
2612	0.84	8	42
2613	0.82	9	41
2614	0.82	9	41
2615	0.82	9	41
2616	0.82	9	41
2617	0.82	9	41
2618	0.82	9	41
2619	0.82	9	41
2620	0.80	10	40
2621	0.78	11	39
2622	0.76	12	38
2623	0.74	13	37
2624	0.74	13	37
2625	0.76	12	38
2626	0.78	11	39
2627	0.78	11	39
2628	0.78	11	39
2629	0.78	11	39
2630	0.76	12	38
2631	0.76	12	38
2632	0.76	12	38
2633	0.76	12	38
2634	0.74	13	37
2635	0.74	13	37
2636	0.74	13	37
2637	0.74	13	37
2638	0.74	13	37
2639	0.72	14	36
2640	0.72	14	36
2641	0.72	14	36
2642	0.72	14	36
2643	0.72	14	36
2644	0.72	14	36
2645	0.72	14	36
2646	0.72	14	36
2647	0.70	15	35
2648	0.70	15	35
2649	0.70	15	35
2650	0.68	16	34
2651	0.66	17	33
2652	0.66	17	33
2653	0.66	17	33
2654	0.66	17	33
2655	0.68	16	34
2656	0.70	15	35
2657	0.70	15	35
2658	0.70	15	35
2659	0.70	15	35
2660	0.72	14	36
2661	0.72	14	36
2662	0.72	14	36
2663	0.74	13	37
2664	0.72	14	36
2665	0.72	14	36
2666	0.70	15	35
2667	0.70	15	35
2668	0.68	16	34
2669	0.68	16	34
2670	0.70	15	35
2671	0.72	14	36
2672	0.74	13	37
2673	0.76	12	38
2674	0.76	12	38
2675	0.76	12	38
2676	0.76	12	38
2677	0.76	12	38
2678	0.76	12	38
2679	0.76	12	38
2680	0.78	11	39
2681	0.78	11	39
2682	0.76	12	38
2683	0.74	13	37
2684	0.76	12	38
2685	0.76	12	38
2686	0.76	12	38
2687	0.76	12	38
2688	0.76	12	38
2689	0.78	11	39
2690	0.78	11	39
2691	0.76	12	38
2692	0.76	12	38
2693	0.76	12	38
2694	0.76	12	38
2695	0.76	12	38
2696	0.76	12	38
2697	0.78	11	39
2698	0.76	12	38
2699	0.76	12	38
2700	0.78	11	39
2701	0.80	10	40
2702	0.80	10	40
2703	0.80	10	40
2704	0.80	10	40
2705	0.80	10	40
2706	0.80	10	40
2707	0.80	10	40
2708	0.78	11	39
2709	0.78	11	39
2710	0.78	11	39
2711	0.80	10	40
2712	0.82	9	41
2713	0.82	9	41
2714	0.84	8	42
2715	0.84	8	42
2716	0.86	7	43
2717	0.86	7	43
2718	0.88	6	44
2719	0.88	6	44
2720	0.88	6	44
2721	0.86	7	43
2722	0.84	8	42
2723	0.84	8	42
2724	0.84	8	42
2725	0.82	9	41
2726	0.82	9	41
2727	0.82	9	41
2728	0.82	9	41
2729	0.80	10	40
2730	0.80	10	40
2731	0.80	10	40
2732	0.82	9	41
2733	0.84	8	42
2734	0.84	8	42
2735	0.82	9	41
2736	0.82	9	41
2737	0.82	9	41
2738	0.82	9	41
2739	0.82	9	41
2740	0.82	9	41
2741	0.84	8	42
2742	0.84	8	42
2743	0.84	8	42
2744	0.84	8	42
2745	0.84	8	42
2746	0.84	8	42
2747	0.84	8	42
2748	0.86	7	43
2749	0.88	6	44
2750	0.88	6	44
2751	0.88	6	44
2752	0.88	6	44
2753	0.88	6	44
2754	0.88	6	44
2755	0.88	6	44
2756	0.88	6	44
2757	0.88	6	44
2758	0.90	5	45
2759	0.90	5	45
2760	0.90	5	45
2761	0.90	5	45
2762	0.90	5	45
2763	0.90	5	45
2764	0.90	5	45
2765	0.90	5	45
2766	0.90	5	45
2767	0.90	5	45
2768	0.90	5	45
2769	0.90	5	45
2770	0.90	5	45
2771	0.92	4	46
2772	0.94	3	47
2773	0.94	3	47
2774	0.94	3	47
2775	0.96	2	48
2776	0.96	2	48
2777	0.96	2	48
2778	0.96	2	48
2779	0.98	1	49
2780	0.98	1	49
2781	0.98	1	49
2782	0.98	1	49
2783	0.98	1	49
2784	0.98	1	49
2785	0.98	1	49
2786	0.98	1	49
2787	0.98	1	49
2788	0.98	1	49
2789	0.98	1	49
2790	0.98	1	49
2791	0.98	1	49
2792	0.98	1	49
2793	0.98	1	49
2794	0.96	2	48
2795	0.96	2	48
2796	0.94	3	47
2797	0.94	3	47
2798	0.92	4	46
2799	0.92	4	46
2800	0.92	4	46
2801	0.92	4	46
2802	0.92	4	46
2803	0.92	4	46
2804	0.92	4	46
2805	0.92	4	46
2806	0.92	4	46
2807	0.92	4	46
2808	0.92	4	46
2809	0.92	4	46
2810	0.92	4	46
2811	0.92	4	46
2812	0.92	4	46
2813	0.92	4	46
2814	0.92	4	46
2815	0.90	5	45
2816	0.90	5	45
2817	0.90	5	45
2818	0.90	5	45
2819	0.90	5	45
2820	0.90	5	45
2821	0.90	5	45
2822	0.90	5	45
2823	0.90	5	45
2824	0.90	5	45
2825	0.88	6	44
2826	0.88	6	44
2827	0.88	6	44
2828	0.88	6	44
2829	0.88	6	44
2830	0.88	6	44
2831	0.86	7	43
2832	0.86	7	43
2833	0.86	7	43
2834	0.86	7	43
2835	0.88	6	44
2836	0.88	6	44
2837	0.88	6	44
2838	0.88	6	44
2839	0.88	6	44
2840	0.88	6	44
2841	0.86	7	43
2842	0.86	7	43
2843	0.86	7	43
2844	0.88	6	44
2845	0.88	6	44
2846	0.88	6	44
2847	0.86	7	43
2848	0.88	6	44
2849	0.88	6	44
2850	0.88	6	44
2851	0.86	7	43
2852	0.86	7	43
2853	0.86	7	43
2854	0.86	7	43
2855	0.86	7	43
2856	0.86	7	43
2857	0.86	7	43
2858	0.84	8	42
2859	0.84	8	42
2860	0.84	8	42
2861	0.84	8	42
2862	0.82	9	41
2863	0.82	9	41
2864	0.82	9	41
2865	0.84	8	42
2866	0.84	8	42
2867	0.84	8	42
2868	0.84	8	42
2869	0.84	8	42
2870	0.84	8	42
2871	0.84	8	42
2872	0.82	9	41
2873	0.82	9	41
2874	0.82	9	41
2875	0.84	8	42
2876	0.84	8	42
2877	0.84	8	42
2878	0.84	8	42
2879	0.82	9	41
2880	0.82	9	41
2881	0.84	8	42
2882	0.84	8	42
2883	0.84	8	42
2884	0.84	8	42
2885	0.84	8	42
2886	0.84	8	42
2887	0.84	8	42
2888	0.84	8	42
2889	0.84	8	42
2890	0.84	8	42
2891	0.86	7	43
2892	0.86	7	43
2893	0.86	7	43
2894	0.86	7	43
2895	0.86	7	43
2896	0.86	7	43
2897	0.86	7	43
2898	0.86	7	43
2899	0.86	7	43
2900	0.86	7	43
2901	0.88	6	44
2902	0.88	6	44
2903	0.88	6	44
2904	0.88	6	44
2905	0.88	6	44
2906	0.86	7	43
2907	0.86	7	43
2908	0.88	6	44
2909	0.88	6	44
2910	0.88	6	44
2911	0.88	6	44
2912	0.90	5	45
2913	0.90	5	45
2914	0.90	5	45
2915	0.90	5	45
2916	0.88	6	44
2917	0.88	6	44
2918	0.88	6	44
2919	0.88	6	44
2920	0.88	6	44
2921	0.88	6	44
2922	0.90	5	45
2923	0.88	6	44
2924	0.88	6	44
2925	0.88	6	44
2926	0.88	6	44
2927	0.88	6	44
2928	0.88	6	44
2929	0.90	5	45
2930	0.88	6	44
2931	0.88	6	44
2932	0.88	6	44
2933	0.86	7	43
2934	0.84	8	42
2935	0.84	8	42
2936	0.82	9	41
2937	0.82	9	41
2938	0.82	9	41
2939	0.82	9	41
2940	0.82	9	41
2941	0.80	10	40
2942	0.80	10	40
2943	0.80	10	40
2944	0.80	10	40
2945	0.80	10	40
2946	0.82	9	41
2947	0.84	8	42
2948	0.84	8	42
2949	0.84	8	42
2950	0.84	8	42
2951	0.84	8	42
2952	0.84	8	42
2953	0.84	8	42
2954	0.82	9	41
2955	0.82	9	41
2956	0.84	8	42
2957	0.84	8	42
2958	0.82	9	41
2959	0.82	9	41
2960	0.82	9	41
2961	0.82	9	41
2962	0.82	9	41
2963	0.82	9	41
2964	0.82	9	41
2965	0.82	9	41
2966	0.82	9	41
2967	0.82	9	41
2968	0.82	9	41
2969	0.82	9	41
2970	0.80	10	40
2971	0.80	10	40
2972	0.78	11	39
2973	0.80	10	40
2974	0.78	11	39
2975	0.78	11	39
2976	0.78	11	39
2977	0.78	11	39
2978	0.78	11	39
2979	0.78	11	39
2980	0.80	10	40
2981	0.78	11	39
2982	0.78	11	39
2983	0.80	10	40
2984	0.82	9	41
2985	0.82	9	41
2986	0.82	9	41
2987	0.82	9	41
2988	0.82	9	41
2989	0.82	9	41
2990	0.82	9	41
2991	0.84	8	42
2992	0.84	8	42
2993	0.84	8	42
2994	0.84	8	42
2995	0.84	8	42
2996	0.84	8	42
2997	0.82	9	41
2998	0.80	10	40
2999	0.80	10	40
