timestep	swarm_quality	color_0	color_1
0	0.70	35	15
1	0.70	35	15
2	0.68	34	16
3	0.68	34	16
4	0.68	34	16
5	0.68	34	16
6	0.68	34	16
7	0.68	34	16
8	0.68	34	16
9	0.66	33	17
10	0.66	33	17
11	0.66	33	17
12	0.64	32	18
13	0.64	32	18
14	0.64	32	18
15	0.64	32	18
16	0.64	32	18
17	0.64	32	18
18	0.64	32	18
19	0.62	31	19
20	0.62	31	19
21	0.62	31	19
22	0.60	30	20
23	0.60	30	20
24	0.60	30	20
25	0.58	29	21
26	0.58	29	21
27	0.58	29	21
28	0.56	28	22
29	0.56	28	22
30	0.56	28	22
31	0.56	28	22
32	0.56	28	22
33	0.56	28	22
34	0.56	28	22
35	0.56	28	22
36	0.56	28	22
37	0.58	29	21
38	0.60	30	20
39	0.62	31	19
40	0.64	32	18
41	0.66	33	17
42	0.68	34	16
43	0.70	35	15
44	0.72	36	14
45	0.74	37	13
46	0.74	37	13
47	0.76	38	12
48	0.78	39	11
49	0.80	40	10
50	0.80	40	10
51	0.80	40	10
52	0.82	41	9
53	0.80	40	10
54	0.80	40	10
55	0.80	40	10
56	0.80	40	10
57	0.80	40	10
58	0.80	40	10
59	0.82	41	9
60	0.82	41	9
61	0.82	41	9
62	0.84	42	8
63	0.84	42	8
64	0.84	42	8
65	0.84	42	8
66	0.82	41	9
67	0.82	41	9
68	0.82	41	9
69	0.84	42	8
70	0.84	42	8
71	0.84	42	8
72	0.86	43	7
73	0.86	43	7
74	0.86	43	7
75	0.88	44	6
76	0.88	44	6
77	0.88	44	6
78	0.90	45	5
79	0.90	45	5
80	0.90	45	5
81	0.90	45	5
82	0.90	45	5
83	0.90	45	5
84	0.90	45	5
85	0.92	46	4
86	0.94	47	3
87	0.94	47	3
88	0.94	47	3
89	0.94	47	3
90	0.94	47	3
91	0.94	47	3
92	0.94	47	3
93	0.94	47	3
94	0.94	47	3
95	0.94	47	3
96	0.96	48	2
97	0.96	48	2
98	0.96	48	2
99	0.96	48	2
100	0.96	48	2
101	0.96	48	2
102	0.96	48	2
103	0.98	49	1
104	0.98	49	1
105	0.98	49	1
106	0.96	48	2
107	0.96	48	2
108	0.96	48	2
109	0.96	48	2
110	0.94	47	3
111	0.94	47	3
112	0.94	47	3
113	0.94	47	3
114	0.94	47	3
115	0.94	47	3
116	0.96	48	2
117	0.96	48	2
118	0.96	48	2
119	0.96	48	2
120	0.96	48	2
121	0.96	48	2
122	0.96	48	2
123	0.96	48	2
124	0.96	48	2
125	0.96	48	2
126	0.96	48	2
127	0.96	48	2
128	0.96	48	2
129	0.96	48	2
130	0.96	48	2
131	0.96	48	2
132	0.96	48	2
133	0.96	48	2
134	0.96	48	2
135	0.96	48	2
136	0.94	47	3
137	0.94	47	3
138	0.94	47	3
139	0.94	47	3
140	0.94	47	3
141	0.94	47	3
142	0.94	47	3
143	0.94	47	3
144	0.94	47	3
145	0.94	47	3
146	0.94	47	3
147	0.94	47	3
148	0.94	47	3
149	0.94	47	3
150	0.94	47	3
151	0.92	46	4
152	0.92	46	4
153	0.92	46	4
154	0.92	46	4
155	0.92	46	4
156	0.94	47	3
157	0.94	47	3
158	0.94	47	3
159	0.94	47	3
160	0.96	48	2
161	0.96	48	2
162	0.96	48	2
163	0.96	48	2
164	0.96	48	2
165	0.96	48	2
166	0.96	48	2
167	0.96	48	2
168	0.96	48	2
169	0.96	48	2
170	0.96	48	2
171	0.96	48	2
172	0.96	48	2
173	0.96	48	2
174	0.96	48	2
175	0.96	48	2
176	0.96	48	2
177	0.96	48	2
178	0.96	48	2
179	0.96	48	2
180	0.96	48	2
181	0.96	48	2
182	0.96	48	2
183	0.96	48	2
184	0.96	48	2
185	0.96	48	2
186	0.98	49	1
187	0.98	49	1
188	0.98	49	1
189	0.98	49	1
190	0.96	48	2
191	0.96	48	2
192	0.96	48	2
193	0.96	48	2
194	0.96	48	2
195	0.96	48	2
196	0.96	48	2
197	0.96	48	2
198	0.96	48	2
199	0.96	48	2
200	0.96	48	2
201	0.98	49	1
202	0.98	49	1
203	0.98	49	1
204	0.98	49	1
205	0.98	49	1
206	0.98	49	1
207	0.98	49	1
208	0.98	49	1
209	0.98	49	1
210	0.98	49	1
211	0.98	49	1
212	0.98	49	1
213	0.98	49	1
214	0.98	49	1
215	0.98	49	1
216	0.98	49	1
217	0.98	49	1
218	0.98	49	1
219	0.98	49	1
220	0.96	48	2
221	0.96	48	2
222	0.96	48	2
223	0.96	48	2
224	0.96	48	2
225	0.96	48	2
226	0.96	48	2
227	0.96	48	2
228	0.94	47	3
229	0.94	47	3
230	0.94	47	3
231	0.94	47	3
232	0.94	47	3
233	0.94	47	3
234	0.94	47	3
235	0.94	47	3
236	0.94	47	3
237	0.94	47	3
238	0.94	47	3
239	0.94	47	3
240	0.96	48	2
241	0.96	48	2
242	0.96	48	2
243	0.96	48	2
244	0.96	48	2
245	0.96	48	2
246	0.96	48	2
247	0.96	48	2
248	0.94	47	3
249	0.94	47	3
250	0.94	47	3
251	0.94	47	3
252	0.94	47	3
253	0.94	47	3
254	0.94	47	3
255	0.94	47	3
256	0.94	47	3
257	0.94	47	3
258	0.94	47	3
259	0.94	47	3
260	0.94	47	3
261	0.94	47	3
262	0.94	47	3
263	0.94	47	3
264	0.92	46	4
265	0.92	46	4
266	0.92	46	4
267	0.92	46	4
268	0.92	46	4
269	0.92	46	4
270	0.94	47	3
271	0.94	47	3
272	0.94	47	3
273	0.94	47	3
274	0.94	47	3
275	0.94	47	3
276	0.94	47	3
277	0.94	47	3
278	0.96	48	2
279	0.96	48	2
280	0.96	48	2
281	0.96	48	2
282	0.96	48	2
283	0.96	48	2
284	0.96	48	2
285	0.96	48	2
286	0.96	48	2
287	0.96	48	2
288	0.96	48	2
289	0.96	48	2
290	0.96	48	2
291	0.96	48	2
292	0.96	48	2
293	0.96	48	2
294	0.96	48	2
295	0.96	48	2
296	0.96	48	2
297	0.96	48	2
298	0.98	49	1
299	0.98	49	1
300	0.98	49	1
301	0.98	49	1
302	0.98	49	1
303	0.98	49	1
304	0.98	49	1
305	0.98	49	1
306	0.98	49	1
307	0.98	49	1
308	0.98	49	1
309	0.98	49	1
310	0.98	49	1
311	0.98	49	1
312	0.98	49	1
313	0.98	49	1
314	1.00	50	0
315	1.00	50	0
316	1.00	50	0
317	1.00	50	0
318	1.00	50	0
319	1.00	50	0
320	1.00	50	0
321	1.00	50	0
322	1.00	50	0
323	1.00	50	0
324	1.00	50	0
325	1.00	50	0
326	1.00	50	0
327	1.00	50	0
328	1.00	50	0
329	1.00	50	0
330	1.00	50	0
331	1.00	50	0
332	1.00	50	0
333	1.00	50	0
334	1.00	50	0
335	1.00	50	0
336	1.00	50	0
337	1.00	50	0
338	1.00	50	0
339	1.00	50	0
340	1.00	50	0
341	1.00	50	0
342	1.00	50	0
343	1.00	50	0
344	1.00	50	0
345	1.00	50	0
346	1.00	50	0
347	1.00	50	0
348	1.00	50	0
349	1.00	50	0
350	1.00	50	0
351	0.98	49	1
352	0.98	49	1
353	0.98	49	1
354	0.98	49	1
355	0.98	49	1
356	0.98	49	1
357	0.98	49	1
358	0.98	49	1
359	0.98	49	1
360	0.98	49	1
361	0.98	49	1
362	0.98	49	1
363	0.98	49	1
364	0.98	49	1
365	0.98	49	1
366	0.98	49	1
367	0.98	49	1
368	0.98	49	1
369	0.98	49	1
370	0.98	49	1
371	0.98	49	1
372	0.98	49	1
373	0.98	49	1
374	0.98	49	1
375	0.98	49	1
376	0.98	49	1
377	0.98	49	1
378	0.98	49	1
379	0.98	49	1
380	0.98	49	1
381	0.98	49	1
382	0.96	48	2
383	0.96	48	2
384	0.96	48	2
385	0.96	48	2
386	0.96	48	2
387	0.96	48	2
388	0.96	48	2
389	0.96	48	2
390	0.96	48	2
391	0.96	48	2
392	0.96	48	2
393	0.96	48	2
394	0.96	48	2
395	0.96	48	2
396	0.96	48	2
397	0.96	48	2
398	0.96	48	2
399	0.96	48	2
400	0.96	48	2
401	0.98	49	1
402	0.98	49	1
403	0.98	49	1
404	0.98	49	1
405	0.98	49	1
406	0.98	49	1
407	0.98	49	1
408	0.98	49	1
409	0.98	49	1
410	0.98	49	1
411	0.98	49	1
412	0.98	49	1
413	0.98	49	1
414	0.98	49	1
415	0.98	49	1
416	0.98	49	1
417	0.98	49	1
418	0.98	49	1
419	0.98	49	1
420	0.98	49	1
421	0.98	49	1
422	0.98	49	1
423	0.98	49	1
424	0.98	49	1
425	0.98	49	1
426	0.98	49	1
427	0.98	49	1
428	0.98	49	1
429	0.98	49	1
430	0.98	49	1
431	0.96	48	2
432	0.98	49	1
433	0.98	49	1
434	0.98	49	1
435	0.98	49	1
436	0.98	49	1
437	0.98	49	1
438	0.98	49	1
439	0.98	49	1
440	0.98	49	1
441	0.98	49	1
442	0.98	49	1
443	0.98	49	1
444	0.98	49	1
445	0.98	49	1
446	0.98	49	1
447	0.98	49	1
448	0.98	49	1
449	0.98	49	1
450	0.98	49	1
451	0.98	49	1
452	0.98	49	1
453	0.98	49	1
454	0.98	49	1
455	0.98	49	1
456	0.98	49	1
457	0.98	49	1
458	0.98	49	1
459	0.98	49	1
460	0.98	49	1
461	0.98	49	1
462	0.98	49	1
463	0.98	49	1
464	0.98	49	1
465	0.98	49	1
466	0.98	49	1
467	0.98	49	1
468	0.98	49	1
469	0.98	49	1
470	0.98	49	1
471	0.98	49	1
472	0.98	49	1
473	0.98	49	1
474	0.98	49	1
475	0.98	49	1
476	0.98	49	1
477	0.98	49	1
478	0.98	49	1
479	0.98	49	1
480	0.98	49	1
481	1.00	50	0
482	1.00	50	0
483	1.00	50	0
484	1.00	50	0
485	1.00	50	0
486	1.00	50	0
487	1.00	50	0
488	1.00	50	0
489	1.00	50	0
490	1.00	50	0
491	1.00	50	0
492	1.00	50	0
493	1.00	50	0
494	1.00	50	0
495	1.00	50	0
496	1.00	50	0
497	1.00	50	0
498	1.00	50	0
499	1.00	50	0
500	0.00	50	0
501	0.00	50	0
502	0.00	50	0
503	0.00	50	0
504	0.00	50	0
505	0.00	50	0
506	0.02	49	1
507	0.02	49	1
508	0.02	49	1
509	0.02	49	1
510	0.02	49	1
511	0.02	49	1
512	0.04	48	2
513	0.04	48	2
514	0.04	48	2
515	0.04	48	2
516	0.04	48	2
517	0.04	48	2
518	0.04	48	2
519	0.06	47	3
520	0.06	47	3
521	0.06	47	3
522	0.06	47	3
523	0.08	46	4
524	0.08	46	4
525	0.10	45	5
526	0.12	44	6
527	0.12	44	6
528	0.12	44	6
529	0.12	44	6
530	0.14	43	7
531	0.16	42	8
532	0.18	41	9
533	0.20	40	10
534	0.22	39	11
535	0.22	39	11
536	0.22	39	11
537	0.22	39	11
538	0.22	39	11
539	0.24	38	12
540	0.24	38	12
541	0.26	37	13
542	0.28	36	14
543	0.28	36	14
544	0.30	35	15
545	0.32	34	16
546	0.34	33	17
547	0.36	32	18
548	0.38	31	19
549	0.40	30	20
550	0.40	30	20
551	0.42	29	21
552	0.42	29	21
553	0.44	28	22
554	0.46	27	23
555	0.48	26	24
556	0.48	26	24
557	0.50	25	25
558	0.52	24	26
559	0.54	23	27
560	0.56	22	28
561	0.58	21	29
562	0.58	21	29
563	0.60	20	30
564	0.60	20	30
565	0.60	20	30
566	0.60	20	30
567	0.60	20	30
568	0.62	19	31
569	0.62	19	31
570	0.64	18	32
571	0.66	17	33
572	0.68	16	34
573	0.68	16	34
574	0.70	15	35
575	0.68	16	34
576	0.68	16	34
577	0.70	15	35
578	0.72	14	36
579	0.72	14	36
580	0.72	14	36
581	0.72	14	36
582	0.72	14	36
583	0.72	14	36
584	0.72	14	36
585	0.74	13	37
586	0.76	12	38
587	0.78	11	39
588	0.80	10	40
589	0.80	10	40
590	0.82	9	41
591	0.82	9	41
592	0.82	9	41
593	0.84	8	42
594	0.82	9	41
595	0.82	9	41
596	0.82	9	41
597	0.82	9	41
598	0.82	9	41
599	0.80	10	40
600	0.82	9	41
601	0.82	9	41
602	0.84	8	42
603	0.84	8	42
604	0.84	8	42
605	0.84	8	42
606	0.82	9	41
607	0.82	9	41
608	0.82	9	41
609	0.82	9	41
610	0.82	9	41
611	0.82	9	41
612	0.82	9	41
613	0.82	9	41
614	0.84	8	42
615	0.84	8	42
616	0.86	7	43
617	0.88	6	44
618	0.88	6	44
619	0.88	6	44
620	0.88	6	44
621	0.88	6	44
622	0.88	6	44
623	0.88	6	44
624	0.88	6	44
625	0.90	5	45
626	0.90	5	45
627	0.90	5	45
628	0.90	5	45
629	0.92	4	46
630	0.92	4	46
631	0.92	4	46
632	0.92	4	46
633	0.92	4	46
634	0.92	4	46
635	0.92	4	46
636	0.90	5	45
637	0.90	5	45
638	0.90	5	45
639	0.90	5	45
640	0.90	5	45
641	0.90	5	45
642	0.90	5	45
643	0.90	5	45
644	0.92	4	46
645	0.92	4	46
646	0.92	4	46
647	0.92	4	46
648	0.92	4	46
649	0.94	3	47
650	0.94	3	47
651	0.94	3	47
652	0.94	3	47
653	0.92	4	46
654	0.92	4	46
655	0.92	4	46
656	0.94	3	47
657	0.94	3	47
658	0.94	3	47
659	0.92	4	46
660	0.92	4	46
661	0.92	4	46
662	0.92	4	46
663	0.90	5	45
664	0.90	5	45
665	0.92	4	46
666	0.90	5	45
667	0.90	5	45
668	0.90	5	45
669	0.90	5	45
670	0.90	5	45
671	0.90	5	45
672	0.90	5	45
673	0.90	5	45
674	0.90	5	45
675	0.90	5	45
676	0.90	5	45
677	0.90	5	45
678	0.90	5	45
679	0.90	5	45
680	0.90	5	45
681	0.90	5	45
682	0.90	5	45
683	0.90	5	45
684	0.90	5	45
685	0.90	5	45
686	0.92	4	46
687	0.92	4	46
688	0.92	4	46
689	0.92	4	46
690	0.92	4	46
691	0.92	4	46
692	0.92	4	46
693	0.92	4	46
694	0.92	4	46
695	0.92	4	46
696	0.92	4	46
697	0.92	4	46
698	0.92	4	46
699	0.92	4	46
700	0.92	4	46
701	0.92	4	46
702	0.92	4	46
703	0.94	3	47
704	0.94	3	47
705	0.94	3	47
706	0.94	3	47
707	0.94	3	47
708	0.92	4	46
709	0.94	3	47
710	0.94	3	47
711	0.94	3	47
712	0.94	3	47
713	0.96	2	48
714	0.96	2	48
715	0.96	2	48
716	0.96	2	48
717	0.96	2	48
718	0.96	2	48
719	0.96	2	48
720	0.96	2	48
721	0.96	2	48
722	0.96	2	48
723	0.96	2	48
724	0.96	2	48
725	0.94	3	47
726	0.94	3	47
727	0.94	3	47
728	0.94	3	47
729	0.94	3	47
730	0.94	3	47
731	0.94	3	47
732	0.94	3	47
733	0.94	3	47
734	0.94	3	47
735	0.94	3	47
736	0.94	3	47
737	0.94	3	47
738	0.94	3	47
739	0.94	3	47
740	0.94	3	47
741	0.94	3	47
742	0.94	3	47
743	0.94	3	47
744	0.94	3	47
745	0.94	3	47
746	0.94	3	47
747	0.94	3	47
748	0.94	3	47
749	0.94	3	47
750	0.94	3	47
751	0.94	3	47
752	0.94	3	47
753	0.94	3	47
754	0.94	3	47
755	0.94	3	47
756	0.94	3	47
757	0.94	3	47
758	0.96	2	48
759	0.96	2	48
760	0.96	2	48
761	0.96	2	48
762	0.96	2	48
763	0.96	2	48
764	0.96	2	48
765	0.96	2	48
766	0.98	1	49
767	0.98	1	49
768	0.98	1	49
769	0.98	1	49
770	0.98	1	49
771	0.98	1	49
772	0.98	1	49
773	0.96	2	48
774	0.96	2	48
775	0.96	2	48
776	0.96	2	48
777	0.96	2	48
778	0.96	2	48
779	0.96	2	48
780	0.96	2	48
781	0.96	2	48
782	0.96	2	48
783	0.96	2	48
784	0.96	2	48
785	0.96	2	48
786	0.96	2	48
787	0.96	2	48
788	0.94	3	47
789	0.94	3	47
790	0.94	3	47
791	0.94	3	47
792	0.94	3	47
793	0.94	3	47
794	0.94	3	47
795	0.94	3	47
796	0.94	3	47
797	0.94	3	47
798	0.94	3	47
799	0.94	3	47
800	0.94	3	47
801	0.94	3	47
802	0.94	3	47
803	0.94	3	47
804	0.94	3	47
805	0.94	3	47
806	0.94	3	47
807	0.94	3	47
808	0.94	3	47
809	0.94	3	47
810	0.94	3	47
811	0.94	3	47
812	0.94	3	47
813	0.94	3	47
814	0.94	3	47
815	0.94	3	47
816	0.94	3	47
817	0.94	3	47
818	0.94	3	47
819	0.94	3	47
820	0.94	3	47
821	0.94	3	47
822	0.94	3	47
823	0.94	3	47
824	0.94	3	47
825	0.96	2	48
826	0.96	2	48
827	0.96	2	48
828	0.96	2	48
829	0.96	2	48
830	0.96	2	48
831	0.96	2	48
832	0.96	2	48
833	0.96	2	48
834	0.96	2	48
835	0.96	2	48
836	0.96	2	48
837	0.96	2	48
838	0.98	1	49
839	0.98	1	49
840	0.98	1	49
841	0.96	2	48
842	0.94	3	47
843	0.94	3	47
844	0.94	3	47
845	0.92	4	46
846	0.92	4	46
847	0.92	4	46
848	0.92	4	46
849	0.92	4	46
850	0.92	4	46
851	0.92	4	46
852	0.92	4	46
853	0.92	4	46
854	0.90	5	45
855	0.90	5	45
856	0.90	5	45
857	0.90	5	45
858	0.88	6	44
859	0.88	6	44
860	0.88	6	44
861	0.88	6	44
862	0.88	6	44
863	0.88	6	44
864	0.88	6	44
865	0.88	6	44
866	0.88	6	44
867	0.88	6	44
868	0.88	6	44
869	0.86	7	43
870	0.86	7	43
871	0.84	8	42
872	0.84	8	42
873	0.84	8	42
874	0.84	8	42
875	0.84	8	42
876	0.84	8	42
877	0.84	8	42
878	0.84	8	42
879	0.84	8	42
880	0.84	8	42
881	0.82	9	41
882	0.82	9	41
883	0.82	9	41
884	0.82	9	41
885	0.82	9	41
886	0.82	9	41
887	0.82	9	41
888	0.82	9	41
889	0.80	10	40
890	0.80	10	40
891	0.82	9	41
892	0.84	8	42
893	0.82	9	41
894	0.80	10	40
895	0.82	9	41
896	0.82	9	41
897	0.82	9	41
898	0.82	9	41
899	0.82	9	41
900	0.82	9	41
901	0.82	9	41
902	0.82	9	41
903	0.80	10	40
904	0.82	9	41
905	0.82	9	41
906	0.82	9	41
907	0.82	9	41
908	0.84	8	42
909	0.84	8	42
910	0.84	8	42
911	0.84	8	42
912	0.84	8	42
913	0.84	8	42
914	0.84	8	42
915	0.84	8	42
916	0.84	8	42
917	0.84	8	42
918	0.84	8	42
919	0.86	7	43
920	0.86	7	43
921	0.88	6	44
922	0.88	6	44
923	0.90	5	45
924	0.90	5	45
925	0.90	5	45
926	0.90	5	45
927	0.90	5	45
928	0.90	5	45
929	0.90	5	45
930	0.90	5	45
931	0.92	4	46
932	0.92	4	46
933	0.92	4	46
934	0.92	4	46
935	0.92	4	46
936	0.92	4	46
937	0.92	4	46
938	0.92	4	46
939	0.94	3	47
940	0.94	3	47
941	0.94	3	47
942	0.94	3	47
943	0.96	2	48
944	0.98	1	49
945	0.98	1	49
946	0.98	1	49
947	0.98	1	49
948	0.98	1	49
949	0.98	1	49
950	0.98	1	49
951	0.98	1	49
952	0.98	1	49
953	1.00	0	50
954	1.00	0	50
955	1.00	0	50
956	1.00	0	50
957	1.00	0	50
958	1.00	0	50
959	1.00	0	50
960	1.00	0	50
961	1.00	0	50
962	1.00	0	50
963	1.00	0	50
964	1.00	0	50
965	1.00	0	50
966	1.00	0	50
967	1.00	0	50
968	1.00	0	50
969	1.00	0	50
970	1.00	0	50
971	1.00	0	50
972	1.00	0	50
973	1.00	0	50
974	1.00	0	50
975	1.00	0	50
976	1.00	0	50
977	1.00	0	50
978	1.00	0	50
979	1.00	0	50
980	1.00	0	50
981	1.00	0	50
982	1.00	0	50
983	1.00	0	50
984	1.00	0	50
985	1.00	0	50
986	1.00	0	50
987	1.00	0	50
988	1.00	0	50
989	1.00	0	50
990	1.00	0	50
991	1.00	0	50
992	1.00	0	50
993	1.00	0	50
994	1.00	0	50
995	1.00	0	50
996	1.00	0	50
997	1.00	0	50
998	1.00	0	50
999	1.00	0	50
1000	0.00	0	50
1001	0.00	0	50
1002	0.00	0	50
1003	0.00	0	50
1004	0.00	0	50
1005	0.00	0	50
1006	0.00	0	50
1007	0.00	0	50
1008	0.00	0	50
1009	0.00	0	50
1010	0.00	0	50
1011	0.00	0	50
1012	0.00	0	50
1013	0.00	0	50
1014	0.00	0	50
1015	0.00	0	50
1016	0.00	0	50
1017	0.00	0	50
1018	0.00	0	50
1019	0.00	0	50
1020	0.02	1	49
1021	0.02	1	49
1022	0.02	1	49
1023	0.04	2	48
1024	0.04	2	48
1025	0.06	3	47
1026	0.06	3	47
1027	0.06	3	47
1028	0.08	4	46
1029	0.08	4	46
1030	0.08	4	46
1031	0.08	4	46
1032	0.08	4	46
1033	0.08	4	46
1034	0.08	4	46
1035	0.10	5	45
1036	0.10	5	45
1037	0.10	5	45
1038	0.12	6	44
1039	0.14	7	43
1040	0.14	7	43
1041	0.14	7	43
1042	0.14	7	43
1043	0.14	7	43
1044	0.14	7	43
1045	0.16	8	42
1046	0.16	8	42
1047	0.16	8	42
1048	0.18	9	41
1049	0.20	10	40
1050	0.20	10	40
1051	0.22	11	39
1052	0.24	12	38
1053	0.24	12	38
1054	0.26	13	37
1055	0.28	14	36
1056	0.28	14	36
1057	0.28	14	36
1058	0.28	14	36
1059	0.30	15	35
1060	0.32	16	34
1061	0.32	16	34
1062	0.34	17	33
1063	0.36	18	32
1064	0.38	19	31
1065	0.40	20	30
1066	0.42	21	29
1067	0.42	21	29
1068	0.44	22	28
1069	0.46	23	27
1070	0.46	23	27
1071	0.48	24	26
1072	0.50	25	25
1073	0.50	25	25
1074	0.52	26	24
1075	0.50	25	25
1076	0.52	26	24
1077	0.54	27	23
1078	0.54	27	23
1079	0.56	28	22
1080	0.58	29	21
1081	0.60	30	20
1082	0.60	30	20
1083	0.62	31	19
1084	0.64	32	18
1085	0.64	32	18
1086	0.64	32	18
1087	0.66	33	17
1088	0.66	33	17
1089	0.66	33	17
1090	0.68	34	16
1091	0.70	35	15
1092	0.72	36	14
1093	0.74	37	13
1094	0.76	38	12
1095	0.76	38	12
1096	0.78	39	11
1097	0.80	40	10
1098	0.80	40	10
1099	0.80	40	10
1100	0.80	40	10
1101	0.78	39	11
1102	0.78	39	11
1103	0.80	40	10
1104	0.78	39	11
1105	0.78	39	11
1106	0.80	40	10
1107	0.82	41	9
1108	0.84	42	8
1109	0.84	42	8
1110	0.82	41	9
1111	0.84	42	8
1112	0.84	42	8
1113	0.84	42	8
1114	0.84	42	8
1115	0.84	42	8
1116	0.84	42	8
1117	0.86	43	7
1118	0.86	43	7
1119	0.86	43	7
1120	0.86	43	7
1121	0.86	43	7
1122	0.86	43	7
1123	0.84	42	8
1124	0.84	42	8
1125	0.86	43	7
1126	0.86	43	7
1127	0.86	43	7
1128	0.86	43	7
1129	0.86	43	7
1130	0.86	43	7
1131	0.86	43	7
1132	0.88	44	6
1133	0.88	44	6
1134	0.88	44	6
1135	0.88	44	6
1136	0.90	45	5
1137	0.90	45	5
1138	0.90	45	5
1139	0.90	45	5
1140	0.90	45	5
1141	0.90	45	5
1142	0.90	45	5
1143	0.90	45	5
1144	0.90	45	5
1145	0.90	45	5
1146	0.90	45	5
1147	0.90	45	5
1148	0.90	45	5
1149	0.90	45	5
1150	0.92	46	4
1151	0.94	47	3
1152	0.94	47	3
1153	0.94	47	3
1154	0.96	48	2
1155	0.96	48	2
1156	0.96	48	2
1157	0.96	48	2
1158	0.96	48	2
1159	0.96	48	2
1160	0.98	49	1
1161	0.98	49	1
1162	0.98	49	1
1163	0.98	49	1
1164	0.96	48	2
1165	0.96	48	2
1166	0.96	48	2
1167	0.96	48	2
1168	0.96	48	2
1169	0.96	48	2
1170	0.96	48	2
1171	0.96	48	2
1172	0.96	48	2
1173	0.98	49	1
1174	0.98	49	1
1175	0.98	49	1
1176	0.96	48	2
1177	0.96	48	2
1178	0.96	48	2
1179	0.96	48	2
1180	0.96	48	2
1181	0.96	48	2
1182	0.96	48	2
1183	0.96	48	2
1184	0.96	48	2
1185	0.96	48	2
1186	0.96	48	2
1187	0.96	48	2
1188	0.96	48	2
1189	0.96	48	2
1190	0.96	48	2
1191	0.96	48	2
1192	0.96	48	2
1193	0.96	48	2
1194	0.96	48	2
1195	0.96	48	2
1196	0.96	48	2
1197	0.96	48	2
1198	0.94	47	3
1199	0.94	47	3
1200	0.94	47	3
1201	0.94	47	3
1202	0.94	47	3
1203	0.94	47	3
1204	0.94	47	3
1205	0.94	47	3
1206	0.94	47	3
1207	0.94	47	3
1208	0.94	47	3
1209	0.94	47	3
1210	0.94	47	3
1211	0.94	47	3
1212	0.94	47	3
1213	0.94	47	3
1214	0.96	48	2
1215	0.96	48	2
1216	0.96	48	2
1217	0.96	48	2
1218	0.96	48	2
1219	0.96	48	2
1220	0.96	48	2
1221	0.96	48	2
1222	0.96	48	2
1223	0.96	48	2
1224	0.96	48	2
1225	0.96	48	2
1226	0.98	49	1
1227	0.98	49	1
1228	0.98	49	1
1229	0.98	49	1
1230	0.98	49	1
1231	0.98	49	1
1232	0.98	49	1
1233	0.98	49	1
1234	0.98	49	1
1235	0.96	48	2
1236	0.96	48	2
1237	0.96	48	2
1238	0.96	48	2
1239	0.96	48	2
1240	0.96	48	2
1241	0.96	48	2
1242	0.96	48	2
1243	0.94	47	3
1244	0.94	47	3
1245	0.94	47	3
1246	0.94	47	3
1247	0.94	47	3
1248	0.96	48	2
1249	0.96	48	2
1250	0.96	48	2
1251	0.96	48	2
1252	0.96	48	2
1253	0.96	48	2
1254	0.96	48	2
1255	0.96	48	2
1256	0.96	48	2
1257	0.94	47	3
1258	0.94	47	3
1259	0.94	47	3
1260	0.94	47	3
1261	0.94	47	3
1262	0.94	47	3
1263	0.94	47	3
1264	0.94	47	3
1265	0.92	46	4
1266	0.90	45	5
1267	0.90	45	5
1268	0.90	45	5
1269	0.90	45	5
1270	0.90	45	5
1271	0.90	45	5
1272	0.90	45	5
1273	0.90	45	5
1274	0.90	45	5
1275	0.90	45	5
1276	0.90	45	5
1277	0.90	45	5
1278	0.90	45	5
1279	0.90	45	5
1280	0.90	45	5
1281	0.90	45	5
1282	0.90	45	5
1283	0.90	45	5
1284	0.90	45	5
1285	0.90	45	5
1286	0.90	45	5
1287	0.90	45	5
1288	0.90	45	5
1289	0.90	45	5
1290	0.90	45	5
1291	0.90	45	5
1292	0.90	45	5
1293	0.92	46	4
1294	0.92	46	4
1295	0.92	46	4
1296	0.92	46	4
1297	0.92	46	4
1298	0.92	46	4
1299	0.92	46	4
1300	0.92	46	4
1301	0.92	46	4
1302	0.92	46	4
1303	0.92	46	4
1304	0.92	46	4
1305	0.92	46	4
1306	0.92	46	4
1307	0.94	47	3
1308	0.94	47	3
1309	0.94	47	3
1310	0.94	47	3
1311	0.94	47	3
1312	0.94	47	3
1313	0.94	47	3
1314	0.94	47	3
1315	0.96	48	2
1316	0.98	49	1
1317	0.98	49	1
1318	0.98	49	1
1319	0.98	49	1
1320	0.98	49	1
1321	0.98	49	1
1322	0.98	49	1
1323	0.98	49	1
1324	0.98	49	1
1325	0.98	49	1
1326	0.98	49	1
1327	0.98	49	1
1328	0.98	49	1
1329	0.98	49	1
1330	0.98	49	1
1331	0.98	49	1
1332	0.98	49	1
1333	0.98	49	1
1334	0.98	49	1
1335	1.00	50	0
1336	1.00	50	0
1337	1.00	50	0
1338	0.98	49	1
1339	0.96	48	2
1340	0.96	48	2
1341	0.96	48	2
1342	0.96	48	2
1343	0.96	48	2
1344	0.96	48	2
1345	0.96	48	2
1346	0.96	48	2
1347	0.96	48	2
1348	0.96	48	2
1349	0.96	48	2
1350	0.96	48	2
1351	0.96	48	2
1352	0.96	48	2
1353	0.96	48	2
1354	0.96	48	2
1355	0.96	48	2
1356	0.96	48	2
1357	0.96	48	2
1358	0.94	47	3
1359	0.94	47	3
1360	0.94	47	3
1361	0.92	46	4
1362	0.92	46	4
1363	0.92	46	4
1364	0.92	46	4
1365	0.92	46	4
1366	0.92	46	4
1367	0.92	46	4
1368	0.92	46	4
1369	0.92	46	4
1370	0.92	46	4
1371	0.92	46	4
1372	0.92	46	4
1373	0.92	46	4
1374	0.90	45	5
1375	0.90	45	5
1376	0.88	44	6
1377	0.86	43	7
1378	0.86	43	7
1379	0.86	43	7
1380	0.86	43	7
1381	0.86	43	7
1382	0.86	43	7
1383	0.86	43	7
1384	0.84	42	8
1385	0.84	42	8
1386	0.84	42	8
1387	0.84	42	8
1388	0.86	43	7
1389	0.88	44	6
1390	0.88	44	6
1391	0.88	44	6
1392	0.88	44	6
1393	0.86	43	7
1394	0.86	43	7
1395	0.86	43	7
1396	0.86	43	7
1397	0.86	43	7
1398	0.86	43	7
1399	0.86	43	7
1400	0.86	43	7
1401	0.86	43	7
1402	0.86	43	7
1403	0.84	42	8
1404	0.84	42	8
1405	0.82	41	9
1406	0.82	41	9
1407	0.82	41	9
1408	0.84	42	8
1409	0.84	42	8
1410	0.84	42	8
1411	0.86	43	7
1412	0.86	43	7
1413	0.86	43	7
1414	0.86	43	7
1415	0.84	42	8
1416	0.84	42	8
1417	0.84	42	8
1418	0.84	42	8
1419	0.84	42	8
1420	0.84	42	8
1421	0.84	42	8
1422	0.84	42	8
1423	0.84	42	8
1424	0.86	43	7
1425	0.86	43	7
1426	0.86	43	7
1427	0.88	44	6
1428	0.88	44	6
1429	0.88	44	6
1430	0.88	44	6
1431	0.88	44	6
1432	0.88	44	6
1433	0.88	44	6
1434	0.90	45	5
1435	0.90	45	5
1436	0.90	45	5
1437	0.90	45	5
1438	0.90	45	5
1439	0.90	45	5
1440	0.90	45	5
1441	0.90	45	5
1442	0.90	45	5
1443	0.92	46	4
1444	0.92	46	4
1445	0.92	46	4
1446	0.92	46	4
1447	0.92	46	4
1448	0.92	46	4
1449	0.92	46	4
1450	0.92	46	4
1451	0.92	46	4
1452	0.92	46	4
1453	0.94	47	3
1454	0.94	47	3
1455	0.96	48	2
1456	0.96	48	2
1457	0.96	48	2
1458	0.94	47	3
1459	0.94	47	3
1460	0.94	47	3
1461	0.94	47	3
1462	0.92	46	4
1463	0.92	46	4
1464	0.92	46	4
1465	0.94	47	3
1466	0.94	47	3
1467	0.94	47	3
1468	0.94	47	3
1469	0.94	47	3
1470	0.94	47	3
1471	0.94	47	3
1472	0.94	47	3
1473	0.94	47	3
1474	0.94	47	3
1475	0.94	47	3
1476	0.96	48	2
1477	0.96	48	2
1478	0.96	48	2
1479	0.96	48	2
1480	0.96	48	2
1481	0.96	48	2
1482	0.96	48	2
1483	0.96	48	2
1484	0.96	48	2
1485	0.96	48	2
1486	0.96	48	2
1487	0.96	48	2
1488	0.96	48	2
1489	0.96	48	2
1490	0.96	48	2
1491	0.96	48	2
1492	0.96	48	2
1493	0.96	48	2
1494	0.96	48	2
1495	0.96	48	2
1496	0.96	48	2
1497	0.96	48	2
1498	0.96	48	2
1499	0.96	48	2
1500	0.04	48	2
1501	0.06	47	3
1502	0.08	46	4
1503	0.08	46	4
1504	0.08	46	4
1505	0.08	46	4
1506	0.10	45	5
1507	0.10	45	5
1508	0.08	46	4
1509	0.08	46	4
1510	0.08	46	4
1511	0.08	46	4
1512	0.06	47	3
1513	0.06	47	3
1514	0.06	47	3
1515	0.06	47	3
1516	0.06	47	3
1517	0.08	46	4
1518	0.10	45	5
1519	0.12	44	6
1520	0.14	43	7
1521	0.14	43	7
1522	0.14	43	7
1523	0.16	42	8
1524	0.16	42	8
1525	0.18	41	9
1526	0.18	41	9
1527	0.20	40	10
1528	0.22	39	11
1529	0.24	38	12
1530	0.24	38	12
1531	0.26	37	13
1532	0.26	37	13
1533	0.28	36	14
1534	0.28	36	14
1535	0.28	36	14
1536	0.30	35	15
1537	0.32	34	16
1538	0.34	33	17
1539	0.36	32	18
1540	0.38	31	19
1541	0.40	30	20
1542	0.42	29	21
1543	0.44	28	22
1544	0.46	27	23
1545	0.48	26	24
1546	0.50	25	25
1547	0.52	24	26
1548	0.52	24	26
1549	0.54	23	27
1550	0.56	22	28
1551	0.56	22	28
1552	0.56	22	28
1553	0.56	22	28
1554	0.58	21	29
1555	0.60	20	30
1556	0.60	20	30
1557	0.62	19	31
1558	0.64	18	32
1559	0.66	17	33
1560	0.68	16	34
1561	0.70	15	35
1562	0.72	14	36
1563	0.74	13	37
1564	0.76	12	38
1565	0.78	11	39
1566	0.78	11	39
1567	0.78	11	39
1568	0.78	11	39
1569	0.78	11	39
1570	0.78	11	39
1571	0.80	10	40
1572	0.82	9	41
1573	0.82	9	41
1574	0.84	8	42
1575	0.84	8	42
1576	0.86	7	43
1577	0.86	7	43
1578	0.86	7	43
1579	0.86	7	43
1580	0.88	6	44
1581	0.88	6	44
1582	0.90	5	45
1583	0.88	6	44
1584	0.90	5	45
1585	0.92	4	46
1586	0.92	4	46
1587	0.92	4	46
1588	0.92	4	46
1589	0.92	4	46
1590	0.90	5	45
1591	0.90	5	45
1592	0.90	5	45
1593	0.90	5	45
1594	0.90	5	45
1595	0.90	5	45
1596	0.90	5	45
1597	0.90	5	45
1598	0.92	4	46
1599	0.92	4	46
1600	0.92	4	46
1601	0.90	5	45
1602	0.90	5	45
1603	0.92	4	46
1604	0.92	4	46
1605	0.92	4	46
1606	0.92	4	46
1607	0.92	4	46
1608	0.92	4	46
1609	0.92	4	46
1610	0.92	4	46
1611	0.92	4	46
1612	0.92	4	46
1613	0.92	4	46
1614	0.92	4	46
1615	0.92	4	46
1616	0.94	3	47
1617	0.94	3	47
1618	0.92	4	46
1619	0.92	4	46
1620	0.92	4	46
1621	0.92	4	46
1622	0.92	4	46
1623	0.92	4	46
1624	0.92	4	46
1625	0.92	4	46
1626	0.92	4	46
1627	0.92	4	46
1628	0.92	4	46
1629	0.92	4	46
1630	0.92	4	46
1631	0.92	4	46
1632	0.92	4	46
1633	0.94	3	47
1634	0.94	3	47
1635	0.94	3	47
1636	0.94	3	47
1637	0.94	3	47
1638	0.94	3	47
1639	0.94	3	47
1640	0.96	2	48
1641	0.96	2	48
1642	0.96	2	48
1643	0.96	2	48
1644	0.96	2	48
1645	0.96	2	48
1646	0.96	2	48
1647	0.96	2	48
1648	0.96	2	48
1649	0.96	2	48
1650	0.96	2	48
1651	0.98	1	49
1652	0.96	2	48
1653	0.96	2	48
1654	0.96	2	48
1655	0.96	2	48
1656	0.96	2	48
1657	0.96	2	48
1658	0.96	2	48
1659	0.96	2	48
1660	0.96	2	48
1661	0.94	3	47
1662	0.94	3	47
1663	0.94	3	47
1664	0.94	3	47
1665	0.94	3	47
1666	0.94	3	47
1667	0.94	3	47
1668	0.96	2	48
1669	0.96	2	48
1670	0.96	2	48
1671	0.96	2	48
1672	0.96	2	48
1673	0.96	2	48
1674	0.96	2	48
1675	0.94	3	47
1676	0.94	3	47
1677	0.94	3	47
1678	0.94	3	47
1679	0.94	3	47
1680	0.94	3	47
1681	0.94	3	47
1682	0.92	4	46
1683	0.92	4	46
1684	0.92	4	46
1685	0.92	4	46
1686	0.92	4	46
1687	0.92	4	46
1688	0.92	4	46
1689	0.92	4	46
1690	0.92	4	46
1691	0.92	4	46
1692	0.92	4	46
1693	0.92	4	46
1694	0.92	4	46
1695	0.92	4	46
1696	0.92	4	46
1697	0.92	4	46
1698	0.92	4	46
1699	0.92	4	46
1700	0.92	4	46
1701	0.92	4	46
1702	0.94	3	47
1703	0.94	3	47
1704	0.94	3	47
1705	0.94	3	47
1706	0.94	3	47
1707	0.94	3	47
1708	0.94	3	47
1709	0.94	3	47
1710	0.94	3	47
1711	0.96	2	48
1712	0.96	2	48
1713	0.96	2	48
1714	0.96	2	48
1715	0.96	2	48
1716	0.96	2	48
1717	0.96	2	48
1718	0.96	2	48
1719	0.96	2	48
1720	0.96	2	48
1721	0.96	2	48
1722	0.96	2	48
1723	0.96	2	48
1724	0.96	2	48
1725	0.98	1	49
1726	0.98	1	49
1727	0.98	1	49
1728	0.98	1	49
1729	0.98	1	49
1730	0.98	1	49
1731	0.98	1	49
1732	1.00	0	50
1733	1.00	0	50
1734	1.00	0	50
1735	1.00	0	50
1736	1.00	0	50
1737	1.00	0	50
1738	1.00	0	50
1739	1.00	0	50
1740	1.00	0	50
1741	1.00	0	50
1742	1.00	0	50
1743	1.00	0	50
1744	1.00	0	50
1745	1.00	0	50
1746	1.00	0	50
1747	1.00	0	50
1748	1.00	0	50
1749	1.00	0	50
1750	1.00	0	50
1751	1.00	0	50
1752	1.00	0	50
1753	1.00	0	50
1754	1.00	0	50
1755	1.00	0	50
1756	1.00	0	50
1757	1.00	0	50
1758	1.00	0	50
1759	1.00	0	50
1760	0.98	1	49
1761	0.98	1	49
1762	0.98	1	49
1763	0.98	1	49
1764	0.98	1	49
1765	0.98	1	49
1766	0.98	1	49
1767	0.98	1	49
1768	0.98	1	49
1769	0.98	1	49
1770	0.98	1	49
1771	0.98	1	49
1772	0.98	1	49
1773	0.96	2	48
1774	0.96	2	48
1775	0.96	2	48
1776	0.96	2	48
1777	0.96	2	48
1778	0.96	2	48
1779	0.96	2	48
1780	0.96	2	48
1781	0.96	2	48
1782	0.96	2	48
1783	0.96	2	48
1784	0.96	2	48
1785	0.96	2	48
1786	0.96	2	48
1787	0.96	2	48
1788	0.96	2	48
1789	0.96	2	48
1790	0.96	2	48
1791	0.96	2	48
1792	0.96	2	48
1793	0.96	2	48
1794	0.96	2	48
1795	0.96	2	48
1796	0.96	2	48
1797	0.96	2	48
1798	0.96	2	48
1799	0.96	2	48
1800	0.96	2	48
1801	0.96	2	48
1802	0.96	2	48
1803	0.96	2	48
1804	0.96	2	48
1805	0.96	2	48
1806	0.96	2	48
1807	0.96	2	48
1808	0.96	2	48
1809	0.96	2	48
1810	0.98	1	49
1811	0.98	1	49
1812	0.98	1	49
1813	0.98	1	49
1814	0.98	1	49
1815	0.98	1	49
1816	0.98	1	49
1817	0.98	1	49
1818	0.98	1	49
1819	0.98	1	49
1820	0.98	1	49
1821	0.98	1	49
1822	0.98	1	49
1823	1.00	0	50
1824	1.00	0	50
1825	1.00	0	50
1826	1.00	0	50
1827	1.00	0	50
1828	1.00	0	50
1829	1.00	0	50
1830	1.00	0	50
1831	1.00	0	50
1832	1.00	0	50
1833	1.00	0	50
1834	0.98	1	49
1835	0.96	2	48
1836	0.96	2	48
1837	0.96	2	48
1838	0.96	2	48
1839	0.96	2	48
1840	0.96	2	48
1841	0.96	2	48
1842	0.96	2	48
1843	0.96	2	48
1844	0.96	2	48
1845	0.96	2	48
1846	0.96	2	48
1847	0.96	2	48
1848	0.96	2	48
1849	0.96	2	48
1850	0.96	2	48
1851	0.96	2	48
1852	0.96	2	48
1853	0.96	2	48
1854	0.96	2	48
1855	0.96	2	48
1856	0.96	2	48
1857	0.96	2	48
1858	0.96	2	48
1859	0.96	2	48
1860	0.96	2	48
1861	0.96	2	48
1862	0.96	2	48
1863	0.96	2	48
1864	0.96	2	48
1865	0.96	2	48
1866	0.96	2	48
1867	0.96	2	48
1868	0.96	2	48
1869	0.96	2	48
1870	0.96	2	48
1871	0.96	2	48
1872	0.96	2	48
1873	0.96	2	48
1874	0.96	2	48
1875	0.96	2	48
1876	0.96	2	48
1877	0.96	2	48
1878	0.96	2	48
1879	0.96	2	48
1880	0.96	2	48
1881	0.96	2	48
1882	0.96	2	48
1883	0.96	2	48
1884	0.96	2	48
1885	0.98	1	49
1886	0.98	1	49
1887	0.98	1	49
1888	0.98	1	49
1889	0.96	2	48
1890	0.96	2	48
1891	0.96	2	48
1892	0.96	2	48
1893	0.96	2	48
1894	0.96	2	48
1895	0.96	2	48
1896	0.96	2	48
1897	0.96	2	48
1898	0.96	2	48
1899	0.96	2	48
1900	0.96	2	48
1901	0.96	2	48
1902	0.96	2	48
1903	0.96	2	48
1904	0.96	2	48
1905	0.96	2	48
1906	0.96	2	48
1907	0.96	2	48
1908	0.96	2	48
1909	0.96	2	48
1910	0.96	2	48
1911	0.96	2	48
1912	0.96	2	48
1913	0.96	2	48
1914	0.94	3	47
1915	0.92	4	46
1916	0.92	4	46
1917	0.90	5	45
1918	0.90	5	45
1919	0.90	5	45
1920	0.90	5	45
1921	0.90	5	45
1922	0.90	5	45
1923	0.88	6	44
1924	0.88	6	44
1925	0.88	6	44
1926	0.88	6	44
1927	0.88	6	44
1928	0.88	6	44
1929	0.88	6	44
1930	0.88	6	44
1931	0.88	6	44
1932	0.88	6	44
1933	0.88	6	44
1934	0.90	5	45
1935	0.90	5	45
1936	0.90	5	45
1937	0.90	5	45
1938	0.90	5	45
1939	0.92	4	46
1940	0.92	4	46
1941	0.92	4	46
1942	0.92	4	46
1943	0.92	4	46
1944	0.92	4	46
1945	0.92	4	46
1946	0.92	4	46
1947	0.92	4	46
1948	0.92	4	46
1949	0.92	4	46
1950	0.90	5	45
1951	0.90	5	45
1952	0.90	5	45
1953	0.90	5	45
1954	0.90	5	45
1955	0.90	5	45
1956	0.90	5	45
1957	0.90	5	45
1958	0.90	5	45
1959	0.90	5	45
1960	0.90	5	45
1961	0.90	5	45
1962	0.90	5	45
1963	0.90	5	45
1964	0.92	4	46
1965	0.94	3	47
1966	0.94	3	47
1967	0.96	2	48
1968	0.96	2	48
1969	0.96	2	48
1970	0.96	2	48
1971	0.96	2	48
1972	0.96	2	48
1973	0.98	1	49
1974	0.98	1	49
1975	0.98	1	49
1976	0.98	1	49
1977	0.96	2	48
1978	0.96	2	48
1979	0.96	2	48
1980	0.96	2	48
1981	0.96	2	48
1982	0.96	2	48
1983	0.96	2	48
1984	0.94	3	47
1985	0.94	3	47
1986	0.94	3	47
1987	0.94	3	47
1988	0.94	3	47
1989	0.94	3	47
1990	0.94	3	47
1991	0.94	3	47
1992	0.94	3	47
1993	0.94	3	47
1994	0.94	3	47
1995	0.94	3	47
1996	0.94	3	47
1997	0.94	3	47
1998	0.94	3	47
1999	0.94	3	47
2000	0.04	2	48
2001	0.04	2	48
2002	0.06	3	47
2003	0.06	3	47
2004	0.08	4	46
2005	0.08	4	46
2006	0.08	4	46
2007	0.08	4	46
2008	0.08	4	46
2009	0.10	5	45
2010	0.10	5	45
2011	0.10	5	45
2012	0.12	6	44
2013	0.12	6	44
2014	0.12	6	44
2015	0.12	6	44
2016	0.12	6	44
2017	0.14	7	43
2018	0.16	8	42
2019	0.18	9	41
2020	0.20	10	40
2021	0.20	10	40
2022	0.20	10	40
2023	0.20	10	40
2024	0.20	10	40
2025	0.20	10	40
2026	0.20	10	40
2027	0.18	9	41
2028	0.20	10	40
2029	0.20	10	40
2030	0.20	10	40
2031	0.22	11	39
2032	0.22	11	39
2033	0.22	11	39
2034	0.20	10	40
2035	0.20	10	40
2036	0.20	10	40
2037	0.20	10	40
2038	0.22	11	39
2039	0.24	12	38
2040	0.24	12	38
2041	0.26	13	37
2042	0.28	14	36
2043	0.30	15	35
2044	0.32	16	34
2045	0.34	17	33
2046	0.34	17	33
2047	0.36	18	32
2048	0.36	18	32
2049	0.38	19	31
2050	0.40	20	30
2051	0.40	20	30
2052	0.40	20	30
2053	0.42	21	29
2054	0.40	20	30
2055	0.40	20	30
2056	0.40	20	30
2057	0.42	21	29
2058	0.44	22	28
2059	0.42	21	29
2060	0.44	22	28
2061	0.46	23	27
2062	0.46	23	27
2063	0.46	23	27
2064	0.48	24	26
2065	0.48	24	26
2066	0.48	24	26
2067	0.46	23	27
2068	0.44	22	28
2069	0.44	22	28
2070	0.44	22	28
2071	0.46	23	27
2072	0.48	24	26
2073	0.50	25	25
2074	0.50	25	25
2075	0.52	26	24
2076	0.54	27	23
2077	0.56	28	22
2078	0.56	28	22
2079	0.58	29	21
2080	0.60	30	20
2081	0.60	30	20
2082	0.60	30	20
2083	0.62	31	19
2084	0.62	31	19
2085	0.64	32	18
2086	0.66	33	17
2087	0.66	33	17
2088	0.66	33	17
2089	0.66	33	17
2090	0.68	34	16
2091	0.68	34	16
2092	0.66	33	17
2093	0.66	33	17
2094	0.64	32	18
2095	0.64	32	18
2096	0.66	33	17
2097	0.64	32	18
2098	0.66	33	17
2099	0.66	33	17
2100	0.66	33	17
2101	0.68	34	16
2102	0.68	34	16
2103	0.68	34	16
2104	0.68	34	16
2105	0.70	35	15
2106	0.72	36	14
2107	0.70	35	15
2108	0.70	35	15
2109	0.70	35	15
2110	0.70	35	15
2111	0.68	34	16
2112	0.66	33	17
2113	0.68	34	16
2114	0.66	33	17
2115	0.68	34	16
2116	0.70	35	15
2117	0.72	36	14
2118	0.74	37	13
2119	0.74	37	13
2120	0.74	37	13
2121	0.74	37	13
2122	0.74	37	13
2123	0.74	37	13
2124	0.76	38	12
2125	0.76	38	12
2126	0.76	38	12
2127	0.74	37	13
2128	0.74	37	13
2129	0.74	37	13
2130	0.74	37	13
2131	0.74	37	13
2132	0.76	38	12
2133	0.76	38	12
2134	0.78	39	11
2135	0.78	39	11
2136	0.78	39	11
2137	0.80	40	10
2138	0.80	40	10
2139	0.80	40	10
2140	0.80	40	10
2141	0.80	40	10
2142	0.82	41	9
2143	0.82	41	9
2144	0.82	41	9
2145	0.82	41	9
2146	0.82	41	9
2147	0.84	42	8
2148	0.82	41	9
2149	0.82	41	9
2150	0.82	41	9
2151	0.80	40	10
2152	0.78	39	11
2153	0.76	38	12
2154	0.78	39	11
2155	0.78	39	11
2156	0.78	39	11
2157	0.80	40	10
2158	0.80	40	10
2159	0.82	41	9
2160	0.82	41	9
2161	0.84	42	8
2162	0.86	43	7
2163	0.86	43	7
2164	0.88	44	6
2165	0.88	44	6
2166	0.88	44	6
2167	0.88	44	6
2168	0.88	44	6
2169	0.88	44	6
2170	0.88	44	6
2171	0.88	44	6
2172	0.88	44	6
2173	0.88	44	6
2174	0.88	44	6
2175	0.86	43	7
2176	0.86	43	7
2177	0.88	44	6
2178	0.88	44	6
2179	0.88	44	6
2180	0.86	43	7
2181	0.86	43	7
2182	0.86	43	7
2183	0.86	43	7
2184	0.84	42	8
2185	0.82	41	9
2186	0.82	41	9
2187	0.82	41	9
2188	0.82	41	9
2189	0.82	41	9
2190	0.82	41	9
2191	0.82	41	9
2192	0.80	40	10
2193	0.80	40	10
2194	0.82	41	9
2195	0.82	41	9
2196	0.82	41	9
2197	0.82	41	9
2198	0.84	42	8
2199	0.84	42	8
2200	0.84	42	8
2201	0.86	43	7
2202	0.88	44	6
2203	0.90	45	5
2204	0.90	45	5
2205	0.90	45	5
2206	0.90	45	5
2207	0.90	45	5
2208	0.90	45	5
2209	0.88	44	6
2210	0.86	43	7
2211	0.86	43	7
2212	0.86	43	7
2213	0.86	43	7
2214	0.86	43	7
2215	0.86	43	7
2216	0.86	43	7
2217	0.86	43	7
2218	0.86	43	7
2219	0.86	43	7
2220	0.84	42	8
2221	0.84	42	8
2222	0.84	42	8
2223	0.84	42	8
2224	0.84	42	8
2225	0.86	43	7
2226	0.86	43	7
2227	0.86	43	7
2228	0.86	43	7
2229	0.86	43	7
2230	0.88	44	6
2231	0.88	44	6
2232	0.88	44	6
2233	0.88	44	6
2234	0.90	45	5
2235	0.92	46	4
2236	0.92	46	4
2237	0.92	46	4
2238	0.92	46	4
2239	0.92	46	4
2240	0.92	46	4
2241	0.92	46	4
2242	0.94	47	3
2243	0.94	47	3
2244	0.94	47	3
2245	0.94	47	3
2246	0.94	47	3
2247	0.94	47	3
2248	0.94	47	3
2249	0.94	47	3
2250	0.94	47	3
2251	0.94	47	3
2252	0.94	47	3
2253	0.94	47	3
2254	0.94	47	3
2255	0.94	47	3
2256	0.94	47	3
2257	0.94	47	3
2258	0.94	47	3
2259	0.96	48	2
2260	0.98	49	1
2261	0.98	49	1
2262	0.98	49	1
2263	0.98	49	1
2264	0.98	49	1
2265	0.98	49	1
2266	0.98	49	1
2267	0.98	49	1
2268	0.98	49	1
2269	0.98	49	1
2270	1.00	50	0
2271	1.00	50	0
2272	1.00	50	0
2273	1.00	50	0
2274	1.00	50	0
2275	1.00	50	0
2276	1.00	50	0
2277	1.00	50	0
2278	1.00	50	0
2279	1.00	50	0
2280	1.00	50	0
2281	1.00	50	0
2282	1.00	50	0
2283	1.00	50	0
2284	1.00	50	0
2285	1.00	50	0
2286	1.00	50	0
2287	1.00	50	0
2288	1.00	50	0
2289	1.00	50	0
2290	1.00	50	0
2291	1.00	50	0
2292	1.00	50	0
2293	1.00	50	0
2294	1.00	50	0
2295	1.00	50	0
2296	1.00	50	0
2297	1.00	50	0
2298	1.00	50	0
2299	1.00	50	0
2300	1.00	50	0
2301	1.00	50	0
2302	1.00	50	0
2303	1.00	50	0
2304	1.00	50	0
2305	1.00	50	0
2306	1.00	50	0
2307	1.00	50	0
2308	1.00	50	0
2309	1.00	50	0
2310	1.00	50	0
2311	1.00	50	0
2312	1.00	50	0
2313	1.00	50	0
2314	1.00	50	0
2315	1.00	50	0
2316	1.00	50	0
2317	1.00	50	0
2318	1.00	50	0
2319	1.00	50	0
2320	1.00	50	0
2321	1.00	50	0
2322	1.00	50	0
2323	1.00	50	0
2324	1.00	50	0
2325	1.00	50	0
2326	1.00	50	0
2327	1.00	50	0
2328	1.00	50	0
2329	1.00	50	0
2330	1.00	50	0
2331	1.00	50	0
2332	1.00	50	0
2333	1.00	50	0
2334	1.00	50	0
2335	1.00	50	0
2336	1.00	50	0
2337	1.00	50	0
2338	1.00	50	0
2339	1.00	50	0
2340	1.00	50	0
2341	0.98	49	1
2342	0.98	49	1
2343	0.98	49	1
2344	0.98	49	1
2345	0.98	49	1
2346	0.98	49	1
2347	0.98	49	1
2348	0.96	48	2
2349	0.96	48	2
2350	0.96	48	2
2351	0.96	48	2
2352	0.96	48	2
2353	0.96	48	2
2354	0.96	48	2
2355	0.96	48	2
2356	0.96	48	2
2357	0.96	48	2
2358	0.96	48	2
2359	0.96	48	2
2360	0.96	48	2
2361	0.96	48	2
2362	0.96	48	2
2363	0.96	48	2
2364	0.96	48	2
2365	0.96	48	2
2366	0.96	48	2
2367	0.96	48	2
2368	0.96	48	2
2369	0.96	48	2
2370	0.96	48	2
2371	0.96	48	2
2372	0.96	48	2
2373	0.96	48	2
2374	0.96	48	2
2375	0.96	48	2
2376	0.96	48	2
2377	0.96	48	2
2378	0.96	48	2
2379	0.96	48	2
2380	0.96	48	2
2381	0.96	48	2
2382	0.94	47	3
2383	0.94	47	3
2384	0.94	47	3
2385	0.94	47	3
2386	0.94	47	3
2387	0.94	47	3
2388	0.94	47	3
2389	0.94	47	3
2390	0.94	47	3
2391	0.96	48	2
2392	0.96	48	2
2393	0.96	48	2
2394	0.96	48	2
2395	0.96	48	2
2396	0.96	48	2
2397	0.96	48	2
2398	0.98	49	1
2399	0.98	49	1
2400	0.98	49	1
2401	0.98	49	1
2402	0.98	49	1
2403	0.98	49	1
2404	0.98	49	1
2405	0.98	49	1
2406	0.98	49	1
2407	0.98	49	1
2408	0.98	49	1
2409	0.98	49	1
2410	0.98	49	1
2411	0.98	49	1
2412	0.98	49	1
2413	0.98	49	1
2414	0.98	49	1
2415	0.98	49	1
2416	0.98	49	1
2417	0.98	49	1
2418	0.98	49	1
2419	0.98	49	1
2420	0.98	49	1
2421	0.98	49	1
2422	0.98	49	1
2423	0.98	49	1
2424	0.98	49	1
2425	0.98	49	1
2426	0.98	49	1
2427	0.98	49	1
2428	0.98	49	1
2429	0.98	49	1
2430	0.98	49	1
2431	0.98	49	1
2432	1.00	50	0
2433	1.00	50	0
2434	1.00	50	0
2435	1.00	50	0
2436	1.00	50	0
2437	1.00	50	0
2438	1.00	50	0
2439	1.00	50	0
2440	1.00	50	0
2441	1.00	50	0
2442	1.00	50	0
2443	1.00	50	0
2444	1.00	50	0
2445	1.00	50	0
2446	1.00	50	0
2447	1.00	50	0
2448	1.00	50	0
2449	1.00	50	0
2450	1.00	50	0
2451	1.00	50	0
2452	1.00	50	0
2453	1.00	50	0
2454	1.00	50	0
2455	1.00	50	0
2456	1.00	50	0
2457	1.00	50	0
2458	1.00	50	0
2459	1.00	50	0
2460	1.00	50	0
2461	1.00	50	0
2462	1.00	50	0
2463	1.00	50	0
2464	1.00	50	0
2465	1.00	50	0
2466	1.00	50	0
2467	1.00	50	0
2468	1.00	50	0
2469	1.00	50	0
2470	1.00	50	0
2471	1.00	50	0
2472	1.00	50	0
2473	1.00	50	0
2474	1.00	50	0
2475	1.00	50	0
2476	1.00	50	0
2477	1.00	50	0
2478	1.00	50	0
2479	1.00	50	0
2480	1.00	50	0
2481	1.00	50	0
2482	1.00	50	0
2483	1.00	50	0
2484	1.00	50	0
2485	1.00	50	0
2486	0.98	49	1
2487	0.96	48	2
2488	0.96	48	2
2489	0.96	48	2
2490	0.96	48	2
2491	0.96	48	2
2492	0.96	48	2
2493	0.96	48	2
2494	0.96	48	2
2495	0.96	48	2
2496	0.96	48	2
2497	0.96	48	2
2498	0.96	48	2
2499	0.96	48	2
2500	0.06	47	3
2501	0.06	47	3
2502	0.06	47	3
2503	0.08	46	4
2504	0.08	46	4
2505	0.10	45	5
2506	0.10	45	5
2507	0.12	44	6
2508	0.14	43	7
2509	0.16	42	8
2510	0.16	42	8
2511	0.18	41	9
2512	0.20	40	10
2513	0.20	40	10
2514	0.22	39	11
2515	0.24	38	12
2516	0.24	38	12
2517	0.26	37	13
2518	0.26	37	13
2519	0.26	37	13
2520	0.26	37	13
2521	0.26	37	13
2522	0.26	37	13
2523	0.28	36	14
2524	0.28	36	14
2525	0.30	35	15
2526	0.32	34	16
2527	0.34	33	17
2528	0.34	33	17
2529	0.34	33	17
2530	0.36	32	18
2531	0.36	32	18
2532	0.36	32	18
2533	0.38	31	19
2534	0.40	30	20
2535	0.42	29	21
2536	0.42	29	21
2537	0.42	29	21
2538	0.44	28	22
2539	0.46	27	23
2540	0.46	27	23
2541	0.48	26	24
2542	0.50	25	25
2543	0.50	25	25
2544	0.50	25	25
2545	0.50	25	25
2546	0.52	24	26
2547	0.54	23	27
2548	0.56	22	28
2549	0.58	21	29
2550	0.58	21	29
2551	0.58	21	29
2552	0.60	20	30
2553	0.60	20	30
2554	0.60	20	30
2555	0.60	20	30
2556	0.60	20	30
2557	0.60	20	30
2558	0.58	21	29
2559	0.58	21	29
2560	0.60	20	30
2561	0.60	20	30
2562	0.60	20	30
2563	0.60	20	30
2564	0.58	21	29
2565	0.58	21	29
2566	0.60	20	30
2567	0.60	20	30
2568	0.62	19	31
2569	0.64	18	32
2570	0.64	18	32
2571	0.66	17	33
2572	0.68	16	34
2573	0.68	16	34
2574	0.70	15	35
2575	0.70	15	35
2576	0.68	16	34
2577	0.68	16	34
2578	0.70	15	35
2579	0.72	14	36
2580	0.70	15	35
2581	0.72	14	36
2582	0.74	13	37
2583	0.74	13	37
2584	0.74	13	37
2585	0.74	13	37
2586	0.74	13	37
2587	0.74	13	37
2588	0.74	13	37
2589	0.74	13	37
2590	0.76	12	38
2591	0.76	12	38
2592	0.76	12	38
2593	0.78	11	39
2594	0.80	10	40
2595	0.80	10	40
2596	0.80	10	40
2597	0.80	10	40
2598	0.80	10	40
2599	0.80	10	40
2600	0.80	10	40
2601	0.80	10	40
2602	0.78	11	39
2603	0.78	11	39
2604	0.80	10	40
2605	0.80	10	40
2606	0.82	9	41
2607	0.82	9	41
2608	0.84	8	42
2609	0.84	8	42
2610	0.82	9	41
2611	0.82	9	41
2612	0.82	9	41
2613	0.84	8	42
2614	0.86	7	43
2615	0.86	7	43
2616	0.84	8	42
2617	0.84	8	42
2618	0.84	8	42
2619	0.84	8	42
2620	0.86	7	43
2621	0.86	7	43
2622	0.86	7	43
2623	0.86	7	43
2624	0.86	7	43
2625	0.86	7	43
2626	0.88	6	44
2627	0.86	7	43
2628	0.86	7	43
2629	0.86	7	43
2630	0.88	6	44
2631	0.88	6	44
2632	0.86	7	43
2633	0.86	7	43
2634	0.86	7	43
2635	0.86	7	43
2636	0.86	7	43
2637	0.86	7	43
2638	0.86	7	43
2639	0.84	8	42
2640	0.84	8	42
2641	0.84	8	42
2642	0.84	8	42
2643	0.84	8	42
2644	0.84	8	42
2645	0.86	7	43
2646	0.86	7	43
2647	0.84	8	42
2648	0.84	8	42
2649	0.84	8	42
2650	0.84	8	42
2651	0.84	8	42
2652	0.84	8	42
2653	0.84	8	42
2654	0.84	8	42
2655	0.84	8	42
2656	0.84	8	42
2657	0.84	8	42
2658	0.82	9	41
2659	0.82	9	41
2660	0.82	9	41
2661	0.82	9	41
2662	0.82	9	41
2663	0.80	10	40
2664	0.80	10	40
2665	0.80	10	40
2666	0.80	10	40
2667	0.80	10	40
2668	0.80	10	40
2669	0.80	10	40
2670	0.80	10	40
2671	0.80	10	40
2672	0.80	10	40
2673	0.80	10	40
2674	0.80	10	40
2675	0.80	10	40
2676	0.80	10	40
2677	0.82	9	41
2678	0.82	9	41
2679	0.82	9	41
2680	0.82	9	41
2681	0.82	9	41
2682	0.84	8	42
2683	0.84	8	42
2684	0.84	8	42
2685	0.84	8	42
2686	0.82	9	41
2687	0.82	9	41
2688	0.82	9	41
2689	0.82	9	41
2690	0.82	9	41
2691	0.82	9	41
2692	0.82	9	41
2693	0.82	9	41
2694	0.82	9	41
2695	0.82	9	41
2696	0.82	9	41
2697	0.84	8	42
2698	0.82	9	41
2699	0.82	9	41
2700	0.82	9	41
2701	0.84	8	42
2702	0.86	7	43
2703	0.86	7	43
2704	0.86	7	43
2705	0.86	7	43
2706	0.86	7	43
2707	0.86	7	43
2708	0.88	6	44
2709	0.88	6	44
2710	0.90	5	45
2711	0.90	5	45
2712	0.90	5	45
2713	0.92	4	46
2714	0.92	4	46
2715	0.92	4	46
2716	0.94	3	47
2717	0.94	3	47
2718	0.94	3	47
2719	0.94	3	47
2720	0.94	3	47
2721	0.94	3	47
2722	0.94	3	47
2723	0.94	3	47
2724	0.94	3	47
2725	0.94	3	47
2726	0.94	3	47
2727	0.94	3	47
2728	0.94	3	47
2729	0.94	3	47
2730	0.94	3	47
2731	0.94	3	47
2732	0.94	3	47
2733	0.94	3	47
2734	0.94	3	47
2735	0.94	3	47
2736	0.96	2	48
2737	0.96	2	48
2738	0.96	2	48
2739	0.98	1	49
2740	0.98	1	49
2741	0.98	1	49
2742	0.98	1	49
2743	0.98	1	49
2744	0.98	1	49
2745	0.98	1	49
2746	0.98	1	49
2747	0.98	1	49
2748	1.00	0	50
2749	1.00	0	50
2750	1.00	0	50
2751	1.00	0	50
2752	0.98	1	49
2753	0.96	2	48
2754	0.94	3	47
2755	0.94	3	47
2756	0.94	3	47
2757	0.94	3	47
2758	0.94	3	47
2759	0.94	3	47
2760	0.94	3	47
2761	0.94	3	47
2762	0.94	3	47
2763	0.94	3	47
2764	0.92	4	46
2765	0.92	4	46
2766	0.92	4	46
2767	0.92	4	46
2768	0.92	4	46
2769	0.92	4	46
2770	0.92	4	46
2771	0.92	4	46
2772	0.92	4	46
2773	0.92	4	46
2774	0.92	4	46
2775	0.92	4	46
2776	0.92	4	46
2777	0.92	4	46
2778	0.92	4	46
2779	0.92	4	46
2780	0.92	4	46
2781	0.92	4	46
2782	0.92	4	46
2783	0.92	4	46
2784	0.90	5	45
2785	0.90	5	45
2786	0.90	5	45
2787	0.90	5	45
2788	0.90	5	45
2789	0.90	5	45
2790	0.90	5	45
2791	0.90	5	45
2792	0.90	5	45
2793	0.90	5	45
2794	0.90	5	45
2795	0.90	5	45
2796	0.90	5	45
2797	0.90	5	45
2798	0.90	5	45
2799	0.90	5	45
2800	0.90	5	45
2801	0.90	5	45
2802	0.92	4	46
2803	0.94	3	47
2804	0.96	2	48
2805	0.96	2	48
2806	0.96	2	48
2807	0.96	2	48
2808	0.94	3	47
2809	0.94	3	47
2810	0.94	3	47
2811	0.94	3	47
2812	0.94	3	47
2813	0.94	3	47
2814	0.96	2	48
2815	0.96	2	48
2816	0.96	2	48
2817	0.96	2	48
2818	0.96	2	48
2819	0.96	2	48
2820	0.94	3	47
2821	0.94	3	47
2822	0.94	3	47
2823	0.94	3	47
2824	0.94	3	47
2825	0.94	3	47
2826	0.94	3	47
2827	0.94	3	47
2828	0.94	3	47
2829	0.92	4	46
2830	0.92	4	46
2831	0.92	4	46
2832	0.92	4	46
2833	0.92	4	46
2834	0.94	3	47
2835	0.94	3	47
2836	0.94	3	47
2837	0.94	3	47
2838	0.94	3	47
2839	0.94	3	47
2840	0.94	3	47
2841	0.94	3	47
2842	0.94	3	47
2843	0.94	3	47
2844	0.92	4	46
2845	0.92	4	46
2846	0.92	4	46
2847	0.92	4	46
2848	0.92	4	46
2849	0.92	4	46
2850	0.92	4	46
2851	0.92	4	46
2852	0.92	4	46
2853	0.92	4	46
2854	0.92	4	46
2855	0.92	4	46
2856	0.92	4	46
2857	0.92	4	46
2858	0.94	3	47
2859	0.94	3	47
2860	0.94	3	47
2861	0.94	3	47
2862	0.94	3	47
2863	0.94	3	47
2864	0.94	3	47
2865	0.94	3	47
2866	0.94	3	47
2867	0.94	3	47
2868	0.94	3	47
2869	0.94	3	47
2870	0.96	2	48
2871	0.96	2	48
2872	0.96	2	48
2873	0.96	2	48
2874	0.96	2	48
2875	0.96	2	48
2876	0.96	2	48
2877	0.96	2	48
2878	0.96	2	48
2879	0.98	1	49
2880	0.98	1	49
2881	0.98	1	49
2882	0.98	1	49
2883	0.98	1	49
2884	0.98	1	49
2885	0.98	1	49
2886	0.98	1	49
2887	0.96	2	48
2888	0.96	2	48
2889	0.96	2	48
2890	0.96	2	48
2891	0.96	2	48
2892	0.96	2	48
2893	0.96	2	48
2894	0.98	1	49
2895	0.98	1	49
2896	0.98	1	49
2897	0.98	1	49
2898	0.98	1	49
2899	0.98	1	49
2900	0.98	1	49
2901	0.98	1	49
2902	0.98	1	49
2903	0.98	1	49
2904	0.98	1	49
2905	0.98	1	49
2906	0.98	1	49
2907	0.98	1	49
2908	0.98	1	49
2909	0.98	1	49
2910	0.98	1	49
2911	0.98	1	49
2912	0.98	1	49
2913	0.98	1	49
2914	0.98	1	49
2915	0.98	1	49
2916	0.96	2	48
2917	0.96	2	48
2918	0.96	2	48
2919	0.96	2	48
2920	0.96	2	48
2921	0.96	2	48
2922	0.96	2	48
2923	0.96	2	48
2924	0.96	2	48
2925	0.96	2	48
2926	0.96	2	48
2927	0.96	2	48
2928	0.96	2	48
2929	0.96	2	48
2930	0.96	2	48
2931	0.96	2	48
2932	0.96	2	48
2933	0.96	2	48
2934	0.96	2	48
2935	0.96	2	48
2936	0.96	2	48
2937	0.98	1	49
2938	0.96	2	48
2939	0.96	2	48
2940	0.96	2	48
2941	0.96	2	48
2942	0.96	2	48
2943	0.96	2	48
2944	0.96	2	48
2945	0.96	2	48
2946	0.96	2	48
2947	0.96	2	48
2948	0.96	2	48
2949	0.96	2	48
2950	0.96	2	48
2951	0.96	2	48
2952	0.96	2	48
2953	0.96	2	48
2954	0.96	2	48
2955	0.96	2	48
2956	0.94	3	47
2957	0.94	3	47
2958	0.94	3	47
2959	0.94	3	47
2960	0.92	4	46
2961	0.92	4	46
2962	0.92	4	46
2963	0.90	5	45
2964	0.90	5	45
2965	0.90	5	45
2966	0.90	5	45
2967	0.90	5	45
2968	0.90	5	45
2969	0.90	5	45
2970	0.90	5	45
2971	0.90	5	45
2972	0.90	5	45
2973	0.90	5	45
2974	0.90	5	45
2975	0.90	5	45
2976	0.88	6	44
2977	0.88	6	44
2978	0.88	6	44
2979	0.88	6	44
2980	0.88	6	44
2981	0.88	6	44
2982	0.88	6	44
2983	0.86	7	43
2984	0.86	7	43
2985	0.86	7	43
2986	0.86	7	43
2987	0.86	7	43
2988	0.88	6	44
2989	0.88	6	44
2990	0.88	6	44
2991	0.88	6	44
2992	0.88	6	44
2993	0.88	6	44
2994	0.88	6	44
2995	0.88	6	44
2996	0.88	6	44
2997	0.88	6	44
2998	0.88	6	44
2999	0.88	6	44
