timestep	swarm_quality	color_0	color_1
0	0.70	35	15
1	0.70	35	15
2	0.70	35	15
3	0.70	35	15
4	0.70	35	15
5	0.70	35	15
6	0.70	35	15
7	0.70	35	15
8	0.68	34	16
9	0.66	33	17
10	0.66	33	17
11	0.64	32	18
12	0.64	32	18
13	0.64	32	18
14	0.64	32	18
15	0.64	32	18
16	0.64	32	18
17	0.64	32	18
18	0.62	31	19
19	0.62	31	19
20	0.62	31	19
21	0.62	31	19
22	0.60	30	20
23	0.60	30	20
24	0.60	30	20
25	0.60	30	20
26	0.60	30	20
27	0.60	30	20
28	0.60	30	20
29	0.60	30	20
30	0.60	30	20
31	0.60	30	20
32	0.60	30	20
33	0.60	30	20
34	0.58	29	21
35	0.60	30	20
36	0.62	31	19
37	0.62	31	19
38	0.62	31	19
39	0.64	32	18
40	0.66	33	17
41	0.68	34	16
42	0.70	35	15
43	0.72	36	14
44	0.72	36	14
45	0.74	37	13
46	0.74	37	13
47	0.76	38	12
48	0.78	39	11
49	0.80	40	10
50	0.80	40	10
51	0.80	40	10
52	0.80	40	10
53	0.80	40	10
54	0.78	39	11
55	0.78	39	11
56	0.78	39	11
57	0.78	39	11
58	0.80	40	10
59	0.82	41	9
60	0.82	41	9
61	0.84	42	8
62	0.84	42	8
63	0.84	42	8
64	0.84	42	8
65	0.84	42	8
66	0.84	42	8
67	0.84	42	8
68	0.86	43	7
69	0.86	43	7
70	0.86	43	7
71	0.86	43	7
72	0.88	44	6
73	0.88	44	6
74	0.88	44	6
75	0.86	43	7
76	0.86	43	7
77	0.86	43	7
78	0.86	43	7
79	0.84	42	8
80	0.84	42	8
81	0.84	42	8
82	0.84	42	8
83	0.84	42	8
84	0.86	43	7
85	0.86	43	7
86	0.86	43	7
87	0.88	44	6
88	0.90	45	5
89	0.90	45	5
90	0.88	44	6
91	0.88	44	6
92	0.88	44	6
93	0.88	44	6
94	0.90	45	5
95	0.90	45	5
96	0.92	46	4
97	0.92	46	4
98	0.92	46	4
99	0.92	46	4
100	0.92	46	4
101	0.92	46	4
102	0.92	46	4
103	0.92	46	4
104	0.94	47	3
105	0.94	47	3
106	0.94	47	3
107	0.94	47	3
108	0.94	47	3
109	0.94	47	3
110	0.94	47	3
111	0.94	47	3
112	0.92	46	4
113	0.92	46	4
114	0.90	45	5
115	0.90	45	5
116	0.90	45	5
117	0.90	45	5
118	0.90	45	5
119	0.90	45	5
120	0.90	45	5
121	0.90	45	5
122	0.90	45	5
123	0.90	45	5
124	0.90	45	5
125	0.92	46	4
126	0.92	46	4
127	0.92	46	4
128	0.92	46	4
129	0.92	46	4
130	0.90	45	5
131	0.90	45	5
132	0.90	45	5
133	0.90	45	5
134	0.90	45	5
135	0.90	45	5
136	0.90	45	5
137	0.90	45	5
138	0.90	45	5
139	0.90	45	5
140	0.92	46	4
141	0.92	46	4
142	0.92	46	4
143	0.92	46	4
144	0.92	46	4
145	0.92	46	4
146	0.92	46	4
147	0.92	46	4
148	0.92	46	4
149	0.92	46	4
150	0.92	46	4
151	0.92	46	4
152	0.92	46	4
153	0.92	46	4
154	0.92	46	4
155	0.92	46	4
156	0.92	46	4
157	0.92	46	4
158	0.92	46	4
159	0.92	46	4
160	0.92	46	4
161	0.92	46	4
162	0.94	47	3
163	0.94	47	3
164	0.96	48	2
165	0.96	48	2
166	0.96	48	2
167	0.96	48	2
168	0.96	48	2
169	0.96	48	2
170	0.96	48	2
171	0.96	48	2
172	0.96	48	2
173	0.96	48	2
174	0.96	48	2
175	0.96	48	2
176	0.96	48	2
177	0.96	48	2
178	0.96	48	2
179	0.98	49	1
180	1.00	50	0
181	1.00	50	0
182	1.00	50	0
183	1.00	50	0
184	1.00	50	0
185	1.00	50	0
186	0.98	49	1
187	0.98	49	1
188	0.98	49	1
189	0.98	49	1
190	0.98	49	1
191	0.98	49	1
192	0.98	49	1
193	0.98	49	1
194	0.98	49	1
195	0.98	49	1
196	0.98	49	1
197	0.98	49	1
198	0.98	49	1
199	0.98	49	1
200	0.98	49	1
201	0.98	49	1
202	0.98	49	1
203	0.98	49	1
204	0.98	49	1
205	0.98	49	1
206	0.98	49	1
207	0.98	49	1
208	0.98	49	1
209	0.98	49	1
210	0.98	49	1
211	0.98	49	1
212	0.98	49	1
213	0.98	49	1
214	0.96	48	2
215	0.94	47	3
216	0.94	47	3
217	0.92	46	4
218	0.92	46	4
219	0.92	46	4
220	0.92	46	4
221	0.92	46	4
222	0.92	46	4
223	0.92	46	4
224	0.92	46	4
225	0.92	46	4
226	0.92	46	4
227	0.92	46	4
228	0.92	46	4
229	0.92	46	4
230	0.92	46	4
231	0.92	46	4
232	0.92	46	4
233	0.92	46	4
234	0.92	46	4
235	0.92	46	4
236	0.94	47	3
237	0.94	47	3
238	0.94	47	3
239	0.94	47	3
240	0.94	47	3
241	0.94	47	3
242	0.94	47	3
243	0.94	47	3
244	0.94	47	3
245	0.94	47	3
246	0.94	47	3
247	0.94	47	3
248	0.94	47	3
249	0.94	47	3
250	0.94	47	3
251	0.94	47	3
252	0.94	47	3
253	0.92	46	4
254	0.92	46	4
255	0.92	46	4
256	0.92	46	4
257	0.90	45	5
258	0.90	45	5
259	0.90	45	5
260	0.90	45	5
261	0.90	45	5
262	0.90	45	5
263	0.90	45	5
264	0.92	46	4
265	0.94	47	3
266	0.94	47	3
267	0.96	48	2
268	0.96	48	2
269	0.96	48	2
270	0.96	48	2
271	0.96	48	2
272	0.96	48	2
273	0.96	48	2
274	0.96	48	2
275	0.96	48	2
276	0.96	48	2
277	0.96	48	2
278	0.96	48	2
279	0.96	48	2
280	0.96	48	2
281	0.96	48	2
282	0.96	48	2
283	0.96	48	2
284	0.96	48	2
285	0.96	48	2
286	0.96	48	2
287	0.96	48	2
288	0.96	48	2
289	0.96	48	2
290	0.96	48	2
291	0.96	48	2
292	0.96	48	2
293	0.94	47	3
294	0.94	47	3
295	0.94	47	3
296	0.94	47	3
297	0.94	47	3
298	0.94	47	3
299	0.94	47	3
300	0.94	47	3
301	0.94	47	3
302	0.94	47	3
303	0.96	48	2
304	0.96	48	2
305	0.94	47	3
306	0.94	47	3
307	0.96	48	2
308	0.96	48	2
309	0.96	48	2
310	0.96	48	2
311	0.96	48	2
312	0.96	48	2
313	0.96	48	2
314	0.96	48	2
315	0.96	48	2
316	0.96	48	2
317	0.96	48	2
318	0.96	48	2
319	0.96	48	2
320	0.96	48	2
321	0.96	48	2
322	0.96	48	2
323	0.96	48	2
324	0.96	48	2
325	0.96	48	2
326	0.96	48	2
327	0.96	48	2
328	0.96	48	2
329	0.96	48	2
330	0.96	48	2
331	0.96	48	2
332	0.96	48	2
333	0.96	48	2
334	0.96	48	2
335	0.96	48	2
336	0.96	48	2
337	0.96	48	2
338	0.96	48	2
339	0.96	48	2
340	0.96	48	2
341	0.94	47	3
342	0.94	47	3
343	0.96	48	2
344	0.96	48	2
345	0.96	48	2
346	0.96	48	2
347	0.96	48	2
348	0.96	48	2
349	0.96	48	2
350	0.96	48	2
351	0.96	48	2
352	0.96	48	2
353	0.94	47	3
354	0.94	47	3
355	0.96	48	2
356	0.96	48	2
357	0.96	48	2
358	0.96	48	2
359	0.96	48	2
360	0.96	48	2
361	0.96	48	2
362	0.96	48	2
363	0.96	48	2
364	0.96	48	2
365	0.96	48	2
366	0.96	48	2
367	0.96	48	2
368	0.96	48	2
369	0.96	48	2
370	0.96	48	2
371	0.96	48	2
372	0.96	48	2
373	0.94	47	3
374	0.94	47	3
375	0.94	47	3
376	0.94	47	3
377	0.94	47	3
378	0.94	47	3
379	0.94	47	3
380	0.94	47	3
381	0.94	47	3
382	0.94	47	3
383	0.94	47	3
384	0.94	47	3
385	0.94	47	3
386	0.94	47	3
387	0.94	47	3
388	0.94	47	3
389	0.94	47	3
390	0.94	47	3
391	0.96	48	2
392	0.96	48	2
393	0.96	48	2
394	0.96	48	2
395	0.96	48	2
396	0.96	48	2
397	0.96	48	2
398	0.96	48	2
399	0.96	48	2
400	0.96	48	2
401	0.96	48	2
402	0.96	48	2
403	0.98	49	1
404	0.98	49	1
405	0.98	49	1
406	0.98	49	1
407	0.98	49	1
408	0.98	49	1
409	0.98	49	1
410	0.98	49	1
411	0.98	49	1
412	0.96	48	2
413	0.96	48	2
414	0.96	48	2
415	0.96	48	2
416	0.96	48	2
417	0.96	48	2
418	0.96	48	2
419	0.96	48	2
420	0.96	48	2
421	0.96	48	2
422	0.96	48	2
423	0.98	49	1
424	0.98	49	1
425	0.98	49	1
426	0.98	49	1
427	0.98	49	1
428	0.98	49	1
429	0.98	49	1
430	0.98	49	1
431	0.98	49	1
432	0.98	49	1
433	0.98	49	1
434	0.98	49	1
435	0.98	49	1
436	0.98	49	1
437	0.98	49	1
438	0.98	49	1
439	0.98	49	1
440	0.98	49	1
441	0.96	48	2
442	0.96	48	2
443	0.96	48	2
444	0.96	48	2
445	0.96	48	2
446	0.96	48	2
447	0.96	48	2
448	0.96	48	2
449	0.96	48	2
450	0.96	48	2
451	0.96	48	2
452	0.96	48	2
453	0.96	48	2
454	0.96	48	2
455	0.96	48	2
456	0.96	48	2
457	0.96	48	2
458	0.96	48	2
459	0.96	48	2
460	0.96	48	2
461	0.96	48	2
462	0.98	49	1
463	0.98	49	1
464	0.98	49	1
465	0.96	48	2
466	0.96	48	2
467	0.96	48	2
468	0.96	48	2
469	0.96	48	2
470	0.96	48	2
471	0.96	48	2
472	0.96	48	2
473	0.96	48	2
474	0.96	48	2
475	0.96	48	2
476	0.96	48	2
477	0.96	48	2
478	0.96	48	2
479	0.96	48	2
480	0.96	48	2
481	0.96	48	2
482	0.96	48	2
483	0.96	48	2
484	0.96	48	2
485	0.96	48	2
486	0.96	48	2
487	0.96	48	2
488	0.96	48	2
489	0.96	48	2
490	0.96	48	2
491	0.98	49	1
492	0.98	49	1
493	0.98	49	1
494	0.98	49	1
495	0.98	49	1
496	0.98	49	1
497	0.98	49	1
498	0.98	49	1
499	0.98	49	1
500	0.02	49	1
501	0.02	49	1
502	0.02	49	1
503	0.02	49	1
504	0.02	49	1
505	0.02	49	1
506	0.02	49	1
507	0.02	49	1
508	0.04	48	2
509	0.06	47	3
510	0.06	47	3
511	0.08	46	4
512	0.10	45	5
513	0.10	45	5
514	0.10	45	5
515	0.08	46	4
516	0.08	46	4
517	0.10	45	5
518	0.12	44	6
519	0.14	43	7
520	0.14	43	7
521	0.14	43	7
522	0.14	43	7
523	0.14	43	7
524	0.14	43	7
525	0.14	43	7
526	0.14	43	7
527	0.14	43	7
528	0.14	43	7
529	0.16	42	8
530	0.16	42	8
531	0.18	41	9
532	0.20	40	10
533	0.20	40	10
534	0.22	39	11
535	0.24	38	12
536	0.24	38	12
537	0.26	37	13
538	0.28	36	14
539	0.28	36	14
540	0.30	35	15
541	0.32	34	16
542	0.34	33	17
543	0.34	33	17
544	0.34	33	17
545	0.36	32	18
546	0.38	31	19
547	0.40	30	20
548	0.40	30	20
549	0.42	29	21
550	0.42	29	21
551	0.44	28	22
552	0.44	28	22
553	0.46	27	23
554	0.48	26	24
555	0.50	25	25
556	0.52	24	26
557	0.54	23	27
558	0.54	23	27
559	0.54	23	27
560	0.54	23	27
561	0.52	24	26
562	0.52	24	26
563	0.54	23	27
564	0.56	22	28
565	0.58	21	29
566	0.60	20	30
567	0.60	20	30
568	0.60	20	30
569	0.60	20	30
570	0.62	19	31
571	0.64	18	32
572	0.66	17	33
573	0.68	16	34
574	0.70	15	35
575	0.70	15	35
576	0.72	14	36
577	0.74	13	37
578	0.76	12	38
579	0.76	12	38
580	0.78	11	39
581	0.76	12	38
582	0.76	12	38
583	0.78	11	39
584	0.78	11	39
585	0.78	11	39
586	0.78	11	39
587	0.78	11	39
588	0.76	12	38
589	0.78	11	39
590	0.78	11	39
591	0.78	11	39
592	0.78	11	39
593	0.80	10	40
594	0.82	9	41
595	0.82	9	41
596	0.82	9	41
597	0.82	9	41
598	0.84	8	42
599	0.84	8	42
600	0.86	7	43
601	0.86	7	43
602	0.88	6	44
603	0.88	6	44
604	0.88	6	44
605	0.86	7	43
606	0.86	7	43
607	0.86	7	43
608	0.86	7	43
609	0.86	7	43
610	0.88	6	44
611	0.88	6	44
612	0.88	6	44
613	0.88	6	44
614	0.88	6	44
615	0.88	6	44
616	0.88	6	44
617	0.86	7	43
618	0.86	7	43
619	0.86	7	43
620	0.86	7	43
621	0.86	7	43
622	0.86	7	43
623	0.86	7	43
624	0.86	7	43
625	0.88	6	44
626	0.88	6	44
627	0.88	6	44
628	0.88	6	44
629	0.88	6	44
630	0.86	7	43
631	0.88	6	44
632	0.88	6	44
633	0.88	6	44
634	0.88	6	44
635	0.88	6	44
636	0.90	5	45
637	0.90	5	45
638	0.90	5	45
639	0.88	6	44
640	0.88	6	44
641	0.88	6	44
642	0.88	6	44
643	0.86	7	43
644	0.86	7	43
645	0.84	8	42
646	0.84	8	42
647	0.84	8	42
648	0.84	8	42
649	0.84	8	42
650	0.82	9	41
651	0.82	9	41
652	0.82	9	41
653	0.82	9	41
654	0.82	9	41
655	0.84	8	42
656	0.84	8	42
657	0.84	8	42
658	0.84	8	42
659	0.84	8	42
660	0.84	8	42
661	0.86	7	43
662	0.86	7	43
663	0.86	7	43
664	0.86	7	43
665	0.84	8	42
666	0.84	8	42
667	0.86	7	43
668	0.86	7	43
669	0.86	7	43
670	0.86	7	43
671	0.86	7	43
672	0.86	7	43
673	0.86	7	43
674	0.86	7	43
675	0.86	7	43
676	0.86	7	43
677	0.86	7	43
678	0.86	7	43
679	0.86	7	43
680	0.88	6	44
681	0.88	6	44
682	0.88	6	44
683	0.88	6	44
684	0.88	6	44
685	0.88	6	44
686	0.88	6	44
687	0.88	6	44
688	0.90	5	45
689	0.92	4	46
690	0.92	4	46
691	0.92	4	46
692	0.92	4	46
693	0.94	3	47
694	0.94	3	47
695	0.96	2	48
696	0.96	2	48
697	0.96	2	48
698	0.96	2	48
699	0.96	2	48
700	0.98	1	49
701	0.98	1	49
702	0.98	1	49
703	0.98	1	49
704	0.98	1	49
705	0.98	1	49
706	0.98	1	49
707	0.98	1	49
708	0.98	1	49
709	0.98	1	49
710	0.98	1	49
711	0.98	1	49
712	0.98	1	49
713	0.98	1	49
714	0.98	1	49
715	1.00	0	50
716	1.00	0	50
717	1.00	0	50
718	1.00	0	50
719	1.00	0	50
720	1.00	0	50
721	1.00	0	50
722	1.00	0	50
723	1.00	0	50
724	1.00	0	50
725	0.98	1	49
726	0.98	1	49
727	0.98	1	49
728	0.98	1	49
729	0.98	1	49
730	0.98	1	49
731	0.98	1	49
732	0.98	1	49
733	0.98	1	49
734	0.98	1	49
735	0.98	1	49
736	0.98	1	49
737	0.98	1	49
738	0.98	1	49
739	0.98	1	49
740	0.98	1	49
741	0.98	1	49
742	0.98	1	49
743	0.96	2	48
744	0.96	2	48
745	0.96	2	48
746	0.96	2	48
747	0.96	2	48
748	0.96	2	48
749	0.96	2	48
750	0.96	2	48
751	0.96	2	48
752	0.96	2	48
753	0.96	2	48
754	0.94	3	47
755	0.94	3	47
756	0.94	3	47
757	0.94	3	47
758	0.94	3	47
759	0.94	3	47
760	0.94	3	47
761	0.94	3	47
762	0.94	3	47
763	0.94	3	47
764	0.94	3	47
765	0.94	3	47
766	0.94	3	47
767	0.94	3	47
768	0.94	3	47
769	0.94	3	47
770	0.94	3	47
771	0.94	3	47
772	0.94	3	47
773	0.92	4	46
774	0.92	4	46
775	0.94	3	47
776	0.94	3	47
777	0.94	3	47
778	0.94	3	47
779	0.94	3	47
780	0.94	3	47
781	0.94	3	47
782	0.94	3	47
783	0.94	3	47
784	0.94	3	47
785	0.94	3	47
786	0.94	3	47
787	0.94	3	47
788	0.94	3	47
789	0.94	3	47
790	0.94	3	47
791	0.94	3	47
792	0.94	3	47
793	0.94	3	47
794	0.94	3	47
795	0.94	3	47
796	0.94	3	47
797	0.92	4	46
798	0.92	4	46
799	0.92	4	46
800	0.92	4	46
801	0.92	4	46
802	0.92	4	46
803	0.92	4	46
804	0.94	3	47
805	0.94	3	47
806	0.94	3	47
807	0.94	3	47
808	0.94	3	47
809	0.94	3	47
810	0.94	3	47
811	0.94	3	47
812	0.94	3	47
813	0.94	3	47
814	0.94	3	47
815	0.94	3	47
816	0.94	3	47
817	0.94	3	47
818	0.94	3	47
819	0.94	3	47
820	0.94	3	47
821	0.94	3	47
822	0.94	3	47
823	0.96	2	48
824	0.96	2	48
825	0.96	2	48
826	0.96	2	48
827	0.96	2	48
828	0.96	2	48
829	0.96	2	48
830	0.96	2	48
831	0.96	2	48
832	0.96	2	48
833	0.96	2	48
834	0.96	2	48
835	0.96	2	48
836	0.96	2	48
837	0.96	2	48
838	0.96	2	48
839	0.96	2	48
840	0.96	2	48
841	0.96	2	48
842	0.96	2	48
843	0.98	1	49
844	0.98	1	49
845	0.98	1	49
846	0.98	1	49
847	1.00	0	50
848	1.00	0	50
849	1.00	0	50
850	1.00	0	50
851	1.00	0	50
852	1.00	0	50
853	1.00	0	50
854	1.00	0	50
855	1.00	0	50
856	1.00	0	50
857	1.00	0	50
858	1.00	0	50
859	1.00	0	50
860	1.00	0	50
861	1.00	0	50
862	1.00	0	50
863	1.00	0	50
864	1.00	0	50
865	1.00	0	50
866	1.00	0	50
867	1.00	0	50
868	1.00	0	50
869	1.00	0	50
870	1.00	0	50
871	0.98	1	49
872	0.98	1	49
873	0.98	1	49
874	0.98	1	49
875	0.98	1	49
876	0.98	1	49
877	0.98	1	49
878	0.98	1	49
879	0.98	1	49
880	0.98	1	49
881	0.98	1	49
882	0.98	1	49
883	0.98	1	49
884	0.98	1	49
885	0.98	1	49
886	0.98	1	49
887	0.96	2	48
888	0.96	2	48
889	0.96	2	48
890	0.96	2	48
891	0.96	2	48
892	0.96	2	48
893	0.96	2	48
894	0.96	2	48
895	0.96	2	48
896	0.96	2	48
897	0.96	2	48
898	0.96	2	48
899	0.96	2	48
900	0.96	2	48
901	0.96	2	48
902	0.96	2	48
903	0.96	2	48
904	0.96	2	48
905	0.96	2	48
906	0.96	2	48
907	0.96	2	48
908	0.96	2	48
909	0.96	2	48
910	0.96	2	48
911	0.96	2	48
912	0.96	2	48
913	0.96	2	48
914	0.96	2	48
915	0.96	2	48
916	0.94	3	47
917	0.94	3	47
918	0.94	3	47
919	0.94	3	47
920	0.94	3	47
921	0.96	2	48
922	0.96	2	48
923	0.96	2	48
924	0.96	2	48
925	0.96	2	48
926	0.96	2	48
927	0.96	2	48
928	0.96	2	48
929	0.96	2	48
930	0.96	2	48
931	0.96	2	48
932	0.96	2	48
933	0.96	2	48
934	0.96	2	48
935	0.96	2	48
936	0.96	2	48
937	0.98	1	49
938	0.98	1	49
939	0.98	1	49
940	0.98	1	49
941	0.98	1	49
942	0.96	2	48
943	0.96	2	48
944	0.96	2	48
945	0.96	2	48
946	0.96	2	48
947	0.96	2	48
948	0.96	2	48
949	0.96	2	48
950	0.96	2	48
951	0.96	2	48
952	0.96	2	48
953	0.96	2	48
954	0.94	3	47
955	0.94	3	47
956	0.94	3	47
957	0.94	3	47
958	0.94	3	47
959	0.94	3	47
960	0.94	3	47
961	0.94	3	47
962	0.94	3	47
963	0.92	4	46
964	0.90	5	45
965	0.90	5	45
966	0.92	4	46
967	0.92	4	46
968	0.92	4	46
969	0.92	4	46
970	0.92	4	46
971	0.92	4	46
972	0.92	4	46
973	0.92	4	46
974	0.92	4	46
975	0.92	4	46
976	0.92	4	46
977	0.92	4	46
978	0.90	5	45
979	0.90	5	45
980	0.90	5	45
981	0.90	5	45
982	0.90	5	45
983	0.90	5	45
984	0.90	5	45
985	0.90	5	45
986	0.90	5	45
987	0.90	5	45
988	0.90	5	45
989	0.90	5	45
990	0.90	5	45
991	0.90	5	45
992	0.90	5	45
993	0.90	5	45
994	0.90	5	45
995	0.90	5	45
996	0.90	5	45
997	0.88	6	44
998	0.88	6	44
999	0.88	6	44
1000	0.12	6	44
1001	0.12	6	44
1002	0.12	6	44
1003	0.14	7	43
1004	0.12	6	44
1005	0.12	6	44
1006	0.14	7	43
1007	0.14	7	43
1008	0.16	8	42
1009	0.16	8	42
1010	0.16	8	42
1011	0.16	8	42
1012	0.16	8	42
1013	0.14	7	43
1014	0.12	6	44
1015	0.12	6	44
1016	0.12	6	44
1017	0.12	6	44
1018	0.14	7	43
1019	0.14	7	43
1020	0.14	7	43
1021	0.14	7	43
1022	0.16	8	42
1023	0.16	8	42
1024	0.16	8	42
1025	0.18	9	41
1026	0.20	10	40
1027	0.20	10	40
1028	0.20	10	40
1029	0.20	10	40
1030	0.20	10	40
1031	0.20	10	40
1032	0.20	10	40
1033	0.20	10	40
1034	0.20	10	40
1035	0.20	10	40
1036	0.22	11	39
1037	0.24	12	38
1038	0.26	13	37
1039	0.26	13	37
1040	0.26	13	37
1041	0.28	14	36
1042	0.28	14	36
1043	0.30	15	35
1044	0.32	16	34
1045	0.34	17	33
1046	0.36	18	32
1047	0.36	18	32
1048	0.38	19	31
1049	0.40	20	30
1050	0.42	21	29
1051	0.44	22	28
1052	0.46	23	27
1053	0.44	22	28
1054	0.46	23	27
1055	0.48	24	26
1056	0.46	23	27
1057	0.46	23	27
1058	0.46	23	27
1059	0.48	24	26
1060	0.50	25	25
1061	0.52	26	24
1062	0.54	27	23
1063	0.54	27	23
1064	0.56	28	22
1065	0.58	29	21
1066	0.60	30	20
1067	0.62	31	19
1068	0.62	31	19
1069	0.62	31	19
1070	0.64	32	18
1071	0.64	32	18
1072	0.64	32	18
1073	0.66	33	17
1074	0.68	34	16
1075	0.68	34	16
1076	0.68	34	16
1077	0.70	35	15
1078	0.70	35	15
1079	0.70	35	15
1080	0.72	36	14
1081	0.72	36	14
1082	0.74	37	13
1083	0.76	38	12
1084	0.78	39	11
1085	0.80	40	10
1086	0.80	40	10
1087	0.78	39	11
1088	0.78	39	11
1089	0.78	39	11
1090	0.80	40	10
1091	0.80	40	10
1092	0.80	40	10
1093	0.78	39	11
1094	0.76	38	12
1095	0.74	37	13
1096	0.74	37	13
1097	0.72	36	14
1098	0.72	36	14
1099	0.72	36	14
1100	0.72	36	14
1101	0.70	35	15
1102	0.68	34	16
1103	0.70	35	15
1104	0.70	35	15
1105	0.70	35	15
1106	0.72	36	14
1107	0.74	37	13
1108	0.74	37	13
1109	0.74	37	13
1110	0.74	37	13
1111	0.72	36	14
1112	0.72	36	14
1113	0.74	37	13
1114	0.74	37	13
1115	0.74	37	13
1116	0.74	37	13
1117	0.72	36	14
1118	0.72	36	14
1119	0.74	37	13
1120	0.74	37	13
1121	0.76	38	12
1122	0.76	38	12
1123	0.76	38	12
1124	0.74	37	13
1125	0.74	37	13
1126	0.72	36	14
1127	0.70	35	15
1128	0.70	35	15
1129	0.72	36	14
1130	0.72	36	14
1131	0.74	37	13
1132	0.74	37	13
1133	0.74	37	13
1134	0.72	36	14
1135	0.72	36	14
1136	0.72	36	14
1137	0.74	37	13
1138	0.74	37	13
1139	0.76	38	12
1140	0.74	37	13
1141	0.74	37	13
1142	0.74	37	13
1143	0.76	38	12
1144	0.78	39	11
1145	0.80	40	10
1146	0.80	40	10
1147	0.82	41	9
1148	0.82	41	9
1149	0.82	41	9
1150	0.82	41	9
1151	0.84	42	8
1152	0.86	43	7
1153	0.86	43	7
1154	0.86	43	7
1155	0.86	43	7
1156	0.86	43	7
1157	0.84	42	8
1158	0.84	42	8
1159	0.84	42	8
1160	0.84	42	8
1161	0.86	43	7
1162	0.86	43	7
1163	0.86	43	7
1164	0.86	43	7
1165	0.86	43	7
1166	0.86	43	7
1167	0.88	44	6
1168	0.88	44	6
1169	0.88	44	6
1170	0.86	43	7
1171	0.86	43	7
1172	0.86	43	7
1173	0.86	43	7
1174	0.88	44	6
1175	0.88	44	6
1176	0.88	44	6
1177	0.90	45	5
1178	0.90	45	5
1179	0.90	45	5
1180	0.90	45	5
1181	0.90	45	5
1182	0.90	45	5
1183	0.90	45	5
1184	0.92	46	4
1185	0.92	46	4
1186	0.92	46	4
1187	0.92	46	4
1188	0.92	46	4
1189	0.92	46	4
1190	0.94	47	3
1191	0.94	47	3
1192	0.94	47	3
1193	0.94	47	3
1194	0.94	47	3
1195	0.94	47	3
1196	0.94	47	3
1197	0.94	47	3
1198	0.94	47	3
1199	0.94	47	3
1200	0.94	47	3
1201	0.94	47	3
1202	0.94	47	3
1203	0.94	47	3
1204	0.94	47	3
1205	0.94	47	3
1206	0.94	47	3
1207	0.96	48	2
1208	0.96	48	2
1209	0.96	48	2
1210	0.96	48	2
1211	0.96	48	2
1212	0.96	48	2
1213	0.96	48	2
1214	0.96	48	2
1215	0.96	48	2
1216	0.96	48	2
1217	0.96	48	2
1218	0.96	48	2
1219	0.96	48	2
1220	0.98	49	1
1221	0.98	49	1
1222	0.98	49	1
1223	0.98	49	1
1224	0.98	49	1
1225	0.96	48	2
1226	0.98	49	1
1227	0.98	49	1
1228	0.98	49	1
1229	0.98	49	1
1230	0.98	49	1
1231	0.98	49	1
1232	0.98	49	1
1233	0.98	49	1
1234	0.98	49	1
1235	0.98	49	1
1236	0.98	49	1
1237	0.98	49	1
1238	0.98	49	1
1239	0.98	49	1
1240	0.96	48	2
1241	0.96	48	2
1242	0.96	48	2
1243	0.96	48	2
1244	0.96	48	2
1245	0.96	48	2
1246	0.96	48	2
1247	0.96	48	2
1248	0.96	48	2
1249	0.96	48	2
1250	0.96	48	2
1251	0.96	48	2
1252	0.96	48	2
1253	0.96	48	2
1254	0.96	48	2
1255	0.96	48	2
1256	0.96	48	2
1257	0.96	48	2
1258	0.96	48	2
1259	0.96	48	2
1260	0.96	48	2
1261	0.96	48	2
1262	0.96	48	2
1263	0.96	48	2
1264	0.96	48	2
1265	0.96	48	2
1266	0.96	48	2
1267	0.96	48	2
1268	0.96	48	2
1269	0.96	48	2
1270	0.96	48	2
1271	0.96	48	2
1272	0.96	48	2
1273	0.96	48	2
1274	0.94	47	3
1275	0.96	48	2
1276	0.96	48	2
1277	0.96	48	2
1278	0.96	48	2
1279	0.94	47	3
1280	0.94	47	3
1281	0.94	47	3
1282	0.94	47	3
1283	0.94	47	3
1284	0.94	47	3
1285	0.94	47	3
1286	0.94	47	3
1287	0.94	47	3
1288	0.92	46	4
1289	0.92	46	4
1290	0.94	47	3
1291	0.94	47	3
1292	0.94	47	3
1293	0.94	47	3
1294	0.94	47	3
1295	0.94	47	3
1296	0.94	47	3
1297	0.94	47	3
1298	0.94	47	3
1299	0.94	47	3
1300	0.94	47	3
1301	0.94	47	3
1302	0.94	47	3
1303	0.94	47	3
1304	0.94	47	3
1305	0.92	46	4
1306	0.92	46	4
1307	0.92	46	4
1308	0.92	46	4
1309	0.92	46	4
1310	0.92	46	4
1311	0.92	46	4
1312	0.92	46	4
1313	0.92	46	4
1314	0.92	46	4
1315	0.92	46	4
1316	0.90	45	5
1317	0.90	45	5
1318	0.90	45	5
1319	0.90	45	5
1320	0.90	45	5
1321	0.90	45	5
1322	0.90	45	5
1323	0.90	45	5
1324	0.92	46	4
1325	0.92	46	4
1326	0.92	46	4
1327	0.92	46	4
1328	0.90	45	5
1329	0.92	46	4
1330	0.92	46	4
1331	0.92	46	4
1332	0.92	46	4
1333	0.92	46	4
1334	0.92	46	4
1335	0.92	46	4
1336	0.92	46	4
1337	0.92	46	4
1338	0.94	47	3
1339	0.94	47	3
1340	0.94	47	3
1341	0.94	47	3
1342	0.94	47	3
1343	0.94	47	3
1344	0.94	47	3
1345	0.94	47	3
1346	0.94	47	3
1347	0.94	47	3
1348	0.94	47	3
1349	0.94	47	3
1350	0.94	47	3
1351	0.94	47	3
1352	0.94	47	3
1353	0.94	47	3
1354	0.94	47	3
1355	0.96	48	2
1356	0.96	48	2
1357	0.96	48	2
1358	0.96	48	2
1359	0.96	48	2
1360	0.96	48	2
1361	0.96	48	2
1362	0.96	48	2
1363	0.96	48	2
1364	0.96	48	2
1365	0.94	47	3
1366	0.96	48	2
1367	0.96	48	2
1368	0.94	47	3
1369	0.94	47	3
1370	0.94	47	3
1371	0.94	47	3
1372	0.94	47	3
1373	0.94	47	3
1374	0.94	47	3
1375	0.94	47	3
1376	0.94	47	3
1377	0.94	47	3
1378	0.96	48	2
1379	0.96	48	2
1380	0.94	47	3
1381	0.94	47	3
1382	0.94	47	3
1383	0.94	47	3
1384	0.94	47	3
1385	0.94	47	3
1386	0.94	47	3
1387	0.94	47	3
1388	0.94	47	3
1389	0.94	47	3
1390	0.92	46	4
1391	0.92	46	4
1392	0.92	46	4
1393	0.92	46	4
1394	0.92	46	4
1395	0.92	46	4
1396	0.92	46	4
1397	0.92	46	4
1398	0.90	45	5
1399	0.90	45	5
1400	0.88	44	6
1401	0.86	43	7
1402	0.86	43	7
1403	0.86	43	7
1404	0.86	43	7
1405	0.86	43	7
1406	0.86	43	7
1407	0.86	43	7
1408	0.86	43	7
1409	0.86	43	7
1410	0.86	43	7
1411	0.86	43	7
1412	0.86	43	7
1413	0.86	43	7
1414	0.84	42	8
1415	0.86	43	7
1416	0.84	42	8
1417	0.84	42	8
1418	0.86	43	7
1419	0.84	42	8
1420	0.84	42	8
1421	0.84	42	8
1422	0.84	42	8
1423	0.84	42	8
1424	0.84	42	8
1425	0.84	42	8
1426	0.84	42	8
1427	0.84	42	8
1428	0.84	42	8
1429	0.84	42	8
1430	0.86	43	7
1431	0.86	43	7
1432	0.84	42	8
1433	0.84	42	8
1434	0.84	42	8
1435	0.84	42	8
1436	0.84	42	8
1437	0.84	42	8
1438	0.84	42	8
1439	0.84	42	8
1440	0.86	43	7
1441	0.86	43	7
1442	0.86	43	7
1443	0.84	42	8
1444	0.82	41	9
1445	0.82	41	9
1446	0.82	41	9
1447	0.82	41	9
1448	0.84	42	8
1449	0.84	42	8
1450	0.86	43	7
1451	0.88	44	6
1452	0.88	44	6
1453	0.88	44	6
1454	0.88	44	6
1455	0.88	44	6
1456	0.88	44	6
1457	0.88	44	6
1458	0.88	44	6
1459	0.88	44	6
1460	0.88	44	6
1461	0.88	44	6
1462	0.88	44	6
1463	0.88	44	6
1464	0.90	45	5
1465	0.90	45	5
1466	0.90	45	5
1467	0.90	45	5
1468	0.90	45	5
1469	0.92	46	4
1470	0.92	46	4
1471	0.92	46	4
1472	0.92	46	4
1473	0.90	45	5
1474	0.90	45	5
1475	0.90	45	5
1476	0.90	45	5
1477	0.90	45	5
1478	0.90	45	5
1479	0.90	45	5
1480	0.90	45	5
1481	0.90	45	5
1482	0.92	46	4
1483	0.92	46	4
1484	0.92	46	4
1485	0.92	46	4
1486	0.92	46	4
1487	0.92	46	4
1488	0.92	46	4
1489	0.92	46	4
1490	0.92	46	4
1491	0.92	46	4
1492	0.92	46	4
1493	0.94	47	3
1494	0.96	48	2
1495	0.96	48	2
1496	0.96	48	2
1497	0.96	48	2
1498	0.96	48	2
1499	0.96	48	2
1500	0.04	48	2
1501	0.04	48	2
1502	0.04	48	2
1503	0.04	48	2
1504	0.04	48	2
1505	0.04	48	2
1506	0.04	48	2
1507	0.04	48	2
1508	0.04	48	2
1509	0.04	48	2
1510	0.04	48	2
1511	0.04	48	2
1512	0.04	48	2
1513	0.04	48	2
1514	0.04	48	2
1515	0.06	47	3
1516	0.04	48	2
1517	0.06	47	3
1518	0.06	47	3
1519	0.08	46	4
1520	0.10	45	5
1521	0.12	44	6
1522	0.12	44	6
1523	0.10	45	5
1524	0.10	45	5
1525	0.12	44	6
1526	0.14	43	7
1527	0.16	42	8
1528	0.16	42	8
1529	0.16	42	8
1530	0.18	41	9
1531	0.18	41	9
1532	0.18	41	9
1533	0.18	41	9
1534	0.18	41	9
1535	0.18	41	9
1536	0.18	41	9
1537	0.20	40	10
1538	0.20	40	10
1539	0.20	40	10
1540	0.22	39	11
1541	0.22	39	11
1542	0.24	38	12
1543	0.26	37	13
1544	0.26	37	13
1545	0.28	36	14
1546	0.30	35	15
1547	0.32	34	16
1548	0.32	34	16
1549	0.34	33	17
1550	0.36	32	18
1551	0.36	32	18
1552	0.36	32	18
1553	0.36	32	18
1554	0.38	31	19
1555	0.40	30	20
1556	0.42	29	21
1557	0.42	29	21
1558	0.42	29	21
1559	0.44	28	22
1560	0.44	28	22
1561	0.46	27	23
1562	0.48	26	24
1563	0.50	25	25
1564	0.52	24	26
1565	0.52	24	26
1566	0.52	24	26
1567	0.52	24	26
1568	0.54	23	27
1569	0.54	23	27
1570	0.52	24	26
1571	0.52	24	26
1572	0.54	23	27
1573	0.56	22	28
1574	0.58	21	29
1575	0.58	21	29
1576	0.56	22	28
1577	0.56	22	28
1578	0.58	21	29
1579	0.60	20	30
1580	0.58	21	29
1581	0.60	20	30
1582	0.60	20	30
1583	0.62	19	31
1584	0.64	18	32
1585	0.66	17	33
1586	0.68	16	34
1587	0.66	17	33
1588	0.68	16	34
1589	0.70	15	35
1590	0.70	15	35
1591	0.72	14	36
1592	0.72	14	36
1593	0.72	14	36
1594	0.74	13	37
1595	0.72	14	36
1596	0.72	14	36
1597	0.72	14	36
1598	0.74	13	37
1599	0.74	13	37
1600	0.74	13	37
1601	0.76	12	38
1602	0.78	11	39
1603	0.80	10	40
1604	0.78	11	39
1605	0.78	11	39
1606	0.76	12	38
1607	0.78	11	39
1608	0.80	10	40
1609	0.80	10	40
1610	0.82	9	41
1611	0.82	9	41
1612	0.82	9	41
1613	0.82	9	41
1614	0.80	10	40
1615	0.80	10	40
1616	0.82	9	41
1617	0.82	9	41
1618	0.82	9	41
1619	0.82	9	41
1620	0.84	8	42
1621	0.84	8	42
1622	0.84	8	42
1623	0.84	8	42
1624	0.84	8	42
1625	0.84	8	42
1626	0.86	7	43
1627	0.86	7	43
1628	0.86	7	43
1629	0.86	7	43
1630	0.88	6	44
1631	0.88	6	44
1632	0.90	5	45
1633	0.90	5	45
1634	0.90	5	45
1635	0.90	5	45
1636	0.90	5	45
1637	0.92	4	46
1638	0.92	4	46
1639	0.92	4	46
1640	0.92	4	46
1641	0.92	4	46
1642	0.92	4	46
1643	0.92	4	46
1644	0.92	4	46
1645	0.94	3	47
1646	0.92	4	46
1647	0.92	4	46
1648	0.92	4	46
1649	0.92	4	46
1650	0.92	4	46
1651	0.92	4	46
1652	0.92	4	46
1653	0.92	4	46
1654	0.94	3	47
1655	0.94	3	47
1656	0.94	3	47
1657	0.94	3	47
1658	0.92	4	46
1659	0.92	4	46
1660	0.92	4	46
1661	0.92	4	46
1662	0.92	4	46
1663	0.92	4	46
1664	0.94	3	47
1665	0.94	3	47
1666	0.94	3	47
1667	0.92	4	46
1668	0.92	4	46
1669	0.92	4	46
1670	0.92	4	46
1671	0.92	4	46
1672	0.92	4	46
1673	0.92	4	46
1674	0.92	4	46
1675	0.90	5	45
1676	0.90	5	45
1677	0.90	5	45
1678	0.90	5	45
1679	0.90	5	45
1680	0.90	5	45
1681	0.90	5	45
1682	0.90	5	45
1683	0.90	5	45
1684	0.90	5	45
1685	0.90	5	45
1686	0.90	5	45
1687	0.90	5	45
1688	0.90	5	45
1689	0.90	5	45
1690	0.90	5	45
1691	0.90	5	45
1692	0.90	5	45
1693	0.90	5	45
1694	0.90	5	45
1695	0.90	5	45
1696	0.92	4	46
1697	0.92	4	46
1698	0.92	4	46
1699	0.92	4	46
1700	0.92	4	46
1701	0.92	4	46
1702	0.92	4	46
1703	0.92	4	46
1704	0.92	4	46
1705	0.92	4	46
1706	0.94	3	47
1707	0.94	3	47
1708	0.96	2	48
1709	0.96	2	48
1710	0.96	2	48
1711	0.96	2	48
1712	0.96	2	48
1713	0.96	2	48
1714	0.96	2	48
1715	0.96	2	48
1716	0.96	2	48
1717	0.98	1	49
1718	0.98	1	49
1719	0.98	1	49
1720	0.98	1	49
1721	0.98	1	49
1722	0.98	1	49
1723	0.98	1	49
1724	0.98	1	49
1725	1.00	0	50
1726	1.00	0	50
1727	1.00	0	50
1728	1.00	0	50
1729	1.00	0	50
1730	1.00	0	50
1731	1.00	0	50
1732	0.98	1	49
1733	0.98	1	49
1734	0.98	1	49
1735	0.98	1	49
1736	0.98	1	49
1737	0.98	1	49
1738	0.98	1	49
1739	0.98	1	49
1740	0.98	1	49
1741	0.98	1	49
1742	0.98	1	49
1743	0.98	1	49
1744	0.98	1	49
1745	0.98	1	49
1746	0.98	1	49
1747	0.98	1	49
1748	0.98	1	49
1749	0.98	1	49
1750	0.98	1	49
1751	0.98	1	49
1752	0.96	2	48
1753	0.96	2	48
1754	0.96	2	48
1755	0.96	2	48
1756	0.96	2	48
1757	0.96	2	48
1758	0.96	2	48
1759	0.96	2	48
1760	0.96	2	48
1761	0.96	2	48
1762	0.96	2	48
1763	0.96	2	48
1764	0.96	2	48
1765	0.96	2	48
1766	0.96	2	48
1767	0.96	2	48
1768	0.96	2	48
1769	0.96	2	48
1770	0.96	2	48
1771	0.96	2	48
1772	0.96	2	48
1773	0.96	2	48
1774	0.96	2	48
1775	0.94	3	47
1776	0.94	3	47
1777	0.94	3	47
1778	0.94	3	47
1779	0.94	3	47
1780	0.94	3	47
1781	0.94	3	47
1782	0.96	2	48
1783	0.96	2	48
1784	0.96	2	48
1785	0.96	2	48
1786	0.96	2	48
1787	0.96	2	48
1788	0.96	2	48
1789	0.96	2	48
1790	0.96	2	48
1791	0.96	2	48
1792	0.96	2	48
1793	0.96	2	48
1794	0.96	2	48
1795	0.96	2	48
1796	0.96	2	48
1797	0.96	2	48
1798	0.96	2	48
1799	0.94	3	47
1800	0.94	3	47
1801	0.94	3	47
1802	0.96	2	48
1803	0.96	2	48
1804	0.96	2	48
1805	0.96	2	48
1806	0.96	2	48
1807	0.96	2	48
1808	0.96	2	48
1809	0.96	2	48
1810	0.96	2	48
1811	0.96	2	48
1812	0.96	2	48
1813	0.96	2	48
1814	0.96	2	48
1815	0.96	2	48
1816	0.96	2	48
1817	0.96	2	48
1818	0.96	2	48
1819	0.96	2	48
1820	0.96	2	48
1821	0.96	2	48
1822	0.96	2	48
1823	0.94	3	47
1824	0.94	3	47
1825	0.96	2	48
1826	0.96	2	48
1827	0.96	2	48
1828	0.94	3	47
1829	0.92	4	46
1830	0.92	4	46
1831	0.92	4	46
1832	0.92	4	46
1833	0.92	4	46
1834	0.92	4	46
1835	0.92	4	46
1836	0.92	4	46
1837	0.92	4	46
1838	0.92	4	46
1839	0.90	5	45
1840	0.90	5	45
1841	0.90	5	45
1842	0.90	5	45
1843	0.90	5	45
1844	0.90	5	45
1845	0.90	5	45
1846	0.90	5	45
1847	0.90	5	45
1848	0.90	5	45
1849	0.92	4	46
1850	0.92	4	46
1851	0.92	4	46
1852	0.92	4	46
1853	0.92	4	46
1854	0.92	4	46
1855	0.92	4	46
1856	0.92	4	46
1857	0.92	4	46
1858	0.92	4	46
1859	0.92	4	46
1860	0.92	4	46
1861	0.92	4	46
1862	0.92	4	46
1863	0.92	4	46
1864	0.92	4	46
1865	0.90	5	45
1866	0.90	5	45
1867	0.90	5	45
1868	0.90	5	45
1869	0.90	5	45
1870	0.90	5	45
1871	0.88	6	44
1872	0.88	6	44
1873	0.90	5	45
1874	0.90	5	45
1875	0.90	5	45
1876	0.90	5	45
1877	0.90	5	45
1878	0.92	4	46
1879	0.94	3	47
1880	0.94	3	47
1881	0.94	3	47
1882	0.94	3	47
1883	0.94	3	47
1884	0.94	3	47
1885	0.94	3	47
1886	0.94	3	47
1887	0.94	3	47
1888	0.94	3	47
1889	0.96	2	48
1890	0.94	3	47
1891	0.94	3	47
1892	0.92	4	46
1893	0.92	4	46
1894	0.92	4	46
1895	0.92	4	46
1896	0.92	4	46
1897	0.92	4	46
1898	0.92	4	46
1899	0.92	4	46
1900	0.90	5	45
1901	0.88	6	44
1902	0.88	6	44
1903	0.88	6	44
1904	0.88	6	44
1905	0.88	6	44
1906	0.88	6	44
1907	0.88	6	44
1908	0.88	6	44
1909	0.88	6	44
1910	0.88	6	44
1911	0.88	6	44
1912	0.88	6	44
1913	0.88	6	44
1914	0.88	6	44
1915	0.90	5	45
1916	0.88	6	44
1917	0.88	6	44
1918	0.88	6	44
1919	0.88	6	44
1920	0.88	6	44
1921	0.88	6	44
1922	0.88	6	44
1923	0.88	6	44
1924	0.88	6	44
1925	0.88	6	44
1926	0.88	6	44
1927	0.88	6	44
1928	0.88	6	44
1929	0.88	6	44
1930	0.88	6	44
1931	0.88	6	44
1932	0.88	6	44
1933	0.88	6	44
1934	0.86	7	43
1935	0.86	7	43
1936	0.86	7	43
1937	0.86	7	43
1938	0.86	7	43
1939	0.84	8	42
1940	0.86	7	43
1941	0.86	7	43
1942	0.88	6	44
1943	0.86	7	43
1944	0.86	7	43
1945	0.84	8	42
1946	0.84	8	42
1947	0.84	8	42
1948	0.84	8	42
1949	0.84	8	42
1950	0.86	7	43
1951	0.88	6	44
1952	0.88	6	44
1953	0.86	7	43
1954	0.84	8	42
1955	0.84	8	42
1956	0.84	8	42
1957	0.84	8	42
1958	0.84	8	42
1959	0.84	8	42
1960	0.84	8	42
1961	0.84	8	42
1962	0.82	9	41
1963	0.82	9	41
1964	0.82	9	41
1965	0.82	9	41
1966	0.84	8	42
1967	0.84	8	42
1968	0.84	8	42
1969	0.84	8	42
1970	0.84	8	42
1971	0.86	7	43
1972	0.84	8	42
1973	0.84	8	42
1974	0.84	8	42
1975	0.84	8	42
1976	0.82	9	41
1977	0.82	9	41
1978	0.82	9	41
1979	0.82	9	41
1980	0.82	9	41
1981	0.80	10	40
1982	0.80	10	40
1983	0.80	10	40
1984	0.82	9	41
1985	0.82	9	41
1986	0.82	9	41
1987	0.82	9	41
1988	0.80	10	40
1989	0.82	9	41
1990	0.82	9	41
1991	0.82	9	41
1992	0.82	9	41
1993	0.84	8	42
1994	0.84	8	42
1995	0.86	7	43
1996	0.86	7	43
1997	0.86	7	43
1998	0.84	8	42
1999	0.84	8	42
2000	0.16	8	42
2001	0.16	8	42
2002	0.16	8	42
2003	0.14	7	43
2004	0.12	6	44
2005	0.12	6	44
2006	0.12	6	44
2007	0.12	6	44
2008	0.12	6	44
2009	0.12	6	44
2010	0.14	7	43
2011	0.14	7	43
2012	0.12	6	44
2013	0.14	7	43
2014	0.14	7	43
2015	0.16	8	42
2016	0.16	8	42
2017	0.16	8	42
2018	0.16	8	42
2019	0.16	8	42
2020	0.18	9	41
2021	0.18	9	41
2022	0.16	8	42
2023	0.18	9	41
2024	0.20	10	40
2025	0.22	11	39
2026	0.22	11	39
2027	0.22	11	39
2028	0.24	12	38
2029	0.24	12	38
2030	0.24	12	38
2031	0.22	11	39
2032	0.22	11	39
2033	0.22	11	39
2034	0.24	12	38
2035	0.26	13	37
2036	0.26	13	37
2037	0.28	14	36
2038	0.26	13	37
2039	0.28	14	36
2040	0.30	15	35
2041	0.32	16	34
2042	0.32	16	34
2043	0.34	17	33
2044	0.34	17	33
2045	0.36	18	32
2046	0.38	19	31
2047	0.38	19	31
2048	0.38	19	31
2049	0.40	20	30
2050	0.42	21	29
2051	0.42	21	29
2052	0.44	22	28
2053	0.46	23	27
2054	0.46	23	27
2055	0.48	24	26
2056	0.50	25	25
2057	0.52	26	24
2058	0.52	26	24
2059	0.54	27	23
2060	0.54	27	23
2061	0.56	28	22
2062	0.56	28	22
2063	0.56	28	22
2064	0.58	29	21
2065	0.56	28	22
2066	0.58	29	21
2067	0.60	30	20
2068	0.62	31	19
2069	0.62	31	19
2070	0.62	31	19
2071	0.64	32	18
2072	0.66	33	17
2073	0.66	33	17
2074	0.66	33	17
2075	0.66	33	17
2076	0.66	33	17
2077	0.68	34	16
2078	0.68	34	16
2079	0.70	35	15
2080	0.70	35	15
2081	0.72	36	14
2082	0.72	36	14
2083	0.74	37	13
2084	0.74	37	13
2085	0.74	37	13
2086	0.74	37	13
2087	0.74	37	13
2088	0.76	38	12
2089	0.76	38	12
2090	0.76	38	12
2091	0.76	38	12
2092	0.78	39	11
2093	0.78	39	11
2094	0.80	40	10
2095	0.80	40	10
2096	0.80	40	10
2097	0.82	41	9
2098	0.82	41	9
2099	0.80	40	10
2100	0.80	40	10
2101	0.82	41	9
2102	0.82	41	9
2103	0.82	41	9
2104	0.84	42	8
2105	0.84	42	8
2106	0.84	42	8
2107	0.84	42	8
2108	0.86	43	7
2109	0.86	43	7
2110	0.84	42	8
2111	0.84	42	8
2112	0.86	43	7
2113	0.86	43	7
2114	0.86	43	7
2115	0.88	44	6
2116	0.88	44	6
2117	0.86	43	7
2118	0.84	42	8
2119	0.86	43	7
2120	0.86	43	7
2121	0.86	43	7
2122	0.86	43	7
2123	0.86	43	7
2124	0.86	43	7
2125	0.86	43	7
2126	0.86	43	7
2127	0.86	43	7
2128	0.84	42	8
2129	0.84	42	8
2130	0.86	43	7
2131	0.86	43	7
2132	0.88	44	6
2133	0.88	44	6
2134	0.88	44	6
2135	0.88	44	6
2136	0.90	45	5
2137	0.90	45	5
2138	0.90	45	5
2139	0.90	45	5
2140	0.90	45	5
2141	0.90	45	5
2142	0.90	45	5
2143	0.88	44	6
2144	0.88	44	6
2145	0.88	44	6
2146	0.88	44	6
2147	0.86	43	7
2148	0.86	43	7
2149	0.88	44	6
2150	0.88	44	6
2151	0.88	44	6
2152	0.88	44	6
2153	0.86	43	7
2154	0.86	43	7
2155	0.86	43	7
2156	0.86	43	7
2157	0.86	43	7
2158	0.86	43	7
2159	0.86	43	7
2160	0.88	44	6
2161	0.88	44	6
2162	0.88	44	6
2163	0.88	44	6
2164	0.88	44	6
2165	0.88	44	6
2166	0.86	43	7
2167	0.88	44	6
2168	0.90	45	5
2169	0.88	44	6
2170	0.88	44	6
2171	0.88	44	6
2172	0.88	44	6
2173	0.86	43	7
2174	0.86	43	7
2175	0.86	43	7
2176	0.84	42	8
2177	0.84	42	8
2178	0.86	43	7
2179	0.86	43	7
2180	0.86	43	7
2181	0.86	43	7
2182	0.86	43	7
2183	0.86	43	7
2184	0.84	42	8
2185	0.84	42	8
2186	0.82	41	9
2187	0.82	41	9
2188	0.80	40	10
2189	0.80	40	10
2190	0.78	39	11
2191	0.76	38	12
2192	0.76	38	12
2193	0.78	39	11
2194	0.78	39	11
2195	0.78	39	11
2196	0.78	39	11
2197	0.80	40	10
2198	0.80	40	10
2199	0.80	40	10
2200	0.78	39	11
2201	0.78	39	11
2202	0.78	39	11
2203	0.80	40	10
2204	0.80	40	10
2205	0.80	40	10
2206	0.80	40	10
2207	0.80	40	10
2208	0.80	40	10
2209	0.80	40	10
2210	0.80	40	10
2211	0.80	40	10
2212	0.80	40	10
2213	0.80	40	10
2214	0.80	40	10
2215	0.78	39	11
2216	0.80	40	10
2217	0.80	40	10
2218	0.80	40	10
2219	0.82	41	9
2220	0.82	41	9
2221	0.82	41	9
2222	0.80	40	10
2223	0.82	41	9
2224	0.82	41	9
2225	0.82	41	9
2226	0.84	42	8
2227	0.84	42	8
2228	0.84	42	8
2229	0.84	42	8
2230	0.84	42	8
2231	0.84	42	8
2232	0.84	42	8
2233	0.84	42	8
2234	0.84	42	8
2235	0.84	42	8
2236	0.86	43	7
2237	0.86	43	7
2238	0.86	43	7
2239	0.86	43	7
2240	0.88	44	6
2241	0.90	45	5
2242	0.90	45	5
2243	0.90	45	5
2244	0.90	45	5
2245	0.90	45	5
2246	0.90	45	5
2247	0.90	45	5
2248	0.90	45	5
2249	0.90	45	5
2250	0.92	46	4
2251	0.92	46	4
2252	0.90	45	5
2253	0.90	45	5
2254	0.90	45	5
2255	0.90	45	5
2256	0.90	45	5
2257	0.90	45	5
2258	0.90	45	5
2259	0.90	45	5
2260	0.90	45	5
2261	0.90	45	5
2262	0.90	45	5
2263	0.88	44	6
2264	0.88	44	6
2265	0.90	45	5
2266	0.90	45	5
2267	0.90	45	5
2268	0.90	45	5
2269	0.90	45	5
2270	0.90	45	5
2271	0.88	44	6
2272	0.90	45	5
2273	0.90	45	5
2274	0.90	45	5
2275	0.90	45	5
2276	0.90	45	5
2277	0.90	45	5
2278	0.88	44	6
2279	0.88	44	6
2280	0.86	43	7
2281	0.86	43	7
2282	0.86	43	7
2283	0.84	42	8
2284	0.86	43	7
2285	0.86	43	7
2286	0.86	43	7
2287	0.86	43	7
2288	0.88	44	6
2289	0.88	44	6
2290	0.88	44	6
2291	0.88	44	6
2292	0.88	44	6
2293	0.88	44	6
2294	0.88	44	6
2295	0.88	44	6
2296	0.88	44	6
2297	0.88	44	6
2298	0.88	44	6
2299	0.88	44	6
2300	0.88	44	6
2301	0.88	44	6
2302	0.90	45	5
2303	0.88	44	6
2304	0.88	44	6
2305	0.88	44	6
2306	0.88	44	6
2307	0.88	44	6
2308	0.88	44	6
2309	0.86	43	7
2310	0.84	42	8
2311	0.84	42	8
2312	0.82	41	9
2313	0.84	42	8
2314	0.84	42	8
2315	0.84	42	8
2316	0.82	41	9
2317	0.82	41	9
2318	0.82	41	9
2319	0.82	41	9
2320	0.82	41	9
2321	0.84	42	8
2322	0.84	42	8
2323	0.84	42	8
2324	0.84	42	8
2325	0.84	42	8
2326	0.84	42	8
2327	0.84	42	8
2328	0.86	43	7
2329	0.86	43	7
2330	0.88	44	6
2331	0.88	44	6
2332	0.88	44	6
2333	0.90	45	5
2334	0.90	45	5
2335	0.90	45	5
2336	0.90	45	5
2337	0.90	45	5
2338	0.90	45	5
2339	0.90	45	5
2340	0.90	45	5
2341	0.90	45	5
2342	0.90	45	5
2343	0.90	45	5
2344	0.90	45	5
2345	0.90	45	5
2346	0.90	45	5
2347	0.90	45	5
2348	0.90	45	5
2349	0.90	45	5
2350	0.90	45	5
2351	0.90	45	5
2352	0.90	45	5
2353	0.92	46	4
2354	0.92	46	4
2355	0.92	46	4
2356	0.92	46	4
2357	0.92	46	4
2358	0.92	46	4
2359	0.94	47	3
2360	0.96	48	2
2361	0.96	48	2
2362	0.98	49	1
2363	0.98	49	1
2364	0.96	48	2
2365	0.96	48	2
2366	0.98	49	1
2367	0.98	49	1
2368	0.98	49	1
2369	0.98	49	1
2370	0.98	49	1
2371	0.98	49	1
2372	0.96	48	2
2373	0.96	48	2
2374	0.96	48	2
2375	0.96	48	2
2376	0.96	48	2
2377	0.96	48	2
2378	0.96	48	2
2379	0.96	48	2
2380	0.96	48	2
2381	0.96	48	2
2382	0.96	48	2
2383	0.96	48	2
2384	0.96	48	2
2385	0.96	48	2
2386	0.96	48	2
2387	0.96	48	2
2388	0.96	48	2
2389	0.96	48	2
2390	0.96	48	2
2391	0.96	48	2
2392	0.96	48	2
2393	0.96	48	2
2394	0.96	48	2
2395	0.96	48	2
2396	0.96	48	2
2397	0.96	48	2
2398	0.96	48	2
2399	0.96	48	2
2400	0.96	48	2
2401	0.96	48	2
2402	0.96	48	2
2403	0.96	48	2
2404	0.96	48	2
2405	0.96	48	2
2406	0.96	48	2
2407	0.96	48	2
2408	0.96	48	2
2409	0.96	48	2
2410	0.96	48	2
2411	0.96	48	2
2412	0.96	48	2
2413	0.96	48	2
2414	0.98	49	1
2415	0.98	49	1
2416	0.98	49	1
2417	0.98	49	1
2418	0.98	49	1
2419	0.98	49	1
2420	0.98	49	1
2421	0.96	48	2
2422	0.98	49	1
2423	0.98	49	1
2424	0.98	49	1
2425	0.98	49	1
2426	0.98	49	1
2427	0.98	49	1
2428	0.98	49	1
2429	0.98	49	1
2430	0.98	49	1
2431	0.98	49	1
2432	0.98	49	1
2433	0.98	49	1
2434	0.98	49	1
2435	0.98	49	1
2436	0.98	49	1
2437	0.98	49	1
2438	0.98	49	1
2439	0.98	49	1
2440	0.98	49	1
2441	0.98	49	1
2442	0.98	49	1
2443	0.98	49	1
2444	0.98	49	1
2445	0.98	49	1
2446	0.96	48	2
2447	0.96	48	2
2448	0.96	48	2
2449	0.96	48	2
2450	0.96	48	2
2451	0.96	48	2
2452	0.96	48	2
2453	0.96	48	2
2454	0.96	48	2
2455	0.96	48	2
2456	0.96	48	2
2457	0.96	48	2
2458	0.96	48	2
2459	0.96	48	2
2460	0.96	48	2
2461	0.96	48	2
2462	0.96	48	2
2463	0.96	48	2
2464	0.96	48	2
2465	0.96	48	2
2466	0.96	48	2
2467	0.96	48	2
2468	0.96	48	2
2469	0.96	48	2
2470	0.96	48	2
2471	0.98	49	1
2472	0.98	49	1
2473	0.98	49	1
2474	0.98	49	1
2475	0.98	49	1
2476	0.98	49	1
2477	0.98	49	1
2478	0.96	48	2
2479	0.96	48	2
2480	0.96	48	2
2481	0.96	48	2
2482	0.96	48	2
2483	0.96	48	2
2484	0.96	48	2
2485	0.96	48	2
2486	0.96	48	2
2487	0.96	48	2
2488	0.96	48	2
2489	0.96	48	2
2490	0.96	48	2
2491	0.96	48	2
2492	0.96	48	2
2493	0.96	48	2
2494	0.96	48	2
2495	0.96	48	2
2496	0.98	49	1
2497	0.98	49	1
2498	0.98	49	1
2499	0.98	49	1
2500	0.02	49	1
2501	0.02	49	1
2502	0.02	49	1
2503	0.04	48	2
2504	0.04	48	2
2505	0.04	48	2
2506	0.06	47	3
2507	0.06	47	3
2508	0.06	47	3
2509	0.06	47	3
2510	0.06	47	3
2511	0.06	47	3
2512	0.06	47	3
2513	0.06	47	3
2514	0.06	47	3
2515	0.08	46	4
2516	0.10	45	5
2517	0.10	45	5
2518	0.10	45	5
2519	0.10	45	5
2520	0.10	45	5
2521	0.10	45	5
2522	0.10	45	5
2523	0.10	45	5
2524	0.10	45	5
2525	0.10	45	5
2526	0.12	44	6
2527	0.12	44	6
2528	0.10	45	5
2529	0.10	45	5
2530	0.10	45	5
2531	0.10	45	5
2532	0.10	45	5
2533	0.10	45	5
2534	0.10	45	5
2535	0.12	44	6
2536	0.14	43	7
2537	0.14	43	7
2538	0.14	43	7
2539	0.14	43	7
2540	0.14	43	7
2541	0.14	43	7
2542	0.14	43	7
2543	0.16	42	8
2544	0.16	42	8
2545	0.16	42	8
2546	0.16	42	8
2547	0.18	41	9
2548	0.20	40	10
2549	0.22	39	11
2550	0.22	39	11
2551	0.22	39	11
2552	0.24	38	12
2553	0.24	38	12
2554	0.26	37	13
2555	0.28	36	14
2556	0.26	37	13
2557	0.26	37	13
2558	0.26	37	13
2559	0.28	36	14
2560	0.28	36	14
2561	0.30	35	15
2562	0.32	34	16
2563	0.34	33	17
2564	0.36	32	18
2565	0.36	32	18
2566	0.36	32	18
2567	0.38	31	19
2568	0.40	30	20
2569	0.42	29	21
2570	0.44	28	22
2571	0.46	27	23
2572	0.48	26	24
2573	0.50	25	25
2574	0.50	25	25
2575	0.52	24	26
2576	0.52	24	26
2577	0.54	23	27
2578	0.56	22	28
2579	0.56	22	28
2580	0.58	21	29
2581	0.60	20	30
2582	0.62	19	31
2583	0.64	18	32
2584	0.66	17	33
2585	0.66	17	33
2586	0.66	17	33
2587	0.68	16	34
2588	0.70	15	35
2589	0.72	14	36
2590	0.74	13	37
2591	0.76	12	38
2592	0.78	11	39
2593	0.76	12	38
2594	0.78	11	39
2595	0.80	10	40
2596	0.82	9	41
2597	0.82	9	41
2598	0.82	9	41
2599	0.82	9	41
2600	0.84	8	42
2601	0.86	7	43
2602	0.86	7	43
2603	0.86	7	43
2604	0.86	7	43
2605	0.84	8	42
2606	0.86	7	43
2607	0.88	6	44
2608	0.90	5	45
2609	0.90	5	45
2610	0.92	4	46
2611	0.92	4	46
2612	0.92	4	46
2613	0.92	4	46
2614	0.92	4	46
2615	0.92	4	46
2616	0.92	4	46
2617	0.92	4	46
2618	0.92	4	46
2619	0.92	4	46
2620	0.92	4	46
2621	0.92	4	46
2622	0.92	4	46
2623	0.92	4	46
2624	0.94	3	47
2625	0.94	3	47
2626	0.94	3	47
2627	0.94	3	47
2628	0.94	3	47
2629	0.96	2	48
2630	0.96	2	48
2631	0.96	2	48
2632	0.96	2	48
2633	0.96	2	48
2634	0.96	2	48
2635	0.96	2	48
2636	0.96	2	48
2637	0.94	3	47
2638	0.94	3	47
2639	0.94	3	47
2640	0.94	3	47
2641	0.94	3	47
2642	0.94	3	47
2643	0.96	2	48
2644	0.96	2	48
2645	0.96	2	48
2646	0.96	2	48
2647	0.96	2	48
2648	0.96	2	48
2649	0.94	3	47
2650	0.94	3	47
2651	0.94	3	47
2652	0.94	3	47
2653	0.94	3	47
2654	0.94	3	47
2655	0.96	2	48
2656	0.96	2	48
2657	0.96	2	48
2658	0.96	2	48
2659	0.96	2	48
2660	0.96	2	48
2661	0.96	2	48
2662	0.96	2	48
2663	0.96	2	48
2664	0.96	2	48
2665	0.96	2	48
2666	0.96	2	48
2667	0.96	2	48
2668	0.96	2	48
2669	0.96	2	48
2670	0.96	2	48
2671	0.96	2	48
2672	0.96	2	48
2673	0.96	2	48
2674	0.96	2	48
2675	0.96	2	48
2676	0.96	2	48
2677	0.96	2	48
2678	0.96	2	48
2679	0.96	2	48
2680	0.96	2	48
2681	0.96	2	48
2682	0.96	2	48
2683	0.96	2	48
2684	0.96	2	48
2685	0.96	2	48
2686	0.96	2	48
2687	0.98	1	49
2688	0.98	1	49
2689	0.98	1	49
2690	0.98	1	49
2691	0.98	1	49
2692	0.98	1	49
2693	0.98	1	49
2694	0.98	1	49
2695	0.98	1	49
2696	0.98	1	49
2697	0.98	1	49
2698	0.98	1	49
2699	1.00	0	50
2700	0.98	1	49
2701	0.98	1	49
2702	0.98	1	49
2703	0.98	1	49
2704	0.98	1	49
2705	0.98	1	49
2706	0.98	1	49
2707	0.96	2	48
2708	0.96	2	48
2709	0.96	2	48
2710	0.96	2	48
2711	0.96	2	48
2712	0.96	2	48
2713	0.96	2	48
2714	0.96	2	48
2715	0.96	2	48
2716	0.96	2	48
2717	0.96	2	48
2718	0.96	2	48
2719	0.96	2	48
2720	0.96	2	48
2721	0.96	2	48
2722	0.96	2	48
2723	0.96	2	48
2724	0.96	2	48
2725	0.96	2	48
2726	0.94	3	47
2727	0.94	3	47
2728	0.94	3	47
2729	0.94	3	47
2730	0.94	3	47
2731	0.94	3	47
2732	0.94	3	47
2733	0.94	3	47
2734	0.94	3	47
2735	0.92	4	46
2736	0.92	4	46
2737	0.92	4	46
2738	0.92	4	46
2739	0.92	4	46
2740	0.92	4	46
2741	0.92	4	46
2742	0.92	4	46
2743	0.90	5	45
2744	0.90	5	45
2745	0.90	5	45
2746	0.88	6	44
2747	0.88	6	44
2748	0.88	6	44
2749	0.88	6	44
2750	0.90	5	45
2751	0.90	5	45
2752	0.90	5	45
2753	0.90	5	45
2754	0.90	5	45
2755	0.90	5	45
2756	0.90	5	45
2757	0.92	4	46
2758	0.92	4	46
2759	0.92	4	46
2760	0.92	4	46
2761	0.92	4	46
2762	0.92	4	46
2763	0.92	4	46
2764	0.92	4	46
2765	0.92	4	46
2766	0.92	4	46
2767	0.92	4	46
2768	0.92	4	46
2769	0.92	4	46
2770	0.92	4	46
2771	0.90	5	45
2772	0.90	5	45
2773	0.90	5	45
2774	0.90	5	45
2775	0.90	5	45
2776	0.92	4	46
2777	0.92	4	46
2778	0.92	4	46
2779	0.92	4	46
2780	0.92	4	46
2781	0.92	4	46
2782	0.92	4	46
2783	0.92	4	46
2784	0.92	4	46
2785	0.94	3	47
2786	0.94	3	47
2787	0.94	3	47
2788	0.94	3	47
2789	0.94	3	47
2790	0.94	3	47
2791	0.94	3	47
2792	0.94	3	47
2793	0.96	2	48
2794	0.96	2	48
2795	0.96	2	48
2796	0.98	1	49
2797	0.98	1	49
2798	0.98	1	49
2799	0.98	1	49
2800	0.98	1	49
2801	0.98	1	49
2802	0.98	1	49
2803	0.98	1	49
2804	0.96	2	48
2805	0.96	2	48
2806	0.96	2	48
2807	0.96	2	48
2808	0.96	2	48
2809	0.96	2	48
2810	0.96	2	48
2811	0.96	2	48
2812	0.96	2	48
2813	0.96	2	48
2814	0.96	2	48
2815	0.96	2	48
2816	0.96	2	48
2817	0.94	3	47
2818	0.94	3	47
2819	0.94	3	47
2820	0.92	4	46
2821	0.94	3	47
2822	0.94	3	47
2823	0.92	4	46
2824	0.92	4	46
2825	0.90	5	45
2826	0.90	5	45
2827	0.90	5	45
2828	0.90	5	45
2829	0.90	5	45
2830	0.90	5	45
2831	0.90	5	45
2832	0.90	5	45
2833	0.90	5	45
2834	0.90	5	45
2835	0.88	6	44
2836	0.88	6	44
2837	0.86	7	43
2838	0.86	7	43
2839	0.86	7	43
2840	0.86	7	43
2841	0.86	7	43
2842	0.84	8	42
2843	0.84	8	42
2844	0.84	8	42
2845	0.84	8	42
2846	0.84	8	42
2847	0.82	9	41
2848	0.82	9	41
2849	0.82	9	41
2850	0.82	9	41
2851	0.82	9	41
2852	0.82	9	41
2853	0.82	9	41
2854	0.84	8	42
2855	0.84	8	42
2856	0.84	8	42
2857	0.82	9	41
2858	0.82	9	41
2859	0.82	9	41
2860	0.82	9	41
2861	0.82	9	41
2862	0.82	9	41
2863	0.82	9	41
2864	0.80	10	40
2865	0.80	10	40
2866	0.80	10	40
2867	0.82	9	41
2868	0.82	9	41
2869	0.82	9	41
2870	0.84	8	42
2871	0.84	8	42
2872	0.84	8	42
2873	0.86	7	43
2874	0.84	8	42
2875	0.84	8	42
2876	0.84	8	42
2877	0.84	8	42
2878	0.84	8	42
2879	0.84	8	42
2880	0.84	8	42
2881	0.84	8	42
2882	0.84	8	42
2883	0.84	8	42
2884	0.84	8	42
2885	0.86	7	43
2886	0.86	7	43
2887	0.86	7	43
2888	0.86	7	43
2889	0.86	7	43
2890	0.86	7	43
2891	0.86	7	43
2892	0.88	6	44
2893	0.88	6	44
2894	0.88	6	44
2895	0.88	6	44
2896	0.88	6	44
2897	0.90	5	45
2898	0.90	5	45
2899	0.90	5	45
2900	0.90	5	45
2901	0.90	5	45
2902	0.90	5	45
2903	0.90	5	45
2904	0.90	5	45
2905	0.90	5	45
2906	0.90	5	45
2907	0.92	4	46
2908	0.92	4	46
2909	0.92	4	46
2910	0.92	4	46
2911	0.92	4	46
2912	0.92	4	46
2913	0.92	4	46
2914	0.94	3	47
2915	0.94	3	47
2916	0.94	3	47
2917	0.94	3	47
2918	0.94	3	47
2919	0.94	3	47
2920	0.94	3	47
2921	0.94	3	47
2922	0.94	3	47
2923	0.94	3	47
2924	0.96	2	48
2925	0.96	2	48
2926	0.96	2	48
2927	0.96	2	48
2928	0.96	2	48
2929	0.96	2	48
2930	0.96	2	48
2931	0.96	2	48
2932	0.96	2	48
2933	0.96	2	48
2934	0.94	3	47
2935	0.94	3	47
2936	0.94	3	47
2937	0.96	2	48
2938	0.96	2	48
2939	0.96	2	48
2940	0.96	2	48
2941	0.94	3	47
2942	0.94	3	47
2943	0.94	3	47
2944	0.94	3	47
2945	0.94	3	47
2946	0.94	3	47
2947	0.92	4	46
2948	0.92	4	46
2949	0.92	4	46
2950	0.92	4	46
2951	0.92	4	46
2952	0.92	4	46
2953	0.92	4	46
2954	0.92	4	46
2955	0.90	5	45
2956	0.90	5	45
2957	0.90	5	45
2958	0.90	5	45
2959	0.90	5	45
2960	0.90	5	45
2961	0.90	5	45
2962	0.90	5	45
2963	0.90	5	45
2964	0.90	5	45
2965	0.90	5	45
2966	0.90	5	45
2967	0.90	5	45
2968	0.90	5	45
2969	0.90	5	45
2970	0.90	5	45
2971	0.90	5	45
2972	0.90	5	45
2973	0.88	6	44
2974	0.88	6	44
2975	0.90	5	45
2976	0.90	5	45
2977	0.90	5	45
2978	0.88	6	44
2979	0.88	6	44
2980	0.88	6	44
2981	0.88	6	44
2982	0.86	7	43
2983	0.86	7	43
2984	0.88	6	44
2985	0.88	6	44
2986	0.88	6	44
2987	0.88	6	44
2988	0.88	6	44
2989	0.88	6	44
2990	0.88	6	44
2991	0.90	5	45
2992	0.90	5	45
2993	0.90	5	45
2994	0.90	5	45
2995	0.90	5	45
2996	0.90	5	45
2997	0.92	4	46
2998	0.92	4	46
2999	0.92	4	46
