timestep	swarm_quality	color_0	color_1
0	0.70	35	15
1	0.70	35	15
2	0.68	34	16
3	0.68	34	16
4	0.68	34	16
5	0.68	34	16
6	0.68	34	16
7	0.68	34	16
8	0.66	33	17
9	0.66	33	17
10	0.66	33	17
11	0.66	33	17
12	0.64	32	18
13	0.64	32	18
14	0.64	32	18
15	0.64	32	18
16	0.64	32	18
17	0.64	32	18
18	0.64	32	18
19	0.64	32	18
20	0.62	31	19
21	0.60	30	20
22	0.60	30	20
23	0.58	29	21
24	0.56	28	22
25	0.56	28	22
26	0.56	28	22
27	0.56	28	22
28	0.54	27	23
29	0.54	27	23
30	0.54	27	23
31	0.54	27	23
32	0.54	27	23
33	0.52	26	24
34	0.52	26	24
35	0.54	27	23
36	0.54	27	23
37	0.56	28	22
38	0.58	29	21
39	0.60	30	20
40	0.62	31	19
41	0.64	32	18
42	0.66	33	17
43	0.68	34	16
44	0.70	35	15
45	0.72	36	14
46	0.72	36	14
47	0.74	37	13
48	0.76	38	12
49	0.76	38	12
50	0.76	38	12
51	0.76	38	12
52	0.78	39	11
53	0.78	39	11
54	0.78	39	11
55	0.78	39	11
56	0.78	39	11
57	0.78	39	11
58	0.80	40	10
59	0.80	40	10
60	0.78	39	11
61	0.78	39	11
62	0.80	40	10
63	0.80	40	10
64	0.80	40	10
65	0.80	40	10
66	0.80	40	10
67	0.80	40	10
68	0.80	40	10
69	0.80	40	10
70	0.82	41	9
71	0.84	42	8
72	0.84	42	8
73	0.86	43	7
74	0.86	43	7
75	0.86	43	7
76	0.86	43	7
77	0.86	43	7
78	0.88	44	6
79	0.88	44	6
80	0.86	43	7
81	0.86	43	7
82	0.86	43	7
83	0.86	43	7
84	0.86	43	7
85	0.86	43	7
86	0.88	44	6
87	0.88	44	6
88	0.88	44	6
89	0.88	44	6
90	0.88	44	6
91	0.88	44	6
92	0.86	43	7
93	0.86	43	7
94	0.86	43	7
95	0.86	43	7
96	0.88	44	6
97	0.88	44	6
98	0.88	44	6
99	0.90	45	5
100	0.90	45	5
101	0.90	45	5
102	0.88	44	6
103	0.88	44	6
104	0.88	44	6
105	0.88	44	6
106	0.88	44	6
107	0.86	43	7
108	0.86	43	7
109	0.84	42	8
110	0.86	43	7
111	0.86	43	7
112	0.86	43	7
113	0.84	42	8
114	0.84	42	8
115	0.84	42	8
116	0.82	41	9
117	0.82	41	9
118	0.82	41	9
119	0.82	41	9
120	0.82	41	9
121	0.82	41	9
122	0.82	41	9
123	0.82	41	9
124	0.84	42	8
125	0.84	42	8
126	0.84	42	8
127	0.84	42	8
128	0.84	42	8
129	0.84	42	8
130	0.86	43	7
131	0.86	43	7
132	0.86	43	7
133	0.88	44	6
134	0.88	44	6
135	0.86	43	7
136	0.86	43	7
137	0.86	43	7
138	0.86	43	7
139	0.86	43	7
140	0.84	42	8
141	0.84	42	8
142	0.86	43	7
143	0.86	43	7
144	0.84	42	8
145	0.84	42	8
146	0.84	42	8
147	0.84	42	8
148	0.82	41	9
149	0.82	41	9
150	0.82	41	9
151	0.82	41	9
152	0.84	42	8
153	0.84	42	8
154	0.84	42	8
155	0.84	42	8
156	0.84	42	8
157	0.86	43	7
158	0.84	42	8
159	0.86	43	7
160	0.86	43	7
161	0.86	43	7
162	0.86	43	7
163	0.88	44	6
164	0.88	44	6
165	0.88	44	6
166	0.90	45	5
167	0.90	45	5
168	0.90	45	5
169	0.90	45	5
170	0.90	45	5
171	0.90	45	5
172	0.90	45	5
173	0.90	45	5
174	0.90	45	5
175	0.90	45	5
176	0.90	45	5
177	0.90	45	5
178	0.90	45	5
179	0.90	45	5
180	0.90	45	5
181	0.90	45	5
182	0.90	45	5
183	0.90	45	5
184	0.90	45	5
185	0.92	46	4
186	0.92	46	4
187	0.92	46	4
188	0.92	46	4
189	0.92	46	4
190	0.94	47	3
191	0.94	47	3
192	0.94	47	3
193	0.94	47	3
194	0.96	48	2
195	0.96	48	2
196	0.96	48	2
197	0.96	48	2
198	0.98	49	1
199	0.98	49	1
200	0.98	49	1
201	0.98	49	1
202	0.98	49	1
203	0.98	49	1
204	0.98	49	1
205	0.98	49	1
206	0.98	49	1
207	0.98	49	1
208	1.00	50	0
209	1.00	50	0
210	1.00	50	0
211	1.00	50	0
212	1.00	50	0
213	1.00	50	0
214	1.00	50	0
215	1.00	50	0
216	1.00	50	0
217	1.00	50	0
218	1.00	50	0
219	1.00	50	0
220	1.00	50	0
221	1.00	50	0
222	1.00	50	0
223	1.00	50	0
224	1.00	50	0
225	1.00	50	0
226	1.00	50	0
227	1.00	50	0
228	1.00	50	0
229	1.00	50	0
230	1.00	50	0
231	1.00	50	0
232	1.00	50	0
233	1.00	50	0
234	1.00	50	0
235	1.00	50	0
236	1.00	50	0
237	1.00	50	0
238	1.00	50	0
239	1.00	50	0
240	1.00	50	0
241	1.00	50	0
242	1.00	50	0
243	1.00	50	0
244	1.00	50	0
245	1.00	50	0
246	1.00	50	0
247	1.00	50	0
248	1.00	50	0
249	1.00	50	0
250	1.00	50	0
251	1.00	50	0
252	1.00	50	0
253	1.00	50	0
254	1.00	50	0
255	1.00	50	0
256	1.00	50	0
257	1.00	50	0
258	1.00	50	0
259	1.00	50	0
260	1.00	50	0
261	1.00	50	0
262	1.00	50	0
263	1.00	50	0
264	1.00	50	0
265	1.00	50	0
266	1.00	50	0
267	1.00	50	0
268	1.00	50	0
269	1.00	50	0
270	1.00	50	0
271	1.00	50	0
272	1.00	50	0
273	1.00	50	0
274	1.00	50	0
275	1.00	50	0
276	1.00	50	0
277	1.00	50	0
278	1.00	50	0
279	1.00	50	0
280	1.00	50	0
281	1.00	50	0
282	0.98	49	1
283	0.98	49	1
284	0.98	49	1
285	0.98	49	1
286	0.98	49	1
287	0.98	49	1
288	0.98	49	1
289	0.96	48	2
290	0.96	48	2
291	0.96	48	2
292	0.96	48	2
293	0.96	48	2
294	0.96	48	2
295	0.96	48	2
296	0.96	48	2
297	0.96	48	2
298	0.96	48	2
299	0.96	48	2
300	0.96	48	2
301	0.94	47	3
302	0.92	46	4
303	0.92	46	4
304	0.92	46	4
305	0.92	46	4
306	0.92	46	4
307	0.92	46	4
308	0.92	46	4
309	0.92	46	4
310	0.92	46	4
311	0.92	46	4
312	0.92	46	4
313	0.92	46	4
314	0.92	46	4
315	0.92	46	4
316	0.92	46	4
317	0.92	46	4
318	0.92	46	4
319	0.92	46	4
320	0.92	46	4
321	0.92	46	4
322	0.92	46	4
323	0.90	45	5
324	0.90	45	5
325	0.90	45	5
326	0.90	45	5
327	0.90	45	5
328	0.90	45	5
329	0.90	45	5
330	0.90	45	5
331	0.90	45	5
332	0.92	46	4
333	0.92	46	4
334	0.92	46	4
335	0.92	46	4
336	0.92	46	4
337	0.92	46	4
338	0.92	46	4
339	0.94	47	3
340	0.94	47	3
341	0.94	47	3
342	0.94	47	3
343	0.92	46	4
344	0.92	46	4
345	0.92	46	4
346	0.92	46	4
347	0.92	46	4
348	0.92	46	4
349	0.90	45	5
350	0.90	45	5
351	0.92	46	4
352	0.94	47	3
353	0.94	47	3
354	0.94	47	3
355	0.94	47	3
356	0.94	47	3
357	0.94	47	3
358	0.94	47	3
359	0.92	46	4
360	0.92	46	4
361	0.92	46	4
362	0.92	46	4
363	0.92	46	4
364	0.92	46	4
365	0.92	46	4
366	0.92	46	4
367	0.90	45	5
368	0.90	45	5
369	0.90	45	5
370	0.90	45	5
371	0.90	45	5
372	0.90	45	5
373	0.92	46	4
374	0.90	45	5
375	0.90	45	5
376	0.90	45	5
377	0.90	45	5
378	0.90	45	5
379	0.90	45	5
380	0.90	45	5
381	0.90	45	5
382	0.90	45	5
383	0.90	45	5
384	0.90	45	5
385	0.90	45	5
386	0.90	45	5
387	0.90	45	5
388	0.90	45	5
389	0.90	45	5
390	0.90	45	5
391	0.90	45	5
392	0.90	45	5
393	0.92	46	4
394	0.92	46	4
395	0.92	46	4
396	0.92	46	4
397	0.92	46	4
398	0.92	46	4
399	0.94	47	3
400	0.94	47	3
401	0.92	46	4
402	0.92	46	4
403	0.92	46	4
404	0.92	46	4
405	0.90	45	5
406	0.90	45	5
407	0.90	45	5
408	0.90	45	5
409	0.92	46	4
410	0.92	46	4
411	0.92	46	4
412	0.90	45	5
413	0.90	45	5
414	0.90	45	5
415	0.90	45	5
416	0.88	44	6
417	0.90	45	5
418	0.90	45	5
419	0.90	45	5
420	0.90	45	5
421	0.90	45	5
422	0.90	45	5
423	0.90	45	5
424	0.92	46	4
425	0.92	46	4
426	0.92	46	4
427	0.92	46	4
428	0.92	46	4
429	0.92	46	4
430	0.92	46	4
431	0.92	46	4
432	0.92	46	4
433	0.92	46	4
434	0.92	46	4
435	0.92	46	4
436	0.92	46	4
437	0.92	46	4
438	0.92	46	4
439	0.92	46	4
440	0.90	45	5
441	0.90	45	5
442	0.90	45	5
443	0.90	45	5
444	0.90	45	5
445	0.90	45	5
446	0.90	45	5
447	0.90	45	5
448	0.90	45	5
449	0.90	45	5
450	0.90	45	5
451	0.92	46	4
452	0.92	46	4
453	0.92	46	4
454	0.92	46	4
455	0.94	47	3
456	0.92	46	4
457	0.92	46	4
458	0.92	46	4
459	0.92	46	4
460	0.92	46	4
461	0.92	46	4
462	0.94	47	3
463	0.94	47	3
464	0.94	47	3
465	0.94	47	3
466	0.96	48	2
467	0.96	48	2
468	0.96	48	2
469	0.96	48	2
470	0.94	47	3
471	0.94	47	3
472	0.94	47	3
473	0.94	47	3
474	0.94	47	3
475	0.92	46	4
476	0.92	46	4
477	0.90	45	5
478	0.90	45	5
479	0.90	45	5
480	0.88	44	6
481	0.88	44	6
482	0.88	44	6
483	0.88	44	6
484	0.88	44	6
485	0.86	43	7
486	0.86	43	7
487	0.86	43	7
488	0.86	43	7
489	0.86	43	7
490	0.88	44	6
491	0.88	44	6
492	0.88	44	6
493	0.88	44	6
494	0.88	44	6
495	0.88	44	6
496	0.88	44	6
497	0.86	43	7
498	0.86	43	7
499	0.86	43	7
500	0.14	43	7
501	0.14	43	7
502	0.14	43	7
503	0.16	42	8
504	0.16	42	8
505	0.18	41	9
506	0.16	42	8
507	0.16	42	8
508	0.16	42	8
509	0.18	41	9
510	0.18	41	9
511	0.20	40	10
512	0.22	39	11
513	0.22	39	11
514	0.24	38	12
515	0.26	37	13
516	0.28	36	14
517	0.30	35	15
518	0.32	34	16
519	0.34	33	17
520	0.34	33	17
521	0.36	32	18
522	0.38	31	19
523	0.40	30	20
524	0.42	29	21
525	0.42	29	21
526	0.42	29	21
527	0.42	29	21
528	0.44	28	22
529	0.44	28	22
530	0.44	28	22
531	0.46	27	23
532	0.48	26	24
533	0.48	26	24
534	0.48	26	24
535	0.48	26	24
536	0.50	25	25
537	0.50	25	25
538	0.52	24	26
539	0.54	23	27
540	0.56	22	28
541	0.58	21	29
542	0.60	20	30
543	0.62	19	31
544	0.64	18	32
545	0.66	17	33
546	0.68	16	34
547	0.68	16	34
548	0.70	15	35
549	0.72	14	36
550	0.74	13	37
551	0.74	13	37
552	0.76	12	38
553	0.76	12	38
554	0.78	11	39
555	0.78	11	39
556	0.80	10	40
557	0.80	10	40
558	0.82	9	41
559	0.82	9	41
560	0.84	8	42
561	0.84	8	42
562	0.84	8	42
563	0.86	7	43
564	0.84	8	42
565	0.84	8	42
566	0.84	8	42
567	0.82	9	41
568	0.82	9	41
569	0.82	9	41
570	0.80	10	40
571	0.80	10	40
572	0.80	10	40
573	0.80	10	40
574	0.80	10	40
575	0.80	10	40
576	0.82	9	41
577	0.82	9	41
578	0.82	9	41
579	0.84	8	42
580	0.84	8	42
581	0.84	8	42
582	0.84	8	42
583	0.84	8	42
584	0.86	7	43
585	0.86	7	43
586	0.86	7	43
587	0.88	6	44
588	0.88	6	44
589	0.86	7	43
590	0.86	7	43
591	0.86	7	43
592	0.86	7	43
593	0.84	8	42
594	0.84	8	42
595	0.84	8	42
596	0.82	9	41
597	0.82	9	41
598	0.82	9	41
599	0.82	9	41
600	0.82	9	41
601	0.84	8	42
602	0.84	8	42
603	0.84	8	42
604	0.84	8	42
605	0.84	8	42
606	0.84	8	42
607	0.84	8	42
608	0.84	8	42
609	0.84	8	42
610	0.84	8	42
611	0.84	8	42
612	0.84	8	42
613	0.84	8	42
614	0.84	8	42
615	0.84	8	42
616	0.84	8	42
617	0.86	7	43
618	0.86	7	43
619	0.86	7	43
620	0.88	6	44
621	0.88	6	44
622	0.88	6	44
623	0.88	6	44
624	0.88	6	44
625	0.88	6	44
626	0.86	7	43
627	0.86	7	43
628	0.86	7	43
629	0.86	7	43
630	0.86	7	43
631	0.86	7	43
632	0.86	7	43
633	0.88	6	44
634	0.88	6	44
635	0.88	6	44
636	0.86	7	43
637	0.86	7	43
638	0.86	7	43
639	0.88	6	44
640	0.88	6	44
641	0.88	6	44
642	0.88	6	44
643	0.90	5	45
644	0.90	5	45
645	0.90	5	45
646	0.92	4	46
647	0.92	4	46
648	0.90	5	45
649	0.88	6	44
650	0.88	6	44
651	0.88	6	44
652	0.88	6	44
653	0.88	6	44
654	0.88	6	44
655	0.88	6	44
656	0.88	6	44
657	0.90	5	45
658	0.90	5	45
659	0.90	5	45
660	0.90	5	45
661	0.90	5	45
662	0.90	5	45
663	0.90	5	45
664	0.92	4	46
665	0.90	5	45
666	0.90	5	45
667	0.90	5	45
668	0.90	5	45
669	0.90	5	45
670	0.90	5	45
671	0.88	6	44
672	0.88	6	44
673	0.88	6	44
674	0.88	6	44
675	0.88	6	44
676	0.90	5	45
677	0.90	5	45
678	0.90	5	45
679	0.90	5	45
680	0.90	5	45
681	0.90	5	45
682	0.90	5	45
683	0.90	5	45
684	0.90	5	45
685	0.90	5	45
686	0.92	4	46
687	0.92	4	46
688	0.92	4	46
689	0.92	4	46
690	0.92	4	46
691	0.92	4	46
692	0.92	4	46
693	0.92	4	46
694	0.92	4	46
695	0.92	4	46
696	0.92	4	46
697	0.92	4	46
698	0.94	3	47
699	0.96	2	48
700	0.96	2	48
701	0.96	2	48
702	0.94	3	47
703	0.94	3	47
704	0.94	3	47
705	0.94	3	47
706	0.94	3	47
707	0.94	3	47
708	0.94	3	47
709	0.94	3	47
710	0.94	3	47
711	0.94	3	47
712	0.94	3	47
713	0.94	3	47
714	0.94	3	47
715	0.96	2	48
716	0.96	2	48
717	0.96	2	48
718	0.96	2	48
719	0.96	2	48
720	0.96	2	48
721	0.98	1	49
722	0.98	1	49
723	0.98	1	49
724	0.98	1	49
725	0.98	1	49
726	0.98	1	49
727	0.98	1	49
728	0.98	1	49
729	0.98	1	49
730	0.98	1	49
731	0.98	1	49
732	0.98	1	49
733	0.98	1	49
734	0.98	1	49
735	0.98	1	49
736	0.98	1	49
737	0.98	1	49
738	0.98	1	49
739	0.98	1	49
740	0.98	1	49
741	0.98	1	49
742	0.98	1	49
743	0.98	1	49
744	0.98	1	49
745	0.98	1	49
746	0.98	1	49
747	0.98	1	49
748	0.98	1	49
749	0.98	1	49
750	0.96	2	48
751	0.96	2	48
752	0.98	1	49
753	0.98	1	49
754	0.98	1	49
755	0.98	1	49
756	0.98	1	49
757	0.98	1	49
758	0.98	1	49
759	0.98	1	49
760	0.98	1	49
761	0.98	1	49
762	0.98	1	49
763	0.98	1	49
764	0.98	1	49
765	0.98	1	49
766	0.96	2	48
767	0.96	2	48
768	0.96	2	48
769	0.96	2	48
770	0.96	2	48
771	0.96	2	48
772	0.96	2	48
773	0.96	2	48
774	0.96	2	48
775	0.96	2	48
776	0.96	2	48
777	0.96	2	48
778	0.96	2	48
779	0.96	2	48
780	0.96	2	48
781	0.96	2	48
782	0.96	2	48
783	0.96	2	48
784	0.96	2	48
785	0.96	2	48
786	0.96	2	48
787	0.96	2	48
788	0.96	2	48
789	0.96	2	48
790	0.96	2	48
791	0.96	2	48
792	0.96	2	48
793	0.96	2	48
794	0.96	2	48
795	0.96	2	48
796	0.96	2	48
797	0.96	2	48
798	0.96	2	48
799	0.96	2	48
800	0.98	1	49
801	0.98	1	49
802	0.98	1	49
803	0.98	1	49
804	0.96	2	48
805	0.96	2	48
806	0.96	2	48
807	0.96	2	48
808	0.96	2	48
809	0.96	2	48
810	0.96	2	48
811	0.96	2	48
812	0.96	2	48
813	0.96	2	48
814	0.96	2	48
815	0.96	2	48
816	0.98	1	49
817	0.98	1	49
818	0.98	1	49
819	0.98	1	49
820	0.98	1	49
821	0.98	1	49
822	0.98	1	49
823	0.98	1	49
824	0.96	2	48
825	0.96	2	48
826	0.96	2	48
827	0.96	2	48
828	0.96	2	48
829	0.96	2	48
830	0.96	2	48
831	0.96	2	48
832	0.96	2	48
833	0.96	2	48
834	0.96	2	48
835	0.96	2	48
836	0.96	2	48
837	0.96	2	48
838	0.96	2	48
839	0.96	2	48
840	0.96	2	48
841	0.96	2	48
842	0.96	2	48
843	0.96	2	48
844	0.96	2	48
845	0.96	2	48
846	0.96	2	48
847	0.96	2	48
848	0.96	2	48
849	0.96	2	48
850	0.96	2	48
851	0.96	2	48
852	0.96	2	48
853	0.96	2	48
854	0.98	1	49
855	0.98	1	49
856	0.98	1	49
857	0.98	1	49
858	0.98	1	49
859	0.98	1	49
860	0.98	1	49
861	0.98	1	49
862	0.98	1	49
863	0.98	1	49
864	0.98	1	49
865	0.98	1	49
866	0.98	1	49
867	0.98	1	49
868	0.98	1	49
869	0.98	1	49
870	0.98	1	49
871	0.98	1	49
872	0.98	1	49
873	0.98	1	49
874	1.00	0	50
875	1.00	0	50
876	1.00	0	50
877	1.00	0	50
878	1.00	0	50
879	1.00	0	50
880	1.00	0	50
881	1.00	0	50
882	1.00	0	50
883	1.00	0	50
884	1.00	0	50
885	1.00	0	50
886	1.00	0	50
887	1.00	0	50
888	1.00	0	50
889	0.98	1	49
890	0.98	1	49
891	0.98	1	49
892	0.98	1	49
893	0.98	1	49
894	0.98	1	49
895	0.98	1	49
896	0.98	1	49
897	0.98	1	49
898	0.98	1	49
899	0.98	1	49
900	0.98	1	49
901	0.98	1	49
902	0.98	1	49
903	0.98	1	49
904	0.98	1	49
905	0.98	1	49
906	0.98	1	49
907	0.98	1	49
908	0.98	1	49
909	0.98	1	49
910	0.98	1	49
911	0.98	1	49
912	0.98	1	49
913	0.98	1	49
914	0.98	1	49
915	0.98	1	49
916	0.98	1	49
917	0.98	1	49
918	0.98	1	49
919	0.98	1	49
920	0.98	1	49
921	0.98	1	49
922	0.98	1	49
923	0.98	1	49
924	0.96	2	48
925	0.96	2	48
926	0.96	2	48
927	0.96	2	48
928	0.96	2	48
929	0.96	2	48
930	0.96	2	48
931	0.94	3	47
932	0.94	3	47
933	0.94	3	47
934	0.94	3	47
935	0.94	3	47
936	0.94	3	47
937	0.94	3	47
938	0.94	3	47
939	0.96	2	48
940	0.96	2	48
941	0.96	2	48
942	0.96	2	48
943	0.96	2	48
944	0.96	2	48
945	0.96	2	48
946	0.96	2	48
947	0.96	2	48
948	0.96	2	48
949	0.96	2	48
950	0.96	2	48
951	0.96	2	48
952	0.96	2	48
953	0.96	2	48
954	0.94	3	47
955	0.92	4	46
956	0.92	4	46
957	0.92	4	46
958	0.90	5	45
959	0.90	5	45
960	0.90	5	45
961	0.90	5	45
962	0.88	6	44
963	0.88	6	44
964	0.88	6	44
965	0.88	6	44
966	0.88	6	44
967	0.86	7	43
968	0.86	7	43
969	0.86	7	43
970	0.86	7	43
971	0.86	7	43
972	0.86	7	43
973	0.86	7	43
974	0.88	6	44
975	0.86	7	43
976	0.84	8	42
977	0.84	8	42
978	0.84	8	42
979	0.84	8	42
980	0.84	8	42
981	0.86	7	43
982	0.86	7	43
983	0.86	7	43
984	0.86	7	43
985	0.86	7	43
986	0.86	7	43
987	0.84	8	42
988	0.84	8	42
989	0.84	8	42
990	0.84	8	42
991	0.84	8	42
992	0.84	8	42
993	0.84	8	42
994	0.84	8	42
995	0.84	8	42
996	0.84	8	42
997	0.84	8	42
998	0.82	9	41
999	0.82	9	41
1000	0.18	9	41
1001	0.20	10	40
1002	0.20	10	40
1003	0.22	11	39
1004	0.20	10	40
1005	0.20	10	40
1006	0.20	10	40
1007	0.20	10	40
1008	0.18	9	41
1009	0.18	9	41
1010	0.18	9	41
1011	0.18	9	41
1012	0.18	9	41
1013	0.18	9	41
1014	0.20	10	40
1015	0.22	11	39
1016	0.24	12	38
1017	0.22	11	39
1018	0.24	12	38
1019	0.26	13	37
1020	0.26	13	37
1021	0.28	14	36
1022	0.28	14	36
1023	0.30	15	35
1024	0.30	15	35
1025	0.30	15	35
1026	0.30	15	35
1027	0.32	16	34
1028	0.34	17	33
1029	0.36	18	32
1030	0.38	19	31
1031	0.38	19	31
1032	0.40	20	30
1033	0.42	21	29
1034	0.44	22	28
1035	0.46	23	27
1036	0.46	23	27
1037	0.46	23	27
1038	0.48	24	26
1039	0.48	24	26
1040	0.48	24	26
1041	0.48	24	26
1042	0.50	25	25
1043	0.50	25	25
1044	0.52	26	24
1045	0.54	27	23
1046	0.54	27	23
1047	0.54	27	23
1048	0.54	27	23
1049	0.56	28	22
1050	0.58	29	21
1051	0.56	28	22
1052	0.58	29	21
1053	0.58	29	21
1054	0.60	30	20
1055	0.60	30	20
1056	0.62	31	19
1057	0.64	32	18
1058	0.66	33	17
1059	0.68	34	16
1060	0.70	35	15
1061	0.70	35	15
1062	0.70	35	15
1063	0.72	36	14
1064	0.72	36	14
1065	0.72	36	14
1066	0.72	36	14
1067	0.74	37	13
1068	0.74	37	13
1069	0.74	37	13
1070	0.74	37	13
1071	0.74	37	13
1072	0.76	38	12
1073	0.76	38	12
1074	0.78	39	11
1075	0.78	39	11
1076	0.76	38	12
1077	0.76	38	12
1078	0.76	38	12
1079	0.74	37	13
1080	0.74	37	13
1081	0.76	38	12
1082	0.76	38	12
1083	0.76	38	12
1084	0.74	37	13
1085	0.74	37	13
1086	0.74	37	13
1087	0.74	37	13
1088	0.74	37	13
1089	0.76	38	12
1090	0.78	39	11
1091	0.80	40	10
1092	0.80	40	10
1093	0.80	40	10
1094	0.80	40	10
1095	0.80	40	10
1096	0.82	41	9
1097	0.84	42	8
1098	0.84	42	8
1099	0.84	42	8
1100	0.84	42	8
1101	0.86	43	7
1102	0.84	42	8
1103	0.84	42	8
1104	0.82	41	9
1105	0.82	41	9
1106	0.82	41	9
1107	0.80	40	10
1108	0.80	40	10
1109	0.80	40	10
1110	0.80	40	10
1111	0.82	41	9
1112	0.80	40	10
1113	0.80	40	10
1114	0.80	40	10
1115	0.80	40	10
1116	0.78	39	11
1117	0.78	39	11
1118	0.76	38	12
1119	0.76	38	12
1120	0.78	39	11
1121	0.78	39	11
1122	0.78	39	11
1123	0.78	39	11
1124	0.78	39	11
1125	0.78	39	11
1126	0.80	40	10
1127	0.80	40	10
1128	0.80	40	10
1129	0.82	41	9
1130	0.82	41	9
1131	0.80	40	10
1132	0.80	40	10
1133	0.78	39	11
1134	0.80	40	10
1135	0.80	40	10
1136	0.82	41	9
1137	0.82	41	9
1138	0.82	41	9
1139	0.82	41	9
1140	0.82	41	9
1141	0.82	41	9
1142	0.82	41	9
1143	0.82	41	9
1144	0.82	41	9
1145	0.82	41	9
1146	0.82	41	9
1147	0.82	41	9
1148	0.82	41	9
1149	0.82	41	9
1150	0.82	41	9
1151	0.82	41	9
1152	0.84	42	8
1153	0.84	42	8
1154	0.86	43	7
1155	0.86	43	7
1156	0.86	43	7
1157	0.88	44	6
1158	0.88	44	6
1159	0.86	43	7
1160	0.86	43	7
1161	0.86	43	7
1162	0.88	44	6
1163	0.88	44	6
1164	0.88	44	6
1165	0.88	44	6
1166	0.90	45	5
1167	0.90	45	5
1168	0.92	46	4
1169	0.92	46	4
1170	0.92	46	4
1171	0.92	46	4
1172	0.92	46	4
1173	0.92	46	4
1174	0.92	46	4
1175	0.92	46	4
1176	0.92	46	4
1177	0.92	46	4
1178	0.92	46	4
1179	0.92	46	4
1180	0.92	46	4
1181	0.94	47	3
1182	0.94	47	3
1183	0.96	48	2
1184	0.96	48	2
1185	0.96	48	2
1186	0.96	48	2
1187	0.94	47	3
1188	0.94	47	3
1189	0.94	47	3
1190	0.94	47	3
1191	0.94	47	3
1192	0.94	47	3
1193	0.96	48	2
1194	0.96	48	2
1195	0.96	48	2
1196	0.96	48	2
1197	0.96	48	2
1198	0.96	48	2
1199	0.96	48	2
1200	0.96	48	2
1201	0.96	48	2
1202	0.96	48	2
1203	0.96	48	2
1204	0.96	48	2
1205	0.96	48	2
1206	0.96	48	2
1207	0.96	48	2
1208	0.96	48	2
1209	0.98	49	1
1210	0.98	49	1
1211	0.98	49	1
1212	0.98	49	1
1213	0.98	49	1
1214	0.98	49	1
1215	0.98	49	1
1216	0.98	49	1
1217	0.98	49	1
1218	0.98	49	1
1219	0.98	49	1
1220	0.98	49	1
1221	0.98	49	1
1222	0.98	49	1
1223	0.98	49	1
1224	0.98	49	1
1225	0.98	49	1
1226	0.98	49	1
1227	0.98	49	1
1228	0.98	49	1
1229	0.98	49	1
1230	0.98	49	1
1231	0.98	49	1
1232	0.98	49	1
1233	0.98	49	1
1234	0.98	49	1
1235	0.98	49	1
1236	0.98	49	1
1237	1.00	50	0
1238	1.00	50	0
1239	1.00	50	0
1240	1.00	50	0
1241	1.00	50	0
1242	1.00	50	0
1243	1.00	50	0
1244	1.00	50	0
1245	1.00	50	0
1246	1.00	50	0
1247	1.00	50	0
1248	1.00	50	0
1249	1.00	50	0
1250	1.00	50	0
1251	1.00	50	0
1252	1.00	50	0
1253	1.00	50	0
1254	1.00	50	0
1255	1.00	50	0
1256	1.00	50	0
1257	1.00	50	0
1258	1.00	50	0
1259	1.00	50	0
1260	1.00	50	0
1261	1.00	50	0
1262	0.98	49	1
1263	0.98	49	1
1264	0.98	49	1
1265	0.98	49	1
1266	0.98	49	1
1267	0.98	49	1
1268	0.98	49	1
1269	0.98	49	1
1270	0.98	49	1
1271	0.98	49	1
1272	0.98	49	1
1273	0.98	49	1
1274	0.98	49	1
1275	0.98	49	1
1276	0.98	49	1
1277	0.98	49	1
1278	0.98	49	1
1279	0.98	49	1
1280	0.98	49	1
1281	0.98	49	1
1282	0.98	49	1
1283	0.98	49	1
1284	0.98	49	1
1285	0.98	49	1
1286	0.98	49	1
1287	0.98	49	1
1288	0.98	49	1
1289	0.98	49	1
1290	0.98	49	1
1291	0.98	49	1
1292	0.98	49	1
1293	0.98	49	1
1294	0.98	49	1
1295	0.98	49	1
1296	0.96	48	2
1297	0.96	48	2
1298	0.96	48	2
1299	0.96	48	2
1300	0.96	48	2
1301	0.96	48	2
1302	0.96	48	2
1303	0.96	48	2
1304	0.96	48	2
1305	0.94	47	3
1306	0.94	47	3
1307	0.94	47	3
1308	0.94	47	3
1309	0.94	47	3
1310	0.94	47	3
1311	0.94	47	3
1312	0.96	48	2
1313	0.96	48	2
1314	0.96	48	2
1315	0.96	48	2
1316	0.96	48	2
1317	0.96	48	2
1318	0.96	48	2
1319	0.96	48	2
1320	0.96	48	2
1321	0.96	48	2
1322	0.96	48	2
1323	0.94	47	3
1324	0.94	47	3
1325	0.94	47	3
1326	0.94	47	3
1327	0.94	47	3
1328	0.94	47	3
1329	0.94	47	3
1330	0.94	47	3
1331	0.94	47	3
1332	0.94	47	3
1333	0.94	47	3
1334	0.94	47	3
1335	0.94	47	3
1336	0.94	47	3
1337	0.94	47	3
1338	0.94	47	3
1339	0.94	47	3
1340	0.94	47	3
1341	0.94	47	3
1342	0.94	47	3
1343	0.94	47	3
1344	0.94	47	3
1345	0.94	47	3
1346	0.96	48	2
1347	0.96	48	2
1348	0.96	48	2
1349	0.96	48	2
1350	0.96	48	2
1351	0.96	48	2
1352	0.96	48	2
1353	0.96	48	2
1354	0.96	48	2
1355	0.98	49	1
1356	0.98	49	1
1357	0.98	49	1
1358	0.98	49	1
1359	0.98	49	1
1360	0.98	49	1
1361	0.98	49	1
1362	0.98	49	1
1363	0.96	48	2
1364	0.96	48	2
1365	0.96	48	2
1366	0.96	48	2
1367	0.96	48	2
1368	0.96	48	2
1369	0.96	48	2
1370	0.94	47	3
1371	0.94	47	3
1372	0.94	47	3
1373	0.96	48	2
1374	0.94	47	3
1375	0.94	47	3
1376	0.94	47	3
1377	0.94	47	3
1378	0.94	47	3
1379	0.92	46	4
1380	0.92	46	4
1381	0.92	46	4
1382	0.92	46	4
1383	0.92	46	4
1384	0.92	46	4
1385	0.92	46	4
1386	0.92	46	4
1387	0.92	46	4
1388	0.92	46	4
1389	0.92	46	4
1390	0.92	46	4
1391	0.92	46	4
1392	0.92	46	4
1393	0.90	45	5
1394	0.90	45	5
1395	0.90	45	5
1396	0.90	45	5
1397	0.90	45	5
1398	0.90	45	5
1399	0.90	45	5
1400	0.90	45	5
1401	0.90	45	5
1402	0.90	45	5
1403	0.90	45	5
1404	0.90	45	5
1405	0.90	45	5
1406	0.90	45	5
1407	0.90	45	5
1408	0.90	45	5
1409	0.90	45	5
1410	0.90	45	5
1411	0.90	45	5
1412	0.90	45	5
1413	0.92	46	4
1414	0.92	46	4
1415	0.90	45	5
1416	0.90	45	5
1417	0.90	45	5
1418	0.90	45	5
1419	0.90	45	5
1420	0.92	46	4
1421	0.92	46	4
1422	0.92	46	4
1423	0.92	46	4
1424	0.94	47	3
1425	0.94	47	3
1426	0.94	47	3
1427	0.94	47	3
1428	0.94	47	3
1429	0.94	47	3
1430	0.94	47	3
1431	0.94	47	3
1432	0.94	47	3
1433	0.94	47	3
1434	0.94	47	3
1435	0.94	47	3
1436	0.94	47	3
1437	0.94	47	3
1438	0.94	47	3
1439	0.94	47	3
1440	0.94	47	3
1441	0.92	46	4
1442	0.92	46	4
1443	0.94	47	3
1444	0.94	47	3
1445	0.94	47	3
1446	0.94	47	3
1447	0.94	47	3
1448	0.94	47	3
1449	0.94	47	3
1450	0.94	47	3
1451	0.94	47	3
1452	0.94	47	3
1453	0.94	47	3
1454	0.94	47	3
1455	0.94	47	3
1456	0.94	47	3
1457	0.94	47	3
1458	0.94	47	3
1459	0.94	47	3
1460	0.94	47	3
1461	0.92	46	4
1462	0.92	46	4
1463	0.90	45	5
1464	0.90	45	5
1465	0.92	46	4
1466	0.92	46	4
1467	0.92	46	4
1468	0.92	46	4
1469	0.92	46	4
1470	0.92	46	4
1471	0.92	46	4
1472	0.92	46	4
1473	0.92	46	4
1474	0.92	46	4
1475	0.92	46	4
1476	0.92	46	4
1477	0.92	46	4
1478	0.92	46	4
1479	0.94	47	3
1480	0.94	47	3
1481	0.94	47	3
1482	0.94	47	3
1483	0.94	47	3
1484	0.92	46	4
1485	0.92	46	4
1486	0.92	46	4
1487	0.92	46	4
1488	0.90	45	5
1489	0.90	45	5
1490	0.90	45	5
1491	0.92	46	4
1492	0.92	46	4
1493	0.92	46	4
1494	0.92	46	4
1495	0.92	46	4
1496	0.92	46	4
1497	0.92	46	4
1498	0.92	46	4
1499	0.92	46	4
1500	0.08	46	4
1501	0.08	46	4
1502	0.10	45	5
1503	0.10	45	5
1504	0.10	45	5
1505	0.10	45	5
1506	0.10	45	5
1507	0.12	44	6
1508	0.14	43	7
1509	0.14	43	7
1510	0.14	43	7
1511	0.12	44	6
1512	0.14	43	7
1513	0.12	44	6
1514	0.12	44	6
1515	0.12	44	6
1516	0.12	44	6
1517	0.12	44	6
1518	0.12	44	6
1519	0.12	44	6
1520	0.12	44	6
1521	0.14	43	7
1522	0.16	42	8
1523	0.16	42	8
1524	0.16	42	8
1525	0.16	42	8
1526	0.16	42	8
1527	0.16	42	8
1528	0.18	41	9
1529	0.20	40	10
1530	0.22	39	11
1531	0.22	39	11
1532	0.22	39	11
1533	0.22	39	11
1534	0.20	40	10
1535	0.22	39	11
1536	0.22	39	11
1537	0.24	38	12
1538	0.24	38	12
1539	0.24	38	12
1540	0.24	38	12
1541	0.24	38	12
1542	0.26	37	13
1543	0.28	36	14
1544	0.28	36	14
1545	0.28	36	14
1546	0.28	36	14
1547	0.30	35	15
1548	0.32	34	16
1549	0.32	34	16
1550	0.32	34	16
1551	0.32	34	16
1552	0.32	34	16
1553	0.34	33	17
1554	0.36	32	18
1555	0.38	31	19
1556	0.40	30	20
1557	0.40	30	20
1558	0.38	31	19
1559	0.40	30	20
1560	0.40	30	20
1561	0.40	30	20
1562	0.40	30	20
1563	0.42	29	21
1564	0.44	28	22
1565	0.46	27	23
1566	0.48	26	24
1567	0.50	25	25
1568	0.52	24	26
1569	0.52	24	26
1570	0.54	23	27
1571	0.54	23	27
1572	0.54	23	27
1573	0.56	22	28
1574	0.58	21	29
1575	0.60	20	30
1576	0.62	19	31
1577	0.64	18	32
1578	0.64	18	32
1579	0.64	18	32
1580	0.64	18	32
1581	0.66	17	33
1582	0.68	16	34
1583	0.70	15	35
1584	0.72	14	36
1585	0.72	14	36
1586	0.72	14	36
1587	0.72	14	36
1588	0.72	14	36
1589	0.72	14	36
1590	0.74	13	37
1591	0.76	12	38
1592	0.76	12	38
1593	0.76	12	38
1594	0.78	11	39
1595	0.80	10	40
1596	0.80	10	40
1597	0.80	10	40
1598	0.80	10	40
1599	0.82	9	41
1600	0.84	8	42
1601	0.86	7	43
1602	0.86	7	43
1603	0.86	7	43
1604	0.86	7	43
1605	0.86	7	43
1606	0.84	8	42
1607	0.84	8	42
1608	0.86	7	43
1609	0.86	7	43
1610	0.88	6	44
1611	0.88	6	44
1612	0.88	6	44
1613	0.88	6	44
1614	0.88	6	44
1615	0.88	6	44
1616	0.88	6	44
1617	0.88	6	44
1618	0.88	6	44
1619	0.90	5	45
1620	0.90	5	45
1621	0.88	6	44
1622	0.88	6	44
1623	0.88	6	44
1624	0.88	6	44
1625	0.88	6	44
1626	0.88	6	44
1627	0.88	6	44
1628	0.88	6	44
1629	0.88	6	44
1630	0.88	6	44
1631	0.88	6	44
1632	0.88	6	44
1633	0.88	6	44
1634	0.88	6	44
1635	0.88	6	44
1636	0.90	5	45
1637	0.90	5	45
1638	0.90	5	45
1639	0.92	4	46
1640	0.92	4	46
1641	0.92	4	46
1642	0.92	4	46
1643	0.92	4	46
1644	0.92	4	46
1645	0.92	4	46
1646	0.94	3	47
1647	0.94	3	47
1648	0.92	4	46
1649	0.92	4	46
1650	0.92	4	46
1651	0.92	4	46
1652	0.92	4	46
1653	0.92	4	46
1654	0.92	4	46
1655	0.92	4	46
1656	0.94	3	47
1657	0.94	3	47
1658	0.94	3	47
1659	0.94	3	47
1660	0.94	3	47
1661	0.96	2	48
1662	0.96	2	48
1663	0.96	2	48
1664	0.96	2	48
1665	0.96	2	48
1666	0.96	2	48
1667	0.96	2	48
1668	0.96	2	48
1669	0.96	2	48
1670	0.94	3	47
1671	0.96	2	48
1672	0.96	2	48
1673	0.96	2	48
1674	0.96	2	48
1675	0.96	2	48
1676	0.96	2	48
1677	0.96	2	48
1678	0.96	2	48
1679	0.96	2	48
1680	0.96	2	48
1681	0.96	2	48
1682	0.96	2	48
1683	0.96	2	48
1684	0.96	2	48
1685	0.96	2	48
1686	0.96	2	48
1687	0.96	2	48
1688	0.96	2	48
1689	0.96	2	48
1690	0.94	3	47
1691	0.94	3	47
1692	0.94	3	47
1693	0.94	3	47
1694	0.94	3	47
1695	0.94	3	47
1696	0.94	3	47
1697	0.94	3	47
1698	0.96	2	48
1699	0.96	2	48
1700	0.96	2	48
1701	0.96	2	48
1702	0.96	2	48
1703	0.96	2	48
1704	0.96	2	48
1705	0.96	2	48
1706	0.96	2	48
1707	0.94	3	47
1708	0.94	3	47
1709	0.94	3	47
1710	0.94	3	47
1711	0.94	3	47
1712	0.94	3	47
1713	0.94	3	47
1714	0.94	3	47
1715	0.94	3	47
1716	0.94	3	47
1717	0.94	3	47
1718	0.94	3	47
1719	0.94	3	47
1720	0.96	2	48
1721	0.96	2	48
1722	0.96	2	48
1723	0.96	2	48
1724	0.96	2	48
1725	0.96	2	48
1726	0.96	2	48
1727	0.96	2	48
1728	0.96	2	48
1729	0.96	2	48
1730	0.96	2	48
1731	0.96	2	48
1732	0.96	2	48
1733	0.96	2	48
1734	0.94	3	47
1735	0.94	3	47
1736	0.94	3	47
1737	0.94	3	47
1738	0.94	3	47
1739	0.94	3	47
1740	0.96	2	48
1741	0.96	2	48
1742	0.96	2	48
1743	0.96	2	48
1744	0.96	2	48
1745	0.96	2	48
1746	0.96	2	48
1747	0.96	2	48
1748	0.96	2	48
1749	0.96	2	48
1750	0.96	2	48
1751	0.96	2	48
1752	0.96	2	48
1753	0.96	2	48
1754	0.96	2	48
1755	0.96	2	48
1756	0.96	2	48
1757	0.98	1	49
1758	0.98	1	49
1759	0.98	1	49
1760	0.98	1	49
1761	0.98	1	49
1762	0.98	1	49
1763	0.98	1	49
1764	0.98	1	49
1765	0.98	1	49
1766	0.98	1	49
1767	0.98	1	49
1768	0.98	1	49
1769	0.98	1	49
1770	0.98	1	49
1771	0.98	1	49
1772	0.98	1	49
1773	0.98	1	49
1774	0.98	1	49
1775	0.98	1	49
1776	0.98	1	49
1777	0.96	2	48
1778	0.96	2	48
1779	0.96	2	48
1780	0.96	2	48
1781	0.96	2	48
1782	0.96	2	48
1783	0.96	2	48
1784	0.98	1	49
1785	0.98	1	49
1786	0.98	1	49
1787	0.98	1	49
1788	0.98	1	49
1789	0.98	1	49
1790	0.98	1	49
1791	0.98	1	49
1792	0.98	1	49
1793	0.98	1	49
1794	0.98	1	49
1795	0.98	1	49
1796	0.98	1	49
1797	0.98	1	49
1798	0.98	1	49
1799	0.98	1	49
1800	0.98	1	49
1801	0.98	1	49
1802	0.98	1	49
1803	0.98	1	49
1804	0.98	1	49
1805	0.98	1	49
1806	0.98	1	49
1807	0.98	1	49
1808	0.98	1	49
1809	0.98	1	49
1810	0.98	1	49
1811	0.98	1	49
1812	0.98	1	49
1813	0.98	1	49
1814	0.98	1	49
1815	0.98	1	49
1816	0.98	1	49
1817	0.98	1	49
1818	0.98	1	49
1819	0.98	1	49
1820	0.98	1	49
1821	0.98	1	49
1822	0.98	1	49
1823	0.98	1	49
1824	0.98	1	49
1825	0.98	1	49
1826	0.98	1	49
1827	1.00	0	50
1828	1.00	0	50
1829	1.00	0	50
1830	1.00	0	50
1831	1.00	0	50
1832	1.00	0	50
1833	0.98	1	49
1834	0.98	1	49
1835	0.98	1	49
1836	0.98	1	49
1837	0.98	1	49
1838	0.98	1	49
1839	0.98	1	49
1840	0.98	1	49
1841	0.98	1	49
1842	0.98	1	49
1843	0.98	1	49
1844	0.98	1	49
1845	0.98	1	49
1846	0.98	1	49
1847	0.98	1	49
1848	0.98	1	49
1849	0.98	1	49
1850	0.98	1	49
1851	0.98	1	49
1852	0.96	2	48
1853	0.96	2	48
1854	0.96	2	48
1855	0.96	2	48
1856	0.96	2	48
1857	0.96	2	48
1858	0.96	2	48
1859	0.96	2	48
1860	0.96	2	48
1861	0.96	2	48
1862	0.96	2	48
1863	0.96	2	48
1864	0.96	2	48
1865	0.96	2	48
1866	0.96	2	48
1867	0.96	2	48
1868	0.96	2	48
1869	0.96	2	48
1870	0.96	2	48
1871	0.96	2	48
1872	0.96	2	48
1873	0.96	2	48
1874	0.94	3	47
1875	0.94	3	47
1876	0.94	3	47
1877	0.94	3	47
1878	0.94	3	47
1879	0.94	3	47
1880	0.94	3	47
1881	0.94	3	47
1882	0.94	3	47
1883	0.94	3	47
1884	0.94	3	47
1885	0.94	3	47
1886	0.94	3	47
1887	0.94	3	47
1888	0.94	3	47
1889	0.94	3	47
1890	0.94	3	47
1891	0.92	4	46
1892	0.92	4	46
1893	0.92	4	46
1894	0.92	4	46
1895	0.92	4	46
1896	0.92	4	46
1897	0.92	4	46
1898	0.92	4	46
1899	0.92	4	46
1900	0.92	4	46
1901	0.92	4	46
1902	0.92	4	46
1903	0.92	4	46
1904	0.92	4	46
1905	0.92	4	46
1906	0.92	4	46
1907	0.90	5	45
1908	0.90	5	45
1909	0.90	5	45
1910	0.90	5	45
1911	0.90	5	45
1912	0.90	5	45
1913	0.90	5	45
1914	0.90	5	45
1915	0.90	5	45
1916	0.90	5	45
1917	0.90	5	45
1918	0.90	5	45
1919	0.90	5	45
1920	0.90	5	45
1921	0.90	5	45
1922	0.90	5	45
1923	0.90	5	45
1924	0.92	4	46
1925	0.92	4	46
1926	0.92	4	46
1927	0.92	4	46
1928	0.92	4	46
1929	0.92	4	46
1930	0.92	4	46
1931	0.92	4	46
1932	0.92	4	46
1933	0.94	3	47
1934	0.94	3	47
1935	0.94	3	47
1936	0.94	3	47
1937	0.92	4	46
1938	0.92	4	46
1939	0.92	4	46
1940	0.92	4	46
1941	0.94	3	47
1942	0.94	3	47
1943	0.94	3	47
1944	0.94	3	47
1945	0.94	3	47
1946	0.94	3	47
1947	0.94	3	47
1948	0.94	3	47
1949	0.94	3	47
1950	0.94	3	47
1951	0.94	3	47
1952	0.96	2	48
1953	0.96	2	48
1954	0.96	2	48
1955	0.96	2	48
1956	0.96	2	48
1957	0.98	1	49
1958	0.98	1	49
1959	0.98	1	49
1960	0.96	2	48
1961	0.96	2	48
1962	0.96	2	48
1963	0.96	2	48
1964	0.94	3	47
1965	0.94	3	47
1966	0.94	3	47
1967	0.94	3	47
1968	0.94	3	47
1969	0.94	3	47
1970	0.94	3	47
1971	0.94	3	47
1972	0.94	3	47
1973	0.94	3	47
1974	0.94	3	47
1975	0.94	3	47
1976	0.94	3	47
1977	0.94	3	47
1978	0.92	4	46
1979	0.92	4	46
1980	0.92	4	46
1981	0.92	4	46
1982	0.92	4	46
1983	0.92	4	46
1984	0.92	4	46
1985	0.92	4	46
1986	0.92	4	46
1987	0.94	3	47
1988	0.94	3	47
1989	0.94	3	47
1990	0.94	3	47
1991	0.94	3	47
1992	0.94	3	47
1993	0.94	3	47
1994	0.94	3	47
1995	0.94	3	47
1996	0.94	3	47
1997	0.94	3	47
1998	0.94	3	47
1999	0.94	3	47
2000	0.06	3	47
2001	0.06	3	47
2002	0.08	4	46
2003	0.08	4	46
2004	0.08	4	46
2005	0.08	4	46
2006	0.08	4	46
2007	0.10	5	45
2008	0.10	5	45
2009	0.10	5	45
2010	0.08	4	46
2011	0.08	4	46
2012	0.08	4	46
2013	0.10	5	45
2014	0.08	4	46
2015	0.08	4	46
2016	0.08	4	46
2017	0.10	5	45
2018	0.12	6	44
2019	0.14	7	43
2020	0.14	7	43
2021	0.14	7	43
2022	0.14	7	43
2023	0.16	8	42
2024	0.16	8	42
2025	0.16	8	42
2026	0.18	9	41
2027	0.18	9	41
2028	0.16	8	42
2029	0.18	9	41
2030	0.18	9	41
2031	0.20	10	40
2032	0.20	10	40
2033	0.20	10	40
2034	0.22	11	39
2035	0.24	12	38
2036	0.24	12	38
2037	0.26	13	37
2038	0.28	14	36
2039	0.30	15	35
2040	0.32	16	34
2041	0.34	17	33
2042	0.34	17	33
2043	0.36	18	32
2044	0.38	19	31
2045	0.38	19	31
2046	0.38	19	31
2047	0.40	20	30
2048	0.42	21	29
2049	0.44	22	28
2050	0.46	23	27
2051	0.48	24	26
2052	0.48	24	26
2053	0.50	25	25
2054	0.52	26	24
2055	0.54	27	23
2056	0.54	27	23
2057	0.52	26	24
2058	0.54	27	23
2059	0.56	28	22
2060	0.58	29	21
2061	0.60	30	20
2062	0.62	31	19
2063	0.62	31	19
2064	0.64	32	18
2065	0.66	33	17
2066	0.68	34	16
2067	0.68	34	16
2068	0.68	34	16
2069	0.68	34	16
2070	0.70	35	15
2071	0.72	36	14
2072	0.74	37	13
2073	0.74	37	13
2074	0.76	38	12
2075	0.78	39	11
2076	0.78	39	11
2077	0.80	40	10
2078	0.82	41	9
2079	0.80	40	10
2080	0.82	41	9
2081	0.82	41	9
2082	0.84	42	8
2083	0.86	43	7
2084	0.86	43	7
2085	0.86	43	7
2086	0.88	44	6
2087	0.88	44	6
2088	0.88	44	6
2089	0.88	44	6
2090	0.88	44	6
2091	0.88	44	6
2092	0.90	45	5
2093	0.90	45	5
2094	0.90	45	5
2095	0.92	46	4
2096	0.94	47	3
2097	0.94	47	3
2098	0.94	47	3
2099	0.94	47	3
2100	0.94	47	3
2101	0.94	47	3
2102	0.94	47	3
2103	0.94	47	3
2104	0.94	47	3
2105	0.94	47	3
2106	0.96	48	2
2107	0.96	48	2
2108	0.96	48	2
2109	0.96	48	2
2110	0.96	48	2
2111	0.96	48	2
2112	0.94	47	3
2113	0.94	47	3
2114	0.92	46	4
2115	0.92	46	4
2116	0.90	45	5
2117	0.90	45	5
2118	0.88	44	6
2119	0.88	44	6
2120	0.88	44	6
2121	0.88	44	6
2122	0.88	44	6
2123	0.88	44	6
2124	0.88	44	6
2125	0.86	43	7
2126	0.86	43	7
2127	0.86	43	7
2128	0.86	43	7
2129	0.88	44	6
2130	0.88	44	6
2131	0.88	44	6
2132	0.88	44	6
2133	0.88	44	6
2134	0.88	44	6
2135	0.88	44	6
2136	0.88	44	6
2137	0.86	43	7
2138	0.86	43	7
2139	0.86	43	7
2140	0.86	43	7
2141	0.86	43	7
2142	0.86	43	7
2143	0.86	43	7
2144	0.86	43	7
2145	0.86	43	7
2146	0.84	42	8
2147	0.84	42	8
2148	0.84	42	8
2149	0.84	42	8
2150	0.84	42	8
2151	0.84	42	8
2152	0.84	42	8
2153	0.84	42	8
2154	0.84	42	8
2155	0.84	42	8
2156	0.84	42	8
2157	0.86	43	7
2158	0.86	43	7
2159	0.86	43	7
2160	0.86	43	7
2161	0.86	43	7
2162	0.86	43	7
2163	0.86	43	7
2164	0.88	44	6
2165	0.88	44	6
2166	0.90	45	5
2167	0.90	45	5
2168	0.92	46	4
2169	0.92	46	4
2170	0.92	46	4
2171	0.92	46	4
2172	0.92	46	4
2173	0.92	46	4
2174	0.92	46	4
2175	0.92	46	4
2176	0.92	46	4
2177	0.92	46	4
2178	0.92	46	4
2179	0.92	46	4
2180	0.92	46	4
2181	0.92	46	4
2182	0.92	46	4
2183	0.92	46	4
2184	0.92	46	4
2185	0.90	45	5
2186	0.90	45	5
2187	0.92	46	4
2188	0.92	46	4
2189	0.92	46	4
2190	0.92	46	4
2191	0.92	46	4
2192	0.92	46	4
2193	0.92	46	4
2194	0.92	46	4
2195	0.92	46	4
2196	0.94	47	3
2197	0.94	47	3
2198	0.94	47	3
2199	0.94	47	3
2200	0.94	47	3
2201	0.94	47	3
2202	0.94	47	3
2203	0.94	47	3
2204	0.94	47	3
2205	0.94	47	3
2206	0.94	47	3
2207	0.94	47	3
2208	0.94	47	3
2209	0.92	46	4
2210	0.92	46	4
2211	0.92	46	4
2212	0.94	47	3
2213	0.94	47	3
2214	0.94	47	3
2215	0.94	47	3
2216	0.94	47	3
2217	0.94	47	3
2218	0.94	47	3
2219	0.94	47	3
2220	0.92	46	4
2221	0.92	46	4
2222	0.92	46	4
2223	0.92	46	4
2224	0.92	46	4
2225	0.94	47	3
2226	0.94	47	3
2227	0.94	47	3
2228	0.94	47	3
2229	0.94	47	3
2230	0.94	47	3
2231	0.94	47	3
2232	0.94	47	3
2233	0.94	47	3
2234	0.94	47	3
2235	0.96	48	2
2236	0.96	48	2
2237	0.96	48	2
2238	0.96	48	2
2239	0.96	48	2
2240	0.96	48	2
2241	0.96	48	2
2242	0.96	48	2
2243	0.96	48	2
2244	0.96	48	2
2245	0.96	48	2
2246	0.96	48	2
2247	0.94	47	3
2248	0.94	47	3
2249	0.94	47	3
2250	0.94	47	3
2251	0.94	47	3
2252	0.94	47	3
2253	0.94	47	3
2254	0.94	47	3
2255	0.94	47	3
2256	0.92	46	4
2257	0.92	46	4
2258	0.92	46	4
2259	0.94	47	3
2260	0.94	47	3
2261	0.94	47	3
2262	0.94	47	3
2263	0.94	47	3
2264	0.94	47	3
2265	0.92	46	4
2266	0.92	46	4
2267	0.92	46	4
2268	0.92	46	4
2269	0.92	46	4
2270	0.94	47	3
2271	0.94	47	3
2272	0.94	47	3
2273	0.94	47	3
2274	0.94	47	3
2275	0.94	47	3
2276	0.94	47	3
2277	0.94	47	3
2278	0.94	47	3
2279	0.94	47	3
2280	0.94	47	3
2281	0.94	47	3
2282	0.94	47	3
2283	0.94	47	3
2284	0.94	47	3
2285	0.94	47	3
2286	0.94	47	3
2287	0.94	47	3
2288	0.94	47	3
2289	0.94	47	3
2290	0.92	46	4
2291	0.92	46	4
2292	0.92	46	4
2293	0.92	46	4
2294	0.92	46	4
2295	0.92	46	4
2296	0.92	46	4
2297	0.92	46	4
2298	0.92	46	4
2299	0.92	46	4
2300	0.92	46	4
2301	0.92	46	4
2302	0.92	46	4
2303	0.92	46	4
2304	0.92	46	4
2305	0.92	46	4
2306	0.94	47	3
2307	0.94	47	3
2308	0.94	47	3
2309	0.94	47	3
2310	0.94	47	3
2311	0.94	47	3
2312	0.94	47	3
2313	0.94	47	3
2314	0.94	47	3
2315	0.96	48	2
2316	0.96	48	2
2317	0.96	48	2
2318	0.96	48	2
2319	0.96	48	2
2320	0.96	48	2
2321	0.96	48	2
2322	0.96	48	2
2323	0.96	48	2
2324	0.96	48	2
2325	0.96	48	2
2326	0.96	48	2
2327	0.96	48	2
2328	0.96	48	2
2329	0.96	48	2
2330	0.94	47	3
2331	0.94	47	3
2332	0.92	46	4
2333	0.92	46	4
2334	0.90	45	5
2335	0.90	45	5
2336	0.90	45	5
2337	0.90	45	5
2338	0.90	45	5
2339	0.90	45	5
2340	0.92	46	4
2341	0.92	46	4
2342	0.92	46	4
2343	0.92	46	4
2344	0.92	46	4
2345	0.90	45	5
2346	0.90	45	5
2347	0.92	46	4
2348	0.92	46	4
2349	0.92	46	4
2350	0.92	46	4
2351	0.92	46	4
2352	0.92	46	4
2353	0.92	46	4
2354	0.92	46	4
2355	0.92	46	4
2356	0.92	46	4
2357	0.92	46	4
2358	0.92	46	4
2359	0.92	46	4
2360	0.92	46	4
2361	0.92	46	4
2362	0.92	46	4
2363	0.92	46	4
2364	0.92	46	4
2365	0.92	46	4
2366	0.92	46	4
2367	0.92	46	4
2368	0.92	46	4
2369	0.90	45	5
2370	0.90	45	5
2371	0.90	45	5
2372	0.90	45	5
2373	0.90	45	5
2374	0.90	45	5
2375	0.90	45	5
2376	0.90	45	5
2377	0.90	45	5
2378	0.90	45	5
2379	0.88	44	6
2380	0.90	45	5
2381	0.90	45	5
2382	0.92	46	4
2383	0.92	46	4
2384	0.94	47	3
2385	0.94	47	3
2386	0.94	47	3
2387	0.94	47	3
2388	0.94	47	3
2389	0.94	47	3
2390	0.94	47	3
2391	0.94	47	3
2392	0.94	47	3
2393	0.94	47	3
2394	0.94	47	3
2395	0.96	48	2
2396	0.96	48	2
2397	0.96	48	2
2398	0.96	48	2
2399	0.96	48	2
2400	0.96	48	2
2401	0.96	48	2
2402	0.96	48	2
2403	0.96	48	2
2404	0.96	48	2
2405	0.96	48	2
2406	0.96	48	2
2407	0.96	48	2
2408	0.96	48	2
2409	0.96	48	2
2410	0.96	48	2
2411	0.96	48	2
2412	0.96	48	2
2413	0.96	48	2
2414	0.96	48	2
2415	0.96	48	2
2416	0.96	48	2
2417	0.96	48	2
2418	0.96	48	2
2419	0.98	49	1
2420	0.98	49	1
2421	0.98	49	1
2422	0.98	49	1
2423	0.98	49	1
2424	0.98	49	1
2425	0.98	49	1
2426	0.98	49	1
2427	0.98	49	1
2428	0.98	49	1
2429	1.00	50	0
2430	1.00	50	0
2431	1.00	50	0
2432	1.00	50	0
2433	0.98	49	1
2434	0.98	49	1
2435	0.96	48	2
2436	0.96	48	2
2437	0.96	48	2
2438	0.96	48	2
2439	0.96	48	2
2440	0.96	48	2
2441	0.96	48	2
2442	0.96	48	2
2443	0.96	48	2
2444	0.96	48	2
2445	0.96	48	2
2446	0.96	48	2
2447	0.96	48	2
2448	0.96	48	2
2449	0.96	48	2
2450	0.96	48	2
2451	0.94	47	3
2452	0.94	47	3
2453	0.94	47	3
2454	0.92	46	4
2455	0.92	46	4
2456	0.90	45	5
2457	0.90	45	5
2458	0.90	45	5
2459	0.90	45	5
2460	0.90	45	5
2461	0.90	45	5
2462	0.90	45	5
2463	0.90	45	5
2464	0.90	45	5
2465	0.90	45	5
2466	0.90	45	5
2467	0.90	45	5
2468	0.90	45	5
2469	0.90	45	5
2470	0.90	45	5
2471	0.90	45	5
2472	0.90	45	5
2473	0.88	44	6
2474	0.86	43	7
2475	0.86	43	7
2476	0.86	43	7
2477	0.86	43	7
2478	0.86	43	7
2479	0.86	43	7
2480	0.84	42	8
2481	0.84	42	8
2482	0.84	42	8
2483	0.86	43	7
2484	0.86	43	7
2485	0.88	44	6
2486	0.88	44	6
2487	0.88	44	6
2488	0.88	44	6
2489	0.86	43	7
2490	0.86	43	7
2491	0.84	42	8
2492	0.84	42	8
2493	0.84	42	8
2494	0.84	42	8
2495	0.84	42	8
2496	0.84	42	8
2497	0.84	42	8
2498	0.84	42	8
2499	0.84	42	8
2500	0.18	41	9
2501	0.16	42	8
2502	0.18	41	9
2503	0.18	41	9
2504	0.18	41	9
2505	0.20	40	10
2506	0.18	41	9
2507	0.18	41	9
2508	0.18	41	9
2509	0.20	40	10
2510	0.20	40	10
2511	0.20	40	10
2512	0.20	40	10
2513	0.22	39	11
2514	0.24	38	12
2515	0.26	37	13
2516	0.26	37	13
2517	0.26	37	13
2518	0.28	36	14
2519	0.28	36	14
2520	0.30	35	15
2521	0.30	35	15
2522	0.32	34	16
2523	0.32	34	16
2524	0.30	35	15
2525	0.30	35	15
2526	0.32	34	16
2527	0.32	34	16
2528	0.32	34	16
2529	0.34	33	17
2530	0.32	34	16
2531	0.32	34	16
2532	0.34	33	17
2533	0.34	33	17
2534	0.36	32	18
2535	0.38	31	19
2536	0.38	31	19
2537	0.40	30	20
2538	0.42	29	21
2539	0.40	30	20
2540	0.40	30	20
2541	0.40	30	20
2542	0.40	30	20
2543	0.40	30	20
2544	0.42	29	21
2545	0.44	28	22
2546	0.46	27	23
2547	0.46	27	23
2548	0.48	26	24
2549	0.50	25	25
2550	0.50	25	25
2551	0.50	25	25
2552	0.50	25	25
2553	0.52	24	26
2554	0.52	24	26
2555	0.52	24	26
2556	0.54	23	27
2557	0.56	22	28
2558	0.58	21	29
2559	0.58	21	29
2560	0.60	20	30
2561	0.62	19	31
2562	0.64	18	32
2563	0.64	18	32
2564	0.64	18	32
2565	0.64	18	32
2566	0.66	17	33
2567	0.68	16	34
2568	0.68	16	34
2569	0.70	15	35
2570	0.70	15	35
2571	0.72	14	36
2572	0.72	14	36
2573	0.72	14	36
2574	0.72	14	36
2575	0.74	13	37
2576	0.74	13	37
2577	0.76	12	38
2578	0.78	11	39
2579	0.78	11	39
2580	0.80	10	40
2581	0.80	10	40
2582	0.80	10	40
2583	0.82	9	41
2584	0.82	9	41
2585	0.82	9	41
2586	0.84	8	42
2587	0.82	9	41
2588	0.80	10	40
2589	0.82	9	41
2590	0.84	8	42
2591	0.82	9	41
2592	0.84	8	42
2593	0.86	7	43
2594	0.86	7	43
2595	0.86	7	43
2596	0.86	7	43
2597	0.88	6	44
2598	0.88	6	44
2599	0.88	6	44
2600	0.86	7	43
2601	0.88	6	44
2602	0.88	6	44
2603	0.88	6	44
2604	0.88	6	44
2605	0.88	6	44
2606	0.88	6	44
2607	0.88	6	44
2608	0.88	6	44
2609	0.88	6	44
2610	0.88	6	44
2611	0.88	6	44
2612	0.88	6	44
2613	0.88	6	44
2614	0.88	6	44
2615	0.88	6	44
2616	0.88	6	44
2617	0.88	6	44
2618	0.88	6	44
2619	0.88	6	44
2620	0.88	6	44
2621	0.88	6	44
2622	0.88	6	44
2623	0.88	6	44
2624	0.90	5	45
2625	0.90	5	45
2626	0.90	5	45
2627	0.90	5	45
2628	0.90	5	45
2629	0.90	5	45
2630	0.90	5	45
2631	0.92	4	46
2632	0.90	5	45
2633	0.90	5	45
2634	0.90	5	45
2635	0.90	5	45
2636	0.90	5	45
2637	0.92	4	46
2638	0.94	3	47
2639	0.92	4	46
2640	0.92	4	46
2641	0.92	4	46
2642	0.92	4	46
2643	0.92	4	46
2644	0.92	4	46
2645	0.92	4	46
2646	0.92	4	46
2647	0.92	4	46
2648	0.92	4	46
2649	0.92	4	46
2650	0.94	3	47
2651	0.94	3	47
2652	0.94	3	47
2653	0.94	3	47
2654	0.94	3	47
2655	0.94	3	47
2656	0.92	4	46
2657	0.90	5	45
2658	0.90	5	45
2659	0.90	5	45
2660	0.90	5	45
2661	0.90	5	45
2662	0.90	5	45
2663	0.90	5	45
2664	0.90	5	45
2665	0.90	5	45
2666	0.90	5	45
2667	0.90	5	45
2668	0.90	5	45
2669	0.90	5	45
2670	0.90	5	45
2671	0.90	5	45
2672	0.90	5	45
2673	0.90	5	45
2674	0.90	5	45
2675	0.90	5	45
2676	0.90	5	45
2677	0.90	5	45
2678	0.90	5	45
2679	0.90	5	45
2680	0.90	5	45
2681	0.88	6	44
2682	0.90	5	45
2683	0.88	6	44
2684	0.88	6	44
2685	0.88	6	44
2686	0.88	6	44
2687	0.88	6	44
2688	0.88	6	44
2689	0.90	5	45
2690	0.90	5	45
2691	0.92	4	46
2692	0.92	4	46
2693	0.92	4	46
2694	0.92	4	46
2695	0.92	4	46
2696	0.92	4	46
2697	0.92	4	46
2698	0.92	4	46
2699	0.92	4	46
2700	0.92	4	46
2701	0.92	4	46
2702	0.92	4	46
2703	0.92	4	46
2704	0.92	4	46
2705	0.92	4	46
2706	0.94	3	47
2707	0.94	3	47
2708	0.94	3	47
2709	0.94	3	47
2710	0.94	3	47
2711	0.94	3	47
2712	0.94	3	47
2713	0.94	3	47
2714	0.94	3	47
2715	0.94	3	47
2716	0.94	3	47
2717	0.94	3	47
2718	0.92	4	46
2719	0.90	5	45
2720	0.90	5	45
2721	0.90	5	45
2722	0.90	5	45
2723	0.90	5	45
2724	0.90	5	45
2725	0.90	5	45
2726	0.90	5	45
2727	0.90	5	45
2728	0.90	5	45
2729	0.90	5	45
2730	0.90	5	45
2731	0.92	4	46
2732	0.92	4	46
2733	0.94	3	47
2734	0.94	3	47
2735	0.94	3	47
2736	0.94	3	47
2737	0.94	3	47
2738	0.94	3	47
2739	0.92	4	46
2740	0.92	4	46
2741	0.92	4	46
2742	0.92	4	46
2743	0.92	4	46
2744	0.92	4	46
2745	0.92	4	46
2746	0.90	5	45
2747	0.90	5	45
2748	0.90	5	45
2749	0.90	5	45
2750	0.90	5	45
2751	0.90	5	45
2752	0.90	5	45
2753	0.90	5	45
2754	0.90	5	45
2755	0.90	5	45
2756	0.90	5	45
2757	0.92	4	46
2758	0.92	4	46
2759	0.92	4	46
2760	0.92	4	46
2761	0.92	4	46
2762	0.92	4	46
2763	0.92	4	46
2764	0.92	4	46
2765	0.92	4	46
2766	0.92	4	46
2767	0.92	4	46
2768	0.94	3	47
2769	0.96	2	48
2770	0.96	2	48
2771	0.96	2	48
2772	0.94	3	47
2773	0.94	3	47
2774	0.94	3	47
2775	0.94	3	47
2776	0.92	4	46
2777	0.92	4	46
2778	0.92	4	46
2779	0.92	4	46
2780	0.92	4	46
2781	0.92	4	46
2782	0.92	4	46
2783	0.90	5	45
2784	0.90	5	45
2785	0.90	5	45
2786	0.90	5	45
2787	0.90	5	45
2788	0.90	5	45
2789	0.92	4	46
2790	0.92	4	46
2791	0.92	4	46
2792	0.92	4	46
2793	0.92	4	46
2794	0.92	4	46
2795	0.92	4	46
2796	0.94	3	47
2797	0.94	3	47
2798	0.94	3	47
2799	0.94	3	47
2800	0.94	3	47
2801	0.94	3	47
2802	0.94	3	47
2803	0.94	3	47
2804	0.94	3	47
2805	0.94	3	47
2806	0.94	3	47
2807	0.94	3	47
2808	0.92	4	46
2809	0.92	4	46
2810	0.92	4	46
2811	0.92	4	46
2812	0.92	4	46
2813	0.92	4	46
2814	0.92	4	46
2815	0.92	4	46
2816	0.92	4	46
2817	0.90	5	45
2818	0.90	5	45
2819	0.90	5	45
2820	0.90	5	45
2821	0.90	5	45
2822	0.92	4	46
2823	0.92	4	46
2824	0.92	4	46
2825	0.92	4	46
2826	0.94	3	47
2827	0.94	3	47
2828	0.92	4	46
2829	0.92	4	46
2830	0.92	4	46
2831	0.92	4	46
2832	0.92	4	46
2833	0.94	3	47
2834	0.94	3	47
2835	0.94	3	47
2836	0.94	3	47
2837	0.94	3	47
2838	0.94	3	47
2839	0.94	3	47
2840	0.94	3	47
2841	0.94	3	47
2842	0.94	3	47
2843	0.94	3	47
2844	0.94	3	47
2845	0.94	3	47
2846	0.94	3	47
2847	0.94	3	47
2848	0.94	3	47
2849	0.94	3	47
2850	0.94	3	47
2851	0.92	4	46
2852	0.92	4	46
2853	0.92	4	46
2854	0.92	4	46
2855	0.92	4	46
2856	0.92	4	46
2857	0.92	4	46
2858	0.94	3	47
2859	0.94	3	47
2860	0.94	3	47
2861	0.94	3	47
2862	0.94	3	47
2863	0.94	3	47
2864	0.94	3	47
2865	0.94	3	47
2866	0.94	3	47
2867	0.96	2	48
2868	0.96	2	48
2869	0.96	2	48
2870	0.94	3	47
2871	0.94	3	47
2872	0.94	3	47
2873	0.94	3	47
2874	0.94	3	47
2875	0.94	3	47
2876	0.94	3	47
2877	0.94	3	47
2878	0.96	2	48
2879	0.96	2	48
2880	0.96	2	48
2881	0.96	2	48
2882	0.96	2	48
2883	0.96	2	48
2884	0.96	2	48
2885	0.96	2	48
2886	0.96	2	48
2887	0.96	2	48
2888	0.96	2	48
2889	0.96	2	48
2890	0.96	2	48
2891	0.96	2	48
2892	0.96	2	48
2893	0.96	2	48
2894	0.96	2	48
2895	0.96	2	48
2896	0.96	2	48
2897	0.94	3	47
2898	0.94	3	47
2899	0.94	3	47
2900	0.94	3	47
2901	0.96	2	48
2902	0.96	2	48
2903	0.96	2	48
2904	0.96	2	48
2905	0.96	2	48
2906	0.94	3	47
2907	0.94	3	47
2908	0.94	3	47
2909	0.94	3	47
2910	0.94	3	47
2911	0.94	3	47
2912	0.94	3	47
2913	0.94	3	47
2914	0.94	3	47
2915	0.94	3	47
2916	0.94	3	47
2917	0.94	3	47
2918	0.92	4	46
2919	0.92	4	46
2920	0.94	3	47
2921	0.94	3	47
2922	0.94	3	47
2923	0.94	3	47
2924	0.94	3	47
2925	0.94	3	47
2926	0.94	3	47
2927	0.94	3	47
2928	0.94	3	47
2929	0.94	3	47
2930	0.94	3	47
2931	0.94	3	47
2932	0.94	3	47
2933	0.92	4	46
2934	0.90	5	45
2935	0.88	6	44
2936	0.88	6	44
2937	0.88	6	44
2938	0.86	7	43
2939	0.86	7	43
2940	0.86	7	43
2941	0.86	7	43
2942	0.84	8	42
2943	0.84	8	42
2944	0.84	8	42
2945	0.84	8	42
2946	0.84	8	42
2947	0.86	7	43
2948	0.86	7	43
2949	0.86	7	43
2950	0.86	7	43
2951	0.86	7	43
2952	0.86	7	43
2953	0.86	7	43
2954	0.86	7	43
2955	0.86	7	43
2956	0.88	6	44
2957	0.86	7	43
2958	0.86	7	43
2959	0.86	7	43
2960	0.86	7	43
2961	0.86	7	43
2962	0.86	7	43
2963	0.84	8	42
2964	0.84	8	42
2965	0.84	8	42
2966	0.84	8	42
2967	0.84	8	42
2968	0.86	7	43
2969	0.86	7	43
2970	0.86	7	43
2971	0.86	7	43
2972	0.86	7	43
2973	0.86	7	43
2974	0.86	7	43
2975	0.86	7	43
2976	0.86	7	43
2977	0.86	7	43
2978	0.86	7	43
2979	0.86	7	43
2980	0.86	7	43
2981	0.86	7	43
2982	0.86	7	43
2983	0.88	6	44
2984	0.90	5	45
2985	0.92	4	46
2986	0.92	4	46
2987	0.92	4	46
2988	0.94	3	47
2989	0.94	3	47
2990	0.94	3	47
2991	0.94	3	47
2992	0.96	2	48
2993	0.96	2	48
2994	0.96	2	48
2995	0.96	2	48
2996	0.96	2	48
2997	0.96	2	48
2998	0.96	2	48
2999	0.96	2	48
