timestep	swarm_quality	color_0	color_1
0	0.70	70	30
1	0.70	70	30
2	0.70	70	30
3	0.70	70	30
4	0.70	70	30
5	0.70	70	30
6	0.70	70	30
7	0.70	70	30
8	0.70	70	30
9	0.70	70	30
10	0.70	70	30
11	0.69	69	31
12	0.69	69	31
13	0.69	69	31
14	0.69	69	31
15	0.69	69	31
16	0.68	68	32
17	0.68	68	32
18	0.68	68	32
19	0.68	68	32
20	0.68	68	32
21	0.68	68	32
22	0.68	68	32
23	0.68	68	32
24	0.68	68	32
25	0.68	68	32
26	0.68	68	32
27	0.68	68	32
28	0.68	68	32
29	0.68	68	32
30	0.68	68	32
31	0.68	68	32
32	0.68	68	32
33	0.68	68	32
34	0.68	68	32
35	0.68	68	32
36	0.68	68	32
37	0.68	68	32
38	0.68	68	32
39	0.68	68	32
40	0.68	68	32
41	0.68	68	32
42	0.68	68	32
43	0.68	68	32
44	0.68	68	32
45	0.68	68	32
46	0.68	68	32
47	0.68	68	32
48	0.68	68	32
49	0.68	68	32
50	0.68	68	32
51	0.68	68	32
52	0.67	67	33
53	0.67	67	33
54	0.67	67	33
55	0.67	67	33
56	0.67	67	33
57	0.67	67	33
58	0.67	67	33
59	0.67	67	33
60	0.67	67	33
61	0.67	67	33
62	0.66	66	34
63	0.66	66	34
64	0.65	65	35
65	0.65	65	35
66	0.65	65	35
67	0.64	64	36
68	0.64	64	36
69	0.64	64	36
70	0.65	65	35
71	0.66	66	34
72	0.67	67	33
73	0.68	68	32
74	0.69	69	31
75	0.70	70	30
76	0.71	71	29
77	0.72	72	28
78	0.73	73	27
79	0.74	74	26
80	0.75	75	25
81	0.76	76	24
82	0.77	77	23
83	0.78	78	22
84	0.79	79	21
85	0.80	80	20
86	0.81	81	19
87	0.82	82	18
88	0.83	83	17
89	0.84	84	16
90	0.85	85	15
91	0.86	86	14
92	0.87	87	13
93	0.88	88	12
94	0.89	89	11
95	0.89	89	11
96	0.90	90	10
97	0.91	91	9
98	0.91	91	9
99	0.92	92	8
100	0.92	92	8
101	0.92	92	8
102	0.92	92	8
103	0.92	92	8
104	0.92	92	8
105	0.92	92	8
106	0.92	92	8
107	0.92	92	8
108	0.91	91	9
109	0.91	91	9
110	0.91	91	9
111	0.92	92	8
112	0.92	92	8
113	0.92	92	8
114	0.92	92	8
115	0.92	92	8
116	0.93	93	7
117	0.93	93	7
118	0.93	93	7
119	0.93	93	7
120	0.93	93	7
121	0.93	93	7
122	0.93	93	7
123	0.93	93	7
124	0.93	93	7
125	0.93	93	7
126	0.93	93	7
127	0.93	93	7
128	0.93	93	7
129	0.93	93	7
130	0.93	93	7
131	0.93	93	7
132	0.93	93	7
133	0.93	93	7
134	0.93	93	7
135	0.93	93	7
136	0.93	93	7
137	0.93	93	7
138	0.93	93	7
139	0.93	93	7
140	0.93	93	7
141	0.93	93	7
142	0.93	93	7
143	0.93	93	7
144	0.93	93	7
145	0.93	93	7
146	0.93	93	7
147	0.93	93	7
148	0.93	93	7
149	0.93	93	7
150	0.93	93	7
151	0.93	93	7
152	0.93	93	7
153	0.93	93	7
154	0.93	93	7
155	0.93	93	7
156	0.93	93	7
157	0.93	93	7
158	0.92	92	8
159	0.92	92	8
160	0.92	92	8
161	0.92	92	8
162	0.93	93	7
163	0.93	93	7
164	0.94	94	6
165	0.94	94	6
166	0.94	94	6
167	0.95	95	5
168	0.95	95	5
169	0.95	95	5
170	0.95	95	5
171	0.95	95	5
172	0.95	95	5
173	0.95	95	5
174	0.95	95	5
175	0.95	95	5
176	0.94	94	6
177	0.94	94	6
178	0.94	94	6
179	0.94	94	6
180	0.94	94	6
181	0.94	94	6
182	0.93	93	7
183	0.93	93	7
184	0.92	92	8
185	0.92	92	8
186	0.92	92	8
187	0.92	92	8
188	0.91	91	9
189	0.91	91	9
190	0.91	91	9
191	0.91	91	9
192	0.91	91	9
193	0.91	91	9
194	0.91	91	9
195	0.92	92	8
196	0.92	92	8
197	0.92	92	8
198	0.93	93	7
199	0.93	93	7
200	0.93	93	7
201	0.93	93	7
202	0.93	93	7
203	0.93	93	7
204	0.93	93	7
205	0.93	93	7
206	0.93	93	7
207	0.93	93	7
208	0.94	94	6
209	0.94	94	6
210	0.94	94	6
211	0.94	94	6
212	0.93	93	7
213	0.93	93	7
214	0.93	93	7
215	0.93	93	7
216	0.93	93	7
217	0.93	93	7
218	0.93	93	7
219	0.93	93	7
220	0.93	93	7
221	0.93	93	7
222	0.93	93	7
223	0.93	93	7
224	0.93	93	7
225	0.93	93	7
226	0.93	93	7
227	0.93	93	7
228	0.93	93	7
229	0.93	93	7
230	0.93	93	7
231	0.93	93	7
232	0.93	93	7
233	0.93	93	7
234	0.93	93	7
235	0.92	92	8
236	0.92	92	8
237	0.92	92	8
238	0.92	92	8
239	0.92	92	8
240	0.92	92	8
241	0.92	92	8
242	0.92	92	8
243	0.92	92	8
244	0.92	92	8
245	0.92	92	8
246	0.92	92	8
247	0.92	92	8
248	0.92	92	8
249	0.92	92	8
250	0.92	92	8
251	0.91	91	9
252	0.91	91	9
253	0.91	91	9
254	0.91	91	9
255	0.91	91	9
256	0.91	91	9
257	0.91	91	9
258	0.92	92	8
259	0.92	92	8
260	0.92	92	8
261	0.92	92	8
262	0.92	92	8
263	0.92	92	8
264	0.92	92	8
265	0.92	92	8
266	0.92	92	8
267	0.92	92	8
268	0.92	92	8
269	0.92	92	8
270	0.92	92	8
271	0.92	92	8
272	0.92	92	8
273	0.92	92	8
274	0.92	92	8
275	0.92	92	8
276	0.93	93	7
277	0.93	93	7
278	0.93	93	7
279	0.93	93	7
280	0.93	93	7
281	0.93	93	7
282	0.94	94	6
283	0.93	93	7
284	0.94	94	6
285	0.94	94	6
286	0.93	93	7
287	0.93	93	7
288	0.94	94	6
289	0.93	93	7
290	0.93	93	7
291	0.93	93	7
292	0.93	93	7
293	0.93	93	7
294	0.93	93	7
295	0.93	93	7
296	0.93	93	7
297	0.93	93	7
298	0.93	93	7
299	0.93	93	7
300	0.93	93	7
301	0.93	93	7
302	0.93	93	7
303	0.93	93	7
304	0.93	93	7
305	0.92	92	8
306	0.92	92	8
307	0.92	92	8
308	0.91	91	9
309	0.91	91	9
310	0.91	91	9
311	0.90	90	10
312	0.91	91	9
313	0.91	91	9
314	0.91	91	9
315	0.91	91	9
316	0.91	91	9
317	0.91	91	9
318	0.91	91	9
319	0.91	91	9
320	0.91	91	9
321	0.91	91	9
322	0.91	91	9
323	0.91	91	9
324	0.91	91	9
325	0.91	91	9
326	0.91	91	9
327	0.91	91	9
328	0.91	91	9
329	0.91	91	9
330	0.91	91	9
331	0.91	91	9
332	0.91	91	9
333	0.91	91	9
334	0.91	91	9
335	0.92	92	8
336	0.92	92	8
337	0.92	92	8
338	0.91	91	9
339	0.91	91	9
340	0.91	91	9
341	0.91	91	9
342	0.91	91	9
343	0.91	91	9
344	0.91	91	9
345	0.91	91	9
346	0.91	91	9
347	0.91	91	9
348	0.91	91	9
349	0.91	91	9
350	0.91	91	9
351	0.92	92	8
352	0.93	93	7
353	0.93	93	7
354	0.93	93	7
355	0.93	93	7
356	0.93	93	7
357	0.92	92	8
358	0.92	92	8
359	0.92	92	8
360	0.92	92	8
361	0.91	91	9
362	0.91	91	9
363	0.91	91	9
364	0.91	91	9
365	0.91	91	9
366	0.91	91	9
367	0.91	91	9
368	0.91	91	9
369	0.91	91	9
370	0.91	91	9
371	0.91	91	9
372	0.91	91	9
373	0.91	91	9
374	0.91	91	9
375	0.91	91	9
376	0.91	91	9
377	0.91	91	9
378	0.91	91	9
379	0.91	91	9
380	0.91	91	9
381	0.90	90	10
382	0.90	90	10
383	0.91	91	9
384	0.91	91	9
385	0.91	91	9
386	0.92	92	8
387	0.92	92	8
388	0.92	92	8
389	0.92	92	8
390	0.92	92	8
391	0.92	92	8
392	0.92	92	8
393	0.92	92	8
394	0.92	92	8
395	0.92	92	8
396	0.92	92	8
397	0.92	92	8
398	0.92	92	8
399	0.92	92	8
400	0.92	92	8
401	0.92	92	8
402	0.92	92	8
403	0.91	91	9
404	0.91	91	9
405	0.92	92	8
406	0.92	92	8
407	0.92	92	8
408	0.93	93	7
409	0.93	93	7
410	0.93	93	7
411	0.94	94	6
412	0.94	94	6
413	0.94	94	6
414	0.94	94	6
415	0.94	94	6
416	0.94	94	6
417	0.94	94	6
418	0.94	94	6
419	0.94	94	6
420	0.94	94	6
421	0.94	94	6
422	0.94	94	6
423	0.93	93	7
424	0.93	93	7
425	0.93	93	7
426	0.93	93	7
427	0.93	93	7
428	0.93	93	7
429	0.93	93	7
430	0.93	93	7
431	0.93	93	7
432	0.93	93	7
433	0.93	93	7
434	0.93	93	7
435	0.93	93	7
436	0.93	93	7
437	0.93	93	7
438	0.94	94	6
439	0.94	94	6
440	0.94	94	6
441	0.94	94	6
442	0.94	94	6
443	0.94	94	6
444	0.94	94	6
445	0.94	94	6
446	0.94	94	6
447	0.94	94	6
448	0.94	94	6
449	0.93	93	7
450	0.93	93	7
451	0.93	93	7
452	0.92	92	8
453	0.92	92	8
454	0.92	92	8
455	0.92	92	8
456	0.92	92	8
457	0.93	93	7
458	0.93	93	7
459	0.93	93	7
460	0.93	93	7
461	0.94	94	6
462	0.94	94	6
463	0.94	94	6
464	0.94	94	6
465	0.94	94	6
466	0.94	94	6
467	0.94	94	6
468	0.94	94	6
469	0.94	94	6
470	0.94	94	6
471	0.94	94	6
472	0.94	94	6
473	0.94	94	6
474	0.94	94	6
475	0.94	94	6
476	0.94	94	6
477	0.94	94	6
478	0.94	94	6
479	0.94	94	6
480	0.94	94	6
481	0.95	95	5
482	0.95	95	5
483	0.95	95	5
484	0.95	95	5
485	0.95	95	5
486	0.95	95	5
487	0.95	95	5
488	0.95	95	5
489	0.96	96	4
490	0.96	96	4
491	0.96	96	4
492	0.96	96	4
493	0.96	96	4
494	0.96	96	4
495	0.96	96	4
496	0.96	96	4
497	0.96	96	4
498	0.96	96	4
499	0.96	96	4
500	0.96	96	4
501	0.96	96	4
502	0.96	96	4
503	0.97	97	3
504	0.97	97	3
505	0.97	97	3
506	0.97	97	3
507	0.96	96	4
508	0.95	95	5
509	0.95	95	5
510	0.95	95	5
511	0.95	95	5
512	0.95	95	5
513	0.95	95	5
514	0.95	95	5
515	0.95	95	5
516	0.95	95	5
517	0.95	95	5
518	0.95	95	5
519	0.95	95	5
520	0.95	95	5
521	0.95	95	5
522	0.95	95	5
523	0.96	96	4
524	0.95	95	5
525	0.95	95	5
526	0.95	95	5
527	0.95	95	5
528	0.95	95	5
529	0.95	95	5
530	0.95	95	5
531	0.95	95	5
532	0.95	95	5
533	0.95	95	5
534	0.94	94	6
535	0.94	94	6
536	0.94	94	6
537	0.94	94	6
538	0.94	94	6
539	0.94	94	6
540	0.94	94	6
541	0.93	93	7
542	0.93	93	7
543	0.93	93	7
544	0.93	93	7
545	0.93	93	7
546	0.93	93	7
547	0.93	93	7
548	0.93	93	7
549	0.94	94	6
550	0.94	94	6
551	0.94	94	6
552	0.95	95	5
553	0.95	95	5
554	0.95	95	5
555	0.95	95	5
556	0.95	95	5
557	0.95	95	5
558	0.95	95	5
559	0.95	95	5
560	0.95	95	5
561	0.95	95	5
562	0.95	95	5
563	0.95	95	5
564	0.95	95	5
565	0.95	95	5
566	0.95	95	5
567	0.95	95	5
568	0.95	95	5
569	0.95	95	5
570	0.95	95	5
571	0.95	95	5
572	0.95	95	5
573	0.95	95	5
574	0.95	95	5
575	0.95	95	5
576	0.95	95	5
577	0.95	95	5
578	0.95	95	5
579	0.95	95	5
580	0.95	95	5
581	0.95	95	5
582	0.95	95	5
583	0.95	95	5
584	0.95	95	5
585	0.95	95	5
586	0.95	95	5
587	0.95	95	5
588	0.95	95	5
589	0.94	94	6
590	0.94	94	6
591	0.94	94	6
592	0.94	94	6
593	0.94	94	6
594	0.94	94	6
595	0.94	94	6
596	0.94	94	6
597	0.94	94	6
598	0.94	94	6
599	0.94	94	6
600	0.94	94	6
601	0.94	94	6
602	0.94	94	6
603	0.94	94	6
604	0.94	94	6
605	0.94	94	6
606	0.94	94	6
607	0.95	95	5
608	0.96	96	4
609	0.96	96	4
610	0.96	96	4
611	0.96	96	4
612	0.96	96	4
613	0.96	96	4
614	0.96	96	4
615	0.96	96	4
616	0.96	96	4
617	0.96	96	4
618	0.96	96	4
619	0.96	96	4
620	0.96	96	4
621	0.96	96	4
622	0.95	95	5
623	0.95	95	5
624	0.96	96	4
625	0.96	96	4
626	0.96	96	4
627	0.96	96	4
628	0.96	96	4
629	0.96	96	4
630	0.96	96	4
631	0.96	96	4
632	0.96	96	4
633	0.96	96	4
634	0.97	97	3
635	0.97	97	3
636	0.97	97	3
637	0.97	97	3
638	0.97	97	3
639	0.97	97	3
640	0.97	97	3
641	0.98	98	2
642	0.98	98	2
643	0.98	98	2
644	0.98	98	2
645	0.98	98	2
646	0.98	98	2
647	0.98	98	2
648	0.97	97	3
649	0.97	97	3
650	0.97	97	3
651	0.97	97	3
652	0.97	97	3
653	0.97	97	3
654	0.97	97	3
655	0.96	96	4
656	0.96	96	4
657	0.96	96	4
658	0.96	96	4
659	0.96	96	4
660	0.96	96	4
661	0.96	96	4
662	0.96	96	4
663	0.96	96	4
664	0.96	96	4
665	0.96	96	4
666	0.96	96	4
667	0.96	96	4
668	0.96	96	4
669	0.96	96	4
670	0.96	96	4
671	0.96	96	4
672	0.96	96	4
673	0.96	96	4
674	0.96	96	4
675	0.96	96	4
676	0.96	96	4
677	0.96	96	4
678	0.96	96	4
679	0.95	95	5
680	0.94	94	6
681	0.94	94	6
682	0.94	94	6
683	0.94	94	6
684	0.94	94	6
685	0.94	94	6
686	0.94	94	6
687	0.94	94	6
688	0.94	94	6
689	0.95	95	5
690	0.95	95	5
691	0.95	95	5
692	0.95	95	5
693	0.95	95	5
694	0.95	95	5
695	0.95	95	5
696	0.95	95	5
697	0.95	95	5
698	0.95	95	5
699	0.95	95	5
700	0.94	94	6
701	0.94	94	6
702	0.94	94	6
703	0.94	94	6
704	0.94	94	6
705	0.94	94	6
706	0.94	94	6
707	0.94	94	6
708	0.94	94	6
709	0.94	94	6
710	0.94	94	6
711	0.94	94	6
712	0.93	93	7
713	0.93	93	7
714	0.93	93	7
715	0.93	93	7
716	0.93	93	7
717	0.93	93	7
718	0.93	93	7
719	0.93	93	7
720	0.93	93	7
721	0.93	93	7
722	0.94	94	6
723	0.94	94	6
724	0.94	94	6
725	0.94	94	6
726	0.94	94	6
727	0.94	94	6
728	0.94	94	6
729	0.94	94	6
730	0.94	94	6
731	0.94	94	6
732	0.94	94	6
733	0.94	94	6
734	0.94	94	6
735	0.93	93	7
736	0.93	93	7
737	0.93	93	7
738	0.93	93	7
739	0.93	93	7
740	0.93	93	7
741	0.93	93	7
742	0.93	93	7
743	0.93	93	7
744	0.93	93	7
745	0.93	93	7
746	0.93	93	7
747	0.93	93	7
748	0.94	94	6
749	0.94	94	6
750	0.94	94	6
751	0.94	94	6
752	0.94	94	6
753	0.94	94	6
754	0.94	94	6
755	0.95	95	5
756	0.95	95	5
757	0.95	95	5
758	0.95	95	5
759	0.95	95	5
760	0.95	95	5
761	0.95	95	5
762	0.95	95	5
763	0.95	95	5
764	0.95	95	5
765	0.95	95	5
766	0.95	95	5
767	0.95	95	5
768	0.95	95	5
769	0.95	95	5
770	0.95	95	5
771	0.95	95	5
772	0.94	94	6
773	0.94	94	6
774	0.94	94	6
775	0.94	94	6
776	0.94	94	6
777	0.94	94	6
778	0.94	94	6
779	0.95	95	5
780	0.96	96	4
781	0.96	96	4
782	0.96	96	4
783	0.96	96	4
784	0.96	96	4
785	0.96	96	4
786	0.96	96	4
787	0.96	96	4
788	0.96	96	4
789	0.96	96	4
790	0.96	96	4
791	0.96	96	4
792	0.96	96	4
793	0.96	96	4
794	0.96	96	4
795	0.96	96	4
796	0.96	96	4
797	0.96	96	4
798	0.96	96	4
799	0.96	96	4
800	0.97	97	3
801	0.97	97	3
802	0.97	97	3
803	0.97	97	3
804	0.97	97	3
805	0.97	97	3
806	0.97	97	3
807	0.97	97	3
808	0.97	97	3
809	0.96	96	4
810	0.96	96	4
811	0.96	96	4
812	0.97	97	3
813	0.97	97	3
814	0.97	97	3
815	0.97	97	3
816	0.97	97	3
817	0.97	97	3
818	0.97	97	3
819	0.97	97	3
820	0.97	97	3
821	0.97	97	3
822	0.97	97	3
823	0.97	97	3
824	0.97	97	3
825	0.97	97	3
826	0.97	97	3
827	0.97	97	3
828	0.97	97	3
829	0.97	97	3
830	0.97	97	3
831	0.97	97	3
832	0.97	97	3
833	0.97	97	3
834	0.97	97	3
835	0.98	98	2
836	0.98	98	2
837	0.98	98	2
838	0.98	98	2
839	0.98	98	2
840	0.98	98	2
841	0.98	98	2
842	0.98	98	2
843	0.98	98	2
844	0.98	98	2
845	0.98	98	2
846	0.98	98	2
847	0.98	98	2
848	0.98	98	2
849	0.98	98	2
850	0.98	98	2
851	0.98	98	2
852	0.98	98	2
853	0.98	98	2
854	0.98	98	2
855	0.98	98	2
856	0.98	98	2
857	0.98	98	2
858	0.98	98	2
859	0.98	98	2
860	0.98	98	2
861	0.98	98	2
862	0.98	98	2
863	0.97	97	3
864	0.97	97	3
865	0.97	97	3
866	0.97	97	3
867	0.97	97	3
868	0.97	97	3
869	0.97	97	3
870	0.97	97	3
871	0.97	97	3
872	0.98	98	2
873	0.98	98	2
874	0.98	98	2
875	0.98	98	2
876	0.98	98	2
877	0.98	98	2
878	0.98	98	2
879	0.98	98	2
880	0.98	98	2
881	0.98	98	2
882	0.98	98	2
883	0.98	98	2
884	0.98	98	2
885	0.98	98	2
886	0.98	98	2
887	0.98	98	2
888	0.97	97	3
889	0.97	97	3
890	0.97	97	3
891	0.97	97	3
892	0.97	97	3
893	0.97	97	3
894	0.97	97	3
895	0.97	97	3
896	0.97	97	3
897	0.97	97	3
898	0.97	97	3
899	0.97	97	3
900	0.97	97	3
901	0.97	97	3
902	0.97	97	3
903	0.97	97	3
904	0.97	97	3
905	0.97	97	3
906	0.97	97	3
907	0.97	97	3
908	0.97	97	3
909	0.98	98	2
910	0.98	98	2
911	0.97	97	3
912	0.97	97	3
913	0.97	97	3
914	0.96	96	4
915	0.96	96	4
916	0.95	95	5
917	0.94	94	6
918	0.94	94	6
919	0.94	94	6
920	0.93	93	7
921	0.93	93	7
922	0.93	93	7
923	0.93	93	7
924	0.93	93	7
925	0.93	93	7
926	0.93	93	7
927	0.93	93	7
928	0.93	93	7
929	0.93	93	7
930	0.93	93	7
931	0.93	93	7
932	0.93	93	7
933	0.93	93	7
934	0.93	93	7
935	0.92	92	8
936	0.92	92	8
937	0.91	91	9
938	0.91	91	9
939	0.91	91	9
940	0.90	90	10
941	0.89	89	11
942	0.89	89	11
943	0.89	89	11
944	0.89	89	11
945	0.89	89	11
946	0.89	89	11
947	0.89	89	11
948	0.89	89	11
949	0.89	89	11
950	0.89	89	11
951	0.89	89	11
952	0.89	89	11
953	0.89	89	11
954	0.89	89	11
955	0.89	89	11
956	0.89	89	11
957	0.89	89	11
958	0.89	89	11
959	0.89	89	11
960	0.89	89	11
961	0.89	89	11
962	0.89	89	11
963	0.90	90	10
964	0.90	90	10
965	0.90	90	10
966	0.90	90	10
967	0.90	90	10
968	0.90	90	10
969	0.90	90	10
970	0.90	90	10
971	0.90	90	10
972	0.90	90	10
973	0.90	90	10
974	0.90	90	10
975	0.90	90	10
976	0.90	90	10
977	0.90	90	10
978	0.90	90	10
979	0.90	90	10
980	0.90	90	10
981	0.90	90	10
982	0.90	90	10
983	0.90	90	10
984	0.90	90	10
985	0.90	90	10
986	0.90	90	10
987	0.90	90	10
988	0.91	91	9
989	0.91	91	9
990	0.91	91	9
991	0.91	91	9
992	0.91	91	9
993	0.91	91	9
994	0.91	91	9
995	0.91	91	9
996	0.91	91	9
997	0.91	91	9
998	0.91	91	9
999	0.91	91	9
1000	0.10	90	10
1001	0.10	90	10
1002	0.11	89	11
1003	0.11	89	11
1004	0.11	89	11
1005	0.12	88	12
1006	0.13	87	13
1007	0.14	86	14
1008	0.15	85	15
1009	0.16	84	16
1010	0.17	83	17
1011	0.17	83	17
1012	0.18	82	18
1013	0.18	82	18
1014	0.17	83	17
1015	0.18	82	18
1016	0.18	82	18
1017	0.18	82	18
1018	0.19	81	19
1019	0.20	80	20
1020	0.20	80	20
1021	0.21	79	21
1022	0.22	78	22
1023	0.23	77	23
1024	0.24	76	24
1025	0.25	75	25
1026	0.26	74	26
1027	0.27	73	27
1028	0.28	72	28
1029	0.29	71	29
1030	0.29	71	29
1031	0.30	70	30
1032	0.31	69	31
1033	0.31	69	31
1034	0.32	68	32
1035	0.32	68	32
1036	0.33	67	33
1037	0.33	67	33
1038	0.34	66	34
1039	0.35	65	35
1040	0.35	65	35
1041	0.34	66	34
1042	0.35	65	35
1043	0.36	64	36
1044	0.37	63	37
1045	0.38	62	38
1046	0.39	61	39
1047	0.40	60	40
1048	0.41	59	41
1049	0.42	58	42
1050	0.43	57	43
1051	0.44	56	44
1052	0.45	55	45
1053	0.46	54	46
1054	0.47	53	47
1055	0.48	52	48
1056	0.49	51	49
1057	0.50	50	50
1058	0.51	49	51
1059	0.52	48	52
1060	0.53	47	53
1061	0.54	46	54
1062	0.55	45	55
1063	0.56	44	56
1064	0.57	43	57
1065	0.58	42	58
1066	0.59	41	59
1067	0.60	40	60
1068	0.61	39	61
1069	0.62	38	62
1070	0.63	37	63
1071	0.64	36	64
1072	0.65	35	65
1073	0.65	35	65
1074	0.66	34	66
1075	0.67	33	67
1076	0.68	32	68
1077	0.69	31	69
1078	0.70	30	70
1079	0.71	29	71
1080	0.72	28	72
1081	0.73	27	73
1082	0.74	26	74
1083	0.75	25	75
1084	0.76	24	76
1085	0.77	23	77
1086	0.77	23	77
1087	0.78	22	78
1088	0.79	21	79
1089	0.80	20	80
1090	0.81	19	81
1091	0.81	19	81
1092	0.82	18	82
1093	0.83	17	83
1094	0.84	16	84
1095	0.85	15	85
1096	0.86	14	86
1097	0.87	13	87
1098	0.88	12	88
1099	0.89	11	89
1100	0.89	11	89
1101	0.90	10	90
1102	0.90	10	90
1103	0.91	9	91
1104	0.92	8	92
1105	0.92	8	92
1106	0.92	8	92
1107	0.92	8	92
1108	0.92	8	92
1109	0.92	8	92
1110	0.92	8	92
1111	0.92	8	92
1112	0.92	8	92
1113	0.93	7	93
1114	0.94	6	94
1115	0.94	6	94
1116	0.94	6	94
1117	0.94	6	94
1118	0.94	6	94
1119	0.94	6	94
1120	0.93	7	93
1121	0.93	7	93
1122	0.93	7	93
1123	0.93	7	93
1124	0.93	7	93
1125	0.93	7	93
1126	0.93	7	93
1127	0.93	7	93
1128	0.93	7	93
1129	0.93	7	93
1130	0.94	6	94
1131	0.94	6	94
1132	0.94	6	94
1133	0.95	5	95
1134	0.95	5	95
1135	0.95	5	95
1136	0.95	5	95
1137	0.95	5	95
1138	0.95	5	95
1139	0.95	5	95
1140	0.95	5	95
1141	0.96	4	96
1142	0.95	5	95
1143	0.95	5	95
1144	0.95	5	95
1145	0.95	5	95
1146	0.95	5	95
1147	0.95	5	95
1148	0.95	5	95
1149	0.95	5	95
1150	0.95	5	95
1151	0.95	5	95
1152	0.95	5	95
1153	0.95	5	95
1154	0.95	5	95
1155	0.95	5	95
1156	0.95	5	95
1157	0.95	5	95
1158	0.95	5	95
1159	0.95	5	95
1160	0.95	5	95
1161	0.95	5	95
1162	0.95	5	95
1163	0.95	5	95
1164	0.95	5	95
1165	0.94	6	94
1166	0.94	6	94
1167	0.94	6	94
1168	0.94	6	94
1169	0.94	6	94
1170	0.94	6	94
1171	0.94	6	94
1172	0.93	7	93
1173	0.94	6	94
1174	0.94	6	94
1175	0.94	6	94
1176	0.94	6	94
1177	0.94	6	94
1178	0.94	6	94
1179	0.94	6	94
1180	0.94	6	94
1181	0.94	6	94
1182	0.94	6	94
1183	0.94	6	94
1184	0.94	6	94
1185	0.94	6	94
1186	0.95	5	95
1187	0.95	5	95
1188	0.95	5	95
1189	0.95	5	95
1190	0.95	5	95
1191	0.96	4	96
1192	0.96	4	96
1193	0.96	4	96
1194	0.96	4	96
1195	0.96	4	96
1196	0.96	4	96
1197	0.96	4	96
1198	0.96	4	96
1199	0.96	4	96
1200	0.96	4	96
1201	0.96	4	96
1202	0.96	4	96
1203	0.96	4	96
1204	0.96	4	96
1205	0.95	5	95
1206	0.95	5	95
1207	0.95	5	95
1208	0.95	5	95
1209	0.94	6	94
1210	0.94	6	94
1211	0.94	6	94
1212	0.94	6	94
1213	0.93	7	93
1214	0.93	7	93
1215	0.93	7	93
1216	0.93	7	93
1217	0.93	7	93
1218	0.92	8	92
1219	0.92	8	92
1220	0.93	7	93
1221	0.93	7	93
1222	0.93	7	93
1223	0.93	7	93
1224	0.93	7	93
1225	0.93	7	93
1226	0.93	7	93
1227	0.93	7	93
1228	0.93	7	93
1229	0.93	7	93
1230	0.93	7	93
1231	0.93	7	93
1232	0.93	7	93
1233	0.92	8	92
1234	0.92	8	92
1235	0.92	8	92
1236	0.92	8	92
1237	0.92	8	92
1238	0.92	8	92
1239	0.92	8	92
1240	0.92	8	92
1241	0.92	8	92
1242	0.93	7	93
1243	0.93	7	93
1244	0.93	7	93
1245	0.93	7	93
1246	0.93	7	93
1247	0.93	7	93
1248	0.93	7	93
1249	0.93	7	93
1250	0.93	7	93
1251	0.93	7	93
1252	0.93	7	93
1253	0.93	7	93
1254	0.93	7	93
1255	0.93	7	93
1256	0.93	7	93
1257	0.93	7	93
1258	0.93	7	93
1259	0.93	7	93
1260	0.93	7	93
1261	0.93	7	93
1262	0.93	7	93
1263	0.92	8	92
1264	0.92	8	92
1265	0.93	7	93
1266	0.93	7	93
1267	0.93	7	93
1268	0.93	7	93
1269	0.93	7	93
1270	0.93	7	93
1271	0.93	7	93
1272	0.94	6	94
1273	0.94	6	94
1274	0.94	6	94
1275	0.94	6	94
1276	0.94	6	94
1277	0.94	6	94
1278	0.94	6	94
1279	0.94	6	94
1280	0.94	6	94
1281	0.94	6	94
1282	0.94	6	94
1283	0.94	6	94
1284	0.94	6	94
1285	0.94	6	94
1286	0.94	6	94
1287	0.94	6	94
1288	0.94	6	94
1289	0.94	6	94
1290	0.94	6	94
1291	0.94	6	94
1292	0.94	6	94
1293	0.94	6	94
1294	0.93	7	93
1295	0.93	7	93
1296	0.93	7	93
1297	0.93	7	93
1298	0.93	7	93
1299	0.93	7	93
1300	0.93	7	93
1301	0.93	7	93
1302	0.93	7	93
1303	0.93	7	93
1304	0.93	7	93
1305	0.94	6	94
1306	0.94	6	94
1307	0.94	6	94
1308	0.94	6	94
1309	0.95	5	95
1310	0.95	5	95
1311	0.95	5	95
1312	0.95	5	95
1313	0.96	4	96
1314	0.96	4	96
1315	0.96	4	96
1316	0.96	4	96
1317	0.96	4	96
1318	0.97	3	97
1319	0.97	3	97
1320	0.97	3	97
1321	0.97	3	97
1322	0.97	3	97
1323	0.97	3	97
1324	0.97	3	97
1325	0.97	3	97
1326	0.97	3	97
1327	0.97	3	97
1328	0.97	3	97
1329	0.97	3	97
1330	0.97	3	97
1331	0.97	3	97
1332	0.97	3	97
1333	0.98	2	98
1334	0.98	2	98
1335	0.98	2	98
1336	0.98	2	98
1337	0.98	2	98
1338	0.98	2	98
1339	0.98	2	98
1340	0.98	2	98
1341	0.98	2	98
1342	0.98	2	98
1343	0.98	2	98
1344	0.98	2	98
1345	0.98	2	98
1346	0.98	2	98
1347	0.98	2	98
1348	0.98	2	98
1349	0.98	2	98
1350	0.98	2	98
1351	0.98	2	98
1352	0.98	2	98
1353	0.98	2	98
1354	0.98	2	98
1355	0.98	2	98
1356	0.98	2	98
1357	0.98	2	98
1358	0.98	2	98
1359	0.98	2	98
1360	0.98	2	98
1361	0.98	2	98
1362	0.98	2	98
1363	0.99	1	99
1364	0.99	1	99
1365	0.99	1	99
1366	0.98	2	98
1367	0.98	2	98
1368	0.98	2	98
1369	0.98	2	98
1370	0.98	2	98
1371	0.98	2	98
1372	0.98	2	98
1373	0.98	2	98
1374	0.98	2	98
1375	0.98	2	98
1376	0.97	3	97
1377	0.97	3	97
1378	0.96	4	96
1379	0.96	4	96
1380	0.96	4	96
1381	0.96	4	96
1382	0.96	4	96
1383	0.96	4	96
1384	0.96	4	96
1385	0.96	4	96
1386	0.96	4	96
1387	0.96	4	96
1388	0.96	4	96
1389	0.96	4	96
1390	0.96	4	96
1391	0.96	4	96
1392	0.96	4	96
1393	0.96	4	96
1394	0.97	3	97
1395	0.97	3	97
1396	0.97	3	97
1397	0.97	3	97
1398	0.97	3	97
1399	0.97	3	97
1400	0.97	3	97
1401	0.97	3	97
1402	0.97	3	97
1403	0.97	3	97
1404	0.97	3	97
1405	0.97	3	97
1406	0.97	3	97
1407	0.97	3	97
1408	0.97	3	97
1409	0.96	4	96
1410	0.96	4	96
1411	0.96	4	96
1412	0.96	4	96
1413	0.96	4	96
1414	0.95	5	95
1415	0.95	5	95
1416	0.95	5	95
1417	0.95	5	95
1418	0.95	5	95
1419	0.95	5	95
1420	0.95	5	95
1421	0.95	5	95
1422	0.95	5	95
1423	0.95	5	95
1424	0.95	5	95
1425	0.95	5	95
1426	0.95	5	95
1427	0.95	5	95
1428	0.95	5	95
1429	0.95	5	95
1430	0.95	5	95
1431	0.95	5	95
1432	0.95	5	95
1433	0.95	5	95
1434	0.95	5	95
1435	0.95	5	95
1436	0.95	5	95
1437	0.95	5	95
1438	0.95	5	95
1439	0.95	5	95
1440	0.94	6	94
1441	0.94	6	94
1442	0.94	6	94
1443	0.94	6	94
1444	0.94	6	94
1445	0.94	6	94
1446	0.94	6	94
1447	0.93	7	93
1448	0.93	7	93
1449	0.93	7	93
1450	0.93	7	93
1451	0.93	7	93
1452	0.93	7	93
1453	0.93	7	93
1454	0.93	7	93
1455	0.93	7	93
1456	0.93	7	93
1457	0.93	7	93
1458	0.92	8	92
1459	0.92	8	92
1460	0.92	8	92
1461	0.92	8	92
1462	0.92	8	92
1463	0.92	8	92
1464	0.92	8	92
1465	0.92	8	92
1466	0.93	7	93
1467	0.93	7	93
1468	0.93	7	93
1469	0.93	7	93
1470	0.93	7	93
1471	0.93	7	93
1472	0.93	7	93
1473	0.93	7	93
1474	0.93	7	93
1475	0.93	7	93
1476	0.94	6	94
1477	0.94	6	94
1478	0.95	5	95
1479	0.95	5	95
1480	0.95	5	95
1481	0.95	5	95
1482	0.95	5	95
1483	0.95	5	95
1484	0.95	5	95
1485	0.95	5	95
1486	0.95	5	95
1487	0.95	5	95
1488	0.95	5	95
1489	0.95	5	95
1490	0.95	5	95
1491	0.95	5	95
1492	0.95	5	95
1493	0.95	5	95
1494	0.95	5	95
1495	0.95	5	95
1496	0.95	5	95
1497	0.95	5	95
1498	0.95	5	95
1499	0.95	5	95
1500	0.95	5	95
1501	0.95	5	95
1502	0.95	5	95
1503	0.95	5	95
1504	0.95	5	95
1505	0.95	5	95
1506	0.95	5	95
1507	0.95	5	95
1508	0.95	5	95
1509	0.96	4	96
1510	0.96	4	96
1511	0.96	4	96
1512	0.96	4	96
1513	0.96	4	96
1514	0.97	3	97
1515	0.97	3	97
1516	0.97	3	97
1517	0.97	3	97
1518	0.97	3	97
1519	0.97	3	97
1520	0.97	3	97
1521	0.97	3	97
1522	0.97	3	97
1523	0.97	3	97
1524	0.97	3	97
1525	0.97	3	97
1526	0.97	3	97
1527	0.97	3	97
1528	0.97	3	97
1529	0.97	3	97
1530	0.97	3	97
1531	0.97	3	97
1532	0.97	3	97
1533	0.97	3	97
1534	0.97	3	97
1535	0.97	3	97
1536	0.97	3	97
1537	0.97	3	97
1538	0.97	3	97
1539	0.97	3	97
1540	0.98	2	98
1541	0.98	2	98
1542	0.98	2	98
1543	0.98	2	98
1544	0.98	2	98
1545	0.98	2	98
1546	0.98	2	98
1547	0.99	1	99
1548	0.99	1	99
1549	0.99	1	99
1550	0.99	1	99
1551	0.99	1	99
1552	0.99	1	99
1553	0.99	1	99
1554	0.99	1	99
1555	0.99	1	99
1556	0.99	1	99
1557	0.99	1	99
1558	1.00	0	100
1559	1.00	0	100
1560	1.00	0	100
1561	1.00	0	100
1562	1.00	0	100
1563	1.00	0	100
1564	1.00	0	100
1565	1.00	0	100
1566	1.00	0	100
1567	1.00	0	100
1568	1.00	0	100
1569	1.00	0	100
1570	1.00	0	100
1571	1.00	0	100
1572	1.00	0	100
1573	1.00	0	100
1574	1.00	0	100
1575	1.00	0	100
1576	1.00	0	100
1577	1.00	0	100
1578	1.00	0	100
1579	1.00	0	100
1580	1.00	0	100
1581	1.00	0	100
1582	1.00	0	100
1583	1.00	0	100
1584	1.00	0	100
1585	1.00	0	100
1586	1.00	0	100
1587	1.00	0	100
1588	1.00	0	100
1589	1.00	0	100
1590	1.00	0	100
1591	1.00	0	100
1592	1.00	0	100
1593	1.00	0	100
1594	0.99	1	99
1595	0.99	1	99
1596	0.99	1	99
1597	0.99	1	99
1598	0.99	1	99
1599	0.99	1	99
1600	0.99	1	99
1601	0.99	1	99
1602	0.99	1	99
1603	0.98	2	98
1604	0.98	2	98
1605	0.98	2	98
1606	0.98	2	98
1607	0.98	2	98
1608	0.98	2	98
1609	0.98	2	98
1610	0.98	2	98
1611	0.98	2	98
1612	0.98	2	98
1613	0.98	2	98
1614	0.98	2	98
1615	0.98	2	98
1616	0.98	2	98
1617	0.98	2	98
1618	0.98	2	98
1619	0.98	2	98
1620	0.98	2	98
1621	0.98	2	98
1622	0.98	2	98
1623	0.98	2	98
1624	0.98	2	98
1625	0.98	2	98
1626	0.98	2	98
1627	0.98	2	98
1628	0.98	2	98
1629	0.98	2	98
1630	0.98	2	98
1631	0.98	2	98
1632	0.98	2	98
1633	0.97	3	97
1634	0.97	3	97
1635	0.97	3	97
1636	0.97	3	97
1637	0.97	3	97
1638	0.97	3	97
1639	0.97	3	97
1640	0.97	3	97
1641	0.97	3	97
1642	0.97	3	97
1643	0.97	3	97
1644	0.97	3	97
1645	0.97	3	97
1646	0.97	3	97
1647	0.97	3	97
1648	0.97	3	97
1649	0.97	3	97
1650	0.97	3	97
1651	0.97	3	97
1652	0.97	3	97
1653	0.97	3	97
1654	0.97	3	97
1655	0.97	3	97
1656	0.97	3	97
1657	0.97	3	97
1658	0.97	3	97
1659	0.97	3	97
1660	0.97	3	97
1661	0.97	3	97
1662	0.97	3	97
1663	0.97	3	97
1664	0.97	3	97
1665	0.97	3	97
1666	0.97	3	97
1667	0.97	3	97
1668	0.97	3	97
1669	0.97	3	97
1670	0.97	3	97
1671	0.97	3	97
1672	0.97	3	97
1673	0.97	3	97
1674	0.97	3	97
1675	0.97	3	97
1676	0.97	3	97
1677	0.97	3	97
1678	0.97	3	97
1679	0.97	3	97
1680	0.97	3	97
1681	0.97	3	97
1682	0.97	3	97
1683	0.97	3	97
1684	0.97	3	97
1685	0.97	3	97
1686	0.97	3	97
1687	0.97	3	97
1688	0.97	3	97
1689	0.97	3	97
1690	0.97	3	97
1691	0.97	3	97
1692	0.97	3	97
1693	0.97	3	97
1694	0.98	2	98
1695	0.98	2	98
1696	0.98	2	98
1697	0.98	2	98
1698	0.98	2	98
1699	0.98	2	98
1700	0.98	2	98
1701	0.98	2	98
1702	0.98	2	98
1703	0.99	1	99
1704	0.99	1	99
1705	0.99	1	99
1706	0.99	1	99
1707	0.99	1	99
1708	0.99	1	99
1709	0.99	1	99
1710	0.99	1	99
1711	0.99	1	99
1712	0.99	1	99
1713	0.99	1	99
1714	0.99	1	99
1715	0.99	1	99
1716	0.99	1	99
1717	0.99	1	99
1718	0.99	1	99
1719	0.99	1	99
1720	0.99	1	99
1721	0.99	1	99
1722	0.99	1	99
1723	0.99	1	99
1724	0.99	1	99
1725	0.99	1	99
1726	0.99	1	99
1727	0.99	1	99
1728	0.99	1	99
1729	0.99	1	99
1730	0.99	1	99
1731	0.99	1	99
1732	0.99	1	99
1733	1.00	0	100
1734	1.00	0	100
1735	1.00	0	100
1736	0.99	1	99
1737	0.99	1	99
1738	0.99	1	99
1739	0.99	1	99
1740	0.99	1	99
1741	0.99	1	99
1742	0.99	1	99
1743	0.99	1	99
1744	0.99	1	99
1745	0.99	1	99
1746	0.99	1	99
1747	0.99	1	99
1748	0.99	1	99
1749	0.99	1	99
1750	0.99	1	99
1751	0.99	1	99
1752	0.99	1	99
1753	0.99	1	99
1754	0.99	1	99
1755	0.98	2	98
1756	0.98	2	98
1757	0.98	2	98
1758	0.98	2	98
1759	0.98	2	98
1760	0.98	2	98
1761	0.98	2	98
1762	0.98	2	98
1763	0.98	2	98
1764	0.98	2	98
1765	0.98	2	98
1766	0.98	2	98
1767	0.98	2	98
1768	0.98	2	98
1769	0.98	2	98
1770	0.98	2	98
1771	0.98	2	98
1772	0.98	2	98
1773	0.98	2	98
1774	0.98	2	98
1775	0.98	2	98
1776	0.97	3	97
1777	0.97	3	97
1778	0.97	3	97
1779	0.97	3	97
1780	0.97	3	97
1781	0.97	3	97
1782	0.97	3	97
1783	0.97	3	97
1784	0.97	3	97
1785	0.96	4	96
1786	0.96	4	96
1787	0.96	4	96
1788	0.96	4	96
1789	0.96	4	96
1790	0.96	4	96
1791	0.96	4	96
1792	0.96	4	96
1793	0.96	4	96
1794	0.96	4	96
1795	0.96	4	96
1796	0.96	4	96
1797	0.96	4	96
1798	0.96	4	96
1799	0.96	4	96
1800	0.96	4	96
1801	0.96	4	96
1802	0.96	4	96
1803	0.96	4	96
1804	0.96	4	96
1805	0.96	4	96
1806	0.96	4	96
1807	0.96	4	96
1808	0.96	4	96
1809	0.96	4	96
1810	0.96	4	96
1811	0.96	4	96
1812	0.96	4	96
1813	0.96	4	96
1814	0.95	5	95
1815	0.95	5	95
1816	0.95	5	95
1817	0.95	5	95
1818	0.95	5	95
1819	0.94	6	94
1820	0.94	6	94
1821	0.94	6	94
1822	0.94	6	94
1823	0.94	6	94
1824	0.94	6	94
1825	0.94	6	94
1826	0.94	6	94
1827	0.94	6	94
1828	0.94	6	94
1829	0.94	6	94
1830	0.94	6	94
1831	0.94	6	94
1832	0.94	6	94
1833	0.94	6	94
1834	0.94	6	94
1835	0.94	6	94
1836	0.95	5	95
1837	0.95	5	95
1838	0.95	5	95
1839	0.95	5	95
1840	0.95	5	95
1841	0.95	5	95
1842	0.95	5	95
1843	0.95	5	95
1844	0.95	5	95
1845	0.95	5	95
1846	0.95	5	95
1847	0.95	5	95
1848	0.95	5	95
1849	0.95	5	95
1850	0.95	5	95
1851	0.95	5	95
1852	0.95	5	95
1853	0.95	5	95
1854	0.95	5	95
1855	0.96	4	96
1856	0.96	4	96
1857	0.96	4	96
1858	0.96	4	96
1859	0.95	5	95
1860	0.94	6	94
1861	0.93	7	93
1862	0.93	7	93
1863	0.93	7	93
1864	0.93	7	93
1865	0.93	7	93
1866	0.93	7	93
1867	0.93	7	93
1868	0.93	7	93
1869	0.93	7	93
1870	0.93	7	93
1871	0.93	7	93
1872	0.93	7	93
1873	0.93	7	93
1874	0.93	7	93
1875	0.93	7	93
1876	0.94	6	94
1877	0.94	6	94
1878	0.94	6	94
1879	0.94	6	94
1880	0.94	6	94
1881	0.94	6	94
1882	0.94	6	94
1883	0.94	6	94
1884	0.94	6	94
1885	0.95	5	95
1886	0.95	5	95
1887	0.95	5	95
1888	0.95	5	95
1889	0.95	5	95
1890	0.95	5	95
1891	0.95	5	95
1892	0.95	5	95
1893	0.95	5	95
1894	0.95	5	95
1895	0.95	5	95
1896	0.95	5	95
1897	0.95	5	95
1898	0.95	5	95
1899	0.95	5	95
1900	0.95	5	95
1901	0.95	5	95
1902	0.95	5	95
1903	0.95	5	95
1904	0.95	5	95
1905	0.95	5	95
1906	0.95	5	95
1907	0.95	5	95
1908	0.95	5	95
1909	0.95	5	95
1910	0.95	5	95
1911	0.95	5	95
1912	0.95	5	95
1913	0.95	5	95
1914	0.96	4	96
1915	0.96	4	96
1916	0.96	4	96
1917	0.96	4	96
1918	0.96	4	96
1919	0.97	3	97
1920	0.97	3	97
1921	0.97	3	97
1922	0.97	3	97
1923	0.96	4	96
1924	0.96	4	96
1925	0.96	4	96
1926	0.96	4	96
1927	0.96	4	96
1928	0.96	4	96
1929	0.96	4	96
1930	0.96	4	96
1931	0.96	4	96
1932	0.95	5	95
1933	0.94	6	94
1934	0.94	6	94
1935	0.94	6	94
1936	0.94	6	94
1937	0.94	6	94
1938	0.94	6	94
1939	0.94	6	94
1940	0.94	6	94
1941	0.94	6	94
1942	0.94	6	94
1943	0.94	6	94
1944	0.94	6	94
1945	0.94	6	94
1946	0.94	6	94
1947	0.94	6	94
1948	0.94	6	94
1949	0.94	6	94
1950	0.94	6	94
1951	0.94	6	94
1952	0.94	6	94
1953	0.94	6	94
1954	0.94	6	94
1955	0.94	6	94
1956	0.94	6	94
1957	0.94	6	94
1958	0.94	6	94
1959	0.95	5	95
1960	0.96	4	96
1961	0.97	3	97
1962	0.97	3	97
1963	0.97	3	97
1964	0.97	3	97
1965	0.97	3	97
1966	0.97	3	97
1967	0.97	3	97
1968	0.96	4	96
1969	0.96	4	96
1970	0.96	4	96
1971	0.96	4	96
1972	0.96	4	96
1973	0.96	4	96
1974	0.96	4	96
1975	0.96	4	96
1976	0.96	4	96
1977	0.96	4	96
1978	0.96	4	96
1979	0.96	4	96
1980	0.96	4	96
1981	0.96	4	96
1982	0.96	4	96
1983	0.96	4	96
1984	0.96	4	96
1985	0.96	4	96
1986	0.96	4	96
1987	0.96	4	96
1988	0.96	4	96
1989	0.96	4	96
1990	0.96	4	96
1991	0.96	4	96
1992	0.96	4	96
1993	0.96	4	96
1994	0.96	4	96
1995	0.96	4	96
1996	0.96	4	96
1997	0.96	4	96
1998	0.96	4	96
1999	0.96	4	96
2000	0.05	5	95
2001	0.06	6	94
2002	0.07	7	93
2003	0.08	8	92
2004	0.09	9	91
2005	0.10	10	90
2006	0.11	11	89
2007	0.12	12	88
2008	0.12	12	88
2009	0.13	13	87
2010	0.14	14	86
2011	0.15	15	85
2012	0.16	16	84
2013	0.16	16	84
2014	0.17	17	83
2015	0.18	18	82
2016	0.19	19	81
2017	0.20	20	80
2018	0.20	20	80
2019	0.20	20	80
2020	0.21	21	79
2021	0.22	22	78
2022	0.23	23	77
2023	0.23	23	77
2024	0.24	24	76
2025	0.25	25	75
2026	0.26	26	74
2027	0.27	27	73
2028	0.28	28	72
2029	0.29	29	71
2030	0.29	29	71
2031	0.30	30	70
2032	0.29	29	71
2033	0.29	29	71
2034	0.30	30	70
2035	0.31	31	69
2036	0.32	32	68
2037	0.33	33	67
2038	0.34	34	66
2039	0.35	35	65
2040	0.36	36	64
2041	0.37	37	63
2042	0.38	38	62
2043	0.39	39	61
2044	0.39	39	61
2045	0.40	40	60
2046	0.41	41	59
2047	0.42	42	58
2048	0.43	43	57
2049	0.44	44	56
2050	0.44	44	56
2051	0.45	45	55
2052	0.46	46	54
2053	0.47	47	53
2054	0.48	48	52
2055	0.49	49	51
2056	0.50	50	50
2057	0.51	51	49
2058	0.52	52	48
2059	0.53	53	47
2060	0.54	54	46
2061	0.55	55	45
2062	0.55	55	45
2063	0.56	56	44
2064	0.57	57	43
2065	0.58	58	42
2066	0.59	59	41
2067	0.60	60	40
2068	0.60	60	40
2069	0.60	60	40
2070	0.61	61	39
2071	0.62	62	38
2072	0.63	63	37
2073	0.64	64	36
2074	0.65	65	35
2075	0.66	66	34
2076	0.67	67	33
2077	0.68	68	32
2078	0.69	69	31
2079	0.70	70	30
2080	0.71	71	29
2081	0.72	72	28
2082	0.73	73	27
2083	0.74	74	26
2084	0.75	75	25
2085	0.76	76	24
2086	0.77	77	23
2087	0.78	78	22
2088	0.79	79	21
2089	0.80	80	20
2090	0.81	81	19
2091	0.82	82	18
2092	0.83	83	17
2093	0.84	84	16
2094	0.85	85	15
2095	0.86	86	14
2096	0.87	87	13
2097	0.88	88	12
2098	0.89	89	11
2099	0.90	90	10
2100	0.90	90	10
2101	0.90	90	10
2102	0.90	90	10
2103	0.90	90	10
2104	0.90	90	10
2105	0.90	90	10
2106	0.90	90	10
2107	0.90	90	10
2108	0.91	91	9
2109	0.91	91	9
2110	0.91	91	9
2111	0.91	91	9
2112	0.91	91	9
2113	0.92	92	8
2114	0.92	92	8
2115	0.92	92	8
2116	0.92	92	8
2117	0.92	92	8
2118	0.93	93	7
2119	0.94	94	6
2120	0.94	94	6
2121	0.94	94	6
2122	0.94	94	6
2123	0.94	94	6
2124	0.94	94	6
2125	0.94	94	6
2126	0.94	94	6
2127	0.94	94	6
2128	0.94	94	6
2129	0.94	94	6
2130	0.95	95	5
2131	0.95	95	5
2132	0.96	96	4
2133	0.96	96	4
2134	0.96	96	4
2135	0.96	96	4
2136	0.96	96	4
2137	0.96	96	4
2138	0.96	96	4
2139	0.96	96	4
2140	0.96	96	4
2141	0.96	96	4
2142	0.96	96	4
2143	0.96	96	4
2144	0.97	97	3
2145	0.97	97	3
2146	0.97	97	3
2147	0.97	97	3
2148	0.97	97	3
2149	0.97	97	3
2150	0.98	98	2
2151	0.98	98	2
2152	0.98	98	2
2153	0.98	98	2
2154	0.98	98	2
2155	0.98	98	2
2156	0.98	98	2
2157	0.98	98	2
2158	0.98	98	2
2159	0.98	98	2
2160	0.98	98	2
2161	0.98	98	2
2162	0.99	99	1
2163	0.99	99	1
2164	0.99	99	1
2165	0.99	99	1
2166	0.99	99	1
2167	0.99	99	1
2168	0.99	99	1
2169	1.00	100	0
2170	1.00	100	0
2171	1.00	100	0
2172	1.00	100	0
2173	1.00	100	0
2174	1.00	100	0
2175	1.00	100	0
2176	1.00	100	0
2177	1.00	100	0
2178	1.00	100	0
2179	1.00	100	0
2180	1.00	100	0
2181	1.00	100	0
2182	1.00	100	0
2183	1.00	100	0
2184	1.00	100	0
2185	1.00	100	0
2186	1.00	100	0
2187	1.00	100	0
2188	1.00	100	0
2189	0.99	99	1
2190	0.99	99	1
2191	0.99	99	1
2192	0.99	99	1
2193	0.99	99	1
2194	0.98	98	2
2195	0.98	98	2
2196	0.98	98	2
2197	0.98	98	2
2198	0.98	98	2
2199	0.98	98	2
2200	0.98	98	2
2201	0.97	97	3
2202	0.97	97	3
2203	0.97	97	3
2204	0.97	97	3
2205	0.97	97	3
2206	0.97	97	3
2207	0.97	97	3
2208	0.97	97	3
2209	0.97	97	3
2210	0.97	97	3
2211	0.97	97	3
2212	0.97	97	3
2213	0.97	97	3
2214	0.97	97	3
2215	0.96	96	4
2216	0.96	96	4
2217	0.96	96	4
2218	0.96	96	4
2219	0.96	96	4
2220	0.96	96	4
2221	0.96	96	4
2222	0.96	96	4
2223	0.96	96	4
2224	0.96	96	4
2225	0.96	96	4
2226	0.96	96	4
2227	0.96	96	4
2228	0.96	96	4
2229	0.96	96	4
2230	0.96	96	4
2231	0.96	96	4
2232	0.96	96	4
2233	0.96	96	4
2234	0.95	95	5
2235	0.95	95	5
2236	0.95	95	5
2237	0.95	95	5
2238	0.95	95	5
2239	0.95	95	5
2240	0.95	95	5
2241	0.95	95	5
2242	0.95	95	5
2243	0.95	95	5
2244	0.95	95	5
2245	0.95	95	5
2246	0.95	95	5
2247	0.95	95	5
2248	0.95	95	5
2249	0.95	95	5
2250	0.95	95	5
2251	0.95	95	5
2252	0.95	95	5
2253	0.95	95	5
2254	0.95	95	5
2255	0.95	95	5
2256	0.95	95	5
2257	0.95	95	5
2258	0.95	95	5
2259	0.95	95	5
2260	0.95	95	5
2261	0.95	95	5
2262	0.95	95	5
2263	0.95	95	5
2264	0.95	95	5
2265	0.95	95	5
2266	0.95	95	5
2267	0.95	95	5
2268	0.95	95	5
2269	0.95	95	5
2270	0.95	95	5
2271	0.95	95	5
2272	0.95	95	5
2273	0.95	95	5
2274	0.95	95	5
2275	0.95	95	5
2276	0.95	95	5
2277	0.95	95	5
2278	0.94	94	6
2279	0.94	94	6
2280	0.94	94	6
2281	0.94	94	6
2282	0.94	94	6
2283	0.94	94	6
2284	0.94	94	6
2285	0.94	94	6
2286	0.94	94	6
2287	0.94	94	6
2288	0.94	94	6
2289	0.95	95	5
2290	0.95	95	5
2291	0.95	95	5
2292	0.95	95	5
2293	0.95	95	5
2294	0.96	96	4
2295	0.96	96	4
2296	0.96	96	4
2297	0.96	96	4
2298	0.96	96	4
2299	0.96	96	4
2300	0.96	96	4
2301	0.97	97	3
2302	0.97	97	3
2303	0.97	97	3
2304	0.97	97	3
2305	0.97	97	3
2306	0.97	97	3
2307	0.97	97	3
2308	0.97	97	3
2309	0.97	97	3
2310	0.97	97	3
2311	0.97	97	3
2312	0.97	97	3
2313	0.97	97	3
2314	0.97	97	3
2315	0.98	98	2
2316	0.98	98	2
2317	0.98	98	2
2318	0.98	98	2
2319	0.98	98	2
2320	0.98	98	2
2321	0.98	98	2
2322	0.98	98	2
2323	0.98	98	2
2324	0.98	98	2
2325	0.98	98	2
2326	0.98	98	2
2327	0.98	98	2
2328	0.98	98	2
2329	0.98	98	2
2330	0.98	98	2
2331	0.98	98	2
2332	0.98	98	2
2333	0.98	98	2
2334	0.99	99	1
2335	0.99	99	1
2336	0.99	99	1
2337	0.99	99	1
2338	0.99	99	1
2339	0.98	98	2
2340	0.98	98	2
2341	0.98	98	2
2342	0.98	98	2
2343	0.98	98	2
2344	0.98	98	2
2345	0.98	98	2
2346	0.98	98	2
2347	0.98	98	2
2348	0.98	98	2
2349	0.98	98	2
2350	0.98	98	2
2351	0.98	98	2
2352	0.98	98	2
2353	0.98	98	2
2354	0.98	98	2
2355	0.97	97	3
2356	0.97	97	3
2357	0.97	97	3
2358	0.97	97	3
2359	0.97	97	3
2360	0.97	97	3
2361	0.97	97	3
2362	0.97	97	3
2363	0.97	97	3
2364	0.97	97	3
2365	0.97	97	3
2366	0.97	97	3
2367	0.97	97	3
2368	0.97	97	3
2369	0.97	97	3
2370	0.97	97	3
2371	0.97	97	3
2372	0.97	97	3
2373	0.97	97	3
2374	0.97	97	3
2375	0.97	97	3
2376	0.97	97	3
2377	0.97	97	3
2378	0.98	98	2
2379	0.98	98	2
2380	0.98	98	2
2381	0.98	98	2
2382	0.98	98	2
2383	0.98	98	2
2384	0.98	98	2
2385	0.98	98	2
2386	0.98	98	2
2387	0.98	98	2
2388	0.98	98	2
2389	0.98	98	2
2390	0.98	98	2
2391	0.98	98	2
2392	0.98	98	2
2393	0.98	98	2
2394	0.98	98	2
2395	0.98	98	2
2396	0.97	97	3
2397	0.97	97	3
2398	0.97	97	3
2399	0.97	97	3
2400	0.97	97	3
2401	0.97	97	3
2402	0.97	97	3
2403	0.97	97	3
2404	0.97	97	3
2405	0.97	97	3
2406	0.97	97	3
2407	0.97	97	3
2408	0.97	97	3
2409	0.97	97	3
2410	0.97	97	3
2411	0.97	97	3
2412	0.97	97	3
2413	0.97	97	3
2414	0.97	97	3
2415	0.97	97	3
2416	0.97	97	3
2417	0.97	97	3
2418	0.97	97	3
2419	0.97	97	3
2420	0.97	97	3
2421	0.97	97	3
2422	0.97	97	3
2423	0.97	97	3
2424	0.97	97	3
2425	0.97	97	3
2426	0.96	96	4
2427	0.96	96	4
2428	0.96	96	4
2429	0.96	96	4
2430	0.96	96	4
2431	0.96	96	4
2432	0.96	96	4
2433	0.95	95	5
2434	0.95	95	5
2435	0.95	95	5
2436	0.95	95	5
2437	0.95	95	5
2438	0.95	95	5
2439	0.96	96	4
2440	0.96	96	4
2441	0.96	96	4
2442	0.96	96	4
2443	0.96	96	4
2444	0.96	96	4
2445	0.96	96	4
2446	0.96	96	4
2447	0.96	96	4
2448	0.95	95	5
2449	0.95	95	5
2450	0.95	95	5
2451	0.95	95	5
2452	0.95	95	5
2453	0.95	95	5
2454	0.95	95	5
2455	0.96	96	4
2456	0.96	96	4
2457	0.96	96	4
2458	0.96	96	4
2459	0.96	96	4
2460	0.96	96	4
2461	0.96	96	4
2462	0.96	96	4
2463	0.96	96	4
2464	0.95	95	5
2465	0.95	95	5
2466	0.95	95	5
2467	0.95	95	5
2468	0.95	95	5
2469	0.95	95	5
2470	0.95	95	5
2471	0.95	95	5
2472	0.95	95	5
2473	0.95	95	5
2474	0.95	95	5
2475	0.95	95	5
2476	0.95	95	5
2477	0.95	95	5
2478	0.95	95	5
2479	0.95	95	5
2480	0.95	95	5
2481	0.95	95	5
2482	0.95	95	5
2483	0.95	95	5
2484	0.95	95	5
2485	0.95	95	5
2486	0.95	95	5
2487	0.95	95	5
2488	0.95	95	5
2489	0.95	95	5
2490	0.95	95	5
2491	0.95	95	5
2492	0.95	95	5
2493	0.95	95	5
2494	0.95	95	5
2495	0.95	95	5
2496	0.96	96	4
2497	0.96	96	4
2498	0.96	96	4
2499	0.96	96	4
2500	0.96	96	4
2501	0.96	96	4
2502	0.95	95	5
2503	0.95	95	5
2504	0.95	95	5
2505	0.95	95	5
2506	0.95	95	5
2507	0.95	95	5
2508	0.95	95	5
2509	0.94	94	6
2510	0.94	94	6
2511	0.94	94	6
2512	0.94	94	6
2513	0.94	94	6
2514	0.94	94	6
2515	0.94	94	6
2516	0.94	94	6
2517	0.94	94	6
2518	0.94	94	6
2519	0.94	94	6
2520	0.94	94	6
2521	0.94	94	6
2522	0.94	94	6
2523	0.94	94	6
2524	0.94	94	6
2525	0.94	94	6
2526	0.95	95	5
2527	0.95	95	5
2528	0.95	95	5
2529	0.95	95	5
2530	0.95	95	5
2531	0.95	95	5
2532	0.95	95	5
2533	0.96	96	4
2534	0.96	96	4
2535	0.96	96	4
2536	0.96	96	4
2537	0.96	96	4
2538	0.96	96	4
2539	0.96	96	4
2540	0.96	96	4
2541	0.96	96	4
2542	0.96	96	4
2543	0.96	96	4
2544	0.96	96	4
2545	0.96	96	4
2546	0.96	96	4
2547	0.96	96	4
2548	0.97	97	3
2549	0.97	97	3
2550	0.97	97	3
2551	0.97	97	3
2552	0.97	97	3
2553	0.97	97	3
2554	0.96	96	4
2555	0.96	96	4
2556	0.96	96	4
2557	0.96	96	4
2558	0.96	96	4
2559	0.95	95	5
2560	0.95	95	5
2561	0.95	95	5
2562	0.95	95	5
2563	0.95	95	5
2564	0.96	96	4
2565	0.96	96	4
2566	0.96	96	4
2567	0.96	96	4
2568	0.96	96	4
2569	0.96	96	4
2570	0.96	96	4
2571	0.96	96	4
2572	0.96	96	4
2573	0.96	96	4
2574	0.96	96	4
2575	0.96	96	4
2576	0.96	96	4
2577	0.96	96	4
2578	0.96	96	4
2579	0.96	96	4
2580	0.96	96	4
2581	0.96	96	4
2582	0.96	96	4
2583	0.96	96	4
2584	0.96	96	4
2585	0.96	96	4
2586	0.96	96	4
2587	0.96	96	4
2588	0.96	96	4
2589	0.96	96	4
2590	0.96	96	4
2591	0.96	96	4
2592	0.96	96	4
2593	0.96	96	4
2594	0.96	96	4
2595	0.96	96	4
2596	0.96	96	4
2597	0.96	96	4
2598	0.96	96	4
2599	0.96	96	4
2600	0.96	96	4
2601	0.96	96	4
2602	0.97	97	3
2603	0.97	97	3
2604	0.97	97	3
2605	0.97	97	3
2606	0.97	97	3
2607	0.97	97	3
2608	0.97	97	3
2609	0.97	97	3
2610	0.97	97	3
2611	0.97	97	3
2612	0.97	97	3
2613	0.97	97	3
2614	0.97	97	3
2615	0.97	97	3
2616	0.97	97	3
2617	0.97	97	3
2618	0.97	97	3
2619	0.97	97	3
2620	0.97	97	3
2621	0.97	97	3
2622	0.97	97	3
2623	0.97	97	3
2624	0.97	97	3
2625	0.97	97	3
2626	0.97	97	3
2627	0.97	97	3
2628	0.97	97	3
2629	0.97	97	3
2630	0.97	97	3
2631	0.97	97	3
2632	0.97	97	3
2633	0.97	97	3
2634	0.97	97	3
2635	0.97	97	3
2636	0.97	97	3
2637	0.97	97	3
2638	0.97	97	3
2639	0.97	97	3
2640	0.97	97	3
2641	0.97	97	3
2642	0.97	97	3
2643	0.97	97	3
2644	0.97	97	3
2645	0.97	97	3
2646	0.97	97	3
2647	0.97	97	3
2648	0.97	97	3
2649	0.97	97	3
2650	0.97	97	3
2651	0.97	97	3
2652	0.97	97	3
2653	0.97	97	3
2654	0.98	98	2
2655	0.98	98	2
2656	0.98	98	2
2657	0.98	98	2
2658	0.98	98	2
2659	0.99	99	1
2660	0.99	99	1
2661	0.99	99	1
2662	0.99	99	1
2663	0.99	99	1
2664	0.99	99	1
2665	0.99	99	1
2666	0.99	99	1
2667	0.99	99	1
2668	0.99	99	1
2669	0.99	99	1
2670	0.99	99	1
2671	0.99	99	1
2672	0.99	99	1
2673	0.99	99	1
2674	0.99	99	1
2675	0.99	99	1
2676	0.99	99	1
2677	0.99	99	1
2678	0.99	99	1
2679	0.99	99	1
2680	0.99	99	1
2681	0.99	99	1
2682	0.99	99	1
2683	0.99	99	1
2684	0.99	99	1
2685	0.99	99	1
2686	0.99	99	1
2687	0.99	99	1
2688	0.99	99	1
2689	0.99	99	1
2690	0.99	99	1
2691	0.99	99	1
2692	0.99	99	1
2693	0.99	99	1
2694	0.99	99	1
2695	0.99	99	1
2696	0.99	99	1
2697	0.99	99	1
2698	0.99	99	1
2699	0.99	99	1
2700	0.99	99	1
2701	0.99	99	1
2702	0.99	99	1
2703	0.99	99	1
2704	0.99	99	1
2705	0.99	99	1
2706	0.99	99	1
2707	0.99	99	1
2708	0.99	99	1
2709	1.00	100	0
2710	1.00	100	0
2711	1.00	100	0
2712	1.00	100	0
2713	1.00	100	0
2714	1.00	100	0
2715	1.00	100	0
2716	1.00	100	0
2717	1.00	100	0
2718	1.00	100	0
2719	1.00	100	0
2720	1.00	100	0
2721	1.00	100	0
2722	1.00	100	0
2723	1.00	100	0
2724	1.00	100	0
2725	1.00	100	0
2726	1.00	100	0
2727	1.00	100	0
2728	1.00	100	0
2729	1.00	100	0
2730	1.00	100	0
2731	1.00	100	0
2732	1.00	100	0
2733	1.00	100	0
2734	1.00	100	0
2735	1.00	100	0
2736	1.00	100	0
2737	1.00	100	0
2738	1.00	100	0
2739	1.00	100	0
2740	1.00	100	0
2741	1.00	100	0
2742	1.00	100	0
2743	1.00	100	0
2744	1.00	100	0
2745	1.00	100	0
2746	1.00	100	0
2747	1.00	100	0
2748	1.00	100	0
2749	1.00	100	0
2750	1.00	100	0
2751	1.00	100	0
2752	1.00	100	0
2753	1.00	100	0
2754	1.00	100	0
2755	1.00	100	0
2756	1.00	100	0
2757	1.00	100	0
2758	1.00	100	0
2759	1.00	100	0
2760	1.00	100	0
2761	1.00	100	0
2762	1.00	100	0
2763	1.00	100	0
2764	1.00	100	0
2765	1.00	100	0
2766	1.00	100	0
2767	1.00	100	0
2768	1.00	100	0
2769	1.00	100	0
2770	1.00	100	0
2771	1.00	100	0
2772	1.00	100	0
2773	1.00	100	0
2774	1.00	100	0
2775	1.00	100	0
2776	1.00	100	0
2777	1.00	100	0
2778	1.00	100	0
2779	1.00	100	0
2780	1.00	100	0
2781	1.00	100	0
2782	1.00	100	0
2783	1.00	100	0
2784	1.00	100	0
2785	1.00	100	0
2786	1.00	100	0
2787	1.00	100	0
2788	0.99	99	1
2789	0.99	99	1
2790	0.99	99	1
2791	0.99	99	1
2792	0.99	99	1
2793	0.99	99	1
2794	0.99	99	1
2795	0.99	99	1
2796	0.99	99	1
2797	0.99	99	1
2798	0.99	99	1
2799	0.99	99	1
2800	0.99	99	1
2801	0.99	99	1
2802	0.99	99	1
2803	0.99	99	1
2804	0.99	99	1
2805	0.99	99	1
2806	0.99	99	1
2807	0.99	99	1
2808	0.99	99	1
2809	0.99	99	1
2810	0.99	99	1
2811	0.99	99	1
2812	0.99	99	1
2813	0.99	99	1
2814	0.99	99	1
2815	0.99	99	1
2816	0.99	99	1
2817	0.99	99	1
2818	0.99	99	1
2819	0.99	99	1
2820	0.99	99	1
2821	0.99	99	1
2822	0.99	99	1
2823	0.99	99	1
2824	0.99	99	1
2825	0.99	99	1
2826	0.99	99	1
2827	0.99	99	1
2828	0.99	99	1
2829	0.99	99	1
2830	0.99	99	1
2831	0.99	99	1
2832	0.99	99	1
2833	0.99	99	1
2834	0.99	99	1
2835	0.99	99	1
2836	0.99	99	1
2837	0.99	99	1
2838	0.98	98	2
2839	0.98	98	2
2840	0.98	98	2
2841	0.98	98	2
2842	0.98	98	2
2843	0.98	98	2
2844	0.98	98	2
2845	0.98	98	2
2846	0.98	98	2
2847	0.98	98	2
2848	0.97	97	3
2849	0.97	97	3
2850	0.97	97	3
2851	0.97	97	3
2852	0.97	97	3
2853	0.97	97	3
2854	0.97	97	3
2855	0.97	97	3
2856	0.97	97	3
2857	0.97	97	3
2858	0.97	97	3
2859	0.97	97	3
2860	0.97	97	3
2861	0.97	97	3
2862	0.97	97	3
2863	0.97	97	3
2864	0.97	97	3
2865	0.97	97	3
2866	0.97	97	3
2867	0.97	97	3
2868	0.96	96	4
2869	0.96	96	4
2870	0.96	96	4
2871	0.96	96	4
2872	0.96	96	4
2873	0.96	96	4
2874	0.96	96	4
2875	0.96	96	4
2876	0.96	96	4
2877	0.96	96	4
2878	0.96	96	4
2879	0.96	96	4
2880	0.96	96	4
2881	0.95	95	5
2882	0.95	95	5
2883	0.95	95	5
2884	0.95	95	5
2885	0.95	95	5
2886	0.95	95	5
2887	0.95	95	5
2888	0.96	96	4
2889	0.96	96	4
2890	0.96	96	4
2891	0.96	96	4
2892	0.96	96	4
2893	0.96	96	4
2894	0.96	96	4
2895	0.96	96	4
2896	0.96	96	4
2897	0.96	96	4
2898	0.96	96	4
2899	0.96	96	4
2900	0.96	96	4
2901	0.95	95	5
2902	0.95	95	5
2903	0.95	95	5
2904	0.95	95	5
2905	0.95	95	5
2906	0.95	95	5
2907	0.95	95	5
2908	0.95	95	5
2909	0.95	95	5
2910	0.95	95	5
2911	0.95	95	5
2912	0.95	95	5
2913	0.95	95	5
2914	0.95	95	5
2915	0.94	94	6
2916	0.93	93	7
2917	0.93	93	7
2918	0.93	93	7
2919	0.93	93	7
2920	0.93	93	7
2921	0.93	93	7
2922	0.93	93	7
2923	0.93	93	7
2924	0.93	93	7
2925	0.93	93	7
2926	0.93	93	7
2927	0.93	93	7
2928	0.93	93	7
2929	0.93	93	7
2930	0.93	93	7
2931	0.93	93	7
2932	0.93	93	7
2933	0.93	93	7
2934	0.93	93	7
2935	0.93	93	7
2936	0.93	93	7
2937	0.93	93	7
2938	0.94	94	6
2939	0.94	94	6
2940	0.94	94	6
2941	0.94	94	6
2942	0.94	94	6
2943	0.94	94	6
2944	0.94	94	6
2945	0.94	94	6
2946	0.94	94	6
2947	0.94	94	6
2948	0.95	95	5
2949	0.95	95	5
2950	0.95	95	5
2951	0.95	95	5
2952	0.95	95	5
2953	0.95	95	5
2954	0.95	95	5
2955	0.95	95	5
2956	0.95	95	5
2957	0.95	95	5
2958	0.95	95	5
2959	0.95	95	5
2960	0.95	95	5
2961	0.95	95	5
2962	0.95	95	5
2963	0.95	95	5
2964	0.95	95	5
2965	0.95	95	5
2966	0.95	95	5
2967	0.95	95	5
2968	0.96	96	4
2969	0.96	96	4
2970	0.96	96	4
2971	0.96	96	4
2972	0.96	96	4
2973	0.96	96	4
2974	0.96	96	4
2975	0.96	96	4
2976	0.96	96	4
2977	0.95	95	5
2978	0.94	94	6
2979	0.94	94	6
2980	0.94	94	6
2981	0.95	95	5
2982	0.95	95	5
2983	0.95	95	5
2984	0.95	95	5
2985	0.95	95	5
2986	0.95	95	5
2987	0.95	95	5
2988	0.95	95	5
2989	0.95	95	5
2990	0.95	95	5
2991	0.95	95	5
2992	0.95	95	5
2993	0.94	94	6
2994	0.94	94	6
2995	0.94	94	6
2996	0.94	94	6
2997	0.94	94	6
2998	0.94	94	6
2999	0.94	94	6
3000	0.07	93	7
3001	0.07	93	7
3002	0.07	93	7
3003	0.07	93	7
3004	0.08	92	8
3005	0.09	91	9
3006	0.10	90	10
3007	0.11	89	11
3008	0.12	88	12
3009	0.13	87	13
3010	0.14	86	14
3011	0.15	85	15
3012	0.16	84	16
3013	0.17	83	17
3014	0.18	82	18
3015	0.18	82	18
3016	0.18	82	18
3017	0.19	81	19
3018	0.20	80	20
3019	0.21	79	21
3020	0.22	78	22
3021	0.23	77	23
3022	0.23	77	23
3023	0.24	76	24
3024	0.25	75	25
3025	0.25	75	25
3026	0.26	74	26
3027	0.26	74	26
3028	0.27	73	27
3029	0.28	72	28
3030	0.29	71	29
3031	0.30	70	30
3032	0.30	70	30
3033	0.31	69	31
3034	0.32	68	32
3035	0.33	67	33
3036	0.34	66	34
3037	0.35	65	35
3038	0.36	64	36
3039	0.37	63	37
3040	0.38	62	38
3041	0.39	61	39
3042	0.39	61	39
3043	0.40	60	40
3044	0.41	59	41
3045	0.42	58	42
3046	0.43	57	43
3047	0.44	56	44
3048	0.45	55	45
3049	0.46	54	46
3050	0.47	53	47
3051	0.48	52	48
3052	0.49	51	49
3053	0.50	50	50
3054	0.51	49	51
3055	0.52	48	52
3056	0.53	47	53
3057	0.54	46	54
3058	0.55	45	55
3059	0.56	44	56
3060	0.57	43	57
3061	0.58	42	58
3062	0.59	41	59
3063	0.60	40	60
3064	0.61	39	61
3065	0.62	38	62
3066	0.63	37	63
3067	0.64	36	64
3068	0.65	35	65
3069	0.66	34	66
3070	0.67	33	67
3071	0.68	32	68
3072	0.69	31	69
3073	0.70	30	70
3074	0.71	29	71
3075	0.71	29	71
3076	0.72	28	72
3077	0.72	28	72
3078	0.72	28	72
3079	0.73	27	73
3080	0.73	27	73
3081	0.74	26	74
3082	0.75	25	75
3083	0.76	24	76
3084	0.77	23	77
3085	0.78	22	78
3086	0.79	21	79
3087	0.80	20	80
3088	0.81	19	81
3089	0.82	18	82
3090	0.83	17	83
3091	0.84	16	84
3092	0.85	15	85
3093	0.85	15	85
3094	0.86	14	86
3095	0.87	13	87
3096	0.88	12	88
3097	0.89	11	89
3098	0.90	10	90
3099	0.91	9	91
3100	0.91	9	91
3101	0.91	9	91
3102	0.92	8	92
3103	0.93	7	93
3104	0.93	7	93
3105	0.93	7	93
3106	0.93	7	93
3107	0.93	7	93
3108	0.93	7	93
3109	0.93	7	93
3110	0.93	7	93
3111	0.93	7	93
3112	0.93	7	93
3113	0.93	7	93
3114	0.93	7	93
3115	0.93	7	93
3116	0.93	7	93
3117	0.93	7	93
3118	0.93	7	93
3119	0.93	7	93
3120	0.93	7	93
3121	0.93	7	93
3122	0.94	6	94
3123	0.94	6	94
3124	0.94	6	94
3125	0.95	5	95
3126	0.95	5	95
3127	0.96	4	96
3128	0.96	4	96
3129	0.96	4	96
3130	0.96	4	96
3131	0.96	4	96
3132	0.97	3	97
3133	0.97	3	97
3134	0.97	3	97
3135	0.97	3	97
3136	0.97	3	97
3137	0.97	3	97
3138	0.97	3	97
3139	0.97	3	97
3140	0.97	3	97
3141	0.97	3	97
3142	0.98	2	98
3143	0.98	2	98
3144	0.98	2	98
3145	0.98	2	98
3146	0.98	2	98
3147	0.98	2	98
3148	0.98	2	98
3149	0.98	2	98
3150	0.98	2	98
3151	0.98	2	98
3152	0.98	2	98
3153	0.98	2	98
3154	0.98	2	98
3155	0.98	2	98
3156	0.98	2	98
3157	0.98	2	98
3158	0.98	2	98
3159	0.98	2	98
3160	0.98	2	98
3161	0.98	2	98
3162	0.98	2	98
3163	0.98	2	98
3164	0.98	2	98
3165	0.98	2	98
3166	0.98	2	98
3167	0.98	2	98
3168	0.98	2	98
3169	0.98	2	98
3170	0.98	2	98
3171	0.98	2	98
3172	0.98	2	98
3173	0.98	2	98
3174	0.98	2	98
3175	0.99	1	99
3176	0.99	1	99
3177	0.99	1	99
3178	0.99	1	99
3179	0.99	1	99
3180	1.00	0	100
3181	1.00	0	100
3182	1.00	0	100
3183	1.00	0	100
3184	1.00	0	100
3185	1.00	0	100
3186	1.00	0	100
3187	1.00	0	100
3188	1.00	0	100
3189	1.00	0	100
3190	1.00	0	100
3191	1.00	0	100
3192	1.00	0	100
3193	1.00	0	100
3194	1.00	0	100
3195	1.00	0	100
3196	1.00	0	100
3197	1.00	0	100
3198	1.00	0	100
3199	1.00	0	100
3200	1.00	0	100
3201	1.00	0	100
3202	1.00	0	100
3203	1.00	0	100
3204	1.00	0	100
3205	1.00	0	100
3206	1.00	0	100
3207	1.00	0	100
3208	1.00	0	100
3209	1.00	0	100
3210	1.00	0	100
3211	1.00	0	100
3212	1.00	0	100
3213	1.00	0	100
3214	1.00	0	100
3215	1.00	0	100
3216	1.00	0	100
3217	1.00	0	100
3218	1.00	0	100
3219	1.00	0	100
3220	1.00	0	100
3221	1.00	0	100
3222	1.00	0	100
3223	1.00	0	100
3224	1.00	0	100
3225	1.00	0	100
3226	1.00	0	100
3227	1.00	0	100
3228	1.00	0	100
3229	1.00	0	100
3230	1.00	0	100
3231	1.00	0	100
3232	1.00	0	100
3233	1.00	0	100
3234	1.00	0	100
3235	1.00	0	100
3236	1.00	0	100
3237	1.00	0	100
3238	1.00	0	100
3239	1.00	0	100
3240	1.00	0	100
3241	1.00	0	100
3242	1.00	0	100
3243	1.00	0	100
3244	1.00	0	100
3245	1.00	0	100
3246	1.00	0	100
3247	1.00	0	100
3248	1.00	0	100
3249	1.00	0	100
3250	1.00	0	100
3251	1.00	0	100
3252	1.00	0	100
3253	1.00	0	100
3254	1.00	0	100
3255	1.00	0	100
3256	1.00	0	100
3257	1.00	0	100
3258	1.00	0	100
3259	1.00	0	100
3260	1.00	0	100
3261	1.00	0	100
3262	1.00	0	100
3263	1.00	0	100
3264	1.00	0	100
3265	1.00	0	100
3266	1.00	0	100
3267	1.00	0	100
3268	1.00	0	100
3269	1.00	0	100
3270	1.00	0	100
3271	1.00	0	100
3272	1.00	0	100
3273	1.00	0	100
3274	1.00	0	100
3275	1.00	0	100
3276	1.00	0	100
3277	1.00	0	100
3278	1.00	0	100
3279	1.00	0	100
3280	0.99	1	99
3281	0.99	1	99
3282	0.99	1	99
3283	0.99	1	99
3284	0.99	1	99
3285	0.99	1	99
3286	0.99	1	99
3287	0.99	1	99
3288	0.99	1	99
3289	0.99	1	99
3290	0.99	1	99
3291	0.99	1	99
3292	0.99	1	99
3293	0.98	2	98
3294	0.98	2	98
3295	0.98	2	98
3296	0.98	2	98
3297	0.98	2	98
3298	0.98	2	98
3299	0.98	2	98
3300	0.98	2	98
3301	0.98	2	98
3302	0.98	2	98
3303	0.98	2	98
3304	0.98	2	98
3305	0.98	2	98
3306	0.98	2	98
3307	0.98	2	98
3308	0.98	2	98
3309	0.98	2	98
3310	0.98	2	98
3311	0.98	2	98
3312	0.98	2	98
3313	0.98	2	98
3314	0.98	2	98
3315	0.98	2	98
3316	0.98	2	98
3317	0.98	2	98
3318	0.98	2	98
3319	0.98	2	98
3320	0.98	2	98
3321	0.98	2	98
3322	0.98	2	98
3323	0.98	2	98
3324	0.98	2	98
3325	0.98	2	98
3326	0.98	2	98
3327	0.98	2	98
3328	0.98	2	98
3329	0.98	2	98
3330	0.98	2	98
3331	0.98	2	98
3332	0.98	2	98
3333	0.97	3	97
3334	0.97	3	97
3335	0.97	3	97
3336	0.97	3	97
3337	0.97	3	97
3338	0.97	3	97
3339	0.97	3	97
3340	0.97	3	97
3341	0.97	3	97
3342	0.97	3	97
3343	0.97	3	97
3344	0.97	3	97
3345	0.97	3	97
3346	0.97	3	97
3347	0.97	3	97
3348	0.97	3	97
3349	0.97	3	97
3350	0.97	3	97
3351	0.97	3	97
3352	0.97	3	97
3353	0.96	4	96
3354	0.96	4	96
3355	0.96	4	96
3356	0.96	4	96
3357	0.96	4	96
3358	0.96	4	96
3359	0.96	4	96
3360	0.96	4	96
3361	0.96	4	96
3362	0.96	4	96
3363	0.96	4	96
3364	0.96	4	96
3365	0.96	4	96
3366	0.96	4	96
3367	0.96	4	96
3368	0.96	4	96
3369	0.96	4	96
3370	0.96	4	96
3371	0.96	4	96
3372	0.96	4	96
3373	0.96	4	96
3374	0.96	4	96
3375	0.96	4	96
3376	0.96	4	96
3377	0.96	4	96
3378	0.96	4	96
3379	0.96	4	96
3380	0.97	3	97
3381	0.97	3	97
3382	0.97	3	97
3383	0.97	3	97
3384	0.97	3	97
3385	0.97	3	97
3386	0.97	3	97
3387	0.97	3	97
3388	0.97	3	97
3389	0.97	3	97
3390	0.97	3	97
3391	0.97	3	97
3392	0.97	3	97
3393	0.98	2	98
3394	0.98	2	98
3395	0.98	2	98
3396	0.98	2	98
3397	0.98	2	98
3398	0.98	2	98
3399	0.98	2	98
3400	0.98	2	98
3401	0.98	2	98
3402	0.98	2	98
3403	0.98	2	98
3404	0.98	2	98
3405	0.98	2	98
3406	0.98	2	98
3407	0.97	3	97
3408	0.97	3	97
3409	0.97	3	97
3410	0.97	3	97
3411	0.97	3	97
3412	0.97	3	97
3413	0.97	3	97
3414	0.97	3	97
3415	0.97	3	97
3416	0.97	3	97
3417	0.97	3	97
3418	0.97	3	97
3419	0.97	3	97
3420	0.97	3	97
3421	0.97	3	97
3422	0.97	3	97
3423	0.97	3	97
3424	0.97	3	97
3425	0.97	3	97
3426	0.97	3	97
3427	0.97	3	97
3428	0.97	3	97
3429	0.97	3	97
3430	0.97	3	97
3431	0.97	3	97
3432	0.97	3	97
3433	0.98	2	98
3434	0.98	2	98
3435	0.98	2	98
3436	0.98	2	98
3437	0.98	2	98
3438	0.98	2	98
3439	0.98	2	98
3440	0.98	2	98
3441	0.98	2	98
3442	0.98	2	98
3443	0.98	2	98
3444	0.98	2	98
3445	0.98	2	98
3446	0.98	2	98
3447	0.98	2	98
3448	0.98	2	98
3449	0.98	2	98
3450	0.98	2	98
3451	0.98	2	98
3452	0.98	2	98
3453	0.99	1	99
3454	0.99	1	99
3455	0.99	1	99
3456	0.99	1	99
3457	0.99	1	99
3458	0.99	1	99
3459	0.99	1	99
3460	0.99	1	99
3461	0.99	1	99
3462	0.99	1	99
3463	0.98	2	98
3464	0.98	2	98
3465	0.98	2	98
3466	0.98	2	98
3467	0.98	2	98
3468	0.98	2	98
3469	0.98	2	98
3470	0.98	2	98
3471	0.97	3	97
3472	0.97	3	97
3473	0.97	3	97
3474	0.97	3	97
3475	0.97	3	97
3476	0.97	3	97
3477	0.97	3	97
3478	0.97	3	97
3479	0.97	3	97
3480	0.97	3	97
3481	0.97	3	97
3482	0.97	3	97
3483	0.97	3	97
3484	0.97	3	97
3485	0.97	3	97
3486	0.96	4	96
3487	0.96	4	96
3488	0.96	4	96
3489	0.96	4	96
3490	0.96	4	96
3491	0.96	4	96
3492	0.96	4	96
3493	0.96	4	96
3494	0.96	4	96
3495	0.96	4	96
3496	0.96	4	96
3497	0.96	4	96
3498	0.96	4	96
3499	0.96	4	96
3500	0.96	4	96
3501	0.96	4	96
3502	0.96	4	96
3503	0.96	4	96
3504	0.96	4	96
3505	0.96	4	96
3506	0.96	4	96
3507	0.97	3	97
3508	0.97	3	97
3509	0.97	3	97
3510	0.97	3	97
3511	0.97	3	97
3512	0.97	3	97
3513	0.97	3	97
3514	0.97	3	97
3515	0.97	3	97
3516	0.97	3	97
3517	0.97	3	97
3518	0.97	3	97
3519	0.97	3	97
3520	0.97	3	97
3521	0.97	3	97
3522	0.97	3	97
3523	0.97	3	97
3524	0.97	3	97
3525	0.97	3	97
3526	0.96	4	96
3527	0.96	4	96
3528	0.96	4	96
3529	0.96	4	96
3530	0.96	4	96
3531	0.96	4	96
3532	0.96	4	96
3533	0.96	4	96
3534	0.96	4	96
3535	0.96	4	96
3536	0.96	4	96
3537	0.96	4	96
3538	0.96	4	96
3539	0.96	4	96
3540	0.96	4	96
3541	0.96	4	96
3542	0.96	4	96
3543	0.96	4	96
3544	0.96	4	96
3545	0.95	5	95
3546	0.95	5	95
3547	0.95	5	95
3548	0.95	5	95
3549	0.95	5	95
3550	0.95	5	95
3551	0.95	5	95
3552	0.95	5	95
3553	0.95	5	95
3554	0.95	5	95
3555	0.95	5	95
3556	0.95	5	95
3557	0.95	5	95
3558	0.95	5	95
3559	0.95	5	95
3560	0.95	5	95
3561	0.95	5	95
3562	0.95	5	95
3563	0.96	4	96
3564	0.96	4	96
3565	0.96	4	96
3566	0.96	4	96
3567	0.96	4	96
3568	0.96	4	96
3569	0.96	4	96
3570	0.96	4	96
3571	0.96	4	96
3572	0.96	4	96
3573	0.96	4	96
3574	0.96	4	96
3575	0.96	4	96
3576	0.96	4	96
3577	0.96	4	96
3578	0.96	4	96
3579	0.96	4	96
3580	0.96	4	96
3581	0.96	4	96
3582	0.96	4	96
3583	0.96	4	96
3584	0.96	4	96
3585	0.96	4	96
3586	0.97	3	97
3587	0.97	3	97
3588	0.97	3	97
3589	0.97	3	97
3590	0.97	3	97
3591	0.97	3	97
3592	0.97	3	97
3593	0.97	3	97
3594	0.97	3	97
3595	0.97	3	97
3596	0.97	3	97
3597	0.97	3	97
3598	0.97	3	97
3599	0.97	3	97
3600	0.97	3	97
3601	0.97	3	97
3602	0.97	3	97
3603	0.97	3	97
3604	0.97	3	97
3605	0.97	3	97
3606	0.97	3	97
3607	0.97	3	97
3608	0.97	3	97
3609	0.97	3	97
3610	0.97	3	97
3611	0.97	3	97
3612	0.97	3	97
3613	0.97	3	97
3614	0.97	3	97
3615	0.97	3	97
3616	0.97	3	97
3617	0.97	3	97
3618	0.97	3	97
3619	0.97	3	97
3620	0.97	3	97
3621	0.97	3	97
3622	0.97	3	97
3623	0.97	3	97
3624	0.97	3	97
3625	0.96	4	96
3626	0.97	3	97
3627	0.97	3	97
3628	0.97	3	97
3629	0.97	3	97
3630	0.97	3	97
3631	0.97	3	97
3632	0.97	3	97
3633	0.97	3	97
3634	0.97	3	97
3635	0.97	3	97
3636	0.97	3	97
3637	0.97	3	97
3638	0.97	3	97
3639	0.97	3	97
3640	0.97	3	97
3641	0.97	3	97
3642	0.97	3	97
3643	0.97	3	97
3644	0.96	4	96
3645	0.97	3	97
3646	0.97	3	97
3647	0.97	3	97
3648	0.96	4	96
3649	0.96	4	96
3650	0.96	4	96
3651	0.96	4	96
3652	0.96	4	96
3653	0.96	4	96
3654	0.96	4	96
3655	0.96	4	96
3656	0.96	4	96
3657	0.96	4	96
3658	0.96	4	96
3659	0.96	4	96
3660	0.96	4	96
3661	0.96	4	96
3662	0.96	4	96
3663	0.96	4	96
3664	0.95	5	95
3665	0.95	5	95
3666	0.95	5	95
3667	0.95	5	95
3668	0.95	5	95
3669	0.95	5	95
3670	0.95	5	95
3671	0.96	4	96
3672	0.96	4	96
3673	0.96	4	96
3674	0.96	4	96
3675	0.96	4	96
3676	0.96	4	96
3677	0.96	4	96
3678	0.95	5	95
3679	0.94	6	94
3680	0.94	6	94
3681	0.94	6	94
3682	0.94	6	94
3683	0.94	6	94
3684	0.94	6	94
3685	0.94	6	94
3686	0.94	6	94
3687	0.94	6	94
3688	0.94	6	94
3689	0.94	6	94
3690	0.94	6	94
3691	0.94	6	94
3692	0.93	7	93
3693	0.93	7	93
3694	0.93	7	93
3695	0.93	7	93
3696	0.93	7	93
3697	0.93	7	93
3698	0.93	7	93
3699	0.93	7	93
3700	0.93	7	93
3701	0.92	8	92
3702	0.92	8	92
3703	0.91	9	91
3704	0.91	9	91
3705	0.91	9	91
3706	0.91	9	91
3707	0.91	9	91
3708	0.91	9	91
3709	0.91	9	91
3710	0.91	9	91
3711	0.91	9	91
3712	0.91	9	91
3713	0.91	9	91
3714	0.91	9	91
3715	0.91	9	91
3716	0.91	9	91
3717	0.91	9	91
3718	0.91	9	91
3719	0.91	9	91
3720	0.90	10	90
3721	0.90	10	90
3722	0.90	10	90
3723	0.89	11	89
3724	0.89	11	89
3725	0.90	10	90
3726	0.89	11	89
3727	0.88	12	88
3728	0.88	12	88
3729	0.88	12	88
3730	0.88	12	88
3731	0.88	12	88
3732	0.88	12	88
3733	0.88	12	88
3734	0.88	12	88
3735	0.88	12	88
3736	0.88	12	88
3737	0.88	12	88
3738	0.88	12	88
3739	0.88	12	88
3740	0.88	12	88
3741	0.88	12	88
3742	0.88	12	88
3743	0.88	12	88
3744	0.89	11	89
3745	0.89	11	89
3746	0.89	11	89
3747	0.89	11	89
3748	0.90	10	90
3749	0.90	10	90
3750	0.90	10	90
3751	0.90	10	90
3752	0.90	10	90
3753	0.90	10	90
3754	0.90	10	90
3755	0.90	10	90
3756	0.90	10	90
3757	0.90	10	90
3758	0.90	10	90
3759	0.90	10	90
3760	0.90	10	90
3761	0.90	10	90
3762	0.90	10	90
3763	0.90	10	90
3764	0.91	9	91
3765	0.91	9	91
3766	0.91	9	91
3767	0.91	9	91
3768	0.91	9	91
3769	0.91	9	91
3770	0.91	9	91
3771	0.91	9	91
3772	0.91	9	91
3773	0.91	9	91
3774	0.91	9	91
3775	0.91	9	91
3776	0.91	9	91
3777	0.91	9	91
3778	0.92	8	92
3779	0.93	7	93
3780	0.93	7	93
3781	0.93	7	93
3782	0.93	7	93
3783	0.93	7	93
3784	0.93	7	93
3785	0.93	7	93
3786	0.93	7	93
3787	0.93	7	93
3788	0.93	7	93
3789	0.93	7	93
3790	0.93	7	93
3791	0.93	7	93
3792	0.94	6	94
3793	0.94	6	94
3794	0.93	7	93
3795	0.93	7	93
3796	0.93	7	93
3797	0.93	7	93
3798	0.93	7	93
3799	0.93	7	93
3800	0.93	7	93
3801	0.94	6	94
3802	0.94	6	94
3803	0.95	5	95
3804	0.95	5	95
3805	0.95	5	95
3806	0.95	5	95
3807	0.95	5	95
3808	0.95	5	95
3809	0.95	5	95
3810	0.95	5	95
3811	0.95	5	95
3812	0.95	5	95
3813	0.95	5	95
3814	0.95	5	95
3815	0.95	5	95
3816	0.95	5	95
3817	0.95	5	95
3818	0.95	5	95
3819	0.95	5	95
3820	0.96	4	96
3821	0.96	4	96
3822	0.96	4	96
3823	0.97	3	97
3824	0.97	3	97
3825	0.97	3	97
3826	0.98	2	98
3827	0.99	1	99
3828	0.99	1	99
3829	0.99	1	99
3830	0.99	1	99
3831	0.99	1	99
3832	0.99	1	99
3833	0.99	1	99
3834	0.99	1	99
3835	0.99	1	99
3836	0.99	1	99
3837	0.99	1	99
3838	0.99	1	99
3839	0.99	1	99
3840	0.99	1	99
3841	0.99	1	99
3842	0.99	1	99
3843	0.99	1	99
3844	0.99	1	99
3845	0.99	1	99
3846	0.99	1	99
3847	0.99	1	99
3848	0.99	1	99
3849	0.99	1	99
3850	0.99	1	99
3851	0.99	1	99
3852	0.99	1	99
3853	0.99	1	99
3854	0.99	1	99
3855	0.99	1	99
3856	0.99	1	99
3857	0.99	1	99
3858	0.99	1	99
3859	0.99	1	99
3860	0.99	1	99
3861	0.99	1	99
3862	0.99	1	99
3863	0.99	1	99
3864	0.99	1	99
3865	0.99	1	99
3866	0.99	1	99
3867	0.99	1	99
3868	0.99	1	99
3869	0.99	1	99
3870	0.99	1	99
3871	0.99	1	99
3872	0.99	1	99
3873	0.99	1	99
3874	0.99	1	99
3875	0.99	1	99
3876	0.98	2	98
3877	0.98	2	98
3878	0.98	2	98
3879	0.98	2	98
3880	0.98	2	98
3881	0.98	2	98
3882	0.98	2	98
3883	0.98	2	98
3884	0.98	2	98
3885	0.98	2	98
3886	0.98	2	98
3887	0.98	2	98
3888	0.98	2	98
3889	0.98	2	98
3890	0.98	2	98
3891	0.98	2	98
3892	0.98	2	98
3893	0.98	2	98
3894	0.99	1	99
3895	0.99	1	99
3896	0.99	1	99
3897	0.99	1	99
3898	0.99	1	99
3899	0.99	1	99
3900	0.99	1	99
3901	0.99	1	99
3902	0.99	1	99
3903	0.99	1	99
3904	0.99	1	99
3905	0.99	1	99
3906	0.99	1	99
3907	0.99	1	99
3908	0.99	1	99
3909	0.99	1	99
3910	0.99	1	99
3911	0.99	1	99
3912	0.99	1	99
3913	0.99	1	99
3914	0.99	1	99
3915	0.99	1	99
3916	0.99	1	99
3917	0.99	1	99
3918	0.99	1	99
3919	0.99	1	99
3920	0.99	1	99
3921	0.99	1	99
3922	0.99	1	99
3923	0.99	1	99
3924	0.99	1	99
3925	0.99	1	99
3926	0.99	1	99
3927	0.99	1	99
3928	0.99	1	99
3929	0.99	1	99
3930	0.99	1	99
3931	0.99	1	99
3932	0.99	1	99
3933	0.99	1	99
3934	0.99	1	99
3935	0.99	1	99
3936	0.99	1	99
3937	0.98	2	98
3938	0.98	2	98
3939	0.98	2	98
3940	0.98	2	98
3941	0.98	2	98
3942	0.98	2	98
3943	0.98	2	98
3944	0.98	2	98
3945	0.98	2	98
3946	0.98	2	98
3947	0.98	2	98
3948	0.98	2	98
3949	0.98	2	98
3950	0.98	2	98
3951	0.98	2	98
3952	0.98	2	98
3953	0.98	2	98
3954	0.98	2	98
3955	0.98	2	98
3956	0.98	2	98
3957	0.98	2	98
3958	0.98	2	98
3959	0.98	2	98
3960	0.98	2	98
3961	0.98	2	98
3962	0.98	2	98
3963	0.98	2	98
3964	0.98	2	98
3965	0.98	2	98
3966	0.98	2	98
3967	0.97	3	97
3968	0.97	3	97
3969	0.97	3	97
3970	0.96	4	96
3971	0.96	4	96
3972	0.96	4	96
3973	0.96	4	96
3974	0.96	4	96
3975	0.95	5	95
3976	0.96	4	96
3977	0.96	4	96
3978	0.96	4	96
3979	0.96	4	96
3980	0.96	4	96
3981	0.96	4	96
3982	0.96	4	96
3983	0.96	4	96
3984	0.96	4	96
3985	0.96	4	96
3986	0.96	4	96
3987	0.96	4	96
3988	0.96	4	96
3989	0.96	4	96
3990	0.96	4	96
3991	0.96	4	96
3992	0.96	4	96
3993	0.96	4	96
3994	0.96	4	96
3995	0.96	4	96
3996	0.96	4	96
3997	0.95	5	95
3998	0.95	5	95
3999	0.95	5	95
4000	0.06	6	94
4001	0.07	7	93
4002	0.07	7	93
4003	0.08	8	92
4004	0.09	9	91
4005	0.10	10	90
4006	0.10	10	90
4007	0.11	11	89
4008	0.12	12	88
4009	0.13	13	87
4010	0.14	14	86
4011	0.15	15	85
4012	0.16	16	84
4013	0.16	16	84
4014	0.17	17	83
4015	0.17	17	83
4016	0.17	17	83
4017	0.18	18	82
4018	0.19	19	81
4019	0.20	20	80
4020	0.20	20	80
4021	0.21	21	79
4022	0.22	22	78
4023	0.23	23	77
4024	0.24	24	76
4025	0.25	25	75
4026	0.25	25	75
4027	0.26	26	74
4028	0.27	27	73
4029	0.28	28	72
4030	0.29	29	71
4031	0.29	29	71
4032	0.30	30	70
4033	0.31	31	69
4034	0.32	32	68
4035	0.33	33	67
4036	0.34	34	66
4037	0.34	34	66
4038	0.35	35	65
4039	0.36	36	64
4040	0.37	37	63
4041	0.38	38	62
4042	0.39	39	61
4043	0.40	40	60
4044	0.41	41	59
4045	0.42	42	58
4046	0.43	43	57
4047	0.44	44	56
4048	0.45	45	55
4049	0.46	46	54
4050	0.47	47	53
4051	0.48	48	52
4052	0.49	49	51
4053	0.49	49	51
4054	0.50	50	50
4055	0.51	51	49
4056	0.52	52	48
4057	0.53	53	47
4058	0.54	54	46
4059	0.55	55	45
4060	0.56	56	44
4061	0.56	56	44
4062	0.57	57	43
4063	0.58	58	42
4064	0.59	59	41
4065	0.60	60	40
4066	0.61	61	39
4067	0.61	61	39
4068	0.62	62	38
4069	0.63	63	37
4070	0.63	63	37
4071	0.64	64	36
4072	0.65	65	35
4073	0.66	66	34
4074	0.67	67	33
4075	0.67	67	33
4076	0.68	68	32
4077	0.69	69	31
4078	0.70	70	30
4079	0.71	71	29
4080	0.72	72	28
4081	0.73	73	27
4082	0.74	74	26
4083	0.75	75	25
4084	0.76	76	24
4085	0.77	77	23
4086	0.78	78	22
4087	0.79	79	21
4088	0.80	80	20
4089	0.81	81	19
4090	0.82	82	18
4091	0.83	83	17
4092	0.84	84	16
4093	0.85	85	15
4094	0.86	86	14
4095	0.87	87	13
4096	0.88	88	12
4097	0.88	88	12
4098	0.89	89	11
4099	0.90	90	10
4100	0.90	90	10
4101	0.90	90	10
4102	0.91	91	9
4103	0.91	91	9
4104	0.91	91	9
4105	0.91	91	9
4106	0.92	92	8
4107	0.92	92	8
4108	0.92	92	8
4109	0.92	92	8
4110	0.92	92	8
4111	0.91	91	9
4112	0.91	91	9
4113	0.92	92	8
4114	0.92	92	8
4115	0.93	93	7
4116	0.94	94	6
4117	0.94	94	6
4118	0.94	94	6
4119	0.94	94	6
4120	0.95	95	5
4121	0.95	95	5
4122	0.95	95	5
4123	0.95	95	5
4124	0.95	95	5
4125	0.94	94	6
4126	0.95	95	5
4127	0.95	95	5
4128	0.95	95	5
4129	0.95	95	5
4130	0.95	95	5
4131	0.96	96	4
4132	0.96	96	4
4133	0.96	96	4
4134	0.96	96	4
4135	0.95	95	5
4136	0.95	95	5
4137	0.95	95	5
4138	0.95	95	5
4139	0.95	95	5
4140	0.95	95	5
4141	0.95	95	5
4142	0.95	95	5
4143	0.95	95	5
4144	0.95	95	5
4145	0.95	95	5
4146	0.95	95	5
4147	0.95	95	5
4148	0.95	95	5
4149	0.95	95	5
4150	0.95	95	5
4151	0.95	95	5
4152	0.95	95	5
4153	0.96	96	4
4154	0.96	96	4
4155	0.96	96	4
4156	0.96	96	4
4157	0.96	96	4
4158	0.96	96	4
4159	0.96	96	4
4160	0.96	96	4
4161	0.97	97	3
4162	0.97	97	3
4163	0.97	97	3
4164	0.97	97	3
4165	0.97	97	3
4166	0.97	97	3
4167	0.97	97	3
4168	0.97	97	3
4169	0.96	96	4
4170	0.96	96	4
4171	0.96	96	4
4172	0.96	96	4
4173	0.96	96	4
4174	0.96	96	4
4175	0.96	96	4
4176	0.96	96	4
4177	0.96	96	4
4178	0.96	96	4
4179	0.96	96	4
4180	0.96	96	4
4181	0.96	96	4
4182	0.96	96	4
4183	0.96	96	4
4184	0.96	96	4
4185	0.96	96	4
4186	0.96	96	4
4187	0.96	96	4
4188	0.96	96	4
4189	0.96	96	4
4190	0.96	96	4
4191	0.96	96	4
4192	0.96	96	4
4193	0.96	96	4
4194	0.96	96	4
4195	0.96	96	4
4196	0.96	96	4
4197	0.96	96	4
4198	0.96	96	4
4199	0.95	95	5
4200	0.95	95	5
4201	0.95	95	5
4202	0.95	95	5
4203	0.95	95	5
4204	0.95	95	5
4205	0.95	95	5
4206	0.95	95	5
4207	0.95	95	5
4208	0.95	95	5
4209	0.95	95	5
4210	0.95	95	5
4211	0.96	96	4
4212	0.96	96	4
4213	0.96	96	4
4214	0.96	96	4
4215	0.96	96	4
4216	0.96	96	4
4217	0.96	96	4
4218	0.96	96	4
4219	0.96	96	4
4220	0.96	96	4
4221	0.96	96	4
4222	0.96	96	4
4223	0.96	96	4
4224	0.95	95	5
4225	0.96	96	4
4226	0.96	96	4
4227	0.95	95	5
4228	0.95	95	5
4229	0.95	95	5
4230	0.95	95	5
4231	0.95	95	5
4232	0.94	94	6
4233	0.94	94	6
4234	0.94	94	6
4235	0.95	95	5
4236	0.95	95	5
4237	0.95	95	5
4238	0.95	95	5
4239	0.95	95	5
4240	0.95	95	5
4241	0.95	95	5
4242	0.95	95	5
4243	0.95	95	5
4244	0.95	95	5
4245	0.95	95	5
4246	0.95	95	5
4247	0.95	95	5
4248	0.95	95	5
4249	0.95	95	5
4250	0.95	95	5
4251	0.95	95	5
4252	0.95	95	5
4253	0.95	95	5
4254	0.95	95	5
4255	0.95	95	5
4256	0.95	95	5
4257	0.95	95	5
4258	0.95	95	5
4259	0.95	95	5
4260	0.95	95	5
4261	0.95	95	5
4262	0.95	95	5
4263	0.95	95	5
4264	0.95	95	5
4265	0.95	95	5
4266	0.95	95	5
4267	0.95	95	5
4268	0.95	95	5
4269	0.96	96	4
4270	0.96	96	4
4271	0.96	96	4
4272	0.96	96	4
4273	0.95	95	5
4274	0.95	95	5
4275	0.95	95	5
4276	0.95	95	5
4277	0.95	95	5
4278	0.95	95	5
4279	0.95	95	5
4280	0.95	95	5
4281	0.95	95	5
4282	0.95	95	5
4283	0.95	95	5
4284	0.95	95	5
4285	0.95	95	5
4286	0.95	95	5
4287	0.95	95	5
4288	0.95	95	5
4289	0.95	95	5
4290	0.95	95	5
4291	0.95	95	5
4292	0.95	95	5
4293	0.95	95	5
4294	0.95	95	5
4295	0.95	95	5
4296	0.95	95	5
4297	0.95	95	5
4298	0.95	95	5
4299	0.95	95	5
4300	0.95	95	5
4301	0.95	95	5
4302	0.95	95	5
4303	0.95	95	5
4304	0.95	95	5
4305	0.95	95	5
4306	0.95	95	5
4307	0.94	94	6
4308	0.94	94	6
4309	0.94	94	6
4310	0.94	94	6
4311	0.94	94	6
4312	0.94	94	6
4313	0.94	94	6
4314	0.94	94	6
4315	0.94	94	6
4316	0.94	94	6
4317	0.94	94	6
4318	0.94	94	6
4319	0.94	94	6
4320	0.94	94	6
4321	0.94	94	6
4322	0.94	94	6
4323	0.94	94	6
4324	0.95	95	5
4325	0.95	95	5
4326	0.95	95	5
4327	0.96	96	4
4328	0.96	96	4
4329	0.96	96	4
4330	0.96	96	4
4331	0.96	96	4
4332	0.97	97	3
4333	0.97	97	3
4334	0.97	97	3
4335	0.97	97	3
4336	0.97	97	3
4337	0.97	97	3
4338	0.97	97	3
4339	0.97	97	3
4340	0.97	97	3
4341	0.96	96	4
4342	0.96	96	4
4343	0.96	96	4
4344	0.96	96	4
4345	0.96	96	4
4346	0.96	96	4
4347	0.96	96	4
4348	0.96	96	4
4349	0.96	96	4
4350	0.96	96	4
4351	0.96	96	4
4352	0.96	96	4
4353	0.96	96	4
4354	0.96	96	4
4355	0.96	96	4
4356	0.96	96	4
4357	0.96	96	4
4358	0.95	95	5
4359	0.95	95	5
4360	0.95	95	5
4361	0.95	95	5
4362	0.95	95	5
4363	0.95	95	5
4364	0.95	95	5
4365	0.95	95	5
4366	0.95	95	5
4367	0.95	95	5
4368	0.95	95	5
4369	0.94	94	6
4370	0.94	94	6
4371	0.94	94	6
4372	0.94	94	6
4373	0.95	95	5
4374	0.95	95	5
4375	0.95	95	5
4376	0.95	95	5
4377	0.95	95	5
4378	0.95	95	5
4379	0.95	95	5
4380	0.95	95	5
4381	0.95	95	5
4382	0.95	95	5
4383	0.95	95	5
4384	0.95	95	5
4385	0.95	95	5
4386	0.95	95	5
4387	0.95	95	5
4388	0.95	95	5
4389	0.95	95	5
4390	0.95	95	5
4391	0.95	95	5
4392	0.95	95	5
4393	0.95	95	5
4394	0.95	95	5
4395	0.95	95	5
4396	0.95	95	5
4397	0.95	95	5
4398	0.95	95	5
4399	0.96	96	4
4400	0.96	96	4
4401	0.96	96	4
4402	0.96	96	4
4403	0.95	95	5
4404	0.95	95	5
4405	0.95	95	5
4406	0.95	95	5
4407	0.96	96	4
4408	0.96	96	4
4409	0.96	96	4
4410	0.96	96	4
4411	0.96	96	4
4412	0.96	96	4
4413	0.96	96	4
4414	0.96	96	4
4415	0.96	96	4
4416	0.96	96	4
4417	0.96	96	4
4418	0.96	96	4
4419	0.96	96	4
4420	0.96	96	4
4421	0.96	96	4
4422	0.96	96	4
4423	0.96	96	4
4424	0.95	95	5
4425	0.94	94	6
4426	0.94	94	6
4427	0.94	94	6
4428	0.94	94	6
4429	0.94	94	6
4430	0.94	94	6
4431	0.94	94	6
4432	0.94	94	6
4433	0.94	94	6
4434	0.94	94	6
4435	0.94	94	6
4436	0.94	94	6
4437	0.94	94	6
4438	0.94	94	6
4439	0.94	94	6
4440	0.94	94	6
4441	0.95	95	5
4442	0.95	95	5
4443	0.95	95	5
4444	0.95	95	5
4445	0.95	95	5
4446	0.94	94	6
4447	0.94	94	6
4448	0.94	94	6
4449	0.94	94	6
4450	0.94	94	6
4451	0.94	94	6
4452	0.94	94	6
4453	0.94	94	6
4454	0.94	94	6
4455	0.94	94	6
4456	0.94	94	6
4457	0.94	94	6
4458	0.95	95	5
4459	0.95	95	5
4460	0.95	95	5
4461	0.95	95	5
4462	0.95	95	5
4463	0.95	95	5
4464	0.95	95	5
4465	0.95	95	5
4466	0.95	95	5
4467	0.95	95	5
4468	0.95	95	5
4469	0.96	96	4
4470	0.96	96	4
4471	0.96	96	4
4472	0.96	96	4
4473	0.96	96	4
4474	0.96	96	4
4475	0.96	96	4
4476	0.96	96	4
4477	0.96	96	4
4478	0.96	96	4
4479	0.96	96	4
4480	0.96	96	4
4481	0.96	96	4
4482	0.96	96	4
4483	0.96	96	4
4484	0.96	96	4
4485	0.96	96	4
4486	0.96	96	4
4487	0.96	96	4
4488	0.96	96	4
4489	0.96	96	4
4490	0.96	96	4
4491	0.96	96	4
4492	0.96	96	4
4493	0.96	96	4
4494	0.96	96	4
4495	0.96	96	4
4496	0.96	96	4
4497	0.96	96	4
4498	0.96	96	4
4499	0.96	96	4
4500	0.96	96	4
4501	0.96	96	4
4502	0.96	96	4
4503	0.97	97	3
4504	0.97	97	3
4505	0.97	97	3
4506	0.97	97	3
4507	0.97	97	3
4508	0.97	97	3
4509	0.97	97	3
4510	0.97	97	3
4511	0.97	97	3
4512	0.97	97	3
4513	0.97	97	3
4514	0.97	97	3
4515	0.97	97	3
4516	0.97	97	3
4517	0.97	97	3
4518	0.97	97	3
4519	0.97	97	3
4520	0.97	97	3
4521	0.97	97	3
4522	0.97	97	3
4523	0.97	97	3
4524	0.98	98	2
4525	0.99	99	1
4526	0.99	99	1
4527	0.99	99	1
4528	0.99	99	1
4529	0.99	99	1
4530	0.99	99	1
4531	0.99	99	1
4532	0.99	99	1
4533	0.99	99	1
4534	0.99	99	1
4535	0.99	99	1
4536	0.99	99	1
4537	0.99	99	1
4538	0.99	99	1
4539	0.99	99	1
4540	0.99	99	1
4541	0.98	98	2
4542	0.98	98	2
4543	0.98	98	2
4544	0.98	98	2
4545	0.98	98	2
4546	0.99	99	1
4547	0.98	98	2
4548	0.98	98	2
4549	0.98	98	2
4550	0.98	98	2
4551	0.98	98	2
4552	0.98	98	2
4553	0.98	98	2
4554	0.98	98	2
4555	0.98	98	2
4556	0.98	98	2
4557	0.98	98	2
4558	0.98	98	2
4559	0.98	98	2
4560	0.98	98	2
4561	0.98	98	2
4562	0.98	98	2
4563	0.98	98	2
4564	0.98	98	2
4565	0.98	98	2
4566	0.98	98	2
4567	0.98	98	2
4568	0.98	98	2
4569	0.98	98	2
4570	0.98	98	2
4571	0.98	98	2
4572	0.98	98	2
4573	0.98	98	2
4574	0.98	98	2
4575	0.98	98	2
4576	0.98	98	2
4577	0.98	98	2
4578	0.98	98	2
4579	0.98	98	2
4580	0.97	97	3
4581	0.97	97	3
4582	0.97	97	3
4583	0.97	97	3
4584	0.97	97	3
4585	0.97	97	3
4586	0.97	97	3
4587	0.97	97	3
4588	0.97	97	3
4589	0.97	97	3
4590	0.97	97	3
4591	0.97	97	3
4592	0.97	97	3
4593	0.97	97	3
4594	0.97	97	3
4595	0.97	97	3
4596	0.97	97	3
4597	0.97	97	3
4598	0.97	97	3
4599	0.97	97	3
4600	0.97	97	3
4601	0.97	97	3
4602	0.97	97	3
4603	0.97	97	3
4604	0.97	97	3
4605	0.97	97	3
4606	0.97	97	3
4607	0.97	97	3
4608	0.97	97	3
4609	0.97	97	3
4610	0.97	97	3
4611	0.97	97	3
4612	0.97	97	3
4613	0.96	96	4
4614	0.96	96	4
4615	0.96	96	4
4616	0.96	96	4
4617	0.96	96	4
4618	0.96	96	4
4619	0.96	96	4
4620	0.96	96	4
4621	0.96	96	4
4622	0.96	96	4
4623	0.96	96	4
4624	0.96	96	4
4625	0.96	96	4
4626	0.96	96	4
4627	0.96	96	4
4628	0.96	96	4
4629	0.96	96	4
4630	0.96	96	4
4631	0.96	96	4
4632	0.96	96	4
4633	0.96	96	4
4634	0.96	96	4
4635	0.96	96	4
4636	0.96	96	4
4637	0.96	96	4
4638	0.96	96	4
4639	0.96	96	4
4640	0.96	96	4
4641	0.97	97	3
4642	0.97	97	3
4643	0.97	97	3
4644	0.97	97	3
4645	0.97	97	3
4646	0.97	97	3
4647	0.98	98	2
4648	0.98	98	2
4649	0.98	98	2
4650	0.98	98	2
4651	0.98	98	2
4652	0.98	98	2
4653	0.98	98	2
4654	0.98	98	2
4655	0.98	98	2
4656	0.98	98	2
4657	0.98	98	2
4658	0.98	98	2
4659	0.98	98	2
4660	0.98	98	2
4661	0.97	97	3
4662	0.97	97	3
4663	0.97	97	3
4664	0.97	97	3
4665	0.97	97	3
4666	0.97	97	3
4667	0.97	97	3
4668	0.97	97	3
4669	0.97	97	3
4670	0.97	97	3
4671	0.97	97	3
4672	0.97	97	3
4673	0.97	97	3
4674	0.97	97	3
4675	0.97	97	3
4676	0.97	97	3
4677	0.97	97	3
4678	0.97	97	3
4679	0.97	97	3
4680	0.98	98	2
4681	0.98	98	2
4682	0.98	98	2
4683	0.98	98	2
4684	0.98	98	2
4685	0.98	98	2
4686	0.98	98	2
4687	0.98	98	2
4688	0.98	98	2
4689	0.98	98	2
4690	0.98	98	2
4691	0.98	98	2
4692	0.98	98	2
4693	0.98	98	2
4694	0.98	98	2
4695	0.98	98	2
4696	0.98	98	2
4697	0.98	98	2
4698	0.98	98	2
4699	0.98	98	2
4700	0.98	98	2
4701	0.98	98	2
4702	0.98	98	2
4703	0.98	98	2
4704	0.98	98	2
4705	0.98	98	2
4706	0.98	98	2
4707	0.98	98	2
4708	0.98	98	2
4709	0.98	98	2
4710	0.98	98	2
4711	0.98	98	2
4712	0.98	98	2
4713	0.99	99	1
4714	0.99	99	1
4715	0.99	99	1
4716	0.99	99	1
4717	0.99	99	1
4718	0.99	99	1
4719	0.98	98	2
4720	0.98	98	2
4721	0.98	98	2
4722	0.98	98	2
4723	0.98	98	2
4724	0.98	98	2
4725	0.98	98	2
4726	0.98	98	2
4727	0.98	98	2
4728	0.98	98	2
4729	0.98	98	2
4730	0.98	98	2
4731	0.98	98	2
4732	0.98	98	2
4733	0.98	98	2
4734	0.98	98	2
4735	0.98	98	2
4736	0.98	98	2
4737	0.97	97	3
4738	0.97	97	3
4739	0.97	97	3
4740	0.97	97	3
4741	0.97	97	3
4742	0.96	96	4
4743	0.96	96	4
4744	0.96	96	4
4745	0.96	96	4
4746	0.96	96	4
4747	0.95	95	5
4748	0.95	95	5
4749	0.95	95	5
4750	0.95	95	5
4751	0.95	95	5
4752	0.95	95	5
4753	0.95	95	5
4754	0.95	95	5
4755	0.95	95	5
4756	0.95	95	5
4757	0.94	94	6
4758	0.94	94	6
4759	0.94	94	6
4760	0.94	94	6
4761	0.95	95	5
4762	0.95	95	5
4763	0.95	95	5
4764	0.95	95	5
4765	0.95	95	5
4766	0.95	95	5
4767	0.95	95	5
4768	0.95	95	5
4769	0.95	95	5
4770	0.95	95	5
4771	0.95	95	5
4772	0.95	95	5
4773	0.95	95	5
4774	0.95	95	5
4775	0.95	95	5
4776	0.95	95	5
4777	0.95	95	5
4778	0.95	95	5
4779	0.95	95	5
4780	0.95	95	5
4781	0.95	95	5
4782	0.95	95	5
4783	0.95	95	5
4784	0.95	95	5
4785	0.95	95	5
4786	0.95	95	5
4787	0.95	95	5
4788	0.95	95	5
4789	0.95	95	5
4790	0.95	95	5
4791	0.95	95	5
4792	0.95	95	5
4793	0.95	95	5
4794	0.95	95	5
4795	0.95	95	5
4796	0.95	95	5
4797	0.95	95	5
4798	0.95	95	5
4799	0.95	95	5
4800	0.95	95	5
4801	0.95	95	5
4802	0.95	95	5
4803	0.95	95	5
4804	0.95	95	5
4805	0.95	95	5
4806	0.95	95	5
4807	0.95	95	5
4808	0.95	95	5
4809	0.95	95	5
4810	0.95	95	5
4811	0.95	95	5
4812	0.95	95	5
4813	0.95	95	5
4814	0.95	95	5
4815	0.95	95	5
4816	0.95	95	5
4817	0.95	95	5
4818	0.95	95	5
4819	0.96	96	4
4820	0.96	96	4
4821	0.96	96	4
4822	0.96	96	4
4823	0.96	96	4
4824	0.96	96	4
4825	0.96	96	4
4826	0.96	96	4
4827	0.96	96	4
4828	0.96	96	4
4829	0.96	96	4
4830	0.96	96	4
4831	0.96	96	4
4832	0.96	96	4
4833	0.96	96	4
4834	0.96	96	4
4835	0.96	96	4
4836	0.96	96	4
4837	0.97	97	3
4838	0.97	97	3
4839	0.97	97	3
4840	0.97	97	3
4841	0.97	97	3
4842	0.98	98	2
4843	0.98	98	2
4844	0.98	98	2
4845	0.98	98	2
4846	0.98	98	2
4847	0.99	99	1
4848	0.99	99	1
4849	0.99	99	1
4850	0.99	99	1
4851	0.99	99	1
4852	0.99	99	1
4853	0.99	99	1
4854	0.99	99	1
4855	0.99	99	1
4856	0.99	99	1
4857	1.00	100	0
4858	1.00	100	0
4859	1.00	100	0
4860	1.00	100	0
4861	1.00	100	0
4862	1.00	100	0
4863	1.00	100	0
4864	1.00	100	0
4865	1.00	100	0
4866	1.00	100	0
4867	1.00	100	0
4868	1.00	100	0
4869	1.00	100	0
4870	1.00	100	0
4871	1.00	100	0
4872	1.00	100	0
4873	1.00	100	0
4874	1.00	100	0
4875	1.00	100	0
4876	1.00	100	0
4877	1.00	100	0
4878	1.00	100	0
4879	1.00	100	0
4880	1.00	100	0
4881	1.00	100	0
4882	1.00	100	0
4883	1.00	100	0
4884	1.00	100	0
4885	1.00	100	0
4886	1.00	100	0
4887	1.00	100	0
4888	1.00	100	0
4889	1.00	100	0
4890	1.00	100	0
4891	1.00	100	0
4892	1.00	100	0
4893	1.00	100	0
4894	1.00	100	0
4895	1.00	100	0
4896	1.00	100	0
4897	1.00	100	0
4898	1.00	100	0
4899	0.99	99	1
4900	0.99	99	1
4901	0.99	99	1
4902	0.99	99	1
4903	0.99	99	1
4904	0.99	99	1
4905	0.99	99	1
4906	0.99	99	1
4907	0.99	99	1
4908	0.99	99	1
4909	0.99	99	1
4910	0.99	99	1
4911	0.99	99	1
4912	0.99	99	1
4913	0.99	99	1
4914	0.99	99	1
4915	0.99	99	1
4916	0.99	99	1
4917	0.99	99	1
4918	0.99	99	1
4919	0.99	99	1
4920	0.99	99	1
4921	0.99	99	1
4922	0.99	99	1
4923	0.99	99	1
4924	0.99	99	1
4925	0.99	99	1
4926	0.99	99	1
4927	0.99	99	1
4928	0.99	99	1
4929	0.99	99	1
4930	0.99	99	1
4931	0.99	99	1
4932	0.99	99	1
4933	0.99	99	1
4934	0.99	99	1
4935	0.99	99	1
4936	0.99	99	1
4937	0.99	99	1
4938	0.99	99	1
4939	0.99	99	1
4940	0.98	98	2
4941	0.98	98	2
4942	0.98	98	2
4943	0.98	98	2
4944	0.98	98	2
4945	0.98	98	2
4946	0.98	98	2
4947	0.98	98	2
4948	0.98	98	2
4949	0.98	98	2
4950	0.98	98	2
4951	0.98	98	2
4952	0.98	98	2
4953	0.98	98	2
4954	0.98	98	2
4955	0.98	98	2
4956	0.98	98	2
4957	0.98	98	2
4958	0.98	98	2
4959	0.98	98	2
4960	0.98	98	2
4961	0.98	98	2
4962	0.98	98	2
4963	0.98	98	2
4964	0.98	98	2
4965	0.98	98	2
4966	0.98	98	2
4967	0.98	98	2
4968	0.98	98	2
4969	0.98	98	2
4970	0.98	98	2
4971	0.98	98	2
4972	0.98	98	2
4973	0.98	98	2
4974	0.98	98	2
4975	0.97	97	3
4976	0.97	97	3
4977	0.97	97	3
4978	0.97	97	3
4979	0.97	97	3
4980	0.97	97	3
4981	0.97	97	3
4982	0.97	97	3
4983	0.97	97	3
4984	0.97	97	3
4985	0.97	97	3
4986	0.97	97	3
4987	0.97	97	3
4988	0.97	97	3
4989	0.97	97	3
4990	0.97	97	3
4991	0.97	97	3
4992	0.97	97	3
4993	0.97	97	3
4994	0.97	97	3
4995	0.97	97	3
4996	0.97	97	3
4997	0.97	97	3
4998	0.97	97	3
4999	0.98	98	2
5000	0.03	97	3
5001	0.03	97	3
5002	0.04	96	4
5003	0.04	96	4
5004	0.04	96	4
5005	0.05	95	5
5006	0.05	95	5
5007	0.06	94	6
5008	0.07	93	7
5009	0.08	92	8
5010	0.09	91	9
5011	0.10	90	10
5012	0.11	89	11
5013	0.11	89	11
5014	0.12	88	12
5015	0.12	88	12
5016	0.12	88	12
5017	0.13	87	13
5018	0.13	87	13
5019	0.13	87	13
5020	0.14	86	14
5021	0.15	85	15
5022	0.16	84	16
5023	0.17	83	17
5024	0.18	82	18
5025	0.19	81	19
5026	0.20	80	20
5027	0.21	79	21
5028	0.22	78	22
5029	0.23	77	23
5030	0.24	76	24
5031	0.24	76	24
5032	0.25	75	25
5033	0.25	75	25
5034	0.25	75	25
5035	0.26	74	26
5036	0.27	73	27
5037	0.27	73	27
5038	0.28	72	28
5039	0.29	71	29
5040	0.29	71	29
5041	0.30	70	30
5042	0.31	69	31
5043	0.32	68	32
5044	0.33	67	33
5045	0.34	66	34
5046	0.35	65	35
5047	0.35	65	35
5048	0.36	64	36
5049	0.37	63	37
5050	0.38	62	38
5051	0.39	61	39
5052	0.39	61	39
5053	0.40	60	40
5054	0.40	60	40
5055	0.41	59	41
5056	0.42	58	42
5057	0.43	57	43
5058	0.44	56	44
5059	0.45	55	45
5060	0.46	54	46
5061	0.47	53	47
5062	0.48	52	48
5063	0.49	51	49
5064	0.50	50	50
5065	0.51	49	51
5066	0.52	48	52
5067	0.53	47	53
5068	0.54	46	54
5069	0.55	45	55
5070	0.56	44	56
5071	0.56	44	56
5072	0.57	43	57
5073	0.57	43	57
5074	0.58	42	58
5075	0.58	42	58
5076	0.59	41	59
5077	0.60	40	60
5078	0.61	39	61
5079	0.62	38	62
5080	0.63	37	63
5081	0.64	36	64
5082	0.65	35	65
5083	0.66	34	66
5084	0.67	33	67
5085	0.68	32	68
5086	0.69	31	69
5087	0.70	30	70
5088	0.71	29	71
5089	0.71	29	71
5090	0.72	28	72
5091	0.73	27	73
5092	0.74	26	74
5093	0.75	25	75
5094	0.76	24	76
5095	0.77	23	77
5096	0.78	22	78
5097	0.79	21	79
5098	0.80	20	80
5099	0.81	19	81
5100	0.81	19	81
5101	0.82	18	82
5102	0.82	18	82
5103	0.83	17	83
5104	0.84	16	84
5105	0.84	16	84
5106	0.85	15	85
5107	0.85	15	85
5108	0.85	15	85
5109	0.85	15	85
5110	0.85	15	85
5111	0.85	15	85
5112	0.85	15	85
5113	0.86	14	86
5114	0.86	14	86
5115	0.87	13	87
5116	0.88	12	88
5117	0.87	13	87
5118	0.88	12	88
5119	0.89	11	89
5120	0.89	11	89
5121	0.89	11	89
5122	0.89	11	89
5123	0.89	11	89
5124	0.89	11	89
5125	0.88	12	88
5126	0.88	12	88
5127	0.88	12	88
5128	0.88	12	88
5129	0.88	12	88
5130	0.88	12	88
5131	0.89	11	89
5132	0.89	11	89
5133	0.90	10	90
5134	0.91	9	91
5135	0.91	9	91
5136	0.91	9	91
5137	0.92	8	92
5138	0.92	8	92
5139	0.92	8	92
5140	0.92	8	92
5141	0.92	8	92
5142	0.92	8	92
5143	0.92	8	92
5144	0.92	8	92
5145	0.92	8	92
5146	0.92	8	92
5147	0.93	7	93
5148	0.93	7	93
5149	0.92	8	92
5150	0.92	8	92
5151	0.92	8	92
5152	0.93	7	93
5153	0.93	7	93
5154	0.94	6	94
5155	0.94	6	94
5156	0.94	6	94
5157	0.94	6	94
5158	0.94	6	94
5159	0.94	6	94
5160	0.94	6	94
5161	0.94	6	94
5162	0.94	6	94
5163	0.94	6	94
5164	0.94	6	94
5165	0.94	6	94
5166	0.94	6	94
5167	0.94	6	94
5168	0.94	6	94
5169	0.94	6	94
5170	0.94	6	94
5171	0.95	5	95
5172	0.95	5	95
5173	0.96	4	96
5174	0.96	4	96
5175	0.95	5	95
5176	0.95	5	95
5177	0.95	5	95
5178	0.95	5	95
5179	0.95	5	95
5180	0.95	5	95
5181	0.95	5	95
5182	0.95	5	95
5183	0.95	5	95
5184	0.95	5	95
5185	0.95	5	95
5186	0.95	5	95
5187	0.95	5	95
5188	0.95	5	95
5189	0.96	4	96
5190	0.96	4	96
5191	0.96	4	96
5192	0.96	4	96
5193	0.96	4	96
5194	0.96	4	96
5195	0.96	4	96
5196	0.96	4	96
5197	0.96	4	96
5198	0.96	4	96
5199	0.96	4	96
5200	0.96	4	96
5201	0.96	4	96
5202	0.96	4	96
5203	0.96	4	96
5204	0.96	4	96
5205	0.96	4	96
5206	0.96	4	96
5207	0.95	5	95
5208	0.95	5	95
5209	0.95	5	95
5210	0.95	5	95
5211	0.95	5	95
5212	0.95	5	95
5213	0.95	5	95
5214	0.95	5	95
5215	0.95	5	95
5216	0.95	5	95
5217	0.96	4	96
5218	0.96	4	96
5219	0.96	4	96
5220	0.96	4	96
5221	0.96	4	96
5222	0.96	4	96
5223	0.96	4	96
5224	0.96	4	96
5225	0.97	3	97
5226	0.97	3	97
5227	0.97	3	97
5228	0.97	3	97
5229	0.97	3	97
5230	0.97	3	97
5231	0.97	3	97
5232	0.97	3	97
5233	0.97	3	97
5234	0.97	3	97
5235	0.97	3	97
5236	0.97	3	97
5237	0.97	3	97
5238	0.97	3	97
5239	0.97	3	97
5240	0.97	3	97
5241	0.97	3	97
5242	0.97	3	97
5243	0.97	3	97
5244	0.97	3	97
5245	0.97	3	97
5246	0.97	3	97
5247	0.97	3	97
5248	0.97	3	97
5249	0.97	3	97
5250	0.97	3	97
5251	0.97	3	97
5252	0.97	3	97
5253	0.96	4	96
5254	0.96	4	96
5255	0.96	4	96
5256	0.96	4	96
5257	0.96	4	96
5258	0.96	4	96
5259	0.96	4	96
5260	0.96	4	96
5261	0.96	4	96
5262	0.96	4	96
5263	0.96	4	96
5264	0.96	4	96
5265	0.96	4	96
5266	0.96	4	96
5267	0.96	4	96
5268	0.96	4	96
5269	0.96	4	96
5270	0.96	4	96
5271	0.96	4	96
5272	0.96	4	96
5273	0.96	4	96
5274	0.96	4	96
5275	0.97	3	97
5276	0.97	3	97
5277	0.97	3	97
5278	0.97	3	97
5279	0.97	3	97
5280	0.97	3	97
5281	0.97	3	97
5282	0.97	3	97
5283	0.97	3	97
5284	0.97	3	97
5285	0.97	3	97
5286	0.97	3	97
5287	0.97	3	97
5288	0.97	3	97
5289	0.97	3	97
5290	0.97	3	97
5291	0.97	3	97
5292	0.97	3	97
5293	0.97	3	97
5294	0.97	3	97
5295	0.97	3	97
5296	0.97	3	97
5297	0.97	3	97
5298	0.97	3	97
5299	0.97	3	97
5300	0.97	3	97
5301	0.97	3	97
5302	0.97	3	97
5303	0.97	3	97
5304	0.97	3	97
5305	0.97	3	97
5306	0.97	3	97
5307	0.98	2	98
5308	0.98	2	98
5309	0.98	2	98
5310	0.98	2	98
5311	0.98	2	98
5312	0.98	2	98
5313	0.98	2	98
5314	0.98	2	98
5315	0.98	2	98
5316	0.98	2	98
5317	0.98	2	98
5318	0.98	2	98
5319	0.98	2	98
5320	0.98	2	98
5321	0.98	2	98
5322	0.98	2	98
5323	0.98	2	98
5324	0.98	2	98
5325	0.98	2	98
5326	0.98	2	98
5327	0.98	2	98
5328	0.98	2	98
5329	0.98	2	98
5330	0.98	2	98
5331	0.98	2	98
5332	0.98	2	98
5333	0.98	2	98
5334	0.98	2	98
5335	0.98	2	98
5336	0.98	2	98
5337	0.98	2	98
5338	0.98	2	98
5339	0.98	2	98
5340	0.98	2	98
5341	0.98	2	98
5342	0.98	2	98
5343	0.98	2	98
5344	0.98	2	98
5345	0.98	2	98
5346	0.98	2	98
5347	0.98	2	98
5348	0.98	2	98
5349	0.99	1	99
5350	0.99	1	99
5351	0.99	1	99
5352	0.99	1	99
5353	1.00	0	100
5354	1.00	0	100
5355	1.00	0	100
5356	1.00	0	100
5357	1.00	0	100
5358	1.00	0	100
5359	1.00	0	100
5360	1.00	0	100
5361	1.00	0	100
5362	1.00	0	100
5363	1.00	0	100
5364	1.00	0	100
5365	1.00	0	100
5366	1.00	0	100
5367	1.00	0	100
5368	1.00	0	100
5369	1.00	0	100
5370	0.99	1	99
5371	0.99	1	99
5372	0.99	1	99
5373	0.99	1	99
5374	0.99	1	99
5375	0.99	1	99
5376	0.99	1	99
5377	0.99	1	99
5378	0.99	1	99
5379	0.99	1	99
5380	0.99	1	99
5381	0.99	1	99
5382	0.99	1	99
5383	0.99	1	99
5384	0.99	1	99
5385	0.99	1	99
5386	0.99	1	99
5387	0.99	1	99
5388	0.99	1	99
5389	0.99	1	99
5390	0.99	1	99
5391	0.99	1	99
5392	0.99	1	99
5393	0.99	1	99
5394	0.99	1	99
5395	0.99	1	99
5396	0.99	1	99
5397	0.99	1	99
5398	0.99	1	99
5399	0.99	1	99
5400	0.99	1	99
5401	0.99	1	99
5402	0.99	1	99
5403	0.99	1	99
5404	0.99	1	99
5405	0.98	2	98
5406	0.98	2	98
5407	0.98	2	98
5408	0.98	2	98
5409	0.98	2	98
5410	0.98	2	98
5411	0.98	2	98
5412	0.98	2	98
5413	0.98	2	98
5414	0.98	2	98
5415	0.98	2	98
5416	0.98	2	98
5417	0.98	2	98
5418	0.98	2	98
5419	0.98	2	98
5420	0.98	2	98
5421	0.98	2	98
5422	0.98	2	98
5423	0.98	2	98
5424	0.98	2	98
5425	0.98	2	98
5426	0.98	2	98
5427	0.98	2	98
5428	0.98	2	98
5429	0.98	2	98
5430	0.98	2	98
5431	0.98	2	98
5432	0.98	2	98
5433	0.98	2	98
5434	0.98	2	98
5435	0.98	2	98
5436	0.98	2	98
5437	0.98	2	98
5438	0.98	2	98
5439	0.98	2	98
5440	0.98	2	98
5441	0.98	2	98
5442	0.98	2	98
5443	0.98	2	98
5444	0.98	2	98
5445	0.98	2	98
5446	0.98	2	98
5447	0.98	2	98
5448	0.98	2	98
5449	0.98	2	98
5450	0.98	2	98
5451	0.98	2	98
5452	0.98	2	98
5453	0.98	2	98
5454	0.98	2	98
5455	0.98	2	98
5456	0.98	2	98
5457	0.98	2	98
5458	0.98	2	98
5459	0.98	2	98
5460	0.98	2	98
5461	0.98	2	98
5462	0.98	2	98
5463	0.98	2	98
5464	0.98	2	98
5465	0.97	3	97
5466	0.97	3	97
5467	0.97	3	97
5468	0.97	3	97
5469	0.97	3	97
5470	0.98	2	98
5471	0.98	2	98
5472	0.98	2	98
5473	0.98	2	98
5474	0.98	2	98
5475	0.98	2	98
5476	0.98	2	98
5477	0.98	2	98
5478	0.98	2	98
5479	0.98	2	98
5480	0.98	2	98
5481	0.98	2	98
5482	0.98	2	98
5483	0.98	2	98
5484	0.98	2	98
5485	0.98	2	98
5486	0.98	2	98
5487	0.98	2	98
5488	0.98	2	98
5489	0.98	2	98
5490	0.98	2	98
5491	0.98	2	98
5492	0.98	2	98
5493	0.98	2	98
5494	0.98	2	98
5495	0.98	2	98
5496	0.97	3	97
5497	0.97	3	97
5498	0.97	3	97
5499	0.96	4	96
5500	0.96	4	96
5501	0.96	4	96
5502	0.96	4	96
5503	0.96	4	96
5504	0.96	4	96
5505	0.97	3	97
5506	0.97	3	97
5507	0.97	3	97
5508	0.97	3	97
5509	0.97	3	97
5510	0.97	3	97
5511	0.97	3	97
5512	0.97	3	97
5513	0.97	3	97
5514	0.97	3	97
5515	0.97	3	97
5516	0.97	3	97
5517	0.97	3	97
5518	0.97	3	97
5519	0.97	3	97
5520	0.97	3	97
5521	0.97	3	97
5522	0.97	3	97
5523	0.97	3	97
5524	0.97	3	97
5525	0.97	3	97
5526	0.97	3	97
5527	0.97	3	97
5528	0.97	3	97
5529	0.97	3	97
5530	0.97	3	97
5531	0.97	3	97
5532	0.97	3	97
5533	0.97	3	97
5534	0.97	3	97
5535	0.97	3	97
5536	0.97	3	97
5537	0.97	3	97
5538	0.97	3	97
5539	0.97	3	97
5540	0.97	3	97
5541	0.97	3	97
5542	0.97	3	97
5543	0.97	3	97
5544	0.97	3	97
5545	0.97	3	97
5546	0.97	3	97
5547	0.97	3	97
5548	0.97	3	97
5549	0.97	3	97
5550	0.97	3	97
5551	0.97	3	97
5552	0.97	3	97
5553	0.97	3	97
5554	0.97	3	97
5555	0.97	3	97
5556	0.97	3	97
5557	0.97	3	97
5558	0.97	3	97
5559	0.97	3	97
5560	0.97	3	97
5561	0.96	4	96
5562	0.96	4	96
5563	0.96	4	96
5564	0.95	5	95
5565	0.96	4	96
5566	0.96	4	96
5567	0.96	4	96
5568	0.96	4	96
5569	0.96	4	96
5570	0.96	4	96
5571	0.96	4	96
5572	0.96	4	96
5573	0.96	4	96
5574	0.96	4	96
5575	0.96	4	96
5576	0.96	4	96
5577	0.96	4	96
5578	0.96	4	96
5579	0.96	4	96
5580	0.96	4	96
5581	0.96	4	96
5582	0.96	4	96
5583	0.96	4	96
5584	0.96	4	96
5585	0.96	4	96
5586	0.96	4	96
5587	0.96	4	96
5588	0.96	4	96
5589	0.96	4	96
5590	0.96	4	96
5591	0.96	4	96
5592	0.96	4	96
5593	0.96	4	96
5594	0.95	5	95
5595	0.95	5	95
5596	0.96	4	96
5597	0.96	4	96
5598	0.96	4	96
5599	0.97	3	97
5600	0.97	3	97
5601	0.97	3	97
5602	0.97	3	97
5603	0.97	3	97
5604	0.97	3	97
5605	0.97	3	97
5606	0.97	3	97
5607	0.97	3	97
5608	0.97	3	97
5609	0.97	3	97
5610	0.97	3	97
5611	0.97	3	97
5612	0.97	3	97
5613	0.97	3	97
5614	0.97	3	97
5615	0.97	3	97
5616	0.97	3	97
5617	0.97	3	97
5618	0.97	3	97
5619	0.97	3	97
5620	0.97	3	97
5621	0.97	3	97
5622	0.97	3	97
5623	0.97	3	97
5624	0.97	3	97
5625	0.96	4	96
5626	0.96	4	96
5627	0.96	4	96
5628	0.96	4	96
5629	0.96	4	96
5630	0.96	4	96
5631	0.96	4	96
5632	0.96	4	96
5633	0.96	4	96
5634	0.96	4	96
5635	0.96	4	96
5636	0.96	4	96
5637	0.96	4	96
5638	0.96	4	96
5639	0.96	4	96
5640	0.96	4	96
5641	0.96	4	96
5642	0.96	4	96
5643	0.96	4	96
5644	0.96	4	96
5645	0.96	4	96
5646	0.96	4	96
5647	0.96	4	96
5648	0.96	4	96
5649	0.96	4	96
5650	0.96	4	96
5651	0.96	4	96
5652	0.96	4	96
5653	0.96	4	96
5654	0.96	4	96
5655	0.96	4	96
5656	0.96	4	96
5657	0.96	4	96
5658	0.96	4	96
5659	0.96	4	96
5660	0.96	4	96
5661	0.97	3	97
5662	0.97	3	97
5663	0.97	3	97
5664	0.98	2	98
5665	0.98	2	98
5666	0.98	2	98
5667	0.98	2	98
5668	0.98	2	98
5669	0.98	2	98
5670	0.98	2	98
5671	0.98	2	98
5672	0.98	2	98
5673	0.98	2	98
5674	0.98	2	98
5675	0.98	2	98
5676	0.98	2	98
5677	0.98	2	98
5678	0.98	2	98
5679	0.98	2	98
5680	0.98	2	98
5681	0.98	2	98
5682	0.98	2	98
5683	0.98	2	98
5684	0.98	2	98
5685	0.98	2	98
5686	0.98	2	98
5687	0.98	2	98
5688	0.98	2	98
5689	0.98	2	98
5690	0.98	2	98
5691	0.98	2	98
5692	0.98	2	98
5693	0.98	2	98
5694	0.99	1	99
5695	0.99	1	99
5696	0.99	1	99
5697	0.99	1	99
5698	0.99	1	99
5699	0.99	1	99
5700	0.99	1	99
5701	0.99	1	99
5702	0.99	1	99
5703	0.99	1	99
5704	0.99	1	99
5705	0.99	1	99
5706	0.99	1	99
5707	0.99	1	99
5708	0.99	1	99
5709	0.99	1	99
5710	0.99	1	99
5711	0.99	1	99
5712	0.99	1	99
5713	0.99	1	99
5714	0.99	1	99
5715	0.99	1	99
5716	0.99	1	99
5717	0.99	1	99
5718	0.99	1	99
5719	0.99	1	99
5720	0.99	1	99
5721	0.99	1	99
5722	0.99	1	99
5723	0.98	2	98
5724	0.98	2	98
5725	0.99	1	99
5726	0.99	1	99
5727	0.99	1	99
5728	0.99	1	99
5729	0.99	1	99
5730	0.99	1	99
5731	0.99	1	99
5732	0.99	1	99
5733	0.99	1	99
5734	0.99	1	99
5735	0.99	1	99
5736	0.99	1	99
5737	0.98	2	98
5738	0.98	2	98
5739	0.98	2	98
5740	0.98	2	98
5741	0.98	2	98
5742	0.98	2	98
5743	0.98	2	98
5744	0.98	2	98
5745	0.98	2	98
5746	0.98	2	98
5747	0.98	2	98
5748	0.98	2	98
5749	0.98	2	98
5750	0.98	2	98
5751	0.98	2	98
5752	0.98	2	98
5753	0.98	2	98
5754	0.98	2	98
5755	0.98	2	98
5756	0.98	2	98
5757	0.98	2	98
5758	0.98	2	98
5759	0.98	2	98
5760	0.98	2	98
5761	0.98	2	98
5762	0.98	2	98
5763	0.98	2	98
5764	0.98	2	98
5765	0.98	2	98
5766	0.98	2	98
5767	0.98	2	98
5768	0.98	2	98
5769	0.97	3	97
5770	0.97	3	97
5771	0.97	3	97
5772	0.97	3	97
5773	0.97	3	97
5774	0.97	3	97
5775	0.97	3	97
5776	0.97	3	97
5777	0.97	3	97
5778	0.97	3	97
5779	0.96	4	96
5780	0.96	4	96
5781	0.96	4	96
5782	0.96	4	96
5783	0.96	4	96
5784	0.96	4	96
5785	0.96	4	96
5786	0.96	4	96
5787	0.96	4	96
5788	0.96	4	96
5789	0.96	4	96
5790	0.96	4	96
5791	0.96	4	96
5792	0.96	4	96
5793	0.96	4	96
5794	0.96	4	96
5795	0.95	5	95
5796	0.95	5	95
5797	0.95	5	95
5798	0.95	5	95
5799	0.95	5	95
5800	0.95	5	95
5801	0.95	5	95
5802	0.95	5	95
5803	0.95	5	95
5804	0.95	5	95
5805	0.95	5	95
5806	0.95	5	95
5807	0.95	5	95
5808	0.95	5	95
5809	0.95	5	95
5810	0.95	5	95
5811	0.95	5	95
5812	0.95	5	95
5813	0.95	5	95
5814	0.95	5	95
5815	0.95	5	95
5816	0.95	5	95
5817	0.95	5	95
5818	0.95	5	95
5819	0.95	5	95
5820	0.95	5	95
5821	0.95	5	95
5822	0.95	5	95
5823	0.96	4	96
5824	0.96	4	96
5825	0.96	4	96
5826	0.96	4	96
5827	0.96	4	96
5828	0.96	4	96
5829	0.96	4	96
5830	0.96	4	96
5831	0.96	4	96
5832	0.96	4	96
5833	0.96	4	96
5834	0.96	4	96
5835	0.96	4	96
5836	0.96	4	96
5837	0.97	3	97
5838	0.97	3	97
5839	0.97	3	97
5840	0.97	3	97
5841	0.97	3	97
5842	0.97	3	97
5843	0.97	3	97
5844	0.97	3	97
5845	0.97	3	97
5846	0.97	3	97
5847	0.97	3	97
5848	0.97	3	97
5849	0.97	3	97
5850	0.97	3	97
5851	0.97	3	97
5852	0.97	3	97
5853	0.97	3	97
5854	0.97	3	97
5855	0.97	3	97
5856	0.97	3	97
5857	0.97	3	97
5858	0.97	3	97
5859	0.97	3	97
5860	0.97	3	97
5861	0.97	3	97
5862	0.97	3	97
5863	0.97	3	97
5864	0.97	3	97
5865	0.97	3	97
5866	0.96	4	96
5867	0.96	4	96
5868	0.96	4	96
5869	0.97	3	97
5870	0.97	3	97
5871	0.97	3	97
5872	0.97	3	97
5873	0.97	3	97
5874	0.97	3	97
5875	0.97	3	97
5876	0.97	3	97
5877	0.96	4	96
5878	0.96	4	96
5879	0.97	3	97
5880	0.97	3	97
5881	0.97	3	97
5882	0.96	4	96
5883	0.96	4	96
5884	0.95	5	95
5885	0.95	5	95
5886	0.95	5	95
5887	0.95	5	95
5888	0.95	5	95
5889	0.95	5	95
5890	0.95	5	95
5891	0.95	5	95
5892	0.95	5	95
5893	0.95	5	95
5894	0.95	5	95
5895	0.96	4	96
5896	0.96	4	96
5897	0.96	4	96
5898	0.96	4	96
5899	0.96	4	96
5900	0.96	4	96
5901	0.96	4	96
5902	0.96	4	96
5903	0.96	4	96
5904	0.96	4	96
5905	0.96	4	96
5906	0.96	4	96
5907	0.96	4	96
5908	0.96	4	96
5909	0.96	4	96
5910	0.96	4	96
5911	0.96	4	96
5912	0.96	4	96
5913	0.96	4	96
5914	0.96	4	96
5915	0.96	4	96
5916	0.96	4	96
5917	0.96	4	96
5918	0.95	5	95
5919	0.95	5	95
5920	0.95	5	95
5921	0.95	5	95
5922	0.95	5	95
5923	0.95	5	95
5924	0.95	5	95
5925	0.95	5	95
5926	0.95	5	95
5927	0.95	5	95
5928	0.95	5	95
5929	0.95	5	95
5930	0.95	5	95
5931	0.95	5	95
5932	0.95	5	95
5933	0.95	5	95
5934	0.95	5	95
5935	0.95	5	95
5936	0.95	5	95
5937	0.95	5	95
5938	0.95	5	95
5939	0.95	5	95
5940	0.95	5	95
5941	0.95	5	95
5942	0.95	5	95
5943	0.95	5	95
5944	0.95	5	95
5945	0.95	5	95
5946	0.95	5	95
5947	0.95	5	95
5948	0.95	5	95
5949	0.95	5	95
5950	0.95	5	95
5951	0.95	5	95
5952	0.95	5	95
5953	0.95	5	95
5954	0.95	5	95
5955	0.95	5	95
5956	0.95	5	95
5957	0.95	5	95
5958	0.95	5	95
5959	0.95	5	95
5960	0.95	5	95
5961	0.95	5	95
5962	0.95	5	95
5963	0.95	5	95
5964	0.95	5	95
5965	0.95	5	95
5966	0.96	4	96
5967	0.96	4	96
5968	0.96	4	96
5969	0.96	4	96
5970	0.96	4	96
5971	0.96	4	96
5972	0.96	4	96
5973	0.96	4	96
5974	0.96	4	96
5975	0.95	5	95
5976	0.95	5	95
5977	0.96	4	96
5978	0.96	4	96
5979	0.96	4	96
5980	0.96	4	96
5981	0.96	4	96
5982	0.97	3	97
5983	0.97	3	97
5984	0.98	2	98
5985	0.98	2	98
5986	0.98	2	98
5987	0.98	2	98
5988	0.98	2	98
5989	0.98	2	98
5990	0.98	2	98
5991	0.98	2	98
5992	0.98	2	98
5993	0.97	3	97
5994	0.97	3	97
5995	0.97	3	97
5996	0.97	3	97
5997	0.97	3	97
5998	0.97	3	97
5999	0.97	3	97
