timestep	swarm_quality	color_0	color_1
0	0.70	70	30
1	0.70	70	30
2	0.70	70	30
3	0.70	70	30
4	0.70	70	30
5	0.70	70	30
6	0.70	70	30
7	0.70	70	30
8	0.70	70	30
9	0.70	70	30
10	0.70	70	30
11	0.70	70	30
12	0.69	69	31
13	0.69	69	31
14	0.69	69	31
15	0.69	69	31
16	0.69	69	31
17	0.69	69	31
18	0.69	69	31
19	0.69	69	31
20	0.68	68	32
21	0.68	68	32
22	0.68	68	32
23	0.68	68	32
24	0.68	68	32
25	0.67	67	33
26	0.67	67	33
27	0.67	67	33
28	0.67	67	33
29	0.67	67	33
30	0.66	66	34
31	0.66	66	34
32	0.66	66	34
33	0.66	66	34
34	0.66	66	34
35	0.65	65	35
36	0.64	64	36
37	0.64	64	36
38	0.64	64	36
39	0.64	64	36
40	0.64	64	36
41	0.64	64	36
42	0.64	64	36
43	0.64	64	36
44	0.64	64	36
45	0.64	64	36
46	0.64	64	36
47	0.64	64	36
48	0.64	64	36
49	0.64	64	36
50	0.64	64	36
51	0.64	64	36
52	0.64	64	36
53	0.64	64	36
54	0.63	63	37
55	0.63	63	37
56	0.63	63	37
57	0.63	63	37
58	0.63	63	37
59	0.63	63	37
60	0.62	62	38
61	0.62	62	38
62	0.62	62	38
63	0.62	62	38
64	0.62	62	38
65	0.62	62	38
66	0.62	62	38
67	0.62	62	38
68	0.62	62	38
69	0.62	62	38
70	0.63	63	37
71	0.64	64	36
72	0.65	65	35
73	0.66	66	34
74	0.67	67	33
75	0.67	67	33
76	0.68	68	32
77	0.69	69	31
78	0.69	69	31
79	0.70	70	30
80	0.71	71	29
81	0.72	72	28
82	0.73	73	27
83	0.74	74	26
84	0.75	75	25
85	0.76	76	24
86	0.77	77	23
87	0.77	77	23
88	0.78	78	22
89	0.79	79	21
90	0.80	80	20
91	0.81	81	19
92	0.82	82	18
93	0.83	83	17
94	0.84	84	16
95	0.85	85	15
96	0.86	86	14
97	0.87	87	13
98	0.88	88	12
99	0.89	89	11
100	0.89	89	11
101	0.89	89	11
102	0.89	89	11
103	0.89	89	11
104	0.89	89	11
105	0.89	89	11
106	0.89	89	11
107	0.89	89	11
108	0.89	89	11
109	0.89	89	11
110	0.89	89	11
111	0.89	89	11
112	0.90	90	10
113	0.90	90	10
114	0.90	90	10
115	0.90	90	10
116	0.90	90	10
117	0.90	90	10
118	0.90	90	10
119	0.90	90	10
120	0.91	91	9
121	0.91	91	9
122	0.91	91	9
123	0.91	91	9
124	0.91	91	9
125	0.92	92	8
126	0.92	92	8
127	0.92	92	8
128	0.92	92	8
129	0.92	92	8
130	0.93	93	7
131	0.93	93	7
132	0.93	93	7
133	0.93	93	7
134	0.93	93	7
135	0.94	94	6
136	0.95	95	5
137	0.95	95	5
138	0.95	95	5
139	0.95	95	5
140	0.95	95	5
141	0.95	95	5
142	0.94	94	6
143	0.93	93	7
144	0.93	93	7
145	0.93	93	7
146	0.93	93	7
147	0.93	93	7
148	0.93	93	7
149	0.93	93	7
150	0.93	93	7
151	0.93	93	7
152	0.93	93	7
153	0.93	93	7
154	0.94	94	6
155	0.94	94	6
156	0.94	94	6
157	0.94	94	6
158	0.94	94	6
159	0.94	94	6
160	0.95	95	5
161	0.95	95	5
162	0.95	95	5
163	0.95	95	5
164	0.95	95	5
165	0.95	95	5
166	0.95	95	5
167	0.95	95	5
168	0.94	94	6
169	0.93	93	7
170	0.93	93	7
171	0.93	93	7
172	0.93	93	7
173	0.93	93	7
174	0.93	93	7
175	0.94	94	6
176	0.94	94	6
177	0.94	94	6
178	0.95	95	5
179	0.95	95	5
180	0.95	95	5
181	0.95	95	5
182	0.95	95	5
183	0.95	95	5
184	0.95	95	5
185	0.95	95	5
186	0.95	95	5
187	0.96	96	4
188	0.96	96	4
189	0.96	96	4
190	0.96	96	4
191	0.96	96	4
192	0.96	96	4
193	0.96	96	4
194	0.96	96	4
195	0.96	96	4
196	0.96	96	4
197	0.96	96	4
198	0.96	96	4
199	0.96	96	4
200	0.96	96	4
201	0.96	96	4
202	0.96	96	4
203	0.96	96	4
204	0.95	95	5
205	0.95	95	5
206	0.95	95	5
207	0.95	95	5
208	0.95	95	5
209	0.95	95	5
210	0.95	95	5
211	0.94	94	6
212	0.94	94	6
213	0.94	94	6
214	0.94	94	6
215	0.94	94	6
216	0.94	94	6
217	0.94	94	6
218	0.94	94	6
219	0.94	94	6
220	0.94	94	6
221	0.94	94	6
222	0.94	94	6
223	0.94	94	6
224	0.94	94	6
225	0.94	94	6
226	0.94	94	6
227	0.94	94	6
228	0.94	94	6
229	0.94	94	6
230	0.94	94	6
231	0.94	94	6
232	0.94	94	6
233	0.94	94	6
234	0.94	94	6
235	0.94	94	6
236	0.94	94	6
237	0.94	94	6
238	0.94	94	6
239	0.94	94	6
240	0.94	94	6
241	0.94	94	6
242	0.95	95	5
243	0.96	96	4
244	0.96	96	4
245	0.96	96	4
246	0.96	96	4
247	0.96	96	4
248	0.96	96	4
249	0.96	96	4
250	0.96	96	4
251	0.96	96	4
252	0.96	96	4
253	0.96	96	4
254	0.96	96	4
255	0.96	96	4
256	0.95	95	5
257	0.95	95	5
258	0.95	95	5
259	0.95	95	5
260	0.95	95	5
261	0.95	95	5
262	0.95	95	5
263	0.95	95	5
264	0.95	95	5
265	0.95	95	5
266	0.95	95	5
267	0.95	95	5
268	0.96	96	4
269	0.97	97	3
270	0.97	97	3
271	0.97	97	3
272	0.97	97	3
273	0.97	97	3
274	0.97	97	3
275	0.97	97	3
276	0.97	97	3
277	0.97	97	3
278	0.97	97	3
279	0.97	97	3
280	0.97	97	3
281	0.97	97	3
282	0.97	97	3
283	0.97	97	3
284	0.97	97	3
285	0.97	97	3
286	0.97	97	3
287	0.97	97	3
288	0.97	97	3
289	0.97	97	3
290	0.97	97	3
291	0.97	97	3
292	0.97	97	3
293	0.97	97	3
294	0.97	97	3
295	0.97	97	3
296	0.97	97	3
297	0.97	97	3
298	0.97	97	3
299	0.97	97	3
300	0.97	97	3
301	0.97	97	3
302	0.97	97	3
303	0.97	97	3
304	0.98	98	2
305	0.98	98	2
306	0.98	98	2
307	0.98	98	2
308	0.98	98	2
309	0.98	98	2
310	0.98	98	2
311	0.99	99	1
312	0.99	99	1
313	0.99	99	1
314	0.99	99	1
315	0.99	99	1
316	0.99	99	1
317	0.99	99	1
318	0.99	99	1
319	0.99	99	1
320	0.99	99	1
321	0.99	99	1
322	0.99	99	1
323	0.99	99	1
324	0.99	99	1
325	0.99	99	1
326	0.99	99	1
327	0.99	99	1
328	0.99	99	1
329	0.99	99	1
330	0.99	99	1
331	0.99	99	1
332	0.99	99	1
333	0.99	99	1
334	0.99	99	1
335	0.99	99	1
336	0.99	99	1
337	0.98	98	2
338	0.98	98	2
339	0.98	98	2
340	0.98	98	2
341	0.97	97	3
342	0.97	97	3
343	0.96	96	4
344	0.96	96	4
345	0.96	96	4
346	0.96	96	4
347	0.96	96	4
348	0.96	96	4
349	0.96	96	4
350	0.96	96	4
351	0.96	96	4
352	0.96	96	4
353	0.96	96	4
354	0.96	96	4
355	0.96	96	4
356	0.97	97	3
357	0.97	97	3
358	0.97	97	3
359	0.97	97	3
360	0.97	97	3
361	0.97	97	3
362	0.97	97	3
363	0.97	97	3
364	0.96	96	4
365	0.96	96	4
366	0.96	96	4
367	0.96	96	4
368	0.96	96	4
369	0.96	96	4
370	0.96	96	4
371	0.96	96	4
372	0.96	96	4
373	0.96	96	4
374	0.96	96	4
375	0.96	96	4
376	0.96	96	4
377	0.96	96	4
378	0.96	96	4
379	0.96	96	4
380	0.96	96	4
381	0.96	96	4
382	0.96	96	4
383	0.96	96	4
384	0.96	96	4
385	0.95	95	5
386	0.95	95	5
387	0.95	95	5
388	0.95	95	5
389	0.95	95	5
390	0.95	95	5
391	0.95	95	5
392	0.95	95	5
393	0.95	95	5
394	0.95	95	5
395	0.95	95	5
396	0.95	95	5
397	0.95	95	5
398	0.95	95	5
399	0.95	95	5
400	0.95	95	5
401	0.95	95	5
402	0.95	95	5
403	0.95	95	5
404	0.95	95	5
405	0.95	95	5
406	0.95	95	5
407	0.95	95	5
408	0.95	95	5
409	0.95	95	5
410	0.95	95	5
411	0.95	95	5
412	0.95	95	5
413	0.95	95	5
414	0.94	94	6
415	0.94	94	6
416	0.94	94	6
417	0.94	94	6
418	0.94	94	6
419	0.94	94	6
420	0.94	94	6
421	0.94	94	6
422	0.94	94	6
423	0.94	94	6
424	0.94	94	6
425	0.94	94	6
426	0.94	94	6
427	0.94	94	6
428	0.94	94	6
429	0.94	94	6
430	0.94	94	6
431	0.94	94	6
432	0.93	93	7
433	0.93	93	7
434	0.93	93	7
435	0.93	93	7
436	0.93	93	7
437	0.94	94	6
438	0.94	94	6
439	0.94	94	6
440	0.94	94	6
441	0.95	95	5
442	0.95	95	5
443	0.96	96	4
444	0.96	96	4
445	0.96	96	4
446	0.96	96	4
447	0.95	95	5
448	0.95	95	5
449	0.95	95	5
450	0.95	95	5
451	0.95	95	5
452	0.95	95	5
453	0.95	95	5
454	0.95	95	5
455	0.95	95	5
456	0.95	95	5
457	0.95	95	5
458	0.95	95	5
459	0.95	95	5
460	0.95	95	5
461	0.95	95	5
462	0.95	95	5
463	0.95	95	5
464	0.96	96	4
465	0.96	96	4
466	0.96	96	4
467	0.96	96	4
468	0.96	96	4
469	0.96	96	4
470	0.96	96	4
471	0.96	96	4
472	0.95	95	5
473	0.95	95	5
474	0.95	95	5
475	0.95	95	5
476	0.95	95	5
477	0.95	95	5
478	0.95	95	5
479	0.95	95	5
480	0.95	95	5
481	0.95	95	5
482	0.95	95	5
483	0.95	95	5
484	0.95	95	5
485	0.95	95	5
486	0.95	95	5
487	0.95	95	5
488	0.95	95	5
489	0.95	95	5
490	0.95	95	5
491	0.95	95	5
492	0.95	95	5
493	0.95	95	5
494	0.95	95	5
495	0.95	95	5
496	0.95	95	5
497	0.95	95	5
498	0.95	95	5
499	0.95	95	5
500	0.95	95	5
501	0.95	95	5
502	0.95	95	5
503	0.95	95	5
504	0.95	95	5
505	0.95	95	5
506	0.95	95	5
507	0.95	95	5
508	0.95	95	5
509	0.95	95	5
510	0.95	95	5
511	0.95	95	5
512	0.95	95	5
513	0.95	95	5
514	0.96	96	4
515	0.96	96	4
516	0.96	96	4
517	0.96	96	4
518	0.96	96	4
519	0.96	96	4
520	0.96	96	4
521	0.96	96	4
522	0.96	96	4
523	0.96	96	4
524	0.96	96	4
525	0.96	96	4
526	0.96	96	4
527	0.96	96	4
528	0.96	96	4
529	0.96	96	4
530	0.96	96	4
531	0.96	96	4
532	0.97	97	3
533	0.97	97	3
534	0.97	97	3
535	0.97	97	3
536	0.97	97	3
537	0.97	97	3
538	0.97	97	3
539	0.97	97	3
540	0.97	97	3
541	0.97	97	3
542	0.97	97	3
543	0.97	97	3
544	0.96	96	4
545	0.96	96	4
546	0.96	96	4
547	0.97	97	3
548	0.97	97	3
549	0.97	97	3
550	0.97	97	3
551	0.97	97	3
552	0.97	97	3
553	0.97	97	3
554	0.97	97	3
555	0.97	97	3
556	0.97	97	3
557	0.97	97	3
558	0.97	97	3
559	0.97	97	3
560	0.97	97	3
561	0.97	97	3
562	0.97	97	3
563	0.97	97	3
564	0.97	97	3
565	0.97	97	3
566	0.97	97	3
567	0.97	97	3
568	0.97	97	3
569	0.97	97	3
570	0.97	97	3
571	0.97	97	3
572	0.98	98	2
573	0.98	98	2
574	0.98	98	2
575	0.98	98	2
576	0.98	98	2
577	0.98	98	2
578	0.98	98	2
579	0.98	98	2
580	0.98	98	2
581	0.98	98	2
582	0.98	98	2
583	0.98	98	2
584	0.98	98	2
585	0.99	99	1
586	0.99	99	1
587	0.99	99	1
588	0.99	99	1
589	0.99	99	1
590	0.99	99	1
591	0.99	99	1
592	0.99	99	1
593	0.99	99	1
594	0.99	99	1
595	0.99	99	1
596	0.99	99	1
597	0.99	99	1
598	0.99	99	1
599	0.99	99	1
600	0.99	99	1
601	0.99	99	1
602	0.99	99	1
603	0.99	99	1
604	0.99	99	1
605	0.99	99	1
606	0.99	99	1
607	0.99	99	1
608	0.99	99	1
609	0.99	99	1
610	0.99	99	1
611	0.99	99	1
612	0.98	98	2
613	0.98	98	2
614	0.98	98	2
615	0.98	98	2
616	0.98	98	2
617	0.98	98	2
618	0.98	98	2
619	0.98	98	2
620	0.98	98	2
621	0.98	98	2
622	0.98	98	2
623	0.97	97	3
624	0.97	97	3
625	0.97	97	3
626	0.97	97	3
627	0.97	97	3
628	0.97	97	3
629	0.97	97	3
630	0.97	97	3
631	0.97	97	3
632	0.97	97	3
633	0.97	97	3
634	0.97	97	3
635	0.97	97	3
636	0.97	97	3
637	0.97	97	3
638	0.97	97	3
639	0.97	97	3
640	0.97	97	3
641	0.97	97	3
642	0.97	97	3
643	0.97	97	3
644	0.98	98	2
645	0.98	98	2
646	0.98	98	2
647	0.98	98	2
648	0.98	98	2
649	0.98	98	2
650	0.98	98	2
651	0.98	98	2
652	0.98	98	2
653	0.98	98	2
654	0.98	98	2
655	0.98	98	2
656	0.98	98	2
657	0.98	98	2
658	0.98	98	2
659	0.98	98	2
660	0.98	98	2
661	0.98	98	2
662	0.98	98	2
663	0.98	98	2
664	0.98	98	2
665	0.98	98	2
666	0.97	97	3
667	0.97	97	3
668	0.97	97	3
669	0.97	97	3
670	0.97	97	3
671	0.97	97	3
672	0.97	97	3
673	0.97	97	3
674	0.97	97	3
675	0.97	97	3
676	0.97	97	3
677	0.97	97	3
678	0.97	97	3
679	0.97	97	3
680	0.97	97	3
681	0.97	97	3
682	0.97	97	3
683	0.97	97	3
684	0.97	97	3
685	0.96	96	4
686	0.96	96	4
687	0.96	96	4
688	0.96	96	4
689	0.96	96	4
690	0.96	96	4
691	0.96	96	4
692	0.96	96	4
693	0.96	96	4
694	0.96	96	4
695	0.96	96	4
696	0.96	96	4
697	0.96	96	4
698	0.96	96	4
699	0.96	96	4
700	0.96	96	4
701	0.96	96	4
702	0.96	96	4
703	0.96	96	4
704	0.96	96	4
705	0.96	96	4
706	0.96	96	4
707	0.96	96	4
708	0.96	96	4
709	0.96	96	4
710	0.96	96	4
711	0.96	96	4
712	0.97	97	3
713	0.97	97	3
714	0.97	97	3
715	0.97	97	3
716	0.97	97	3
717	0.97	97	3
718	0.96	96	4
719	0.96	96	4
720	0.96	96	4
721	0.96	96	4
722	0.96	96	4
723	0.97	97	3
724	0.97	97	3
725	0.97	97	3
726	0.97	97	3
727	0.97	97	3
728	0.97	97	3
729	0.97	97	3
730	0.97	97	3
731	0.97	97	3
732	0.97	97	3
733	0.97	97	3
734	0.97	97	3
735	0.97	97	3
736	0.97	97	3
737	0.97	97	3
738	0.97	97	3
739	0.97	97	3
740	0.97	97	3
741	0.96	96	4
742	0.96	96	4
743	0.96	96	4
744	0.96	96	4
745	0.96	96	4
746	0.96	96	4
747	0.96	96	4
748	0.96	96	4
749	0.96	96	4
750	0.96	96	4
751	0.96	96	4
752	0.96	96	4
753	0.96	96	4
754	0.96	96	4
755	0.96	96	4
756	0.96	96	4
757	0.96	96	4
758	0.96	96	4
759	0.96	96	4
760	0.96	96	4
761	0.95	95	5
762	0.95	95	5
763	0.95	95	5
764	0.95	95	5
765	0.95	95	5
766	0.95	95	5
767	0.95	95	5
768	0.95	95	5
769	0.95	95	5
770	0.95	95	5
771	0.95	95	5
772	0.95	95	5
773	0.95	95	5
774	0.95	95	5
775	0.95	95	5
776	0.95	95	5
777	0.95	95	5
778	0.95	95	5
779	0.95	95	5
780	0.95	95	5
781	0.95	95	5
782	0.94	94	6
783	0.94	94	6
784	0.93	93	7
785	0.94	94	6
786	0.94	94	6
787	0.94	94	6
788	0.94	94	6
789	0.94	94	6
790	0.94	94	6
791	0.94	94	6
792	0.94	94	6
793	0.94	94	6
794	0.94	94	6
795	0.94	94	6
796	0.94	94	6
797	0.94	94	6
798	0.94	94	6
799	0.94	94	6
800	0.94	94	6
801	0.94	94	6
802	0.94	94	6
803	0.94	94	6
804	0.94	94	6
805	0.94	94	6
806	0.94	94	6
807	0.94	94	6
808	0.94	94	6
809	0.94	94	6
810	0.94	94	6
811	0.94	94	6
812	0.94	94	6
813	0.94	94	6
814	0.94	94	6
815	0.94	94	6
816	0.93	93	7
817	0.93	93	7
818	0.94	94	6
819	0.94	94	6
820	0.94	94	6
821	0.94	94	6
822	0.94	94	6
823	0.94	94	6
824	0.94	94	6
825	0.94	94	6
826	0.94	94	6
827	0.94	94	6
828	0.93	93	7
829	0.93	93	7
830	0.93	93	7
831	0.93	93	7
832	0.93	93	7
833	0.93	93	7
834	0.93	93	7
835	0.93	93	7
836	0.93	93	7
837	0.93	93	7
838	0.92	92	8
839	0.92	92	8
840	0.92	92	8
841	0.93	93	7
842	0.93	93	7
843	0.93	93	7
844	0.93	93	7
845	0.93	93	7
846	0.93	93	7
847	0.93	93	7
848	0.92	92	8
849	0.92	92	8
850	0.92	92	8
851	0.92	92	8
852	0.92	92	8
853	0.92	92	8
854	0.92	92	8
855	0.92	92	8
856	0.92	92	8
857	0.92	92	8
858	0.92	92	8
859	0.92	92	8
860	0.92	92	8
861	0.93	93	7
862	0.93	93	7
863	0.93	93	7
864	0.93	93	7
865	0.93	93	7
866	0.94	94	6
867	0.94	94	6
868	0.94	94	6
869	0.94	94	6
870	0.94	94	6
871	0.94	94	6
872	0.94	94	6
873	0.94	94	6
874	0.93	93	7
875	0.93	93	7
876	0.93	93	7
877	0.93	93	7
878	0.93	93	7
879	0.93	93	7
880	0.93	93	7
881	0.93	93	7
882	0.94	94	6
883	0.94	94	6
884	0.95	95	5
885	0.95	95	5
886	0.95	95	5
887	0.95	95	5
888	0.95	95	5
889	0.95	95	5
890	0.95	95	5
891	0.95	95	5
892	0.95	95	5
893	0.95	95	5
894	0.95	95	5
895	0.95	95	5
896	0.95	95	5
897	0.95	95	5
898	0.95	95	5
899	0.95	95	5
900	0.95	95	5
901	0.95	95	5
902	0.95	95	5
903	0.95	95	5
904	0.95	95	5
905	0.95	95	5
906	0.95	95	5
907	0.95	95	5
908	0.95	95	5
909	0.95	95	5
910	0.95	95	5
911	0.95	95	5
912	0.95	95	5
913	0.95	95	5
914	0.95	95	5
915	0.94	94	6
916	0.95	95	5
917	0.95	95	5
918	0.95	95	5
919	0.95	95	5
920	0.95	95	5
921	0.95	95	5
922	0.95	95	5
923	0.95	95	5
924	0.95	95	5
925	0.95	95	5
926	0.95	95	5
927	0.95	95	5
928	0.96	96	4
929	0.96	96	4
930	0.96	96	4
931	0.96	96	4
932	0.96	96	4
933	0.96	96	4
934	0.96	96	4
935	0.96	96	4
936	0.96	96	4
937	0.96	96	4
938	0.97	97	3
939	0.97	97	3
940	0.97	97	3
941	0.97	97	3
942	0.97	97	3
943	0.97	97	3
944	0.97	97	3
945	0.97	97	3
946	0.97	97	3
947	0.97	97	3
948	0.98	98	2
949	0.98	98	2
950	0.98	98	2
951	0.98	98	2
952	0.98	98	2
953	0.98	98	2
954	0.98	98	2
955	0.98	98	2
956	0.98	98	2
957	0.98	98	2
958	0.98	98	2
959	0.98	98	2
960	0.98	98	2
961	0.98	98	2
962	0.98	98	2
963	0.98	98	2
964	0.98	98	2
965	0.98	98	2
966	0.98	98	2
967	0.98	98	2
968	0.98	98	2
969	0.98	98	2
970	0.97	97	3
971	0.97	97	3
972	0.97	97	3
973	0.97	97	3
974	0.98	98	2
975	0.98	98	2
976	0.98	98	2
977	0.98	98	2
978	0.98	98	2
979	0.98	98	2
980	0.98	98	2
981	0.97	97	3
982	0.97	97	3
983	0.97	97	3
984	0.97	97	3
985	0.97	97	3
986	0.97	97	3
987	0.97	97	3
988	0.97	97	3
989	0.97	97	3
990	0.97	97	3
991	0.97	97	3
992	0.97	97	3
993	0.97	97	3
994	0.96	96	4
995	0.96	96	4
996	0.96	96	4
997	0.96	96	4
998	0.96	96	4
999	0.95	95	5
1000	0.06	94	6
1001	0.06	94	6
1002	0.06	94	6
1003	0.06	94	6
1004	0.07	93	7
1005	0.08	92	8
1006	0.09	91	9
1007	0.10	90	10
1008	0.11	89	11
1009	0.11	89	11
1010	0.11	89	11
1011	0.12	88	12
1012	0.13	87	13
1013	0.14	86	14
1014	0.15	85	15
1015	0.15	85	15
1016	0.15	85	15
1017	0.16	84	16
1018	0.16	84	16
1019	0.16	84	16
1020	0.17	83	17
1021	0.18	82	18
1022	0.18	82	18
1023	0.19	81	19
1024	0.20	80	20
1025	0.20	80	20
1026	0.21	79	21
1027	0.22	78	22
1028	0.23	77	23
1029	0.23	77	23
1030	0.23	77	23
1031	0.23	77	23
1032	0.24	76	24
1033	0.24	76	24
1034	0.25	75	25
1035	0.25	75	25
1036	0.26	74	26
1037	0.27	73	27
1038	0.28	72	28
1039	0.29	71	29
1040	0.29	71	29
1041	0.30	70	30
1042	0.30	70	30
1043	0.30	70	30
1044	0.31	69	31
1045	0.31	69	31
1046	0.32	68	32
1047	0.33	67	33
1048	0.34	66	34
1049	0.35	65	35
1050	0.36	64	36
1051	0.37	63	37
1052	0.38	62	38
1053	0.39	61	39
1054	0.39	61	39
1055	0.40	60	40
1056	0.41	59	41
1057	0.42	58	42
1058	0.43	57	43
1059	0.44	56	44
1060	0.45	55	45
1061	0.46	54	46
1062	0.47	53	47
1063	0.48	52	48
1064	0.49	51	49
1065	0.50	50	50
1066	0.51	49	51
1067	0.52	48	52
1068	0.53	47	53
1069	0.54	46	54
1070	0.54	46	54
1071	0.55	45	55
1072	0.56	44	56
1073	0.57	43	57
1074	0.58	42	58
1075	0.59	41	59
1076	0.60	40	60
1077	0.61	39	61
1078	0.62	38	62
1079	0.63	37	63
1080	0.64	36	64
1081	0.64	36	64
1082	0.65	35	65
1083	0.65	35	65
1084	0.66	34	66
1085	0.67	33	67
1086	0.68	32	68
1087	0.69	31	69
1088	0.70	30	70
1089	0.71	29	71
1090	0.72	28	72
1091	0.73	27	73
1092	0.74	26	74
1093	0.75	25	75
1094	0.75	25	75
1095	0.76	24	76
1096	0.77	23	77
1097	0.78	22	78
1098	0.79	21	79
1099	0.79	21	79
1100	0.79	21	79
1101	0.80	20	80
1102	0.81	19	81
1103	0.82	18	82
1104	0.82	18	82
1105	0.82	18	82
1106	0.82	18	82
1107	0.82	18	82
1108	0.82	18	82
1109	0.83	17	83
1110	0.84	16	84
1111	0.83	17	83
1112	0.83	17	83
1113	0.83	17	83
1114	0.83	17	83
1115	0.83	17	83
1116	0.84	16	84
1117	0.84	16	84
1118	0.85	15	85
1119	0.86	14	86
1120	0.86	14	86
1121	0.86	14	86
1122	0.86	14	86
1123	0.86	14	86
1124	0.86	14	86
1125	0.87	13	87
1126	0.87	13	87
1127	0.87	13	87
1128	0.87	13	87
1129	0.88	12	88
1130	0.89	11	89
1131	0.90	10	90
1132	0.90	10	90
1133	0.91	9	91
1134	0.91	9	91
1135	0.92	8	92
1136	0.92	8	92
1137	0.92	8	92
1138	0.92	8	92
1139	0.92	8	92
1140	0.93	7	93
1141	0.93	7	93
1142	0.94	6	94
1143	0.95	5	95
1144	0.95	5	95
1145	0.96	4	96
1146	0.96	4	96
1147	0.95	5	95
1148	0.95	5	95
1149	0.95	5	95
1150	0.95	5	95
1151	0.95	5	95
1152	0.95	5	95
1153	0.95	5	95
1154	0.96	4	96
1155	0.96	4	96
1156	0.96	4	96
1157	0.96	4	96
1158	0.96	4	96
1159	0.96	4	96
1160	0.96	4	96
1161	0.96	4	96
1162	0.96	4	96
1163	0.96	4	96
1164	0.96	4	96
1165	0.96	4	96
1166	0.96	4	96
1167	0.96	4	96
1168	0.96	4	96
1169	0.96	4	96
1170	0.96	4	96
1171	0.96	4	96
1172	0.96	4	96
1173	0.96	4	96
1174	0.96	4	96
1175	0.96	4	96
1176	0.96	4	96
1177	0.96	4	96
1178	0.96	4	96
1179	0.96	4	96
1180	0.96	4	96
1181	0.96	4	96
1182	0.96	4	96
1183	0.97	3	97
1184	0.97	3	97
1185	0.97	3	97
1186	0.97	3	97
1187	0.96	4	96
1188	0.96	4	96
1189	0.96	4	96
1190	0.96	4	96
1191	0.96	4	96
1192	0.96	4	96
1193	0.96	4	96
1194	0.96	4	96
1195	0.96	4	96
1196	0.95	5	95
1197	0.95	5	95
1198	0.95	5	95
1199	0.95	5	95
1200	0.94	6	94
1201	0.94	6	94
1202	0.94	6	94
1203	0.94	6	94
1204	0.94	6	94
1205	0.94	6	94
1206	0.94	6	94
1207	0.94	6	94
1208	0.94	6	94
1209	0.94	6	94
1210	0.94	6	94
1211	0.95	5	95
1212	0.95	5	95
1213	0.95	5	95
1214	0.95	5	95
1215	0.95	5	95
1216	0.95	5	95
1217	0.95	5	95
1218	0.95	5	95
1219	0.95	5	95
1220	0.95	5	95
1221	0.95	5	95
1222	0.96	4	96
1223	0.96	4	96
1224	0.96	4	96
1225	0.96	4	96
1226	0.96	4	96
1227	0.96	4	96
1228	0.96	4	96
1229	0.96	4	96
1230	0.96	4	96
1231	0.96	4	96
1232	0.96	4	96
1233	0.96	4	96
1234	0.96	4	96
1235	0.96	4	96
1236	0.96	4	96
1237	0.96	4	96
1238	0.95	5	95
1239	0.95	5	95
1240	0.95	5	95
1241	0.95	5	95
1242	0.95	5	95
1243	0.95	5	95
1244	0.95	5	95
1245	0.95	5	95
1246	0.95	5	95
1247	0.96	4	96
1248	0.96	4	96
1249	0.96	4	96
1250	0.96	4	96
1251	0.95	5	95
1252	0.95	5	95
1253	0.95	5	95
1254	0.95	5	95
1255	0.95	5	95
1256	0.95	5	95
1257	0.95	5	95
1258	0.95	5	95
1259	0.95	5	95
1260	0.95	5	95
1261	0.95	5	95
1262	0.95	5	95
1263	0.95	5	95
1264	0.95	5	95
1265	0.95	5	95
1266	0.95	5	95
1267	0.95	5	95
1268	0.95	5	95
1269	0.95	5	95
1270	0.95	5	95
1271	0.95	5	95
1272	0.95	5	95
1273	0.95	5	95
1274	0.95	5	95
1275	0.95	5	95
1276	0.95	5	95
1277	0.95	5	95
1278	0.95	5	95
1279	0.95	5	95
1280	0.95	5	95
1281	0.95	5	95
1282	0.95	5	95
1283	0.95	5	95
1284	0.95	5	95
1285	0.95	5	95
1286	0.95	5	95
1287	0.96	4	96
1288	0.96	4	96
1289	0.96	4	96
1290	0.96	4	96
1291	0.96	4	96
1292	0.96	4	96
1293	0.96	4	96
1294	0.96	4	96
1295	0.96	4	96
1296	0.97	3	97
1297	0.97	3	97
1298	0.97	3	97
1299	0.97	3	97
1300	0.98	2	98
1301	0.98	2	98
1302	0.98	2	98
1303	0.98	2	98
1304	0.98	2	98
1305	0.98	2	98
1306	0.98	2	98
1307	0.98	2	98
1308	0.98	2	98
1309	0.98	2	98
1310	0.98	2	98
1311	0.98	2	98
1312	0.98	2	98
1313	0.98	2	98
1314	0.98	2	98
1315	0.98	2	98
1316	0.98	2	98
1317	0.98	2	98
1318	0.98	2	98
1319	0.98	2	98
1320	0.98	2	98
1321	0.98	2	98
1322	0.98	2	98
1323	0.97	3	97
1324	0.97	3	97
1325	0.97	3	97
1326	0.97	3	97
1327	0.97	3	97
1328	0.97	3	97
1329	0.97	3	97
1330	0.97	3	97
1331	0.97	3	97
1332	0.97	3	97
1333	0.97	3	97
1334	0.97	3	97
1335	0.97	3	97
1336	0.97	3	97
1337	0.97	3	97
1338	0.98	2	98
1339	0.98	2	98
1340	0.98	2	98
1341	0.98	2	98
1342	0.98	2	98
1343	0.98	2	98
1344	0.98	2	98
1345	0.98	2	98
1346	0.98	2	98
1347	0.98	2	98
1348	0.98	2	98
1349	0.98	2	98
1350	0.98	2	98
1351	0.99	1	99
1352	0.99	1	99
1353	0.99	1	99
1354	0.99	1	99
1355	0.99	1	99
1356	0.99	1	99
1357	0.99	1	99
1358	0.99	1	99
1359	0.99	1	99
1360	0.99	1	99
1361	0.99	1	99
1362	0.99	1	99
1363	0.99	1	99
1364	0.99	1	99
1365	0.99	1	99
1366	0.99	1	99
1367	0.99	1	99
1368	0.99	1	99
1369	0.99	1	99
1370	0.99	1	99
1371	0.99	1	99
1372	0.99	1	99
1373	0.99	1	99
1374	0.99	1	99
1375	0.99	1	99
1376	0.99	1	99
1377	0.99	1	99
1378	0.99	1	99
1379	0.99	1	99
1380	0.99	1	99
1381	0.99	1	99
1382	0.99	1	99
1383	0.99	1	99
1384	0.99	1	99
1385	0.99	1	99
1386	0.99	1	99
1387	0.99	1	99
1388	0.99	1	99
1389	0.99	1	99
1390	0.99	1	99
1391	0.99	1	99
1392	0.99	1	99
1393	0.99	1	99
1394	0.99	1	99
1395	0.99	1	99
1396	0.99	1	99
1397	0.99	1	99
1398	0.99	1	99
1399	0.99	1	99
1400	0.99	1	99
1401	0.99	1	99
1402	0.99	1	99
1403	0.99	1	99
1404	0.99	1	99
1405	0.98	2	98
1406	0.98	2	98
1407	0.98	2	98
1408	0.98	2	98
1409	0.98	2	98
1410	0.98	2	98
1411	0.98	2	98
1412	0.98	2	98
1413	0.98	2	98
1414	0.97	3	97
1415	0.97	3	97
1416	0.97	3	97
1417	0.97	3	97
1418	0.97	3	97
1419	0.97	3	97
1420	0.97	3	97
1421	0.97	3	97
1422	0.97	3	97
1423	0.97	3	97
1424	0.97	3	97
1425	0.97	3	97
1426	0.97	3	97
1427	0.97	3	97
1428	0.97	3	97
1429	0.97	3	97
1430	0.97	3	97
1431	0.97	3	97
1432	0.97	3	97
1433	0.97	3	97
1434	0.97	3	97
1435	0.97	3	97
1436	0.97	3	97
1437	0.97	3	97
1438	0.97	3	97
1439	0.97	3	97
1440	0.97	3	97
1441	0.97	3	97
1442	0.97	3	97
1443	0.97	3	97
1444	0.97	3	97
1445	0.97	3	97
1446	0.97	3	97
1447	0.97	3	97
1448	0.97	3	97
1449	0.97	3	97
1450	0.97	3	97
1451	0.97	3	97
1452	0.97	3	97
1453	0.97	3	97
1454	0.97	3	97
1455	0.97	3	97
1456	0.97	3	97
1457	0.97	3	97
1458	0.97	3	97
1459	0.97	3	97
1460	0.97	3	97
1461	0.97	3	97
1462	0.97	3	97
1463	0.97	3	97
1464	0.97	3	97
1465	0.97	3	97
1466	0.97	3	97
1467	0.97	3	97
1468	0.97	3	97
1469	0.97	3	97
1470	0.97	3	97
1471	0.97	3	97
1472	0.97	3	97
1473	0.97	3	97
1474	0.96	4	96
1475	0.96	4	96
1476	0.96	4	96
1477	0.96	4	96
1478	0.96	4	96
1479	0.96	4	96
1480	0.96	4	96
1481	0.96	4	96
1482	0.96	4	96
1483	0.96	4	96
1484	0.96	4	96
1485	0.96	4	96
1486	0.96	4	96
1487	0.96	4	96
1488	0.96	4	96
1489	0.96	4	96
1490	0.96	4	96
1491	0.96	4	96
1492	0.96	4	96
1493	0.96	4	96
1494	0.96	4	96
1495	0.96	4	96
1496	0.96	4	96
1497	0.96	4	96
1498	0.96	4	96
1499	0.96	4	96
1500	0.96	4	96
1501	0.96	4	96
1502	0.96	4	96
1503	0.96	4	96
1504	0.96	4	96
1505	0.97	3	97
1506	0.97	3	97
1507	0.97	3	97
1508	0.97	3	97
1509	0.97	3	97
1510	0.97	3	97
1511	0.97	3	97
1512	0.97	3	97
1513	0.97	3	97
1514	0.98	2	98
1515	0.98	2	98
1516	0.98	2	98
1517	0.98	2	98
1518	0.98	2	98
1519	0.97	3	97
1520	0.97	3	97
1521	0.96	4	96
1522	0.96	4	96
1523	0.97	3	97
1524	0.97	3	97
1525	0.97	3	97
1526	0.97	3	97
1527	0.97	3	97
1528	0.97	3	97
1529	0.97	3	97
1530	0.97	3	97
1531	0.97	3	97
1532	0.97	3	97
1533	0.97	3	97
1534	0.97	3	97
1535	0.97	3	97
1536	0.97	3	97
1537	0.97	3	97
1538	0.97	3	97
1539	0.97	3	97
1540	0.97	3	97
1541	0.97	3	97
1542	0.97	3	97
1543	0.97	3	97
1544	0.97	3	97
1545	0.97	3	97
1546	0.97	3	97
1547	0.97	3	97
1548	0.97	3	97
1549	0.97	3	97
1550	0.97	3	97
1551	0.97	3	97
1552	0.96	4	96
1553	0.96	4	96
1554	0.96	4	96
1555	0.96	4	96
1556	0.96	4	96
1557	0.96	4	96
1558	0.96	4	96
1559	0.96	4	96
1560	0.96	4	96
1561	0.96	4	96
1562	0.96	4	96
1563	0.96	4	96
1564	0.96	4	96
1565	0.96	4	96
1566	0.96	4	96
1567	0.96	4	96
1568	0.96	4	96
1569	0.96	4	96
1570	0.96	4	96
1571	0.96	4	96
1572	0.96	4	96
1573	0.96	4	96
1574	0.97	3	97
1575	0.97	3	97
1576	0.97	3	97
1577	0.97	3	97
1578	0.97	3	97
1579	0.97	3	97
1580	0.97	3	97
1581	0.97	3	97
1582	0.97	3	97
1583	0.97	3	97
1584	0.97	3	97
1585	0.97	3	97
1586	0.97	3	97
1587	0.97	3	97
1588	0.97	3	97
1589	0.97	3	97
1590	0.97	3	97
1591	0.97	3	97
1592	0.97	3	97
1593	0.97	3	97
1594	0.97	3	97
1595	0.97	3	97
1596	0.97	3	97
1597	0.97	3	97
1598	0.97	3	97
1599	0.97	3	97
1600	0.97	3	97
1601	0.97	3	97
1602	0.96	4	96
1603	0.96	4	96
1604	0.96	4	96
1605	0.96	4	96
1606	0.95	5	95
1607	0.95	5	95
1608	0.95	5	95
1609	0.95	5	95
1610	0.95	5	95
1611	0.95	5	95
1612	0.95	5	95
1613	0.95	5	95
1614	0.95	5	95
1615	0.95	5	95
1616	0.95	5	95
1617	0.95	5	95
1618	0.95	5	95
1619	0.96	4	96
1620	0.96	4	96
1621	0.97	3	97
1622	0.97	3	97
1623	0.97	3	97
1624	0.97	3	97
1625	0.97	3	97
1626	0.97	3	97
1627	0.97	3	97
1628	0.97	3	97
1629	0.97	3	97
1630	0.97	3	97
1631	0.97	3	97
1632	0.97	3	97
1633	0.97	3	97
1634	0.97	3	97
1635	0.97	3	97
1636	0.97	3	97
1637	0.97	3	97
1638	0.97	3	97
1639	0.97	3	97
1640	0.97	3	97
1641	0.97	3	97
1642	0.97	3	97
1643	0.96	4	96
1644	0.96	4	96
1645	0.95	5	95
1646	0.95	5	95
1647	0.94	6	94
1648	0.94	6	94
1649	0.94	6	94
1650	0.94	6	94
1651	0.94	6	94
1652	0.95	5	95
1653	0.95	5	95
1654	0.95	5	95
1655	0.95	5	95
1656	0.95	5	95
1657	0.95	5	95
1658	0.95	5	95
1659	0.94	6	94
1660	0.93	7	93
1661	0.93	7	93
1662	0.93	7	93
1663	0.93	7	93
1664	0.93	7	93
1665	0.93	7	93
1666	0.93	7	93
1667	0.93	7	93
1668	0.93	7	93
1669	0.93	7	93
1670	0.93	7	93
1671	0.93	7	93
1672	0.93	7	93
1673	0.93	7	93
1674	0.93	7	93
1675	0.93	7	93
1676	0.93	7	93
1677	0.93	7	93
1678	0.93	7	93
1679	0.93	7	93
1680	0.93	7	93
1681	0.93	7	93
1682	0.93	7	93
1683	0.93	7	93
1684	0.93	7	93
1685	0.93	7	93
1686	0.93	7	93
1687	0.93	7	93
1688	0.93	7	93
1689	0.93	7	93
1690	0.93	7	93
1691	0.93	7	93
1692	0.93	7	93
1693	0.93	7	93
1694	0.93	7	93
1695	0.93	7	93
1696	0.93	7	93
1697	0.93	7	93
1698	0.93	7	93
1699	0.93	7	93
1700	0.93	7	93
1701	0.93	7	93
1702	0.94	6	94
1703	0.94	6	94
1704	0.94	6	94
1705	0.94	6	94
1706	0.95	5	95
1707	0.95	5	95
1708	0.95	5	95
1709	0.95	5	95
1710	0.95	5	95
1711	0.94	6	94
1712	0.94	6	94
1713	0.94	6	94
1714	0.94	6	94
1715	0.93	7	93
1716	0.93	7	93
1717	0.93	7	93
1718	0.93	7	93
1719	0.93	7	93
1720	0.93	7	93
1721	0.93	7	93
1722	0.93	7	93
1723	0.93	7	93
1724	0.93	7	93
1725	0.93	7	93
1726	0.93	7	93
1727	0.93	7	93
1728	0.93	7	93
1729	0.93	7	93
1730	0.93	7	93
1731	0.93	7	93
1732	0.93	7	93
1733	0.93	7	93
1734	0.93	7	93
1735	0.93	7	93
1736	0.93	7	93
1737	0.93	7	93
1738	0.93	7	93
1739	0.93	7	93
1740	0.93	7	93
1741	0.93	7	93
1742	0.93	7	93
1743	0.94	6	94
1744	0.94	6	94
1745	0.95	5	95
1746	0.95	5	95
1747	0.96	4	96
1748	0.96	4	96
1749	0.96	4	96
1750	0.96	4	96
1751	0.96	4	96
1752	0.96	4	96
1753	0.96	4	96
1754	0.96	4	96
1755	0.96	4	96
1756	0.96	4	96
1757	0.96	4	96
1758	0.96	4	96
1759	0.97	3	97
1760	0.98	2	98
1761	0.98	2	98
1762	0.98	2	98
1763	0.98	2	98
1764	0.98	2	98
1765	0.98	2	98
1766	0.98	2	98
1767	0.98	2	98
1768	0.98	2	98
1769	0.98	2	98
1770	0.98	2	98
1771	0.98	2	98
1772	0.98	2	98
1773	0.98	2	98
1774	0.98	2	98
1775	0.98	2	98
1776	0.98	2	98
1777	0.98	2	98
1778	0.98	2	98
1779	0.98	2	98
1780	0.98	2	98
1781	0.98	2	98
1782	0.98	2	98
1783	0.98	2	98
1784	0.98	2	98
1785	0.98	2	98
1786	0.98	2	98
1787	0.98	2	98
1788	0.98	2	98
1789	0.98	2	98
1790	0.98	2	98
1791	0.98	2	98
1792	0.98	2	98
1793	0.98	2	98
1794	0.98	2	98
1795	0.98	2	98
1796	0.98	2	98
1797	0.98	2	98
1798	0.98	2	98
1799	0.98	2	98
1800	0.98	2	98
1801	0.98	2	98
1802	0.98	2	98
1803	0.98	2	98
1804	0.98	2	98
1805	0.98	2	98
1806	0.98	2	98
1807	0.98	2	98
1808	0.98	2	98
1809	0.98	2	98
1810	0.98	2	98
1811	0.99	1	99
1812	0.99	1	99
1813	0.99	1	99
1814	0.99	1	99
1815	1.00	0	100
1816	1.00	0	100
1817	1.00	0	100
1818	1.00	0	100
1819	1.00	0	100
1820	1.00	0	100
1821	1.00	0	100
1822	1.00	0	100
1823	1.00	0	100
1824	1.00	0	100
1825	1.00	0	100
1826	1.00	0	100
1827	0.99	1	99
1828	0.99	1	99
1829	0.99	1	99
1830	0.98	2	98
1831	0.98	2	98
1832	0.98	2	98
1833	0.98	2	98
1834	0.98	2	98
1835	0.98	2	98
1836	0.98	2	98
1837	0.98	2	98
1838	0.98	2	98
1839	0.98	2	98
1840	0.98	2	98
1841	0.98	2	98
1842	0.98	2	98
1843	0.98	2	98
1844	0.98	2	98
1845	0.98	2	98
1846	0.98	2	98
1847	0.98	2	98
1848	0.98	2	98
1849	0.98	2	98
1850	0.98	2	98
1851	0.98	2	98
1852	0.98	2	98
1853	0.98	2	98
1854	0.98	2	98
1855	0.98	2	98
1856	0.98	2	98
1857	0.98	2	98
1858	0.98	2	98
1859	0.98	2	98
1860	0.98	2	98
1861	0.98	2	98
1862	0.98	2	98
1863	0.98	2	98
1864	0.98	2	98
1865	0.98	2	98
1866	0.98	2	98
1867	0.98	2	98
1868	0.98	2	98
1869	0.98	2	98
1870	0.98	2	98
1871	0.97	3	97
1872	0.97	3	97
1873	0.97	3	97
1874	0.96	4	96
1875	0.96	4	96
1876	0.96	4	96
1877	0.96	4	96
1878	0.96	4	96
1879	0.96	4	96
1880	0.96	4	96
1881	0.96	4	96
1882	0.96	4	96
1883	0.96	4	96
1884	0.96	4	96
1885	0.96	4	96
1886	0.96	4	96
1887	0.96	4	96
1888	0.96	4	96
1889	0.96	4	96
1890	0.96	4	96
1891	0.96	4	96
1892	0.96	4	96
1893	0.96	4	96
1894	0.96	4	96
1895	0.96	4	96
1896	0.96	4	96
1897	0.96	4	96
1898	0.96	4	96
1899	0.96	4	96
1900	0.96	4	96
1901	0.96	4	96
1902	0.96	4	96
1903	0.96	4	96
1904	0.96	4	96
1905	0.96	4	96
1906	0.96	4	96
1907	0.96	4	96
1908	0.96	4	96
1909	0.96	4	96
1910	0.96	4	96
1911	0.96	4	96
1912	0.96	4	96
1913	0.96	4	96
1914	0.96	4	96
1915	0.96	4	96
1916	0.96	4	96
1917	0.96	4	96
1918	0.96	4	96
1919	0.96	4	96
1920	0.96	4	96
1921	0.96	4	96
1922	0.96	4	96
1923	0.96	4	96
1924	0.96	4	96
1925	0.96	4	96
1926	0.96	4	96
1927	0.97	3	97
1928	0.97	3	97
1929	0.97	3	97
1930	0.98	2	98
1931	0.98	2	98
1932	0.98	2	98
1933	0.98	2	98
1934	0.98	2	98
1935	0.98	2	98
1936	0.98	2	98
1937	0.98	2	98
1938	0.98	2	98
1939	0.98	2	98
1940	0.98	2	98
1941	0.98	2	98
1942	0.98	2	98
1943	0.98	2	98
1944	0.98	2	98
1945	0.98	2	98
1946	0.98	2	98
1947	0.98	2	98
1948	0.98	2	98
1949	0.98	2	98
1950	0.98	2	98
1951	0.98	2	98
1952	0.98	2	98
1953	0.97	3	97
1954	0.97	3	97
1955	0.97	3	97
1956	0.97	3	97
1957	0.97	3	97
1958	0.97	3	97
1959	0.97	3	97
1960	0.97	3	97
1961	0.97	3	97
1962	0.97	3	97
1963	0.97	3	97
1964	0.97	3	97
1965	0.97	3	97
1966	0.97	3	97
1967	0.97	3	97
1968	0.97	3	97
1969	0.97	3	97
1970	0.96	4	96
1971	0.96	4	96
1972	0.96	4	96
1973	0.96	4	96
1974	0.97	3	97
1975	0.97	3	97
1976	0.97	3	97
1977	0.97	3	97
1978	0.97	3	97
1979	0.97	3	97
1980	0.97	3	97
1981	0.97	3	97
1982	0.97	3	97
1983	0.97	3	97
1984	0.97	3	97
1985	0.97	3	97
1986	0.97	3	97
1987	0.97	3	97
1988	0.97	3	97
1989	0.97	3	97
1990	0.97	3	97
1991	0.97	3	97
1992	0.97	3	97
1993	0.97	3	97
1994	0.97	3	97
1995	0.97	3	97
1996	0.97	3	97
1997	0.97	3	97
1998	0.97	3	97
1999	0.97	3	97
2000	0.04	4	96
2001	0.05	5	95
2002	0.05	5	95
2003	0.06	6	94
2004	0.07	7	93
2005	0.08	8	92
2006	0.09	9	91
2007	0.09	9	91
2008	0.10	10	90
2009	0.11	11	89
2010	0.12	12	88
2011	0.12	12	88
2012	0.13	13	87
2013	0.14	14	86
2014	0.15	15	85
2015	0.16	16	84
2016	0.16	16	84
2017	0.17	17	83
2018	0.18	18	82
2019	0.18	18	82
2020	0.19	19	81
2021	0.20	20	80
2022	0.21	21	79
2023	0.21	21	79
2024	0.22	22	78
2025	0.23	23	77
2026	0.23	23	77
2027	0.24	24	76
2028	0.25	25	75
2029	0.26	26	74
2030	0.26	26	74
2031	0.27	27	73
2032	0.28	28	72
2033	0.29	29	71
2034	0.30	30	70
2035	0.30	30	70
2036	0.31	31	69
2037	0.32	32	68
2038	0.33	33	67
2039	0.34	34	66
2040	0.35	35	65
2041	0.35	35	65
2042	0.36	36	64
2043	0.37	37	63
2044	0.38	38	62
2045	0.39	39	61
2046	0.40	40	60
2047	0.41	41	59
2048	0.41	41	59
2049	0.42	42	58
2050	0.43	43	57
2051	0.44	44	56
2052	0.45	45	55
2053	0.45	45	55
2054	0.46	46	54
2055	0.47	47	53
2056	0.48	48	52
2057	0.49	49	51
2058	0.50	50	50
2059	0.51	51	49
2060	0.52	52	48
2061	0.53	53	47
2062	0.54	54	46
2063	0.55	55	45
2064	0.55	55	45
2065	0.56	56	44
2066	0.57	57	43
2067	0.58	58	42
2068	0.59	59	41
2069	0.60	60	40
2070	0.59	59	41
2071	0.59	59	41
2072	0.59	59	41
2073	0.60	60	40
2074	0.61	61	39
2075	0.62	62	38
2076	0.63	63	37
2077	0.64	64	36
2078	0.65	65	35
2079	0.66	66	34
2080	0.67	67	33
2081	0.68	68	32
2082	0.68	68	32
2083	0.68	68	32
2084	0.69	69	31
2085	0.70	70	30
2086	0.71	71	29
2087	0.72	72	28
2088	0.73	73	27
2089	0.74	74	26
2090	0.75	75	25
2091	0.76	76	24
2092	0.77	77	23
2093	0.78	78	22
2094	0.79	79	21
2095	0.80	80	20
2096	0.81	81	19
2097	0.82	82	18
2098	0.83	83	17
2099	0.84	84	16
2100	0.84	84	16
2101	0.84	84	16
2102	0.85	85	15
2103	0.85	85	15
2104	0.85	85	15
2105	0.85	85	15
2106	0.85	85	15
2107	0.86	86	14
2108	0.86	86	14
2109	0.86	86	14
2110	0.86	86	14
2111	0.87	87	13
2112	0.87	87	13
2113	0.87	87	13
2114	0.87	87	13
2115	0.87	87	13
2116	0.88	88	12
2117	0.88	88	12
2118	0.88	88	12
2119	0.89	89	11
2120	0.89	89	11
2121	0.89	89	11
2122	0.89	89	11
2123	0.90	90	10
2124	0.90	90	10
2125	0.90	90	10
2126	0.91	91	9
2127	0.91	91	9
2128	0.90	90	10
2129	0.90	90	10
2130	0.91	91	9
2131	0.91	91	9
2132	0.91	91	9
2133	0.91	91	9
2134	0.91	91	9
2135	0.92	92	8
2136	0.92	92	8
2137	0.92	92	8
2138	0.92	92	8
2139	0.92	92	8
2140	0.92	92	8
2141	0.93	93	7
2142	0.93	93	7
2143	0.93	93	7
2144	0.93	93	7
2145	0.93	93	7
2146	0.93	93	7
2147	0.93	93	7
2148	0.94	94	6
2149	0.94	94	6
2150	0.94	94	6
2151	0.94	94	6
2152	0.94	94	6
2153	0.94	94	6
2154	0.94	94	6
2155	0.94	94	6
2156	0.94	94	6
2157	0.94	94	6
2158	0.94	94	6
2159	0.94	94	6
2160	0.94	94	6
2161	0.94	94	6
2162	0.94	94	6
2163	0.94	94	6
2164	0.95	95	5
2165	0.95	95	5
2166	0.95	95	5
2167	0.95	95	5
2168	0.95	95	5
2169	0.95	95	5
2170	0.96	96	4
2171	0.96	96	4
2172	0.97	97	3
2173	0.97	97	3
2174	0.97	97	3
2175	0.97	97	3
2176	0.97	97	3
2177	0.97	97	3
2178	0.97	97	3
2179	0.97	97	3
2180	0.97	97	3
2181	0.97	97	3
2182	0.98	98	2
2183	0.99	99	1
2184	0.99	99	1
2185	0.99	99	1
2186	0.99	99	1
2187	0.99	99	1
2188	0.99	99	1
2189	0.99	99	1
2190	0.99	99	1
2191	0.99	99	1
2192	0.99	99	1
2193	0.99	99	1
2194	0.99	99	1
2195	0.99	99	1
2196	0.99	99	1
2197	0.99	99	1
2198	0.99	99	1
2199	0.98	98	2
2200	0.98	98	2
2201	0.98	98	2
2202	0.98	98	2
2203	0.98	98	2
2204	0.98	98	2
2205	0.98	98	2
2206	0.98	98	2
2207	0.98	98	2
2208	0.98	98	2
2209	0.98	98	2
2210	0.98	98	2
2211	0.98	98	2
2212	0.98	98	2
2213	0.98	98	2
2214	0.98	98	2
2215	0.98	98	2
2216	0.98	98	2
2217	0.98	98	2
2218	0.98	98	2
2219	0.98	98	2
2220	0.98	98	2
2221	0.98	98	2
2222	0.98	98	2
2223	0.98	98	2
2224	0.98	98	2
2225	0.98	98	2
2226	0.98	98	2
2227	0.98	98	2
2228	0.99	99	1
2229	0.99	99	1
2230	0.99	99	1
2231	0.99	99	1
2232	0.99	99	1
2233	0.99	99	1
2234	0.99	99	1
2235	0.98	98	2
2236	0.98	98	2
2237	0.98	98	2
2238	0.98	98	2
2239	0.98	98	2
2240	0.98	98	2
2241	0.98	98	2
2242	0.98	98	2
2243	0.98	98	2
2244	0.98	98	2
2245	0.97	97	3
2246	0.97	97	3
2247	0.97	97	3
2248	0.97	97	3
2249	0.97	97	3
2250	0.97	97	3
2251	0.97	97	3
2252	0.97	97	3
2253	0.97	97	3
2254	0.97	97	3
2255	0.97	97	3
2256	0.97	97	3
2257	0.97	97	3
2258	0.97	97	3
2259	0.97	97	3
2260	0.97	97	3
2261	0.97	97	3
2262	0.97	97	3
2263	0.97	97	3
2264	0.97	97	3
2265	0.97	97	3
2266	0.97	97	3
2267	0.97	97	3
2268	0.97	97	3
2269	0.97	97	3
2270	0.97	97	3
2271	0.97	97	3
2272	0.97	97	3
2273	0.97	97	3
2274	0.97	97	3
2275	0.97	97	3
2276	0.97	97	3
2277	0.97	97	3
2278	0.97	97	3
2279	0.97	97	3
2280	0.97	97	3
2281	0.97	97	3
2282	0.97	97	3
2283	0.97	97	3
2284	0.97	97	3
2285	0.97	97	3
2286	0.97	97	3
2287	0.97	97	3
2288	0.97	97	3
2289	0.97	97	3
2290	0.97	97	3
2291	0.97	97	3
2292	0.97	97	3
2293	0.97	97	3
2294	0.97	97	3
2295	0.97	97	3
2296	0.97	97	3
2297	0.97	97	3
2298	0.97	97	3
2299	0.98	98	2
2300	0.98	98	2
2301	0.98	98	2
2302	0.98	98	2
2303	0.98	98	2
2304	0.98	98	2
2305	0.98	98	2
2306	0.98	98	2
2307	0.98	98	2
2308	0.98	98	2
2309	0.98	98	2
2310	0.98	98	2
2311	0.98	98	2
2312	0.98	98	2
2313	0.98	98	2
2314	0.98	98	2
2315	0.98	98	2
2316	0.98	98	2
2317	0.98	98	2
2318	0.98	98	2
2319	0.98	98	2
2320	0.98	98	2
2321	0.98	98	2
2322	0.98	98	2
2323	0.97	97	3
2324	0.97	97	3
2325	0.97	97	3
2326	0.97	97	3
2327	0.97	97	3
2328	0.97	97	3
2329	0.97	97	3
2330	0.97	97	3
2331	0.97	97	3
2332	0.97	97	3
2333	0.97	97	3
2334	0.97	97	3
2335	0.98	98	2
2336	0.98	98	2
2337	0.98	98	2
2338	0.98	98	2
2339	0.98	98	2
2340	0.98	98	2
2341	0.98	98	2
2342	0.98	98	2
2343	0.98	98	2
2344	0.98	98	2
2345	0.99	99	1
2346	0.99	99	1
2347	0.99	99	1
2348	0.99	99	1
2349	0.99	99	1
2350	0.99	99	1
2351	0.99	99	1
2352	0.99	99	1
2353	0.99	99	1
2354	0.99	99	1
2355	0.99	99	1
2356	0.99	99	1
2357	0.99	99	1
2358	0.99	99	1
2359	0.99	99	1
2360	0.99	99	1
2361	0.99	99	1
2362	0.99	99	1
2363	0.99	99	1
2364	0.99	99	1
2365	0.99	99	1
2366	0.99	99	1
2367	0.99	99	1
2368	0.99	99	1
2369	0.99	99	1
2370	0.99	99	1
2371	0.99	99	1
2372	0.99	99	1
2373	0.99	99	1
2374	0.99	99	1
2375	0.99	99	1
2376	0.99	99	1
2377	0.99	99	1
2378	0.99	99	1
2379	0.99	99	1
2380	0.99	99	1
2381	0.99	99	1
2382	0.99	99	1
2383	0.99	99	1
2384	0.99	99	1
2385	0.99	99	1
2386	0.99	99	1
2387	0.99	99	1
2388	0.99	99	1
2389	0.99	99	1
2390	0.98	98	2
2391	0.98	98	2
2392	0.98	98	2
2393	0.98	98	2
2394	0.98	98	2
2395	0.98	98	2
2396	0.98	98	2
2397	0.98	98	2
2398	0.98	98	2
2399	0.98	98	2
2400	0.98	98	2
2401	0.98	98	2
2402	0.98	98	2
2403	0.98	98	2
2404	0.98	98	2
2405	0.98	98	2
2406	0.98	98	2
2407	0.98	98	2
2408	0.98	98	2
2409	0.98	98	2
2410	0.98	98	2
2411	0.98	98	2
2412	0.98	98	2
2413	0.98	98	2
2414	0.98	98	2
2415	0.98	98	2
2416	0.98	98	2
2417	0.98	98	2
2418	0.98	98	2
2419	0.98	98	2
2420	0.98	98	2
2421	0.98	98	2
2422	0.98	98	2
2423	0.99	99	1
2424	0.99	99	1
2425	0.99	99	1
2426	0.99	99	1
2427	0.99	99	1
2428	0.99	99	1
2429	0.99	99	1
2430	0.99	99	1
2431	0.99	99	1
2432	0.99	99	1
2433	0.99	99	1
2434	0.99	99	1
2435	0.99	99	1
2436	0.99	99	1
2437	0.99	99	1
2438	0.99	99	1
2439	0.99	99	1
2440	0.99	99	1
2441	0.99	99	1
2442	0.99	99	1
2443	0.99	99	1
2444	0.99	99	1
2445	0.99	99	1
2446	0.99	99	1
2447	0.99	99	1
2448	0.99	99	1
2449	0.98	98	2
2450	0.98	98	2
2451	0.98	98	2
2452	0.98	98	2
2453	0.98	98	2
2454	0.98	98	2
2455	0.98	98	2
2456	0.98	98	2
2457	0.98	98	2
2458	0.98	98	2
2459	0.98	98	2
2460	0.98	98	2
2461	0.98	98	2
2462	0.98	98	2
2463	0.97	97	3
2464	0.97	97	3
2465	0.97	97	3
2466	0.97	97	3
2467	0.97	97	3
2468	0.97	97	3
2469	0.97	97	3
2470	0.96	96	4
2471	0.96	96	4
2472	0.96	96	4
2473	0.96	96	4
2474	0.96	96	4
2475	0.96	96	4
2476	0.96	96	4
2477	0.96	96	4
2478	0.96	96	4
2479	0.96	96	4
2480	0.96	96	4
2481	0.96	96	4
2482	0.96	96	4
2483	0.96	96	4
2484	0.95	95	5
2485	0.95	95	5
2486	0.95	95	5
2487	0.95	95	5
2488	0.95	95	5
2489	0.95	95	5
2490	0.96	96	4
2491	0.96	96	4
2492	0.96	96	4
2493	0.96	96	4
2494	0.96	96	4
2495	0.96	96	4
2496	0.96	96	4
2497	0.96	96	4
2498	0.96	96	4
2499	0.96	96	4
2500	0.96	96	4
2501	0.96	96	4
2502	0.96	96	4
2503	0.96	96	4
2504	0.96	96	4
2505	0.96	96	4
2506	0.96	96	4
2507	0.96	96	4
2508	0.96	96	4
2509	0.95	95	5
2510	0.95	95	5
2511	0.95	95	5
2512	0.95	95	5
2513	0.95	95	5
2514	0.95	95	5
2515	0.95	95	5
2516	0.95	95	5
2517	0.95	95	5
2518	0.95	95	5
2519	0.95	95	5
2520	0.95	95	5
2521	0.95	95	5
2522	0.95	95	5
2523	0.95	95	5
2524	0.95	95	5
2525	0.95	95	5
2526	0.95	95	5
2527	0.95	95	5
2528	0.95	95	5
2529	0.95	95	5
2530	0.95	95	5
2531	0.95	95	5
2532	0.95	95	5
2533	0.95	95	5
2534	0.94	94	6
2535	0.94	94	6
2536	0.94	94	6
2537	0.94	94	6
2538	0.94	94	6
2539	0.94	94	6
2540	0.94	94	6
2541	0.94	94	6
2542	0.94	94	6
2543	0.94	94	6
2544	0.94	94	6
2545	0.94	94	6
2546	0.94	94	6
2547	0.94	94	6
2548	0.94	94	6
2549	0.95	95	5
2550	0.95	95	5
2551	0.95	95	5
2552	0.95	95	5
2553	0.95	95	5
2554	0.95	95	5
2555	0.95	95	5
2556	0.95	95	5
2557	0.95	95	5
2558	0.95	95	5
2559	0.95	95	5
2560	0.94	94	6
2561	0.94	94	6
2562	0.94	94	6
2563	0.95	95	5
2564	0.95	95	5
2565	0.95	95	5
2566	0.95	95	5
2567	0.95	95	5
2568	0.95	95	5
2569	0.94	94	6
2570	0.95	95	5
2571	0.95	95	5
2572	0.95	95	5
2573	0.95	95	5
2574	0.95	95	5
2575	0.95	95	5
2576	0.95	95	5
2577	0.95	95	5
2578	0.95	95	5
2579	0.95	95	5
2580	0.95	95	5
2581	0.95	95	5
2582	0.95	95	5
2583	0.95	95	5
2584	0.96	96	4
2585	0.96	96	4
2586	0.96	96	4
2587	0.96	96	4
2588	0.96	96	4
2589	0.96	96	4
2590	0.96	96	4
2591	0.95	95	5
2592	0.95	95	5
2593	0.95	95	5
2594	0.94	94	6
2595	0.94	94	6
2596	0.94	94	6
2597	0.94	94	6
2598	0.94	94	6
2599	0.94	94	6
2600	0.94	94	6
2601	0.94	94	6
2602	0.94	94	6
2603	0.94	94	6
2604	0.94	94	6
2605	0.94	94	6
2606	0.94	94	6
2607	0.94	94	6
2608	0.94	94	6
2609	0.95	95	5
2610	0.95	95	5
2611	0.95	95	5
2612	0.95	95	5
2613	0.95	95	5
2614	0.95	95	5
2615	0.95	95	5
2616	0.95	95	5
2617	0.95	95	5
2618	0.94	94	6
2619	0.94	94	6
2620	0.94	94	6
2621	0.94	94	6
2622	0.94	94	6
2623	0.93	93	7
2624	0.93	93	7
2625	0.93	93	7
2626	0.93	93	7
2627	0.93	93	7
2628	0.93	93	7
2629	0.93	93	7
2630	0.93	93	7
2631	0.92	92	8
2632	0.92	92	8
2633	0.92	92	8
2634	0.93	93	7
2635	0.93	93	7
2636	0.93	93	7
2637	0.93	93	7
2638	0.93	93	7
2639	0.93	93	7
2640	0.93	93	7
2641	0.93	93	7
2642	0.93	93	7
2643	0.93	93	7
2644	0.92	92	8
2645	0.92	92	8
2646	0.92	92	8
2647	0.92	92	8
2648	0.92	92	8
2649	0.92	92	8
2650	0.92	92	8
2651	0.92	92	8
2652	0.92	92	8
2653	0.92	92	8
2654	0.92	92	8
2655	0.92	92	8
2656	0.92	92	8
2657	0.92	92	8
2658	0.92	92	8
2659	0.92	92	8
2660	0.93	93	7
2661	0.93	93	7
2662	0.93	93	7
2663	0.93	93	7
2664	0.93	93	7
2665	0.93	93	7
2666	0.93	93	7
2667	0.93	93	7
2668	0.93	93	7
2669	0.94	94	6
2670	0.94	94	6
2671	0.94	94	6
2672	0.94	94	6
2673	0.94	94	6
2674	0.94	94	6
2675	0.94	94	6
2676	0.94	94	6
2677	0.94	94	6
2678	0.94	94	6
2679	0.94	94	6
2680	0.94	94	6
2681	0.94	94	6
2682	0.94	94	6
2683	0.94	94	6
2684	0.94	94	6
2685	0.94	94	6
2686	0.94	94	6
2687	0.94	94	6
2688	0.94	94	6
2689	0.94	94	6
2690	0.94	94	6
2691	0.95	95	5
2692	0.95	95	5
2693	0.95	95	5
2694	0.96	96	4
2695	0.96	96	4
2696	0.96	96	4
2697	0.96	96	4
2698	0.96	96	4
2699	0.95	95	5
2700	0.95	95	5
2701	0.95	95	5
2702	0.94	94	6
2703	0.94	94	6
2704	0.94	94	6
2705	0.94	94	6
2706	0.94	94	6
2707	0.94	94	6
2708	0.94	94	6
2709	0.94	94	6
2710	0.94	94	6
2711	0.94	94	6
2712	0.94	94	6
2713	0.94	94	6
2714	0.94	94	6
2715	0.94	94	6
2716	0.94	94	6
2717	0.94	94	6
2718	0.95	95	5
2719	0.95	95	5
2720	0.95	95	5
2721	0.95	95	5
2722	0.95	95	5
2723	0.96	96	4
2724	0.96	96	4
2725	0.96	96	4
2726	0.95	95	5
2727	0.95	95	5
2728	0.95	95	5
2729	0.95	95	5
2730	0.95	95	5
2731	0.96	96	4
2732	0.96	96	4
2733	0.96	96	4
2734	0.96	96	4
2735	0.96	96	4
2736	0.96	96	4
2737	0.96	96	4
2738	0.96	96	4
2739	0.96	96	4
2740	0.96	96	4
2741	0.96	96	4
2742	0.96	96	4
2743	0.95	95	5
2744	0.96	96	4
2745	0.96	96	4
2746	0.96	96	4
2747	0.96	96	4
2748	0.96	96	4
2749	0.96	96	4
2750	0.96	96	4
2751	0.96	96	4
2752	0.96	96	4
2753	0.96	96	4
2754	0.96	96	4
2755	0.96	96	4
2756	0.96	96	4
2757	0.96	96	4
2758	0.96	96	4
2759	0.96	96	4
2760	0.96	96	4
2761	0.96	96	4
2762	0.96	96	4
2763	0.96	96	4
2764	0.96	96	4
2765	0.96	96	4
2766	0.96	96	4
2767	0.95	95	5
2768	0.95	95	5
2769	0.95	95	5
2770	0.95	95	5
2771	0.95	95	5
2772	0.95	95	5
2773	0.95	95	5
2774	0.95	95	5
2775	0.95	95	5
2776	0.95	95	5
2777	0.95	95	5
2778	0.95	95	5
2779	0.95	95	5
2780	0.95	95	5
2781	0.95	95	5
2782	0.95	95	5
2783	0.95	95	5
2784	0.94	94	6
2785	0.94	94	6
2786	0.94	94	6
2787	0.94	94	6
2788	0.94	94	6
2789	0.94	94	6
2790	0.94	94	6
2791	0.94	94	6
2792	0.93	93	7
2793	0.93	93	7
2794	0.93	93	7
2795	0.93	93	7
2796	0.93	93	7
2797	0.93	93	7
2798	0.93	93	7
2799	0.94	94	6
2800	0.94	94	6
2801	0.94	94	6
2802	0.95	95	5
2803	0.95	95	5
2804	0.95	95	5
2805	0.95	95	5
2806	0.95	95	5
2807	0.95	95	5
2808	0.95	95	5
2809	0.95	95	5
2810	0.95	95	5
2811	0.95	95	5
2812	0.95	95	5
2813	0.95	95	5
2814	0.95	95	5
2815	0.95	95	5
2816	0.95	95	5
2817	0.95	95	5
2818	0.95	95	5
2819	0.95	95	5
2820	0.95	95	5
2821	0.95	95	5
2822	0.95	95	5
2823	0.95	95	5
2824	0.95	95	5
2825	0.94	94	6
2826	0.95	95	5
2827	0.95	95	5
2828	0.95	95	5
2829	0.95	95	5
2830	0.95	95	5
2831	0.95	95	5
2832	0.95	95	5
2833	0.95	95	5
2834	0.94	94	6
2835	0.94	94	6
2836	0.93	93	7
2837	0.92	92	8
2838	0.92	92	8
2839	0.92	92	8
2840	0.92	92	8
2841	0.92	92	8
2842	0.92	92	8
2843	0.93	93	7
2844	0.93	93	7
2845	0.93	93	7
2846	0.93	93	7
2847	0.93	93	7
2848	0.92	92	8
2849	0.92	92	8
2850	0.92	92	8
2851	0.92	92	8
2852	0.92	92	8
2853	0.92	92	8
2854	0.92	92	8
2855	0.92	92	8
2856	0.92	92	8
2857	0.92	92	8
2858	0.92	92	8
2859	0.91	91	9
2860	0.91	91	9
2861	0.91	91	9
2862	0.91	91	9
2863	0.91	91	9
2864	0.91	91	9
2865	0.91	91	9
2866	0.91	91	9
2867	0.91	91	9
2868	0.91	91	9
2869	0.91	91	9
2870	0.91	91	9
2871	0.91	91	9
2872	0.91	91	9
2873	0.90	90	10
2874	0.90	90	10
2875	0.90	90	10
2876	0.90	90	10
2877	0.90	90	10
2878	0.90	90	10
2879	0.90	90	10
2880	0.90	90	10
2881	0.90	90	10
2882	0.90	90	10
2883	0.90	90	10
2884	0.91	91	9
2885	0.91	91	9
2886	0.91	91	9
2887	0.91	91	9
2888	0.91	91	9
2889	0.91	91	9
2890	0.91	91	9
2891	0.91	91	9
2892	0.92	92	8
2893	0.92	92	8
2894	0.92	92	8
2895	0.92	92	8
2896	0.92	92	8
2897	0.92	92	8
2898	0.92	92	8
2899	0.92	92	8
2900	0.92	92	8
2901	0.92	92	8
2902	0.92	92	8
2903	0.92	92	8
2904	0.92	92	8
2905	0.92	92	8
2906	0.92	92	8
2907	0.92	92	8
2908	0.92	92	8
2909	0.91	91	9
2910	0.91	91	9
2911	0.91	91	9
2912	0.91	91	9
2913	0.91	91	9
2914	0.91	91	9
2915	0.91	91	9
2916	0.91	91	9
2917	0.91	91	9
2918	0.91	91	9
2919	0.91	91	9
2920	0.91	91	9
2921	0.91	91	9
2922	0.91	91	9
2923	0.91	91	9
2924	0.91	91	9
2925	0.92	92	8
2926	0.92	92	8
2927	0.92	92	8
2928	0.92	92	8
2929	0.92	92	8
2930	0.92	92	8
2931	0.92	92	8
2932	0.92	92	8
2933	0.92	92	8
2934	0.93	93	7
2935	0.93	93	7
2936	0.94	94	6
2937	0.95	95	5
2938	0.95	95	5
2939	0.95	95	5
2940	0.95	95	5
2941	0.95	95	5
2942	0.94	94	6
2943	0.94	94	6
2944	0.94	94	6
2945	0.94	94	6
2946	0.93	93	7
2947	0.93	93	7
2948	0.94	94	6
2949	0.94	94	6
2950	0.94	94	6
2951	0.94	94	6
2952	0.94	94	6
2953	0.94	94	6
2954	0.94	94	6
2955	0.94	94	6
2956	0.94	94	6
2957	0.94	94	6
2958	0.94	94	6
2959	0.95	95	5
2960	0.95	95	5
2961	0.95	95	5
2962	0.95	95	5
2963	0.95	95	5
2964	0.95	95	5
2965	0.94	94	6
2966	0.94	94	6
2967	0.95	95	5
2968	0.95	95	5
2969	0.95	95	5
2970	0.95	95	5
2971	0.95	95	5
2972	0.95	95	5
2973	0.96	96	4
2974	0.96	96	4
2975	0.96	96	4
2976	0.96	96	4
2977	0.96	96	4
2978	0.96	96	4
2979	0.96	96	4
2980	0.96	96	4
2981	0.96	96	4
2982	0.96	96	4
2983	0.96	96	4
2984	0.96	96	4
2985	0.96	96	4
2986	0.95	95	5
2987	0.95	95	5
2988	0.95	95	5
2989	0.95	95	5
2990	0.95	95	5
2991	0.95	95	5
2992	0.95	95	5
2993	0.95	95	5
2994	0.94	94	6
2995	0.94	94	6
2996	0.94	94	6
2997	0.94	94	6
2998	0.94	94	6
2999	0.94	94	6
3000	0.06	94	6
3001	0.07	93	7
3002	0.08	92	8
3003	0.09	91	9
3004	0.10	90	10
3005	0.10	90	10
3006	0.10	90	10
3007	0.10	90	10
3008	0.11	89	11
3009	0.11	89	11
3010	0.12	88	12
3011	0.13	87	13
3012	0.14	86	14
3013	0.15	85	15
3014	0.16	84	16
3015	0.17	83	17
3016	0.17	83	17
3017	0.18	82	18
3018	0.19	81	19
3019	0.19	81	19
3020	0.20	80	20
3021	0.21	79	21
3022	0.22	78	22
3023	0.23	77	23
3024	0.24	76	24
3025	0.25	75	25
3026	0.25	75	25
3027	0.26	74	26
3028	0.27	73	27
3029	0.28	72	28
3030	0.29	71	29
3031	0.30	70	30
3032	0.31	69	31
3033	0.31	69	31
3034	0.31	69	31
3035	0.32	68	32
3036	0.33	67	33
3037	0.34	66	34
3038	0.35	65	35
3039	0.36	64	36
3040	0.37	63	37
3041	0.38	62	38
3042	0.38	62	38
3043	0.38	62	38
3044	0.39	61	39
3045	0.40	60	40
3046	0.39	61	39
3047	0.40	60	40
3048	0.41	59	41
3049	0.42	58	42
3050	0.43	57	43
3051	0.44	56	44
3052	0.45	55	45
3053	0.46	54	46
3054	0.47	53	47
3055	0.48	52	48
3056	0.49	51	49
3057	0.49	51	49
3058	0.50	50	50
3059	0.51	49	51
3060	0.52	48	52
3061	0.53	47	53
3062	0.53	47	53
3063	0.54	46	54
3064	0.55	45	55
3065	0.55	45	55
3066	0.56	44	56
3067	0.57	43	57
3068	0.58	42	58
3069	0.59	41	59
3070	0.60	40	60
3071	0.61	39	61
3072	0.62	38	62
3073	0.63	37	63
3074	0.64	36	64
3075	0.65	35	65
3076	0.66	34	66
3077	0.67	33	67
3078	0.68	32	68
3079	0.68	32	68
3080	0.69	31	69
3081	0.70	30	70
3082	0.71	29	71
3083	0.72	28	72
3084	0.73	27	73
3085	0.74	26	74
3086	0.74	26	74
3087	0.74	26	74
3088	0.75	25	75
3089	0.76	24	76
3090	0.77	23	77
3091	0.78	22	78
3092	0.79	21	79
3093	0.79	21	79
3094	0.79	21	79
3095	0.80	20	80
3096	0.81	19	81
3097	0.82	18	82
3098	0.83	17	83
3099	0.84	16	84
3100	0.85	15	85
3101	0.85	15	85
3102	0.85	15	85
3103	0.85	15	85
3104	0.85	15	85
3105	0.86	14	86
3106	0.87	13	87
3107	0.88	12	88
3108	0.88	12	88
3109	0.88	12	88
3110	0.88	12	88
3111	0.88	12	88
3112	0.88	12	88
3113	0.88	12	88
3114	0.88	12	88
3115	0.88	12	88
3116	0.89	11	89
3117	0.89	11	89
3118	0.88	12	88
3119	0.89	11	89
3120	0.89	11	89
3121	0.89	11	89
3122	0.89	11	89
3123	0.89	11	89
3124	0.89	11	89
3125	0.89	11	89
3126	0.90	10	90
3127	0.90	10	90
3128	0.90	10	90
3129	0.90	10	90
3130	0.90	10	90
3131	0.90	10	90
3132	0.90	10	90
3133	0.91	9	91
3134	0.92	8	92
3135	0.92	8	92
3136	0.92	8	92
3137	0.92	8	92
3138	0.92	8	92
3139	0.92	8	92
3140	0.92	8	92
3141	0.92	8	92
3142	0.92	8	92
3143	0.93	7	93
3144	0.93	7	93
3145	0.93	7	93
3146	0.94	6	94
3147	0.94	6	94
3148	0.94	6	94
3149	0.94	6	94
3150	0.94	6	94
3151	0.94	6	94
3152	0.94	6	94
3153	0.94	6	94
3154	0.94	6	94
3155	0.94	6	94
3156	0.94	6	94
3157	0.95	5	95
3158	0.95	5	95
3159	0.95	5	95
3160	0.95	5	95
3161	0.95	5	95
3162	0.96	4	96
3163	0.96	4	96
3164	0.96	4	96
3165	0.96	4	96
3166	0.96	4	96
3167	0.96	4	96
3168	0.96	4	96
3169	0.96	4	96
3170	0.96	4	96
3171	0.96	4	96
3172	0.96	4	96
3173	0.96	4	96
3174	0.96	4	96
3175	0.96	4	96
3176	0.96	4	96
3177	0.96	4	96
3178	0.96	4	96
3179	0.97	3	97
3180	0.97	3	97
3181	0.97	3	97
3182	0.97	3	97
3183	0.97	3	97
3184	0.97	3	97
3185	0.97	3	97
3186	0.97	3	97
3187	0.98	2	98
3188	0.98	2	98
3189	0.98	2	98
3190	0.98	2	98
3191	0.98	2	98
3192	0.98	2	98
3193	0.99	1	99
3194	0.99	1	99
3195	0.99	1	99
3196	0.99	1	99
3197	0.99	1	99
3198	0.99	1	99
3199	0.99	1	99
3200	0.99	1	99
3201	0.99	1	99
3202	0.99	1	99
3203	0.99	1	99
3204	0.99	1	99
3205	0.99	1	99
3206	0.99	1	99
3207	0.99	1	99
3208	0.99	1	99
3209	0.99	1	99
3210	0.99	1	99
3211	0.99	1	99
3212	0.99	1	99
3213	0.99	1	99
3214	0.98	2	98
3215	0.98	2	98
3216	0.98	2	98
3217	0.98	2	98
3218	0.99	1	99
3219	0.99	1	99
3220	0.99	1	99
3221	0.99	1	99
3222	0.99	1	99
3223	0.99	1	99
3224	0.99	1	99
3225	0.99	1	99
3226	0.99	1	99
3227	0.99	1	99
3228	0.99	1	99
3229	0.99	1	99
3230	0.99	1	99
3231	0.99	1	99
3232	0.99	1	99
3233	0.99	1	99
3234	0.99	1	99
3235	0.99	1	99
3236	0.99	1	99
3237	0.99	1	99
3238	0.98	2	98
3239	0.98	2	98
3240	0.98	2	98
3241	0.98	2	98
3242	0.98	2	98
3243	0.98	2	98
3244	0.97	3	97
3245	0.97	3	97
3246	0.97	3	97
3247	0.97	3	97
3248	0.97	3	97
3249	0.97	3	97
3250	0.97	3	97
3251	0.97	3	97
3252	0.97	3	97
3253	0.97	3	97
3254	0.97	3	97
3255	0.97	3	97
3256	0.97	3	97
3257	0.97	3	97
3258	0.97	3	97
3259	0.97	3	97
3260	0.97	3	97
3261	0.97	3	97
3262	0.97	3	97
3263	0.97	3	97
3264	0.97	3	97
3265	0.97	3	97
3266	0.97	3	97
3267	0.97	3	97
3268	0.97	3	97
3269	0.97	3	97
3270	0.97	3	97
3271	0.97	3	97
3272	0.97	3	97
3273	0.97	3	97
3274	0.97	3	97
3275	0.96	4	96
3276	0.96	4	96
3277	0.96	4	96
3278	0.96	4	96
3279	0.96	4	96
3280	0.96	4	96
3281	0.96	4	96
3282	0.96	4	96
3283	0.96	4	96
3284	0.95	5	95
3285	0.95	5	95
3286	0.95	5	95
3287	0.95	5	95
3288	0.95	5	95
3289	0.95	5	95
3290	0.95	5	95
3291	0.95	5	95
3292	0.95	5	95
3293	0.95	5	95
3294	0.95	5	95
3295	0.95	5	95
3296	0.95	5	95
3297	0.95	5	95
3298	0.95	5	95
3299	0.95	5	95
3300	0.95	5	95
3301	0.95	5	95
3302	0.95	5	95
3303	0.95	5	95
3304	0.95	5	95
3305	0.95	5	95
3306	0.95	5	95
3307	0.95	5	95
3308	0.95	5	95
3309	0.95	5	95
3310	0.95	5	95
3311	0.95	5	95
3312	0.95	5	95
3313	0.95	5	95
3314	0.96	4	96
3315	0.96	4	96
3316	0.96	4	96
3317	0.96	4	96
3318	0.96	4	96
3319	0.96	4	96
3320	0.96	4	96
3321	0.96	4	96
3322	0.96	4	96
3323	0.96	4	96
3324	0.96	4	96
3325	0.96	4	96
3326	0.96	4	96
3327	0.96	4	96
3328	0.96	4	96
3329	0.96	4	96
3330	0.96	4	96
3331	0.96	4	96
3332	0.96	4	96
3333	0.96	4	96
3334	0.96	4	96
3335	0.96	4	96
3336	0.95	5	95
3337	0.94	6	94
3338	0.95	5	95
3339	0.95	5	95
3340	0.95	5	95
3341	0.95	5	95
3342	0.95	5	95
3343	0.95	5	95
3344	0.96	4	96
3345	0.96	4	96
3346	0.96	4	96
3347	0.96	4	96
3348	0.96	4	96
3349	0.96	4	96
3350	0.96	4	96
3351	0.96	4	96
3352	0.96	4	96
3353	0.96	4	96
3354	0.96	4	96
3355	0.96	4	96
3356	0.96	4	96
3357	0.96	4	96
3358	0.96	4	96
3359	0.96	4	96
3360	0.96	4	96
3361	0.95	5	95
3362	0.95	5	95
3363	0.95	5	95
3364	0.95	5	95
3365	0.95	5	95
3366	0.95	5	95
3367	0.95	5	95
3368	0.95	5	95
3369	0.95	5	95
3370	0.95	5	95
3371	0.95	5	95
3372	0.95	5	95
3373	0.95	5	95
3374	0.95	5	95
3375	0.96	4	96
3376	0.96	4	96
3377	0.96	4	96
3378	0.96	4	96
3379	0.96	4	96
3380	0.96	4	96
3381	0.96	4	96
3382	0.96	4	96
3383	0.96	4	96
3384	0.97	3	97
3385	0.97	3	97
3386	0.97	3	97
3387	0.97	3	97
3388	0.97	3	97
3389	0.97	3	97
3390	0.97	3	97
3391	0.97	3	97
3392	0.97	3	97
3393	0.97	3	97
3394	0.97	3	97
3395	0.97	3	97
3396	0.97	3	97
3397	0.97	3	97
3398	0.97	3	97
3399	0.97	3	97
3400	0.97	3	97
3401	0.96	4	96
3402	0.96	4	96
3403	0.96	4	96
3404	0.96	4	96
3405	0.96	4	96
3406	0.96	4	96
3407	0.96	4	96
3408	0.96	4	96
3409	0.96	4	96
3410	0.96	4	96
3411	0.96	4	96
3412	0.96	4	96
3413	0.96	4	96
3414	0.96	4	96
3415	0.96	4	96
3416	0.96	4	96
3417	0.96	4	96
3418	0.96	4	96
3419	0.96	4	96
3420	0.96	4	96
3421	0.96	4	96
3422	0.96	4	96
3423	0.96	4	96
3424	0.96	4	96
3425	0.96	4	96
3426	0.96	4	96
3427	0.96	4	96
3428	0.96	4	96
3429	0.96	4	96
3430	0.96	4	96
3431	0.96	4	96
3432	0.96	4	96
3433	0.96	4	96
3434	0.96	4	96
3435	0.96	4	96
3436	0.97	3	97
3437	0.98	2	98
3438	0.97	3	97
3439	0.97	3	97
3440	0.97	3	97
3441	0.97	3	97
3442	0.97	3	97
3443	0.97	3	97
3444	0.97	3	97
3445	0.97	3	97
3446	0.97	3	97
3447	0.97	3	97
3448	0.97	3	97
3449	0.97	3	97
3450	0.97	3	97
3451	0.97	3	97
3452	0.96	4	96
3453	0.96	4	96
3454	0.96	4	96
3455	0.96	4	96
3456	0.96	4	96
3457	0.96	4	96
3458	0.96	4	96
3459	0.96	4	96
3460	0.95	5	95
3461	0.96	4	96
3462	0.96	4	96
3463	0.96	4	96
3464	0.96	4	96
3465	0.96	4	96
3466	0.96	4	96
3467	0.96	4	96
3468	0.96	4	96
3469	0.96	4	96
3470	0.96	4	96
3471	0.96	4	96
3472	0.96	4	96
3473	0.96	4	96
3474	0.96	4	96
3475	0.96	4	96
3476	0.96	4	96
3477	0.96	4	96
3478	0.96	4	96
3479	0.96	4	96
3480	0.96	4	96
3481	0.96	4	96
3482	0.96	4	96
3483	0.96	4	96
3484	0.96	4	96
3485	0.96	4	96
3486	0.96	4	96
3487	0.96	4	96
3488	0.95	5	95
3489	0.95	5	95
3490	0.95	5	95
3491	0.95	5	95
3492	0.95	5	95
3493	0.95	5	95
3494	0.95	5	95
3495	0.94	6	94
3496	0.94	6	94
3497	0.94	6	94
3498	0.94	6	94
3499	0.94	6	94
3500	0.94	6	94
3501	0.95	5	95
3502	0.95	5	95
3503	0.95	5	95
3504	0.95	5	95
3505	0.95	5	95
3506	0.95	5	95
3507	0.95	5	95
3508	0.95	5	95
3509	0.95	5	95
3510	0.95	5	95
3511	0.95	5	95
3512	0.94	6	94
3513	0.94	6	94
3514	0.94	6	94
3515	0.94	6	94
3516	0.94	6	94
3517	0.94	6	94
3518	0.94	6	94
3519	0.94	6	94
3520	0.94	6	94
3521	0.94	6	94
3522	0.94	6	94
3523	0.94	6	94
3524	0.94	6	94
3525	0.94	6	94
3526	0.94	6	94
3527	0.94	6	94
3528	0.94	6	94
3529	0.94	6	94
3530	0.94	6	94
3531	0.94	6	94
3532	0.94	6	94
3533	0.94	6	94
3534	0.94	6	94
3535	0.94	6	94
3536	0.94	6	94
3537	0.94	6	94
3538	0.95	5	95
3539	0.95	5	95
3540	0.94	6	94
3541	0.94	6	94
3542	0.94	6	94
3543	0.93	7	93
3544	0.93	7	93
3545	0.93	7	93
3546	0.93	7	93
3547	0.93	7	93
3548	0.93	7	93
3549	0.93	7	93
3550	0.93	7	93
3551	0.93	7	93
3552	0.94	6	94
3553	0.94	6	94
3554	0.94	6	94
3555	0.94	6	94
3556	0.94	6	94
3557	0.94	6	94
3558	0.94	6	94
3559	0.94	6	94
3560	0.95	5	95
3561	0.95	5	95
3562	0.95	5	95
3563	0.95	5	95
3564	0.95	5	95
3565	0.95	5	95
3566	0.95	5	95
3567	0.95	5	95
3568	0.95	5	95
3569	0.95	5	95
3570	0.95	5	95
3571	0.95	5	95
3572	0.95	5	95
3573	0.95	5	95
3574	0.95	5	95
3575	0.94	6	94
3576	0.94	6	94
3577	0.94	6	94
3578	0.94	6	94
3579	0.94	6	94
3580	0.94	6	94
3581	0.94	6	94
3582	0.94	6	94
3583	0.94	6	94
3584	0.94	6	94
3585	0.94	6	94
3586	0.94	6	94
3587	0.94	6	94
3588	0.95	5	95
3589	0.95	5	95
3590	0.95	5	95
3591	0.95	5	95
3592	0.95	5	95
3593	0.95	5	95
3594	0.95	5	95
3595	0.96	4	96
3596	0.96	4	96
3597	0.96	4	96
3598	0.96	4	96
3599	0.96	4	96
3600	0.96	4	96
3601	0.96	4	96
3602	0.95	5	95
3603	0.95	5	95
3604	0.95	5	95
3605	0.95	5	95
3606	0.95	5	95
3607	0.95	5	95
3608	0.95	5	95
3609	0.95	5	95
3610	0.95	5	95
3611	0.95	5	95
3612	0.96	4	96
3613	0.96	4	96
3614	0.96	4	96
3615	0.96	4	96
3616	0.96	4	96
3617	0.96	4	96
3618	0.95	5	95
3619	0.95	5	95
3620	0.95	5	95
3621	0.95	5	95
3622	0.95	5	95
3623	0.95	5	95
3624	0.95	5	95
3625	0.95	5	95
3626	0.95	5	95
3627	0.95	5	95
3628	0.95	5	95
3629	0.95	5	95
3630	0.95	5	95
3631	0.95	5	95
3632	0.95	5	95
3633	0.95	5	95
3634	0.95	5	95
3635	0.95	5	95
3636	0.95	5	95
3637	0.95	5	95
3638	0.95	5	95
3639	0.95	5	95
3640	0.96	4	96
3641	0.96	4	96
3642	0.96	4	96
3643	0.97	3	97
3644	0.97	3	97
3645	0.97	3	97
3646	0.97	3	97
3647	0.97	3	97
3648	0.97	3	97
3649	0.97	3	97
3650	0.97	3	97
3651	0.97	3	97
3652	0.97	3	97
3653	0.97	3	97
3654	0.97	3	97
3655	0.97	3	97
3656	0.97	3	97
3657	0.97	3	97
3658	0.97	3	97
3659	0.97	3	97
3660	0.97	3	97
3661	0.97	3	97
3662	0.97	3	97
3663	0.96	4	96
3664	0.96	4	96
3665	0.96	4	96
3666	0.96	4	96
3667	0.96	4	96
3668	0.96	4	96
3669	0.96	4	96
3670	0.96	4	96
3671	0.96	4	96
3672	0.96	4	96
3673	0.96	4	96
3674	0.96	4	96
3675	0.97	3	97
3676	0.97	3	97
3677	0.97	3	97
3678	0.97	3	97
3679	0.97	3	97
3680	0.97	3	97
3681	0.97	3	97
3682	0.97	3	97
3683	0.97	3	97
3684	0.97	3	97
3685	0.97	3	97
3686	0.97	3	97
3687	0.97	3	97
3688	0.97	3	97
3689	0.97	3	97
3690	0.97	3	97
3691	0.97	3	97
3692	0.97	3	97
3693	0.97	3	97
3694	0.97	3	97
3695	0.97	3	97
3696	0.97	3	97
3697	0.97	3	97
3698	0.97	3	97
3699	0.96	4	96
3700	0.96	4	96
3701	0.96	4	96
3702	0.97	3	97
3703	0.97	3	97
3704	0.97	3	97
3705	0.96	4	96
3706	0.96	4	96
3707	0.96	4	96
3708	0.96	4	96
3709	0.96	4	96
3710	0.96	4	96
3711	0.96	4	96
3712	0.96	4	96
3713	0.96	4	96
3714	0.96	4	96
3715	0.96	4	96
3716	0.96	4	96
3717	0.96	4	96
3718	0.97	3	97
3719	0.97	3	97
3720	0.97	3	97
3721	0.97	3	97
3722	0.97	3	97
3723	0.97	3	97
3724	0.97	3	97
3725	0.97	3	97
3726	0.97	3	97
3727	0.97	3	97
3728	0.97	3	97
3729	0.97	3	97
3730	0.97	3	97
3731	0.97	3	97
3732	0.97	3	97
3733	0.97	3	97
3734	0.97	3	97
3735	0.97	3	97
3736	0.97	3	97
3737	0.97	3	97
3738	0.97	3	97
3739	0.97	3	97
3740	0.97	3	97
3741	0.97	3	97
3742	0.97	3	97
3743	0.97	3	97
3744	0.97	3	97
3745	0.97	3	97
3746	0.97	3	97
3747	0.97	3	97
3748	0.97	3	97
3749	0.97	3	97
3750	0.97	3	97
3751	0.97	3	97
3752	0.97	3	97
3753	0.96	4	96
3754	0.96	4	96
3755	0.96	4	96
3756	0.96	4	96
3757	0.96	4	96
3758	0.96	4	96
3759	0.96	4	96
3760	0.96	4	96
3761	0.96	4	96
3762	0.96	4	96
3763	0.97	3	97
3764	0.97	3	97
3765	0.97	3	97
3766	0.97	3	97
3767	0.97	3	97
3768	0.97	3	97
3769	0.97	3	97
3770	0.97	3	97
3771	0.97	3	97
3772	0.97	3	97
3773	0.97	3	97
3774	0.97	3	97
3775	0.97	3	97
3776	0.97	3	97
3777	0.97	3	97
3778	0.97	3	97
3779	0.97	3	97
3780	0.97	3	97
3781	0.97	3	97
3782	0.97	3	97
3783	0.96	4	96
3784	0.96	4	96
3785	0.96	4	96
3786	0.96	4	96
3787	0.96	4	96
3788	0.96	4	96
3789	0.96	4	96
3790	0.96	4	96
3791	0.96	4	96
3792	0.96	4	96
3793	0.96	4	96
3794	0.96	4	96
3795	0.96	4	96
3796	0.96	4	96
3797	0.96	4	96
3798	0.96	4	96
3799	0.97	3	97
3800	0.97	3	97
3801	0.97	3	97
3802	0.97	3	97
3803	0.97	3	97
3804	0.97	3	97
3805	0.98	2	98
3806	0.98	2	98
3807	0.98	2	98
3808	0.98	2	98
3809	0.98	2	98
3810	0.98	2	98
3811	0.98	2	98
3812	0.98	2	98
3813	0.98	2	98
3814	0.98	2	98
3815	0.98	2	98
3816	0.98	2	98
3817	0.98	2	98
3818	0.98	2	98
3819	0.98	2	98
3820	0.98	2	98
3821	0.98	2	98
3822	0.98	2	98
3823	0.98	2	98
3824	0.98	2	98
3825	0.98	2	98
3826	0.98	2	98
3827	0.98	2	98
3828	0.97	3	97
3829	0.97	3	97
3830	0.97	3	97
3831	0.97	3	97
3832	0.97	3	97
3833	0.97	3	97
3834	0.97	3	97
3835	0.97	3	97
3836	0.97	3	97
3837	0.97	3	97
3838	0.97	3	97
3839	0.97	3	97
3840	0.97	3	97
3841	0.97	3	97
3842	0.97	3	97
3843	0.97	3	97
3844	0.96	4	96
3845	0.96	4	96
3846	0.96	4	96
3847	0.96	4	96
3848	0.96	4	96
3849	0.96	4	96
3850	0.96	4	96
3851	0.96	4	96
3852	0.96	4	96
3853	0.97	3	97
3854	0.97	3	97
3855	0.97	3	97
3856	0.97	3	97
3857	0.97	3	97
3858	0.97	3	97
3859	0.97	3	97
3860	0.97	3	97
3861	0.97	3	97
3862	0.97	3	97
3863	0.97	3	97
3864	0.97	3	97
3865	0.97	3	97
3866	0.97	3	97
3867	0.97	3	97
3868	0.97	3	97
3869	0.97	3	97
3870	0.97	3	97
3871	0.97	3	97
3872	0.97	3	97
3873	0.97	3	97
3874	0.97	3	97
3875	0.97	3	97
3876	0.97	3	97
3877	0.97	3	97
3878	0.97	3	97
3879	0.97	3	97
3880	0.97	3	97
3881	0.97	3	97
3882	0.97	3	97
3883	0.98	2	98
3884	0.98	2	98
3885	0.98	2	98
3886	0.98	2	98
3887	0.98	2	98
3888	0.98	2	98
3889	0.97	3	97
3890	0.97	3	97
3891	0.97	3	97
3892	0.97	3	97
3893	0.97	3	97
3894	0.97	3	97
3895	0.97	3	97
3896	0.97	3	97
3897	0.97	3	97
3898	0.97	3	97
3899	0.97	3	97
3900	0.97	3	97
3901	0.97	3	97
3902	0.97	3	97
3903	0.97	3	97
3904	0.97	3	97
3905	0.97	3	97
3906	0.97	3	97
3907	0.97	3	97
3908	0.97	3	97
3909	0.97	3	97
3910	0.97	3	97
3911	0.97	3	97
3912	0.97	3	97
3913	0.97	3	97
3914	0.97	3	97
3915	0.97	3	97
3916	0.97	3	97
3917	0.97	3	97
3918	0.97	3	97
3919	0.97	3	97
3920	0.97	3	97
3921	0.97	3	97
3922	0.97	3	97
3923	0.97	3	97
3924	0.97	3	97
3925	0.97	3	97
3926	0.97	3	97
3927	0.97	3	97
3928	0.98	2	98
3929	0.98	2	98
3930	0.98	2	98
3931	0.98	2	98
3932	0.98	2	98
3933	0.98	2	98
3934	0.98	2	98
3935	0.98	2	98
3936	0.98	2	98
3937	0.98	2	98
3938	0.98	2	98
3939	0.98	2	98
3940	0.98	2	98
3941	0.98	2	98
3942	0.98	2	98
3943	0.98	2	98
3944	0.99	1	99
3945	0.99	1	99
3946	0.99	1	99
3947	0.99	1	99
3948	0.99	1	99
3949	0.99	1	99
3950	0.99	1	99
3951	0.99	1	99
3952	0.99	1	99
3953	0.99	1	99
3954	0.99	1	99
3955	0.99	1	99
3956	0.98	2	98
3957	0.98	2	98
3958	0.98	2	98
3959	0.98	2	98
3960	0.98	2	98
3961	0.98	2	98
3962	0.98	2	98
3963	0.98	2	98
3964	0.98	2	98
3965	0.98	2	98
3966	0.98	2	98
3967	0.98	2	98
3968	0.98	2	98
3969	0.98	2	98
3970	0.98	2	98
3971	0.98	2	98
3972	0.98	2	98
3973	0.98	2	98
3974	0.98	2	98
3975	0.98	2	98
3976	0.98	2	98
3977	0.98	2	98
3978	0.98	2	98
3979	0.98	2	98
3980	0.98	2	98
3981	0.98	2	98
3982	0.98	2	98
3983	0.98	2	98
3984	0.98	2	98
3985	0.98	2	98
3986	0.98	2	98
3987	0.98	2	98
3988	0.98	2	98
3989	0.99	1	99
3990	0.99	1	99
3991	0.99	1	99
3992	0.99	1	99
3993	0.99	1	99
3994	0.99	1	99
3995	0.99	1	99
3996	0.99	1	99
3997	0.99	1	99
3998	0.99	1	99
3999	0.99	1	99
4000	0.02	2	98
4001	0.02	2	98
4002	0.03	3	97
4003	0.04	4	96
4004	0.05	5	95
4005	0.06	6	94
4006	0.07	7	93
4007	0.08	8	92
4008	0.09	9	91
4009	0.10	10	90
4010	0.11	11	89
4011	0.12	12	88
4012	0.13	13	87
4013	0.14	14	86
4014	0.15	15	85
4015	0.16	16	84
4016	0.16	16	84
4017	0.17	17	83
4018	0.18	18	82
4019	0.18	18	82
4020	0.19	19	81
4021	0.20	20	80
4022	0.21	21	79
4023	0.22	22	78
4024	0.23	23	77
4025	0.24	24	76
4026	0.24	24	76
4027	0.24	24	76
4028	0.25	25	75
4029	0.26	26	74
4030	0.27	27	73
4031	0.28	28	72
4032	0.29	29	71
4033	0.30	30	70
4034	0.31	31	69
4035	0.32	32	68
4036	0.33	33	67
4037	0.33	33	67
4038	0.34	34	66
4039	0.35	35	65
4040	0.36	36	64
4041	0.37	37	63
4042	0.38	38	62
4043	0.39	39	61
4044	0.39	39	61
4045	0.40	40	60
4046	0.41	41	59
4047	0.42	42	58
4048	0.43	43	57
4049	0.44	44	56
4050	0.45	45	55
4051	0.46	46	54
4052	0.47	47	53
4053	0.48	48	52
4054	0.49	49	51
4055	0.50	50	50
4056	0.50	50	50
4057	0.51	51	49
4058	0.52	52	48
4059	0.53	53	47
4060	0.54	54	46
4061	0.55	55	45
4062	0.56	56	44
4063	0.57	57	43
4064	0.58	58	42
4065	0.59	59	41
4066	0.60	60	40
4067	0.61	61	39
4068	0.62	62	38
4069	0.63	63	37
4070	0.64	64	36
4071	0.65	65	35
4072	0.66	66	34
4073	0.67	67	33
4074	0.68	68	32
4075	0.69	69	31
4076	0.70	70	30
4077	0.71	71	29
4078	0.72	72	28
4079	0.73	73	27
4080	0.74	74	26
4081	0.75	75	25
4082	0.76	76	24
4083	0.77	77	23
4084	0.78	78	22
4085	0.79	79	21
4086	0.80	80	20
4087	0.81	81	19
4088	0.82	82	18
4089	0.83	83	17
4090	0.84	84	16
4091	0.85	85	15
4092	0.86	86	14
4093	0.87	87	13
4094	0.88	88	12
4095	0.89	89	11
4096	0.90	90	10
4097	0.91	91	9
4098	0.92	92	8
4099	0.93	93	7
4100	0.93	93	7
4101	0.94	94	6
4102	0.94	94	6
4103	0.94	94	6
4104	0.94	94	6
4105	0.94	94	6
4106	0.94	94	6
4107	0.94	94	6
4108	0.94	94	6
4109	0.94	94	6
4110	0.94	94	6
4111	0.94	94	6
4112	0.94	94	6
4113	0.94	94	6
4114	0.94	94	6
4115	0.94	94	6
4116	0.95	95	5
4117	0.95	95	5
4118	0.95	95	5
4119	0.96	96	4
4120	0.96	96	4
4121	0.96	96	4
4122	0.96	96	4
4123	0.96	96	4
4124	0.96	96	4
4125	0.96	96	4
4126	0.97	97	3
4127	0.98	98	2
4128	0.98	98	2
4129	0.98	98	2
4130	0.98	98	2
4131	0.98	98	2
4132	0.98	98	2
4133	0.98	98	2
4134	0.97	97	3
4135	0.97	97	3
4136	0.97	97	3
4137	0.98	98	2
4138	0.98	98	2
4139	0.98	98	2
4140	0.97	97	3
4141	0.97	97	3
4142	0.97	97	3
4143	0.97	97	3
4144	0.98	98	2
4145	0.98	98	2
4146	0.98	98	2
4147	0.98	98	2
4148	0.98	98	2
4149	0.98	98	2
4150	0.98	98	2
4151	0.98	98	2
4152	0.98	98	2
4153	0.98	98	2
4154	0.98	98	2
4155	0.98	98	2
4156	0.98	98	2
4157	0.98	98	2
4158	0.98	98	2
4159	0.98	98	2
4160	0.98	98	2
4161	0.98	98	2
4162	0.98	98	2
4163	0.98	98	2
4164	0.98	98	2
4165	0.97	97	3
4166	0.97	97	3
4167	0.97	97	3
4168	0.97	97	3
4169	0.97	97	3
4170	0.97	97	3
4171	0.96	96	4
4172	0.96	96	4
4173	0.96	96	4
4174	0.96	96	4
4175	0.96	96	4
4176	0.96	96	4
4177	0.96	96	4
4178	0.96	96	4
4179	0.96	96	4
4180	0.96	96	4
4181	0.96	96	4
4182	0.96	96	4
4183	0.96	96	4
4184	0.96	96	4
4185	0.96	96	4
4186	0.96	96	4
4187	0.96	96	4
4188	0.96	96	4
4189	0.96	96	4
4190	0.96	96	4
4191	0.96	96	4
4192	0.96	96	4
4193	0.96	96	4
4194	0.96	96	4
4195	0.96	96	4
4196	0.96	96	4
4197	0.96	96	4
4198	0.96	96	4
4199	0.96	96	4
4200	0.96	96	4
4201	0.96	96	4
4202	0.96	96	4
4203	0.96	96	4
4204	0.96	96	4
4205	0.96	96	4
4206	0.96	96	4
4207	0.96	96	4
4208	0.96	96	4
4209	0.96	96	4
4210	0.96	96	4
4211	0.96	96	4
4212	0.96	96	4
4213	0.96	96	4
4214	0.96	96	4
4215	0.96	96	4
4216	0.95	95	5
4217	0.95	95	5
4218	0.94	94	6
4219	0.94	94	6
4220	0.94	94	6
4221	0.94	94	6
4222	0.94	94	6
4223	0.94	94	6
4224	0.93	93	7
4225	0.93	93	7
4226	0.93	93	7
4227	0.93	93	7
4228	0.93	93	7
4229	0.93	93	7
4230	0.93	93	7
4231	0.93	93	7
4232	0.93	93	7
4233	0.93	93	7
4234	0.94	94	6
4235	0.94	94	6
4236	0.94	94	6
4237	0.94	94	6
4238	0.94	94	6
4239	0.94	94	6
4240	0.95	95	5
4241	0.95	95	5
4242	0.95	95	5
4243	0.95	95	5
4244	0.94	94	6
4245	0.94	94	6
4246	0.94	94	6
4247	0.93	93	7
4248	0.93	93	7
4249	0.93	93	7
4250	0.93	93	7
4251	0.93	93	7
4252	0.92	92	8
4253	0.92	92	8
4254	0.92	92	8
4255	0.92	92	8
4256	0.92	92	8
4257	0.92	92	8
4258	0.92	92	8
4259	0.92	92	8
4260	0.92	92	8
4261	0.92	92	8
4262	0.92	92	8
4263	0.92	92	8
4264	0.92	92	8
4265	0.93	93	7
4266	0.93	93	7
4267	0.93	93	7
4268	0.93	93	7
4269	0.93	93	7
4270	0.93	93	7
4271	0.94	94	6
4272	0.94	94	6
4273	0.94	94	6
4274	0.94	94	6
4275	0.94	94	6
4276	0.94	94	6
4277	0.94	94	6
4278	0.94	94	6
4279	0.94	94	6
4280	0.94	94	6
4281	0.94	94	6
4282	0.94	94	6
4283	0.93	93	7
4284	0.93	93	7
4285	0.93	93	7
4286	0.92	92	8
4287	0.92	92	8
4288	0.92	92	8
4289	0.92	92	8
4290	0.92	92	8
4291	0.92	92	8
4292	0.92	92	8
4293	0.92	92	8
4294	0.92	92	8
4295	0.92	92	8
4296	0.91	91	9
4297	0.91	91	9
4298	0.91	91	9
4299	0.91	91	9
4300	0.91	91	9
4301	0.91	91	9
4302	0.91	91	9
4303	0.91	91	9
4304	0.91	91	9
4305	0.91	91	9
4306	0.91	91	9
4307	0.91	91	9
4308	0.90	90	10
4309	0.90	90	10
4310	0.90	90	10
4311	0.90	90	10
4312	0.90	90	10
4313	0.90	90	10
4314	0.90	90	10
4315	0.90	90	10
4316	0.91	91	9
4317	0.91	91	9
4318	0.92	92	8
4319	0.92	92	8
4320	0.92	92	8
4321	0.92	92	8
4322	0.91	91	9
4323	0.91	91	9
4324	0.92	92	8
4325	0.92	92	8
4326	0.92	92	8
4327	0.92	92	8
4328	0.92	92	8
4329	0.92	92	8
4330	0.92	92	8
4331	0.92	92	8
4332	0.92	92	8
4333	0.92	92	8
4334	0.92	92	8
4335	0.92	92	8
4336	0.92	92	8
4337	0.92	92	8
4338	0.92	92	8
4339	0.92	92	8
4340	0.92	92	8
4341	0.92	92	8
4342	0.92	92	8
4343	0.92	92	8
4344	0.93	93	7
4345	0.93	93	7
4346	0.93	93	7
4347	0.94	94	6
4348	0.94	94	6
4349	0.94	94	6
4350	0.94	94	6
4351	0.94	94	6
4352	0.95	95	5
4353	0.95	95	5
4354	0.95	95	5
4355	0.95	95	5
4356	0.95	95	5
4357	0.95	95	5
4358	0.95	95	5
4359	0.95	95	5
4360	0.95	95	5
4361	0.95	95	5
4362	0.94	94	6
4363	0.93	93	7
4364	0.93	93	7
4365	0.93	93	7
4366	0.92	92	8
4367	0.91	91	9
4368	0.91	91	9
4369	0.90	90	10
4370	0.90	90	10
4371	0.90	90	10
4372	0.90	90	10
4373	0.90	90	10
4374	0.90	90	10
4375	0.90	90	10
4376	0.90	90	10
4377	0.90	90	10
4378	0.90	90	10
4379	0.90	90	10
4380	0.90	90	10
4381	0.90	90	10
4382	0.90	90	10
4383	0.91	91	9
4384	0.91	91	9
4385	0.91	91	9
4386	0.92	92	8
4387	0.92	92	8
4388	0.92	92	8
4389	0.92	92	8
4390	0.92	92	8
4391	0.92	92	8
4392	0.92	92	8
4393	0.92	92	8
4394	0.92	92	8
4395	0.92	92	8
4396	0.93	93	7
4397	0.93	93	7
4398	0.93	93	7
4399	0.93	93	7
4400	0.93	93	7
4401	0.93	93	7
4402	0.93	93	7
4403	0.93	93	7
4404	0.93	93	7
4405	0.93	93	7
4406	0.92	92	8
4407	0.92	92	8
4408	0.92	92	8
4409	0.92	92	8
4410	0.92	92	8
4411	0.92	92	8
4412	0.92	92	8
4413	0.92	92	8
4414	0.92	92	8
4415	0.92	92	8
4416	0.92	92	8
4417	0.92	92	8
4418	0.92	92	8
4419	0.92	92	8
4420	0.92	92	8
4421	0.92	92	8
4422	0.93	93	7
4423	0.93	93	7
4424	0.93	93	7
4425	0.92	92	8
4426	0.92	92	8
4427	0.92	92	8
4428	0.92	92	8
4429	0.92	92	8
4430	0.92	92	8
4431	0.92	92	8
4432	0.92	92	8
4433	0.92	92	8
4434	0.92	92	8
4435	0.91	91	9
4436	0.91	91	9
4437	0.91	91	9
4438	0.91	91	9
4439	0.91	91	9
4440	0.91	91	9
4441	0.91	91	9
4442	0.91	91	9
4443	0.91	91	9
4444	0.91	91	9
4445	0.91	91	9
4446	0.91	91	9
4447	0.91	91	9
4448	0.90	90	10
4449	0.90	90	10
4450	0.90	90	10
4451	0.90	90	10
4452	0.90	90	10
4453	0.90	90	10
4454	0.90	90	10
4455	0.90	90	10
4456	0.90	90	10
4457	0.89	89	11
4458	0.89	89	11
4459	0.89	89	11
4460	0.89	89	11
4461	0.89	89	11
4462	0.90	90	10
4463	0.91	91	9
4464	0.91	91	9
4465	0.91	91	9
4466	0.92	92	8
4467	0.93	93	7
4468	0.93	93	7
4469	0.94	94	6
4470	0.94	94	6
4471	0.93	93	7
4472	0.92	92	8
4473	0.92	92	8
4474	0.92	92	8
4475	0.91	91	9
4476	0.91	91	9
4477	0.91	91	9
4478	0.91	91	9
4479	0.90	90	10
4480	0.90	90	10
4481	0.90	90	10
4482	0.90	90	10
4483	0.90	90	10
4484	0.90	90	10
4485	0.90	90	10
4486	0.90	90	10
4487	0.90	90	10
4488	0.90	90	10
4489	0.90	90	10
4490	0.90	90	10
4491	0.90	90	10
4492	0.90	90	10
4493	0.90	90	10
4494	0.90	90	10
4495	0.90	90	10
4496	0.90	90	10
4497	0.89	89	11
4498	0.89	89	11
4499	0.89	89	11
4500	0.89	89	11
4501	0.89	89	11
4502	0.89	89	11
4503	0.88	88	12
4504	0.88	88	12
4505	0.88	88	12
4506	0.89	89	11
4507	0.89	89	11
4508	0.89	89	11
4509	0.89	89	11
4510	0.89	89	11
4511	0.89	89	11
4512	0.89	89	11
4513	0.89	89	11
4514	0.89	89	11
4515	0.89	89	11
4516	0.89	89	11
4517	0.89	89	11
4518	0.89	89	11
4519	0.89	89	11
4520	0.89	89	11
4521	0.89	89	11
4522	0.89	89	11
4523	0.89	89	11
4524	0.89	89	11
4525	0.90	90	10
4526	0.90	90	10
4527	0.90	90	10
4528	0.90	90	10
4529	0.90	90	10
4530	0.90	90	10
4531	0.90	90	10
4532	0.90	90	10
4533	0.90	90	10
4534	0.90	90	10
4535	0.91	91	9
4536	0.91	91	9
4537	0.91	91	9
4538	0.91	91	9
4539	0.91	91	9
4540	0.91	91	9
4541	0.91	91	9
4542	0.91	91	9
4543	0.90	90	10
4544	0.90	90	10
4545	0.90	90	10
4546	0.90	90	10
4547	0.90	90	10
4548	0.91	91	9
4549	0.91	91	9
4550	0.91	91	9
4551	0.91	91	9
4552	0.91	91	9
4553	0.91	91	9
4554	0.91	91	9
4555	0.91	91	9
4556	0.91	91	9
4557	0.92	92	8
4558	0.92	92	8
4559	0.92	92	8
4560	0.92	92	8
4561	0.92	92	8
4562	0.91	91	9
4563	0.91	91	9
4564	0.91	91	9
4565	0.91	91	9
4566	0.91	91	9
4567	0.91	91	9
4568	0.91	91	9
4569	0.91	91	9
4570	0.91	91	9
4571	0.92	92	8
4572	0.93	93	7
4573	0.93	93	7
4574	0.93	93	7
4575	0.94	94	6
4576	0.94	94	6
4577	0.94	94	6
4578	0.94	94	6
4579	0.95	95	5
4580	0.95	95	5
4581	0.95	95	5
4582	0.95	95	5
4583	0.95	95	5
4584	0.95	95	5
4585	0.95	95	5
4586	0.95	95	5
4587	0.95	95	5
4588	0.95	95	5
4589	0.95	95	5
4590	0.95	95	5
4591	0.94	94	6
4592	0.94	94	6
4593	0.94	94	6
4594	0.94	94	6
4595	0.94	94	6
4596	0.94	94	6
4597	0.95	95	5
4598	0.95	95	5
4599	0.95	95	5
4600	0.95	95	5
4601	0.95	95	5
4602	0.95	95	5
4603	0.96	96	4
4604	0.96	96	4
4605	0.96	96	4
4606	0.96	96	4
4607	0.96	96	4
4608	0.97	97	3
4609	0.97	97	3
4610	0.97	97	3
4611	0.97	97	3
4612	0.97	97	3
4613	0.97	97	3
4614	0.97	97	3
4615	0.97	97	3
4616	0.97	97	3
4617	0.97	97	3
4618	0.97	97	3
4619	0.97	97	3
4620	0.97	97	3
4621	0.97	97	3
4622	0.97	97	3
4623	0.97	97	3
4624	0.96	96	4
4625	0.96	96	4
4626	0.96	96	4
4627	0.96	96	4
4628	0.96	96	4
4629	0.96	96	4
4630	0.96	96	4
4631	0.96	96	4
4632	0.96	96	4
4633	0.96	96	4
4634	0.96	96	4
4635	0.96	96	4
4636	0.96	96	4
4637	0.96	96	4
4638	0.96	96	4
4639	0.96	96	4
4640	0.96	96	4
4641	0.95	95	5
4642	0.95	95	5
4643	0.96	96	4
4644	0.96	96	4
4645	0.96	96	4
4646	0.96	96	4
4647	0.96	96	4
4648	0.96	96	4
4649	0.96	96	4
4650	0.96	96	4
4651	0.96	96	4
4652	0.96	96	4
4653	0.96	96	4
4654	0.96	96	4
4655	0.96	96	4
4656	0.96	96	4
4657	0.96	96	4
4658	0.95	95	5
4659	0.95	95	5
4660	0.95	95	5
4661	0.95	95	5
4662	0.96	96	4
4663	0.96	96	4
4664	0.96	96	4
4665	0.96	96	4
4666	0.96	96	4
4667	0.96	96	4
4668	0.96	96	4
4669	0.96	96	4
4670	0.96	96	4
4671	0.96	96	4
4672	0.96	96	4
4673	0.96	96	4
4674	0.96	96	4
4675	0.96	96	4
4676	0.96	96	4
4677	0.96	96	4
4678	0.96	96	4
4679	0.96	96	4
4680	0.96	96	4
4681	0.96	96	4
4682	0.96	96	4
4683	0.96	96	4
4684	0.96	96	4
4685	0.96	96	4
4686	0.96	96	4
4687	0.96	96	4
4688	0.96	96	4
4689	0.96	96	4
4690	0.96	96	4
4691	0.97	97	3
4692	0.97	97	3
4693	0.97	97	3
4694	0.96	96	4
4695	0.96	96	4
4696	0.96	96	4
4697	0.96	96	4
4698	0.96	96	4
4699	0.96	96	4
4700	0.96	96	4
4701	0.96	96	4
4702	0.96	96	4
4703	0.96	96	4
4704	0.96	96	4
4705	0.96	96	4
4706	0.96	96	4
4707	0.96	96	4
4708	0.96	96	4
4709	0.96	96	4
4710	0.96	96	4
4711	0.96	96	4
4712	0.96	96	4
4713	0.95	95	5
4714	0.95	95	5
4715	0.94	94	6
4716	0.94	94	6
4717	0.94	94	6
4718	0.94	94	6
4719	0.94	94	6
4720	0.94	94	6
4721	0.94	94	6
4722	0.94	94	6
4723	0.94	94	6
4724	0.95	95	5
4725	0.95	95	5
4726	0.95	95	5
4727	0.95	95	5
4728	0.95	95	5
4729	0.95	95	5
4730	0.95	95	5
4731	0.95	95	5
4732	0.95	95	5
4733	0.95	95	5
4734	0.95	95	5
4735	0.95	95	5
4736	0.95	95	5
4737	0.95	95	5
4738	0.95	95	5
4739	0.95	95	5
4740	0.95	95	5
4741	0.96	96	4
4742	0.96	96	4
4743	0.96	96	4
4744	0.96	96	4
4745	0.96	96	4
4746	0.96	96	4
4747	0.96	96	4
4748	0.96	96	4
4749	0.96	96	4
4750	0.96	96	4
4751	0.96	96	4
4752	0.96	96	4
4753	0.96	96	4
4754	0.95	95	5
4755	0.95	95	5
4756	0.95	95	5
4757	0.95	95	5
4758	0.96	96	4
4759	0.96	96	4
4760	0.96	96	4
4761	0.96	96	4
4762	0.96	96	4
4763	0.96	96	4
4764	0.96	96	4
4765	0.96	96	4
4766	0.96	96	4
4767	0.96	96	4
4768	0.96	96	4
4769	0.96	96	4
4770	0.96	96	4
4771	0.96	96	4
4772	0.96	96	4
4773	0.96	96	4
4774	0.96	96	4
4775	0.96	96	4
4776	0.96	96	4
4777	0.96	96	4
4778	0.96	96	4
4779	0.96	96	4
4780	0.96	96	4
4781	0.96	96	4
4782	0.96	96	4
4783	0.96	96	4
4784	0.95	95	5
4785	0.95	95	5
4786	0.95	95	5
4787	0.95	95	5
4788	0.95	95	5
4789	0.95	95	5
4790	0.95	95	5
4791	0.95	95	5
4792	0.95	95	5
4793	0.95	95	5
4794	0.96	96	4
4795	0.96	96	4
4796	0.96	96	4
4797	0.96	96	4
4798	0.96	96	4
4799	0.96	96	4
4800	0.96	96	4
4801	0.96	96	4
4802	0.96	96	4
4803	0.96	96	4
4804	0.96	96	4
4805	0.96	96	4
4806	0.96	96	4
4807	0.96	96	4
4808	0.96	96	4
4809	0.96	96	4
4810	0.96	96	4
4811	0.96	96	4
4812	0.96	96	4
4813	0.97	97	3
4814	0.97	97	3
4815	0.97	97	3
4816	0.97	97	3
4817	0.97	97	3
4818	0.97	97	3
4819	0.97	97	3
4820	0.97	97	3
4821	0.97	97	3
4822	0.97	97	3
4823	0.97	97	3
4824	0.97	97	3
4825	0.97	97	3
4826	0.97	97	3
4827	0.97	97	3
4828	0.97	97	3
4829	0.97	97	3
4830	0.97	97	3
4831	0.97	97	3
4832	0.97	97	3
4833	0.97	97	3
4834	0.97	97	3
4835	0.97	97	3
4836	0.97	97	3
4837	0.97	97	3
4838	0.97	97	3
4839	0.97	97	3
4840	0.97	97	3
4841	0.97	97	3
4842	0.97	97	3
4843	0.97	97	3
4844	0.97	97	3
4845	0.97	97	3
4846	0.97	97	3
4847	0.97	97	3
4848	0.97	97	3
4849	0.97	97	3
4850	0.97	97	3
4851	0.97	97	3
4852	0.97	97	3
4853	0.97	97	3
4854	0.98	98	2
4855	0.98	98	2
4856	0.98	98	2
4857	0.98	98	2
4858	0.98	98	2
4859	0.98	98	2
4860	0.98	98	2
4861	0.98	98	2
4862	0.98	98	2
4863	0.98	98	2
4864	0.98	98	2
4865	0.98	98	2
4866	0.98	98	2
4867	0.98	98	2
4868	0.97	97	3
4869	0.97	97	3
4870	0.97	97	3
4871	0.97	97	3
4872	0.97	97	3
4873	0.96	96	4
4874	0.96	96	4
4875	0.96	96	4
4876	0.96	96	4
4877	0.96	96	4
4878	0.96	96	4
4879	0.96	96	4
4880	0.96	96	4
4881	0.96	96	4
4882	0.96	96	4
4883	0.96	96	4
4884	0.97	97	3
4885	0.97	97	3
4886	0.97	97	3
4887	0.97	97	3
4888	0.97	97	3
4889	0.97	97	3
4890	0.97	97	3
4891	0.97	97	3
4892	0.97	97	3
4893	0.97	97	3
4894	0.97	97	3
4895	0.97	97	3
4896	0.97	97	3
4897	0.97	97	3
4898	0.97	97	3
4899	0.97	97	3
4900	0.96	96	4
4901	0.96	96	4
4902	0.96	96	4
4903	0.96	96	4
4904	0.96	96	4
4905	0.96	96	4
4906	0.96	96	4
4907	0.96	96	4
4908	0.96	96	4
4909	0.96	96	4
4910	0.96	96	4
4911	0.96	96	4
4912	0.96	96	4
4913	0.96	96	4
4914	0.96	96	4
4915	0.97	97	3
4916	0.97	97	3
4917	0.97	97	3
4918	0.97	97	3
4919	0.96	96	4
4920	0.96	96	4
4921	0.96	96	4
4922	0.96	96	4
4923	0.96	96	4
4924	0.96	96	4
4925	0.96	96	4
4926	0.96	96	4
4927	0.96	96	4
4928	0.96	96	4
4929	0.96	96	4
4930	0.96	96	4
4931	0.96	96	4
4932	0.96	96	4
4933	0.96	96	4
4934	0.96	96	4
4935	0.96	96	4
4936	0.96	96	4
4937	0.95	95	5
4938	0.95	95	5
4939	0.95	95	5
4940	0.95	95	5
4941	0.95	95	5
4942	0.95	95	5
4943	0.95	95	5
4944	0.95	95	5
4945	0.95	95	5
4946	0.95	95	5
4947	0.95	95	5
4948	0.94	94	6
4949	0.94	94	6
4950	0.94	94	6
4951	0.94	94	6
4952	0.94	94	6
4953	0.94	94	6
4954	0.94	94	6
4955	0.94	94	6
4956	0.94	94	6
4957	0.94	94	6
4958	0.94	94	6
4959	0.94	94	6
4960	0.94	94	6
4961	0.94	94	6
4962	0.94	94	6
4963	0.94	94	6
4964	0.94	94	6
4965	0.94	94	6
4966	0.94	94	6
4967	0.94	94	6
4968	0.95	95	5
4969	0.95	95	5
4970	0.95	95	5
4971	0.94	94	6
4972	0.94	94	6
4973	0.95	95	5
4974	0.95	95	5
4975	0.95	95	5
4976	0.95	95	5
4977	0.95	95	5
4978	0.95	95	5
4979	0.95	95	5
4980	0.95	95	5
4981	0.95	95	5
4982	0.95	95	5
4983	0.95	95	5
4984	0.95	95	5
4985	0.95	95	5
4986	0.95	95	5
4987	0.95	95	5
4988	0.95	95	5
4989	0.95	95	5
4990	0.95	95	5
4991	0.94	94	6
4992	0.94	94	6
4993	0.94	94	6
4994	0.94	94	6
4995	0.94	94	6
4996	0.94	94	6
4997	0.94	94	6
4998	0.94	94	6
4999	0.94	94	6
5000	0.06	94	6
5001	0.07	93	7
5002	0.08	92	8
5003	0.09	91	9
5004	0.10	90	10
5005	0.10	90	10
5006	0.10	90	10
5007	0.11	89	11
5008	0.11	89	11
5009	0.12	88	12
5010	0.13	87	13
5011	0.14	86	14
5012	0.15	85	15
5013	0.15	85	15
5014	0.16	84	16
5015	0.17	83	17
5016	0.18	82	18
5017	0.19	81	19
5018	0.19	81	19
5019	0.19	81	19
5020	0.20	80	20
5021	0.21	79	21
5022	0.22	78	22
5023	0.23	77	23
5024	0.24	76	24
5025	0.24	76	24
5026	0.25	75	25
5027	0.26	74	26
5028	0.27	73	27
5029	0.28	72	28
5030	0.29	71	29
5031	0.30	70	30
5032	0.31	69	31
5033	0.32	68	32
5034	0.33	67	33
5035	0.33	67	33
5036	0.33	67	33
5037	0.33	67	33
5038	0.33	67	33
5039	0.34	66	34
5040	0.35	65	35
5041	0.36	64	36
5042	0.37	63	37
5043	0.37	63	37
5044	0.38	62	38
5045	0.39	61	39
5046	0.39	61	39
5047	0.40	60	40
5048	0.40	60	40
5049	0.41	59	41
5050	0.42	58	42
5051	0.43	57	43
5052	0.44	56	44
5053	0.44	56	44
5054	0.44	56	44
5055	0.44	56	44
5056	0.45	55	45
5057	0.46	54	46
5058	0.47	53	47
5059	0.48	52	48
5060	0.49	51	49
5061	0.50	50	50
5062	0.51	49	51
5063	0.52	48	52
5064	0.53	47	53
5065	0.54	46	54
5066	0.55	45	55
5067	0.56	44	56
5068	0.57	43	57
5069	0.58	42	58
5070	0.59	41	59
5071	0.59	41	59
5072	0.60	40	60
5073	0.61	39	61
5074	0.62	38	62
5075	0.63	37	63
5076	0.64	36	64
5077	0.65	35	65
5078	0.66	34	66
5079	0.67	33	67
5080	0.68	32	68
5081	0.69	31	69
5082	0.70	30	70
5083	0.70	30	70
5084	0.71	29	71
5085	0.72	28	72
5086	0.73	27	73
5087	0.74	26	74
5088	0.75	25	75
5089	0.76	24	76
5090	0.77	23	77
5091	0.77	23	77
5092	0.78	22	78
5093	0.79	21	79
5094	0.80	20	80
5095	0.81	19	81
5096	0.82	18	82
5097	0.83	17	83
5098	0.84	16	84
5099	0.85	15	85
5100	0.85	15	85
5101	0.85	15	85
5102	0.84	16	84
5103	0.84	16	84
5104	0.84	16	84
5105	0.85	15	85
5106	0.86	14	86
5107	0.86	14	86
5108	0.87	13	87
5109	0.87	13	87
5110	0.87	13	87
5111	0.87	13	87
5112	0.87	13	87
5113	0.88	12	88
5114	0.88	12	88
5115	0.88	12	88
5116	0.88	12	88
5117	0.87	13	87
5118	0.88	12	88
5119	0.88	12	88
5120	0.88	12	88
5121	0.88	12	88
5122	0.88	12	88
5123	0.88	12	88
5124	0.87	13	87
5125	0.88	12	88
5126	0.88	12	88
5127	0.88	12	88
5128	0.88	12	88
5129	0.88	12	88
5130	0.88	12	88
5131	0.88	12	88
5132	0.88	12	88
5133	0.88	12	88
5134	0.88	12	88
5135	0.89	11	89
5136	0.90	10	90
5137	0.90	10	90
5138	0.91	9	91
5139	0.91	9	91
5140	0.91	9	91
5141	0.91	9	91
5142	0.91	9	91
5143	0.92	8	92
5144	0.92	8	92
5145	0.92	8	92
5146	0.93	7	93
5147	0.93	7	93
5148	0.93	7	93
5149	0.93	7	93
5150	0.93	7	93
5151	0.93	7	93
5152	0.93	7	93
5153	0.94	6	94
5154	0.95	5	95
5155	0.96	4	96
5156	0.96	4	96
5157	0.96	4	96
5158	0.96	4	96
5159	0.96	4	96
5160	0.96	4	96
5161	0.96	4	96
5162	0.96	4	96
5163	0.96	4	96
5164	0.96	4	96
5165	0.96	4	96
5166	0.96	4	96
5167	0.96	4	96
5168	0.96	4	96
5169	0.96	4	96
5170	0.95	5	95
5171	0.94	6	94
5172	0.94	6	94
5173	0.94	6	94
5174	0.94	6	94
5175	0.94	6	94
5176	0.94	6	94
5177	0.94	6	94
5178	0.94	6	94
5179	0.94	6	94
5180	0.94	6	94
5181	0.94	6	94
5182	0.94	6	94
5183	0.95	5	95
5184	0.95	5	95
5185	0.95	5	95
5186	0.95	5	95
5187	0.95	5	95
5188	0.95	5	95
5189	0.95	5	95
5190	0.95	5	95
5191	0.95	5	95
5192	0.95	5	95
5193	0.95	5	95
5194	0.95	5	95
5195	0.95	5	95
5196	0.95	5	95
5197	0.95	5	95
5198	0.95	5	95
5199	0.95	5	95
5200	0.95	5	95
5201	0.95	5	95
5202	0.96	4	96
5203	0.96	4	96
5204	0.96	4	96
5205	0.96	4	96
5206	0.96	4	96
5207	0.96	4	96
5208	0.96	4	96
5209	0.96	4	96
5210	0.96	4	96
5211	0.96	4	96
5212	0.96	4	96
5213	0.96	4	96
5214	0.96	4	96
5215	0.96	4	96
5216	0.96	4	96
5217	0.97	3	97
5218	0.97	3	97
5219	0.97	3	97
5220	0.97	3	97
5221	0.97	3	97
5222	0.97	3	97
5223	0.97	3	97
5224	0.98	2	98
5225	0.98	2	98
5226	0.98	2	98
5227	0.98	2	98
5228	0.98	2	98
5229	0.98	2	98
5230	0.98	2	98
5231	0.98	2	98
5232	0.98	2	98
5233	0.98	2	98
5234	0.98	2	98
5235	0.98	2	98
5236	0.98	2	98
5237	0.98	2	98
5238	0.98	2	98
5239	0.97	3	97
5240	0.97	3	97
5241	0.97	3	97
5242	0.97	3	97
5243	0.97	3	97
5244	0.97	3	97
5245	0.97	3	97
5246	0.97	3	97
5247	0.97	3	97
5248	0.97	3	97
5249	0.97	3	97
5250	0.97	3	97
5251	0.97	3	97
5252	0.97	3	97
5253	0.97	3	97
5254	0.97	3	97
5255	0.97	3	97
5256	0.97	3	97
5257	0.97	3	97
5258	0.97	3	97
5259	0.97	3	97
5260	0.97	3	97
5261	0.97	3	97
5262	0.97	3	97
5263	0.97	3	97
5264	0.97	3	97
5265	0.97	3	97
5266	0.97	3	97
5267	0.97	3	97
5268	0.97	3	97
5269	0.97	3	97
5270	0.98	2	98
5271	0.99	1	99
5272	0.99	1	99
5273	0.99	1	99
5274	0.99	1	99
5275	0.99	1	99
5276	0.99	1	99
5277	0.99	1	99
5278	0.99	1	99
5279	0.99	1	99
5280	0.99	1	99
5281	0.99	1	99
5282	0.99	1	99
5283	0.99	1	99
5284	0.99	1	99
5285	0.99	1	99
5286	0.99	1	99
5287	0.99	1	99
5288	0.99	1	99
5289	0.99	1	99
5290	0.99	1	99
5291	0.99	1	99
5292	0.99	1	99
5293	0.99	1	99
5294	0.99	1	99
5295	0.99	1	99
5296	0.99	1	99
5297	0.99	1	99
5298	0.99	1	99
5299	0.99	1	99
5300	0.99	1	99
5301	0.99	1	99
5302	0.99	1	99
5303	0.99	1	99
5304	0.99	1	99
5305	0.99	1	99
5306	0.99	1	99
5307	0.99	1	99
5308	0.99	1	99
5309	0.99	1	99
5310	0.99	1	99
5311	0.99	1	99
5312	0.99	1	99
5313	0.99	1	99
5314	0.99	1	99
5315	0.99	1	99
5316	0.99	1	99
5317	0.99	1	99
5318	0.99	1	99
5319	0.99	1	99
5320	0.99	1	99
5321	0.99	1	99
5322	0.99	1	99
5323	0.99	1	99
5324	0.99	1	99
5325	0.99	1	99
5326	0.99	1	99
5327	0.99	1	99
5328	0.99	1	99
5329	0.99	1	99
5330	0.99	1	99
5331	0.99	1	99
5332	0.99	1	99
5333	0.99	1	99
5334	0.99	1	99
5335	0.99	1	99
5336	0.99	1	99
5337	0.99	1	99
5338	0.99	1	99
5339	1.00	0	100
5340	1.00	0	100
5341	1.00	0	100
5342	1.00	0	100
5343	1.00	0	100
5344	1.00	0	100
5345	1.00	0	100
5346	1.00	0	100
5347	1.00	0	100
5348	1.00	0	100
5349	1.00	0	100
5350	1.00	0	100
5351	1.00	0	100
5352	0.99	1	99
5353	0.99	1	99
5354	0.99	1	99
5355	0.99	1	99
5356	0.99	1	99
5357	0.99	1	99
5358	0.99	1	99
5359	0.99	1	99
5360	0.99	1	99
5361	0.99	1	99
5362	0.99	1	99
5363	0.99	1	99
5364	0.99	1	99
5365	0.99	1	99
5366	0.99	1	99
5367	0.99	1	99
5368	0.99	1	99
5369	0.99	1	99
5370	0.99	1	99
5371	0.99	1	99
5372	0.99	1	99
5373	0.99	1	99
5374	0.99	1	99
5375	0.99	1	99
5376	0.99	1	99
5377	0.99	1	99
5378	0.99	1	99
5379	0.99	1	99
5380	0.99	1	99
5381	0.99	1	99
5382	0.99	1	99
5383	0.99	1	99
5384	0.99	1	99
5385	0.99	1	99
5386	0.99	1	99
5387	0.99	1	99
5388	0.98	2	98
5389	0.98	2	98
5390	0.98	2	98
5391	0.98	2	98
5392	0.98	2	98
5393	0.98	2	98
5394	0.98	2	98
5395	0.98	2	98
5396	0.98	2	98
5397	0.98	2	98
5398	0.98	2	98
5399	0.98	2	98
5400	0.98	2	98
5401	0.98	2	98
5402	0.98	2	98
5403	0.98	2	98
5404	0.98	2	98
5405	0.98	2	98
5406	0.98	2	98
5407	0.98	2	98
5408	0.98	2	98
5409	0.98	2	98
5410	0.98	2	98
5411	0.98	2	98
5412	0.98	2	98
5413	0.98	2	98
5414	0.98	2	98
5415	0.98	2	98
5416	0.98	2	98
5417	0.98	2	98
5418	0.98	2	98
5419	0.98	2	98
5420	0.98	2	98
5421	0.98	2	98
5422	0.98	2	98
5423	0.98	2	98
5424	0.98	2	98
5425	0.98	2	98
5426	0.98	2	98
5427	0.98	2	98
5428	0.98	2	98
5429	0.98	2	98
5430	0.98	2	98
5431	0.98	2	98
5432	0.98	2	98
5433	0.98	2	98
5434	0.98	2	98
5435	0.98	2	98
5436	0.98	2	98
5437	0.98	2	98
5438	0.98	2	98
5439	0.98	2	98
5440	0.98	2	98
5441	0.98	2	98
5442	0.97	3	97
5443	0.97	3	97
5444	0.97	3	97
5445	0.97	3	97
5446	0.97	3	97
5447	0.97	3	97
5448	0.97	3	97
5449	0.97	3	97
5450	0.97	3	97
5451	0.97	3	97
5452	0.98	2	98
5453	0.98	2	98
5454	0.98	2	98
5455	0.98	2	98
5456	0.98	2	98
5457	0.98	2	98
5458	0.98	2	98
5459	0.98	2	98
5460	0.98	2	98
5461	0.98	2	98
5462	0.98	2	98
5463	0.98	2	98
5464	0.98	2	98
5465	0.98	2	98
5466	0.98	2	98
5467	0.98	2	98
5468	0.98	2	98
5469	0.98	2	98
5470	0.98	2	98
5471	0.98	2	98
5472	0.98	2	98
5473	0.98	2	98
5474	0.98	2	98
5475	0.98	2	98
5476	0.98	2	98
5477	0.98	2	98
5478	0.98	2	98
5479	0.98	2	98
5480	0.98	2	98
5481	0.98	2	98
5482	0.98	2	98
5483	0.98	2	98
5484	0.98	2	98
5485	0.98	2	98
5486	0.98	2	98
5487	0.98	2	98
5488	0.99	1	99
5489	0.99	1	99
5490	0.99	1	99
5491	0.99	1	99
5492	0.99	1	99
5493	0.99	1	99
5494	0.99	1	99
5495	0.99	1	99
5496	0.99	1	99
5497	0.99	1	99
5498	0.99	1	99
5499	0.99	1	99
5500	0.99	1	99
5501	0.99	1	99
5502	0.99	1	99
5503	0.99	1	99
5504	0.99	1	99
5505	0.99	1	99
5506	0.99	1	99
5507	0.99	1	99
5508	0.99	1	99
5509	0.99	1	99
5510	0.99	1	99
5511	0.99	1	99
5512	0.99	1	99
5513	0.99	1	99
5514	0.99	1	99
5515	0.99	1	99
5516	0.99	1	99
5517	0.99	1	99
5518	0.99	1	99
5519	0.99	1	99
5520	0.99	1	99
5521	0.99	1	99
5522	0.99	1	99
5523	0.99	1	99
5524	0.99	1	99
5525	0.99	1	99
5526	0.99	1	99
5527	0.99	1	99
5528	0.99	1	99
5529	0.99	1	99
5530	0.99	1	99
5531	0.99	1	99
5532	0.99	1	99
5533	0.99	1	99
5534	0.99	1	99
5535	0.99	1	99
5536	0.99	1	99
5537	0.99	1	99
5538	0.99	1	99
5539	0.99	1	99
5540	0.99	1	99
5541	0.99	1	99
5542	1.00	0	100
5543	1.00	0	100
5544	1.00	0	100
5545	1.00	0	100
5546	1.00	0	100
5547	1.00	0	100
5548	1.00	0	100
5549	1.00	0	100
5550	1.00	0	100
5551	1.00	0	100
5552	1.00	0	100
5553	1.00	0	100
5554	1.00	0	100
5555	1.00	0	100
5556	1.00	0	100
5557	1.00	0	100
5558	1.00	0	100
5559	0.99	1	99
5560	0.99	1	99
5561	0.99	1	99
5562	0.99	1	99
5563	0.99	1	99
5564	0.99	1	99
5565	0.99	1	99
5566	0.99	1	99
5567	0.99	1	99
5568	0.99	1	99
5569	0.99	1	99
5570	0.99	1	99
5571	0.99	1	99
5572	0.99	1	99
5573	0.99	1	99
5574	0.99	1	99
5575	0.99	1	99
5576	0.99	1	99
5577	0.98	2	98
5578	0.98	2	98
5579	0.98	2	98
5580	0.98	2	98
5581	0.98	2	98
5582	0.98	2	98
5583	0.98	2	98
5584	0.97	3	97
5585	0.97	3	97
5586	0.97	3	97
5587	0.97	3	97
5588	0.97	3	97
5589	0.97	3	97
5590	0.97	3	97
5591	0.97	3	97
5592	0.97	3	97
5593	0.97	3	97
5594	0.97	3	97
5595	0.97	3	97
5596	0.97	3	97
5597	0.97	3	97
5598	0.97	3	97
5599	0.97	3	97
5600	0.97	3	97
5601	0.97	3	97
5602	0.97	3	97
5603	0.97	3	97
5604	0.97	3	97
5605	0.97	3	97
5606	0.97	3	97
5607	0.97	3	97
5608	0.97	3	97
5609	0.97	3	97
5610	0.97	3	97
5611	0.97	3	97
5612	0.97	3	97
5613	0.97	3	97
5614	0.97	3	97
5615	0.97	3	97
5616	0.97	3	97
5617	0.97	3	97
5618	0.97	3	97
5619	0.97	3	97
5620	0.97	3	97
5621	0.97	3	97
5622	0.97	3	97
5623	0.96	4	96
5624	0.96	4	96
5625	0.96	4	96
5626	0.96	4	96
5627	0.96	4	96
5628	0.96	4	96
5629	0.96	4	96
5630	0.96	4	96
5631	0.96	4	96
5632	0.96	4	96
5633	0.96	4	96
5634	0.96	4	96
5635	0.96	4	96
5636	0.96	4	96
5637	0.96	4	96
5638	0.96	4	96
5639	0.96	4	96
5640	0.96	4	96
5641	0.96	4	96
5642	0.96	4	96
5643	0.96	4	96
5644	0.96	4	96
5645	0.96	4	96
5646	0.96	4	96
5647	0.96	4	96
5648	0.96	4	96
5649	0.96	4	96
5650	0.96	4	96
5651	0.96	4	96
5652	0.96	4	96
5653	0.96	4	96
5654	0.96	4	96
5655	0.96	4	96
5656	0.96	4	96
5657	0.96	4	96
5658	0.96	4	96
5659	0.97	3	97
5660	0.97	3	97
5661	0.97	3	97
5662	0.97	3	97
5663	0.97	3	97
5664	0.97	3	97
5665	0.97	3	97
5666	0.97	3	97
5667	0.97	3	97
5668	0.97	3	97
5669	0.97	3	97
5670	0.97	3	97
5671	0.97	3	97
5672	0.97	3	97
5673	0.97	3	97
5674	0.97	3	97
5675	0.97	3	97
5676	0.97	3	97
5677	0.98	2	98
5678	0.98	2	98
5679	0.98	2	98
5680	0.98	2	98
5681	0.98	2	98
5682	0.98	2	98
5683	0.98	2	98
5684	0.99	1	99
5685	0.99	1	99
5686	0.99	1	99
5687	0.99	1	99
5688	0.99	1	99
5689	0.99	1	99
5690	0.99	1	99
5691	0.99	1	99
5692	0.99	1	99
5693	0.99	1	99
5694	0.99	1	99
5695	0.99	1	99
5696	0.99	1	99
5697	0.99	1	99
5698	0.99	1	99
5699	0.99	1	99
5700	0.99	1	99
5701	0.99	1	99
5702	0.99	1	99
5703	0.99	1	99
5704	0.99	1	99
5705	0.99	1	99
5706	0.99	1	99
5707	0.99	1	99
5708	0.99	1	99
5709	0.99	1	99
5710	0.98	2	98
5711	0.98	2	98
5712	0.98	2	98
5713	0.98	2	98
5714	0.98	2	98
5715	0.98	2	98
5716	0.98	2	98
5717	0.98	2	98
5718	0.98	2	98
5719	0.98	2	98
5720	0.98	2	98
5721	0.98	2	98
5722	0.98	2	98
5723	0.99	1	99
5724	0.99	1	99
5725	0.99	1	99
5726	0.99	1	99
5727	0.99	1	99
5728	0.99	1	99
5729	0.99	1	99
5730	0.99	1	99
5731	0.99	1	99
5732	0.99	1	99
5733	0.99	1	99
5734	0.99	1	99
5735	0.99	1	99
5736	0.99	1	99
5737	0.99	1	99
5738	0.99	1	99
5739	0.99	1	99
5740	0.99	1	99
5741	0.99	1	99
5742	0.99	1	99
5743	0.99	1	99
5744	0.99	1	99
5745	0.99	1	99
5746	0.99	1	99
5747	0.98	2	98
5748	0.98	2	98
5749	0.98	2	98
5750	0.98	2	98
5751	0.98	2	98
5752	0.98	2	98
5753	0.98	2	98
5754	0.98	2	98
5755	0.98	2	98
5756	0.98	2	98
5757	0.98	2	98
5758	0.98	2	98
5759	0.98	2	98
5760	0.98	2	98
5761	0.98	2	98
5762	0.98	2	98
5763	0.98	2	98
5764	0.98	2	98
5765	0.98	2	98
5766	0.98	2	98
5767	0.97	3	97
5768	0.97	3	97
5769	0.97	3	97
5770	0.96	4	96
5771	0.96	4	96
5772	0.96	4	96
5773	0.96	4	96
5774	0.96	4	96
5775	0.95	5	95
5776	0.95	5	95
5777	0.95	5	95
5778	0.95	5	95
5779	0.95	5	95
5780	0.95	5	95
5781	0.95	5	95
5782	0.95	5	95
5783	0.95	5	95
5784	0.95	5	95
5785	0.95	5	95
5786	0.95	5	95
5787	0.95	5	95
5788	0.95	5	95
5789	0.95	5	95
5790	0.95	5	95
5791	0.94	6	94
5792	0.94	6	94
5793	0.94	6	94
5794	0.94	6	94
5795	0.94	6	94
5796	0.94	6	94
5797	0.94	6	94
5798	0.94	6	94
5799	0.94	6	94
5800	0.94	6	94
5801	0.94	6	94
5802	0.94	6	94
5803	0.94	6	94
5804	0.94	6	94
5805	0.94	6	94
5806	0.94	6	94
5807	0.94	6	94
5808	0.94	6	94
5809	0.93	7	93
5810	0.94	6	94
5811	0.94	6	94
5812	0.94	6	94
5813	0.94	6	94
5814	0.94	6	94
5815	0.94	6	94
5816	0.94	6	94
5817	0.94	6	94
5818	0.94	6	94
5819	0.94	6	94
5820	0.94	6	94
5821	0.94	6	94
5822	0.94	6	94
5823	0.94	6	94
5824	0.94	6	94
5825	0.94	6	94
5826	0.94	6	94
5827	0.94	6	94
5828	0.94	6	94
5829	0.94	6	94
5830	0.94	6	94
5831	0.94	6	94
5832	0.94	6	94
5833	0.94	6	94
5834	0.94	6	94
5835	0.94	6	94
5836	0.94	6	94
5837	0.94	6	94
5838	0.94	6	94
5839	0.94	6	94
5840	0.94	6	94
5841	0.94	6	94
5842	0.94	6	94
5843	0.94	6	94
5844	0.94	6	94
5845	0.93	7	93
5846	0.92	8	92
5847	0.93	7	93
5848	0.93	7	93
5849	0.93	7	93
5850	0.93	7	93
5851	0.93	7	93
5852	0.93	7	93
5853	0.93	7	93
5854	0.93	7	93
5855	0.93	7	93
5856	0.93	7	93
5857	0.93	7	93
5858	0.93	7	93
5859	0.93	7	93
5860	0.93	7	93
5861	0.93	7	93
5862	0.93	7	93
5863	0.93	7	93
5864	0.93	7	93
5865	0.93	7	93
5866	0.93	7	93
5867	0.94	6	94
5868	0.94	6	94
5869	0.94	6	94
5870	0.95	5	95
5871	0.95	5	95
5872	0.95	5	95
5873	0.95	5	95
5874	0.95	5	95
5875	0.96	4	96
5876	0.96	4	96
5877	0.96	4	96
5878	0.96	4	96
5879	0.96	4	96
5880	0.96	4	96
5881	0.96	4	96
5882	0.96	4	96
5883	0.96	4	96
5884	0.96	4	96
5885	0.96	4	96
5886	0.96	4	96
5887	0.96	4	96
5888	0.96	4	96
5889	0.96	4	96
5890	0.96	4	96
5891	0.97	3	97
5892	0.97	3	97
5893	0.97	3	97
5894	0.97	3	97
5895	0.97	3	97
5896	0.97	3	97
5897	0.97	3	97
5898	0.97	3	97
5899	0.97	3	97
5900	0.97	3	97
5901	0.97	3	97
5902	0.97	3	97
5903	0.97	3	97
5904	0.97	3	97
5905	0.97	3	97
5906	0.97	3	97
5907	0.97	3	97
5908	0.97	3	97
5909	0.98	2	98
5910	0.98	2	98
5911	0.98	2	98
5912	0.98	2	98
5913	0.98	2	98
5914	0.98	2	98
5915	0.98	2	98
5916	0.98	2	98
5917	0.98	2	98
5918	0.98	2	98
5919	0.98	2	98
5920	0.98	2	98
5921	0.98	2	98
5922	0.98	2	98
5923	0.98	2	98
5924	0.98	2	98
5925	0.98	2	98
5926	0.98	2	98
5927	0.98	2	98
5928	0.98	2	98
5929	0.98	2	98
5930	0.98	2	98
5931	0.98	2	98
5932	0.98	2	98
5933	0.98	2	98
5934	0.98	2	98
5935	0.98	2	98
5936	0.98	2	98
5937	0.98	2	98
5938	0.98	2	98
5939	0.98	2	98
5940	0.98	2	98
5941	0.98	2	98
5942	0.98	2	98
5943	0.98	2	98
5944	0.98	2	98
5945	0.99	1	99
5946	1.00	0	100
5947	1.00	0	100
5948	1.00	0	100
5949	1.00	0	100
5950	1.00	0	100
5951	1.00	0	100
5952	1.00	0	100
5953	1.00	0	100
5954	1.00	0	100
5955	1.00	0	100
5956	1.00	0	100
5957	1.00	0	100
5958	1.00	0	100
5959	0.99	1	99
5960	0.99	1	99
5961	0.98	2	98
5962	0.98	2	98
5963	0.98	2	98
5964	0.98	2	98
5965	0.98	2	98
5966	0.98	2	98
5967	0.98	2	98
5968	0.98	2	98
5969	0.98	2	98
5970	0.98	2	98
5971	0.98	2	98
5972	0.98	2	98
5973	0.98	2	98
5974	0.97	3	97
5975	0.97	3	97
5976	0.97	3	97
5977	0.97	3	97
5978	0.96	4	96
5979	0.96	4	96
5980	0.96	4	96
5981	0.96	4	96
5982	0.96	4	96
5983	0.96	4	96
5984	0.96	4	96
5985	0.96	4	96
5986	0.96	4	96
5987	0.96	4	96
5988	0.96	4	96
5989	0.96	4	96
5990	0.96	4	96
5991	0.96	4	96
5992	0.96	4	96
5993	0.96	4	96
5994	0.96	4	96
5995	0.96	4	96
5996	0.96	4	96
5997	0.96	4	96
5998	0.96	4	96
5999	0.96	4	96
