timestep	swarm_quality	color_0	color_1	color_2	color_3	color_4
0	0.70	35	8	2	1	4
1	0.70	35	8	2	1	4
2	0.70	35	8	2	1	4
3	0.70	35	8	2	1	4
4	0.70	35	8	2	1	4
5	0.70	35	8	2	1	4
6	0.70	35	8	2	1	4
7	0.70	35	8	2	1	4
8	0.70	35	8	2	1	4
9	0.70	35	8	2	1	4
10	0.70	35	8	2	1	4
11	0.70	35	8	2	1	4
12	0.68	34	8	3	1	4
13	0.68	34	8	3	1	4
14	0.68	34	8	3	1	4
15	0.68	34	8	3	1	4
16	0.68	34	8	3	1	4
17	0.68	34	8	3	1	4
18	0.66	33	8	4	1	4
19	0.66	33	8	4	1	4
20	0.66	33	8	4	1	4
21	0.64	32	8	4	2	4
22	0.64	32	8	4	2	4
23	0.64	32	8	4	2	4
24	0.64	32	8	4	2	4
25	0.62	31	8	4	2	5
26	0.62	31	8	4	2	5
27	0.62	31	8	4	2	5
28	0.62	31	8	4	2	5
29	0.62	31	8	4	2	5
30	0.62	31	8	4	2	5
31	0.62	31	8	4	2	5
32	0.62	31	8	4	2	5
33	0.62	31	8	4	2	5
34	0.62	31	8	4	2	5
35	0.64	32	7	4	2	5
36	0.66	33	6	4	2	5
37	0.68	34	6	3	2	5
38	0.70	35	5	3	2	5
39	0.72	36	5	3	2	4
40	0.74	37	4	3	2	4
41	0.76	38	4	3	2	3
42	0.78	39	4	3	1	3
43	0.80	40	4	3	1	2
44	0.80	40	4	3	1	2
45	0.82	41	3	3	1	2
46	0.84	42	3	2	1	2
47	0.86	43	2	2	1	2
48	0.88	44	2	2	1	1
49	0.90	45	1	2	1	1
50	0.90	45	1	2	1	1
51	0.90	45	1	2	1	1
52	0.90	45	1	2	1	1
53	0.90	45	1	2	1	1
54	0.90	45	1	2	1	1
55	0.90	45	1	2	1	1
56	0.90	45	1	2	1	1
57	0.90	45	1	2	1	1
58	0.90	45	1	2	1	1
59	0.90	45	1	2	1	1
60	0.90	45	1	2	1	1
61	0.90	45	1	2	1	1
62	0.92	46	1	1	1	1
63	0.92	46	1	1	1	1
64	0.92	46	1	1	1	1
65	0.92	46	1	1	1	1
66	0.92	46	1	1	1	1
67	0.92	46	1	1	1	1
68	0.94	47	1	0	1	1
69	0.94	47	1	0	1	1
70	0.94	47	1	0	1	1
71	0.96	48	1	0	0	1
72	0.96	48	1	0	0	1
73	0.96	48	1	0	0	1
74	0.96	48	1	0	0	1
75	0.98	49	1	0	0	0
76	0.98	49	1	0	0	0
77	0.98	49	1	0	0	0
78	0.98	49	1	0	0	0
79	0.98	49	1	0	0	0
80	0.98	49	1	0	0	0
81	0.98	49	1	0	0	0
82	0.98	49	1	0	0	0
83	0.98	49	1	0	0	0
84	0.98	49	1	0	0	0
85	0.98	49	1	0	0	0
86	0.96	48	1	0	0	1
87	0.96	48	1	0	0	1
88	0.96	48	1	0	0	1
89	0.96	48	1	0	0	1
90	0.96	48	1	0	0	1
91	0.96	48	1	0	0	1
92	0.96	48	1	0	0	1
93	0.96	48	1	0	0	1
94	0.98	49	0	0	0	1
95	0.96	48	1	0	0	1
96	0.96	48	1	0	0	1
97	0.96	48	1	0	0	1
98	0.96	48	1	0	0	1
99	0.96	48	1	0	0	1
100	0.96	48	1	0	0	1
101	0.96	48	1	0	0	1
102	0.96	48	1	0	0	1
103	0.96	48	1	0	0	1
104	0.96	48	1	0	0	1
105	0.96	48	1	0	0	1
106	0.96	48	1	0	0	1
107	0.96	48	1	0	0	1
108	0.96	48	1	0	0	1
109	0.96	48	1	0	0	1
110	0.96	48	1	0	0	1
111	0.96	48	1	0	0	1
112	0.96	48	1	0	0	1
113	0.96	48	1	0	0	1
114	0.96	48	1	0	0	1
115	0.96	48	1	0	0	1
116	0.96	48	1	0	0	1
117	0.96	48	1	0	0	1
118	0.96	48	1	0	0	1
119	0.96	48	1	0	0	1
120	0.96	48	1	0	0	1
121	0.96	48	1	0	0	1
122	0.96	48	1	0	0	1
123	0.96	48	1	0	0	1
124	0.96	48	1	0	0	1
125	0.96	48	1	0	0	1
126	0.96	48	1	0	0	1
127	0.96	48	1	0	0	1
128	0.96	48	1	0	0	1
129	0.96	48	1	0	0	1
130	0.96	48	1	0	0	1
131	0.96	48	1	0	0	1
132	0.96	48	1	0	0	1
133	0.96	48	1	0	0	1
134	0.96	48	1	0	0	1
135	0.96	48	1	0	0	1
136	0.98	49	1	0	0	0
137	0.98	49	1	0	0	0
138	0.98	49	1	0	0	0
139	0.98	49	1	0	0	0
140	0.98	49	1	0	0	0
141	0.98	49	1	0	0	0
142	0.98	49	1	0	0	0
143	0.98	49	1	0	0	0
144	0.98	49	1	0	0	0
145	1.00	50	0	0	0	0
146	1.00	50	0	0	0	0
147	1.00	50	0	0	0	0
148	1.00	50	0	0	0	0
149	1.00	50	0	0	0	0
150	1.00	50	0	0	0	0
151	1.00	50	0	0	0	0
152	1.00	50	0	0	0	0
153	1.00	50	0	0	0	0
154	1.00	50	0	0	0	0
155	1.00	50	0	0	0	0
156	1.00	50	0	0	0	0
157	1.00	50	0	0	0	0
158	1.00	50	0	0	0	0
159	1.00	50	0	0	0	0
160	1.00	50	0	0	0	0
161	1.00	50	0	0	0	0
162	1.00	50	0	0	0	0
163	1.00	50	0	0	0	0
164	1.00	50	0	0	0	0
165	1.00	50	0	0	0	0
166	1.00	50	0	0	0	0
167	1.00	50	0	0	0	0
168	1.00	50	0	0	0	0
169	1.00	50	0	0	0	0
170	0.98	49	0	0	0	1
171	0.98	49	0	0	0	1
172	0.98	49	0	0	0	1
173	0.98	49	0	0	0	1
174	0.98	49	0	0	0	1
175	0.98	49	0	0	0	1
176	0.98	49	0	0	0	1
177	0.98	49	0	0	0	1
178	0.98	49	0	0	0	1
179	0.98	49	0	0	0	1
180	0.98	49	0	0	0	1
181	0.98	49	0	0	0	1
182	0.98	49	0	0	0	1
183	0.98	49	0	0	0	1
184	0.98	49	0	0	0	1
185	0.98	49	0	0	0	1
186	0.98	49	0	0	0	1
187	0.98	49	0	0	0	1
188	0.98	49	0	0	0	1
189	0.98	49	0	0	0	1
190	0.98	49	0	0	0	1
191	0.98	49	0	0	0	1
192	0.98	49	0	0	0	1
193	0.98	49	0	0	0	1
194	0.98	49	0	0	0	1
195	0.98	49	0	0	0	1
196	0.98	49	0	0	0	1
197	0.98	49	0	0	0	1
198	0.98	49	0	0	0	1
199	0.98	49	0	0	0	1
200	0.98	49	0	0	0	1
201	0.98	49	0	0	0	1
202	0.98	49	0	0	0	1
203	0.98	49	0	0	0	1
204	0.98	49	0	0	0	1
205	0.98	49	0	0	0	1
206	0.98	49	0	0	0	1
207	0.98	49	0	0	0	1
208	0.98	49	0	0	0	1
209	0.96	48	0	0	1	1
210	0.96	48	0	0	1	1
211	0.96	48	0	0	1	1
212	0.96	48	0	0	1	1
213	0.96	48	0	0	1	1
214	0.96	48	0	0	1	1
215	0.96	48	0	0	1	1
216	0.96	48	0	0	1	1
217	0.96	48	0	0	1	1
218	0.96	48	0	0	1	1
219	0.96	48	0	0	1	1
220	0.98	49	0	0	1	0
221	0.98	49	0	0	1	0
222	0.98	49	0	0	1	0
223	0.98	49	0	0	1	0
224	0.98	49	0	0	1	0
225	0.98	49	0	0	1	0
226	0.98	49	0	0	1	0
227	0.98	49	0	0	1	0
228	0.98	49	0	0	1	0
229	0.98	49	0	0	1	0
230	0.98	49	0	0	1	0
231	0.98	49	0	0	1	0
232	0.98	49	0	0	1	0
233	0.98	49	0	0	1	0
234	0.98	49	0	0	1	0
235	0.98	49	0	0	1	0
236	0.98	49	0	0	1	0
237	0.98	49	0	0	1	0
238	0.98	49	0	0	1	0
239	0.98	49	0	0	1	0
240	0.98	49	0	0	1	0
241	0.98	49	0	0	1	0
242	0.98	49	0	0	1	0
243	0.98	49	0	0	1	0
244	0.98	49	0	0	1	0
245	0.98	49	0	0	1	0
246	0.98	49	0	0	1	0
247	0.96	48	1	0	1	0
248	0.96	48	1	0	1	0
249	0.96	48	1	0	1	0
250	0.96	48	1	0	1	0
251	0.96	48	1	0	1	0
252	0.96	48	1	0	1	0
253	0.96	48	1	0	1	0
254	0.96	48	1	0	1	0
255	0.96	48	1	0	1	0
256	0.96	48	1	0	1	0
257	0.96	48	1	0	1	0
258	0.96	48	1	0	1	0
259	0.98	49	1	0	0	0
260	0.98	49	1	0	0	0
261	0.98	49	1	0	0	0
262	0.98	49	1	0	0	0
263	0.98	49	1	0	0	0
264	0.98	49	1	0	0	0
265	0.98	49	1	0	0	0
266	0.98	49	1	0	0	0
267	0.96	48	1	0	0	1
268	0.96	48	1	0	0	1
269	0.96	48	1	0	0	1
270	0.96	48	1	0	0	1
271	0.96	48	1	0	0	1
272	0.96	48	1	0	0	1
273	0.96	48	1	0	0	1
274	0.96	48	1	0	0	1
275	0.96	48	1	0	0	1
276	0.96	48	1	0	0	1
277	0.96	48	1	0	0	1
278	0.96	48	1	0	0	1
279	0.96	48	1	0	0	1
280	0.96	48	1	0	0	1
281	0.96	48	1	0	0	1
282	0.96	48	1	0	0	1
283	0.96	48	1	0	0	1
284	0.96	48	1	0	0	1
285	0.96	48	1	0	0	1
286	0.96	48	1	0	0	1
287	0.96	48	1	0	0	1
288	0.96	48	1	0	0	1
289	0.94	47	1	0	1	1
290	0.94	47	1	0	1	1
291	0.94	47	1	0	1	1
292	0.94	47	1	0	1	1
293	0.94	47	1	0	1	1
294	0.94	47	1	0	1	1
295	0.94	47	1	0	1	1
296	0.94	47	1	0	1	1
297	0.96	48	0	0	1	1
298	0.96	48	0	0	1	1
299	0.96	48	0	0	1	1
300	0.96	48	0	0	1	1
301	0.96	48	0	0	1	1
302	0.96	48	0	0	1	1
303	0.96	48	0	0	1	1
304	0.96	48	0	0	1	1
305	0.96	48	0	0	1	1
306	0.96	48	0	0	1	1
307	0.96	48	0	0	1	1
308	0.96	48	0	0	1	1
309	0.96	48	0	0	1	1
310	0.96	48	0	0	1	1
311	0.96	48	0	0	1	1
312	0.94	47	1	0	1	1
313	0.94	47	1	0	1	1
314	0.94	47	1	0	1	1
315	0.94	47	1	0	1	1
316	0.94	47	1	0	1	1
317	0.96	48	1	0	1	0
318	0.96	48	1	0	1	0
319	0.96	48	1	0	1	0
320	0.96	48	1	0	1	0
321	0.96	48	1	0	1	0
322	0.96	48	1	0	1	0
323	0.96	48	1	0	1	0
324	0.96	48	1	0	1	0
325	0.96	48	1	0	1	0
326	0.96	48	1	0	1	0
327	0.96	48	1	0	1	0
328	0.96	48	1	0	1	0
329	0.96	48	1	0	1	0
330	0.96	48	1	0	1	0
331	0.96	48	1	0	1	0
332	0.96	48	1	0	1	0
333	0.96	48	1	0	1	0
334	0.96	48	1	0	1	0
335	0.96	48	1	0	1	0
336	0.96	48	1	0	1	0
337	0.96	48	1	0	1	0
338	0.96	48	1	0	1	0
339	0.98	49	1	0	0	0
340	0.98	49	1	0	0	0
341	0.98	49	1	0	0	0
342	0.98	49	1	0	0	0
343	0.98	49	1	0	0	0
344	0.98	49	1	0	0	0
345	0.98	49	1	0	0	0
346	0.98	49	1	0	0	0
347	0.98	49	1	0	0	0
348	0.98	49	1	0	0	0
349	0.98	49	1	0	0	0
350	0.98	49	1	0	0	0
351	0.98	49	1	0	0	0
352	0.98	49	1	0	0	0
353	0.98	49	1	0	0	0
354	0.98	49	1	0	0	0
355	0.98	49	1	0	0	0
356	0.98	49	1	0	0	0
357	0.96	48	1	1	0	0
358	0.96	48	1	1	0	0
359	0.96	48	1	1	0	0
360	0.96	48	1	1	0	0
361	0.96	48	1	1	0	0
362	0.98	49	0	1	0	0
363	0.98	49	0	1	0	0
364	0.98	49	0	1	0	0
365	0.98	49	0	1	0	0
366	0.98	49	0	1	0	0
367	0.98	49	0	1	0	0
368	0.98	49	0	1	0	0
369	0.98	49	0	1	0	0
370	0.98	49	0	1	0	0
371	0.98	49	0	1	0	0
372	0.98	49	0	1	0	0
373	0.98	49	0	1	0	0
374	0.98	49	0	1	0	0
375	0.98	49	0	1	0	0
376	0.98	49	0	1	0	0
377	0.98	49	0	1	0	0
378	0.98	49	0	1	0	0
379	0.98	49	0	1	0	0
380	0.98	49	0	1	0	0
381	0.98	49	0	1	0	0
382	0.98	49	0	1	0	0
383	0.98	49	0	1	0	0
384	0.98	49	0	1	0	0
385	0.98	49	0	1	0	0
386	0.98	49	0	1	0	0
387	0.98	49	0	1	0	0
388	0.98	49	0	1	0	0
389	0.98	49	0	1	0	0
390	0.98	49	0	1	0	0
391	0.98	49	0	1	0	0
392	0.98	49	0	1	0	0
393	0.98	49	0	1	0	0
394	0.98	49	0	1	0	0
395	0.98	49	0	1	0	0
396	0.98	49	0	1	0	0
397	0.98	49	0	1	0	0
398	0.98	49	0	1	0	0
399	0.98	49	0	1	0	0
400	0.98	49	0	1	0	0
401	0.98	49	0	1	0	0
402	0.98	49	0	1	0	0
403	0.98	49	0	1	0	0
404	0.96	48	0	2	0	0
405	0.96	48	0	2	0	0
406	0.96	48	0	2	0	0
407	0.98	49	0	1	0	0
408	0.98	49	0	1	0	0
409	0.98	49	0	1	0	0
410	0.98	49	0	1	0	0
411	0.98	49	0	1	0	0
412	0.98	49	0	1	0	0
413	0.98	49	0	1	0	0
414	0.98	49	0	1	0	0
415	0.98	49	0	1	0	0
416	0.96	48	0	1	0	1
417	0.96	48	0	1	0	1
418	0.96	48	0	1	0	1
419	0.96	48	0	1	0	1
420	0.96	48	0	1	0	1
421	0.96	48	0	1	0	1
422	0.96	48	0	1	0	1
423	0.96	48	0	1	0	1
424	0.96	48	0	1	0	1
425	0.96	48	0	1	0	1
426	0.96	48	0	1	0	1
427	0.96	48	0	1	0	1
428	0.96	48	0	1	0	1
429	0.96	48	0	1	0	1
430	0.96	48	0	1	0	1
431	0.96	48	0	1	0	1
432	0.96	48	0	1	0	1
433	0.96	48	0	1	0	1
434	0.96	48	0	1	0	1
435	0.96	48	0	1	0	1
436	0.96	48	0	1	0	1
437	0.96	48	0	1	0	1
438	0.96	48	0	1	0	1
439	0.96	48	0	1	0	1
440	0.96	48	0	1	0	1
441	0.96	48	0	1	0	1
442	0.96	48	0	1	0	1
443	0.96	48	0	1	0	1
444	0.96	48	0	1	0	1
445	0.96	48	0	1	0	1
446	0.96	48	0	1	0	1
447	0.96	48	0	1	0	1
448	0.96	48	0	1	0	1
449	0.96	48	0	1	0	1
450	0.96	48	0	1	0	1
451	0.96	48	0	1	0	1
452	0.96	48	0	1	0	1
453	0.96	48	0	1	0	1
454	0.98	49	0	0	0	1
455	0.98	49	0	0	0	1
456	0.98	49	0	0	0	1
457	0.98	49	0	0	0	1
458	0.98	49	0	0	0	1
459	0.98	49	0	0	0	1
460	0.98	49	0	0	0	1
461	0.98	49	0	0	0	1
462	0.98	49	0	0	0	1
463	0.98	49	0	0	0	1
464	0.98	49	0	0	0	1
465	0.98	49	0	0	0	1
466	1.00	50	0	0	0	0
467	1.00	50	0	0	0	0
468	1.00	50	0	0	0	0
469	1.00	50	0	0	0	0
470	1.00	50	0	0	0	0
471	1.00	50	0	0	0	0
472	1.00	50	0	0	0	0
473	1.00	50	0	0	0	0
474	1.00	50	0	0	0	0
475	1.00	50	0	0	0	0
476	1.00	50	0	0	0	0
477	1.00	50	0	0	0	0
478	1.00	50	0	0	0	0
479	1.00	50	0	0	0	0
480	1.00	50	0	0	0	0
481	1.00	50	0	0	0	0
482	1.00	50	0	0	0	0
483	1.00	50	0	0	0	0
484	1.00	50	0	0	0	0
485	1.00	50	0	0	0	0
486	1.00	50	0	0	0	0
487	1.00	50	0	0	0	0
488	1.00	50	0	0	0	0
489	1.00	50	0	0	0	0
490	1.00	50	0	0	0	0
491	1.00	50	0	0	0	0
492	1.00	50	0	0	0	0
493	1.00	50	0	0	0	0
494	1.00	50	0	0	0	0
495	1.00	50	0	0	0	0
496	1.00	50	0	0	0	0
497	1.00	50	0	0	0	0
498	1.00	50	0	0	0	0
499	0.98	49	0	1	0	0
500	0.00	49	0	1	0	0
501	0.00	49	0	1	0	0
502	0.00	49	0	1	0	0
503	0.02	48	1	1	0	0
504	0.02	48	1	1	0	0
505	0.02	48	1	1	0	0
506	0.02	48	1	1	0	0
507	0.04	47	2	1	0	0
508	0.06	46	3	1	0	0
509	0.06	46	3	1	0	0
510	0.06	46	3	1	0	0
511	0.06	46	3	1	0	0
512	0.06	46	3	1	0	0
513	0.06	46	3	1	0	0
514	0.06	46	3	1	0	0
515	0.06	46	3	1	0	0
516	0.06	46	3	1	0	0
517	0.08	45	4	1	0	0
518	0.08	45	4	1	0	0
519	0.08	45	4	1	0	0
520	0.10	44	5	1	0	0
521	0.10	44	5	1	0	0
522	0.10	44	5	1	0	0
523	0.10	44	5	1	0	0
524	0.10	44	5	1	0	0
525	0.10	44	5	1	0	0
526	0.10	44	5	1	0	0
527	0.10	44	5	1	0	0
528	0.10	44	5	1	0	0
529	0.10	43	5	2	0	0
530	0.10	43	5	2	0	0
531	0.10	43	5	2	0	0
532	0.10	43	5	2	0	0
533	0.10	43	5	2	0	0
534	0.10	43	5	2	0	0
535	0.10	43	5	2	0	0
536	0.10	43	5	2	0	0
537	0.10	43	5	2	0	0
538	0.10	43	5	2	0	0
539	0.10	43	5	2	0	0
540	0.10	43	5	2	0	0
541	0.12	42	6	2	0	0
542	0.12	42	6	2	0	0
543	0.12	42	6	2	0	0
544	0.12	42	6	2	0	0
545	0.12	42	6	2	0	0
546	0.12	42	6	2	0	0
547	0.12	42	6	2	0	0
548	0.12	42	6	2	0	0
549	0.12	43	6	1	0	0
550	0.14	42	7	1	0	0
551	0.14	42	7	1	0	0
552	0.16	41	8	1	0	0
553	0.14	42	7	1	0	0
554	0.16	41	8	1	0	0
555	0.16	41	8	1	0	0
556	0.16	41	8	1	0	0
557	0.16	41	8	1	0	0
558	0.14	42	7	1	0	0
559	0.16	41	8	1	0	0
560	0.16	41	8	1	0	0
561	0.16	41	8	1	0	0
562	0.18	40	9	1	0	0
563	0.20	39	10	1	0	0
564	0.20	39	10	1	0	0
565	0.20	39	10	1	0	0
566	0.20	39	10	1	0	0
567	0.20	39	10	1	0	0
568	0.22	38	11	1	0	0
569	0.24	37	12	1	0	0
570	0.22	38	11	1	0	0
571	0.24	37	12	1	0	0
572	0.24	37	12	1	0	0
573	0.26	36	13	1	0	0
574	0.26	36	13	1	0	0
575	0.26	36	13	1	0	0
576	0.26	36	13	1	0	0
577	0.26	35	13	2	0	0
578	0.26	35	13	2	0	0
579	0.26	36	13	1	0	0
580	0.28	35	14	1	0	0
581	0.28	35	14	1	0	0
582	0.30	34	15	1	0	0
583	0.32	33	16	1	0	0
584	0.32	33	16	1	0	0
585	0.34	32	17	1	0	0
586	0.34	32	17	1	0	0
587	0.36	31	18	1	0	0
588	0.36	31	18	1	0	0
589	0.38	30	19	1	0	0
590	0.40	29	20	1	0	0
591	0.40	29	20	1	0	0
592	0.42	28	21	1	0	0
593	0.42	28	21	1	0	0
594	0.44	27	22	1	0	0
595	0.44	26	22	1	1	0
596	0.46	25	23	1	1	0
597	0.48	24	24	1	1	0
598	0.50	23	25	1	1	0
599	0.52	22	26	1	1	0
600	0.52	22	26	1	1	0
601	0.54	21	27	1	1	0
602	0.54	21	27	1	1	0
603	0.54	20	27	2	1	0
604	0.54	20	27	2	1	0
605	0.56	19	28	2	1	0
606	0.56	19	28	2	1	0
607	0.56	19	28	2	1	0
608	0.58	18	29	2	1	0
609	0.58	18	29	2	1	0
610	0.60	17	30	2	1	0
611	0.62	16	31	2	1	0
612	0.62	16	31	2	1	0
613	0.62	16	31	2	1	0
614	0.64	15	32	2	1	0
615	0.66	14	33	2	1	0
616	0.68	13	34	2	1	0
617	0.68	13	34	2	1	0
618	0.68	13	34	2	1	0
619	0.68	13	34	2	1	0
620	0.70	12	35	2	1	0
621	0.70	12	35	2	1	0
622	0.72	11	36	2	1	0
623	0.72	11	36	2	1	0
624	0.74	10	37	2	1	0
625	0.76	9	38	2	1	0
626	0.78	8	39	2	1	0
627	0.80	8	40	1	1	0
628	0.82	7	41	1	1	0
629	0.84	6	42	1	1	0
630	0.84	6	42	1	1	0
631	0.86	5	43	1	1	0
632	0.86	5	43	1	1	0
633	0.86	5	43	1	1	0
634	0.88	4	44	1	1	0
635	0.88	4	44	1	1	0
636	0.90	3	45	1	1	0
637	0.90	3	45	1	1	0
638	0.92	2	46	1	1	0
639	0.92	2	46	1	1	0
640	0.92	2	46	1	1	0
641	0.92	2	46	1	1	0
642	0.92	2	46	1	1	0
643	0.94	1	47	1	1	0
644	0.94	1	47	1	1	0
645	0.96	1	48	1	0	0
646	0.96	1	48	1	0	0
647	0.96	1	48	1	0	0
648	0.96	1	48	1	0	0
649	0.96	1	48	1	0	0
650	0.96	1	48	1	0	0
651	0.96	1	48	1	0	0
652	0.96	1	48	1	0	0
653	0.98	1	49	0	0	0
654	0.98	1	49	0	0	0
655	0.98	1	49	0	0	0
656	1.00	0	50	0	0	0
657	1.00	0	50	0	0	0
658	1.00	0	50	0	0	0
659	1.00	0	50	0	0	0
660	1.00	0	50	0	0	0
661	1.00	0	50	0	0	0
662	1.00	0	50	0	0	0
663	1.00	0	50	0	0	0
664	1.00	0	50	0	0	0
665	1.00	0	50	0	0	0
666	1.00	0	50	0	0	0
667	1.00	0	50	0	0	0
668	1.00	0	50	0	0	0
669	1.00	0	50	0	0	0
670	1.00	0	50	0	0	0
671	1.00	0	50	0	0	0
672	1.00	0	50	0	0	0
673	1.00	0	50	0	0	0
674	1.00	0	50	0	0	0
675	1.00	0	50	0	0	0
676	1.00	0	50	0	0	0
677	1.00	0	50	0	0	0
678	1.00	0	50	0	0	0
679	1.00	0	50	0	0	0
680	1.00	0	50	0	0	0
681	1.00	0	50	0	0	0
682	1.00	0	50	0	0	0
683	1.00	0	50	0	0	0
684	1.00	0	50	0	0	0
685	1.00	0	50	0	0	0
686	0.98	0	49	0	0	1
687	0.98	0	49	0	0	1
688	0.98	0	49	0	0	1
689	0.98	0	49	0	0	1
690	0.98	0	49	0	0	1
691	0.98	0	49	0	0	1
692	0.98	0	49	0	0	1
693	0.98	0	49	0	0	1
694	0.98	0	49	0	0	1
695	0.98	0	49	0	0	1
696	0.98	0	49	0	0	1
697	0.98	0	49	0	0	1
698	0.98	0	49	0	0	1
699	0.98	0	49	0	0	1
700	0.98	0	49	0	0	1
701	0.98	0	49	0	0	1
702	0.98	0	49	0	0	1
703	0.98	0	49	0	0	1
704	0.98	0	49	0	0	1
705	0.98	0	49	0	0	1
706	0.98	0	49	0	0	1
707	0.98	0	49	0	0	1
708	0.98	0	49	0	0	1
709	0.98	0	49	0	0	1
710	0.98	0	49	0	0	1
711	0.98	0	49	0	0	1
712	0.98	0	49	0	0	1
713	0.98	0	49	0	0	1
714	0.98	0	49	0	0	1
715	0.98	0	49	0	0	1
716	0.98	0	49	0	0	1
717	0.98	0	49	0	0	1
718	0.98	0	49	0	0	1
719	0.98	0	49	0	0	1
720	0.98	0	49	0	0	1
721	0.96	0	48	0	1	1
722	0.96	0	48	0	1	1
723	0.96	0	48	0	1	1
724	0.96	0	48	0	1	1
725	0.96	0	48	0	1	1
726	0.96	0	48	0	1	1
727	0.96	0	48	0	1	1
728	0.96	0	48	0	1	1
729	0.96	0	48	0	1	1
730	0.96	0	48	0	1	1
731	0.96	0	48	0	1	1
732	0.96	0	48	0	1	1
733	0.96	0	48	0	1	1
734	0.96	0	48	0	1	1
735	0.96	0	48	0	1	1
736	0.98	0	49	0	1	0
737	0.98	0	49	0	1	0
738	0.98	0	49	0	1	0
739	0.98	0	49	0	1	0
740	0.98	0	49	0	1	0
741	0.98	0	49	0	1	0
742	0.98	0	49	0	1	0
743	0.98	0	49	0	1	0
744	0.98	0	49	0	1	0
745	0.98	0	49	0	1	0
746	0.98	0	49	0	1	0
747	0.98	0	49	0	1	0
748	0.98	0	49	0	1	0
749	0.98	0	49	0	1	0
750	0.98	0	49	0	1	0
751	0.98	0	49	0	1	0
752	0.98	0	49	0	1	0
753	0.96	0	48	0	1	1
754	0.96	0	48	0	1	1
755	0.94	0	47	1	1	1
756	0.94	0	47	1	1	1
757	0.94	0	47	1	1	1
758	0.94	0	47	1	1	1
759	0.94	0	47	1	1	1
760	0.94	0	47	1	1	1
761	0.94	0	47	1	1	1
762	0.94	0	47	1	1	1
763	0.94	0	47	1	1	1
764	0.94	0	47	1	1	1
765	0.94	0	47	1	1	1
766	0.92	1	46	1	1	1
767	0.92	1	46	1	1	1
768	0.92	1	46	1	1	1
769	0.92	1	46	1	1	1
770	0.92	1	46	1	1	1
771	0.94	1	47	1	0	1
772	0.94	1	47	1	0	1
773	0.94	1	47	1	0	1
774	0.94	1	47	1	0	1
775	0.94	1	47	1	0	1
776	0.94	1	47	1	0	1
777	0.94	1	47	1	0	1
778	0.94	1	47	1	0	1
779	0.94	1	47	1	0	1
780	0.94	1	47	1	0	1
781	0.94	1	47	1	0	1
782	0.94	1	47	1	0	1
783	0.94	1	47	1	0	1
784	0.94	1	47	1	0	1
785	0.94	1	47	1	0	1
786	0.92	1	46	1	1	1
787	0.92	1	46	1	1	1
788	0.92	1	46	1	1	1
789	0.92	1	46	1	1	1
790	0.92	1	46	1	1	1
791	0.92	1	46	1	1	1
792	0.92	1	46	1	1	1
793	0.92	1	46	1	1	1
794	0.92	1	46	1	1	1
795	0.92	1	46	1	1	1
796	0.92	1	46	1	1	1
797	0.92	1	46	1	1	1
798	0.92	1	46	1	1	1
799	0.92	1	46	1	1	1
800	0.92	1	46	1	1	1
801	0.92	1	46	1	1	1
802	0.92	1	46	1	1	1
803	0.94	1	47	1	1	0
804	0.94	1	47	1	1	0
805	0.96	1	48	0	1	0
806	0.96	1	48	0	1	0
807	0.96	1	48	0	1	0
808	0.96	1	48	0	1	0
809	0.96	1	48	0	1	0
810	0.96	1	48	0	1	0
811	0.96	1	48	0	1	0
812	0.96	1	48	0	1	0
813	0.96	1	48	0	1	0
814	0.96	1	48	0	1	0
815	0.96	1	48	0	1	0
816	0.98	0	49	0	1	0
817	0.98	0	49	0	1	0
818	0.98	0	49	0	1	0
819	0.98	0	49	0	1	0
820	0.98	0	49	0	1	0
821	0.98	0	49	0	1	0
822	0.98	0	49	0	1	0
823	0.98	0	49	0	1	0
824	0.98	0	49	0	1	0
825	0.98	0	49	0	1	0
826	0.98	0	49	0	1	0
827	0.98	0	49	0	1	0
828	0.98	0	49	0	1	0
829	0.98	0	49	0	1	0
830	0.98	0	49	0	1	0
831	0.98	0	49	0	1	0
832	0.98	0	49	0	1	0
833	0.98	0	49	0	1	0
834	0.98	0	49	0	1	0
835	0.98	0	49	0	1	0
836	1.00	0	50	0	0	0
837	1.00	0	50	0	0	0
838	1.00	0	50	0	0	0
839	1.00	0	50	0	0	0
840	1.00	0	50	0	0	0
841	1.00	0	50	0	0	0
842	1.00	0	50	0	0	0
843	1.00	0	50	0	0	0
844	1.00	0	50	0	0	0
845	1.00	0	50	0	0	0
846	1.00	0	50	0	0	0
847	0.98	0	49	1	0	0
848	0.98	0	49	1	0	0
849	0.98	0	49	1	0	0
850	0.98	0	49	1	0	0
851	0.98	0	49	1	0	0
852	0.98	0	49	1	0	0
853	0.98	0	49	1	0	0
854	0.98	0	49	1	0	0
855	0.98	0	49	1	0	0
856	0.98	0	49	1	0	0
857	0.98	0	49	1	0	0
858	0.98	0	49	1	0	0
859	0.98	0	49	1	0	0
860	0.98	0	49	1	0	0
861	0.98	0	49	1	0	0
862	0.98	0	49	1	0	0
863	0.98	0	49	1	0	0
864	0.98	0	49	1	0	0
865	0.98	0	49	1	0	0
866	0.98	0	49	1	0	0
867	0.98	0	49	1	0	0
868	0.98	0	49	1	0	0
869	0.98	0	49	1	0	0
870	0.98	0	49	1	0	0
871	0.98	0	49	1	0	0
872	0.98	0	49	1	0	0
873	0.98	0	49	1	0	0
874	0.98	0	49	1	0	0
875	0.98	0	49	1	0	0
876	0.98	0	49	1	0	0
877	0.98	0	49	1	0	0
878	0.98	0	49	1	0	0
879	0.98	0	49	1	0	0
880	0.98	0	49	1	0	0
881	0.98	0	49	1	0	0
882	0.98	0	49	1	0	0
883	0.98	0	49	1	0	0
884	0.98	0	49	1	0	0
885	0.98	0	49	1	0	0
886	0.98	0	49	1	0	0
887	0.98	0	49	1	0	0
888	0.98	0	49	1	0	0
889	0.98	0	49	1	0	0
890	0.98	0	49	1	0	0
891	0.98	0	49	1	0	0
892	0.98	0	49	1	0	0
893	0.98	0	49	1	0	0
894	0.98	0	49	1	0	0
895	0.98	0	49	1	0	0
896	0.98	0	49	1	0	0
897	1.00	0	50	0	0	0
898	1.00	0	50	0	0	0
899	1.00	0	50	0	0	0
900	1.00	0	50	0	0	0
901	1.00	0	50	0	0	0
902	1.00	0	50	0	0	0
903	1.00	0	50	0	0	0
904	1.00	0	50	0	0	0
905	1.00	0	50	0	0	0
906	1.00	0	50	0	0	0
907	1.00	0	50	0	0	0
908	1.00	0	50	0	0	0
909	1.00	0	50	0	0	0
910	1.00	0	50	0	0	0
911	1.00	0	50	0	0	0
912	1.00	0	50	0	0	0
913	1.00	0	50	0	0	0
914	1.00	0	50	0	0	0
915	0.98	0	49	0	0	1
916	0.98	0	49	0	0	1
917	0.98	0	49	0	0	1
918	0.98	0	49	0	0	1
919	0.98	0	49	0	0	1
920	0.98	0	49	0	0	1
921	0.98	0	49	0	0	1
922	0.98	0	49	0	0	1
923	0.98	0	49	0	0	1
924	0.98	0	49	0	0	1
925	0.98	0	49	0	0	1
926	0.98	0	49	0	0	1
927	0.98	0	49	0	0	1
928	0.98	0	49	0	0	1
929	0.98	0	49	0	0	1
930	0.98	0	49	0	0	1
931	0.96	0	48	0	0	2
932	0.96	0	48	0	0	2
933	0.96	0	48	0	0	2
934	0.96	0	48	0	0	2
935	0.96	0	48	0	0	2
936	0.96	0	48	0	0	2
937	0.96	0	48	0	0	2
938	0.96	0	48	0	0	2
939	0.96	0	48	0	0	2
940	0.96	0	48	0	0	2
941	0.96	0	48	0	0	2
942	0.96	0	48	0	0	2
943	0.96	0	48	0	0	2
944	0.96	0	48	0	0	2
945	0.96	0	48	0	0	2
946	0.96	0	48	0	0	2
947	0.96	0	48	0	0	2
948	0.96	0	48	0	0	2
949	0.96	0	48	0	0	2
950	0.96	0	48	0	0	2
951	0.96	0	48	0	0	2
952	0.96	0	48	0	0	2
953	0.96	0	48	0	0	2
954	0.96	0	48	0	0	2
955	0.96	0	48	0	0	2
956	0.96	0	48	0	0	2
957	0.96	0	48	0	0	2
958	0.96	0	48	0	0	2
959	0.96	0	48	0	0	2
960	0.96	0	48	0	0	2
961	0.96	0	48	0	0	2
962	0.96	0	48	0	0	2
963	0.96	0	48	0	0	2
964	0.96	0	48	0	0	2
965	0.98	0	49	0	0	1
966	0.98	0	49	0	0	1
967	0.98	0	49	0	0	1
968	0.98	0	49	0	0	1
969	0.98	0	49	0	0	1
970	0.98	0	49	0	0	1
971	0.98	0	49	0	0	1
972	0.98	0	49	0	0	1
973	0.98	0	49	0	0	1
974	0.98	0	49	0	0	1
975	0.98	0	49	0	0	1
976	0.98	0	49	0	0	1
977	0.98	0	49	0	0	1
978	0.98	0	49	0	0	1
979	0.98	0	49	0	0	1
980	0.98	0	49	0	0	1
981	1.00	0	50	0	0	0
982	1.00	0	50	0	0	0
983	1.00	0	50	0	0	0
984	1.00	0	50	0	0	0
985	1.00	0	50	0	0	0
986	1.00	0	50	0	0	0
987	1.00	0	50	0	0	0
988	1.00	0	50	0	0	0
989	1.00	0	50	0	0	0
990	1.00	0	50	0	0	0
991	1.00	0	50	0	0	0
992	1.00	0	50	0	0	0
993	1.00	0	50	0	0	0
994	1.00	0	50	0	0	0
995	1.00	0	50	0	0	0
996	1.00	0	50	0	0	0
997	1.00	0	50	0	0	0
998	1.00	0	50	0	0	0
999	1.00	0	50	0	0	0
1000	0.00	0	50	0	0	0
1001	0.00	0	50	0	0	0
1002	0.02	0	49	1	0	0
1003	0.02	0	49	1	0	0
1004	0.02	0	49	1	0	0
1005	0.02	0	49	1	0	0
1006	0.02	0	49	1	0	0
1007	0.02	0	49	1	0	0
1008	0.02	0	49	1	0	0
1009	0.02	0	49	1	0	0
1010	0.02	0	49	1	0	0
1011	0.02	0	49	1	0	0
1012	0.02	0	49	1	0	0
1013	0.02	0	49	1	0	0
1014	0.02	0	49	1	0	0
1015	0.02	0	49	1	0	0
1016	0.02	0	49	1	0	0
1017	0.02	0	49	1	0	0
1018	0.02	0	49	1	0	0
1019	0.02	0	49	1	0	0
1020	0.02	0	49	1	0	0
1021	0.02	0	49	1	0	0
1022	0.04	0	48	2	0	0
1023	0.04	0	48	2	0	0
1024	0.04	0	48	2	0	0
1025	0.06	0	47	3	0	0
1026	0.06	0	47	3	0	0
1027	0.06	0	47	3	0	0
1028	0.06	0	47	3	0	0
1029	0.06	0	47	3	0	0
1030	0.06	0	47	3	0	0
1031	0.06	0	47	3	0	0
1032	0.06	0	47	3	0	0
1033	0.08	0	46	4	0	0
1034	0.08	0	46	4	0	0
1035	0.08	0	46	4	0	0
1036	0.08	0	45	4	0	1
1037	0.08	0	45	4	0	1
1038	0.10	0	44	5	0	1
1039	0.12	0	43	6	0	1
1040	0.12	0	43	6	0	1
1041	0.12	0	43	6	0	1
1042	0.12	0	42	6	0	2
1043	0.14	0	41	7	0	2
1044	0.16	0	40	8	0	2
1045	0.16	0	40	8	0	2
1046	0.18	0	39	9	0	2
1047	0.18	0	39	9	0	2
1048	0.18	0	39	9	0	2
1049	0.18	0	39	9	0	2
1050	0.18	0	39	9	0	2
1051	0.20	0	38	10	0	2
1052	0.18	0	39	9	0	2
1053	0.18	0	39	9	0	2
1054	0.18	0	39	9	0	2
1055	0.18	0	39	9	0	2
1056	0.20	0	38	10	0	2
1057	0.22	0	37	11	0	2
1058	0.24	0	36	12	0	2
1059	0.26	0	35	13	0	2
1060	0.28	0	34	14	0	2
1061	0.30	0	33	15	0	2
1062	0.30	0	33	15	0	2
1063	0.30	0	33	15	0	2
1064	0.30	0	33	15	0	2
1065	0.32	0	32	16	0	2
1066	0.32	0	32	16	0	2
1067	0.34	0	31	17	0	2
1068	0.36	0	30	18	0	2
1069	0.38	0	29	19	0	2
1070	0.38	0	29	19	0	2
1071	0.38	0	29	19	0	2
1072	0.38	0	29	19	0	2
1073	0.40	0	28	20	0	2
1074	0.42	0	27	21	0	2
1075	0.40	0	27	20	1	2
1076	0.42	0	26	21	1	2
1077	0.44	0	25	22	1	2
1078	0.46	0	24	23	1	2
1079	0.48	0	23	24	1	2
1080	0.50	0	22	25	1	2
1081	0.52	0	21	26	1	2
1082	0.52	0	21	26	1	2
1083	0.52	0	21	26	1	2
1084	0.52	0	21	26	1	2
1085	0.54	0	20	27	1	2
1086	0.56	0	20	28	1	1
1087	0.56	0	20	28	1	1
1088	0.56	0	20	28	1	1
1089	0.56	0	20	28	1	1
1090	0.58	0	19	29	1	1
1091	0.60	0	18	30	1	1
1092	0.62	0	18	31	1	0
1093	0.62	0	18	31	1	0
1094	0.62	0	18	31	1	0
1095	0.64	0	17	32	1	0
1096	0.64	0	17	32	1	0
1097	0.66	0	16	33	1	0
1098	0.68	0	15	34	1	0
1099	0.70	0	14	35	1	0
1100	0.72	0	13	36	1	0
1101	0.72	0	13	36	1	0
1102	0.74	0	12	37	1	0
1103	0.74	0	12	37	1	0
1104	0.76	0	11	38	1	0
1105	0.78	0	10	39	1	0
1106	0.78	0	10	39	1	0
1107	0.78	0	10	39	1	0
1108	0.78	0	10	39	1	0
1109	0.76	0	10	38	2	0
1110	0.76	0	10	38	2	0
1111	0.74	1	10	37	2	0
1112	0.76	1	9	38	2	0
1113	0.78	1	8	39	2	0
1114	0.80	1	7	40	2	0
1115	0.80	1	7	40	2	0
1116	0.82	1	6	41	2	0
1117	0.82	1	6	41	2	0
1118	0.82	1	6	41	2	0
1119	0.82	1	6	41	2	0
1120	0.84	1	5	42	2	0
1121	0.86	1	4	43	2	0
1122	0.86	1	4	43	2	0
1123	0.86	1	4	43	2	0
1124	0.86	1	4	43	2	0
1125	0.88	1	4	44	1	0
1126	0.88	1	4	44	1	0
1127	0.88	1	4	44	1	0
1128	0.88	1	4	44	1	0
1129	0.88	1	4	44	1	0
1130	0.88	1	4	44	1	0
1131	0.88	1	4	44	1	0
1132	0.90	1	3	45	1	0
1133	0.90	1	3	45	1	0
1134	0.92	1	2	46	1	0
1135	0.92	1	2	46	1	0
1136	0.92	1	2	46	1	0
1137	0.94	1	1	47	1	0
1138	0.94	1	1	47	1	0
1139	0.94	1	1	47	1	0
1140	0.94	1	1	47	1	0
1141	0.94	1	1	47	1	0
1142	0.94	1	1	47	1	0
1143	0.92	1	1	46	2	0
1144	0.92	1	1	46	2	0
1145	0.92	1	1	46	2	0
1146	0.92	1	1	46	2	0
1147	0.92	1	1	46	2	0
1148	0.92	1	1	46	2	0
1149	0.92	1	1	46	2	0
1150	0.92	1	1	46	2	0
1151	0.92	1	1	46	2	0
1152	0.92	1	1	46	2	0
1153	0.94	1	0	47	2	0
1154	0.94	1	0	47	2	0
1155	0.94	1	0	47	2	0
1156	0.94	1	0	47	2	0
1157	0.94	1	0	47	2	0
1158	0.94	1	0	47	2	0
1159	0.96	1	0	48	1	0
1160	0.96	1	0	48	1	0
1161	0.98	0	0	49	1	0
1162	0.98	0	0	49	1	0
1163	0.98	0	0	49	1	0
1164	0.98	0	0	49	1	0
1165	0.98	0	0	49	1	0
1166	0.98	0	0	49	1	0
1167	0.98	0	0	49	1	0
1168	0.98	0	0	49	1	0
1169	0.98	0	0	49	1	0
1170	0.98	0	0	49	1	0
1171	0.98	0	0	49	1	0
1172	0.98	0	0	49	1	0
1173	0.98	0	0	49	1	0
1174	0.98	0	0	49	1	0
1175	0.98	0	0	49	1	0
1176	0.98	0	0	49	1	0
1177	0.98	0	0	49	1	0
1178	0.98	0	0	49	1	0
1179	0.98	0	0	49	1	0
1180	0.98	0	0	49	1	0
1181	0.98	0	0	49	1	0
1182	0.98	0	0	49	1	0
1183	0.98	0	0	49	1	0
1184	0.98	0	0	49	1	0
1185	0.98	0	0	49	1	0
1186	0.98	0	0	49	1	0
1187	0.98	0	0	49	1	0
1188	0.98	0	0	49	1	0
1189	0.98	0	0	49	1	0
1190	0.98	0	0	49	1	0
1191	0.98	0	0	49	1	0
1192	0.98	0	0	49	1	0
1193	1.00	0	0	50	0	0
1194	1.00	0	0	50	0	0
1195	1.00	0	0	50	0	0
1196	1.00	0	0	50	0	0
1197	1.00	0	0	50	0	0
1198	1.00	0	0	50	0	0
1199	1.00	0	0	50	0	0
1200	1.00	0	0	50	0	0
1201	1.00	0	0	50	0	0
1202	1.00	0	0	50	0	0
1203	1.00	0	0	50	0	0
1204	1.00	0	0	50	0	0
1205	1.00	0	0	50	0	0
1206	1.00	0	0	50	0	0
1207	1.00	0	0	50	0	0
1208	1.00	0	0	50	0	0
1209	1.00	0	0	50	0	0
1210	1.00	0	0	50	0	0
1211	1.00	0	0	50	0	0
1212	1.00	0	0	50	0	0
1213	1.00	0	0	50	0	0
1214	1.00	0	0	50	0	0
1215	1.00	0	0	50	0	0
1216	1.00	0	0	50	0	0
1217	1.00	0	0	50	0	0
1218	1.00	0	0	50	0	0
1219	1.00	0	0	50	0	0
1220	1.00	0	0	50	0	0
1221	1.00	0	0	50	0	0
1222	1.00	0	0	50	0	0
1223	1.00	0	0	50	0	0
1224	1.00	0	0	50	0	0
1225	1.00	0	0	50	0	0
1226	1.00	0	0	50	0	0
1227	1.00	0	0	50	0	0
1228	1.00	0	0	50	0	0
1229	1.00	0	0	50	0	0
1230	1.00	0	0	50	0	0
1231	1.00	0	0	50	0	0
1232	1.00	0	0	50	0	0
1233	1.00	0	0	50	0	0
1234	1.00	0	0	50	0	0
1235	1.00	0	0	50	0	0
1236	1.00	0	0	50	0	0
1237	1.00	0	0	50	0	0
1238	1.00	0	0	50	0	0
1239	1.00	0	0	50	0	0
1240	1.00	0	0	50	0	0
1241	1.00	0	0	50	0	0
1242	1.00	0	0	50	0	0
1243	1.00	0	0	50	0	0
1244	1.00	0	0	50	0	0
1245	1.00	0	0	50	0	0
1246	1.00	0	0	50	0	0
1247	1.00	0	0	50	0	0
1248	1.00	0	0	50	0	0
1249	1.00	0	0	50	0	0
1250	1.00	0	0	50	0	0
1251	1.00	0	0	50	0	0
1252	1.00	0	0	50	0	0
1253	1.00	0	0	50	0	0
1254	1.00	0	0	50	0	0
1255	1.00	0	0	50	0	0
1256	1.00	0	0	50	0	0
1257	1.00	0	0	50	0	0
1258	1.00	0	0	50	0	0
1259	1.00	0	0	50	0	0
1260	1.00	0	0	50	0	0
1261	1.00	0	0	50	0	0
1262	1.00	0	0	50	0	0
1263	1.00	0	0	50	0	0
1264	1.00	0	0	50	0	0
1265	1.00	0	0	50	0	0
1266	1.00	0	0	50	0	0
1267	1.00	0	0	50	0	0
1268	1.00	0	0	50	0	0
1269	1.00	0	0	50	0	0
1270	1.00	0	0	50	0	0
1271	1.00	0	0	50	0	0
1272	1.00	0	0	50	0	0
1273	1.00	0	0	50	0	0
1274	1.00	0	0	50	0	0
1275	1.00	0	0	50	0	0
1276	1.00	0	0	50	0	0
1277	1.00	0	0	50	0	0
1278	1.00	0	0	50	0	0
1279	1.00	0	0	50	0	0
1280	1.00	0	0	50	0	0
1281	1.00	0	0	50	0	0
1282	1.00	0	0	50	0	0
1283	1.00	0	0	50	0	0
1284	1.00	0	0	50	0	0
1285	1.00	0	0	50	0	0
1286	1.00	0	0	50	0	0
1287	1.00	0	0	50	0	0
1288	1.00	0	0	50	0	0
1289	1.00	0	0	50	0	0
1290	1.00	0	0	50	0	0
1291	1.00	0	0	50	0	0
1292	1.00	0	0	50	0	0
1293	1.00	0	0	50	0	0
1294	1.00	0	0	50	0	0
1295	1.00	0	0	50	0	0
1296	1.00	0	0	50	0	0
1297	1.00	0	0	50	0	0
1298	0.98	0	0	49	0	1
1299	0.98	0	0	49	0	1
1300	0.98	0	0	49	0	1
1301	0.98	0	0	49	0	1
1302	0.98	0	0	49	0	1
1303	0.98	0	0	49	0	1
1304	0.98	0	0	49	0	1
1305	0.98	0	0	49	0	1
1306	0.98	0	0	49	0	1
1307	0.98	0	0	49	0	1
1308	0.98	0	0	49	0	1
1309	0.98	0	0	49	0	1
1310	0.98	0	0	49	0	1
1311	0.98	0	0	49	0	1
1312	0.98	0	0	49	0	1
1313	0.98	0	0	49	0	1
1314	0.96	0	0	48	1	1
1315	0.96	0	0	48	1	1
1316	0.96	0	0	48	1	1
1317	0.96	0	0	48	1	1
1318	0.96	0	0	48	1	1
1319	0.96	0	0	48	1	1
1320	0.96	0	0	48	1	1
1321	0.96	0	0	48	1	1
1322	0.96	0	0	48	1	1
1323	0.96	0	0	48	1	1
1324	0.96	0	0	48	1	1
1325	0.96	0	0	48	1	1
1326	0.96	0	0	48	1	1
1327	0.96	0	0	48	1	1
1328	0.96	0	0	48	1	1
1329	0.96	0	0	48	1	1
1330	0.96	0	0	48	1	1
1331	0.96	0	0	48	1	1
1332	0.96	0	0	48	1	1
1333	0.96	0	0	48	1	1
1334	0.96	0	0	48	1	1
1335	0.96	0	0	48	1	1
1336	0.96	0	0	48	1	1
1337	0.96	0	0	48	1	1
1338	0.96	0	0	48	1	1
1339	0.96	0	0	48	1	1
1340	0.96	0	0	48	1	1
1341	0.96	0	0	48	1	1
1342	0.96	0	0	48	1	1
1343	0.96	0	0	48	1	1
1344	0.96	0	0	48	1	1
1345	0.96	0	0	48	1	1
1346	0.96	0	0	48	1	1
1347	0.96	0	0	48	1	1
1348	0.98	0	0	49	1	0
1349	0.98	0	0	49	1	0
1350	0.96	0	0	48	2	0
1351	0.96	0	0	48	2	0
1352	0.96	0	0	48	2	0
1353	0.96	0	0	48	2	0
1354	0.96	0	0	48	2	0
1355	0.96	0	0	48	2	0
1356	0.96	0	0	48	2	0
1357	0.96	0	0	48	2	0
1358	0.96	0	0	48	2	0
1359	0.96	0	0	48	2	0
1360	0.96	0	0	48	2	0
1361	0.96	0	0	48	2	0
1362	0.96	0	0	48	2	0
1363	0.96	0	0	48	2	0
1364	0.98	0	0	49	1	0
1365	0.98	0	0	49	1	0
1366	0.98	0	0	49	1	0
1367	0.98	0	0	49	1	0
1368	0.98	0	0	49	1	0
1369	0.98	0	0	49	1	0
1370	0.98	0	0	49	1	0
1371	0.98	0	0	49	1	0
1372	0.98	0	0	49	1	0
1373	0.98	0	0	49	1	0
1374	0.98	0	0	49	1	0
1375	0.98	0	0	49	1	0
1376	0.98	0	0	49	1	0
1377	0.98	0	0	49	1	0
1378	0.98	0	0	49	1	0
1379	0.98	0	0	49	1	0
1380	0.98	0	0	49	1	0
1381	0.98	0	0	49	1	0
1382	0.98	0	0	49	1	0
1383	0.98	0	0	49	1	0
1384	0.98	0	0	49	1	0
1385	0.98	0	0	49	1	0
1386	0.98	0	0	49	1	0
1387	0.98	0	0	49	1	0
1388	0.98	0	0	49	1	0
1389	0.98	0	0	49	1	0
1390	0.98	0	0	49	1	0
1391	0.98	0	0	49	1	0
1392	0.98	0	0	49	1	0
1393	0.98	0	0	49	1	0
1394	0.98	0	0	49	1	0
1395	0.98	0	0	49	1	0
1396	0.98	0	0	49	1	0
1397	0.98	0	0	49	1	0
1398	0.98	0	0	49	1	0
1399	0.98	0	0	49	1	0
1400	1.00	0	0	50	0	0
1401	1.00	0	0	50	0	0
1402	0.98	0	0	49	0	1
1403	0.98	0	0	49	0	1
1404	0.98	0	0	49	0	1
1405	0.98	0	0	49	0	1
1406	0.98	0	0	49	0	1
1407	0.98	0	0	49	0	1
1408	0.98	0	0	49	0	1
1409	0.98	0	0	49	0	1
1410	0.98	0	0	49	0	1
1411	0.98	0	0	49	0	1
1412	0.98	0	0	49	0	1
1413	0.98	0	0	49	0	1
1414	0.98	0	0	49	0	1
1415	0.98	0	0	49	0	1
1416	0.98	0	0	49	0	1
1417	0.98	0	0	49	0	1
1418	0.98	0	0	49	0	1
1419	0.98	0	0	49	0	1
1420	0.98	0	0	49	0	1
1421	0.98	0	0	49	0	1
1422	0.98	0	0	49	0	1
1423	0.98	0	0	49	0	1
1424	0.98	0	0	49	0	1
1425	0.98	0	0	49	0	1
1426	0.98	0	0	49	0	1
1427	0.98	0	0	49	0	1
1428	0.98	0	0	49	0	1
1429	0.96	0	0	48	0	2
1430	0.96	0	0	48	0	2
1431	0.96	0	0	48	0	2
1432	0.96	0	0	48	0	2
1433	0.96	0	0	48	0	2
1434	0.96	0	0	48	0	2
1435	0.96	0	0	48	0	2
1436	0.96	0	0	48	0	2
1437	0.96	0	0	48	0	2
1438	0.96	0	0	48	0	2
1439	0.96	0	0	48	0	2
1440	0.96	0	0	48	0	2
1441	0.96	0	0	48	0	2
1442	0.96	0	0	48	0	2
1443	0.96	0	0	48	0	2
1444	0.96	0	0	48	0	2
1445	0.96	0	0	48	0	2
1446	0.96	0	0	48	0	2
1447	0.96	0	0	48	0	2
1448	0.96	0	0	48	0	2
1449	0.96	0	0	48	0	2
1450	0.96	0	0	48	0	2
1451	0.96	0	0	48	0	2
1452	0.98	0	0	49	0	1
1453	0.98	0	0	49	0	1
1454	0.98	0	0	49	0	1
1455	0.98	0	0	49	0	1
1456	0.98	0	0	49	0	1
1457	0.98	0	0	49	0	1
1458	0.98	0	0	49	0	1
1459	0.98	0	0	49	0	1
1460	0.98	0	0	49	0	1
1461	0.98	0	0	49	0	1
1462	0.98	0	0	49	0	1
1463	0.98	0	0	49	0	1
1464	0.98	0	0	49	0	1
1465	0.98	0	0	49	0	1
1466	0.98	0	0	49	0	1
1467	0.98	0	0	49	0	1
1468	0.98	0	0	49	0	1
1469	0.98	0	0	49	0	1
1470	0.98	0	0	49	0	1
1471	0.98	0	0	49	0	1
1472	0.98	0	0	49	0	1
1473	0.98	0	0	49	0	1
1474	0.98	0	0	49	0	1
1475	0.98	0	0	49	0	1
1476	0.98	0	0	49	0	1
1477	0.98	0	0	49	0	1
1478	0.98	0	0	49	0	1
1479	1.00	0	0	50	0	0
1480	1.00	0	0	50	0	0
1481	1.00	0	0	50	0	0
1482	1.00	0	0	50	0	0
1483	1.00	0	0	50	0	0
1484	1.00	0	0	50	0	0
1485	1.00	0	0	50	0	0
1486	1.00	0	0	50	0	0
1487	1.00	0	0	50	0	0
1488	1.00	0	0	50	0	0
1489	1.00	0	0	50	0	0
1490	1.00	0	0	50	0	0
1491	1.00	0	0	50	0	0
1492	1.00	0	0	50	0	0
1493	1.00	0	0	50	0	0
1494	1.00	0	0	50	0	0
1495	1.00	0	0	50	0	0
1496	1.00	0	0	50	0	0
1497	1.00	0	0	50	0	0
1498	1.00	0	0	50	0	0
1499	1.00	0	0	50	0	0
1500	0.00	0	0	50	0	0
1501	0.00	0	0	50	0	0
1502	0.00	0	0	50	0	0
1503	0.00	0	0	50	0	0
1504	0.00	0	0	50	0	0
1505	0.00	0	0	50	0	0
1506	0.00	0	0	50	0	0
1507	0.00	0	0	50	0	0
1508	0.02	0	0	49	1	0
1509	0.04	0	0	48	2	0
1510	0.04	0	0	48	2	0
1511	0.04	0	0	48	2	0
1512	0.04	0	0	48	2	0
1513	0.04	0	0	48	2	0
1514	0.04	0	0	48	2	0
1515	0.04	0	0	48	2	0
1516	0.06	0	0	47	3	0
1517	0.06	0	0	47	3	0
1518	0.06	0	0	47	3	0
1519	0.06	0	0	47	3	0
1520	0.06	0	0	47	3	0
1521	0.06	0	0	47	3	0
1522	0.06	0	0	47	3	0
1523	0.08	0	0	46	4	0
1524	0.08	0	0	46	4	0
1525	0.08	0	0	46	4	0
1526	0.10	0	0	45	5	0
1527	0.10	0	0	45	5	0
1528	0.10	0	0	45	5	0
1529	0.10	0	0	45	5	0
1530	0.10	0	0	45	5	0
1531	0.10	0	0	45	5	0
1532	0.12	0	0	44	6	0
1533	0.12	1	0	43	6	0
1534	0.12	1	0	43	6	0
1535	0.12	1	0	43	6	0
1536	0.12	1	0	43	6	0
1537	0.14	1	0	42	7	0
1538	0.14	1	0	42	7	0
1539	0.14	1	0	42	7	0
1540	0.14	1	0	42	7	0
1541	0.14	1	0	42	7	0
1542	0.14	1	0	42	7	0
1543	0.14	1	0	42	7	0
1544	0.14	1	0	42	7	0
1545	0.16	1	0	41	8	0
1546	0.16	1	0	41	8	0
1547	0.18	1	0	40	9	0
1548	0.20	1	0	39	10	0
1549	0.20	1	0	39	10	0
1550	0.22	1	0	38	11	0
1551	0.24	1	0	37	12	0
1552	0.26	1	0	36	13	0
1553	0.28	1	0	35	14	0
1554	0.28	1	0	35	14	0
1555	0.30	1	0	34	15	0
1556	0.32	1	0	33	16	0
1557	0.32	1	0	33	16	0
1558	0.30	1	0	34	15	0
1559	0.30	1	0	34	15	0
1560	0.30	1	0	34	15	0
1561	0.30	1	0	34	15	0
1562	0.30	1	0	34	15	0
1563	0.32	1	0	33	16	0
1564	0.34	1	0	32	17	0
1565	0.36	1	0	31	18	0
1566	0.36	1	0	31	18	0
1567	0.36	1	0	31	18	0
1568	0.36	1	0	31	18	0
1569	0.38	1	0	30	19	0
1570	0.40	1	0	29	20	0
1571	0.40	1	0	29	20	0
1572	0.40	1	0	29	20	0
1573	0.40	1	0	29	20	0
1574	0.40	1	0	29	20	0
1575	0.42	1	0	28	21	0
1576	0.40	1	0	29	20	0
1577	0.42	1	0	28	21	0
1578	0.44	1	0	27	22	0
1579	0.46	1	0	26	23	0
1580	0.48	1	0	25	24	0
1581	0.50	1	0	24	25	0
1582	0.50	1	0	24	25	0
1583	0.52	0	0	24	26	0
1584	0.54	0	0	23	27	0
1585	0.54	0	0	23	27	0
1586	0.56	0	0	22	28	0
1587	0.56	0	0	22	28	0
1588	0.56	0	1	21	28	0
1589	0.58	0	1	20	29	0
1590	0.60	0	1	19	30	0
1591	0.62	0	1	18	31	0
1592	0.64	0	1	17	32	0
1593	0.66	0	1	16	33	0
1594	0.68	0	1	15	34	0
1595	0.68	0	1	15	34	0
1596	0.68	0	2	14	34	0
1597	0.68	0	2	14	34	0
1598	0.66	0	2	15	33	0
1599	0.68	0	2	14	34	0
1600	0.66	0	2	15	33	0
1601	0.66	0	2	15	33	0
1602	0.66	0	2	15	33	0
1603	0.66	0	2	15	33	0
1604	0.68	0	2	14	34	0
1605	0.68	0	2	14	34	0
1606	0.68	0	2	14	34	0
1607	0.70	0	2	13	35	0
1608	0.72	0	2	12	36	0
1609	0.70	0	3	12	35	0
1610	0.72	0	3	11	36	0
1611	0.74	0	3	10	37	0
1612	0.76	0	3	9	38	0
1613	0.76	0	3	9	38	0
1614	0.76	0	3	9	38	0
1615	0.76	0	3	9	38	0
1616	0.76	0	3	9	38	0
1617	0.78	0	3	8	39	0
1618	0.80	0	3	7	40	0
1619	0.80	0	3	7	40	0
1620	0.80	0	3	7	40	0
1621	0.82	0	3	6	41	0
1622	0.82	0	3	5	41	1
1623	0.82	0	3	5	41	1
1624	0.84	0	3	4	42	1
1625	0.84	0	3	4	42	1
1626	0.84	1	3	3	42	1
1627	0.84	1	3	3	42	1
1628	0.84	1	3	3	42	1
1629	0.84	1	3	3	42	1
1630	0.82	1	4	3	41	1
1631	0.82	1	4	3	41	1
1632	0.82	1	4	3	41	1
1633	0.82	1	4	3	41	1
1634	0.82	1	4	3	41	1
1635	0.82	1	4	2	41	2
1636	0.82	1	4	2	41	2
1637	0.82	1	4	2	41	2
1638	0.84	1	3	2	42	2
1639	0.82	1	4	2	41	2
1640	0.82	1	4	2	41	2
1641	0.82	1	4	2	41	2
1642	0.82	1	4	2	41	2
1643	0.82	1	4	2	41	2
1644	0.82	1	4	2	41	2
1645	0.82	1	4	2	41	2
1646	0.84	1	3	2	42	2
1647	0.84	1	3	2	42	2
1648	0.86	1	3	1	43	2
1649	0.86	1	3	1	43	2
1650	0.88	1	3	0	44	2
1651	0.88	1	3	0	44	2
1652	0.88	1	3	0	44	2
1653	0.88	1	3	0	44	2
1654	0.88	1	3	0	44	2
1655	0.86	2	3	0	43	2
1656	0.86	2	3	0	43	2
1657	0.86	2	3	0	43	2
1658	0.86	2	3	0	43	2
1659	0.88	2	2	0	44	2
1660	0.88	2	2	0	44	2
1661	0.88	2	2	0	44	2
1662	0.88	2	2	0	44	2
1663	0.88	2	2	0	44	2
1664	0.88	2	2	0	44	2
1665	0.88	2	2	0	44	2
1666	0.88	2	2	0	44	2
1667	0.88	2	2	0	44	2
1668	0.88	2	2	0	44	2
1669	0.88	2	2	0	44	2
1670	0.88	2	2	0	44	2
1671	0.88	2	2	0	44	2
1672	0.90	2	2	0	45	1
1673	0.90	2	2	0	45	1
1674	0.88	3	2	0	44	1
1675	0.88	3	2	0	44	1
1676	0.90	2	2	0	45	1
1677	0.90	2	2	0	45	1
1678	0.90	2	2	0	45	1
1679	0.90	2	2	0	45	1
1680	0.92	2	1	0	46	1
1681	0.92	2	1	0	46	1
1682	0.92	2	1	0	46	1
1683	0.92	2	1	0	46	1
1684	0.92	2	1	0	46	1
1685	0.94	2	1	0	47	0
1686	0.94	2	1	0	47	0
1687	0.94	2	1	0	47	0
1688	0.94	2	1	0	47	0
1689	0.96	2	0	0	48	0
1690	0.96	2	0	0	48	0
1691	0.96	2	0	0	48	0
1692	0.94	2	0	0	47	1
1693	0.94	2	0	0	47	1
1694	0.94	2	0	0	47	1
1695	0.94	2	0	0	47	1
1696	0.94	2	0	0	47	1
1697	0.94	2	0	0	47	1
1698	0.94	2	0	0	47	1
1699	0.94	2	0	0	47	1
1700	0.94	2	0	0	47	1
1701	0.94	2	0	0	47	1
1702	0.94	2	0	0	47	1
1703	0.94	2	0	0	47	1
1704	0.94	2	0	0	47	1
1705	0.96	1	0	0	48	1
1706	0.96	1	0	0	48	1
1707	0.96	1	0	0	48	1
1708	0.96	1	0	0	48	1
1709	0.96	1	0	0	48	1
1710	0.96	1	0	0	48	1
1711	0.96	1	0	0	48	1
1712	0.96	1	0	0	48	1
1713	0.96	1	0	0	48	1
1714	0.96	1	0	0	48	1
1715	0.96	1	0	0	48	1
1716	0.96	1	0	0	48	1
1717	0.96	1	0	0	48	1
1718	0.96	1	0	0	48	1
1719	0.96	1	0	0	48	1
1720	0.96	1	0	0	48	1
1721	0.96	1	0	0	48	1
1722	0.96	1	0	0	48	1
1723	0.96	1	0	0	48	1
1724	0.98	0	0	0	49	1
1725	0.98	0	0	0	49	1
1726	0.98	0	0	0	49	1
1727	0.98	0	0	0	49	1
1728	0.98	0	0	0	49	1
1729	0.98	0	0	0	49	1
1730	0.98	0	0	0	49	1
1731	0.98	0	0	0	49	1
1732	0.98	0	0	0	49	1
1733	0.98	0	0	0	49	1
1734	0.98	0	0	0	49	1
1735	0.98	0	0	0	49	1
1736	0.98	0	0	0	49	1
1737	0.98	0	0	0	49	1
1738	0.98	0	0	0	49	1
1739	0.98	0	0	0	49	1
1740	0.96	0	0	0	48	2
1741	0.96	0	0	0	48	2
1742	0.98	0	0	0	49	1
1743	0.98	0	0	0	49	1
1744	0.98	0	0	0	49	1
1745	0.98	0	0	0	49	1
1746	0.98	0	0	0	49	1
1747	0.98	0	0	0	49	1
1748	0.96	0	0	0	48	2
1749	0.96	0	0	0	48	2
1750	0.96	0	0	0	48	2
1751	0.96	0	0	0	48	2
1752	0.96	0	0	0	48	2
1753	0.96	0	0	0	48	2
1754	0.96	0	0	0	48	2
1755	0.96	0	0	0	48	2
1756	0.96	0	0	0	48	2
1757	0.96	0	0	0	48	2
1758	0.96	0	0	0	48	2
1759	0.96	0	0	0	48	2
1760	0.96	0	0	0	48	2
1761	0.96	0	0	0	48	2
1762	0.96	0	0	0	48	2
1763	0.96	0	0	0	48	2
1764	0.96	0	0	0	48	2
1765	0.96	0	0	0	48	2
1766	0.96	0	0	0	48	2
1767	0.96	0	0	0	48	2
1768	0.96	0	0	0	48	2
1769	0.96	0	0	0	48	2
1770	0.96	0	0	0	48	2
1771	0.96	0	0	0	48	2
1772	0.96	0	0	0	48	2
1773	0.96	0	0	0	48	2
1774	0.96	0	0	0	48	2
1775	0.96	0	0	0	48	2
1776	0.96	0	0	0	48	2
1777	0.96	0	0	0	48	2
1778	0.96	0	0	0	48	2
1779	0.96	0	0	0	48	2
1780	0.96	0	0	0	48	2
1781	0.96	0	0	0	48	2
1782	0.96	0	0	0	48	2
1783	0.96	0	0	0	48	2
1784	0.96	0	0	0	48	2
1785	0.96	0	0	0	48	2
1786	0.96	0	0	0	48	2
1787	0.96	0	0	0	48	2
1788	0.96	0	0	0	48	2
1789	0.96	0	0	0	48	2
1790	0.98	0	0	0	49	1
1791	0.98	0	0	0	49	1
1792	0.98	0	0	0	49	1
1793	0.98	0	0	0	49	1
1794	0.98	0	0	0	49	1
1795	0.98	0	0	0	49	1
1796	0.98	0	0	0	49	1
1797	0.98	0	0	0	49	1
1798	1.00	0	0	0	50	0
1799	1.00	0	0	0	50	0
1800	1.00	0	0	0	50	0
1801	1.00	0	0	0	50	0
1802	1.00	0	0	0	50	0
1803	1.00	0	0	0	50	0
1804	1.00	0	0	0	50	0
1805	1.00	0	0	0	50	0
1806	1.00	0	0	0	50	0
1807	1.00	0	0	0	50	0
1808	1.00	0	0	0	50	0
1809	1.00	0	0	0	50	0
1810	1.00	0	0	0	50	0
1811	1.00	0	0	0	50	0
1812	1.00	0	0	0	50	0
1813	1.00	0	0	0	50	0
1814	1.00	0	0	0	50	0
1815	1.00	0	0	0	50	0
1816	1.00	0	0	0	50	0
1817	1.00	0	0	0	50	0
1818	1.00	0	0	0	50	0
1819	1.00	0	0	0	50	0
1820	1.00	0	0	0	50	0
1821	1.00	0	0	0	50	0
1822	1.00	0	0	0	50	0
1823	1.00	0	0	0	50	0
1824	1.00	0	0	0	50	0
1825	1.00	0	0	0	50	0
1826	1.00	0	0	0	50	0
1827	1.00	0	0	0	50	0
1828	1.00	0	0	0	50	0
1829	1.00	0	0	0	50	0
1830	1.00	0	0	0	50	0
1831	1.00	0	0	0	50	0
1832	1.00	0	0	0	50	0
1833	1.00	0	0	0	50	0
1834	1.00	0	0	0	50	0
1835	1.00	0	0	0	50	0
1836	1.00	0	0	0	50	0
1837	1.00	0	0	0	50	0
1838	1.00	0	0	0	50	0
1839	1.00	0	0	0	50	0
1840	1.00	0	0	0	50	0
1841	1.00	0	0	0	50	0
1842	1.00	0	0	0	50	0
1843	0.98	0	1	0	49	0
1844	0.98	0	1	0	49	0
1845	0.98	0	1	0	49	0
1846	0.98	0	1	0	49	0
1847	0.98	0	1	0	49	0
1848	0.98	0	1	0	49	0
1849	0.98	0	1	0	49	0
1850	0.98	0	1	0	49	0
1851	0.98	0	1	0	49	0
1852	0.98	0	1	0	49	0
1853	0.98	0	1	0	49	0
1854	0.98	0	1	0	49	0
1855	0.98	0	1	0	49	0
1856	0.98	0	1	0	49	0
1857	0.98	0	1	0	49	0
1858	0.98	0	1	0	49	0
1859	0.98	0	1	0	49	0
1860	0.98	0	1	0	49	0
1861	0.98	0	1	0	49	0
1862	0.98	0	1	0	49	0
1863	0.98	0	1	0	49	0
1864	0.98	0	1	0	49	0
1865	0.98	0	1	0	49	0
1866	0.98	0	1	0	49	0
1867	0.98	0	1	0	49	0
1868	0.98	0	1	0	49	0
1869	0.98	0	1	0	49	0
1870	0.98	0	1	0	49	0
1871	0.98	0	1	0	49	0
1872	0.98	0	1	0	49	0
1873	0.98	0	1	0	49	0
1874	0.98	0	1	0	49	0
1875	0.98	0	1	0	49	0
1876	0.98	0	1	0	49	0
1877	0.98	0	1	0	49	0
1878	0.98	0	1	0	49	0
1879	0.98	0	1	0	49	0
1880	0.98	0	1	0	49	0
1881	0.98	0	1	0	49	0
1882	0.98	0	1	0	49	0
1883	0.98	0	1	0	49	0
1884	0.98	0	1	0	49	0
1885	0.98	0	1	0	49	0
1886	0.98	0	1	0	49	0
1887	0.98	0	1	0	49	0
1888	0.98	0	1	0	49	0
1889	0.98	0	1	0	49	0
1890	0.98	0	1	0	49	0
1891	0.98	0	1	0	49	0
1892	0.98	0	1	0	49	0
1893	1.00	0	0	0	50	0
1894	1.00	0	0	0	50	0
1895	1.00	0	0	0	50	0
1896	1.00	0	0	0	50	0
1897	1.00	0	0	0	50	0
1898	1.00	0	0	0	50	0
1899	1.00	0	0	0	50	0
1900	1.00	0	0	0	50	0
1901	1.00	0	0	0	50	0
1902	1.00	0	0	0	50	0
1903	1.00	0	0	0	50	0
1904	1.00	0	0	0	50	0
1905	1.00	0	0	0	50	0
1906	1.00	0	0	0	50	0
1907	1.00	0	0	0	50	0
1908	1.00	0	0	0	50	0
1909	1.00	0	0	0	50	0
1910	1.00	0	0	0	50	0
1911	1.00	0	0	0	50	0
1912	1.00	0	0	0	50	0
1913	1.00	0	0	0	50	0
1914	1.00	0	0	0	50	0
1915	1.00	0	0	0	50	0
1916	1.00	0	0	0	50	0
1917	1.00	0	0	0	50	0
1918	1.00	0	0	0	50	0
1919	1.00	0	0	0	50	0
1920	1.00	0	0	0	50	0
1921	1.00	0	0	0	50	0
1922	1.00	0	0	0	50	0
1923	1.00	0	0	0	50	0
1924	1.00	0	0	0	50	0
1925	1.00	0	0	0	50	0
1926	1.00	0	0	0	50	0
1927	1.00	0	0	0	50	0
1928	1.00	0	0	0	50	0
1929	1.00	0	0	0	50	0
1930	1.00	0	0	0	50	0
1931	1.00	0	0	0	50	0
1932	1.00	0	0	0	50	0
1933	1.00	0	0	0	50	0
1934	1.00	0	0	0	50	0
1935	1.00	0	0	0	50	0
1936	1.00	0	0	0	50	0
1937	1.00	0	0	0	50	0
1938	1.00	0	0	0	50	0
1939	1.00	0	0	0	50	0
1940	1.00	0	0	0	50	0
1941	1.00	0	0	0	50	0
1942	1.00	0	0	0	50	0
1943	1.00	0	0	0	50	0
1944	1.00	0	0	0	50	0
1945	1.00	0	0	0	50	0
1946	1.00	0	0	0	50	0
1947	1.00	0	0	0	50	0
1948	1.00	0	0	0	50	0
1949	1.00	0	0	0	50	0
1950	1.00	0	0	0	50	0
1951	1.00	0	0	0	50	0
1952	1.00	0	0	0	50	0
1953	1.00	0	0	0	50	0
1954	1.00	0	0	0	50	0
1955	1.00	0	0	0	50	0
1956	1.00	0	0	0	50	0
1957	1.00	0	0	0	50	0
1958	1.00	0	0	0	50	0
1959	1.00	0	0	0	50	0
1960	1.00	0	0	0	50	0
1961	1.00	0	0	0	50	0
1962	1.00	0	0	0	50	0
1963	1.00	0	0	0	50	0
1964	1.00	0	0	0	50	0
1965	1.00	0	0	0	50	0
1966	1.00	0	0	0	50	0
1967	1.00	0	0	0	50	0
1968	1.00	0	0	0	50	0
1969	0.98	1	0	0	49	0
1970	0.98	1	0	0	49	0
1971	0.98	1	0	0	49	0
1972	0.98	1	0	0	49	0
1973	0.98	1	0	0	49	0
1974	0.98	1	0	0	49	0
1975	0.96	2	0	0	48	0
1976	0.96	2	0	0	48	0
1977	0.96	2	0	0	48	0
1978	0.96	2	0	0	48	0
1979	0.96	2	0	0	48	0
1980	0.96	2	0	0	48	0
1981	0.96	2	0	0	48	0
1982	0.96	2	0	0	48	0
1983	0.96	2	0	0	48	0
1984	0.96	2	0	0	48	0
1985	0.96	2	0	0	48	0
1986	0.96	2	0	0	48	0
1987	0.96	2	0	0	48	0
1988	0.96	2	0	0	48	0
1989	0.96	2	0	0	48	0
1990	0.96	2	0	0	48	0
1991	0.96	2	0	0	48	0
1992	0.96	2	0	0	48	0
1993	0.96	2	0	0	48	0
1994	0.96	2	0	0	48	0
1995	0.96	2	0	0	48	0
1996	0.96	2	0	0	48	0
1997	0.96	2	0	0	48	0
1998	0.96	2	0	0	48	0
1999	0.96	2	0	0	48	0
2000	0.00	2	0	0	48	0
2001	0.00	2	1	0	47	0
2002	0.00	2	1	0	47	0
2003	0.00	2	1	0	47	0
2004	0.00	2	1	0	47	0
2005	0.00	2	1	0	47	0
2006	0.00	2	1	0	47	0
2007	0.00	2	1	0	47	0
2008	0.00	2	1	0	47	0
2009	0.00	2	1	0	47	0
2010	0.00	2	1	1	46	0
2011	0.02	2	1	1	45	1
2012	0.04	2	1	1	44	2
2013	0.04	2	1	1	44	2
2014	0.04	2	1	1	44	2
2015	0.06	2	1	1	43	3
2016	0.08	2	1	1	42	4
2017	0.08	2	1	1	42	4
2018	0.08	2	1	1	42	4
2019	0.08	1	1	1	43	4
2020	0.08	1	1	1	43	4
2021	0.08	1	1	1	43	4
2022	0.08	1	1	1	43	4
2023	0.10	1	1	1	42	5
2024	0.10	1	1	1	42	5
2025	0.10	0	1	1	43	5
2026	0.10	0	1	1	43	5
2027	0.12	0	1	1	42	6
2028	0.12	0	1	1	42	6
2029	0.12	0	1	1	42	6
2030	0.14	0	1	1	41	7
2031	0.14	0	1	1	41	7
2032	0.16	0	1	1	40	8
2033	0.18	0	1	1	39	9
2034	0.20	0	1	1	38	10
2035	0.20	0	1	1	38	10
2036	0.20	0	1	1	38	10
2037	0.20	0	1	1	38	10
2038	0.22	0	1	1	37	11
2039	0.22	0	1	1	37	11
2040	0.24	0	1	1	36	12
2041	0.26	0	1	1	35	13
2042	0.26	0	1	1	35	13
2043	0.28	0	1	1	34	14
2044	0.30	0	1	1	33	15
2045	0.32	0	1	1	32	16
2046	0.32	0	1	1	32	16
2047	0.32	0	1	1	32	16
2048	0.34	0	1	1	31	17
2049	0.36	0	1	1	30	18
2050	0.38	0	1	1	29	19
2051	0.40	0	0	1	29	20
2052	0.42	0	0	1	28	21
2053	0.44	0	0	1	27	22
2054	0.46	0	0	1	26	23
2055	0.48	0	0	1	25	24
2056	0.50	0	0	1	24	25
2057	0.52	0	0	1	23	26
2058	0.54	0	0	1	22	27
2059	0.54	1	0	1	21	27
2060	0.56	1	0	0	21	28
2061	0.56	1	0	0	21	28
2062	0.56	1	0	0	21	28
2063	0.58	1	0	0	20	29
2064	0.60	1	0	0	19	30
2065	0.60	1	0	0	19	30
2066	0.58	1	0	0	20	29
2067	0.58	2	0	0	19	29
2068	0.58	2	0	0	19	29
2069	0.60	2	0	0	18	30
2070	0.62	2	0	0	17	31
2071	0.64	2	0	0	16	32
2072	0.66	2	0	0	15	33
2073	0.64	3	0	0	15	32
2074	0.66	3	0	0	14	33
2075	0.66	3	0	0	14	33
2076	0.68	3	0	0	13	34
2077	0.68	3	0	0	13	34
2078	0.70	3	0	0	12	35
2079	0.72	3	0	0	11	36
2080	0.72	3	0	0	11	36
2081	0.74	3	0	0	10	37
2082	0.74	3	0	0	10	37
2083	0.74	3	0	0	10	37
2084	0.74	3	0	0	10	37
2085	0.74	4	0	0	9	37
2086	0.74	4	1	0	8	37
2087	0.76	4	1	0	7	38
2088	0.76	4	1	0	7	38
2089	0.78	4	1	0	6	39
2090	0.78	4	1	0	6	39
2091	0.78	4	1	0	6	39
2092	0.80	4	1	0	5	40
2093	0.80	4	1	0	5	40
2094	0.80	4	1	0	5	40
2095	0.80	4	1	0	5	40
2096	0.82	4	1	0	4	41
2097	0.84	4	1	0	3	42
2098	0.84	4	1	0	3	42
2099	0.84	4	1	0	3	42
2100	0.84	4	1	0	3	42
2101	0.84	4	1	0	3	42
2102	0.84	4	1	0	3	42
2103	0.84	4	1	0	3	42
2104	0.84	4	1	0	3	42
2105	0.84	4	1	0	3	42
2106	0.84	4	1	0	3	42
2107	0.84	4	1	0	3	42
2108	0.84	4	1	0	3	42
2109	0.86	3	1	0	3	43
2110	0.86	3	1	0	3	43
2111	0.86	3	1	0	3	43
2112	0.86	3	1	0	3	43
2113	0.86	3	1	0	3	43
2114	0.84	3	2	0	3	42
2115	0.84	3	2	0	3	42
2116	0.86	3	2	0	2	43
2117	0.88	2	2	0	2	44
2118	0.90	2	2	0	1	45
2119	0.90	2	2	0	1	45
2120	0.90	2	2	0	1	45
2121	0.90	2	2	0	1	45
2122	0.90	2	2	0	1	45
2123	0.92	1	2	0	1	46
2124	0.92	1	2	0	1	46
2125	0.94	1	2	0	0	47
2126	0.94	1	2	0	0	47
2127	0.94	1	2	0	0	47
2128	0.94	1	2	0	0	47
2129	0.94	1	2	0	0	47
2130	0.94	1	2	0	0	47
2131	0.94	1	2	0	0	47
2132	0.92	2	2	0	0	46
2133	0.92	2	2	0	0	46
2134	0.92	2	2	0	0	46
2135	0.94	1	2	0	0	47
2136	0.96	1	1	0	0	48
2137	0.96	1	1	0	0	48
2138	0.96	1	1	0	0	48
2139	0.96	1	1	0	0	48
2140	0.96	1	1	0	0	48
2141	0.96	1	1	0	0	48
2142	0.96	1	1	0	0	48
2143	0.96	1	1	0	0	48
2144	0.96	1	1	0	0	48
2145	0.96	1	1	0	0	48
2146	0.96	1	1	0	0	48
2147	0.96	1	1	0	0	48
2148	0.96	1	1	0	0	48
2149	0.96	1	1	0	0	48
2150	0.96	1	1	0	0	48
2151	0.96	1	1	0	0	48
2152	0.94	2	1	0	0	47
2153	0.94	2	1	0	0	47
2154	0.94	2	1	0	0	47
2155	0.94	2	1	0	0	47
2156	0.94	2	1	0	0	47
2157	0.94	2	1	0	0	47
2158	0.94	2	1	0	0	47
2159	0.94	2	1	0	0	47
2160	0.94	2	1	0	0	47
2161	0.94	2	1	0	0	47
2162	0.94	2	1	0	0	47
2163	0.94	2	1	0	0	47
2164	0.94	2	1	0	0	47
2165	0.94	2	1	0	0	47
2166	0.94	2	1	0	0	47
2167	0.94	2	1	0	0	47
2168	0.94	2	1	0	0	47
2169	0.94	2	1	0	0	47
2170	0.94	2	1	0	0	47
2171	0.94	2	1	0	0	47
2172	0.94	2	1	0	0	47
2173	0.94	2	1	0	0	47
2174	0.94	2	1	0	0	47
2175	0.94	2	1	0	0	47
2176	0.94	2	1	0	0	47
2177	0.94	2	1	0	0	47
2178	0.94	2	1	0	0	47
2179	0.94	2	1	0	0	47
2180	0.94	2	1	0	0	47
2181	0.94	2	1	0	0	47
2182	0.96	1	1	0	0	48
2183	0.96	1	1	0	0	48
2184	0.96	1	1	0	0	48
2185	0.96	1	1	0	0	48
2186	0.96	1	1	0	0	48
2187	0.96	1	1	0	0	48
2188	0.96	1	1	0	0	48
2189	0.96	1	1	0	0	48
2190	0.96	1	1	0	0	48
2191	0.96	1	1	0	0	48
2192	0.96	1	1	0	0	48
2193	0.96	1	1	0	0	48
2194	0.96	1	1	0	0	48
2195	0.96	1	1	0	0	48
2196	0.96	1	1	0	0	48
2197	0.96	1	1	0	0	48
2198	0.96	1	1	0	0	48
2199	0.96	1	1	0	0	48
2200	0.96	1	1	0	0	48
2201	0.96	1	1	0	0	48
2202	0.98	0	1	0	0	49
2203	0.98	0	1	0	0	49
2204	0.98	0	1	0	0	49
2205	0.98	0	1	0	0	49
2206	0.98	0	1	0	0	49
2207	0.98	0	1	0	0	49
2208	0.98	0	1	0	0	49
2209	0.98	0	1	0	0	49
2210	0.98	0	1	0	0	49
2211	0.98	0	1	0	0	49
2212	0.98	0	1	0	0	49
2213	0.98	0	1	0	0	49
2214	1.00	0	0	0	0	50
2215	1.00	0	0	0	0	50
2216	1.00	0	0	0	0	50
2217	1.00	0	0	0	0	50
2218	1.00	0	0	0	0	50
2219	1.00	0	0	0	0	50
2220	1.00	0	0	0	0	50
2221	1.00	0	0	0	0	50
2222	1.00	0	0	0	0	50
2223	1.00	0	0	0	0	50
2224	1.00	0	0	0	0	50
2225	1.00	0	0	0	0	50
2226	1.00	0	0	0	0	50
2227	1.00	0	0	0	0	50
2228	1.00	0	0	0	0	50
2229	1.00	0	0	0	0	50
2230	1.00	0	0	0	0	50
2231	1.00	0	0	0	0	50
2232	1.00	0	0	0	0	50
2233	1.00	0	0	0	0	50
2234	1.00	0	0	0	0	50
2235	1.00	0	0	0	0	50
2236	1.00	0	0	0	0	50
2237	1.00	0	0	0	0	50
2238	1.00	0	0	0	0	50
2239	1.00	0	0	0	0	50
2240	1.00	0	0	0	0	50
2241	1.00	0	0	0	0	50
2242	1.00	0	0	0	0	50
2243	1.00	0	0	0	0	50
2244	1.00	0	0	0	0	50
2245	1.00	0	0	0	0	50
2246	1.00	0	0	0	0	50
2247	1.00	0	0	0	0	50
2248	1.00	0	0	0	0	50
2249	1.00	0	0	0	0	50
2250	1.00	0	0	0	0	50
2251	1.00	0	0	0	0	50
2252	1.00	0	0	0	0	50
2253	1.00	0	0	0	0	50
2254	1.00	0	0	0	0	50
2255	1.00	0	0	0	0	50
2256	1.00	0	0	0	0	50
2257	1.00	0	0	0	0	50
2258	1.00	0	0	0	0	50
2259	1.00	0	0	0	0	50
2260	1.00	0	0	0	0	50
2261	1.00	0	0	0	0	50
2262	1.00	0	0	0	0	50
2263	1.00	0	0	0	0	50
2264	1.00	0	0	0	0	50
2265	1.00	0	0	0	0	50
2266	1.00	0	0	0	0	50
2267	1.00	0	0	0	0	50
2268	1.00	0	0	0	0	50
2269	1.00	0	0	0	0	50
2270	1.00	0	0	0	0	50
2271	1.00	0	0	0	0	50
2272	1.00	0	0	0	0	50
2273	1.00	0	0	0	0	50
2274	1.00	0	0	0	0	50
2275	1.00	0	0	0	0	50
2276	1.00	0	0	0	0	50
2277	1.00	0	0	0	0	50
2278	1.00	0	0	0	0	50
2279	1.00	0	0	0	0	50
2280	1.00	0	0	0	0	50
2281	1.00	0	0	0	0	50
2282	1.00	0	0	0	0	50
2283	1.00	0	0	0	0	50
2284	1.00	0	0	0	0	50
2285	1.00	0	0	0	0	50
2286	1.00	0	0	0	0	50
2287	1.00	0	0	0	0	50
2288	1.00	0	0	0	0	50
2289	1.00	0	0	0	0	50
2290	1.00	0	0	0	0	50
2291	1.00	0	0	0	0	50
2292	1.00	0	0	0	0	50
2293	1.00	0	0	0	0	50
2294	1.00	0	0	0	0	50
2295	1.00	0	0	0	0	50
2296	1.00	0	0	0	0	50
2297	1.00	0	0	0	0	50
2298	1.00	0	0	0	0	50
2299	1.00	0	0	0	0	50
2300	1.00	0	0	0	0	50
2301	1.00	0	0	0	0	50
2302	1.00	0	0	0	0	50
2303	1.00	0	0	0	0	50
2304	1.00	0	0	0	0	50
2305	1.00	0	0	0	0	50
2306	1.00	0	0	0	0	50
2307	1.00	0	0	0	0	50
2308	1.00	0	0	0	0	50
2309	1.00	0	0	0	0	50
2310	1.00	0	0	0	0	50
2311	1.00	0	0	0	0	50
2312	1.00	0	0	0	0	50
2313	1.00	0	0	0	0	50
2314	0.98	1	0	0	0	49
2315	0.98	1	0	0	0	49
2316	0.98	1	0	0	0	49
2317	0.98	1	0	0	0	49
2318	0.98	1	0	0	0	49
2319	0.98	1	0	0	0	49
2320	0.98	1	0	0	0	49
2321	0.98	1	0	0	0	49
2322	0.98	1	0	0	0	49
2323	0.98	1	0	0	0	49
2324	0.98	1	0	0	0	49
2325	0.98	1	0	0	0	49
2326	0.98	1	0	0	0	49
2327	0.98	1	0	0	0	49
2328	0.98	1	0	0	0	49
2329	0.98	1	0	0	0	49
2330	0.98	1	0	0	0	49
2331	0.98	1	0	0	0	49
2332	0.98	1	0	0	0	49
2333	0.98	1	0	0	0	49
2334	0.96	1	0	0	1	48
2335	0.96	1	0	0	1	48
2336	0.96	1	0	0	1	48
2337	0.96	1	0	0	1	48
2338	0.96	1	0	0	1	48
2339	0.96	1	0	0	1	48
2340	0.96	1	0	0	1	48
2341	0.96	1	0	0	1	48
2342	0.96	1	0	0	1	48
2343	0.96	1	0	0	1	48
2344	0.96	1	0	0	1	48
2345	0.96	1	0	0	1	48
2346	0.96	1	0	0	1	48
2347	0.96	1	0	0	1	48
2348	0.96	1	0	0	1	48
2349	0.96	1	0	0	1	48
2350	0.96	1	0	0	1	48
2351	0.96	1	0	0	1	48
2352	0.96	1	0	0	1	48
2353	0.96	1	0	0	1	48
2354	0.96	1	0	0	1	48
2355	0.96	1	0	0	1	48
2356	0.96	1	0	0	1	48
2357	0.96	1	0	0	1	48
2358	0.96	1	0	0	1	48
2359	0.96	1	0	0	1	48
2360	0.96	1	0	0	1	48
2361	0.96	1	0	0	1	48
2362	0.96	1	0	0	1	48
2363	0.96	1	0	0	1	48
2364	0.98	0	0	0	1	49
2365	0.98	0	0	0	1	49
2366	0.98	0	0	0	1	49
2367	0.98	0	0	0	1	49
2368	0.98	0	0	0	1	49
2369	0.98	0	0	0	1	49
2370	0.98	0	0	0	1	49
2371	0.98	0	0	0	1	49
2372	0.98	0	0	0	1	49
2373	0.98	0	0	0	1	49
2374	0.98	0	0	0	1	49
2375	0.98	0	0	0	1	49
2376	0.98	0	0	0	1	49
2377	0.98	0	0	0	1	49
2378	0.98	0	0	0	1	49
2379	0.98	0	0	0	1	49
2380	0.98	0	0	0	1	49
2381	0.98	0	0	0	1	49
2382	0.98	0	0	0	1	49
2383	0.98	0	0	0	1	49
2384	1.00	0	0	0	0	50
2385	1.00	0	0	0	0	50
2386	1.00	0	0	0	0	50
2387	1.00	0	0	0	0	50
2388	1.00	0	0	0	0	50
2389	1.00	0	0	0	0	50
2390	1.00	0	0	0	0	50
2391	1.00	0	0	0	0	50
2392	1.00	0	0	0	0	50
2393	1.00	0	0	0	0	50
2394	1.00	0	0	0	0	50
2395	1.00	0	0	0	0	50
2396	1.00	0	0	0	0	50
2397	1.00	0	0	0	0	50
2398	1.00	0	0	0	0	50
2399	1.00	0	0	0	0	50
2400	1.00	0	0	0	0	50
2401	1.00	0	0	0	0	50
2402	1.00	0	0	0	0	50
2403	1.00	0	0	0	0	50
2404	1.00	0	0	0	0	50
2405	1.00	0	0	0	0	50
2406	1.00	0	0	0	0	50
2407	1.00	0	0	0	0	50
2408	1.00	0	0	0	0	50
2409	1.00	0	0	0	0	50
2410	1.00	0	0	0	0	50
2411	1.00	0	0	0	0	50
2412	1.00	0	0	0	0	50
2413	1.00	0	0	0	0	50
2414	1.00	0	0	0	0	50
2415	1.00	0	0	0	0	50
2416	1.00	0	0	0	0	50
2417	1.00	0	0	0	0	50
2418	1.00	0	0	0	0	50
2419	1.00	0	0	0	0	50
2420	1.00	0	0	0	0	50
2421	1.00	0	0	0	0	50
2422	1.00	0	0	0	0	50
2423	1.00	0	0	0	0	50
2424	1.00	0	0	0	0	50
2425	1.00	0	0	0	0	50
2426	1.00	0	0	0	0	50
2427	1.00	0	0	0	0	50
2428	1.00	0	0	0	0	50
2429	1.00	0	0	0	0	50
2430	1.00	0	0	0	0	50
2431	1.00	0	0	0	0	50
2432	1.00	0	0	0	0	50
2433	1.00	0	0	0	0	50
2434	1.00	0	0	0	0	50
2435	1.00	0	0	0	0	50
2436	1.00	0	0	0	0	50
2437	1.00	0	0	0	0	50
2438	1.00	0	0	0	0	50
2439	1.00	0	0	0	0	50
2440	1.00	0	0	0	0	50
2441	1.00	0	0	0	0	50
2442	1.00	0	0	0	0	50
2443	1.00	0	0	0	0	50
2444	1.00	0	0	0	0	50
2445	1.00	0	0	0	0	50
2446	1.00	0	0	0	0	50
2447	1.00	0	0	0	0	50
2448	1.00	0	0	0	0	50
2449	1.00	0	0	0	0	50
2450	1.00	0	0	0	0	50
2451	1.00	0	0	0	0	50
2452	1.00	0	0	0	0	50
2453	1.00	0	0	0	0	50
2454	1.00	0	0	0	0	50
2455	1.00	0	0	0	0	50
2456	1.00	0	0	0	0	50
2457	1.00	0	0	0	0	50
2458	1.00	0	0	0	0	50
2459	1.00	0	0	0	0	50
2460	1.00	0	0	0	0	50
2461	1.00	0	0	0	0	50
2462	1.00	0	0	0	0	50
2463	1.00	0	0	0	0	50
2464	1.00	0	0	0	0	50
2465	1.00	0	0	0	0	50
2466	1.00	0	0	0	0	50
2467	1.00	0	0	0	0	50
2468	1.00	0	0	0	0	50
2469	1.00	0	0	0	0	50
2470	1.00	0	0	0	0	50
2471	1.00	0	0	0	0	50
2472	1.00	0	0	0	0	50
2473	1.00	0	0	0	0	50
2474	1.00	0	0	0	0	50
2475	1.00	0	0	0	0	50
2476	1.00	0	0	0	0	50
2477	1.00	0	0	0	0	50
2478	1.00	0	0	0	0	50
2479	1.00	0	0	0	0	50
2480	1.00	0	0	0	0	50
2481	1.00	0	0	0	0	50
2482	0.98	0	0	1	0	49
2483	0.98	0	0	1	0	49
2484	0.98	0	0	1	0	49
2485	0.98	0	0	1	0	49
2486	0.98	0	0	1	0	49
2487	0.98	0	0	1	0	49
2488	0.98	0	0	1	0	49
2489	0.98	0	0	1	0	49
2490	0.98	0	0	1	0	49
2491	0.98	0	0	1	0	49
2492	0.98	0	0	1	0	49
2493	0.98	0	0	1	0	49
2494	0.98	0	0	1	0	49
2495	0.98	0	0	1	0	49
2496	0.98	0	0	1	0	49
2497	0.98	0	0	1	0	49
2498	0.98	0	0	1	0	49
2499	0.98	0	0	1	0	49
2500	0.00	0	0	1	0	49
2501	0.00	0	0	2	0	48
2502	0.00	0	0	2	0	48
2503	0.00	0	0	2	0	48
2504	0.00	0	0	2	0	48
2505	0.02	1	0	2	0	47
2506	0.02	1	0	2	0	47
2507	0.02	1	0	2	0	47
2508	0.02	1	0	2	0	47
2509	0.02	1	0	2	0	47
2510	0.02	1	0	2	0	47
2511	0.02	1	0	2	0	47
2512	0.02	1	0	2	0	47
2513	0.02	1	0	2	0	47
2514	0.02	1	0	2	0	47
2515	0.04	2	0	2	0	46
2516	0.04	2	0	2	0	46
2517	0.06	3	0	2	0	45
2518	0.06	3	0	2	0	45
2519	0.06	3	0	2	0	45
2520	0.06	3	0	2	0	45
2521	0.06	3	0	2	0	45
2522	0.06	3	0	2	0	45
2523	0.06	3	0	2	0	45
2524	0.06	3	0	2	0	45
2525	0.06	3	0	2	0	45
2526	0.08	4	0	2	0	44
2527	0.08	4	0	2	0	44
2528	0.08	4	0	2	0	44
2529	0.08	4	0	2	0	44
2530	0.10	5	0	2	0	43
2531	0.10	5	0	2	0	43
2532	0.10	5	0	1	0	44
2533	0.10	5	0	1	0	44
2534	0.10	5	0	1	0	44
2535	0.10	5	0	1	0	44
2536	0.10	5	0	1	0	44
2537	0.10	5	0	1	0	44
2538	0.10	5	0	1	0	44
2539	0.10	5	0	1	0	44
2540	0.10	5	0	1	0	44
2541	0.10	5	0	1	0	44
2542	0.10	5	0	1	0	44
2543	0.12	6	0	1	0	43
2544	0.12	6	0	1	0	43
2545	0.12	6	0	1	0	43
2546	0.14	7	0	1	0	42
2547	0.14	7	0	1	0	42
2548	0.14	7	0	1	0	42
2549	0.14	7	0	1	0	42
2550	0.16	8	0	1	0	41
2551	0.16	8	0	0	0	42
2552	0.16	8	0	0	0	42
2553	0.16	8	0	0	0	42
2554	0.16	8	0	0	0	42
2555	0.14	7	0	0	0	43
2556	0.14	7	0	0	0	43
2557	0.16	8	0	0	0	42
2558	0.18	9	0	0	0	41
2559	0.20	10	0	0	0	40
2560	0.22	11	0	0	0	39
2561	0.22	11	0	0	0	39
2562	0.22	11	0	0	0	39
2563	0.22	11	0	0	0	39
2564	0.24	12	0	0	0	38
2565	0.22	11	0	0	0	39
2566	0.22	11	0	0	0	39
2567	0.20	10	0	0	0	40
2568	0.22	11	0	0	0	39
2569	0.24	12	0	0	0	38
2570	0.26	13	0	0	0	37
2571	0.26	13	0	0	0	37
2572	0.28	14	0	0	0	36
2573	0.28	14	0	0	0	36
2574	0.28	14	0	0	0	36
2575	0.28	14	0	0	0	36
2576	0.28	14	0	0	0	36
2577	0.30	15	0	0	0	35
2578	0.30	15	0	0	0	35
2579	0.32	16	0	0	0	34
2580	0.30	15	0	0	0	35
2581	0.32	16	0	0	0	34
2582	0.34	17	0	0	0	33
2583	0.34	17	0	0	0	33
2584	0.36	18	0	0	0	32
2585	0.38	19	0	0	0	31
2586	0.38	19	0	0	0	31
2587	0.40	20	0	0	0	30
2588	0.42	21	0	0	0	29
2589	0.42	21	0	0	0	29
2590	0.44	22	0	0	0	28
2591	0.44	22	0	0	0	28
2592	0.46	23	0	0	0	27
2593	0.44	22	0	0	0	28
2594	0.46	23	0	0	0	27
2595	0.46	23	0	0	0	27
2596	0.44	22	0	0	0	28
2597	0.46	23	0	0	0	27
2598	0.48	24	0	0	0	26
2599	0.50	25	0	0	0	25
2600	0.48	24	0	0	0	26
2601	0.50	25	0	0	0	25
2602	0.50	25	0	0	0	25
2603	0.52	26	0	0	0	24
2604	0.52	26	0	0	0	24
2605	0.54	27	0	0	0	23
2606	0.56	28	0	0	0	22
2607	0.56	28	0	0	0	22
2608	0.54	27	0	0	0	23
2609	0.54	27	0	0	0	23
2610	0.54	27	0	0	0	23
2611	0.54	27	0	1	0	22
2612	0.56	28	0	1	0	21
2613	0.58	29	0	1	0	20
2614	0.58	29	0	1	0	20
2615	0.60	30	0	1	0	19
2616	0.60	30	0	1	0	19
2617	0.62	31	0	1	0	18
2618	0.60	30	0	1	0	19
2619	0.60	30	0	1	0	19
2620	0.60	30	0	1	0	19
2621	0.60	30	0	1	0	19
2622	0.60	30	0	1	0	19
2623	0.60	30	0	2	0	18
2624	0.62	31	0	2	0	17
2625	0.64	32	0	2	0	16
2626	0.64	32	0	2	0	16
2627	0.62	31	0	2	0	17
2628	0.62	31	0	2	0	17
2629	0.62	31	0	2	0	17
2630	0.64	32	0	2	0	16
2631	0.64	32	0	2	0	16
2632	0.64	32	0	2	0	16
2633	0.66	33	0	2	0	15
2634	0.66	33	0	2	0	15
2635	0.66	33	0	2	0	15
2636	0.68	34	0	2	0	14
2637	0.68	34	0	2	0	14
2638	0.68	34	0	2	0	14
2639	0.68	34	1	2	0	13
2640	0.68	34	1	2	0	13
2641	0.70	35	1	2	0	12
2642	0.70	35	1	2	0	12
2643	0.72	36	1	2	0	11
2644	0.72	36	1	2	0	11
2645	0.74	37	1	2	0	10
2646	0.76	38	1	2	0	9
2647	0.76	38	1	2	0	9
2648	0.76	38	1	2	0	9
2649	0.76	38	1	2	0	9
2650	0.78	39	1	2	0	8
2651	0.76	38	1	2	0	9
2652	0.78	39	1	2	0	8
2653	0.78	39	1	2	0	8
2654	0.80	40	1	2	0	7
2655	0.78	39	1	3	0	7
2656	0.78	39	1	3	0	7
2657	0.78	39	1	3	0	7
2658	0.80	40	1	3	0	6
2659	0.80	40	1	3	0	6
2660	0.80	40	1	3	0	6
2661	0.82	41	1	2	0	6
2662	0.82	41	1	2	0	6
2663	0.82	41	1	2	0	6
2664	0.82	41	1	2	0	6
2665	0.82	41	1	2	0	6
2666	0.84	42	1	2	0	5
2667	0.84	42	1	2	0	5
2668	0.86	43	1	2	0	4
2669	0.86	43	1	2	0	4
2670	0.86	43	1	2	0	4
2671	0.88	44	1	2	0	3
2672	0.88	44	1	2	0	3
2673	0.90	45	1	1	0	3
2674	0.90	45	1	1	0	3
2675	0.90	45	1	1	0	3
2676	0.90	45	1	1	0	3
2677	0.92	46	1	1	0	2
2678	0.94	47	1	1	0	1
2679	0.94	47	1	1	0	1
2680	0.94	47	1	1	0	1
2681	0.94	47	1	1	0	1
2682	0.94	47	1	1	0	1
2683	0.94	47	1	1	0	1
2684	0.94	47	1	1	0	1
2685	0.94	47	1	1	0	1
2686	0.94	47	1	1	0	1
2687	0.94	47	1	1	0	1
2688	0.94	47	1	1	0	1
2689	0.96	48	0	1	0	1
2690	0.96	48	0	1	0	1
2691	0.96	48	0	1	0	1
2692	0.96	48	0	1	0	1
2693	0.96	48	0	1	0	1
2694	0.96	48	0	1	0	1
2695	0.96	48	0	1	0	1
2696	0.96	48	0	1	0	1
2697	0.96	48	0	1	0	1
2698	0.96	48	0	1	0	1
2699	0.96	48	0	1	0	1
2700	0.96	48	0	1	0	1
2701	0.98	49	0	1	0	0
2702	0.98	49	0	1	0	0
2703	0.98	49	0	1	0	0
2704	0.98	49	0	1	0	0
2705	1.00	50	0	0	0	0
2706	1.00	50	0	0	0	0
2707	1.00	50	0	0	0	0
2708	1.00	50	0	0	0	0
2709	1.00	50	0	0	0	0
2710	1.00	50	0	0	0	0
2711	1.00	50	0	0	0	0
2712	1.00	50	0	0	0	0
2713	1.00	50	0	0	0	0
2714	1.00	50	0	0	0	0
2715	1.00	50	0	0	0	0
2716	1.00	50	0	0	0	0
2717	1.00	50	0	0	0	0
2718	1.00	50	0	0	0	0
2719	1.00	50	0	0	0	0
2720	1.00	50	0	0	0	0
2721	1.00	50	0	0	0	0
2722	1.00	50	0	0	0	0
2723	1.00	50	0	0	0	0
2724	1.00	50	0	0	0	0
2725	1.00	50	0	0	0	0
2726	1.00	50	0	0	0	0
2727	1.00	50	0	0	0	0
2728	1.00	50	0	0	0	0
2729	1.00	50	0	0	0	0
2730	1.00	50	0	0	0	0
2731	1.00	50	0	0	0	0
2732	1.00	50	0	0	0	0
2733	1.00	50	0	0	0	0
2734	1.00	50	0	0	0	0
2735	1.00	50	0	0	0	0
2736	1.00	50	0	0	0	0
2737	1.00	50	0	0	0	0
2738	1.00	50	0	0	0	0
2739	1.00	50	0	0	0	0
2740	1.00	50	0	0	0	0
2741	1.00	50	0	0	0	0
2742	1.00	50	0	0	0	0
2743	1.00	50	0	0	0	0
2744	1.00	50	0	0	0	0
2745	1.00	50	0	0	0	0
2746	1.00	50	0	0	0	0
2747	1.00	50	0	0	0	0
2748	1.00	50	0	0	0	0
2749	1.00	50	0	0	0	0
2750	1.00	50	0	0	0	0
2751	1.00	50	0	0	0	0
2752	1.00	50	0	0	0	0
2753	1.00	50	0	0	0	0
2754	1.00	50	0	0	0	0
2755	1.00	50	0	0	0	0
2756	1.00	50	0	0	0	0
2757	1.00	50	0	0	0	0
2758	1.00	50	0	0	0	0
2759	1.00	50	0	0	0	0
2760	1.00	50	0	0	0	0
2761	1.00	50	0	0	0	0
2762	1.00	50	0	0	0	0
2763	1.00	50	0	0	0	0
2764	1.00	50	0	0	0	0
2765	1.00	50	0	0	0	0
2766	1.00	50	0	0	0	0
2767	1.00	50	0	0	0	0
2768	1.00	50	0	0	0	0
2769	1.00	50	0	0	0	0
2770	1.00	50	0	0	0	0
2771	1.00	50	0	0	0	0
2772	1.00	50	0	0	0	0
2773	1.00	50	0	0	0	0
2774	1.00	50	0	0	0	0
2775	1.00	50	0	0	0	0
2776	1.00	50	0	0	0	0
2777	1.00	50	0	0	0	0
2778	1.00	50	0	0	0	0
2779	1.00	50	0	0	0	0
2780	1.00	50	0	0	0	0
2781	1.00	50	0	0	0	0
2782	1.00	50	0	0	0	0
2783	1.00	50	0	0	0	0
2784	1.00	50	0	0	0	0
2785	1.00	50	0	0	0	0
2786	1.00	50	0	0	0	0
2787	1.00	50	0	0	0	0
2788	1.00	50	0	0	0	0
2789	1.00	50	0	0	0	0
2790	1.00	50	0	0	0	0
2791	1.00	50	0	0	0	0
2792	1.00	50	0	0	0	0
2793	1.00	50	0	0	0	0
2794	1.00	50	0	0	0	0
2795	1.00	50	0	0	0	0
2796	1.00	50	0	0	0	0
2797	1.00	50	0	0	0	0
2798	1.00	50	0	0	0	0
2799	1.00	50	0	0	0	0
2800	1.00	50	0	0	0	0
2801	1.00	50	0	0	0	0
2802	1.00	50	0	0	0	0
2803	1.00	50	0	0	0	0
2804	1.00	50	0	0	0	0
2805	1.00	50	0	0	0	0
2806	1.00	50	0	0	0	0
2807	1.00	50	0	0	0	0
2808	0.98	49	1	0	0	0
2809	0.98	49	1	0	0	0
2810	0.98	49	1	0	0	0
2811	0.98	49	1	0	0	0
2812	0.98	49	1	0	0	0
2813	0.98	49	1	0	0	0
2814	0.98	49	1	0	0	0
2815	0.98	49	1	0	0	0
2816	0.98	49	1	0	0	0
2817	0.98	49	1	0	0	0
2818	0.98	49	1	0	0	0
2819	0.98	49	1	0	0	0
2820	0.98	49	1	0	0	0
2821	0.98	49	1	0	0	0
2822	0.98	49	1	0	0	0
2823	0.98	49	1	0	0	0
2824	0.98	49	1	0	0	0
2825	0.98	49	1	0	0	0
2826	0.98	49	1	0	0	0
2827	0.98	49	1	0	0	0
2828	0.98	49	1	0	0	0
2829	0.98	49	1	0	0	0
2830	0.98	49	1	0	0	0
2831	0.98	49	1	0	0	0
2832	0.98	49	1	0	0	0
2833	0.98	49	1	0	0	0
2834	0.98	49	1	0	0	0
2835	0.98	49	1	0	0	0
2836	0.98	49	1	0	0	0
2837	0.98	49	1	0	0	0
2838	0.98	49	1	0	0	0
2839	0.98	49	1	0	0	0
2840	0.98	49	1	0	0	0
2841	0.96	48	2	0	0	0
2842	0.96	48	2	0	0	0
2843	0.96	48	2	0	0	0
2844	0.96	48	2	0	0	0
2845	0.96	48	2	0	0	0
2846	0.96	48	2	0	0	0
2847	0.96	48	2	0	0	0
2848	0.96	48	2	0	0	0
2849	0.96	48	2	0	0	0
2850	0.96	48	2	0	0	0
2851	0.96	48	2	0	0	0
2852	0.96	48	2	0	0	0
2853	0.96	48	2	0	0	0
2854	0.96	48	2	0	0	0
2855	0.96	48	2	0	0	0
2856	0.96	48	2	0	0	0
2857	0.96	48	2	0	0	0
2858	0.98	49	1	0	0	0
2859	0.98	49	1	0	0	0
2860	0.98	49	1	0	0	0
2861	0.98	49	1	0	0	0
2862	0.98	49	1	0	0	0
2863	0.98	49	1	0	0	0
2864	0.98	49	1	0	0	0
2865	0.98	49	1	0	0	0
2866	0.98	49	1	0	0	0
2867	0.98	49	1	0	0	0
2868	0.98	49	1	0	0	0
2869	0.98	49	1	0	0	0
2870	0.98	49	1	0	0	0
2871	0.98	49	1	0	0	0
2872	0.98	49	1	0	0	0
2873	0.98	49	1	0	0	0
2874	0.98	49	1	0	0	0
2875	0.98	49	1	0	0	0
2876	0.98	49	1	0	0	0
2877	0.98	49	1	0	0	0
2878	0.98	49	1	0	0	0
2879	0.98	49	1	0	0	0
2880	0.98	49	1	0	0	0
2881	0.98	49	1	0	0	0
2882	0.98	49	1	0	0	0
2883	0.98	49	1	0	0	0
2884	0.98	49	1	0	0	0
2885	0.98	49	1	0	0	0
2886	0.98	49	1	0	0	0
2887	0.98	49	1	0	0	0
2888	0.98	49	1	0	0	0
2889	0.98	49	1	0	0	0
2890	0.98	49	1	0	0	0
2891	1.00	50	0	0	0	0
2892	1.00	50	0	0	0	0
2893	1.00	50	0	0	0	0
2894	1.00	50	0	0	0	0
2895	1.00	50	0	0	0	0
2896	1.00	50	0	0	0	0
2897	1.00	50	0	0	0	0
2898	1.00	50	0	0	0	0
2899	1.00	50	0	0	0	0
2900	1.00	50	0	0	0	0
2901	1.00	50	0	0	0	0
2902	1.00	50	0	0	0	0
2903	1.00	50	0	0	0	0
2904	1.00	50	0	0	0	0
2905	1.00	50	0	0	0	0
2906	1.00	50	0	0	0	0
2907	1.00	50	0	0	0	0
2908	1.00	50	0	0	0	0
2909	1.00	50	0	0	0	0
2910	1.00	50	0	0	0	0
2911	1.00	50	0	0	0	0
2912	1.00	50	0	0	0	0
2913	1.00	50	0	0	0	0
2914	1.00	50	0	0	0	0
2915	1.00	50	0	0	0	0
2916	1.00	50	0	0	0	0
2917	1.00	50	0	0	0	0
2918	1.00	50	0	0	0	0
2919	1.00	50	0	0	0	0
2920	1.00	50	0	0	0	0
2921	1.00	50	0	0	0	0
2922	1.00	50	0	0	0	0
2923	1.00	50	0	0	0	0
2924	1.00	50	0	0	0	0
2925	1.00	50	0	0	0	0
2926	1.00	50	0	0	0	0
2927	1.00	50	0	0	0	0
2928	1.00	50	0	0	0	0
2929	1.00	50	0	0	0	0
2930	1.00	50	0	0	0	0
2931	1.00	50	0	0	0	0
2932	1.00	50	0	0	0	0
2933	1.00	50	0	0	0	0
2934	1.00	50	0	0	0	0
2935	1.00	50	0	0	0	0
2936	1.00	50	0	0	0	0
2937	1.00	50	0	0	0	0
2938	1.00	50	0	0	0	0
2939	1.00	50	0	0	0	0
2940	1.00	50	0	0	0	0
2941	1.00	50	0	0	0	0
2942	0.98	49	0	1	0	0
2943	0.98	49	0	1	0	0
2944	0.98	49	0	1	0	0
2945	0.98	49	0	1	0	0
2946	0.98	49	0	1	0	0
2947	0.98	49	0	1	0	0
2948	0.98	49	0	1	0	0
2949	0.98	49	0	1	0	0
2950	0.98	49	0	1	0	0
2951	0.98	49	0	1	0	0
2952	0.98	49	0	1	0	0
2953	0.98	49	0	1	0	0
2954	0.98	49	0	1	0	0
2955	0.98	49	0	1	0	0
2956	0.98	49	0	1	0	0
2957	0.98	49	0	1	0	0
2958	0.98	49	0	1	0	0
2959	0.98	49	0	1	0	0
2960	0.98	49	0	1	0	0
2961	0.98	49	0	1	0	0
2962	0.98	49	0	1	0	0
2963	0.98	49	0	1	0	0
2964	0.98	49	0	1	0	0
2965	0.98	49	0	1	0	0
2966	0.98	49	0	1	0	0
2967	0.98	49	0	1	0	0
2968	0.98	49	0	1	0	0
2969	0.98	49	0	1	0	0
2970	0.98	49	0	1	0	0
2971	0.98	49	0	1	0	0
2972	0.98	49	0	1	0	0
2973	0.98	49	0	1	0	0
2974	0.98	49	0	1	0	0
2975	0.98	49	0	1	0	0
2976	0.98	49	0	1	0	0
2977	0.98	49	0	1	0	0
2978	0.98	49	0	1	0	0
2979	0.98	49	0	1	0	0
2980	0.98	49	0	1	0	0
2981	0.98	49	0	1	0	0
2982	0.98	49	0	1	0	0
2983	0.98	49	0	1	0	0
2984	0.98	49	0	1	0	0
2985	0.98	49	0	1	0	0
2986	0.98	49	0	1	0	0
2987	0.96	48	0	1	1	0
2988	0.96	48	0	1	1	0
2989	0.96	48	0	1	1	0
2990	0.96	48	0	1	1	0
2991	0.96	48	0	1	1	0
2992	0.98	49	0	0	1	0
2993	0.98	49	0	0	1	0
2994	0.98	49	0	0	1	0
2995	0.98	49	0	0	1	0
2996	0.98	49	0	0	1	0
2997	0.98	49	0	0	1	0
2998	0.98	49	0	0	1	0
2999	0.96	48	0	0	2	0
