timestep	swarm_quality	color_0	color_1	color_2	color_3	color_4
0	0.70	35	6	6	0	3
1	0.70	35	6	6	0	3
2	0.70	35	6	6	0	3
3	0.70	35	6	6	0	3
4	0.70	35	6	6	0	3
5	0.70	35	6	6	0	3
6	0.70	35	6	6	0	3
7	0.70	35	6	6	0	3
8	0.70	35	6	6	0	3
9	0.70	35	6	6	0	3
10	0.70	35	6	6	0	3
11	0.70	35	6	6	0	3
12	0.70	35	6	6	0	3
13	0.70	35	6	6	0	3
14	0.70	35	6	6	0	3
15	0.70	35	6	6	0	3
16	0.70	35	6	6	0	3
17	0.70	35	6	6	0	3
18	0.70	35	6	6	0	3
19	0.68	34	6	6	0	4
20	0.68	34	6	6	0	4
21	0.68	34	6	6	0	4
22	0.68	34	6	6	0	4
23	0.68	34	6	6	0	4
24	0.68	34	6	6	0	4
25	0.68	34	6	6	0	4
26	0.68	34	6	6	0	4
27	0.68	34	6	6	0	4
28	0.68	34	6	6	0	4
29	0.68	34	6	6	0	4
30	0.68	34	6	6	0	4
31	0.68	34	6	6	0	4
32	0.68	34	6	6	0	4
33	0.66	33	7	6	0	4
34	0.66	33	7	6	0	4
35	0.68	34	6	6	0	4
36	0.70	35	6	5	0	4
37	0.70	35	6	5	0	4
38	0.72	36	6	4	0	4
39	0.74	37	5	4	0	4
40	0.76	38	5	4	0	3
41	0.78	39	4	4	0	3
42	0.80	40	4	3	0	3
43	0.82	41	4	3	0	2
44	0.84	42	4	2	0	2
45	0.86	43	3	2	0	2
46	0.88	44	3	2	0	1
47	0.90	45	3	1	0	1
48	0.92	46	3	0	0	1
49	0.94	47	2	0	0	1
50	0.94	47	2	0	0	1
51	0.94	47	2	0	0	1
52	0.94	47	2	0	0	1
53	0.94	47	2	0	0	1
54	0.94	47	2	0	0	1
55	0.94	47	2	0	0	1
56	0.94	47	2	0	0	1
57	0.94	47	2	0	0	1
58	0.94	47	2	0	0	1
59	0.94	47	2	0	0	1
60	0.92	46	3	0	0	1
61	0.92	46	3	0	0	1
62	0.92	46	3	0	0	1
63	0.92	46	3	0	0	1
64	0.92	46	3	0	0	1
65	0.92	46	3	0	0	1
66	0.92	46	3	0	0	1
67	0.92	46	3	0	0	1
68	0.92	46	3	0	0	1
69	0.94	47	3	0	0	0
70	0.94	47	3	0	0	0
71	0.94	47	3	0	0	0
72	0.94	47	3	0	0	0
73	0.94	47	3	0	0	0
74	0.94	47	3	0	0	0
75	0.94	47	3	0	0	0
76	0.94	47	3	0	0	0
77	0.94	47	3	0	0	0
78	0.94	47	3	0	0	0
79	0.94	47	3	0	0	0
80	0.94	47	3	0	0	0
81	0.94	47	3	0	0	0
82	0.94	47	3	0	0	0
83	0.96	48	2	0	0	0
84	0.96	48	2	0	0	0
85	0.96	48	2	0	0	0
86	0.96	48	2	0	0	0
87	0.98	49	1	0	0	0
88	0.98	49	1	0	0	0
89	0.96	48	1	0	0	1
90	0.96	48	1	0	0	1
91	0.96	48	1	0	0	1
92	0.96	48	1	0	0	1
93	0.96	48	1	0	0	1
94	0.96	48	1	0	0	1
95	0.96	48	1	0	0	1
96	0.96	48	1	0	0	1
97	0.96	48	1	0	0	1
98	0.96	48	1	0	0	1
99	0.96	48	1	0	0	1
100	0.96	48	1	0	0	1
101	0.96	48	1	0	0	1
102	0.96	48	1	0	0	1
103	0.96	48	1	0	0	1
104	0.96	48	1	0	0	1
105	0.96	48	1	0	0	1
106	0.96	48	1	0	0	1
107	0.96	48	1	0	0	1
108	0.96	48	1	0	0	1
109	0.96	48	1	0	0	1
110	0.98	49	0	0	0	1
111	0.98	49	0	0	0	1
112	0.98	49	0	0	0	1
113	0.98	49	0	0	0	1
114	0.98	49	0	0	0	1
115	0.98	49	0	0	0	1
116	0.98	49	0	0	0	1
117	0.98	49	0	0	0	1
118	0.96	48	0	0	1	1
119	0.96	48	0	0	1	1
120	0.94	47	0	1	1	1
121	0.94	47	0	1	1	1
122	0.94	47	0	1	1	1
123	0.94	47	0	1	1	1
124	0.94	47	0	1	1	1
125	0.94	47	0	1	1	1
126	0.94	47	0	1	1	1
127	0.94	47	0	1	1	1
128	0.94	47	0	1	1	1
129	0.94	47	0	1	1	1
130	0.94	47	0	1	1	1
131	0.94	47	0	1	1	1
132	0.94	47	0	1	1	1
133	0.94	47	0	1	1	1
134	0.94	47	0	1	1	1
135	0.94	47	0	1	1	1
136	0.94	47	0	1	1	1
137	0.94	47	0	1	1	1
138	0.94	47	0	1	1	1
139	0.96	48	0	1	1	0
140	0.96	48	0	1	1	0
141	0.96	48	0	1	1	0
142	0.96	48	0	1	1	0
143	0.96	48	0	1	1	0
144	0.96	48	0	1	1	0
145	0.96	48	0	1	1	0
146	0.96	48	0	1	1	0
147	0.96	48	0	1	1	0
148	0.96	48	0	1	1	0
149	0.96	48	0	1	1	0
150	0.96	48	0	1	1	0
151	0.96	48	0	1	1	0
152	0.96	48	0	1	1	0
153	0.96	48	0	1	1	0
154	0.96	48	0	1	1	0
155	0.96	48	0	1	1	0
156	0.96	48	0	1	1	0
157	0.96	48	0	1	1	0
158	0.96	48	0	1	1	0
159	0.96	48	0	1	1	0
160	0.96	48	0	1	1	0
161	0.96	48	0	1	1	0
162	0.96	48	0	1	1	0
163	0.96	48	0	1	1	0
164	0.96	48	0	1	1	0
165	0.96	48	0	1	1	0
166	0.96	48	0	1	1	0
167	0.96	48	0	1	1	0
168	0.98	49	0	1	0	0
169	0.98	49	0	1	0	0
170	1.00	50	0	0	0	0
171	1.00	50	0	0	0	0
172	1.00	50	0	0	0	0
173	1.00	50	0	0	0	0
174	1.00	50	0	0	0	0
175	1.00	50	0	0	0	0
176	1.00	50	0	0	0	0
177	1.00	50	0	0	0	0
178	1.00	50	0	0	0	0
179	1.00	50	0	0	0	0
180	1.00	50	0	0	0	0
181	1.00	50	0	0	0	0
182	1.00	50	0	0	0	0
183	1.00	50	0	0	0	0
184	0.98	49	0	0	1	0
185	0.98	49	0	0	1	0
186	0.98	49	0	0	1	0
187	0.98	49	0	0	1	0
188	0.98	49	0	0	1	0
189	0.98	49	0	0	1	0
190	0.98	49	0	0	1	0
191	0.98	49	0	0	1	0
192	0.98	49	0	0	1	0
193	0.98	49	0	0	1	0
194	0.98	49	0	0	1	0
195	0.98	49	0	0	1	0
196	0.98	49	0	0	1	0
197	0.98	49	0	0	1	0
198	0.98	49	0	0	1	0
199	0.98	49	0	0	1	0
200	0.98	49	0	0	1	0
201	0.98	49	0	0	1	0
202	0.98	49	0	0	1	0
203	0.98	49	0	0	1	0
204	0.98	49	0	0	1	0
205	0.98	49	0	0	1	0
206	0.98	49	0	0	1	0
207	0.98	49	0	0	1	0
208	0.98	49	0	0	1	0
209	0.98	49	0	0	1	0
210	0.98	49	0	0	1	0
211	0.98	49	0	0	1	0
212	0.98	49	0	0	1	0
213	0.98	49	0	0	1	0
214	0.98	49	0	0	1	0
215	0.98	49	0	0	1	0
216	0.98	49	0	0	1	0
217	0.98	49	0	0	1	0
218	0.98	49	0	0	1	0
219	0.98	49	0	0	1	0
220	0.98	49	0	0	1	0
221	0.98	49	0	0	1	0
222	0.98	49	0	0	1	0
223	0.98	49	0	0	1	0
224	0.98	49	0	0	1	0
225	0.98	49	0	0	1	0
226	0.98	49	0	0	1	0
227	0.98	49	0	0	1	0
228	0.98	49	0	0	1	0
229	0.98	49	0	0	1	0
230	0.98	49	0	0	1	0
231	0.98	49	0	0	1	0
232	0.98	49	0	0	1	0
233	0.98	49	0	0	1	0
234	1.00	50	0	0	0	0
235	1.00	50	0	0	0	0
236	1.00	50	0	0	0	0
237	1.00	50	0	0	0	0
238	1.00	50	0	0	0	0
239	1.00	50	0	0	0	0
240	1.00	50	0	0	0	0
241	1.00	50	0	0	0	0
242	1.00	50	0	0	0	0
243	1.00	50	0	0	0	0
244	1.00	50	0	0	0	0
245	1.00	50	0	0	0	0
246	1.00	50	0	0	0	0
247	1.00	50	0	0	0	0
248	1.00	50	0	0	0	0
249	1.00	50	0	0	0	0
250	1.00	50	0	0	0	0
251	1.00	50	0	0	0	0
252	1.00	50	0	0	0	0
253	1.00	50	0	0	0	0
254	1.00	50	0	0	0	0
255	1.00	50	0	0	0	0
256	1.00	50	0	0	0	0
257	1.00	50	0	0	0	0
258	1.00	50	0	0	0	0
259	1.00	50	0	0	0	0
260	1.00	50	0	0	0	0
261	1.00	50	0	0	0	0
262	1.00	50	0	0	0	0
263	1.00	50	0	0	0	0
264	1.00	50	0	0	0	0
265	1.00	50	0	0	0	0
266	1.00	50	0	0	0	0
267	1.00	50	0	0	0	0
268	1.00	50	0	0	0	0
269	1.00	50	0	0	0	0
270	1.00	50	0	0	0	0
271	1.00	50	0	0	0	0
272	1.00	50	0	0	0	0
273	1.00	50	0	0	0	0
274	1.00	50	0	0	0	0
275	1.00	50	0	0	0	0
276	1.00	50	0	0	0	0
277	1.00	50	0	0	0	0
278	1.00	50	0	0	0	0
279	1.00	50	0	0	0	0
280	1.00	50	0	0	0	0
281	1.00	50	0	0	0	0
282	1.00	50	0	0	0	0
283	1.00	50	0	0	0	0
284	1.00	50	0	0	0	0
285	1.00	50	0	0	0	0
286	1.00	50	0	0	0	0
287	1.00	50	0	0	0	0
288	1.00	50	0	0	0	0
289	1.00	50	0	0	0	0
290	1.00	50	0	0	0	0
291	1.00	50	0	0	0	0
292	1.00	50	0	0	0	0
293	1.00	50	0	0	0	0
294	1.00	50	0	0	0	0
295	1.00	50	0	0	0	0
296	1.00	50	0	0	0	0
297	1.00	50	0	0	0	0
298	1.00	50	0	0	0	0
299	1.00	50	0	0	0	0
300	1.00	50	0	0	0	0
301	1.00	50	0	0	0	0
302	1.00	50	0	0	0	0
303	1.00	50	0	0	0	0
304	1.00	50	0	0	0	0
305	1.00	50	0	0	0	0
306	1.00	50	0	0	0	0
307	1.00	50	0	0	0	0
308	1.00	50	0	0	0	0
309	1.00	50	0	0	0	0
310	1.00	50	0	0	0	0
311	1.00	50	0	0	0	0
312	1.00	50	0	0	0	0
313	1.00	50	0	0	0	0
314	1.00	50	0	0	0	0
315	1.00	50	0	0	0	0
316	1.00	50	0	0	0	0
317	1.00	50	0	0	0	0
318	1.00	50	0	0	0	0
319	1.00	50	0	0	0	0
320	1.00	50	0	0	0	0
321	1.00	50	0	0	0	0
322	1.00	50	0	0	0	0
323	1.00	50	0	0	0	0
324	1.00	50	0	0	0	0
325	1.00	50	0	0	0	0
326	1.00	50	0	0	0	0
327	1.00	50	0	0	0	0
328	1.00	50	0	0	0	0
329	1.00	50	0	0	0	0
330	1.00	50	0	0	0	0
331	1.00	50	0	0	0	0
332	1.00	50	0	0	0	0
333	1.00	50	0	0	0	0
334	1.00	50	0	0	0	0
335	1.00	50	0	0	0	0
336	1.00	50	0	0	0	0
337	1.00	50	0	0	0	0
338	1.00	50	0	0	0	0
339	1.00	50	0	0	0	0
340	1.00	50	0	0	0	0
341	1.00	50	0	0	0	0
342	1.00	50	0	0	0	0
343	1.00	50	0	0	0	0
344	1.00	50	0	0	0	0
345	1.00	50	0	0	0	0
346	1.00	50	0	0	0	0
347	1.00	50	0	0	0	0
348	1.00	50	0	0	0	0
349	1.00	50	0	0	0	0
350	1.00	50	0	0	0	0
351	1.00	50	0	0	0	0
352	1.00	50	0	0	0	0
353	1.00	50	0	0	0	0
354	1.00	50	0	0	0	0
355	1.00	50	0	0	0	0
356	1.00	50	0	0	0	0
357	1.00	50	0	0	0	0
358	1.00	50	0	0	0	0
359	0.98	49	0	1	0	0
360	0.98	49	0	1	0	0
361	0.98	49	0	1	0	0
362	0.98	49	0	1	0	0
363	0.98	49	0	1	0	0
364	0.98	49	0	1	0	0
365	0.98	49	0	1	0	0
366	0.98	49	0	1	0	0
367	0.98	49	0	1	0	0
368	0.98	49	0	1	0	0
369	0.98	49	0	1	0	0
370	0.98	49	0	1	0	0
371	0.98	49	0	1	0	0
372	0.98	49	0	1	0	0
373	0.98	49	0	1	0	0
374	0.98	49	0	1	0	0
375	0.98	49	0	1	0	0
376	0.98	49	0	1	0	0
377	0.98	49	0	1	0	0
378	0.98	49	0	1	0	0
379	0.98	49	0	1	0	0
380	0.98	49	0	1	0	0
381	0.98	49	0	1	0	0
382	0.98	49	0	1	0	0
383	0.98	49	0	1	0	0
384	0.98	49	0	1	0	0
385	0.98	49	0	1	0	0
386	0.98	49	0	1	0	0
387	0.98	49	0	1	0	0
388	0.98	49	0	1	0	0
389	0.98	49	0	1	0	0
390	0.98	49	0	1	0	0
391	0.98	49	0	1	0	0
392	0.98	49	0	1	0	0
393	0.98	49	0	1	0	0
394	0.98	49	0	1	0	0
395	0.98	49	0	1	0	0
396	0.98	49	0	1	0	0
397	0.98	49	0	1	0	0
398	0.98	49	0	1	0	0
399	0.98	49	0	1	0	0
400	0.98	49	0	1	0	0
401	0.98	49	0	1	0	0
402	0.98	49	0	1	0	0
403	0.98	49	0	1	0	0
404	0.98	49	0	1	0	0
405	0.98	49	0	1	0	0
406	0.98	49	0	1	0	0
407	0.98	49	0	1	0	0
408	0.98	49	0	1	0	0
409	1.00	50	0	0	0	0
410	1.00	50	0	0	0	0
411	1.00	50	0	0	0	0
412	1.00	50	0	0	0	0
413	1.00	50	0	0	0	0
414	1.00	50	0	0	0	0
415	1.00	50	0	0	0	0
416	1.00	50	0	0	0	0
417	1.00	50	0	0	0	0
418	1.00	50	0	0	0	0
419	1.00	50	0	0	0	0
420	1.00	50	0	0	0	0
421	1.00	50	0	0	0	0
422	1.00	50	0	0	0	0
423	1.00	50	0	0	0	0
424	1.00	50	0	0	0	0
425	1.00	50	0	0	0	0
426	1.00	50	0	0	0	0
427	1.00	50	0	0	0	0
428	1.00	50	0	0	0	0
429	0.98	49	0	1	0	0
430	0.98	49	0	1	0	0
431	0.96	48	0	1	0	1
432	0.96	48	0	1	0	1
433	0.96	48	0	1	0	1
434	0.96	48	0	1	0	1
435	0.96	48	0	1	0	1
436	0.96	48	0	1	0	1
437	0.96	48	0	1	0	1
438	0.96	48	0	1	0	1
439	0.96	48	0	1	0	1
440	0.96	48	0	1	0	1
441	0.96	48	0	1	0	1
442	0.96	48	0	1	0	1
443	0.96	48	0	1	0	1
444	0.96	48	0	1	0	1
445	0.96	48	0	1	0	1
446	0.96	48	0	1	0	1
447	0.96	48	0	1	0	1
448	0.96	48	0	1	0	1
449	0.96	48	0	1	0	1
450	0.96	48	0	1	0	1
451	0.96	48	0	1	0	1
452	0.96	48	0	1	0	1
453	0.96	48	0	1	0	1
454	0.96	48	0	1	0	1
455	0.96	48	0	1	0	1
456	0.96	48	0	1	0	1
457	0.96	48	0	1	0	1
458	0.96	48	0	1	0	1
459	0.96	48	0	1	0	1
460	0.96	48	0	1	0	1
461	0.96	48	0	1	0	1
462	0.96	48	0	1	0	1
463	0.96	48	0	1	0	1
464	0.96	48	0	1	0	1
465	0.96	48	0	1	0	1
466	0.96	48	0	1	0	1
467	0.96	48	0	1	0	1
468	0.96	48	0	1	0	1
469	0.96	48	0	1	0	1
470	0.96	48	0	1	0	1
471	0.96	48	0	1	0	1
472	0.96	48	0	1	0	1
473	0.96	48	0	1	0	1
474	0.96	48	0	1	0	1
475	0.96	48	0	1	0	1
476	0.96	48	0	1	0	1
477	0.96	48	0	1	0	1
478	0.96	48	0	1	0	1
479	0.96	48	0	0	0	2
480	0.96	48	0	0	0	2
481	0.98	49	0	0	0	1
482	0.98	49	0	0	0	1
483	0.98	49	0	0	0	1
484	0.98	49	0	0	0	1
485	0.98	49	0	0	0	1
486	0.98	49	0	0	0	1
487	0.98	49	0	0	0	1
488	0.98	49	0	0	0	1
489	0.98	49	0	0	0	1
490	0.98	49	0	0	0	1
491	0.98	49	0	0	0	1
492	0.98	49	0	0	0	1
493	0.98	49	0	0	0	1
494	0.98	49	0	0	0	1
495	0.98	49	0	0	0	1
496	0.98	49	0	0	0	1
497	0.98	49	0	0	0	1
498	0.98	49	0	0	0	1
499	0.98	49	0	0	0	1
500	0.00	49	0	0	0	1
501	0.00	49	0	0	0	1
502	0.00	49	0	0	0	1
503	0.00	49	0	0	0	1
504	0.00	49	0	0	0	1
505	0.00	49	0	0	0	1
506	0.00	49	0	0	0	1
507	0.00	49	0	0	0	1
508	0.00	49	0	0	0	1
509	0.00	49	0	0	0	1
510	0.00	49	0	0	0	1
511	0.00	49	0	0	0	1
512	0.00	49	0	0	0	1
513	0.00	49	0	0	0	1
514	0.00	49	0	0	0	1
515	0.00	49	0	0	0	1
516	0.00	49	0	0	0	1
517	0.00	49	0	0	0	1
518	0.02	48	1	0	0	1
519	0.02	48	1	0	0	1
520	0.04	47	2	0	0	1
521	0.04	47	2	0	0	1
522	0.06	46	3	0	0	1
523	0.06	46	3	0	0	1
524	0.06	46	3	0	0	1
525	0.08	45	4	0	0	1
526	0.10	44	5	0	0	1
527	0.12	43	6	0	0	1
528	0.12	43	6	0	0	1
529	0.12	44	6	0	0	0
530	0.12	44	6	0	0	0
531	0.12	44	6	0	0	0
532	0.12	44	6	0	0	0
533	0.12	44	6	0	0	0
534	0.14	43	7	0	0	0
535	0.14	43	7	0	0	0
536	0.14	43	7	0	0	0
537	0.14	43	7	0	0	0
538	0.16	42	8	0	0	0
539	0.16	42	8	0	0	0
540	0.18	41	9	0	0	0
541	0.18	41	9	0	0	0
542	0.18	41	9	0	0	0
543	0.20	40	10	0	0	0
544	0.20	40	10	0	0	0
545	0.20	40	10	0	0	0
546	0.20	40	10	0	0	0
547	0.20	40	10	0	0	0
548	0.22	39	11	0	0	0
549	0.24	38	12	0	0	0
550	0.24	38	12	0	0	0
551	0.24	38	12	0	0	0
552	0.24	38	12	0	0	0
553	0.26	37	13	0	0	0
554	0.26	37	13	0	0	0
555	0.28	36	14	0	0	0
556	0.28	36	14	0	0	0
557	0.30	35	15	0	0	0
558	0.30	35	15	0	0	0
559	0.32	34	16	0	0	0
560	0.32	34	16	0	0	0
561	0.32	34	16	0	0	0
562	0.32	34	16	0	0	0
563	0.34	33	17	0	0	0
564	0.34	33	17	0	0	0
565	0.34	33	17	0	0	0
566	0.34	33	17	0	0	0
567	0.36	32	18	0	0	0
568	0.36	32	18	0	0	0
569	0.38	31	19	0	0	0
570	0.36	32	18	0	0	0
571	0.36	32	18	0	0	0
572	0.36	32	18	0	0	0
573	0.36	32	18	0	0	0
574	0.38	31	19	0	0	0
575	0.38	31	19	0	0	0
576	0.38	31	19	0	0	0
577	0.36	32	18	0	0	0
578	0.38	31	19	0	0	0
579	0.40	30	20	0	0	0
580	0.42	29	21	0	0	0
581	0.42	28	21	0	1	0
582	0.42	27	21	1	1	0
583	0.44	26	22	1	1	0
584	0.44	26	22	1	1	0
585	0.44	26	22	1	1	0
586	0.46	25	23	1	1	0
587	0.48	24	24	1	1	0
588	0.48	24	24	1	1	0
589	0.50	23	25	1	1	0
590	0.50	23	25	1	1	0
591	0.52	22	26	1	1	0
592	0.54	21	27	1	1	0
593	0.54	21	27	1	1	0
594	0.56	20	28	1	1	0
595	0.56	19	28	2	1	0
596	0.58	18	29	2	1	0
597	0.60	17	30	2	1	0
598	0.60	17	30	2	1	0
599	0.60	17	30	2	1	0
600	0.62	16	31	2	1	0
601	0.64	15	32	2	1	0
602	0.66	14	33	2	1	0
603	0.66	14	33	2	1	0
604	0.68	13	34	2	1	0
605	0.68	13	34	2	1	0
606	0.70	12	35	2	1	0
607	0.70	12	35	2	1	0
608	0.72	11	36	2	1	0
609	0.72	11	36	2	1	0
610	0.74	10	37	2	1	0
611	0.76	9	38	2	1	0
612	0.78	8	39	2	1	0
613	0.78	8	39	2	1	0
614	0.80	7	40	2	1	0
615	0.82	6	41	2	1	0
616	0.82	6	41	2	1	0
617	0.82	6	41	2	1	0
618	0.82	6	41	2	1	0
619	0.82	6	41	2	1	0
620	0.84	5	42	2	1	0
621	0.86	4	43	2	1	0
622	0.86	4	43	2	1	0
623	0.88	3	44	2	1	0
624	0.88	3	44	2	1	0
625	0.88	3	44	2	1	0
626	0.88	3	44	2	1	0
627	0.90	2	45	2	1	0
628	0.90	2	45	2	1	0
629	0.90	2	45	2	1	0
630	0.90	2	45	2	1	0
631	0.92	2	46	2	0	0
632	0.94	2	47	1	0	0
633	0.94	2	47	1	0	0
634	0.94	2	47	1	0	0
635	0.96	1	48	1	0	0
636	0.96	1	48	1	0	0
637	0.96	1	48	1	0	0
638	0.96	1	48	1	0	0
639	0.96	1	48	1	0	0
640	0.96	1	48	1	0	0
641	0.96	1	48	1	0	0
642	0.96	1	48	1	0	0
643	0.96	1	48	1	0	0
644	0.96	1	48	1	0	0
645	0.98	1	49	0	0	0
646	0.98	1	49	0	0	0
647	0.98	1	49	0	0	0
648	0.98	1	49	0	0	0
649	0.98	1	49	0	0	0
650	0.98	1	49	0	0	0
651	0.98	1	49	0	0	0
652	0.98	1	49	0	0	0
653	0.98	1	49	0	0	0
654	0.98	1	49	0	0	0
655	0.98	1	49	0	0	0
656	0.98	1	49	0	0	0
657	0.98	1	49	0	0	0
658	0.98	1	49	0	0	0
659	0.98	1	49	0	0	0
660	0.98	1	49	0	0	0
661	0.98	1	49	0	0	0
662	0.98	1	49	0	0	0
663	0.98	1	49	0	0	0
664	0.98	1	49	0	0	0
665	0.98	1	49	0	0	0
666	1.00	0	50	0	0	0
667	1.00	0	50	0	0	0
668	1.00	0	50	0	0	0
669	1.00	0	50	0	0	0
670	1.00	0	50	0	0	0
671	1.00	0	50	0	0	0
672	1.00	0	50	0	0	0
673	1.00	0	50	0	0	0
674	1.00	0	50	0	0	0
675	1.00	0	50	0	0	0
676	1.00	0	50	0	0	0
677	1.00	0	50	0	0	0
678	1.00	0	50	0	0	0
679	1.00	0	50	0	0	0
680	1.00	0	50	0	0	0
681	1.00	0	50	0	0	0
682	1.00	0	50	0	0	0
683	1.00	0	50	0	0	0
684	1.00	0	50	0	0	0
685	1.00	0	50	0	0	0
686	1.00	0	50	0	0	0
687	0.98	1	49	0	0	0
688	0.98	1	49	0	0	0
689	0.98	1	49	0	0	0
690	0.98	1	49	0	0	0
691	0.98	1	49	0	0	0
692	0.98	1	49	0	0	0
693	0.98	1	49	0	0	0
694	0.98	1	49	0	0	0
695	0.96	1	48	0	0	1
696	0.96	1	48	0	0	1
697	0.96	1	48	0	0	1
698	0.96	1	48	0	0	1
699	0.96	1	48	0	0	1
700	0.96	1	48	0	0	1
701	0.96	1	48	0	0	1
702	0.96	1	48	0	0	1
703	0.96	1	48	0	0	1
704	0.96	1	48	0	0	1
705	0.96	1	48	0	0	1
706	0.96	1	48	0	0	1
707	0.96	1	48	0	0	1
708	0.96	1	48	0	0	1
709	0.96	1	48	0	0	1
710	0.96	1	48	0	0	1
711	0.96	1	48	0	0	1
712	0.96	1	48	0	0	1
713	0.96	1	48	0	0	1
714	0.96	1	48	0	0	1
715	0.96	1	48	0	0	1
716	0.96	1	48	0	0	1
717	0.96	1	48	0	0	1
718	0.96	1	48	0	0	1
719	0.96	1	48	0	0	1
720	0.96	1	48	0	0	1
721	0.96	1	48	0	0	1
722	0.96	1	48	0	0	1
723	0.96	1	48	0	0	1
724	0.96	1	48	0	0	1
725	0.96	1	48	0	0	1
726	0.96	1	48	0	0	1
727	0.96	1	48	0	0	1
728	0.96	1	48	0	0	1
729	0.96	1	48	0	0	1
730	0.96	1	48	0	0	1
731	0.96	1	48	0	0	1
732	0.96	1	48	0	0	1
733	0.96	1	48	0	0	1
734	0.96	1	48	0	0	1
735	0.96	1	48	0	0	1
736	0.96	1	48	0	0	1
737	0.96	0	48	1	0	1
738	0.96	0	48	1	0	1
739	0.96	0	48	1	0	1
740	0.96	0	48	1	0	1
741	0.96	0	48	1	0	1
742	0.96	0	48	1	0	1
743	0.96	0	48	1	0	1
744	0.96	0	48	1	0	1
745	0.98	0	49	1	0	0
746	0.98	0	49	1	0	0
747	0.98	0	49	1	0	0
748	0.98	0	49	1	0	0
749	0.98	0	49	1	0	0
750	0.98	0	49	1	0	0
751	0.98	0	49	1	0	0
752	0.98	0	49	1	0	0
753	0.98	0	49	1	0	0
754	0.98	0	49	1	0	0
755	0.98	0	49	1	0	0
756	0.98	0	49	1	0	0
757	0.98	0	49	1	0	0
758	0.98	0	49	1	0	0
759	0.98	0	49	1	0	0
760	0.98	0	49	1	0	0
761	0.98	0	49	1	0	0
762	0.98	0	49	1	0	0
763	0.98	0	49	1	0	0
764	0.98	0	49	1	0	0
765	0.98	0	49	1	0	0
766	0.98	0	49	1	0	0
767	0.98	0	49	1	0	0
768	0.98	0	49	1	0	0
769	0.98	0	49	1	0	0
770	0.98	0	49	1	0	0
771	0.98	0	49	1	0	0
772	0.98	0	49	1	0	0
773	0.98	0	49	1	0	0
774	0.98	0	49	1	0	0
775	0.98	0	49	1	0	0
776	0.98	0	49	1	0	0
777	0.96	0	48	2	0	0
778	0.96	0	48	2	0	0
779	0.96	0	48	2	0	0
780	0.96	0	48	2	0	0
781	0.96	0	48	2	0	0
782	0.96	0	48	2	0	0
783	0.96	0	48	2	0	0
784	0.96	0	48	2	0	0
785	0.96	0	48	2	0	0
786	0.96	0	48	2	0	0
787	0.98	0	49	1	0	0
788	0.98	0	49	1	0	0
789	0.98	0	49	1	0	0
790	0.98	0	49	1	0	0
791	0.98	0	49	1	0	0
792	0.98	0	49	1	0	0
793	0.98	0	49	1	0	0
794	0.98	0	49	1	0	0
795	0.98	0	49	1	0	0
796	0.98	0	49	1	0	0
797	0.98	0	49	1	0	0
798	0.98	0	49	1	0	0
799	0.98	0	49	1	0	0
800	0.98	0	49	1	0	0
801	0.98	0	49	1	0	0
802	0.98	0	49	1	0	0
803	0.98	0	49	1	0	0
804	0.98	0	49	1	0	0
805	0.98	0	49	1	0	0
806	0.98	0	49	1	0	0
807	0.98	0	49	1	0	0
808	0.98	0	49	1	0	0
809	0.98	0	49	1	0	0
810	0.98	0	49	1	0	0
811	0.98	0	49	1	0	0
812	0.98	0	49	1	0	0
813	0.98	0	49	1	0	0
814	0.98	0	49	1	0	0
815	0.98	0	49	1	0	0
816	0.98	0	49	1	0	0
817	0.98	0	49	1	0	0
818	0.98	0	49	1	0	0
819	0.98	0	49	1	0	0
820	0.98	0	49	1	0	0
821	0.98	0	49	1	0	0
822	0.98	0	49	1	0	0
823	0.98	0	49	1	0	0
824	0.98	0	49	1	0	0
825	0.98	0	49	1	0	0
826	0.98	0	49	1	0	0
827	1.00	0	50	0	0	0
828	1.00	0	50	0	0	0
829	1.00	0	50	0	0	0
830	1.00	0	50	0	0	0
831	1.00	0	50	0	0	0
832	1.00	0	50	0	0	0
833	1.00	0	50	0	0	0
834	1.00	0	50	0	0	0
835	1.00	0	50	0	0	0
836	1.00	0	50	0	0	0
837	1.00	0	50	0	0	0
838	1.00	0	50	0	0	0
839	1.00	0	50	0	0	0
840	1.00	0	50	0	0	0
841	1.00	0	50	0	0	0
842	1.00	0	50	0	0	0
843	1.00	0	50	0	0	0
844	1.00	0	50	0	0	0
845	1.00	0	50	0	0	0
846	1.00	0	50	0	0	0
847	1.00	0	50	0	0	0
848	1.00	0	50	0	0	0
849	1.00	0	50	0	0	0
850	1.00	0	50	0	0	0
851	1.00	0	50	0	0	0
852	1.00	0	50	0	0	0
853	1.00	0	50	0	0	0
854	1.00	0	50	0	0	0
855	1.00	0	50	0	0	0
856	1.00	0	50	0	0	0
857	1.00	0	50	0	0	0
858	1.00	0	50	0	0	0
859	1.00	0	50	0	0	0
860	1.00	0	50	0	0	0
861	1.00	0	50	0	0	0
862	1.00	0	50	0	0	0
863	1.00	0	50	0	0	0
864	1.00	0	50	0	0	0
865	1.00	0	50	0	0	0
866	1.00	0	50	0	0	0
867	1.00	0	50	0	0	0
868	0.98	0	49	1	0	0
869	0.98	0	49	1	0	0
870	0.98	0	49	1	0	0
871	0.96	0	48	1	0	1
872	0.96	0	48	1	0	1
873	0.96	0	48	1	0	1
874	0.96	0	48	1	0	1
875	0.96	0	48	1	0	1
876	0.96	0	48	1	0	1
877	0.96	0	48	1	0	1
878	0.96	0	48	1	0	1
879	0.96	0	48	1	0	1
880	0.96	0	48	1	0	1
881	0.96	0	48	1	0	1
882	0.96	0	48	1	0	1
883	0.96	0	48	1	0	1
884	0.96	0	48	1	0	1
885	0.96	0	48	1	0	1
886	0.96	0	48	1	0	1
887	0.96	0	48	1	0	1
888	0.96	0	48	1	0	1
889	0.96	0	48	1	0	1
890	0.96	0	48	1	0	1
891	0.96	0	48	1	0	1
892	0.96	0	48	1	0	1
893	0.96	0	48	1	0	1
894	0.96	0	48	1	0	1
895	0.96	0	48	1	0	1
896	0.96	0	48	1	0	1
897	0.96	0	48	1	0	1
898	0.96	0	48	1	0	1
899	0.96	0	48	1	0	1
900	0.96	0	48	1	0	1
901	0.96	0	48	1	0	1
902	0.96	0	48	1	0	1
903	0.96	0	48	1	0	1
904	0.96	0	48	1	0	1
905	0.96	0	48	1	0	1
906	0.96	0	48	1	0	1
907	0.96	0	48	1	0	1
908	0.96	0	48	1	0	1
909	0.96	0	48	1	0	1
910	0.96	0	48	1	0	1
911	0.96	0	48	1	0	1
912	0.94	1	47	1	0	1
913	0.94	1	47	1	0	1
914	0.94	1	47	1	0	1
915	0.94	1	47	1	0	1
916	0.94	1	47	1	0	1
917	0.94	1	47	1	0	1
918	0.96	1	48	0	0	1
919	0.96	1	48	0	0	1
920	0.96	1	48	0	0	1
921	0.98	1	49	0	0	0
922	0.98	1	49	0	0	0
923	0.98	1	49	0	0	0
924	0.98	1	49	0	0	0
925	0.98	1	49	0	0	0
926	0.98	1	49	0	0	0
927	0.98	1	49	0	0	0
928	0.98	1	49	0	0	0
929	0.98	1	49	0	0	0
930	0.98	1	49	0	0	0
931	0.98	1	49	0	0	0
932	0.98	1	49	0	0	0
933	0.98	1	49	0	0	0
934	0.98	1	49	0	0	0
935	0.98	1	49	0	0	0
936	0.98	1	49	0	0	0
937	0.98	1	49	0	0	0
938	0.98	1	49	0	0	0
939	0.98	1	49	0	0	0
940	0.98	1	49	0	0	0
941	0.96	1	48	1	0	0
942	0.96	1	48	1	0	0
943	0.96	1	48	1	0	0
944	0.96	1	48	1	0	0
945	0.96	1	48	1	0	0
946	0.96	1	48	1	0	0
947	0.96	1	48	1	0	0
948	0.96	1	48	1	0	0
949	0.96	1	48	1	0	0
950	0.96	1	48	1	0	0
951	0.96	1	48	1	0	0
952	0.96	1	48	1	0	0
953	0.96	1	48	1	0	0
954	0.96	1	48	1	0	0
955	0.96	1	48	1	0	0
956	0.96	1	48	1	0	0
957	0.96	1	48	1	0	0
958	0.96	1	48	1	0	0
959	0.96	1	48	1	0	0
960	0.96	1	48	1	0	0
961	0.96	1	48	1	0	0
962	0.98	0	49	1	0	0
963	0.98	0	49	1	0	0
964	0.98	0	49	1	0	0
965	0.98	0	49	1	0	0
966	0.98	0	49	1	0	0
967	0.98	0	49	1	0	0
968	0.98	0	49	1	0	0
969	0.98	0	49	1	0	0
970	0.98	0	49	1	0	0
971	0.98	0	49	1	0	0
972	0.98	0	49	1	0	0
973	0.98	0	49	1	0	0
974	0.98	0	49	1	0	0
975	0.98	0	49	1	0	0
976	0.98	0	49	1	0	0
977	0.98	0	49	1	0	0
978	0.98	0	49	1	0	0
979	0.98	0	49	1	0	0
980	0.98	0	49	1	0	0
981	0.98	0	49	1	0	0
982	0.98	0	49	1	0	0
983	0.98	0	49	1	0	0
984	0.98	0	49	1	0	0
985	0.98	0	49	1	0	0
986	0.98	0	49	1	0	0
987	0.98	0	49	1	0	0
988	0.98	0	49	1	0	0
989	0.98	0	49	1	0	0
990	0.98	0	49	1	0	0
991	1.00	0	50	0	0	0
992	1.00	0	50	0	0	0
993	1.00	0	50	0	0	0
994	1.00	0	50	0	0	0
995	1.00	0	50	0	0	0
996	1.00	0	50	0	0	0
997	1.00	0	50	0	0	0
998	1.00	0	50	0	0	0
999	1.00	0	50	0	0	0
1000	0.00	0	50	0	0	0
1001	0.00	0	50	0	0	0
1002	0.00	0	50	0	0	0
1003	0.00	0	50	0	0	0
1004	0.00	0	50	0	0	0
1005	0.00	0	50	0	0	0
1006	0.00	0	50	0	0	0
1007	0.00	0	50	0	0	0
1008	0.00	0	50	0	0	0
1009	0.00	0	50	0	0	0
1010	0.00	0	50	0	0	0
1011	0.02	0	49	1	0	0
1012	0.02	0	49	1	0	0
1013	0.02	0	49	1	0	0
1014	0.02	0	49	1	0	0
1015	0.02	0	49	1	0	0
1016	0.02	0	49	1	0	0
1017	0.02	1	48	1	0	0
1018	0.02	1	48	1	0	0
1019	0.02	1	48	1	0	0
1020	0.02	1	48	1	0	0
1021	0.02	1	48	1	0	0
1022	0.04	1	47	2	0	0
1023	0.04	1	47	2	0	0
1024	0.04	1	47	2	0	0
1025	0.06	1	46	3	0	0
1026	0.06	1	46	3	0	0
1027	0.06	1	46	3	0	0
1028	0.08	1	45	4	0	0
1029	0.08	1	45	4	0	0
1030	0.08	1	45	4	0	0
1031	0.08	1	45	4	0	0
1032	0.10	1	44	5	0	0
1033	0.10	1	44	5	0	0
1034	0.12	1	43	6	0	0
1035	0.12	1	43	6	0	0
1036	0.12	1	43	6	0	0
1037	0.12	1	43	6	0	0
1038	0.12	1	43	6	0	0
1039	0.12	1	43	6	0	0
1040	0.12	1	43	6	0	0
1041	0.12	1	43	6	0	0
1042	0.14	1	42	7	0	0
1043	0.14	1	42	7	0	0
1044	0.14	1	42	7	0	0
1045	0.14	2	41	7	0	0
1046	0.14	2	41	7	0	0
1047	0.14	2	41	7	0	0
1048	0.16	2	40	8	0	0
1049	0.18	2	39	9	0	0
1050	0.18	2	39	9	0	0
1051	0.18	2	39	9	0	0
1052	0.18	2	39	9	0	0
1053	0.18	2	39	9	0	0
1054	0.18	3	38	9	0	0
1055	0.18	3	38	9	0	0
1056	0.20	3	37	10	0	0
1057	0.20	3	37	10	0	0
1058	0.22	3	36	11	0	0
1059	0.22	4	35	11	0	0
1060	0.22	4	35	11	0	0
1061	0.20	4	36	10	0	0
1062	0.20	5	35	10	0	0
1063	0.22	5	34	11	0	0
1064	0.22	5	34	11	0	0
1065	0.24	5	33	12	0	0
1066	0.24	6	32	12	0	0
1067	0.26	5	32	13	0	0
1068	0.28	5	31	14	0	0
1069	0.28	5	31	14	0	0
1070	0.28	5	31	14	0	0
1071	0.30	5	30	15	0	0
1072	0.30	5	30	15	0	0
1073	0.30	5	30	15	0	0
1074	0.30	5	30	15	0	0
1075	0.30	5	30	15	0	0
1076	0.32	5	29	16	0	0
1077	0.34	5	28	17	0	0
1078	0.32	5	29	16	0	0
1079	0.34	5	28	17	0	0
1080	0.36	5	27	18	0	0
1081	0.38	5	26	19	0	0
1082	0.38	5	26	19	0	0
1083	0.40	5	25	20	0	0
1084	0.38	5	26	19	0	0
1085	0.40	5	25	20	0	0
1086	0.42	5	24	21	0	0
1087	0.44	5	23	22	0	0
1088	0.46	5	22	23	0	0
1089	0.48	5	21	24	0	0
1090	0.50	5	20	25	0	0
1091	0.50	6	19	25	0	0
1092	0.50	6	19	25	0	0
1093	0.50	7	18	25	0	0
1094	0.52	7	17	26	0	0
1095	0.54	6	17	27	0	0
1096	0.56	6	16	28	0	0
1097	0.58	6	15	29	0	0
1098	0.58	6	15	29	0	0
1099	0.58	6	15	29	0	0
1100	0.60	6	14	30	0	0
1101	0.62	6	13	31	0	0
1102	0.64	6	12	32	0	0
1103	0.66	6	11	33	0	0
1104	0.68	5	11	34	0	0
1105	0.70	5	10	35	0	0
1106	0.70	5	10	35	0	0
1107	0.72	5	9	36	0	0
1108	0.72	5	9	36	0	0
1109	0.72	5	9	36	0	0
1110	0.74	5	8	37	0	0
1111	0.76	5	7	38	0	0
1112	0.78	4	7	39	0	0
1113	0.78	4	7	39	0	0
1114	0.80	4	6	40	0	0
1115	0.80	4	6	40	0	0
1116	0.82	3	6	41	0	0
1117	0.82	3	6	41	0	0
1118	0.80	3	7	40	0	0
1119	0.82	3	6	41	0	0
1120	0.84	3	5	42	0	0
1121	0.84	3	5	42	0	0
1122	0.84	3	5	42	0	0
1123	0.86	3	4	43	0	0
1124	0.88	3	3	44	0	0
1125	0.88	3	3	44	0	0
1126	0.88	3	3	44	0	0
1127	0.88	3	3	44	0	0
1128	0.90	3	2	45	0	0
1129	0.90	3	2	45	0	0
1130	0.90	3	2	45	0	0
1131	0.90	3	2	45	0	0
1132	0.90	3	2	45	0	0
1133	0.90	3	2	45	0	0
1134	0.92	3	1	46	0	0
1135	0.92	3	1	46	0	0
1136	0.92	3	1	46	0	0
1137	0.92	3	1	46	0	0
1138	0.92	3	1	46	0	0
1139	0.92	3	1	46	0	0
1140	0.92	3	1	46	0	0
1141	0.94	2	1	47	0	0
1142	0.94	2	1	47	0	0
1143	0.96	1	1	48	0	0
1144	0.96	1	1	48	0	0
1145	0.96	1	1	48	0	0
1146	0.96	1	1	48	0	0
1147	0.96	1	1	48	0	0
1148	0.96	1	1	48	0	0
1149	0.96	1	1	48	0	0
1150	0.96	1	1	48	0	0
1151	0.94	1	2	47	0	0
1152	0.94	1	2	47	0	0
1153	0.94	1	2	47	0	0
1154	0.94	1	2	47	0	0
1155	0.94	1	2	47	0	0
1156	0.94	1	2	47	0	0
1157	0.94	1	2	47	0	0
1158	0.94	1	2	47	0	0
1159	0.96	0	2	48	0	0
1160	0.96	0	2	48	0	0
1161	0.96	0	2	48	0	0
1162	0.96	0	2	48	0	0
1163	0.96	0	2	48	0	0
1164	0.96	0	2	48	0	0
1165	0.96	0	2	48	0	0
1166	0.96	0	2	48	0	0
1167	0.96	0	2	48	0	0
1168	0.98	0	1	49	0	0
1169	0.98	0	1	49	0	0
1170	0.98	0	1	49	0	0
1171	0.98	0	1	49	0	0
1172	0.98	0	1	49	0	0
1173	0.98	0	1	49	0	0
1174	0.98	0	1	49	0	0
1175	0.98	0	1	49	0	0
1176	0.98	0	1	49	0	0
1177	0.98	0	1	49	0	0
1178	0.98	0	1	49	0	0
1179	0.98	0	1	49	0	0
1180	0.98	0	1	49	0	0
1181	0.98	0	1	49	0	0
1182	0.98	0	1	49	0	0
1183	0.98	0	1	49	0	0
1184	0.98	0	1	49	0	0
1185	0.96	0	2	48	0	0
1186	0.96	0	2	48	0	0
1187	0.96	0	2	48	0	0
1188	0.96	0	2	48	0	0
1189	0.96	0	2	48	0	0
1190	0.96	0	2	48	0	0
1191	0.96	0	2	48	0	0
1192	0.96	0	2	48	0	0
1193	0.96	0	2	48	0	0
1194	0.96	0	2	48	0	0
1195	0.96	0	2	48	0	0
1196	0.96	0	2	48	0	0
1197	0.96	0	2	48	0	0
1198	0.96	0	2	48	0	0
1199	0.96	0	2	48	0	0
1200	0.96	0	2	48	0	0
1201	0.98	0	1	49	0	0
1202	0.98	0	1	49	0	0
1203	0.98	0	1	49	0	0
1204	0.98	0	1	49	0	0
1205	0.98	0	1	49	0	0
1206	0.98	0	1	49	0	0
1207	0.98	0	1	49	0	0
1208	0.98	0	1	49	0	0
1209	0.98	0	1	49	0	0
1210	0.98	0	1	49	0	0
1211	0.98	0	1	49	0	0
1212	0.98	0	1	49	0	0
1213	0.98	0	1	49	0	0
1214	0.98	0	1	49	0	0
1215	0.98	0	1	49	0	0
1216	0.98	0	1	49	0	0
1217	0.98	0	1	49	0	0
1218	0.98	0	1	49	0	0
1219	0.98	0	1	49	0	0
1220	0.98	0	1	49	0	0
1221	0.98	0	1	49	0	0
1222	0.98	0	1	49	0	0
1223	0.98	0	1	49	0	0
1224	0.98	0	1	49	0	0
1225	0.98	0	1	49	0	0
1226	0.98	0	1	49	0	0
1227	0.98	0	1	49	0	0
1228	0.98	0	1	49	0	0
1229	0.98	0	1	49	0	0
1230	0.98	0	1	49	0	0
1231	0.98	0	1	49	0	0
1232	0.98	0	1	49	0	0
1233	0.98	0	1	49	0	0
1234	0.98	0	1	49	0	0
1235	1.00	0	0	50	0	0
1236	1.00	0	0	50	0	0
1237	1.00	0	0	50	0	0
1238	1.00	0	0	50	0	0
1239	1.00	0	0	50	0	0
1240	1.00	0	0	50	0	0
1241	1.00	0	0	50	0	0
1242	1.00	0	0	50	0	0
1243	1.00	0	0	50	0	0
1244	1.00	0	0	50	0	0
1245	1.00	0	0	50	0	0
1246	1.00	0	0	50	0	0
1247	1.00	0	0	50	0	0
1248	1.00	0	0	50	0	0
1249	1.00	0	0	50	0	0
1250	1.00	0	0	50	0	0
1251	1.00	0	0	50	0	0
1252	1.00	0	0	50	0	0
1253	1.00	0	0	50	0	0
1254	1.00	0	0	50	0	0
1255	1.00	0	0	50	0	0
1256	1.00	0	0	50	0	0
1257	1.00	0	0	50	0	0
1258	1.00	0	0	50	0	0
1259	1.00	0	0	50	0	0
1260	1.00	0	0	50	0	0
1261	1.00	0	0	50	0	0
1262	1.00	0	0	50	0	0
1263	1.00	0	0	50	0	0
1264	1.00	0	0	50	0	0
1265	1.00	0	0	50	0	0
1266	1.00	0	0	50	0	0
1267	1.00	0	0	50	0	0
1268	1.00	0	0	50	0	0
1269	1.00	0	0	50	0	0
1270	1.00	0	0	50	0	0
1271	1.00	0	0	50	0	0
1272	1.00	0	0	50	0	0
1273	1.00	0	0	50	0	0
1274	1.00	0	0	50	0	0
1275	1.00	0	0	50	0	0
1276	1.00	0	0	50	0	0
1277	1.00	0	0	50	0	0
1278	0.98	0	0	49	0	1
1279	0.98	0	0	49	0	1
1280	0.98	0	0	49	0	1
1281	0.98	0	0	49	0	1
1282	0.98	0	0	49	0	1
1283	0.98	0	0	49	0	1
1284	0.98	0	0	49	0	1
1285	0.98	0	0	49	0	1
1286	0.98	0	0	49	0	1
1287	0.98	0	0	49	0	1
1288	0.98	0	0	49	0	1
1289	0.98	0	0	49	0	1
1290	0.98	0	0	49	0	1
1291	0.98	0	0	49	0	1
1292	0.98	0	0	49	0	1
1293	0.98	0	0	49	0	1
1294	0.98	0	0	49	0	1
1295	0.98	0	0	49	0	1
1296	0.98	0	0	49	0	1
1297	0.98	0	0	49	0	1
1298	0.98	0	0	49	0	1
1299	0.98	0	0	49	0	1
1300	0.98	0	0	49	0	1
1301	0.98	0	0	49	0	1
1302	0.98	0	0	49	0	1
1303	0.98	0	0	49	0	1
1304	0.98	0	0	49	0	1
1305	0.98	0	0	49	0	1
1306	0.98	0	0	49	0	1
1307	0.98	0	0	49	0	1
1308	0.98	0	0	49	0	1
1309	0.98	0	0	49	0	1
1310	0.98	0	0	49	0	1
1311	0.98	0	0	49	0	1
1312	0.98	0	0	49	0	1
1313	0.98	0	0	49	0	1
1314	0.98	0	0	49	0	1
1315	0.98	0	0	49	0	1
1316	0.98	0	0	49	0	1
1317	0.98	0	0	49	0	1
1318	0.98	0	0	49	0	1
1319	0.98	0	0	49	0	1
1320	0.98	0	0	49	0	1
1321	0.98	0	0	49	0	1
1322	0.98	0	0	49	0	1
1323	0.98	0	0	49	0	1
1324	0.98	0	0	49	0	1
1325	0.98	0	0	49	0	1
1326	0.98	0	0	49	0	1
1327	0.98	0	0	49	0	1
1328	1.00	0	0	50	0	0
1329	1.00	0	0	50	0	0
1330	1.00	0	0	50	0	0
1331	1.00	0	0	50	0	0
1332	1.00	0	0	50	0	0
1333	1.00	0	0	50	0	0
1334	1.00	0	0	50	0	0
1335	1.00	0	0	50	0	0
1336	1.00	0	0	50	0	0
1337	1.00	0	0	50	0	0
1338	1.00	0	0	50	0	0
1339	1.00	0	0	50	0	0
1340	1.00	0	0	50	0	0
1341	1.00	0	0	50	0	0
1342	1.00	0	0	50	0	0
1343	1.00	0	0	50	0	0
1344	1.00	0	0	50	0	0
1345	1.00	0	0	50	0	0
1346	1.00	0	0	50	0	0
1347	1.00	0	0	50	0	0
1348	1.00	0	0	50	0	0
1349	1.00	0	0	50	0	0
1350	1.00	0	0	50	0	0
1351	1.00	0	0	50	0	0
1352	1.00	0	0	50	0	0
1353	1.00	0	0	50	0	0
1354	1.00	0	0	50	0	0
1355	1.00	0	0	50	0	0
1356	1.00	0	0	50	0	0
1357	1.00	0	0	50	0	0
1358	1.00	0	0	50	0	0
1359	1.00	0	0	50	0	0
1360	1.00	0	0	50	0	0
1361	1.00	0	0	50	0	0
1362	1.00	0	0	50	0	0
1363	1.00	0	0	50	0	0
1364	1.00	0	0	50	0	0
1365	1.00	0	0	50	0	0
1366	1.00	0	0	50	0	0
1367	1.00	0	0	50	0	0
1368	1.00	0	0	50	0	0
1369	1.00	0	0	50	0	0
1370	1.00	0	0	50	0	0
1371	1.00	0	0	50	0	0
1372	1.00	0	0	50	0	0
1373	1.00	0	0	50	0	0
1374	1.00	0	0	50	0	0
1375	1.00	0	0	50	0	0
1376	1.00	0	0	50	0	0
1377	1.00	0	0	50	0	0
1378	1.00	0	0	50	0	0
1379	1.00	0	0	50	0	0
1380	1.00	0	0	50	0	0
1381	1.00	0	0	50	0	0
1382	1.00	0	0	50	0	0
1383	1.00	0	0	50	0	0
1384	1.00	0	0	50	0	0
1385	1.00	0	0	50	0	0
1386	1.00	0	0	50	0	0
1387	1.00	0	0	50	0	0
1388	1.00	0	0	50	0	0
1389	1.00	0	0	50	0	0
1390	1.00	0	0	50	0	0
1391	1.00	0	0	50	0	0
1392	1.00	0	0	50	0	0
1393	1.00	0	0	50	0	0
1394	1.00	0	0	50	0	0
1395	1.00	0	0	50	0	0
1396	1.00	0	0	50	0	0
1397	1.00	0	0	50	0	0
1398	1.00	0	0	50	0	0
1399	1.00	0	0	50	0	0
1400	1.00	0	0	50	0	0
1401	1.00	0	0	50	0	0
1402	1.00	0	0	50	0	0
1403	1.00	0	0	50	0	0
1404	1.00	0	0	50	0	0
1405	1.00	0	0	50	0	0
1406	1.00	0	0	50	0	0
1407	1.00	0	0	50	0	0
1408	1.00	0	0	50	0	0
1409	1.00	0	0	50	0	0
1410	1.00	0	0	50	0	0
1411	1.00	0	0	50	0	0
1412	1.00	0	0	50	0	0
1413	1.00	0	0	50	0	0
1414	1.00	0	0	50	0	0
1415	1.00	0	0	50	0	0
1416	1.00	0	0	50	0	0
1417	1.00	0	0	50	0	0
1418	1.00	0	0	50	0	0
1419	1.00	0	0	50	0	0
1420	1.00	0	0	50	0	0
1421	1.00	0	0	50	0	0
1422	1.00	0	0	50	0	0
1423	1.00	0	0	50	0	0
1424	1.00	0	0	50	0	0
1425	1.00	0	0	50	0	0
1426	1.00	0	0	50	0	0
1427	1.00	0	0	50	0	0
1428	1.00	0	0	50	0	0
1429	1.00	0	0	50	0	0
1430	1.00	0	0	50	0	0
1431	1.00	0	0	50	0	0
1432	1.00	0	0	50	0	0
1433	1.00	0	0	50	0	0
1434	1.00	0	0	50	0	0
1435	1.00	0	0	50	0	0
1436	1.00	0	0	50	0	0
1437	1.00	0	0	50	0	0
1438	1.00	0	0	50	0	0
1439	1.00	0	0	50	0	0
1440	1.00	0	0	50	0	0
1441	1.00	0	0	50	0	0
1442	1.00	0	0	50	0	0
1443	1.00	0	0	50	0	0
1444	1.00	0	0	50	0	0
1445	1.00	0	0	50	0	0
1446	1.00	0	0	50	0	0
1447	1.00	0	0	50	0	0
1448	1.00	0	0	50	0	0
1449	1.00	0	0	50	0	0
1450	1.00	0	0	50	0	0
1451	1.00	0	0	50	0	0
1452	1.00	0	0	50	0	0
1453	1.00	0	0	50	0	0
1454	1.00	0	0	50	0	0
1455	1.00	0	0	50	0	0
1456	1.00	0	0	50	0	0
1457	1.00	0	0	50	0	0
1458	1.00	0	0	50	0	0
1459	1.00	0	0	50	0	0
1460	1.00	0	0	50	0	0
1461	1.00	0	0	50	0	0
1462	1.00	0	0	50	0	0
1463	1.00	0	0	50	0	0
1464	1.00	0	0	50	0	0
1465	1.00	0	0	50	0	0
1466	1.00	0	0	50	0	0
1467	1.00	0	0	50	0	0
1468	1.00	0	0	50	0	0
1469	1.00	0	0	50	0	0
1470	1.00	0	0	50	0	0
1471	0.98	1	0	49	0	0
1472	0.98	1	0	49	0	0
1473	0.98	1	0	49	0	0
1474	0.98	1	0	49	0	0
1475	0.98	1	0	49	0	0
1476	0.96	2	0	48	0	0
1477	0.96	2	0	48	0	0
1478	0.96	2	0	48	0	0
1479	0.96	2	0	48	0	0
1480	0.96	2	0	48	0	0
1481	0.96	2	0	48	0	0
1482	0.96	2	0	48	0	0
1483	0.96	2	0	48	0	0
1484	0.96	2	0	48	0	0
1485	0.96	2	0	48	0	0
1486	0.96	2	0	48	0	0
1487	0.96	2	0	48	0	0
1488	0.96	2	0	48	0	0
1489	0.96	2	0	48	0	0
1490	0.96	2	0	48	0	0
1491	0.96	2	0	48	0	0
1492	0.96	2	0	48	0	0
1493	0.96	2	0	48	0	0
1494	0.96	2	0	48	0	0
1495	0.96	2	0	48	0	0
1496	0.96	2	0	48	0	0
1497	0.96	2	0	48	0	0
1498	0.96	2	0	48	0	0
1499	0.96	2	0	48	0	0
1500	0.00	2	0	48	0	0
1501	0.00	2	0	48	0	0
1502	0.00	2	0	48	0	0
1503	0.00	2	0	48	0	0
1504	0.02	2	0	47	1	0
1505	0.02	2	0	47	1	0
1506	0.02	2	0	47	1	0
1507	0.02	2	0	47	1	0
1508	0.04	2	0	46	2	0
1509	0.04	2	0	46	2	0
1510	0.04	2	0	46	2	0
1511	0.04	2	0	46	2	0
1512	0.04	2	0	46	2	0
1513	0.04	2	0	46	2	0
1514	0.04	2	0	46	2	0
1515	0.04	2	0	46	2	0
1516	0.04	2	0	46	2	0
1517	0.06	2	0	45	3	0
1518	0.06	2	0	45	3	0
1519	0.06	2	0	45	3	0
1520	0.08	2	0	44	4	0
1521	0.08	1	0	45	4	0
1522	0.08	1	0	45	4	0
1523	0.08	1	0	45	4	0
1524	0.08	1	0	45	4	0
1525	0.08	1	0	45	4	0
1526	0.08	0	0	46	4	0
1527	0.08	0	0	46	4	0
1528	0.08	0	0	46	4	0
1529	0.10	0	0	45	5	0
1530	0.10	0	0	45	5	0
1531	0.10	0	0	45	5	0
1532	0.10	0	0	45	5	0
1533	0.10	0	0	45	5	0
1534	0.10	0	0	45	5	0
1535	0.10	0	0	45	5	0
1536	0.10	0	0	45	5	0
1537	0.10	1	0	44	5	0
1538	0.10	1	0	44	5	0
1539	0.12	1	0	43	6	0
1540	0.12	2	0	42	6	0
1541	0.12	2	0	42	6	0
1542	0.12	2	0	42	6	0
1543	0.14	2	0	41	7	0
1544	0.14	2	0	41	7	0
1545	0.14	2	0	41	7	0
1546	0.14	2	0	41	7	0
1547	0.16	2	0	40	8	0
1548	0.18	2	0	39	9	0
1549	0.18	2	0	39	9	0
1550	0.18	2	0	39	9	0
1551	0.18	2	0	39	9	0
1552	0.18	2	0	39	9	0
1553	0.20	2	0	38	10	0
1554	0.18	2	0	39	9	0
1555	0.18	2	0	39	9	0
1556	0.18	2	0	39	9	0
1557	0.18	2	0	39	9	0
1558	0.16	2	1	39	8	0
1559	0.16	2	1	39	8	0
1560	0.16	2	1	39	8	0
1561	0.16	2	1	39	8	0
1562	0.16	2	1	39	8	0
1563	0.16	2	1	39	8	0
1564	0.16	2	1	39	8	0
1565	0.18	2	1	38	9	0
1566	0.18	2	1	38	9	0
1567	0.16	2	1	39	8	0
1568	0.16	3	1	38	8	0
1569	0.16	3	2	37	8	0
1570	0.14	3	2	38	7	0
1571	0.14	3	2	38	7	0
1572	0.14	3	2	38	7	0
1573	0.14	3	2	38	7	0
1574	0.14	3	2	38	7	0
1575	0.14	3	2	38	7	0
1576	0.14	3	2	38	7	0
1577	0.16	3	2	37	8	0
1578	0.18	3	2	36	9	0
1579	0.16	3	2	37	8	0
1580	0.16	3	2	37	8	0
1581	0.18	3	2	36	9	0
1582	0.18	3	2	36	9	0
1583	0.20	3	2	35	10	0
1584	0.20	3	2	35	10	0
1585	0.22	3	2	34	11	0
1586	0.22	3	2	34	11	0
1587	0.22	2	2	35	11	0
1588	0.24	2	2	34	12	0
1589	0.24	2	2	34	12	0
1590	0.26	1	2	34	13	0
1591	0.28	1	2	33	14	0
1592	0.28	1	2	33	14	0
1593	0.28	1	2	33	14	0
1594	0.30	1	2	32	15	0
1595	0.30	1	2	32	15	0
1596	0.32	1	2	31	16	0
1597	0.30	1	2	32	15	0
1598	0.28	1	2	33	14	0
1599	0.30	1	2	32	15	0
1600	0.32	1	2	31	16	0
1601	0.32	1	2	31	16	0
1602	0.32	1	2	31	16	0
1603	0.30	1	2	32	15	0
1604	0.32	1	2	31	16	0
1605	0.34	1	2	30	17	0
1606	0.36	1	2	29	18	0
1607	0.36	1	2	29	18	0
1608	0.36	1	1	30	18	0
1609	0.38	1	1	29	19	0
1610	0.38	1	1	29	19	0
1611	0.38	1	1	29	19	0
1612	0.40	1	1	28	20	0
1613	0.40	1	1	28	20	0
1614	0.40	1	1	28	20	0
1615	0.40	1	1	28	20	0
1616	0.42	1	1	27	21	0
1617	0.42	1	1	27	21	0
1618	0.42	0	1	28	21	0
1619	0.44	0	0	28	22	0
1620	0.46	0	0	27	23	0
1621	0.48	0	0	26	24	0
1622	0.50	0	0	25	25	0
1623	0.50	0	0	25	25	0
1624	0.50	0	0	25	25	0
1625	0.50	0	1	24	25	0
1626	0.52	0	1	23	26	0
1627	0.52	0	1	23	26	0
1628	0.52	0	1	23	26	0
1629	0.54	0	1	22	27	0
1630	0.54	0	2	21	27	0
1631	0.52	0	2	22	26	0
1632	0.54	0	2	21	27	0
1633	0.54	0	2	21	27	0
1634	0.56	0	2	20	28	0
1635	0.56	0	2	20	28	0
1636	0.58	0	2	19	29	0
1637	0.60	0	2	18	30	0
1638	0.60	0	2	18	30	0
1639	0.58	0	3	18	29	0
1640	0.58	0	3	18	29	0
1641	0.58	0	3	18	29	0
1642	0.60	0	3	17	30	0
1643	0.58	0	3	18	29	0
1644	0.58	0	3	18	29	0
1645	0.60	0	3	17	30	0
1646	0.60	0	3	17	30	0
1647	0.62	0	3	16	31	0
1648	0.64	0	3	15	32	0
1649	0.64	0	3	15	32	0
1650	0.64	0	3	15	32	0
1651	0.66	0	3	14	33	0
1652	0.68	0	3	13	34	0
1653	0.70	0	3	12	35	0
1654	0.70	0	3	12	35	0
1655	0.70	0	3	12	35	0
1656	0.70	0	3	12	35	0
1657	0.72	0	3	11	36	0
1658	0.74	0	3	10	37	0
1659	0.74	0	3	10	37	0
1660	0.76	0	3	9	38	0
1661	0.78	0	3	8	39	0
1662	0.78	0	3	8	39	0
1663	0.80	0	3	7	40	0
1664	0.82	0	3	6	41	0
1665	0.82	0	3	6	41	0
1666	0.82	0	3	6	41	0
1667	0.84	0	3	5	42	0
1668	0.86	0	3	4	43	0
1669	0.86	0	3	4	43	0
1670	0.86	0	3	4	43	0
1671	0.86	0	3	4	43	0
1672	0.86	0	3	4	43	0
1673	0.88	0	3	3	44	0
1674	0.90	0	3	2	45	0
1675	0.92	0	2	2	46	0
1676	0.92	0	2	2	46	0
1677	0.92	0	2	2	46	0
1678	0.92	0	2	2	46	0
1679	0.92	0	2	2	46	0
1680	0.94	0	1	2	47	0
1681	0.96	0	1	1	48	0
1682	0.96	0	1	1	48	0
1683	0.96	0	1	1	48	0
1684	0.96	0	1	1	48	0
1685	0.96	0	1	1	48	0
1686	0.96	0	1	1	48	0
1687	0.96	0	1	1	48	0
1688	0.96	0	1	1	48	0
1689	0.98	0	0	1	49	0
1690	0.98	0	0	1	49	0
1691	0.98	0	0	1	49	0
1692	0.98	0	0	1	49	0
1693	1.00	0	0	0	50	0
1694	1.00	0	0	0	50	0
1695	1.00	0	0	0	50	0
1696	1.00	0	0	0	50	0
1697	1.00	0	0	0	50	0
1698	1.00	0	0	0	50	0
1699	1.00	0	0	0	50	0
1700	1.00	0	0	0	50	0
1701	1.00	0	0	0	50	0
1702	1.00	0	0	0	50	0
1703	1.00	0	0	0	50	0
1704	1.00	0	0	0	50	0
1705	1.00	0	0	0	50	0
1706	1.00	0	0	0	50	0
1707	1.00	0	0	0	50	0
1708	1.00	0	0	0	50	0
1709	0.98	0	1	0	49	0
1710	0.98	0	1	0	49	0
1711	0.98	0	1	0	49	0
1712	0.98	0	1	0	49	0
1713	0.98	0	1	0	49	0
1714	0.98	0	1	0	49	0
1715	0.98	0	1	0	49	0
1716	0.98	0	1	0	49	0
1717	0.98	0	1	0	49	0
1718	0.98	0	1	0	49	0
1719	0.98	0	1	0	49	0
1720	0.98	0	1	0	49	0
1721	0.98	0	1	0	49	0
1722	0.98	0	1	0	49	0
1723	0.98	0	1	0	49	0
1724	0.98	0	1	0	49	0
1725	0.96	0	2	0	48	0
1726	0.96	0	2	0	48	0
1727	0.96	0	2	0	48	0
1728	0.96	0	2	0	48	0
1729	0.96	0	2	0	48	0
1730	0.96	0	2	0	48	0
1731	0.96	0	2	0	48	0
1732	0.96	0	2	0	48	0
1733	0.94	1	2	0	47	0
1734	0.94	1	2	0	47	0
1735	0.94	1	2	0	47	0
1736	0.94	1	2	0	47	0
1737	0.94	1	2	0	47	0
1738	0.94	1	2	0	47	0
1739	0.94	1	2	0	47	0
1740	0.94	1	2	0	47	0
1741	0.94	1	2	0	47	0
1742	0.92	2	2	0	46	0
1743	0.92	2	2	0	46	0
1744	0.92	2	2	0	46	0
1745	0.92	2	2	0	46	0
1746	0.92	2	2	0	46	0
1747	0.92	2	2	0	46	0
1748	0.92	2	2	0	46	0
1749	0.92	2	2	0	46	0
1750	0.92	2	2	0	46	0
1751	0.92	2	2	0	46	0
1752	0.92	2	2	0	46	0
1753	0.92	2	2	0	46	0
1754	0.92	2	2	0	46	0
1755	0.92	2	2	0	46	0
1756	0.92	2	2	0	46	0
1757	0.92	2	2	0	46	0
1758	0.92	2	2	0	46	0
1759	0.94	2	1	0	47	0
1760	0.94	2	1	0	47	0
1761	0.94	2	1	0	47	0
1762	0.94	2	1	0	47	0
1763	0.94	2	1	0	47	0
1764	0.94	2	1	0	47	0
1765	0.94	2	1	0	47	0
1766	0.94	2	1	0	47	0
1767	0.94	2	1	0	47	0
1768	0.94	2	1	0	47	0
1769	0.94	2	1	0	47	0
1770	0.94	2	1	0	47	0
1771	0.94	2	1	0	47	0
1772	0.94	2	1	0	47	0
1773	0.94	2	1	0	47	0
1774	0.94	2	1	0	47	0
1775	0.96	2	0	0	48	0
1776	0.96	2	0	0	48	0
1777	0.96	2	0	0	48	0
1778	0.94	2	0	0	47	1
1779	0.94	2	0	0	47	1
1780	0.94	2	0	0	47	1
1781	0.94	2	0	0	47	1
1782	0.94	2	0	0	47	1
1783	0.96	1	0	0	48	1
1784	0.96	1	0	0	48	1
1785	0.96	1	0	0	48	1
1786	0.96	1	0	0	48	1
1787	0.96	1	0	0	48	1
1788	0.96	1	0	0	48	1
1789	0.96	1	0	0	48	1
1790	0.96	1	0	0	48	1
1791	0.94	1	0	0	47	2
1792	0.96	0	0	0	48	2
1793	0.96	0	0	0	48	2
1794	0.96	0	0	0	48	2
1795	0.94	0	0	0	47	3
1796	0.94	0	0	0	47	3
1797	0.94	0	0	0	47	3
1798	0.94	0	0	0	47	3
1799	0.94	0	0	0	47	3
1800	0.94	0	0	0	47	3
1801	0.94	0	0	0	47	3
1802	0.94	0	0	0	47	3
1803	0.94	0	0	0	47	3
1804	0.94	0	0	0	47	3
1805	0.94	0	0	0	47	3
1806	0.94	0	0	0	47	3
1807	0.94	0	0	0	47	3
1808	0.94	0	0	0	47	3
1809	0.94	0	0	0	47	3
1810	0.94	0	0	0	47	3
1811	0.94	0	0	0	47	3
1812	0.94	0	0	0	47	3
1813	0.94	0	0	0	47	3
1814	0.94	0	0	0	47	3
1815	0.94	0	0	0	47	3
1816	0.94	0	0	0	47	3
1817	0.94	0	0	0	47	3
1818	0.94	0	0	0	47	3
1819	0.94	0	0	0	47	3
1820	0.94	0	0	0	47	3
1821	0.94	0	0	0	47	3
1822	0.94	0	0	0	47	3
1823	0.94	0	0	0	47	3
1824	0.94	0	0	0	47	3
1825	0.94	0	0	0	47	3
1826	0.94	0	0	0	47	3
1827	0.94	0	0	0	47	3
1828	0.96	0	0	0	48	2
1829	0.96	0	0	0	48	2
1830	0.96	0	0	0	48	2
1831	0.96	0	0	0	48	2
1832	0.96	0	0	0	48	2
1833	0.96	0	0	0	48	2
1834	0.96	0	0	0	48	2
1835	0.96	0	0	0	48	2
1836	0.96	0	0	0	48	2
1837	0.96	0	0	0	48	2
1838	0.94	0	0	0	47	3
1839	0.94	0	0	0	47	3
1840	0.94	0	0	0	47	3
1841	0.96	0	0	0	48	2
1842	0.96	0	0	0	48	2
1843	0.96	0	0	0	48	2
1844	0.96	0	0	0	48	2
1845	0.98	0	0	0	49	1
1846	0.98	0	0	0	49	1
1847	0.98	0	0	0	49	1
1848	0.98	0	0	0	49	1
1849	0.98	0	0	0	49	1
1850	0.98	0	0	0	49	1
1851	0.98	0	0	0	49	1
1852	0.98	0	0	0	49	1
1853	0.98	0	0	0	49	1
1854	0.98	0	0	0	49	1
1855	0.98	0	0	0	49	1
1856	0.98	0	0	0	49	1
1857	0.98	0	0	0	49	1
1858	0.98	0	0	0	49	1
1859	0.98	0	0	0	49	1
1860	0.98	0	0	0	49	1
1861	0.98	0	0	0	49	1
1862	0.98	0	0	0	49	1
1863	0.98	0	0	0	49	1
1864	0.98	0	0	0	49	1
1865	0.98	0	0	0	49	1
1866	0.98	0	0	0	49	1
1867	0.98	0	0	0	49	1
1868	0.96	0	0	0	48	2
1869	0.96	0	0	0	48	2
1870	0.96	0	0	0	48	2
1871	0.96	0	0	0	48	2
1872	0.96	0	0	0	48	2
1873	0.96	0	0	0	48	2
1874	0.96	0	0	0	48	2
1875	0.96	0	0	0	48	2
1876	0.96	0	0	0	48	2
1877	0.96	0	0	0	48	2
1878	0.96	0	0	0	48	2
1879	0.96	0	0	0	48	2
1880	0.96	0	0	0	48	2
1881	0.96	0	0	0	48	2
1882	0.96	0	0	0	48	2
1883	0.96	0	0	0	48	2
1884	0.96	0	0	0	48	2
1885	0.96	0	0	0	48	2
1886	0.96	0	0	0	48	2
1887	0.96	0	0	0	48	2
1888	0.98	0	0	0	49	1
1889	0.98	0	0	0	49	1
1890	0.98	0	0	0	49	1
1891	0.98	0	0	0	49	1
1892	0.98	0	0	0	49	1
1893	0.98	0	0	0	49	1
1894	0.98	0	0	0	49	1
1895	0.98	0	0	0	49	1
1896	0.98	0	0	0	49	1
1897	0.98	0	0	0	49	1
1898	0.98	0	0	0	49	1
1899	0.98	0	0	0	49	1
1900	0.98	0	0	0	49	1
1901	0.98	0	0	0	49	1
1902	0.98	0	0	0	49	1
1903	0.98	0	0	0	49	1
1904	0.98	0	0	0	49	1
1905	0.98	0	0	0	49	1
1906	0.98	0	0	0	49	1
1907	0.98	0	0	0	49	1
1908	0.98	0	0	0	49	1
1909	0.98	0	0	0	49	1
1910	0.98	0	0	0	49	1
1911	0.98	0	0	0	49	1
1912	0.98	0	0	0	49	1
1913	0.98	0	0	0	49	1
1914	0.98	0	0	0	49	1
1915	0.98	0	0	0	49	1
1916	0.98	0	0	0	49	1
1917	0.98	0	0	0	49	1
1918	1.00	0	0	0	50	0
1919	1.00	0	0	0	50	0
1920	1.00	0	0	0	50	0
1921	1.00	0	0	0	50	0
1922	1.00	0	0	0	50	0
1923	1.00	0	0	0	50	0
1924	1.00	0	0	0	50	0
1925	1.00	0	0	0	50	0
1926	1.00	0	0	0	50	0
1927	1.00	0	0	0	50	0
1928	0.98	0	1	0	49	0
1929	0.98	0	1	0	49	0
1930	0.98	0	1	0	49	0
1931	0.98	0	1	0	49	0
1932	0.98	0	1	0	49	0
1933	0.98	0	1	0	49	0
1934	0.98	0	1	0	49	0
1935	0.98	0	1	0	49	0
1936	0.98	0	1	0	49	0
1937	0.98	0	1	0	49	0
1938	0.98	0	1	0	49	0
1939	0.98	0	1	0	49	0
1940	0.98	0	1	0	49	0
1941	0.98	0	1	0	49	0
1942	0.98	0	1	0	49	0
1943	0.98	0	1	0	49	0
1944	0.96	0	1	0	48	1
1945	0.96	0	1	0	48	1
1946	0.96	0	1	0	48	1
1947	0.96	0	1	0	48	1
1948	0.96	0	1	0	48	1
1949	0.96	0	1	0	48	1
1950	0.96	0	1	0	48	1
1951	0.96	0	1	0	48	1
1952	0.96	0	1	0	48	1
1953	0.96	0	1	0	48	1
1954	0.96	0	1	0	48	1
1955	0.96	0	1	0	48	1
1956	0.96	0	1	0	48	1
1957	0.96	0	1	0	48	1
1958	0.96	0	1	0	48	1
1959	0.96	0	1	0	48	1
1960	0.96	0	1	0	48	1
1961	0.96	0	1	0	48	1
1962	0.96	0	1	0	48	1
1963	0.96	0	1	0	48	1
1964	0.96	0	1	0	48	1
1965	0.96	0	1	0	48	1
1966	0.96	0	1	0	48	1
1967	0.96	0	1	0	48	1
1968	0.96	0	1	0	48	1
1969	0.96	0	1	0	48	1
1970	0.96	0	1	0	48	1
1971	0.96	0	1	0	48	1
1972	0.96	0	1	0	48	1
1973	0.96	0	1	0	48	1
1974	0.96	0	1	0	48	1
1975	0.96	0	1	0	48	1
1976	0.96	0	1	0	48	1
1977	0.96	0	1	0	48	1
1978	0.96	0	0	0	48	2
1979	0.96	0	0	0	48	2
1980	0.96	0	0	0	48	2
1981	0.96	0	0	0	48	2
1982	0.96	0	0	0	48	2
1983	0.96	0	0	0	48	2
1984	0.96	0	0	0	48	2
1985	0.96	0	0	0	48	2
1986	0.96	0	0	0	48	2
1987	0.96	0	0	0	48	2
1988	0.96	0	0	0	48	2
1989	0.96	0	0	0	48	2
1990	0.96	0	0	0	48	2
1991	0.96	0	0	0	48	2
1992	0.96	0	0	0	48	2
1993	0.96	0	0	0	48	2
1994	0.98	0	0	0	49	1
1995	0.98	0	0	0	49	1
1996	0.98	0	0	0	49	1
1997	0.98	0	0	0	49	1
1998	0.98	0	0	0	49	1
1999	0.98	0	0	0	49	1
2000	0.02	0	0	0	49	1
2001	0.02	0	0	0	49	1
2002	0.04	0	0	0	48	2
2003	0.04	0	0	0	48	2
2004	0.04	0	0	0	48	2
2005	0.04	0	0	0	48	2
2006	0.04	0	0	0	48	2
2007	0.04	0	0	0	48	2
2008	0.04	0	0	0	48	2
2009	0.04	0	0	0	48	2
2010	0.04	0	0	0	48	2
2011	0.04	0	0	0	48	2
2012	0.04	0	0	0	48	2
2013	0.04	0	0	0	48	2
2014	0.04	0	0	0	48	2
2015	0.04	0	0	0	48	2
2016	0.06	0	0	0	47	3
2017	0.06	0	0	0	47	3
2018	0.06	0	0	0	47	3
2019	0.06	0	0	0	47	3
2020	0.06	0	0	0	47	3
2021	0.06	0	0	0	47	3
2022	0.08	0	0	0	46	4
2023	0.08	0	0	0	46	4
2024	0.08	0	0	0	46	4
2025	0.08	0	0	0	46	4
2026	0.08	0	0	0	46	4
2027	0.10	0	0	0	45	5
2028	0.08	0	0	0	46	4
2029	0.08	0	0	0	46	4
2030	0.08	0	0	0	46	4
2031	0.08	0	0	0	46	4
2032	0.08	0	0	0	46	4
2033	0.08	0	0	0	46	4
2034	0.08	0	0	0	46	4
2035	0.08	0	0	0	46	4
2036	0.08	0	0	0	46	4
2037	0.08	0	0	0	46	4
2038	0.10	0	0	0	45	5
2039	0.10	0	0	0	45	5
2040	0.10	0	0	0	45	5
2041	0.10	0	0	0	45	5
2042	0.10	0	0	0	45	5
2043	0.10	0	0	0	45	5
2044	0.10	0	0	0	45	5
2045	0.10	0	0	0	45	5
2046	0.10	0	0	0	45	5
2047	0.10	0	0	0	45	5
2048	0.10	0	0	0	45	5
2049	0.10	0	0	0	45	5
2050	0.12	0	0	0	44	6
2051	0.12	0	0	0	44	6
2052	0.10	0	0	0	45	5
2053	0.12	0	0	0	44	6
2054	0.12	0	0	0	44	6
2055	0.14	0	0	0	43	7
2056	0.14	0	0	0	43	7
2057	0.14	0	1	0	42	7
2058	0.14	0	1	0	42	7
2059	0.16	0	1	0	41	8
2060	0.16	0	1	0	41	8
2061	0.16	0	1	0	41	8
2062	0.18	0	1	0	40	9
2063	0.18	0	1	0	40	9
2064	0.18	0	1	0	40	9
2065	0.18	0	1	0	40	9
2066	0.16	0	1	0	41	8
2067	0.16	0	1	0	41	8
2068	0.16	0	1	0	41	8
2069	0.16	1	1	0	40	8
2070	0.16	1	1	0	40	8
2071	0.16	1	1	0	40	8
2072	0.14	1	1	0	41	7
2073	0.14	1	1	0	41	7
2074	0.16	1	1	0	40	8
2075	0.18	1	1	0	39	9
2076	0.18	1	1	0	39	9
2077	0.16	1	1	0	40	8
2078	0.16	1	1	0	40	8
2079	0.18	1	1	0	39	9
2080	0.18	2	1	0	38	9
2081	0.18	2	1	0	38	9
2082	0.18	2	1	0	38	9
2083	0.20	2	1	0	37	10
2084	0.20	2	1	0	37	10
2085	0.22	2	1	0	36	11
2086	0.22	2	1	0	36	11
2087	0.22	2	1	0	36	11
2088	0.20	2	1	0	37	10
2089	0.20	2	1	0	37	10
2090	0.20	2	1	0	37	10
2091	0.22	2	1	0	36	11
2092	0.22	2	1	0	36	11
2093	0.24	2	1	0	35	12
2094	0.24	2	1	0	35	12
2095	0.24	2	1	0	35	12
2096	0.26	2	1	0	34	13
2097	0.28	2	1	0	33	14
2098	0.30	2	1	0	32	15
2099	0.32	2	1	0	31	16
2100	0.32	2	1	0	31	16
2101	0.34	2	1	0	30	17
2102	0.34	2	1	0	30	17
2103	0.34	2	1	0	30	17
2104	0.34	2	1	0	30	17
2105	0.34	2	1	0	30	17
2106	0.36	2	1	0	29	18
2107	0.36	2	0	0	30	18
2108	0.38	2	0	0	29	19
2109	0.38	2	0	0	29	19
2110	0.40	2	0	0	28	20
2111	0.42	2	0	0	27	21
2112	0.40	2	0	0	28	20
2113	0.42	2	0	0	27	21
2114	0.44	2	0	0	26	22
2115	0.46	2	0	0	25	23
2116	0.46	2	0	0	25	23
2117	0.48	2	0	0	24	24
2118	0.50	2	0	0	23	25
2119	0.52	1	0	0	23	26
2120	0.54	1	0	0	22	27
2121	0.56	1	0	0	21	28
2122	0.58	1	0	0	20	29
2123	0.60	1	0	0	19	30
2124	0.58	1	1	0	19	29
2125	0.58	1	1	0	19	29
2126	0.60	1	1	0	18	30
2127	0.62	1	1	0	17	31
2128	0.64	1	1	0	16	32
2129	0.64	1	1	0	16	32
2130	0.66	0	1	0	16	33
2131	0.66	0	2	0	15	33
2132	0.68	0	2	0	14	34
2133	0.68	0	2	0	14	34
2134	0.70	0	2	0	13	35
2135	0.68	0	3	0	13	34
2136	0.70	0	3	0	12	35
2137	0.72	0	3	0	11	36
2138	0.74	0	3	0	10	37
2139	0.76	0	3	0	9	38
2140	0.78	0	3	0	8	39
2141	0.78	0	3	0	8	39
2142	0.80	0	3	0	7	40
2143	0.80	0	3	0	7	40
2144	0.82	0	3	0	6	41
2145	0.84	0	3	0	5	42
2146	0.84	0	3	0	5	42
2147	0.84	0	3	0	5	42
2148	0.84	0	3	0	5	42
2149	0.84	0	3	0	5	42
2150	0.84	0	3	0	5	42
2151	0.84	0	3	0	5	42
2152	0.86	0	3	0	4	43
2153	0.86	0	3	0	4	43
2154	0.88	0	3	0	3	44
2155	0.88	0	3	0	3	44
2156	0.88	0	3	0	3	44
2157	0.90	0	3	0	2	45
2158	0.90	0	3	0	2	45
2159	0.90	0	3	0	2	45
2160	0.90	0	3	0	2	45
2161	0.88	0	3	0	3	44
2162	0.90	0	3	0	2	45
2163	0.88	0	3	0	3	44
2164	0.88	0	3	0	3	44
2165	0.88	0	3	0	3	44
2166	0.90	0	3	0	2	45
2167	0.90	0	3	0	2	45
2168	0.90	0	3	0	2	45
2169	0.90	0	3	0	2	45
2170	0.90	0	3	0	2	45
2171	0.90	0	3	0	2	45
2172	0.90	0	3	0	2	45
2173	0.90	0	3	0	2	45
2174	0.92	0	2	0	2	46
2175	0.92	0	2	0	2	46
2176	0.92	0	2	0	2	46
2177	0.92	0	2	0	2	46
2178	0.92	0	2	0	2	46
2179	0.92	0	2	0	2	46
2180	0.92	0	2	0	2	46
2181	0.94	0	1	0	2	47
2182	0.94	0	1	0	2	47
2183	0.94	0	1	0	2	47
2184	0.94	0	1	0	2	47
2185	0.96	0	0	0	2	48
2186	0.96	0	0	0	2	48
2187	0.96	0	0	0	2	48
2188	0.96	0	0	0	2	48
2189	0.96	0	0	0	2	48
2190	0.96	0	0	0	2	48
2191	0.96	0	0	0	2	48
2192	0.96	0	0	0	2	48
2193	0.96	0	0	0	2	48
2194	0.96	0	0	0	2	48
2195	0.96	0	0	0	2	48
2196	0.96	0	0	0	2	48
2197	0.96	0	0	0	2	48
2198	0.96	0	0	0	2	48
2199	0.96	0	0	0	2	48
2200	0.96	0	0	0	2	48
2201	0.96	0	0	0	2	48
2202	0.96	0	0	0	2	48
2203	0.96	0	0	0	2	48
2204	0.96	0	0	0	2	48
2205	0.96	0	0	0	2	48
2206	0.94	0	1	0	2	47
2207	0.94	0	1	0	2	47
2208	0.94	0	1	0	2	47
2209	0.94	0	1	0	2	47
2210	0.94	0	1	0	2	47
2211	0.96	0	1	0	1	48
2212	0.96	0	1	0	1	48
2213	0.98	0	1	0	0	49
2214	0.98	0	1	0	0	49
2215	0.98	0	1	0	0	49
2216	0.98	0	1	0	0	49
2217	0.98	0	1	0	0	49
2218	0.98	0	1	0	0	49
2219	0.98	0	1	0	0	49
2220	0.98	0	1	0	0	49
2221	0.98	0	1	0	0	49
2222	0.98	0	1	0	0	49
2223	0.98	0	1	0	0	49
2224	0.98	0	1	0	0	49
2225	0.98	0	1	0	0	49
2226	0.98	0	1	0	0	49
2227	0.98	0	1	0	0	49
2228	0.98	0	1	0	0	49
2229	0.98	0	1	0	0	49
2230	0.98	0	1	0	0	49
2231	0.98	0	1	0	0	49
2232	0.98	0	1	0	0	49
2233	0.98	0	1	0	0	49
2234	0.98	0	1	0	0	49
2235	0.98	0	1	0	0	49
2236	0.98	0	1	0	0	49
2237	0.98	0	1	0	0	49
2238	0.98	0	1	0	0	49
2239	0.98	0	1	0	0	49
2240	0.98	0	1	0	0	49
2241	0.98	0	1	0	0	49
2242	0.98	0	1	0	0	49
2243	0.98	0	1	0	0	49
2244	0.98	0	1	0	0	49
2245	0.98	0	1	0	0	49
2246	0.98	0	1	0	0	49
2247	0.98	0	1	0	0	49
2248	0.98	0	1	0	0	49
2249	0.98	0	1	0	0	49
2250	0.98	0	1	0	0	49
2251	0.98	0	1	0	0	49
2252	0.98	0	1	0	0	49
2253	0.96	1	1	0	0	48
2254	0.96	1	1	0	0	48
2255	0.96	1	1	0	0	48
2256	0.98	1	0	0	0	49
2257	0.98	1	0	0	0	49
2258	0.98	1	0	0	0	49
2259	0.98	1	0	0	0	49
2260	0.98	1	0	0	0	49
2261	0.98	1	0	0	0	49
2262	0.98	1	0	0	0	49
2263	0.98	1	0	0	0	49
2264	0.98	1	0	0	0	49
2265	0.98	1	0	0	0	49
2266	0.98	1	0	0	0	49
2267	0.98	1	0	0	0	49
2268	0.98	1	0	0	0	49
2269	0.98	1	0	0	0	49
2270	0.98	1	0	0	0	49
2271	0.98	1	0	0	0	49
2272	0.98	1	0	0	0	49
2273	0.98	1	0	0	0	49
2274	0.98	1	0	0	0	49
2275	0.98	1	0	0	0	49
2276	0.98	1	0	0	0	49
2277	0.98	1	0	0	0	49
2278	0.98	1	0	0	0	49
2279	0.98	1	0	0	0	49
2280	0.98	1	0	0	0	49
2281	0.98	1	0	0	0	49
2282	0.98	1	0	0	0	49
2283	0.98	1	0	0	0	49
2284	0.98	1	0	0	0	49
2285	0.98	1	0	0	0	49
2286	0.98	1	0	0	0	49
2287	0.98	1	0	0	0	49
2288	0.98	1	0	0	0	49
2289	0.98	1	0	0	0	49
2290	0.98	1	0	0	0	49
2291	0.98	1	0	0	0	49
2292	0.98	1	0	0	0	49
2293	0.98	1	0	0	0	49
2294	0.98	1	0	0	0	49
2295	0.98	1	0	0	0	49
2296	0.98	1	0	0	0	49
2297	0.98	1	0	0	0	49
2298	0.98	1	0	0	0	49
2299	0.98	1	0	0	0	49
2300	0.98	1	0	0	0	49
2301	0.98	1	0	0	0	49
2302	0.98	1	0	0	0	49
2303	1.00	0	0	0	0	50
2304	1.00	0	0	0	0	50
2305	1.00	0	0	0	0	50
2306	1.00	0	0	0	0	50
2307	1.00	0	0	0	0	50
2308	1.00	0	0	0	0	50
2309	1.00	0	0	0	0	50
2310	1.00	0	0	0	0	50
2311	1.00	0	0	0	0	50
2312	1.00	0	0	0	0	50
2313	1.00	0	0	0	0	50
2314	1.00	0	0	0	0	50
2315	1.00	0	0	0	0	50
2316	1.00	0	0	0	0	50
2317	1.00	0	0	0	0	50
2318	1.00	0	0	0	0	50
2319	1.00	0	0	0	0	50
2320	1.00	0	0	0	0	50
2321	1.00	0	0	0	0	50
2322	1.00	0	0	0	0	50
2323	1.00	0	0	0	0	50
2324	1.00	0	0	0	0	50
2325	1.00	0	0	0	0	50
2326	1.00	0	0	0	0	50
2327	1.00	0	0	0	0	50
2328	1.00	0	0	0	0	50
2329	1.00	0	0	0	0	50
2330	1.00	0	0	0	0	50
2331	1.00	0	0	0	0	50
2332	1.00	0	0	0	0	50
2333	1.00	0	0	0	0	50
2334	1.00	0	0	0	0	50
2335	1.00	0	0	0	0	50
2336	1.00	0	0	0	0	50
2337	1.00	0	0	0	0	50
2338	1.00	0	0	0	0	50
2339	1.00	0	0	0	0	50
2340	1.00	0	0	0	0	50
2341	1.00	0	0	0	0	50
2342	1.00	0	0	0	0	50
2343	1.00	0	0	0	0	50
2344	1.00	0	0	0	0	50
2345	1.00	0	0	0	0	50
2346	1.00	0	0	0	0	50
2347	1.00	0	0	0	0	50
2348	1.00	0	0	0	0	50
2349	1.00	0	0	0	0	50
2350	1.00	0	0	0	0	50
2351	1.00	0	0	0	0	50
2352	1.00	0	0	0	0	50
2353	1.00	0	0	0	0	50
2354	1.00	0	0	0	0	50
2355	1.00	0	0	0	0	50
2356	1.00	0	0	0	0	50
2357	1.00	0	0	0	0	50
2358	1.00	0	0	0	0	50
2359	1.00	0	0	0	0	50
2360	1.00	0	0	0	0	50
2361	1.00	0	0	0	0	50
2362	1.00	0	0	0	0	50
2363	1.00	0	0	0	0	50
2364	1.00	0	0	0	0	50
2365	1.00	0	0	0	0	50
2366	1.00	0	0	0	0	50
2367	1.00	0	0	0	0	50
2368	1.00	0	0	0	0	50
2369	1.00	0	0	0	0	50
2370	1.00	0	0	0	0	50
2371	1.00	0	0	0	0	50
2372	1.00	0	0	0	0	50
2373	1.00	0	0	0	0	50
2374	1.00	0	0	0	0	50
2375	1.00	0	0	0	0	50
2376	1.00	0	0	0	0	50
2377	1.00	0	0	0	0	50
2378	1.00	0	0	0	0	50
2379	1.00	0	0	0	0	50
2380	1.00	0	0	0	0	50
2381	1.00	0	0	0	0	50
2382	1.00	0	0	0	0	50
2383	1.00	0	0	0	0	50
2384	1.00	0	0	0	0	50
2385	1.00	0	0	0	0	50
2386	1.00	0	0	0	0	50
2387	1.00	0	0	0	0	50
2388	1.00	0	0	0	0	50
2389	1.00	0	0	0	0	50
2390	1.00	0	0	0	0	50
2391	1.00	0	0	0	0	50
2392	1.00	0	0	0	0	50
2393	1.00	0	0	0	0	50
2394	1.00	0	0	0	0	50
2395	1.00	0	0	0	0	50
2396	1.00	0	0	0	0	50
2397	1.00	0	0	0	0	50
2398	1.00	0	0	0	0	50
2399	1.00	0	0	0	0	50
2400	1.00	0	0	0	0	50
2401	1.00	0	0	0	0	50
2402	1.00	0	0	0	0	50
2403	1.00	0	0	0	0	50
2404	1.00	0	0	0	0	50
2405	1.00	0	0	0	0	50
2406	1.00	0	0	0	0	50
2407	1.00	0	0	0	0	50
2408	1.00	0	0	0	0	50
2409	1.00	0	0	0	0	50
2410	1.00	0	0	0	0	50
2411	1.00	0	0	0	0	50
2412	1.00	0	0	0	0	50
2413	1.00	0	0	0	0	50
2414	1.00	0	0	0	0	50
2415	1.00	0	0	0	0	50
2416	1.00	0	0	0	0	50
2417	1.00	0	0	0	0	50
2418	1.00	0	0	0	0	50
2419	1.00	0	0	0	0	50
2420	1.00	0	0	0	0	50
2421	1.00	0	0	0	0	50
2422	1.00	0	0	0	0	50
2423	1.00	0	0	0	0	50
2424	1.00	0	0	0	0	50
2425	1.00	0	0	0	0	50
2426	1.00	0	0	0	0	50
2427	1.00	0	0	0	0	50
2428	1.00	0	0	0	0	50
2429	1.00	0	0	0	0	50
2430	1.00	0	0	0	0	50
2431	1.00	0	0	0	0	50
2432	1.00	0	0	0	0	50
2433	1.00	0	0	0	0	50
2434	1.00	0	0	0	0	50
2435	1.00	0	0	0	0	50
2436	1.00	0	0	0	0	50
2437	1.00	0	0	0	0	50
2438	1.00	0	0	0	0	50
2439	1.00	0	0	0	0	50
2440	1.00	0	0	0	0	50
2441	1.00	0	0	0	0	50
2442	1.00	0	0	0	0	50
2443	1.00	0	0	0	0	50
2444	0.98	0	0	1	0	49
2445	0.98	0	0	1	0	49
2446	0.98	0	0	1	0	49
2447	0.98	0	0	1	0	49
2448	0.98	0	0	1	0	49
2449	0.98	0	0	1	0	49
2450	0.98	0	0	1	0	49
2451	0.98	0	0	1	0	49
2452	0.98	0	0	1	0	49
2453	0.98	0	0	1	0	49
2454	0.98	0	0	1	0	49
2455	0.98	0	0	1	0	49
2456	0.98	0	0	1	0	49
2457	0.98	0	0	1	0	49
2458	0.98	0	0	1	0	49
2459	0.98	0	0	1	0	49
2460	0.98	0	0	1	0	49
2461	0.98	0	0	1	0	49
2462	0.98	0	0	1	0	49
2463	0.98	0	0	1	0	49
2464	0.98	0	0	1	0	49
2465	0.98	0	0	1	0	49
2466	0.98	0	0	1	0	49
2467	0.98	0	0	1	0	49
2468	0.98	0	0	1	0	49
2469	0.98	0	0	1	0	49
2470	0.98	0	0	1	0	49
2471	0.98	0	0	1	0	49
2472	0.98	0	0	1	0	49
2473	0.98	0	0	1	0	49
2474	0.98	0	0	1	0	49
2475	0.98	0	0	1	0	49
2476	0.98	0	0	1	0	49
2477	0.98	0	0	1	0	49
2478	0.98	0	0	1	0	49
2479	0.98	0	0	1	0	49
2480	0.98	0	0	1	0	49
2481	0.98	0	0	1	0	49
2482	0.98	0	0	1	0	49
2483	0.98	0	0	1	0	49
2484	0.98	0	0	1	0	49
2485	0.98	0	0	1	0	49
2486	0.98	0	0	1	0	49
2487	0.98	0	0	1	0	49
2488	0.98	0	0	1	0	49
2489	0.98	0	0	1	0	49
2490	0.98	0	0	1	0	49
2491	0.98	0	0	1	0	49
2492	0.98	0	0	1	0	49
2493	0.98	0	0	1	0	49
2494	1.00	0	0	0	0	50
2495	1.00	0	0	0	0	50
2496	1.00	0	0	0	0	50
2497	1.00	0	0	0	0	50
2498	1.00	0	0	0	0	50
2499	1.00	0	0	0	0	50
2500	0.00	0	0	0	0	50
2501	0.00	0	0	0	0	50
2502	0.00	0	0	0	0	50
2503	0.00	0	0	0	0	50
2504	0.00	0	0	0	0	50
2505	0.00	0	0	0	0	50
2506	0.00	0	0	0	0	50
2507	0.00	0	0	0	0	50
2508	0.00	0	0	0	0	50
2509	0.00	0	0	0	0	50
2510	0.00	0	0	0	0	50
2511	0.00	0	0	0	0	50
2512	0.00	0	0	0	0	50
2513	0.02	1	0	0	0	49
2514	0.04	2	0	0	0	48
2515	0.04	2	0	0	0	48
2516	0.04	2	0	0	0	48
2517	0.04	2	0	0	0	48
2518	0.04	2	0	0	0	48
2519	0.04	2	0	0	0	48
2520	0.04	2	0	0	0	48
2521	0.04	2	0	0	0	48
2522	0.04	2	0	0	0	48
2523	0.04	2	0	0	0	48
2524	0.04	2	0	0	0	48
2525	0.06	3	0	0	0	47
2526	0.06	3	0	0	0	47
2527	0.06	3	0	0	0	47
2528	0.06	3	0	0	0	47
2529	0.06	3	0	0	0	47
2530	0.06	3	0	0	0	47
2531	0.06	3	0	0	0	47
2532	0.08	4	0	0	0	46
2533	0.08	4	0	0	0	46
2534	0.08	4	0	0	0	46
2535	0.08	4	0	0	0	46
2536	0.08	4	0	0	0	46
2537	0.08	4	0	0	0	46
2538	0.08	4	0	0	0	46
2539	0.08	4	0	0	0	46
2540	0.08	4	0	0	0	46
2541	0.08	4	0	0	0	46
2542	0.08	4	0	0	0	46
2543	0.08	4	0	0	0	46
2544	0.08	4	0	0	0	46
2545	0.08	4	0	0	0	46
2546	0.08	4	0	0	0	46
2547	0.08	4	0	0	0	46
2548	0.08	4	0	0	0	46
2549	0.08	4	0	0	0	46
2550	0.08	4	0	0	0	46
2551	0.08	4	0	0	0	46
2552	0.08	4	0	0	0	46
2553	0.08	4	0	0	0	46
2554	0.08	4	1	0	0	45
2555	0.10	5	1	0	0	44
2556	0.10	5	1	0	0	44
2557	0.12	6	1	0	0	43
2558	0.12	6	1	0	0	43
2559	0.12	6	1	0	0	43
2560	0.12	6	2	0	0	42
2561	0.12	6	2	0	0	42
2562	0.12	6	2	0	0	42
2563	0.10	5	2	0	0	43
2564	0.08	4	2	0	0	44
2565	0.08	4	2	0	0	44
2566	0.08	4	2	0	0	44
2567	0.08	4	2	0	0	44
2568	0.08	4	2	0	0	44
2569	0.08	4	2	0	0	44
2570	0.08	4	2	0	0	44
2571	0.10	5	2	0	0	43
2572	0.12	6	2	0	0	42
2573	0.12	6	2	0	0	42
2574	0.12	6	2	0	0	42
2575	0.10	5	2	0	0	43
2576	0.10	5	2	0	0	43
2577	0.10	5	2	0	0	43
2578	0.10	5	2	0	0	43
2579	0.10	5	2	0	0	43
2580	0.10	5	2	0	0	43
2581	0.10	5	2	0	0	43
2582	0.10	5	2	0	0	43
2583	0.10	5	2	0	0	43
2584	0.12	6	2	0	0	42
2585	0.12	6	2	0	0	42
2586	0.12	6	2	0	0	42
2587	0.12	6	2	0	0	42
2588	0.14	7	2	0	0	41
2589	0.16	8	2	0	0	40
2590	0.16	8	2	0	0	40
2591	0.16	8	2	0	0	40
2592	0.16	8	2	0	0	40
2593	0.16	8	2	0	0	40
2594	0.16	8	2	0	0	40
2595	0.16	8	2	0	0	40
2596	0.18	9	2	0	0	39
2597	0.18	9	2	0	0	39
2598	0.20	10	2	0	0	38
2599	0.22	11	2	0	0	37
2600	0.22	11	2	0	0	37
2601	0.22	11	2	0	1	36
2602	0.24	12	2	0	1	35
2603	0.24	12	2	0	1	35
2604	0.24	12	1	0	1	36
2605	0.24	12	1	0	1	36
2606	0.26	13	1	0	1	35
2607	0.26	13	1	0	1	35
2608	0.28	14	1	0	1	34
2609	0.30	15	1	0	1	33
2610	0.32	16	0	0	1	33
2611	0.32	16	0	0	1	33
2612	0.32	16	0	0	1	33
2613	0.34	17	0	0	1	32
2614	0.36	18	0	0	1	31
2615	0.36	18	0	0	1	31
2616	0.36	18	0	0	1	31
2617	0.38	19	0	0	1	30
2618	0.40	20	0	0	1	29
2619	0.42	21	0	0	1	28
2620	0.42	21	0	0	1	28
2621	0.40	20	0	0	1	29
2622	0.40	20	0	0	1	29
2623	0.42	21	0	0	1	28
2624	0.44	22	0	0	1	27
2625	0.44	22	0	0	1	27
2626	0.46	23	0	0	1	26
2627	0.48	24	0	0	1	25
2628	0.50	25	0	0	1	24
2629	0.52	26	0	0	1	23
2630	0.52	26	0	0	1	23
2631	0.54	27	0	0	1	22
2632	0.54	27	0	0	1	22
2633	0.56	28	0	0	1	21
2634	0.56	28	0	0	1	21
2635	0.58	29	0	0	1	20
2636	0.58	29	0	0	1	20
2637	0.58	29	0	0	1	20
2638	0.58	29	0	0	1	20
2639	0.58	29	0	0	1	20
2640	0.60	30	0	0	1	19
2641	0.62	31	0	0	1	18
2642	0.64	32	0	0	1	17
2643	0.66	33	0	0	1	16
2644	0.68	34	0	0	1	15
2645	0.68	34	0	1	1	14
2646	0.68	34	0	1	1	14
2647	0.70	35	0	1	1	13
2648	0.70	35	0	1	1	13
2649	0.68	34	1	1	1	13
2650	0.70	35	1	1	1	12
2651	0.72	36	1	1	0	12
2652	0.70	35	2	1	0	12
2653	0.72	36	2	1	0	11
2654	0.74	37	2	1	0	10
2655	0.74	37	2	1	0	10
2656	0.74	37	2	1	0	10
2657	0.74	37	2	1	0	10
2658	0.74	37	2	1	0	10
2659	0.74	37	2	1	0	10
2660	0.74	37	2	1	0	10
2661	0.76	38	2	1	0	9
2662	0.78	39	2	1	0	8
2663	0.78	39	2	1	0	8
2664	0.78	39	2	1	0	8
2665	0.80	40	2	1	0	7
2666	0.82	41	2	1	0	6
2667	0.82	41	2	1	0	6
2668	0.82	41	2	1	0	6
2669	0.82	41	2	1	0	6
2670	0.84	42	2	1	0	5
2671	0.86	43	2	1	0	4
2672	0.86	43	2	1	0	4
2673	0.86	43	2	1	0	4
2674	0.86	43	2	1	0	4
2675	0.86	43	2	2	0	3
2676	0.86	43	2	2	0	3
2677	0.86	43	2	2	0	3
2678	0.86	43	2	2	0	3
2679	0.86	43	2	2	0	3
2680	0.88	44	2	2	0	2
2681	0.88	44	2	2	0	2
2682	0.88	44	2	2	0	2
2683	0.88	44	2	2	0	2
2684	0.88	44	2	2	0	2
2685	0.88	44	2	2	0	2
2686	0.90	45	2	2	0	1
2687	0.92	46	2	2	0	0
2688	0.92	46	2	2	0	0
2689	0.92	46	2	2	0	0
2690	0.92	46	2	2	0	0
2691	0.92	46	2	2	0	0
2692	0.92	46	2	2	0	0
2693	0.92	46	2	2	0	0
2694	0.92	46	2	2	0	0
2695	0.94	47	2	1	0	0
2696	0.94	47	2	1	0	0
2697	0.94	47	2	1	0	0
2698	0.94	47	2	1	0	0
2699	0.96	48	1	1	0	0
2700	0.96	48	1	1	0	0
2701	0.96	48	1	1	0	0
2702	0.98	49	0	1	0	0
2703	0.98	49	0	1	0	0
2704	0.98	49	0	1	0	0
2705	0.98	49	0	1	0	0
2706	0.98	49	0	1	0	0
2707	0.98	49	0	1	0	0
2708	0.98	49	0	1	0	0
2709	0.98	49	0	1	0	0
2710	0.98	49	0	1	0	0
2711	0.98	49	0	1	0	0
2712	0.98	49	0	1	0	0
2713	0.98	49	0	1	0	0
2714	0.98	49	0	1	0	0
2715	0.98	49	0	1	0	0
2716	0.98	49	0	1	0	0
2717	0.98	49	0	1	0	0
2718	0.98	49	0	1	0	0
2719	0.98	49	0	1	0	0
2720	0.98	49	0	1	0	0
2721	0.98	49	0	1	0	0
2722	0.98	49	0	1	0	0
2723	0.98	49	0	1	0	0
2724	0.98	49	0	1	0	0
2725	1.00	50	0	0	0	0
2726	1.00	50	0	0	0	0
2727	1.00	50	0	0	0	0
2728	1.00	50	0	0	0	0
2729	1.00	50	0	0	0	0
2730	1.00	50	0	0	0	0
2731	1.00	50	0	0	0	0
2732	1.00	50	0	0	0	0
2733	1.00	50	0	0	0	0
2734	1.00	50	0	0	0	0
2735	1.00	50	0	0	0	0
2736	1.00	50	0	0	0	0
2737	1.00	50	0	0	0	0
2738	1.00	50	0	0	0	0
2739	1.00	50	0	0	0	0
2740	1.00	50	0	0	0	0
2741	1.00	50	0	0	0	0
2742	1.00	50	0	0	0	0
2743	1.00	50	0	0	0	0
2744	1.00	50	0	0	0	0
2745	1.00	50	0	0	0	0
2746	1.00	50	0	0	0	0
2747	1.00	50	0	0	0	0
2748	1.00	50	0	0	0	0
2749	1.00	50	0	0	0	0
2750	1.00	50	0	0	0	0
2751	1.00	50	0	0	0	0
2752	1.00	50	0	0	0	0
2753	1.00	50	0	0	0	0
2754	1.00	50	0	0	0	0
2755	1.00	50	0	0	0	0
2756	1.00	50	0	0	0	0
2757	1.00	50	0	0	0	0
2758	1.00	50	0	0	0	0
2759	1.00	50	0	0	0	0
2760	1.00	50	0	0	0	0
2761	1.00	50	0	0	0	0
2762	1.00	50	0	0	0	0
2763	1.00	50	0	0	0	0
2764	1.00	50	0	0	0	0
2765	1.00	50	0	0	0	0
2766	1.00	50	0	0	0	0
2767	1.00	50	0	0	0	0
2768	1.00	50	0	0	0	0
2769	1.00	50	0	0	0	0
2770	1.00	50	0	0	0	0
2771	1.00	50	0	0	0	0
2772	1.00	50	0	0	0	0
2773	1.00	50	0	0	0	0
2774	1.00	50	0	0	0	0
2775	1.00	50	0	0	0	0
2776	1.00	50	0	0	0	0
2777	1.00	50	0	0	0	0
2778	1.00	50	0	0	0	0
2779	1.00	50	0	0	0	0
2780	1.00	50	0	0	0	0
2781	1.00	50	0	0	0	0
2782	1.00	50	0	0	0	0
2783	1.00	50	0	0	0	0
2784	1.00	50	0	0	0	0
2785	1.00	50	0	0	0	0
2786	1.00	50	0	0	0	0
2787	1.00	50	0	0	0	0
2788	1.00	50	0	0	0	0
2789	1.00	50	0	0	0	0
2790	1.00	50	0	0	0	0
2791	1.00	50	0	0	0	0
2792	1.00	50	0	0	0	0
2793	1.00	50	0	0	0	0
2794	1.00	50	0	0	0	0
2795	1.00	50	0	0	0	0
2796	1.00	50	0	0	0	0
2797	1.00	50	0	0	0	0
2798	1.00	50	0	0	0	0
2799	1.00	50	0	0	0	0
2800	1.00	50	0	0	0	0
2801	1.00	50	0	0	0	0
2802	1.00	50	0	0	0	0
2803	1.00	50	0	0	0	0
2804	1.00	50	0	0	0	0
2805	1.00	50	0	0	0	0
2806	1.00	50	0	0	0	0
2807	1.00	50	0	0	0	0
2808	1.00	50	0	0	0	0
2809	1.00	50	0	0	0	0
2810	1.00	50	0	0	0	0
2811	1.00	50	0	0	0	0
2812	1.00	50	0	0	0	0
2813	1.00	50	0	0	0	0
2814	1.00	50	0	0	0	0
2815	1.00	50	0	0	0	0
2816	1.00	50	0	0	0	0
2817	1.00	50	0	0	0	0
2818	1.00	50	0	0	0	0
2819	1.00	50	0	0	0	0
2820	1.00	50	0	0	0	0
2821	1.00	50	0	0	0	0
2822	0.98	49	0	0	1	0
2823	0.98	49	0	0	1	0
2824	0.98	49	0	0	1	0
2825	0.98	49	0	0	1	0
2826	0.98	49	0	0	1	0
2827	0.98	49	0	0	1	0
2828	0.98	49	0	0	1	0
2829	0.98	49	0	0	1	0
2830	0.98	49	0	0	1	0
2831	0.98	49	0	0	1	0
2832	0.98	49	0	0	1	0
2833	0.98	49	0	0	1	0
2834	0.98	49	0	0	1	0
2835	0.98	49	0	0	1	0
2836	0.98	49	0	0	1	0
2837	0.98	49	0	0	1	0
2838	0.98	49	0	0	1	0
2839	0.98	49	0	0	1	0
2840	0.98	49	0	0	1	0
2841	0.98	49	0	0	1	0
2842	0.98	49	0	0	1	0
2843	0.98	49	0	0	1	0
2844	0.98	49	0	0	1	0
2845	0.98	49	0	0	1	0
2846	0.98	49	0	0	1	0
2847	0.98	49	0	0	1	0
2848	0.98	49	0	0	1	0
2849	0.98	49	0	0	1	0
2850	0.98	49	0	0	1	0
2851	0.98	49	0	0	1	0
2852	0.98	49	0	0	1	0
2853	0.98	49	0	0	1	0
2854	0.98	49	0	0	1	0
2855	0.98	49	0	0	1	0
2856	0.98	49	0	0	1	0
2857	0.98	49	0	0	1	0
2858	0.98	49	0	0	1	0
2859	0.98	49	0	0	1	0
2860	0.98	49	0	0	1	0
2861	0.98	49	0	0	1	0
2862	0.98	49	0	0	1	0
2863	0.98	49	0	0	1	0
2864	0.98	49	0	0	1	0
2865	0.98	49	0	0	1	0
2866	0.98	49	0	0	1	0
2867	0.98	49	0	0	1	0
2868	0.98	49	0	0	1	0
2869	0.98	49	0	0	1	0
2870	0.98	49	0	0	1	0
2871	0.98	49	0	0	1	0
2872	1.00	50	0	0	0	0
2873	1.00	50	0	0	0	0
2874	0.98	49	0	0	0	1
2875	0.98	49	0	0	0	1
2876	0.98	49	0	0	0	1
2877	0.98	49	0	0	0	1
2878	0.98	49	0	0	0	1
2879	0.98	49	0	0	0	1
2880	0.98	49	0	0	0	1
2881	0.98	49	0	0	0	1
2882	0.98	49	0	0	0	1
2883	0.98	49	0	0	0	1
2884	0.98	49	0	0	0	1
2885	0.98	49	0	0	0	1
2886	0.98	49	0	0	0	1
2887	0.98	49	0	0	0	1
2888	0.98	49	0	0	0	1
2889	0.98	49	0	0	0	1
2890	0.98	49	0	0	0	1
2891	0.98	49	0	0	0	1
2892	0.98	49	0	0	0	1
2893	0.98	49	0	0	0	1
2894	0.98	49	0	0	0	1
2895	0.98	49	0	0	0	1
2896	0.98	49	0	0	0	1
2897	0.98	49	0	0	0	1
2898	0.98	49	0	0	0	1
2899	0.98	49	0	0	0	1
2900	0.98	49	0	0	0	1
2901	0.98	49	0	0	0	1
2902	0.98	49	0	0	0	1
2903	0.98	49	0	0	0	1
2904	0.98	49	0	0	0	1
2905	0.98	49	0	0	0	1
2906	0.98	49	0	0	0	1
2907	0.98	49	0	0	0	1
2908	0.98	49	0	0	0	1
2909	0.98	49	0	0	0	1
2910	0.98	49	0	0	0	1
2911	0.98	49	0	0	0	1
2912	0.98	49	0	0	0	1
2913	0.98	49	0	0	0	1
2914	0.98	49	0	0	0	1
2915	0.98	49	0	0	0	1
2916	0.98	49	0	0	0	1
2917	0.98	49	0	0	0	1
2918	0.96	48	0	0	0	2
2919	0.96	48	0	0	0	2
2920	0.96	48	0	0	0	2
2921	0.96	48	0	0	0	2
2922	0.96	48	0	0	0	2
2923	0.96	48	0	0	0	2
2924	0.98	49	0	0	0	1
2925	0.96	48	0	0	0	2
2926	0.96	48	0	0	0	2
2927	0.96	48	0	0	0	2
2928	0.96	48	0	0	0	2
2929	0.96	48	0	0	0	2
2930	0.96	48	0	0	0	2
2931	0.96	48	0	0	0	2
2932	0.96	48	0	0	0	2
2933	0.96	48	0	0	0	2
2934	0.96	48	0	0	0	2
2935	0.96	48	0	0	0	2
2936	0.96	48	0	0	0	2
2937	0.96	48	0	0	0	2
2938	0.96	48	0	0	0	2
2939	0.96	48	0	0	0	2
2940	0.96	48	0	0	0	2
2941	0.96	48	0	0	0	2
2942	0.96	48	0	0	0	2
2943	0.96	48	0	0	0	2
2944	0.96	48	0	0	0	2
2945	0.96	48	0	0	0	2
2946	0.96	48	0	0	0	2
2947	0.96	48	0	0	0	2
2948	0.96	48	0	0	0	2
2949	0.96	48	0	0	0	2
2950	0.96	48	0	0	0	2
2951	0.96	48	0	0	0	2
2952	0.96	48	0	0	0	2
2953	0.96	48	0	0	0	2
2954	0.96	48	0	0	0	2
2955	0.96	48	0	0	0	2
2956	0.96	48	0	0	0	2
2957	0.96	48	0	0	0	2
2958	0.96	48	0	0	0	2
2959	0.96	48	0	0	0	2
2960	0.96	48	0	0	0	2
2961	0.96	48	0	0	0	2
2962	0.96	48	0	0	0	2
2963	0.96	48	0	0	0	2
2964	0.96	48	0	0	0	2
2965	0.96	48	0	0	0	2
2966	0.96	48	0	0	0	2
2967	0.96	48	0	0	0	2
2968	0.98	49	0	0	0	1
2969	0.98	49	0	0	0	1
2970	0.98	49	0	0	0	1
2971	0.98	49	0	0	0	1
2972	0.98	49	0	0	0	1
2973	0.98	49	0	0	0	1
2974	0.98	49	0	0	0	1
2975	0.98	49	0	0	1	0
2976	0.98	49	0	0	1	0
2977	0.98	49	0	0	1	0
2978	0.98	49	0	0	1	0
2979	0.98	49	0	0	1	0
2980	0.98	49	0	0	1	0
2981	0.98	49	0	0	1	0
2982	0.98	49	0	0	1	0
2983	0.98	49	0	0	1	0
2984	0.98	49	0	0	1	0
2985	0.98	49	0	0	1	0
2986	0.98	49	0	0	1	0
2987	0.98	49	0	0	1	0
2988	0.98	49	0	0	1	0
2989	0.98	49	0	0	1	0
2990	0.98	49	0	0	1	0
2991	0.98	49	0	0	1	0
2992	0.98	49	0	0	1	0
2993	0.98	49	0	0	1	0
2994	0.98	49	0	0	1	0
2995	0.98	49	0	0	1	0
2996	0.98	49	0	0	1	0
2997	0.98	49	0	0	1	0
2998	0.98	49	0	0	1	0
2999	0.98	49	0	0	1	0
