timestep	swarm_quality	color_0	color_1	color_2	color_3	color_4
0	0.70	35	3	3	6	3
1	0.70	35	3	3	6	3
2	0.70	35	3	3	6	3
3	0.68	34	4	3	6	3
4	0.68	34	4	3	6	3
5	0.68	34	4	3	6	3
6	0.68	34	4	3	6	3
7	0.68	34	4	3	6	3
8	0.66	33	4	3	6	4
9	0.66	33	4	3	6	4
10	0.66	33	4	3	6	4
11	0.64	32	4	3	7	4
12	0.64	32	4	3	7	4
13	0.64	32	4	3	7	4
14	0.64	32	4	3	7	4
15	0.62	31	4	4	7	4
16	0.60	30	4	4	7	5
17	0.60	30	4	4	7	5
18	0.60	30	4	4	7	5
19	0.58	29	4	5	7	5
20	0.58	29	4	5	7	5
21	0.58	29	4	5	7	5
22	0.58	29	4	5	7	5
23	0.58	29	4	5	7	5
24	0.56	28	4	6	7	5
25	0.56	28	4	6	7	5
26	0.56	28	4	6	7	5
27	0.56	28	4	6	7	5
28	0.56	28	4	6	7	5
29	0.56	28	4	6	7	5
30	0.56	28	4	6	7	5
31	0.56	28	4	6	7	5
32	0.56	28	4	6	7	5
33	0.54	27	4	6	8	5
34	0.54	27	4	6	8	5
35	0.56	28	3	6	8	5
36	0.58	29	3	6	7	5
37	0.60	30	3	6	6	5
38	0.62	31	2	6	6	5
39	0.64	32	2	6	5	5
40	0.66	33	2	5	5	5
41	0.68	34	1	5	5	5
42	0.70	35	1	5	4	5
43	0.72	36	1	5	4	4
44	0.74	37	1	4	4	4
45	0.74	37	2	3	4	4
46	0.76	38	2	3	4	3
47	0.78	39	2	3	3	3
48	0.80	40	2	3	3	2
49	0.82	41	2	3	2	2
50	0.82	41	2	3	2	2
51	0.82	41	2	3	2	2
52	0.82	41	2	3	2	2
53	0.84	42	1	3	2	2
54	0.84	42	1	3	2	2
55	0.82	41	2	3	2	2
56	0.82	41	2	3	2	2
57	0.82	41	2	3	2	2
58	0.84	42	2	3	2	1
59	0.84	42	2	3	2	1
60	0.82	41	3	3	2	1
61	0.84	42	3	3	1	1
62	0.84	42	3	3	1	1
63	0.84	42	3	3	1	1
64	0.84	42	3	3	1	1
65	0.86	43	3	2	1	1
66	0.88	44	3	2	1	0
67	0.88	44	3	2	1	0
68	0.88	44	3	2	1	0
69	0.90	45	3	1	1	0
70	0.90	45	3	1	1	0
71	0.90	45	3	1	1	0
72	0.90	45	3	1	1	0
73	0.90	45	3	1	1	0
74	0.92	46	3	0	1	0
75	0.92	46	3	0	1	0
76	0.92	46	3	0	1	0
77	0.92	46	3	0	1	0
78	0.92	46	3	0	1	0
79	0.92	46	3	0	1	0
80	0.92	46	3	0	1	0
81	0.92	46	3	0	1	0
82	0.92	46	3	0	1	0
83	0.94	47	3	0	0	0
84	0.94	47	3	0	0	0
85	0.94	47	3	0	0	0
86	0.94	47	3	0	0	0
87	0.94	47	3	0	0	0
88	0.94	47	3	0	0	0
89	0.94	47	3	0	0	0
90	0.94	47	3	0	0	0
91	0.94	47	3	0	0	0
92	0.94	47	3	0	0	0
93	0.94	47	3	0	0	0
94	0.94	47	3	0	0	0
95	0.96	48	2	0	0	0
96	0.96	48	2	0	0	0
97	0.96	48	2	0	0	0
98	0.96	48	2	0	0	0
99	0.96	48	2	0	0	0
100	0.96	48	2	0	0	0
101	0.96	48	2	0	0	0
102	0.96	48	2	0	0	0
103	0.94	47	2	0	0	1
104	0.94	47	2	0	0	1
105	0.96	48	1	0	0	1
106	0.96	48	1	0	0	1
107	0.96	48	1	0	0	1
108	0.96	48	1	0	0	1
109	0.96	48	1	0	0	1
110	0.98	49	0	0	0	1
111	0.98	49	0	0	0	1
112	0.98	49	0	0	0	1
113	0.98	49	0	0	0	1
114	0.98	49	0	0	0	1
115	0.98	49	0	0	0	1
116	0.98	49	0	0	0	1
117	0.98	49	0	0	0	1
118	0.98	49	0	0	0	1
119	0.98	49	0	0	0	1
120	0.98	49	0	0	0	1
121	0.98	49	0	0	0	1
122	0.98	49	0	0	0	1
123	0.98	49	0	0	0	1
124	0.98	49	0	0	0	1
125	0.98	49	0	0	0	1
126	0.98	49	0	0	0	1
127	0.98	49	0	0	0	1
128	0.98	49	0	0	0	1
129	0.98	49	0	0	0	1
130	0.98	49	0	0	0	1
131	0.98	49	0	0	0	1
132	0.98	49	0	0	0	1
133	0.98	49	0	0	0	1
134	0.98	49	0	0	0	1
135	0.98	49	0	0	0	1
136	0.98	49	0	0	0	1
137	0.98	49	0	0	0	1
138	0.98	49	0	0	0	1
139	0.98	49	0	0	0	1
140	0.98	49	0	0	0	1
141	0.96	48	1	0	0	1
142	0.96	48	1	0	0	1
143	0.96	48	1	0	0	1
144	0.96	48	1	0	0	1
145	0.96	48	1	0	0	1
146	0.96	48	1	0	0	1
147	0.96	48	1	0	0	1
148	0.96	48	1	0	0	1
149	0.96	48	1	0	0	1
150	0.96	48	1	0	0	1
151	0.96	48	1	0	0	1
152	0.96	48	1	0	0	1
153	0.98	49	1	0	0	0
154	0.98	49	1	0	0	0
155	0.98	49	1	0	0	0
156	0.98	49	1	0	0	0
157	0.98	49	1	0	0	0
158	0.98	49	1	0	0	0
159	0.98	49	1	0	0	0
160	0.98	49	1	0	0	0
161	0.98	49	1	0	0	0
162	0.98	49	1	0	0	0
163	0.98	49	1	0	0	0
164	0.98	49	1	0	0	0
165	0.98	49	1	0	0	0
166	0.98	49	1	0	0	0
167	0.98	49	1	0	0	0
168	0.98	49	1	0	0	0
169	0.98	49	1	0	0	0
170	0.98	49	1	0	0	0
171	0.98	49	1	0	0	0
172	0.98	49	1	0	0	0
173	0.98	49	1	0	0	0
174	0.98	49	1	0	0	0
175	0.98	49	1	0	0	0
176	0.98	49	1	0	0	0
177	0.98	49	1	0	0	0
178	0.98	49	1	0	0	0
179	0.98	49	1	0	0	0
180	0.96	48	1	0	1	0
181	0.96	48	1	0	1	0
182	0.96	48	1	0	1	0
183	0.96	48	1	0	1	0
184	0.96	48	1	0	1	0
185	0.96	48	1	0	1	0
186	0.96	48	1	0	1	0
187	0.96	48	1	0	1	0
188	0.96	48	1	0	1	0
189	0.96	48	1	0	1	0
190	0.96	48	1	0	1	0
191	0.98	49	0	0	1	0
192	0.98	49	0	0	1	0
193	0.98	49	0	0	1	0
194	0.98	49	0	0	1	0
195	0.98	49	0	0	1	0
196	0.98	49	0	0	1	0
197	0.98	49	0	0	1	0
198	0.98	49	0	0	1	0
199	0.98	49	0	0	1	0
200	0.98	49	0	0	1	0
201	0.98	49	0	0	1	0
202	0.98	49	0	0	1	0
203	0.98	49	0	0	1	0
204	0.98	49	0	0	1	0
205	0.98	49	0	0	1	0
206	0.98	49	0	0	1	0
207	0.98	49	0	0	1	0
208	0.98	49	0	0	1	0
209	0.98	49	0	0	1	0
210	0.98	49	0	0	1	0
211	0.98	49	0	0	1	0
212	0.98	49	0	0	1	0
213	0.98	49	0	0	1	0
214	0.98	49	0	0	1	0
215	0.98	49	0	0	1	0
216	0.98	49	0	0	1	0
217	0.98	49	0	0	1	0
218	0.98	49	0	0	1	0
219	0.98	49	0	0	1	0
220	0.98	49	0	0	1	0
221	0.98	49	0	0	1	0
222	0.98	49	0	0	1	0
223	0.98	49	0	0	1	0
224	0.98	49	0	0	1	0
225	0.98	49	0	0	1	0
226	0.98	49	0	0	1	0
227	0.98	49	0	0	1	0
228	0.98	49	0	0	1	0
229	0.98	49	0	0	1	0
230	1.00	50	0	0	0	0
231	1.00	50	0	0	0	0
232	1.00	50	0	0	0	0
233	1.00	50	0	0	0	0
234	1.00	50	0	0	0	0
235	1.00	50	0	0	0	0
236	1.00	50	0	0	0	0
237	1.00	50	0	0	0	0
238	1.00	50	0	0	0	0
239	1.00	50	0	0	0	0
240	1.00	50	0	0	0	0
241	1.00	50	0	0	0	0
242	1.00	50	0	0	0	0
243	1.00	50	0	0	0	0
244	1.00	50	0	0	0	0
245	1.00	50	0	0	0	0
246	1.00	50	0	0	0	0
247	1.00	50	0	0	0	0
248	1.00	50	0	0	0	0
249	1.00	50	0	0	0	0
250	1.00	50	0	0	0	0
251	1.00	50	0	0	0	0
252	1.00	50	0	0	0	0
253	1.00	50	0	0	0	0
254	1.00	50	0	0	0	0
255	1.00	50	0	0	0	0
256	1.00	50	0	0	0	0
257	1.00	50	0	0	0	0
258	1.00	50	0	0	0	0
259	1.00	50	0	0	0	0
260	1.00	50	0	0	0	0
261	1.00	50	0	0	0	0
262	1.00	50	0	0	0	0
263	1.00	50	0	0	0	0
264	1.00	50	0	0	0	0
265	1.00	50	0	0	0	0
266	1.00	50	0	0	0	0
267	1.00	50	0	0	0	0
268	1.00	50	0	0	0	0
269	1.00	50	0	0	0	0
270	0.98	49	0	0	1	0
271	0.98	49	0	0	1	0
272	0.98	49	0	0	1	0
273	0.98	49	0	0	1	0
274	0.98	49	0	0	1	0
275	0.98	49	0	0	1	0
276	0.98	49	0	0	1	0
277	0.98	49	0	0	1	0
278	0.98	49	0	0	1	0
279	0.98	49	0	0	1	0
280	0.98	49	0	0	1	0
281	0.98	49	0	0	1	0
282	0.98	49	0	0	1	0
283	0.98	49	0	0	1	0
284	0.98	49	0	0	1	0
285	0.98	49	0	0	1	0
286	0.98	49	0	0	1	0
287	0.98	49	0	0	1	0
288	0.98	49	0	0	1	0
289	0.98	49	0	0	1	0
290	0.98	49	0	0	1	0
291	0.98	49	0	0	1	0
292	0.98	49	0	0	1	0
293	0.98	49	0	0	1	0
294	0.98	49	0	0	1	0
295	0.98	49	0	0	1	0
296	0.98	49	0	0	1	0
297	0.98	49	0	0	1	0
298	0.98	49	0	0	1	0
299	0.98	49	0	0	1	0
300	0.98	49	0	0	1	0
301	0.98	49	0	0	1	0
302	0.98	49	0	0	1	0
303	0.98	49	0	0	1	0
304	0.98	49	0	0	1	0
305	0.98	49	0	0	1	0
306	0.98	49	0	0	1	0
307	0.98	49	0	0	1	0
308	0.98	49	0	0	1	0
309	0.98	49	0	0	1	0
310	0.98	49	0	0	1	0
311	0.98	49	0	0	1	0
312	0.98	49	0	0	1	0
313	0.98	49	0	0	1	0
314	0.98	49	0	0	1	0
315	0.98	49	0	0	1	0
316	0.98	49	0	0	1	0
317	0.98	49	0	0	1	0
318	0.98	49	0	0	1	0
319	0.96	48	0	0	2	0
320	0.98	49	0	0	1	0
321	0.98	49	0	0	1	0
322	0.96	48	0	1	1	0
323	0.96	48	0	1	1	0
324	0.96	48	0	1	1	0
325	0.96	48	0	1	1	0
326	0.96	48	0	1	1	0
327	0.96	48	0	1	1	0
328	0.96	48	0	1	1	0
329	0.96	48	0	1	1	0
330	0.96	48	0	1	1	0
331	0.96	48	0	1	1	0
332	0.96	48	0	1	1	0
333	0.96	48	0	1	1	0
334	0.96	48	0	1	1	0
335	0.96	48	0	1	1	0
336	0.96	48	0	1	1	0
337	0.96	48	0	1	1	0
338	0.96	48	0	1	1	0
339	0.96	48	0	1	1	0
340	0.96	48	0	1	1	0
341	0.96	48	0	1	1	0
342	0.96	48	0	1	1	0
343	0.96	48	0	1	1	0
344	0.96	48	0	1	1	0
345	0.96	48	0	1	1	0
346	0.96	48	0	1	1	0
347	0.96	48	0	1	1	0
348	0.96	48	0	1	1	0
349	0.96	48	0	1	1	0
350	0.96	48	0	1	1	0
351	0.96	48	0	1	1	0
352	0.96	48	0	1	1	0
353	0.96	48	0	1	1	0
354	0.96	48	0	1	1	0
355	0.96	48	0	1	1	0
356	0.96	48	0	1	1	0
357	0.96	48	0	1	1	0
358	0.96	48	0	1	1	0
359	0.96	48	0	1	1	0
360	0.96	48	0	1	1	0
361	0.96	48	0	1	1	0
362	0.96	48	0	1	1	0
363	0.96	48	0	1	1	0
364	0.96	48	0	1	1	0
365	0.96	48	0	1	1	0
366	0.96	48	0	1	1	0
367	0.96	48	0	1	1	0
368	0.96	48	0	1	1	0
369	0.98	49	0	1	0	0
370	0.98	49	0	1	0	0
371	0.98	49	0	1	0	0
372	1.00	50	0	0	0	0
373	1.00	50	0	0	0	0
374	1.00	50	0	0	0	0
375	1.00	50	0	0	0	0
376	1.00	50	0	0	0	0
377	1.00	50	0	0	0	0
378	1.00	50	0	0	0	0
379	1.00	50	0	0	0	0
380	1.00	50	0	0	0	0
381	1.00	50	0	0	0	0
382	1.00	50	0	0	0	0
383	1.00	50	0	0	0	0
384	1.00	50	0	0	0	0
385	1.00	50	0	0	0	0
386	0.98	49	0	1	0	0
387	0.98	49	0	1	0	0
388	0.98	49	0	1	0	0
389	0.98	49	0	1	0	0
390	0.98	49	0	1	0	0
391	0.98	49	0	1	0	0
392	0.98	49	0	1	0	0
393	0.98	49	0	1	0	0
394	0.98	49	0	1	0	0
395	0.98	49	0	1	0	0
396	0.98	49	0	1	0	0
397	0.98	49	0	1	0	0
398	0.98	49	0	1	0	0
399	0.98	49	0	1	0	0
400	0.98	49	0	1	0	0
401	0.98	49	0	1	0	0
402	0.98	49	0	1	0	0
403	0.98	49	0	1	0	0
404	0.98	49	0	1	0	0
405	0.98	49	0	1	0	0
406	0.98	49	0	1	0	0
407	0.98	49	0	1	0	0
408	0.98	49	0	1	0	0
409	0.98	49	0	1	0	0
410	0.98	49	0	1	0	0
411	0.98	49	0	1	0	0
412	0.98	49	0	1	0	0
413	0.98	49	0	1	0	0
414	0.98	49	0	1	0	0
415	0.98	49	0	1	0	0
416	0.98	49	0	1	0	0
417	0.98	49	0	1	0	0
418	0.98	49	0	1	0	0
419	0.98	49	0	1	0	0
420	0.98	49	0	1	0	0
421	0.98	49	0	1	0	0
422	0.96	48	1	1	0	0
423	0.96	48	1	1	0	0
424	0.96	48	1	1	0	0
425	0.96	48	1	1	0	0
426	0.96	48	1	1	0	0
427	0.96	48	1	1	0	0
428	0.96	48	1	1	0	0
429	0.96	48	1	1	0	0
430	0.96	48	1	1	0	0
431	0.96	48	1	1	0	0
432	0.96	48	1	1	0	0
433	0.96	48	1	1	0	0
434	0.96	48	1	1	0	0
435	0.96	48	1	1	0	0
436	0.98	49	1	0	0	0
437	0.98	49	1	0	0	0
438	0.98	49	1	0	0	0
439	0.98	49	1	0	0	0
440	0.98	49	1	0	0	0
441	0.98	49	1	0	0	0
442	0.98	49	1	0	0	0
443	0.98	49	1	0	0	0
444	0.98	49	1	0	0	0
445	0.98	49	1	0	0	0
446	0.98	49	1	0	0	0
447	0.98	49	1	0	0	0
448	0.98	49	1	0	0	0
449	0.98	49	1	0	0	0
450	0.98	49	1	0	0	0
451	0.98	49	1	0	0	0
452	0.98	49	1	0	0	0
453	0.98	49	1	0	0	0
454	0.98	49	1	0	0	0
455	0.98	49	1	0	0	0
456	0.98	49	1	0	0	0
457	0.98	49	1	0	0	0
458	0.98	49	1	0	0	0
459	0.98	49	1	0	0	0
460	0.98	49	1	0	0	0
461	0.98	49	1	0	0	0
462	0.96	48	1	1	0	0
463	0.96	48	1	1	0	0
464	0.96	48	1	1	0	0
465	0.96	48	1	1	0	0
466	0.96	48	1	1	0	0
467	0.96	48	1	1	0	0
468	0.96	48	1	1	0	0
469	0.96	48	1	1	0	0
470	0.96	48	1	1	0	0
471	0.96	48	1	1	0	0
472	0.96	48	0	1	0	1
473	0.96	48	0	1	0	1
474	0.96	48	0	1	0	1
475	0.96	48	0	1	0	1
476	0.96	48	0	1	0	1
477	0.94	47	0	2	0	1
478	0.92	46	1	2	0	1
479	0.92	46	1	2	0	1
480	0.92	46	1	2	0	1
481	0.92	46	1	2	0	1
482	0.92	46	1	2	0	1
483	0.92	46	1	2	0	1
484	0.92	46	1	2	0	1
485	0.92	46	1	2	0	1
486	0.92	46	1	2	0	1
487	0.90	45	1	3	0	1
488	0.90	45	1	3	0	1
489	0.90	45	1	3	0	1
490	0.90	45	1	3	0	1
491	0.90	45	1	3	0	1
492	0.90	45	1	3	0	1
493	0.90	45	1	3	0	1
494	0.90	45	1	3	0	1
495	0.90	45	1	3	0	1
496	0.90	45	1	3	0	1
497	0.90	45	1	3	0	1
498	0.88	44	1	4	0	1
499	0.88	44	1	4	0	1
500	0.02	44	1	4	0	1
501	0.02	44	1	4	0	1
502	0.02	44	1	4	0	1
503	0.02	44	1	4	0	1
504	0.02	44	1	4	0	1
505	0.02	44	1	4	0	1
506	0.02	44	1	4	0	1
507	0.02	44	1	4	0	1
508	0.04	43	2	4	0	1
509	0.04	43	2	4	0	1
510	0.06	42	3	4	0	1
511	0.06	42	3	4	0	1
512	0.06	43	3	3	0	1
513	0.06	43	3	3	0	1
514	0.06	42	3	3	0	2
515	0.06	42	3	3	0	2
516	0.06	42	3	3	0	2
517	0.06	42	3	3	0	2
518	0.06	42	3	3	0	2
519	0.06	42	3	3	0	2
520	0.06	42	3	3	0	2
521	0.08	41	4	3	0	2
522	0.08	42	4	3	0	1
523	0.08	42	4	3	0	1
524	0.08	42	4	3	0	1
525	0.08	41	4	3	1	1
526	0.08	41	4	3	1	1
527	0.08	42	4	2	1	1
528	0.06	43	3	2	1	1
529	0.06	43	3	2	1	1
530	0.06	43	3	2	1	1
531	0.06	43	3	2	1	1
532	0.08	42	4	2	1	1
533	0.08	42	4	2	1	1
534	0.08	42	4	2	1	1
535	0.08	41	4	2	2	1
536	0.08	41	4	2	2	1
537	0.08	42	4	1	2	1
538	0.08	42	4	1	2	1
539	0.08	42	4	1	2	1
540	0.08	42	4	1	2	1
541	0.08	42	4	1	2	1
542	0.10	41	5	1	2	1
543	0.12	40	6	1	2	1
544	0.14	39	7	1	2	1
545	0.14	39	7	1	2	1
546	0.14	39	7	1	2	1
547	0.14	39	7	1	2	1
548	0.16	39	8	0	2	1
549	0.18	38	9	0	2	1
550	0.18	38	9	0	2	1
551	0.20	37	10	0	2	1
552	0.20	37	10	0	2	1
553	0.20	37	10	0	2	1
554	0.22	36	11	0	2	1
555	0.22	35	11	0	3	1
556	0.24	34	12	0	3	1
557	0.24	34	12	0	3	1
558	0.22	35	11	0	3	1
559	0.22	35	11	0	3	1
560	0.22	35	11	0	3	1
561	0.22	34	11	0	4	1
562	0.22	34	11	0	4	1
563	0.24	33	12	0	4	1
564	0.24	34	12	0	4	0
565	0.26	33	13	0	4	0
566	0.26	33	13	0	4	0
567	0.26	33	13	0	4	0
568	0.28	32	14	0	4	0
569	0.30	31	15	0	4	0
570	0.30	31	15	0	4	0
571	0.28	32	14	0	4	0
572	0.30	31	15	0	4	0
573	0.30	31	15	0	4	0
574	0.32	30	16	0	4	0
575	0.34	30	17	0	3	0
576	0.36	29	18	0	3	0
577	0.38	28	19	0	3	0
578	0.38	28	19	0	3	0
579	0.40	27	20	0	3	0
580	0.40	27	20	0	3	0
581	0.40	27	20	0	3	0
582	0.38	28	19	0	3	0
583	0.38	27	19	1	3	0
584	0.38	27	19	1	3	0
585	0.40	27	20	1	2	0
586	0.42	26	21	1	2	0
587	0.44	25	22	1	2	0
588	0.46	24	23	1	2	0
589	0.48	23	24	1	2	0
590	0.48	23	24	1	2	0
591	0.50	22	25	1	2	0
592	0.50	22	25	1	2	0
593	0.50	22	25	1	2	0
594	0.50	22	25	1	2	0
595	0.52	21	26	1	2	0
596	0.54	20	27	1	2	0
597	0.54	20	27	1	2	0
598	0.52	21	26	1	2	0
599	0.52	21	26	1	2	0
600	0.54	20	27	1	2	0
601	0.54	20	27	1	2	0
602	0.56	19	28	1	2	0
603	0.58	18	29	1	2	0
604	0.56	19	28	1	2	0
605	0.56	20	28	1	1	0
606	0.56	20	28	1	1	0
607	0.58	19	29	1	1	0
608	0.60	18	30	1	1	0
609	0.62	17	31	1	1	0
610	0.62	17	31	1	1	0
611	0.64	17	32	1	0	0
612	0.64	16	32	1	0	1
613	0.64	16	32	1	0	1
614	0.64	16	32	1	0	1
615	0.64	16	32	1	0	1
616	0.66	15	33	1	0	1
617	0.68	14	34	1	0	1
618	0.66	15	33	1	0	1
619	0.66	15	33	1	0	1
620	0.68	14	34	1	0	1
621	0.68	13	34	1	1	1
622	0.68	13	34	1	1	1
623	0.70	12	35	1	1	1
624	0.70	12	35	1	1	1
625	0.70	12	35	1	1	1
626	0.70	12	35	1	1	1
627	0.70	12	35	1	1	1
628	0.72	11	36	1	1	1
629	0.72	11	36	1	1	1
630	0.74	10	37	1	1	1
631	0.76	9	38	1	1	1
632	0.78	8	39	1	1	1
633	0.80	8	40	0	1	1
634	0.82	7	41	0	1	1
635	0.82	7	41	0	1	1
636	0.82	7	41	0	1	1
637	0.82	7	41	0	1	1
638	0.82	7	41	0	1	1
639	0.82	7	41	0	1	1
640	0.84	6	42	0	1	1
641	0.84	6	42	0	1	1
642	0.84	6	42	0	1	1
643	0.84	6	42	0	1	1
644	0.84	6	42	0	1	1
645	0.84	6	42	0	1	1
646	0.84	6	42	0	1	1
647	0.86	5	43	0	1	1
648	0.88	4	44	0	1	1
649	0.88	4	44	0	1	1
650	0.88	4	44	0	1	1
651	0.88	4	44	0	1	1
652	0.88	4	44	0	1	1
653	0.88	4	44	0	1	1
654	0.90	3	45	0	1	1
655	0.92	2	46	0	1	1
656	0.92	2	46	0	1	1
657	0.92	2	46	0	1	1
658	0.90	3	45	0	1	1
659	0.90	3	45	0	1	1
660	0.88	4	44	0	1	1
661	0.88	4	44	0	1	1
662	0.90	4	45	0	1	0
663	0.90	4	45	0	1	0
664	0.92	3	46	0	1	0
665	0.92	3	46	0	1	0
666	0.92	3	46	0	1	0
667	0.92	3	46	0	1	0
668	0.94	2	47	0	1	0
669	0.94	2	47	0	1	0
670	0.94	2	47	0	1	0
671	0.96	2	48	0	0	0
672	0.96	2	48	0	0	0
673	0.96	2	48	0	0	0
674	0.96	2	48	0	0	0
675	0.96	2	48	0	0	0
676	0.96	2	48	0	0	0
677	0.96	2	48	0	0	0
678	0.96	2	48	0	0	0
679	0.96	2	48	0	0	0
680	0.96	2	48	0	0	0
681	0.96	2	48	0	0	0
682	0.96	2	48	0	0	0
683	0.96	2	48	0	0	0
684	0.96	2	48	0	0	0
685	0.96	2	48	0	0	0
686	0.96	2	48	0	0	0
687	0.96	2	48	0	0	0
688	0.96	2	48	0	0	0
689	0.96	2	48	0	0	0
690	0.96	2	48	0	0	0
691	0.96	2	48	0	0	0
692	0.96	2	48	0	0	0
693	0.96	2	48	0	0	0
694	0.96	2	48	0	0	0
695	0.96	2	48	0	0	0
696	0.96	2	48	0	0	0
697	0.96	2	48	0	0	0
698	0.96	2	48	0	0	0
699	0.96	2	48	0	0	0
700	0.96	2	48	0	0	0
701	0.96	2	48	0	0	0
702	0.96	2	48	0	0	0
703	0.96	2	48	0	0	0
704	0.96	2	48	0	0	0
705	0.96	2	48	0	0	0
706	0.96	2	48	0	0	0
707	0.96	2	48	0	0	0
708	0.98	1	49	0	0	0
709	0.98	1	49	0	0	0
710	1.00	0	50	0	0	0
711	1.00	0	50	0	0	0
712	1.00	0	50	0	0	0
713	1.00	0	50	0	0	0
714	1.00	0	50	0	0	0
715	1.00	0	50	0	0	0
716	1.00	0	50	0	0	0
717	1.00	0	50	0	0	0
718	1.00	0	50	0	0	0
719	1.00	0	50	0	0	0
720	1.00	0	50	0	0	0
721	1.00	0	50	0	0	0
722	1.00	0	50	0	0	0
723	1.00	0	50	0	0	0
724	1.00	0	50	0	0	0
725	1.00	0	50	0	0	0
726	1.00	0	50	0	0	0
727	1.00	0	50	0	0	0
728	1.00	0	50	0	0	0
729	1.00	0	50	0	0	0
730	1.00	0	50	0	0	0
731	1.00	0	50	0	0	0
732	1.00	0	50	0	0	0
733	1.00	0	50	0	0	0
734	1.00	0	50	0	0	0
735	1.00	0	50	0	0	0
736	1.00	0	50	0	0	0
737	1.00	0	50	0	0	0
738	1.00	0	50	0	0	0
739	1.00	0	50	0	0	0
740	1.00	0	50	0	0	0
741	1.00	0	50	0	0	0
742	1.00	0	50	0	0	0
743	1.00	0	50	0	0	0
744	1.00	0	50	0	0	0
745	1.00	0	50	0	0	0
746	1.00	0	50	0	0	0
747	1.00	0	50	0	0	0
748	1.00	0	50	0	0	0
749	1.00	0	50	0	0	0
750	1.00	0	50	0	0	0
751	1.00	0	50	0	0	0
752	1.00	0	50	0	0	0
753	1.00	0	50	0	0	0
754	1.00	0	50	0	0	0
755	1.00	0	50	0	0	0
756	1.00	0	50	0	0	0
757	1.00	0	50	0	0	0
758	1.00	0	50	0	0	0
759	1.00	0	50	0	0	0
760	1.00	0	50	0	0	0
761	1.00	0	50	0	0	0
762	1.00	0	50	0	0	0
763	1.00	0	50	0	0	0
764	1.00	0	50	0	0	0
765	1.00	0	50	0	0	0
766	1.00	0	50	0	0	0
767	1.00	0	50	0	0	0
768	1.00	0	50	0	0	0
769	1.00	0	50	0	0	0
770	1.00	0	50	0	0	0
771	1.00	0	50	0	0	0
772	1.00	0	50	0	0	0
773	1.00	0	50	0	0	0
774	1.00	0	50	0	0	0
775	1.00	0	50	0	0	0
776	1.00	0	50	0	0	0
777	1.00	0	50	0	0	0
778	1.00	0	50	0	0	0
779	1.00	0	50	0	0	0
780	1.00	0	50	0	0	0
781	1.00	0	50	0	0	0
782	1.00	0	50	0	0	0
783	1.00	0	50	0	0	0
784	1.00	0	50	0	0	0
785	1.00	0	50	0	0	0
786	1.00	0	50	0	0	0
787	0.98	1	49	0	0	0
788	0.98	1	49	0	0	0
789	0.98	1	49	0	0	0
790	0.98	1	49	0	0	0
791	0.98	1	49	0	0	0
792	0.98	1	49	0	0	0
793	0.98	1	49	0	0	0
794	0.98	1	49	0	0	0
795	0.98	1	49	0	0	0
796	0.98	1	49	0	0	0
797	0.96	1	48	0	1	0
798	0.96	1	48	0	1	0
799	0.96	1	48	0	1	0
800	0.96	1	48	0	1	0
801	0.96	1	48	0	1	0
802	0.96	1	48	0	1	0
803	0.96	1	48	0	1	0
804	0.96	1	48	0	1	0
805	0.96	1	48	0	1	0
806	0.96	1	48	0	1	0
807	0.96	1	48	0	1	0
808	0.96	1	48	0	1	0
809	0.96	1	48	0	1	0
810	0.96	1	48	0	1	0
811	0.96	1	48	0	1	0
812	0.96	1	48	0	1	0
813	0.96	1	48	0	1	0
814	0.96	1	48	0	1	0
815	0.96	1	48	0	1	0
816	0.96	1	48	0	1	0
817	0.96	1	48	0	1	0
818	0.96	1	48	0	1	0
819	0.96	1	48	0	1	0
820	0.96	1	48	0	1	0
821	0.96	1	48	0	1	0
822	0.96	1	48	0	1	0
823	0.96	1	48	0	1	0
824	0.96	1	48	0	1	0
825	0.96	1	48	0	1	0
826	0.96	1	48	0	1	0
827	0.94	1	47	0	2	0
828	0.94	1	47	0	2	0
829	0.94	1	47	0	2	0
830	0.94	1	47	0	2	0
831	0.94	1	47	0	2	0
832	0.94	1	47	0	2	0
833	0.92	2	46	0	2	0
834	0.92	2	46	0	2	0
835	0.92	2	46	0	2	0
836	0.92	2	46	0	2	0
837	0.94	1	47	0	2	0
838	0.94	1	47	0	2	0
839	0.94	1	47	0	2	0
840	0.94	1	47	0	2	0
841	0.94	1	47	0	2	0
842	0.94	1	47	0	2	0
843	0.94	1	47	0	2	0
844	0.94	1	47	0	2	0
845	0.94	1	47	0	2	0
846	0.94	1	47	0	2	0
847	0.96	1	48	0	1	0
848	0.96	1	48	0	1	0
849	0.96	1	48	0	1	0
850	0.96	1	48	0	1	0
851	0.96	1	48	0	1	0
852	0.96	1	48	0	1	0
853	0.96	1	48	0	1	0
854	0.96	1	48	0	1	0
855	0.96	1	48	0	1	0
856	0.96	1	48	0	1	0
857	0.96	1	48	0	1	0
858	0.96	1	48	0	1	0
859	0.96	1	48	0	1	0
860	0.96	1	48	0	1	0
861	0.96	1	48	0	1	0
862	0.96	1	48	0	1	0
863	0.96	1	48	0	1	0
864	0.96	1	48	0	1	0
865	0.96	1	48	0	1	0
866	0.96	1	48	0	1	0
867	0.96	1	48	0	1	0
868	0.96	1	48	0	1	0
869	0.96	1	48	0	1	0
870	0.96	1	48	0	1	0
871	0.96	1	48	0	1	0
872	0.96	1	48	0	1	0
873	0.96	1	48	0	1	0
874	0.96	1	48	0	1	0
875	0.96	1	48	0	1	0
876	0.96	1	48	0	1	0
877	0.98	1	49	0	0	0
878	0.98	1	49	0	0	0
879	0.98	1	49	0	0	0
880	0.98	1	49	0	0	0
881	0.98	1	49	0	0	0
882	0.98	1	49	0	0	0
883	1.00	0	50	0	0	0
884	1.00	0	50	0	0	0
885	1.00	0	50	0	0	0
886	1.00	0	50	0	0	0
887	1.00	0	50	0	0	0
888	1.00	0	50	0	0	0
889	1.00	0	50	0	0	0
890	1.00	0	50	0	0	0
891	1.00	0	50	0	0	0
892	1.00	0	50	0	0	0
893	1.00	0	50	0	0	0
894	1.00	0	50	0	0	0
895	1.00	0	50	0	0	0
896	1.00	0	50	0	0	0
897	1.00	0	50	0	0	0
898	1.00	0	50	0	0	0
899	1.00	0	50	0	0	0
900	1.00	0	50	0	0	0
901	1.00	0	50	0	0	0
902	1.00	0	50	0	0	0
903	0.98	0	49	0	0	1
904	0.98	0	49	0	0	1
905	0.98	0	49	0	0	1
906	0.98	0	49	0	0	1
907	0.98	0	49	0	0	1
908	0.98	0	49	0	0	1
909	0.98	0	49	0	0	1
910	0.98	0	49	0	0	1
911	0.98	0	49	0	0	1
912	0.98	0	49	0	0	1
913	0.98	0	49	0	0	1
914	0.98	0	49	0	0	1
915	0.98	0	49	0	0	1
916	0.98	0	49	0	0	1
917	0.98	0	49	0	0	1
918	0.98	0	49	0	0	1
919	0.98	0	49	0	0	1
920	0.98	0	49	0	0	1
921	0.98	0	49	0	0	1
922	0.98	0	49	0	0	1
923	0.98	0	49	0	0	1
924	0.98	0	49	0	0	1
925	0.98	0	49	0	0	1
926	0.98	0	49	0	0	1
927	0.98	0	49	0	0	1
928	0.98	0	49	0	0	1
929	0.98	0	49	0	0	1
930	0.98	0	49	0	0	1
931	0.98	0	49	0	0	1
932	0.98	0	49	0	0	1
933	0.98	0	49	0	0	1
934	0.98	0	49	0	0	1
935	0.98	0	49	0	0	1
936	0.98	0	49	0	0	1
937	0.98	0	49	0	0	1
938	0.98	0	49	0	0	1
939	0.98	0	49	0	0	1
940	0.98	0	49	0	0	1
941	0.98	0	49	0	0	1
942	0.98	0	49	0	0	1
943	0.98	0	49	0	0	1
944	0.98	0	49	0	0	1
945	0.98	0	49	0	0	1
946	0.98	0	49	0	0	1
947	0.98	0	49	0	0	1
948	0.98	0	49	0	0	1
949	0.98	0	49	0	0	1
950	0.98	0	49	0	0	1
951	0.98	0	49	0	0	1
952	0.98	0	49	0	0	1
953	1.00	0	50	0	0	0
954	1.00	0	50	0	0	0
955	1.00	0	50	0	0	0
956	1.00	0	50	0	0	0
957	1.00	0	50	0	0	0
958	1.00	0	50	0	0	0
959	1.00	0	50	0	0	0
960	1.00	0	50	0	0	0
961	1.00	0	50	0	0	0
962	1.00	0	50	0	0	0
963	1.00	0	50	0	0	0
964	1.00	0	50	0	0	0
965	1.00	0	50	0	0	0
966	1.00	0	50	0	0	0
967	0.98	0	49	0	0	1
968	0.98	0	49	0	0	1
969	0.98	0	49	0	0	1
970	0.98	0	49	0	0	1
971	0.98	0	49	0	0	1
972	0.98	0	49	0	0	1
973	0.98	0	49	0	0	1
974	0.98	0	49	0	0	1
975	0.98	0	49	0	0	1
976	0.98	0	49	0	0	1
977	0.98	0	49	0	0	1
978	0.98	0	49	0	0	1
979	0.98	0	49	0	0	1
980	0.98	0	49	0	0	1
981	0.98	0	49	0	0	1
982	0.98	0	49	0	0	1
983	0.98	0	49	0	0	1
984	0.98	0	49	0	0	1
985	0.98	0	49	0	0	1
986	0.98	0	49	0	0	1
987	0.98	0	49	0	0	1
988	0.98	0	49	0	0	1
989	0.98	0	49	0	0	1
990	0.98	0	49	0	0	1
991	0.98	0	49	0	0	1
992	0.98	0	49	0	0	1
993	0.98	0	49	0	0	1
994	0.98	0	49	0	0	1
995	0.96	0	48	0	1	1
996	0.94	0	47	0	2	1
997	0.94	0	47	0	2	1
998	0.94	0	47	0	2	1
999	0.94	0	47	0	2	1
1000	0.00	0	47	0	2	1
1001	0.02	0	46	1	2	1
1002	0.02	0	46	1	2	1
1003	0.04	0	45	2	2	1
1004	0.04	0	45	2	2	1
1005	0.04	0	45	2	2	1
1006	0.04	0	45	2	2	1
1007	0.04	0	45	2	2	1
1008	0.06	0	44	3	2	1
1009	0.06	0	44	3	2	1
1010	0.08	0	43	4	2	1
1011	0.08	0	43	4	2	1
1012	0.08	0	43	4	2	1
1013	0.08	0	43	4	2	1
1014	0.08	0	43	4	2	1
1015	0.10	0	42	5	2	1
1016	0.12	0	41	6	2	1
1017	0.12	0	41	6	3	0
1018	0.12	0	41	6	3	0
1019	0.12	0	41	6	3	0
1020	0.14	0	40	7	3	0
1021	0.14	0	40	7	3	0
1022	0.14	0	40	7	3	0
1023	0.14	0	40	7	3	0
1024	0.14	0	40	7	3	0
1025	0.16	0	39	8	3	0
1026	0.16	0	39	8	3	0
1027	0.16	0	39	8	3	0
1028	0.18	0	38	9	3	0
1029	0.18	0	38	9	3	0
1030	0.20	0	37	10	3	0
1031	0.22	0	36	11	3	0
1032	0.22	0	36	11	3	0
1033	0.24	0	35	12	3	0
1034	0.24	0	35	12	3	0
1035	0.24	0	35	12	3	0
1036	0.24	0	35	12	3	0
1037	0.24	0	35	12	3	0
1038	0.24	0	35	12	3	0
1039	0.24	0	35	12	3	0
1040	0.24	0	35	12	3	0
1041	0.26	0	34	13	3	0
1042	0.26	0	34	13	3	0
1043	0.26	0	34	13	3	0
1044	0.28	0	33	14	3	0
1045	0.28	0	34	14	2	0
1046	0.28	0	35	14	1	0
1047	0.30	0	34	15	1	0
1048	0.32	0	33	16	1	0
1049	0.34	0	32	17	1	0
1050	0.34	0	32	17	1	0
1051	0.32	0	33	16	1	0
1052	0.32	0	32	16	2	0
1053	0.30	0	33	15	2	0
1054	0.30	0	33	15	2	0
1055	0.30	0	33	15	2	0
1056	0.32	0	32	16	2	0
1057	0.34	0	31	17	2	0
1058	0.32	0	32	16	2	0
1059	0.32	0	32	16	2	0
1060	0.30	0	33	15	2	0
1061	0.32	0	32	16	2	0
1062	0.32	0	31	16	3	0
1063	0.34	0	30	17	3	0
1064	0.34	0	30	17	3	0
1065	0.34	0	30	17	3	0
1066	0.34	0	30	17	3	0
1067	0.36	0	30	18	2	0
1068	0.38	0	29	19	2	0
1069	0.40	0	28	20	2	0
1070	0.40	0	28	20	2	0
1071	0.40	0	28	20	2	0
1072	0.42	0	27	21	2	0
1073	0.42	0	27	21	2	0
1074	0.44	0	26	22	2	0
1075	0.44	0	26	22	2	0
1076	0.46	0	25	23	2	0
1077	0.46	0	25	23	2	0
1078	0.46	0	25	23	2	0
1079	0.48	0	24	24	2	0
1080	0.48	0	24	24	2	0
1081	0.48	0	24	24	2	0
1082	0.50	0	23	25	2	0
1083	0.50	0	23	25	2	0
1084	0.52	0	22	26	2	0
1085	0.52	0	21	26	2	1
1086	0.54	0	20	27	2	1
1087	0.56	0	19	28	2	1
1088	0.58	0	18	29	2	1
1089	0.60	0	17	30	2	1
1090	0.62	0	16	31	2	1
1091	0.62	0	16	31	2	1
1092	0.64	0	15	32	2	1
1093	0.66	0	14	33	2	1
1094	0.66	0	14	33	2	1
1095	0.68	0	13	34	2	1
1096	0.70	0	12	35	2	1
1097	0.70	0	12	35	2	1
1098	0.70	0	12	35	2	1
1099	0.70	0	12	35	2	1
1100	0.72	0	11	36	2	1
1101	0.74	0	10	37	2	1
1102	0.76	0	10	38	1	1
1103	0.78	0	9	39	1	1
1104	0.80	0	8	40	1	1
1105	0.82	0	7	41	1	1
1106	0.82	0	7	41	1	1
1107	0.82	0	7	41	1	1
1108	0.84	0	6	42	1	1
1109	0.86	0	5	43	1	1
1110	0.88	0	4	44	1	1
1111	0.88	0	4	44	1	1
1112	0.88	0	5	44	0	1
1113	0.88	0	5	44	0	1
1114	0.90	0	4	45	0	1
1115	0.90	0	4	45	0	1
1116	0.90	0	4	45	0	1
1117	0.90	0	4	45	0	1
1118	0.90	0	4	45	0	1
1119	0.90	0	4	45	0	1
1120	0.90	0	4	45	0	1
1121	0.92	0	3	46	0	1
1122	0.92	0	3	46	0	1
1123	0.94	0	2	47	0	1
1124	0.94	0	2	47	0	1
1125	0.94	0	2	47	0	1
1126	0.94	0	2	47	0	1
1127	0.96	0	1	48	0	1
1128	0.96	0	1	48	0	1
1129	0.96	0	1	48	0	1
1130	0.96	0	1	48	0	1
1131	0.96	0	1	48	0	1
1132	0.96	0	1	48	0	1
1133	0.96	0	1	48	0	1
1134	0.96	0	1	48	0	1
1135	0.98	0	1	49	0	0
1136	0.98	0	1	49	0	0
1137	0.98	0	1	49	0	0
1138	0.98	0	1	49	0	0
1139	0.98	0	1	49	0	0
1140	0.98	0	1	49	0	0
1141	0.98	0	1	49	0	0
1142	0.98	0	1	49	0	0
1143	0.98	0	1	49	0	0
1144	0.98	0	1	49	0	0
1145	0.98	0	1	49	0	0
1146	0.98	0	1	49	0	0
1147	0.98	0	1	49	0	0
1148	0.98	0	1	49	0	0
1149	0.98	0	1	49	0	0
1150	0.98	0	1	49	0	0
1151	0.98	0	1	49	0	0
1152	0.98	0	1	49	0	0
1153	0.98	0	1	49	0	0
1154	0.98	0	1	49	0	0
1155	0.98	0	1	49	0	0
1156	0.98	0	1	49	0	0
1157	0.98	0	1	49	0	0
1158	0.98	0	1	49	0	0
1159	0.98	0	1	49	0	0
1160	0.98	0	1	49	0	0
1161	0.98	0	1	49	0	0
1162	1.00	0	0	50	0	0
1163	1.00	0	0	50	0	0
1164	1.00	0	0	50	0	0
1165	1.00	0	0	50	0	0
1166	1.00	0	0	50	0	0
1167	1.00	0	0	50	0	0
1168	1.00	0	0	50	0	0
1169	1.00	0	0	50	0	0
1170	1.00	0	0	50	0	0
1171	1.00	0	0	50	0	0
1172	1.00	0	0	50	0	0
1173	1.00	0	0	50	0	0
1174	1.00	0	0	50	0	0
1175	1.00	0	0	50	0	0
1176	1.00	0	0	50	0	0
1177	1.00	0	0	50	0	0
1178	1.00	0	0	50	0	0
1179	1.00	0	0	50	0	0
1180	1.00	0	0	50	0	0
1181	1.00	0	0	50	0	0
1182	1.00	0	0	50	0	0
1183	1.00	0	0	50	0	0
1184	1.00	0	0	50	0	0
1185	1.00	0	0	50	0	0
1186	1.00	0	0	50	0	0
1187	1.00	0	0	50	0	0
1188	1.00	0	0	50	0	0
1189	1.00	0	0	50	0	0
1190	1.00	0	0	50	0	0
1191	1.00	0	0	50	0	0
1192	1.00	0	0	50	0	0
1193	1.00	0	0	50	0	0
1194	1.00	0	0	50	0	0
1195	1.00	0	0	50	0	0
1196	1.00	0	0	50	0	0
1197	1.00	0	0	50	0	0
1198	1.00	0	0	50	0	0
1199	1.00	0	0	50	0	0
1200	1.00	0	0	50	0	0
1201	1.00	0	0	50	0	0
1202	1.00	0	0	50	0	0
1203	1.00	0	0	50	0	0
1204	1.00	0	0	50	0	0
1205	1.00	0	0	50	0	0
1206	1.00	0	0	50	0	0
1207	1.00	0	0	50	0	0
1208	1.00	0	0	50	0	0
1209	1.00	0	0	50	0	0
1210	1.00	0	0	50	0	0
1211	1.00	0	0	50	0	0
1212	1.00	0	0	50	0	0
1213	1.00	0	0	50	0	0
1214	1.00	0	0	50	0	0
1215	1.00	0	0	50	0	0
1216	1.00	0	0	50	0	0
1217	1.00	0	0	50	0	0
1218	1.00	0	0	50	0	0
1219	1.00	0	0	50	0	0
1220	1.00	0	0	50	0	0
1221	1.00	0	0	50	0	0
1222	1.00	0	0	50	0	0
1223	1.00	0	0	50	0	0
1224	1.00	0	0	50	0	0
1225	1.00	0	0	50	0	0
1226	1.00	0	0	50	0	0
1227	1.00	0	0	50	0	0
1228	1.00	0	0	50	0	0
1229	1.00	0	0	50	0	0
1230	1.00	0	0	50	0	0
1231	1.00	0	0	50	0	0
1232	1.00	0	0	50	0	0
1233	1.00	0	0	50	0	0
1234	1.00	0	0	50	0	0
1235	1.00	0	0	50	0	0
1236	1.00	0	0	50	0	0
1237	1.00	0	0	50	0	0
1238	1.00	0	0	50	0	0
1239	1.00	0	0	50	0	0
1240	1.00	0	0	50	0	0
1241	1.00	0	0	50	0	0
1242	1.00	0	0	50	0	0
1243	1.00	0	0	50	0	0
1244	1.00	0	0	50	0	0
1245	1.00	0	0	50	0	0
1246	1.00	0	0	50	0	0
1247	1.00	0	0	50	0	0
1248	1.00	0	0	50	0	0
1249	1.00	0	0	50	0	0
1250	1.00	0	0	50	0	0
1251	1.00	0	0	50	0	0
1252	1.00	0	0	50	0	0
1253	1.00	0	0	50	0	0
1254	1.00	0	0	50	0	0
1255	1.00	0	0	50	0	0
1256	1.00	0	0	50	0	0
1257	1.00	0	0	50	0	0
1258	1.00	0	0	50	0	0
1259	1.00	0	0	50	0	0
1260	1.00	0	0	50	0	0
1261	1.00	0	0	50	0	0
1262	1.00	0	0	50	0	0
1263	1.00	0	0	50	0	0
1264	1.00	0	0	50	0	0
1265	1.00	0	0	50	0	0
1266	1.00	0	0	50	0	0
1267	0.98	0	0	49	0	1
1268	0.98	0	0	49	0	1
1269	0.98	0	0	49	0	1
1270	0.98	0	0	49	0	1
1271	0.98	0	0	49	0	1
1272	0.96	0	0	48	0	2
1273	0.96	0	0	48	0	2
1274	0.96	0	0	48	0	2
1275	0.96	0	0	48	0	2
1276	0.96	0	0	48	0	2
1277	0.96	0	0	48	0	2
1278	0.96	0	0	48	0	2
1279	0.96	0	0	48	0	2
1280	0.96	0	0	48	0	2
1281	0.96	0	0	48	0	2
1282	0.96	0	0	48	0	2
1283	0.96	0	0	48	0	2
1284	0.96	0	0	48	0	2
1285	0.96	0	0	48	0	2
1286	0.96	0	0	48	0	2
1287	0.96	0	0	48	0	2
1288	0.94	0	0	47	0	3
1289	0.94	0	0	47	0	3
1290	0.94	0	0	47	0	3
1291	0.94	0	0	47	0	3
1292	0.94	0	0	47	0	3
1293	0.94	0	0	47	0	3
1294	0.94	0	0	47	0	3
1295	0.94	0	0	47	0	3
1296	0.94	0	0	47	0	3
1297	0.94	0	0	47	0	3
1298	0.94	0	0	47	0	3
1299	0.94	0	0	47	0	3
1300	0.94	0	0	47	0	3
1301	0.94	0	0	47	0	3
1302	0.92	1	0	46	0	3
1303	0.92	1	0	46	0	3
1304	0.92	1	0	46	0	3
1305	0.92	1	0	46	0	3
1306	0.92	1	0	46	0	3
1307	0.92	1	0	46	0	3
1308	0.92	1	0	46	0	3
1309	0.92	1	0	46	0	3
1310	0.92	1	0	46	0	3
1311	0.92	1	0	46	0	3
1312	0.92	1	0	46	0	3
1313	0.92	1	0	46	0	3
1314	0.90	2	0	45	0	3
1315	0.90	2	0	45	0	3
1316	0.90	2	0	45	0	3
1317	0.92	2	0	46	0	2
1318	0.92	2	0	46	0	2
1319	0.92	2	0	46	0	2
1320	0.92	2	0	46	0	2
1321	0.92	2	0	46	0	2
1322	0.94	2	0	47	0	1
1323	0.94	2	0	47	0	1
1324	0.94	2	0	47	0	1
1325	0.94	2	0	47	0	1
1326	0.92	2	1	46	0	1
1327	0.92	2	1	46	0	1
1328	0.92	2	1	46	0	1
1329	0.92	2	1	46	0	1
1330	0.92	2	1	46	0	1
1331	0.92	2	1	46	0	1
1332	0.92	2	1	46	0	1
1333	0.92	2	1	46	0	1
1334	0.92	2	1	46	0	1
1335	0.92	2	1	46	0	1
1336	0.92	2	1	46	0	1
1337	0.92	2	1	46	0	1
1338	0.94	2	1	47	0	0
1339	0.92	2	1	46	1	0
1340	0.90	2	1	45	1	1
1341	0.90	2	1	45	1	1
1342	0.90	2	1	45	1	1
1343	0.90	2	1	45	1	1
1344	0.90	2	1	45	1	1
1345	0.90	2	1	45	1	1
1346	0.90	2	1	45	1	1
1347	0.90	2	1	45	1	1
1348	0.90	2	1	45	1	1
1349	0.90	2	1	45	1	1
1350	0.90	2	1	45	1	1
1351	0.90	2	1	45	1	1
1352	0.90	1	2	45	1	1
1353	0.88	1	2	44	2	1
1354	0.88	1	2	44	2	1
1355	0.86	1	2	43	3	1
1356	0.86	1	2	43	3	1
1357	0.86	1	2	43	3	1
1358	0.86	1	2	43	3	1
1359	0.86	1	2	43	3	1
1360	0.86	1	2	43	3	1
1361	0.86	1	2	43	3	1
1362	0.86	1	2	43	3	1
1363	0.86	1	2	43	3	1
1364	0.88	0	2	44	3	1
1365	0.88	0	2	44	3	1
1366	0.88	0	2	44	3	1
1367	0.88	0	2	44	3	1
1368	0.88	0	2	44	3	1
1369	0.88	0	2	44	3	1
1370	0.88	0	2	44	3	1
1371	0.88	0	2	44	3	1
1372	0.88	0	2	44	3	1
1373	0.88	0	2	44	3	1
1374	0.88	0	2	44	3	1
1375	0.88	0	2	44	3	1
1376	0.90	0	1	45	3	1
1377	0.90	0	1	45	3	1
1378	0.90	0	1	45	3	1
1379	0.90	0	1	45	3	1
1380	0.90	0	1	45	3	1
1381	0.90	0	1	45	3	1
1382	0.90	0	1	45	3	1
1383	0.90	0	1	45	3	1
1384	0.90	0	1	45	3	1
1385	0.90	0	1	45	3	1
1386	0.88	0	1	44	3	2
1387	0.88	0	1	44	3	2
1388	0.88	0	1	44	3	2
1389	0.90	0	1	45	2	2
1390	0.92	0	1	46	2	1
1391	0.92	0	1	46	2	1
1392	0.92	0	1	46	2	1
1393	0.92	0	1	46	2	1
1394	0.92	0	1	46	2	1
1395	0.92	0	1	46	2	1
1396	0.92	0	1	46	2	1
1397	0.92	0	1	46	2	1
1398	0.92	0	1	46	2	1
1399	0.92	0	1	46	2	1
1400	0.92	0	1	46	2	1
1401	0.92	0	1	46	2	1
1402	0.94	0	0	47	2	1
1403	0.96	0	0	48	1	1
1404	0.96	0	0	48	1	1
1405	0.98	0	0	49	0	1
1406	0.98	0	0	49	0	1
1407	0.98	0	0	49	0	1
1408	0.98	0	0	49	0	1
1409	0.98	0	0	49	0	1
1410	0.98	0	0	49	0	1
1411	0.98	0	0	49	0	1
1412	0.98	0	0	49	0	1
1413	0.98	0	0	49	0	1
1414	0.98	0	0	49	0	1
1415	0.98	0	0	49	0	1
1416	0.98	0	0	49	0	1
1417	0.98	0	0	49	0	1
1418	0.98	0	0	49	0	1
1419	0.98	0	0	49	0	1
1420	0.98	0	0	49	0	1
1421	0.98	0	0	49	0	1
1422	0.98	0	0	49	0	1
1423	0.98	0	0	49	0	1
1424	0.98	0	0	49	0	1
1425	0.98	0	0	49	0	1
1426	0.98	0	0	49	0	1
1427	0.98	0	0	49	0	1
1428	0.98	0	0	49	0	1
1429	0.98	0	0	49	0	1
1430	0.98	0	0	49	0	1
1431	0.98	0	0	49	0	1
1432	0.98	0	0	49	0	1
1433	0.98	0	0	49	0	1
1434	0.98	0	0	49	0	1
1435	0.98	0	0	49	0	1
1436	1.00	0	0	50	0	0
1437	1.00	0	0	50	0	0
1438	1.00	0	0	50	0	0
1439	1.00	0	0	50	0	0
1440	1.00	0	0	50	0	0
1441	1.00	0	0	50	0	0
1442	1.00	0	0	50	0	0
1443	1.00	0	0	50	0	0
1444	1.00	0	0	50	0	0
1445	1.00	0	0	50	0	0
1446	1.00	0	0	50	0	0
1447	1.00	0	0	50	0	0
1448	1.00	0	0	50	0	0
1449	1.00	0	0	50	0	0
1450	1.00	0	0	50	0	0
1451	1.00	0	0	50	0	0
1452	1.00	0	0	50	0	0
1453	1.00	0	0	50	0	0
1454	1.00	0	0	50	0	0
1455	1.00	0	0	50	0	0
1456	1.00	0	0	50	0	0
1457	1.00	0	0	50	0	0
1458	1.00	0	0	50	0	0
1459	1.00	0	0	50	0	0
1460	1.00	0	0	50	0	0
1461	1.00	0	0	50	0	0
1462	1.00	0	0	50	0	0
1463	1.00	0	0	50	0	0
1464	1.00	0	0	50	0	0
1465	1.00	0	0	50	0	0
1466	1.00	0	0	50	0	0
1467	1.00	0	0	50	0	0
1468	1.00	0	0	50	0	0
1469	1.00	0	0	50	0	0
1470	1.00	0	0	50	0	0
1471	1.00	0	0	50	0	0
1472	1.00	0	0	50	0	0
1473	1.00	0	0	50	0	0
1474	1.00	0	0	50	0	0
1475	1.00	0	0	50	0	0
1476	1.00	0	0	50	0	0
1477	1.00	0	0	50	0	0
1478	1.00	0	0	50	0	0
1479	1.00	0	0	50	0	0
1480	1.00	0	0	50	0	0
1481	0.98	0	0	49	0	1
1482	0.98	0	0	49	0	1
1483	0.98	0	0	49	0	1
1484	0.98	0	0	49	0	1
1485	0.98	0	0	49	0	1
1486	0.98	0	0	49	0	1
1487	0.98	0	0	49	0	1
1488	0.98	0	0	49	0	1
1489	0.98	0	0	49	0	1
1490	0.98	0	0	49	0	1
1491	0.98	0	0	49	0	1
1492	0.98	0	0	49	0	1
1493	0.98	0	0	49	0	1
1494	0.98	0	0	49	0	1
1495	0.98	0	0	49	0	1
1496	0.98	0	0	49	0	1
1497	0.98	0	0	49	0	1
1498	0.98	0	0	49	0	1
1499	0.98	0	0	49	0	1
1500	0.00	0	0	49	0	1
1501	0.00	0	0	49	0	1
1502	0.00	0	0	49	0	1
1503	0.00	0	0	49	0	1
1504	0.00	0	0	49	0	1
1505	0.00	0	0	49	0	1
1506	0.02	0	0	48	1	1
1507	0.02	0	0	48	1	1
1508	0.02	0	0	48	1	1
1509	0.02	0	0	48	1	1
1510	0.02	0	0	48	1	1
1511	0.02	0	0	48	1	1
1512	0.02	0	0	48	1	1
1513	0.02	0	0	48	1	1
1514	0.02	0	1	47	1	1
1515	0.02	0	1	47	1	1
1516	0.04	0	1	46	2	1
1517	0.04	0	1	46	2	1
1518	0.04	0	1	46	2	1
1519	0.04	0	1	46	2	1
1520	0.06	0	1	45	3	1
1521	0.06	0	1	45	3	1
1522	0.06	0	1	45	3	1
1523	0.06	0	1	45	3	1
1524	0.06	0	1	45	3	1
1525	0.08	0	1	44	4	1
1526	0.08	0	1	44	4	1
1527	0.08	0	1	44	4	1
1528	0.08	0	1	43	4	2
1529	0.08	0	1	43	4	2
1530	0.08	0	1	43	4	2
1531	0.08	0	1	44	4	1
1532	0.08	0	1	44	4	1
1533	0.10	0	1	43	5	1
1534	0.10	0	1	43	5	1
1535	0.10	0	1	43	5	1
1536	0.10	0	1	43	5	1
1537	0.12	0	1	42	6	1
1538	0.12	0	1	42	6	1
1539	0.14	0	1	41	7	1
1540	0.14	0	2	40	7	1
1541	0.14	0	2	40	7	1
1542	0.14	0	2	40	7	1
1543	0.14	0	2	40	7	1
1544	0.14	0	2	40	7	1
1545	0.14	0	2	40	7	1
1546	0.14	0	2	40	7	1
1547	0.16	0	2	39	8	1
1548	0.16	0	2	39	8	1
1549	0.16	0	2	39	8	1
1550	0.16	0	2	39	8	1
1551	0.16	0	2	39	8	1
1552	0.16	0	2	39	8	1
1553	0.18	0	2	38	9	1
1554	0.18	0	2	38	9	1
1555	0.20	0	2	37	10	1
1556	0.20	0	2	37	10	1
1557	0.20	0	2	37	10	1
1558	0.22	0	2	36	11	1
1559	0.24	0	2	35	12	1
1560	0.24	0	2	35	12	1
1561	0.24	0	2	35	12	1
1562	0.26	0	2	34	13	1
1563	0.26	0	2	34	13	1
1564	0.28	0	1	34	14	1
1565	0.28	0	1	34	14	1
1566	0.28	0	1	34	14	1
1567	0.28	0	1	34	14	1
1568	0.30	0	1	33	15	1
1569	0.30	0	1	33	15	1
1570	0.28	0	1	34	14	1
1571	0.28	0	1	34	14	1
1572	0.28	0	1	34	14	1
1573	0.28	0	1	33	14	2
1574	0.30	0	1	32	15	2
1575	0.30	0	1	32	15	2
1576	0.30	0	1	32	15	2
1577	0.32	0	1	31	16	2
1578	0.34	0	1	31	17	1
1579	0.34	0	1	31	17	1
1580	0.34	0	1	31	17	1
1581	0.36	0	1	30	18	1
1582	0.38	0	1	29	19	1
1583	0.36	0	1	30	18	1
1584	0.38	0	1	29	19	1
1585	0.40	0	1	28	20	1
1586	0.42	0	1	27	21	1
1587	0.42	0	1	27	21	1
1588	0.44	0	1	26	22	1
1589	0.44	0	1	26	22	1
1590	0.46	0	0	26	23	1
1591	0.46	0	0	26	23	1
1592	0.46	1	0	25	23	1
1593	0.48	1	0	24	24	1
1594	0.48	1	0	24	24	1
1595	0.50	1	0	23	25	1
1596	0.50	1	0	23	25	1
1597	0.50	1	0	23	25	1
1598	0.52	1	0	22	26	1
1599	0.54	1	0	21	27	1
1600	0.56	1	0	20	28	1
1601	0.58	1	0	19	29	1
1602	0.60	1	0	18	30	1
1603	0.60	1	0	18	30	1
1604	0.62	1	0	17	31	1
1605	0.62	1	0	17	31	1
1606	0.62	1	0	17	31	1
1607	0.64	1	0	16	32	1
1608	0.64	1	0	16	32	1
1609	0.64	1	0	16	32	1
1610	0.66	1	0	15	33	1
1611	0.68	1	0	14	34	1
1612	0.68	1	0	14	34	1
1613	0.70	1	0	13	35	1
1614	0.70	1	0	13	35	1
1615	0.72	1	0	12	36	1
1616	0.72	1	0	12	36	1
1617	0.74	1	0	11	37	1
1618	0.74	1	0	11	37	1
1619	0.76	1	0	10	38	1
1620	0.76	2	0	9	38	1
1621	0.78	2	0	8	39	1
1622	0.80	2	0	7	40	1
1623	0.80	2	0	7	40	1
1624	0.80	2	0	7	40	1
1625	0.78	2	1	7	39	1
1626	0.80	2	1	6	40	1
1627	0.80	2	1	6	40	1
1628	0.80	2	1	6	40	1
1629	0.82	2	1	5	41	1
1630	0.84	2	1	4	42	1
1631	0.84	2	1	4	42	1
1632	0.84	2	1	4	42	1
1633	0.86	2	1	3	43	1
1634	0.86	2	1	3	43	1
1635	0.86	2	1	3	43	1
1636	0.86	2	1	3	43	1
1637	0.86	2	1	3	43	1
1638	0.86	2	1	3	43	1
1639	0.86	2	1	3	43	1
1640	0.86	2	1	3	43	1
1641	0.88	2	1	2	44	1
1642	0.90	1	1	2	45	1
1643	0.90	1	1	2	45	1
1644	0.90	1	1	1	45	2
1645	0.90	1	1	1	45	2
1646	0.92	1	1	0	46	2
1647	0.92	1	1	0	46	2
1648	0.92	1	1	0	46	2
1649	0.92	1	1	0	46	2
1650	0.92	1	1	0	46	2
1651	0.92	1	1	0	46	2
1652	0.92	1	1	0	46	2
1653	0.90	2	1	0	45	2
1654	0.90	2	1	0	45	2
1655	0.90	2	1	0	45	2
1656	0.90	2	1	0	45	2
1657	0.90	2	1	0	45	2
1658	0.90	2	1	0	45	2
1659	0.90	2	1	0	45	2
1660	0.90	2	1	0	45	2
1661	0.90	2	1	0	45	2
1662	0.90	2	1	0	45	2
1663	0.90	2	1	0	45	2
1664	0.90	2	1	0	45	2
1665	0.90	2	1	0	45	2
1666	0.90	2	1	0	45	2
1667	0.90	2	1	0	45	2
1668	0.90	2	1	0	45	2
1669	0.90	2	1	0	45	2
1670	0.92	1	1	0	46	2
1671	0.92	1	1	0	46	2
1672	0.92	1	1	0	46	2
1673	0.94	1	1	0	47	1
1674	0.94	1	1	0	47	1
1675	0.96	1	0	0	48	1
1676	0.96	1	0	0	48	1
1677	0.96	1	0	0	48	1
1678	0.96	1	0	0	48	1
1679	0.96	1	0	0	48	1
1680	0.96	1	0	0	48	1
1681	0.96	1	0	0	48	1
1682	0.96	1	0	0	48	1
1683	0.96	1	0	0	48	1
1684	0.96	1	0	0	48	1
1685	0.96	1	0	0	48	1
1686	0.96	1	0	0	48	1
1687	0.96	1	0	0	48	1
1688	0.96	1	0	0	48	1
1689	0.96	1	0	0	48	1
1690	0.96	1	0	0	48	1
1691	0.96	1	0	0	48	1
1692	0.96	1	0	0	48	1
1693	0.96	1	0	0	48	1
1694	0.98	1	0	0	49	0
1695	0.98	1	0	0	49	0
1696	0.98	1	0	0	49	0
1697	0.98	1	0	0	49	0
1698	0.98	1	0	0	49	0
1699	0.98	1	0	0	49	0
1700	0.98	1	0	0	49	0
1701	0.98	1	0	0	49	0
1702	0.96	2	0	0	48	0
1703	0.98	1	0	0	49	0
1704	0.98	1	0	0	49	0
1705	0.98	1	0	0	49	0
1706	0.98	1	0	0	49	0
1707	0.98	1	0	0	49	0
1708	0.98	1	0	0	49	0
1709	0.98	1	0	0	49	0
1710	0.98	1	0	0	49	0
1711	0.98	1	0	0	49	0
1712	0.98	1	0	0	49	0
1713	0.98	1	0	0	49	0
1714	0.98	1	0	0	49	0
1715	0.98	1	0	0	49	0
1716	0.98	1	0	0	49	0
1717	0.98	1	0	0	49	0
1718	0.98	1	0	0	49	0
1719	0.98	1	0	0	49	0
1720	0.98	1	0	0	49	0
1721	0.98	1	0	0	49	0
1722	0.98	1	0	0	49	0
1723	0.98	1	0	0	49	0
1724	0.98	1	0	0	49	0
1725	0.98	1	0	0	49	0
1726	0.98	1	0	0	49	0
1727	0.98	1	0	0	49	0
1728	0.98	1	0	0	49	0
1729	0.98	1	0	0	49	0
1730	0.98	1	0	0	49	0
1731	0.98	1	0	0	49	0
1732	0.98	1	0	0	49	0
1733	0.98	1	0	0	49	0
1734	0.98	1	0	0	49	0
1735	0.98	1	0	0	49	0
1736	0.98	1	0	0	49	0
1737	0.98	1	0	0	49	0
1738	0.98	1	0	0	49	0
1739	0.98	1	0	0	49	0
1740	0.98	1	0	0	49	0
1741	0.98	1	0	0	49	0
1742	0.98	1	0	0	49	0
1743	0.98	1	0	0	49	0
1744	0.98	1	0	0	49	0
1745	0.98	1	0	0	49	0
1746	0.98	1	0	0	49	0
1747	0.98	1	0	0	49	0
1748	0.98	1	0	0	49	0
1749	0.98	1	0	0	49	0
1750	0.98	1	0	0	49	0
1751	0.98	1	0	0	49	0
1752	1.00	0	0	0	50	0
1753	1.00	0	0	0	50	0
1754	1.00	0	0	0	50	0
1755	1.00	0	0	0	50	0
1756	1.00	0	0	0	50	0
1757	1.00	0	0	0	50	0
1758	1.00	0	0	0	50	0
1759	1.00	0	0	0	50	0
1760	1.00	0	0	0	50	0
1761	1.00	0	0	0	50	0
1762	1.00	0	0	0	50	0
1763	1.00	0	0	0	50	0
1764	1.00	0	0	0	50	0
1765	1.00	0	0	0	50	0
1766	1.00	0	0	0	50	0
1767	1.00	0	0	0	50	0
1768	1.00	0	0	0	50	0
1769	1.00	0	0	0	50	0
1770	1.00	0	0	0	50	0
1771	1.00	0	0	0	50	0
1772	1.00	0	0	0	50	0
1773	1.00	0	0	0	50	0
1774	1.00	0	0	0	50	0
1775	1.00	0	0	0	50	0
1776	1.00	0	0	0	50	0
1777	1.00	0	0	0	50	0
1778	1.00	0	0	0	50	0
1779	1.00	0	0	0	50	0
1780	1.00	0	0	0	50	0
1781	1.00	0	0	0	50	0
1782	1.00	0	0	0	50	0
1783	1.00	0	0	0	50	0
1784	1.00	0	0	0	50	0
1785	1.00	0	0	0	50	0
1786	1.00	0	0	0	50	0
1787	1.00	0	0	0	50	0
1788	1.00	0	0	0	50	0
1789	1.00	0	0	0	50	0
1790	1.00	0	0	0	50	0
1791	1.00	0	0	0	50	0
1792	1.00	0	0	0	50	0
1793	1.00	0	0	0	50	0
1794	1.00	0	0	0	50	0
1795	1.00	0	0	0	50	0
1796	1.00	0	0	0	50	0
1797	1.00	0	0	0	50	0
1798	1.00	0	0	0	50	0
1799	1.00	0	0	0	50	0
1800	1.00	0	0	0	50	0
1801	1.00	0	0	0	50	0
1802	1.00	0	0	0	50	0
1803	1.00	0	0	0	50	0
1804	1.00	0	0	0	50	0
1805	1.00	0	0	0	50	0
1806	1.00	0	0	0	50	0
1807	1.00	0	0	0	50	0
1808	1.00	0	0	0	50	0
1809	1.00	0	0	0	50	0
1810	1.00	0	0	0	50	0
1811	1.00	0	0	0	50	0
1812	1.00	0	0	0	50	0
1813	1.00	0	0	0	50	0
1814	1.00	0	0	0	50	0
1815	1.00	0	0	0	50	0
1816	1.00	0	0	0	50	0
1817	1.00	0	0	0	50	0
1818	1.00	0	0	0	50	0
1819	1.00	0	0	0	50	0
1820	1.00	0	0	0	50	0
1821	1.00	0	0	0	50	0
1822	1.00	0	0	0	50	0
1823	1.00	0	0	0	50	0
1824	1.00	0	0	0	50	0
1825	1.00	0	0	0	50	0
1826	0.98	0	0	1	49	0
1827	0.98	0	0	1	49	0
1828	0.98	0	0	1	49	0
1829	0.98	0	0	1	49	0
1830	0.98	0	0	1	49	0
1831	0.98	0	0	1	49	0
1832	0.98	0	0	1	49	0
1833	0.98	0	0	1	49	0
1834	0.98	0	0	1	49	0
1835	0.98	0	0	1	49	0
1836	0.98	0	0	1	49	0
1837	0.98	0	0	1	49	0
1838	0.98	0	0	1	49	0
1839	0.98	0	0	1	49	0
1840	0.98	0	0	1	49	0
1841	0.98	0	0	1	49	0
1842	0.98	0	0	1	49	0
1843	0.98	0	0	1	49	0
1844	0.98	0	0	1	49	0
1845	0.98	0	0	1	49	0
1846	0.98	0	0	1	49	0
1847	0.98	0	0	1	49	0
1848	0.98	0	0	1	49	0
1849	0.98	0	0	1	49	0
1850	0.98	0	0	1	49	0
1851	0.98	0	0	1	49	0
1852	0.98	0	0	1	49	0
1853	0.98	0	0	1	49	0
1854	0.98	0	0	1	49	0
1855	0.98	0	0	1	49	0
1856	0.98	0	0	1	49	0
1857	0.98	0	0	1	49	0
1858	0.98	0	0	1	49	0
1859	0.98	0	0	1	49	0
1860	0.98	0	0	1	49	0
1861	0.98	0	0	1	49	0
1862	0.98	0	0	1	49	0
1863	0.98	0	0	1	49	0
1864	0.98	0	0	1	49	0
1865	0.98	0	0	1	49	0
1866	0.98	0	0	1	49	0
1867	0.98	0	0	1	49	0
1868	0.98	0	0	1	49	0
1869	0.98	0	0	1	49	0
1870	0.98	0	0	1	49	0
1871	0.98	0	0	1	49	0
1872	0.98	0	0	1	49	0
1873	0.98	0	0	1	49	0
1874	0.98	0	0	1	49	0
1875	0.98	0	0	1	49	0
1876	1.00	0	0	0	50	0
1877	1.00	0	0	0	50	0
1878	1.00	0	0	0	50	0
1879	1.00	0	0	0	50	0
1880	1.00	0	0	0	50	0
1881	1.00	0	0	0	50	0
1882	1.00	0	0	0	50	0
1883	1.00	0	0	0	50	0
1884	1.00	0	0	0	50	0
1885	1.00	0	0	0	50	0
1886	0.98	0	0	0	49	1
1887	0.98	0	0	0	49	1
1888	0.98	0	0	0	49	1
1889	0.98	0	0	0	49	1
1890	0.98	0	0	0	49	1
1891	0.98	0	0	0	49	1
1892	0.98	0	0	0	49	1
1893	0.98	0	0	0	49	1
1894	0.98	0	0	0	49	1
1895	0.98	0	0	0	49	1
1896	0.98	0	0	0	49	1
1897	0.98	0	0	0	49	1
1898	0.98	0	0	0	49	1
1899	0.98	0	0	0	49	1
1900	0.98	0	0	0	49	1
1901	0.98	0	0	0	49	1
1902	0.98	0	0	0	49	1
1903	0.98	0	0	0	49	1
1904	0.98	0	0	0	49	1
1905	0.98	0	0	0	49	1
1906	0.98	0	0	0	49	1
1907	0.98	0	0	0	49	1
1908	0.98	0	0	0	49	1
1909	0.98	0	0	0	49	1
1910	0.98	0	0	0	49	1
1911	0.98	0	0	0	49	1
1912	0.98	0	0	0	49	1
1913	0.98	0	0	0	49	1
1914	0.98	0	0	0	49	1
1915	0.98	0	0	0	49	1
1916	0.98	0	0	0	49	1
1917	0.98	0	0	0	49	1
1918	0.98	0	0	0	49	1
1919	0.98	0	0	0	49	1
1920	0.98	0	0	0	49	1
1921	0.98	0	0	0	49	1
1922	0.98	0	0	0	49	1
1923	0.98	0	0	0	49	1
1924	0.98	0	0	0	49	1
1925	0.98	0	0	0	49	1
1926	0.98	0	0	0	49	1
1927	0.98	0	0	0	49	1
1928	0.98	0	0	0	49	1
1929	0.98	0	0	0	49	1
1930	0.98	0	0	0	49	1
1931	0.98	0	0	0	49	1
1932	0.98	0	0	0	49	1
1933	0.98	0	0	0	49	1
1934	0.98	0	0	0	49	1
1935	0.98	0	0	0	49	1
1936	1.00	0	0	0	50	0
1937	1.00	0	0	0	50	0
1938	1.00	0	0	0	50	0
1939	1.00	0	0	0	50	0
1940	1.00	0	0	0	50	0
1941	1.00	0	0	0	50	0
1942	1.00	0	0	0	50	0
1943	1.00	0	0	0	50	0
1944	1.00	0	0	0	50	0
1945	1.00	0	0	0	50	0
1946	1.00	0	0	0	50	0
1947	1.00	0	0	0	50	0
1948	1.00	0	0	0	50	0
1949	1.00	0	0	0	50	0
1950	1.00	0	0	0	50	0
1951	1.00	0	0	0	50	0
1952	1.00	0	0	0	50	0
1953	1.00	0	0	0	50	0
1954	1.00	0	0	0	50	0
1955	1.00	0	0	0	50	0
1956	1.00	0	0	0	50	0
1957	1.00	0	0	0	50	0
1958	1.00	0	0	0	50	0
1959	1.00	0	0	0	50	0
1960	1.00	0	0	0	50	0
1961	1.00	0	0	0	50	0
1962	1.00	0	0	0	50	0
1963	1.00	0	0	0	50	0
1964	1.00	0	0	0	50	0
1965	1.00	0	0	0	50	0
1966	1.00	0	0	0	50	0
1967	1.00	0	0	0	50	0
1968	1.00	0	0	0	50	0
1969	1.00	0	0	0	50	0
1970	1.00	0	0	0	50	0
1971	1.00	0	0	0	50	0
1972	1.00	0	0	0	50	0
1973	1.00	0	0	0	50	0
1974	1.00	0	0	0	50	0
1975	1.00	0	0	0	50	0
1976	1.00	0	0	0	50	0
1977	1.00	0	0	0	50	0
1978	1.00	0	0	0	50	0
1979	1.00	0	0	0	50	0
1980	1.00	0	0	0	50	0
1981	1.00	0	0	0	50	0
1982	1.00	0	0	0	50	0
1983	1.00	0	0	0	50	0
1984	1.00	0	0	0	50	0
1985	1.00	0	0	0	50	0
1986	1.00	0	0	0	50	0
1987	0.98	1	0	0	49	0
1988	0.98	1	0	0	49	0
1989	0.98	1	0	0	49	0
1990	0.98	1	0	0	49	0
1991	0.98	1	0	0	49	0
1992	0.98	1	0	0	49	0
1993	0.98	1	0	0	49	0
1994	0.98	1	0	0	49	0
1995	0.98	1	0	0	49	0
1996	0.98	1	0	0	49	0
1997	0.98	1	0	0	49	0
1998	0.98	1	0	0	49	0
1999	0.98	1	0	0	49	0
2000	0.00	1	0	0	49	0
2001	0.02	1	0	0	48	1
2002	0.02	1	0	0	48	1
2003	0.02	1	0	0	48	1
2004	0.02	1	0	0	48	1
2005	0.02	1	0	0	48	1
2006	0.02	1	0	0	48	1
2007	0.02	2	0	0	47	1
2008	0.02	2	0	0	47	1
2009	0.02	2	0	0	47	1
2010	0.02	2	0	0	47	1
2011	0.02	2	0	0	47	1
2012	0.04	2	0	0	46	2
2013	0.04	2	0	0	46	2
2014	0.06	2	0	0	45	3
2015	0.06	2	0	0	45	3
2016	0.08	2	0	0	44	4
2017	0.08	2	0	0	44	4
2018	0.08	2	0	0	44	4
2019	0.08	2	0	0	44	4
2020	0.08	2	0	0	44	4
2021	0.10	2	0	0	43	5
2022	0.12	2	0	0	42	6
2023	0.14	2	0	0	41	7
2024	0.14	2	0	0	41	7
2025	0.16	2	0	0	40	8
2026	0.16	2	0	0	40	8
2027	0.16	2	0	0	40	8
2028	0.16	2	0	0	40	8
2029	0.16	2	0	0	40	8
2030	0.16	2	0	0	40	8
2031	0.18	2	0	0	39	9
2032	0.18	2	0	0	39	9
2033	0.20	2	0	0	38	10
2034	0.22	2	0	0	37	11
2035	0.22	2	0	1	36	11
2036	0.24	2	0	1	35	12
2037	0.26	1	0	1	35	13
2038	0.28	1	0	1	34	14
2039	0.28	1	0	1	34	14
2040	0.30	1	0	1	33	15
2041	0.32	1	0	1	32	16
2042	0.34	1	0	1	31	17
2043	0.36	1	0	1	30	18
2044	0.36	1	0	2	29	18
2045	0.38	1	0	2	28	19
2046	0.38	1	0	2	28	19
2047	0.38	1	0	2	28	19
2048	0.40	1	0	2	27	20
2049	0.40	1	0	2	27	20
2050	0.42	1	0	2	26	21
2051	0.42	1	0	2	26	21
2052	0.44	1	0	2	25	22
2053	0.46	1	0	2	24	23
2054	0.48	1	0	2	23	24
2055	0.48	1	0	2	23	24
2056	0.50	1	0	2	22	25
2057	0.52	0	0	2	22	26
2058	0.54	0	0	2	21	27
2059	0.56	0	0	2	20	28
2060	0.58	0	0	2	19	29
2061	0.60	0	0	2	18	30
2062	0.60	0	0	2	18	30
2063	0.62	0	0	2	17	31
2064	0.60	1	0	2	17	30
2065	0.62	1	0	2	16	31
2066	0.62	1	0	2	16	31
2067	0.62	1	0	2	16	31
2068	0.64	1	0	2	15	32
2069	0.66	1	0	2	14	33
2070	0.66	1	0	3	13	33
2071	0.66	1	0	3	13	33
2072	0.64	1	0	3	14	32
2073	0.64	1	0	3	14	32
2074	0.64	1	0	4	13	32
2075	0.64	1	0	4	13	32
2076	0.66	1	0	4	12	33
2077	0.68	1	0	4	11	34
2078	0.68	1	1	4	10	34
2079	0.70	1	1	4	9	35
2080	0.72	1	1	4	8	36
2081	0.72	1	1	4	8	36
2082	0.74	1	1	4	7	37
2083	0.74	1	1	4	7	37
2084	0.74	1	1	4	7	37
2085	0.76	1	1	3	7	38
2086	0.76	1	1	3	7	38
2087	0.76	1	1	3	7	38
2088	0.76	1	1	3	7	38
2089	0.78	1	1	3	6	39
2090	0.78	1	1	3	6	39
2091	0.78	1	1	3	6	39
2092	0.78	1	1	3	6	39
2093	0.78	1	1	3	6	39
2094	0.80	1	1	2	6	40
2095	0.80	1	1	2	6	40
2096	0.82	1	1	2	5	41
2097	0.84	1	1	2	4	42
2098	0.84	1	1	2	4	42
2099	0.86	1	1	2	3	43
2100	0.86	1	1	2	3	43
2101	0.86	1	1	2	3	43
2102	0.86	1	1	2	3	43
2103	0.86	1	1	2	3	43
2104	0.86	1	1	2	3	43
2105	0.88	1	1	2	2	44
2106	0.88	1	1	2	2	44
2107	0.88	1	1	2	2	44
2108	0.88	1	1	2	2	44
2109	0.88	1	1	2	2	44
2110	0.88	1	1	2	2	44
2111	0.88	1	1	2	2	44
2112	0.88	1	1	2	2	44
2113	0.88	1	1	2	2	44
2114	0.90	0	1	2	2	45
2115	0.90	0	1	2	2	45
2116	0.90	0	1	2	2	45
2117	0.92	0	1	2	1	46
2118	0.92	0	1	2	1	46
2119	0.92	0	1	2	1	46
2120	0.94	0	1	1	1	47
2121	0.94	0	1	1	1	47
2122	0.94	0	1	2	0	47
2123	0.92	0	1	3	0	46
2124	0.94	0	1	2	0	47
2125	0.94	0	1	2	0	47
2126	0.94	0	1	2	0	47
2127	0.92	1	1	2	0	46
2128	0.94	1	0	2	0	47
2129	0.94	1	0	2	0	47
2130	0.94	1	0	2	0	47
2131	0.94	1	0	2	0	47
2132	0.94	1	0	2	0	47
2133	0.94	1	0	2	0	47
2134	0.94	1	0	2	0	47
2135	0.94	1	0	2	0	47
2136	0.94	1	0	2	0	47
2137	0.94	1	0	2	0	47
2138	0.94	1	0	2	0	47
2139	0.94	1	0	2	0	47
2140	0.94	1	0	2	0	47
2141	0.94	1	0	2	0	47
2142	0.94	1	0	2	0	47
2143	0.94	1	0	2	0	47
2144	0.94	1	0	2	0	47
2145	0.94	1	0	2	0	47
2146	0.94	1	0	2	0	47
2147	0.94	1	0	2	0	47
2148	0.94	1	0	2	0	47
2149	0.94	1	0	2	0	47
2150	0.94	1	0	2	0	47
2151	0.94	1	0	2	0	47
2152	0.94	1	0	2	0	47
2153	0.94	1	0	2	0	47
2154	0.94	1	0	2	0	47
2155	0.94	1	0	2	0	47
2156	0.94	1	0	2	0	47
2157	0.94	1	0	2	0	47
2158	0.94	1	0	2	0	47
2159	0.94	1	0	2	0	47
2160	0.94	1	0	2	0	47
2161	0.94	1	0	2	0	47
2162	0.94	1	0	2	0	47
2163	0.94	1	0	2	0	47
2164	0.94	1	0	2	0	47
2165	0.94	1	0	2	0	47
2166	0.94	1	0	2	0	47
2167	0.94	1	0	2	0	47
2168	0.94	1	0	2	0	47
2169	0.94	1	0	2	0	47
2170	0.94	1	0	2	0	47
2171	0.94	1	0	2	0	47
2172	0.96	1	0	1	0	48
2173	0.98	1	0	0	0	49
2174	0.98	1	0	0	0	49
2175	0.98	1	0	0	0	49
2176	0.98	1	0	0	0	49
2177	1.00	0	0	0	0	50
2178	1.00	0	0	0	0	50
2179	0.98	0	1	0	0	49
2180	0.98	0	1	0	0	49
2181	0.98	0	1	0	0	49
2182	0.98	0	1	0	0	49
2183	0.98	0	1	0	0	49
2184	0.98	0	1	0	0	49
2185	0.98	0	1	0	0	49
2186	0.98	0	1	0	0	49
2187	0.98	0	1	0	0	49
2188	0.98	0	1	0	0	49
2189	0.98	0	1	0	0	49
2190	0.98	0	1	0	0	49
2191	0.98	0	1	0	0	49
2192	0.98	0	1	0	0	49
2193	0.98	0	1	0	0	49
2194	0.98	0	1	0	0	49
2195	0.98	0	1	0	0	49
2196	0.98	0	1	0	0	49
2197	0.98	0	1	0	0	49
2198	0.98	0	1	0	0	49
2199	0.98	0	1	0	0	49
2200	0.98	0	1	0	0	49
2201	0.98	0	1	0	0	49
2202	0.98	0	1	0	0	49
2203	0.98	0	1	0	0	49
2204	0.98	0	1	0	0	49
2205	0.98	0	1	0	0	49
2206	0.98	0	1	0	0	49
2207	0.98	0	1	0	0	49
2208	0.98	0	1	0	0	49
2209	0.98	0	1	0	0	49
2210	0.98	0	1	0	0	49
2211	0.98	0	1	0	0	49
2212	0.98	0	1	0	0	49
2213	0.98	0	1	0	0	49
2214	0.98	0	1	0	0	49
2215	0.98	0	1	0	0	49
2216	0.98	0	1	0	0	49
2217	0.98	0	1	0	0	49
2218	0.98	0	1	0	0	49
2219	0.98	0	1	0	0	49
2220	0.98	0	1	0	0	49
2221	0.98	0	1	0	0	49
2222	0.98	0	1	0	0	49
2223	0.98	0	1	0	0	49
2224	0.98	0	1	0	0	49
2225	0.98	0	1	0	0	49
2226	0.98	0	1	0	0	49
2227	0.98	0	1	0	0	49
2228	0.98	0	1	0	0	49
2229	1.00	0	0	0	0	50
2230	1.00	0	0	0	0	50
2231	1.00	0	0	0	0	50
2232	1.00	0	0	0	0	50
2233	1.00	0	0	0	0	50
2234	1.00	0	0	0	0	50
2235	1.00	0	0	0	0	50
2236	1.00	0	0	0	0	50
2237	1.00	0	0	0	0	50
2238	1.00	0	0	0	0	50
2239	1.00	0	0	0	0	50
2240	1.00	0	0	0	0	50
2241	1.00	0	0	0	0	50
2242	1.00	0	0	0	0	50
2243	1.00	0	0	0	0	50
2244	1.00	0	0	0	0	50
2245	1.00	0	0	0	0	50
2246	1.00	0	0	0	0	50
2247	1.00	0	0	0	0	50
2248	1.00	0	0	0	0	50
2249	1.00	0	0	0	0	50
2250	0.98	0	0	1	0	49
2251	0.98	0	0	1	0	49
2252	0.98	0	0	1	0	49
2253	0.98	0	0	1	0	49
2254	0.98	0	0	1	0	49
2255	0.98	0	0	1	0	49
2256	0.98	0	0	1	0	49
2257	0.98	0	0	1	0	49
2258	0.98	0	0	1	0	49
2259	0.98	0	0	1	0	49
2260	0.98	0	0	1	0	49
2261	0.98	0	0	1	0	49
2262	0.98	0	0	1	0	49
2263	0.98	0	0	1	0	49
2264	0.98	0	0	1	0	49
2265	0.98	0	0	1	0	49
2266	0.98	0	0	1	0	49
2267	0.98	0	0	1	0	49
2268	0.98	0	0	1	0	49
2269	0.98	0	0	1	0	49
2270	0.98	0	0	1	0	49
2271	0.98	0	0	1	0	49
2272	0.98	0	0	1	0	49
2273	0.98	0	0	1	0	49
2274	0.98	0	0	1	0	49
2275	0.98	0	0	1	0	49
2276	0.98	0	0	1	0	49
2277	0.98	0	0	1	0	49
2278	0.98	0	0	1	0	49
2279	0.98	0	0	1	0	49
2280	0.98	0	0	1	0	49
2281	0.98	0	0	1	0	49
2282	0.98	0	0	1	0	49
2283	0.98	0	0	1	0	49
2284	0.98	0	0	1	0	49
2285	0.98	0	0	1	0	49
2286	0.98	0	0	1	0	49
2287	0.98	0	0	1	0	49
2288	0.96	0	0	2	0	48
2289	0.94	1	0	2	0	47
2290	0.94	1	0	2	0	47
2291	0.94	1	0	2	0	47
2292	0.94	1	0	2	0	47
2293	0.94	1	0	2	0	47
2294	0.94	1	0	2	0	47
2295	0.94	1	0	2	0	47
2296	0.94	1	0	2	0	47
2297	0.94	1	0	2	0	47
2298	0.94	1	0	2	0	47
2299	0.94	1	0	2	0	47
2300	0.96	1	0	1	0	48
2301	0.96	1	0	1	0	48
2302	0.96	1	0	1	0	48
2303	0.96	1	0	1	0	48
2304	0.96	1	0	1	0	48
2305	0.96	1	0	1	0	48
2306	0.96	1	0	1	0	48
2307	0.96	1	0	1	0	48
2308	0.96	1	0	1	0	48
2309	0.96	1	0	1	0	48
2310	0.96	1	0	1	0	48
2311	0.96	1	0	1	0	48
2312	0.96	1	0	1	0	48
2313	0.96	1	0	1	0	48
2314	0.96	1	0	1	0	48
2315	0.96	1	0	1	0	48
2316	0.96	1	0	1	0	48
2317	0.96	1	0	1	0	48
2318	0.96	1	0	1	0	48
2319	0.96	1	0	1	0	48
2320	0.96	1	0	1	0	48
2321	0.96	1	0	1	0	48
2322	0.96	1	0	1	0	48
2323	0.96	1	0	1	0	48
2324	0.96	1	0	1	0	48
2325	0.96	1	0	1	0	48
2326	0.96	1	0	1	0	48
2327	0.96	1	0	1	0	48
2328	0.96	1	0	1	0	48
2329	0.96	1	0	1	0	48
2330	0.96	1	0	1	0	48
2331	0.96	1	0	1	0	48
2332	0.96	1	0	1	0	48
2333	0.96	1	0	1	0	48
2334	0.96	1	0	1	0	48
2335	0.96	1	0	1	0	48
2336	0.96	1	0	1	0	48
2337	0.96	1	0	1	0	48
2338	0.98	1	0	0	0	49
2339	1.00	0	0	0	0	50
2340	1.00	0	0	0	0	50
2341	1.00	0	0	0	0	50
2342	1.00	0	0	0	0	50
2343	0.98	1	0	0	0	49
2344	0.98	1	0	0	0	49
2345	0.98	1	0	0	0	49
2346	0.98	1	0	0	0	49
2347	0.98	1	0	0	0	49
2348	0.98	1	0	0	0	49
2349	0.98	1	0	0	0	49
2350	0.98	1	0	0	0	49
2351	0.98	1	0	0	0	49
2352	0.98	1	0	0	0	49
2353	0.98	1	0	0	0	49
2354	0.98	1	0	0	0	49
2355	0.98	1	0	0	0	49
2356	0.98	1	0	0	0	49
2357	0.98	1	0	0	0	49
2358	0.98	1	0	0	0	49
2359	0.98	1	0	0	0	49
2360	0.98	1	0	0	0	49
2361	0.98	1	0	0	0	49
2362	0.98	1	0	0	0	49
2363	0.98	1	0	0	0	49
2364	0.96	1	0	0	1	48
2365	0.96	1	0	0	1	48
2366	0.96	1	0	0	1	48
2367	0.96	1	0	0	1	48
2368	0.96	1	0	0	1	48
2369	0.96	1	0	0	1	48
2370	0.96	1	0	0	1	48
2371	0.96	1	0	0	1	48
2372	0.96	1	0	0	1	48
2373	0.96	1	0	0	1	48
2374	0.96	1	0	0	1	48
2375	0.96	1	0	0	1	48
2376	0.94	1	0	0	2	47
2377	0.94	1	0	0	2	47
2378	0.94	1	0	0	2	47
2379	0.94	1	0	0	2	47
2380	0.94	1	0	0	2	47
2381	0.94	1	0	0	2	47
2382	0.94	1	0	0	2	47
2383	0.94	1	0	0	2	47
2384	0.94	1	0	0	2	47
2385	0.92	1	0	0	3	46
2386	0.92	1	0	0	3	46
2387	0.92	1	0	0	3	46
2388	0.92	1	0	0	3	46
2389	0.92	1	0	0	3	46
2390	0.92	1	0	0	3	46
2391	0.92	1	0	0	3	46
2392	0.92	1	0	0	3	46
2393	0.94	0	0	0	3	47
2394	0.94	0	0	0	3	47
2395	0.94	0	0	0	3	47
2396	0.94	0	0	0	3	47
2397	0.94	0	0	0	3	47
2398	0.94	0	0	0	3	47
2399	0.94	0	0	0	3	47
2400	0.94	0	0	0	3	47
2401	0.94	0	0	0	3	47
2402	0.94	0	0	0	3	47
2403	0.94	0	0	0	3	47
2404	0.94	0	0	0	3	47
2405	0.94	0	0	0	3	47
2406	0.94	0	0	0	3	47
2407	0.94	0	0	0	3	47
2408	0.94	0	0	0	3	47
2409	0.92	0	1	0	3	46
2410	0.92	0	1	0	3	46
2411	0.92	0	1	0	3	46
2412	0.92	0	1	0	3	46
2413	0.92	0	1	0	3	46
2414	0.94	0	1	0	2	47
2415	0.94	0	1	0	2	47
2416	0.94	0	1	0	2	47
2417	0.94	0	1	0	2	47
2418	0.94	0	1	0	2	47
2419	0.94	0	1	0	2	47
2420	0.92	0	2	0	2	46
2421	0.92	0	2	0	2	46
2422	0.92	0	2	0	2	46
2423	0.92	0	2	0	2	46
2424	0.92	0	2	0	2	46
2425	0.92	0	2	0	2	46
2426	0.94	0	2	0	1	47
2427	0.94	0	2	0	1	47
2428	0.94	0	2	0	1	47
2429	0.94	0	2	0	1	47
2430	0.94	0	2	0	1	47
2431	0.94	0	2	0	1	47
2432	0.94	0	2	0	1	47
2433	0.94	0	2	0	1	47
2434	0.94	0	2	0	1	47
2435	0.96	0	2	0	0	48
2436	0.96	0	2	0	0	48
2437	0.96	0	2	0	0	48
2438	0.96	0	2	0	0	48
2439	0.96	0	2	0	0	48
2440	0.96	0	2	0	0	48
2441	0.96	0	2	0	0	48
2442	0.96	0	2	0	0	48
2443	0.94	0	3	0	0	47
2444	0.94	0	3	0	0	47
2445	0.94	0	3	0	0	47
2446	0.94	0	3	0	0	47
2447	0.94	0	3	0	0	47
2448	0.94	0	3	0	0	47
2449	0.94	0	3	0	0	47
2450	0.94	0	3	0	0	47
2451	0.94	0	3	0	0	47
2452	0.94	0	3	0	0	47
2453	0.94	0	3	0	0	47
2454	0.94	0	3	0	0	47
2455	0.94	0	3	0	0	47
2456	0.94	0	3	0	0	47
2457	0.94	0	3	0	0	47
2458	0.94	0	3	0	0	47
2459	0.96	0	2	0	0	48
2460	0.96	0	2	0	0	48
2461	0.96	0	2	0	0	48
2462	0.96	0	2	0	0	48
2463	0.96	0	2	0	0	48
2464	0.96	0	2	0	0	48
2465	0.96	0	2	0	0	48
2466	0.96	0	2	0	0	48
2467	0.96	0	2	0	0	48
2468	0.96	0	2	0	0	48
2469	0.96	0	2	0	0	48
2470	0.98	0	1	0	0	49
2471	0.98	0	1	0	0	49
2472	0.98	0	1	0	0	49
2473	0.98	0	1	0	0	49
2474	0.98	0	1	0	0	49
2475	0.98	0	1	0	0	49
2476	0.98	0	1	0	0	49
2477	0.98	0	1	0	0	49
2478	0.98	0	1	0	0	49
2479	0.96	0	1	1	0	48
2480	0.96	0	1	1	0	48
2481	0.96	0	1	1	0	48
2482	0.96	0	1	1	0	48
2483	0.96	0	1	1	0	48
2484	0.96	0	1	1	0	48
2485	0.96	0	1	1	0	48
2486	0.96	0	1	1	0	48
2487	0.96	0	1	1	0	48
2488	0.96	0	1	1	0	48
2489	0.96	0	1	1	0	48
2490	0.96	0	1	1	0	48
2491	0.96	0	1	1	0	48
2492	0.96	0	1	1	0	48
2493	0.98	0	0	1	0	49
2494	0.98	0	0	1	0	49
2495	0.98	0	0	1	0	49
2496	0.98	0	0	1	0	49
2497	0.98	0	0	1	0	49
2498	0.98	0	0	1	0	49
2499	0.98	0	0	1	0	49
2500	0.00	0	0	1	0	49
2501	0.02	1	0	1	0	48
2502	0.04	2	0	1	0	47
2503	0.04	2	0	1	0	47
2504	0.04	2	0	1	0	47
2505	0.04	2	0	1	0	47
2506	0.04	2	0	1	0	47
2507	0.04	2	0	1	0	47
2508	0.04	2	0	1	0	47
2509	0.04	2	0	1	0	47
2510	0.04	2	0	1	0	47
2511	0.06	3	0	1	0	46
2512	0.06	3	0	1	0	46
2513	0.06	3	0	1	0	46
2514	0.06	3	0	1	0	46
2515	0.06	3	1	1	0	45
2516	0.06	3	1	1	0	45
2517	0.06	3	1	1	0	45
2518	0.06	3	1	1	0	45
2519	0.06	3	1	1	0	45
2520	0.06	3	1	1	0	45
2521	0.06	3	1	1	0	45
2522	0.08	4	1	1	0	44
2523	0.08	4	1	1	0	44
2524	0.10	5	1	1	0	43
2525	0.10	5	1	1	0	43
2526	0.10	5	1	1	0	43
2527	0.10	5	1	1	0	43
2528	0.10	5	1	1	0	43
2529	0.10	5	1	0	0	44
2530	0.10	5	1	0	0	44
2531	0.10	5	1	0	0	44
2532	0.10	5	1	0	0	44
2533	0.12	6	1	0	0	43
2534	0.12	6	1	0	0	43
2535	0.12	6	1	0	0	43
2536	0.14	7	1	0	0	42
2537	0.14	7	1	0	0	42
2538	0.14	7	1	0	0	42
2539	0.14	7	1	0	0	42
2540	0.14	7	1	0	0	42
2541	0.16	8	1	0	0	41
2542	0.16	8	1	0	0	41
2543	0.16	8	1	0	0	41
2544	0.16	8	1	0	0	41
2545	0.18	9	1	0	0	40
2546	0.18	9	1	0	0	40
2547	0.18	9	1	0	0	40
2548	0.20	10	1	0	0	39
2549	0.20	10	1	0	0	39
2550	0.20	10	1	0	0	39
2551	0.18	9	2	0	0	39
2552	0.16	8	2	0	0	40
2553	0.16	8	2	0	0	40
2554	0.18	9	2	0	0	39
2555	0.18	9	2	0	0	39
2556	0.18	9	2	0	0	39
2557	0.18	9	2	0	0	39
2558	0.18	9	2	0	0	39
2559	0.20	10	2	0	0	38
2560	0.20	10	2	0	0	38
2561	0.18	9	2	0	0	39
2562	0.18	9	2	0	0	39
2563	0.18	9	2	0	0	39
2564	0.18	9	2	0	0	39
2565	0.18	9	1	0	0	40
2566	0.18	9	1	0	0	40
2567	0.20	10	1	0	0	39
2568	0.20	10	1	0	0	39
2569	0.22	11	1	0	0	38
2570	0.22	11	1	0	0	38
2571	0.22	11	1	0	0	38
2572	0.20	10	1	0	0	39
2573	0.20	10	1	0	0	39
2574	0.18	9	1	0	0	40
2575	0.18	9	1	0	0	40
2576	0.18	9	1	1	0	39
2577	0.18	9	1	1	0	39
2578	0.18	9	1	1	0	39
2579	0.18	9	1	1	0	39
2580	0.20	10	1	1	0	38
2581	0.22	11	1	1	0	37
2582	0.22	11	1	1	0	37
2583	0.20	10	1	1	0	38
2584	0.20	10	1	1	0	38
2585	0.20	10	1	1	0	38
2586	0.18	9	1	1	0	39
2587	0.18	9	1	1	0	39
2588	0.20	10	1	1	0	38
2589	0.22	11	1	1	0	37
2590	0.24	12	1	1	0	36
2591	0.24	12	1	1	0	36
2592	0.26	13	1	1	0	35
2593	0.26	13	1	1	0	35
2594	0.26	13	1	1	0	35
2595	0.24	12	1	1	0	36
2596	0.24	12	1	1	0	36
2597	0.26	13	1	1	0	35
2598	0.24	12	1	1	0	36
2599	0.24	12	1	2	0	35
2600	0.24	12	1	2	0	35
2601	0.24	12	0	2	0	36
2602	0.26	13	0	2	0	35
2603	0.26	13	0	2	0	35
2604	0.26	13	0	2	0	35
2605	0.28	14	0	2	0	34
2606	0.30	15	0	2	0	33
2607	0.32	16	0	2	0	32
2608	0.34	17	0	2	0	31
2609	0.32	16	0	2	0	32
2610	0.32	16	0	2	0	32
2611	0.34	17	0	2	0	31
2612	0.36	18	0	2	0	30
2613	0.38	19	0	2	0	29
2614	0.40	20	0	2	0	28
2615	0.42	21	0	2	0	27
2616	0.44	22	0	2	0	26
2617	0.42	21	0	2	0	27
2618	0.44	22	0	2	0	26
2619	0.42	21	0	2	0	27
2620	0.42	21	0	2	0	27
2621	0.42	21	1	2	0	26
2622	0.42	21	1	2	0	26
2623	0.44	22	1	2	0	25
2624	0.44	22	2	2	0	24
2625	0.46	23	2	2	0	23
2626	0.48	24	2	1	0	23
2627	0.50	25	2	1	0	22
2628	0.52	26	2	1	0	21
2629	0.54	27	2	1	0	20
2630	0.54	27	2	1	0	20
2631	0.54	27	2	1	0	20
2632	0.54	27	2	1	0	20
2633	0.56	28	2	1	0	19
2634	0.56	28	2	1	0	19
2635	0.58	29	2	1	0	18
2636	0.60	30	2	1	0	17
2637	0.62	31	2	1	0	16
2638	0.62	31	2	1	0	16
2639	0.62	31	2	1	0	16
2640	0.62	31	2	1	0	16
2641	0.62	31	2	1	0	16
2642	0.62	31	2	1	0	16
2643	0.64	32	2	1	0	15
2644	0.66	33	2	1	0	14
2645	0.68	34	2	1	0	13
2646	0.70	35	2	1	0	12
2647	0.70	35	2	1	0	12
2648	0.72	36	2	1	0	11
2649	0.74	37	2	0	0	11
2650	0.76	38	2	0	0	10
2651	0.78	39	2	0	0	9
2652	0.78	39	2	0	0	9
2653	0.80	40	2	0	0	8
2654	0.80	40	2	0	0	8
2655	0.80	40	2	0	0	8
2656	0.80	40	2	0	0	8
2657	0.80	40	2	0	0	8
2658	0.80	40	2	0	0	8
2659	0.82	41	2	0	0	7
2660	0.84	42	2	0	0	6
2661	0.84	42	2	0	0	6
2662	0.84	42	2	0	0	6
2663	0.84	42	2	0	0	6
2664	0.84	42	2	0	0	6
2665	0.84	42	2	0	0	6
2666	0.84	42	2	0	0	6
2667	0.86	43	2	0	0	5
2668	0.86	43	2	0	0	5
2669	0.88	44	2	0	0	4
2670	0.88	44	2	0	0	4
2671	0.90	45	1	0	0	4
2672	0.92	46	1	0	0	3
2673	0.92	46	1	0	0	3
2674	0.94	47	0	0	0	3
2675	0.94	47	0	0	0	3
2676	0.94	47	0	0	0	3
2677	0.94	47	0	0	0	3
2678	0.94	47	0	0	0	3
2679	0.94	47	0	0	0	3
2680	0.94	47	0	0	0	3
2681	0.94	47	0	0	0	3
2682	0.96	48	0	0	0	2
2683	0.96	48	0	0	0	2
2684	0.98	49	0	0	0	1
2685	0.98	49	0	0	0	1
2686	0.98	49	0	0	0	1
2687	0.98	49	0	0	0	1
2688	0.98	49	0	0	0	1
2689	0.98	49	0	0	0	1
2690	0.98	49	0	0	0	1
2691	0.98	49	0	0	0	1
2692	0.98	49	0	0	0	1
2693	0.98	49	0	0	0	1
2694	0.98	49	0	0	0	1
2695	0.98	49	0	0	0	1
2696	0.98	49	0	0	0	1
2697	0.98	49	0	0	0	1
2698	0.98	49	0	0	0	1
2699	0.98	49	0	0	0	1
2700	0.98	49	0	0	0	1
2701	0.96	48	1	0	0	1
2702	0.96	48	1	0	0	1
2703	0.96	48	1	0	0	1
2704	0.96	48	1	0	0	1
2705	0.96	48	1	0	0	1
2706	0.96	48	1	0	0	1
2707	0.96	48	1	0	0	1
2708	0.96	48	1	0	0	1
2709	0.96	48	1	0	0	1
2710	0.96	48	1	0	0	1
2711	0.96	48	1	0	0	1
2712	0.96	48	1	0	0	1
2713	0.96	48	1	0	0	1
2714	0.96	48	1	0	0	1
2715	0.96	48	1	0	0	1
2716	0.96	48	1	0	0	1
2717	0.96	48	1	0	0	1
2718	0.96	48	1	0	0	1
2719	0.96	48	1	0	0	1
2720	0.98	49	1	0	0	0
2721	0.98	49	1	0	0	0
2722	0.98	49	1	0	0	0
2723	0.98	49	1	0	0	0
2724	0.98	49	1	0	0	0
2725	0.98	49	1	0	0	0
2726	0.98	49	1	0	0	0
2727	0.98	49	1	0	0	0
2728	0.98	49	1	0	0	0
2729	0.98	49	1	0	0	0
2730	0.98	49	1	0	0	0
2731	0.98	49	1	0	0	0
2732	0.98	49	1	0	0	0
2733	0.98	49	1	0	0	0
2734	0.98	49	1	0	0	0
2735	0.98	49	1	0	0	0
2736	0.98	49	1	0	0	0
2737	0.98	49	1	0	0	0
2738	0.98	49	1	0	0	0
2739	0.98	49	1	0	0	0
2740	0.98	49	1	0	0	0
2741	0.98	49	1	0	0	0
2742	0.98	49	1	0	0	0
2743	0.98	49	1	0	0	0
2744	0.98	49	1	0	0	0
2745	0.98	49	1	0	0	0
2746	0.98	49	1	0	0	0
2747	0.98	49	1	0	0	0
2748	0.98	49	1	0	0	0
2749	0.98	49	1	0	0	0
2750	0.96	48	1	1	0	0
2751	0.98	49	0	1	0	0
2752	0.98	49	0	1	0	0
2753	0.98	49	0	1	0	0
2754	0.98	49	0	1	0	0
2755	0.98	49	0	1	0	0
2756	0.98	49	0	1	0	0
2757	0.98	49	0	1	0	0
2758	0.98	49	0	1	0	0
2759	0.98	49	0	1	0	0
2760	0.98	49	0	1	0	0
2761	0.98	49	0	1	0	0
2762	0.98	49	0	1	0	0
2763	0.98	49	0	1	0	0
2764	0.98	49	0	1	0	0
2765	0.96	48	0	1	1	0
2766	0.96	48	0	1	1	0
2767	0.96	48	0	1	1	0
2768	0.96	48	0	1	1	0
2769	0.96	48	0	1	1	0
2770	0.96	48	0	1	1	0
2771	0.96	48	0	1	1	0
2772	0.96	48	0	1	1	0
2773	0.96	48	0	1	1	0
2774	0.96	48	0	1	1	0
2775	0.96	48	0	1	1	0
2776	0.96	48	0	1	1	0
2777	0.96	48	0	1	1	0
2778	0.96	48	0	1	1	0
2779	0.96	48	0	1	1	0
2780	0.96	48	0	1	1	0
2781	0.96	48	0	1	1	0
2782	0.96	48	0	1	1	0
2783	0.96	48	0	1	1	0
2784	0.96	48	0	1	1	0
2785	0.96	48	0	1	1	0
2786	0.96	48	0	1	1	0
2787	0.96	48	0	1	1	0
2788	0.96	48	0	1	1	0
2789	0.96	48	0	1	1	0
2790	0.96	48	0	1	1	0
2791	0.96	48	0	1	1	0
2792	0.96	48	0	1	1	0
2793	0.96	48	0	1	1	0
2794	0.96	48	0	1	1	0
2795	0.96	48	0	1	1	0
2796	0.94	47	0	2	1	0
2797	0.94	47	0	2	1	0
2798	0.94	47	0	2	1	0
2799	0.94	47	0	2	1	0
2800	0.96	48	0	1	1	0
2801	0.96	48	0	1	1	0
2802	0.96	48	0	1	1	0
2803	0.96	48	0	1	1	0
2804	0.96	48	0	1	1	0
2805	0.96	48	0	1	1	0
2806	0.96	48	0	1	1	0
2807	0.96	48	0	1	1	0
2808	0.96	48	0	1	1	0
2809	0.96	48	0	1	1	0
2810	0.96	48	0	1	1	0
2811	0.96	48	0	1	1	0
2812	0.96	48	0	1	1	0
2813	0.96	48	0	1	1	0
2814	0.96	48	0	1	1	0
2815	0.98	49	0	1	0	0
2816	0.98	49	0	1	0	0
2817	0.98	49	0	1	0	0
2818	0.98	49	0	1	0	0
2819	0.98	49	0	1	0	0
2820	0.98	49	0	1	0	0
2821	0.98	49	0	1	0	0
2822	0.98	49	0	1	0	0
2823	0.98	49	0	1	0	0
2824	0.98	49	0	1	0	0
2825	0.98	49	0	1	0	0
2826	0.98	49	0	1	0	0
2827	0.98	49	0	1	0	0
2828	0.98	49	0	1	0	0
2829	0.98	49	0	1	0	0
2830	0.98	49	0	1	0	0
2831	0.98	49	0	1	0	0
2832	0.96	48	0	2	0	0
2833	0.96	48	0	2	0	0
2834	0.96	48	0	2	0	0
2835	0.96	48	0	2	0	0
2836	0.96	48	0	2	0	0
2837	0.96	48	0	2	0	0
2838	0.96	48	0	2	0	0
2839	0.96	48	0	2	0	0
2840	0.96	48	0	2	0	0
2841	0.96	48	0	2	0	0
2842	0.96	48	0	2	0	0
2843	0.94	47	0	2	0	1
2844	0.94	47	0	2	0	1
2845	0.94	47	0	2	0	1
2846	0.96	48	0	1	0	1
2847	0.96	48	0	1	0	1
2848	0.96	48	0	1	0	1
2849	0.96	48	0	1	0	1
2850	0.96	48	0	1	0	1
2851	0.96	48	0	1	0	1
2852	0.96	48	0	1	0	1
2853	0.96	48	0	1	0	1
2854	0.96	48	0	1	0	1
2855	0.96	48	0	1	0	1
2856	0.96	48	0	1	0	1
2857	0.96	48	0	1	0	1
2858	0.96	48	0	1	0	1
2859	0.96	48	0	1	0	1
2860	0.96	48	0	1	0	1
2861	0.96	48	0	1	0	1
2862	0.96	48	0	1	0	1
2863	0.96	48	0	1	0	1
2864	0.96	48	0	1	0	1
2865	0.96	48	0	1	0	1
2866	0.96	48	0	1	0	1
2867	0.96	48	0	1	0	1
2868	0.96	48	0	1	0	1
2869	0.96	48	0	1	0	1
2870	0.94	47	1	1	0	1
2871	0.94	47	1	1	0	1
2872	0.94	47	1	1	0	1
2873	0.94	47	1	1	0	1
2874	0.94	47	1	1	0	1
2875	0.94	47	1	1	0	1
2876	0.94	47	1	1	0	1
2877	0.94	47	1	1	0	1
2878	0.94	47	1	1	0	1
2879	0.94	47	1	1	0	1
2880	0.94	47	1	1	0	1
2881	0.94	47	1	1	0	1
2882	0.96	48	1	0	0	1
2883	0.96	48	1	0	0	1
2884	0.96	48	1	0	0	1
2885	0.96	48	1	0	0	1
2886	0.96	48	1	0	0	1
2887	0.96	48	1	0	0	1
2888	0.96	48	1	0	0	1
2889	0.96	48	1	0	0	1
2890	0.96	48	1	0	0	1
2891	0.96	48	1	0	0	1
2892	0.96	48	1	0	0	1
2893	0.98	49	1	0	0	0
2894	0.98	49	1	0	0	0
2895	0.98	49	1	0	0	0
2896	0.98	49	1	0	0	0
2897	0.98	49	1	0	0	0
2898	0.98	49	1	0	0	0
2899	0.98	49	1	0	0	0
2900	0.98	49	1	0	0	0
2901	0.98	49	1	0	0	0
2902	0.98	49	1	0	0	0
2903	0.98	49	1	0	0	0
2904	0.98	49	1	0	0	0
2905	0.96	48	1	1	0	0
2906	0.96	48	1	1	0	0
2907	0.96	48	1	1	0	0
2908	0.96	48	1	1	0	0
2909	0.96	48	1	1	0	0
2910	0.96	48	1	1	0	0
2911	0.96	48	1	1	0	0
2912	0.96	48	1	1	0	0
2913	0.96	48	1	1	0	0
2914	0.96	48	1	1	0	0
2915	0.96	48	1	1	0	0
2916	0.96	48	1	1	0	0
2917	0.96	48	1	1	0	0
2918	0.96	48	1	1	0	0
2919	0.96	48	1	1	0	0
2920	0.98	49	0	1	0	0
2921	0.98	49	0	1	0	0
2922	0.98	49	0	1	0	0
2923	0.98	49	0	1	0	0
2924	0.98	49	0	1	0	0
2925	0.98	49	0	1	0	0
2926	0.98	49	0	1	0	0
2927	0.98	49	0	1	0	0
2928	0.98	49	0	1	0	0
2929	0.98	49	0	1	0	0
2930	0.98	49	0	1	0	0
2931	0.98	49	0	1	0	0
2932	0.98	49	0	1	0	0
2933	0.98	49	0	1	0	0
2934	0.98	49	0	1	0	0
2935	0.98	49	0	1	0	0
2936	0.98	49	0	1	0	0
2937	0.98	49	0	1	0	0
2938	0.98	49	0	1	0	0
2939	0.98	49	0	1	0	0
2940	0.98	49	0	1	0	0
2941	0.98	49	0	1	0	0
2942	0.98	49	0	1	0	0
2943	0.98	49	0	1	0	0
2944	0.98	49	0	1	0	0
2945	0.98	49	0	1	0	0
2946	0.98	49	0	1	0	0
2947	0.98	49	0	1	0	0
2948	0.98	49	0	1	0	0
2949	0.98	49	0	1	0	0
2950	0.98	49	0	1	0	0
2951	0.98	49	0	1	0	0
2952	0.98	49	0	1	0	0
2953	0.98	49	0	1	0	0
2954	0.96	48	0	1	1	0
2955	0.98	49	0	0	1	0
2956	0.98	49	0	0	1	0
2957	0.98	49	0	0	1	0
2958	0.98	49	0	0	1	0
2959	0.98	49	0	0	1	0
2960	0.98	49	0	0	1	0
2961	0.98	49	0	0	1	0
2962	0.98	49	0	0	1	0
2963	0.98	49	0	0	1	0
2964	0.98	49	0	0	1	0
2965	0.98	49	0	0	1	0
2966	0.98	49	0	0	1	0
2967	0.98	49	0	0	1	0
2968	0.98	49	0	0	1	0
2969	0.98	49	0	0	1	0
2970	0.98	49	0	0	1	0
2971	0.96	48	0	0	2	0
2972	0.96	48	0	0	2	0
2973	0.96	48	0	0	2	0
2974	0.96	48	0	0	2	0
2975	0.96	48	0	0	2	0
2976	0.96	48	0	0	2	0
2977	0.96	48	0	0	2	0
2978	0.96	48	0	0	2	0
2979	0.96	48	0	0	2	0
2980	0.96	48	0	0	2	0
2981	0.96	48	0	0	2	0
2982	0.96	48	0	0	2	0
2983	0.96	48	0	0	2	0
2984	0.96	48	0	0	2	0
2985	0.96	48	0	0	2	0
2986	0.96	48	0	0	2	0
2987	0.94	47	1	0	2	0
2988	0.94	47	1	0	2	0
2989	0.94	47	1	0	2	0
2990	0.94	47	1	0	2	0
2991	0.94	47	1	0	2	0
2992	0.94	47	1	0	2	0
2993	0.94	47	1	0	2	0
2994	0.94	47	1	0	2	0
2995	0.94	47	1	0	2	0
2996	0.94	47	1	0	2	0
2997	0.94	47	1	0	2	0
2998	0.94	47	1	0	2	0
2999	0.94	47	1	0	2	0
