timestep	swarm_quality	color_0	color_1
0	0.70	70	30
1	0.70	70	30
2	0.70	70	30
3	0.70	70	30
4	0.70	70	30
5	0.70	70	30
6	0.70	70	30
7	0.70	70	30
8	0.70	70	30
9	0.70	70	30
10	0.70	70	30
11	0.70	70	30
12	0.70	70	30
13	0.70	70	30
14	0.70	70	30
15	0.70	70	30
16	0.70	70	30
17	0.70	70	30
18	0.70	70	30
19	0.70	70	30
20	0.69	69	31
21	0.69	69	31
22	0.69	69	31
23	0.69	69	31
24	0.69	69	31
25	0.69	69	31
26	0.69	69	31
27	0.69	69	31
28	0.69	69	31
29	0.69	69	31
30	0.69	69	31
31	0.69	69	31
32	0.69	69	31
33	0.69	69	31
34	0.69	69	31
35	0.69	69	31
36	0.69	69	31
37	0.69	69	31
38	0.69	69	31
39	0.69	69	31
40	0.69	69	31
41	0.69	69	31
42	0.69	69	31
43	0.69	69	31
44	0.69	69	31
45	0.69	69	31
46	0.69	69	31
47	0.69	69	31
48	0.69	69	31
49	0.69	69	31
50	0.69	69	31
51	0.69	69	31
52	0.69	69	31
53	0.69	69	31
54	0.69	69	31
55	0.69	69	31
56	0.69	69	31
57	0.69	69	31
58	0.69	69	31
59	0.69	69	31
60	0.69	69	31
61	0.69	69	31
62	0.69	69	31
63	0.69	69	31
64	0.69	69	31
65	0.69	69	31
66	0.69	69	31
67	0.69	69	31
68	0.69	69	31
69	0.69	69	31
70	0.70	70	30
71	0.71	71	29
72	0.72	72	28
73	0.73	73	27
74	0.73	73	27
75	0.74	74	26
76	0.75	75	25
77	0.76	76	24
78	0.77	77	23
79	0.78	78	22
80	0.79	79	21
81	0.80	80	20
82	0.81	81	19
83	0.82	82	18
84	0.83	83	17
85	0.84	84	16
86	0.85	85	15
87	0.86	86	14
88	0.87	87	13
89	0.88	88	12
90	0.89	89	11
91	0.90	90	10
92	0.91	91	9
93	0.92	92	8
94	0.93	93	7
95	0.94	94	6
96	0.95	95	5
97	0.96	96	4
98	0.97	97	3
99	0.98	98	2
100	0.98	98	2
101	0.98	98	2
102	0.98	98	2
103	0.98	98	2
104	0.98	98	2
105	0.98	98	2
106	0.98	98	2
107	0.98	98	2
108	0.98	98	2
109	0.98	98	2
110	0.98	98	2
111	0.98	98	2
112	0.98	98	2
113	0.98	98	2
114	0.98	98	2
115	0.98	98	2
116	0.98	98	2
117	0.98	98	2
118	0.98	98	2
119	0.98	98	2
120	0.99	99	1
121	0.99	99	1
122	0.99	99	1
123	0.99	99	1
124	0.99	99	1
125	0.99	99	1
126	0.99	99	1
127	0.99	99	1
128	0.99	99	1
129	0.99	99	1
130	0.99	99	1
131	0.99	99	1
132	0.99	99	1
133	0.99	99	1
134	0.99	99	1
135	0.99	99	1
136	0.99	99	1
137	0.99	99	1
138	0.99	99	1
139	0.99	99	1
140	0.99	99	1
141	0.99	99	1
142	0.99	99	1
143	0.99	99	1
144	0.99	99	1
145	0.99	99	1
146	0.99	99	1
147	0.99	99	1
148	0.99	99	1
149	0.99	99	1
150	0.99	99	1
151	0.99	99	1
152	0.99	99	1
153	0.99	99	1
154	0.99	99	1
155	0.99	99	1
156	0.99	99	1
157	0.99	99	1
158	0.99	99	1
159	0.99	99	1
160	0.99	99	1
161	0.99	99	1
162	0.99	99	1
163	0.99	99	1
164	0.99	99	1
165	0.99	99	1
166	0.99	99	1
167	0.99	99	1
168	0.99	99	1
169	0.99	99	1
170	0.99	99	1
171	0.99	99	1
172	0.99	99	1
173	0.99	99	1
174	1.00	100	0
175	1.00	100	0
176	1.00	100	0
177	1.00	100	0
178	1.00	100	0
179	1.00	100	0
180	1.00	100	0
181	1.00	100	0
182	1.00	100	0
183	1.00	100	0
184	1.00	100	0
185	1.00	100	0
186	1.00	100	0
187	1.00	100	0
188	1.00	100	0
189	1.00	100	0
190	1.00	100	0
191	1.00	100	0
192	1.00	100	0
193	1.00	100	0
194	1.00	100	0
195	1.00	100	0
196	1.00	100	0
197	1.00	100	0
198	1.00	100	0
199	1.00	100	0
200	1.00	100	0
201	1.00	100	0
202	1.00	100	0
203	1.00	100	0
204	1.00	100	0
205	1.00	100	0
206	1.00	100	0
207	1.00	100	0
208	1.00	100	0
209	1.00	100	0
210	1.00	100	0
211	1.00	100	0
212	1.00	100	0
213	1.00	100	0
214	1.00	100	0
215	1.00	100	0
216	1.00	100	0
217	1.00	100	0
218	1.00	100	0
219	1.00	100	0
220	1.00	100	0
221	1.00	100	0
222	1.00	100	0
223	1.00	100	0
224	1.00	100	0
225	1.00	100	0
226	1.00	100	0
227	1.00	100	0
228	1.00	100	0
229	1.00	100	0
230	1.00	100	0
231	1.00	100	0
232	1.00	100	0
233	1.00	100	0
234	1.00	100	0
235	1.00	100	0
236	1.00	100	0
237	1.00	100	0
238	1.00	100	0
239	1.00	100	0
240	1.00	100	0
241	1.00	100	0
242	1.00	100	0
243	1.00	100	0
244	1.00	100	0
245	1.00	100	0
246	1.00	100	0
247	1.00	100	0
248	1.00	100	0
249	1.00	100	0
250	1.00	100	0
251	1.00	100	0
252	1.00	100	0
253	1.00	100	0
254	1.00	100	0
255	1.00	100	0
256	1.00	100	0
257	1.00	100	0
258	1.00	100	0
259	1.00	100	0
260	1.00	100	0
261	1.00	100	0
262	1.00	100	0
263	1.00	100	0
264	1.00	100	0
265	1.00	100	0
266	1.00	100	0
267	1.00	100	0
268	1.00	100	0
269	1.00	100	0
270	1.00	100	0
271	1.00	100	0
272	1.00	100	0
273	1.00	100	0
274	1.00	100	0
275	1.00	100	0
276	1.00	100	0
277	0.99	99	1
278	0.99	99	1
279	0.99	99	1
280	0.99	99	1
281	0.99	99	1
282	0.99	99	1
283	0.99	99	1
284	0.99	99	1
285	0.99	99	1
286	0.99	99	1
287	0.99	99	1
288	0.99	99	1
289	0.99	99	1
290	0.99	99	1
291	0.99	99	1
292	0.99	99	1
293	0.99	99	1
294	0.99	99	1
295	0.99	99	1
296	0.99	99	1
297	0.99	99	1
298	0.99	99	1
299	0.99	99	1
300	0.99	99	1
301	0.99	99	1
302	0.99	99	1
303	0.99	99	1
304	0.99	99	1
305	0.99	99	1
306	0.99	99	1
307	0.99	99	1
308	0.99	99	1
309	0.99	99	1
310	0.99	99	1
311	0.99	99	1
312	0.99	99	1
313	0.99	99	1
314	0.99	99	1
315	0.99	99	1
316	0.99	99	1
317	0.99	99	1
318	0.99	99	1
319	0.99	99	1
320	0.99	99	1
321	0.99	99	1
322	0.99	99	1
323	0.99	99	1
324	0.99	99	1
325	0.99	99	1
326	0.99	99	1
327	0.99	99	1
328	0.99	99	1
329	0.99	99	1
330	0.99	99	1
331	0.99	99	1
332	0.99	99	1
333	0.99	99	1
334	0.99	99	1
335	0.99	99	1
336	0.99	99	1
337	0.99	99	1
338	0.99	99	1
339	0.99	99	1
340	0.99	99	1
341	0.99	99	1
342	0.99	99	1
343	0.99	99	1
344	0.99	99	1
345	0.99	99	1
346	0.99	99	1
347	0.99	99	1
348	0.99	99	1
349	0.99	99	1
350	0.99	99	1
351	0.99	99	1
352	0.99	99	1
353	0.99	99	1
354	0.99	99	1
355	0.99	99	1
356	0.99	99	1
357	0.99	99	1
358	0.99	99	1
359	0.99	99	1
360	0.99	99	1
361	0.99	99	1
362	0.99	99	1
363	0.99	99	1
364	0.99	99	1
365	0.99	99	1
366	0.99	99	1
367	0.99	99	1
368	0.99	99	1
369	0.99	99	1
370	0.99	99	1
371	0.99	99	1
372	0.99	99	1
373	0.99	99	1
374	0.99	99	1
375	0.99	99	1
376	0.99	99	1
377	1.00	100	0
378	1.00	100	0
379	1.00	100	0
380	1.00	100	0
381	1.00	100	0
382	1.00	100	0
383	1.00	100	0
384	1.00	100	0
385	1.00	100	0
386	1.00	100	0
387	1.00	100	0
388	1.00	100	0
389	1.00	100	0
390	1.00	100	0
391	1.00	100	0
392	1.00	100	0
393	1.00	100	0
394	1.00	100	0
395	1.00	100	0
396	1.00	100	0
397	1.00	100	0
398	1.00	100	0
399	1.00	100	0
400	1.00	100	0
401	1.00	100	0
402	1.00	100	0
403	1.00	100	0
404	1.00	100	0
405	1.00	100	0
406	1.00	100	0
407	1.00	100	0
408	1.00	100	0
409	1.00	100	0
410	1.00	100	0
411	1.00	100	0
412	1.00	100	0
413	1.00	100	0
414	1.00	100	0
415	1.00	100	0
416	1.00	100	0
417	1.00	100	0
418	1.00	100	0
419	1.00	100	0
420	1.00	100	0
421	1.00	100	0
422	1.00	100	0
423	1.00	100	0
424	1.00	100	0
425	1.00	100	0
426	1.00	100	0
427	1.00	100	0
428	1.00	100	0
429	1.00	100	0
430	1.00	100	0
431	1.00	100	0
432	1.00	100	0
433	1.00	100	0
434	1.00	100	0
435	1.00	100	0
436	1.00	100	0
437	1.00	100	0
438	1.00	100	0
439	1.00	100	0
440	1.00	100	0
441	1.00	100	0
442	1.00	100	0
443	1.00	100	0
444	1.00	100	0
445	1.00	100	0
446	1.00	100	0
447	1.00	100	0
448	1.00	100	0
449	1.00	100	0
450	1.00	100	0
451	1.00	100	0
452	1.00	100	0
453	1.00	100	0
454	1.00	100	0
455	1.00	100	0
456	1.00	100	0
457	1.00	100	0
458	1.00	100	0
459	1.00	100	0
460	1.00	100	0
461	1.00	100	0
462	1.00	100	0
463	1.00	100	0
464	1.00	100	0
465	1.00	100	0
466	1.00	100	0
467	1.00	100	0
468	1.00	100	0
469	1.00	100	0
470	1.00	100	0
471	1.00	100	0
472	1.00	100	0
473	1.00	100	0
474	1.00	100	0
475	1.00	100	0
476	1.00	100	0
477	1.00	100	0
478	1.00	100	0
479	1.00	100	0
480	1.00	100	0
481	1.00	100	0
482	1.00	100	0
483	1.00	100	0
484	1.00	100	0
485	1.00	100	0
486	1.00	100	0
487	1.00	100	0
488	1.00	100	0
489	0.99	99	1
490	0.99	99	1
491	0.99	99	1
492	0.99	99	1
493	0.99	99	1
494	0.99	99	1
495	0.99	99	1
496	0.99	99	1
497	0.99	99	1
498	0.99	99	1
499	0.99	99	1
500	0.99	99	1
501	0.99	99	1
502	0.99	99	1
503	0.99	99	1
504	0.99	99	1
505	0.99	99	1
506	0.99	99	1
507	0.99	99	1
508	0.99	99	1
509	0.99	99	1
510	0.99	99	1
511	0.99	99	1
512	0.99	99	1
513	0.99	99	1
514	0.99	99	1
515	0.99	99	1
516	0.99	99	1
517	0.99	99	1
518	0.99	99	1
519	0.99	99	1
520	0.99	99	1
521	0.99	99	1
522	0.99	99	1
523	0.99	99	1
524	0.99	99	1
525	0.99	99	1
526	0.99	99	1
527	0.99	99	1
528	0.99	99	1
529	0.99	99	1
530	0.99	99	1
531	0.99	99	1
532	0.99	99	1
533	0.99	99	1
534	0.99	99	1
535	0.99	99	1
536	0.99	99	1
537	0.99	99	1
538	0.99	99	1
539	0.99	99	1
540	0.99	99	1
541	0.99	99	1
542	0.99	99	1
543	0.99	99	1
544	0.99	99	1
545	0.99	99	1
546	0.99	99	1
547	0.99	99	1
548	0.99	99	1
549	0.99	99	1
550	0.99	99	1
551	0.99	99	1
552	0.99	99	1
553	0.99	99	1
554	0.99	99	1
555	0.99	99	1
556	0.99	99	1
557	0.99	99	1
558	0.99	99	1
559	0.99	99	1
560	0.99	99	1
561	0.99	99	1
562	0.99	99	1
563	0.99	99	1
564	0.99	99	1
565	0.99	99	1
566	0.99	99	1
567	0.99	99	1
568	0.99	99	1
569	0.99	99	1
570	0.99	99	1
571	0.99	99	1
572	0.99	99	1
573	0.99	99	1
574	0.99	99	1
575	0.99	99	1
576	0.99	99	1
577	0.99	99	1
578	0.99	99	1
579	0.99	99	1
580	0.99	99	1
581	0.99	99	1
582	0.99	99	1
583	0.99	99	1
584	0.99	99	1
585	0.99	99	1
586	0.99	99	1
587	0.99	99	1
588	0.99	99	1
589	1.00	100	0
590	1.00	100	0
591	1.00	100	0
592	1.00	100	0
593	1.00	100	0
594	1.00	100	0
595	1.00	100	0
596	1.00	100	0
597	1.00	100	0
598	1.00	100	0
599	1.00	100	0
600	1.00	100	0
601	1.00	100	0
602	1.00	100	0
603	1.00	100	0
604	1.00	100	0
605	1.00	100	0
606	1.00	100	0
607	1.00	100	0
608	1.00	100	0
609	1.00	100	0
610	1.00	100	0
611	1.00	100	0
612	1.00	100	0
613	1.00	100	0
614	1.00	100	0
615	1.00	100	0
616	1.00	100	0
617	1.00	100	0
618	1.00	100	0
619	1.00	100	0
620	1.00	100	0
621	1.00	100	0
622	1.00	100	0
623	1.00	100	0
624	1.00	100	0
625	1.00	100	0
626	1.00	100	0
627	1.00	100	0
628	1.00	100	0
629	1.00	100	0
630	1.00	100	0
631	1.00	100	0
632	1.00	100	0
633	1.00	100	0
634	1.00	100	0
635	1.00	100	0
636	1.00	100	0
637	1.00	100	0
638	1.00	100	0
639	1.00	100	0
640	1.00	100	0
641	1.00	100	0
642	1.00	100	0
643	1.00	100	0
644	1.00	100	0
645	1.00	100	0
646	1.00	100	0
647	1.00	100	0
648	1.00	100	0
649	1.00	100	0
650	1.00	100	0
651	1.00	100	0
652	1.00	100	0
653	1.00	100	0
654	1.00	100	0
655	1.00	100	0
656	1.00	100	0
657	1.00	100	0
658	1.00	100	0
659	1.00	100	0
660	1.00	100	0
661	1.00	100	0
662	1.00	100	0
663	1.00	100	0
664	1.00	100	0
665	1.00	100	0
666	1.00	100	0
667	1.00	100	0
668	1.00	100	0
669	1.00	100	0
670	1.00	100	0
671	1.00	100	0
672	1.00	100	0
673	1.00	100	0
674	1.00	100	0
675	1.00	100	0
676	1.00	100	0
677	1.00	100	0
678	1.00	100	0
679	1.00	100	0
680	1.00	100	0
681	1.00	100	0
682	1.00	100	0
683	1.00	100	0
684	1.00	100	0
685	1.00	100	0
686	1.00	100	0
687	1.00	100	0
688	1.00	100	0
689	1.00	100	0
690	1.00	100	0
691	1.00	100	0
692	1.00	100	0
693	1.00	100	0
694	1.00	100	0
695	1.00	100	0
696	1.00	100	0
697	1.00	100	0
698	1.00	100	0
699	1.00	100	0
700	1.00	100	0
701	1.00	100	0
702	1.00	100	0
703	1.00	100	0
704	1.00	100	0
705	1.00	100	0
706	1.00	100	0
707	1.00	100	0
708	1.00	100	0
709	1.00	100	0
710	1.00	100	0
711	1.00	100	0
712	1.00	100	0
713	1.00	100	0
714	1.00	100	0
715	0.99	99	1
716	0.99	99	1
717	0.99	99	1
718	0.99	99	1
719	0.99	99	1
720	0.99	99	1
721	0.99	99	1
722	0.99	99	1
723	0.99	99	1
724	0.99	99	1
725	0.99	99	1
726	0.99	99	1
727	0.99	99	1
728	0.99	99	1
729	0.99	99	1
730	0.99	99	1
731	0.99	99	1
732	0.99	99	1
733	0.99	99	1
734	0.99	99	1
735	0.99	99	1
736	0.99	99	1
737	0.99	99	1
738	0.99	99	1
739	0.99	99	1
740	0.99	99	1
741	0.99	99	1
742	0.99	99	1
743	0.99	99	1
744	0.99	99	1
745	0.99	99	1
746	0.99	99	1
747	0.99	99	1
748	0.99	99	1
749	0.99	99	1
750	0.99	99	1
751	0.99	99	1
752	0.99	99	1
753	0.99	99	1
754	0.99	99	1
755	0.99	99	1
756	0.99	99	1
757	0.99	99	1
758	0.99	99	1
759	0.99	99	1
760	0.99	99	1
761	0.99	99	1
762	0.99	99	1
763	0.99	99	1
764	0.99	99	1
765	0.99	99	1
766	0.99	99	1
767	0.99	99	1
768	0.99	99	1
769	0.99	99	1
770	0.99	99	1
771	0.99	99	1
772	0.99	99	1
773	0.99	99	1
774	0.99	99	1
775	0.99	99	1
776	0.99	99	1
777	0.99	99	1
778	0.99	99	1
779	0.99	99	1
780	0.99	99	1
781	0.99	99	1
782	0.99	99	1
783	0.99	99	1
784	0.99	99	1
785	0.99	99	1
786	0.99	99	1
787	0.99	99	1
788	0.99	99	1
789	0.99	99	1
790	0.99	99	1
791	0.99	99	1
792	0.99	99	1
793	0.99	99	1
794	0.99	99	1
795	0.99	99	1
796	0.99	99	1
797	0.99	99	1
798	0.99	99	1
799	0.99	99	1
800	0.99	99	1
801	0.99	99	1
802	0.99	99	1
803	0.99	99	1
804	0.99	99	1
805	0.99	99	1
806	0.99	99	1
807	0.99	99	1
808	0.99	99	1
809	0.99	99	1
810	0.99	99	1
811	0.99	99	1
812	0.99	99	1
813	0.99	99	1
814	0.99	99	1
815	1.00	100	0
816	1.00	100	0
817	1.00	100	0
818	1.00	100	0
819	1.00	100	0
820	1.00	100	0
821	1.00	100	0
822	1.00	100	0
823	1.00	100	0
824	1.00	100	0
825	1.00	100	0
826	1.00	100	0
827	1.00	100	0
828	1.00	100	0
829	1.00	100	0
830	1.00	100	0
831	1.00	100	0
832	1.00	100	0
833	1.00	100	0
834	1.00	100	0
835	1.00	100	0
836	1.00	100	0
837	1.00	100	0
838	1.00	100	0
839	1.00	100	0
840	1.00	100	0
841	1.00	100	0
842	1.00	100	0
843	1.00	100	0
844	1.00	100	0
845	1.00	100	0
846	1.00	100	0
847	1.00	100	0
848	1.00	100	0
849	1.00	100	0
850	1.00	100	0
851	1.00	100	0
852	1.00	100	0
853	1.00	100	0
854	1.00	100	0
855	1.00	100	0
856	1.00	100	0
857	1.00	100	0
858	1.00	100	0
859	1.00	100	0
860	1.00	100	0
861	1.00	100	0
862	1.00	100	0
863	1.00	100	0
864	1.00	100	0
865	1.00	100	0
866	1.00	100	0
867	1.00	100	0
868	1.00	100	0
869	1.00	100	0
870	1.00	100	0
871	1.00	100	0
872	1.00	100	0
873	1.00	100	0
874	1.00	100	0
875	1.00	100	0
876	1.00	100	0
877	1.00	100	0
878	1.00	100	0
879	1.00	100	0
880	1.00	100	0
881	1.00	100	0
882	1.00	100	0
883	1.00	100	0
884	1.00	100	0
885	1.00	100	0
886	1.00	100	0
887	1.00	100	0
888	1.00	100	0
889	0.99	99	1
890	0.99	99	1
891	0.99	99	1
892	0.99	99	1
893	0.99	99	1
894	0.99	99	1
895	0.99	99	1
896	0.99	99	1
897	0.99	99	1
898	0.99	99	1
899	0.99	99	1
900	0.99	99	1
901	0.99	99	1
902	0.99	99	1
903	0.99	99	1
904	0.99	99	1
905	0.99	99	1
906	0.99	99	1
907	0.99	99	1
908	0.99	99	1
909	0.99	99	1
910	0.99	99	1
911	0.99	99	1
912	0.99	99	1
913	0.99	99	1
914	0.99	99	1
915	0.99	99	1
916	0.99	99	1
917	0.99	99	1
918	0.99	99	1
919	0.99	99	1
920	0.99	99	1
921	0.99	99	1
922	0.99	99	1
923	0.99	99	1
924	0.99	99	1
925	0.99	99	1
926	0.99	99	1
927	0.99	99	1
928	0.99	99	1
929	0.99	99	1
930	0.99	99	1
931	0.99	99	1
932	0.99	99	1
933	0.99	99	1
934	0.99	99	1
935	0.99	99	1
936	0.99	99	1
937	0.99	99	1
938	0.99	99	1
939	0.99	99	1
940	0.99	99	1
941	0.99	99	1
942	0.99	99	1
943	0.99	99	1
944	0.99	99	1
945	0.99	99	1
946	0.99	99	1
947	0.99	99	1
948	0.99	99	1
949	0.99	99	1
950	0.99	99	1
951	0.99	99	1
952	0.99	99	1
953	0.99	99	1
954	0.99	99	1
955	0.99	99	1
956	0.99	99	1
957	0.99	99	1
958	0.99	99	1
959	0.99	99	1
960	0.99	99	1
961	0.99	99	1
962	0.99	99	1
963	0.99	99	1
964	0.99	99	1
965	0.99	99	1
966	0.99	99	1
967	0.99	99	1
968	0.99	99	1
969	0.99	99	1
970	0.99	99	1
971	0.99	99	1
972	0.99	99	1
973	0.99	99	1
974	0.99	99	1
975	0.99	99	1
976	0.99	99	1
977	0.99	99	1
978	0.99	99	1
979	0.99	99	1
980	0.99	99	1
981	0.99	99	1
982	0.99	99	1
983	0.99	99	1
984	0.99	99	1
985	0.99	99	1
986	0.99	99	1
987	0.99	99	1
988	0.99	99	1
989	1.00	100	0
990	1.00	100	0
991	1.00	100	0
992	1.00	100	0
993	1.00	100	0
994	1.00	100	0
995	1.00	100	0
996	1.00	100	0
997	1.00	100	0
998	1.00	100	0
999	1.00	100	0
1000	0.01	99	1
1001	0.02	98	2
1002	0.03	97	3
1003	0.04	96	4
1004	0.05	95	5
1005	0.06	94	6
1006	0.07	93	7
1007	0.08	92	8
1008	0.09	91	9
1009	0.10	90	10
1010	0.11	89	11
1011	0.12	88	12
1012	0.13	87	13
1013	0.14	86	14
1014	0.15	85	15
1015	0.16	84	16
1016	0.17	83	17
1017	0.18	82	18
1018	0.19	81	19
1019	0.20	80	20
1020	0.21	79	21
1021	0.22	78	22
1022	0.23	77	23
1023	0.24	76	24
1024	0.25	75	25
1025	0.26	74	26
1026	0.27	73	27
1027	0.28	72	28
1028	0.29	71	29
1029	0.30	70	30
1030	0.31	69	31
1031	0.32	68	32
1032	0.33	67	33
1033	0.34	66	34
1034	0.34	66	34
1035	0.35	65	35
1036	0.36	64	36
1037	0.37	63	37
1038	0.38	62	38
1039	0.39	61	39
1040	0.40	60	40
1041	0.41	59	41
1042	0.41	59	41
1043	0.42	58	42
1044	0.43	57	43
1045	0.44	56	44
1046	0.45	55	45
1047	0.46	54	46
1048	0.47	53	47
1049	0.48	52	48
1050	0.49	51	49
1051	0.50	50	50
1052	0.51	49	51
1053	0.52	48	52
1054	0.53	47	53
1055	0.54	46	54
1056	0.55	45	55
1057	0.56	44	56
1058	0.57	43	57
1059	0.58	42	58
1060	0.59	41	59
1061	0.60	40	60
1062	0.61	39	61
1063	0.62	38	62
1064	0.63	37	63
1065	0.64	36	64
1066	0.65	35	65
1067	0.66	34	66
1068	0.67	33	67
1069	0.68	32	68
1070	0.69	31	69
1071	0.70	30	70
1072	0.71	29	71
1073	0.72	28	72
1074	0.73	27	73
1075	0.73	27	73
1076	0.74	26	74
1077	0.75	25	75
1078	0.76	24	76
1079	0.77	23	77
1080	0.78	22	78
1081	0.79	21	79
1082	0.80	20	80
1083	0.81	19	81
1084	0.82	18	82
1085	0.83	17	83
1086	0.84	16	84
1087	0.85	15	85
1088	0.86	14	86
1089	0.87	13	87
1090	0.88	12	88
1091	0.89	11	89
1092	0.90	10	90
1093	0.91	9	91
1094	0.92	8	92
1095	0.93	7	93
1096	0.94	6	94
1097	0.95	5	95
1098	0.96	4	96
1099	0.97	3	97
1100	0.97	3	97
1101	0.97	3	97
1102	0.97	3	97
1103	0.97	3	97
1104	0.97	3	97
1105	0.97	3	97
1106	0.97	3	97
1107	0.97	3	97
1108	0.97	3	97
1109	0.97	3	97
1110	0.97	3	97
1111	0.97	3	97
1112	0.97	3	97
1113	0.97	3	97
1114	0.97	3	97
1115	0.97	3	97
1116	0.97	3	97
1117	0.97	3	97
1118	0.97	3	97
1119	0.97	3	97
1120	0.97	3	97
1121	0.97	3	97
1122	0.97	3	97
1123	0.97	3	97
1124	0.97	3	97
1125	0.97	3	97
1126	0.97	3	97
1127	0.97	3	97
1128	0.97	3	97
1129	0.97	3	97
1130	0.97	3	97
1131	0.97	3	97
1132	0.97	3	97
1133	0.97	3	97
1134	0.98	2	98
1135	0.98	2	98
1136	0.98	2	98
1137	0.98	2	98
1138	0.98	2	98
1139	0.98	2	98
1140	0.98	2	98
1141	0.98	2	98
1142	0.99	1	99
1143	0.99	1	99
1144	0.99	1	99
1145	0.99	1	99
1146	0.99	1	99
1147	0.99	1	99
1148	0.99	1	99
1149	0.99	1	99
1150	0.99	1	99
1151	0.99	1	99
1152	0.99	1	99
1153	0.99	1	99
1154	0.99	1	99
1155	0.99	1	99
1156	0.99	1	99
1157	0.99	1	99
1158	0.99	1	99
1159	0.99	1	99
1160	0.99	1	99
1161	0.99	1	99
1162	0.99	1	99
1163	0.99	1	99
1164	0.99	1	99
1165	0.99	1	99
1166	0.99	1	99
1167	0.99	1	99
1168	0.99	1	99
1169	0.99	1	99
1170	0.99	1	99
1171	0.99	1	99
1172	0.99	1	99
1173	0.99	1	99
1174	0.99	1	99
1175	1.00	0	100
1176	1.00	0	100
1177	1.00	0	100
1178	1.00	0	100
1179	1.00	0	100
1180	1.00	0	100
1181	1.00	0	100
1182	1.00	0	100
1183	1.00	0	100
1184	1.00	0	100
1185	1.00	0	100
1186	1.00	0	100
1187	1.00	0	100
1188	1.00	0	100
1189	1.00	0	100
1190	1.00	0	100
1191	1.00	0	100
1192	1.00	0	100
1193	1.00	0	100
1194	1.00	0	100
1195	1.00	0	100
1196	1.00	0	100
1197	1.00	0	100
1198	1.00	0	100
1199	1.00	0	100
1200	1.00	0	100
1201	1.00	0	100
1202	1.00	0	100
1203	1.00	0	100
1204	1.00	0	100
1205	1.00	0	100
1206	1.00	0	100
1207	1.00	0	100
1208	1.00	0	100
1209	1.00	0	100
1210	1.00	0	100
1211	1.00	0	100
1212	1.00	0	100
1213	1.00	0	100
1214	1.00	0	100
1215	1.00	0	100
1216	1.00	0	100
1217	1.00	0	100
1218	1.00	0	100
1219	1.00	0	100
1220	1.00	0	100
1221	1.00	0	100
1222	1.00	0	100
1223	1.00	0	100
1224	1.00	0	100
1225	1.00	0	100
1226	1.00	0	100
1227	1.00	0	100
1228	1.00	0	100
1229	1.00	0	100
1230	1.00	0	100
1231	1.00	0	100
1232	1.00	0	100
1233	1.00	0	100
1234	1.00	0	100
1235	1.00	0	100
1236	1.00	0	100
1237	1.00	0	100
1238	1.00	0	100
1239	1.00	0	100
1240	1.00	0	100
1241	1.00	0	100
1242	1.00	0	100
1243	1.00	0	100
1244	1.00	0	100
1245	1.00	0	100
1246	1.00	0	100
1247	1.00	0	100
1248	1.00	0	100
1249	1.00	0	100
1250	1.00	0	100
1251	1.00	0	100
1252	1.00	0	100
1253	1.00	0	100
1254	1.00	0	100
1255	1.00	0	100
1256	1.00	0	100
1257	1.00	0	100
1258	1.00	0	100
1259	1.00	0	100
1260	1.00	0	100
1261	1.00	0	100
1262	1.00	0	100
1263	1.00	0	100
1264	1.00	0	100
1265	1.00	0	100
1266	1.00	0	100
1267	1.00	0	100
1268	1.00	0	100
1269	1.00	0	100
1270	1.00	0	100
1271	1.00	0	100
1272	1.00	0	100
1273	1.00	0	100
1274	1.00	0	100
1275	1.00	0	100
1276	1.00	0	100
1277	1.00	0	100
1278	1.00	0	100
1279	1.00	0	100
1280	1.00	0	100
1281	1.00	0	100
1282	1.00	0	100
1283	1.00	0	100
1284	1.00	0	100
1285	1.00	0	100
1286	1.00	0	100
1287	1.00	0	100
1288	1.00	0	100
1289	1.00	0	100
1290	1.00	0	100
1291	1.00	0	100
1292	1.00	0	100
1293	1.00	0	100
1294	1.00	0	100
1295	1.00	0	100
1296	1.00	0	100
1297	1.00	0	100
1298	1.00	0	100
1299	1.00	0	100
1300	1.00	0	100
1301	1.00	0	100
1302	1.00	0	100
1303	1.00	0	100
1304	1.00	0	100
1305	1.00	0	100
1306	1.00	0	100
1307	1.00	0	100
1308	1.00	0	100
1309	1.00	0	100
1310	1.00	0	100
1311	1.00	0	100
1312	1.00	0	100
1313	1.00	0	100
1314	1.00	0	100
1315	1.00	0	100
1316	1.00	0	100
1317	1.00	0	100
1318	1.00	0	100
1319	1.00	0	100
1320	1.00	0	100
1321	1.00	0	100
1322	1.00	0	100
1323	1.00	0	100
1324	1.00	0	100
1325	1.00	0	100
1326	1.00	0	100
1327	1.00	0	100
1328	1.00	0	100
1329	1.00	0	100
1330	1.00	0	100
1331	1.00	0	100
1332	1.00	0	100
1333	1.00	0	100
1334	1.00	0	100
1335	1.00	0	100
1336	1.00	0	100
1337	1.00	0	100
1338	1.00	0	100
1339	0.99	1	99
1340	0.99	1	99
1341	0.99	1	99
1342	0.99	1	99
1343	0.99	1	99
1344	0.99	1	99
1345	0.99	1	99
1346	0.99	1	99
1347	0.99	1	99
1348	0.99	1	99
1349	0.99	1	99
1350	0.99	1	99
1351	0.99	1	99
1352	0.99	1	99
1353	0.99	1	99
1354	0.99	1	99
1355	0.99	1	99
1356	0.99	1	99
1357	0.99	1	99
1358	0.99	1	99
1359	0.99	1	99
1360	0.99	1	99
1361	0.99	1	99
1362	0.99	1	99
1363	0.99	1	99
1364	0.99	1	99
1365	0.99	1	99
1366	0.99	1	99
1367	0.99	1	99
1368	0.99	1	99
1369	0.99	1	99
1370	0.99	1	99
1371	0.99	1	99
1372	0.99	1	99
1373	0.99	1	99
1374	0.99	1	99
1375	0.99	1	99
1376	0.99	1	99
1377	0.99	1	99
1378	0.99	1	99
1379	0.99	1	99
1380	0.99	1	99
1381	0.99	1	99
1382	0.99	1	99
1383	0.99	1	99
1384	0.99	1	99
1385	0.99	1	99
1386	0.99	1	99
1387	0.99	1	99
1388	0.99	1	99
1389	0.99	1	99
1390	0.99	1	99
1391	0.99	1	99
1392	0.99	1	99
1393	0.99	1	99
1394	0.99	1	99
1395	0.99	1	99
1396	0.99	1	99
1397	0.99	1	99
1398	0.99	1	99
1399	0.99	1	99
1400	0.99	1	99
1401	0.99	1	99
1402	0.99	1	99
1403	0.99	1	99
1404	0.99	1	99
1405	0.99	1	99
1406	0.99	1	99
1407	0.99	1	99
1408	0.99	1	99
1409	0.99	1	99
1410	0.99	1	99
1411	0.99	1	99
1412	0.99	1	99
1413	0.99	1	99
1414	0.99	1	99
1415	0.99	1	99
1416	0.99	1	99
1417	0.99	1	99
1418	0.99	1	99
1419	0.99	1	99
1420	0.99	1	99
1421	0.99	1	99
1422	0.99	1	99
1423	0.99	1	99
1424	0.99	1	99
1425	0.99	1	99
1426	0.99	1	99
1427	0.99	1	99
1428	0.99	1	99
1429	0.99	1	99
1430	0.99	1	99
1431	0.99	1	99
1432	0.99	1	99
1433	0.99	1	99
1434	0.99	1	99
1435	0.99	1	99
1436	0.99	1	99
1437	0.99	1	99
1438	0.99	1	99
1439	1.00	0	100
1440	1.00	0	100
1441	1.00	0	100
1442	1.00	0	100
1443	1.00	0	100
1444	1.00	0	100
1445	1.00	0	100
1446	1.00	0	100
1447	1.00	0	100
1448	1.00	0	100
1449	1.00	0	100
1450	1.00	0	100
1451	1.00	0	100
1452	1.00	0	100
1453	1.00	0	100
1454	1.00	0	100
1455	1.00	0	100
1456	1.00	0	100
1457	1.00	0	100
1458	1.00	0	100
1459	1.00	0	100
1460	1.00	0	100
1461	1.00	0	100
1462	1.00	0	100
1463	1.00	0	100
1464	1.00	0	100
1465	1.00	0	100
1466	1.00	0	100
1467	1.00	0	100
1468	1.00	0	100
1469	1.00	0	100
1470	1.00	0	100
1471	1.00	0	100
1472	1.00	0	100
1473	1.00	0	100
1474	1.00	0	100
1475	1.00	0	100
1476	1.00	0	100
1477	1.00	0	100
1478	1.00	0	100
1479	1.00	0	100
1480	1.00	0	100
1481	1.00	0	100
1482	1.00	0	100
1483	1.00	0	100
1484	1.00	0	100
1485	1.00	0	100
1486	1.00	0	100
1487	1.00	0	100
1488	1.00	0	100
1489	1.00	0	100
1490	1.00	0	100
1491	1.00	0	100
1492	1.00	0	100
1493	1.00	0	100
1494	1.00	0	100
1495	1.00	0	100
1496	1.00	0	100
1497	1.00	0	100
1498	1.00	0	100
1499	1.00	0	100
1500	1.00	0	100
1501	1.00	0	100
1502	1.00	0	100
1503	1.00	0	100
1504	1.00	0	100
1505	1.00	0	100
1506	1.00	0	100
1507	1.00	0	100
1508	1.00	0	100
1509	1.00	0	100
1510	1.00	0	100
1511	1.00	0	100
1512	1.00	0	100
1513	1.00	0	100
1514	1.00	0	100
1515	1.00	0	100
1516	1.00	0	100
1517	1.00	0	100
1518	1.00	0	100
1519	1.00	0	100
1520	1.00	0	100
1521	1.00	0	100
1522	1.00	0	100
1523	1.00	0	100
1524	1.00	0	100
1525	1.00	0	100
1526	1.00	0	100
1527	1.00	0	100
1528	1.00	0	100
1529	1.00	0	100
1530	1.00	0	100
1531	1.00	0	100
1532	1.00	0	100
1533	1.00	0	100
1534	1.00	0	100
1535	1.00	0	100
1536	1.00	0	100
1537	1.00	0	100
1538	1.00	0	100
1539	1.00	0	100
1540	1.00	0	100
1541	1.00	0	100
1542	1.00	0	100
1543	1.00	0	100
1544	1.00	0	100
1545	1.00	0	100
1546	1.00	0	100
1547	1.00	0	100
1548	1.00	0	100
1549	1.00	0	100
1550	1.00	0	100
1551	1.00	0	100
1552	1.00	0	100
1553	1.00	0	100
1554	1.00	0	100
1555	1.00	0	100
1556	1.00	0	100
1557	1.00	0	100
1558	1.00	0	100
1559	1.00	0	100
1560	1.00	0	100
1561	1.00	0	100
1562	1.00	0	100
1563	1.00	0	100
1564	1.00	0	100
1565	1.00	0	100
1566	1.00	0	100
1567	1.00	0	100
1568	1.00	0	100
1569	1.00	0	100
1570	1.00	0	100
1571	1.00	0	100
1572	1.00	0	100
1573	1.00	0	100
1574	1.00	0	100
1575	1.00	0	100
1576	1.00	0	100
1577	1.00	0	100
1578	1.00	0	100
1579	1.00	0	100
1580	1.00	0	100
1581	1.00	0	100
1582	1.00	0	100
1583	1.00	0	100
1584	1.00	0	100
1585	1.00	0	100
1586	1.00	0	100
1587	1.00	0	100
1588	1.00	0	100
1589	1.00	0	100
1590	1.00	0	100
1591	0.99	1	99
1592	0.99	1	99
1593	0.99	1	99
1594	0.99	1	99
1595	0.99	1	99
1596	0.99	1	99
1597	0.99	1	99
1598	0.99	1	99
1599	0.99	1	99
1600	0.99	1	99
1601	0.99	1	99
1602	0.99	1	99
1603	0.99	1	99
1604	0.99	1	99
1605	0.99	1	99
1606	0.99	1	99
1607	0.99	1	99
1608	0.99	1	99
1609	0.99	1	99
1610	0.99	1	99
1611	0.99	1	99
1612	0.99	1	99
1613	0.99	1	99
1614	0.99	1	99
1615	0.99	1	99
1616	0.99	1	99
1617	0.99	1	99
1618	0.99	1	99
1619	0.99	1	99
1620	0.99	1	99
1621	0.99	1	99
1622	0.99	1	99
1623	0.99	1	99
1624	0.99	1	99
1625	0.99	1	99
1626	0.99	1	99
1627	0.99	1	99
1628	0.99	1	99
1629	0.99	1	99
1630	0.99	1	99
1631	0.98	2	98
1632	0.98	2	98
1633	0.98	2	98
1634	0.98	2	98
1635	0.98	2	98
1636	0.98	2	98
1637	0.98	2	98
1638	0.98	2	98
1639	0.98	2	98
1640	0.98	2	98
1641	0.98	2	98
1642	0.98	2	98
1643	0.98	2	98
1644	0.98	2	98
1645	0.98	2	98
1646	0.98	2	98
1647	0.98	2	98
1648	0.98	2	98
1649	0.98	2	98
1650	0.98	2	98
1651	0.98	2	98
1652	0.98	2	98
1653	0.98	2	98
1654	0.98	2	98
1655	0.98	2	98
1656	0.98	2	98
1657	0.98	2	98
1658	0.98	2	98
1659	0.98	2	98
1660	0.98	2	98
1661	0.98	2	98
1662	0.98	2	98
1663	0.98	2	98
1664	0.98	2	98
1665	0.98	2	98
1666	0.98	2	98
1667	0.98	2	98
1668	0.98	2	98
1669	0.98	2	98
1670	0.98	2	98
1671	0.98	2	98
1672	0.98	2	98
1673	0.98	2	98
1674	0.98	2	98
1675	0.98	2	98
1676	0.98	2	98
1677	0.98	2	98
1678	0.98	2	98
1679	0.98	2	98
1680	0.98	2	98
1681	0.98	2	98
1682	0.98	2	98
1683	0.98	2	98
1684	0.98	2	98
1685	0.98	2	98
1686	0.98	2	98
1687	0.98	2	98
1688	0.98	2	98
1689	0.98	2	98
1690	0.98	2	98
1691	0.99	1	99
1692	0.99	1	99
1693	0.99	1	99
1694	0.99	1	99
1695	0.99	1	99
1696	0.99	1	99
1697	0.99	1	99
1698	0.99	1	99
1699	0.99	1	99
1700	0.99	1	99
1701	0.99	1	99
1702	0.99	1	99
1703	0.99	1	99
1704	0.99	1	99
1705	0.99	1	99
1706	0.99	1	99
1707	0.99	1	99
1708	0.99	1	99
1709	0.99	1	99
1710	0.99	1	99
1711	0.99	1	99
1712	0.99	1	99
1713	0.99	1	99
1714	0.99	1	99
1715	0.99	1	99
1716	0.99	1	99
1717	0.99	1	99
1718	0.99	1	99
1719	0.99	1	99
1720	0.99	1	99
1721	0.99	1	99
1722	0.99	1	99
1723	0.99	1	99
1724	0.99	1	99
1725	0.99	1	99
1726	0.99	1	99
1727	0.99	1	99
1728	0.99	1	99
1729	0.99	1	99
1730	0.99	1	99
1731	1.00	0	100
1732	1.00	0	100
1733	1.00	0	100
1734	1.00	0	100
1735	1.00	0	100
1736	1.00	0	100
1737	1.00	0	100
1738	1.00	0	100
1739	1.00	0	100
1740	1.00	0	100
1741	1.00	0	100
1742	1.00	0	100
1743	1.00	0	100
1744	1.00	0	100
1745	1.00	0	100
1746	1.00	0	100
1747	1.00	0	100
1748	1.00	0	100
1749	1.00	0	100
1750	1.00	0	100
1751	1.00	0	100
1752	1.00	0	100
1753	1.00	0	100
1754	1.00	0	100
1755	1.00	0	100
1756	1.00	0	100
1757	1.00	0	100
1758	1.00	0	100
1759	1.00	0	100
1760	1.00	0	100
1761	1.00	0	100
1762	1.00	0	100
1763	1.00	0	100
1764	1.00	0	100
1765	1.00	0	100
1766	1.00	0	100
1767	1.00	0	100
1768	1.00	0	100
1769	1.00	0	100
1770	1.00	0	100
1771	1.00	0	100
1772	1.00	0	100
1773	1.00	0	100
1774	1.00	0	100
1775	1.00	0	100
1776	1.00	0	100
1777	1.00	0	100
1778	1.00	0	100
1779	1.00	0	100
1780	1.00	0	100
1781	1.00	0	100
1782	1.00	0	100
1783	1.00	0	100
1784	1.00	0	100
1785	1.00	0	100
1786	1.00	0	100
1787	1.00	0	100
1788	1.00	0	100
1789	1.00	0	100
1790	1.00	0	100
1791	1.00	0	100
1792	1.00	0	100
1793	1.00	0	100
1794	1.00	0	100
1795	1.00	0	100
1796	1.00	0	100
1797	1.00	0	100
1798	1.00	0	100
1799	1.00	0	100
1800	1.00	0	100
1801	1.00	0	100
1802	1.00	0	100
1803	1.00	0	100
1804	1.00	0	100
1805	1.00	0	100
1806	1.00	0	100
1807	1.00	0	100
1808	1.00	0	100
1809	1.00	0	100
1810	1.00	0	100
1811	1.00	0	100
1812	1.00	0	100
1813	1.00	0	100
1814	1.00	0	100
1815	1.00	0	100
1816	1.00	0	100
1817	1.00	0	100
1818	1.00	0	100
1819	1.00	0	100
1820	1.00	0	100
1821	1.00	0	100
1822	1.00	0	100
1823	1.00	0	100
1824	1.00	0	100
1825	1.00	0	100
1826	1.00	0	100
1827	1.00	0	100
1828	0.99	1	99
1829	0.99	1	99
1830	0.99	1	99
1831	0.99	1	99
1832	0.99	1	99
1833	0.99	1	99
1834	0.99	1	99
1835	0.99	1	99
1836	0.99	1	99
1837	0.99	1	99
1838	0.99	1	99
1839	0.99	1	99
1840	0.99	1	99
1841	0.99	1	99
1842	0.99	1	99
1843	0.99	1	99
1844	0.99	1	99
1845	0.99	1	99
1846	0.99	1	99
1847	0.99	1	99
1848	0.99	1	99
1849	0.99	1	99
1850	0.99	1	99
1851	0.99	1	99
1852	0.99	1	99
1853	0.99	1	99
1854	0.99	1	99
1855	0.99	1	99
1856	0.99	1	99
1857	0.99	1	99
1858	0.99	1	99
1859	0.99	1	99
1860	0.99	1	99
1861	0.99	1	99
1862	0.99	1	99
1863	0.99	1	99
1864	0.99	1	99
1865	0.99	1	99
1866	0.99	1	99
1867	0.99	1	99
1868	0.99	1	99
1869	0.99	1	99
1870	0.99	1	99
1871	0.99	1	99
1872	0.99	1	99
1873	0.99	1	99
1874	0.99	1	99
1875	0.99	1	99
1876	0.99	1	99
1877	0.99	1	99
1878	0.99	1	99
1879	0.99	1	99
1880	0.99	1	99
1881	0.99	1	99
1882	0.99	1	99
1883	0.99	1	99
1884	0.99	1	99
1885	0.98	2	98
1886	0.98	2	98
1887	0.98	2	98
1888	0.98	2	98
1889	0.98	2	98
1890	0.98	2	98
1891	0.98	2	98
1892	0.98	2	98
1893	0.98	2	98
1894	0.98	2	98
1895	0.98	2	98
1896	0.98	2	98
1897	0.98	2	98
1898	0.98	2	98
1899	0.98	2	98
1900	0.98	2	98
1901	0.98	2	98
1902	0.98	2	98
1903	0.98	2	98
1904	0.98	2	98
1905	0.98	2	98
1906	0.98	2	98
1907	0.98	2	98
1908	0.98	2	98
1909	0.98	2	98
1910	0.98	2	98
1911	0.98	2	98
1912	0.98	2	98
1913	0.98	2	98
1914	0.98	2	98
1915	0.98	2	98
1916	0.98	2	98
1917	0.98	2	98
1918	0.98	2	98
1919	0.98	2	98
1920	0.98	2	98
1921	0.98	2	98
1922	0.98	2	98
1923	0.98	2	98
1924	0.98	2	98
1925	0.98	2	98
1926	0.98	2	98
1927	0.98	2	98
1928	0.99	1	99
1929	0.99	1	99
1930	0.99	1	99
1931	0.99	1	99
1932	0.99	1	99
1933	0.99	1	99
1934	0.99	1	99
1935	0.99	1	99
1936	0.99	1	99
1937	0.99	1	99
1938	0.99	1	99
1939	0.99	1	99
1940	0.99	1	99
1941	0.99	1	99
1942	0.99	1	99
1943	0.99	1	99
1944	0.99	1	99
1945	0.99	1	99
1946	0.99	1	99
1947	0.99	1	99
1948	0.99	1	99
1949	0.99	1	99
1950	0.99	1	99
1951	0.99	1	99
1952	0.99	1	99
1953	0.99	1	99
1954	0.99	1	99
1955	0.99	1	99
1956	0.99	1	99
1957	0.99	1	99
1958	0.99	1	99
1959	0.99	1	99
1960	0.99	1	99
1961	0.99	1	99
1962	0.99	1	99
1963	0.99	1	99
1964	0.99	1	99
1965	0.99	1	99
1966	0.99	1	99
1967	0.99	1	99
1968	0.99	1	99
1969	0.99	1	99
1970	0.99	1	99
1971	0.99	1	99
1972	0.99	1	99
1973	0.99	1	99
1974	0.99	1	99
1975	0.99	1	99
1976	0.99	1	99
1977	0.99	1	99
1978	0.99	1	99
1979	0.99	1	99
1980	0.99	1	99
1981	0.99	1	99
1982	0.99	1	99
1983	0.99	1	99
1984	0.99	1	99
1985	1.00	0	100
1986	1.00	0	100
1987	1.00	0	100
1988	1.00	0	100
1989	1.00	0	100
1990	1.00	0	100
1991	1.00	0	100
1992	1.00	0	100
1993	1.00	0	100
1994	1.00	0	100
1995	1.00	0	100
1996	1.00	0	100
1997	1.00	0	100
1998	1.00	0	100
1999	1.00	0	100
2000	0.01	1	99
2001	0.02	2	98
2002	0.03	3	97
2003	0.04	4	96
2004	0.04	4	96
2005	0.05	5	95
2006	0.06	6	94
2007	0.07	7	93
2008	0.08	8	92
2009	0.09	9	91
2010	0.10	10	90
2011	0.11	11	89
2012	0.12	12	88
2013	0.13	13	87
2014	0.14	14	86
2015	0.15	15	85
2016	0.16	16	84
2017	0.17	17	83
2018	0.18	18	82
2019	0.19	19	81
2020	0.20	20	80
2021	0.21	21	79
2022	0.22	22	78
2023	0.23	23	77
2024	0.24	24	76
2025	0.25	25	75
2026	0.26	26	74
2027	0.27	27	73
2028	0.27	27	73
2029	0.28	28	72
2030	0.28	28	72
2031	0.29	29	71
2032	0.30	30	70
2033	0.31	31	69
2034	0.32	32	68
2035	0.33	33	67
2036	0.34	34	66
2037	0.35	35	65
2038	0.35	35	65
2039	0.36	36	64
2040	0.37	37	63
2041	0.38	38	62
2042	0.39	39	61
2043	0.40	40	60
2044	0.41	41	59
2045	0.42	42	58
2046	0.43	43	57
2047	0.44	44	56
2048	0.45	45	55
2049	0.46	46	54
2050	0.47	47	53
2051	0.48	48	52
2052	0.49	49	51
2053	0.50	50	50
2054	0.50	50	50
2055	0.51	51	49
2056	0.52	52	48
2057	0.53	53	47
2058	0.54	54	46
2059	0.55	55	45
2060	0.56	56	44
2061	0.57	57	43
2062	0.58	58	42
2063	0.59	59	41
2064	0.60	60	40
2065	0.61	61	39
2066	0.62	62	38
2067	0.63	63	37
2068	0.64	64	36
2069	0.65	65	35
2070	0.66	66	34
2071	0.67	67	33
2072	0.68	68	32
2073	0.69	69	31
2074	0.70	70	30
2075	0.71	71	29
2076	0.72	72	28
2077	0.73	73	27
2078	0.74	74	26
2079	0.75	75	25
2080	0.75	75	25
2081	0.76	76	24
2082	0.77	77	23
2083	0.78	78	22
2084	0.79	79	21
2085	0.80	80	20
2086	0.81	81	19
2087	0.82	82	18
2088	0.83	83	17
2089	0.84	84	16
2090	0.85	85	15
2091	0.86	86	14
2092	0.87	87	13
2093	0.88	88	12
2094	0.89	89	11
2095	0.90	90	10
2096	0.91	91	9
2097	0.92	92	8
2098	0.93	93	7
2099	0.94	94	6
2100	0.94	94	6
2101	0.94	94	6
2102	0.94	94	6
2103	0.94	94	6
2104	0.95	95	5
2105	0.95	95	5
2106	0.95	95	5
2107	0.95	95	5
2108	0.95	95	5
2109	0.95	95	5
2110	0.95	95	5
2111	0.95	95	5
2112	0.95	95	5
2113	0.95	95	5
2114	0.95	95	5
2115	0.95	95	5
2116	0.95	95	5
2117	0.95	95	5
2118	0.95	95	5
2119	0.95	95	5
2120	0.95	95	5
2121	0.95	95	5
2122	0.95	95	5
2123	0.95	95	5
2124	0.95	95	5
2125	0.95	95	5
2126	0.95	95	5
2127	0.95	95	5
2128	0.96	96	4
2129	0.96	96	4
2130	0.97	97	3
2131	0.97	97	3
2132	0.97	97	3
2133	0.97	97	3
2134	0.97	97	3
2135	0.97	97	3
2136	0.97	97	3
2137	0.97	97	3
2138	0.98	98	2
2139	0.98	98	2
2140	0.98	98	2
2141	0.98	98	2
2142	0.98	98	2
2143	0.98	98	2
2144	0.98	98	2
2145	0.98	98	2
2146	0.98	98	2
2147	0.98	98	2
2148	0.98	98	2
2149	0.98	98	2
2150	0.98	98	2
2151	0.98	98	2
2152	0.98	98	2
2153	0.98	98	2
2154	0.99	99	1
2155	0.99	99	1
2156	0.99	99	1
2157	0.99	99	1
2158	0.99	99	1
2159	0.99	99	1
2160	0.99	99	1
2161	0.99	99	1
2162	0.99	99	1
2163	0.99	99	1
2164	0.99	99	1
2165	0.99	99	1
2166	0.99	99	1
2167	0.99	99	1
2168	0.99	99	1
2169	0.99	99	1
2170	0.99	99	1
2171	0.99	99	1
2172	0.99	99	1
2173	0.99	99	1
2174	0.99	99	1
2175	0.99	99	1
2176	0.99	99	1
2177	0.99	99	1
2178	0.99	99	1
2179	0.99	99	1
2180	1.00	100	0
2181	1.00	100	0
2182	1.00	100	0
2183	1.00	100	0
2184	1.00	100	0
2185	1.00	100	0
2186	1.00	100	0
2187	1.00	100	0
2188	1.00	100	0
2189	1.00	100	0
2190	1.00	100	0
2191	1.00	100	0
2192	1.00	100	0
2193	1.00	100	0
2194	1.00	100	0
2195	1.00	100	0
2196	1.00	100	0
2197	1.00	100	0
2198	1.00	100	0
2199	1.00	100	0
2200	1.00	100	0
2201	1.00	100	0
2202	1.00	100	0
2203	0.99	99	1
2204	0.99	99	1
2205	0.99	99	1
2206	0.99	99	1
2207	0.99	99	1
2208	0.99	99	1
2209	0.99	99	1
2210	0.99	99	1
2211	0.99	99	1
2212	0.99	99	1
2213	0.99	99	1
2214	0.99	99	1
2215	0.99	99	1
2216	0.99	99	1
2217	0.99	99	1
2218	0.99	99	1
2219	0.99	99	1
2220	0.99	99	1
2221	0.99	99	1
2222	0.99	99	1
2223	0.99	99	1
2224	0.99	99	1
2225	0.99	99	1
2226	0.99	99	1
2227	0.99	99	1
2228	0.99	99	1
2229	0.99	99	1
2230	0.99	99	1
2231	0.99	99	1
2232	0.99	99	1
2233	0.99	99	1
2234	0.99	99	1
2235	0.99	99	1
2236	0.99	99	1
2237	0.99	99	1
2238	0.99	99	1
2239	0.99	99	1
2240	0.99	99	1
2241	0.99	99	1
2242	0.99	99	1
2243	0.99	99	1
2244	0.99	99	1
2245	0.99	99	1
2246	0.99	99	1
2247	0.99	99	1
2248	0.99	99	1
2249	0.99	99	1
2250	0.99	99	1
2251	0.99	99	1
2252	0.99	99	1
2253	0.99	99	1
2254	0.99	99	1
2255	0.99	99	1
2256	0.99	99	1
2257	0.99	99	1
2258	0.99	99	1
2259	0.99	99	1
2260	0.99	99	1
2261	0.99	99	1
2262	0.99	99	1
2263	0.99	99	1
2264	0.99	99	1
2265	0.99	99	1
2266	0.99	99	1
2267	0.99	99	1
2268	0.99	99	1
2269	0.99	99	1
2270	0.99	99	1
2271	0.99	99	1
2272	0.99	99	1
2273	0.99	99	1
2274	0.99	99	1
2275	0.99	99	1
2276	0.99	99	1
2277	0.99	99	1
2278	0.99	99	1
2279	0.99	99	1
2280	0.99	99	1
2281	0.99	99	1
2282	0.99	99	1
2283	0.99	99	1
2284	0.99	99	1
2285	0.99	99	1
2286	0.99	99	1
2287	0.99	99	1
2288	0.99	99	1
2289	0.99	99	1
2290	0.99	99	1
2291	0.99	99	1
2292	0.99	99	1
2293	0.99	99	1
2294	0.99	99	1
2295	0.99	99	1
2296	0.99	99	1
2297	0.99	99	1
2298	0.99	99	1
2299	0.99	99	1
2300	0.99	99	1
2301	0.99	99	1
2302	0.99	99	1
2303	1.00	100	0
2304	1.00	100	0
2305	1.00	100	0
2306	1.00	100	0
2307	1.00	100	0
2308	1.00	100	0
2309	1.00	100	0
2310	1.00	100	0
2311	1.00	100	0
2312	1.00	100	0
2313	1.00	100	0
2314	1.00	100	0
2315	1.00	100	0
2316	1.00	100	0
2317	1.00	100	0
2318	1.00	100	0
2319	1.00	100	0
2320	1.00	100	0
2321	1.00	100	0
2322	1.00	100	0
2323	1.00	100	0
2324	1.00	100	0
2325	1.00	100	0
2326	1.00	100	0
2327	1.00	100	0
2328	1.00	100	0
2329	1.00	100	0
2330	1.00	100	0
2331	1.00	100	0
2332	1.00	100	0
2333	1.00	100	0
2334	1.00	100	0
2335	1.00	100	0
2336	1.00	100	0
2337	1.00	100	0
2338	1.00	100	0
2339	1.00	100	0
2340	1.00	100	0
2341	1.00	100	0
2342	1.00	100	0
2343	1.00	100	0
2344	1.00	100	0
2345	1.00	100	0
2346	1.00	100	0
2347	1.00	100	0
2348	1.00	100	0
2349	1.00	100	0
2350	1.00	100	0
2351	1.00	100	0
2352	1.00	100	0
2353	1.00	100	0
2354	1.00	100	0
2355	1.00	100	0
2356	1.00	100	0
2357	1.00	100	0
2358	1.00	100	0
2359	1.00	100	0
2360	1.00	100	0
2361	1.00	100	0
2362	1.00	100	0
2363	1.00	100	0
2364	1.00	100	0
2365	1.00	100	0
2366	1.00	100	0
2367	1.00	100	0
2368	1.00	100	0
2369	1.00	100	0
2370	1.00	100	0
2371	1.00	100	0
2372	1.00	100	0
2373	1.00	100	0
2374	1.00	100	0
2375	1.00	100	0
2376	1.00	100	0
2377	1.00	100	0
2378	1.00	100	0
2379	1.00	100	0
2380	1.00	100	0
2381	1.00	100	0
2382	1.00	100	0
2383	1.00	100	0
2384	1.00	100	0
2385	1.00	100	0
2386	1.00	100	0
2387	1.00	100	0
2388	1.00	100	0
2389	1.00	100	0
2390	1.00	100	0
2391	1.00	100	0
2392	1.00	100	0
2393	1.00	100	0
2394	1.00	100	0
2395	1.00	100	0
2396	1.00	100	0
2397	0.99	99	1
2398	0.99	99	1
2399	0.99	99	1
2400	0.99	99	1
2401	0.99	99	1
2402	0.99	99	1
2403	0.99	99	1
2404	0.99	99	1
2405	0.99	99	1
2406	0.99	99	1
2407	0.99	99	1
2408	0.99	99	1
2409	0.99	99	1
2410	0.99	99	1
2411	0.99	99	1
2412	0.99	99	1
2413	0.99	99	1
2414	0.99	99	1
2415	0.99	99	1
2416	0.99	99	1
2417	0.99	99	1
2418	0.99	99	1
2419	0.99	99	1
2420	0.99	99	1
2421	0.99	99	1
2422	0.99	99	1
2423	0.99	99	1
2424	0.99	99	1
2425	0.99	99	1
2426	0.99	99	1
2427	0.99	99	1
2428	0.99	99	1
2429	0.99	99	1
2430	0.99	99	1
2431	0.99	99	1
2432	0.99	99	1
2433	0.99	99	1
2434	0.99	99	1
2435	0.99	99	1
2436	0.99	99	1
2437	0.99	99	1
2438	0.99	99	1
2439	0.99	99	1
2440	0.99	99	1
2441	0.99	99	1
2442	0.99	99	1
2443	0.99	99	1
2444	0.99	99	1
2445	0.99	99	1
2446	0.99	99	1
2447	0.99	99	1
2448	0.99	99	1
2449	0.99	99	1
2450	0.99	99	1
2451	0.99	99	1
2452	0.99	99	1
2453	0.99	99	1
2454	0.99	99	1
2455	0.99	99	1
2456	0.99	99	1
2457	0.99	99	1
2458	0.99	99	1
2459	0.99	99	1
2460	0.99	99	1
2461	0.99	99	1
2462	0.99	99	1
2463	0.99	99	1
2464	0.99	99	1
2465	0.99	99	1
2466	0.99	99	1
2467	0.99	99	1
2468	0.99	99	1
2469	0.99	99	1
2470	0.99	99	1
2471	0.99	99	1
2472	0.99	99	1
2473	0.99	99	1
2474	0.99	99	1
2475	0.99	99	1
2476	0.99	99	1
2477	0.99	99	1
2478	0.99	99	1
2479	0.99	99	1
2480	0.99	99	1
2481	0.99	99	1
2482	0.99	99	1
2483	0.99	99	1
2484	0.99	99	1
2485	0.99	99	1
2486	0.99	99	1
2487	0.99	99	1
2488	0.99	99	1
2489	0.99	99	1
2490	0.99	99	1
2491	0.99	99	1
2492	0.99	99	1
2493	0.99	99	1
2494	0.99	99	1
2495	0.99	99	1
2496	0.99	99	1
2497	1.00	100	0
2498	1.00	100	0
2499	1.00	100	0
2500	1.00	100	0
2501	1.00	100	0
2502	1.00	100	0
2503	1.00	100	0
2504	1.00	100	0
2505	1.00	100	0
2506	1.00	100	0
2507	1.00	100	0
2508	1.00	100	0
2509	1.00	100	0
2510	1.00	100	0
2511	1.00	100	0
2512	1.00	100	0
2513	1.00	100	0
2514	1.00	100	0
2515	1.00	100	0
2516	1.00	100	0
2517	1.00	100	0
2518	1.00	100	0
2519	1.00	100	0
2520	1.00	100	0
2521	1.00	100	0
2522	1.00	100	0
2523	1.00	100	0
2524	1.00	100	0
2525	1.00	100	0
2526	1.00	100	0
2527	1.00	100	0
2528	1.00	100	0
2529	1.00	100	0
2530	1.00	100	0
2531	1.00	100	0
2532	1.00	100	0
2533	1.00	100	0
2534	1.00	100	0
2535	1.00	100	0
2536	1.00	100	0
2537	1.00	100	0
2538	1.00	100	0
2539	1.00	100	0
2540	1.00	100	0
2541	1.00	100	0
2542	1.00	100	0
2543	1.00	100	0
2544	1.00	100	0
2545	1.00	100	0
2546	1.00	100	0
2547	1.00	100	0
2548	1.00	100	0
2549	1.00	100	0
2550	1.00	100	0
2551	1.00	100	0
2552	1.00	100	0
2553	1.00	100	0
2554	1.00	100	0
2555	1.00	100	0
2556	1.00	100	0
2557	1.00	100	0
2558	1.00	100	0
2559	1.00	100	0
2560	1.00	100	0
2561	1.00	100	0
2562	1.00	100	0
2563	1.00	100	0
2564	1.00	100	0
2565	1.00	100	0
2566	1.00	100	0
2567	1.00	100	0
2568	1.00	100	0
2569	1.00	100	0
2570	1.00	100	0
2571	1.00	100	0
2572	1.00	100	0
2573	1.00	100	0
2574	1.00	100	0
2575	1.00	100	0
2576	1.00	100	0
2577	1.00	100	0
2578	1.00	100	0
2579	1.00	100	0
2580	1.00	100	0
2581	1.00	100	0
2582	1.00	100	0
2583	1.00	100	0
2584	1.00	100	0
2585	1.00	100	0
2586	1.00	100	0
2587	1.00	100	0
2588	1.00	100	0
2589	1.00	100	0
2590	1.00	100	0
2591	1.00	100	0
2592	1.00	100	0
2593	0.99	99	1
2594	0.99	99	1
2595	0.99	99	1
2596	0.99	99	1
2597	0.99	99	1
2598	0.99	99	1
2599	0.99	99	1
2600	0.99	99	1
2601	0.99	99	1
2602	0.99	99	1
2603	0.99	99	1
2604	0.99	99	1
2605	0.99	99	1
2606	0.99	99	1
2607	0.99	99	1
2608	0.99	99	1
2609	0.99	99	1
2610	0.99	99	1
2611	0.99	99	1
2612	0.99	99	1
2613	0.99	99	1
2614	0.99	99	1
2615	0.99	99	1
2616	0.99	99	1
2617	0.99	99	1
2618	0.99	99	1
2619	0.99	99	1
2620	0.99	99	1
2621	0.99	99	1
2622	0.99	99	1
2623	0.99	99	1
2624	0.99	99	1
2625	0.99	99	1
2626	0.99	99	1
2627	0.99	99	1
2628	0.99	99	1
2629	0.99	99	1
2630	0.99	99	1
2631	0.99	99	1
2632	0.99	99	1
2633	0.99	99	1
2634	0.99	99	1
2635	0.99	99	1
2636	0.99	99	1
2637	0.99	99	1
2638	0.99	99	1
2639	0.99	99	1
2640	0.99	99	1
2641	0.99	99	1
2642	0.99	99	1
2643	0.99	99	1
2644	0.99	99	1
2645	0.99	99	1
2646	0.99	99	1
2647	0.99	99	1
2648	0.99	99	1
2649	0.99	99	1
2650	0.99	99	1
2651	0.99	99	1
2652	0.99	99	1
2653	0.99	99	1
2654	0.99	99	1
2655	0.99	99	1
2656	0.99	99	1
2657	0.99	99	1
2658	0.99	99	1
2659	0.99	99	1
2660	0.99	99	1
2661	0.99	99	1
2662	0.99	99	1
2663	0.99	99	1
2664	0.99	99	1
2665	0.99	99	1
2666	0.99	99	1
2667	0.99	99	1
2668	0.99	99	1
2669	0.99	99	1
2670	0.99	99	1
2671	0.99	99	1
2672	0.99	99	1
2673	0.99	99	1
2674	0.99	99	1
2675	0.99	99	1
2676	0.99	99	1
2677	0.99	99	1
2678	0.99	99	1
2679	0.99	99	1
2680	0.99	99	1
2681	0.99	99	1
2682	0.99	99	1
2683	0.99	99	1
2684	0.99	99	1
2685	0.99	99	1
2686	0.99	99	1
2687	0.99	99	1
2688	0.99	99	1
2689	0.99	99	1
2690	0.99	99	1
2691	0.99	99	1
2692	0.99	99	1
2693	1.00	100	0
2694	1.00	100	0
2695	1.00	100	0
2696	1.00	100	0
2697	1.00	100	0
2698	1.00	100	0
2699	1.00	100	0
2700	1.00	100	0
2701	1.00	100	0
2702	1.00	100	0
2703	1.00	100	0
2704	1.00	100	0
2705	1.00	100	0
2706	1.00	100	0
2707	1.00	100	0
2708	1.00	100	0
2709	1.00	100	0
2710	1.00	100	0
2711	1.00	100	0
2712	1.00	100	0
2713	1.00	100	0
2714	1.00	100	0
2715	1.00	100	0
2716	1.00	100	0
2717	1.00	100	0
2718	1.00	100	0
2719	1.00	100	0
2720	1.00	100	0
2721	1.00	100	0
2722	1.00	100	0
2723	1.00	100	0
2724	1.00	100	0
2725	1.00	100	0
2726	1.00	100	0
2727	1.00	100	0
2728	1.00	100	0
2729	1.00	100	0
2730	1.00	100	0
2731	1.00	100	0
2732	1.00	100	0
2733	1.00	100	0
2734	1.00	100	0
2735	1.00	100	0
2736	1.00	100	0
2737	1.00	100	0
2738	1.00	100	0
2739	1.00	100	0
2740	1.00	100	0
2741	1.00	100	0
2742	1.00	100	0
2743	1.00	100	0
2744	1.00	100	0
2745	1.00	100	0
2746	1.00	100	0
2747	1.00	100	0
2748	1.00	100	0
2749	1.00	100	0
2750	1.00	100	0
2751	1.00	100	0
2752	1.00	100	0
2753	1.00	100	0
2754	1.00	100	0
2755	1.00	100	0
2756	1.00	100	0
2757	1.00	100	0
2758	1.00	100	0
2759	1.00	100	0
2760	1.00	100	0
2761	1.00	100	0
2762	1.00	100	0
2763	1.00	100	0
2764	1.00	100	0
2765	1.00	100	0
2766	1.00	100	0
2767	1.00	100	0
2768	1.00	100	0
2769	1.00	100	0
2770	1.00	100	0
2771	1.00	100	0
2772	1.00	100	0
2773	1.00	100	0
2774	1.00	100	0
2775	1.00	100	0
2776	1.00	100	0
2777	1.00	100	0
2778	1.00	100	0
2779	1.00	100	0
2780	1.00	100	0
2781	1.00	100	0
2782	1.00	100	0
2783	1.00	100	0
2784	1.00	100	0
2785	1.00	100	0
2786	1.00	100	0
2787	1.00	100	0
2788	1.00	100	0
2789	1.00	100	0
2790	1.00	100	0
2791	1.00	100	0
2792	1.00	100	0
2793	0.99	99	1
2794	0.99	99	1
2795	0.99	99	1
2796	0.99	99	1
2797	0.99	99	1
2798	0.99	99	1
2799	0.99	99	1
2800	0.99	99	1
2801	0.99	99	1
2802	0.99	99	1
2803	0.99	99	1
2804	0.99	99	1
2805	0.99	99	1
2806	0.99	99	1
2807	0.99	99	1
2808	0.99	99	1
2809	0.99	99	1
2810	0.99	99	1
2811	0.99	99	1
2812	0.99	99	1
2813	0.99	99	1
2814	0.99	99	1
2815	0.99	99	1
2816	0.99	99	1
2817	0.99	99	1
2818	0.99	99	1
2819	0.99	99	1
2820	0.99	99	1
2821	0.99	99	1
2822	0.99	99	1
2823	0.99	99	1
2824	0.99	99	1
2825	0.99	99	1
2826	0.99	99	1
2827	0.98	98	2
2828	0.98	98	2
2829	0.98	98	2
2830	0.98	98	2
2831	0.98	98	2
2832	0.98	98	2
2833	0.98	98	2
2834	0.98	98	2
2835	0.98	98	2
2836	0.98	98	2
2837	0.98	98	2
2838	0.98	98	2
2839	0.98	98	2
2840	0.98	98	2
2841	0.98	98	2
2842	0.98	98	2
2843	0.98	98	2
2844	0.98	98	2
2845	0.98	98	2
2846	0.98	98	2
2847	0.98	98	2
2848	0.98	98	2
2849	0.98	98	2
2850	0.98	98	2
2851	0.98	98	2
2852	0.98	98	2
2853	0.98	98	2
2854	0.98	98	2
2855	0.98	98	2
2856	0.98	98	2
2857	0.98	98	2
2858	0.98	98	2
2859	0.98	98	2
2860	0.98	98	2
2861	0.97	97	3
2862	0.97	97	3
2863	0.97	97	3
2864	0.97	97	3
2865	0.97	97	3
2866	0.97	97	3
2867	0.97	97	3
2868	0.97	97	3
2869	0.97	97	3
2870	0.97	97	3
2871	0.97	97	3
2872	0.97	97	3
2873	0.97	97	3
2874	0.97	97	3
2875	0.97	97	3
2876	0.97	97	3
2877	0.97	97	3
2878	0.97	97	3
2879	0.97	97	3
2880	0.97	97	3
2881	0.97	97	3
2882	0.97	97	3
2883	0.97	97	3
2884	0.97	97	3
2885	0.97	97	3
2886	0.97	97	3
2887	0.97	97	3
2888	0.97	97	3
2889	0.97	97	3
2890	0.97	97	3
2891	0.97	97	3
2892	0.97	97	3
2893	0.98	98	2
2894	0.98	98	2
2895	0.98	98	2
2896	0.98	98	2
2897	0.98	98	2
2898	0.98	98	2
2899	0.98	98	2
2900	0.98	98	2
2901	0.98	98	2
2902	0.98	98	2
2903	0.98	98	2
2904	0.98	98	2
2905	0.98	98	2
2906	0.98	98	2
2907	0.98	98	2
2908	0.98	98	2
2909	0.98	98	2
2910	0.98	98	2
2911	0.98	98	2
2912	0.98	98	2
2913	0.98	98	2
2914	0.98	98	2
2915	0.98	98	2
2916	0.98	98	2
2917	0.98	98	2
2918	0.98	98	2
2919	0.98	98	2
2920	0.98	98	2
2921	0.98	98	2
2922	0.98	98	2
2923	0.98	98	2
2924	0.98	98	2
2925	0.98	98	2
2926	0.98	98	2
2927	0.99	99	1
2928	0.99	99	1
2929	0.99	99	1
2930	0.99	99	1
2931	0.99	99	1
2932	0.99	99	1
2933	0.99	99	1
2934	0.99	99	1
2935	0.99	99	1
2936	0.99	99	1
2937	0.99	99	1
2938	0.99	99	1
2939	0.99	99	1
2940	0.99	99	1
2941	0.99	99	1
2942	0.99	99	1
2943	0.99	99	1
2944	0.99	99	1
2945	0.99	99	1
2946	0.99	99	1
2947	0.99	99	1
2948	0.99	99	1
2949	0.99	99	1
2950	0.99	99	1
2951	0.99	99	1
2952	0.99	99	1
2953	0.99	99	1
2954	0.99	99	1
2955	0.99	99	1
2956	0.99	99	1
2957	0.99	99	1
2958	0.99	99	1
2959	0.99	99	1
2960	0.99	99	1
2961	1.00	100	0
2962	1.00	100	0
2963	1.00	100	0
2964	1.00	100	0
2965	1.00	100	0
2966	1.00	100	0
2967	1.00	100	0
2968	1.00	100	0
2969	1.00	100	0
2970	1.00	100	0
2971	1.00	100	0
2972	1.00	100	0
2973	1.00	100	0
2974	1.00	100	0
2975	1.00	100	0
2976	1.00	100	0
2977	1.00	100	0
2978	1.00	100	0
2979	1.00	100	0
2980	1.00	100	0
2981	1.00	100	0
2982	1.00	100	0
2983	1.00	100	0
2984	1.00	100	0
2985	1.00	100	0
2986	1.00	100	0
2987	1.00	100	0
2988	1.00	100	0
2989	1.00	100	0
2990	1.00	100	0
2991	1.00	100	0
2992	1.00	100	0
2993	1.00	100	0
2994	1.00	100	0
2995	1.00	100	0
2996	1.00	100	0
2997	1.00	100	0
2998	1.00	100	0
2999	1.00	100	0
3000	0.01	99	1
3001	0.02	98	2
3002	0.02	98	2
3003	0.03	97	3
3004	0.04	96	4
3005	0.05	95	5
3006	0.06	94	6
3007	0.07	93	7
3008	0.08	92	8
3009	0.09	91	9
3010	0.10	90	10
3011	0.11	89	11
3012	0.12	88	12
3013	0.13	87	13
3014	0.14	86	14
3015	0.15	85	15
3016	0.16	84	16
3017	0.17	83	17
3018	0.18	82	18
3019	0.19	81	19
3020	0.20	80	20
3021	0.21	79	21
3022	0.22	78	22
3023	0.23	77	23
3024	0.24	76	24
3025	0.25	75	25
3026	0.26	74	26
3027	0.27	73	27
3028	0.28	72	28
3029	0.29	71	29
3030	0.29	71	29
3031	0.30	70	30
3032	0.31	69	31
3033	0.32	68	32
3034	0.33	67	33
3035	0.34	66	34
3036	0.34	66	34
3037	0.35	65	35
3038	0.36	64	36
3039	0.37	63	37
3040	0.38	62	38
3041	0.39	61	39
3042	0.40	60	40
3043	0.41	59	41
3044	0.42	58	42
3045	0.43	57	43
3046	0.44	56	44
3047	0.45	55	45
3048	0.46	54	46
3049	0.47	53	47
3050	0.48	52	48
3051	0.49	51	49
3052	0.50	50	50
3053	0.51	49	51
3054	0.52	48	52
3055	0.53	47	53
3056	0.54	46	54
3057	0.55	45	55
3058	0.56	44	56
3059	0.57	43	57
3060	0.58	42	58
3061	0.59	41	59
3062	0.60	40	60
3063	0.61	39	61
3064	0.62	38	62
3065	0.63	37	63
3066	0.64	36	64
3067	0.65	35	65
3068	0.66	34	66
3069	0.67	33	67
3070	0.68	32	68
3071	0.69	31	69
3072	0.70	30	70
3073	0.71	29	71
3074	0.72	28	72
3075	0.73	27	73
3076	0.74	26	74
3077	0.75	25	75
3078	0.76	24	76
3079	0.77	23	77
3080	0.78	22	78
3081	0.79	21	79
3082	0.80	20	80
3083	0.81	19	81
3084	0.82	18	82
3085	0.83	17	83
3086	0.84	16	84
3087	0.85	15	85
3088	0.86	14	86
3089	0.87	13	87
3090	0.88	12	88
3091	0.89	11	89
3092	0.90	10	90
3093	0.91	9	91
3094	0.92	8	92
3095	0.93	7	93
3096	0.94	6	94
3097	0.95	5	95
3098	0.96	4	96
3099	0.97	3	97
3100	0.97	3	97
3101	0.97	3	97
3102	0.98	2	98
3103	0.98	2	98
3104	0.98	2	98
3105	0.98	2	98
3106	0.98	2	98
3107	0.98	2	98
3108	0.98	2	98
3109	0.98	2	98
3110	0.98	2	98
3111	0.98	2	98
3112	0.98	2	98
3113	0.98	2	98
3114	0.98	2	98
3115	0.98	2	98
3116	0.98	2	98
3117	0.98	2	98
3118	0.98	2	98
3119	0.98	2	98
3120	0.98	2	98
3121	0.98	2	98
3122	0.98	2	98
3123	0.98	2	98
3124	0.98	2	98
3125	0.98	2	98
3126	0.98	2	98
3127	0.98	2	98
3128	0.98	2	98
3129	0.98	2	98
3130	0.99	1	99
3131	0.99	1	99
3132	0.99	1	99
3133	0.99	1	99
3134	0.99	1	99
3135	0.99	1	99
3136	1.00	0	100
3137	1.00	0	100
3138	1.00	0	100
3139	1.00	0	100
3140	1.00	0	100
3141	1.00	0	100
3142	1.00	0	100
3143	1.00	0	100
3144	1.00	0	100
3145	1.00	0	100
3146	1.00	0	100
3147	1.00	0	100
3148	1.00	0	100
3149	1.00	0	100
3150	1.00	0	100
3151	0.99	1	99
3152	0.99	1	99
3153	0.99	1	99
3154	0.99	1	99
3155	0.99	1	99
3156	0.99	1	99
3157	0.99	1	99
3158	0.99	1	99
3159	0.99	1	99
3160	0.99	1	99
3161	0.99	1	99
3162	0.99	1	99
3163	0.99	1	99
3164	0.99	1	99
3165	0.99	1	99
3166	0.99	1	99
3167	0.99	1	99
3168	0.99	1	99
3169	0.99	1	99
3170	0.99	1	99
3171	0.99	1	99
3172	0.99	1	99
3173	0.99	1	99
3174	0.99	1	99
3175	0.99	1	99
3176	0.99	1	99
3177	0.99	1	99
3178	0.99	1	99
3179	0.99	1	99
3180	0.99	1	99
3181	0.99	1	99
3182	0.99	1	99
3183	0.99	1	99
3184	0.99	1	99
3185	0.99	1	99
3186	0.99	1	99
3187	0.99	1	99
3188	0.99	1	99
3189	0.99	1	99
3190	0.99	1	99
3191	0.99	1	99
3192	0.99	1	99
3193	0.99	1	99
3194	0.99	1	99
3195	0.99	1	99
3196	0.99	1	99
3197	0.99	1	99
3198	0.99	1	99
3199	0.99	1	99
3200	0.99	1	99
3201	0.99	1	99
3202	0.99	1	99
3203	0.99	1	99
3204	0.99	1	99
3205	0.99	1	99
3206	0.99	1	99
3207	0.99	1	99
3208	0.99	1	99
3209	0.99	1	99
3210	0.99	1	99
3211	0.99	1	99
3212	0.99	1	99
3213	0.99	1	99
3214	0.99	1	99
3215	0.99	1	99
3216	0.99	1	99
3217	0.99	1	99
3218	0.99	1	99
3219	0.99	1	99
3220	0.99	1	99
3221	0.99	1	99
3222	0.99	1	99
3223	0.99	1	99
3224	0.99	1	99
3225	0.99	1	99
3226	0.99	1	99
3227	0.99	1	99
3228	0.99	1	99
3229	0.99	1	99
3230	0.99	1	99
3231	0.99	1	99
3232	0.99	1	99
3233	0.99	1	99
3234	0.99	1	99
3235	0.99	1	99
3236	0.99	1	99
3237	0.99	1	99
3238	0.99	1	99
3239	0.99	1	99
3240	0.99	1	99
3241	0.99	1	99
3242	0.99	1	99
3243	0.99	1	99
3244	0.99	1	99
3245	0.99	1	99
3246	0.99	1	99
3247	0.99	1	99
3248	0.99	1	99
3249	0.99	1	99
3250	0.99	1	99
3251	1.00	0	100
3252	1.00	0	100
3253	1.00	0	100
3254	1.00	0	100
3255	1.00	0	100
3256	1.00	0	100
3257	1.00	0	100
3258	1.00	0	100
3259	1.00	0	100
3260	1.00	0	100
3261	1.00	0	100
3262	1.00	0	100
3263	1.00	0	100
3264	1.00	0	100
3265	1.00	0	100
3266	1.00	0	100
3267	1.00	0	100
3268	1.00	0	100
3269	1.00	0	100
3270	1.00	0	100
3271	1.00	0	100
3272	1.00	0	100
3273	1.00	0	100
3274	1.00	0	100
3275	1.00	0	100
3276	1.00	0	100
3277	1.00	0	100
3278	1.00	0	100
3279	1.00	0	100
3280	1.00	0	100
3281	1.00	0	100
3282	1.00	0	100
3283	1.00	0	100
3284	1.00	0	100
3285	1.00	0	100
3286	1.00	0	100
3287	1.00	0	100
3288	1.00	0	100
3289	1.00	0	100
3290	1.00	0	100
3291	1.00	0	100
3292	1.00	0	100
3293	1.00	0	100
3294	1.00	0	100
3295	1.00	0	100
3296	1.00	0	100
3297	1.00	0	100
3298	1.00	0	100
3299	1.00	0	100
3300	1.00	0	100
3301	1.00	0	100
3302	1.00	0	100
3303	1.00	0	100
3304	1.00	0	100
3305	1.00	0	100
3306	1.00	0	100
3307	1.00	0	100
3308	1.00	0	100
3309	1.00	0	100
3310	1.00	0	100
3311	1.00	0	100
3312	1.00	0	100
3313	1.00	0	100
3314	1.00	0	100
3315	1.00	0	100
3316	1.00	0	100
3317	1.00	0	100
3318	1.00	0	100
3319	1.00	0	100
3320	1.00	0	100
3321	1.00	0	100
3322	1.00	0	100
3323	1.00	0	100
3324	1.00	0	100
3325	1.00	0	100
3326	1.00	0	100
3327	1.00	0	100
3328	1.00	0	100
3329	1.00	0	100
3330	1.00	0	100
3331	1.00	0	100
3332	1.00	0	100
3333	1.00	0	100
3334	1.00	0	100
3335	1.00	0	100
3336	1.00	0	100
3337	1.00	0	100
3338	1.00	0	100
3339	1.00	0	100
3340	1.00	0	100
3341	1.00	0	100
3342	1.00	0	100
3343	1.00	0	100
3344	1.00	0	100
3345	1.00	0	100
3346	1.00	0	100
3347	1.00	0	100
3348	1.00	0	100
3349	1.00	0	100
3350	1.00	0	100
3351	1.00	0	100
3352	1.00	0	100
3353	1.00	0	100
3354	1.00	0	100
3355	1.00	0	100
3356	1.00	0	100
3357	1.00	0	100
3358	1.00	0	100
3359	1.00	0	100
3360	1.00	0	100
3361	1.00	0	100
3362	1.00	0	100
3363	1.00	0	100
3364	1.00	0	100
3365	1.00	0	100
3366	1.00	0	100
3367	1.00	0	100
3368	1.00	0	100
3369	1.00	0	100
3370	1.00	0	100
3371	1.00	0	100
3372	1.00	0	100
3373	1.00	0	100
3374	1.00	0	100
3375	1.00	0	100
3376	1.00	0	100
3377	1.00	0	100
3378	1.00	0	100
3379	1.00	0	100
3380	1.00	0	100
3381	1.00	0	100
3382	1.00	0	100
3383	1.00	0	100
3384	1.00	0	100
3385	1.00	0	100
3386	1.00	0	100
3387	1.00	0	100
3388	1.00	0	100
3389	1.00	0	100
3390	1.00	0	100
3391	1.00	0	100
3392	1.00	0	100
3393	1.00	0	100
3394	1.00	0	100
3395	1.00	0	100
3396	1.00	0	100
3397	1.00	0	100
3398	1.00	0	100
3399	1.00	0	100
3400	1.00	0	100
3401	1.00	0	100
3402	1.00	0	100
3403	1.00	0	100
3404	1.00	0	100
3405	1.00	0	100
3406	1.00	0	100
3407	1.00	0	100
3408	1.00	0	100
3409	1.00	0	100
3410	1.00	0	100
3411	1.00	0	100
3412	1.00	0	100
3413	1.00	0	100
3414	1.00	0	100
3415	1.00	0	100
3416	1.00	0	100
3417	1.00	0	100
3418	1.00	0	100
3419	1.00	0	100
3420	1.00	0	100
3421	1.00	0	100
3422	1.00	0	100
3423	1.00	0	100
3424	1.00	0	100
3425	1.00	0	100
3426	1.00	0	100
3427	1.00	0	100
3428	1.00	0	100
3429	1.00	0	100
3430	1.00	0	100
3431	1.00	0	100
3432	1.00	0	100
3433	1.00	0	100
3434	1.00	0	100
3435	1.00	0	100
3436	1.00	0	100
3437	1.00	0	100
3438	1.00	0	100
3439	1.00	0	100
3440	1.00	0	100
3441	1.00	0	100
3442	1.00	0	100
3443	1.00	0	100
3444	1.00	0	100
3445	1.00	0	100
3446	1.00	0	100
3447	1.00	0	100
3448	1.00	0	100
3449	1.00	0	100
3450	1.00	0	100
3451	1.00	0	100
3452	1.00	0	100
3453	1.00	0	100
3454	1.00	0	100
3455	1.00	0	100
3456	1.00	0	100
3457	1.00	0	100
3458	1.00	0	100
3459	1.00	0	100
3460	1.00	0	100
3461	1.00	0	100
3462	1.00	0	100
3463	1.00	0	100
3464	1.00	0	100
3465	1.00	0	100
3466	1.00	0	100
3467	1.00	0	100
3468	1.00	0	100
3469	1.00	0	100
3470	1.00	0	100
3471	1.00	0	100
3472	1.00	0	100
3473	1.00	0	100
3474	1.00	0	100
3475	1.00	0	100
3476	1.00	0	100
3477	1.00	0	100
3478	1.00	0	100
3479	1.00	0	100
3480	1.00	0	100
3481	1.00	0	100
3482	1.00	0	100
3483	1.00	0	100
3484	1.00	0	100
3485	1.00	0	100
3486	1.00	0	100
3487	1.00	0	100
3488	1.00	0	100
3489	1.00	0	100
3490	1.00	0	100
3491	1.00	0	100
3492	1.00	0	100
3493	1.00	0	100
3494	1.00	0	100
3495	1.00	0	100
3496	1.00	0	100
3497	1.00	0	100
3498	1.00	0	100
3499	1.00	0	100
3500	1.00	0	100
3501	1.00	0	100
3502	1.00	0	100
3503	1.00	0	100
3504	1.00	0	100
3505	1.00	0	100
3506	1.00	0	100
3507	1.00	0	100
3508	1.00	0	100
3509	1.00	0	100
3510	1.00	0	100
3511	1.00	0	100
3512	1.00	0	100
3513	1.00	0	100
3514	1.00	0	100
3515	1.00	0	100
3516	1.00	0	100
3517	1.00	0	100
3518	1.00	0	100
3519	1.00	0	100
3520	1.00	0	100
3521	1.00	0	100
3522	1.00	0	100
3523	1.00	0	100
3524	1.00	0	100
3525	1.00	0	100
3526	1.00	0	100
3527	1.00	0	100
3528	1.00	0	100
3529	1.00	0	100
3530	1.00	0	100
3531	1.00	0	100
3532	1.00	0	100
3533	1.00	0	100
3534	1.00	0	100
3535	1.00	0	100
3536	1.00	0	100
3537	1.00	0	100
3538	1.00	0	100
3539	1.00	0	100
3540	1.00	0	100
3541	1.00	0	100
3542	1.00	0	100
3543	1.00	0	100
3544	1.00	0	100
3545	1.00	0	100
3546	1.00	0	100
3547	1.00	0	100
3548	1.00	0	100
3549	1.00	0	100
3550	1.00	0	100
3551	1.00	0	100
3552	1.00	0	100
3553	1.00	0	100
3554	1.00	0	100
3555	1.00	0	100
3556	1.00	0	100
3557	1.00	0	100
3558	1.00	0	100
3559	1.00	0	100
3560	1.00	0	100
3561	1.00	0	100
3562	1.00	0	100
3563	1.00	0	100
3564	1.00	0	100
3565	1.00	0	100
3566	1.00	0	100
3567	1.00	0	100
3568	1.00	0	100
3569	1.00	0	100
3570	1.00	0	100
3571	1.00	0	100
3572	1.00	0	100
3573	1.00	0	100
3574	1.00	0	100
3575	1.00	0	100
3576	1.00	0	100
3577	1.00	0	100
3578	1.00	0	100
3579	1.00	0	100
3580	1.00	0	100
3581	1.00	0	100
3582	1.00	0	100
3583	1.00	0	100
3584	1.00	0	100
3585	1.00	0	100
3586	1.00	0	100
3587	1.00	0	100
3588	1.00	0	100
3589	1.00	0	100
3590	1.00	0	100
3591	1.00	0	100
3592	1.00	0	100
3593	1.00	0	100
3594	1.00	0	100
3595	1.00	0	100
3596	1.00	0	100
3597	1.00	0	100
3598	0.99	1	99
3599	0.99	1	99
3600	0.99	1	99
3601	0.99	1	99
3602	0.99	1	99
3603	0.99	1	99
3604	0.99	1	99
3605	0.99	1	99
3606	0.99	1	99
3607	0.99	1	99
3608	0.99	1	99
3609	0.99	1	99
3610	0.99	1	99
3611	0.99	1	99
3612	0.99	1	99
3613	0.99	1	99
3614	0.99	1	99
3615	0.99	1	99
3616	0.99	1	99
3617	0.99	1	99
3618	0.99	1	99
3619	0.99	1	99
3620	0.99	1	99
3621	0.99	1	99
3622	0.99	1	99
3623	0.99	1	99
3624	0.99	1	99
3625	0.99	1	99
3626	0.99	1	99
3627	0.99	1	99
3628	0.99	1	99
3629	0.99	1	99
3630	0.99	1	99
3631	0.99	1	99
3632	0.99	1	99
3633	0.99	1	99
3634	0.99	1	99
3635	0.99	1	99
3636	0.99	1	99
3637	0.99	1	99
3638	0.99	1	99
3639	0.99	1	99
3640	0.99	1	99
3641	0.99	1	99
3642	0.99	1	99
3643	0.99	1	99
3644	0.99	1	99
3645	0.99	1	99
3646	0.99	1	99
3647	0.99	1	99
3648	0.99	1	99
3649	0.99	1	99
3650	0.99	1	99
3651	0.99	1	99
3652	0.99	1	99
3653	0.99	1	99
3654	0.99	1	99
3655	0.99	1	99
3656	0.99	1	99
3657	0.99	1	99
3658	0.99	1	99
3659	0.99	1	99
3660	0.99	1	99
3661	0.99	1	99
3662	0.99	1	99
3663	0.99	1	99
3664	0.99	1	99
3665	0.99	1	99
3666	0.99	1	99
3667	0.99	1	99
3668	0.99	1	99
3669	0.99	1	99
3670	0.99	1	99
3671	0.99	1	99
3672	0.99	1	99
3673	0.99	1	99
3674	0.99	1	99
3675	0.99	1	99
3676	0.99	1	99
3677	0.99	1	99
3678	0.99	1	99
3679	0.99	1	99
3680	0.99	1	99
3681	0.99	1	99
3682	0.99	1	99
3683	0.99	1	99
3684	0.99	1	99
3685	0.99	1	99
3686	0.99	1	99
3687	0.99	1	99
3688	0.99	1	99
3689	0.99	1	99
3690	0.99	1	99
3691	0.99	1	99
3692	0.99	1	99
3693	0.99	1	99
3694	0.99	1	99
3695	0.99	1	99
3696	0.99	1	99
3697	0.99	1	99
3698	1.00	0	100
3699	1.00	0	100
3700	1.00	0	100
3701	1.00	0	100
3702	1.00	0	100
3703	1.00	0	100
3704	1.00	0	100
3705	1.00	0	100
3706	1.00	0	100
3707	1.00	0	100
3708	1.00	0	100
3709	1.00	0	100
3710	1.00	0	100
3711	1.00	0	100
3712	1.00	0	100
3713	1.00	0	100
3714	1.00	0	100
3715	1.00	0	100
3716	1.00	0	100
3717	1.00	0	100
3718	1.00	0	100
3719	1.00	0	100
3720	1.00	0	100
3721	1.00	0	100
3722	1.00	0	100
3723	1.00	0	100
3724	1.00	0	100
3725	1.00	0	100
3726	1.00	0	100
3727	1.00	0	100
3728	1.00	0	100
3729	1.00	0	100
3730	1.00	0	100
3731	1.00	0	100
3732	1.00	0	100
3733	1.00	0	100
3734	1.00	0	100
3735	1.00	0	100
3736	1.00	0	100
3737	1.00	0	100
3738	1.00	0	100
3739	1.00	0	100
3740	1.00	0	100
3741	1.00	0	100
3742	1.00	0	100
3743	1.00	0	100
3744	1.00	0	100
3745	1.00	0	100
3746	1.00	0	100
3747	1.00	0	100
3748	1.00	0	100
3749	1.00	0	100
3750	1.00	0	100
3751	1.00	0	100
3752	1.00	0	100
3753	1.00	0	100
3754	1.00	0	100
3755	1.00	0	100
3756	1.00	0	100
3757	1.00	0	100
3758	1.00	0	100
3759	1.00	0	100
3760	1.00	0	100
3761	1.00	0	100
3762	1.00	0	100
3763	1.00	0	100
3764	1.00	0	100
3765	1.00	0	100
3766	1.00	0	100
3767	1.00	0	100
3768	1.00	0	100
3769	1.00	0	100
3770	1.00	0	100
3771	1.00	0	100
3772	1.00	0	100
3773	1.00	0	100
3774	1.00	0	100
3775	1.00	0	100
3776	1.00	0	100
3777	1.00	0	100
3778	1.00	0	100
3779	1.00	0	100
3780	1.00	0	100
3781	1.00	0	100
3782	1.00	0	100
3783	1.00	0	100
3784	1.00	0	100
3785	1.00	0	100
3786	1.00	0	100
3787	1.00	0	100
3788	1.00	0	100
3789	1.00	0	100
3790	1.00	0	100
3791	1.00	0	100
3792	1.00	0	100
3793	1.00	0	100
3794	1.00	0	100
3795	1.00	0	100
3796	1.00	0	100
3797	1.00	0	100
3798	1.00	0	100
3799	1.00	0	100
3800	1.00	0	100
3801	1.00	0	100
3802	1.00	0	100
3803	1.00	0	100
3804	1.00	0	100
3805	1.00	0	100
3806	1.00	0	100
3807	1.00	0	100
3808	1.00	0	100
3809	1.00	0	100
3810	1.00	0	100
3811	1.00	0	100
3812	1.00	0	100
3813	1.00	0	100
3814	1.00	0	100
3815	1.00	0	100
3816	1.00	0	100
3817	1.00	0	100
3818	1.00	0	100
3819	1.00	0	100
3820	1.00	0	100
3821	1.00	0	100
3822	1.00	0	100
3823	1.00	0	100
3824	1.00	0	100
3825	1.00	0	100
3826	1.00	0	100
3827	1.00	0	100
3828	1.00	0	100
3829	1.00	0	100
3830	1.00	0	100
3831	1.00	0	100
3832	1.00	0	100
3833	1.00	0	100
3834	1.00	0	100
3835	1.00	0	100
3836	1.00	0	100
3837	1.00	0	100
3838	1.00	0	100
3839	1.00	0	100
3840	1.00	0	100
3841	1.00	0	100
3842	1.00	0	100
3843	1.00	0	100
3844	1.00	0	100
3845	1.00	0	100
3846	1.00	0	100
3847	1.00	0	100
3848	1.00	0	100
3849	1.00	0	100
3850	1.00	0	100
3851	1.00	0	100
3852	1.00	0	100
3853	1.00	0	100
3854	1.00	0	100
3855	1.00	0	100
3856	1.00	0	100
3857	1.00	0	100
3858	1.00	0	100
3859	1.00	0	100
3860	1.00	0	100
3861	1.00	0	100
3862	1.00	0	100
3863	1.00	0	100
3864	1.00	0	100
3865	1.00	0	100
3866	1.00	0	100
3867	1.00	0	100
3868	1.00	0	100
3869	1.00	0	100
3870	1.00	0	100
3871	1.00	0	100
3872	1.00	0	100
3873	1.00	0	100
3874	1.00	0	100
3875	1.00	0	100
3876	1.00	0	100
3877	1.00	0	100
3878	1.00	0	100
3879	1.00	0	100
3880	1.00	0	100
3881	1.00	0	100
3882	1.00	0	100
3883	1.00	0	100
3884	1.00	0	100
3885	1.00	0	100
3886	1.00	0	100
3887	1.00	0	100
3888	1.00	0	100
3889	1.00	0	100
3890	1.00	0	100
3891	1.00	0	100
3892	1.00	0	100
3893	1.00	0	100
3894	1.00	0	100
3895	1.00	0	100
3896	1.00	0	100
3897	1.00	0	100
3898	1.00	0	100
3899	1.00	0	100
3900	1.00	0	100
3901	1.00	0	100
3902	1.00	0	100
3903	1.00	0	100
3904	1.00	0	100
3905	1.00	0	100
3906	1.00	0	100
3907	1.00	0	100
3908	1.00	0	100
3909	1.00	0	100
3910	1.00	0	100
3911	1.00	0	100
3912	1.00	0	100
3913	1.00	0	100
3914	1.00	0	100
3915	1.00	0	100
3916	1.00	0	100
3917	1.00	0	100
3918	1.00	0	100
3919	1.00	0	100
3920	1.00	0	100
3921	1.00	0	100
3922	1.00	0	100
3923	1.00	0	100
3924	1.00	0	100
3925	1.00	0	100
3926	1.00	0	100
3927	1.00	0	100
3928	0.99	1	99
3929	0.99	1	99
3930	0.99	1	99
3931	0.99	1	99
3932	0.99	1	99
3933	0.99	1	99
3934	0.99	1	99
3935	0.99	1	99
3936	0.99	1	99
3937	0.99	1	99
3938	0.99	1	99
3939	0.99	1	99
3940	0.99	1	99
3941	0.99	1	99
3942	0.99	1	99
3943	0.99	1	99
3944	0.99	1	99
3945	0.99	1	99
3946	0.99	1	99
3947	0.99	1	99
3948	0.99	1	99
3949	0.99	1	99
3950	0.99	1	99
3951	0.99	1	99
3952	0.99	1	99
3953	0.99	1	99
3954	0.99	1	99
3955	0.99	1	99
3956	0.99	1	99
3957	0.99	1	99
3958	0.99	1	99
3959	0.99	1	99
3960	0.99	1	99
3961	0.99	1	99
3962	0.99	1	99
3963	0.99	1	99
3964	0.99	1	99
3965	0.98	2	98
3966	0.98	2	98
3967	0.98	2	98
3968	0.98	2	98
3969	0.98	2	98
3970	0.98	2	98
3971	0.98	2	98
3972	0.98	2	98
3973	0.98	2	98
3974	0.98	2	98
3975	0.98	2	98
3976	0.98	2	98
3977	0.98	2	98
3978	0.98	2	98
3979	0.98	2	98
3980	0.98	2	98
3981	0.98	2	98
3982	0.98	2	98
3983	0.98	2	98
3984	0.98	2	98
3985	0.98	2	98
3986	0.98	2	98
3987	0.98	2	98
3988	0.98	2	98
3989	0.98	2	98
3990	0.98	2	98
3991	0.98	2	98
3992	0.98	2	98
3993	0.98	2	98
3994	0.98	2	98
3995	0.98	2	98
3996	0.98	2	98
3997	0.98	2	98
3998	0.98	2	98
3999	0.98	2	98
4000	0.03	3	97
4001	0.04	4	96
4002	0.05	5	95
4003	0.06	6	94
4004	0.07	7	93
4005	0.08	8	92
4006	0.09	9	91
4007	0.10	10	90
4008	0.11	11	89
4009	0.12	12	88
4010	0.12	12	88
4011	0.13	13	87
4012	0.14	14	86
4013	0.15	15	85
4014	0.16	16	84
4015	0.17	17	83
4016	0.18	18	82
4017	0.19	19	81
4018	0.19	19	81
4019	0.20	20	80
4020	0.21	21	79
4021	0.22	22	78
4022	0.23	23	77
4023	0.24	24	76
4024	0.25	25	75
4025	0.26	26	74
4026	0.27	27	73
4027	0.28	28	72
4028	0.28	28	72
4029	0.29	29	71
4030	0.30	30	70
4031	0.31	31	69
4032	0.32	32	68
4033	0.33	33	67
4034	0.34	34	66
4035	0.35	35	65
4036	0.36	36	64
4037	0.37	37	63
4038	0.38	38	62
4039	0.39	39	61
4040	0.40	40	60
4041	0.41	41	59
4042	0.42	42	58
4043	0.43	43	57
4044	0.44	44	56
4045	0.45	45	55
4046	0.46	46	54
4047	0.47	47	53
4048	0.48	48	52
4049	0.49	49	51
4050	0.50	50	50
4051	0.51	51	49
4052	0.52	52	48
4053	0.53	53	47
4054	0.54	54	46
4055	0.55	55	45
4056	0.55	55	45
4057	0.56	56	44
4058	0.57	57	43
4059	0.58	58	42
4060	0.59	59	41
4061	0.60	60	40
4062	0.61	61	39
4063	0.62	62	38
4064	0.63	63	37
4065	0.63	63	37
4066	0.64	64	36
4067	0.64	64	36
4068	0.65	65	35
4069	0.66	66	34
4070	0.67	67	33
4071	0.68	68	32
4072	0.69	69	31
4073	0.70	70	30
4074	0.71	71	29
4075	0.72	72	28
4076	0.73	73	27
4077	0.74	74	26
4078	0.75	75	25
4079	0.76	76	24
4080	0.77	77	23
4081	0.78	78	22
4082	0.79	79	21
4083	0.80	80	20
4084	0.81	81	19
4085	0.82	82	18
4086	0.83	83	17
4087	0.84	84	16
4088	0.85	85	15
4089	0.86	86	14
4090	0.87	87	13
4091	0.88	88	12
4092	0.89	89	11
4093	0.90	90	10
4094	0.91	91	9
4095	0.92	92	8
4096	0.93	93	7
4097	0.94	94	6
4098	0.95	95	5
4099	0.96	96	4
4100	0.96	96	4
4101	0.96	96	4
4102	0.96	96	4
4103	0.96	96	4
4104	0.96	96	4
4105	0.96	96	4
4106	0.96	96	4
4107	0.96	96	4
4108	0.96	96	4
4109	0.96	96	4
4110	0.97	97	3
4111	0.97	97	3
4112	0.97	97	3
4113	0.97	97	3
4114	0.97	97	3
4115	0.97	97	3
4116	0.97	97	3
4117	0.97	97	3
4118	0.98	98	2
4119	0.98	98	2
4120	0.98	98	2
4121	0.98	98	2
4122	0.98	98	2
4123	0.98	98	2
4124	0.98	98	2
4125	0.98	98	2
4126	0.98	98	2
4127	0.98	98	2
4128	0.98	98	2
4129	0.98	98	2
4130	0.98	98	2
4131	0.98	98	2
4132	0.98	98	2
4133	0.98	98	2
4134	0.98	98	2
4135	0.98	98	2
4136	0.98	98	2
4137	0.98	98	2
4138	0.98	98	2
4139	0.98	98	2
4140	0.98	98	2
4141	0.98	98	2
4142	0.98	98	2
4143	0.98	98	2
4144	0.98	98	2
4145	0.98	98	2
4146	0.98	98	2
4147	0.98	98	2
4148	0.98	98	2
4149	0.98	98	2
4150	0.98	98	2
4151	0.98	98	2
4152	0.98	98	2
4153	0.98	98	2
4154	0.98	98	2
4155	0.98	98	2
4156	0.99	99	1
4157	0.99	99	1
4158	0.99	99	1
4159	0.99	99	1
4160	0.99	99	1
4161	0.99	99	1
4162	0.99	99	1
4163	0.99	99	1
4164	0.99	99	1
4165	0.99	99	1
4166	0.99	99	1
4167	1.00	100	0
4168	1.00	100	0
4169	1.00	100	0
4170	1.00	100	0
4171	1.00	100	0
4172	1.00	100	0
4173	1.00	100	0
4174	1.00	100	0
4175	1.00	100	0
4176	1.00	100	0
4177	1.00	100	0
4178	1.00	100	0
4179	1.00	100	0
4180	1.00	100	0
4181	1.00	100	0
4182	1.00	100	0
4183	1.00	100	0
4184	1.00	100	0
4185	1.00	100	0
4186	1.00	100	0
4187	1.00	100	0
4188	1.00	100	0
4189	1.00	100	0
4190	1.00	100	0
4191	1.00	100	0
4192	1.00	100	0
4193	1.00	100	0
4194	1.00	100	0
4195	1.00	100	0
4196	1.00	100	0
4197	1.00	100	0
4198	1.00	100	0
4199	1.00	100	0
4200	1.00	100	0
4201	1.00	100	0
4202	1.00	100	0
4203	1.00	100	0
4204	1.00	100	0
4205	1.00	100	0
4206	1.00	100	0
4207	1.00	100	0
4208	1.00	100	0
4209	1.00	100	0
4210	1.00	100	0
4211	1.00	100	0
4212	1.00	100	0
4213	1.00	100	0
4214	1.00	100	0
4215	1.00	100	0
4216	1.00	100	0
4217	1.00	100	0
4218	1.00	100	0
4219	1.00	100	0
4220	1.00	100	0
4221	1.00	100	0
4222	1.00	100	0
4223	1.00	100	0
4224	1.00	100	0
4225	1.00	100	0
4226	1.00	100	0
4227	1.00	100	0
4228	1.00	100	0
4229	1.00	100	0
4230	1.00	100	0
4231	1.00	100	0
4232	1.00	100	0
4233	1.00	100	0
4234	1.00	100	0
4235	1.00	100	0
4236	0.99	99	1
4237	0.99	99	1
4238	0.99	99	1
4239	0.99	99	1
4240	0.99	99	1
4241	0.99	99	1
4242	0.99	99	1
4243	0.99	99	1
4244	0.99	99	1
4245	0.99	99	1
4246	0.99	99	1
4247	0.99	99	1
4248	0.99	99	1
4249	0.99	99	1
4250	0.99	99	1
4251	0.99	99	1
4252	0.99	99	1
4253	0.99	99	1
4254	0.99	99	1
4255	0.99	99	1
4256	0.99	99	1
4257	0.99	99	1
4258	0.99	99	1
4259	0.99	99	1
4260	0.99	99	1
4261	0.99	99	1
4262	0.99	99	1
4263	0.99	99	1
4264	0.99	99	1
4265	0.99	99	1
4266	0.99	99	1
4267	0.99	99	1
4268	0.99	99	1
4269	0.99	99	1
4270	0.99	99	1
4271	0.99	99	1
4272	0.99	99	1
4273	0.99	99	1
4274	0.99	99	1
4275	0.99	99	1
4276	0.99	99	1
4277	0.99	99	1
4278	0.99	99	1
4279	0.99	99	1
4280	0.99	99	1
4281	0.99	99	1
4282	0.99	99	1
4283	0.99	99	1
4284	0.99	99	1
4285	0.99	99	1
4286	0.99	99	1
4287	0.99	99	1
4288	0.99	99	1
4289	0.99	99	1
4290	0.99	99	1
4291	0.99	99	1
4292	0.99	99	1
4293	0.99	99	1
4294	0.99	99	1
4295	0.99	99	1
4296	0.99	99	1
4297	0.99	99	1
4298	0.99	99	1
4299	0.99	99	1
4300	0.99	99	1
4301	0.99	99	1
4302	0.99	99	1
4303	0.99	99	1
4304	0.99	99	1
4305	0.99	99	1
4306	0.99	99	1
4307	0.99	99	1
4308	0.99	99	1
4309	0.99	99	1
4310	0.99	99	1
4311	0.99	99	1
4312	0.99	99	1
4313	0.99	99	1
4314	0.99	99	1
4315	0.99	99	1
4316	0.99	99	1
4317	0.99	99	1
4318	0.99	99	1
4319	0.99	99	1
4320	0.99	99	1
4321	0.99	99	1
4322	0.99	99	1
4323	0.99	99	1
4324	0.99	99	1
4325	0.99	99	1
4326	0.99	99	1
4327	0.99	99	1
4328	0.99	99	1
4329	0.99	99	1
4330	0.99	99	1
4331	0.99	99	1
4332	0.99	99	1
4333	0.99	99	1
4334	0.99	99	1
4335	0.99	99	1
4336	1.00	100	0
4337	1.00	100	0
4338	1.00	100	0
4339	1.00	100	0
4340	1.00	100	0
4341	1.00	100	0
4342	1.00	100	0
4343	1.00	100	0
4344	1.00	100	0
4345	1.00	100	0
4346	1.00	100	0
4347	1.00	100	0
4348	1.00	100	0
4349	1.00	100	0
4350	1.00	100	0
4351	1.00	100	0
4352	1.00	100	0
4353	1.00	100	0
4354	1.00	100	0
4355	1.00	100	0
4356	1.00	100	0
4357	1.00	100	0
4358	1.00	100	0
4359	0.99	99	1
4360	0.99	99	1
4361	0.99	99	1
4362	0.99	99	1
4363	0.99	99	1
4364	0.99	99	1
4365	0.99	99	1
4366	0.99	99	1
4367	0.99	99	1
4368	0.99	99	1
4369	0.99	99	1
4370	0.99	99	1
4371	0.99	99	1
4372	0.99	99	1
4373	0.99	99	1
4374	0.99	99	1
4375	0.99	99	1
4376	0.99	99	1
4377	0.99	99	1
4378	0.99	99	1
4379	0.99	99	1
4380	0.99	99	1
4381	0.99	99	1
4382	0.99	99	1
4383	0.99	99	1
4384	0.99	99	1
4385	0.99	99	1
4386	0.99	99	1
4387	0.99	99	1
4388	0.99	99	1
4389	0.99	99	1
4390	0.99	99	1
4391	0.99	99	1
4392	0.99	99	1
4393	0.99	99	1
4394	0.99	99	1
4395	0.99	99	1
4396	0.99	99	1
4397	0.99	99	1
4398	0.99	99	1
4399	0.99	99	1
4400	0.99	99	1
4401	0.99	99	1
4402	0.99	99	1
4403	0.99	99	1
4404	0.99	99	1
4405	0.99	99	1
4406	0.99	99	1
4407	0.99	99	1
4408	0.99	99	1
4409	0.99	99	1
4410	0.99	99	1
4411	0.99	99	1
4412	0.99	99	1
4413	0.99	99	1
4414	0.99	99	1
4415	0.99	99	1
4416	0.99	99	1
4417	0.99	99	1
4418	0.99	99	1
4419	0.99	99	1
4420	0.99	99	1
4421	0.99	99	1
4422	0.99	99	1
4423	0.99	99	1
4424	0.99	99	1
4425	0.99	99	1
4426	0.99	99	1
4427	0.99	99	1
4428	0.99	99	1
4429	0.99	99	1
4430	0.99	99	1
4431	0.99	99	1
4432	0.99	99	1
4433	0.99	99	1
4434	0.99	99	1
4435	0.99	99	1
4436	0.99	99	1
4437	0.99	99	1
4438	0.99	99	1
4439	0.99	99	1
4440	0.99	99	1
4441	0.99	99	1
4442	0.99	99	1
4443	0.99	99	1
4444	0.99	99	1
4445	0.99	99	1
4446	0.99	99	1
4447	0.99	99	1
4448	0.99	99	1
4449	0.99	99	1
4450	0.99	99	1
4451	0.99	99	1
4452	0.99	99	1
4453	0.99	99	1
4454	0.99	99	1
4455	0.99	99	1
4456	0.99	99	1
4457	0.99	99	1
4458	0.99	99	1
4459	1.00	100	0
4460	1.00	100	0
4461	1.00	100	0
4462	1.00	100	0
4463	0.99	99	1
4464	0.99	99	1
4465	0.99	99	1
4466	0.99	99	1
4467	0.99	99	1
4468	0.99	99	1
4469	0.99	99	1
4470	0.99	99	1
4471	0.99	99	1
4472	0.99	99	1
4473	0.99	99	1
4474	0.99	99	1
4475	0.99	99	1
4476	0.99	99	1
4477	0.99	99	1
4478	0.99	99	1
4479	0.99	99	1
4480	0.99	99	1
4481	0.99	99	1
4482	0.99	99	1
4483	0.99	99	1
4484	0.99	99	1
4485	0.99	99	1
4486	0.99	99	1
4487	0.99	99	1
4488	0.99	99	1
4489	0.99	99	1
4490	0.99	99	1
4491	0.99	99	1
4492	0.99	99	1
4493	0.99	99	1
4494	0.99	99	1
4495	0.99	99	1
4496	0.99	99	1
4497	0.99	99	1
4498	0.99	99	1
4499	0.99	99	1
4500	0.99	99	1
4501	0.99	99	1
4502	0.99	99	1
4503	0.99	99	1
4504	0.99	99	1
4505	0.99	99	1
4506	0.99	99	1
4507	0.99	99	1
4508	0.99	99	1
4509	0.99	99	1
4510	0.99	99	1
4511	0.99	99	1
4512	0.99	99	1
4513	0.99	99	1
4514	0.99	99	1
4515	0.99	99	1
4516	0.99	99	1
4517	0.99	99	1
4518	0.99	99	1
4519	0.99	99	1
4520	0.99	99	1
4521	0.99	99	1
4522	0.99	99	1
4523	0.99	99	1
4524	0.99	99	1
4525	0.99	99	1
4526	0.99	99	1
4527	0.99	99	1
4528	0.99	99	1
4529	0.99	99	1
4530	0.99	99	1
4531	0.99	99	1
4532	0.99	99	1
4533	0.99	99	1
4534	0.99	99	1
4535	0.99	99	1
4536	0.99	99	1
4537	0.99	99	1
4538	0.99	99	1
4539	0.99	99	1
4540	0.99	99	1
4541	0.99	99	1
4542	0.99	99	1
4543	0.99	99	1
4544	0.99	99	1
4545	0.99	99	1
4546	0.99	99	1
4547	0.99	99	1
4548	0.99	99	1
4549	0.99	99	1
4550	0.99	99	1
4551	0.99	99	1
4552	0.99	99	1
4553	0.99	99	1
4554	0.99	99	1
4555	0.99	99	1
4556	0.99	99	1
4557	0.99	99	1
4558	0.99	99	1
4559	0.99	99	1
4560	0.99	99	1
4561	0.99	99	1
4562	0.99	99	1
4563	1.00	100	0
4564	1.00	100	0
4565	1.00	100	0
4566	1.00	100	0
4567	1.00	100	0
4568	1.00	100	0
4569	1.00	100	0
4570	1.00	100	0
4571	1.00	100	0
4572	1.00	100	0
4573	1.00	100	0
4574	1.00	100	0
4575	1.00	100	0
4576	1.00	100	0
4577	1.00	100	0
4578	1.00	100	0
4579	1.00	100	0
4580	1.00	100	0
4581	1.00	100	0
4582	1.00	100	0
4583	1.00	100	0
4584	1.00	100	0
4585	1.00	100	0
4586	1.00	100	0
4587	1.00	100	0
4588	1.00	100	0
4589	1.00	100	0
4590	1.00	100	0
4591	1.00	100	0
4592	1.00	100	0
4593	1.00	100	0
4594	1.00	100	0
4595	1.00	100	0
4596	1.00	100	0
4597	1.00	100	0
4598	1.00	100	0
4599	1.00	100	0
4600	1.00	100	0
4601	1.00	100	0
4602	1.00	100	0
4603	1.00	100	0
4604	1.00	100	0
4605	1.00	100	0
4606	1.00	100	0
4607	1.00	100	0
4608	1.00	100	0
4609	1.00	100	0
4610	1.00	100	0
4611	1.00	100	0
4612	1.00	100	0
4613	1.00	100	0
4614	1.00	100	0
4615	1.00	100	0
4616	1.00	100	0
4617	1.00	100	0
4618	1.00	100	0
4619	1.00	100	0
4620	1.00	100	0
4621	1.00	100	0
4622	1.00	100	0
4623	1.00	100	0
4624	1.00	100	0
4625	1.00	100	0
4626	1.00	100	0
4627	1.00	100	0
4628	1.00	100	0
4629	1.00	100	0
4630	1.00	100	0
4631	1.00	100	0
4632	1.00	100	0
4633	1.00	100	0
4634	1.00	100	0
4635	1.00	100	0
4636	1.00	100	0
4637	1.00	100	0
4638	1.00	100	0
4639	1.00	100	0
4640	1.00	100	0
4641	1.00	100	0
4642	1.00	100	0
4643	1.00	100	0
4644	1.00	100	0
4645	1.00	100	0
4646	1.00	100	0
4647	1.00	100	0
4648	1.00	100	0
4649	1.00	100	0
4650	1.00	100	0
4651	1.00	100	0
4652	1.00	100	0
4653	1.00	100	0
4654	1.00	100	0
4655	1.00	100	0
4656	1.00	100	0
4657	1.00	100	0
4658	1.00	100	0
4659	1.00	100	0
4660	1.00	100	0
4661	1.00	100	0
4662	1.00	100	0
4663	1.00	100	0
4664	1.00	100	0
4665	1.00	100	0
4666	1.00	100	0
4667	1.00	100	0
4668	1.00	100	0
4669	1.00	100	0
4670	1.00	100	0
4671	1.00	100	0
4672	1.00	100	0
4673	1.00	100	0
4674	1.00	100	0
4675	1.00	100	0
4676	1.00	100	0
4677	1.00	100	0
4678	1.00	100	0
4679	1.00	100	0
4680	1.00	100	0
4681	1.00	100	0
4682	1.00	100	0
4683	1.00	100	0
4684	1.00	100	0
4685	1.00	100	0
4686	1.00	100	0
4687	1.00	100	0
4688	1.00	100	0
4689	1.00	100	0
4690	1.00	100	0
4691	1.00	100	0
4692	1.00	100	0
4693	1.00	100	0
4694	1.00	100	0
4695	1.00	100	0
4696	1.00	100	0
4697	1.00	100	0
4698	1.00	100	0
4699	1.00	100	0
4700	1.00	100	0
4701	1.00	100	0
4702	1.00	100	0
4703	1.00	100	0
4704	1.00	100	0
4705	1.00	100	0
4706	1.00	100	0
4707	1.00	100	0
4708	1.00	100	0
4709	1.00	100	0
4710	0.99	99	1
4711	0.99	99	1
4712	0.99	99	1
4713	0.99	99	1
4714	0.99	99	1
4715	0.99	99	1
4716	0.99	99	1
4717	0.99	99	1
4718	0.99	99	1
4719	0.99	99	1
4720	0.99	99	1
4721	0.99	99	1
4722	0.99	99	1
4723	0.99	99	1
4724	0.99	99	1
4725	0.99	99	1
4726	0.99	99	1
4727	0.99	99	1
4728	0.99	99	1
4729	0.99	99	1
4730	0.99	99	1
4731	0.99	99	1
4732	0.99	99	1
4733	0.99	99	1
4734	0.99	99	1
4735	0.99	99	1
4736	0.99	99	1
4737	0.99	99	1
4738	0.99	99	1
4739	0.99	99	1
4740	0.99	99	1
4741	0.99	99	1
4742	0.99	99	1
4743	0.99	99	1
4744	0.99	99	1
4745	0.99	99	1
4746	0.99	99	1
4747	0.99	99	1
4748	0.99	99	1
4749	0.99	99	1
4750	0.99	99	1
4751	0.99	99	1
4752	0.99	99	1
4753	0.99	99	1
4754	0.99	99	1
4755	0.99	99	1
4756	0.99	99	1
4757	0.99	99	1
4758	0.99	99	1
4759	0.99	99	1
4760	0.99	99	1
4761	0.99	99	1
4762	0.99	99	1
4763	0.99	99	1
4764	0.99	99	1
4765	0.99	99	1
4766	0.99	99	1
4767	0.99	99	1
4768	0.99	99	1
4769	0.99	99	1
4770	0.99	99	1
4771	0.99	99	1
4772	0.99	99	1
4773	0.99	99	1
4774	0.99	99	1
4775	0.99	99	1
4776	0.99	99	1
4777	0.99	99	1
4778	0.99	99	1
4779	0.99	99	1
4780	0.99	99	1
4781	0.99	99	1
4782	0.99	99	1
4783	0.99	99	1
4784	0.99	99	1
4785	0.99	99	1
4786	0.99	99	1
4787	0.99	99	1
4788	0.99	99	1
4789	0.99	99	1
4790	0.99	99	1
4791	0.99	99	1
4792	0.99	99	1
4793	0.99	99	1
4794	0.99	99	1
4795	0.99	99	1
4796	0.99	99	1
4797	0.99	99	1
4798	0.99	99	1
4799	0.99	99	1
4800	0.99	99	1
4801	0.99	99	1
4802	0.99	99	1
4803	0.99	99	1
4804	0.99	99	1
4805	0.99	99	1
4806	0.99	99	1
4807	0.99	99	1
4808	0.99	99	1
4809	0.99	99	1
4810	1.00	100	0
4811	1.00	100	0
4812	1.00	100	0
4813	1.00	100	0
4814	1.00	100	0
4815	1.00	100	0
4816	1.00	100	0
4817	1.00	100	0
4818	1.00	100	0
4819	1.00	100	0
4820	1.00	100	0
4821	1.00	100	0
4822	1.00	100	0
4823	1.00	100	0
4824	1.00	100	0
4825	1.00	100	0
4826	1.00	100	0
4827	1.00	100	0
4828	1.00	100	0
4829	1.00	100	0
4830	1.00	100	0
4831	1.00	100	0
4832	1.00	100	0
4833	1.00	100	0
4834	1.00	100	0
4835	1.00	100	0
4836	1.00	100	0
4837	1.00	100	0
4838	1.00	100	0
4839	1.00	100	0
4840	1.00	100	0
4841	1.00	100	0
4842	1.00	100	0
4843	1.00	100	0
4844	1.00	100	0
4845	1.00	100	0
4846	1.00	100	0
4847	1.00	100	0
4848	1.00	100	0
4849	1.00	100	0
4850	1.00	100	0
4851	1.00	100	0
4852	1.00	100	0
4853	1.00	100	0
4854	1.00	100	0
4855	1.00	100	0
4856	1.00	100	0
4857	1.00	100	0
4858	1.00	100	0
4859	1.00	100	0
4860	1.00	100	0
4861	1.00	100	0
4862	1.00	100	0
4863	1.00	100	0
4864	1.00	100	0
4865	1.00	100	0
4866	1.00	100	0
4867	1.00	100	0
4868	1.00	100	0
4869	1.00	100	0
4870	1.00	100	0
4871	1.00	100	0
4872	1.00	100	0
4873	1.00	100	0
4874	1.00	100	0
4875	1.00	100	0
4876	1.00	100	0
4877	1.00	100	0
4878	1.00	100	0
4879	1.00	100	0
4880	1.00	100	0
4881	1.00	100	0
4882	1.00	100	0
4883	1.00	100	0
4884	1.00	100	0
4885	1.00	100	0
4886	1.00	100	0
4887	1.00	100	0
4888	1.00	100	0
4889	1.00	100	0
4890	1.00	100	0
4891	1.00	100	0
4892	1.00	100	0
4893	1.00	100	0
4894	1.00	100	0
4895	1.00	100	0
4896	1.00	100	0
4897	1.00	100	0
4898	1.00	100	0
4899	1.00	100	0
4900	1.00	100	0
4901	1.00	100	0
4902	1.00	100	0
4903	1.00	100	0
4904	1.00	100	0
4905	1.00	100	0
4906	1.00	100	0
4907	1.00	100	0
4908	1.00	100	0
4909	1.00	100	0
4910	1.00	100	0
4911	1.00	100	0
4912	1.00	100	0
4913	1.00	100	0
4914	1.00	100	0
4915	1.00	100	0
4916	1.00	100	0
4917	1.00	100	0
4918	1.00	100	0
4919	1.00	100	0
4920	1.00	100	0
4921	1.00	100	0
4922	1.00	100	0
4923	1.00	100	0
4924	1.00	100	0
4925	1.00	100	0
4926	1.00	100	0
4927	1.00	100	0
4928	1.00	100	0
4929	1.00	100	0
4930	1.00	100	0
4931	1.00	100	0
4932	1.00	100	0
4933	1.00	100	0
4934	1.00	100	0
4935	1.00	100	0
4936	1.00	100	0
4937	1.00	100	0
4938	1.00	100	0
4939	1.00	100	0
4940	1.00	100	0
4941	1.00	100	0
4942	1.00	100	0
4943	1.00	100	0
4944	1.00	100	0
4945	1.00	100	0
4946	1.00	100	0
4947	1.00	100	0
4948	1.00	100	0
4949	1.00	100	0
4950	1.00	100	0
4951	1.00	100	0
4952	1.00	100	0
4953	1.00	100	0
4954	1.00	100	0
4955	1.00	100	0
4956	1.00	100	0
4957	1.00	100	0
4958	1.00	100	0
4959	1.00	100	0
4960	1.00	100	0
4961	1.00	100	0
4962	1.00	100	0
4963	1.00	100	0
4964	1.00	100	0
4965	1.00	100	0
4966	1.00	100	0
4967	1.00	100	0
4968	1.00	100	0
4969	1.00	100	0
4970	1.00	100	0
4971	1.00	100	0
4972	1.00	100	0
4973	1.00	100	0
4974	1.00	100	0
4975	1.00	100	0
4976	1.00	100	0
4977	1.00	100	0
4978	1.00	100	0
4979	1.00	100	0
4980	1.00	100	0
4981	1.00	100	0
4982	1.00	100	0
4983	1.00	100	0
4984	1.00	100	0
4985	1.00	100	0
4986	1.00	100	0
4987	1.00	100	0
4988	1.00	100	0
4989	1.00	100	0
4990	1.00	100	0
4991	1.00	100	0
4992	1.00	100	0
4993	1.00	100	0
4994	1.00	100	0
4995	1.00	100	0
4996	1.00	100	0
4997	1.00	100	0
4998	1.00	100	0
4999	1.00	100	0
5000	0.01	99	1
5001	0.01	99	1
5002	0.02	98	2
5003	0.03	97	3
5004	0.04	96	4
5005	0.05	95	5
5006	0.06	94	6
5007	0.07	93	7
5008	0.08	92	8
5009	0.09	91	9
5010	0.09	91	9
5011	0.10	90	10
5012	0.11	89	11
5013	0.12	88	12
5014	0.12	88	12
5015	0.13	87	13
5016	0.14	86	14
5017	0.15	85	15
5018	0.16	84	16
5019	0.17	83	17
5020	0.18	82	18
5021	0.19	81	19
5022	0.20	80	20
5023	0.21	79	21
5024	0.22	78	22
5025	0.23	77	23
5026	0.24	76	24
5027	0.25	75	25
5028	0.26	74	26
5029	0.27	73	27
5030	0.28	72	28
5031	0.29	71	29
5032	0.29	71	29
5033	0.30	70	30
5034	0.31	69	31
5035	0.32	68	32
5036	0.33	67	33
5037	0.34	66	34
5038	0.35	65	35
5039	0.36	64	36
5040	0.37	63	37
5041	0.38	62	38
5042	0.39	61	39
5043	0.40	60	40
5044	0.40	60	40
5045	0.41	59	41
5046	0.41	59	41
5047	0.42	58	42
5048	0.43	57	43
5049	0.44	56	44
5050	0.45	55	45
5051	0.46	54	46
5052	0.47	53	47
5053	0.48	52	48
5054	0.49	51	49
5055	0.50	50	50
5056	0.50	50	50
5057	0.51	49	51
5058	0.52	48	52
5059	0.53	47	53
5060	0.54	46	54
5061	0.55	45	55
5062	0.56	44	56
5063	0.57	43	57
5064	0.58	42	58
5065	0.59	41	59
5066	0.60	40	60
5067	0.61	39	61
5068	0.62	38	62
5069	0.63	37	63
5070	0.63	37	63
5071	0.64	36	64
5072	0.65	35	65
5073	0.66	34	66
5074	0.67	33	67
5075	0.68	32	68
5076	0.69	31	69
5077	0.70	30	70
5078	0.71	29	71
5079	0.72	28	72
5080	0.73	27	73
5081	0.74	26	74
5082	0.75	25	75
5083	0.76	24	76
5084	0.77	23	77
5085	0.78	22	78
5086	0.79	21	79
5087	0.80	20	80
5088	0.81	19	81
5089	0.82	18	82
5090	0.83	17	83
5091	0.84	16	84
5092	0.85	15	85
5093	0.86	14	86
5094	0.87	13	87
5095	0.88	12	88
5096	0.89	11	89
5097	0.90	10	90
5098	0.91	9	91
5099	0.92	8	92
5100	0.92	8	92
5101	0.93	7	93
5102	0.93	7	93
5103	0.93	7	93
5104	0.93	7	93
5105	0.93	7	93
5106	0.93	7	93
5107	0.93	7	93
5108	0.93	7	93
5109	0.93	7	93
5110	0.94	6	94
5111	0.94	6	94
5112	0.94	6	94
5113	0.94	6	94
5114	0.95	5	95
5115	0.95	5	95
5116	0.95	5	95
5117	0.95	5	95
5118	0.95	5	95
5119	0.95	5	95
5120	0.95	5	95
5121	0.95	5	95
5122	0.95	5	95
5123	0.95	5	95
5124	0.95	5	95
5125	0.95	5	95
5126	0.95	5	95
5127	0.95	5	95
5128	0.95	5	95
5129	0.95	5	95
5130	0.95	5	95
5131	0.95	5	95
5132	0.96	4	96
5133	0.96	4	96
5134	0.96	4	96
5135	0.96	4	96
5136	0.96	4	96
5137	0.96	4	96
5138	0.96	4	96
5139	0.96	4	96
5140	0.96	4	96
5141	0.96	4	96
5142	0.96	4	96
5143	0.96	4	96
5144	0.97	3	97
5145	0.97	3	97
5146	0.98	2	98
5147	0.98	2	98
5148	0.98	2	98
5149	0.98	2	98
5150	0.98	2	98
5151	0.98	2	98
5152	0.98	2	98
5153	0.98	2	98
5154	0.98	2	98
5155	0.98	2	98
5156	0.99	1	99
5157	0.99	1	99
5158	0.99	1	99
5159	0.99	1	99
5160	0.99	1	99
5161	0.99	1	99
5162	0.99	1	99
5163	0.99	1	99
5164	0.99	1	99
5165	0.99	1	99
5166	0.99	1	99
5167	0.99	1	99
5168	0.99	1	99
5169	0.99	1	99
5170	1.00	0	100
5171	1.00	0	100
5172	1.00	0	100
5173	1.00	0	100
5174	1.00	0	100
5175	1.00	0	100
5176	1.00	0	100
5177	1.00	0	100
5178	1.00	0	100
5179	1.00	0	100
5180	1.00	0	100
5181	1.00	0	100
5182	0.99	1	99
5183	0.99	1	99
5184	0.99	1	99
5185	0.99	1	99
5186	0.99	1	99
5187	0.99	1	99
5188	0.99	1	99
5189	0.99	1	99
5190	0.99	1	99
5191	0.99	1	99
5192	0.99	1	99
5193	0.99	1	99
5194	0.99	1	99
5195	0.99	1	99
5196	0.99	1	99
5197	0.99	1	99
5198	0.99	1	99
5199	0.99	1	99
5200	0.99	1	99
5201	0.99	1	99
5202	0.99	1	99
5203	0.99	1	99
5204	0.99	1	99
5205	0.99	1	99
5206	0.99	1	99
5207	0.99	1	99
5208	0.99	1	99
5209	0.99	1	99
5210	0.99	1	99
5211	0.99	1	99
5212	0.99	1	99
5213	0.99	1	99
5214	0.99	1	99
5215	0.99	1	99
5216	0.99	1	99
5217	0.99	1	99
5218	0.99	1	99
5219	0.99	1	99
5220	0.99	1	99
5221	0.99	1	99
5222	0.99	1	99
5223	0.99	1	99
5224	0.99	1	99
5225	0.99	1	99
5226	0.99	1	99
5227	0.99	1	99
5228	0.99	1	99
5229	0.99	1	99
5230	0.99	1	99
5231	0.99	1	99
5232	0.99	1	99
5233	0.99	1	99
5234	0.99	1	99
5235	0.99	1	99
5236	0.99	1	99
5237	0.99	1	99
5238	0.99	1	99
5239	0.99	1	99
5240	0.99	1	99
5241	0.99	1	99
5242	0.99	1	99
5243	0.99	1	99
5244	0.99	1	99
5245	0.99	1	99
5246	0.99	1	99
5247	0.99	1	99
5248	0.99	1	99
5249	0.99	1	99
5250	0.99	1	99
5251	0.99	1	99
5252	0.99	1	99
5253	0.99	1	99
5254	0.99	1	99
5255	0.99	1	99
5256	0.99	1	99
5257	0.99	1	99
5258	0.99	1	99
5259	0.99	1	99
5260	0.99	1	99
5261	0.99	1	99
5262	0.99	1	99
5263	0.99	1	99
5264	0.99	1	99
5265	0.99	1	99
5266	0.99	1	99
5267	0.99	1	99
5268	0.99	1	99
5269	0.99	1	99
5270	0.99	1	99
5271	0.99	1	99
5272	0.99	1	99
5273	0.99	1	99
5274	0.99	1	99
5275	0.99	1	99
5276	0.99	1	99
5277	0.99	1	99
5278	0.99	1	99
5279	0.99	1	99
5280	0.99	1	99
5281	0.99	1	99
5282	1.00	0	100
5283	1.00	0	100
5284	1.00	0	100
5285	1.00	0	100
5286	1.00	0	100
5287	1.00	0	100
5288	1.00	0	100
5289	1.00	0	100
5290	1.00	0	100
5291	1.00	0	100
5292	1.00	0	100
5293	1.00	0	100
5294	1.00	0	100
5295	1.00	0	100
5296	1.00	0	100
5297	1.00	0	100
5298	1.00	0	100
5299	1.00	0	100
5300	1.00	0	100
5301	1.00	0	100
5302	1.00	0	100
5303	1.00	0	100
5304	1.00	0	100
5305	1.00	0	100
5306	1.00	0	100
5307	1.00	0	100
5308	1.00	0	100
5309	1.00	0	100
5310	1.00	0	100
5311	1.00	0	100
5312	1.00	0	100
5313	1.00	0	100
5314	1.00	0	100
5315	1.00	0	100
5316	1.00	0	100
5317	1.00	0	100
5318	1.00	0	100
5319	1.00	0	100
5320	1.00	0	100
5321	1.00	0	100
5322	1.00	0	100
5323	1.00	0	100
5324	1.00	0	100
5325	1.00	0	100
5326	1.00	0	100
5327	1.00	0	100
5328	1.00	0	100
5329	1.00	0	100
5330	1.00	0	100
5331	1.00	0	100
5332	1.00	0	100
5333	1.00	0	100
5334	1.00	0	100
5335	1.00	0	100
5336	1.00	0	100
5337	1.00	0	100
5338	1.00	0	100
5339	1.00	0	100
5340	1.00	0	100
5341	1.00	0	100
5342	1.00	0	100
5343	1.00	0	100
5344	1.00	0	100
5345	1.00	0	100
5346	1.00	0	100
5347	1.00	0	100
5348	1.00	0	100
5349	1.00	0	100
5350	1.00	0	100
5351	1.00	0	100
5352	1.00	0	100
5353	1.00	0	100
5354	1.00	0	100
5355	1.00	0	100
5356	1.00	0	100
5357	1.00	0	100
5358	1.00	0	100
5359	1.00	0	100
5360	1.00	0	100
5361	1.00	0	100
5362	1.00	0	100
5363	1.00	0	100
5364	1.00	0	100
5365	1.00	0	100
5366	1.00	0	100
5367	1.00	0	100
5368	1.00	0	100
5369	1.00	0	100
5370	1.00	0	100
5371	1.00	0	100
5372	1.00	0	100
5373	1.00	0	100
5374	1.00	0	100
5375	1.00	0	100
5376	1.00	0	100
5377	1.00	0	100
5378	1.00	0	100
5379	1.00	0	100
5380	1.00	0	100
5381	1.00	0	100
5382	1.00	0	100
5383	1.00	0	100
5384	1.00	0	100
5385	1.00	0	100
5386	1.00	0	100
5387	1.00	0	100
5388	1.00	0	100
5389	0.99	1	99
5390	0.99	1	99
5391	0.99	1	99
5392	0.99	1	99
5393	0.99	1	99
5394	0.99	1	99
5395	0.99	1	99
5396	0.99	1	99
5397	0.98	2	98
5398	0.98	2	98
5399	0.98	2	98
5400	0.98	2	98
5401	0.98	2	98
5402	0.98	2	98
5403	0.98	2	98
5404	0.98	2	98
5405	0.98	2	98
5406	0.98	2	98
5407	0.98	2	98
5408	0.98	2	98
5409	0.98	2	98
5410	0.98	2	98
5411	0.98	2	98
5412	0.98	2	98
5413	0.98	2	98
5414	0.98	2	98
5415	0.98	2	98
5416	0.98	2	98
5417	0.98	2	98
5418	0.98	2	98
5419	0.98	2	98
5420	0.98	2	98
5421	0.98	2	98
5422	0.98	2	98
5423	0.98	2	98
5424	0.98	2	98
5425	0.98	2	98
5426	0.98	2	98
5427	0.98	2	98
5428	0.98	2	98
5429	0.98	2	98
5430	0.98	2	98
5431	0.98	2	98
5432	0.98	2	98
5433	0.98	2	98
5434	0.98	2	98
5435	0.98	2	98
5436	0.98	2	98
5437	0.98	2	98
5438	0.98	2	98
5439	0.97	3	97
5440	0.97	3	97
5441	0.97	3	97
5442	0.97	3	97
5443	0.97	3	97
5444	0.97	3	97
5445	0.97	3	97
5446	0.97	3	97
5447	0.97	3	97
5448	0.97	3	97
5449	0.97	3	97
5450	0.97	3	97
5451	0.97	3	97
5452	0.97	3	97
5453	0.97	3	97
5454	0.97	3	97
5455	0.97	3	97
5456	0.97	3	97
5457	0.97	3	97
5458	0.97	3	97
5459	0.97	3	97
5460	0.97	3	97
5461	0.97	3	97
5462	0.97	3	97
5463	0.97	3	97
5464	0.97	3	97
5465	0.97	3	97
5466	0.97	3	97
5467	0.97	3	97
5468	0.97	3	97
5469	0.97	3	97
5470	0.97	3	97
5471	0.97	3	97
5472	0.97	3	97
5473	0.97	3	97
5474	0.97	3	97
5475	0.97	3	97
5476	0.97	3	97
5477	0.97	3	97
5478	0.97	3	97
5479	0.97	3	97
5480	0.97	3	97
5481	0.97	3	97
5482	0.97	3	97
5483	0.97	3	97
5484	0.97	3	97
5485	0.97	3	97
5486	0.97	3	97
5487	0.97	3	97
5488	0.97	3	97
5489	0.98	2	98
5490	0.98	2	98
5491	0.98	2	98
5492	0.98	2	98
5493	0.98	2	98
5494	0.98	2	98
5495	0.98	2	98
5496	0.98	2	98
5497	0.99	1	99
5498	0.99	1	99
5499	0.99	1	99
5500	0.99	1	99
5501	0.99	1	99
5502	0.99	1	99
5503	0.99	1	99
5504	0.99	1	99
5505	0.99	1	99
5506	0.99	1	99
5507	0.99	1	99
5508	0.99	1	99
5509	0.99	1	99
5510	0.99	1	99
5511	0.99	1	99
5512	0.99	1	99
5513	0.99	1	99
5514	0.99	1	99
5515	0.99	1	99
5516	0.99	1	99
5517	0.99	1	99
5518	0.99	1	99
5519	0.99	1	99
5520	0.99	1	99
5521	0.99	1	99
5522	0.99	1	99
5523	0.99	1	99
5524	0.99	1	99
5525	0.99	1	99
5526	0.99	1	99
5527	0.99	1	99
5528	0.99	1	99
5529	0.99	1	99
5530	0.99	1	99
5531	0.99	1	99
5532	0.99	1	99
5533	0.99	1	99
5534	0.99	1	99
5535	0.99	1	99
5536	0.99	1	99
5537	0.99	1	99
5538	0.99	1	99
5539	1.00	0	100
5540	1.00	0	100
5541	1.00	0	100
5542	1.00	0	100
5543	1.00	0	100
5544	1.00	0	100
5545	1.00	0	100
5546	1.00	0	100
5547	1.00	0	100
5548	1.00	0	100
5549	1.00	0	100
5550	1.00	0	100
5551	1.00	0	100
5552	1.00	0	100
5553	1.00	0	100
5554	1.00	0	100
5555	1.00	0	100
5556	1.00	0	100
5557	1.00	0	100
5558	1.00	0	100
5559	1.00	0	100
5560	1.00	0	100
5561	1.00	0	100
5562	1.00	0	100
5563	1.00	0	100
5564	1.00	0	100
5565	1.00	0	100
5566	1.00	0	100
5567	1.00	0	100
5568	1.00	0	100
5569	1.00	0	100
5570	1.00	0	100
5571	1.00	0	100
5572	1.00	0	100
5573	1.00	0	100
5574	1.00	0	100
5575	1.00	0	100
5576	1.00	0	100
5577	1.00	0	100
5578	1.00	0	100
5579	1.00	0	100
5580	1.00	0	100
5581	1.00	0	100
5582	1.00	0	100
5583	1.00	0	100
5584	1.00	0	100
5585	1.00	0	100
5586	1.00	0	100
5587	1.00	0	100
5588	1.00	0	100
5589	1.00	0	100
5590	1.00	0	100
5591	1.00	0	100
5592	1.00	0	100
5593	1.00	0	100
5594	1.00	0	100
5595	1.00	0	100
5596	1.00	0	100
5597	1.00	0	100
5598	1.00	0	100
5599	1.00	0	100
5600	1.00	0	100
5601	1.00	0	100
5602	1.00	0	100
5603	1.00	0	100
5604	0.99	1	99
5605	0.99	1	99
5606	0.99	1	99
5607	0.99	1	99
5608	0.99	1	99
5609	0.99	1	99
5610	0.99	1	99
5611	0.99	1	99
5612	0.99	1	99
5613	0.99	1	99
5614	0.99	1	99
5615	0.99	1	99
5616	0.99	1	99
5617	0.99	1	99
5618	0.99	1	99
5619	0.99	1	99
5620	0.99	1	99
5621	0.99	1	99
5622	0.99	1	99
5623	0.99	1	99
5624	0.99	1	99
5625	0.99	1	99
5626	0.99	1	99
5627	0.99	1	99
5628	0.99	1	99
5629	0.99	1	99
5630	0.99	1	99
5631	0.99	1	99
5632	0.99	1	99
5633	0.99	1	99
5634	0.99	1	99
5635	0.99	1	99
5636	0.99	1	99
5637	0.99	1	99
5638	0.99	1	99
5639	0.99	1	99
5640	0.99	1	99
5641	0.99	1	99
5642	0.99	1	99
5643	0.99	1	99
5644	0.99	1	99
5645	0.99	1	99
5646	0.99	1	99
5647	0.99	1	99
5648	0.99	1	99
5649	0.99	1	99
5650	0.99	1	99
5651	0.99	1	99
5652	0.99	1	99
5653	0.99	1	99
5654	0.99	1	99
5655	0.99	1	99
5656	0.99	1	99
5657	0.99	1	99
5658	0.99	1	99
5659	0.99	1	99
5660	0.99	1	99
5661	0.99	1	99
5662	0.99	1	99
5663	0.99	1	99
5664	0.99	1	99
5665	0.99	1	99
5666	0.99	1	99
5667	0.99	1	99
5668	0.99	1	99
5669	0.99	1	99
5670	0.99	1	99
5671	0.99	1	99
5672	0.99	1	99
5673	0.99	1	99
5674	0.99	1	99
5675	0.99	1	99
5676	0.99	1	99
5677	0.99	1	99
5678	0.98	2	98
5679	0.98	2	98
5680	0.98	2	98
5681	0.98	2	98
5682	0.98	2	98
5683	0.98	2	98
5684	0.98	2	98
5685	0.98	2	98
5686	0.98	2	98
5687	0.98	2	98
5688	0.98	2	98
5689	0.98	2	98
5690	0.98	2	98
5691	0.98	2	98
5692	0.98	2	98
5693	0.98	2	98
5694	0.98	2	98
5695	0.98	2	98
5696	0.98	2	98
5697	0.98	2	98
5698	0.98	2	98
5699	0.98	2	98
5700	0.98	2	98
5701	0.98	2	98
5702	0.98	2	98
5703	0.98	2	98
5704	0.99	1	99
5705	0.99	1	99
5706	0.99	1	99
5707	0.99	1	99
5708	0.99	1	99
5709	0.99	1	99
5710	0.99	1	99
5711	0.99	1	99
5712	0.99	1	99
5713	0.99	1	99
5714	0.99	1	99
5715	0.99	1	99
5716	0.99	1	99
5717	0.99	1	99
5718	0.99	1	99
5719	0.99	1	99
5720	0.99	1	99
5721	0.99	1	99
5722	0.99	1	99
5723	0.99	1	99
5724	0.99	1	99
5725	0.99	1	99
5726	0.99	1	99
5727	0.99	1	99
5728	0.99	1	99
5729	0.99	1	99
5730	0.99	1	99
5731	0.99	1	99
5732	0.99	1	99
5733	0.99	1	99
5734	0.99	1	99
5735	0.99	1	99
5736	0.99	1	99
5737	0.99	1	99
5738	0.99	1	99
5739	0.99	1	99
5740	0.99	1	99
5741	0.99	1	99
5742	0.99	1	99
5743	0.99	1	99
5744	0.99	1	99
5745	0.99	1	99
5746	0.99	1	99
5747	0.99	1	99
5748	0.99	1	99
5749	0.99	1	99
5750	0.99	1	99
5751	0.99	1	99
5752	0.99	1	99
5753	0.99	1	99
5754	0.99	1	99
5755	0.99	1	99
5756	0.99	1	99
5757	0.99	1	99
5758	0.99	1	99
5759	0.99	1	99
5760	0.99	1	99
5761	0.99	1	99
5762	0.99	1	99
5763	0.99	1	99
5764	0.99	1	99
5765	0.99	1	99
5766	0.99	1	99
5767	0.99	1	99
5768	0.99	1	99
5769	0.99	1	99
5770	0.99	1	99
5771	0.99	1	99
5772	0.99	1	99
5773	0.99	1	99
5774	0.99	1	99
5775	0.99	1	99
5776	0.99	1	99
5777	0.99	1	99
5778	1.00	0	100
5779	1.00	0	100
5780	1.00	0	100
5781	1.00	0	100
5782	1.00	0	100
5783	1.00	0	100
5784	1.00	0	100
5785	1.00	0	100
5786	1.00	0	100
5787	1.00	0	100
5788	1.00	0	100
5789	1.00	0	100
5790	1.00	0	100
5791	1.00	0	100
5792	1.00	0	100
5793	1.00	0	100
5794	1.00	0	100
5795	1.00	0	100
5796	1.00	0	100
5797	1.00	0	100
5798	1.00	0	100
5799	1.00	0	100
5800	1.00	0	100
5801	1.00	0	100
5802	1.00	0	100
5803	1.00	0	100
5804	1.00	0	100
5805	1.00	0	100
5806	1.00	0	100
5807	1.00	0	100
5808	1.00	0	100
5809	1.00	0	100
5810	1.00	0	100
5811	1.00	0	100
5812	1.00	0	100
5813	1.00	0	100
5814	1.00	0	100
5815	1.00	0	100
5816	1.00	0	100
5817	1.00	0	100
5818	1.00	0	100
5819	1.00	0	100
5820	1.00	0	100
5821	1.00	0	100
5822	1.00	0	100
5823	1.00	0	100
5824	1.00	0	100
5825	1.00	0	100
5826	1.00	0	100
5827	1.00	0	100
5828	1.00	0	100
5829	1.00	0	100
5830	1.00	0	100
5831	1.00	0	100
5832	1.00	0	100
5833	1.00	0	100
5834	1.00	0	100
5835	1.00	0	100
5836	1.00	0	100
5837	1.00	0	100
5838	1.00	0	100
5839	1.00	0	100
5840	1.00	0	100
5841	1.00	0	100
5842	1.00	0	100
5843	1.00	0	100
5844	1.00	0	100
5845	1.00	0	100
5846	1.00	0	100
5847	1.00	0	100
5848	1.00	0	100
5849	1.00	0	100
5850	1.00	0	100
5851	1.00	0	100
5852	1.00	0	100
5853	1.00	0	100
5854	1.00	0	100
5855	1.00	0	100
5856	1.00	0	100
5857	1.00	0	100
5858	1.00	0	100
5859	1.00	0	100
5860	1.00	0	100
5861	1.00	0	100
5862	1.00	0	100
5863	1.00	0	100
5864	1.00	0	100
5865	1.00	0	100
5866	1.00	0	100
5867	1.00	0	100
5868	1.00	0	100
5869	1.00	0	100
5870	1.00	0	100
5871	1.00	0	100
5872	1.00	0	100
5873	1.00	0	100
5874	1.00	0	100
5875	1.00	0	100
5876	1.00	0	100
5877	1.00	0	100
5878	1.00	0	100
5879	1.00	0	100
5880	1.00	0	100
5881	1.00	0	100
5882	1.00	0	100
5883	1.00	0	100
5884	1.00	0	100
5885	1.00	0	100
5886	1.00	0	100
5887	1.00	0	100
5888	1.00	0	100
5889	1.00	0	100
5890	1.00	0	100
5891	1.00	0	100
5892	1.00	0	100
5893	1.00	0	100
5894	1.00	0	100
5895	1.00	0	100
5896	1.00	0	100
5897	1.00	0	100
5898	1.00	0	100
5899	1.00	0	100
5900	1.00	0	100
5901	1.00	0	100
5902	1.00	0	100
5903	1.00	0	100
5904	1.00	0	100
5905	1.00	0	100
5906	1.00	0	100
5907	1.00	0	100
5908	1.00	0	100
5909	1.00	0	100
5910	1.00	0	100
5911	1.00	0	100
5912	1.00	0	100
5913	1.00	0	100
5914	1.00	0	100
5915	1.00	0	100
5916	1.00	0	100
5917	1.00	0	100
5918	1.00	0	100
5919	1.00	0	100
5920	1.00	0	100
5921	1.00	0	100
5922	1.00	0	100
5923	1.00	0	100
5924	1.00	0	100
5925	1.00	0	100
5926	1.00	0	100
5927	1.00	0	100
5928	1.00	0	100
5929	1.00	0	100
5930	1.00	0	100
5931	1.00	0	100
5932	1.00	0	100
5933	1.00	0	100
5934	1.00	0	100
5935	1.00	0	100
5936	1.00	0	100
5937	1.00	0	100
5938	1.00	0	100
5939	1.00	0	100
5940	1.00	0	100
5941	1.00	0	100
5942	1.00	0	100
5943	1.00	0	100
5944	1.00	0	100
5945	1.00	0	100
5946	1.00	0	100
5947	1.00	0	100
5948	1.00	0	100
5949	1.00	0	100
5950	1.00	0	100
5951	1.00	0	100
5952	1.00	0	100
5953	1.00	0	100
5954	1.00	0	100
5955	1.00	0	100
5956	1.00	0	100
5957	1.00	0	100
5958	1.00	0	100
5959	1.00	0	100
5960	0.99	1	99
5961	0.99	1	99
5962	0.99	1	99
5963	0.99	1	99
5964	0.99	1	99
5965	0.99	1	99
5966	0.99	1	99
5967	0.99	1	99
5968	0.99	1	99
5969	0.99	1	99
5970	0.99	1	99
5971	0.99	1	99
5972	0.99	1	99
5973	0.99	1	99
5974	0.99	1	99
5975	0.99	1	99
5976	0.99	1	99
5977	0.99	1	99
5978	0.99	1	99
5979	0.99	1	99
5980	0.99	1	99
5981	0.99	1	99
5982	0.99	1	99
5983	0.99	1	99
5984	0.99	1	99
5985	0.99	1	99
5986	0.99	1	99
5987	0.99	1	99
5988	0.99	1	99
5989	0.99	1	99
5990	0.99	1	99
5991	0.99	1	99
5992	0.99	1	99
5993	0.99	1	99
5994	0.99	1	99
5995	0.99	1	99
5996	0.99	1	99
5997	0.99	1	99
5998	0.99	1	99
5999	0.99	1	99
