timestep	swarm_quality	color_0	color_1
0	0.70	70	30
1	0.70	70	30
2	0.70	70	30
3	0.69	69	31
4	0.68	68	32
5	0.68	68	32
6	0.68	68	32
7	0.68	68	32
8	0.67	67	33
9	0.66	66	34
10	0.66	66	34
11	0.66	66	34
12	0.66	66	34
13	0.66	66	34
14	0.66	66	34
15	0.66	66	34
16	0.66	66	34
17	0.66	66	34
18	0.66	66	34
19	0.65	65	35
20	0.64	64	36
21	0.64	64	36
22	0.64	64	36
23	0.64	64	36
24	0.63	63	37
25	0.63	63	37
26	0.63	63	37
27	0.62	62	38
28	0.62	62	38
29	0.62	62	38
30	0.62	62	38
31	0.62	62	38
32	0.62	62	38
33	0.61	61	39
34	0.60	60	40
35	0.59	59	41
36	0.59	59	41
37	0.59	59	41
38	0.59	59	41
39	0.58	58	42
40	0.58	58	42
41	0.58	58	42
42	0.58	58	42
43	0.58	58	42
44	0.58	58	42
45	0.58	58	42
46	0.57	57	43
47	0.57	57	43
48	0.57	57	43
49	0.56	56	44
50	0.56	56	44
51	0.56	56	44
52	0.56	56	44
53	0.56	56	44
54	0.56	56	44
55	0.56	56	44
56	0.56	56	44
57	0.56	56	44
58	0.56	56	44
59	0.56	56	44
60	0.56	56	44
61	0.56	56	44
62	0.56	56	44
63	0.56	56	44
64	0.55	55	45
65	0.55	55	45
66	0.55	55	45
67	0.55	55	45
68	0.55	55	45
69	0.55	55	45
70	0.56	56	44
71	0.57	57	43
72	0.57	57	43
73	0.57	57	43
74	0.58	58	42
75	0.58	58	42
76	0.58	58	42
77	0.59	59	41
78	0.60	60	40
79	0.61	61	39
80	0.62	62	38
81	0.62	62	38
82	0.63	63	37
83	0.64	64	36
84	0.65	65	35
85	0.66	66	34
86	0.67	67	33
87	0.67	67	33
88	0.68	68	32
89	0.69	69	31
90	0.70	70	30
91	0.71	71	29
92	0.72	72	28
93	0.73	73	27
94	0.73	73	27
95	0.73	73	27
96	0.74	74	26
97	0.75	75	25
98	0.76	76	24
99	0.76	76	24
100	0.76	76	24
101	0.76	76	24
102	0.76	76	24
103	0.77	77	23
104	0.78	78	22
105	0.78	78	22
106	0.78	78	22
107	0.77	77	23
108	0.77	77	23
109	0.78	78	22
110	0.78	78	22
111	0.78	78	22
112	0.78	78	22
113	0.78	78	22
114	0.78	78	22
115	0.78	78	22
116	0.77	77	23
117	0.77	77	23
118	0.77	77	23
119	0.77	77	23
120	0.78	78	22
121	0.78	78	22
122	0.78	78	22
123	0.78	78	22
124	0.79	79	21
125	0.79	79	21
126	0.79	79	21
127	0.80	80	20
128	0.80	80	20
129	0.80	80	20
130	0.80	80	20
131	0.80	80	20
132	0.80	80	20
133	0.80	80	20
134	0.80	80	20
135	0.81	81	19
136	0.81	81	19
137	0.80	80	20
138	0.80	80	20
139	0.81	81	19
140	0.81	81	19
141	0.81	81	19
142	0.81	81	19
143	0.81	81	19
144	0.81	81	19
145	0.81	81	19
146	0.82	82	18
147	0.81	81	19
148	0.81	81	19
149	0.82	82	18
150	0.81	81	19
151	0.80	80	20
152	0.80	80	20
153	0.80	80	20
154	0.80	80	20
155	0.80	80	20
156	0.80	80	20
157	0.80	80	20
158	0.80	80	20
159	0.80	80	20
160	0.80	80	20
161	0.80	80	20
162	0.79	79	21
163	0.78	78	22
164	0.79	79	21
165	0.79	79	21
166	0.79	79	21
167	0.79	79	21
168	0.79	79	21
169	0.79	79	21
170	0.79	79	21
171	0.79	79	21
172	0.80	80	20
173	0.81	81	19
174	0.81	81	19
175	0.81	81	19
176	0.82	82	18
177	0.82	82	18
178	0.81	81	19
179	0.81	81	19
180	0.80	80	20
181	0.81	81	19
182	0.81	81	19
183	0.81	81	19
184	0.81	81	19
185	0.81	81	19
186	0.80	80	20
187	0.80	80	20
188	0.79	79	21
189	0.79	79	21
190	0.79	79	21
191	0.79	79	21
192	0.79	79	21
193	0.79	79	21
194	0.80	80	20
195	0.81	81	19
196	0.81	81	19
197	0.81	81	19
198	0.81	81	19
199	0.81	81	19
200	0.81	81	19
201	0.81	81	19
202	0.81	81	19
203	0.81	81	19
204	0.81	81	19
205	0.81	81	19
206	0.81	81	19
207	0.82	82	18
208	0.83	83	17
209	0.83	83	17
210	0.83	83	17
211	0.83	83	17
212	0.83	83	17
213	0.82	82	18
214	0.82	82	18
215	0.81	81	19
216	0.82	82	18
217	0.81	81	19
218	0.81	81	19
219	0.82	82	18
220	0.82	82	18
221	0.82	82	18
222	0.82	82	18
223	0.81	81	19
224	0.81	81	19
225	0.80	80	20
226	0.80	80	20
227	0.80	80	20
228	0.80	80	20
229	0.79	79	21
230	0.79	79	21
231	0.79	79	21
232	0.79	79	21
233	0.79	79	21
234	0.80	80	20
235	0.80	80	20
236	0.79	79	21
237	0.80	80	20
238	0.80	80	20
239	0.80	80	20
240	0.80	80	20
241	0.79	79	21
242	0.79	79	21
243	0.79	79	21
244	0.79	79	21
245	0.78	78	22
246	0.78	78	22
247	0.79	79	21
248	0.79	79	21
249	0.78	78	22
250	0.79	79	21
251	0.80	80	20
252	0.80	80	20
253	0.79	79	21
254	0.79	79	21
255	0.78	78	22
256	0.78	78	22
257	0.78	78	22
258	0.78	78	22
259	0.78	78	22
260	0.78	78	22
261	0.78	78	22
262	0.79	79	21
263	0.80	80	20
264	0.80	80	20
265	0.79	79	21
266	0.79	79	21
267	0.79	79	21
268	0.79	79	21
269	0.79	79	21
270	0.79	79	21
271	0.79	79	21
272	0.79	79	21
273	0.78	78	22
274	0.78	78	22
275	0.78	78	22
276	0.78	78	22
277	0.78	78	22
278	0.79	79	21
279	0.79	79	21
280	0.80	80	20
281	0.80	80	20
282	0.79	79	21
283	0.79	79	21
284	0.79	79	21
285	0.79	79	21
286	0.80	80	20
287	0.81	81	19
288	0.82	82	18
289	0.81	81	19
290	0.81	81	19
291	0.81	81	19
292	0.81	81	19
293	0.80	80	20
294	0.80	80	20
295	0.80	80	20
296	0.80	80	20
297	0.79	79	21
298	0.79	79	21
299	0.80	80	20
300	0.80	80	20
301	0.79	79	21
302	0.78	78	22
303	0.78	78	22
304	0.77	77	23
305	0.76	76	24
306	0.76	76	24
307	0.76	76	24
308	0.76	76	24
309	0.76	76	24
310	0.76	76	24
311	0.75	75	25
312	0.75	75	25
313	0.76	76	24
314	0.76	76	24
315	0.77	77	23
316	0.77	77	23
317	0.77	77	23
318	0.76	76	24
319	0.76	76	24
320	0.75	75	25
321	0.75	75	25
322	0.75	75	25
323	0.76	76	24
324	0.75	75	25
325	0.76	76	24
326	0.76	76	24
327	0.75	75	25
328	0.75	75	25
329	0.76	76	24
330	0.75	75	25
331	0.75	75	25
332	0.75	75	25
333	0.76	76	24
334	0.75	75	25
335	0.75	75	25
336	0.76	76	24
337	0.76	76	24
338	0.76	76	24
339	0.76	76	24
340	0.76	76	24
341	0.77	77	23
342	0.76	76	24
343	0.76	76	24
344	0.75	75	25
345	0.76	76	24
346	0.76	76	24
347	0.76	76	24
348	0.76	76	24
349	0.76	76	24
350	0.76	76	24
351	0.76	76	24
352	0.76	76	24
353	0.77	77	23
354	0.77	77	23
355	0.77	77	23
356	0.77	77	23
357	0.77	77	23
358	0.77	77	23
359	0.77	77	23
360	0.77	77	23
361	0.77	77	23
362	0.76	76	24
363	0.75	75	25
364	0.75	75	25
365	0.75	75	25
366	0.75	75	25
367	0.74	74	26
368	0.73	73	27
369	0.73	73	27
370	0.73	73	27
371	0.73	73	27
372	0.72	72	28
373	0.73	73	27
374	0.73	73	27
375	0.73	73	27
376	0.73	73	27
377	0.73	73	27
378	0.73	73	27
379	0.73	73	27
380	0.73	73	27
381	0.73	73	27
382	0.74	74	26
383	0.74	74	26
384	0.74	74	26
385	0.74	74	26
386	0.74	74	26
387	0.73	73	27
388	0.73	73	27
389	0.74	74	26
390	0.74	74	26
391	0.74	74	26
392	0.74	74	26
393	0.75	75	25
394	0.75	75	25
395	0.75	75	25
396	0.75	75	25
397	0.76	76	24
398	0.76	76	24
399	0.76	76	24
400	0.76	76	24
401	0.77	77	23
402	0.77	77	23
403	0.77	77	23
404	0.78	78	22
405	0.79	79	21
406	0.79	79	21
407	0.78	78	22
408	0.78	78	22
409	0.78	78	22
410	0.78	78	22
411	0.79	79	21
412	0.79	79	21
413	0.79	79	21
414	0.78	78	22
415	0.78	78	22
416	0.78	78	22
417	0.79	79	21
418	0.80	80	20
419	0.80	80	20
420	0.81	81	19
421	0.80	80	20
422	0.80	80	20
423	0.79	79	21
424	0.80	80	20
425	0.80	80	20
426	0.79	79	21
427	0.80	80	20
428	0.79	79	21
429	0.79	79	21
430	0.80	80	20
431	0.80	80	20
432	0.80	80	20
433	0.80	80	20
434	0.81	81	19
435	0.80	80	20
436	0.80	80	20
437	0.80	80	20
438	0.80	80	20
439	0.80	80	20
440	0.80	80	20
441	0.79	79	21
442	0.79	79	21
443	0.79	79	21
444	0.80	80	20
445	0.80	80	20
446	0.80	80	20
447	0.80	80	20
448	0.80	80	20
449	0.81	81	19
450	0.81	81	19
451	0.81	81	19
452	0.81	81	19
453	0.81	81	19
454	0.81	81	19
455	0.81	81	19
456	0.81	81	19
457	0.81	81	19
458	0.81	81	19
459	0.81	81	19
460	0.81	81	19
461	0.81	81	19
462	0.82	82	18
463	0.83	83	17
464	0.83	83	17
465	0.84	84	16
466	0.84	84	16
467	0.85	85	15
468	0.85	85	15
469	0.85	85	15
470	0.85	85	15
471	0.84	84	16
472	0.85	85	15
473	0.85	85	15
474	0.85	85	15
475	0.86	86	14
476	0.86	86	14
477	0.85	85	15
478	0.85	85	15
479	0.84	84	16
480	0.84	84	16
481	0.84	84	16
482	0.84	84	16
483	0.83	83	17
484	0.83	83	17
485	0.83	83	17
486	0.83	83	17
487	0.84	84	16
488	0.84	84	16
489	0.84	84	16
490	0.84	84	16
491	0.83	83	17
492	0.83	83	17
493	0.83	83	17
494	0.83	83	17
495	0.83	83	17
496	0.83	83	17
497	0.82	82	18
498	0.82	82	18
499	0.81	81	19
500	0.81	81	19
501	0.80	80	20
502	0.81	81	19
503	0.81	81	19
504	0.81	81	19
505	0.81	81	19
506	0.81	81	19
507	0.82	82	18
508	0.82	82	18
509	0.82	82	18
510	0.81	81	19
511	0.81	81	19
512	0.80	80	20
513	0.79	79	21
514	0.79	79	21
515	0.78	78	22
516	0.78	78	22
517	0.78	78	22
518	0.78	78	22
519	0.78	78	22
520	0.78	78	22
521	0.78	78	22
522	0.78	78	22
523	0.79	79	21
524	0.79	79	21
525	0.79	79	21
526	0.80	80	20
527	0.80	80	20
528	0.81	81	19
529	0.81	81	19
530	0.81	81	19
531	0.81	81	19
532	0.81	81	19
533	0.81	81	19
534	0.81	81	19
535	0.82	82	18
536	0.82	82	18
537	0.82	82	18
538	0.82	82	18
539	0.82	82	18
540	0.82	82	18
541	0.83	83	17
542	0.84	84	16
543	0.84	84	16
544	0.83	83	17
545	0.83	83	17
546	0.82	82	18
547	0.82	82	18
548	0.82	82	18
549	0.82	82	18
550	0.82	82	18
551	0.82	82	18
552	0.82	82	18
553	0.81	81	19
554	0.80	80	20
555	0.81	81	19
556	0.81	81	19
557	0.80	80	20
558	0.79	79	21
559	0.79	79	21
560	0.79	79	21
561	0.79	79	21
562	0.79	79	21
563	0.79	79	21
564	0.79	79	21
565	0.78	78	22
566	0.77	77	23
567	0.77	77	23
568	0.78	78	22
569	0.78	78	22
570	0.78	78	22
571	0.79	79	21
572	0.78	78	22
573	0.78	78	22
574	0.78	78	22
575	0.78	78	22
576	0.78	78	22
577	0.78	78	22
578	0.78	78	22
579	0.78	78	22
580	0.78	78	22
581	0.78	78	22
582	0.78	78	22
583	0.78	78	22
584	0.78	78	22
585	0.78	78	22
586	0.77	77	23
587	0.77	77	23
588	0.77	77	23
589	0.77	77	23
590	0.76	76	24
591	0.76	76	24
592	0.75	75	25
593	0.75	75	25
594	0.74	74	26
595	0.74	74	26
596	0.74	74	26
597	0.75	75	25
598	0.75	75	25
599	0.76	76	24
600	0.76	76	24
601	0.77	77	23
602	0.77	77	23
603	0.77	77	23
604	0.77	77	23
605	0.77	77	23
606	0.77	77	23
607	0.77	77	23
608	0.77	77	23
609	0.76	76	24
610	0.77	77	23
611	0.77	77	23
612	0.78	78	22
613	0.79	79	21
614	0.80	80	20
615	0.80	80	20
616	0.79	79	21
617	0.79	79	21
618	0.78	78	22
619	0.78	78	22
620	0.78	78	22
621	0.78	78	22
622	0.78	78	22
623	0.78	78	22
624	0.78	78	22
625	0.78	78	22
626	0.77	77	23
627	0.76	76	24
628	0.76	76	24
629	0.76	76	24
630	0.75	75	25
631	0.75	75	25
632	0.75	75	25
633	0.74	74	26
634	0.74	74	26
635	0.74	74	26
636	0.74	74	26
637	0.73	73	27
638	0.72	72	28
639	0.72	72	28
640	0.72	72	28
641	0.71	71	29
642	0.71	71	29
643	0.71	71	29
644	0.72	72	28
645	0.72	72	28
646	0.73	73	27
647	0.73	73	27
648	0.72	72	28
649	0.72	72	28
650	0.72	72	28
651	0.72	72	28
652	0.72	72	28
653	0.73	73	27
654	0.74	74	26
655	0.74	74	26
656	0.73	73	27
657	0.74	74	26
658	0.75	75	25
659	0.75	75	25
660	0.75	75	25
661	0.74	74	26
662	0.74	74	26
663	0.74	74	26
664	0.74	74	26
665	0.75	75	25
666	0.76	76	24
667	0.76	76	24
668	0.75	75	25
669	0.75	75	25
670	0.75	75	25
671	0.75	75	25
672	0.76	76	24
673	0.76	76	24
674	0.76	76	24
675	0.75	75	25
676	0.75	75	25
677	0.75	75	25
678	0.74	74	26
679	0.75	75	25
680	0.75	75	25
681	0.75	75	25
682	0.75	75	25
683	0.76	76	24
684	0.76	76	24
685	0.76	76	24
686	0.77	77	23
687	0.77	77	23
688	0.77	77	23
689	0.77	77	23
690	0.78	78	22
691	0.78	78	22
692	0.79	79	21
693	0.78	78	22
694	0.78	78	22
695	0.78	78	22
696	0.78	78	22
697	0.78	78	22
698	0.78	78	22
699	0.78	78	22
700	0.78	78	22
701	0.78	78	22
702	0.78	78	22
703	0.77	77	23
704	0.77	77	23
705	0.77	77	23
706	0.77	77	23
707	0.77	77	23
708	0.76	76	24
709	0.77	77	23
710	0.77	77	23
711	0.77	77	23
712	0.76	76	24
713	0.76	76	24
714	0.76	76	24
715	0.77	77	23
716	0.78	78	22
717	0.78	78	22
718	0.79	79	21
719	0.79	79	21
720	0.79	79	21
721	0.79	79	21
722	0.79	79	21
723	0.79	79	21
724	0.79	79	21
725	0.79	79	21
726	0.80	80	20
727	0.81	81	19
728	0.81	81	19
729	0.81	81	19
730	0.81	81	19
731	0.80	80	20
732	0.80	80	20
733	0.81	81	19
734	0.81	81	19
735	0.81	81	19
736	0.81	81	19
737	0.82	82	18
738	0.83	83	17
739	0.83	83	17
740	0.82	82	18
741	0.83	83	17
742	0.83	83	17
743	0.83	83	17
744	0.83	83	17
745	0.83	83	17
746	0.83	83	17
747	0.83	83	17
748	0.83	83	17
749	0.83	83	17
750	0.82	82	18
751	0.82	82	18
752	0.82	82	18
753	0.82	82	18
754	0.82	82	18
755	0.82	82	18
756	0.83	83	17
757	0.83	83	17
758	0.83	83	17
759	0.83	83	17
760	0.83	83	17
761	0.84	84	16
762	0.84	84	16
763	0.84	84	16
764	0.84	84	16
765	0.84	84	16
766	0.84	84	16
767	0.84	84	16
768	0.84	84	16
769	0.84	84	16
770	0.84	84	16
771	0.84	84	16
772	0.84	84	16
773	0.83	83	17
774	0.83	83	17
775	0.84	84	16
776	0.84	84	16
777	0.85	85	15
778	0.85	85	15
779	0.85	85	15
780	0.85	85	15
781	0.85	85	15
782	0.85	85	15
783	0.85	85	15
784	0.85	85	15
785	0.85	85	15
786	0.85	85	15
787	0.85	85	15
788	0.85	85	15
789	0.85	85	15
790	0.85	85	15
791	0.85	85	15
792	0.84	84	16
793	0.85	85	15
794	0.86	86	14
795	0.86	86	14
796	0.86	86	14
797	0.86	86	14
798	0.85	85	15
799	0.85	85	15
800	0.85	85	15
801	0.85	85	15
802	0.84	84	16
803	0.85	85	15
804	0.84	84	16
805	0.84	84	16
806	0.84	84	16
807	0.84	84	16
808	0.85	85	15
809	0.85	85	15
810	0.85	85	15
811	0.84	84	16
812	0.85	85	15
813	0.85	85	15
814	0.85	85	15
815	0.84	84	16
816	0.84	84	16
817	0.83	83	17
818	0.83	83	17
819	0.83	83	17
820	0.83	83	17
821	0.84	84	16
822	0.83	83	17
823	0.83	83	17
824	0.83	83	17
825	0.83	83	17
826	0.83	83	17
827	0.83	83	17
828	0.82	82	18
829	0.81	81	19
830	0.82	82	18
831	0.83	83	17
832	0.83	83	17
833	0.83	83	17
834	0.83	83	17
835	0.83	83	17
836	0.83	83	17
837	0.83	83	17
838	0.83	83	17
839	0.82	82	18
840	0.83	83	17
841	0.83	83	17
842	0.83	83	17
843	0.83	83	17
844	0.83	83	17
845	0.83	83	17
846	0.83	83	17
847	0.83	83	17
848	0.84	84	16
849	0.84	84	16
850	0.84	84	16
851	0.84	84	16
852	0.84	84	16
853	0.84	84	16
854	0.84	84	16
855	0.84	84	16
856	0.84	84	16
857	0.84	84	16
858	0.84	84	16
859	0.84	84	16
860	0.84	84	16
861	0.84	84	16
862	0.84	84	16
863	0.84	84	16
864	0.84	84	16
865	0.84	84	16
866	0.84	84	16
867	0.84	84	16
868	0.85	85	15
869	0.85	85	15
870	0.85	85	15
871	0.85	85	15
872	0.85	85	15
873	0.86	86	14
874	0.86	86	14
875	0.86	86	14
876	0.86	86	14
877	0.86	86	14
878	0.87	87	13
879	0.87	87	13
880	0.87	87	13
881	0.86	86	14
882	0.86	86	14
883	0.86	86	14
884	0.86	86	14
885	0.86	86	14
886	0.85	85	15
887	0.85	85	15
888	0.85	85	15
889	0.85	85	15
890	0.85	85	15
891	0.86	86	14
892	0.87	87	13
893	0.87	87	13
894	0.87	87	13
895	0.87	87	13
896	0.87	87	13
897	0.87	87	13
898	0.88	88	12
899	0.88	88	12
900	0.88	88	12
901	0.87	87	13
902	0.88	88	12
903	0.88	88	12
904	0.89	89	11
905	0.89	89	11
906	0.89	89	11
907	0.89	89	11
908	0.89	89	11
909	0.88	88	12
910	0.88	88	12
911	0.89	89	11
912	0.89	89	11
913	0.89	89	11
914	0.89	89	11
915	0.90	90	10
916	0.90	90	10
917	0.90	90	10
918	0.90	90	10
919	0.90	90	10
920	0.90	90	10
921	0.90	90	10
922	0.91	91	9
923	0.91	91	9
924	0.91	91	9
925	0.91	91	9
926	0.90	90	10
927	0.89	89	11
928	0.90	90	10
929	0.91	91	9
930	0.91	91	9
931	0.91	91	9
932	0.91	91	9
933	0.90	90	10
934	0.90	90	10
935	0.89	89	11
936	0.88	88	12
937	0.88	88	12
938	0.87	87	13
939	0.88	88	12
940	0.88	88	12
941	0.87	87	13
942	0.86	86	14
943	0.86	86	14
944	0.85	85	15
945	0.85	85	15
946	0.85	85	15
947	0.84	84	16
948	0.84	84	16
949	0.84	84	16
950	0.85	85	15
951	0.84	84	16
952	0.84	84	16
953	0.84	84	16
954	0.84	84	16
955	0.84	84	16
956	0.84	84	16
957	0.84	84	16
958	0.84	84	16
959	0.84	84	16
960	0.84	84	16
961	0.83	83	17
962	0.83	83	17
963	0.83	83	17
964	0.83	83	17
965	0.83	83	17
966	0.83	83	17
967	0.83	83	17
968	0.83	83	17
969	0.83	83	17
970	0.83	83	17
971	0.83	83	17
972	0.82	82	18
973	0.81	81	19
974	0.81	81	19
975	0.81	81	19
976	0.80	80	20
977	0.80	80	20
978	0.80	80	20
979	0.79	79	21
980	0.78	78	22
981	0.78	78	22
982	0.77	77	23
983	0.77	77	23
984	0.77	77	23
985	0.77	77	23
986	0.78	78	22
987	0.78	78	22
988	0.78	78	22
989	0.77	77	23
990	0.77	77	23
991	0.76	76	24
992	0.76	76	24
993	0.76	76	24
994	0.76	76	24
995	0.76	76	24
996	0.75	75	25
997	0.75	75	25
998	0.75	75	25
999	0.75	75	25
1000	0.25	75	25
1001	0.24	76	24
1002	0.25	75	25
1003	0.25	75	25
1004	0.26	74	26
1005	0.27	73	27
1006	0.28	72	28
1007	0.28	72	28
1008	0.28	72	28
1009	0.28	72	28
1010	0.29	71	29
1011	0.30	70	30
1012	0.31	69	31
1013	0.32	68	32
1014	0.32	68	32
1015	0.32	68	32
1016	0.33	67	33
1017	0.33	67	33
1018	0.34	66	34
1019	0.34	66	34
1020	0.35	65	35
1021	0.36	64	36
1022	0.36	64	36
1023	0.36	64	36
1024	0.37	63	37
1025	0.38	62	38
1026	0.37	63	37
1027	0.37	63	37
1028	0.37	63	37
1029	0.38	62	38
1030	0.39	61	39
1031	0.40	60	40
1032	0.41	59	41
1033	0.41	59	41
1034	0.42	58	42
1035	0.42	58	42
1036	0.41	59	41
1037	0.42	58	42
1038	0.42	58	42
1039	0.43	57	43
1040	0.44	56	44
1041	0.44	56	44
1042	0.44	56	44
1043	0.44	56	44
1044	0.44	56	44
1045	0.45	55	45
1046	0.46	54	46
1047	0.46	54	46
1048	0.46	54	46
1049	0.47	53	47
1050	0.48	52	48
1051	0.47	53	47
1052	0.48	52	48
1053	0.49	51	49
1054	0.50	50	50
1055	0.51	49	51
1056	0.52	48	52
1057	0.53	47	53
1058	0.54	46	54
1059	0.55	45	55
1060	0.56	44	56
1061	0.56	44	56
1062	0.57	43	57
1063	0.58	42	58
1064	0.59	41	59
1065	0.60	40	60
1066	0.61	39	61
1067	0.62	38	62
1068	0.63	37	63
1069	0.64	36	64
1070	0.65	35	65
1071	0.66	34	66
1072	0.65	35	65
1073	0.65	35	65
1074	0.66	34	66
1075	0.67	33	67
1076	0.67	33	67
1077	0.67	33	67
1078	0.68	32	68
1079	0.68	32	68
1080	0.68	32	68
1081	0.68	32	68
1082	0.68	32	68
1083	0.69	31	69
1084	0.70	30	70
1085	0.70	30	70
1086	0.71	29	71
1087	0.71	29	71
1088	0.72	28	72
1089	0.72	28	72
1090	0.73	27	73
1091	0.73	27	73
1092	0.74	26	74
1093	0.75	25	75
1094	0.76	24	76
1095	0.77	23	77
1096	0.77	23	77
1097	0.77	23	77
1098	0.78	22	78
1099	0.78	22	78
1100	0.79	21	79
1101	0.80	20	80
1102	0.79	21	79
1103	0.80	20	80
1104	0.80	20	80
1105	0.80	20	80
1106	0.80	20	80
1107	0.80	20	80
1108	0.81	19	81
1109	0.80	20	80
1110	0.80	20	80
1111	0.80	20	80
1112	0.80	20	80
1113	0.80	20	80
1114	0.81	19	81
1115	0.82	18	82
1116	0.82	18	82
1117	0.82	18	82
1118	0.82	18	82
1119	0.83	17	83
1120	0.83	17	83
1121	0.83	17	83
1122	0.84	16	84
1123	0.85	15	85
1124	0.85	15	85
1125	0.84	16	84
1126	0.85	15	85
1127	0.85	15	85
1128	0.86	14	86
1129	0.86	14	86
1130	0.86	14	86
1131	0.85	15	85
1132	0.84	16	84
1133	0.84	16	84
1134	0.84	16	84
1135	0.84	16	84
1136	0.85	15	85
1137	0.85	15	85
1138	0.85	15	85
1139	0.85	15	85
1140	0.85	15	85
1141	0.85	15	85
1142	0.84	16	84
1143	0.85	15	85
1144	0.85	15	85
1145	0.85	15	85
1146	0.84	16	84
1147	0.84	16	84
1148	0.84	16	84
1149	0.84	16	84
1150	0.84	16	84
1151	0.85	15	85
1152	0.84	16	84
1153	0.84	16	84
1154	0.84	16	84
1155	0.84	16	84
1156	0.84	16	84
1157	0.84	16	84
1158	0.84	16	84
1159	0.84	16	84
1160	0.84	16	84
1161	0.84	16	84
1162	0.84	16	84
1163	0.84	16	84
1164	0.84	16	84
1165	0.84	16	84
1166	0.84	16	84
1167	0.84	16	84
1168	0.84	16	84
1169	0.84	16	84
1170	0.84	16	84
1171	0.84	16	84
1172	0.85	15	85
1173	0.85	15	85
1174	0.84	16	84
1175	0.84	16	84
1176	0.83	17	83
1177	0.84	16	84
1178	0.84	16	84
1179	0.84	16	84
1180	0.83	17	83
1181	0.82	18	82
1182	0.82	18	82
1183	0.81	19	81
1184	0.81	19	81
1185	0.82	18	82
1186	0.82	18	82
1187	0.83	17	83
1188	0.83	17	83
1189	0.82	18	82
1190	0.82	18	82
1191	0.82	18	82
1192	0.81	19	81
1193	0.81	19	81
1194	0.81	19	81
1195	0.80	20	80
1196	0.80	20	80
1197	0.81	19	81
1198	0.81	19	81
1199	0.82	18	82
1200	0.82	18	82
1201	0.82	18	82
1202	0.82	18	82
1203	0.81	19	81
1204	0.81	19	81
1205	0.81	19	81
1206	0.81	19	81
1207	0.82	18	82
1208	0.82	18	82
1209	0.82	18	82
1210	0.81	19	81
1211	0.81	19	81
1212	0.81	19	81
1213	0.81	19	81
1214	0.81	19	81
1215	0.81	19	81
1216	0.81	19	81
1217	0.80	20	80
1218	0.80	20	80
1219	0.80	20	80
1220	0.80	20	80
1221	0.80	20	80
1222	0.80	20	80
1223	0.80	20	80
1224	0.80	20	80
1225	0.81	19	81
1226	0.81	19	81
1227	0.81	19	81
1228	0.81	19	81
1229	0.81	19	81
1230	0.81	19	81
1231	0.81	19	81
1232	0.82	18	82
1233	0.82	18	82
1234	0.82	18	82
1235	0.82	18	82
1236	0.81	19	81
1237	0.81	19	81
1238	0.80	20	80
1239	0.80	20	80
1240	0.80	20	80
1241	0.80	20	80
1242	0.81	19	81
1243	0.81	19	81
1244	0.81	19	81
1245	0.81	19	81
1246	0.82	18	82
1247	0.82	18	82
1248	0.83	17	83
1249	0.82	18	82
1250	0.82	18	82
1251	0.82	18	82
1252	0.83	17	83
1253	0.82	18	82
1254	0.81	19	81
1255	0.80	20	80
1256	0.80	20	80
1257	0.79	21	79
1258	0.79	21	79
1259	0.79	21	79
1260	0.79	21	79
1261	0.79	21	79
1262	0.79	21	79
1263	0.79	21	79
1264	0.78	22	78
1265	0.78	22	78
1266	0.78	22	78
1267	0.78	22	78
1268	0.77	23	77
1269	0.77	23	77
1270	0.77	23	77
1271	0.77	23	77
1272	0.77	23	77
1273	0.77	23	77
1274	0.77	23	77
1275	0.77	23	77
1276	0.77	23	77
1277	0.77	23	77
1278	0.77	23	77
1279	0.77	23	77
1280	0.78	22	78
1281	0.79	21	79
1282	0.79	21	79
1283	0.80	20	80
1284	0.79	21	79
1285	0.79	21	79
1286	0.79	21	79
1287	0.79	21	79
1288	0.78	22	78
1289	0.79	21	79
1290	0.79	21	79
1291	0.79	21	79
1292	0.79	21	79
1293	0.79	21	79
1294	0.78	22	78
1295	0.79	21	79
1296	0.79	21	79
1297	0.78	22	78
1298	0.77	23	77
1299	0.76	24	76
1300	0.76	24	76
1301	0.76	24	76
1302	0.77	23	77
1303	0.78	22	78
1304	0.78	22	78
1305	0.78	22	78
1306	0.78	22	78
1307	0.78	22	78
1308	0.77	23	77
1309	0.78	22	78
1310	0.79	21	79
1311	0.79	21	79
1312	0.79	21	79
1313	0.79	21	79
1314	0.79	21	79
1315	0.78	22	78
1316	0.78	22	78
1317	0.79	21	79
1318	0.78	22	78
1319	0.78	22	78
1320	0.78	22	78
1321	0.77	23	77
1322	0.77	23	77
1323	0.76	24	76
1324	0.76	24	76
1325	0.76	24	76
1326	0.76	24	76
1327	0.75	25	75
1328	0.75	25	75
1329	0.74	26	74
1330	0.74	26	74
1331	0.75	25	75
1332	0.75	25	75
1333	0.74	26	74
1334	0.74	26	74
1335	0.74	26	74
1336	0.75	25	75
1337	0.75	25	75
1338	0.76	24	76
1339	0.76	24	76
1340	0.76	24	76
1341	0.75	25	75
1342	0.75	25	75
1343	0.75	25	75
1344	0.75	25	75
1345	0.75	25	75
1346	0.75	25	75
1347	0.75	25	75
1348	0.75	25	75
1349	0.76	24	76
1350	0.76	24	76
1351	0.76	24	76
1352	0.75	25	75
1353	0.76	24	76
1354	0.76	24	76
1355	0.77	23	77
1356	0.76	24	76
1357	0.77	23	77
1358	0.77	23	77
1359	0.77	23	77
1360	0.77	23	77
1361	0.77	23	77
1362	0.77	23	77
1363	0.77	23	77
1364	0.77	23	77
1365	0.77	23	77
1366	0.77	23	77
1367	0.77	23	77
1368	0.78	22	78
1369	0.78	22	78
1370	0.78	22	78
1371	0.78	22	78
1372	0.77	23	77
1373	0.77	23	77
1374	0.78	22	78
1375	0.78	22	78
1376	0.78	22	78
1377	0.78	22	78
1378	0.78	22	78
1379	0.78	22	78
1380	0.78	22	78
1381	0.78	22	78
1382	0.77	23	77
1383	0.77	23	77
1384	0.78	22	78
1385	0.78	22	78
1386	0.77	23	77
1387	0.76	24	76
1388	0.77	23	77
1389	0.77	23	77
1390	0.77	23	77
1391	0.77	23	77
1392	0.78	22	78
1393	0.78	22	78
1394	0.78	22	78
1395	0.78	22	78
1396	0.77	23	77
1397	0.77	23	77
1398	0.78	22	78
1399	0.79	21	79
1400	0.79	21	79
1401	0.79	21	79
1402	0.79	21	79
1403	0.79	21	79
1404	0.79	21	79
1405	0.79	21	79
1406	0.78	22	78
1407	0.78	22	78
1408	0.79	21	79
1409	0.79	21	79
1410	0.78	22	78
1411	0.78	22	78
1412	0.77	23	77
1413	0.77	23	77
1414	0.77	23	77
1415	0.78	22	78
1416	0.78	22	78
1417	0.78	22	78
1418	0.78	22	78
1419	0.78	22	78
1420	0.77	23	77
1421	0.78	22	78
1422	0.77	23	77
1423	0.78	22	78
1424	0.78	22	78
1425	0.78	22	78
1426	0.78	22	78
1427	0.79	21	79
1428	0.79	21	79
1429	0.79	21	79
1430	0.79	21	79
1431	0.78	22	78
1432	0.78	22	78
1433	0.79	21	79
1434	0.79	21	79
1435	0.78	22	78
1436	0.77	23	77
1437	0.76	24	76
1438	0.76	24	76
1439	0.76	24	76
1440	0.76	24	76
1441	0.77	23	77
1442	0.77	23	77
1443	0.77	23	77
1444	0.77	23	77
1445	0.77	23	77
1446	0.76	24	76
1447	0.76	24	76
1448	0.76	24	76
1449	0.76	24	76
1450	0.76	24	76
1451	0.76	24	76
1452	0.77	23	77
1453	0.77	23	77
1454	0.78	22	78
1455	0.78	22	78
1456	0.78	22	78
1457	0.78	22	78
1458	0.78	22	78
1459	0.78	22	78
1460	0.78	22	78
1461	0.78	22	78
1462	0.77	23	77
1463	0.77	23	77
1464	0.78	22	78
1465	0.77	23	77
1466	0.77	23	77
1467	0.77	23	77
1468	0.77	23	77
1469	0.76	24	76
1470	0.75	25	75
1471	0.75	25	75
1472	0.75	25	75
1473	0.75	25	75
1474	0.74	26	74
1475	0.74	26	74
1476	0.75	25	75
1477	0.75	25	75
1478	0.75	25	75
1479	0.75	25	75
1480	0.75	25	75
1481	0.75	25	75
1482	0.76	24	76
1483	0.75	25	75
1484	0.75	25	75
1485	0.75	25	75
1486	0.76	24	76
1487	0.77	23	77
1488	0.76	24	76
1489	0.76	24	76
1490	0.76	24	76
1491	0.76	24	76
1492	0.76	24	76
1493	0.75	25	75
1494	0.75	25	75
1495	0.74	26	74
1496	0.75	25	75
1497	0.76	24	76
1498	0.76	24	76
1499	0.76	24	76
1500	0.76	24	76
1501	0.76	24	76
1502	0.76	24	76
1503	0.76	24	76
1504	0.75	25	75
1505	0.75	25	75
1506	0.76	24	76
1507	0.76	24	76
1508	0.76	24	76
1509	0.76	24	76
1510	0.77	23	77
1511	0.77	23	77
1512	0.77	23	77
1513	0.77	23	77
1514	0.77	23	77
1515	0.77	23	77
1516	0.77	23	77
1517	0.77	23	77
1518	0.78	22	78
1519	0.78	22	78
1520	0.79	21	79
1521	0.79	21	79
1522	0.80	20	80
1523	0.80	20	80
1524	0.80	20	80
1525	0.80	20	80
1526	0.80	20	80
1527	0.80	20	80
1528	0.80	20	80
1529	0.81	19	81
1530	0.81	19	81
1531	0.81	19	81
1532	0.81	19	81
1533	0.81	19	81
1534	0.81	19	81
1535	0.82	18	82
1536	0.83	17	83
1537	0.84	16	84
1538	0.84	16	84
1539	0.84	16	84
1540	0.84	16	84
1541	0.84	16	84
1542	0.84	16	84
1543	0.84	16	84
1544	0.84	16	84
1545	0.84	16	84
1546	0.85	15	85
1547	0.84	16	84
1548	0.83	17	83
1549	0.82	18	82
1550	0.81	19	81
1551	0.80	20	80
1552	0.80	20	80
1553	0.79	21	79
1554	0.79	21	79
1555	0.79	21	79
1556	0.80	20	80
1557	0.80	20	80
1558	0.80	20	80
1559	0.80	20	80
1560	0.79	21	79
1561	0.79	21	79
1562	0.80	20	80
1563	0.80	20	80
1564	0.80	20	80
1565	0.80	20	80
1566	0.80	20	80
1567	0.80	20	80
1568	0.80	20	80
1569	0.81	19	81
1570	0.82	18	82
1571	0.82	18	82
1572	0.83	17	83
1573	0.83	17	83
1574	0.84	16	84
1575	0.84	16	84
1576	0.84	16	84
1577	0.83	17	83
1578	0.82	18	82
1579	0.82	18	82
1580	0.82	18	82
1581	0.82	18	82
1582	0.82	18	82
1583	0.83	17	83
1584	0.83	17	83
1585	0.82	18	82
1586	0.82	18	82
1587	0.82	18	82
1588	0.83	17	83
1589	0.82	18	82
1590	0.82	18	82
1591	0.82	18	82
1592	0.82	18	82
1593	0.82	18	82
1594	0.82	18	82
1595	0.83	17	83
1596	0.83	17	83
1597	0.83	17	83
1598	0.83	17	83
1599	0.83	17	83
1600	0.83	17	83
1601	0.83	17	83
1602	0.83	17	83
1603	0.83	17	83
1604	0.84	16	84
1605	0.83	17	83
1606	0.83	17	83
1607	0.83	17	83
1608	0.83	17	83
1609	0.83	17	83
1610	0.83	17	83
1611	0.83	17	83
1612	0.84	16	84
1613	0.84	16	84
1614	0.84	16	84
1615	0.83	17	83
1616	0.83	17	83
1617	0.83	17	83
1618	0.82	18	82
1619	0.82	18	82
1620	0.82	18	82
1621	0.82	18	82
1622	0.82	18	82
1623	0.81	19	81
1624	0.81	19	81
1625	0.81	19	81
1626	0.80	20	80
1627	0.79	21	79
1628	0.79	21	79
1629	0.78	22	78
1630	0.78	22	78
1631	0.79	21	79
1632	0.79	21	79
1633	0.79	21	79
1634	0.79	21	79
1635	0.79	21	79
1636	0.79	21	79
1637	0.78	22	78
1638	0.78	22	78
1639	0.78	22	78
1640	0.78	22	78
1641	0.78	22	78
1642	0.77	23	77
1643	0.77	23	77
1644	0.77	23	77
1645	0.77	23	77
1646	0.77	23	77
1647	0.78	22	78
1648	0.78	22	78
1649	0.79	21	79
1650	0.80	20	80
1651	0.81	19	81
1652	0.81	19	81
1653	0.82	18	82
1654	0.81	19	81
1655	0.80	20	80
1656	0.79	21	79
1657	0.79	21	79
1658	0.79	21	79
1659	0.79	21	79
1660	0.80	20	80
1661	0.79	21	79
1662	0.79	21	79
1663	0.79	21	79
1664	0.79	21	79
1665	0.80	20	80
1666	0.80	20	80
1667	0.80	20	80
1668	0.80	20	80
1669	0.80	20	80
1670	0.80	20	80
1671	0.79	21	79
1672	0.79	21	79
1673	0.79	21	79
1674	0.79	21	79
1675	0.79	21	79
1676	0.79	21	79
1677	0.80	20	80
1678	0.81	19	81
1679	0.80	20	80
1680	0.80	20	80
1681	0.80	20	80
1682	0.80	20	80
1683	0.80	20	80
1684	0.80	20	80
1685	0.81	19	81
1686	0.81	19	81
1687	0.80	20	80
1688	0.79	21	79
1689	0.80	20	80
1690	0.79	21	79
1691	0.79	21	79
1692	0.79	21	79
1693	0.80	20	80
1694	0.81	19	81
1695	0.81	19	81
1696	0.81	19	81
1697	0.81	19	81
1698	0.81	19	81
1699	0.80	20	80
1700	0.79	21	79
1701	0.79	21	79
1702	0.78	22	78
1703	0.78	22	78
1704	0.78	22	78
1705	0.78	22	78
1706	0.78	22	78
1707	0.78	22	78
1708	0.78	22	78
1709	0.78	22	78
1710	0.77	23	77
1711	0.77	23	77
1712	0.77	23	77
1713	0.76	24	76
1714	0.76	24	76
1715	0.77	23	77
1716	0.77	23	77
1717	0.77	23	77
1718	0.78	22	78
1719	0.78	22	78
1720	0.78	22	78
1721	0.78	22	78
1722	0.78	22	78
1723	0.78	22	78
1724	0.78	22	78
1725	0.78	22	78
1726	0.79	21	79
1727	0.80	20	80
1728	0.80	20	80
1729	0.81	19	81
1730	0.81	19	81
1731	0.81	19	81
1732	0.81	19	81
1733	0.81	19	81
1734	0.81	19	81
1735	0.81	19	81
1736	0.81	19	81
1737	0.81	19	81
1738	0.80	20	80
1739	0.80	20	80
1740	0.79	21	79
1741	0.79	21	79
1742	0.80	20	80
1743	0.80	20	80
1744	0.80	20	80
1745	0.80	20	80
1746	0.79	21	79
1747	0.79	21	79
1748	0.80	20	80
1749	0.79	21	79
1750	0.78	22	78
1751	0.77	23	77
1752	0.76	24	76
1753	0.76	24	76
1754	0.77	23	77
1755	0.78	22	78
1756	0.79	21	79
1757	0.79	21	79
1758	0.78	22	78
1759	0.77	23	77
1760	0.76	24	76
1761	0.77	23	77
1762	0.77	23	77
1763	0.77	23	77
1764	0.77	23	77
1765	0.77	23	77
1766	0.77	23	77
1767	0.77	23	77
1768	0.77	23	77
1769	0.77	23	77
1770	0.77	23	77
1771	0.78	22	78
1772	0.78	22	78
1773	0.78	22	78
1774	0.78	22	78
1775	0.77	23	77
1776	0.77	23	77
1777	0.77	23	77
1778	0.76	24	76
1779	0.77	23	77
1780	0.76	24	76
1781	0.75	25	75
1782	0.74	26	74
1783	0.74	26	74
1784	0.74	26	74
1785	0.73	27	73
1786	0.72	28	72
1787	0.73	27	73
1788	0.73	27	73
1789	0.72	28	72
1790	0.73	27	73
1791	0.73	27	73
1792	0.72	28	72
1793	0.72	28	72
1794	0.72	28	72
1795	0.72	28	72
1796	0.72	28	72
1797	0.71	29	71
1798	0.70	30	70
1799	0.71	29	71
1800	0.72	28	72
1801	0.72	28	72
1802	0.73	27	73
1803	0.73	27	73
1804	0.72	28	72
1805	0.72	28	72
1806	0.72	28	72
1807	0.72	28	72
1808	0.71	29	71
1809	0.70	30	70
1810	0.70	30	70
1811	0.70	30	70
1812	0.70	30	70
1813	0.71	29	71
1814	0.71	29	71
1815	0.71	29	71
1816	0.70	30	70
1817	0.70	30	70
1818	0.70	30	70
1819	0.70	30	70
1820	0.70	30	70
1821	0.70	30	70
1822	0.70	30	70
1823	0.71	29	71
1824	0.70	30	70
1825	0.70	30	70
1826	0.70	30	70
1827	0.70	30	70
1828	0.70	30	70
1829	0.70	30	70
1830	0.70	30	70
1831	0.69	31	69
1832	0.69	31	69
1833	0.69	31	69
1834	0.69	31	69
1835	0.68	32	68
1836	0.68	32	68
1837	0.69	31	69
1838	0.70	30	70
1839	0.70	30	70
1840	0.71	29	71
1841	0.71	29	71
1842	0.71	29	71
1843	0.71	29	71
1844	0.71	29	71
1845	0.70	30	70
1846	0.71	29	71
1847	0.71	29	71
1848	0.71	29	71
1849	0.71	29	71
1850	0.72	28	72
1851	0.73	27	73
1852	0.74	26	74
1853	0.74	26	74
1854	0.74	26	74
1855	0.74	26	74
1856	0.74	26	74
1857	0.73	27	73
1858	0.74	26	74
1859	0.75	25	75
1860	0.76	24	76
1861	0.76	24	76
1862	0.75	25	75
1863	0.74	26	74
1864	0.74	26	74
1865	0.74	26	74
1866	0.74	26	74
1867	0.74	26	74
1868	0.74	26	74
1869	0.74	26	74
1870	0.73	27	73
1871	0.72	28	72
1872	0.72	28	72
1873	0.71	29	71
1874	0.71	29	71
1875	0.72	28	72
1876	0.71	29	71
1877	0.71	29	71
1878	0.71	29	71
1879	0.71	29	71
1880	0.72	28	72
1881	0.73	27	73
1882	0.74	26	74
1883	0.74	26	74
1884	0.73	27	73
1885	0.73	27	73
1886	0.74	26	74
1887	0.74	26	74
1888	0.75	25	75
1889	0.76	24	76
1890	0.76	24	76
1891	0.75	25	75
1892	0.75	25	75
1893	0.75	25	75
1894	0.74	26	74
1895	0.74	26	74
1896	0.74	26	74
1897	0.75	25	75
1898	0.76	24	76
1899	0.76	24	76
1900	0.76	24	76
1901	0.76	24	76
1902	0.76	24	76
1903	0.75	25	75
1904	0.76	24	76
1905	0.77	23	77
1906	0.76	24	76
1907	0.76	24	76
1908	0.77	23	77
1909	0.78	22	78
1910	0.79	21	79
1911	0.79	21	79
1912	0.78	22	78
1913	0.78	22	78
1914	0.78	22	78
1915	0.78	22	78
1916	0.78	22	78
1917	0.78	22	78
1918	0.78	22	78
1919	0.77	23	77
1920	0.77	23	77
1921	0.77	23	77
1922	0.77	23	77
1923	0.77	23	77
1924	0.78	22	78
1925	0.78	22	78
1926	0.77	23	77
1927	0.77	23	77
1928	0.77	23	77
1929	0.77	23	77
1930	0.77	23	77
1931	0.77	23	77
1932	0.77	23	77
1933	0.77	23	77
1934	0.76	24	76
1935	0.77	23	77
1936	0.77	23	77
1937	0.77	23	77
1938	0.77	23	77
1939	0.77	23	77
1940	0.77	23	77
1941	0.77	23	77
1942	0.76	24	76
1943	0.76	24	76
1944	0.76	24	76
1945	0.77	23	77
1946	0.77	23	77
1947	0.77	23	77
1948	0.76	24	76
1949	0.77	23	77
1950	0.77	23	77
1951	0.77	23	77
1952	0.77	23	77
1953	0.76	24	76
1954	0.75	25	75
1955	0.75	25	75
1956	0.75	25	75
1957	0.75	25	75
1958	0.75	25	75
1959	0.74	26	74
1960	0.73	27	73
1961	0.73	27	73
1962	0.74	26	74
1963	0.74	26	74
1964	0.74	26	74
1965	0.74	26	74
1966	0.74	26	74
1967	0.74	26	74
1968	0.74	26	74
1969	0.74	26	74
1970	0.75	25	75
1971	0.76	24	76
1972	0.76	24	76
1973	0.77	23	77
1974	0.77	23	77
1975	0.77	23	77
1976	0.78	22	78
1977	0.78	22	78
1978	0.79	21	79
1979	0.79	21	79
1980	0.79	21	79
1981	0.79	21	79
1982	0.79	21	79
1983	0.79	21	79
1984	0.79	21	79
1985	0.80	20	80
1986	0.80	20	80
1987	0.80	20	80
1988	0.80	20	80
1989	0.80	20	80
1990	0.80	20	80
1991	0.81	19	81
1992	0.82	18	82
1993	0.82	18	82
1994	0.83	17	83
1995	0.83	17	83
1996	0.82	18	82
1997	0.82	18	82
1998	0.82	18	82
1999	0.82	18	82
2000	0.19	19	81
2001	0.20	20	80
2002	0.20	20	80
2003	0.19	19	81
2004	0.20	20	80
2005	0.21	21	79
2006	0.21	21	79
2007	0.21	21	79
2008	0.21	21	79
2009	0.22	22	78
2010	0.22	22	78
2011	0.23	23	77
2012	0.23	23	77
2013	0.24	24	76
2014	0.24	24	76
2015	0.25	25	75
2016	0.25	25	75
2017	0.26	26	74
2018	0.27	27	73
2019	0.26	26	74
2020	0.27	27	73
2021	0.27	27	73
2022	0.28	28	72
2023	0.29	29	71
2024	0.30	30	70
2025	0.30	30	70
2026	0.30	30	70
2027	0.31	31	69
2028	0.32	32	68
2029	0.33	33	67
2030	0.34	34	66
2031	0.34	34	66
2032	0.35	35	65
2033	0.36	36	64
2034	0.36	36	64
2035	0.37	37	63
2036	0.38	38	62
2037	0.38	38	62
2038	0.39	39	61
2039	0.40	40	60
2040	0.41	41	59
2041	0.42	42	58
2042	0.42	42	58
2043	0.42	42	58
2044	0.43	43	57
2045	0.44	44	56
2046	0.45	45	55
2047	0.45	45	55
2048	0.45	45	55
2049	0.45	45	55
2050	0.46	46	54
2051	0.47	47	53
2052	0.47	47	53
2053	0.46	46	54
2054	0.46	46	54
2055	0.46	46	54
2056	0.47	47	53
2057	0.47	47	53
2058	0.48	48	52
2059	0.48	48	52
2060	0.48	48	52
2061	0.49	49	51
2062	0.50	50	50
2063	0.50	50	50
2064	0.51	51	49
2065	0.52	52	48
2066	0.53	53	47
2067	0.53	53	47
2068	0.53	53	47
2069	0.54	54	46
2070	0.55	55	45
2071	0.56	56	44
2072	0.56	56	44
2073	0.56	56	44
2074	0.57	57	43
2075	0.57	57	43
2076	0.58	58	42
2077	0.59	59	41
2078	0.60	60	40
2079	0.60	60	40
2080	0.61	61	39
2081	0.62	62	38
2082	0.63	63	37
2083	0.63	63	37
2084	0.63	63	37
2085	0.64	64	36
2086	0.65	65	35
2087	0.66	66	34
2088	0.67	67	33
2089	0.68	68	32
2090	0.68	68	32
2091	0.69	69	31
2092	0.70	70	30
2093	0.70	70	30
2094	0.71	71	29
2095	0.72	72	28
2096	0.72	72	28
2097	0.72	72	28
2098	0.73	73	27
2099	0.74	74	26
2100	0.74	74	26
2101	0.74	74	26
2102	0.74	74	26
2103	0.75	75	25
2104	0.75	75	25
2105	0.75	75	25
2106	0.75	75	25
2107	0.76	76	24
2108	0.76	76	24
2109	0.75	75	25
2110	0.76	76	24
2111	0.76	76	24
2112	0.76	76	24
2113	0.76	76	24
2114	0.77	77	23
2115	0.76	76	24
2116	0.75	75	25
2117	0.75	75	25
2118	0.75	75	25
2119	0.76	76	24
2120	0.76	76	24
2121	0.77	77	23
2122	0.77	77	23
2123	0.76	76	24
2124	0.76	76	24
2125	0.77	77	23
2126	0.77	77	23
2127	0.77	77	23
2128	0.77	77	23
2129	0.76	76	24
2130	0.76	76	24
2131	0.75	75	25
2132	0.75	75	25
2133	0.74	74	26
2134	0.74	74	26
2135	0.74	74	26
2136	0.74	74	26
2137	0.75	75	25
2138	0.75	75	25
2139	0.75	75	25
2140	0.75	75	25
2141	0.75	75	25
2142	0.75	75	25
2143	0.76	76	24
2144	0.76	76	24
2145	0.76	76	24
2146	0.76	76	24
2147	0.77	77	23
2148	0.77	77	23
2149	0.78	78	22
2150	0.78	78	22
2151	0.78	78	22
2152	0.79	79	21
2153	0.80	80	20
2154	0.80	80	20
2155	0.81	81	19
2156	0.81	81	19
2157	0.81	81	19
2158	0.80	80	20
2159	0.80	80	20
2160	0.79	79	21
2161	0.79	79	21
2162	0.79	79	21
2163	0.79	79	21
2164	0.79	79	21
2165	0.79	79	21
2166	0.78	78	22
2167	0.79	79	21
2168	0.79	79	21
2169	0.78	78	22
2170	0.78	78	22
2171	0.78	78	22
2172	0.79	79	21
2173	0.79	79	21
2174	0.78	78	22
2175	0.78	78	22
2176	0.77	77	23
2177	0.77	77	23
2178	0.77	77	23
2179	0.78	78	22
2180	0.78	78	22
2181	0.78	78	22
2182	0.77	77	23
2183	0.77	77	23
2184	0.76	76	24
2185	0.76	76	24
2186	0.76	76	24
2187	0.75	75	25
2188	0.75	75	25
2189	0.75	75	25
2190	0.76	76	24
2191	0.76	76	24
2192	0.76	76	24
2193	0.77	77	23
2194	0.76	76	24
2195	0.76	76	24
2196	0.76	76	24
2197	0.77	77	23
2198	0.77	77	23
2199	0.77	77	23
2200	0.77	77	23
2201	0.77	77	23
2202	0.78	78	22
2203	0.78	78	22
2204	0.78	78	22
2205	0.78	78	22
2206	0.78	78	22
2207	0.78	78	22
2208	0.79	79	21
2209	0.80	80	20
2210	0.80	80	20
2211	0.80	80	20
2212	0.80	80	20
2213	0.80	80	20
2214	0.80	80	20
2215	0.81	81	19
2216	0.82	82	18
2217	0.81	81	19
2218	0.81	81	19
2219	0.81	81	19
2220	0.80	80	20
2221	0.79	79	21
2222	0.78	78	22
2223	0.79	79	21
2224	0.79	79	21
2225	0.79	79	21
2226	0.79	79	21
2227	0.78	78	22
2228	0.77	77	23
2229	0.78	78	22
2230	0.78	78	22
2231	0.78	78	22
2232	0.78	78	22
2233	0.79	79	21
2234	0.79	79	21
2235	0.78	78	22
2236	0.78	78	22
2237	0.78	78	22
2238	0.78	78	22
2239	0.77	77	23
2240	0.77	77	23
2241	0.76	76	24
2242	0.76	76	24
2243	0.76	76	24
2244	0.76	76	24
2245	0.76	76	24
2246	0.76	76	24
2247	0.76	76	24
2248	0.75	75	25
2249	0.75	75	25
2250	0.75	75	25
2251	0.74	74	26
2252	0.73	73	27
2253	0.73	73	27
2254	0.73	73	27
2255	0.73	73	27
2256	0.73	73	27
2257	0.73	73	27
2258	0.74	74	26
2259	0.74	74	26
2260	0.74	74	26
2261	0.74	74	26
2262	0.74	74	26
2263	0.74	74	26
2264	0.74	74	26
2265	0.74	74	26
2266	0.75	75	25
2267	0.75	75	25
2268	0.76	76	24
2269	0.77	77	23
2270	0.76	76	24
2271	0.76	76	24
2272	0.76	76	24
2273	0.77	77	23
2274	0.78	78	22
2275	0.79	79	21
2276	0.80	80	20
2277	0.80	80	20
2278	0.80	80	20
2279	0.80	80	20
2280	0.80	80	20
2281	0.80	80	20
2282	0.80	80	20
2283	0.81	81	19
2284	0.82	82	18
2285	0.82	82	18
2286	0.82	82	18
2287	0.83	83	17
2288	0.83	83	17
2289	0.82	82	18
2290	0.81	81	19
2291	0.81	81	19
2292	0.81	81	19
2293	0.81	81	19
2294	0.81	81	19
2295	0.81	81	19
2296	0.81	81	19
2297	0.80	80	20
2298	0.80	80	20
2299	0.79	79	21
2300	0.79	79	21
2301	0.79	79	21
2302	0.79	79	21
2303	0.78	78	22
2304	0.78	78	22
2305	0.78	78	22
2306	0.78	78	22
2307	0.78	78	22
2308	0.78	78	22
2309	0.77	77	23
2310	0.77	77	23
2311	0.76	76	24
2312	0.75	75	25
2313	0.74	74	26
2314	0.74	74	26
2315	0.74	74	26
2316	0.74	74	26
2317	0.75	75	25
2318	0.75	75	25
2319	0.74	74	26
2320	0.74	74	26
2321	0.74	74	26
2322	0.75	75	25
2323	0.75	75	25
2324	0.74	74	26
2325	0.73	73	27
2326	0.73	73	27
2327	0.74	74	26
2328	0.74	74	26
2329	0.74	74	26
2330	0.73	73	27
2331	0.74	74	26
2332	0.74	74	26
2333	0.74	74	26
2334	0.74	74	26
2335	0.75	75	25
2336	0.74	74	26
2337	0.74	74	26
2338	0.73	73	27
2339	0.73	73	27
2340	0.73	73	27
2341	0.73	73	27
2342	0.73	73	27
2343	0.72	72	28
2344	0.71	71	29
2345	0.71	71	29
2346	0.71	71	29
2347	0.71	71	29
2348	0.72	72	28
2349	0.71	71	29
2350	0.71	71	29
2351	0.71	71	29
2352	0.72	72	28
2353	0.72	72	28
2354	0.72	72	28
2355	0.72	72	28
2356	0.72	72	28
2357	0.72	72	28
2358	0.72	72	28
2359	0.72	72	28
2360	0.73	73	27
2361	0.73	73	27
2362	0.73	73	27
2363	0.72	72	28
2364	0.71	71	29
2365	0.71	71	29
2366	0.70	70	30
2367	0.70	70	30
2368	0.69	69	31
2369	0.69	69	31
2370	0.69	69	31
2371	0.68	68	32
2372	0.67	67	33
2373	0.67	67	33
2374	0.67	67	33
2375	0.66	66	34
2376	0.66	66	34
2377	0.66	66	34
2378	0.66	66	34
2379	0.66	66	34
2380	0.65	65	35
2381	0.65	65	35
2382	0.65	65	35
2383	0.64	64	36
2384	0.64	64	36
2385	0.64	64	36
2386	0.64	64	36
2387	0.63	63	37
2388	0.63	63	37
2389	0.63	63	37
2390	0.64	64	36
2391	0.64	64	36
2392	0.63	63	37
2393	0.63	63	37
2394	0.64	64	36
2395	0.64	64	36
2396	0.63	63	37
2397	0.63	63	37
2398	0.63	63	37
2399	0.64	64	36
2400	0.64	64	36
2401	0.64	64	36
2402	0.64	64	36
2403	0.64	64	36
2404	0.64	64	36
2405	0.64	64	36
2406	0.63	63	37
2407	0.62	62	38
2408	0.62	62	38
2409	0.63	63	37
2410	0.63	63	37
2411	0.64	64	36
2412	0.64	64	36
2413	0.65	65	35
2414	0.65	65	35
2415	0.65	65	35
2416	0.64	64	36
2417	0.63	63	37
2418	0.62	62	38
2419	0.62	62	38
2420	0.63	63	37
2421	0.64	64	36
2422	0.64	64	36
2423	0.63	63	37
2424	0.64	64	36
2425	0.64	64	36
2426	0.64	64	36
2427	0.63	63	37
2428	0.64	64	36
2429	0.64	64	36
2430	0.65	65	35
2431	0.65	65	35
2432	0.65	65	35
2433	0.65	65	35
2434	0.65	65	35
2435	0.65	65	35
2436	0.66	66	34
2437	0.65	65	35
2438	0.66	66	34
2439	0.67	67	33
2440	0.66	66	34
2441	0.67	67	33
2442	0.67	67	33
2443	0.67	67	33
2444	0.68	68	32
2445	0.68	68	32
2446	0.68	68	32
2447	0.68	68	32
2448	0.67	67	33
2449	0.67	67	33
2450	0.66	66	34
2451	0.66	66	34
2452	0.66	66	34
2453	0.66	66	34
2454	0.65	65	35
2455	0.65	65	35
2456	0.65	65	35
2457	0.65	65	35
2458	0.65	65	35
2459	0.65	65	35
2460	0.65	65	35
2461	0.65	65	35
2462	0.65	65	35
2463	0.66	66	34
2464	0.66	66	34
2465	0.66	66	34
2466	0.67	67	33
2467	0.67	67	33
2468	0.68	68	32
2469	0.67	67	33
2470	0.68	68	32
2471	0.69	69	31
2472	0.70	70	30
2473	0.70	70	30
2474	0.70	70	30
2475	0.71	71	29
2476	0.71	71	29
2477	0.70	70	30
2478	0.70	70	30
2479	0.70	70	30
2480	0.71	71	29
2481	0.71	71	29
2482	0.72	72	28
2483	0.73	73	27
2484	0.72	72	28
2485	0.72	72	28
2486	0.72	72	28
2487	0.73	73	27
2488	0.72	72	28
2489	0.73	73	27
2490	0.73	73	27
2491	0.73	73	27
2492	0.74	74	26
2493	0.74	74	26
2494	0.74	74	26
2495	0.74	74	26
2496	0.75	75	25
2497	0.76	76	24
2498	0.76	76	24
2499	0.75	75	25
2500	0.75	75	25
2501	0.75	75	25
2502	0.74	74	26
2503	0.75	75	25
2504	0.75	75	25
2505	0.75	75	25
2506	0.76	76	24
2507	0.77	77	23
2508	0.77	77	23
2509	0.77	77	23
2510	0.77	77	23
2511	0.77	77	23
2512	0.78	78	22
2513	0.77	77	23
2514	0.77	77	23
2515	0.77	77	23
2516	0.78	78	22
2517	0.79	79	21
2518	0.80	80	20
2519	0.81	81	19
2520	0.81	81	19
2521	0.81	81	19
2522	0.81	81	19
2523	0.81	81	19
2524	0.81	81	19
2525	0.82	82	18
2526	0.82	82	18
2527	0.83	83	17
2528	0.83	83	17
2529	0.83	83	17
2530	0.83	83	17
2531	0.83	83	17
2532	0.83	83	17
2533	0.82	82	18
2534	0.81	81	19
2535	0.80	80	20
2536	0.80	80	20
2537	0.81	81	19
2538	0.81	81	19
2539	0.81	81	19
2540	0.81	81	19
2541	0.80	80	20
2542	0.79	79	21
2543	0.80	80	20
2544	0.80	80	20
2545	0.80	80	20
2546	0.80	80	20
2547	0.80	80	20
2548	0.81	81	19
2549	0.82	82	18
2550	0.83	83	17
2551	0.84	84	16
2552	0.84	84	16
2553	0.84	84	16
2554	0.85	85	15
2555	0.84	84	16
2556	0.83	83	17
2557	0.83	83	17
2558	0.83	83	17
2559	0.83	83	17
2560	0.82	82	18
2561	0.82	82	18
2562	0.81	81	19
2563	0.81	81	19
2564	0.82	82	18
2565	0.82	82	18
2566	0.82	82	18
2567	0.82	82	18
2568	0.82	82	18
2569	0.83	83	17
2570	0.83	83	17
2571	0.83	83	17
2572	0.82	82	18
2573	0.81	81	19
2574	0.81	81	19
2575	0.81	81	19
2576	0.81	81	19
2577	0.82	82	18
2578	0.81	81	19
2579	0.80	80	20
2580	0.79	79	21
2581	0.79	79	21
2582	0.79	79	21
2583	0.79	79	21
2584	0.80	80	20
2585	0.80	80	20
2586	0.80	80	20
2587	0.80	80	20
2588	0.81	81	19
2589	0.81	81	19
2590	0.81	81	19
2591	0.81	81	19
2592	0.81	81	19
2593	0.80	80	20
2594	0.80	80	20
2595	0.80	80	20
2596	0.80	80	20
2597	0.79	79	21
2598	0.79	79	21
2599	0.80	80	20
2600	0.80	80	20
2601	0.80	80	20
2602	0.81	81	19
2603	0.81	81	19
2604	0.81	81	19
2605	0.80	80	20
2606	0.80	80	20
2607	0.79	79	21
2608	0.79	79	21
2609	0.79	79	21
2610	0.78	78	22
2611	0.77	77	23
2612	0.77	77	23
2613	0.78	78	22
2614	0.77	77	23
2615	0.77	77	23
2616	0.77	77	23
2617	0.77	77	23
2618	0.77	77	23
2619	0.77	77	23
2620	0.77	77	23
2621	0.76	76	24
2622	0.76	76	24
2623	0.77	77	23
2624	0.77	77	23
2625	0.77	77	23
2626	0.76	76	24
2627	0.75	75	25
2628	0.74	74	26
2629	0.73	73	27
2630	0.73	73	27
2631	0.73	73	27
2632	0.72	72	28
2633	0.72	72	28
2634	0.73	73	27
2635	0.74	74	26
2636	0.74	74	26
2637	0.74	74	26
2638	0.74	74	26
2639	0.73	73	27
2640	0.74	74	26
2641	0.74	74	26
2642	0.75	75	25
2643	0.75	75	25
2644	0.74	74	26
2645	0.73	73	27
2646	0.73	73	27
2647	0.73	73	27
2648	0.73	73	27
2649	0.73	73	27
2650	0.73	73	27
2651	0.73	73	27
2652	0.72	72	28
2653	0.72	72	28
2654	0.71	71	29
2655	0.72	72	28
2656	0.72	72	28
2657	0.72	72	28
2658	0.72	72	28
2659	0.72	72	28
2660	0.72	72	28
2661	0.72	72	28
2662	0.73	73	27
2663	0.72	72	28
2664	0.72	72	28
2665	0.72	72	28
2666	0.72	72	28
2667	0.72	72	28
2668	0.72	72	28
2669	0.71	71	29
2670	0.71	71	29
2671	0.71	71	29
2672	0.72	72	28
2673	0.73	73	27
2674	0.73	73	27
2675	0.73	73	27
2676	0.73	73	27
2677	0.72	72	28
2678	0.73	73	27
2679	0.74	74	26
2680	0.75	75	25
2681	0.74	74	26
2682	0.74	74	26
2683	0.74	74	26
2684	0.74	74	26
2685	0.74	74	26
2686	0.74	74	26
2687	0.74	74	26
2688	0.74	74	26
2689	0.74	74	26
2690	0.73	73	27
2691	0.73	73	27
2692	0.72	72	28
2693	0.73	73	27
2694	0.73	73	27
2695	0.72	72	28
2696	0.72	72	28
2697	0.73	73	27
2698	0.73	73	27
2699	0.73	73	27
2700	0.73	73	27
2701	0.73	73	27
2702	0.73	73	27
2703	0.73	73	27
2704	0.73	73	27
2705	0.74	74	26
2706	0.74	74	26
2707	0.75	75	25
2708	0.75	75	25
2709	0.75	75	25
2710	0.76	76	24
2711	0.76	76	24
2712	0.75	75	25
2713	0.75	75	25
2714	0.76	76	24
2715	0.75	75	25
2716	0.75	75	25
2717	0.75	75	25
2718	0.75	75	25
2719	0.75	75	25
2720	0.75	75	25
2721	0.75	75	25
2722	0.75	75	25
2723	0.74	74	26
2724	0.73	73	27
2725	0.73	73	27
2726	0.74	74	26
2727	0.75	75	25
2728	0.75	75	25
2729	0.75	75	25
2730	0.75	75	25
2731	0.75	75	25
2732	0.76	76	24
2733	0.77	77	23
2734	0.77	77	23
2735	0.77	77	23
2736	0.76	76	24
2737	0.76	76	24
2738	0.76	76	24
2739	0.77	77	23
2740	0.77	77	23
2741	0.78	78	22
2742	0.78	78	22
2743	0.78	78	22
2744	0.79	79	21
2745	0.80	80	20
2746	0.79	79	21
2747	0.79	79	21
2748	0.79	79	21
2749	0.79	79	21
2750	0.79	79	21
2751	0.79	79	21
2752	0.80	80	20
2753	0.80	80	20
2754	0.81	81	19
2755	0.81	81	19
2756	0.82	82	18
2757	0.82	82	18
2758	0.82	82	18
2759	0.82	82	18
2760	0.82	82	18
2761	0.82	82	18
2762	0.82	82	18
2763	0.83	83	17
2764	0.83	83	17
2765	0.83	83	17
2766	0.83	83	17
2767	0.82	82	18
2768	0.82	82	18
2769	0.82	82	18
2770	0.82	82	18
2771	0.81	81	19
2772	0.81	81	19
2773	0.80	80	20
2774	0.79	79	21
2775	0.79	79	21
2776	0.79	79	21
2777	0.80	80	20
2778	0.80	80	20
2779	0.80	80	20
2780	0.80	80	20
2781	0.81	81	19
2782	0.81	81	19
2783	0.81	81	19
2784	0.81	81	19
2785	0.80	80	20
2786	0.80	80	20
2787	0.79	79	21
2788	0.78	78	22
2789	0.78	78	22
2790	0.79	79	21
2791	0.78	78	22
2792	0.79	79	21
2793	0.78	78	22
2794	0.77	77	23
2795	0.77	77	23
2796	0.77	77	23
2797	0.77	77	23
2798	0.76	76	24
2799	0.76	76	24
2800	0.75	75	25
2801	0.75	75	25
2802	0.75	75	25
2803	0.74	74	26
2804	0.73	73	27
2805	0.73	73	27
2806	0.73	73	27
2807	0.73	73	27
2808	0.73	73	27
2809	0.73	73	27
2810	0.73	73	27
2811	0.74	74	26
2812	0.75	75	25
2813	0.75	75	25
2814	0.74	74	26
2815	0.75	75	25
2816	0.75	75	25
2817	0.75	75	25
2818	0.74	74	26
2819	0.74	74	26
2820	0.74	74	26
2821	0.75	75	25
2822	0.75	75	25
2823	0.76	76	24
2824	0.77	77	23
2825	0.77	77	23
2826	0.77	77	23
2827	0.76	76	24
2828	0.77	77	23
2829	0.78	78	22
2830	0.78	78	22
2831	0.78	78	22
2832	0.78	78	22
2833	0.78	78	22
2834	0.78	78	22
2835	0.78	78	22
2836	0.79	79	21
2837	0.79	79	21
2838	0.79	79	21
2839	0.78	78	22
2840	0.77	77	23
2841	0.76	76	24
2842	0.75	75	25
2843	0.75	75	25
2844	0.75	75	25
2845	0.75	75	25
2846	0.76	76	24
2847	0.76	76	24
2848	0.76	76	24
2849	0.76	76	24
2850	0.75	75	25
2851	0.75	75	25
2852	0.75	75	25
2853	0.74	74	26
2854	0.74	74	26
2855	0.74	74	26
2856	0.74	74	26
2857	0.74	74	26
2858	0.74	74	26
2859	0.74	74	26
2860	0.74	74	26
2861	0.74	74	26
2862	0.74	74	26
2863	0.74	74	26
2864	0.73	73	27
2865	0.73	73	27
2866	0.73	73	27
2867	0.73	73	27
2868	0.73	73	27
2869	0.74	74	26
2870	0.74	74	26
2871	0.75	75	25
2872	0.75	75	25
2873	0.76	76	24
2874	0.77	77	23
2875	0.77	77	23
2876	0.76	76	24
2877	0.75	75	25
2878	0.75	75	25
2879	0.75	75	25
2880	0.75	75	25
2881	0.74	74	26
2882	0.73	73	27
2883	0.73	73	27
2884	0.73	73	27
2885	0.74	74	26
2886	0.74	74	26
2887	0.75	75	25
2888	0.76	76	24
2889	0.76	76	24
2890	0.76	76	24
2891	0.76	76	24
2892	0.76	76	24
2893	0.76	76	24
2894	0.76	76	24
2895	0.77	77	23
2896	0.77	77	23
2897	0.77	77	23
2898	0.78	78	22
2899	0.77	77	23
2900	0.78	78	22
2901	0.78	78	22
2902	0.77	77	23
2903	0.78	78	22
2904	0.78	78	22
2905	0.78	78	22
2906	0.78	78	22
2907	0.77	77	23
2908	0.77	77	23
2909	0.77	77	23
2910	0.76	76	24
2911	0.76	76	24
2912	0.76	76	24
2913	0.75	75	25
2914	0.75	75	25
2915	0.75	75	25
2916	0.75	75	25
2917	0.74	74	26
2918	0.75	75	25
2919	0.74	74	26
2920	0.74	74	26
2921	0.73	73	27
2922	0.73	73	27
2923	0.73	73	27
2924	0.72	72	28
2925	0.72	72	28
2926	0.72	72	28
2927	0.72	72	28
2928	0.71	71	29
2929	0.71	71	29
2930	0.71	71	29
2931	0.70	70	30
2932	0.70	70	30
2933	0.69	69	31
2934	0.69	69	31
2935	0.69	69	31
2936	0.69	69	31
2937	0.68	68	32
2938	0.68	68	32
2939	0.69	69	31
2940	0.70	70	30
2941	0.71	71	29
2942	0.72	72	28
2943	0.72	72	28
2944	0.72	72	28
2945	0.71	71	29
2946	0.71	71	29
2947	0.71	71	29
2948	0.71	71	29
2949	0.71	71	29
2950	0.71	71	29
2951	0.71	71	29
2952	0.71	71	29
2953	0.72	72	28
2954	0.72	72	28
2955	0.72	72	28
2956	0.72	72	28
2957	0.72	72	28
2958	0.72	72	28
2959	0.72	72	28
2960	0.73	73	27
2961	0.73	73	27
2962	0.73	73	27
2963	0.73	73	27
2964	0.74	74	26
2965	0.73	73	27
2966	0.73	73	27
2967	0.74	74	26
2968	0.74	74	26
2969	0.73	73	27
2970	0.72	72	28
2971	0.71	71	29
2972	0.71	71	29
2973	0.70	70	30
2974	0.69	69	31
2975	0.69	69	31
2976	0.69	69	31
2977	0.70	70	30
2978	0.69	69	31
2979	0.69	69	31
2980	0.69	69	31
2981	0.70	70	30
2982	0.71	71	29
2983	0.71	71	29
2984	0.71	71	29
2985	0.70	70	30
2986	0.70	70	30
2987	0.70	70	30
2988	0.69	69	31
2989	0.69	69	31
2990	0.69	69	31
2991	0.70	70	30
2992	0.70	70	30
2993	0.70	70	30
2994	0.71	71	29
2995	0.70	70	30
2996	0.70	70	30
2997	0.70	70	30
2998	0.70	70	30
2999	0.71	71	29
3000	0.30	70	30
3001	0.30	70	30
3002	0.29	71	29
3003	0.30	70	30
3004	0.30	70	30
3005	0.31	69	31
3006	0.32	68	32
3007	0.32	68	32
3008	0.32	68	32
3009	0.33	67	33
3010	0.33	67	33
3011	0.34	66	34
3012	0.34	66	34
3013	0.34	66	34
3014	0.34	66	34
3015	0.34	66	34
3016	0.35	65	35
3017	0.35	65	35
3018	0.36	64	36
3019	0.36	64	36
3020	0.37	63	37
3021	0.37	63	37
3022	0.38	62	38
3023	0.39	61	39
3024	0.38	62	38
3025	0.38	62	38
3026	0.39	61	39
3027	0.39	61	39
3028	0.38	62	38
3029	0.39	61	39
3030	0.40	60	40
3031	0.40	60	40
3032	0.41	59	41
3033	0.40	60	40
3034	0.40	60	40
3035	0.41	59	41
3036	0.42	58	42
3037	0.42	58	42
3038	0.42	58	42
3039	0.43	57	43
3040	0.44	56	44
3041	0.44	56	44
3042	0.45	55	45
3043	0.46	54	46
3044	0.47	53	47
3045	0.47	53	47
3046	0.48	52	48
3047	0.48	52	48
3048	0.49	51	49
3049	0.50	50	50
3050	0.49	51	49
3051	0.49	51	49
3052	0.50	50	50
3053	0.51	49	51
3054	0.51	49	51
3055	0.51	49	51
3056	0.51	49	51
3057	0.51	49	51
3058	0.52	48	52
3059	0.53	47	53
3060	0.54	46	54
3061	0.55	45	55
3062	0.55	45	55
3063	0.56	44	56
3064	0.57	43	57
3065	0.57	43	57
3066	0.58	42	58
3067	0.58	42	58
3068	0.59	41	59
3069	0.59	41	59
3070	0.59	41	59
3071	0.59	41	59
3072	0.60	40	60
3073	0.60	40	60
3074	0.60	40	60
3075	0.60	40	60
3076	0.60	40	60
3077	0.60	40	60
3078	0.59	41	59
3079	0.60	40	60
3080	0.61	39	61
3081	0.62	38	62
3082	0.63	37	63
3083	0.64	36	64
3084	0.65	35	65
3085	0.64	36	64
3086	0.65	35	65
3087	0.66	34	66
3088	0.66	34	66
3089	0.67	33	67
3090	0.68	32	68
3091	0.69	31	69
3092	0.69	31	69
3093	0.69	31	69
3094	0.70	30	70
3095	0.70	30	70
3096	0.70	30	70
3097	0.71	29	71
3098	0.72	28	72
3099	0.73	27	73
3100	0.73	27	73
3101	0.74	26	74
3102	0.75	25	75
3103	0.75	25	75
3104	0.75	25	75
3105	0.75	25	75
3106	0.75	25	75
3107	0.75	25	75
3108	0.76	24	76
3109	0.75	25	75
3110	0.75	25	75
3111	0.75	25	75
3112	0.76	24	76
3113	0.76	24	76
3114	0.76	24	76
3115	0.76	24	76
3116	0.76	24	76
3117	0.76	24	76
3118	0.76	24	76
3119	0.76	24	76
3120	0.76	24	76
3121	0.76	24	76
3122	0.76	24	76
3123	0.75	25	75
3124	0.75	25	75
3125	0.76	24	76
3126	0.76	24	76
3127	0.76	24	76
3128	0.77	23	77
3129	0.77	23	77
3130	0.77	23	77
3131	0.76	24	76
3132	0.76	24	76
3133	0.77	23	77
3134	0.77	23	77
3135	0.77	23	77
3136	0.77	23	77
3137	0.77	23	77
3138	0.77	23	77
3139	0.77	23	77
3140	0.76	24	76
3141	0.77	23	77
3142	0.77	23	77
3143	0.76	24	76
3144	0.76	24	76
3145	0.76	24	76
3146	0.76	24	76
3147	0.77	23	77
3148	0.77	23	77
3149	0.77	23	77
3150	0.78	22	78
3151	0.78	22	78
3152	0.78	22	78
3153	0.78	22	78
3154	0.79	21	79
3155	0.80	20	80
3156	0.81	19	81
3157	0.82	18	82
3158	0.81	19	81
3159	0.80	20	80
3160	0.79	21	79
3161	0.78	22	78
3162	0.79	21	79
3163	0.79	21	79
3164	0.79	21	79
3165	0.79	21	79
3166	0.78	22	78
3167	0.79	21	79
3168	0.79	21	79
3169	0.79	21	79
3170	0.79	21	79
3171	0.79	21	79
3172	0.79	21	79
3173	0.78	22	78
3174	0.78	22	78
3175	0.79	21	79
3176	0.79	21	79
3177	0.80	20	80
3178	0.81	19	81
3179	0.81	19	81
3180	0.81	19	81
3181	0.81	19	81
3182	0.81	19	81
3183	0.81	19	81
3184	0.81	19	81
3185	0.81	19	81
3186	0.81	19	81
3187	0.81	19	81
3188	0.80	20	80
3189	0.80	20	80
3190	0.79	21	79
3191	0.79	21	79
3192	0.80	20	80
3193	0.80	20	80
3194	0.80	20	80
3195	0.80	20	80
3196	0.81	19	81
3197	0.81	19	81
3198	0.81	19	81
3199	0.81	19	81
3200	0.81	19	81
3201	0.81	19	81
3202	0.81	19	81
3203	0.81	19	81
3204	0.81	19	81
3205	0.81	19	81
3206	0.81	19	81
3207	0.81	19	81
3208	0.81	19	81
3209	0.82	18	82
3210	0.82	18	82
3211	0.82	18	82
3212	0.82	18	82
3213	0.82	18	82
3214	0.82	18	82
3215	0.83	17	83
3216	0.83	17	83
3217	0.83	17	83
3218	0.83	17	83
3219	0.83	17	83
3220	0.83	17	83
3221	0.83	17	83
3222	0.83	17	83
3223	0.84	16	84
3224	0.84	16	84
3225	0.83	17	83
3226	0.83	17	83
3227	0.83	17	83
3228	0.83	17	83
3229	0.82	18	82
3230	0.82	18	82
3231	0.83	17	83
3232	0.82	18	82
3233	0.82	18	82
3234	0.83	17	83
3235	0.82	18	82
3236	0.82	18	82
3237	0.82	18	82
3238	0.82	18	82
3239	0.81	19	81
3240	0.81	19	81
3241	0.80	20	80
3242	0.80	20	80
3243	0.81	19	81
3244	0.80	20	80
3245	0.80	20	80
3246	0.79	21	79
3247	0.79	21	79
3248	0.79	21	79
3249	0.79	21	79
3250	0.79	21	79
3251	0.79	21	79
3252	0.79	21	79
3253	0.79	21	79
3254	0.79	21	79
3255	0.79	21	79
3256	0.79	21	79
3257	0.79	21	79
3258	0.79	21	79
3259	0.80	20	80
3260	0.81	19	81
3261	0.82	18	82
3262	0.82	18	82
3263	0.82	18	82
3264	0.82	18	82
3265	0.81	19	81
3266	0.82	18	82
3267	0.82	18	82
3268	0.82	18	82
3269	0.81	19	81
3270	0.81	19	81
3271	0.81	19	81
3272	0.81	19	81
3273	0.82	18	82
3274	0.82	18	82
3275	0.82	18	82
3276	0.81	19	81
3277	0.81	19	81
3278	0.81	19	81
3279	0.81	19	81
3280	0.80	20	80
3281	0.80	20	80
3282	0.79	21	79
3283	0.79	21	79
3284	0.79	21	79
3285	0.80	20	80
3286	0.80	20	80
3287	0.80	20	80
3288	0.81	19	81
3289	0.81	19	81
3290	0.82	18	82
3291	0.82	18	82
3292	0.82	18	82
3293	0.82	18	82
3294	0.82	18	82
3295	0.82	18	82
3296	0.81	19	81
3297	0.80	20	80
3298	0.79	21	79
3299	0.79	21	79
3300	0.78	22	78
3301	0.78	22	78
3302	0.78	22	78
3303	0.78	22	78
3304	0.78	22	78
3305	0.78	22	78
3306	0.78	22	78
3307	0.78	22	78
3308	0.78	22	78
3309	0.78	22	78
3310	0.78	22	78
3311	0.78	22	78
3312	0.78	22	78
3313	0.78	22	78
3314	0.78	22	78
3315	0.77	23	77
3316	0.77	23	77
3317	0.76	24	76
3318	0.76	24	76
3319	0.75	25	75
3320	0.75	25	75
3321	0.75	25	75
3322	0.74	26	74
3323	0.74	26	74
3324	0.75	25	75
3325	0.76	24	76
3326	0.76	24	76
3327	0.76	24	76
3328	0.76	24	76
3329	0.77	23	77
3330	0.77	23	77
3331	0.77	23	77
3332	0.78	22	78
3333	0.78	22	78
3334	0.78	22	78
3335	0.79	21	79
3336	0.79	21	79
3337	0.78	22	78
3338	0.79	21	79
3339	0.80	20	80
3340	0.81	19	81
3341	0.81	19	81
3342	0.81	19	81
3343	0.80	20	80
3344	0.81	19	81
3345	0.81	19	81
3346	0.81	19	81
3347	0.81	19	81
3348	0.81	19	81
3349	0.80	20	80
3350	0.80	20	80
3351	0.81	19	81
3352	0.81	19	81
3353	0.80	20	80
3354	0.80	20	80
3355	0.80	20	80
3356	0.80	20	80
3357	0.79	21	79
3358	0.80	20	80
3359	0.80	20	80
3360	0.80	20	80
3361	0.80	20	80
3362	0.80	20	80
3363	0.80	20	80
3364	0.80	20	80
3365	0.81	19	81
3366	0.81	19	81
3367	0.80	20	80
3368	0.79	21	79
3369	0.80	20	80
3370	0.80	20	80
3371	0.80	20	80
3372	0.80	20	80
3373	0.80	20	80
3374	0.80	20	80
3375	0.79	21	79
3376	0.80	20	80
3377	0.80	20	80
3378	0.80	20	80
3379	0.80	20	80
3380	0.81	19	81
3381	0.80	20	80
3382	0.80	20	80
3383	0.80	20	80
3384	0.80	20	80
3385	0.80	20	80
3386	0.79	21	79
3387	0.79	21	79
3388	0.79	21	79
3389	0.79	21	79
3390	0.78	22	78
3391	0.78	22	78
3392	0.78	22	78
3393	0.78	22	78
3394	0.78	22	78
3395	0.78	22	78
3396	0.78	22	78
3397	0.79	21	79
3398	0.80	20	80
3399	0.80	20	80
3400	0.81	19	81
3401	0.81	19	81
3402	0.81	19	81
3403	0.81	19	81
3404	0.80	20	80
3405	0.79	21	79
3406	0.79	21	79
3407	0.78	22	78
3408	0.78	22	78
3409	0.78	22	78
3410	0.78	22	78
3411	0.78	22	78
3412	0.78	22	78
3413	0.78	22	78
3414	0.78	22	78
3415	0.79	21	79
3416	0.79	21	79
3417	0.80	20	80
3418	0.80	20	80
3419	0.81	19	81
3420	0.81	19	81
3421	0.80	20	80
3422	0.80	20	80
3423	0.80	20	80
3424	0.80	20	80
3425	0.79	21	79
3426	0.78	22	78
3427	0.78	22	78
3428	0.78	22	78
3429	0.77	23	77
3430	0.77	23	77
3431	0.77	23	77
3432	0.76	24	76
3433	0.76	24	76
3434	0.75	25	75
3435	0.74	26	74
3436	0.74	26	74
3437	0.75	25	75
3438	0.75	25	75
3439	0.75	25	75
3440	0.75	25	75
3441	0.76	24	76
3442	0.75	25	75
3443	0.76	24	76
3444	0.76	24	76
3445	0.76	24	76
3446	0.77	23	77
3447	0.77	23	77
3448	0.77	23	77
3449	0.78	22	78
3450	0.77	23	77
3451	0.77	23	77
3452	0.76	24	76
3453	0.77	23	77
3454	0.76	24	76
3455	0.76	24	76
3456	0.76	24	76
3457	0.76	24	76
3458	0.76	24	76
3459	0.76	24	76
3460	0.75	25	75
3461	0.74	26	74
3462	0.74	26	74
3463	0.74	26	74
3464	0.74	26	74
3465	0.74	26	74
3466	0.73	27	73
3467	0.74	26	74
3468	0.75	25	75
3469	0.74	26	74
3470	0.74	26	74
3471	0.74	26	74
3472	0.73	27	73
3473	0.73	27	73
3474	0.73	27	73
3475	0.73	27	73
3476	0.72	28	72
3477	0.72	28	72
3478	0.72	28	72
3479	0.72	28	72
3480	0.72	28	72
3481	0.73	27	73
3482	0.73	27	73
3483	0.73	27	73
3484	0.73	27	73
3485	0.73	27	73
3486	0.74	26	74
3487	0.73	27	73
3488	0.73	27	73
3489	0.73	27	73
3490	0.73	27	73
3491	0.72	28	72
3492	0.71	29	71
3493	0.71	29	71
3494	0.71	29	71
3495	0.70	30	70
3496	0.70	30	70
3497	0.69	31	69
3498	0.69	31	69
3499	0.69	31	69
3500	0.69	31	69
3501	0.69	31	69
3502	0.69	31	69
3503	0.69	31	69
3504	0.70	30	70
3505	0.71	29	71
3506	0.71	29	71
3507	0.71	29	71
3508	0.71	29	71
3509	0.70	30	70
3510	0.69	31	69
3511	0.69	31	69
3512	0.69	31	69
3513	0.69	31	69
3514	0.69	31	69
3515	0.68	32	68
3516	0.68	32	68
3517	0.68	32	68
3518	0.68	32	68
3519	0.68	32	68
3520	0.68	32	68
3521	0.69	31	69
3522	0.70	30	70
3523	0.70	30	70
3524	0.70	30	70
3525	0.71	29	71
3526	0.72	28	72
3527	0.72	28	72
3528	0.72	28	72
3529	0.73	27	73
3530	0.73	27	73
3531	0.72	28	72
3532	0.72	28	72
3533	0.72	28	72
3534	0.73	27	73
3535	0.74	26	74
3536	0.74	26	74
3537	0.73	27	73
3538	0.73	27	73
3539	0.73	27	73
3540	0.73	27	73
3541	0.73	27	73
3542	0.73	27	73
3543	0.73	27	73
3544	0.73	27	73
3545	0.73	27	73
3546	0.73	27	73
3547	0.72	28	72
3548	0.72	28	72
3549	0.71	29	71
3550	0.72	28	72
3551	0.71	29	71
3552	0.72	28	72
3553	0.72	28	72
3554	0.73	27	73
3555	0.73	27	73
3556	0.73	27	73
3557	0.74	26	74
3558	0.73	27	73
3559	0.73	27	73
3560	0.74	26	74
3561	0.74	26	74
3562	0.74	26	74
3563	0.73	27	73
3564	0.73	27	73
3565	0.73	27	73
3566	0.74	26	74
3567	0.74	26	74
3568	0.74	26	74
3569	0.75	25	75
3570	0.75	25	75
3571	0.75	25	75
3572	0.75	25	75
3573	0.75	25	75
3574	0.75	25	75
3575	0.76	24	76
3576	0.77	23	77
3577	0.77	23	77
3578	0.76	24	76
3579	0.76	24	76
3580	0.75	25	75
3581	0.75	25	75
3582	0.76	24	76
3583	0.76	24	76
3584	0.76	24	76
3585	0.76	24	76
3586	0.76	24	76
3587	0.77	23	77
3588	0.77	23	77
3589	0.77	23	77
3590	0.78	22	78
3591	0.79	21	79
3592	0.80	20	80
3593	0.80	20	80
3594	0.80	20	80
3595	0.81	19	81
3596	0.82	18	82
3597	0.83	17	83
3598	0.83	17	83
3599	0.83	17	83
3600	0.83	17	83
3601	0.83	17	83
3602	0.83	17	83
3603	0.83	17	83
3604	0.83	17	83
3605	0.83	17	83
3606	0.83	17	83
3607	0.84	16	84
3608	0.84	16	84
3609	0.85	15	85
3610	0.86	14	86
3611	0.86	14	86
3612	0.86	14	86
3613	0.85	15	85
3614	0.84	16	84
3615	0.85	15	85
3616	0.84	16	84
3617	0.84	16	84
3618	0.84	16	84
3619	0.83	17	83
3620	0.83	17	83
3621	0.82	18	82
3622	0.82	18	82
3623	0.82	18	82
3624	0.82	18	82
3625	0.82	18	82
3626	0.82	18	82
3627	0.82	18	82
3628	0.81	19	81
3629	0.80	20	80
3630	0.80	20	80
3631	0.80	20	80
3632	0.81	19	81
3633	0.81	19	81
3634	0.81	19	81
3635	0.80	20	80
3636	0.79	21	79
3637	0.80	20	80
3638	0.80	20	80
3639	0.80	20	80
3640	0.80	20	80
3641	0.80	20	80
3642	0.81	19	81
3643	0.81	19	81
3644	0.81	19	81
3645	0.81	19	81
3646	0.80	20	80
3647	0.81	19	81
3648	0.81	19	81
3649	0.82	18	82
3650	0.81	19	81
3651	0.82	18	82
3652	0.82	18	82
3653	0.82	18	82
3654	0.82	18	82
3655	0.82	18	82
3656	0.82	18	82
3657	0.82	18	82
3658	0.83	17	83
3659	0.83	17	83
3660	0.83	17	83
3661	0.84	16	84
3662	0.83	17	83
3663	0.84	16	84
3664	0.84	16	84
3665	0.84	16	84
3666	0.84	16	84
3667	0.84	16	84
3668	0.84	16	84
3669	0.84	16	84
3670	0.84	16	84
3671	0.84	16	84
3672	0.85	15	85
3673	0.85	15	85
3674	0.85	15	85
3675	0.85	15	85
3676	0.84	16	84
3677	0.84	16	84
3678	0.84	16	84
3679	0.84	16	84
3680	0.85	15	85
3681	0.85	15	85
3682	0.85	15	85
3683	0.84	16	84
3684	0.83	17	83
3685	0.83	17	83
3686	0.83	17	83
3687	0.83	17	83
3688	0.83	17	83
3689	0.83	17	83
3690	0.83	17	83
3691	0.83	17	83
3692	0.83	17	83
3693	0.83	17	83
3694	0.83	17	83
3695	0.83	17	83
3696	0.83	17	83
3697	0.83	17	83
3698	0.82	18	82
3699	0.81	19	81
3700	0.80	20	80
3701	0.80	20	80
3702	0.80	20	80
3703	0.80	20	80
3704	0.80	20	80
3705	0.80	20	80
3706	0.80	20	80
3707	0.80	20	80
3708	0.80	20	80
3709	0.80	20	80
3710	0.80	20	80
3711	0.80	20	80
3712	0.80	20	80
3713	0.80	20	80
3714	0.81	19	81
3715	0.81	19	81
3716	0.82	18	82
3717	0.82	18	82
3718	0.82	18	82
3719	0.83	17	83
3720	0.83	17	83
3721	0.84	16	84
3722	0.84	16	84
3723	0.84	16	84
3724	0.84	16	84
3725	0.84	16	84
3726	0.83	17	83
3727	0.83	17	83
3728	0.84	16	84
3729	0.85	15	85
3730	0.84	16	84
3731	0.85	15	85
3732	0.85	15	85
3733	0.85	15	85
3734	0.84	16	84
3735	0.84	16	84
3736	0.85	15	85
3737	0.84	16	84
3738	0.84	16	84
3739	0.83	17	83
3740	0.83	17	83
3741	0.83	17	83
3742	0.83	17	83
3743	0.83	17	83
3744	0.82	18	82
3745	0.82	18	82
3746	0.83	17	83
3747	0.82	18	82
3748	0.82	18	82
3749	0.82	18	82
3750	0.82	18	82
3751	0.81	19	81
3752	0.80	20	80
3753	0.80	20	80
3754	0.80	20	80
3755	0.79	21	79
3756	0.79	21	79
3757	0.79	21	79
3758	0.79	21	79
3759	0.79	21	79
3760	0.79	21	79
3761	0.79	21	79
3762	0.80	20	80
3763	0.80	20	80
3764	0.80	20	80
3765	0.79	21	79
3766	0.79	21	79
3767	0.79	21	79
3768	0.79	21	79
3769	0.79	21	79
3770	0.79	21	79
3771	0.79	21	79
3772	0.79	21	79
3773	0.79	21	79
3774	0.79	21	79
3775	0.79	21	79
3776	0.79	21	79
3777	0.79	21	79
3778	0.80	20	80
3779	0.80	20	80
3780	0.80	20	80
3781	0.79	21	79
3782	0.79	21	79
3783	0.80	20	80
3784	0.81	19	81
3785	0.81	19	81
3786	0.81	19	81
3787	0.80	20	80
3788	0.80	20	80
3789	0.80	20	80
3790	0.80	20	80
3791	0.80	20	80
3792	0.80	20	80
3793	0.79	21	79
3794	0.79	21	79
3795	0.79	21	79
3796	0.78	22	78
3797	0.78	22	78
3798	0.79	21	79
3799	0.80	20	80
3800	0.80	20	80
3801	0.80	20	80
3802	0.80	20	80
3803	0.80	20	80
3804	0.80	20	80
3805	0.79	21	79
3806	0.79	21	79
3807	0.79	21	79
3808	0.79	21	79
3809	0.79	21	79
3810	0.79	21	79
3811	0.79	21	79
3812	0.78	22	78
3813	0.79	21	79
3814	0.79	21	79
3815	0.79	21	79
3816	0.79	21	79
3817	0.79	21	79
3818	0.79	21	79
3819	0.79	21	79
3820	0.78	22	78
3821	0.78	22	78
3822	0.78	22	78
3823	0.78	22	78
3824	0.78	22	78
3825	0.78	22	78
3826	0.79	21	79
3827	0.79	21	79
3828	0.79	21	79
3829	0.79	21	79
3830	0.80	20	80
3831	0.80	20	80
3832	0.80	20	80
3833	0.80	20	80
3834	0.81	19	81
3835	0.82	18	82
3836	0.82	18	82
3837	0.82	18	82
3838	0.81	19	81
3839	0.82	18	82
3840	0.81	19	81
3841	0.81	19	81
3842	0.80	20	80
3843	0.80	20	80
3844	0.81	19	81
3845	0.80	20	80
3846	0.79	21	79
3847	0.80	20	80
3848	0.80	20	80
3849	0.80	20	80
3850	0.81	19	81
3851	0.82	18	82
3852	0.83	17	83
3853	0.83	17	83
3854	0.82	18	82
3855	0.83	17	83
3856	0.83	17	83
3857	0.82	18	82
3858	0.82	18	82
3859	0.82	18	82
3860	0.81	19	81
3861	0.81	19	81
3862	0.81	19	81
3863	0.80	20	80
3864	0.79	21	79
3865	0.79	21	79
3866	0.79	21	79
3867	0.79	21	79
3868	0.78	22	78
3869	0.78	22	78
3870	0.78	22	78
3871	0.78	22	78
3872	0.78	22	78
3873	0.78	22	78
3874	0.78	22	78
3875	0.78	22	78
3876	0.79	21	79
3877	0.79	21	79
3878	0.79	21	79
3879	0.79	21	79
3880	0.79	21	79
3881	0.79	21	79
3882	0.79	21	79
3883	0.79	21	79
3884	0.79	21	79
3885	0.79	21	79
3886	0.79	21	79
3887	0.80	20	80
3888	0.79	21	79
3889	0.79	21	79
3890	0.79	21	79
3891	0.78	22	78
3892	0.78	22	78
3893	0.79	21	79
3894	0.78	22	78
3895	0.78	22	78
3896	0.79	21	79
3897	0.79	21	79
3898	0.79	21	79
3899	0.79	21	79
3900	0.80	20	80
3901	0.79	21	79
3902	0.79	21	79
3903	0.79	21	79
3904	0.79	21	79
3905	0.80	20	80
3906	0.80	20	80
3907	0.80	20	80
3908	0.80	20	80
3909	0.80	20	80
3910	0.79	21	79
3911	0.79	21	79
3912	0.80	20	80
3913	0.80	20	80
3914	0.80	20	80
3915	0.80	20	80
3916	0.80	20	80
3917	0.80	20	80
3918	0.80	20	80
3919	0.80	20	80
3920	0.81	19	81
3921	0.80	20	80
3922	0.80	20	80
3923	0.80	20	80
3924	0.80	20	80
3925	0.79	21	79
3926	0.79	21	79
3927	0.79	21	79
3928	0.78	22	78
3929	0.78	22	78
3930	0.78	22	78
3931	0.77	23	77
3932	0.77	23	77
3933	0.77	23	77
3934	0.77	23	77
3935	0.76	24	76
3936	0.76	24	76
3937	0.77	23	77
3938	0.78	22	78
3939	0.78	22	78
3940	0.79	21	79
3941	0.79	21	79
3942	0.80	20	80
3943	0.80	20	80
3944	0.80	20	80
3945	0.81	19	81
3946	0.82	18	82
3947	0.82	18	82
3948	0.82	18	82
3949	0.82	18	82
3950	0.82	18	82
3951	0.81	19	81
3952	0.81	19	81
3953	0.81	19	81
3954	0.82	18	82
3955	0.82	18	82
3956	0.82	18	82
3957	0.83	17	83
3958	0.82	18	82
3959	0.82	18	82
3960	0.83	17	83
3961	0.83	17	83
3962	0.83	17	83
3963	0.84	16	84
3964	0.85	15	85
3965	0.86	14	86
3966	0.86	14	86
3967	0.86	14	86
3968	0.87	13	87
3969	0.87	13	87
3970	0.87	13	87
3971	0.86	14	86
3972	0.86	14	86
3973	0.86	14	86
3974	0.86	14	86
3975	0.86	14	86
3976	0.85	15	85
3977	0.85	15	85
3978	0.85	15	85
3979	0.85	15	85
3980	0.85	15	85
3981	0.86	14	86
3982	0.86	14	86
3983	0.85	15	85
3984	0.85	15	85
3985	0.84	16	84
3986	0.84	16	84
3987	0.84	16	84
3988	0.84	16	84
3989	0.84	16	84
3990	0.84	16	84
3991	0.85	15	85
3992	0.84	16	84
3993	0.83	17	83
3994	0.83	17	83
3995	0.83	17	83
3996	0.83	17	83
3997	0.83	17	83
3998	0.82	18	82
3999	0.82	18	82
4000	0.18	18	82
4001	0.17	17	83
4002	0.18	18	82
4003	0.18	18	82
4004	0.19	19	81
4005	0.20	20	80
4006	0.21	21	79
4007	0.22	22	78
4008	0.23	23	77
4009	0.23	23	77
4010	0.23	23	77
4011	0.24	24	76
4012	0.24	24	76
4013	0.25	25	75
4014	0.25	25	75
4015	0.25	25	75
4016	0.25	25	75
4017	0.25	25	75
4018	0.25	25	75
4019	0.26	26	74
4020	0.27	27	73
4021	0.26	26	74
4022	0.26	26	74
4023	0.27	27	73
4024	0.28	28	72
4025	0.27	27	73
4026	0.27	27	73
4027	0.27	27	73
4028	0.27	27	73
4029	0.27	27	73
4030	0.28	28	72
4031	0.27	27	73
4032	0.28	28	72
4033	0.28	28	72
4034	0.29	29	71
4035	0.29	29	71
4036	0.30	30	70
4037	0.31	31	69
4038	0.32	32	68
4039	0.32	32	68
4040	0.33	33	67
4041	0.34	34	66
4042	0.35	35	65
4043	0.35	35	65
4044	0.35	35	65
4045	0.36	36	64
4046	0.37	37	63
4047	0.38	38	62
4048	0.39	39	61
4049	0.39	39	61
4050	0.39	39	61
4051	0.38	38	62
4052	0.38	38	62
4053	0.38	38	62
4054	0.39	39	61
4055	0.39	39	61
4056	0.39	39	61
4057	0.40	40	60
4058	0.40	40	60
4059	0.41	41	59
4060	0.41	41	59
4061	0.42	42	58
4062	0.42	42	58
4063	0.42	42	58
4064	0.43	43	57
4065	0.43	43	57
4066	0.44	44	56
4067	0.44	44	56
4068	0.45	45	55
4069	0.46	46	54
4070	0.47	47	53
4071	0.47	47	53
4072	0.48	48	52
4073	0.49	49	51
4074	0.50	50	50
4075	0.51	51	49
4076	0.50	50	50
4077	0.51	51	49
4078	0.52	52	48
4079	0.53	53	47
4080	0.54	54	46
4081	0.55	55	45
4082	0.56	56	44
4083	0.56	56	44
4084	0.56	56	44
4085	0.56	56	44
4086	0.56	56	44
4087	0.57	57	43
4088	0.57	57	43
4089	0.58	58	42
4090	0.59	59	41
4091	0.59	59	41
4092	0.59	59	41
4093	0.58	58	42
4094	0.58	58	42
4095	0.58	58	42
4096	0.59	59	41
4097	0.60	60	40
4098	0.59	59	41
4099	0.60	60	40
4100	0.61	61	39
4101	0.62	62	38
4102	0.62	62	38
4103	0.63	63	37
4104	0.62	62	38
4105	0.62	62	38
4106	0.62	62	38
4107	0.62	62	38
4108	0.62	62	38
4109	0.63	63	37
4110	0.63	63	37
4111	0.63	63	37
4112	0.64	64	36
4113	0.64	64	36
4114	0.64	64	36
4115	0.65	65	35
4116	0.66	66	34
4117	0.67	67	33
4118	0.68	68	32
4119	0.67	67	33
4120	0.66	66	34
4121	0.67	67	33
4122	0.68	68	32
4123	0.68	68	32
4124	0.68	68	32
4125	0.69	69	31
4126	0.70	70	30
4127	0.71	71	29
4128	0.70	70	30
4129	0.71	71	29
4130	0.70	70	30
4131	0.70	70	30
4132	0.69	69	31
4133	0.69	69	31
4134	0.69	69	31
4135	0.69	69	31
4136	0.69	69	31
4137	0.69	69	31
4138	0.69	69	31
4139	0.70	70	30
4140	0.70	70	30
4141	0.70	70	30
4142	0.70	70	30
4143	0.71	71	29
4144	0.72	72	28
4145	0.72	72	28
4146	0.71	71	29
4147	0.71	71	29
4148	0.71	71	29
4149	0.71	71	29
4150	0.72	72	28
4151	0.72	72	28
4152	0.73	73	27
4153	0.73	73	27
4154	0.73	73	27
4155	0.74	74	26
4156	0.74	74	26
4157	0.73	73	27
4158	0.73	73	27
4159	0.73	73	27
4160	0.74	74	26
4161	0.74	74	26
4162	0.75	75	25
4163	0.76	76	24
4164	0.75	75	25
4165	0.75	75	25
4166	0.75	75	25
4167	0.75	75	25
4168	0.74	74	26
4169	0.74	74	26
4170	0.74	74	26
4171	0.73	73	27
4172	0.73	73	27
4173	0.73	73	27
4174	0.73	73	27
4175	0.73	73	27
4176	0.74	74	26
4177	0.74	74	26
4178	0.74	74	26
4179	0.74	74	26
4180	0.74	74	26
4181	0.73	73	27
4182	0.72	72	28
4183	0.71	71	29
4184	0.71	71	29
4185	0.71	71	29
4186	0.72	72	28
4187	0.71	71	29
4188	0.71	71	29
4189	0.71	71	29
4190	0.71	71	29
4191	0.72	72	28
4192	0.72	72	28
4193	0.72	72	28
4194	0.72	72	28
4195	0.73	73	27
4196	0.73	73	27
4197	0.72	72	28
4198	0.73	73	27
4199	0.73	73	27
4200	0.73	73	27
4201	0.73	73	27
4202	0.72	72	28
4203	0.71	71	29
4204	0.72	72	28
4205	0.72	72	28
4206	0.72	72	28
4207	0.72	72	28
4208	0.72	72	28
4209	0.71	71	29
4210	0.71	71	29
4211	0.71	71	29
4212	0.70	70	30
4213	0.70	70	30
4214	0.71	71	29
4215	0.71	71	29
4216	0.71	71	29
4217	0.71	71	29
4218	0.71	71	29
4219	0.71	71	29
4220	0.72	72	28
4221	0.72	72	28
4222	0.72	72	28
4223	0.72	72	28
4224	0.71	71	29
4225	0.71	71	29
4226	0.70	70	30
4227	0.70	70	30
4228	0.71	71	29
4229	0.71	71	29
4230	0.71	71	29
4231	0.71	71	29
4232	0.72	72	28
4233	0.72	72	28
4234	0.71	71	29
4235	0.71	71	29
4236	0.71	71	29
4237	0.71	71	29
4238	0.71	71	29
4239	0.70	70	30
4240	0.69	69	31
4241	0.69	69	31
4242	0.69	69	31
4243	0.69	69	31
4244	0.69	69	31
4245	0.69	69	31
4246	0.69	69	31
4247	0.69	69	31
4248	0.68	68	32
4249	0.69	69	31
4250	0.68	68	32
4251	0.68	68	32
4252	0.68	68	32
4253	0.68	68	32
4254	0.67	67	33
4255	0.67	67	33
4256	0.68	68	32
4257	0.69	69	31
4258	0.68	68	32
4259	0.68	68	32
4260	0.67	67	33
4261	0.67	67	33
4262	0.67	67	33
4263	0.67	67	33
4264	0.67	67	33
4265	0.67	67	33
4266	0.67	67	33
4267	0.68	68	32
4268	0.69	69	31
4269	0.68	68	32
4270	0.68	68	32
4271	0.69	69	31
4272	0.69	69	31
4273	0.68	68	32
4274	0.68	68	32
4275	0.68	68	32
4276	0.68	68	32
4277	0.68	68	32
4278	0.68	68	32
4279	0.68	68	32
4280	0.68	68	32
4281	0.69	69	31
4282	0.69	69	31
4283	0.70	70	30
4284	0.70	70	30
4285	0.69	69	31
4286	0.69	69	31
4287	0.70	70	30
4288	0.70	70	30
4289	0.69	69	31
4290	0.69	69	31
4291	0.69	69	31
4292	0.69	69	31
4293	0.70	70	30
4294	0.69	69	31
4295	0.68	68	32
4296	0.68	68	32
4297	0.69	69	31
4298	0.69	69	31
4299	0.69	69	31
4300	0.68	68	32
4301	0.68	68	32
4302	0.69	69	31
4303	0.70	70	30
4304	0.70	70	30
4305	0.70	70	30
4306	0.70	70	30
4307	0.70	70	30
4308	0.70	70	30
4309	0.71	71	29
4310	0.71	71	29
4311	0.70	70	30
4312	0.70	70	30
4313	0.69	69	31
4314	0.68	68	32
4315	0.68	68	32
4316	0.68	68	32
4317	0.68	68	32
4318	0.68	68	32
4319	0.69	69	31
4320	0.69	69	31
4321	0.69	69	31
4322	0.69	69	31
4323	0.69	69	31
4324	0.70	70	30
4325	0.69	69	31
4326	0.70	70	30
4327	0.69	69	31
4328	0.69	69	31
4329	0.69	69	31
4330	0.70	70	30
4331	0.71	71	29
4332	0.70	70	30
4333	0.71	71	29
4334	0.72	72	28
4335	0.72	72	28
4336	0.72	72	28
4337	0.71	71	29
4338	0.71	71	29
4339	0.72	72	28
4340	0.73	73	27
4341	0.72	72	28
4342	0.72	72	28
4343	0.72	72	28
4344	0.72	72	28
4345	0.72	72	28
4346	0.72	72	28
4347	0.72	72	28
4348	0.73	73	27
4349	0.73	73	27
4350	0.74	74	26
4351	0.75	75	25
4352	0.74	74	26
4353	0.75	75	25
4354	0.76	76	24
4355	0.76	76	24
4356	0.76	76	24
4357	0.76	76	24
4358	0.77	77	23
4359	0.77	77	23
4360	0.78	78	22
4361	0.78	78	22
4362	0.78	78	22
4363	0.78	78	22
4364	0.79	79	21
4365	0.79	79	21
4366	0.79	79	21
4367	0.79	79	21
4368	0.78	78	22
4369	0.79	79	21
4370	0.79	79	21
4371	0.79	79	21
4372	0.78	78	22
4373	0.79	79	21
4374	0.78	78	22
4375	0.78	78	22
4376	0.77	77	23
4377	0.77	77	23
4378	0.77	77	23
4379	0.77	77	23
4380	0.77	77	23
4381	0.77	77	23
4382	0.77	77	23
4383	0.77	77	23
4384	0.78	78	22
4385	0.79	79	21
4386	0.79	79	21
4387	0.79	79	21
4388	0.79	79	21
4389	0.80	80	20
4390	0.80	80	20
4391	0.79	79	21
4392	0.78	78	22
4393	0.78	78	22
4394	0.79	79	21
4395	0.80	80	20
4396	0.80	80	20
4397	0.80	80	20
4398	0.80	80	20
4399	0.80	80	20
4400	0.81	81	19
4401	0.81	81	19
4402	0.81	81	19
4403	0.81	81	19
4404	0.81	81	19
4405	0.81	81	19
4406	0.81	81	19
4407	0.81	81	19
4408	0.81	81	19
4409	0.81	81	19
4410	0.80	80	20
4411	0.81	81	19
4412	0.82	82	18
4413	0.83	83	17
4414	0.83	83	17
4415	0.83	83	17
4416	0.82	82	18
4417	0.81	81	19
4418	0.81	81	19
4419	0.81	81	19
4420	0.81	81	19
4421	0.81	81	19
4422	0.80	80	20
4423	0.80	80	20
4424	0.80	80	20
4425	0.80	80	20
4426	0.80	80	20
4427	0.81	81	19
4428	0.81	81	19
4429	0.80	80	20
4430	0.79	79	21
4431	0.79	79	21
4432	0.80	80	20
4433	0.80	80	20
4434	0.80	80	20
4435	0.80	80	20
4436	0.80	80	20
4437	0.81	81	19
4438	0.81	81	19
4439	0.81	81	19
4440	0.81	81	19
4441	0.82	82	18
4442	0.82	82	18
4443	0.81	81	19
4444	0.81	81	19
4445	0.81	81	19
4446	0.82	82	18
4447	0.82	82	18
4448	0.82	82	18
4449	0.82	82	18
4450	0.82	82	18
4451	0.82	82	18
4452	0.83	83	17
4453	0.82	82	18
4454	0.82	82	18
4455	0.82	82	18
4456	0.81	81	19
4457	0.81	81	19
4458	0.81	81	19
4459	0.81	81	19
4460	0.81	81	19
4461	0.81	81	19
4462	0.80	80	20
4463	0.80	80	20
4464	0.80	80	20
4465	0.81	81	19
4466	0.81	81	19
4467	0.80	80	20
4468	0.81	81	19
4469	0.81	81	19
4470	0.81	81	19
4471	0.80	80	20
4472	0.81	81	19
4473	0.81	81	19
4474	0.82	82	18
4475	0.82	82	18
4476	0.83	83	17
4477	0.83	83	17
4478	0.82	82	18
4479	0.81	81	19
4480	0.81	81	19
4481	0.81	81	19
4482	0.82	82	18
4483	0.82	82	18
4484	0.82	82	18
4485	0.82	82	18
4486	0.82	82	18
4487	0.82	82	18
4488	0.82	82	18
4489	0.82	82	18
4490	0.81	81	19
4491	0.82	82	18
4492	0.82	82	18
4493	0.82	82	18
4494	0.82	82	18
4495	0.81	81	19
4496	0.81	81	19
4497	0.80	80	20
4498	0.79	79	21
4499	0.79	79	21
4500	0.79	79	21
4501	0.78	78	22
4502	0.78	78	22
4503	0.78	78	22
4504	0.78	78	22
4505	0.78	78	22
4506	0.77	77	23
4507	0.77	77	23
4508	0.77	77	23
4509	0.77	77	23
4510	0.78	78	22
4511	0.78	78	22
4512	0.78	78	22
4513	0.77	77	23
4514	0.78	78	22
4515	0.78	78	22
4516	0.79	79	21
4517	0.80	80	20
4518	0.80	80	20
4519	0.80	80	20
4520	0.80	80	20
4521	0.80	80	20
4522	0.80	80	20
4523	0.79	79	21
4524	0.79	79	21
4525	0.80	80	20
4526	0.79	79	21
4527	0.79	79	21
4528	0.79	79	21
4529	0.80	80	20
4530	0.81	81	19
4531	0.80	80	20
4532	0.80	80	20
4533	0.80	80	20
4534	0.80	80	20
4535	0.80	80	20
4536	0.80	80	20
4537	0.80	80	20
4538	0.80	80	20
4539	0.80	80	20
4540	0.79	79	21
4541	0.79	79	21
4542	0.78	78	22
4543	0.79	79	21
4544	0.79	79	21
4545	0.79	79	21
4546	0.78	78	22
4547	0.78	78	22
4548	0.78	78	22
4549	0.77	77	23
4550	0.76	76	24
4551	0.76	76	24
4552	0.76	76	24
4553	0.77	77	23
4554	0.77	77	23
4555	0.77	77	23
4556	0.78	78	22
4557	0.78	78	22
4558	0.78	78	22
4559	0.77	77	23
4560	0.77	77	23
4561	0.77	77	23
4562	0.78	78	22
4563	0.77	77	23
4564	0.77	77	23
4565	0.77	77	23
4566	0.77	77	23
4567	0.78	78	22
4568	0.77	77	23
4569	0.77	77	23
4570	0.77	77	23
4571	0.78	78	22
4572	0.78	78	22
4573	0.78	78	22
4574	0.78	78	22
4575	0.78	78	22
4576	0.77	77	23
4577	0.77	77	23
4578	0.78	78	22
4579	0.79	79	21
4580	0.78	78	22
4581	0.77	77	23
4582	0.77	77	23
4583	0.77	77	23
4584	0.77	77	23
4585	0.76	76	24
4586	0.75	75	25
4587	0.75	75	25
4588	0.75	75	25
4589	0.75	75	25
4590	0.75	75	25
4591	0.75	75	25
4592	0.76	76	24
4593	0.75	75	25
4594	0.75	75	25
4595	0.76	76	24
4596	0.76	76	24
4597	0.77	77	23
4598	0.78	78	22
4599	0.78	78	22
4600	0.78	78	22
4601	0.78	78	22
4602	0.78	78	22
4603	0.78	78	22
4604	0.78	78	22
4605	0.77	77	23
4606	0.78	78	22
4607	0.78	78	22
4608	0.77	77	23
4609	0.77	77	23
4610	0.76	76	24
4611	0.75	75	25
4612	0.74	74	26
4613	0.75	75	25
4614	0.75	75	25
4615	0.75	75	25
4616	0.75	75	25
4617	0.75	75	25
4618	0.75	75	25
4619	0.75	75	25
4620	0.74	74	26
4621	0.74	74	26
4622	0.75	75	25
4623	0.76	76	24
4624	0.76	76	24
4625	0.76	76	24
4626	0.77	77	23
4627	0.77	77	23
4628	0.77	77	23
4629	0.77	77	23
4630	0.77	77	23
4631	0.78	78	22
4632	0.78	78	22
4633	0.78	78	22
4634	0.77	77	23
4635	0.77	77	23
4636	0.77	77	23
4637	0.77	77	23
4638	0.76	76	24
4639	0.75	75	25
4640	0.76	76	24
4641	0.76	76	24
4642	0.76	76	24
4643	0.75	75	25
4644	0.74	74	26
4645	0.73	73	27
4646	0.73	73	27
4647	0.73	73	27
4648	0.72	72	28
4649	0.73	73	27
4650	0.74	74	26
4651	0.74	74	26
4652	0.74	74	26
4653	0.74	74	26
4654	0.74	74	26
4655	0.74	74	26
4656	0.74	74	26
4657	0.74	74	26
4658	0.73	73	27
4659	0.74	74	26
4660	0.73	73	27
4661	0.73	73	27
4662	0.73	73	27
4663	0.74	74	26
4664	0.74	74	26
4665	0.73	73	27
4666	0.73	73	27
4667	0.73	73	27
4668	0.74	74	26
4669	0.74	74	26
4670	0.73	73	27
4671	0.72	72	28
4672	0.72	72	28
4673	0.72	72	28
4674	0.72	72	28
4675	0.72	72	28
4676	0.73	73	27
4677	0.73	73	27
4678	0.73	73	27
4679	0.73	73	27
4680	0.74	74	26
4681	0.75	75	25
4682	0.75	75	25
4683	0.75	75	25
4684	0.75	75	25
4685	0.76	76	24
4686	0.77	77	23
4687	0.77	77	23
4688	0.77	77	23
4689	0.77	77	23
4690	0.78	78	22
4691	0.78	78	22
4692	0.78	78	22
4693	0.78	78	22
4694	0.78	78	22
4695	0.78	78	22
4696	0.78	78	22
4697	0.77	77	23
4698	0.77	77	23
4699	0.77	77	23
4700	0.77	77	23
4701	0.78	78	22
4702	0.78	78	22
4703	0.78	78	22
4704	0.77	77	23
4705	0.78	78	22
4706	0.78	78	22
4707	0.78	78	22
4708	0.78	78	22
4709	0.78	78	22
4710	0.79	79	21
4711	0.80	80	20
4712	0.81	81	19
4713	0.80	80	20
4714	0.79	79	21
4715	0.79	79	21
4716	0.79	79	21
4717	0.79	79	21
4718	0.78	78	22
4719	0.78	78	22
4720	0.78	78	22
4721	0.78	78	22
4722	0.78	78	22
4723	0.78	78	22
4724	0.77	77	23
4725	0.76	76	24
4726	0.75	75	25
4727	0.75	75	25
4728	0.75	75	25
4729	0.75	75	25
4730	0.74	74	26
4731	0.74	74	26
4732	0.74	74	26
4733	0.74	74	26
4734	0.74	74	26
4735	0.73	73	27
4736	0.73	73	27
4737	0.73	73	27
4738	0.74	74	26
4739	0.75	75	25
4740	0.75	75	25
4741	0.75	75	25
4742	0.76	76	24
4743	0.76	76	24
4744	0.76	76	24
4745	0.77	77	23
4746	0.78	78	22
4747	0.78	78	22
4748	0.78	78	22
4749	0.78	78	22
4750	0.78	78	22
4751	0.78	78	22
4752	0.78	78	22
4753	0.77	77	23
4754	0.77	77	23
4755	0.77	77	23
4756	0.77	77	23
4757	0.77	77	23
4758	0.78	78	22
4759	0.78	78	22
4760	0.79	79	21
4761	0.78	78	22
4762	0.78	78	22
4763	0.78	78	22
4764	0.78	78	22
4765	0.79	79	21
4766	0.78	78	22
4767	0.78	78	22
4768	0.78	78	22
4769	0.78	78	22
4770	0.79	79	21
4771	0.80	80	20
4772	0.80	80	20
4773	0.80	80	20
4774	0.79	79	21
4775	0.79	79	21
4776	0.79	79	21
4777	0.79	79	21
4778	0.79	79	21
4779	0.78	78	22
4780	0.77	77	23
4781	0.77	77	23
4782	0.76	76	24
4783	0.75	75	25
4784	0.75	75	25
4785	0.75	75	25
4786	0.75	75	25
4787	0.75	75	25
4788	0.75	75	25
4789	0.75	75	25
4790	0.74	74	26
4791	0.74	74	26
4792	0.74	74	26
4793	0.75	75	25
4794	0.75	75	25
4795	0.75	75	25
4796	0.75	75	25
4797	0.75	75	25
4798	0.75	75	25
4799	0.75	75	25
4800	0.75	75	25
4801	0.75	75	25
4802	0.75	75	25
4803	0.75	75	25
4804	0.76	76	24
4805	0.75	75	25
4806	0.75	75	25
4807	0.75	75	25
4808	0.76	76	24
4809	0.75	75	25
4810	0.75	75	25
4811	0.75	75	25
4812	0.75	75	25
4813	0.76	76	24
4814	0.77	77	23
4815	0.77	77	23
4816	0.77	77	23
4817	0.77	77	23
4818	0.78	78	22
4819	0.78	78	22
4820	0.79	79	21
4821	0.79	79	21
4822	0.78	78	22
4823	0.78	78	22
4824	0.79	79	21
4825	0.80	80	20
4826	0.81	81	19
4827	0.81	81	19
4828	0.81	81	19
4829	0.81	81	19
4830	0.81	81	19
4831	0.81	81	19
4832	0.81	81	19
4833	0.81	81	19
4834	0.82	82	18
4835	0.83	83	17
4836	0.82	82	18
4837	0.82	82	18
4838	0.82	82	18
4839	0.82	82	18
4840	0.82	82	18
4841	0.81	81	19
4842	0.81	81	19
4843	0.82	82	18
4844	0.83	83	17
4845	0.82	82	18
4846	0.81	81	19
4847	0.80	80	20
4848	0.81	81	19
4849	0.81	81	19
4850	0.81	81	19
4851	0.81	81	19
4852	0.80	80	20
4853	0.80	80	20
4854	0.80	80	20
4855	0.80	80	20
4856	0.80	80	20
4857	0.80	80	20
4858	0.80	80	20
4859	0.80	80	20
4860	0.79	79	21
4861	0.79	79	21
4862	0.79	79	21
4863	0.79	79	21
4864	0.79	79	21
4865	0.79	79	21
4866	0.79	79	21
4867	0.78	78	22
4868	0.78	78	22
4869	0.78	78	22
4870	0.78	78	22
4871	0.78	78	22
4872	0.77	77	23
4873	0.77	77	23
4874	0.78	78	22
4875	0.78	78	22
4876	0.78	78	22
4877	0.78	78	22
4878	0.78	78	22
4879	0.79	79	21
4880	0.80	80	20
4881	0.80	80	20
4882	0.81	81	19
4883	0.82	82	18
4884	0.82	82	18
4885	0.82	82	18
4886	0.82	82	18
4887	0.82	82	18
4888	0.81	81	19
4889	0.81	81	19
4890	0.82	82	18
4891	0.82	82	18
4892	0.82	82	18
4893	0.81	81	19
4894	0.81	81	19
4895	0.81	81	19
4896	0.81	81	19
4897	0.82	82	18
4898	0.81	81	19
4899	0.81	81	19
4900	0.81	81	19
4901	0.81	81	19
4902	0.80	80	20
4903	0.80	80	20
4904	0.80	80	20
4905	0.80	80	20
4906	0.80	80	20
4907	0.79	79	21
4908	0.79	79	21
4909	0.79	79	21
4910	0.79	79	21
4911	0.79	79	21
4912	0.79	79	21
4913	0.79	79	21
4914	0.79	79	21
4915	0.78	78	22
4916	0.78	78	22
4917	0.78	78	22
4918	0.78	78	22
4919	0.78	78	22
4920	0.77	77	23
4921	0.77	77	23
4922	0.78	78	22
4923	0.78	78	22
4924	0.78	78	22
4925	0.78	78	22
4926	0.78	78	22
4927	0.78	78	22
4928	0.78	78	22
4929	0.78	78	22
4930	0.79	79	21
4931	0.79	79	21
4932	0.79	79	21
4933	0.79	79	21
4934	0.79	79	21
4935	0.79	79	21
4936	0.80	80	20
4937	0.79	79	21
4938	0.79	79	21
4939	0.79	79	21
4940	0.79	79	21
4941	0.80	80	20
4942	0.79	79	21
4943	0.79	79	21
4944	0.79	79	21
4945	0.80	80	20
4946	0.81	81	19
4947	0.81	81	19
4948	0.80	80	20
4949	0.80	80	20
4950	0.79	79	21
4951	0.79	79	21
4952	0.79	79	21
4953	0.80	80	20
4954	0.79	79	21
4955	0.79	79	21
4956	0.79	79	21
4957	0.79	79	21
4958	0.79	79	21
4959	0.78	78	22
4960	0.79	79	21
4961	0.79	79	21
4962	0.79	79	21
4963	0.78	78	22
4964	0.78	78	22
4965	0.77	77	23
4966	0.77	77	23
4967	0.78	78	22
4968	0.78	78	22
4969	0.78	78	22
4970	0.78	78	22
4971	0.78	78	22
4972	0.78	78	22
4973	0.78	78	22
4974	0.77	77	23
4975	0.76	76	24
4976	0.76	76	24
4977	0.76	76	24
4978	0.75	75	25
4979	0.75	75	25
4980	0.75	75	25
4981	0.75	75	25
4982	0.74	74	26
4983	0.74	74	26
4984	0.74	74	26
4985	0.74	74	26
4986	0.74	74	26
4987	0.73	73	27
4988	0.73	73	27
4989	0.73	73	27
4990	0.73	73	27
4991	0.72	72	28
4992	0.71	71	29
4993	0.72	72	28
4994	0.72	72	28
4995	0.72	72	28
4996	0.72	72	28
4997	0.72	72	28
4998	0.73	73	27
4999	0.73	73	27
5000	0.28	72	28
5001	0.29	71	29
5002	0.29	71	29
5003	0.29	71	29
5004	0.29	71	29
5005	0.29	71	29
5006	0.30	70	30
5007	0.30	70	30
5008	0.31	69	31
5009	0.30	70	30
5010	0.31	69	31
5011	0.31	69	31
5012	0.32	68	32
5013	0.33	67	33
5014	0.34	66	34
5015	0.34	66	34
5016	0.35	65	35
5017	0.36	64	36
5018	0.37	63	37
5019	0.38	62	38
5020	0.37	63	37
5021	0.37	63	37
5022	0.38	62	38
5023	0.39	61	39
5024	0.40	60	40
5025	0.41	59	41
5026	0.42	58	42
5027	0.43	57	43
5028	0.44	56	44
5029	0.45	55	45
5030	0.46	54	46
5031	0.47	53	47
5032	0.48	52	48
5033	0.48	52	48
5034	0.49	51	49
5035	0.49	51	49
5036	0.50	50	50
5037	0.49	51	49
5038	0.50	50	50
5039	0.51	49	51
5040	0.52	48	52
5041	0.53	47	53
5042	0.53	47	53
5043	0.54	46	54
5044	0.55	45	55
5045	0.56	44	56
5046	0.57	43	57
5047	0.56	44	56
5048	0.56	44	56
5049	0.56	44	56
5050	0.56	44	56
5051	0.57	43	57
5052	0.56	44	56
5053	0.57	43	57
5054	0.57	43	57
5055	0.57	43	57
5056	0.58	42	58
5057	0.59	41	59
5058	0.60	40	60
5059	0.60	40	60
5060	0.60	40	60
5061	0.60	40	60
5062	0.61	39	61
5063	0.60	40	60
5064	0.60	40	60
5065	0.60	40	60
5066	0.60	40	60
5067	0.60	40	60
5068	0.61	39	61
5069	0.62	38	62
5070	0.62	38	62
5071	0.62	38	62
5072	0.62	38	62
5073	0.62	38	62
5074	0.62	38	62
5075	0.62	38	62
5076	0.63	37	63
5077	0.63	37	63
5078	0.63	37	63
5079	0.64	36	64
5080	0.65	35	65
5081	0.66	34	66
5082	0.66	34	66
5083	0.67	33	67
5084	0.68	32	68
5085	0.69	31	69
5086	0.70	30	70
5087	0.70	30	70
5088	0.70	30	70
5089	0.71	29	71
5090	0.72	28	72
5091	0.72	28	72
5092	0.72	28	72
5093	0.73	27	73
5094	0.73	27	73
5095	0.73	27	73
5096	0.74	26	74
5097	0.74	26	74
5098	0.75	25	75
5099	0.75	25	75
5100	0.75	25	75
5101	0.74	26	74
5102	0.73	27	73
5103	0.74	26	74
5104	0.75	25	75
5105	0.75	25	75
5106	0.75	25	75
5107	0.75	25	75
5108	0.75	25	75
5109	0.76	24	76
5110	0.76	24	76
5111	0.77	23	77
5112	0.77	23	77
5113	0.77	23	77
5114	0.77	23	77
5115	0.77	23	77
5116	0.77	23	77
5117	0.77	23	77
5118	0.76	24	76
5119	0.76	24	76
5120	0.76	24	76
5121	0.77	23	77
5122	0.76	24	76
5123	0.75	25	75
5124	0.75	25	75
5125	0.75	25	75
5126	0.75	25	75
5127	0.75	25	75
5128	0.75	25	75
5129	0.75	25	75
5130	0.75	25	75
5131	0.75	25	75
5132	0.75	25	75
5133	0.75	25	75
5134	0.75	25	75
5135	0.76	24	76
5136	0.76	24	76
5137	0.77	23	77
5138	0.76	24	76
5139	0.76	24	76
5140	0.75	25	75
5141	0.75	25	75
5142	0.75	25	75
5143	0.74	26	74
5144	0.73	27	73
5145	0.73	27	73
5146	0.72	28	72
5147	0.72	28	72
5148	0.71	29	71
5149	0.72	28	72
5150	0.71	29	71
5151	0.70	30	70
5152	0.71	29	71
5153	0.71	29	71
5154	0.71	29	71
5155	0.72	28	72
5156	0.72	28	72
5157	0.71	29	71
5158	0.71	29	71
5159	0.71	29	71
5160	0.71	29	71
5161	0.70	30	70
5162	0.70	30	70
5163	0.70	30	70
5164	0.71	29	71
5165	0.71	29	71
5166	0.71	29	71
5167	0.72	28	72
5168	0.72	28	72
5169	0.71	29	71
5170	0.72	28	72
5171	0.73	27	73
5172	0.73	27	73
5173	0.73	27	73
5174	0.73	27	73
5175	0.72	28	72
5176	0.72	28	72
5177	0.73	27	73
5178	0.73	27	73
5179	0.73	27	73
5180	0.72	28	72
5181	0.71	29	71
5182	0.71	29	71
5183	0.70	30	70
5184	0.70	30	70
5185	0.70	30	70
5186	0.70	30	70
5187	0.70	30	70
5188	0.70	30	70
5189	0.70	30	70
5190	0.70	30	70
5191	0.70	30	70
5192	0.70	30	70
5193	0.70	30	70
5194	0.70	30	70
5195	0.71	29	71
5196	0.71	29	71
5197	0.72	28	72
5198	0.72	28	72
5199	0.72	28	72
5200	0.72	28	72
5201	0.73	27	73
5202	0.73	27	73
5203	0.73	27	73
5204	0.73	27	73
5205	0.73	27	73
5206	0.73	27	73
5207	0.73	27	73
5208	0.73	27	73
5209	0.73	27	73
5210	0.73	27	73
5211	0.73	27	73
5212	0.72	28	72
5213	0.72	28	72
5214	0.72	28	72
5215	0.71	29	71
5216	0.71	29	71
5217	0.71	29	71
5218	0.72	28	72
5219	0.72	28	72
5220	0.73	27	73
5221	0.73	27	73
5222	0.74	26	74
5223	0.75	25	75
5224	0.75	25	75
5225	0.75	25	75
5226	0.74	26	74
5227	0.74	26	74
5228	0.74	26	74
5229	0.74	26	74
5230	0.74	26	74
5231	0.74	26	74
5232	0.74	26	74
5233	0.75	25	75
5234	0.74	26	74
5235	0.74	26	74
5236	0.73	27	73
5237	0.73	27	73
5238	0.74	26	74
5239	0.74	26	74
5240	0.75	25	75
5241	0.75	25	75
5242	0.75	25	75
5243	0.75	25	75
5244	0.76	24	76
5245	0.76	24	76
5246	0.76	24	76
5247	0.77	23	77
5248	0.77	23	77
5249	0.76	24	76
5250	0.77	23	77
5251	0.78	22	78
5252	0.78	22	78
5253	0.78	22	78
5254	0.78	22	78
5255	0.78	22	78
5256	0.78	22	78
5257	0.79	21	79
5258	0.79	21	79
5259	0.79	21	79
5260	0.80	20	80
5261	0.80	20	80
5262	0.80	20	80
5263	0.81	19	81
5264	0.81	19	81
5265	0.81	19	81
5266	0.81	19	81
5267	0.81	19	81
5268	0.81	19	81
5269	0.82	18	82
5270	0.82	18	82
5271	0.82	18	82
5272	0.82	18	82
5273	0.82	18	82
5274	0.81	19	81
5275	0.81	19	81
5276	0.81	19	81
5277	0.81	19	81
5278	0.81	19	81
5279	0.81	19	81
5280	0.82	18	82
5281	0.83	17	83
5282	0.83	17	83
5283	0.84	16	84
5284	0.84	16	84
5285	0.84	16	84
5286	0.84	16	84
5287	0.84	16	84
5288	0.84	16	84
5289	0.84	16	84
5290	0.84	16	84
5291	0.84	16	84
5292	0.84	16	84
5293	0.84	16	84
5294	0.85	15	85
5295	0.85	15	85
5296	0.84	16	84
5297	0.84	16	84
5298	0.84	16	84
5299	0.85	15	85
5300	0.85	15	85
5301	0.85	15	85
5302	0.85	15	85
5303	0.85	15	85
5304	0.85	15	85
5305	0.84	16	84
5306	0.84	16	84
5307	0.84	16	84
5308	0.83	17	83
5309	0.83	17	83
5310	0.83	17	83
5311	0.83	17	83
5312	0.83	17	83
5313	0.82	18	82
5314	0.82	18	82
5315	0.83	17	83
5316	0.83	17	83
5317	0.82	18	82
5318	0.81	19	81
5319	0.81	19	81
5320	0.81	19	81
5321	0.81	19	81
5322	0.81	19	81
5323	0.81	19	81
5324	0.81	19	81
5325	0.80	20	80
5326	0.81	19	81
5327	0.81	19	81
5328	0.80	20	80
5329	0.80	20	80
5330	0.80	20	80
5331	0.79	21	79
5332	0.79	21	79
5333	0.79	21	79
5334	0.80	20	80
5335	0.79	21	79
5336	0.80	20	80
5337	0.79	21	79
5338	0.79	21	79
5339	0.79	21	79
5340	0.79	21	79
5341	0.79	21	79
5342	0.79	21	79
5343	0.80	20	80
5344	0.80	20	80
5345	0.80	20	80
5346	0.81	19	81
5347	0.81	19	81
5348	0.81	19	81
5349	0.81	19	81
5350	0.81	19	81
5351	0.81	19	81
5352	0.81	19	81
5353	0.81	19	81
5354	0.81	19	81
5355	0.81	19	81
5356	0.81	19	81
5357	0.81	19	81
5358	0.81	19	81
5359	0.80	20	80
5360	0.80	20	80
5361	0.80	20	80
5362	0.80	20	80
5363	0.79	21	79
5364	0.79	21	79
5365	0.79	21	79
5366	0.79	21	79
5367	0.78	22	78
5368	0.78	22	78
5369	0.78	22	78
5370	0.77	23	77
5371	0.77	23	77
5372	0.77	23	77
5373	0.77	23	77
5374	0.78	22	78
5375	0.79	21	79
5376	0.79	21	79
5377	0.79	21	79
5378	0.79	21	79
5379	0.79	21	79
5380	0.79	21	79
5381	0.78	22	78
5382	0.77	23	77
5383	0.77	23	77
5384	0.77	23	77
5385	0.77	23	77
5386	0.77	23	77
5387	0.77	23	77
5388	0.77	23	77
5389	0.76	24	76
5390	0.76	24	76
5391	0.76	24	76
5392	0.76	24	76
5393	0.76	24	76
5394	0.76	24	76
5395	0.76	24	76
5396	0.76	24	76
5397	0.76	24	76
5398	0.76	24	76
5399	0.75	25	75
5400	0.74	26	74
5401	0.74	26	74
5402	0.74	26	74
5403	0.73	27	73
5404	0.73	27	73
5405	0.74	26	74
5406	0.74	26	74
5407	0.74	26	74
5408	0.75	25	75
5409	0.75	25	75
5410	0.74	26	74
5411	0.74	26	74
5412	0.75	25	75
5413	0.76	24	76
5414	0.76	24	76
5415	0.75	25	75
5416	0.74	26	74
5417	0.75	25	75
5418	0.76	24	76
5419	0.76	24	76
5420	0.75	25	75
5421	0.74	26	74
5422	0.74	26	74
5423	0.73	27	73
5424	0.73	27	73
5425	0.73	27	73
5426	0.73	27	73
5427	0.72	28	72
5428	0.73	27	73
5429	0.73	27	73
5430	0.73	27	73
5431	0.74	26	74
5432	0.74	26	74
5433	0.74	26	74
5434	0.74	26	74
5435	0.75	25	75
5436	0.74	26	74
5437	0.75	25	75
5438	0.75	25	75
5439	0.75	25	75
5440	0.75	25	75
5441	0.75	25	75
5442	0.75	25	75
5443	0.75	25	75
5444	0.75	25	75
5445	0.74	26	74
5446	0.73	27	73
5447	0.73	27	73
5448	0.73	27	73
5449	0.74	26	74
5450	0.74	26	74
5451	0.73	27	73
5452	0.73	27	73
5453	0.73	27	73
5454	0.73	27	73
5455	0.73	27	73
5456	0.72	28	72
5457	0.71	29	71
5458	0.71	29	71
5459	0.72	28	72
5460	0.72	28	72
5461	0.73	27	73
5462	0.73	27	73
5463	0.74	26	74
5464	0.74	26	74
5465	0.74	26	74
5466	0.74	26	74
5467	0.75	25	75
5468	0.75	25	75
5469	0.75	25	75
5470	0.76	24	76
5471	0.76	24	76
5472	0.76	24	76
5473	0.77	23	77
5474	0.77	23	77
5475	0.77	23	77
5476	0.76	24	76
5477	0.76	24	76
5478	0.76	24	76
5479	0.76	24	76
5480	0.76	24	76
5481	0.76	24	76
5482	0.77	23	77
5483	0.77	23	77
5484	0.77	23	77
5485	0.77	23	77
5486	0.77	23	77
5487	0.77	23	77
5488	0.77	23	77
5489	0.78	22	78
5490	0.78	22	78
5491	0.78	22	78
5492	0.78	22	78
5493	0.78	22	78
5494	0.78	22	78
5495	0.78	22	78
5496	0.79	21	79
5497	0.79	21	79
5498	0.79	21	79
5499	0.80	20	80
5500	0.81	19	81
5501	0.81	19	81
5502	0.82	18	82
5503	0.83	17	83
5504	0.83	17	83
5505	0.83	17	83
5506	0.82	18	82
5507	0.81	19	81
5508	0.81	19	81
5509	0.80	20	80
5510	0.81	19	81
5511	0.81	19	81
5512	0.81	19	81
5513	0.81	19	81
5514	0.81	19	81
5515	0.81	19	81
5516	0.82	18	82
5517	0.81	19	81
5518	0.81	19	81
5519	0.81	19	81
5520	0.82	18	82
5521	0.82	18	82
5522	0.82	18	82
5523	0.83	17	83
5524	0.82	18	82
5525	0.82	18	82
5526	0.81	19	81
5527	0.82	18	82
5528	0.81	19	81
5529	0.80	20	80
5530	0.80	20	80
5531	0.80	20	80
5532	0.79	21	79
5533	0.79	21	79
5534	0.79	21	79
5535	0.79	21	79
5536	0.80	20	80
5537	0.80	20	80
5538	0.80	20	80
5539	0.80	20	80
5540	0.80	20	80
5541	0.80	20	80
5542	0.80	20	80
5543	0.79	21	79
5544	0.79	21	79
5545	0.80	20	80
5546	0.81	19	81
5547	0.81	19	81
5548	0.82	18	82
5549	0.82	18	82
5550	0.82	18	82
5551	0.83	17	83
5552	0.83	17	83
5553	0.82	18	82
5554	0.82	18	82
5555	0.82	18	82
5556	0.83	17	83
5557	0.84	16	84
5558	0.84	16	84
5559	0.84	16	84
5560	0.84	16	84
5561	0.84	16	84
5562	0.84	16	84
5563	0.84	16	84
5564	0.84	16	84
5565	0.84	16	84
5566	0.84	16	84
5567	0.84	16	84
5568	0.84	16	84
5569	0.84	16	84
5570	0.84	16	84
5571	0.83	17	83
5572	0.82	18	82
5573	0.82	18	82
5574	0.82	18	82
5575	0.81	19	81
5576	0.82	18	82
5577	0.82	18	82
5578	0.82	18	82
5579	0.82	18	82
5580	0.82	18	82
5581	0.82	18	82
5582	0.82	18	82
5583	0.82	18	82
5584	0.82	18	82
5585	0.82	18	82
5586	0.82	18	82
5587	0.82	18	82
5588	0.81	19	81
5589	0.80	20	80
5590	0.80	20	80
5591	0.80	20	80
5592	0.80	20	80
5593	0.80	20	80
5594	0.80	20	80
5595	0.80	20	80
5596	0.79	21	79
5597	0.79	21	79
5598	0.79	21	79
5599	0.79	21	79
5600	0.79	21	79
5601	0.79	21	79
5602	0.79	21	79
5603	0.79	21	79
5604	0.79	21	79
5605	0.79	21	79
5606	0.79	21	79
5607	0.80	20	80
5608	0.80	20	80
5609	0.81	19	81
5610	0.81	19	81
5611	0.81	19	81
5612	0.81	19	81
5613	0.80	20	80
5614	0.80	20	80
5615	0.81	19	81
5616	0.81	19	81
5617	0.82	18	82
5618	0.82	18	82
5619	0.81	19	81
5620	0.81	19	81
5621	0.81	19	81
5622	0.80	20	80
5623	0.80	20	80
5624	0.81	19	81
5625	0.82	18	82
5626	0.83	17	83
5627	0.83	17	83
5628	0.83	17	83
5629	0.83	17	83
5630	0.83	17	83
5631	0.82	18	82
5632	0.83	17	83
5633	0.83	17	83
5634	0.82	18	82
5635	0.81	19	81
5636	0.81	19	81
5637	0.80	20	80
5638	0.80	20	80
5639	0.80	20	80
5640	0.80	20	80
5641	0.80	20	80
5642	0.79	21	79
5643	0.79	21	79
5644	0.79	21	79
5645	0.79	21	79
5646	0.79	21	79
5647	0.79	21	79
5648	0.79	21	79
5649	0.79	21	79
5650	0.79	21	79
5651	0.79	21	79
5652	0.79	21	79
5653	0.79	21	79
5654	0.78	22	78
5655	0.78	22	78
5656	0.78	22	78
5657	0.77	23	77
5658	0.77	23	77
5659	0.77	23	77
5660	0.77	23	77
5661	0.77	23	77
5662	0.77	23	77
5663	0.76	24	76
5664	0.76	24	76
5665	0.76	24	76
5666	0.75	25	75
5667	0.75	25	75
5668	0.75	25	75
5669	0.75	25	75
5670	0.75	25	75
5671	0.76	24	76
5672	0.77	23	77
5673	0.77	23	77
5674	0.77	23	77
5675	0.78	22	78
5676	0.78	22	78
5677	0.77	23	77
5678	0.77	23	77
5679	0.77	23	77
5680	0.76	24	76
5681	0.77	23	77
5682	0.77	23	77
5683	0.77	23	77
5684	0.77	23	77
5685	0.77	23	77
5686	0.76	24	76
5687	0.76	24	76
5688	0.77	23	77
5689	0.77	23	77
5690	0.77	23	77
5691	0.77	23	77
5692	0.77	23	77
5693	0.77	23	77
5694	0.77	23	77
5695	0.77	23	77
5696	0.78	22	78
5697	0.78	22	78
5698	0.78	22	78
5699	0.78	22	78
5700	0.78	22	78
5701	0.77	23	77
5702	0.77	23	77
5703	0.77	23	77
5704	0.77	23	77
5705	0.77	23	77
5706	0.78	22	78
5707	0.77	23	77
5708	0.77	23	77
5709	0.77	23	77
5710	0.77	23	77
5711	0.77	23	77
5712	0.76	24	76
5713	0.77	23	77
5714	0.77	23	77
5715	0.77	23	77
5716	0.76	24	76
5717	0.76	24	76
5718	0.75	25	75
5719	0.75	25	75
5720	0.75	25	75
5721	0.76	24	76
5722	0.77	23	77
5723	0.77	23	77
5724	0.77	23	77
5725	0.76	24	76
5726	0.76	24	76
5727	0.76	24	76
5728	0.77	23	77
5729	0.77	23	77
5730	0.76	24	76
5731	0.77	23	77
5732	0.76	24	76
5733	0.76	24	76
5734	0.76	24	76
5735	0.76	24	76
5736	0.76	24	76
5737	0.77	23	77
5738	0.77	23	77
5739	0.77	23	77
5740	0.77	23	77
5741	0.76	24	76
5742	0.77	23	77
5743	0.78	22	78
5744	0.77	23	77
5745	0.76	24	76
5746	0.76	24	76
5747	0.76	24	76
5748	0.76	24	76
5749	0.76	24	76
5750	0.76	24	76
5751	0.76	24	76
5752	0.76	24	76
5753	0.77	23	77
5754	0.78	22	78
5755	0.78	22	78
5756	0.78	22	78
5757	0.79	21	79
5758	0.79	21	79
5759	0.79	21	79
5760	0.79	21	79
5761	0.79	21	79
5762	0.79	21	79
5763	0.80	20	80
5764	0.80	20	80
5765	0.80	20	80
5766	0.81	19	81
5767	0.81	19	81
5768	0.80	20	80
5769	0.80	20	80
5770	0.80	20	80
5771	0.79	21	79
5772	0.79	21	79
5773	0.79	21	79
5774	0.79	21	79
5775	0.79	21	79
5776	0.79	21	79
5777	0.79	21	79
5778	0.79	21	79
5779	0.79	21	79
5780	0.80	20	80
5781	0.79	21	79
5782	0.78	22	78
5783	0.78	22	78
5784	0.77	23	77
5785	0.77	23	77
5786	0.78	22	78
5787	0.78	22	78
5788	0.78	22	78
5789	0.79	21	79
5790	0.79	21	79
5791	0.79	21	79
5792	0.79	21	79
5793	0.78	22	78
5794	0.77	23	77
5795	0.77	23	77
5796	0.76	24	76
5797	0.76	24	76
5798	0.75	25	75
5799	0.75	25	75
5800	0.75	25	75
5801	0.76	24	76
5802	0.76	24	76
5803	0.75	25	75
5804	0.75	25	75
5805	0.75	25	75
5806	0.74	26	74
5807	0.75	25	75
5808	0.75	25	75
5809	0.75	25	75
5810	0.75	25	75
5811	0.75	25	75
5812	0.76	24	76
5813	0.76	24	76
5814	0.76	24	76
5815	0.76	24	76
5816	0.76	24	76
5817	0.76	24	76
5818	0.77	23	77
5819	0.77	23	77
5820	0.77	23	77
5821	0.77	23	77
5822	0.77	23	77
5823	0.77	23	77
5824	0.77	23	77
5825	0.78	22	78
5826	0.78	22	78
5827	0.78	22	78
5828	0.78	22	78
5829	0.79	21	79
5830	0.80	20	80
5831	0.80	20	80
5832	0.81	19	81
5833	0.81	19	81
5834	0.82	18	82
5835	0.83	17	83
5836	0.83	17	83
5837	0.82	18	82
5838	0.82	18	82
5839	0.82	18	82
5840	0.82	18	82
5841	0.83	17	83
5842	0.83	17	83
5843	0.83	17	83
5844	0.84	16	84
5845	0.85	15	85
5846	0.85	15	85
5847	0.85	15	85
5848	0.85	15	85
5849	0.84	16	84
5850	0.83	17	83
5851	0.83	17	83
5852	0.83	17	83
5853	0.82	18	82
5854	0.82	18	82
5855	0.81	19	81
5856	0.81	19	81
5857	0.81	19	81
5858	0.81	19	81
5859	0.81	19	81
5860	0.81	19	81
5861	0.81	19	81
5862	0.81	19	81
5863	0.81	19	81
5864	0.81	19	81
5865	0.81	19	81
5866	0.81	19	81
5867	0.81	19	81
5868	0.82	18	82
5869	0.81	19	81
5870	0.80	20	80
5871	0.81	19	81
5872	0.80	20	80
5873	0.80	20	80
5874	0.80	20	80
5875	0.79	21	79
5876	0.78	22	78
5877	0.79	21	79
5878	0.79	21	79
5879	0.79	21	79
5880	0.79	21	79
5881	0.80	20	80
5882	0.81	19	81
5883	0.81	19	81
5884	0.82	18	82
5885	0.82	18	82
5886	0.82	18	82
5887	0.82	18	82
5888	0.82	18	82
5889	0.81	19	81
5890	0.80	20	80
5891	0.80	20	80
5892	0.80	20	80
5893	0.81	19	81
5894	0.81	19	81
5895	0.81	19	81
5896	0.81	19	81
5897	0.81	19	81
5898	0.82	18	82
5899	0.82	18	82
5900	0.82	18	82
5901	0.82	18	82
5902	0.82	18	82
5903	0.83	17	83
5904	0.82	18	82
5905	0.82	18	82
5906	0.82	18	82
5907	0.82	18	82
5908	0.81	19	81
5909	0.81	19	81
5910	0.80	20	80
5911	0.79	21	79
5912	0.79	21	79
5913	0.79	21	79
5914	0.78	22	78
5915	0.78	22	78
5916	0.78	22	78
5917	0.77	23	77
5918	0.77	23	77
5919	0.77	23	77
5920	0.77	23	77
5921	0.77	23	77
5922	0.76	24	76
5923	0.76	24	76
5924	0.76	24	76
5925	0.76	24	76
5926	0.76	24	76
5927	0.76	24	76
5928	0.76	24	76
5929	0.76	24	76
5930	0.76	24	76
5931	0.76	24	76
5932	0.76	24	76
5933	0.76	24	76
5934	0.76	24	76
5935	0.75	25	75
5936	0.74	26	74
5937	0.75	25	75
5938	0.75	25	75
5939	0.75	25	75
5940	0.75	25	75
5941	0.74	26	74
5942	0.74	26	74
5943	0.74	26	74
5944	0.74	26	74
5945	0.74	26	74
5946	0.73	27	73
5947	0.73	27	73
5948	0.73	27	73
5949	0.74	26	74
5950	0.75	25	75
5951	0.74	26	74
5952	0.73	27	73
5953	0.73	27	73
5954	0.73	27	73
5955	0.74	26	74
5956	0.74	26	74
5957	0.74	26	74
5958	0.74	26	74
5959	0.74	26	74
5960	0.74	26	74
5961	0.74	26	74
5962	0.74	26	74
5963	0.74	26	74
5964	0.74	26	74
5965	0.74	26	74
5966	0.74	26	74
5967	0.73	27	73
5968	0.73	27	73
5969	0.74	26	74
5970	0.75	25	75
5971	0.75	25	75
5972	0.76	24	76
5973	0.76	24	76
5974	0.75	25	75
5975	0.76	24	76
5976	0.77	23	77
5977	0.77	23	77
5978	0.77	23	77
5979	0.77	23	77
5980	0.77	23	77
5981	0.76	24	76
5982	0.76	24	76
5983	0.75	25	75
5984	0.75	25	75
5985	0.75	25	75
5986	0.75	25	75
5987	0.74	26	74
5988	0.74	26	74
5989	0.74	26	74
5990	0.74	26	74
5991	0.74	26	74
5992	0.73	27	73
5993	0.72	28	72
5994	0.73	27	73
5995	0.73	27	73
5996	0.74	26	74
5997	0.74	26	74
5998	0.74	26	74
5999	0.73	27	73
