timestep	swarm_quality	color_0	color_1
0	0.69	69	31
1	0.69	69	31
2	0.69	69	31
3	0.69	69	31
4	0.69	69	31
5	0.69	69	31
6	0.69	69	31
7	0.69	69	31
8	0.68	68	32
9	0.68	68	32
10	0.68	68	32
11	0.68	68	32
12	0.68	68	32
13	0.68	68	32
14	0.68	68	32
15	0.67	67	33
16	0.67	67	33
17	0.67	67	33
18	0.66	66	34
19	0.66	66	34
20	0.66	66	34
21	0.66	66	34
22	0.65	65	35
23	0.65	65	35
24	0.64	64	36
25	0.63	63	37
26	0.63	63	37
27	0.63	63	37
28	0.63	63	37
29	0.62	62	38
30	0.62	62	38
31	0.62	62	38
32	0.62	62	38
33	0.62	62	38
34	0.62	62	38
35	0.61	61	39
36	0.61	61	39
37	0.61	61	39
38	0.61	61	39
39	0.60	60	40
40	0.60	60	40
41	0.59	59	41
42	0.58	58	42
43	0.57	57	43
44	0.57	57	43
45	0.56	56	44
46	0.56	56	44
47	0.56	56	44
48	0.56	56	44
49	0.56	56	44
50	0.56	56	44
51	0.55	55	45
52	0.55	55	45
53	0.55	55	45
54	0.55	55	45
55	0.54	54	46
56	0.54	54	46
57	0.54	54	46
58	0.53	53	47
59	0.52	52	48
60	0.52	52	48
61	0.52	52	48
62	0.52	52	48
63	0.51	51	49
64	0.51	51	49
65	0.51	51	49
66	0.51	51	49
67	0.50	50	50
68	0.50	50	50
69	0.50	50	50
70	0.51	51	49
71	0.52	52	48
72	0.53	53	47
73	0.54	54	46
74	0.54	54	46
75	0.55	55	45
76	0.55	55	45
77	0.56	56	44
78	0.57	57	43
79	0.58	58	42
80	0.59	59	41
81	0.59	59	41
82	0.60	60	40
83	0.61	61	39
84	0.61	61	39
85	0.61	61	39
86	0.62	62	38
87	0.63	63	37
88	0.64	64	36
89	0.65	65	35
90	0.66	66	34
91	0.67	67	33
92	0.68	68	32
93	0.69	69	31
94	0.70	70	30
95	0.71	71	29
96	0.72	72	28
97	0.72	72	28
98	0.73	73	27
99	0.74	74	26
100	0.75	75	25
101	0.75	75	25
102	0.75	75	25
103	0.75	75	25
104	0.75	75	25
105	0.75	75	25
106	0.75	75	25
107	0.75	75	25
108	0.76	76	24
109	0.76	76	24
110	0.76	76	24
111	0.76	76	24
112	0.75	75	25
113	0.75	75	25
114	0.75	75	25
115	0.76	76	24
116	0.76	76	24
117	0.76	76	24
118	0.77	77	23
119	0.77	77	23
120	0.77	77	23
121	0.76	76	24
122	0.77	77	23
123	0.76	76	24
124	0.77	77	23
125	0.78	78	22
126	0.78	78	22
127	0.78	78	22
128	0.78	78	22
129	0.78	78	22
130	0.78	78	22
131	0.78	78	22
132	0.78	78	22
133	0.78	78	22
134	0.78	78	22
135	0.78	78	22
136	0.78	78	22
137	0.78	78	22
138	0.78	78	22
139	0.78	78	22
140	0.78	78	22
141	0.79	79	21
142	0.80	80	20
143	0.81	81	19
144	0.80	80	20
145	0.81	81	19
146	0.80	80	20
147	0.80	80	20
148	0.79	79	21
149	0.79	79	21
150	0.79	79	21
151	0.80	80	20
152	0.79	79	21
153	0.79	79	21
154	0.78	78	22
155	0.79	79	21
156	0.79	79	21
157	0.79	79	21
158	0.80	80	20
159	0.81	81	19
160	0.80	80	20
161	0.80	80	20
162	0.80	80	20
163	0.81	81	19
164	0.80	80	20
165	0.80	80	20
166	0.80	80	20
167	0.81	81	19
168	0.80	80	20
169	0.80	80	20
170	0.79	79	21
171	0.78	78	22
172	0.78	78	22
173	0.78	78	22
174	0.79	79	21
175	0.79	79	21
176	0.79	79	21
177	0.79	79	21
178	0.78	78	22
179	0.78	78	22
180	0.78	78	22
181	0.78	78	22
182	0.78	78	22
183	0.78	78	22
184	0.79	79	21
185	0.80	80	20
186	0.80	80	20
187	0.80	80	20
188	0.80	80	20
189	0.80	80	20
190	0.79	79	21
191	0.79	79	21
192	0.79	79	21
193	0.79	79	21
194	0.78	78	22
195	0.78	78	22
196	0.77	77	23
197	0.78	78	22
198	0.78	78	22
199	0.78	78	22
200	0.78	78	22
201	0.78	78	22
202	0.78	78	22
203	0.78	78	22
204	0.78	78	22
205	0.78	78	22
206	0.78	78	22
207	0.77	77	23
208	0.77	77	23
209	0.77	77	23
210	0.76	76	24
211	0.76	76	24
212	0.77	77	23
213	0.77	77	23
214	0.77	77	23
215	0.76	76	24
216	0.76	76	24
217	0.75	75	25
218	0.75	75	25
219	0.75	75	25
220	0.75	75	25
221	0.76	76	24
222	0.75	75	25
223	0.75	75	25
224	0.74	74	26
225	0.74	74	26
226	0.74	74	26
227	0.74	74	26
228	0.74	74	26
229	0.74	74	26
230	0.74	74	26
231	0.73	73	27
232	0.72	72	28
233	0.72	72	28
234	0.72	72	28
235	0.72	72	28
236	0.72	72	28
237	0.72	72	28
238	0.72	72	28
239	0.73	73	27
240	0.73	73	27
241	0.73	73	27
242	0.73	73	27
243	0.73	73	27
244	0.74	74	26
245	0.74	74	26
246	0.75	75	25
247	0.74	74	26
248	0.75	75	25
249	0.75	75	25
250	0.75	75	25
251	0.75	75	25
252	0.76	76	24
253	0.76	76	24
254	0.77	77	23
255	0.77	77	23
256	0.77	77	23
257	0.77	77	23
258	0.77	77	23
259	0.76	76	24
260	0.76	76	24
261	0.75	75	25
262	0.75	75	25
263	0.75	75	25
264	0.76	76	24
265	0.75	75	25
266	0.75	75	25
267	0.75	75	25
268	0.76	76	24
269	0.75	75	25
270	0.76	76	24
271	0.77	77	23
272	0.77	77	23
273	0.77	77	23
274	0.77	77	23
275	0.77	77	23
276	0.78	78	22
277	0.77	77	23
278	0.77	77	23
279	0.77	77	23
280	0.76	76	24
281	0.76	76	24
282	0.75	75	25
283	0.75	75	25
284	0.75	75	25
285	0.75	75	25
286	0.75	75	25
287	0.75	75	25
288	0.74	74	26
289	0.74	74	26
290	0.75	75	25
291	0.74	74	26
292	0.74	74	26
293	0.74	74	26
294	0.74	74	26
295	0.74	74	26
296	0.74	74	26
297	0.74	74	26
298	0.74	74	26
299	0.73	73	27
300	0.72	72	28
301	0.71	71	29
302	0.71	71	29
303	0.71	71	29
304	0.71	71	29
305	0.70	70	30
306	0.70	70	30
307	0.70	70	30
308	0.70	70	30
309	0.70	70	30
310	0.71	71	29
311	0.70	70	30
312	0.70	70	30
313	0.70	70	30
314	0.70	70	30
315	0.71	71	29
316	0.70	70	30
317	0.71	71	29
318	0.71	71	29
319	0.71	71	29
320	0.71	71	29
321	0.71	71	29
322	0.71	71	29
323	0.72	72	28
324	0.72	72	28
325	0.71	71	29
326	0.70	70	30
327	0.70	70	30
328	0.70	70	30
329	0.70	70	30
330	0.70	70	30
331	0.70	70	30
332	0.71	71	29
333	0.71	71	29
334	0.71	71	29
335	0.72	72	28
336	0.71	71	29
337	0.71	71	29
338	0.70	70	30
339	0.69	69	31
340	0.69	69	31
341	0.68	68	32
342	0.68	68	32
343	0.68	68	32
344	0.68	68	32
345	0.68	68	32
346	0.67	67	33
347	0.68	68	32
348	0.67	67	33
349	0.67	67	33
350	0.67	67	33
351	0.67	67	33
352	0.67	67	33
353	0.67	67	33
354	0.66	66	34
355	0.66	66	34
356	0.66	66	34
357	0.65	65	35
358	0.65	65	35
359	0.66	66	34
360	0.67	67	33
361	0.68	68	32
362	0.68	68	32
363	0.68	68	32
364	0.67	67	33
365	0.67	67	33
366	0.67	67	33
367	0.67	67	33
368	0.66	66	34
369	0.66	66	34
370	0.66	66	34
371	0.65	65	35
372	0.65	65	35
373	0.64	64	36
374	0.63	63	37
375	0.63	63	37
376	0.63	63	37
377	0.64	64	36
378	0.65	65	35
379	0.64	64	36
380	0.65	65	35
381	0.65	65	35
382	0.66	66	34
383	0.66	66	34
384	0.66	66	34
385	0.66	66	34
386	0.66	66	34
387	0.66	66	34
388	0.67	67	33
389	0.67	67	33
390	0.67	67	33
391	0.68	68	32
392	0.68	68	32
393	0.68	68	32
394	0.69	69	31
395	0.68	68	32
396	0.69	69	31
397	0.69	69	31
398	0.68	68	32
399	0.68	68	32
400	0.69	69	31
401	0.70	70	30
402	0.70	70	30
403	0.70	70	30
404	0.70	70	30
405	0.70	70	30
406	0.69	69	31
407	0.70	70	30
408	0.70	70	30
409	0.70	70	30
410	0.70	70	30
411	0.70	70	30
412	0.70	70	30
413	0.70	70	30
414	0.70	70	30
415	0.69	69	31
416	0.70	70	30
417	0.69	69	31
418	0.69	69	31
419	0.69	69	31
420	0.69	69	31
421	0.69	69	31
422	0.69	69	31
423	0.69	69	31
424	0.70	70	30
425	0.70	70	30
426	0.71	71	29
427	0.71	71	29
428	0.71	71	29
429	0.72	72	28
430	0.72	72	28
431	0.73	73	27
432	0.72	72	28
433	0.72	72	28
434	0.72	72	28
435	0.72	72	28
436	0.73	73	27
437	0.73	73	27
438	0.74	74	26
439	0.75	75	25
440	0.74	74	26
441	0.75	75	25
442	0.75	75	25
443	0.75	75	25
444	0.75	75	25
445	0.75	75	25
446	0.76	76	24
447	0.76	76	24
448	0.77	77	23
449	0.76	76	24
450	0.76	76	24
451	0.76	76	24
452	0.76	76	24
453	0.76	76	24
454	0.77	77	23
455	0.77	77	23
456	0.77	77	23
457	0.78	78	22
458	0.78	78	22
459	0.78	78	22
460	0.78	78	22
461	0.78	78	22
462	0.78	78	22
463	0.78	78	22
464	0.79	79	21
465	0.80	80	20
466	0.80	80	20
467	0.80	80	20
468	0.81	81	19
469	0.81	81	19
470	0.80	80	20
471	0.81	81	19
472	0.81	81	19
473	0.82	82	18
474	0.82	82	18
475	0.81	81	19
476	0.81	81	19
477	0.81	81	19
478	0.81	81	19
479	0.82	82	18
480	0.81	81	19
481	0.82	82	18
482	0.82	82	18
483	0.82	82	18
484	0.81	81	19
485	0.81	81	19
486	0.80	80	20
487	0.80	80	20
488	0.79	79	21
489	0.79	79	21
490	0.79	79	21
491	0.79	79	21
492	0.79	79	21
493	0.79	79	21
494	0.78	78	22
495	0.78	78	22
496	0.78	78	22
497	0.77	77	23
498	0.78	78	22
499	0.79	79	21
500	0.79	79	21
501	0.78	78	22
502	0.78	78	22
503	0.77	77	23
504	0.77	77	23
505	0.78	78	22
506	0.78	78	22
507	0.77	77	23
508	0.76	76	24
509	0.76	76	24
510	0.76	76	24
511	0.77	77	23
512	0.77	77	23
513	0.77	77	23
514	0.77	77	23
515	0.78	78	22
516	0.77	77	23
517	0.78	78	22
518	0.78	78	22
519	0.78	78	22
520	0.77	77	23
521	0.77	77	23
522	0.78	78	22
523	0.78	78	22
524	0.78	78	22
525	0.78	78	22
526	0.78	78	22
527	0.78	78	22
528	0.78	78	22
529	0.78	78	22
530	0.77	77	23
531	0.77	77	23
532	0.78	78	22
533	0.78	78	22
534	0.78	78	22
535	0.77	77	23
536	0.76	76	24
537	0.75	75	25
538	0.75	75	25
539	0.75	75	25
540	0.76	76	24
541	0.76	76	24
542	0.76	76	24
543	0.75	75	25
544	0.74	74	26
545	0.73	73	27
546	0.73	73	27
547	0.73	73	27
548	0.72	72	28
549	0.73	73	27
550	0.72	72	28
551	0.72	72	28
552	0.71	71	29
553	0.71	71	29
554	0.71	71	29
555	0.71	71	29
556	0.71	71	29
557	0.70	70	30
558	0.70	70	30
559	0.70	70	30
560	0.70	70	30
561	0.70	70	30
562	0.70	70	30
563	0.69	69	31
564	0.69	69	31
565	0.69	69	31
566	0.68	68	32
567	0.68	68	32
568	0.68	68	32
569	0.69	69	31
570	0.70	70	30
571	0.70	70	30
572	0.70	70	30
573	0.70	70	30
574	0.71	71	29
575	0.72	72	28
576	0.72	72	28
577	0.72	72	28
578	0.72	72	28
579	0.71	71	29
580	0.72	72	28
581	0.71	71	29
582	0.70	70	30
583	0.70	70	30
584	0.71	71	29
585	0.71	71	29
586	0.72	72	28
587	0.72	72	28
588	0.72	72	28
589	0.71	71	29
590	0.71	71	29
591	0.71	71	29
592	0.71	71	29
593	0.71	71	29
594	0.72	72	28
595	0.73	73	27
596	0.73	73	27
597	0.74	74	26
598	0.73	73	27
599	0.73	73	27
600	0.72	72	28
601	0.72	72	28
602	0.71	71	29
603	0.72	72	28
604	0.72	72	28
605	0.72	72	28
606	0.73	73	27
607	0.74	74	26
608	0.74	74	26
609	0.74	74	26
610	0.73	73	27
611	0.73	73	27
612	0.73	73	27
613	0.73	73	27
614	0.73	73	27
615	0.73	73	27
616	0.74	74	26
617	0.74	74	26
618	0.74	74	26
619	0.74	74	26
620	0.74	74	26
621	0.74	74	26
622	0.73	73	27
623	0.73	73	27
624	0.73	73	27
625	0.74	74	26
626	0.74	74	26
627	0.74	74	26
628	0.73	73	27
629	0.73	73	27
630	0.74	74	26
631	0.74	74	26
632	0.74	74	26
633	0.74	74	26
634	0.74	74	26
635	0.75	75	25
636	0.76	76	24
637	0.77	77	23
638	0.77	77	23
639	0.76	76	24
640	0.76	76	24
641	0.76	76	24
642	0.75	75	25
643	0.76	76	24
644	0.77	77	23
645	0.78	78	22
646	0.77	77	23
647	0.77	77	23
648	0.78	78	22
649	0.78	78	22
650	0.78	78	22
651	0.78	78	22
652	0.79	79	21
653	0.79	79	21
654	0.79	79	21
655	0.79	79	21
656	0.79	79	21
657	0.80	80	20
658	0.79	79	21
659	0.79	79	21
660	0.78	78	22
661	0.78	78	22
662	0.78	78	22
663	0.78	78	22
664	0.78	78	22
665	0.78	78	22
666	0.79	79	21
667	0.78	78	22
668	0.78	78	22
669	0.78	78	22
670	0.77	77	23
671	0.76	76	24
672	0.75	75	25
673	0.74	74	26
674	0.74	74	26
675	0.74	74	26
676	0.74	74	26
677	0.73	73	27
678	0.73	73	27
679	0.74	74	26
680	0.74	74	26
681	0.75	75	25
682	0.76	76	24
683	0.75	75	25
684	0.74	74	26
685	0.74	74	26
686	0.74	74	26
687	0.74	74	26
688	0.75	75	25
689	0.76	76	24
690	0.76	76	24
691	0.76	76	24
692	0.76	76	24
693	0.76	76	24
694	0.76	76	24
695	0.75	75	25
696	0.74	74	26
697	0.74	74	26
698	0.74	74	26
699	0.74	74	26
700	0.74	74	26
701	0.75	75	25
702	0.76	76	24
703	0.76	76	24
704	0.75	75	25
705	0.75	75	25
706	0.75	75	25
707	0.75	75	25
708	0.76	76	24
709	0.76	76	24
710	0.77	77	23
711	0.77	77	23
712	0.77	77	23
713	0.77	77	23
714	0.77	77	23
715	0.77	77	23
716	0.77	77	23
717	0.76	76	24
718	0.75	75	25
719	0.75	75	25
720	0.76	76	24
721	0.76	76	24
722	0.77	77	23
723	0.76	76	24
724	0.75	75	25
725	0.75	75	25
726	0.75	75	25
727	0.75	75	25
728	0.75	75	25
729	0.74	74	26
730	0.73	73	27
731	0.73	73	27
732	0.73	73	27
733	0.73	73	27
734	0.73	73	27
735	0.73	73	27
736	0.73	73	27
737	0.73	73	27
738	0.73	73	27
739	0.74	74	26
740	0.74	74	26
741	0.74	74	26
742	0.75	75	25
743	0.75	75	25
744	0.75	75	25
745	0.75	75	25
746	0.76	76	24
747	0.76	76	24
748	0.76	76	24
749	0.76	76	24
750	0.77	77	23
751	0.76	76	24
752	0.75	75	25
753	0.75	75	25
754	0.75	75	25
755	0.75	75	25
756	0.74	74	26
757	0.74	74	26
758	0.75	75	25
759	0.75	75	25
760	0.76	76	24
761	0.75	75	25
762	0.75	75	25
763	0.76	76	24
764	0.75	75	25
765	0.75	75	25
766	0.74	74	26
767	0.75	75	25
768	0.75	75	25
769	0.75	75	25
770	0.75	75	25
771	0.76	76	24
772	0.77	77	23
773	0.78	78	22
774	0.78	78	22
775	0.77	77	23
776	0.77	77	23
777	0.78	78	22
778	0.78	78	22
779	0.78	78	22
780	0.78	78	22
781	0.78	78	22
782	0.77	77	23
783	0.78	78	22
784	0.78	78	22
785	0.78	78	22
786	0.78	78	22
787	0.78	78	22
788	0.78	78	22
789	0.78	78	22
790	0.78	78	22
791	0.78	78	22
792	0.78	78	22
793	0.78	78	22
794	0.78	78	22
795	0.79	79	21
796	0.80	80	20
797	0.80	80	20
798	0.81	81	19
799	0.81	81	19
800	0.82	82	18
801	0.82	82	18
802	0.82	82	18
803	0.82	82	18
804	0.82	82	18
805	0.81	81	19
806	0.81	81	19
807	0.81	81	19
808	0.80	80	20
809	0.80	80	20
810	0.80	80	20
811	0.80	80	20
812	0.80	80	20
813	0.79	79	21
814	0.79	79	21
815	0.79	79	21
816	0.78	78	22
817	0.79	79	21
818	0.80	80	20
819	0.79	79	21
820	0.79	79	21
821	0.79	79	21
822	0.79	79	21
823	0.80	80	20
824	0.81	81	19
825	0.80	80	20
826	0.80	80	20
827	0.80	80	20
828	0.80	80	20
829	0.81	81	19
830	0.82	82	18
831	0.82	82	18
832	0.82	82	18
833	0.82	82	18
834	0.81	81	19
835	0.80	80	20
836	0.79	79	21
837	0.79	79	21
838	0.78	78	22
839	0.78	78	22
840	0.78	78	22
841	0.78	78	22
842	0.78	78	22
843	0.77	77	23
844	0.76	76	24
845	0.76	76	24
846	0.76	76	24
847	0.76	76	24
848	0.75	75	25
849	0.74	74	26
850	0.73	73	27
851	0.73	73	27
852	0.74	74	26
853	0.73	73	27
854	0.73	73	27
855	0.73	73	27
856	0.74	74	26
857	0.74	74	26
858	0.74	74	26
859	0.73	73	27
860	0.73	73	27
861	0.73	73	27
862	0.73	73	27
863	0.73	73	27
864	0.74	74	26
865	0.74	74	26
866	0.75	75	25
867	0.75	75	25
868	0.75	75	25
869	0.75	75	25
870	0.76	76	24
871	0.75	75	25
872	0.75	75	25
873	0.75	75	25
874	0.75	75	25
875	0.76	76	24
876	0.76	76	24
877	0.76	76	24
878	0.76	76	24
879	0.76	76	24
880	0.76	76	24
881	0.76	76	24
882	0.77	77	23
883	0.77	77	23
884	0.77	77	23
885	0.77	77	23
886	0.77	77	23
887	0.76	76	24
888	0.76	76	24
889	0.76	76	24
890	0.76	76	24
891	0.76	76	24
892	0.76	76	24
893	0.76	76	24
894	0.76	76	24
895	0.75	75	25
896	0.75	75	25
897	0.75	75	25
898	0.75	75	25
899	0.74	74	26
900	0.74	74	26
901	0.74	74	26
902	0.74	74	26
903	0.74	74	26
904	0.75	75	25
905	0.76	76	24
906	0.76	76	24
907	0.76	76	24
908	0.76	76	24
909	0.76	76	24
910	0.76	76	24
911	0.76	76	24
912	0.76	76	24
913	0.77	77	23
914	0.77	77	23
915	0.76	76	24
916	0.77	77	23
917	0.77	77	23
918	0.77	77	23
919	0.78	78	22
920	0.78	78	22
921	0.78	78	22
922	0.77	77	23
923	0.76	76	24
924	0.76	76	24
925	0.77	77	23
926	0.77	77	23
927	0.77	77	23
928	0.78	78	22
929	0.78	78	22
930	0.77	77	23
931	0.77	77	23
932	0.77	77	23
933	0.77	77	23
934	0.77	77	23
935	0.78	78	22
936	0.79	79	21
937	0.79	79	21
938	0.80	80	20
939	0.80	80	20
940	0.80	80	20
941	0.80	80	20
942	0.80	80	20
943	0.80	80	20
944	0.81	81	19
945	0.81	81	19
946	0.81	81	19
947	0.81	81	19
948	0.82	82	18
949	0.83	83	17
950	0.83	83	17
951	0.84	84	16
952	0.84	84	16
953	0.85	85	15
954	0.85	85	15
955	0.85	85	15
956	0.85	85	15
957	0.84	84	16
958	0.84	84	16
959	0.85	85	15
960	0.84	84	16
961	0.85	85	15
962	0.84	84	16
963	0.84	84	16
964	0.84	84	16
965	0.84	84	16
966	0.83	83	17
967	0.82	82	18
968	0.81	81	19
969	0.80	80	20
970	0.79	79	21
971	0.80	80	20
972	0.80	80	20
973	0.80	80	20
974	0.80	80	20
975	0.80	80	20
976	0.80	80	20
977	0.80	80	20
978	0.79	79	21
979	0.79	79	21
980	0.79	79	21
981	0.79	79	21
982	0.79	79	21
983	0.79	79	21
984	0.80	80	20
985	0.80	80	20
986	0.80	80	20
987	0.81	81	19
988	0.81	81	19
989	0.81	81	19
990	0.81	81	19
991	0.81	81	19
992	0.80	80	20
993	0.80	80	20
994	0.80	80	20
995	0.81	81	19
996	0.81	81	19
997	0.81	81	19
998	0.81	81	19
999	0.82	82	18
1000	0.19	81	19
1001	0.19	81	19
1002	0.20	80	20
1003	0.20	80	20
1004	0.20	80	20
1005	0.21	79	21
1006	0.22	78	22
1007	0.22	78	22
1008	0.22	78	22
1009	0.23	77	23
1010	0.24	76	24
1011	0.24	76	24
1012	0.24	76	24
1013	0.24	76	24
1014	0.24	76	24
1015	0.24	76	24
1016	0.25	75	25
1017	0.26	74	26
1018	0.27	73	27
1019	0.28	72	28
1020	0.29	71	29
1021	0.30	70	30
1022	0.30	70	30
1023	0.30	70	30
1024	0.31	69	31
1025	0.32	68	32
1026	0.33	67	33
1027	0.33	67	33
1028	0.34	66	34
1029	0.34	66	34
1030	0.34	66	34
1031	0.35	65	35
1032	0.36	64	36
1033	0.37	63	37
1034	0.37	63	37
1035	0.37	63	37
1036	0.38	62	38
1037	0.39	61	39
1038	0.40	60	40
1039	0.41	59	41
1040	0.42	58	42
1041	0.43	57	43
1042	0.44	56	44
1043	0.44	56	44
1044	0.45	55	45
1045	0.46	54	46
1046	0.46	54	46
1047	0.47	53	47
1048	0.48	52	48
1049	0.48	52	48
1050	0.48	52	48
1051	0.49	51	49
1052	0.50	50	50
1053	0.51	49	51
1054	0.51	49	51
1055	0.52	48	52
1056	0.52	48	52
1057	0.52	48	52
1058	0.53	47	53
1059	0.53	47	53
1060	0.53	47	53
1061	0.53	47	53
1062	0.53	47	53
1063	0.54	46	54
1064	0.55	45	55
1065	0.56	44	56
1066	0.56	44	56
1067	0.56	44	56
1068	0.56	44	56
1069	0.56	44	56
1070	0.55	45	55
1071	0.56	44	56
1072	0.56	44	56
1073	0.57	43	57
1074	0.58	42	58
1075	0.59	41	59
1076	0.60	40	60
1077	0.60	40	60
1078	0.60	40	60
1079	0.61	39	61
1080	0.62	38	62
1081	0.63	37	63
1082	0.63	37	63
1083	0.64	36	64
1084	0.65	35	65
1085	0.65	35	65
1086	0.66	34	66
1087	0.67	33	67
1088	0.67	33	67
1089	0.68	32	68
1090	0.69	31	69
1091	0.70	30	70
1092	0.70	30	70
1093	0.71	29	71
1094	0.72	28	72
1095	0.73	27	73
1096	0.74	26	74
1097	0.75	25	75
1098	0.75	25	75
1099	0.76	24	76
1100	0.76	24	76
1101	0.77	23	77
1102	0.77	23	77
1103	0.77	23	77
1104	0.78	22	78
1105	0.77	23	77
1106	0.76	24	76
1107	0.77	23	77
1108	0.76	24	76
1109	0.75	25	75
1110	0.75	25	75
1111	0.76	24	76
1112	0.77	23	77
1113	0.78	22	78
1114	0.78	22	78
1115	0.77	23	77
1116	0.76	24	76
1117	0.76	24	76
1118	0.76	24	76
1119	0.76	24	76
1120	0.76	24	76
1121	0.76	24	76
1122	0.76	24	76
1123	0.76	24	76
1124	0.76	24	76
1125	0.76	24	76
1126	0.76	24	76
1127	0.77	23	77
1128	0.77	23	77
1129	0.78	22	78
1130	0.78	22	78
1131	0.78	22	78
1132	0.77	23	77
1133	0.77	23	77
1134	0.77	23	77
1135	0.78	22	78
1136	0.78	22	78
1137	0.78	22	78
1138	0.77	23	77
1139	0.76	24	76
1140	0.76	24	76
1141	0.76	24	76
1142	0.76	24	76
1143	0.76	24	76
1144	0.75	25	75
1145	0.75	25	75
1146	0.76	24	76
1147	0.76	24	76
1148	0.76	24	76
1149	0.77	23	77
1150	0.77	23	77
1151	0.77	23	77
1152	0.77	23	77
1153	0.77	23	77
1154	0.78	22	78
1155	0.77	23	77
1156	0.78	22	78
1157	0.78	22	78
1158	0.78	22	78
1159	0.79	21	79
1160	0.79	21	79
1161	0.80	20	80
1162	0.79	21	79
1163	0.79	21	79
1164	0.79	21	79
1165	0.79	21	79
1166	0.78	22	78
1167	0.78	22	78
1168	0.78	22	78
1169	0.78	22	78
1170	0.79	21	79
1171	0.79	21	79
1172	0.79	21	79
1173	0.78	22	78
1174	0.78	22	78
1175	0.78	22	78
1176	0.78	22	78
1177	0.79	21	79
1178	0.78	22	78
1179	0.78	22	78
1180	0.78	22	78
1181	0.77	23	77
1182	0.78	22	78
1183	0.77	23	77
1184	0.77	23	77
1185	0.78	22	78
1186	0.78	22	78
1187	0.78	22	78
1188	0.79	21	79
1189	0.78	22	78
1190	0.78	22	78
1191	0.78	22	78
1192	0.77	23	77
1193	0.77	23	77
1194	0.77	23	77
1195	0.77	23	77
1196	0.77	23	77
1197	0.77	23	77
1198	0.78	22	78
1199	0.78	22	78
1200	0.78	22	78
1201	0.78	22	78
1202	0.77	23	77
1203	0.78	22	78
1204	0.78	22	78
1205	0.78	22	78
1206	0.79	21	79
1207	0.79	21	79
1208	0.80	20	80
1209	0.81	19	81
1210	0.81	19	81
1211	0.80	20	80
1212	0.79	21	79
1213	0.78	22	78
1214	0.79	21	79
1215	0.80	20	80
1216	0.81	19	81
1217	0.81	19	81
1218	0.81	19	81
1219	0.81	19	81
1220	0.81	19	81
1221	0.81	19	81
1222	0.80	20	80
1223	0.80	20	80
1224	0.80	20	80
1225	0.80	20	80
1226	0.80	20	80
1227	0.80	20	80
1228	0.79	21	79
1229	0.78	22	78
1230	0.78	22	78
1231	0.78	22	78
1232	0.79	21	79
1233	0.79	21	79
1234	0.79	21	79
1235	0.79	21	79
1236	0.79	21	79
1237	0.79	21	79
1238	0.80	20	80
1239	0.81	19	81
1240	0.80	20	80
1241	0.80	20	80
1242	0.79	21	79
1243	0.79	21	79
1244	0.80	20	80
1245	0.80	20	80
1246	0.80	20	80
1247	0.79	21	79
1248	0.79	21	79
1249	0.79	21	79
1250	0.79	21	79
1251	0.79	21	79
1252	0.78	22	78
1253	0.78	22	78
1254	0.78	22	78
1255	0.79	21	79
1256	0.79	21	79
1257	0.79	21	79
1258	0.79	21	79
1259	0.78	22	78
1260	0.78	22	78
1261	0.78	22	78
1262	0.78	22	78
1263	0.78	22	78
1264	0.78	22	78
1265	0.78	22	78
1266	0.79	21	79
1267	0.78	22	78
1268	0.78	22	78
1269	0.78	22	78
1270	0.78	22	78
1271	0.78	22	78
1272	0.79	21	79
1273	0.80	20	80
1274	0.79	21	79
1275	0.79	21	79
1276	0.79	21	79
1277	0.79	21	79
1278	0.79	21	79
1279	0.78	22	78
1280	0.77	23	77
1281	0.78	22	78
1282	0.77	23	77
1283	0.78	22	78
1284	0.78	22	78
1285	0.77	23	77
1286	0.77	23	77
1287	0.77	23	77
1288	0.77	23	77
1289	0.78	22	78
1290	0.78	22	78
1291	0.78	22	78
1292	0.79	21	79
1293	0.79	21	79
1294	0.78	22	78
1295	0.78	22	78
1296	0.78	22	78
1297	0.77	23	77
1298	0.77	23	77
1299	0.77	23	77
1300	0.77	23	77
1301	0.77	23	77
1302	0.78	22	78
1303	0.78	22	78
1304	0.77	23	77
1305	0.78	22	78
1306	0.78	22	78
1307	0.77	23	77
1308	0.77	23	77
1309	0.77	23	77
1310	0.77	23	77
1311	0.78	22	78
1312	0.79	21	79
1313	0.79	21	79
1314	0.79	21	79
1315	0.79	21	79
1316	0.79	21	79
1317	0.78	22	78
1318	0.78	22	78
1319	0.78	22	78
1320	0.78	22	78
1321	0.78	22	78
1322	0.79	21	79
1323	0.79	21	79
1324	0.79	21	79
1325	0.79	21	79
1326	0.79	21	79
1327	0.79	21	79
1328	0.79	21	79
1329	0.80	20	80
1330	0.80	20	80
1331	0.80	20	80
1332	0.80	20	80
1333	0.80	20	80
1334	0.80	20	80
1335	0.80	20	80
1336	0.80	20	80
1337	0.80	20	80
1338	0.80	20	80
1339	0.79	21	79
1340	0.80	20	80
1341	0.79	21	79
1342	0.80	20	80
1343	0.80	20	80
1344	0.80	20	80
1345	0.80	20	80
1346	0.80	20	80
1347	0.81	19	81
1348	0.81	19	81
1349	0.81	19	81
1350	0.80	20	80
1351	0.80	20	80
1352	0.81	19	81
1353	0.80	20	80
1354	0.79	21	79
1355	0.78	22	78
1356	0.78	22	78
1357	0.77	23	77
1358	0.76	24	76
1359	0.76	24	76
1360	0.76	24	76
1361	0.76	24	76
1362	0.77	23	77
1363	0.77	23	77
1364	0.77	23	77
1365	0.77	23	77
1366	0.77	23	77
1367	0.78	22	78
1368	0.78	22	78
1369	0.78	22	78
1370	0.78	22	78
1371	0.78	22	78
1372	0.78	22	78
1373	0.77	23	77
1374	0.78	22	78
1375	0.78	22	78
1376	0.77	23	77
1377	0.77	23	77
1378	0.78	22	78
1379	0.78	22	78
1380	0.79	21	79
1381	0.79	21	79
1382	0.80	20	80
1383	0.80	20	80
1384	0.80	20	80
1385	0.80	20	80
1386	0.79	21	79
1387	0.79	21	79
1388	0.79	21	79
1389	0.79	21	79
1390	0.79	21	79
1391	0.79	21	79
1392	0.79	21	79
1393	0.78	22	78
1394	0.78	22	78
1395	0.78	22	78
1396	0.78	22	78
1397	0.79	21	79
1398	0.78	22	78
1399	0.78	22	78
1400	0.77	23	77
1401	0.77	23	77
1402	0.76	24	76
1403	0.75	25	75
1404	0.76	24	76
1405	0.76	24	76
1406	0.76	24	76
1407	0.77	23	77
1408	0.77	23	77
1409	0.77	23	77
1410	0.77	23	77
1411	0.77	23	77
1412	0.77	23	77
1413	0.78	22	78
1414	0.77	23	77
1415	0.77	23	77
1416	0.77	23	77
1417	0.78	22	78
1418	0.78	22	78
1419	0.77	23	77
1420	0.76	24	76
1421	0.75	25	75
1422	0.75	25	75
1423	0.75	25	75
1424	0.75	25	75
1425	0.75	25	75
1426	0.75	25	75
1427	0.75	25	75
1428	0.76	24	76
1429	0.76	24	76
1430	0.76	24	76
1431	0.76	24	76
1432	0.76	24	76
1433	0.76	24	76
1434	0.75	25	75
1435	0.75	25	75
1436	0.75	25	75
1437	0.75	25	75
1438	0.75	25	75
1439	0.76	24	76
1440	0.76	24	76
1441	0.77	23	77
1442	0.76	24	76
1443	0.76	24	76
1444	0.76	24	76
1445	0.76	24	76
1446	0.76	24	76
1447	0.76	24	76
1448	0.76	24	76
1449	0.75	25	75
1450	0.76	24	76
1451	0.75	25	75
1452	0.75	25	75
1453	0.76	24	76
1454	0.77	23	77
1455	0.78	22	78
1456	0.78	22	78
1457	0.79	21	79
1458	0.80	20	80
1459	0.81	19	81
1460	0.81	19	81
1461	0.81	19	81
1462	0.81	19	81
1463	0.81	19	81
1464	0.81	19	81
1465	0.81	19	81
1466	0.81	19	81
1467	0.81	19	81
1468	0.80	20	80
1469	0.80	20	80
1470	0.80	20	80
1471	0.80	20	80
1472	0.79	21	79
1473	0.80	20	80
1474	0.80	20	80
1475	0.80	20	80
1476	0.81	19	81
1477	0.81	19	81
1478	0.80	20	80
1479	0.80	20	80
1480	0.79	21	79
1481	0.78	22	78
1482	0.78	22	78
1483	0.78	22	78
1484	0.78	22	78
1485	0.79	21	79
1486	0.80	20	80
1487	0.80	20	80
1488	0.79	21	79
1489	0.79	21	79
1490	0.78	22	78
1491	0.78	22	78
1492	0.78	22	78
1493	0.79	21	79
1494	0.79	21	79
1495	0.79	21	79
1496	0.79	21	79
1497	0.78	22	78
1498	0.79	21	79
1499	0.78	22	78
1500	0.79	21	79
1501	0.79	21	79
1502	0.80	20	80
1503	0.80	20	80
1504	0.79	21	79
1505	0.79	21	79
1506	0.79	21	79
1507	0.79	21	79
1508	0.79	21	79
1509	0.78	22	78
1510	0.77	23	77
1511	0.77	23	77
1512	0.76	24	76
1513	0.76	24	76
1514	0.77	23	77
1515	0.77	23	77
1516	0.77	23	77
1517	0.77	23	77
1518	0.77	23	77
1519	0.78	22	78
1520	0.79	21	79
1521	0.79	21	79
1522	0.79	21	79
1523	0.79	21	79
1524	0.79	21	79
1525	0.79	21	79
1526	0.79	21	79
1527	0.79	21	79
1528	0.79	21	79
1529	0.78	22	78
1530	0.78	22	78
1531	0.78	22	78
1532	0.78	22	78
1533	0.78	22	78
1534	0.78	22	78
1535	0.78	22	78
1536	0.78	22	78
1537	0.78	22	78
1538	0.78	22	78
1539	0.77	23	77
1540	0.77	23	77
1541	0.77	23	77
1542	0.78	22	78
1543	0.78	22	78
1544	0.78	22	78
1545	0.78	22	78
1546	0.77	23	77
1547	0.76	24	76
1548	0.75	25	75
1549	0.76	24	76
1550	0.75	25	75
1551	0.75	25	75
1552	0.75	25	75
1553	0.75	25	75
1554	0.74	26	74
1555	0.74	26	74
1556	0.74	26	74
1557	0.73	27	73
1558	0.73	27	73
1559	0.73	27	73
1560	0.73	27	73
1561	0.72	28	72
1562	0.71	29	71
1563	0.71	29	71
1564	0.71	29	71
1565	0.71	29	71
1566	0.71	29	71
1567	0.71	29	71
1568	0.72	28	72
1569	0.72	28	72
1570	0.72	28	72
1571	0.72	28	72
1572	0.72	28	72
1573	0.72	28	72
1574	0.72	28	72
1575	0.72	28	72
1576	0.71	29	71
1577	0.71	29	71
1578	0.72	28	72
1579	0.73	27	73
1580	0.74	26	74
1581	0.75	25	75
1582	0.74	26	74
1583	0.74	26	74
1584	0.74	26	74
1585	0.74	26	74
1586	0.74	26	74
1587	0.74	26	74
1588	0.75	25	75
1589	0.75	25	75
1590	0.76	24	76
1591	0.76	24	76
1592	0.76	24	76
1593	0.76	24	76
1594	0.77	23	77
1595	0.77	23	77
1596	0.77	23	77
1597	0.78	22	78
1598	0.78	22	78
1599	0.79	21	79
1600	0.79	21	79
1601	0.79	21	79
1602	0.79	21	79
1603	0.80	20	80
1604	0.81	19	81
1605	0.81	19	81
1606	0.81	19	81
1607	0.81	19	81
1608	0.81	19	81
1609	0.81	19	81
1610	0.81	19	81
1611	0.81	19	81
1612	0.82	18	82
1613	0.82	18	82
1614	0.81	19	81
1615	0.80	20	80
1616	0.79	21	79
1617	0.79	21	79
1618	0.79	21	79
1619	0.79	21	79
1620	0.78	22	78
1621	0.78	22	78
1622	0.77	23	77
1623	0.77	23	77
1624	0.77	23	77
1625	0.77	23	77
1626	0.77	23	77
1627	0.77	23	77
1628	0.77	23	77
1629	0.78	22	78
1630	0.78	22	78
1631	0.78	22	78
1632	0.78	22	78
1633	0.78	22	78
1634	0.79	21	79
1635	0.79	21	79
1636	0.79	21	79
1637	0.79	21	79
1638	0.79	21	79
1639	0.80	20	80
1640	0.80	20	80
1641	0.80	20	80
1642	0.79	21	79
1643	0.79	21	79
1644	0.79	21	79
1645	0.79	21	79
1646	0.79	21	79
1647	0.80	20	80
1648	0.81	19	81
1649	0.80	20	80
1650	0.81	19	81
1651	0.82	18	82
1652	0.82	18	82
1653	0.82	18	82
1654	0.82	18	82
1655	0.82	18	82
1656	0.82	18	82
1657	0.83	17	83
1658	0.82	18	82
1659	0.82	18	82
1660	0.82	18	82
1661	0.82	18	82
1662	0.83	17	83
1663	0.83	17	83
1664	0.83	17	83
1665	0.83	17	83
1666	0.82	18	82
1667	0.82	18	82
1668	0.82	18	82
1669	0.81	19	81
1670	0.81	19	81
1671	0.81	19	81
1672	0.82	18	82
1673	0.82	18	82
1674	0.82	18	82
1675	0.82	18	82
1676	0.83	17	83
1677	0.83	17	83
1678	0.83	17	83
1679	0.83	17	83
1680	0.82	18	82
1681	0.82	18	82
1682	0.83	17	83
1683	0.83	17	83
1684	0.83	17	83
1685	0.82	18	82
1686	0.82	18	82
1687	0.82	18	82
1688	0.82	18	82
1689	0.82	18	82
1690	0.81	19	81
1691	0.81	19	81
1692	0.81	19	81
1693	0.80	20	80
1694	0.80	20	80
1695	0.80	20	80
1696	0.79	21	79
1697	0.78	22	78
1698	0.77	23	77
1699	0.77	23	77
1700	0.76	24	76
1701	0.75	25	75
1702	0.75	25	75
1703	0.74	26	74
1704	0.74	26	74
1705	0.74	26	74
1706	0.74	26	74
1707	0.74	26	74
1708	0.73	27	73
1709	0.74	26	74
1710	0.75	25	75
1711	0.75	25	75
1712	0.74	26	74
1713	0.73	27	73
1714	0.74	26	74
1715	0.75	25	75
1716	0.76	24	76
1717	0.76	24	76
1718	0.76	24	76
1719	0.76	24	76
1720	0.77	23	77
1721	0.77	23	77
1722	0.78	22	78
1723	0.77	23	77
1724	0.77	23	77
1725	0.77	23	77
1726	0.77	23	77
1727	0.77	23	77
1728	0.77	23	77
1729	0.77	23	77
1730	0.77	23	77
1731	0.77	23	77
1732	0.77	23	77
1733	0.76	24	76
1734	0.75	25	75
1735	0.75	25	75
1736	0.75	25	75
1737	0.75	25	75
1738	0.75	25	75
1739	0.75	25	75
1740	0.75	25	75
1741	0.75	25	75
1742	0.76	24	76
1743	0.76	24	76
1744	0.76	24	76
1745	0.76	24	76
1746	0.76	24	76
1747	0.76	24	76
1748	0.76	24	76
1749	0.76	24	76
1750	0.76	24	76
1751	0.76	24	76
1752	0.76	24	76
1753	0.76	24	76
1754	0.77	23	77
1755	0.77	23	77
1756	0.76	24	76
1757	0.76	24	76
1758	0.76	24	76
1759	0.76	24	76
1760	0.76	24	76
1761	0.77	23	77
1762	0.77	23	77
1763	0.77	23	77
1764	0.77	23	77
1765	0.77	23	77
1766	0.78	22	78
1767	0.77	23	77
1768	0.77	23	77
1769	0.77	23	77
1770	0.77	23	77
1771	0.76	24	76
1772	0.76	24	76
1773	0.76	24	76
1774	0.76	24	76
1775	0.76	24	76
1776	0.76	24	76
1777	0.76	24	76
1778	0.76	24	76
1779	0.76	24	76
1780	0.77	23	77
1781	0.76	24	76
1782	0.76	24	76
1783	0.76	24	76
1784	0.75	25	75
1785	0.76	24	76
1786	0.76	24	76
1787	0.76	24	76
1788	0.75	25	75
1789	0.75	25	75
1790	0.75	25	75
1791	0.74	26	74
1792	0.74	26	74
1793	0.75	25	75
1794	0.74	26	74
1795	0.74	26	74
1796	0.74	26	74
1797	0.75	25	75
1798	0.75	25	75
1799	0.75	25	75
1800	0.76	24	76
1801	0.77	23	77
1802	0.77	23	77
1803	0.77	23	77
1804	0.76	24	76
1805	0.76	24	76
1806	0.76	24	76
1807	0.76	24	76
1808	0.77	23	77
1809	0.77	23	77
1810	0.76	24	76
1811	0.76	24	76
1812	0.77	23	77
1813	0.78	22	78
1814	0.78	22	78
1815	0.78	22	78
1816	0.78	22	78
1817	0.77	23	77
1818	0.77	23	77
1819	0.76	24	76
1820	0.76	24	76
1821	0.77	23	77
1822	0.77	23	77
1823	0.78	22	78
1824	0.77	23	77
1825	0.77	23	77
1826	0.77	23	77
1827	0.77	23	77
1828	0.77	23	77
1829	0.77	23	77
1830	0.77	23	77
1831	0.77	23	77
1832	0.77	23	77
1833	0.77	23	77
1834	0.78	22	78
1835	0.78	22	78
1836	0.77	23	77
1837	0.77	23	77
1838	0.77	23	77
1839	0.77	23	77
1840	0.77	23	77
1841	0.77	23	77
1842	0.77	23	77
1843	0.77	23	77
1844	0.77	23	77
1845	0.77	23	77
1846	0.78	22	78
1847	0.77	23	77
1848	0.77	23	77
1849	0.78	22	78
1850	0.77	23	77
1851	0.77	23	77
1852	0.77	23	77
1853	0.77	23	77
1854	0.77	23	77
1855	0.77	23	77
1856	0.78	22	78
1857	0.78	22	78
1858	0.78	22	78
1859	0.78	22	78
1860	0.78	22	78
1861	0.78	22	78
1862	0.78	22	78
1863	0.77	23	77
1864	0.77	23	77
1865	0.77	23	77
1866	0.77	23	77
1867	0.78	22	78
1868	0.78	22	78
1869	0.79	21	79
1870	0.79	21	79
1871	0.80	20	80
1872	0.80	20	80
1873	0.80	20	80
1874	0.80	20	80
1875	0.80	20	80
1876	0.80	20	80
1877	0.80	20	80
1878	0.80	20	80
1879	0.80	20	80
1880	0.80	20	80
1881	0.81	19	81
1882	0.80	20	80
1883	0.80	20	80
1884	0.80	20	80
1885	0.80	20	80
1886	0.80	20	80
1887	0.80	20	80
1888	0.81	19	81
1889	0.81	19	81
1890	0.82	18	82
1891	0.82	18	82
1892	0.82	18	82
1893	0.82	18	82
1894	0.83	17	83
1895	0.83	17	83
1896	0.83	17	83
1897	0.83	17	83
1898	0.84	16	84
1899	0.84	16	84
1900	0.83	17	83
1901	0.83	17	83
1902	0.83	17	83
1903	0.83	17	83
1904	0.83	17	83
1905	0.83	17	83
1906	0.83	17	83
1907	0.82	18	82
1908	0.82	18	82
1909	0.82	18	82
1910	0.83	17	83
1911	0.83	17	83
1912	0.83	17	83
1913	0.83	17	83
1914	0.83	17	83
1915	0.83	17	83
1916	0.83	17	83
1917	0.84	16	84
1918	0.84	16	84
1919	0.85	15	85
1920	0.84	16	84
1921	0.84	16	84
1922	0.83	17	83
1923	0.83	17	83
1924	0.83	17	83
1925	0.83	17	83
1926	0.83	17	83
1927	0.82	18	82
1928	0.81	19	81
1929	0.81	19	81
1930	0.81	19	81
1931	0.81	19	81
1932	0.81	19	81
1933	0.82	18	82
1934	0.82	18	82
1935	0.82	18	82
1936	0.83	17	83
1937	0.83	17	83
1938	0.83	17	83
1939	0.83	17	83
1940	0.83	17	83
1941	0.83	17	83
1942	0.83	17	83
1943	0.82	18	82
1944	0.82	18	82
1945	0.82	18	82
1946	0.82	18	82
1947	0.83	17	83
1948	0.83	17	83
1949	0.83	17	83
1950	0.84	16	84
1951	0.84	16	84
1952	0.83	17	83
1953	0.83	17	83
1954	0.82	18	82
1955	0.81	19	81
1956	0.81	19	81
1957	0.81	19	81
1958	0.81	19	81
1959	0.81	19	81
1960	0.81	19	81
1961	0.81	19	81
1962	0.80	20	80
1963	0.81	19	81
1964	0.81	19	81
1965	0.81	19	81
1966	0.81	19	81
1967	0.81	19	81
1968	0.80	20	80
1969	0.79	21	79
1970	0.79	21	79
1971	0.79	21	79
1972	0.78	22	78
1973	0.78	22	78
1974	0.78	22	78
1975	0.78	22	78
1976	0.78	22	78
1977	0.78	22	78
1978	0.78	22	78
1979	0.77	23	77
1980	0.77	23	77
1981	0.77	23	77
1982	0.78	22	78
1983	0.77	23	77
1984	0.78	22	78
1985	0.78	22	78
1986	0.78	22	78
1987	0.78	22	78
1988	0.78	22	78
1989	0.77	23	77
1990	0.77	23	77
1991	0.78	22	78
1992	0.78	22	78
1993	0.78	22	78
1994	0.77	23	77
1995	0.77	23	77
1996	0.78	22	78
1997	0.78	22	78
1998	0.78	22	78
1999	0.78	22	78
2000	0.22	22	78
2001	0.23	23	77
2002	0.23	23	77
2003	0.23	23	77
2004	0.23	23	77
2005	0.24	24	76
2006	0.24	24	76
2007	0.23	23	77
2008	0.24	24	76
2009	0.25	25	75
2010	0.25	25	75
2011	0.26	26	74
2012	0.27	27	73
2013	0.28	28	72
2014	0.29	29	71
2015	0.30	30	70
2016	0.31	31	69
2017	0.32	32	68
2018	0.33	33	67
2019	0.33	33	67
2020	0.32	32	68
2021	0.33	33	67
2022	0.33	33	67
2023	0.34	34	66
2024	0.34	34	66
2025	0.34	34	66
2026	0.35	35	65
2027	0.34	34	66
2028	0.34	34	66
2029	0.35	35	65
2030	0.36	36	64
2031	0.37	37	63
2032	0.38	38	62
2033	0.39	39	61
2034	0.40	40	60
2035	0.41	41	59
2036	0.42	42	58
2037	0.42	42	58
2038	0.42	42	58
2039	0.43	43	57
2040	0.44	44	56
2041	0.45	45	55
2042	0.46	46	54
2043	0.46	46	54
2044	0.47	47	53
2045	0.48	48	52
2046	0.49	49	51
2047	0.49	49	51
2048	0.50	50	50
2049	0.51	51	49
2050	0.51	51	49
2051	0.52	52	48
2052	0.52	52	48
2053	0.53	53	47
2054	0.53	53	47
2055	0.53	53	47
2056	0.54	54	46
2057	0.55	55	45
2058	0.55	55	45
2059	0.56	56	44
2060	0.56	56	44
2061	0.56	56	44
2062	0.56	56	44
2063	0.57	57	43
2064	0.57	57	43
2065	0.58	58	42
2066	0.58	58	42
2067	0.59	59	41
2068	0.59	59	41
2069	0.59	59	41
2070	0.60	60	40
2071	0.61	61	39
2072	0.61	61	39
2073	0.62	62	38
2074	0.63	63	37
2075	0.64	64	36
2076	0.64	64	36
2077	0.65	65	35
2078	0.65	65	35
2079	0.65	65	35
2080	0.66	66	34
2081	0.67	67	33
2082	0.68	68	32
2083	0.67	67	33
2084	0.67	67	33
2085	0.68	68	32
2086	0.69	69	31
2087	0.69	69	31
2088	0.70	70	30
2089	0.70	70	30
2090	0.71	71	29
2091	0.72	72	28
2092	0.73	73	27
2093	0.73	73	27
2094	0.73	73	27
2095	0.74	74	26
2096	0.75	75	25
2097	0.75	75	25
2098	0.76	76	24
2099	0.76	76	24
2100	0.75	75	25
2101	0.74	74	26
2102	0.75	75	25
2103	0.75	75	25
2104	0.75	75	25
2105	0.75	75	25
2106	0.76	76	24
2107	0.77	77	23
2108	0.77	77	23
2109	0.77	77	23
2110	0.78	78	22
2111	0.78	78	22
2112	0.78	78	22
2113	0.77	77	23
2114	0.77	77	23
2115	0.77	77	23
2116	0.77	77	23
2117	0.77	77	23
2118	0.77	77	23
2119	0.77	77	23
2120	0.78	78	22
2121	0.78	78	22
2122	0.78	78	22
2123	0.78	78	22
2124	0.77	77	23
2125	0.78	78	22
2126	0.78	78	22
2127	0.79	79	21
2128	0.79	79	21
2129	0.79	79	21
2130	0.79	79	21
2131	0.79	79	21
2132	0.79	79	21
2133	0.79	79	21
2134	0.79	79	21
2135	0.79	79	21
2136	0.79	79	21
2137	0.80	80	20
2138	0.81	81	19
2139	0.81	81	19
2140	0.81	81	19
2141	0.81	81	19
2142	0.81	81	19
2143	0.80	80	20
2144	0.79	79	21
2145	0.79	79	21
2146	0.79	79	21
2147	0.80	80	20
2148	0.80	80	20
2149	0.80	80	20
2150	0.81	81	19
2151	0.81	81	19
2152	0.81	81	19
2153	0.81	81	19
2154	0.80	80	20
2155	0.80	80	20
2156	0.80	80	20
2157	0.79	79	21
2158	0.79	79	21
2159	0.79	79	21
2160	0.80	80	20
2161	0.81	81	19
2162	0.80	80	20
2163	0.80	80	20
2164	0.80	80	20
2165	0.80	80	20
2166	0.81	81	19
2167	0.81	81	19
2168	0.81	81	19
2169	0.81	81	19
2170	0.81	81	19
2171	0.80	80	20
2172	0.80	80	20
2173	0.80	80	20
2174	0.80	80	20
2175	0.79	79	21
2176	0.80	80	20
2177	0.80	80	20
2178	0.81	81	19
2179	0.80	80	20
2180	0.80	80	20
2181	0.80	80	20
2182	0.80	80	20
2183	0.81	81	19
2184	0.82	82	18
2185	0.82	82	18
2186	0.82	82	18
2187	0.83	83	17
2188	0.83	83	17
2189	0.83	83	17
2190	0.82	82	18
2191	0.82	82	18
2192	0.82	82	18
2193	0.83	83	17
2194	0.82	82	18
2195	0.81	81	19
2196	0.81	81	19
2197	0.82	82	18
2198	0.82	82	18
2199	0.82	82	18
2200	0.82	82	18
2201	0.83	83	17
2202	0.83	83	17
2203	0.83	83	17
2204	0.83	83	17
2205	0.82	82	18
2206	0.82	82	18
2207	0.82	82	18
2208	0.82	82	18
2209	0.82	82	18
2210	0.82	82	18
2211	0.81	81	19
2212	0.81	81	19
2213	0.82	82	18
2214	0.82	82	18
2215	0.81	81	19
2216	0.81	81	19
2217	0.80	80	20
2218	0.79	79	21
2219	0.80	80	20
2220	0.80	80	20
2221	0.80	80	20
2222	0.79	79	21
2223	0.79	79	21
2224	0.80	80	20
2225	0.79	79	21
2226	0.78	78	22
2227	0.78	78	22
2228	0.78	78	22
2229	0.77	77	23
2230	0.77	77	23
2231	0.77	77	23
2232	0.77	77	23
2233	0.77	77	23
2234	0.77	77	23
2235	0.77	77	23
2236	0.77	77	23
2237	0.77	77	23
2238	0.76	76	24
2239	0.75	75	25
2240	0.75	75	25
2241	0.75	75	25
2242	0.75	75	25
2243	0.76	76	24
2244	0.76	76	24
2245	0.76	76	24
2246	0.75	75	25
2247	0.75	75	25
2248	0.75	75	25
2249	0.75	75	25
2250	0.75	75	25
2251	0.74	74	26
2252	0.73	73	27
2253	0.73	73	27
2254	0.74	74	26
2255	0.73	73	27
2256	0.72	72	28
2257	0.72	72	28
2258	0.71	71	29
2259	0.71	71	29
2260	0.70	70	30
2261	0.69	69	31
2262	0.70	70	30
2263	0.70	70	30
2264	0.71	71	29
2265	0.71	71	29
2266	0.71	71	29
2267	0.70	70	30
2268	0.70	70	30
2269	0.70	70	30
2270	0.70	70	30
2271	0.71	71	29
2272	0.70	70	30
2273	0.70	70	30
2274	0.70	70	30
2275	0.70	70	30
2276	0.69	69	31
2277	0.69	69	31
2278	0.69	69	31
2279	0.70	70	30
2280	0.70	70	30
2281	0.70	70	30
2282	0.70	70	30
2283	0.69	69	31
2284	0.68	68	32
2285	0.68	68	32
2286	0.68	68	32
2287	0.68	68	32
2288	0.68	68	32
2289	0.67	67	33
2290	0.67	67	33
2291	0.67	67	33
2292	0.67	67	33
2293	0.67	67	33
2294	0.67	67	33
2295	0.68	68	32
2296	0.67	67	33
2297	0.67	67	33
2298	0.67	67	33
2299	0.68	68	32
2300	0.69	69	31
2301	0.68	68	32
2302	0.68	68	32
2303	0.68	68	32
2304	0.67	67	33
2305	0.68	68	32
2306	0.68	68	32
2307	0.68	68	32
2308	0.68	68	32
2309	0.68	68	32
2310	0.68	68	32
2311	0.68	68	32
2312	0.68	68	32
2313	0.68	68	32
2314	0.68	68	32
2315	0.68	68	32
2316	0.67	67	33
2317	0.67	67	33
2318	0.67	67	33
2319	0.66	66	34
2320	0.66	66	34
2321	0.65	65	35
2322	0.66	66	34
2323	0.66	66	34
2324	0.65	65	35
2325	0.65	65	35
2326	0.65	65	35
2327	0.65	65	35
2328	0.65	65	35
2329	0.65	65	35
2330	0.65	65	35
2331	0.65	65	35
2332	0.65	65	35
2333	0.65	65	35
2334	0.65	65	35
2335	0.65	65	35
2336	0.65	65	35
2337	0.65	65	35
2338	0.65	65	35
2339	0.65	65	35
2340	0.65	65	35
2341	0.65	65	35
2342	0.65	65	35
2343	0.65	65	35
2344	0.66	66	34
2345	0.66	66	34
2346	0.67	67	33
2347	0.66	66	34
2348	0.66	66	34
2349	0.65	65	35
2350	0.65	65	35
2351	0.66	66	34
2352	0.67	67	33
2353	0.67	67	33
2354	0.67	67	33
2355	0.68	68	32
2356	0.68	68	32
2357	0.69	69	31
2358	0.70	70	30
2359	0.70	70	30
2360	0.71	71	29
2361	0.72	72	28
2362	0.72	72	28
2363	0.72	72	28
2364	0.72	72	28
2365	0.71	71	29
2366	0.71	71	29
2367	0.72	72	28
2368	0.72	72	28
2369	0.71	71	29
2370	0.71	71	29
2371	0.70	70	30
2372	0.70	70	30
2373	0.70	70	30
2374	0.70	70	30
2375	0.71	71	29
2376	0.71	71	29
2377	0.71	71	29
2378	0.71	71	29
2379	0.71	71	29
2380	0.71	71	29
2381	0.71	71	29
2382	0.71	71	29
2383	0.72	72	28
2384	0.73	73	27
2385	0.73	73	27
2386	0.73	73	27
2387	0.73	73	27
2388	0.73	73	27
2389	0.73	73	27
2390	0.73	73	27
2391	0.73	73	27
2392	0.73	73	27
2393	0.73	73	27
2394	0.74	74	26
2395	0.74	74	26
2396	0.74	74	26
2397	0.74	74	26
2398	0.73	73	27
2399	0.73	73	27
2400	0.73	73	27
2401	0.74	74	26
2402	0.74	74	26
2403	0.74	74	26
2404	0.75	75	25
2405	0.74	74	26
2406	0.73	73	27
2407	0.73	73	27
2408	0.73	73	27
2409	0.73	73	27
2410	0.72	72	28
2411	0.73	73	27
2412	0.73	73	27
2413	0.73	73	27
2414	0.73	73	27
2415	0.74	74	26
2416	0.75	75	25
2417	0.76	76	24
2418	0.77	77	23
2419	0.78	78	22
2420	0.77	77	23
2421	0.78	78	22
2422	0.77	77	23
2423	0.76	76	24
2424	0.77	77	23
2425	0.77	77	23
2426	0.78	78	22
2427	0.77	77	23
2428	0.77	77	23
2429	0.78	78	22
2430	0.78	78	22
2431	0.78	78	22
2432	0.78	78	22
2433	0.77	77	23
2434	0.77	77	23
2435	0.77	77	23
2436	0.77	77	23
2437	0.77	77	23
2438	0.78	78	22
2439	0.78	78	22
2440	0.78	78	22
2441	0.78	78	22
2442	0.78	78	22
2443	0.77	77	23
2444	0.77	77	23
2445	0.77	77	23
2446	0.77	77	23
2447	0.78	78	22
2448	0.78	78	22
2449	0.79	79	21
2450	0.78	78	22
2451	0.78	78	22
2452	0.78	78	22
2453	0.78	78	22
2454	0.78	78	22
2455	0.78	78	22
2456	0.79	79	21
2457	0.79	79	21
2458	0.78	78	22
2459	0.78	78	22
2460	0.78	78	22
2461	0.78	78	22
2462	0.78	78	22
2463	0.78	78	22
2464	0.78	78	22
2465	0.79	79	21
2466	0.79	79	21
2467	0.79	79	21
2468	0.79	79	21
2469	0.80	80	20
2470	0.80	80	20
2471	0.80	80	20
2472	0.80	80	20
2473	0.79	79	21
2474	0.79	79	21
2475	0.79	79	21
2476	0.79	79	21
2477	0.79	79	21
2478	0.79	79	21
2479	0.79	79	21
2480	0.78	78	22
2481	0.78	78	22
2482	0.78	78	22
2483	0.78	78	22
2484	0.78	78	22
2485	0.78	78	22
2486	0.77	77	23
2487	0.77	77	23
2488	0.77	77	23
2489	0.77	77	23
2490	0.78	78	22
2491	0.78	78	22
2492	0.78	78	22
2493	0.77	77	23
2494	0.76	76	24
2495	0.76	76	24
2496	0.77	77	23
2497	0.77	77	23
2498	0.78	78	22
2499	0.78	78	22
2500	0.77	77	23
2501	0.77	77	23
2502	0.77	77	23
2503	0.77	77	23
2504	0.77	77	23
2505	0.78	78	22
2506	0.79	79	21
2507	0.79	79	21
2508	0.79	79	21
2509	0.79	79	21
2510	0.79	79	21
2511	0.79	79	21
2512	0.79	79	21
2513	0.79	79	21
2514	0.79	79	21
2515	0.78	78	22
2516	0.78	78	22
2517	0.78	78	22
2518	0.78	78	22
2519	0.78	78	22
2520	0.79	79	21
2521	0.79	79	21
2522	0.80	80	20
2523	0.81	81	19
2524	0.80	80	20
2525	0.81	81	19
2526	0.81	81	19
2527	0.82	82	18
2528	0.82	82	18
2529	0.82	82	18
2530	0.82	82	18
2531	0.81	81	19
2532	0.81	81	19
2533	0.82	82	18
2534	0.82	82	18
2535	0.81	81	19
2536	0.80	80	20
2537	0.80	80	20
2538	0.80	80	20
2539	0.81	81	19
2540	0.81	81	19
2541	0.81	81	19
2542	0.81	81	19
2543	0.82	82	18
2544	0.82	82	18
2545	0.82	82	18
2546	0.82	82	18
2547	0.81	81	19
2548	0.80	80	20
2549	0.80	80	20
2550	0.80	80	20
2551	0.80	80	20
2552	0.80	80	20
2553	0.80	80	20
2554	0.80	80	20
2555	0.79	79	21
2556	0.79	79	21
2557	0.79	79	21
2558	0.80	80	20
2559	0.79	79	21
2560	0.78	78	22
2561	0.78	78	22
2562	0.78	78	22
2563	0.78	78	22
2564	0.77	77	23
2565	0.77	77	23
2566	0.77	77	23
2567	0.77	77	23
2568	0.77	77	23
2569	0.76	76	24
2570	0.76	76	24
2571	0.77	77	23
2572	0.78	78	22
2573	0.78	78	22
2574	0.78	78	22
2575	0.78	78	22
2576	0.78	78	22
2577	0.78	78	22
2578	0.78	78	22
2579	0.78	78	22
2580	0.79	79	21
2581	0.79	79	21
2582	0.78	78	22
2583	0.78	78	22
2584	0.78	78	22
2585	0.77	77	23
2586	0.77	77	23
2587	0.77	77	23
2588	0.77	77	23
2589	0.78	78	22
2590	0.78	78	22
2591	0.78	78	22
2592	0.78	78	22
2593	0.79	79	21
2594	0.80	80	20
2595	0.80	80	20
2596	0.80	80	20
2597	0.80	80	20
2598	0.80	80	20
2599	0.80	80	20
2600	0.80	80	20
2601	0.80	80	20
2602	0.80	80	20
2603	0.80	80	20
2604	0.80	80	20
2605	0.80	80	20
2606	0.80	80	20
2607	0.80	80	20
2608	0.79	79	21
2609	0.79	79	21
2610	0.80	80	20
2611	0.80	80	20
2612	0.80	80	20
2613	0.79	79	21
2614	0.79	79	21
2615	0.79	79	21
2616	0.78	78	22
2617	0.78	78	22
2618	0.77	77	23
2619	0.77	77	23
2620	0.77	77	23
2621	0.77	77	23
2622	0.77	77	23
2623	0.76	76	24
2624	0.77	77	23
2625	0.77	77	23
2626	0.77	77	23
2627	0.76	76	24
2628	0.76	76	24
2629	0.76	76	24
2630	0.76	76	24
2631	0.77	77	23
2632	0.77	77	23
2633	0.77	77	23
2634	0.77	77	23
2635	0.78	78	22
2636	0.78	78	22
2637	0.77	77	23
2638	0.77	77	23
2639	0.76	76	24
2640	0.76	76	24
2641	0.76	76	24
2642	0.76	76	24
2643	0.76	76	24
2644	0.75	75	25
2645	0.75	75	25
2646	0.75	75	25
2647	0.75	75	25
2648	0.76	76	24
2649	0.75	75	25
2650	0.76	76	24
2651	0.75	75	25
2652	0.75	75	25
2653	0.75	75	25
2654	0.75	75	25
2655	0.76	76	24
2656	0.75	75	25
2657	0.75	75	25
2658	0.74	74	26
2659	0.74	74	26
2660	0.75	75	25
2661	0.75	75	25
2662	0.75	75	25
2663	0.75	75	25
2664	0.76	76	24
2665	0.76	76	24
2666	0.76	76	24
2667	0.76	76	24
2668	0.75	75	25
2669	0.76	76	24
2670	0.76	76	24
2671	0.76	76	24
2672	0.76	76	24
2673	0.76	76	24
2674	0.75	75	25
2675	0.75	75	25
2676	0.76	76	24
2677	0.76	76	24
2678	0.75	75	25
2679	0.74	74	26
2680	0.74	74	26
2681	0.74	74	26
2682	0.75	75	25
2683	0.74	74	26
2684	0.74	74	26
2685	0.75	75	25
2686	0.76	76	24
2687	0.76	76	24
2688	0.76	76	24
2689	0.76	76	24
2690	0.76	76	24
2691	0.76	76	24
2692	0.76	76	24
2693	0.75	75	25
2694	0.75	75	25
2695	0.74	74	26
2696	0.74	74	26
2697	0.74	74	26
2698	0.74	74	26
2699	0.73	73	27
2700	0.73	73	27
2701	0.73	73	27
2702	0.73	73	27
2703	0.73	73	27
2704	0.73	73	27
2705	0.73	73	27
2706	0.73	73	27
2707	0.72	72	28
2708	0.72	72	28
2709	0.71	71	29
2710	0.71	71	29
2711	0.70	70	30
2712	0.70	70	30
2713	0.71	71	29
2714	0.71	71	29
2715	0.72	72	28
2716	0.73	73	27
2717	0.73	73	27
2718	0.74	74	26
2719	0.74	74	26
2720	0.74	74	26
2721	0.74	74	26
2722	0.74	74	26
2723	0.75	75	25
2724	0.74	74	26
2725	0.74	74	26
2726	0.74	74	26
2727	0.75	75	25
2728	0.75	75	25
2729	0.74	74	26
2730	0.74	74	26
2731	0.74	74	26
2732	0.74	74	26
2733	0.74	74	26
2734	0.74	74	26
2735	0.74	74	26
2736	0.75	75	25
2737	0.76	76	24
2738	0.75	75	25
2739	0.76	76	24
2740	0.76	76	24
2741	0.76	76	24
2742	0.76	76	24
2743	0.76	76	24
2744	0.77	77	23
2745	0.76	76	24
2746	0.76	76	24
2747	0.76	76	24
2748	0.76	76	24
2749	0.77	77	23
2750	0.76	76	24
2751	0.77	77	23
2752	0.77	77	23
2753	0.76	76	24
2754	0.76	76	24
2755	0.76	76	24
2756	0.76	76	24
2757	0.76	76	24
2758	0.77	77	23
2759	0.78	78	22
2760	0.78	78	22
2761	0.78	78	22
2762	0.78	78	22
2763	0.77	77	23
2764	0.77	77	23
2765	0.76	76	24
2766	0.76	76	24
2767	0.76	76	24
2768	0.77	77	23
2769	0.77	77	23
2770	0.77	77	23
2771	0.76	76	24
2772	0.76	76	24
2773	0.77	77	23
2774	0.78	78	22
2775	0.78	78	22
2776	0.78	78	22
2777	0.78	78	22
2778	0.79	79	21
2779	0.80	80	20
2780	0.80	80	20
2781	0.79	79	21
2782	0.79	79	21
2783	0.79	79	21
2784	0.79	79	21
2785	0.79	79	21
2786	0.79	79	21
2787	0.79	79	21
2788	0.78	78	22
2789	0.77	77	23
2790	0.77	77	23
2791	0.77	77	23
2792	0.77	77	23
2793	0.78	78	22
2794	0.78	78	22
2795	0.79	79	21
2796	0.79	79	21
2797	0.79	79	21
2798	0.79	79	21
2799	0.80	80	20
2800	0.81	81	19
2801	0.80	80	20
2802	0.80	80	20
2803	0.79	79	21
2804	0.79	79	21
2805	0.78	78	22
2806	0.78	78	22
2807	0.78	78	22
2808	0.79	79	21
2809	0.80	80	20
2810	0.80	80	20
2811	0.81	81	19
2812	0.81	81	19
2813	0.81	81	19
2814	0.81	81	19
2815	0.80	80	20
2816	0.80	80	20
2817	0.80	80	20
2818	0.80	80	20
2819	0.79	79	21
2820	0.79	79	21
2821	0.79	79	21
2822	0.79	79	21
2823	0.79	79	21
2824	0.80	80	20
2825	0.80	80	20
2826	0.80	80	20
2827	0.80	80	20
2828	0.80	80	20
2829	0.80	80	20
2830	0.80	80	20
2831	0.80	80	20
2832	0.80	80	20
2833	0.80	80	20
2834	0.80	80	20
2835	0.79	79	21
2836	0.78	78	22
2837	0.78	78	22
2838	0.79	79	21
2839	0.79	79	21
2840	0.79	79	21
2841	0.79	79	21
2842	0.79	79	21
2843	0.79	79	21
2844	0.79	79	21
2845	0.80	80	20
2846	0.80	80	20
2847	0.81	81	19
2848	0.81	81	19
2849	0.81	81	19
2850	0.82	82	18
2851	0.82	82	18
2852	0.82	82	18
2853	0.83	83	17
2854	0.83	83	17
2855	0.82	82	18
2856	0.83	83	17
2857	0.82	82	18
2858	0.82	82	18
2859	0.82	82	18
2860	0.81	81	19
2861	0.81	81	19
2862	0.81	81	19
2863	0.81	81	19
2864	0.81	81	19
2865	0.82	82	18
2866	0.82	82	18
2867	0.82	82	18
2868	0.82	82	18
2869	0.81	81	19
2870	0.81	81	19
2871	0.82	82	18
2872	0.82	82	18
2873	0.82	82	18
2874	0.82	82	18
2875	0.82	82	18
2876	0.82	82	18
2877	0.82	82	18
2878	0.82	82	18
2879	0.81	81	19
2880	0.81	81	19
2881	0.82	82	18
2882	0.82	82	18
2883	0.83	83	17
2884	0.83	83	17
2885	0.82	82	18
2886	0.82	82	18
2887	0.82	82	18
2888	0.83	83	17
2889	0.84	84	16
2890	0.84	84	16
2891	0.84	84	16
2892	0.84	84	16
2893	0.83	83	17
2894	0.83	83	17
2895	0.83	83	17
2896	0.83	83	17
2897	0.83	83	17
2898	0.83	83	17
2899	0.83	83	17
2900	0.82	82	18
2901	0.83	83	17
2902	0.83	83	17
2903	0.83	83	17
2904	0.83	83	17
2905	0.84	84	16
2906	0.84	84	16
2907	0.85	85	15
2908	0.85	85	15
2909	0.85	85	15
2910	0.85	85	15
2911	0.85	85	15
2912	0.85	85	15
2913	0.85	85	15
2914	0.85	85	15
2915	0.86	86	14
2916	0.85	85	15
2917	0.85	85	15
2918	0.84	84	16
2919	0.85	85	15
2920	0.85	85	15
2921	0.85	85	15
2922	0.85	85	15
2923	0.85	85	15
2924	0.85	85	15
2925	0.85	85	15
2926	0.84	84	16
2927	0.84	84	16
2928	0.83	83	17
2929	0.84	84	16
2930	0.84	84	16
2931	0.84	84	16
2932	0.84	84	16
2933	0.84	84	16
2934	0.83	83	17
2935	0.84	84	16
2936	0.84	84	16
2937	0.84	84	16
2938	0.83	83	17
2939	0.83	83	17
2940	0.82	82	18
2941	0.82	82	18
2942	0.82	82	18
2943	0.82	82	18
2944	0.82	82	18
2945	0.82	82	18
2946	0.82	82	18
2947	0.81	81	19
2948	0.81	81	19
2949	0.81	81	19
2950	0.81	81	19
2951	0.80	80	20
2952	0.80	80	20
2953	0.80	80	20
2954	0.80	80	20
2955	0.81	81	19
2956	0.80	80	20
2957	0.80	80	20
2958	0.79	79	21
2959	0.79	79	21
2960	0.80	80	20
2961	0.80	80	20
2962	0.79	79	21
2963	0.80	80	20
2964	0.80	80	20
2965	0.80	80	20
2966	0.80	80	20
2967	0.80	80	20
2968	0.80	80	20
2969	0.81	81	19
2970	0.80	80	20
2971	0.79	79	21
2972	0.79	79	21
2973	0.79	79	21
2974	0.78	78	22
2975	0.77	77	23
2976	0.77	77	23
2977	0.76	76	24
2978	0.75	75	25
2979	0.76	76	24
2980	0.76	76	24
2981	0.76	76	24
2982	0.75	75	25
2983	0.75	75	25
2984	0.75	75	25
2985	0.76	76	24
2986	0.76	76	24
2987	0.76	76	24
2988	0.75	75	25
2989	0.75	75	25
2990	0.75	75	25
2991	0.74	74	26
2992	0.74	74	26
2993	0.75	75	25
2994	0.75	75	25
2995	0.74	74	26
2996	0.74	74	26
2997	0.74	74	26
2998	0.74	74	26
2999	0.74	74	26
3000	0.26	74	26
3001	0.27	73	27
3002	0.28	72	28
3003	0.27	73	27
3004	0.28	72	28
3005	0.29	71	29
3006	0.30	70	30
3007	0.30	70	30
3008	0.31	69	31
3009	0.31	69	31
3010	0.32	68	32
3011	0.33	67	33
3012	0.34	66	34
3013	0.35	65	35
3014	0.36	64	36
3015	0.36	64	36
3016	0.36	64	36
3017	0.37	63	37
3018	0.37	63	37
3019	0.38	62	38
3020	0.39	61	39
3021	0.40	60	40
3022	0.41	59	41
3023	0.41	59	41
3024	0.42	58	42
3025	0.43	57	43
3026	0.43	57	43
3027	0.43	57	43
3028	0.43	57	43
3029	0.44	56	44
3030	0.45	55	45
3031	0.46	54	46
3032	0.47	53	47
3033	0.48	52	48
3034	0.48	52	48
3035	0.48	52	48
3036	0.48	52	48
3037	0.49	51	49
3038	0.49	51	49
3039	0.50	50	50
3040	0.49	51	49
3041	0.50	50	50
3042	0.51	49	51
3043	0.52	48	52
3044	0.53	47	53
3045	0.54	46	54
3046	0.55	45	55
3047	0.55	45	55
3048	0.56	44	56
3049	0.57	43	57
3050	0.58	42	58
3051	0.57	43	57
3052	0.58	42	58
3053	0.59	41	59
3054	0.60	40	60
3055	0.61	39	61
3056	0.60	40	60
3057	0.59	41	59
3058	0.59	41	59
3059	0.59	41	59
3060	0.60	40	60
3061	0.61	39	61
3062	0.60	40	60
3063	0.60	40	60
3064	0.61	39	61
3065	0.62	38	62
3066	0.62	38	62
3067	0.62	38	62
3068	0.62	38	62
3069	0.62	38	62
3070	0.62	38	62
3071	0.62	38	62
3072	0.62	38	62
3073	0.62	38	62
3074	0.62	38	62
3075	0.61	39	61
3076	0.61	39	61
3077	0.61	39	61
3078	0.61	39	61
3079	0.61	39	61
3080	0.62	38	62
3081	0.62	38	62
3082	0.62	38	62
3083	0.62	38	62
3084	0.63	37	63
3085	0.64	36	64
3086	0.64	36	64
3087	0.64	36	64
3088	0.64	36	64
3089	0.65	35	65
3090	0.66	34	66
3091	0.66	34	66
3092	0.66	34	66
3093	0.66	34	66
3094	0.67	33	67
3095	0.67	33	67
3096	0.67	33	67
3097	0.68	32	68
3098	0.69	31	69
3099	0.70	30	70
3100	0.70	30	70
3101	0.70	30	70
3102	0.70	30	70
3103	0.71	29	71
3104	0.71	29	71
3105	0.71	29	71
3106	0.71	29	71
3107	0.72	28	72
3108	0.72	28	72
3109	0.73	27	73
3110	0.73	27	73
3111	0.73	27	73
3112	0.72	28	72
3113	0.71	29	71
3114	0.70	30	70
3115	0.70	30	70
3116	0.70	30	70
3117	0.70	30	70
3118	0.70	30	70
3119	0.69	31	69
3120	0.68	32	68
3121	0.68	32	68
3122	0.68	32	68
3123	0.69	31	69
3124	0.69	31	69
3125	0.68	32	68
3126	0.68	32	68
3127	0.69	31	69
3128	0.69	31	69
3129	0.69	31	69
3130	0.68	32	68
3131	0.68	32	68
3132	0.68	32	68
3133	0.67	33	67
3134	0.67	33	67
3135	0.68	32	68
3136	0.68	32	68
3137	0.68	32	68
3138	0.68	32	68
3139	0.68	32	68
3140	0.69	31	69
3141	0.68	32	68
3142	0.68	32	68
3143	0.68	32	68
3144	0.68	32	68
3145	0.67	33	67
3146	0.67	33	67
3147	0.67	33	67
3148	0.66	34	66
3149	0.66	34	66
3150	0.66	34	66
3151	0.67	33	67
3152	0.67	33	67
3153	0.67	33	67
3154	0.67	33	67
3155	0.67	33	67
3156	0.68	32	68
3157	0.69	31	69
3158	0.68	32	68
3159	0.69	31	69
3160	0.69	31	69
3161	0.69	31	69
3162	0.69	31	69
3163	0.70	30	70
3164	0.69	31	69
3165	0.69	31	69
3166	0.70	30	70
3167	0.71	29	71
3168	0.72	28	72
3169	0.73	27	73
3170	0.73	27	73
3171	0.72	28	72
3172	0.73	27	73
3173	0.74	26	74
3174	0.74	26	74
3175	0.75	25	75
3176	0.76	24	76
3177	0.76	24	76
3178	0.76	24	76
3179	0.77	23	77
3180	0.77	23	77
3181	0.77	23	77
3182	0.77	23	77
3183	0.78	22	78
3184	0.78	22	78
3185	0.78	22	78
3186	0.79	21	79
3187	0.80	20	80
3188	0.80	20	80
3189	0.79	21	79
3190	0.79	21	79
3191	0.79	21	79
3192	0.80	20	80
3193	0.81	19	81
3194	0.81	19	81
3195	0.81	19	81
3196	0.82	18	82
3197	0.82	18	82
3198	0.82	18	82
3199	0.82	18	82
3200	0.82	18	82
3201	0.81	19	81
3202	0.80	20	80
3203	0.79	21	79
3204	0.79	21	79
3205	0.79	21	79
3206	0.79	21	79
3207	0.79	21	79
3208	0.79	21	79
3209	0.79	21	79
3210	0.78	22	78
3211	0.78	22	78
3212	0.79	21	79
3213	0.80	20	80
3214	0.81	19	81
3215	0.82	18	82
3216	0.81	19	81
3217	0.81	19	81
3218	0.80	20	80
3219	0.81	19	81
3220	0.81	19	81
3221	0.81	19	81
3222	0.80	20	80
3223	0.80	20	80
3224	0.80	20	80
3225	0.81	19	81
3226	0.81	19	81
3227	0.81	19	81
3228	0.81	19	81
3229	0.80	20	80
3230	0.80	20	80
3231	0.80	20	80
3232	0.80	20	80
3233	0.81	19	81
3234	0.81	19	81
3235	0.81	19	81
3236	0.81	19	81
3237	0.81	19	81
3238	0.81	19	81
3239	0.81	19	81
3240	0.81	19	81
3241	0.82	18	82
3242	0.82	18	82
3243	0.82	18	82
3244	0.81	19	81
3245	0.82	18	82
3246	0.82	18	82
3247	0.82	18	82
3248	0.83	17	83
3249	0.83	17	83
3250	0.83	17	83
3251	0.83	17	83
3252	0.83	17	83
3253	0.83	17	83
3254	0.82	18	82
3255	0.82	18	82
3256	0.82	18	82
3257	0.82	18	82
3258	0.82	18	82
3259	0.82	18	82
3260	0.82	18	82
3261	0.82	18	82
3262	0.83	17	83
3263	0.83	17	83
3264	0.84	16	84
3265	0.84	16	84
3266	0.84	16	84
3267	0.83	17	83
3268	0.83	17	83
3269	0.83	17	83
3270	0.83	17	83
3271	0.84	16	84
3272	0.83	17	83
3273	0.83	17	83
3274	0.83	17	83
3275	0.83	17	83
3276	0.83	17	83
3277	0.83	17	83
3278	0.83	17	83
3279	0.83	17	83
3280	0.83	17	83
3281	0.84	16	84
3282	0.84	16	84
3283	0.84	16	84
3284	0.84	16	84
3285	0.84	16	84
3286	0.84	16	84
3287	0.83	17	83
3288	0.83	17	83
3289	0.84	16	84
3290	0.83	17	83
3291	0.82	18	82
3292	0.81	19	81
3293	0.80	20	80
3294	0.80	20	80
3295	0.80	20	80
3296	0.80	20	80
3297	0.80	20	80
3298	0.80	20	80
3299	0.79	21	79
3300	0.79	21	79
3301	0.80	20	80
3302	0.80	20	80
3303	0.81	19	81
3304	0.81	19	81
3305	0.80	20	80
3306	0.80	20	80
3307	0.80	20	80
3308	0.79	21	79
3309	0.79	21	79
3310	0.79	21	79
3311	0.79	21	79
3312	0.79	21	79
3313	0.79	21	79
3314	0.78	22	78
3315	0.78	22	78
3316	0.79	21	79
3317	0.78	22	78
3318	0.79	21	79
3319	0.79	21	79
3320	0.80	20	80
3321	0.79	21	79
3322	0.79	21	79
3323	0.79	21	79
3324	0.79	21	79
3325	0.79	21	79
3326	0.79	21	79
3327	0.79	21	79
3328	0.79	21	79
3329	0.79	21	79
3330	0.80	20	80
3331	0.79	21	79
3332	0.79	21	79
3333	0.79	21	79
3334	0.79	21	79
3335	0.79	21	79
3336	0.79	21	79
3337	0.79	21	79
3338	0.79	21	79
3339	0.79	21	79
3340	0.78	22	78
3341	0.77	23	77
3342	0.76	24	76
3343	0.76	24	76
3344	0.77	23	77
3345	0.77	23	77
3346	0.77	23	77
3347	0.77	23	77
3348	0.77	23	77
3349	0.77	23	77
3350	0.76	24	76
3351	0.76	24	76
3352	0.76	24	76
3353	0.76	24	76
3354	0.76	24	76
3355	0.76	24	76
3356	0.76	24	76
3357	0.76	24	76
3358	0.76	24	76
3359	0.76	24	76
3360	0.75	25	75
3361	0.74	26	74
3362	0.74	26	74
3363	0.74	26	74
3364	0.74	26	74
3365	0.74	26	74
3366	0.74	26	74
3367	0.75	25	75
3368	0.75	25	75
3369	0.75	25	75
3370	0.75	25	75
3371	0.75	25	75
3372	0.76	24	76
3373	0.76	24	76
3374	0.75	25	75
3375	0.75	25	75
3376	0.75	25	75
3377	0.75	25	75
3378	0.75	25	75
3379	0.75	25	75
3380	0.75	25	75
3381	0.75	25	75
3382	0.74	26	74
3383	0.73	27	73
3384	0.72	28	72
3385	0.72	28	72
3386	0.71	29	71
3387	0.71	29	71
3388	0.70	30	70
3389	0.70	30	70
3390	0.71	29	71
3391	0.71	29	71
3392	0.72	28	72
3393	0.73	27	73
3394	0.72	28	72
3395	0.72	28	72
3396	0.72	28	72
3397	0.71	29	71
3398	0.71	29	71
3399	0.72	28	72
3400	0.72	28	72
3401	0.71	29	71
3402	0.72	28	72
3403	0.72	28	72
3404	0.72	28	72
3405	0.73	27	73
3406	0.72	28	72
3407	0.72	28	72
3408	0.73	27	73
3409	0.73	27	73
3410	0.74	26	74
3411	0.74	26	74
3412	0.74	26	74
3413	0.74	26	74
3414	0.74	26	74
3415	0.74	26	74
3416	0.74	26	74
3417	0.75	25	75
3418	0.74	26	74
3419	0.73	27	73
3420	0.72	28	72
3421	0.73	27	73
3422	0.74	26	74
3423	0.74	26	74
3424	0.74	26	74
3425	0.74	26	74
3426	0.73	27	73
3427	0.72	28	72
3428	0.72	28	72
3429	0.73	27	73
3430	0.73	27	73
3431	0.74	26	74
3432	0.73	27	73
3433	0.72	28	72
3434	0.71	29	71
3435	0.70	30	70
3436	0.70	30	70
3437	0.70	30	70
3438	0.70	30	70
3439	0.69	31	69
3440	0.69	31	69
3441	0.69	31	69
3442	0.70	30	70
3443	0.69	31	69
3444	0.69	31	69
3445	0.68	32	68
3446	0.68	32	68
3447	0.68	32	68
3448	0.67	33	67
3449	0.66	34	66
3450	0.66	34	66
3451	0.65	35	65
3452	0.65	35	65
3453	0.65	35	65
3454	0.66	34	66
3455	0.66	34	66
3456	0.65	35	65
3457	0.65	35	65
3458	0.66	34	66
3459	0.66	34	66
3460	0.67	33	67
3461	0.67	33	67
3462	0.67	33	67
3463	0.67	33	67
3464	0.66	34	66
3465	0.66	34	66
3466	0.66	34	66
3467	0.66	34	66
3468	0.66	34	66
3469	0.66	34	66
3470	0.65	35	65
3471	0.65	35	65
3472	0.65	35	65
3473	0.65	35	65
3474	0.66	34	66
3475	0.66	34	66
3476	0.66	34	66
3477	0.66	34	66
3478	0.66	34	66
3479	0.65	35	65
3480	0.64	36	64
3481	0.64	36	64
3482	0.65	35	65
3483	0.66	34	66
3484	0.67	33	67
3485	0.67	33	67
3486	0.68	32	68
3487	0.68	32	68
3488	0.69	31	69
3489	0.69	31	69
3490	0.69	31	69
3491	0.70	30	70
3492	0.69	31	69
3493	0.69	31	69
3494	0.70	30	70
3495	0.70	30	70
3496	0.70	30	70
3497	0.71	29	71
3498	0.70	30	70
3499	0.70	30	70
3500	0.69	31	69
3501	0.69	31	69
3502	0.69	31	69
3503	0.69	31	69
3504	0.69	31	69
3505	0.69	31	69
3506	0.69	31	69
3507	0.69	31	69
3508	0.69	31	69
3509	0.69	31	69
3510	0.69	31	69
3511	0.69	31	69
3512	0.69	31	69
3513	0.68	32	68
3514	0.69	31	69
3515	0.69	31	69
3516	0.69	31	69
3517	0.69	31	69
3518	0.70	30	70
3519	0.71	29	71
3520	0.72	28	72
3521	0.72	28	72
3522	0.72	28	72
3523	0.72	28	72
3524	0.72	28	72
3525	0.72	28	72
3526	0.72	28	72
3527	0.73	27	73
3528	0.72	28	72
3529	0.72	28	72
3530	0.72	28	72
3531	0.71	29	71
3532	0.71	29	71
3533	0.72	28	72
3534	0.73	27	73
3535	0.74	26	74
3536	0.74	26	74
3537	0.74	26	74
3538	0.74	26	74
3539	0.75	25	75
3540	0.76	24	76
3541	0.77	23	77
3542	0.76	24	76
3543	0.77	23	77
3544	0.77	23	77
3545	0.78	22	78
3546	0.78	22	78
3547	0.78	22	78
3548	0.79	21	79
3549	0.80	20	80
3550	0.81	19	81
3551	0.81	19	81
3552	0.81	19	81
3553	0.81	19	81
3554	0.81	19	81
3555	0.81	19	81
3556	0.82	18	82
3557	0.82	18	82
3558	0.82	18	82
3559	0.82	18	82
3560	0.82	18	82
3561	0.83	17	83
3562	0.82	18	82
3563	0.82	18	82
3564	0.82	18	82
3565	0.81	19	81
3566	0.81	19	81
3567	0.81	19	81
3568	0.81	19	81
3569	0.81	19	81
3570	0.82	18	82
3571	0.81	19	81
3572	0.81	19	81
3573	0.80	20	80
3574	0.80	20	80
3575	0.80	20	80
3576	0.80	20	80
3577	0.80	20	80
3578	0.80	20	80
3579	0.81	19	81
3580	0.82	18	82
3581	0.82	18	82
3582	0.82	18	82
3583	0.82	18	82
3584	0.82	18	82
3585	0.81	19	81
3586	0.81	19	81
3587	0.82	18	82
3588	0.81	19	81
3589	0.80	20	80
3590	0.80	20	80
3591	0.80	20	80
3592	0.80	20	80
3593	0.80	20	80
3594	0.80	20	80
3595	0.80	20	80
3596	0.79	21	79
3597	0.79	21	79
3598	0.80	20	80
3599	0.80	20	80
3600	0.81	19	81
3601	0.82	18	82
3602	0.82	18	82
3603	0.82	18	82
3604	0.82	18	82
3605	0.82	18	82
3606	0.83	17	83
3607	0.83	17	83
3608	0.83	17	83
3609	0.83	17	83
3610	0.83	17	83
3611	0.83	17	83
3612	0.83	17	83
3613	0.84	16	84
3614	0.84	16	84
3615	0.83	17	83
3616	0.83	17	83
3617	0.83	17	83
3618	0.83	17	83
3619	0.83	17	83
3620	0.83	17	83
3621	0.83	17	83
3622	0.83	17	83
3623	0.83	17	83
3624	0.83	17	83
3625	0.82	18	82
3626	0.83	17	83
3627	0.82	18	82
3628	0.83	17	83
3629	0.83	17	83
3630	0.83	17	83
3631	0.84	16	84
3632	0.85	15	85
3633	0.85	15	85
3634	0.85	15	85
3635	0.85	15	85
3636	0.84	16	84
3637	0.84	16	84
3638	0.83	17	83
3639	0.83	17	83
3640	0.82	18	82
3641	0.82	18	82
3642	0.83	17	83
3643	0.83	17	83
3644	0.83	17	83
3645	0.82	18	82
3646	0.81	19	81
3647	0.81	19	81
3648	0.81	19	81
3649	0.81	19	81
3650	0.81	19	81
3651	0.82	18	82
3652	0.82	18	82
3653	0.82	18	82
3654	0.82	18	82
3655	0.82	18	82
3656	0.81	19	81
3657	0.81	19	81
3658	0.81	19	81
3659	0.80	20	80
3660	0.79	21	79
3661	0.79	21	79
3662	0.80	20	80
3663	0.80	20	80
3664	0.81	19	81
3665	0.82	18	82
3666	0.81	19	81
3667	0.81	19	81
3668	0.81	19	81
3669	0.81	19	81
3670	0.81	19	81
3671	0.82	18	82
3672	0.82	18	82
3673	0.83	17	83
3674	0.83	17	83
3675	0.83	17	83
3676	0.82	18	82
3677	0.82	18	82
3678	0.82	18	82
3679	0.81	19	81
3680	0.81	19	81
3681	0.81	19	81
3682	0.81	19	81
3683	0.81	19	81
3684	0.81	19	81
3685	0.82	18	82
3686	0.82	18	82
3687	0.81	19	81
3688	0.82	18	82
3689	0.83	17	83
3690	0.83	17	83
3691	0.83	17	83
3692	0.84	16	84
3693	0.84	16	84
3694	0.83	17	83
3695	0.82	18	82
3696	0.82	18	82
3697	0.82	18	82
3698	0.82	18	82
3699	0.81	19	81
3700	0.80	20	80
3701	0.80	20	80
3702	0.80	20	80
3703	0.80	20	80
3704	0.80	20	80
3705	0.80	20	80
3706	0.80	20	80
3707	0.80	20	80
3708	0.80	20	80
3709	0.80	20	80
3710	0.80	20	80
3711	0.80	20	80
3712	0.79	21	79
3713	0.79	21	79
3714	0.79	21	79
3715	0.80	20	80
3716	0.79	21	79
3717	0.79	21	79
3718	0.78	22	78
3719	0.78	22	78
3720	0.78	22	78
3721	0.78	22	78
3722	0.78	22	78
3723	0.78	22	78
3724	0.78	22	78
3725	0.79	21	79
3726	0.79	21	79
3727	0.80	20	80
3728	0.80	20	80
3729	0.80	20	80
3730	0.80	20	80
3731	0.80	20	80
3732	0.79	21	79
3733	0.79	21	79
3734	0.79	21	79
3735	0.79	21	79
3736	0.80	20	80
3737	0.80	20	80
3738	0.81	19	81
3739	0.80	20	80
3740	0.80	20	80
3741	0.80	20	80
3742	0.80	20	80
3743	0.80	20	80
3744	0.79	21	79
3745	0.80	20	80
3746	0.81	19	81
3747	0.81	19	81
3748	0.81	19	81
3749	0.81	19	81
3750	0.81	19	81
3751	0.81	19	81
3752	0.81	19	81
3753	0.81	19	81
3754	0.81	19	81
3755	0.81	19	81
3756	0.82	18	82
3757	0.82	18	82
3758	0.82	18	82
3759	0.83	17	83
3760	0.84	16	84
3761	0.84	16	84
3762	0.84	16	84
3763	0.84	16	84
3764	0.83	17	83
3765	0.83	17	83
3766	0.84	16	84
3767	0.84	16	84
3768	0.84	16	84
3769	0.84	16	84
3770	0.83	17	83
3771	0.83	17	83
3772	0.83	17	83
3773	0.83	17	83
3774	0.83	17	83
3775	0.82	18	82
3776	0.83	17	83
3777	0.83	17	83
3778	0.82	18	82
3779	0.82	18	82
3780	0.82	18	82
3781	0.82	18	82
3782	0.81	19	81
3783	0.81	19	81
3784	0.81	19	81
3785	0.80	20	80
3786	0.80	20	80
3787	0.81	19	81
3788	0.81	19	81
3789	0.81	19	81
3790	0.81	19	81
3791	0.81	19	81
3792	0.81	19	81
3793	0.80	20	80
3794	0.80	20	80
3795	0.81	19	81
3796	0.82	18	82
3797	0.82	18	82
3798	0.82	18	82
3799	0.82	18	82
3800	0.83	17	83
3801	0.83	17	83
3802	0.83	17	83
3803	0.83	17	83
3804	0.83	17	83
3805	0.83	17	83
3806	0.83	17	83
3807	0.83	17	83
3808	0.82	18	82
3809	0.81	19	81
3810	0.81	19	81
3811	0.81	19	81
3812	0.81	19	81
3813	0.81	19	81
3814	0.81	19	81
3815	0.80	20	80
3816	0.81	19	81
3817	0.81	19	81
3818	0.82	18	82
3819	0.82	18	82
3820	0.82	18	82
3821	0.82	18	82
3822	0.81	19	81
3823	0.81	19	81
3824	0.81	19	81
3825	0.81	19	81
3826	0.80	20	80
3827	0.80	20	80
3828	0.80	20	80
3829	0.80	20	80
3830	0.80	20	80
3831	0.80	20	80
3832	0.81	19	81
3833	0.81	19	81
3834	0.81	19	81
3835	0.81	19	81
3836	0.80	20	80
3837	0.80	20	80
3838	0.80	20	80
3839	0.80	20	80
3840	0.81	19	81
3841	0.80	20	80
3842	0.80	20	80
3843	0.80	20	80
3844	0.81	19	81
3845	0.80	20	80
3846	0.80	20	80
3847	0.79	21	79
3848	0.79	21	79
3849	0.78	22	78
3850	0.77	23	77
3851	0.77	23	77
3852	0.77	23	77
3853	0.77	23	77
3854	0.77	23	77
3855	0.76	24	76
3856	0.76	24	76
3857	0.76	24	76
3858	0.76	24	76
3859	0.76	24	76
3860	0.75	25	75
3861	0.75	25	75
3862	0.75	25	75
3863	0.75	25	75
3864	0.76	24	76
3865	0.76	24	76
3866	0.76	24	76
3867	0.75	25	75
3868	0.75	25	75
3869	0.74	26	74
3870	0.75	25	75
3871	0.74	26	74
3872	0.74	26	74
3873	0.74	26	74
3874	0.74	26	74
3875	0.75	25	75
3876	0.75	25	75
3877	0.75	25	75
3878	0.76	24	76
3879	0.77	23	77
3880	0.77	23	77
3881	0.76	24	76
3882	0.77	23	77
3883	0.77	23	77
3884	0.77	23	77
3885	0.78	22	78
3886	0.78	22	78
3887	0.78	22	78
3888	0.78	22	78
3889	0.78	22	78
3890	0.78	22	78
3891	0.78	22	78
3892	0.78	22	78
3893	0.79	21	79
3894	0.80	20	80
3895	0.80	20	80
3896	0.79	21	79
3897	0.79	21	79
3898	0.79	21	79
3899	0.79	21	79
3900	0.79	21	79
3901	0.78	22	78
3902	0.78	22	78
3903	0.78	22	78
3904	0.78	22	78
3905	0.77	23	77
3906	0.77	23	77
3907	0.77	23	77
3908	0.78	22	78
3909	0.79	21	79
3910	0.79	21	79
3911	0.78	22	78
3912	0.79	21	79
3913	0.78	22	78
3914	0.78	22	78
3915	0.79	21	79
3916	0.79	21	79
3917	0.79	21	79
3918	0.79	21	79
3919	0.79	21	79
3920	0.78	22	78
3921	0.78	22	78
3922	0.78	22	78
3923	0.78	22	78
3924	0.78	22	78
3925	0.78	22	78
3926	0.79	21	79
3927	0.78	22	78
3928	0.77	23	77
3929	0.77	23	77
3930	0.77	23	77
3931	0.77	23	77
3932	0.76	24	76
3933	0.75	25	75
3934	0.74	26	74
3935	0.74	26	74
3936	0.75	25	75
3937	0.75	25	75
3938	0.75	25	75
3939	0.76	24	76
3940	0.76	24	76
3941	0.77	23	77
3942	0.77	23	77
3943	0.77	23	77
3944	0.77	23	77
3945	0.77	23	77
3946	0.77	23	77
3947	0.78	22	78
3948	0.78	22	78
3949	0.78	22	78
3950	0.78	22	78
3951	0.78	22	78
3952	0.78	22	78
3953	0.78	22	78
3954	0.78	22	78
3955	0.79	21	79
3956	0.79	21	79
3957	0.79	21	79
3958	0.79	21	79
3959	0.79	21	79
3960	0.80	20	80
3961	0.80	20	80
3962	0.80	20	80
3963	0.80	20	80
3964	0.80	20	80
3965	0.80	20	80
3966	0.79	21	79
3967	0.80	20	80
3968	0.79	21	79
3969	0.80	20	80
3970	0.80	20	80
3971	0.81	19	81
3972	0.80	20	80
3973	0.79	21	79
3974	0.79	21	79
3975	0.78	22	78
3976	0.78	22	78
3977	0.78	22	78
3978	0.78	22	78
3979	0.78	22	78
3980	0.78	22	78
3981	0.79	21	79
3982	0.78	22	78
3983	0.78	22	78
3984	0.78	22	78
3985	0.78	22	78
3986	0.78	22	78
3987	0.78	22	78
3988	0.78	22	78
3989	0.77	23	77
3990	0.77	23	77
3991	0.76	24	76
3992	0.76	24	76
3993	0.76	24	76
3994	0.76	24	76
3995	0.76	24	76
3996	0.77	23	77
3997	0.77	23	77
3998	0.76	24	76
3999	0.76	24	76
4000	0.25	25	75
4001	0.25	25	75
4002	0.25	25	75
4003	0.26	26	74
4004	0.27	27	73
4005	0.27	27	73
4006	0.28	28	72
4007	0.29	29	71
4008	0.30	30	70
4009	0.31	31	69
4010	0.32	32	68
4011	0.32	32	68
4012	0.33	33	67
4013	0.33	33	67
4014	0.34	34	66
4015	0.35	35	65
4016	0.36	36	64
4017	0.37	37	63
4018	0.38	38	62
4019	0.38	38	62
4020	0.38	38	62
4021	0.38	38	62
4022	0.37	37	63
4023	0.37	37	63
4024	0.37	37	63
4025	0.37	37	63
4026	0.38	38	62
4027	0.37	37	63
4028	0.37	37	63
4029	0.38	38	62
4030	0.39	39	61
4031	0.40	40	60
4032	0.39	39	61
4033	0.38	38	62
4034	0.38	38	62
4035	0.39	39	61
4036	0.40	40	60
4037	0.40	40	60
4038	0.41	41	59
4039	0.41	41	59
4040	0.41	41	59
4041	0.42	42	58
4042	0.42	42	58
4043	0.42	42	58
4044	0.43	43	57
4045	0.43	43	57
4046	0.44	44	56
4047	0.44	44	56
4048	0.45	45	55
4049	0.45	45	55
4050	0.45	45	55
4051	0.46	46	54
4052	0.47	47	53
4053	0.48	48	52
4054	0.48	48	52
4055	0.48	48	52
4056	0.48	48	52
4057	0.49	49	51
4058	0.50	50	50
4059	0.50	50	50
4060	0.51	51	49
4061	0.52	52	48
4062	0.53	53	47
4063	0.54	54	46
4064	0.54	54	46
4065	0.55	55	45
4066	0.54	54	46
4067	0.55	55	45
4068	0.55	55	45
4069	0.56	56	44
4070	0.57	57	43
4071	0.58	58	42
4072	0.58	58	42
4073	0.57	57	43
4074	0.57	57	43
4075	0.57	57	43
4076	0.58	58	42
4077	0.58	58	42
4078	0.58	58	42
4079	0.59	59	41
4080	0.60	60	40
4081	0.60	60	40
4082	0.59	59	41
4083	0.60	60	40
4084	0.61	61	39
4085	0.61	61	39
4086	0.62	62	38
4087	0.63	63	37
4088	0.64	64	36
4089	0.64	64	36
4090	0.65	65	35
4091	0.64	64	36
4092	0.65	65	35
4093	0.66	66	34
4094	0.67	67	33
4095	0.68	68	32
4096	0.69	69	31
4097	0.69	69	31
4098	0.69	69	31
4099	0.69	69	31
4100	0.69	69	31
4101	0.69	69	31
4102	0.69	69	31
4103	0.69	69	31
4104	0.69	69	31
4105	0.69	69	31
4106	0.69	69	31
4107	0.69	69	31
4108	0.68	68	32
4109	0.67	67	33
4110	0.67	67	33
4111	0.67	67	33
4112	0.67	67	33
4113	0.67	67	33
4114	0.67	67	33
4115	0.67	67	33
4116	0.67	67	33
4117	0.66	66	34
4118	0.66	66	34
4119	0.67	67	33
4120	0.67	67	33
4121	0.68	68	32
4122	0.69	69	31
4123	0.70	70	30
4124	0.70	70	30
4125	0.71	71	29
4126	0.71	71	29
4127	0.71	71	29
4128	0.71	71	29
4129	0.70	70	30
4130	0.70	70	30
4131	0.70	70	30
4132	0.71	71	29
4133	0.71	71	29
4134	0.71	71	29
4135	0.71	71	29
4136	0.71	71	29
4137	0.71	71	29
4138	0.71	71	29
4139	0.72	72	28
4140	0.73	73	27
4141	0.73	73	27
4142	0.74	74	26
4143	0.75	75	25
4144	0.75	75	25
4145	0.75	75	25
4146	0.74	74	26
4147	0.75	75	25
4148	0.75	75	25
4149	0.75	75	25
4150	0.74	74	26
4151	0.74	74	26
4152	0.74	74	26
4153	0.73	73	27
4154	0.73	73	27
4155	0.74	74	26
4156	0.75	75	25
4157	0.74	74	26
4158	0.73	73	27
4159	0.73	73	27
4160	0.73	73	27
4161	0.73	73	27
4162	0.73	73	27
4163	0.73	73	27
4164	0.74	74	26
4165	0.74	74	26
4166	0.75	75	25
4167	0.75	75	25
4168	0.74	74	26
4169	0.74	74	26
4170	0.73	73	27
4171	0.73	73	27
4172	0.73	73	27
4173	0.74	74	26
4174	0.75	75	25
4175	0.75	75	25
4176	0.75	75	25
4177	0.75	75	25
4178	0.76	76	24
4179	0.76	76	24
4180	0.76	76	24
4181	0.77	77	23
4182	0.78	78	22
4183	0.78	78	22
4184	0.78	78	22
4185	0.79	79	21
4186	0.79	79	21
4187	0.79	79	21
4188	0.79	79	21
4189	0.79	79	21
4190	0.78	78	22
4191	0.79	79	21
4192	0.78	78	22
4193	0.78	78	22
4194	0.78	78	22
4195	0.78	78	22
4196	0.78	78	22
4197	0.79	79	21
4198	0.79	79	21
4199	0.79	79	21
4200	0.79	79	21
4201	0.79	79	21
4202	0.80	80	20
4203	0.79	79	21
4204	0.79	79	21
4205	0.79	79	21
4206	0.79	79	21
4207	0.79	79	21
4208	0.79	79	21
4209	0.79	79	21
4210	0.79	79	21
4211	0.79	79	21
4212	0.79	79	21
4213	0.78	78	22
4214	0.77	77	23
4215	0.77	77	23
4216	0.77	77	23
4217	0.78	78	22
4218	0.77	77	23
4219	0.77	77	23
4220	0.76	76	24
4221	0.76	76	24
4222	0.76	76	24
4223	0.75	75	25
4224	0.75	75	25
4225	0.75	75	25
4226	0.75	75	25
4227	0.75	75	25
4228	0.75	75	25
4229	0.76	76	24
4230	0.76	76	24
4231	0.76	76	24
4232	0.76	76	24
4233	0.77	77	23
4234	0.77	77	23
4235	0.77	77	23
4236	0.77	77	23
4237	0.78	78	22
4238	0.78	78	22
4239	0.78	78	22
4240	0.78	78	22
4241	0.78	78	22
4242	0.78	78	22
4243	0.78	78	22
4244	0.78	78	22
4245	0.78	78	22
4246	0.79	79	21
4247	0.79	79	21
4248	0.78	78	22
4249	0.77	77	23
4250	0.78	78	22
4251	0.78	78	22
4252	0.78	78	22
4253	0.78	78	22
4254	0.79	79	21
4255	0.79	79	21
4256	0.78	78	22
4257	0.79	79	21
4258	0.80	80	20
4259	0.81	81	19
4260	0.81	81	19
4261	0.81	81	19
4262	0.80	80	20
4263	0.80	80	20
4264	0.80	80	20
4265	0.80	80	20
4266	0.80	80	20
4267	0.80	80	20
4268	0.80	80	20
4269	0.80	80	20
4270	0.81	81	19
4271	0.81	81	19
4272	0.81	81	19
4273	0.81	81	19
4274	0.81	81	19
4275	0.81	81	19
4276	0.81	81	19
4277	0.82	82	18
4278	0.82	82	18
4279	0.81	81	19
4280	0.81	81	19
4281	0.81	81	19
4282	0.80	80	20
4283	0.80	80	20
4284	0.80	80	20
4285	0.80	80	20
4286	0.80	80	20
4287	0.79	79	21
4288	0.79	79	21
4289	0.78	78	22
4290	0.79	79	21
4291	0.78	78	22
4292	0.79	79	21
4293	0.79	79	21
4294	0.78	78	22
4295	0.78	78	22
4296	0.78	78	22
4297	0.78	78	22
4298	0.78	78	22
4299	0.77	77	23
4300	0.76	76	24
4301	0.76	76	24
4302	0.76	76	24
4303	0.77	77	23
4304	0.76	76	24
4305	0.76	76	24
4306	0.76	76	24
4307	0.76	76	24
4308	0.77	77	23
4309	0.78	78	22
4310	0.78	78	22
4311	0.77	77	23
4312	0.77	77	23
4313	0.78	78	22
4314	0.79	79	21
4315	0.79	79	21
4316	0.79	79	21
4317	0.79	79	21
4318	0.80	80	20
4319	0.80	80	20
4320	0.80	80	20
4321	0.80	80	20
4322	0.80	80	20
4323	0.81	81	19
4324	0.81	81	19
4325	0.81	81	19
4326	0.81	81	19
4327	0.82	82	18
4328	0.81	81	19
4329	0.81	81	19
4330	0.81	81	19
4331	0.81	81	19
4332	0.80	80	20
4333	0.80	80	20
4334	0.79	79	21
4335	0.78	78	22
4336	0.78	78	22
4337	0.78	78	22
4338	0.78	78	22
4339	0.78	78	22
4340	0.78	78	22
4341	0.78	78	22
4342	0.78	78	22
4343	0.78	78	22
4344	0.78	78	22
4345	0.78	78	22
4346	0.78	78	22
4347	0.78	78	22
4348	0.79	79	21
4349	0.79	79	21
4350	0.79	79	21
4351	0.79	79	21
4352	0.79	79	21
4353	0.80	80	20
4354	0.80	80	20
4355	0.79	79	21
4356	0.80	80	20
4357	0.80	80	20
4358	0.79	79	21
4359	0.79	79	21
4360	0.79	79	21
4361	0.79	79	21
4362	0.79	79	21
4363	0.79	79	21
4364	0.79	79	21
4365	0.79	79	21
4366	0.79	79	21
4367	0.79	79	21
4368	0.80	80	20
4369	0.80	80	20
4370	0.79	79	21
4371	0.79	79	21
4372	0.79	79	21
4373	0.79	79	21
4374	0.78	78	22
4375	0.78	78	22
4376	0.77	77	23
4377	0.77	77	23
4378	0.77	77	23
4379	0.78	78	22
4380	0.78	78	22
4381	0.78	78	22
4382	0.79	79	21
4383	0.79	79	21
4384	0.79	79	21
4385	0.79	79	21
4386	0.79	79	21
4387	0.80	80	20
4388	0.80	80	20
4389	0.81	81	19
4390	0.81	81	19
4391	0.82	82	18
4392	0.82	82	18
4393	0.82	82	18
4394	0.82	82	18
4395	0.81	81	19
4396	0.81	81	19
4397	0.81	81	19
4398	0.81	81	19
4399	0.82	82	18
4400	0.83	83	17
4401	0.83	83	17
4402	0.82	82	18
4403	0.82	82	18
4404	0.83	83	17
4405	0.82	82	18
4406	0.82	82	18
4407	0.82	82	18
4408	0.82	82	18
4409	0.81	81	19
4410	0.80	80	20
4411	0.81	81	19
4412	0.81	81	19
4413	0.80	80	20
4414	0.80	80	20
4415	0.80	80	20
4416	0.80	80	20
4417	0.79	79	21
4418	0.79	79	21
4419	0.79	79	21
4420	0.79	79	21
4421	0.79	79	21
4422	0.79	79	21
4423	0.78	78	22
4424	0.79	79	21
4425	0.78	78	22
4426	0.78	78	22
4427	0.78	78	22
4428	0.79	79	21
4429	0.79	79	21
4430	0.79	79	21
4431	0.79	79	21
4432	0.80	80	20
4433	0.80	80	20
4434	0.81	81	19
4435	0.82	82	18
4436	0.81	81	19
4437	0.81	81	19
4438	0.81	81	19
4439	0.81	81	19
4440	0.81	81	19
4441	0.81	81	19
4442	0.80	80	20
4443	0.80	80	20
4444	0.79	79	21
4445	0.78	78	22
4446	0.78	78	22
4447	0.78	78	22
4448	0.77	77	23
4449	0.78	78	22
4450	0.78	78	22
4451	0.77	77	23
4452	0.76	76	24
4453	0.76	76	24
4454	0.76	76	24
4455	0.77	77	23
4456	0.77	77	23
4457	0.77	77	23
4458	0.78	78	22
4459	0.78	78	22
4460	0.78	78	22
4461	0.78	78	22
4462	0.79	79	21
4463	0.79	79	21
4464	0.79	79	21
4465	0.79	79	21
4466	0.79	79	21
4467	0.79	79	21
4468	0.79	79	21
4469	0.79	79	21
4470	0.80	80	20
4471	0.80	80	20
4472	0.80	80	20
4473	0.79	79	21
4474	0.80	80	20
4475	0.79	79	21
4476	0.80	80	20
4477	0.80	80	20
4478	0.80	80	20
4479	0.79	79	21
4480	0.79	79	21
4481	0.79	79	21
4482	0.79	79	21
4483	0.78	78	22
4484	0.78	78	22
4485	0.78	78	22
4486	0.78	78	22
4487	0.78	78	22
4488	0.78	78	22
4489	0.78	78	22
4490	0.77	77	23
4491	0.77	77	23
4492	0.77	77	23
4493	0.77	77	23
4494	0.78	78	22
4495	0.79	79	21
4496	0.79	79	21
4497	0.79	79	21
4498	0.79	79	21
4499	0.79	79	21
4500	0.78	78	22
4501	0.78	78	22
4502	0.79	79	21
4503	0.79	79	21
4504	0.79	79	21
4505	0.79	79	21
4506	0.79	79	21
4507	0.79	79	21
4508	0.79	79	21
4509	0.79	79	21
4510	0.80	80	20
4511	0.80	80	20
4512	0.80	80	20
4513	0.81	81	19
4514	0.81	81	19
4515	0.81	81	19
4516	0.81	81	19
4517	0.82	82	18
4518	0.82	82	18
4519	0.82	82	18
4520	0.83	83	17
4521	0.83	83	17
4522	0.82	82	18
4523	0.83	83	17
4524	0.83	83	17
4525	0.84	84	16
4526	0.83	83	17
4527	0.83	83	17
4528	0.83	83	17
4529	0.83	83	17
4530	0.82	82	18
4531	0.81	81	19
4532	0.81	81	19
4533	0.81	81	19
4534	0.81	81	19
4535	0.81	81	19
4536	0.81	81	19
4537	0.81	81	19
4538	0.81	81	19
4539	0.81	81	19
4540	0.81	81	19
4541	0.81	81	19
4542	0.82	82	18
4543	0.82	82	18
4544	0.83	83	17
4545	0.84	84	16
4546	0.84	84	16
4547	0.84	84	16
4548	0.85	85	15
4549	0.85	85	15
4550	0.85	85	15
4551	0.86	86	14
4552	0.87	87	13
4553	0.87	87	13
4554	0.87	87	13
4555	0.86	86	14
4556	0.86	86	14
4557	0.85	85	15
4558	0.84	84	16
4559	0.83	83	17
4560	0.83	83	17
4561	0.83	83	17
4562	0.82	82	18
4563	0.82	82	18
4564	0.82	82	18
4565	0.82	82	18
4566	0.81	81	19
4567	0.81	81	19
4568	0.81	81	19
4569	0.81	81	19
4570	0.81	81	19
4571	0.80	80	20
4572	0.79	79	21
4573	0.80	80	20
4574	0.79	79	21
4575	0.80	80	20
4576	0.80	80	20
4577	0.80	80	20
4578	0.80	80	20
4579	0.81	81	19
4580	0.81	81	19
4581	0.81	81	19
4582	0.80	80	20
4583	0.81	81	19
4584	0.81	81	19
4585	0.81	81	19
4586	0.81	81	19
4587	0.81	81	19
4588	0.80	80	20
4589	0.80	80	20
4590	0.80	80	20
4591	0.80	80	20
4592	0.80	80	20
4593	0.80	80	20
4594	0.80	80	20
4595	0.79	79	21
4596	0.78	78	22
4597	0.77	77	23
4598	0.77	77	23
4599	0.76	76	24
4600	0.77	77	23
4601	0.76	76	24
4602	0.76	76	24
4603	0.76	76	24
4604	0.75	75	25
4605	0.76	76	24
4606	0.76	76	24
4607	0.76	76	24
4608	0.76	76	24
4609	0.76	76	24
4610	0.75	75	25
4611	0.75	75	25
4612	0.75	75	25
4613	0.75	75	25
4614	0.75	75	25
4615	0.75	75	25
4616	0.75	75	25
4617	0.75	75	25
4618	0.75	75	25
4619	0.75	75	25
4620	0.74	74	26
4621	0.74	74	26
4622	0.74	74	26
4623	0.73	73	27
4624	0.73	73	27
4625	0.73	73	27
4626	0.73	73	27
4627	0.73	73	27
4628	0.73	73	27
4629	0.73	73	27
4630	0.74	74	26
4631	0.75	75	25
4632	0.75	75	25
4633	0.74	74	26
4634	0.74	74	26
4635	0.74	74	26
4636	0.74	74	26
4637	0.74	74	26
4638	0.74	74	26
4639	0.74	74	26
4640	0.74	74	26
4641	0.74	74	26
4642	0.74	74	26
4643	0.74	74	26
4644	0.74	74	26
4645	0.73	73	27
4646	0.73	73	27
4647	0.73	73	27
4648	0.72	72	28
4649	0.72	72	28
4650	0.72	72	28
4651	0.72	72	28
4652	0.72	72	28
4653	0.72	72	28
4654	0.72	72	28
4655	0.73	73	27
4656	0.73	73	27
4657	0.74	74	26
4658	0.75	75	25
4659	0.76	76	24
4660	0.76	76	24
4661	0.75	75	25
4662	0.75	75	25
4663	0.75	75	25
4664	0.75	75	25
4665	0.75	75	25
4666	0.76	76	24
4667	0.75	75	25
4668	0.75	75	25
4669	0.75	75	25
4670	0.75	75	25
4671	0.76	76	24
4672	0.76	76	24
4673	0.76	76	24
4674	0.77	77	23
4675	0.77	77	23
4676	0.76	76	24
4677	0.76	76	24
4678	0.76	76	24
4679	0.76	76	24
4680	0.76	76	24
4681	0.75	75	25
4682	0.75	75	25
4683	0.75	75	25
4684	0.75	75	25
4685	0.75	75	25
4686	0.75	75	25
4687	0.75	75	25
4688	0.75	75	25
4689	0.75	75	25
4690	0.76	76	24
4691	0.76	76	24
4692	0.75	75	25
4693	0.75	75	25
4694	0.74	74	26
4695	0.75	75	25
4696	0.76	76	24
4697	0.77	77	23
4698	0.76	76	24
4699	0.77	77	23
4700	0.76	76	24
4701	0.77	77	23
4702	0.76	76	24
4703	0.75	75	25
4704	0.76	76	24
4705	0.76	76	24
4706	0.76	76	24
4707	0.76	76	24
4708	0.75	75	25
4709	0.76	76	24
4710	0.76	76	24
4711	0.76	76	24
4712	0.76	76	24
4713	0.75	75	25
4714	0.75	75	25
4715	0.75	75	25
4716	0.74	74	26
4717	0.74	74	26
4718	0.74	74	26
4719	0.74	74	26
4720	0.75	75	25
4721	0.75	75	25
4722	0.76	76	24
4723	0.77	77	23
4724	0.76	76	24
4725	0.76	76	24
4726	0.77	77	23
4727	0.76	76	24
4728	0.76	76	24
4729	0.76	76	24
4730	0.75	75	25
4731	0.75	75	25
4732	0.75	75	25
4733	0.76	76	24
4734	0.76	76	24
4735	0.76	76	24
4736	0.77	77	23
4737	0.76	76	24
4738	0.75	75	25
4739	0.75	75	25
4740	0.75	75	25
4741	0.75	75	25
4742	0.75	75	25
4743	0.74	74	26
4744	0.74	74	26
4745	0.74	74	26
4746	0.74	74	26
4747	0.73	73	27
4748	0.74	74	26
4749	0.74	74	26
4750	0.74	74	26
4751	0.73	73	27
4752	0.73	73	27
4753	0.73	73	27
4754	0.73	73	27
4755	0.73	73	27
4756	0.73	73	27
4757	0.73	73	27
4758	0.72	72	28
4759	0.71	71	29
4760	0.71	71	29
4761	0.71	71	29
4762	0.72	72	28
4763	0.72	72	28
4764	0.72	72	28
4765	0.72	72	28
4766	0.72	72	28
4767	0.73	73	27
4768	0.73	73	27
4769	0.72	72	28
4770	0.72	72	28
4771	0.72	72	28
4772	0.72	72	28
4773	0.71	71	29
4774	0.71	71	29
4775	0.71	71	29
4776	0.71	71	29
4777	0.71	71	29
4778	0.71	71	29
4779	0.71	71	29
4780	0.71	71	29
4781	0.72	72	28
4782	0.73	73	27
4783	0.73	73	27
4784	0.73	73	27
4785	0.73	73	27
4786	0.72	72	28
4787	0.71	71	29
4788	0.72	72	28
4789	0.72	72	28
4790	0.72	72	28
4791	0.72	72	28
4792	0.73	73	27
4793	0.73	73	27
4794	0.74	74	26
4795	0.74	74	26
4796	0.73	73	27
4797	0.72	72	28
4798	0.73	73	27
4799	0.72	72	28
4800	0.73	73	27
4801	0.73	73	27
4802	0.74	74	26
4803	0.75	75	25
4804	0.75	75	25
4805	0.74	74	26
4806	0.74	74	26
4807	0.74	74	26
4808	0.75	75	25
4809	0.75	75	25
4810	0.75	75	25
4811	0.75	75	25
4812	0.74	74	26
4813	0.75	75	25
4814	0.75	75	25
4815	0.75	75	25
4816	0.76	76	24
4817	0.76	76	24
4818	0.75	75	25
4819	0.74	74	26
4820	0.74	74	26
4821	0.74	74	26
4822	0.74	74	26
4823	0.74	74	26
4824	0.75	75	25
4825	0.74	74	26
4826	0.74	74	26
4827	0.75	75	25
4828	0.75	75	25
4829	0.74	74	26
4830	0.74	74	26
4831	0.74	74	26
4832	0.73	73	27
4833	0.73	73	27
4834	0.72	72	28
4835	0.72	72	28
4836	0.71	71	29
4837	0.72	72	28
4838	0.73	73	27
4839	0.72	72	28
4840	0.71	71	29
4841	0.71	71	29
4842	0.71	71	29
4843	0.72	72	28
4844	0.72	72	28
4845	0.73	73	27
4846	0.73	73	27
4847	0.73	73	27
4848	0.73	73	27
4849	0.73	73	27
4850	0.73	73	27
4851	0.73	73	27
4852	0.73	73	27
4853	0.72	72	28
4854	0.71	71	29
4855	0.71	71	29
4856	0.70	70	30
4857	0.70	70	30
4858	0.71	71	29
4859	0.71	71	29
4860	0.71	71	29
4861	0.71	71	29
4862	0.71	71	29
4863	0.71	71	29
4864	0.71	71	29
4865	0.71	71	29
4866	0.71	71	29
4867	0.71	71	29
4868	0.70	70	30
4869	0.71	71	29
4870	0.71	71	29
4871	0.71	71	29
4872	0.71	71	29
4873	0.71	71	29
4874	0.71	71	29
4875	0.71	71	29
4876	0.72	72	28
4877	0.72	72	28
4878	0.72	72	28
4879	0.72	72	28
4880	0.72	72	28
4881	0.71	71	29
4882	0.71	71	29
4883	0.70	70	30
4884	0.70	70	30
4885	0.70	70	30
4886	0.71	71	29
4887	0.72	72	28
4888	0.72	72	28
4889	0.72	72	28
4890	0.72	72	28
4891	0.72	72	28
4892	0.72	72	28
4893	0.71	71	29
4894	0.70	70	30
4895	0.69	69	31
4896	0.70	70	30
4897	0.71	71	29
4898	0.70	70	30
4899	0.71	71	29
4900	0.71	71	29
4901	0.71	71	29
4902	0.71	71	29
4903	0.71	71	29
4904	0.70	70	30
4905	0.71	71	29
4906	0.71	71	29
4907	0.71	71	29
4908	0.71	71	29
4909	0.71	71	29
4910	0.71	71	29
4911	0.71	71	29
4912	0.71	71	29
4913	0.70	70	30
4914	0.69	69	31
4915	0.69	69	31
4916	0.69	69	31
4917	0.69	69	31
4918	0.70	70	30
4919	0.70	70	30
4920	0.70	70	30
4921	0.70	70	30
4922	0.70	70	30
4923	0.69	69	31
4924	0.69	69	31
4925	0.70	70	30
4926	0.70	70	30
4927	0.70	70	30
4928	0.70	70	30
4929	0.71	71	29
4930	0.72	72	28
4931	0.72	72	28
4932	0.73	73	27
4933	0.73	73	27
4934	0.74	74	26
4935	0.74	74	26
4936	0.75	75	25
4937	0.74	74	26
4938	0.73	73	27
4939	0.74	74	26
4940	0.75	75	25
4941	0.74	74	26
4942	0.73	73	27
4943	0.73	73	27
4944	0.73	73	27
4945	0.73	73	27
4946	0.73	73	27
4947	0.74	74	26
4948	0.73	73	27
4949	0.73	73	27
4950	0.73	73	27
4951	0.74	74	26
4952	0.74	74	26
4953	0.74	74	26
4954	0.75	75	25
4955	0.75	75	25
4956	0.76	76	24
4957	0.76	76	24
4958	0.75	75	25
4959	0.75	75	25
4960	0.75	75	25
4961	0.76	76	24
4962	0.76	76	24
4963	0.75	75	25
4964	0.74	74	26
4965	0.73	73	27
4966	0.73	73	27
4967	0.73	73	27
4968	0.74	74	26
4969	0.74	74	26
4970	0.74	74	26
4971	0.73	73	27
4972	0.74	74	26
4973	0.74	74	26
4974	0.73	73	27
4975	0.73	73	27
4976	0.73	73	27
4977	0.73	73	27
4978	0.73	73	27
4979	0.73	73	27
4980	0.73	73	27
4981	0.74	74	26
4982	0.73	73	27
4983	0.74	74	26
4984	0.74	74	26
4985	0.74	74	26
4986	0.74	74	26
4987	0.73	73	27
4988	0.73	73	27
4989	0.73	73	27
4990	0.73	73	27
4991	0.72	72	28
4992	0.72	72	28
4993	0.73	73	27
4994	0.74	74	26
4995	0.75	75	25
4996	0.75	75	25
4997	0.75	75	25
4998	0.75	75	25
4999	0.74	74	26
5000	0.26	74	26
5001	0.26	74	26
5002	0.27	73	27
5003	0.28	72	28
5004	0.28	72	28
5005	0.28	72	28
5006	0.29	71	29
5007	0.30	70	30
5008	0.30	70	30
5009	0.31	69	31
5010	0.31	69	31
5011	0.31	69	31
5012	0.30	70	30
5013	0.30	70	30
5014	0.30	70	30
5015	0.31	69	31
5016	0.32	68	32
5017	0.33	67	33
5018	0.33	67	33
5019	0.33	67	33
5020	0.33	67	33
5021	0.34	66	34
5022	0.35	65	35
5023	0.35	65	35
5024	0.36	64	36
5025	0.37	63	37
5026	0.38	62	38
5027	0.39	61	39
5028	0.40	60	40
5029	0.40	60	40
5030	0.41	59	41
5031	0.42	58	42
5032	0.42	58	42
5033	0.43	57	43
5034	0.44	56	44
5035	0.45	55	45
5036	0.46	54	46
5037	0.45	55	45
5038	0.44	56	44
5039	0.44	56	44
5040	0.45	55	45
5041	0.45	55	45
5042	0.45	55	45
5043	0.46	54	46
5044	0.47	53	47
5045	0.47	53	47
5046	0.48	52	48
5047	0.49	51	49
5048	0.48	52	48
5049	0.49	51	49
5050	0.50	50	50
5051	0.50	50	50
5052	0.51	49	51
5053	0.51	49	51
5054	0.52	48	52
5055	0.52	48	52
5056	0.53	47	53
5057	0.54	46	54
5058	0.54	46	54
5059	0.54	46	54
5060	0.55	45	55
5061	0.56	44	56
5062	0.57	43	57
5063	0.56	44	56
5064	0.56	44	56
5065	0.56	44	56
5066	0.57	43	57
5067	0.58	42	58
5068	0.59	41	59
5069	0.59	41	59
5070	0.60	40	60
5071	0.60	40	60
5072	0.60	40	60
5073	0.59	41	59
5074	0.58	42	58
5075	0.59	41	59
5076	0.60	40	60
5077	0.60	40	60
5078	0.61	39	61
5079	0.61	39	61
5080	0.62	38	62
5081	0.63	37	63
5082	0.63	37	63
5083	0.63	37	63
5084	0.64	36	64
5085	0.65	35	65
5086	0.66	34	66
5087	0.66	34	66
5088	0.67	33	67
5089	0.68	32	68
5090	0.69	31	69
5091	0.69	31	69
5092	0.70	30	70
5093	0.71	29	71
5094	0.72	28	72
5095	0.73	27	73
5096	0.74	26	74
5097	0.75	25	75
5098	0.75	25	75
5099	0.75	25	75
5100	0.76	24	76
5101	0.77	23	77
5102	0.77	23	77
5103	0.76	24	76
5104	0.76	24	76
5105	0.77	23	77
5106	0.77	23	77
5107	0.76	24	76
5108	0.77	23	77
5109	0.77	23	77
5110	0.77	23	77
5111	0.78	22	78
5112	0.79	21	79
5113	0.79	21	79
5114	0.78	22	78
5115	0.77	23	77
5116	0.77	23	77
5117	0.77	23	77
5118	0.78	22	78
5119	0.78	22	78
5120	0.79	21	79
5121	0.79	21	79
5122	0.79	21	79
5123	0.79	21	79
5124	0.79	21	79
5125	0.79	21	79
5126	0.78	22	78
5127	0.78	22	78
5128	0.78	22	78
5129	0.79	21	79
5130	0.79	21	79
5131	0.79	21	79
5132	0.80	20	80
5133	0.80	20	80
5134	0.80	20	80
5135	0.80	20	80
5136	0.80	20	80
5137	0.81	19	81
5138	0.82	18	82
5139	0.83	17	83
5140	0.83	17	83
5141	0.82	18	82
5142	0.82	18	82
5143	0.82	18	82
5144	0.82	18	82
5145	0.82	18	82
5146	0.81	19	81
5147	0.81	19	81
5148	0.81	19	81
5149	0.81	19	81
5150	0.81	19	81
5151	0.82	18	82
5152	0.81	19	81
5153	0.81	19	81
5154	0.80	20	80
5155	0.80	20	80
5156	0.80	20	80
5157	0.80	20	80
5158	0.79	21	79
5159	0.79	21	79
5160	0.79	21	79
5161	0.79	21	79
5162	0.79	21	79
5163	0.80	20	80
5164	0.80	20	80
5165	0.79	21	79
5166	0.79	21	79
5167	0.79	21	79
5168	0.79	21	79
5169	0.79	21	79
5170	0.79	21	79
5171	0.78	22	78
5172	0.79	21	79
5173	0.80	20	80
5174	0.81	19	81
5175	0.81	19	81
5176	0.80	20	80
5177	0.81	19	81
5178	0.81	19	81
5179	0.82	18	82
5180	0.82	18	82
5181	0.81	19	81
5182	0.81	19	81
5183	0.82	18	82
5184	0.81	19	81
5185	0.80	20	80
5186	0.80	20	80
5187	0.80	20	80
5188	0.80	20	80
5189	0.80	20	80
5190	0.80	20	80
5191	0.80	20	80
5192	0.80	20	80
5193	0.80	20	80
5194	0.80	20	80
5195	0.80	20	80
5196	0.79	21	79
5197	0.78	22	78
5198	0.77	23	77
5199	0.77	23	77
5200	0.77	23	77
5201	0.76	24	76
5202	0.76	24	76
5203	0.77	23	77
5204	0.77	23	77
5205	0.77	23	77
5206	0.77	23	77
5207	0.78	22	78
5208	0.78	22	78
5209	0.77	23	77
5210	0.77	23	77
5211	0.76	24	76
5212	0.76	24	76
5213	0.75	25	75
5214	0.76	24	76
5215	0.76	24	76
5216	0.76	24	76
5217	0.75	25	75
5218	0.75	25	75
5219	0.74	26	74
5220	0.74	26	74
5221	0.74	26	74
5222	0.74	26	74
5223	0.74	26	74
5224	0.74	26	74
5225	0.73	27	73
5226	0.74	26	74
5227	0.73	27	73
5228	0.73	27	73
5229	0.73	27	73
5230	0.73	27	73
5231	0.73	27	73
5232	0.73	27	73
5233	0.73	27	73
5234	0.73	27	73
5235	0.73	27	73
5236	0.73	27	73
5237	0.73	27	73
5238	0.72	28	72
5239	0.71	29	71
5240	0.71	29	71
5241	0.71	29	71
5242	0.71	29	71
5243	0.71	29	71
5244	0.71	29	71
5245	0.72	28	72
5246	0.73	27	73
5247	0.72	28	72
5248	0.73	27	73
5249	0.73	27	73
5250	0.73	27	73
5251	0.73	27	73
5252	0.74	26	74
5253	0.74	26	74
5254	0.75	25	75
5255	0.75	25	75
5256	0.74	26	74
5257	0.74	26	74
5258	0.75	25	75
5259	0.75	25	75
5260	0.75	25	75
5261	0.74	26	74
5262	0.74	26	74
5263	0.74	26	74
5264	0.74	26	74
5265	0.75	25	75
5266	0.74	26	74
5267	0.73	27	73
5268	0.73	27	73
5269	0.74	26	74
5270	0.74	26	74
5271	0.75	25	75
5272	0.74	26	74
5273	0.73	27	73
5274	0.72	28	72
5275	0.71	29	71
5276	0.72	28	72
5277	0.72	28	72
5278	0.72	28	72
5279	0.72	28	72
5280	0.72	28	72
5281	0.73	27	73
5282	0.72	28	72
5283	0.72	28	72
5284	0.73	27	73
5285	0.74	26	74
5286	0.74	26	74
5287	0.74	26	74
5288	0.74	26	74
5289	0.74	26	74
5290	0.73	27	73
5291	0.73	27	73
5292	0.73	27	73
5293	0.72	28	72
5294	0.72	28	72
5295	0.72	28	72
5296	0.73	27	73
5297	0.74	26	74
5298	0.75	25	75
5299	0.75	25	75
5300	0.75	25	75
5301	0.76	24	76
5302	0.76	24	76
5303	0.76	24	76
5304	0.75	25	75
5305	0.75	25	75
5306	0.75	25	75
5307	0.75	25	75
5308	0.74	26	74
5309	0.74	26	74
5310	0.73	27	73
5311	0.74	26	74
5312	0.74	26	74
5313	0.75	25	75
5314	0.75	25	75
5315	0.76	24	76
5316	0.76	24	76
5317	0.77	23	77
5318	0.77	23	77
5319	0.78	22	78
5320	0.78	22	78
5321	0.78	22	78
5322	0.78	22	78
5323	0.78	22	78
5324	0.78	22	78
5325	0.78	22	78
5326	0.78	22	78
5327	0.79	21	79
5328	0.78	22	78
5329	0.78	22	78
5330	0.78	22	78
5331	0.77	23	77
5332	0.76	24	76
5333	0.75	25	75
5334	0.75	25	75
5335	0.75	25	75
5336	0.75	25	75
5337	0.75	25	75
5338	0.76	24	76
5339	0.76	24	76
5340	0.75	25	75
5341	0.76	24	76
5342	0.76	24	76
5343	0.76	24	76
5344	0.76	24	76
5345	0.76	24	76
5346	0.75	25	75
5347	0.75	25	75
5348	0.75	25	75
5349	0.75	25	75
5350	0.75	25	75
5351	0.75	25	75
5352	0.75	25	75
5353	0.75	25	75
5354	0.75	25	75
5355	0.76	24	76
5356	0.77	23	77
5357	0.77	23	77
5358	0.77	23	77
5359	0.77	23	77
5360	0.77	23	77
5361	0.78	22	78
5362	0.77	23	77
5363	0.77	23	77
5364	0.77	23	77
5365	0.77	23	77
5366	0.78	22	78
5367	0.79	21	79
5368	0.79	21	79
5369	0.79	21	79
5370	0.79	21	79
5371	0.79	21	79
5372	0.80	20	80
5373	0.81	19	81
5374	0.82	18	82
5375	0.83	17	83
5376	0.83	17	83
5377	0.83	17	83
5378	0.83	17	83
5379	0.83	17	83
5380	0.83	17	83
5381	0.83	17	83
5382	0.84	16	84
5383	0.84	16	84
5384	0.83	17	83
5385	0.83	17	83
5386	0.83	17	83
5387	0.83	17	83
5388	0.83	17	83
5389	0.83	17	83
5390	0.84	16	84
5391	0.84	16	84
5392	0.84	16	84
5393	0.85	15	85
5394	0.85	15	85
5395	0.85	15	85
5396	0.85	15	85
5397	0.84	16	84
5398	0.84	16	84
5399	0.84	16	84
5400	0.84	16	84
5401	0.84	16	84
5402	0.84	16	84
5403	0.84	16	84
5404	0.85	15	85
5405	0.84	16	84
5406	0.84	16	84
5407	0.84	16	84
5408	0.85	15	85
5409	0.86	14	86
5410	0.87	13	87
5411	0.87	13	87
5412	0.87	13	87
5413	0.87	13	87
5414	0.86	14	86
5415	0.85	15	85
5416	0.85	15	85
5417	0.84	16	84
5418	0.84	16	84
5419	0.83	17	83
5420	0.83	17	83
5421	0.83	17	83
5422	0.82	18	82
5423	0.82	18	82
5424	0.81	19	81
5425	0.81	19	81
5426	0.81	19	81
5427	0.80	20	80
5428	0.81	19	81
5429	0.81	19	81
5430	0.80	20	80
5431	0.81	19	81
5432	0.81	19	81
5433	0.81	19	81
5434	0.80	20	80
5435	0.80	20	80
5436	0.80	20	80
5437	0.79	21	79
5438	0.79	21	79
5439	0.80	20	80
5440	0.81	19	81
5441	0.81	19	81
5442	0.81	19	81
5443	0.81	19	81
5444	0.81	19	81
5445	0.80	20	80
5446	0.80	20	80
5447	0.81	19	81
5448	0.81	19	81
5449	0.81	19	81
5450	0.81	19	81
5451	0.80	20	80
5452	0.80	20	80
5453	0.80	20	80
5454	0.80	20	80
5455	0.80	20	80
5456	0.80	20	80
5457	0.80	20	80
5458	0.80	20	80
5459	0.80	20	80
5460	0.80	20	80
5461	0.80	20	80
5462	0.81	19	81
5463	0.81	19	81
5464	0.81	19	81
5465	0.80	20	80
5466	0.80	20	80
5467	0.80	20	80
5468	0.80	20	80
5469	0.80	20	80
5470	0.79	21	79
5471	0.79	21	79
5472	0.79	21	79
5473	0.79	21	79
5474	0.79	21	79
5475	0.79	21	79
5476	0.79	21	79
5477	0.79	21	79
5478	0.78	22	78
5479	0.78	22	78
5480	0.78	22	78
5481	0.78	22	78
5482	0.78	22	78
5483	0.78	22	78
5484	0.79	21	79
5485	0.79	21	79
5486	0.79	21	79
5487	0.79	21	79
5488	0.79	21	79
5489	0.79	21	79
5490	0.78	22	78
5491	0.78	22	78
5492	0.77	23	77
5493	0.77	23	77
5494	0.76	24	76
5495	0.75	25	75
5496	0.75	25	75
5497	0.76	24	76
5498	0.76	24	76
5499	0.76	24	76
5500	0.75	25	75
5501	0.75	25	75
5502	0.74	26	74
5503	0.73	27	73
5504	0.73	27	73
5505	0.74	26	74
5506	0.73	27	73
5507	0.73	27	73
5508	0.73	27	73
5509	0.72	28	72
5510	0.72	28	72
5511	0.72	28	72
5512	0.71	29	71
5513	0.71	29	71
5514	0.71	29	71
5515	0.71	29	71
5516	0.71	29	71
5517	0.72	28	72
5518	0.72	28	72
5519	0.73	27	73
5520	0.72	28	72
5521	0.71	29	71
5522	0.72	28	72
5523	0.72	28	72
5524	0.73	27	73
5525	0.73	27	73
5526	0.73	27	73
5527	0.74	26	74
5528	0.74	26	74
5529	0.74	26	74
5530	0.74	26	74
5531	0.74	26	74
5532	0.75	25	75
5533	0.76	24	76
5534	0.77	23	77
5535	0.76	24	76
5536	0.76	24	76
5537	0.77	23	77
5538	0.77	23	77
5539	0.77	23	77
5540	0.77	23	77
5541	0.76	24	76
5542	0.75	25	75
5543	0.75	25	75
5544	0.75	25	75
5545	0.76	24	76
5546	0.77	23	77
5547	0.76	24	76
5548	0.76	24	76
5549	0.76	24	76
5550	0.76	24	76
5551	0.77	23	77
5552	0.77	23	77
5553	0.76	24	76
5554	0.75	25	75
5555	0.75	25	75
5556	0.75	25	75
5557	0.75	25	75
5558	0.75	25	75
5559	0.75	25	75
5560	0.74	26	74
5561	0.74	26	74
5562	0.73	27	73
5563	0.73	27	73
5564	0.72	28	72
5565	0.73	27	73
5566	0.73	27	73
5567	0.73	27	73
5568	0.73	27	73
5569	0.73	27	73
5570	0.74	26	74
5571	0.74	26	74
5572	0.74	26	74
5573	0.74	26	74
5574	0.73	27	73
5575	0.72	28	72
5576	0.71	29	71
5577	0.71	29	71
5578	0.72	28	72
5579	0.71	29	71
5580	0.71	29	71
5581	0.70	30	70
5582	0.70	30	70
5583	0.69	31	69
5584	0.69	31	69
5585	0.68	32	68
5586	0.68	32	68
5587	0.68	32	68
5588	0.68	32	68
5589	0.68	32	68
5590	0.69	31	69
5591	0.69	31	69
5592	0.70	30	70
5593	0.70	30	70
5594	0.71	29	71
5595	0.71	29	71
5596	0.71	29	71
5597	0.71	29	71
5598	0.71	29	71
5599	0.71	29	71
5600	0.72	28	72
5601	0.72	28	72
5602	0.72	28	72
5603	0.73	27	73
5604	0.73	27	73
5605	0.73	27	73
5606	0.74	26	74
5607	0.74	26	74
5608	0.74	26	74
5609	0.75	25	75
5610	0.75	25	75
5611	0.75	25	75
5612	0.76	24	76
5613	0.76	24	76
5614	0.76	24	76
5615	0.77	23	77
5616	0.76	24	76
5617	0.76	24	76
5618	0.76	24	76
5619	0.76	24	76
5620	0.77	23	77
5621	0.78	22	78
5622	0.77	23	77
5623	0.76	24	76
5624	0.76	24	76
5625	0.77	23	77
5626	0.77	23	77
5627	0.77	23	77
5628	0.77	23	77
5629	0.77	23	77
5630	0.78	22	78
5631	0.78	22	78
5632	0.78	22	78
5633	0.77	23	77
5634	0.77	23	77
5635	0.77	23	77
5636	0.77	23	77
5637	0.77	23	77
5638	0.77	23	77
5639	0.76	24	76
5640	0.75	25	75
5641	0.76	24	76
5642	0.77	23	77
5643	0.77	23	77
5644	0.77	23	77
5645	0.77	23	77
5646	0.77	23	77
5647	0.78	22	78
5648	0.77	23	77
5649	0.77	23	77
5650	0.77	23	77
5651	0.77	23	77
5652	0.77	23	77
5653	0.78	22	78
5654	0.79	21	79
5655	0.79	21	79
5656	0.79	21	79
5657	0.79	21	79
5658	0.79	21	79
5659	0.79	21	79
5660	0.80	20	80
5661	0.79	21	79
5662	0.80	20	80
5663	0.80	20	80
5664	0.81	19	81
5665	0.81	19	81
5666	0.80	20	80
5667	0.79	21	79
5668	0.79	21	79
5669	0.79	21	79
5670	0.79	21	79
5671	0.78	22	78
5672	0.78	22	78
5673	0.78	22	78
5674	0.79	21	79
5675	0.80	20	80
5676	0.80	20	80
5677	0.79	21	79
5678	0.79	21	79
5679	0.79	21	79
5680	0.79	21	79
5681	0.79	21	79
5682	0.79	21	79
5683	0.80	20	80
5684	0.80	20	80
5685	0.80	20	80
5686	0.80	20	80
5687	0.80	20	80
5688	0.80	20	80
5689	0.80	20	80
5690	0.79	21	79
5691	0.79	21	79
5692	0.79	21	79
5693	0.79	21	79
5694	0.79	21	79
5695	0.80	20	80
5696	0.79	21	79
5697	0.79	21	79
5698	0.79	21	79
5699	0.79	21	79
5700	0.79	21	79
5701	0.78	22	78
5702	0.78	22	78
5703	0.78	22	78
5704	0.78	22	78
5705	0.78	22	78
5706	0.77	23	77
5707	0.77	23	77
5708	0.76	24	76
5709	0.76	24	76
5710	0.75	25	75
5711	0.75	25	75
5712	0.74	26	74
5713	0.74	26	74
5714	0.75	25	75
5715	0.75	25	75
5716	0.76	24	76
5717	0.75	25	75
5718	0.75	25	75
5719	0.74	26	74
5720	0.73	27	73
5721	0.72	28	72
5722	0.73	27	73
5723	0.74	26	74
5724	0.74	26	74
5725	0.74	26	74
5726	0.74	26	74
5727	0.74	26	74
5728	0.74	26	74
5729	0.74	26	74
5730	0.74	26	74
5731	0.74	26	74
5732	0.73	27	73
5733	0.74	26	74
5734	0.74	26	74
5735	0.74	26	74
5736	0.74	26	74
5737	0.74	26	74
5738	0.74	26	74
5739	0.75	25	75
5740	0.76	24	76
5741	0.76	24	76
5742	0.76	24	76
5743	0.75	25	75
5744	0.74	26	74
5745	0.74	26	74
5746	0.74	26	74
5747	0.74	26	74
5748	0.75	25	75
5749	0.75	25	75
5750	0.75	25	75
5751	0.74	26	74
5752	0.74	26	74
5753	0.74	26	74
5754	0.73	27	73
5755	0.72	28	72
5756	0.71	29	71
5757	0.71	29	71
5758	0.71	29	71
5759	0.71	29	71
5760	0.71	29	71
5761	0.72	28	72
5762	0.72	28	72
5763	0.72	28	72
5764	0.72	28	72
5765	0.72	28	72
5766	0.73	27	73
5767	0.74	26	74
5768	0.73	27	73
5769	0.72	28	72
5770	0.72	28	72
5771	0.73	27	73
5772	0.73	27	73
5773	0.72	28	72
5774	0.72	28	72
5775	0.72	28	72
5776	0.73	27	73
5777	0.73	27	73
5778	0.73	27	73
5779	0.73	27	73
5780	0.73	27	73
5781	0.73	27	73
5782	0.73	27	73
5783	0.72	28	72
5784	0.72	28	72
5785	0.72	28	72
5786	0.72	28	72
5787	0.72	28	72
5788	0.71	29	71
5789	0.70	30	70
5790	0.71	29	71
5791	0.70	30	70
5792	0.70	30	70
5793	0.70	30	70
5794	0.69	31	69
5795	0.69	31	69
5796	0.70	30	70
5797	0.70	30	70
5798	0.69	31	69
5799	0.69	31	69
5800	0.68	32	68
5801	0.69	31	69
5802	0.70	30	70
5803	0.70	30	70
5804	0.70	30	70
5805	0.70	30	70
5806	0.71	29	71
5807	0.70	30	70
5808	0.71	29	71
5809	0.71	29	71
5810	0.71	29	71
5811	0.71	29	71
5812	0.72	28	72
5813	0.72	28	72
5814	0.71	29	71
5815	0.71	29	71
5816	0.70	30	70
5817	0.70	30	70
5818	0.70	30	70
5819	0.70	30	70
5820	0.71	29	71
5821	0.72	28	72
5822	0.71	29	71
5823	0.71	29	71
5824	0.71	29	71
5825	0.71	29	71
5826	0.70	30	70
5827	0.70	30	70
5828	0.70	30	70
5829	0.70	30	70
5830	0.70	30	70
5831	0.70	30	70
5832	0.71	29	71
5833	0.71	29	71
5834	0.71	29	71
5835	0.72	28	72
5836	0.71	29	71
5837	0.70	30	70
5838	0.69	31	69
5839	0.68	32	68
5840	0.68	32	68
5841	0.68	32	68
5842	0.68	32	68
5843	0.69	31	69
5844	0.70	30	70
5845	0.69	31	69
5846	0.68	32	68
5847	0.68	32	68
5848	0.68	32	68
5849	0.67	33	67
5850	0.66	34	66
5851	0.67	33	67
5852	0.66	34	66
5853	0.66	34	66
5854	0.67	33	67
5855	0.68	32	68
5856	0.69	31	69
5857	0.68	32	68
5858	0.67	33	67
5859	0.67	33	67
5860	0.67	33	67
5861	0.67	33	67
5862	0.67	33	67
5863	0.67	33	67
5864	0.67	33	67
5865	0.67	33	67
5866	0.67	33	67
5867	0.67	33	67
5868	0.67	33	67
5869	0.68	32	68
5870	0.68	32	68
5871	0.68	32	68
5872	0.67	33	67
5873	0.67	33	67
5874	0.67	33	67
5875	0.66	34	66
5876	0.66	34	66
5877	0.66	34	66
5878	0.66	34	66
5879	0.67	33	67
5880	0.67	33	67
5881	0.68	32	68
5882	0.68	32	68
5883	0.69	31	69
5884	0.69	31	69
5885	0.70	30	70
5886	0.70	30	70
5887	0.70	30	70
5888	0.71	29	71
5889	0.72	28	72
5890	0.72	28	72
5891	0.72	28	72
5892	0.71	29	71
5893	0.70	30	70
5894	0.71	29	71
5895	0.70	30	70
5896	0.70	30	70
5897	0.69	31	69
5898	0.70	30	70
5899	0.69	31	69
5900	0.70	30	70
5901	0.70	30	70
5902	0.69	31	69
5903	0.69	31	69
5904	0.69	31	69
5905	0.69	31	69
5906	0.69	31	69
5907	0.70	30	70
5908	0.70	30	70
5909	0.70	30	70
5910	0.71	29	71
5911	0.70	30	70
5912	0.69	31	69
5913	0.69	31	69
5914	0.70	30	70
5915	0.70	30	70
5916	0.71	29	71
5917	0.72	28	72
5918	0.71	29	71
5919	0.71	29	71
5920	0.71	29	71
5921	0.71	29	71
5922	0.71	29	71
5923	0.71	29	71
5924	0.70	30	70
5925	0.69	31	69
5926	0.70	30	70
5927	0.69	31	69
5928	0.69	31	69
5929	0.69	31	69
5930	0.69	31	69
5931	0.69	31	69
5932	0.69	31	69
5933	0.69	31	69
5934	0.69	31	69
5935	0.69	31	69
5936	0.70	30	70
5937	0.71	29	71
5938	0.72	28	72
5939	0.73	27	73
5940	0.73	27	73
5941	0.73	27	73
5942	0.73	27	73
5943	0.72	28	72
5944	0.72	28	72
5945	0.72	28	72
5946	0.73	27	73
5947	0.73	27	73
5948	0.73	27	73
5949	0.74	26	74
5950	0.75	25	75
5951	0.75	25	75
5952	0.76	24	76
5953	0.76	24	76
5954	0.76	24	76
5955	0.76	24	76
5956	0.75	25	75
5957	0.76	24	76
5958	0.77	23	77
5959	0.77	23	77
5960	0.77	23	77
5961	0.77	23	77
5962	0.77	23	77
5963	0.77	23	77
5964	0.77	23	77
5965	0.77	23	77
5966	0.77	23	77
5967	0.76	24	76
5968	0.77	23	77
5969	0.77	23	77
5970	0.77	23	77
5971	0.77	23	77
5972	0.77	23	77
5973	0.78	22	78
5974	0.78	22	78
5975	0.79	21	79
5976	0.79	21	79
5977	0.80	20	80
5978	0.80	20	80
5979	0.80	20	80
5980	0.80	20	80
5981	0.80	20	80
5982	0.80	20	80
5983	0.79	21	79
5984	0.78	22	78
5985	0.77	23	77
5986	0.77	23	77
5987	0.77	23	77
5988	0.77	23	77
5989	0.76	24	76
5990	0.76	24	76
5991	0.77	23	77
5992	0.78	22	78
5993	0.79	21	79
5994	0.79	21	79
5995	0.80	20	80
5996	0.80	20	80
5997	0.81	19	81
5998	0.81	19	81
5999	0.82	18	82
