timestep	swarm_quality	color_0	color_1	color_2	color_3	color_4
0	0.70	35	4	2	4	5
1	0.70	35	4	2	4	5
2	0.70	35	4	2	4	5
3	0.68	34	5	2	4	5
4	0.68	34	5	2	4	5
5	0.68	34	5	2	4	5
6	0.66	33	5	2	5	5
7	0.64	32	5	2	5	6
8	0.64	32	5	2	5	6
9	0.64	32	5	2	5	6
10	0.64	32	5	2	5	6
11	0.64	32	5	2	5	6
12	0.64	32	5	2	5	6
13	0.64	32	5	2	5	6
14	0.64	32	5	2	5	6
15	0.64	32	5	2	5	6
16	0.64	32	5	2	5	6
17	0.64	32	5	2	5	6
18	0.64	32	5	2	5	6
19	0.62	31	5	2	5	7
20	0.62	31	5	2	5	7
21	0.62	31	5	2	5	7
22	0.62	31	5	2	5	7
23	0.62	31	5	2	5	7
24	0.62	31	5	2	5	7
25	0.62	31	5	2	5	7
26	0.62	31	5	2	5	7
27	0.62	31	5	2	5	7
28	0.62	31	5	2	5	7
29	0.62	31	5	2	5	7
30	0.62	31	5	2	5	7
31	0.62	31	5	2	5	7
32	0.62	31	5	2	5	7
33	0.62	31	5	2	5	7
34	0.62	31	5	2	5	7
35	0.62	31	4	2	5	8
36	0.64	32	4	1	5	8
37	0.66	33	4	1	4	8
38	0.68	34	4	1	4	7
39	0.70	35	4	1	3	7
40	0.72	36	4	0	3	7
41	0.74	37	4	0	2	7
42	0.76	38	4	0	2	6
43	0.78	39	3	0	2	6
44	0.80	40	3	0	1	6
45	0.82	41	3	0	1	5
46	0.82	41	4	0	1	4
47	0.82	41	4	1	1	3
48	0.84	42	3	1	1	3
49	0.86	43	2	1	1	3
50	0.86	43	2	1	1	3
51	0.84	42	2	1	1	4
52	0.82	41	3	1	1	4
53	0.84	42	2	1	1	4
54	0.84	42	2	1	1	4
55	0.84	42	2	1	1	4
56	0.86	43	2	1	0	4
57	0.88	44	2	1	0	3
58	0.88	44	2	1	0	3
59	0.88	44	2	1	0	3
60	0.88	44	2	1	0	3
61	0.88	44	2	1	0	3
62	0.88	44	2	1	0	3
63	0.88	44	2	1	0	3
64	0.88	44	2	1	0	3
65	0.88	44	2	1	0	3
66	0.88	44	2	1	0	3
67	0.88	44	2	1	0	3
68	0.88	44	2	1	0	3
69	0.90	45	2	1	0	2
70	0.90	45	2	1	0	2
71	0.90	45	2	1	0	2
72	0.90	45	2	1	0	2
73	0.90	45	2	1	0	2
74	0.90	45	2	1	0	2
75	0.90	45	2	1	0	2
76	0.90	45	2	1	0	2
77	0.90	45	2	1	0	2
78	0.90	45	2	1	0	2
79	0.88	44	2	1	0	3
80	0.88	44	2	1	0	3
81	0.86	43	3	1	0	3
82	0.86	43	3	1	0	3
83	0.86	43	3	1	0	3
84	0.86	43	3	1	0	3
85	0.88	44	3	1	0	2
86	0.88	44	3	1	0	2
87	0.88	44	3	1	0	2
88	0.88	44	3	1	0	2
89	0.88	44	3	1	0	2
90	0.88	44	3	1	0	2
91	0.88	44	3	1	0	2
92	0.88	44	3	1	0	2
93	0.88	44	3	1	0	2
94	0.88	44	3	1	0	2
95	0.86	43	3	1	1	2
96	0.88	44	2	1	1	2
97	0.90	45	2	0	1	2
98	0.90	45	2	0	1	2
99	0.90	45	2	0	1	2
100	0.88	44	2	1	1	2
101	0.90	45	2	1	1	1
102	0.92	46	1	1	1	1
103	0.92	46	1	1	1	1
104	0.92	46	1	1	1	1
105	0.92	46	1	1	1	1
106	0.92	46	1	1	1	1
107	0.92	46	1	1	1	1
108	0.92	46	1	1	1	1
109	0.92	46	1	1	1	1
110	0.92	46	1	1	1	1
111	0.92	46	1	1	1	1
112	0.92	46	1	1	1	1
113	0.92	46	1	1	1	1
114	0.92	46	1	1	1	1
115	0.92	46	1	1	1	1
116	0.92	46	1	1	1	1
117	0.92	46	1	1	1	1
118	0.92	46	1	1	1	1
119	0.92	46	1	1	1	1
120	0.92	46	1	1	1	1
121	0.92	46	1	1	1	1
122	0.92	46	1	1	1	1
123	0.92	46	1	1	1	1
124	0.92	46	1	1	1	1
125	0.92	46	1	1	1	1
126	0.90	45	1	1	1	2
127	0.90	45	1	1	1	2
128	0.90	45	1	1	1	2
129	0.92	46	1	1	1	1
130	0.92	46	1	1	1	1
131	0.94	47	0	1	1	1
132	0.94	47	0	1	1	1
133	0.94	47	0	1	1	1
134	0.94	47	0	1	1	1
135	0.94	47	0	1	1	1
136	0.94	47	0	1	1	1
137	0.94	47	0	1	1	1
138	0.94	47	0	1	1	1
139	0.94	47	0	1	1	1
140	0.94	47	0	1	1	1
141	0.94	47	0	1	1	1
142	0.94	47	0	1	1	1
143	0.94	47	0	1	1	1
144	0.94	47	0	1	1	1
145	0.96	48	0	1	0	1
146	0.96	48	0	1	0	1
147	0.96	48	0	1	0	1
148	0.96	48	0	1	0	1
149	0.96	48	0	1	0	1
150	0.98	49	0	0	0	1
151	0.98	49	0	0	0	1
152	0.98	49	0	0	0	1
153	0.98	49	0	0	0	1
154	0.98	49	0	0	0	1
155	0.98	49	0	0	0	1
156	0.98	49	0	0	0	1
157	0.98	49	0	0	0	1
158	0.96	48	0	0	0	2
159	0.96	48	0	0	0	2
160	0.96	48	0	0	0	2
161	0.96	48	0	0	0	2
162	0.96	48	0	0	0	2
163	0.94	47	0	1	0	2
164	0.94	47	0	1	0	2
165	0.92	46	0	2	0	2
166	0.92	46	0	2	0	2
167	0.92	46	0	2	0	2
168	0.92	46	0	2	0	2
169	0.92	46	0	2	0	2
170	0.90	45	0	2	1	2
171	0.90	45	0	2	1	2
172	0.90	45	0	2	1	2
173	0.88	44	0	2	2	2
174	0.88	44	0	2	2	2
175	0.88	44	0	2	2	2
176	0.88	44	0	2	3	1
177	0.88	44	0	2	3	1
178	0.88	44	0	2	3	1
179	0.88	44	0	2	3	1
180	0.88	44	0	2	3	1
181	0.88	44	0	2	3	1
182	0.88	44	0	2	3	1
183	0.88	44	0	2	3	1
184	0.88	44	0	2	3	1
185	0.88	44	0	2	3	1
186	0.88	44	0	2	3	1
187	0.88	44	0	2	3	1
188	0.86	43	0	3	3	1
189	0.86	43	0	3	3	1
190	0.86	43	0	3	3	1
191	0.86	43	0	3	3	1
192	0.86	43	0	3	3	1
193	0.86	43	0	3	3	1
194	0.84	42	0	3	4	1
195	0.84	42	0	3	4	1
196	0.84	42	0	3	4	1
197	0.84	42	0	3	4	1
198	0.84	42	0	3	4	1
199	0.82	41	0	3	5	1
200	0.80	40	0	3	5	2
201	0.80	40	0	3	5	2
202	0.80	40	0	3	5	2
203	0.80	40	0	3	5	2
204	0.78	39	0	3	5	3
205	0.78	39	0	3	5	3
206	0.78	39	0	3	5	3
207	0.76	38	0	3	5	4
208	0.78	39	0	3	5	3
209	0.78	39	0	3	5	3
210	0.78	39	0	3	5	3
211	0.78	39	0	3	5	3
212	0.78	39	0	3	5	3
213	0.80	40	0	2	5	3
214	0.80	40	0	2	5	3
215	0.82	41	0	1	5	3
216	0.82	41	0	1	5	3
217	0.82	41	0	1	5	3
218	0.82	41	0	1	5	3
219	0.82	41	0	1	5	3
220	0.84	42	0	1	4	3
221	0.84	42	0	1	4	3
222	0.82	41	0	1	4	4
223	0.84	42	0	1	3	4
224	0.82	41	0	1	3	5
225	0.80	40	0	2	3	5
226	0.82	41	0	2	2	5
227	0.80	40	0	2	2	6
228	0.80	40	0	2	2	6
229	0.80	40	0	2	2	6
230	0.80	40	0	2	2	6
231	0.78	39	0	2	3	6
232	0.78	39	0	2	3	6
233	0.78	39	0	2	3	6
234	0.78	39	0	2	3	6
235	0.76	38	1	2	3	6
236	0.74	37	1	3	3	6
237	0.74	37	1	3	3	6
238	0.76	38	1	2	3	6
239	0.76	38	1	2	3	6
240	0.76	38	1	2	3	6
241	0.76	38	1	2	3	6
242	0.76	38	1	2	3	6
243	0.76	38	1	2	3	6
244	0.78	39	1	2	2	6
245	0.78	39	1	2	2	6
246	0.78	39	1	2	2	6
247	0.78	39	1	2	2	6
248	0.78	39	1	2	2	6
249	0.80	40	1	2	1	6
250	0.82	41	1	2	1	5
251	0.82	41	1	2	1	5
252	0.82	41	1	2	1	5
253	0.82	41	1	2	1	5
254	0.84	42	1	2	1	4
255	0.84	42	1	2	1	4
256	0.84	42	1	2	1	4
257	0.84	42	1	2	2	3
258	0.84	42	1	2	2	3
259	0.84	42	1	2	2	3
260	0.84	42	1	2	2	3
261	0.84	42	1	2	2	3
262	0.84	42	1	2	2	3
263	0.84	42	1	2	2	3
264	0.82	41	1	2	3	3
265	0.80	40	1	2	3	4
266	0.80	40	1	2	3	4
267	0.80	40	1	2	3	4
268	0.80	40	1	2	3	4
269	0.80	40	1	2	3	4
270	0.80	40	1	2	3	4
271	0.80	40	1	2	3	4
272	0.82	41	1	2	3	3
273	0.82	41	1	2	3	3
274	0.84	42	1	2	3	2
275	0.86	43	1	1	3	2
276	0.86	43	1	1	3	2
277	0.88	44	1	1	3	1
278	0.86	43	1	1	4	1
279	0.86	43	1	1	4	1
280	0.86	43	1	1	4	1
281	0.88	44	1	1	3	1
282	0.88	44	1	1	3	1
283	0.88	44	1	1	3	1
284	0.88	44	1	1	3	1
285	0.90	45	0	1	3	1
286	0.92	46	0	0	3	1
287	0.92	46	0	0	3	1
288	0.92	46	0	0	3	1
289	0.92	46	0	0	3	1
290	0.92	46	0	0	3	1
291	0.92	46	0	0	3	1
292	0.92	46	0	0	3	1
293	0.92	46	0	0	3	1
294	0.92	46	0	0	3	1
295	0.92	46	0	0	3	1
296	0.92	46	0	0	3	1
297	0.92	46	0	0	3	1
298	0.92	46	0	0	3	1
299	0.92	46	0	0	3	1
300	0.92	46	0	0	3	1
301	0.92	46	0	0	3	1
302	0.92	46	0	0	3	1
303	0.92	46	0	0	3	1
304	0.92	46	0	0	3	1
305	0.90	45	1	0	3	1
306	0.90	45	1	0	3	1
307	0.92	46	1	0	2	1
308	0.92	46	1	0	2	1
309	0.92	46	1	0	2	1
310	0.92	46	1	0	2	1
311	0.92	46	1	0	2	1
312	0.92	46	1	0	2	1
313	0.92	46	1	0	2	1
314	0.94	47	1	0	1	1
315	0.96	48	1	0	1	0
316	0.96	48	1	0	1	0
317	0.96	48	1	0	1	0
318	0.96	48	1	0	1	0
319	0.96	48	1	0	1	0
320	0.96	48	1	0	1	0
321	0.96	48	1	0	1	0
322	0.96	48	1	0	1	0
323	0.94	47	1	0	1	1
324	0.94	47	1	0	1	1
325	0.94	47	1	0	1	1
326	0.94	47	1	0	1	1
327	0.94	47	1	0	1	1
328	0.96	48	1	0	0	1
329	0.96	48	1	0	0	1
330	0.96	48	1	0	0	1
331	0.96	48	1	0	0	1
332	0.96	48	1	0	0	1
333	0.96	48	1	0	0	1
334	0.96	48	1	0	0	1
335	0.96	48	1	0	0	1
336	0.96	48	1	0	0	1
337	0.96	48	1	0	0	1
338	0.96	48	1	0	0	1
339	0.96	48	1	0	0	1
340	0.96	48	1	0	0	1
341	0.96	48	1	0	0	1
342	0.96	48	1	0	0	1
343	0.96	48	1	0	0	1
344	0.96	48	1	0	0	1
345	0.96	48	1	0	0	1
346	0.96	48	1	0	0	1
347	0.96	48	1	0	0	1
348	0.96	48	1	0	0	1
349	0.96	48	1	0	0	1
350	0.96	48	1	0	0	1
351	0.96	48	1	0	0	1
352	0.96	48	1	0	0	1
353	0.96	48	1	0	0	1
354	0.96	48	1	0	0	1
355	0.98	49	0	0	0	1
356	0.98	49	0	0	0	1
357	0.98	49	0	0	0	1
358	0.96	48	1	0	0	1
359	0.94	47	2	0	0	1
360	0.94	47	2	0	0	1
361	0.94	47	2	0	0	1
362	0.94	47	2	0	0	1
363	0.92	46	3	0	0	1
364	0.92	46	3	0	0	1
365	0.92	46	3	0	0	1
366	0.92	46	3	0	0	1
367	0.90	45	3	0	0	2
368	0.90	45	3	0	0	2
369	0.90	45	3	0	0	2
370	0.90	45	3	0	0	2
371	0.90	45	3	0	0	2
372	0.88	44	3	1	0	2
373	0.90	45	3	1	0	1
374	0.88	44	4	1	0	1
375	0.88	44	4	1	0	1
376	0.88	44	4	1	0	1
377	0.88	44	4	1	0	1
378	0.88	44	4	1	0	1
379	0.88	44	4	1	0	1
380	0.88	44	4	1	0	1
381	0.88	44	4	1	0	1
382	0.88	44	4	1	0	1
383	0.88	44	4	1	0	1
384	0.88	44	4	1	0	1
385	0.88	44	4	1	0	1
386	0.88	44	4	1	0	1
387	0.88	44	4	1	0	1
388	0.88	44	4	1	0	1
389	0.86	43	4	2	0	1
390	0.86	43	4	2	0	1
391	0.86	43	4	2	0	1
392	0.86	43	4	2	0	1
393	0.86	43	4	2	0	1
394	0.86	43	4	2	0	1
395	0.84	42	5	2	0	1
396	0.82	41	6	2	0	1
397	0.82	41	6	2	0	1
398	0.82	41	6	2	0	1
399	0.82	41	6	2	0	1
400	0.82	41	6	2	0	1
401	0.80	40	6	2	0	2
402	0.80	40	6	2	0	2
403	0.80	40	6	2	0	2
404	0.80	40	6	2	0	2
405	0.80	40	6	2	0	2
406	0.80	40	6	2	0	2
407	0.80	40	6	2	0	2
408	0.80	40	6	2	0	2
409	0.82	41	5	2	0	2
410	0.80	40	5	3	0	2
411	0.78	39	6	3	0	2
412	0.76	38	7	3	0	2
413	0.78	39	6	3	0	2
414	0.78	39	6	3	0	2
415	0.78	39	6	3	0	2
416	0.76	38	7	3	0	2
417	0.78	39	7	3	0	1
418	0.78	39	7	3	0	1
419	0.78	39	7	3	0	1
420	0.78	39	7	3	0	1
421	0.78	39	7	3	0	1
422	0.80	40	7	2	0	1
423	0.80	40	7	2	0	1
424	0.80	40	6	3	0	1
425	0.80	40	6	3	0	1
426	0.80	40	6	3	0	1
427	0.80	40	6	3	0	1
428	0.80	40	6	3	0	1
429	0.80	40	6	3	0	1
430	0.80	40	6	3	0	1
431	0.80	40	6	3	0	1
432	0.80	40	6	3	0	1
433	0.80	40	6	3	0	1
434	0.78	39	6	3	1	1
435	0.78	39	6	3	1	1
436	0.78	39	6	3	1	1
437	0.78	39	6	3	1	1
438	0.78	39	6	3	1	1
439	0.80	40	6	2	1	1
440	0.80	40	6	2	1	1
441	0.80	40	6	2	1	1
442	0.80	40	6	2	1	1
443	0.80	40	6	2	1	1
444	0.78	39	6	2	2	1
445	0.80	40	5	2	2	1
446	0.82	41	4	2	2	1
447	0.82	41	4	2	2	1
448	0.82	41	4	2	2	1
449	0.82	41	4	2	2	1
450	0.82	41	4	2	2	1
451	0.84	42	4	2	2	0
452	0.82	41	5	2	2	0
453	0.82	41	5	2	2	0
454	0.82	41	5	2	2	0
455	0.82	41	5	2	2	0
456	0.82	41	5	2	2	0
457	0.82	41	5	2	2	0
458	0.84	42	4	2	2	0
459	0.84	42	4	2	2	0
460	0.86	43	4	1	2	0
461	0.88	44	3	1	2	0
462	0.90	45	2	1	2	0
463	0.90	45	2	1	2	0
464	0.90	45	2	1	2	0
465	0.90	45	2	1	2	0
466	0.92	46	1	1	2	0
467	0.92	46	1	1	2	0
468	0.92	46	1	1	2	0
469	0.90	45	2	1	2	0
470	0.90	45	2	1	2	0
471	0.90	45	2	1	2	0
472	0.90	45	2	1	2	0
473	0.90	45	2	1	2	0
474	0.92	46	2	0	2	0
475	0.92	46	2	0	2	0
476	0.92	46	2	0	2	0
477	0.92	46	2	0	2	0
478	0.92	46	2	0	2	0
479	0.92	46	2	0	2	0
480	0.92	46	2	0	2	0
481	0.92	46	2	0	2	0
482	0.92	46	2	0	2	0
483	0.92	46	2	0	2	0
484	0.94	47	2	0	1	0
485	0.94	47	2	0	1	0
486	0.92	46	2	1	1	0
487	0.92	46	2	1	1	0
488	0.92	46	2	1	1	0
489	0.92	46	2	1	1	0
490	0.92	46	2	1	1	0
491	0.92	46	2	1	1	0
492	0.92	46	2	1	1	0
493	0.92	46	2	1	1	0
494	0.94	47	2	1	0	0
495	0.94	47	2	1	0	0
496	0.94	47	2	1	0	0
497	0.94	47	2	1	0	0
498	0.94	47	2	1	0	0
499	0.92	46	3	1	0	0
500	0.06	46	3	1	0	0
501	0.06	46	3	1	0	0
502	0.06	46	3	1	0	0
503	0.06	45	3	1	1	0
504	0.06	45	3	1	1	0
505	0.06	45	3	1	1	0
506	0.06	45	3	1	1	0
507	0.06	45	3	1	1	0
508	0.08	44	4	1	1	0
509	0.10	43	5	1	1	0
510	0.12	42	6	1	1	0
511	0.12	42	6	1	1	0
512	0.12	42	6	1	1	0
513	0.12	42	6	1	1	0
514	0.12	42	6	1	1	0
515	0.12	41	6	1	1	1
516	0.12	41	6	1	1	1
517	0.12	41	6	1	1	1
518	0.14	40	7	1	1	1
519	0.12	40	6	1	1	2
520	0.12	40	6	1	1	2
521	0.14	39	7	1	1	2
522	0.16	38	8	1	1	2
523	0.16	38	8	1	1	2
524	0.16	38	8	1	1	2
525	0.18	37	9	1	1	2
526	0.18	36	9	1	1	3
527	0.20	35	10	1	1	3
528	0.20	35	10	1	1	3
529	0.22	34	11	1	1	3
530	0.22	34	11	1	1	3
531	0.24	33	12	1	1	3
532	0.24	32	12	1	2	3
533	0.24	32	12	1	2	3
534	0.26	31	13	1	2	3
535	0.26	30	13	1	2	4
536	0.28	30	14	0	2	4
537	0.30	29	15	0	2	4
538	0.32	28	16	0	2	4
539	0.32	27	16	0	2	5
540	0.34	26	17	0	2	5
541	0.36	25	18	0	2	5
542	0.38	24	19	0	2	5
543	0.38	24	19	0	2	5
544	0.38	23	19	1	2	5
545	0.40	22	20	1	2	5
546	0.40	21	20	1	2	6
547	0.42	20	21	1	2	6
548	0.42	19	21	1	2	7
549	0.40	19	20	2	2	7
550	0.42	18	21	2	2	7
551	0.44	17	22	2	2	7
552	0.44	17	22	2	2	7
553	0.46	17	23	2	1	7
554	0.48	16	24	2	1	7
555	0.50	15	25	2	1	7
556	0.52	14	26	2	1	7
557	0.54	13	27	2	1	7
558	0.54	13	27	2	1	7
559	0.52	14	26	2	1	7
560	0.52	14	26	2	1	7
561	0.54	13	27	2	1	7
562	0.54	12	27	2	1	8
563	0.56	11	28	2	1	8
564	0.58	10	29	2	1	8
565	0.58	11	29	2	1	7
566	0.60	10	30	2	1	7
567	0.62	9	31	2	1	7
568	0.60	9	30	2	2	7
569	0.62	9	31	2	2	6
570	0.64	8	32	2	2	6
571	0.64	8	32	2	2	6
572	0.64	8	32	2	2	6
573	0.66	7	33	2	2	6
574	0.66	7	33	2	2	6
575	0.66	7	33	2	2	6
576	0.68	7	34	2	2	5
577	0.68	7	34	2	2	5
578	0.70	6	35	2	2	5
579	0.70	6	35	2	2	5
580	0.72	5	36	2	2	5
581	0.72	5	36	2	2	5
582	0.74	5	37	2	1	5
583	0.76	4	38	2	1	5
584	0.76	4	38	2	1	5
585	0.78	4	39	2	1	4
586	0.76	4	38	2	1	5
587	0.76	4	38	2	1	5
588	0.76	4	38	2	1	5
589	0.78	4	39	2	1	4
590	0.78	4	39	2	1	4
591	0.78	4	39	2	1	4
592	0.78	4	39	2	1	4
593	0.80	3	40	2	1	4
594	0.82	3	41	1	1	4
595	0.82	3	41	1	1	4
596	0.84	3	42	1	1	3
597	0.84	3	42	1	1	3
598	0.86	3	43	1	1	2
599	0.88	3	44	0	1	2
600	0.88	3	44	0	1	2
601	0.88	3	44	0	1	2
602	0.88	3	44	0	1	2
603	0.88	3	44	0	1	2
604	0.88	3	44	0	1	2
605	0.88	3	44	0	1	2
606	0.88	3	44	0	1	2
607	0.88	3	44	0	1	2
608	0.88	3	44	0	1	2
609	0.90	2	45	0	1	2
610	0.90	2	45	0	1	2
611	0.88	3	44	0	1	2
612	0.90	3	45	0	1	1
613	0.90	3	45	0	1	1
614	0.90	3	45	0	1	1
615	0.92	2	46	0	1	1
616	0.92	2	46	0	1	1
617	0.92	2	46	0	1	1
618	0.92	2	46	0	0	2
619	0.92	2	46	0	0	2
620	0.92	2	46	0	0	2
621	0.92	2	46	0	0	2
622	0.92	2	46	0	0	2
623	0.92	2	46	0	0	2
624	0.94	1	47	0	0	2
625	0.94	1	47	0	0	2
626	0.94	1	47	0	0	2
627	0.94	1	47	0	0	2
628	0.94	1	47	0	0	2
629	0.94	1	47	0	0	2
630	0.94	1	47	0	0	2
631	0.94	1	47	0	0	2
632	0.94	1	47	0	0	2
633	0.94	1	47	0	0	2
634	0.94	1	47	0	0	2
635	0.94	1	47	0	0	2
636	0.96	1	48	0	0	1
637	0.96	1	48	0	0	1
638	0.96	1	48	0	0	1
639	0.96	1	48	0	0	1
640	0.96	1	48	0	0	1
641	0.96	1	48	0	0	1
642	0.96	1	48	0	0	1
643	0.96	1	48	0	0	1
644	0.96	1	48	0	0	1
645	0.96	1	48	0	0	1
646	0.94	2	47	0	0	1
647	0.94	2	47	0	0	1
648	0.94	2	47	0	0	1
649	0.94	2	47	0	0	1
650	0.94	2	47	0	0	1
651	0.92	2	46	0	1	1
652	0.92	2	46	0	1	1
653	0.92	2	46	0	1	1
654	0.92	2	46	0	1	1
655	0.92	2	46	0	1	1
656	0.92	2	46	0	1	1
657	0.92	2	46	0	1	1
658	0.92	2	46	0	1	1
659	0.92	2	46	0	1	1
660	0.92	2	46	0	1	1
661	0.94	1	47	0	1	1
662	0.94	1	47	0	1	1
663	0.94	1	47	0	1	1
664	0.92	1	46	0	2	1
665	0.92	1	46	0	2	1
666	0.92	1	46	0	2	1
667	0.92	1	46	0	2	1
668	0.94	1	47	0	2	0
669	0.92	1	46	1	2	0
670	0.92	1	46	1	2	0
671	0.92	1	46	1	2	0
672	0.92	1	46	1	2	0
673	0.92	1	46	1	2	0
674	0.92	1	46	1	2	0
675	0.92	1	46	1	2	0
676	0.92	1	46	1	2	0
677	0.92	1	46	1	2	0
678	0.92	1	46	1	2	0
679	0.92	1	46	1	2	0
680	0.92	1	46	1	2	0
681	0.92	1	46	1	2	0
682	0.92	1	46	1	2	0
683	0.92	1	46	1	2	0
684	0.92	1	46	1	2	0
685	0.92	1	46	1	2	0
686	0.92	1	46	1	2	0
687	0.90	1	45	1	3	0
688	0.90	1	45	1	3	0
689	0.90	1	45	1	3	0
690	0.90	1	45	1	3	0
691	0.90	1	45	1	3	0
692	0.90	1	45	1	3	0
693	0.90	1	45	1	3	0
694	0.90	1	45	1	3	0
695	0.90	1	45	1	3	0
696	0.92	0	46	1	3	0
697	0.92	0	46	1	3	0
698	0.92	0	46	1	3	0
699	0.92	0	46	1	3	0
700	0.90	0	45	2	3	0
701	0.90	0	45	3	2	0
702	0.90	0	45	3	2	0
703	0.90	0	45	3	2	0
704	0.90	0	45	3	2	0
705	0.90	0	45	3	2	0
706	0.90	0	45	3	2	0
707	0.90	0	45	3	2	0
708	0.90	0	45	3	2	0
709	0.90	0	45	3	2	0
710	0.90	0	45	3	2	0
711	0.90	0	45	3	2	0
712	0.90	0	45	3	2	0
713	0.90	0	45	3	2	0
714	0.92	0	46	3	1	0
715	0.92	0	46	3	1	0
716	0.92	0	46	3	1	0
717	0.92	0	46	3	1	0
718	0.92	0	46	3	1	0
719	0.92	0	46	2	2	0
720	0.92	0	46	2	2	0
721	0.92	0	46	2	2	0
722	0.92	0	46	2	2	0
723	0.92	0	46	2	2	0
724	0.92	0	46	2	2	0
725	0.92	0	46	2	2	0
726	0.92	0	46	2	2	0
727	0.92	0	46	2	2	0
728	0.92	0	46	2	2	0
729	0.92	0	46	2	2	0
730	0.92	0	46	2	2	0
731	0.92	0	46	2	2	0
732	0.92	0	46	2	2	0
733	0.92	0	46	2	2	0
734	0.92	0	46	2	2	0
735	0.92	0	46	2	2	0
736	0.92	0	46	2	2	0
737	0.94	0	47	2	1	0
738	0.94	0	47	2	1	0
739	0.94	0	47	2	1	0
740	0.94	0	47	2	1	0
741	0.94	0	47	2	1	0
742	0.94	0	47	2	1	0
743	0.94	0	47	2	1	0
744	0.94	0	47	2	1	0
745	0.94	0	47	2	1	0
746	0.94	0	47	2	1	0
747	0.94	0	47	2	1	0
748	0.94	0	47	2	1	0
749	0.94	0	47	2	1	0
750	0.96	0	48	1	1	0
751	0.96	0	48	0	2	0
752	0.96	0	48	0	2	0
753	0.96	0	48	0	2	0
754	0.96	0	48	0	2	0
755	0.96	0	48	0	2	0
756	0.96	0	48	0	2	0
757	0.96	0	48	0	2	0
758	0.96	0	48	0	2	0
759	0.96	0	48	0	2	0
760	0.96	0	48	0	2	0
761	0.94	0	47	0	2	1
762	0.92	0	46	1	2	1
763	0.92	0	46	1	2	1
764	0.92	0	46	1	2	1
765	0.92	0	46	1	2	1
766	0.92	0	46	1	2	1
767	0.92	0	46	1	2	1
768	0.92	0	46	1	2	1
769	0.94	0	47	1	1	1
770	0.94	0	47	1	1	1
771	0.94	0	47	1	1	1
772	0.94	0	47	1	1	1
773	0.94	0	47	1	1	1
774	0.94	0	47	1	1	1
775	0.94	0	47	1	1	1
776	0.94	0	47	1	1	1
777	0.94	0	47	1	1	1
778	0.94	0	47	1	1	1
779	0.94	0	47	1	1	1
780	0.94	0	47	1	1	1
781	0.92	0	46	1	1	2
782	0.92	0	46	1	1	2
783	0.92	0	46	1	1	2
784	0.92	0	46	1	1	2
785	0.92	0	46	1	1	2
786	0.92	0	46	1	1	2
787	0.92	0	46	1	1	2
788	0.92	0	46	1	1	2
789	0.92	0	46	1	1	2
790	0.92	0	46	1	1	2
791	0.92	0	46	1	1	2
792	0.92	0	46	1	1	2
793	0.92	0	46	1	1	2
794	0.92	0	46	1	1	2
795	0.92	0	46	1	1	2
796	0.92	0	46	1	1	2
797	0.90	0	45	1	1	3
798	0.90	0	45	1	1	3
799	0.90	0	45	1	1	3
800	0.90	0	45	1	1	3
801	0.92	0	46	1	0	3
802	0.92	0	46	1	0	3
803	0.90	1	45	1	0	3
804	0.90	1	45	1	0	3
805	0.90	1	45	1	0	3
806	0.90	1	45	1	0	3
807	0.90	1	45	1	0	3
808	0.88	1	44	1	0	4
809	0.88	1	44	1	0	4
810	0.88	1	44	1	0	4
811	0.90	1	45	1	0	3
812	0.92	1	46	0	0	3
813	0.92	1	46	0	0	3
814	0.92	1	46	0	0	3
815	0.92	1	46	0	0	3
816	0.92	1	46	0	0	3
817	0.90	1	45	0	1	3
818	0.90	1	45	0	1	3
819	0.90	1	45	0	1	3
820	0.90	1	45	0	1	3
821	0.90	1	45	0	1	3
822	0.88	1	44	0	1	4
823	0.88	1	44	0	1	4
824	0.88	1	44	0	1	4
825	0.88	1	44	0	1	4
826	0.88	1	44	0	1	4
827	0.88	1	44	0	1	4
828	0.88	1	44	0	1	4
829	0.88	1	44	0	1	4
830	0.88	1	44	0	1	4
831	0.90	1	45	0	1	3
832	0.90	1	45	0	1	3
833	0.90	1	45	0	1	3
834	0.90	1	45	0	1	3
835	0.90	1	45	0	1	3
836	0.90	1	45	0	1	3
837	0.90	1	45	0	1	3
838	0.90	1	45	0	1	3
839	0.90	1	45	0	1	3
840	0.88	1	44	0	1	4
841	0.88	1	44	0	1	4
842	0.86	1	43	0	1	5
843	0.86	1	43	0	1	5
844	0.86	1	43	0	1	5
845	0.86	1	43	0	1	5
846	0.84	1	42	0	2	5
847	0.86	1	43	0	2	4
848	0.86	1	43	0	2	4
849	0.86	1	43	0	2	4
850	0.86	1	43	0	2	4
851	0.86	1	43	0	2	4
852	0.86	1	43	0	2	4
853	0.88	0	44	0	2	4
854	0.88	0	44	0	2	4
855	0.88	0	44	0	2	4
856	0.88	0	44	0	2	4
857	0.88	0	44	0	2	4
858	0.90	0	45	0	2	3
859	0.90	0	45	0	2	3
860	0.90	0	45	0	2	3
861	0.90	0	45	0	2	3
862	0.90	0	45	0	2	3
863	0.90	0	45	0	2	3
864	0.90	0	45	0	2	3
865	0.90	0	45	0	2	3
866	0.90	0	45	0	2	3
867	0.92	0	46	0	1	3
868	0.92	0	46	0	1	3
869	0.92	0	46	0	1	3
870	0.92	0	46	0	1	3
871	0.92	0	46	0	1	3
872	0.94	0	47	0	1	2
873	0.94	0	47	0	1	2
874	0.94	0	47	0	1	2
875	0.94	0	47	0	1	2
876	0.92	0	46	0	1	3
877	0.92	0	46	0	1	3
878	0.90	1	45	0	1	3
879	0.90	1	45	0	1	3
880	0.90	1	45	0	1	3
881	0.90	1	45	0	1	3
882	0.90	1	45	0	1	3
883	0.90	1	45	0	1	3
884	0.90	1	45	0	1	3
885	0.90	1	45	0	1	3
886	0.90	1	45	0	1	3
887	0.90	1	45	0	1	3
888	0.88	1	44	0	1	4
889	0.88	1	44	0	1	4
890	0.90	1	45	0	1	3
891	0.90	1	45	0	1	3
892	0.92	1	46	0	1	2
893	0.92	1	46	0	1	2
894	0.92	1	46	0	1	2
895	0.92	1	46	0	1	2
896	0.94	1	47	0	0	2
897	0.94	1	47	0	0	2
898	0.94	1	47	0	0	2
899	0.92	2	46	0	0	2
900	0.92	2	46	0	0	2
901	0.90	2	45	0	1	2
902	0.90	2	45	0	1	2
903	0.90	2	45	0	1	2
904	0.90	2	45	0	1	2
905	0.90	2	45	0	1	2
906	0.90	2	45	0	1	2
907	0.90	2	45	0	1	2
908	0.90	2	45	0	1	2
909	0.88	2	44	0	1	3
910	0.88	2	44	0	1	3
911	0.88	2	44	0	1	3
912	0.88	2	44	0	1	3
913	0.86	3	43	0	1	3
914	0.86	3	43	0	1	3
915	0.86	3	43	0	1	3
916	0.86	3	43	0	1	3
917	0.86	3	43	0	1	3
918	0.86	3	43	0	1	3
919	0.84	3	42	0	1	4
920	0.84	3	42	0	1	4
921	0.84	3	42	0	1	4
922	0.84	3	42	0	1	4
923	0.84	3	42	0	1	4
924	0.84	3	42	0	1	4
925	0.84	3	42	0	1	4
926	0.86	3	43	0	1	3
927	0.86	3	43	0	1	3
928	0.86	2	43	0	2	3
929	0.86	2	43	0	2	3
930	0.86	2	43	0	2	3
931	0.84	3	42	0	2	3
932	0.84	3	42	0	2	3
933	0.84	3	42	0	2	3
934	0.84	3	42	0	2	3
935	0.84	3	42	0	2	3
936	0.84	3	42	0	2	3
937	0.82	4	41	0	2	3
938	0.84	4	42	0	2	2
939	0.84	4	42	0	2	2
940	0.84	4	42	0	2	2
941	0.84	4	42	0	2	2
942	0.82	5	41	0	2	2
943	0.80	5	40	0	3	2
944	0.80	5	40	0	3	2
945	0.78	5	39	0	4	2
946	0.78	5	39	0	4	2
947	0.78	5	39	0	4	2
948	0.78	5	39	0	4	2
949	0.80	4	40	0	4	2
950	0.80	4	40	0	4	2
951	0.82	4	41	0	3	2
952	0.82	4	41	0	3	2
953	0.82	4	41	0	3	2
954	0.82	4	41	0	3	2
955	0.82	4	41	0	3	2
956	0.82	4	41	0	3	2
957	0.82	4	41	0	3	2
958	0.82	4	41	0	3	2
959	0.84	4	42	0	3	1
960	0.84	4	42	0	3	1
961	0.84	4	42	0	3	1
962	0.84	4	42	0	3	1
963	0.86	3	43	0	3	1
964	0.86	3	43	0	3	1
965	0.86	3	43	0	3	1
966	0.86	3	43	0	3	1
967	0.86	3	43	0	3	1
968	0.86	3	43	0	3	1
969	0.88	3	44	0	3	0
970	0.88	3	44	0	3	0
971	0.88	3	44	0	3	0
972	0.88	3	44	0	3	0
973	0.88	3	44	0	3	0
974	0.88	3	44	0	3	0
975	0.88	3	44	0	3	0
976	0.88	3	44	0	3	0
977	0.88	3	44	0	3	0
978	0.90	3	45	0	2	0
979	0.90	3	45	0	2	0
980	0.90	3	45	0	2	0
981	0.92	2	46	0	2	0
982	0.92	2	46	0	2	0
983	0.92	2	46	0	2	0
984	0.92	2	46	0	2	0
985	0.92	2	46	0	2	0
986	0.92	2	46	0	2	0
987	0.92	1	46	0	2	1
988	0.92	1	46	0	2	1
989	0.92	1	46	0	2	1
990	0.92	1	46	0	2	1
991	0.92	1	46	0	2	1
992	0.92	0	46	1	2	1
993	0.94	0	47	1	1	1
994	0.94	0	47	1	1	1
995	0.96	0	48	1	0	1
996	0.96	0	48	1	0	1
997	0.96	0	48	1	0	1
998	0.96	0	48	1	0	1
999	0.96	0	48	1	0	1
1000	0.02	0	48	1	0	1
1001	0.02	0	48	1	0	1
1002	0.02	0	48	1	0	1
1003	0.02	0	48	1	0	1
1004	0.02	0	48	1	0	1
1005	0.02	0	48	1	0	1
1006	0.02	0	48	1	0	1
1007	0.04	0	47	2	0	1
1008	0.04	0	47	2	0	1
1009	0.04	0	47	2	0	1
1010	0.04	0	47	2	0	1
1011	0.06	0	46	3	0	1
1012	0.06	0	46	3	0	1
1013	0.06	0	46	3	0	1
1014	0.06	0	46	3	0	1
1015	0.08	0	45	4	0	1
1016	0.08	0	45	4	0	1
1017	0.08	0	45	4	0	1
1018	0.08	1	44	4	0	1
1019	0.08	1	44	4	0	1
1020	0.08	1	44	4	0	1
1021	0.08	1	44	4	0	1
1022	0.10	1	43	5	0	1
1023	0.10	1	43	5	0	1
1024	0.10	1	42	5	0	2
1025	0.12	1	41	6	0	2
1026	0.12	1	41	6	0	2
1027	0.14	1	40	7	0	2
1028	0.14	1	40	7	0	2
1029	0.14	1	39	7	1	2
1030	0.14	1	39	7	1	2
1031	0.14	1	39	7	1	2
1032	0.14	1	38	7	2	2
1033	0.14	1	38	7	2	2
1034	0.16	1	37	8	2	2
1035	0.16	1	37	8	2	2
1036	0.16	1	37	8	2	2
1037	0.18	1	37	9	2	1
1038	0.20	1	36	10	2	1
1039	0.20	1	36	10	2	1
1040	0.20	1	36	10	2	1
1041	0.20	1	36	10	2	1
1042	0.20	1	36	10	2	1
1043	0.20	1	36	10	2	1
1044	0.20	1	36	10	2	1
1045	0.20	1	36	10	2	1
1046	0.22	1	35	11	2	1
1047	0.22	1	34	11	2	2
1048	0.22	1	34	11	2	2
1049	0.22	1	34	11	2	2
1050	0.24	1	33	12	2	2
1051	0.26	1	32	13	2	2
1052	0.26	1	32	13	2	2
1053	0.28	1	31	14	2	2
1054	0.30	1	30	15	2	2
1055	0.32	1	29	16	2	2
1056	0.34	1	28	17	2	2
1057	0.34	1	28	17	2	2
1058	0.34	1	27	17	2	3
1059	0.36	1	26	18	2	3
1060	0.38	1	25	19	2	3
1061	0.38	1	25	19	2	3
1062	0.40	1	24	20	2	3
1063	0.40	1	23	20	2	4
1064	0.42	1	22	21	2	4
1065	0.42	1	22	21	2	4
1066	0.44	1	21	22	2	4
1067	0.46	1	20	23	2	4
1068	0.48	0	20	24	2	4
1069	0.50	0	19	25	2	4
1070	0.52	0	18	26	2	4
1071	0.54	0	17	27	2	4
1072	0.52	0	17	26	3	4
1073	0.54	0	16	27	3	4
1074	0.54	0	17	27	3	3
1075	0.54	0	17	27	3	3
1076	0.56	0	16	28	3	3
1077	0.54	0	17	27	3	3
1078	0.56	0	16	28	3	3
1079	0.58	0	16	29	2	3
1080	0.60	0	15	30	2	3
1081	0.62	0	14	31	2	3
1082	0.64	0	14	32	1	3
1083	0.66	0	13	33	1	3
1084	0.66	0	13	33	1	3
1085	0.68	0	12	34	1	3
1086	0.68	0	11	34	1	4
1087	0.66	0	12	33	1	4
1088	0.66	0	12	33	1	4
1089	0.66	1	11	33	1	4
1090	0.68	1	10	34	1	4
1091	0.70	1	9	35	1	4
1092	0.68	1	9	34	2	4
1093	0.70	1	8	35	2	4
1094	0.72	1	7	36	2	4
1095	0.74	1	6	37	2	4
1096	0.74	1	6	37	2	4
1097	0.76	1	6	38	2	3
1098	0.78	1	5	39	2	3
1099	0.80	1	4	40	2	3
1100	0.78	1	4	39	3	3
1101	0.78	1	4	39	3	3
1102	0.78	1	4	39	3	3
1103	0.78	1	4	39	3	3
1104	0.78	1	4	39	3	3
1105	0.78	1	4	39	3	3
1106	0.78	1	4	39	3	3
1107	0.78	1	4	39	3	3
1108	0.80	1	4	40	3	2
1109	0.80	1	4	40	3	2
1110	0.80	1	4	40	3	2
1111	0.80	1	4	40	3	2
1112	0.80	1	4	40	3	2
1113	0.82	1	4	41	3	1
1114	0.82	1	4	41	3	1
1115	0.82	1	4	41	3	1
1116	0.82	1	4	41	3	1
1117	0.82	1	4	41	3	1
1118	0.80	1	5	40	3	1
1119	0.80	1	5	40	3	1
1120	0.80	1	5	40	3	1
1121	0.80	1	5	40	3	1
1122	0.80	2	5	40	2	1
1123	0.80	2	5	40	2	1
1124	0.82	2	4	41	2	1
1125	0.82	2	4	41	2	1
1126	0.82	2	4	41	2	1
1127	0.84	2	3	42	2	1
1128	0.84	2	3	42	2	1
1129	0.84	2	3	42	2	1
1130	0.84	2	3	42	2	1
1131	0.84	2	3	42	2	1
1132	0.84	2	3	42	2	1
1133	0.84	2	3	42	2	1
1134	0.84	2	3	42	2	1
1135	0.82	3	3	41	2	1
1136	0.82	3	4	41	2	0
1137	0.84	3	3	42	2	0
1138	0.84	3	3	42	2	0
1139	0.86	2	3	43	2	0
1140	0.86	2	3	43	2	0
1141	0.86	2	3	43	2	0
1142	0.88	2	3	44	1	0
1143	0.88	2	3	44	1	0
1144	0.86	2	3	43	2	0
1145	0.86	2	3	43	2	0
1146	0.86	2	3	43	2	0
1147	0.86	2	3	43	2	0
1148	0.86	2	3	43	2	0
1149	0.84	2	4	42	2	0
1150	0.86	2	4	43	1	0
1151	0.84	3	4	42	1	0
1152	0.86	3	3	43	1	0
1153	0.86	3	3	43	1	0
1154	0.86	3	3	43	1	0
1155	0.86	3	3	43	1	0
1156	0.84	3	3	42	2	0
1157	0.84	3	3	42	2	0
1158	0.82	3	3	41	3	0
1159	0.82	3	3	41	3	0
1160	0.82	3	3	41	3	0
1161	0.82	3	3	41	3	0
1162	0.80	4	3	40	3	0
1163	0.80	4	3	40	3	0
1164	0.80	4	3	40	3	0
1165	0.80	4	3	40	3	0
1166	0.80	4	3	40	3	0
1167	0.80	4	3	40	3	0
1168	0.82	4	2	41	3	0
1169	0.82	4	2	41	3	0
1170	0.82	4	2	41	3	0
1171	0.82	4	2	41	3	0
1172	0.84	3	2	42	3	0
1173	0.84	3	2	42	3	0
1174	0.84	3	2	42	3	0
1175	0.84	3	2	42	3	0
1176	0.82	3	2	41	4	0
1177	0.82	3	2	41	4	0
1178	0.80	4	2	40	4	0
1179	0.80	4	2	40	4	0
1180	0.78	4	3	39	4	0
1181	0.78	4	3	39	4	0
1182	0.78	4	3	39	4	0
1183	0.78	4	3	39	4	0
1184	0.78	4	3	39	4	0
1185	0.80	3	3	40	4	0
1186	0.80	3	2	40	5	0
1187	0.80	3	2	40	5	0
1188	0.80	3	2	40	5	0
1189	0.80	3	2	40	5	0
1190	0.80	3	2	40	5	0
1191	0.80	3	2	40	5	0
1192	0.80	3	2	40	5	0
1193	0.80	3	2	40	5	0
1194	0.80	3	2	40	5	0
1195	0.80	3	2	40	5	0
1196	0.80	3	2	40	5	0
1197	0.80	3	2	40	5	0
1198	0.80	3	2	40	5	0
1199	0.82	3	1	41	5	0
1200	0.82	3	1	41	5	0
1201	0.84	2	1	42	5	0
1202	0.84	2	1	42	5	0
1203	0.84	2	1	42	5	0
1204	0.82	2	2	41	5	0
1205	0.82	2	2	41	5	0
1206	0.84	2	2	42	4	0
1207	0.84	2	2	42	4	0
1208	0.86	2	2	43	3	0
1209	0.84	2	3	42	3	0
1210	0.82	2	4	41	3	0
1211	0.82	2	4	41	3	0
1212	0.84	1	4	42	3	0
1213	0.84	1	4	42	3	0
1214	0.84	1	4	42	3	0
1215	0.84	1	4	42	3	0
1216	0.84	1	4	42	3	0
1217	0.84	1	4	42	3	0
1218	0.84	1	4	42	3	0
1219	0.84	1	4	42	3	0
1220	0.84	1	4	42	3	0
1221	0.84	1	4	42	3	0
1222	0.84	1	4	42	3	0
1223	0.84	1	4	42	3	0
1224	0.84	1	4	42	3	0
1225	0.84	1	4	42	3	0
1226	0.86	1	4	43	2	0
1227	0.86	1	4	43	2	0
1228	0.88	0	4	44	2	0
1229	0.88	0	4	44	2	0
1230	0.88	0	3	44	2	1
1231	0.88	0	3	44	2	1
1232	0.88	0	3	44	2	1
1233	0.88	0	3	44	2	1
1234	0.88	0	3	44	2	1
1235	0.88	0	3	44	2	1
1236	0.90	0	3	45	1	1
1237	0.90	0	3	45	1	1
1238	0.88	0	3	44	1	2
1239	0.86	0	4	43	1	2
1240	0.86	0	4	43	1	2
1241	0.86	0	4	43	1	2
1242	0.86	0	4	43	1	2
1243	0.86	0	4	43	1	2
1244	0.88	0	4	44	0	2
1245	0.86	0	5	43	0	2
1246	0.86	0	5	43	0	2
1247	0.86	0	5	43	0	2
1248	0.86	0	5	43	0	2
1249	0.86	0	5	43	0	2
1250	0.86	0	5	43	0	2
1251	0.86	0	5	43	0	2
1252	0.86	0	5	43	0	2
1253	0.86	0	5	43	0	2
1254	0.88	0	4	44	0	2
1255	0.88	0	4	44	0	2
1256	0.86	0	4	43	1	2
1257	0.86	0	4	43	1	2
1258	0.86	0	4	43	1	2
1259	0.88	0	3	44	1	2
1260	0.88	1	2	44	1	2
1261	0.88	1	2	44	1	2
1262	0.88	1	2	44	1	2
1263	0.88	1	2	44	1	2
1264	0.88	1	2	44	1	2
1265	0.88	1	2	44	1	2
1266	0.88	1	2	44	1	2
1267	0.88	1	2	44	1	2
1268	0.86	1	2	43	1	3
1269	0.86	1	2	43	1	3
1270	0.86	1	2	43	1	3
1271	0.86	1	2	43	1	3
1272	0.86	1	2	43	1	3
1273	0.84	1	2	42	1	4
1274	0.84	1	2	42	1	4
1275	0.84	1	2	42	1	4
1276	0.84	1	2	42	1	4
1277	0.84	1	2	42	1	4
1278	0.82	1	2	41	2	4
1279	0.82	1	2	41	2	4
1280	0.84	1	2	42	2	3
1281	0.84	1	2	42	2	3
1282	0.84	1	2	42	2	3
1283	0.84	1	2	42	2	3
1284	0.84	1	2	42	2	3
1285	0.84	1	2	42	2	3
1286	0.84	1	2	42	2	3
1287	0.84	1	2	42	2	3
1288	0.86	1	2	43	2	2
1289	0.86	1	1	43	3	2
1290	0.84	1	2	42	3	2
1291	0.84	1	2	42	3	2
1292	0.84	1	2	42	3	2
1293	0.82	2	2	41	3	2
1294	0.82	2	2	41	3	2
1295	0.84	2	1	42	3	2
1296	0.84	2	1	42	3	2
1297	0.84	2	1	42	3	2
1298	0.84	2	1	42	3	2
1299	0.82	2	1	41	4	2
1300	0.82	2	1	41	4	2
1301	0.82	2	1	41	4	2
1302	0.82	2	1	41	4	2
1303	0.82	2	1	41	4	2
1304	0.82	2	1	41	4	2
1305	0.82	2	1	41	4	2
1306	0.84	2	1	42	3	2
1307	0.84	2	1	42	3	2
1308	0.84	2	1	42	3	2
1309	0.82	2	1	41	3	3
1310	0.84	1	1	42	3	3
1311	0.84	1	1	42	3	3
1312	0.84	1	1	42	3	3
1313	0.84	1	1	42	3	3
1314	0.84	1	1	42	3	3
1315	0.84	1	1	42	3	3
1316	0.84	1	1	42	3	3
1317	0.84	1	1	42	3	3
1318	0.84	1	1	42	4	2
1319	0.84	1	1	42	4	2
1320	0.84	1	1	42	4	2
1321	0.82	2	1	41	4	2
1322	0.80	3	1	40	4	2
1323	0.82	3	1	41	4	1
1324	0.82	3	1	41	4	1
1325	0.80	3	1	40	5	1
1326	0.80	3	1	40	5	1
1327	0.80	3	1	40	5	1
1328	0.82	3	1	41	4	1
1329	0.82	3	1	41	4	1
1330	0.82	3	1	41	4	1
1331	0.82	3	1	41	4	1
1332	0.80	4	1	40	4	1
1333	0.80	4	1	40	4	1
1334	0.80	4	1	40	4	1
1335	0.80	4	1	40	4	1
1336	0.78	4	1	39	5	1
1337	0.76	4	1	38	6	1
1338	0.76	4	1	38	6	1
1339	0.78	4	1	39	5	1
1340	0.80	4	0	40	5	1
1341	0.80	4	0	40	5	1
1342	0.80	4	0	40	5	1
1343	0.80	3	0	40	5	2
1344	0.80	3	0	40	5	2
1345	0.80	3	0	40	5	2
1346	0.80	3	0	40	5	2
1347	0.80	3	0	40	5	2
1348	0.80	3	0	40	5	2
1349	0.80	4	0	40	4	2
1350	0.80	4	0	40	4	2
1351	0.78	4	0	39	4	3
1352	0.76	4	0	38	5	3
1353	0.74	4	0	37	5	4
1354	0.74	4	0	37	5	4
1355	0.74	4	0	37	5	4
1356	0.74	4	0	37	5	4
1357	0.74	4	0	37	5	4
1358	0.74	4	0	37	5	4
1359	0.76	4	0	38	5	3
1360	0.76	4	0	38	5	3
1361	0.76	4	0	38	5	3
1362	0.76	4	0	38	5	3
1363	0.74	4	0	37	5	4
1364	0.72	5	0	36	5	4
1365	0.72	5	0	36	5	4
1366	0.72	5	0	36	5	4
1367	0.72	5	0	36	5	4
1368	0.74	5	0	37	4	4
1369	0.72	5	1	36	4	4
1370	0.72	5	1	36	4	4
1371	0.74	4	1	37	4	4
1372	0.76	3	1	38	4	4
1373	0.76	3	1	38	4	4
1374	0.74	4	1	37	4	4
1375	0.76	4	1	38	3	4
1376	0.76	4	1	38	3	4
1377	0.76	4	1	38	3	4
1378	0.76	4	1	38	3	4
1379	0.74	5	1	37	3	4
1380	0.74	5	1	37	3	4
1381	0.74	5	1	37	3	4
1382	0.76	4	1	38	3	4
1383	0.76	4	1	38	3	4
1384	0.76	4	1	38	3	4
1385	0.76	4	1	38	3	4
1386	0.76	5	1	38	2	4
1387	0.78	5	1	39	1	4
1388	0.78	5	1	39	1	4
1389	0.78	5	1	39	1	4
1390	0.78	5	1	39	1	4
1391	0.78	5	1	39	1	4
1392	0.78	5	1	39	1	4
1393	0.80	5	1	40	1	3
1394	0.80	5	1	40	1	3
1395	0.80	5	1	40	1	3
1396	0.80	5	1	40	1	3
1397	0.80	5	1	40	1	3
1398	0.80	5	1	40	1	3
1399	0.82	4	1	41	1	3
1400	0.82	4	1	41	1	3
1401	0.84	4	1	42	1	2
1402	0.86	4	1	43	0	2
1403	0.88	4	1	44	0	1
1404	0.88	4	1	44	0	1
1405	0.88	4	1	44	0	1
1406	0.88	4	1	44	0	1
1407	0.88	4	1	44	0	1
1408	0.88	4	1	44	0	1
1409	0.88	4	1	44	0	1
1410	0.88	4	1	44	0	1
1411	0.86	4	2	43	0	1
1412	0.84	5	2	42	0	1
1413	0.84	5	3	42	0	0
1414	0.86	4	3	43	0	0
1415	0.86	4	3	43	0	0
1416	0.86	4	3	43	0	0
1417	0.86	4	3	43	0	0
1418	0.86	4	3	43	0	0
1419	0.88	4	2	44	0	0
1420	0.86	5	2	43	0	0
1421	0.86	5	2	43	0	0
1422	0.86	5	2	43	0	0
1423	0.86	5	2	43	0	0
1424	0.88	4	2	44	0	0
1425	0.86	4	2	43	1	0
1426	0.86	4	2	43	1	0
1427	0.86	4	2	43	1	0
1428	0.86	4	2	43	1	0
1429	0.88	3	2	44	1	0
1430	0.86	3	2	43	2	0
1431	0.86	3	2	43	2	0
1432	0.86	3	2	43	2	0
1433	0.86	3	2	43	2	0
1434	0.86	3	2	43	2	0
1435	0.86	3	2	43	2	0
1436	0.88	2	2	44	2	0
1437	0.86	2	3	43	2	0
1438	0.86	2	3	43	2	0
1439	0.86	2	3	43	2	0
1440	0.84	2	3	42	3	0
1441	0.84	2	3	42	3	0
1442	0.84	2	3	42	3	0
1443	0.84	2	3	42	3	0
1444	0.84	2	3	42	3	0
1445	0.84	2	3	42	3	0
1446	0.84	2	3	42	3	0
1447	0.82	2	3	41	4	0
1448	0.82	2	3	41	4	0
1449	0.82	2	3	41	4	0
1450	0.82	2	3	41	4	0
1451	0.82	2	3	41	4	0
1452	0.82	2	3	41	4	0
1453	0.82	2	3	41	4	0
1454	0.82	2	3	41	4	0
1455	0.80	3	3	40	4	0
1456	0.80	3	3	40	4	0
1457	0.80	3	3	40	4	0
1458	0.80	3	3	40	4	0
1459	0.78	3	3	39	4	1
1460	0.78	3	3	39	4	1
1461	0.80	3	2	40	4	1
1462	0.82	2	2	41	4	1
1463	0.84	2	1	42	4	1
1464	0.84	2	1	42	4	1
1465	0.84	2	1	42	4	1
1466	0.84	2	1	42	4	1
1467	0.82	2	1	41	5	1
1468	0.82	2	1	41	5	1
1469	0.82	2	1	41	5	1
1470	0.84	1	1	42	5	1
1471	0.84	1	1	42	5	1
1472	0.84	1	1	42	5	1
1473	0.84	1	1	42	5	1
1474	0.84	1	1	42	5	1
1475	0.86	1	1	43	4	1
1476	0.86	1	1	43	4	1
1477	0.86	1	1	43	4	1
1478	0.86	1	1	43	4	1
1479	0.86	1	1	43	4	1
1480	0.88	1	1	44	3	1
1481	0.88	1	1	44	3	1
1482	0.88	1	1	44	3	1
1483	0.88	1	1	44	3	1
1484	0.88	1	1	44	3	1
1485	0.88	1	1	44	3	1
1486	0.88	1	1	44	3	1
1487	0.90	1	0	45	3	1
1488	0.90	1	0	45	3	1
1489	0.90	1	0	45	3	1
1490	0.92	1	0	46	2	1
1491	0.92	1	0	46	2	1
1492	0.92	1	0	46	2	1
1493	0.92	1	0	46	2	1
1494	0.92	1	0	46	2	1
1495	0.92	1	0	46	2	1
1496	0.92	1	0	46	2	1
1497	0.94	1	0	47	1	1
1498	0.92	1	0	46	2	1
1499	0.92	1	0	46	2	1
1500	0.06	1	0	45	3	1
1501	0.08	1	0	44	4	1
1502	0.08	1	0	44	4	1
1503	0.08	1	0	43	4	2
1504	0.08	1	0	43	4	2
1505	0.08	0	0	44	4	2
1506	0.08	0	0	44	4	2
1507	0.08	0	0	44	4	2
1508	0.08	0	0	44	4	2
1509	0.08	0	0	45	4	1
1510	0.08	0	0	45	4	1
1511	0.10	0	0	44	5	1
1512	0.12	0	0	43	6	1
1513	0.14	0	0	42	7	1
1514	0.14	1	0	41	7	1
1515	0.16	1	0	40	8	1
1516	0.16	1	0	40	8	1
1517	0.14	1	0	40	7	2
1518	0.14	1	0	40	7	2
1519	0.14	1	0	40	7	2
1520	0.14	1	0	40	7	2
1521	0.14	1	0	40	7	2
1522	0.16	1	0	39	8	2
1523	0.18	1	0	38	9	2
1524	0.20	1	0	37	10	2
1525	0.20	1	0	37	10	2
1526	0.20	1	1	36	10	2
1527	0.20	1	1	35	10	3
1528	0.20	1	1	35	10	3
1529	0.20	1	1	35	10	3
1530	0.20	1	1	35	10	3
1531	0.20	1	1	35	10	3
1532	0.22	1	1	34	11	3
1533	0.22	1	1	33	11	4
1534	0.24	1	1	32	12	4
1535	0.26	1	1	31	13	4
1536	0.28	1	1	30	14	4
1537	0.30	1	1	29	15	4
1538	0.32	1	1	28	16	4
1539	0.34	1	1	27	17	4
1540	0.34	1	1	27	17	4
1541	0.36	1	1	26	18	4
1542	0.38	1	1	25	19	4
1543	0.40	1	1	24	20	4
1544	0.42	1	1	23	21	4
1545	0.44	1	1	22	22	4
1546	0.46	1	1	21	23	4
1547	0.48	1	1	20	24	4
1548	0.48	1	1	20	24	4
1549	0.48	1	2	19	24	4
1550	0.46	1	2	20	23	4
1551	0.44	1	2	20	22	5
1552	0.46	1	2	19	23	5
1553	0.46	2	2	19	23	4
1554	0.48	2	2	18	24	4
1555	0.50	2	2	17	25	4
1556	0.52	2	2	16	26	4
1557	0.52	3	2	15	26	4
1558	0.54	3	2	14	27	4
1559	0.56	3	2	13	28	4
1560	0.58	3	2	12	29	4
1561	0.58	3	2	12	29	4
1562	0.58	3	2	12	29	4
1563	0.58	3	2	12	29	4
1564	0.60	2	2	12	30	4
1565	0.60	2	2	12	30	4
1566	0.62	2	2	11	31	4
1567	0.64	2	2	11	32	3
1568	0.66	2	2	10	33	3
1569	0.68	2	2	9	34	3
1570	0.70	2	2	8	35	3
1571	0.72	2	2	7	36	3
1572	0.72	2	2	7	36	3
1573	0.72	2	2	7	36	3
1574	0.72	2	2	7	36	3
1575	0.72	2	3	6	36	3
1576	0.74	2	2	6	37	3
1577	0.76	2	2	6	38	2
1578	0.78	2	2	5	39	2
1579	0.80	2	2	4	40	2
1580	0.80	2	3	3	40	2
1581	0.82	2	3	2	41	2
1582	0.82	2	3	2	41	2
1583	0.84	2	3	2	42	1
1584	0.84	2	3	2	42	1
1585	0.82	2	4	2	41	1
1586	0.80	2	4	2	40	2
1587	0.80	2	4	2	40	2
1588	0.78	2	4	3	39	2
1589	0.78	2	4	3	39	2
1590	0.80	2	4	2	40	2
1591	0.80	2	4	2	40	2
1592	0.78	3	4	2	39	2
1593	0.78	3	4	2	39	2
1594	0.76	3	5	2	38	2
1595	0.76	3	5	2	38	2
1596	0.76	3	5	2	38	2
1597	0.74	4	5	2	37	2
1598	0.74	4	5	2	37	2
1599	0.74	4	4	3	37	2
1600	0.76	4	4	2	38	2
1601	0.78	4	4	2	39	1
1602	0.78	4	4	2	39	1
1603	0.80	3	4	2	40	1
1604	0.80	3	4	2	40	1
1605	0.78	3	5	2	39	1
1606	0.78	3	5	2	39	1
1607	0.80	2	5	2	40	1
1608	0.78	2	6	2	39	1
1609	0.78	2	6	2	39	1
1610	0.78	2	6	2	39	1
1611	0.78	2	6	2	39	1
1612	0.76	2	6	3	38	1
1613	0.76	2	6	3	38	1
1614	0.76	2	6	3	38	1
1615	0.76	2	6	3	38	1
1616	0.76	2	6	3	38	1
1617	0.76	2	6	3	38	1
1618	0.76	2	6	3	38	1
1619	0.76	2	6	3	38	1
1620	0.76	2	6	3	38	1
1621	0.76	2	6	3	38	1
1622	0.76	2	6	3	38	1
1623	0.76	2	6	3	38	1
1624	0.76	2	6	3	38	1
1625	0.78	2	5	3	39	1
1626	0.78	2	5	3	39	1
1627	0.78	2	5	3	39	1
1628	0.78	2	5	3	39	1
1629	0.76	2	6	3	38	1
1630	0.78	2	5	3	39	1
1631	0.78	2	5	3	39	1
1632	0.78	2	5	3	39	1
1633	0.78	2	5	3	39	1
1634	0.78	2	5	3	39	1
1635	0.80	2	4	3	40	1
1636	0.82	2	4	3	41	0
1637	0.82	2	4	3	41	0
1638	0.84	2	4	2	42	0
1639	0.84	2	4	2	42	0
1640	0.84	2	4	2	42	0
1641	0.84	2	4	2	42	0
1642	0.86	1	4	2	43	0
1643	0.84	1	5	2	42	0
1644	0.86	1	4	2	43	0
1645	0.86	1	4	2	43	0
1646	0.86	1	4	2	43	0
1647	0.88	0	4	2	44	0
1648	0.88	0	4	2	44	0
1649	0.90	0	4	1	45	0
1650	0.90	0	4	1	45	0
1651	0.90	0	4	1	45	0
1652	0.88	0	4	2	44	0
1653	0.88	0	4	2	44	0
1654	0.88	0	4	2	44	0
1655	0.90	0	3	2	45	0
1656	0.90	0	3	2	45	0
1657	0.90	0	3	2	45	0
1658	0.92	0	2	2	46	0
1659	0.92	0	2	2	46	0
1660	0.92	0	2	2	46	0
1661	0.92	0	2	2	46	0
1662	0.94	0	2	1	47	0
1663	0.94	0	2	1	47	0
1664	0.94	0	2	1	47	0
1665	0.94	0	2	1	47	0
1666	0.94	0	2	1	47	0
1667	0.94	0	2	1	47	0
1668	0.94	0	2	1	47	0
1669	0.92	0	2	2	46	0
1670	0.92	0	2	2	46	0
1671	0.92	0	2	2	46	0
1672	0.92	0	2	2	46	0
1673	0.92	0	2	2	46	0
1674	0.92	0	2	2	46	0
1675	0.92	0	2	2	46	0
1676	0.92	0	2	2	46	0
1677	0.92	0	2	2	46	0
1678	0.92	0	2	2	46	0
1679	0.94	0	1	2	47	0
1680	0.94	0	1	2	47	0
1681	0.94	0	1	2	47	0
1682	0.94	0	1	2	47	0
1683	0.94	0	1	2	47	0
1684	0.92	0	1	3	46	0
1685	0.92	0	1	3	46	0
1686	0.90	0	1	4	45	0
1687	0.90	0	1	4	45	0
1688	0.90	0	1	4	45	0
1689	0.90	0	1	4	45	0
1690	0.90	0	1	4	45	0
1691	0.90	0	1	4	45	0
1692	0.90	0	1	4	45	0
1693	0.92	0	0	4	46	0
1694	0.92	0	0	4	46	0
1695	0.92	0	0	4	46	0
1696	0.92	0	0	4	46	0
1697	0.92	0	0	4	46	0
1698	0.92	0	0	4	46	0
1699	0.92	0	0	4	46	0
1700	0.92	0	0	4	46	0
1701	0.92	0	0	4	46	0
1702	0.94	0	0	3	47	0
1703	0.94	0	0	3	47	0
1704	0.94	0	0	3	47	0
1705	0.94	0	0	3	47	0
1706	0.92	0	0	3	46	1
1707	0.92	0	0	3	46	1
1708	0.92	0	0	3	46	1
1709	0.92	0	0	3	46	1
1710	0.92	0	0	3	46	1
1711	0.92	0	0	3	46	1
1712	0.92	0	0	3	46	1
1713	0.92	0	0	3	46	1
1714	0.92	0	0	3	46	1
1715	0.92	0	0	3	46	1
1716	0.92	0	0	3	46	1
1717	0.92	0	0	3	46	1
1718	0.92	0	0	3	46	1
1719	0.94	0	0	2	47	1
1720	0.94	0	0	2	47	1
1721	0.94	0	0	2	47	1
1722	0.94	0	0	2	47	1
1723	0.94	0	0	2	47	1
1724	0.94	0	0	2	47	1
1725	0.94	0	0	2	47	1
1726	0.94	0	0	2	47	1
1727	0.94	0	0	2	47	1
1728	0.94	0	0	2	47	1
1729	0.94	0	0	2	47	1
1730	0.94	0	0	2	47	1
1731	0.92	1	0	2	46	1
1732	0.92	1	0	2	46	1
1733	0.92	1	0	2	46	1
1734	0.94	1	0	1	47	1
1735	0.94	1	0	1	47	1
1736	0.96	1	0	0	48	1
1737	0.96	1	0	0	48	1
1738	0.94	1	1	0	47	1
1739	0.94	1	1	0	47	1
1740	0.94	1	1	0	47	1
1741	0.94	1	1	0	47	1
1742	0.94	1	1	0	47	1
1743	0.94	1	1	0	47	1
1744	0.94	1	1	0	47	1
1745	0.94	1	1	0	47	1
1746	0.94	1	1	0	47	1
1747	0.94	1	1	0	47	1
1748	0.94	1	1	0	47	1
1749	0.94	1	1	0	47	1
1750	0.94	1	1	0	47	1
1751	0.94	1	1	0	47	1
1752	0.94	1	1	0	47	1
1753	0.94	1	1	0	47	1
1754	0.94	1	1	0	47	1
1755	0.92	1	2	0	46	1
1756	0.94	1	2	0	47	0
1757	0.94	1	2	0	47	0
1758	0.94	1	2	0	47	0
1759	0.94	1	2	0	47	0
1760	0.94	1	2	0	47	0
1761	0.94	1	2	0	47	0
1762	0.94	1	2	0	47	0
1763	0.94	1	2	0	47	0
1764	0.94	1	2	0	47	0
1765	0.94	1	2	0	47	0
1766	0.94	1	2	0	47	0
1767	0.94	1	2	0	47	0
1768	0.94	1	2	0	47	0
1769	0.94	1	2	0	47	0
1770	0.92	1	2	0	46	1
1771	0.92	1	2	0	46	1
1772	0.92	1	2	0	46	1
1773	0.92	1	2	0	46	1
1774	0.92	1	2	0	46	1
1775	0.90	2	2	0	45	1
1776	0.90	2	2	0	45	1
1777	0.88	2	2	0	44	2
1778	0.86	2	3	0	43	2
1779	0.86	2	3	0	43	2
1780	0.86	2	3	0	43	2
1781	0.88	1	3	0	44	2
1782	0.88	1	3	0	44	2
1783	0.88	1	3	0	44	2
1784	0.88	1	3	0	44	2
1785	0.88	1	3	0	44	2
1786	0.88	1	3	0	44	2
1787	0.88	1	3	0	44	2
1788	0.90	1	2	0	45	2
1789	0.90	1	2	0	45	2
1790	0.90	1	2	0	45	2
1791	0.90	1	2	0	45	2
1792	0.90	1	2	0	45	2
1793	0.90	1	2	0	45	2
1794	0.90	1	2	0	45	2
1795	0.88	2	2	0	44	2
1796	0.88	2	2	0	44	2
1797	0.88	2	2	0	44	2
1798	0.88	2	2	0	44	2
1799	0.88	2	2	0	44	2
1800	0.88	2	2	0	44	2
1801	0.88	2	2	0	44	2
1802	0.88	2	2	0	44	2
1803	0.88	2	2	0	44	2
1804	0.88	2	2	0	44	2
1805	0.88	3	1	0	44	2
1806	0.88	3	1	0	44	2
1807	0.88	3	1	0	44	2
1808	0.86	3	2	0	43	2
1809	0.84	3	2	0	42	3
1810	0.82	3	3	0	41	3
1811	0.82	3	3	0	41	3
1812	0.82	3	3	0	41	3
1813	0.82	3	3	0	41	3
1814	0.82	3	3	0	41	3
1815	0.82	3	3	0	41	3
1816	0.82	3	3	0	41	3
1817	0.80	3	3	0	40	4
1818	0.80	3	3	0	40	4
1819	0.78	3	3	1	39	4
1820	0.80	3	3	1	40	3
1821	0.80	3	3	1	40	3
1822	0.80	3	3	1	40	3
1823	0.78	3	3	1	39	4
1824	0.78	3	3	1	39	4
1825	0.80	2	3	1	40	4
1826	0.80	2	3	1	40	4
1827	0.82	2	3	1	41	3
1828	0.84	2	2	1	42	3
1829	0.84	2	2	1	42	3
1830	0.82	2	2	2	41	3
1831	0.80	2	2	2	40	4
1832	0.80	2	2	2	40	4
1833	0.80	2	2	2	40	4
1834	0.80	2	2	2	40	4
1835	0.80	2	2	2	40	4
1836	0.80	2	2	2	40	4
1837	0.80	2	2	2	40	4
1838	0.78	2	3	2	39	4
1839	0.78	2	3	2	39	4
1840	0.78	2	3	2	39	4
1841	0.78	2	3	2	39	4
1842	0.78	2	3	2	39	4
1843	0.78	2	3	2	39	4
1844	0.78	2	3	2	39	4
1845	0.80	1	3	2	40	4
1846	0.80	1	3	2	40	4
1847	0.80	1	3	2	40	4
1848	0.78	1	3	3	39	4
1849	0.78	1	3	3	39	4
1850	0.76	1	3	3	38	5
1851	0.74	1	3	3	37	6
1852	0.74	1	3	3	37	6
1853	0.74	1	3	3	37	6
1854	0.74	1	3	3	37	6
1855	0.76	0	3	3	38	6
1856	0.76	0	3	3	38	6
1857	0.76	0	3	3	38	6
1858	0.78	0	2	3	39	6
1859	0.80	0	2	3	40	5
1860	0.82	0	1	3	41	5
1861	0.82	0	1	3	41	5
1862	0.82	0	1	3	41	5
1863	0.82	0	1	3	41	5
1864	0.80	1	1	3	40	5
1865	0.80	1	1	3	40	5
1866	0.80	1	1	3	40	5
1867	0.82	1	1	3	41	4
1868	0.82	1	1	3	41	4
1869	0.84	1	1	2	42	4
1870	0.84	1	1	2	42	4
1871	0.84	1	1	2	42	4
1872	0.84	1	1	2	42	4
1873	0.86	1	1	2	43	3
1874	0.86	1	1	2	43	3
1875	0.86	1	1	2	43	3
1876	0.86	1	1	2	43	3
1877	0.86	1	1	2	43	3
1878	0.86	1	1	2	43	3
1879	0.86	1	1	2	43	3
1880	0.86	1	2	1	43	3
1881	0.88	1	2	1	44	2
1882	0.88	1	2	1	44	2
1883	0.88	1	2	1	44	2
1884	0.88	1	2	1	44	2
1885	0.88	1	2	1	44	2
1886	0.86	1	2	1	43	3
1887	0.86	1	2	1	43	3
1888	0.88	1	1	1	44	3
1889	0.88	1	1	1	44	3
1890	0.88	1	1	1	44	3
1891	0.88	1	1	1	44	3
1892	0.88	1	1	1	44	3
1893	0.88	1	1	1	44	3
1894	0.88	1	1	1	44	3
1895	0.88	1	1	1	44	3
1896	0.88	1	1	1	44	3
1897	0.88	1	1	1	44	3
1898	0.90	1	1	0	45	3
1899	0.90	1	1	0	45	3
1900	0.92	1	1	0	46	2
1901	0.94	1	1	0	47	1
1902	0.94	1	1	0	47	1
1903	0.92	1	1	0	46	2
1904	0.92	1	1	0	46	2
1905	0.92	1	1	0	46	2
1906	0.92	1	1	0	46	2
1907	0.92	1	1	0	46	2
1908	0.90	1	1	0	45	3
1909	0.90	1	1	0	45	3
1910	0.88	1	1	0	44	4
1911	0.88	1	1	0	44	4
1912	0.88	1	1	0	44	4
1913	0.88	1	1	0	44	4
1914	0.90	0	1	0	45	4
1915	0.90	0	1	0	45	4
1916	0.90	0	1	0	45	4
1917	0.90	0	1	0	45	4
1918	0.88	0	1	1	44	4
1919	0.88	0	1	1	44	4
1920	0.86	0	1	2	43	4
1921	0.86	0	1	2	43	4
1922	0.84	0	1	2	42	5
1923	0.84	0	1	2	42	5
1924	0.84	0	1	2	42	5
1925	0.84	0	1	2	42	5
1926	0.84	0	1	2	42	5
1927	0.82	0	1	2	41	6
1928	0.82	0	1	2	41	6
1929	0.82	0	1	2	41	6
1930	0.84	0	0	2	42	6
1931	0.84	0	0	2	42	6
1932	0.84	0	0	2	42	6
1933	0.84	0	0	2	42	6
1934	0.84	0	0	2	42	6
1935	0.84	0	0	2	42	6
1936	0.84	1	0	2	42	5
1937	0.82	1	0	3	41	5
1938	0.82	1	0	3	41	5
1939	0.80	1	0	4	40	5
1940	0.78	1	0	5	39	5
1941	0.78	1	0	5	39	5
1942	0.78	1	0	5	39	5
1943	0.78	1	0	5	39	5
1944	0.78	1	0	5	39	5
1945	0.78	1	0	5	39	5
1946	0.78	1	0	5	39	5
1947	0.78	1	0	5	39	5
1948	0.78	1	0	5	39	5
1949	0.76	2	0	5	38	5
1950	0.76	2	0	5	38	5
1951	0.76	2	0	5	38	5
1952	0.74	2	0	5	37	6
1953	0.76	2	0	5	38	5
1954	0.76	2	0	5	38	5
1955	0.76	2	0	5	38	5
1956	0.76	2	0	5	38	5
1957	0.76	2	0	5	38	5
1958	0.78	2	0	5	39	4
1959	0.78	2	0	5	39	4
1960	0.78	3	0	5	39	3
1961	0.78	3	0	5	39	3
1962	0.78	3	0	5	39	3
1963	0.78	3	0	5	39	3
1964	0.76	3	0	6	38	3
1965	0.76	3	0	6	38	3
1966	0.76	3	0	6	38	3
1967	0.76	3	0	6	38	3
1968	0.78	3	0	5	39	3
1969	0.76	4	0	5	38	3
1970	0.76	4	0	5	38	3
1971	0.76	4	0	5	38	3
1972	0.78	4	0	5	39	2
1973	0.78	4	0	5	39	2
1974	0.78	4	0	5	39	2
1975	0.78	4	0	5	39	2
1976	0.78	4	0	5	39	2
1977	0.78	5	0	5	39	1
1978	0.78	5	0	5	39	1
1979	0.78	5	0	5	39	1
1980	0.78	5	0	5	39	1
1981	0.78	5	0	5	39	1
1982	0.76	5	0	6	38	1
1983	0.76	5	0	6	38	1
1984	0.76	5	0	6	38	1
1985	0.76	5	0	6	38	1
1986	0.78	4	0	6	39	1
1987	0.80	4	0	5	40	1
1988	0.80	4	0	5	40	1
1989	0.82	4	0	4	41	1
1990	0.84	4	0	3	42	1
1991	0.84	4	0	3	42	1
1992	0.84	4	0	3	42	1
1993	0.84	4	0	3	42	1
1994	0.82	5	0	3	41	1
1995	0.82	5	0	3	41	1
1996	0.80	5	0	3	40	2
1997	0.80	5	0	3	40	2
1998	0.80	5	0	3	40	2
1999	0.80	5	0	3	40	2
2000	0.04	5	0	3	40	2
2001	0.04	5	0	3	40	2
2002	0.02	6	0	3	40	1
2003	0.02	6	0	3	40	1
2004	0.04	6	0	3	39	2
2005	0.04	6	0	4	38	2
2006	0.04	6	0	5	37	2
2007	0.04	7	0	5	36	2
2008	0.04	7	0	5	36	2
2009	0.06	7	0	5	35	3
2010	0.08	6	0	5	35	4
2011	0.08	6	0	5	35	4
2012	0.10	6	0	5	34	5
2013	0.10	6	0	5	34	5
2014	0.12	6	0	4	34	6
2015	0.12	6	1	4	33	6
2016	0.12	6	1	4	33	6
2017	0.12	6	1	4	33	6
2018	0.12	6	1	4	33	6
2019	0.12	6	1	4	33	6
2020	0.12	7	1	3	33	6
2021	0.14	7	1	3	32	7
2022	0.16	7	1	3	31	8
2023	0.18	7	1	3	30	9
2024	0.20	7	1	3	29	10
2025	0.20	8	1	3	28	10
2026	0.22	8	1	3	27	11
2027	0.24	7	1	3	27	12
2028	0.26	7	1	3	26	13
2029	0.26	7	2	3	25	13
2030	0.26	7	2	3	25	13
2031	0.26	7	2	3	25	13
2032	0.28	7	2	2	25	14
2033	0.28	7	2	2	25	14
2034	0.30	7	2	2	24	15
2035	0.30	7	3	2	23	15
2036	0.30	7	3	2	23	15
2037	0.30	7	3	2	23	15
2038	0.30	8	3	2	22	15
2039	0.30	8	3	2	22	15
2040	0.30	8	3	3	21	15
2041	0.32	8	3	3	20	16
2042	0.34	8	3	3	19	17
2043	0.34	8	3	3	19	17
2044	0.36	7	3	3	19	18
2045	0.38	7	3	3	18	19
2046	0.38	7	3	3	18	19
2047	0.40	7	3	3	17	20
2048	0.42	7	3	3	16	21
2049	0.44	6	3	3	16	22
2050	0.46	6	3	3	15	23
2051	0.48	6	3	3	14	24
2052	0.48	5	3	3	15	24
2053	0.50	5	3	3	14	25
2054	0.50	5	3	3	14	25
2055	0.50	5	3	3	14	25
2056	0.50	6	3	2	14	25
2057	0.50	5	3	2	15	25
2058	0.52	5	3	2	14	26
2059	0.52	5	3	2	14	26
2060	0.52	5	3	2	14	26
2061	0.52	5	3	2	14	26
2062	0.50	5	3	3	14	25
2063	0.52	5	3	3	13	26
2064	0.50	5	4	3	13	25
2065	0.52	5	3	3	13	26
2066	0.54	5	3	3	12	27
2067	0.56	5	3	3	11	28
2068	0.58	5	3	3	10	29
2069	0.60	4	3	3	10	30
2070	0.62	3	3	3	10	31
2071	0.62	3	3	3	10	31
2072	0.62	3	3	3	10	31
2073	0.62	3	3	3	10	31
2074	0.62	3	3	3	10	31
2075	0.64	2	3	3	10	32
2076	0.64	2	3	3	10	32
2077	0.64	2	3	3	10	32
2078	0.64	2	3	3	10	32
2079	0.66	2	2	3	10	33
2080	0.68	2	2	3	9	34
2081	0.70	2	2	3	8	35
2082	0.70	2	2	3	8	35
2083	0.72	2	2	3	7	36
2084	0.72	2	2	3	7	36
2085	0.74	2	1	3	7	37
2086	0.76	2	1	3	6	38
2087	0.78	2	1	3	5	39
2088	0.78	1	1	3	6	39
2089	0.80	1	1	3	5	40
2090	0.80	1	1	3	5	40
2091	0.78	2	1	3	5	39
2092	0.78	2	1	3	5	39
2093	0.80	2	1	3	4	40
2094	0.80	2	1	3	4	40
2095	0.80	2	1	3	4	40
2096	0.80	2	1	3	4	40
2097	0.80	2	1	3	4	40
2098	0.80	2	1	3	4	40
2099	0.80	2	1	3	4	40
2100	0.80	2	1	3	4	40
2101	0.80	2	1	3	4	40
2102	0.82	2	1	3	3	41
2103	0.82	2	1	3	3	41
2104	0.82	2	1	3	3	41
2105	0.84	2	1	2	3	42
2106	0.84	1	1	2	4	42
2107	0.86	1	1	2	3	43
2108	0.86	1	1	2	3	43
2109	0.86	1	1	2	3	43
2110	0.86	1	1	2	3	43
2111	0.88	1	1	2	2	44
2112	0.90	1	1	1	2	45
2113	0.90	1	1	1	2	45
2114	0.92	1	0	1	2	46
2115	0.92	1	0	1	2	46
2116	0.92	1	0	1	2	46
2117	0.92	1	0	1	2	46
2118	0.92	1	0	1	2	46
2119	0.92	1	0	1	2	46
2120	0.90	1	1	1	2	45
2121	0.90	1	1	1	2	45
2122	0.90	1	1	1	2	45
2123	0.90	1	1	1	2	45
2124	0.90	1	1	1	2	45
2125	0.90	1	1	1	2	45
2126	0.90	1	1	1	2	45
2127	0.90	1	1	1	2	45
2128	0.90	1	1	1	2	45
2129	0.90	1	1	1	2	45
2130	0.90	1	1	1	2	45
2131	0.90	1	1	1	2	45
2132	0.90	1	1	1	2	45
2133	0.90	1	1	1	2	45
2134	0.90	1	1	1	2	45
2135	0.90	1	1	1	2	45
2136	0.90	1	1	1	2	45
2137	0.90	1	1	1	2	45
2138	0.92	1	1	1	1	46
2139	0.92	1	1	1	1	46
2140	0.92	1	1	0	2	46
2141	0.94	0	1	0	2	47
2142	0.94	0	1	0	2	47
2143	0.94	0	1	0	2	47
2144	0.94	0	1	0	2	47
2145	0.94	0	1	0	2	47
2146	0.94	0	1	0	2	47
2147	0.94	0	1	0	2	47
2148	0.94	0	1	0	2	47
2149	0.92	0	1	0	3	46
2150	0.92	0	1	0	3	46
2151	0.92	0	1	0	3	46
2152	0.92	0	1	0	3	46
2153	0.92	0	1	0	3	46
2154	0.92	0	1	0	3	46
2155	0.92	0	1	0	3	46
2156	0.94	0	1	0	2	47
2157	0.94	0	1	0	2	47
2158	0.94	0	1	0	2	47
2159	0.94	0	1	0	2	47
2160	0.94	0	1	0	2	47
2161	0.94	0	1	0	2	47
2162	0.94	0	1	0	2	47
2163	0.94	0	1	0	2	47
2164	0.94	0	1	0	2	47
2165	0.94	0	1	0	2	47
2166	0.94	0	1	0	2	47
2167	0.94	0	1	0	2	47
2168	0.92	0	1	1	2	46
2169	0.90	0	1	1	3	45
2170	0.90	0	0	2	3	45
2171	0.90	0	0	2	3	45
2172	0.90	0	0	2	3	45
2173	0.90	0	0	2	3	45
2174	0.90	0	0	2	3	45
2175	0.90	0	0	2	3	45
2176	0.90	0	0	2	3	45
2177	0.90	0	0	2	3	45
2178	0.90	0	0	2	3	45
2179	0.90	0	0	2	3	45
2180	0.90	0	0	2	3	45
2181	0.90	0	0	2	3	45
2182	0.90	0	0	2	3	45
2183	0.90	0	0	2	3	45
2184	0.88	0	1	2	3	44
2185	0.88	0	1	2	3	44
2186	0.88	0	1	2	3	44
2187	0.88	0	1	2	3	44
2188	0.88	0	1	2	3	44
2189	0.88	0	1	2	3	44
2190	0.90	0	1	2	2	45
2191	0.90	0	1	2	2	45
2192	0.90	0	1	2	2	45
2193	0.90	0	1	2	2	45
2194	0.90	0	1	2	2	45
2195	0.90	0	1	2	2	45
2196	0.90	0	1	2	2	45
2197	0.90	0	1	2	2	45
2198	0.90	0	1	2	2	45
2199	0.92	0	1	2	1	46
2200	0.92	0	1	2	1	46
2201	0.92	0	1	2	1	46
2202	0.92	0	1	2	1	46
2203	0.90	0	2	2	1	45
2204	0.90	0	2	2	1	45
2205	0.90	0	2	2	1	45
2206	0.90	0	2	2	1	45
2207	0.90	0	2	2	1	45
2208	0.90	0	2	2	1	45
2209	0.90	0	2	2	1	45
2210	0.90	0	2	2	1	45
2211	0.90	0	2	2	1	45
2212	0.90	0	2	2	1	45
2213	0.90	0	2	2	1	45
2214	0.90	0	2	2	1	45
2215	0.90	0	2	2	1	45
2216	0.90	0	2	2	1	45
2217	0.90	0	2	2	1	45
2218	0.90	0	3	1	1	45
2219	0.92	0	3	1	0	46
2220	0.94	0	3	0	0	47
2221	0.94	0	3	0	0	47
2222	0.94	0	3	0	0	47
2223	0.94	0	3	0	0	47
2224	0.94	0	3	0	0	47
2225	0.94	0	3	0	0	47
2226	0.92	0	3	0	1	46
2227	0.92	0	3	0	1	46
2228	0.92	0	3	0	1	46
2229	0.92	0	3	0	1	46
2230	0.92	0	3	0	1	46
2231	0.92	0	3	0	1	46
2232	0.92	0	3	0	1	46
2233	0.92	0	3	0	1	46
2234	0.92	0	2	1	1	46
2235	0.92	0	2	1	1	46
2236	0.92	0	2	1	1	46
2237	0.92	0	2	1	1	46
2238	0.92	0	2	1	1	46
2239	0.92	0	2	1	1	46
2240	0.92	0	2	1	1	46
2241	0.92	0	2	1	1	46
2242	0.92	0	2	1	1	46
2243	0.92	0	2	1	1	46
2244	0.92	0	2	1	1	46
2245	0.92	0	2	1	1	46
2246	0.92	0	2	1	1	46
2247	0.92	0	2	1	1	46
2248	0.92	0	2	1	1	46
2249	0.92	0	2	1	1	46
2250	0.92	0	2	1	1	46
2251	0.90	0	2	1	2	45
2252	0.90	0	2	1	2	45
2253	0.92	0	1	1	2	46
2254	0.92	0	1	1	2	46
2255	0.92	0	1	1	2	46
2256	0.92	0	1	1	2	46
2257	0.92	0	1	1	2	46
2258	0.92	0	1	1	2	46
2259	0.92	0	1	1	2	46
2260	0.92	0	1	1	2	46
2261	0.92	0	1	1	2	46
2262	0.92	0	1	1	2	46
2263	0.92	0	1	1	2	46
2264	0.92	0	1	1	2	46
2265	0.92	0	1	1	2	46
2266	0.90	0	2	1	2	45
2267	0.90	0	2	1	2	45
2268	0.92	0	1	1	2	46
2269	0.92	0	1	1	2	46
2270	0.90	1	1	1	2	45
2271	0.88	1	2	1	2	44
2272	0.88	1	2	1	2	44
2273	0.88	1	2	1	2	44
2274	0.88	1	2	1	2	44
2275	0.88	1	2	1	2	44
2276	0.90	1	2	1	1	45
2277	0.90	1	2	1	1	45
2278	0.90	1	2	1	1	45
2279	0.90	1	2	1	1	45
2280	0.90	1	2	1	1	45
2281	0.90	1	2	1	1	45
2282	0.90	1	2	1	1	45
2283	0.90	1	2	1	1	45
2284	0.90	2	2	0	1	45
2285	0.90	2	2	0	1	45
2286	0.90	2	2	0	1	45
2287	0.90	2	2	0	1	45
2288	0.90	2	2	0	1	45
2289	0.90	2	2	0	1	45
2290	0.90	2	2	0	1	45
2291	0.88	3	2	0	1	44
2292	0.88	3	2	0	1	44
2293	0.88	3	2	0	1	44
2294	0.88	3	2	0	1	44
2295	0.88	3	2	0	1	44
2296	0.88	3	2	0	1	44
2297	0.88	3	2	0	1	44
2298	0.86	3	2	1	1	43
2299	0.86	3	2	1	1	43
2300	0.86	3	2	1	1	43
2301	0.88	3	2	1	0	44
2302	0.88	3	2	1	0	44
2303	0.88	3	2	1	0	44
2304	0.88	3	2	1	0	44
2305	0.88	3	2	1	0	44
2306	0.88	3	2	1	0	44
2307	0.88	3	2	1	0	44
2308	0.88	3	2	1	0	44
2309	0.88	3	2	1	0	44
2310	0.88	3	2	1	0	44
2311	0.86	3	2	2	0	43
2312	0.86	3	2	2	0	43
2313	0.86	3	2	2	0	43
2314	0.86	3	2	2	0	43
2315	0.86	3	2	2	0	43
2316	0.88	3	1	2	0	44
2317	0.88	3	1	2	0	44
2318	0.86	3	1	3	0	43
2319	0.86	3	1	3	0	43
2320	0.88	2	1	3	0	44
2321	0.90	2	0	3	0	45
2322	0.90	2	0	3	0	45
2323	0.90	2	0	3	0	45
2324	0.90	2	0	3	0	45
2325	0.90	2	0	3	0	45
2326	0.90	2	0	3	0	45
2327	0.90	2	0	3	0	45
2328	0.90	2	0	3	0	45
2329	0.90	2	0	3	0	45
2330	0.90	2	0	3	0	45
2331	0.88	3	0	3	0	44
2332	0.88	3	0	3	0	44
2333	0.88	3	0	3	0	44
2334	0.90	2	0	3	0	45
2335	0.90	2	0	3	0	45
2336	0.90	2	0	3	0	45
2337	0.90	2	0	3	0	45
2338	0.90	2	0	3	0	45
2339	0.90	2	0	3	0	45
2340	0.88	2	0	3	1	44
2341	0.90	1	0	3	1	45
2342	0.90	1	0	3	1	45
2343	0.90	1	0	3	1	45
2344	0.90	1	0	3	1	45
2345	0.90	1	0	3	1	45
2346	0.90	1	0	3	1	45
2347	0.90	1	0	3	1	45
2348	0.92	1	0	2	1	46
2349	0.92	1	0	2	1	46
2350	0.92	1	0	2	1	46
2351	0.92	1	0	2	1	46
2352	0.92	1	0	2	1	46
2353	0.92	1	0	2	1	46
2354	0.92	1	0	2	1	46
2355	0.92	1	0	2	1	46
2356	0.92	1	0	2	1	46
2357	0.92	1	0	2	1	46
2358	0.92	1	0	2	1	46
2359	0.92	1	0	2	1	46
2360	0.92	1	0	2	1	46
2361	0.94	1	0	1	1	47
2362	0.94	1	0	1	1	47
2363	0.94	1	0	1	1	47
2364	0.94	1	0	1	1	47
2365	0.94	1	0	1	1	47
2366	0.94	1	0	1	1	47
2367	0.94	1	0	1	1	47
2368	0.96	1	0	0	1	48
2369	0.96	1	0	0	1	48
2370	0.96	1	0	0	1	48
2371	0.94	1	1	0	1	47
2372	0.94	1	1	0	1	47
2373	0.94	1	1	0	1	47
2374	0.94	1	1	0	1	47
2375	0.94	1	1	0	1	47
2376	0.94	1	1	0	1	47
2377	0.94	1	1	0	1	47
2378	0.94	1	1	0	1	47
2379	0.94	1	1	0	1	47
2380	0.94	1	1	0	1	47
2381	0.96	0	1	0	1	48
2382	0.96	0	1	0	1	48
2383	0.96	0	1	0	1	48
2384	0.96	0	1	0	1	48
2385	0.96	0	1	0	1	48
2386	0.96	0	1	0	1	48
2387	0.96	0	1	0	1	48
2388	0.96	0	1	0	1	48
2389	0.96	0	1	0	1	48
2390	0.98	0	1	0	0	49
2391	0.98	0	1	0	0	49
2392	0.96	0	1	0	1	48
2393	0.94	0	1	1	1	47
2394	0.94	0	1	1	1	47
2395	0.94	0	1	1	1	47
2396	0.92	1	1	1	1	46
2397	0.92	1	1	1	1	46
2398	0.92	1	1	1	1	46
2399	0.92	1	1	1	1	46
2400	0.92	1	1	1	1	46
2401	0.92	1	1	1	1	46
2402	0.92	1	1	1	1	46
2403	0.92	1	1	1	1	46
2404	0.92	1	1	1	1	46
2405	0.92	1	1	1	1	46
2406	0.92	1	1	1	1	46
2407	0.92	1	1	1	1	46
2408	0.90	1	2	1	1	45
2409	0.90	1	2	1	1	45
2410	0.90	1	2	1	1	45
2411	0.90	1	2	1	1	45
2412	0.90	1	2	1	1	45
2413	0.90	1	2	1	1	45
2414	0.90	1	2	1	1	45
2415	0.90	1	2	1	1	45
2416	0.90	1	2	1	1	45
2417	0.88	1	2	1	2	44
2418	0.88	1	2	1	2	44
2419	0.88	1	2	1	2	44
2420	0.88	1	2	1	2	44
2421	0.88	1	1	1	3	44
2422	0.86	2	1	1	3	43
2423	0.84	2	2	1	3	42
2424	0.84	2	2	1	3	42
2425	0.84	2	2	1	3	42
2426	0.84	2	2	1	3	42
2427	0.84	2	2	1	3	42
2428	0.84	2	2	1	3	42
2429	0.84	2	2	1	3	42
2430	0.84	2	2	1	3	42
2431	0.84	2	2	1	3	42
2432	0.84	2	2	1	3	42
2433	0.84	2	2	1	3	42
2434	0.84	2	2	1	3	42
2435	0.84	2	2	1	3	42
2436	0.84	2	2	1	3	42
2437	0.84	2	2	1	3	42
2438	0.84	2	2	1	3	42
2439	0.84	2	2	1	3	42
2440	0.84	2	2	1	3	42
2441	0.82	2	2	2	3	41
2442	0.84	2	2	2	2	42
2443	0.86	2	2	1	2	43
2444	0.84	2	2	1	3	42
2445	0.84	2	2	1	3	42
2446	0.84	1	2	1	4	42
2447	0.84	1	2	1	4	42
2448	0.84	1	2	1	4	42
2449	0.84	1	2	1	4	42
2450	0.84	1	2	1	4	42
2451	0.84	1	2	1	4	42
2452	0.84	1	2	1	4	42
2453	0.84	1	2	1	4	42
2454	0.84	1	2	1	4	42
2455	0.84	1	2	1	4	42
2456	0.84	1	2	1	4	42
2457	0.84	1	2	1	4	42
2458	0.86	1	1	1	4	43
2459	0.86	1	1	1	4	43
2460	0.86	1	1	1	4	43
2461	0.86	1	1	1	4	43
2462	0.86	1	1	1	4	43
2463	0.86	1	1	1	4	43
2464	0.86	1	1	1	4	43
2465	0.86	1	1	1	4	43
2466	0.86	1	1	1	4	43
2467	0.88	1	1	1	3	44
2468	0.88	1	1	1	3	44
2469	0.88	1	1	1	3	44
2470	0.86	1	1	1	4	43
2471	0.88	1	1	1	3	44
2472	0.90	0	1	1	3	45
2473	0.90	0	0	2	3	45
2474	0.90	0	0	2	3	45
2475	0.90	0	0	2	3	45
2476	0.90	0	0	2	3	45
2477	0.90	0	0	2	3	45
2478	0.90	0	0	2	3	45
2479	0.90	0	0	2	3	45
2480	0.90	0	0	2	3	45
2481	0.90	0	0	2	3	45
2482	0.90	0	0	2	3	45
2483	0.90	0	0	2	3	45
2484	0.88	0	0	2	4	44
2485	0.88	0	0	2	4	44
2486	0.88	0	0	2	4	44
2487	0.88	0	0	2	4	44
2488	0.88	0	0	2	4	44
2489	0.88	0	0	2	4	44
2490	0.88	0	0	2	4	44
2491	0.90	0	0	1	4	45
2492	0.90	0	0	1	4	45
2493	0.90	0	0	1	4	45
2494	0.92	0	0	1	3	46
2495	0.92	0	0	1	3	46
2496	0.94	0	0	1	2	47
2497	0.94	0	0	1	2	47
2498	0.94	0	0	1	2	47
2499	0.94	0	0	1	2	47
2500	0.02	1	0	1	2	46
2501	0.02	1	1	1	2	45
2502	0.04	2	1	1	2	44
2503	0.04	2	1	1	2	44
2504	0.04	2	1	1	2	44
2505	0.06	3	1	1	2	43
2506	0.06	3	1	1	2	43
2507	0.08	4	1	1	2	42
2508	0.10	5	1	1	2	41
2509	0.10	5	1	1	2	41
2510	0.10	5	1	1	2	41
2511	0.10	5	1	1	3	40
2512	0.10	5	1	1	3	40
2513	0.10	5	1	1	3	40
2514	0.10	5	1	1	3	40
2515	0.12	6	1	1	3	39
2516	0.12	6	1	1	3	39
2517	0.12	6	1	1	3	39
2518	0.12	6	1	1	3	39
2519	0.12	6	1	1	3	39
2520	0.12	6	1	1	2	40
2521	0.14	7	1	1	2	39
2522	0.16	8	1	1	2	38
2523	0.16	8	1	0	2	39
2524	0.18	9	1	0	2	38
2525	0.18	9	1	0	2	38
2526	0.20	10	1	0	2	37
2527	0.22	11	1	0	2	36
2528	0.22	11	1	0	2	36
2529	0.24	12	1	0	2	35
2530	0.26	13	1	0	2	34
2531	0.26	13	1	0	2	34
2532	0.28	14	1	0	2	33
2533	0.28	14	1	0	2	33
2534	0.28	14	1	0	1	34
2535	0.28	14	1	0	1	34
2536	0.28	14	2	0	1	33
2537	0.28	14	2	0	1	33
2538	0.28	14	2	0	1	33
2539	0.30	15	2	0	1	32
2540	0.30	15	2	0	1	32
2541	0.32	16	2	0	1	31
2542	0.34	17	2	0	1	30
2543	0.34	17	2	0	2	29
2544	0.36	18	2	0	2	28
2545	0.38	19	2	0	2	27
2546	0.40	20	2	0	2	26
2547	0.42	21	2	0	2	25
2548	0.42	21	2	0	2	25
2549	0.44	22	2	0	2	24
2550	0.42	21	2	0	3	24
2551	0.44	22	1	0	3	24
2552	0.44	22	1	0	3	24
2553	0.46	23	1	0	3	23
2554	0.48	24	1	0	3	22
2555	0.48	24	1	0	3	22
2556	0.50	25	1	0	3	21
2557	0.48	24	1	0	4	21
2558	0.48	24	1	0	4	21
2559	0.50	25	1	0	4	20
2560	0.52	26	1	0	4	19
2561	0.52	26	1	0	4	19
2562	0.54	27	1	0	4	18
2563	0.56	28	1	0	4	17
2564	0.58	29	1	0	4	16
2565	0.58	29	1	0	4	16
2566	0.60	30	1	0	4	15
2567	0.62	31	1	0	4	14
2568	0.64	32	1	0	4	13
2569	0.66	33	1	0	4	12
2570	0.68	34	1	0	4	11
2571	0.68	34	1	0	4	11
2572	0.68	34	1	0	4	11
2573	0.70	35	1	0	4	10
2574	0.70	35	1	0	4	10
2575	0.72	36	1	0	4	9
2576	0.72	36	1	0	4	9
2577	0.72	36	1	0	4	9
2578	0.72	36	1	1	4	8
2579	0.72	36	1	1	4	8
2580	0.72	36	1	1	4	8
2581	0.74	37	1	1	4	7
2582	0.74	37	1	1	4	7
2583	0.76	38	1	1	4	6
2584	0.78	39	1	1	4	5
2585	0.80	40	1	1	4	4
2586	0.80	40	0	1	4	5
2587	0.82	41	0	1	4	4
2588	0.84	42	0	1	4	3
2589	0.84	42	0	1	4	3
2590	0.84	42	0	2	4	2
2591	0.84	42	0	2	4	2
2592	0.84	42	0	2	4	2
2593	0.86	43	0	2	3	2
2594	0.86	43	0	2	3	2
2595	0.86	43	0	2	3	2
2596	0.86	43	0	2	3	2
2597	0.86	43	0	2	3	2
2598	0.88	44	0	2	3	1
2599	0.88	44	0	2	3	1
2600	0.90	45	0	2	2	1
2601	0.90	45	0	2	2	1
2602	0.90	45	0	2	2	1
2603	0.90	45	0	2	2	1
2604	0.90	45	0	2	2	1
2605	0.90	45	0	2	2	1
2606	0.90	45	0	2	2	1
2607	0.92	46	0	2	1	1
2608	0.92	46	0	2	1	1
2609	0.92	46	0	2	1	1
2610	0.92	46	0	2	1	1
2611	0.94	47	0	2	0	1
2612	0.94	47	0	2	0	1
2613	0.94	47	0	2	0	1
2614	0.94	47	0	2	0	1
2615	0.94	47	0	2	0	1
2616	0.94	47	0	2	0	1
2617	0.94	47	0	2	0	1
2618	0.94	47	0	2	0	1
2619	0.94	47	0	2	0	1
2620	0.94	47	0	2	0	1
2621	0.94	47	0	2	0	1
2622	0.94	47	0	2	0	1
2623	0.94	47	0	2	0	1
2624	0.94	47	0	2	0	1
2625	0.92	46	1	2	0	1
2626	0.92	46	1	2	0	1
2627	0.92	46	1	2	0	1
2628	0.94	47	1	1	0	1
2629	0.94	47	1	1	0	1
2630	0.94	47	1	1	0	1
2631	0.94	47	1	1	0	1
2632	0.94	47	1	1	0	1
2633	0.94	47	1	1	0	1
2634	0.94	47	1	1	0	1
2635	0.92	46	2	1	0	1
2636	0.92	46	2	1	0	1
2637	0.92	46	2	1	0	1
2638	0.92	46	2	1	0	1
2639	0.92	46	2	1	0	1
2640	0.94	47	2	0	0	1
2641	0.94	47	2	0	0	1
2642	0.94	47	2	0	0	1
2643	0.94	47	2	0	0	1
2644	0.94	47	2	0	0	1
2645	0.92	46	2	0	0	2
2646	0.92	46	2	0	0	2
2647	0.92	46	2	0	0	2
2648	0.92	46	2	0	0	2
2649	0.92	46	2	0	0	2
2650	0.90	45	2	0	0	3
2651	0.90	45	2	0	0	3
2652	0.90	45	2	0	0	3
2653	0.90	45	2	0	0	3
2654	0.90	45	2	0	0	3
2655	0.90	45	2	0	0	3
2656	0.90	45	2	0	0	3
2657	0.90	45	2	0	0	3
2658	0.90	45	2	0	0	3
2659	0.88	44	2	0	1	3
2660	0.88	44	2	0	1	3
2661	0.88	44	2	0	1	3
2662	0.88	44	2	0	1	3
2663	0.88	44	2	0	1	3
2664	0.88	44	2	0	1	3
2665	0.88	44	2	0	1	3
2666	0.86	43	3	0	1	3
2667	0.86	43	3	0	1	3
2668	0.86	43	3	0	1	3
2669	0.86	43	3	0	1	3
2670	0.86	43	3	0	1	3
2671	0.86	43	3	0	1	3
2672	0.86	43	3	0	1	3
2673	0.86	43	3	0	1	3
2674	0.86	43	3	0	1	3
2675	0.88	44	2	0	1	3
2676	0.88	44	2	0	1	3
2677	0.88	44	2	0	1	3
2678	0.88	44	2	0	1	3
2679	0.86	43	2	1	1	3
2680	0.86	43	2	1	1	3
2681	0.86	43	2	1	1	3
2682	0.86	43	2	1	1	3
2683	0.86	43	2	1	1	3
2684	0.86	43	2	1	1	3
2685	0.88	44	1	1	1	3
2686	0.90	45	1	1	1	2
2687	0.90	45	1	1	1	2
2688	0.90	45	1	1	1	2
2689	0.90	45	1	1	1	2
2690	0.90	45	1	1	1	2
2691	0.90	45	1	1	1	2
2692	0.90	45	1	1	1	2
2693	0.90	45	1	1	1	2
2694	0.90	45	1	1	1	2
2695	0.90	45	1	1	2	1
2696	0.90	45	1	1	2	1
2697	0.90	45	1	1	2	1
2698	0.88	44	1	1	3	1
2699	0.86	43	1	1	4	1
2700	0.88	44	1	1	4	0
2701	0.88	44	1	1	4	0
2702	0.88	44	1	1	4	0
2703	0.88	44	1	1	4	0
2704	0.88	44	1	1	4	0
2705	0.88	44	1	1	4	0
2706	0.88	44	1	1	4	0
2707	0.88	44	1	1	4	0
2708	0.88	44	1	1	4	0
2709	0.90	45	1	1	3	0
2710	0.90	45	1	1	3	0
2711	0.90	45	1	1	3	0
2712	0.88	44	1	1	4	0
2713	0.86	43	1	1	4	1
2714	0.84	42	2	1	4	1
2715	0.84	42	2	1	4	1
2716	0.86	43	1	1	4	1
2717	0.86	43	1	1	4	1
2718	0.84	42	1	1	4	2
2719	0.84	42	1	1	4	2
2720	0.84	42	1	1	4	2
2721	0.84	42	1	1	4	2
2722	0.84	42	1	1	4	2
2723	0.84	42	1	1	4	2
2724	0.84	42	1	1	4	2
2725	0.84	42	1	1	4	2
2726	0.84	42	1	1	4	2
2727	0.84	42	1	1	4	2
2728	0.84	42	1	1	4	2
2729	0.86	43	1	0	4	2
2730	0.86	43	1	0	4	2
2731	0.86	43	1	0	4	2
2732	0.86	43	1	0	4	2
2733	0.86	43	1	0	4	2
2734	0.86	43	1	0	4	2
2735	0.86	43	1	0	4	2
2736	0.86	43	1	0	4	2
2737	0.86	43	1	0	4	2
2738	0.86	43	1	0	4	2
2739	0.86	43	1	0	4	2
2740	0.86	43	1	0	4	2
2741	0.84	42	1	0	5	2
2742	0.84	42	1	0	5	2
2743	0.84	42	1	0	5	2
2744	0.84	42	1	0	5	2
2745	0.86	43	1	0	4	2
2746	0.86	43	1	0	4	2
2747	0.86	43	1	0	4	2
2748	0.88	44	1	0	3	2
2749	0.90	45	1	0	2	2
2750	0.90	45	1	0	2	2
2751	0.90	45	1	0	2	2
2752	0.90	45	1	0	2	2
2753	0.90	45	1	0	2	2
2754	0.90	45	1	0	2	2
2755	0.90	45	1	0	2	2
2756	0.90	45	1	0	2	2
2757	0.90	45	1	0	2	2
2758	0.90	45	1	0	2	2
2759	0.90	45	1	0	2	2
2760	0.90	45	1	0	2	2
2761	0.90	45	1	0	2	2
2762	0.92	46	1	0	1	2
2763	0.94	47	1	0	1	1
2764	0.94	47	0	0	2	1
2765	0.94	47	0	0	2	1
2766	0.94	47	0	0	2	1
2767	0.94	47	0	0	2	1
2768	0.96	48	0	0	2	0
2769	0.96	48	0	0	2	0
2770	0.96	48	0	0	2	0
2771	0.94	47	1	0	2	0
2772	0.94	47	1	0	2	0
2773	0.94	47	1	0	2	0
2774	0.94	47	1	0	2	0
2775	0.94	47	1	0	2	0
2776	0.94	47	1	0	2	0
2777	0.94	47	1	0	2	0
2778	0.94	47	1	0	2	0
2779	0.94	47	1	0	2	0
2780	0.92	46	1	0	3	0
2781	0.92	46	1	0	3	0
2782	0.92	46	1	0	3	0
2783	0.92	46	1	0	3	0
2784	0.92	46	1	0	3	0
2785	0.92	46	1	0	3	0
2786	0.92	46	1	0	3	0
2787	0.92	46	1	0	3	0
2788	0.92	46	1	0	3	0
2789	0.92	46	1	0	3	0
2790	0.92	46	1	0	3	0
2791	0.94	47	1	0	2	0
2792	0.94	47	1	0	2	0
2793	0.94	47	1	0	2	0
2794	0.94	47	1	0	2	0
2795	0.94	47	1	0	2	0
2796	0.94	47	1	0	2	0
2797	0.94	47	1	0	2	0
2798	0.94	47	1	0	2	0
2799	0.92	46	1	0	2	1
2800	0.92	46	1	0	2	1
2801	0.90	45	1	0	3	1
2802	0.90	45	1	0	3	1
2803	0.90	45	1	0	3	1
2804	0.90	45	1	0	3	1
2805	0.88	44	2	0	3	1
2806	0.88	44	2	0	3	1
2807	0.88	44	2	0	3	1
2808	0.88	44	2	0	3	1
2809	0.88	44	2	0	3	1
2810	0.88	44	2	0	3	1
2811	0.88	44	2	0	3	1
2812	0.88	44	2	0	3	1
2813	0.88	44	2	0	3	1
2814	0.90	45	2	0	2	1
2815	0.90	45	2	0	2	1
2816	0.90	45	2	0	2	1
2817	0.90	45	2	0	2	1
2818	0.90	45	2	0	2	1
2819	0.90	45	2	0	2	1
2820	0.90	45	2	0	2	1
2821	0.92	46	1	0	2	1
2822	0.92	46	1	0	2	1
2823	0.92	46	1	0	2	1
2824	0.92	46	1	0	2	1
2825	0.92	46	1	0	2	1
2826	0.90	45	1	0	3	1
2827	0.90	45	1	0	3	1
2828	0.88	44	1	0	4	1
2829	0.88	44	1	0	4	1
2830	0.90	45	1	0	3	1
2831	0.90	45	1	0	3	1
2832	0.90	45	1	0	3	1
2833	0.90	45	1	0	3	1
2834	0.90	45	1	0	3	1
2835	0.90	45	1	0	3	1
2836	0.90	45	1	0	3	1
2837	0.90	45	1	0	3	1
2838	0.90	45	1	0	3	1
2839	0.90	45	1	0	3	1
2840	0.90	45	1	0	3	1
2841	0.90	45	1	0	3	1
2842	0.90	45	1	0	3	1
2843	0.90	45	1	0	3	1
2844	0.90	45	1	0	3	1
2845	0.88	44	1	0	4	1
2846	0.88	44	1	0	4	1
2847	0.88	44	1	0	4	1
2848	0.88	44	1	0	4	1
2849	0.90	45	1	0	4	0
2850	0.90	45	1	0	4	0
2851	0.90	45	2	0	3	0
2852	0.90	45	2	0	3	0
2853	0.90	45	2	0	3	0
2854	0.90	45	2	0	3	0
2855	0.92	46	1	0	3	0
2856	0.92	46	1	0	3	0
2857	0.92	46	1	0	3	0
2858	0.92	46	1	0	3	0
2859	0.92	46	1	0	3	0
2860	0.92	46	1	0	3	0
2861	0.92	46	1	0	3	0
2862	0.92	46	1	0	3	0
2863	0.92	46	1	0	3	0
2864	0.92	46	1	0	3	0
2865	0.92	46	1	0	3	0
2866	0.92	46	1	0	3	0
2867	0.92	46	1	0	3	0
2868	0.92	46	1	0	3	0
2869	0.92	46	1	0	3	0
2870	0.92	46	1	0	3	0
2871	0.92	46	1	0	3	0
2872	0.92	46	1	0	3	0
2873	0.92	46	1	0	3	0
2874	0.92	46	1	0	3	0
2875	0.92	46	1	0	3	0
2876	0.92	46	1	0	3	0
2877	0.92	46	1	0	3	0
2878	0.94	47	1	0	2	0
2879	0.94	47	1	0	2	0
2880	0.94	47	1	0	2	0
2881	0.94	47	1	0	2	0
2882	0.94	47	1	0	2	0
2883	0.94	47	1	0	2	0
2884	0.94	47	1	0	2	0
2885	0.94	47	1	0	2	0
2886	0.94	47	1	0	2	0
2887	0.94	47	1	0	2	0
2888	0.94	47	1	0	2	0
2889	0.94	47	1	0	2	0
2890	0.92	46	1	0	2	1
2891	0.92	46	1	0	2	1
2892	0.92	46	1	0	2	1
2893	0.92	46	1	0	2	1
2894	0.92	46	1	0	2	1
2895	0.94	47	1	0	1	1
2896	0.94	47	1	0	1	1
2897	0.94	47	1	0	1	1
2898	0.94	47	1	0	1	1
2899	0.94	47	1	0	1	1
2900	0.92	46	1	1	1	1
2901	0.94	47	0	1	1	1
2902	0.94	47	0	1	1	1
2903	0.94	47	0	1	1	1
2904	0.94	47	0	1	1	1
2905	0.94	47	0	1	1	1
2906	0.94	47	0	1	1	1
2907	0.94	47	0	1	1	1
2908	0.94	47	0	1	1	1
2909	0.94	47	0	1	1	1
2910	0.94	47	0	1	1	1
2911	0.94	47	0	1	1	1
2912	0.94	47	0	1	1	1
2913	0.94	47	0	1	1	1
2914	0.94	47	0	1	1	1
2915	0.94	47	0	1	1	1
2916	0.94	47	0	1	1	1
2917	0.94	47	0	1	1	1
2918	0.94	47	0	1	1	1
2919	0.94	47	0	1	1	1
2920	0.94	47	0	1	1	1
2921	0.94	47	0	1	1	1
2922	0.94	47	0	1	1	1
2923	0.94	47	0	1	1	1
2924	0.94	47	0	1	1	1
2925	0.94	47	0	1	1	1
2926	0.96	48	0	1	0	1
2927	0.96	48	0	1	0	1
2928	0.94	47	0	1	0	2
2929	0.94	47	0	1	0	2
2930	0.94	47	0	1	0	2
2931	0.94	47	0	1	0	2
2932	0.94	47	0	1	0	2
2933	0.94	47	0	1	0	2
2934	0.94	47	0	1	0	2
2935	0.94	47	0	1	0	2
2936	0.94	47	0	1	0	2
2937	0.94	47	0	1	0	2
2938	0.94	47	0	1	0	2
2939	0.94	47	0	1	0	2
2940	0.96	48	0	1	0	1
2941	0.96	48	0	1	0	1
2942	0.96	48	0	1	0	1
2943	0.96	48	0	1	0	1
2944	0.96	48	0	1	0	1
2945	0.96	48	0	1	0	1
2946	0.96	48	0	1	0	1
2947	0.96	48	0	1	0	1
2948	0.96	48	0	1	0	1
2949	0.96	48	0	1	0	1
2950	0.98	49	0	0	0	1
2951	0.98	49	0	0	0	1
2952	0.98	49	0	0	0	1
2953	0.98	49	0	0	0	1
2954	0.96	48	0	0	0	2
2955	0.96	48	0	0	0	2
2956	0.96	48	0	0	0	2
2957	0.96	48	0	0	0	2
2958	0.96	48	0	0	0	2
2959	0.96	48	0	0	0	2
2960	0.96	48	0	0	0	2
2961	0.96	48	0	0	0	2
2962	0.96	48	0	0	0	2
2963	0.96	48	0	0	0	2
2964	0.96	48	0	0	0	2
2965	0.96	48	0	0	0	2
2966	0.96	48	0	0	0	2
2967	0.96	48	0	0	0	2
2968	0.96	48	0	0	0	2
2969	0.94	47	1	0	0	2
2970	0.94	47	1	0	0	2
2971	0.92	46	1	0	0	3
2972	0.92	46	1	0	0	3
2973	0.92	46	1	0	0	3
2974	0.92	46	1	0	0	3
2975	0.90	45	2	0	0	3
2976	0.88	44	3	0	0	3
2977	0.88	44	3	0	0	3
2978	0.90	45	3	0	0	2
2979	0.88	44	4	0	0	2
2980	0.88	44	4	0	0	2
2981	0.88	44	4	0	0	2
2982	0.88	44	4	0	0	2
2983	0.88	44	4	0	0	2
2984	0.88	44	4	0	0	2
2985	0.88	44	4	0	0	2
2986	0.88	44	4	0	0	2
2987	0.88	44	4	0	0	2
2988	0.88	44	4	0	0	2
2989	0.88	44	4	0	0	2
2990	0.88	44	4	0	0	2
2991	0.88	44	4	0	0	2
2992	0.88	44	4	0	0	2
2993	0.88	44	4	0	0	2
2994	0.88	44	4	0	0	2
2995	0.88	44	4	0	0	2
2996	0.88	44	4	0	0	2
2997	0.86	43	4	0	0	3
2998	0.86	43	4	0	0	3
2999	0.86	43	4	0	0	3
