timestep	swarm_quality	color_0	color_1	color_2	color_3	color_4
0	0.70	35	2	5	4	4
1	0.68	34	2	5	4	5
2	0.66	33	2	6	4	5
3	0.66	33	2	6	4	5
4	0.66	33	2	6	4	5
5	0.64	32	3	6	4	5
6	0.64	32	3	6	4	5
7	0.64	32	3	6	4	5
8	0.64	32	3	6	4	5
9	0.64	32	3	6	4	5
10	0.64	32	3	6	4	5
11	0.64	32	3	6	4	5
12	0.64	32	3	6	4	5
13	0.62	31	3	6	4	6
14	0.62	31	3	6	4	6
15	0.62	31	3	6	4	6
16	0.62	31	3	6	4	6
17	0.62	31	3	6	4	6
18	0.62	31	3	6	4	6
19	0.62	31	3	6	4	6
20	0.62	31	3	6	4	6
21	0.62	31	3	6	4	6
22	0.62	31	3	6	4	6
23	0.60	30	3	6	5	6
24	0.60	30	3	6	5	6
25	0.60	30	3	6	5	6
26	0.60	30	3	6	5	6
27	0.60	30	3	6	5	6
28	0.60	30	3	6	5	6
29	0.60	30	3	6	5	6
30	0.60	30	3	6	5	6
31	0.58	29	3	7	5	6
32	0.58	29	3	7	5	6
33	0.56	28	4	7	5	6
34	0.56	28	4	7	5	6
35	0.56	28	4	6	6	6
36	0.56	28	5	5	6	6
37	0.56	28	4	5	7	6
38	0.58	29	4	5	6	6
39	0.60	30	4	5	6	5
40	0.62	31	4	5	5	5
41	0.64	32	4	4	5	5
42	0.66	33	4	4	4	5
43	0.68	34	4	4	3	5
44	0.70	35	4	4	3	4
45	0.72	36	4	4	3	3
46	0.74	37	4	3	3	3
47	0.76	38	4	2	3	3
48	0.78	39	3	2	3	3
49	0.80	40	3	2	3	2
50	0.80	40	3	2	3	2
51	0.82	41	3	2	3	1
52	0.84	42	3	1	3	1
53	0.84	42	3	1	3	1
54	0.84	42	3	1	3	1
55	0.86	43	2	1	3	1
56	0.84	42	2	2	3	1
57	0.84	42	2	2	3	1
58	0.84	42	2	2	3	1
59	0.84	42	2	2	3	1
60	0.84	42	2	2	3	1
61	0.84	42	2	2	3	1
62	0.82	41	2	2	4	1
63	0.84	42	2	2	4	0
64	0.84	42	2	2	4	0
65	0.84	42	2	2	4	0
66	0.84	42	2	2	4	0
67	0.84	42	2	2	4	0
68	0.84	42	2	2	4	0
69	0.84	42	2	2	4	0
70	0.84	42	2	2	4	0
71	0.84	42	2	2	4	0
72	0.84	42	2	2	4	0
73	0.86	43	2	2	3	0
74	0.86	43	2	2	3	0
75	0.86	43	2	2	3	0
76	0.86	43	2	2	3	0
77	0.86	43	2	2	3	0
78	0.86	43	2	2	3	0
79	0.86	43	2	2	3	0
80	0.86	43	2	2	3	0
81	0.88	44	2	1	3	0
82	0.88	44	2	1	3	0
83	0.90	45	1	1	3	0
84	0.88	44	1	1	4	0
85	0.90	45	1	1	3	0
86	0.92	46	0	1	3	0
87	0.94	47	0	1	2	0
88	0.94	47	0	1	2	0
89	0.94	47	0	1	2	0
90	0.94	47	0	1	2	0
91	0.94	47	0	1	2	0
92	0.94	47	0	1	2	0
93	0.94	47	0	1	2	0
94	0.94	47	0	1	2	0
95	0.94	47	0	1	2	0
96	0.94	47	0	1	2	0
97	0.94	47	0	1	2	0
98	0.94	47	0	1	2	0
99	0.94	47	0	1	2	0
100	0.94	47	0	1	2	0
101	0.94	47	0	1	2	0
102	0.94	47	0	1	2	0
103	0.94	47	0	1	2	0
104	0.92	46	0	1	2	1
105	0.92	46	0	1	2	1
106	0.94	47	0	0	2	1
107	0.94	47	0	0	2	1
108	0.94	47	0	0	2	1
109	0.94	47	0	0	2	1
110	0.94	47	0	0	2	1
111	0.94	47	0	0	2	1
112	0.96	48	0	0	1	1
113	0.96	48	0	0	1	1
114	0.96	48	0	0	1	1
115	0.94	47	0	1	1	1
116	0.94	47	0	1	1	1
117	0.94	47	0	1	1	1
118	0.94	47	0	1	1	1
119	0.94	47	0	1	1	1
120	0.94	47	0	1	1	1
121	0.94	47	0	1	1	1
122	0.94	47	0	1	1	1
123	0.94	47	0	1	1	1
124	0.94	47	0	1	1	1
125	0.94	47	0	1	1	1
126	0.94	47	0	1	1	1
127	0.94	47	0	1	1	1
128	0.92	46	0	1	1	2
129	0.92	46	0	1	1	2
130	0.92	46	0	1	1	2
131	0.92	46	0	1	1	2
132	0.92	46	0	1	1	2
133	0.92	46	0	1	1	2
134	0.94	47	0	1	0	2
135	0.94	47	0	1	0	2
136	0.94	47	0	1	0	2
137	0.94	47	0	1	0	2
138	0.94	47	0	1	0	2
139	0.94	47	0	1	0	2
140	0.94	47	0	1	0	2
141	0.94	47	0	1	0	2
142	0.94	47	0	1	0	2
143	0.92	46	0	1	0	3
144	0.92	46	0	1	0	3
145	0.92	46	0	1	0	3
146	0.92	46	0	1	0	3
147	0.92	46	0	1	0	3
148	0.90	45	1	1	0	3
149	0.90	45	1	1	0	3
150	0.88	44	1	2	0	3
151	0.88	44	1	2	0	3
152	0.88	44	1	2	0	3
153	0.88	44	1	2	0	3
154	0.88	44	2	2	0	2
155	0.88	44	2	2	0	2
156	0.88	44	2	2	0	2
157	0.88	44	2	2	0	2
158	0.88	44	2	2	0	2
159	0.88	44	2	2	0	2
160	0.88	44	2	2	0	2
161	0.88	44	2	2	0	2
162	0.88	44	2	2	0	2
163	0.88	44	2	2	0	2
164	0.88	44	2	2	0	2
165	0.88	44	3	1	0	2
166	0.88	44	3	1	0	2
167	0.88	44	3	1	0	2
168	0.88	44	3	1	0	2
169	0.86	43	3	2	0	2
170	0.86	43	3	2	0	2
171	0.86	43	3	2	0	2
172	0.86	43	3	2	0	2
173	0.86	43	3	2	0	2
174	0.86	43	3	2	0	2
175	0.86	43	3	2	0	2
176	0.86	43	3	2	0	2
177	0.86	43	3	2	0	2
178	0.88	44	3	2	0	1
179	0.88	44	3	2	0	1
180	0.88	44	3	2	0	1
181	0.88	44	3	2	0	1
182	0.88	44	3	2	0	1
183	0.88	44	3	2	0	1
184	0.88	44	3	2	0	1
185	0.86	43	3	2	0	2
186	0.86	43	3	2	0	2
187	0.86	43	3	2	0	2
188	0.86	43	3	2	0	2
189	0.86	43	3	2	0	2
190	0.86	43	3	2	0	2
191	0.86	43	3	2	0	2
192	0.86	43	3	2	0	2
193	0.88	44	3	2	0	1
194	0.88	44	3	2	0	1
195	0.88	44	3	2	0	1
196	0.88	44	3	2	0	1
197	0.88	44	3	2	0	1
198	0.90	45	2	2	0	1
199	0.90	45	2	2	0	1
200	0.92	46	2	1	0	1
201	0.90	45	2	2	0	1
202	0.90	45	2	2	0	1
203	0.90	45	2	2	0	1
204	0.92	46	1	2	0	1
205	0.92	46	1	2	0	1
206	0.92	46	1	2	0	1
207	0.92	46	1	2	0	1
208	0.92	46	1	2	0	1
209	0.92	46	1	2	0	1
210	0.92	46	1	2	0	1
211	0.92	46	1	2	0	1
212	0.92	46	1	2	0	1
213	0.92	46	1	2	0	1
214	0.92	46	1	2	0	1
215	0.94	47	0	2	0	1
216	0.92	46	0	2	0	2
217	0.92	46	0	2	0	2
218	0.92	46	0	2	0	2
219	0.94	47	0	1	0	2
220	0.94	47	0	1	0	2
221	0.92	46	0	1	0	3
222	0.92	46	0	1	0	3
223	0.90	45	0	1	0	4
224	0.90	45	0	1	0	4
225	0.90	45	0	1	0	4
226	0.90	45	0	1	0	4
227	0.90	45	0	1	0	4
228	0.90	45	0	1	0	4
229	0.90	45	0	1	0	4
230	0.90	45	0	1	0	4
231	0.90	45	0	1	0	4
232	0.90	45	0	1	0	4
233	0.90	45	0	1	0	4
234	0.90	45	0	1	0	4
235	0.90	45	0	2	0	3
236	0.90	45	0	2	0	3
237	0.90	45	0	2	0	3
238	0.90	45	0	2	0	3
239	0.90	45	0	2	0	3
240	0.90	45	0	2	0	3
241	0.90	45	0	2	0	3
242	0.90	45	0	2	0	3
243	0.90	45	0	2	0	3
244	0.90	45	0	2	0	3
245	0.90	45	0	2	0	3
246	0.90	45	0	2	0	3
247	0.88	44	0	2	1	3
248	0.88	44	0	2	1	3
249	0.88	44	0	2	1	3
250	0.88	44	0	2	1	3
251	0.90	45	0	1	1	3
252	0.90	45	0	1	1	3
253	0.90	45	0	1	1	3
254	0.90	45	0	1	1	3
255	0.90	45	0	1	1	3
256	0.90	45	0	1	1	3
257	0.90	45	0	1	1	3
258	0.90	45	0	1	1	3
259	0.90	45	0	1	1	3
260	0.90	45	0	1	1	3
261	0.90	45	0	1	1	3
262	0.88	44	0	1	2	3
263	0.88	44	0	1	2	3
264	0.86	43	0	1	3	3
265	0.86	43	0	1	3	3
266	0.88	44	0	1	3	2
267	0.88	44	0	1	3	2
268	0.88	44	0	1	3	2
269	0.88	44	0	1	3	2
270	0.88	44	0	1	3	2
271	0.90	45	0	1	3	1
272	0.90	45	0	1	3	1
273	0.92	46	0	1	3	0
274	0.92	46	0	1	3	0
275	0.92	46	0	1	3	0
276	0.92	46	0	1	3	0
277	0.92	46	0	1	3	0
278	0.92	46	0	1	3	0
279	0.92	46	0	1	3	0
280	0.92	46	0	1	3	0
281	0.92	46	0	1	3	0
282	0.92	46	0	1	3	0
283	0.92	46	0	1	3	0
284	0.92	46	0	1	3	0
285	0.94	47	0	0	3	0
286	0.94	47	0	0	3	0
287	0.94	47	0	0	3	0
288	0.94	47	0	0	3	0
289	0.94	47	0	0	3	0
290	0.94	47	0	0	3	0
291	0.94	47	0	0	3	0
292	0.94	47	0	0	3	0
293	0.94	47	0	0	3	0
294	0.94	47	0	0	3	0
295	0.94	47	0	0	3	0
296	0.94	47	0	0	3	0
297	0.96	48	0	0	2	0
298	0.96	48	0	0	2	0
299	0.96	48	0	0	2	0
300	0.96	48	0	0	2	0
301	0.96	48	0	0	2	0
302	0.96	48	0	0	2	0
303	0.96	48	0	0	2	0
304	0.96	48	0	0	2	0
305	0.96	48	0	0	2	0
306	0.96	48	0	0	2	0
307	0.96	48	0	0	2	0
308	0.96	48	0	0	2	0
309	0.94	47	0	0	2	1
310	0.94	47	0	0	2	1
311	0.94	47	0	0	2	1
312	0.96	48	0	0	1	1
313	0.96	48	0	0	1	1
314	0.96	48	0	0	0	2
315	0.96	48	0	0	0	2
316	0.96	48	0	0	0	2
317	0.96	48	0	0	0	2
318	0.96	48	0	0	0	2
319	0.96	48	0	0	0	2
320	0.96	48	0	0	0	2
321	0.96	48	0	0	0	2
322	0.96	48	0	0	0	2
323	0.96	48	0	0	0	2
324	0.96	48	0	0	0	2
325	0.96	48	0	0	0	2
326	0.94	47	0	0	1	2
327	0.94	47	0	0	1	2
328	0.94	47	0	0	1	2
329	0.94	47	0	0	1	2
330	0.94	47	0	0	1	2
331	0.94	47	0	0	1	2
332	0.94	47	0	0	1	2
333	0.94	47	0	0	1	2
334	0.94	47	0	0	1	2
335	0.94	47	0	0	1	2
336	0.94	47	0	0	1	2
337	0.94	47	0	0	1	2
338	0.94	47	0	0	1	2
339	0.94	47	0	0	1	2
340	0.94	47	0	0	1	2
341	0.94	47	0	0	1	2
342	0.94	47	0	0	1	2
343	0.94	47	0	0	1	2
344	0.94	47	0	0	1	2
345	0.94	47	0	0	1	2
346	0.94	47	0	0	1	2
347	0.94	47	0	0	1	2
348	0.94	47	0	0	1	2
349	0.94	47	0	0	1	2
350	0.94	47	0	0	1	2
351	0.94	47	0	0	1	2
352	0.92	46	0	0	1	3
353	0.92	46	0	0	1	3
354	0.92	46	0	0	1	3
355	0.90	45	0	1	1	3
356	0.88	44	0	1	2	3
357	0.88	44	0	1	2	3
358	0.88	44	0	1	2	3
359	0.90	45	0	1	2	2
360	0.90	45	0	1	2	2
361	0.90	45	0	1	2	2
362	0.90	45	0	1	2	2
363	0.90	45	0	1	2	2
364	0.92	46	0	1	2	1
365	0.92	46	0	1	2	1
366	0.92	46	0	1	2	1
367	0.92	46	0	1	2	1
368	0.92	46	0	1	2	1
369	0.92	46	0	1	2	1
370	0.92	46	0	1	2	1
371	0.92	46	0	1	2	1
372	0.92	46	0	1	2	1
373	0.90	45	0	2	2	1
374	0.88	44	0	3	2	1
375	0.86	43	0	4	2	1
376	0.88	44	0	4	1	1
377	0.88	44	0	4	1	1
378	0.88	44	0	4	1	1
379	0.88	44	0	4	1	1
380	0.88	44	0	4	1	1
381	0.88	44	0	4	1	1
382	0.88	44	0	4	1	1
383	0.88	44	0	4	1	1
384	0.88	44	0	4	1	1
385	0.88	44	0	4	1	1
386	0.88	44	0	4	1	1
387	0.88	44	0	4	1	1
388	0.88	44	0	4	1	1
389	0.88	44	0	4	1	1
390	0.88	44	0	4	1	1
391	0.88	44	0	4	1	1
392	0.88	44	0	4	1	1
393	0.88	44	0	4	1	1
394	0.86	43	0	4	1	2
395	0.86	43	0	4	1	2
396	0.86	43	0	4	1	2
397	0.86	43	0	4	1	2
398	0.86	43	0	4	1	2
399	0.86	43	0	4	1	2
400	0.86	43	0	4	1	2
401	0.84	42	0	5	1	2
402	0.86	43	0	5	1	1
403	0.84	42	0	5	1	2
404	0.84	42	0	5	1	2
405	0.86	43	0	4	1	2
406	0.88	44	0	4	0	2
407	0.88	44	0	4	0	2
408	0.88	44	0	4	0	2
409	0.88	44	0	4	0	2
410	0.88	44	0	4	0	2
411	0.88	44	0	4	0	2
412	0.88	44	0	4	0	2
413	0.88	44	0	4	0	2
414	0.88	44	0	4	0	2
415	0.86	43	0	4	1	2
416	0.86	43	0	4	1	2
417	0.86	43	0	4	1	2
418	0.86	43	0	4	1	2
419	0.84	42	0	4	1	3
420	0.84	42	0	4	1	3
421	0.84	42	0	4	1	3
422	0.84	42	0	4	1	3
423	0.86	43	0	3	1	3
424	0.88	44	0	2	1	3
425	0.90	45	0	1	1	3
426	0.90	45	0	1	1	3
427	0.90	45	0	1	1	3
428	0.90	45	0	1	1	3
429	0.90	45	0	1	1	3
430	0.90	45	0	1	1	3
431	0.90	45	0	1	1	3
432	0.90	45	0	1	1	3
433	0.90	45	0	1	1	3
434	0.90	45	0	1	1	3
435	0.90	45	0	1	1	3
436	0.90	45	0	1	1	3
437	0.90	45	0	1	1	3
438	0.90	45	0	1	1	3
439	0.90	45	0	1	1	3
440	0.90	45	0	1	1	3
441	0.90	45	0	1	1	3
442	0.90	45	0	1	1	3
443	0.90	45	0	1	1	3
444	0.92	46	0	1	1	2
445	0.90	45	1	1	1	2
446	0.90	45	1	1	1	2
447	0.90	45	1	1	1	2
448	0.88	44	1	1	2	2
449	0.88	44	1	1	2	2
450	0.88	44	1	1	2	2
451	0.88	44	1	0	2	3
452	0.86	43	2	0	2	3
453	0.88	44	2	0	2	2
454	0.88	44	2	0	2	2
455	0.88	44	2	0	2	2
456	0.88	44	2	0	2	2
457	0.86	43	2	0	3	2
458	0.84	42	2	0	3	3
459	0.84	42	2	0	3	3
460	0.84	42	2	0	3	3
461	0.84	42	2	0	3	3
462	0.84	42	2	0	3	3
463	0.84	42	2	0	3	3
464	0.84	42	2	0	3	3
465	0.86	43	2	0	2	3
466	0.86	43	2	0	2	3
467	0.84	42	2	0	3	3
468	0.84	42	2	0	3	3
469	0.84	42	3	0	3	2
470	0.82	41	3	1	3	2
471	0.82	41	3	1	3	2
472	0.82	41	3	1	3	2
473	0.82	41	3	1	3	2
474	0.82	41	3	1	3	2
475	0.80	40	3	1	4	2
476	0.80	40	3	1	4	2
477	0.78	39	4	1	4	2
478	0.78	39	4	1	4	2
479	0.76	38	5	1	4	2
480	0.74	37	5	1	5	2
481	0.74	37	5	1	5	2
482	0.74	37	5	1	5	2
483	0.74	37	5	1	5	2
484	0.74	37	5	1	5	2
485	0.74	37	5	1	5	2
486	0.72	36	5	2	5	2
487	0.72	36	5	2	5	2
488	0.72	36	5	2	5	2
489	0.72	36	5	2	5	2
490	0.72	36	5	2	5	2
491	0.72	36	5	2	5	2
492	0.72	36	5	2	5	2
493	0.72	36	5	2	5	2
494	0.72	36	5	2	5	2
495	0.74	37	4	2	5	2
496	0.74	37	4	2	5	2
497	0.74	37	4	2	5	2
498	0.76	38	4	2	4	2
499	0.76	38	4	2	4	2
500	0.08	37	4	2	4	3
501	0.08	37	4	2	4	3
502	0.06	37	3	2	5	3
503	0.06	36	3	3	5	3
504	0.06	36	3	3	5	3
505	0.08	35	4	3	5	3
506	0.08	34	4	3	6	3
507	0.10	34	5	3	5	3
508	0.10	35	5	3	5	2
509	0.10	34	5	3	6	2
510	0.10	33	5	3	6	3
511	0.10	32	5	3	7	3
512	0.10	32	5	3	7	3
513	0.10	31	5	4	7	3
514	0.10	31	5	4	7	3
515	0.12	30	6	4	7	3
516	0.12	29	6	4	7	4
517	0.14	29	7	4	6	4
518	0.16	28	8	4	6	4
519	0.16	28	8	4	6	4
520	0.16	29	8	3	6	4
521	0.16	29	8	3	6	4
522	0.18	28	9	3	6	4
523	0.18	28	9	3	6	4
524	0.18	28	9	3	6	4
525	0.18	29	9	3	5	4
526	0.18	28	9	4	5	4
527	0.18	28	9	4	5	4
528	0.20	27	10	4	5	4
529	0.18	27	9	5	5	4
530	0.18	27	9	6	4	4
531	0.18	26	9	6	5	4
532	0.20	25	10	6	5	4
533	0.20	24	10	6	6	4
534	0.22	23	11	6	6	4
535	0.24	22	12	6	6	4
536	0.26	22	13	5	6	4
537	0.26	22	13	5	6	4
538	0.28	21	14	5	6	4
539	0.28	20	14	6	6	4
540	0.30	19	15	6	6	4
541	0.30	18	15	7	6	4
542	0.30	17	15	7	7	4
543	0.32	16	16	7	7	4
544	0.32	16	16	7	7	4
545	0.34	15	17	7	7	4
546	0.34	14	17	8	7	4
547	0.34	14	17	8	7	4
548	0.36	13	18	8	7	4
549	0.38	12	19	8	7	4
550	0.38	13	19	8	7	3
551	0.38	13	19	9	7	2
552	0.40	13	20	9	6	2
553	0.42	13	21	8	6	2
554	0.42	12	21	8	7	2
555	0.42	12	21	8	7	2
556	0.44	12	22	8	6	2
557	0.44	12	22	8	6	2
558	0.46	11	23	8	6	2
559	0.48	11	24	8	5	2
560	0.50	11	25	8	5	1
561	0.52	11	26	8	4	1
562	0.54	10	27	8	4	1
563	0.56	10	28	7	4	1
564	0.58	9	29	7	4	1
565	0.58	9	29	7	4	1
566	0.60	9	30	7	4	0
567	0.60	9	30	7	4	0
568	0.58	9	29	7	5	0
569	0.58	9	29	7	5	0
570	0.58	9	29	7	5	0
571	0.60	8	30	7	5	0
572	0.60	8	30	7	5	0
573	0.62	7	31	7	5	0
574	0.64	6	32	7	5	0
575	0.66	5	33	7	5	0
576	0.68	5	34	6	5	0
577	0.68	5	34	6	5	0
578	0.68	5	34	6	5	0
579	0.70	5	35	5	5	0
580	0.72	5	36	4	5	0
581	0.74	5	37	4	4	0
582	0.72	6	36	4	4	0
583	0.74	6	37	4	3	0
584	0.74	6	37	4	3	0
585	0.74	6	37	4	3	0
586	0.74	6	37	4	3	0
587	0.76	5	38	4	3	0
588	0.76	5	38	4	3	0
589	0.78	5	39	3	3	0
590	0.76	6	38	3	3	0
591	0.78	6	39	2	3	0
592	0.80	6	40	2	2	0
593	0.80	6	40	2	2	0
594	0.82	5	41	2	2	0
595	0.82	5	41	2	2	0
596	0.84	5	42	1	2	0
597	0.86	4	43	1	2	0
598	0.86	4	43	1	2	0
599	0.86	4	43	1	2	0
600	0.88	3	44	1	2	0
601	0.90	3	45	0	2	0
602	0.90	3	45	0	2	0
603	0.88	4	44	0	2	0
604	0.90	4	45	0	1	0
605	0.90	4	45	0	1	0
606	0.90	4	45	0	1	0
607	0.88	4	44	0	2	0
608	0.86	5	43	0	2	0
609	0.86	5	43	0	2	0
610	0.86	5	43	0	2	0
611	0.84	5	42	0	2	1
612	0.84	5	42	0	2	1
613	0.84	5	42	0	2	1
614	0.84	5	42	0	2	1
615	0.84	5	42	0	2	1
616	0.84	5	42	0	2	1
617	0.84	5	42	0	2	1
618	0.86	5	43	0	1	1
619	0.84	6	42	0	1	1
620	0.86	5	43	0	1	1
621	0.84	5	42	0	1	2
622	0.82	5	41	0	2	2
623	0.82	5	41	0	2	2
624	0.80	6	40	0	2	2
625	0.80	6	40	0	2	2
626	0.80	6	40	0	2	2
627	0.80	6	40	0	2	2
628	0.80	6	40	0	2	2
629	0.78	6	39	0	3	2
630	0.78	6	39	0	3	2
631	0.78	6	39	0	3	2
632	0.80	5	40	0	3	2
633	0.80	5	40	0	3	2
634	0.80	5	40	0	3	2
635	0.80	5	40	0	3	2
636	0.78	6	39	0	3	2
637	0.78	6	39	0	3	2
638	0.76	6	38	1	3	2
639	0.76	6	38	1	3	2
640	0.78	5	39	1	3	2
641	0.78	5	39	1	3	2
642	0.78	5	39	1	3	2
643	0.78	5	39	1	3	2
644	0.78	5	39	1	3	2
645	0.78	5	39	1	3	2
646	0.76	5	38	2	3	2
647	0.76	5	38	2	3	2
648	0.76	5	38	2	3	2
649	0.76	5	38	2	3	2
650	0.76	5	38	2	3	2
651	0.76	5	38	2	3	2
652	0.74	5	37	2	3	3
653	0.76	4	38	2	3	3
654	0.76	4	38	2	3	3
655	0.76	4	38	2	3	3
656	0.76	4	38	2	3	3
657	0.78	4	39	2	2	3
658	0.80	3	40	2	2	3
659	0.80	3	40	2	2	3
660	0.80	3	40	2	2	3
661	0.82	3	41	2	2	2
662	0.80	3	40	2	2	3
663	0.80	3	40	2	2	3
664	0.80	3	40	2	2	3
665	0.80	3	40	2	2	3
666	0.80	3	40	2	2	3
667	0.80	3	40	2	2	3
668	0.78	3	39	2	2	4
669	0.80	2	40	2	2	4
670	0.80	2	40	2	2	4
671	0.82	2	41	2	2	3
672	0.84	2	42	2	1	3
673	0.84	2	42	2	1	3
674	0.86	1	43	2	1	3
675	0.86	1	43	2	1	3
676	0.86	1	43	2	1	3
677	0.86	1	43	2	1	3
678	0.86	1	43	2	1	3
679	0.88	1	44	2	0	3
680	0.88	1	44	2	0	3
681	0.88	1	44	2	0	3
682	0.86	2	43	2	0	3
683	0.86	2	43	2	0	3
684	0.86	2	43	2	0	3
685	0.86	2	43	2	0	3
686	0.88	1	44	2	0	3
687	0.88	1	44	2	0	3
688	0.90	1	45	1	0	3
689	0.90	1	45	1	0	3
690	0.90	1	45	1	0	3
691	0.90	1	45	1	0	3
692	0.90	1	45	1	0	3
693	0.90	1	45	1	0	3
694	0.90	1	45	1	0	3
695	0.90	1	45	1	0	3
696	0.92	1	46	0	0	3
697	0.92	1	46	0	0	3
698	0.92	1	46	0	0	3
699	0.92	1	46	0	0	3
700	0.92	1	46	0	0	3
701	0.92	1	46	0	0	3
702	0.94	1	47	0	0	2
703	0.94	1	47	0	0	2
704	0.94	1	47	0	0	2
705	0.94	1	47	0	0	2
706	0.92	1	46	1	0	2
707	0.92	1	46	1	0	2
708	0.92	1	46	1	0	2
709	0.92	1	46	1	0	2
710	0.90	1	45	1	1	2
711	0.90	1	45	1	1	2
712	0.92	1	46	1	1	1
713	0.92	1	46	1	1	1
714	0.92	1	46	1	1	1
715	0.92	1	46	1	1	1
716	0.92	1	46	1	1	1
717	0.92	1	46	1	1	1
718	0.94	1	47	1	1	0
719	0.94	1	47	1	1	0
720	0.94	1	47	1	1	0
721	0.94	1	47	1	1	0
722	0.92	1	46	1	2	0
723	0.92	1	46	1	2	0
724	0.92	1	46	1	2	0
725	0.92	1	46	1	2	0
726	0.92	1	46	1	2	0
727	0.92	1	46	1	2	0
728	0.90	1	45	2	2	0
729	0.90	1	45	2	2	0
730	0.90	1	45	2	2	0
731	0.90	1	45	2	2	0
732	0.92	0	46	2	2	0
733	0.92	0	46	2	2	0
734	0.92	0	46	2	2	0
735	0.92	0	46	2	2	0
736	0.92	0	46	2	2	0
737	0.92	0	46	2	2	0
738	0.92	0	46	2	2	0
739	0.92	0	46	2	2	0
740	0.90	0	45	3	2	0
741	0.90	0	45	3	2	0
742	0.90	0	45	3	2	0
743	0.90	0	45	3	2	0
744	0.90	0	45	3	2	0
745	0.90	0	45	3	2	0
746	0.90	0	45	3	2	0
747	0.90	0	45	3	2	0
748	0.90	0	45	3	2	0
749	0.90	0	45	3	2	0
750	0.88	0	44	4	2	0
751	0.88	0	44	4	2	0
752	0.88	0	44	4	2	0
753	0.88	0	44	4	2	0
754	0.88	0	44	4	2	0
755	0.88	0	44	4	2	0
756	0.90	0	45	3	2	0
757	0.90	0	45	3	2	0
758	0.90	0	45	3	2	0
759	0.90	0	45	3	2	0
760	0.92	0	46	3	1	0
761	0.92	0	46	3	1	0
762	0.92	0	46	3	1	0
763	0.90	0	45	3	1	1
764	0.90	0	45	3	1	1
765	0.90	0	45	3	1	1
766	0.90	0	45	3	1	1
767	0.90	0	45	3	1	1
768	0.90	0	45	3	1	1
769	0.90	0	45	3	1	1
770	0.90	0	45	3	1	1
771	0.90	0	45	3	1	1
772	0.92	0	46	3	0	1
773	0.92	0	46	3	0	1
774	0.90	0	45	3	1	1
775	0.90	0	45	3	1	1
776	0.90	0	45	3	1	1
777	0.90	0	45	3	1	1
778	0.92	0	46	2	1	1
779	0.92	0	46	2	1	1
780	0.92	0	46	2	1	1
781	0.92	0	46	2	1	1
782	0.92	0	46	2	1	1
783	0.92	0	46	2	1	1
784	0.92	0	46	2	1	1
785	0.90	0	45	3	1	1
786	0.90	0	45	3	1	1
787	0.90	0	45	3	1	1
788	0.90	0	45	3	1	1
789	0.90	0	45	3	1	1
790	0.92	0	46	2	1	1
791	0.92	0	46	2	1	1
792	0.92	0	46	2	1	1
793	0.90	0	45	2	1	2
794	0.90	0	45	2	1	2
795	0.90	0	45	2	1	2
796	0.90	0	45	2	1	2
797	0.88	1	44	2	1	2
798	0.86	2	43	2	1	2
799	0.86	2	43	2	1	2
800	0.88	2	44	1	1	2
801	0.86	2	43	1	1	3
802	0.86	2	43	1	1	3
803	0.86	2	43	1	1	3
804	0.86	2	43	1	1	3
805	0.84	2	42	1	1	4
806	0.84	2	42	1	1	4
807	0.84	2	42	1	1	4
808	0.84	2	42	1	1	4
809	0.82	2	41	1	1	5
810	0.82	2	41	1	1	5
811	0.82	2	41	1	1	5
812	0.82	2	41	1	1	5
813	0.82	3	41	1	1	4
814	0.80	3	40	1	1	5
815	0.80	3	40	1	1	5
816	0.80	3	40	1	1	5
817	0.80	3	40	1	1	5
818	0.80	3	40	1	1	5
819	0.80	3	40	1	1	5
820	0.80	3	40	1	1	5
821	0.80	3	40	1	1	5
822	0.80	3	40	1	1	5
823	0.80	3	40	1	1	5
824	0.82	3	41	1	0	5
825	0.82	3	41	1	0	5
826	0.82	3	41	1	0	5
827	0.82	3	41	1	0	5
828	0.80	3	40	1	0	6
829	0.80	3	40	1	0	6
830	0.78	3	39	2	0	6
831	0.76	3	38	2	0	7
832	0.76	3	38	2	0	7
833	0.76	3	38	2	0	7
834	0.74	3	37	2	0	8
835	0.76	3	38	1	0	8
836	0.76	3	38	1	0	8
837	0.76	3	38	1	0	8
838	0.76	3	38	1	0	8
839	0.76	3	38	1	0	8
840	0.76	3	38	1	0	8
841	0.76	3	38	1	0	8
842	0.76	3	38	1	0	8
843	0.78	3	39	1	0	7
844	0.78	3	39	1	0	7
845	0.78	3	39	1	0	7
846	0.78	3	39	1	0	7
847	0.80	2	40	1	0	7
848	0.82	1	41	1	0	7
849	0.82	1	41	1	0	7
850	0.82	1	41	1	0	7
851	0.82	1	41	1	1	6
852	0.82	1	41	1	1	6
853	0.82	1	41	1	1	6
854	0.82	1	41	1	1	6
855	0.84	1	42	1	1	5
856	0.84	1	42	1	1	5
857	0.84	1	42	1	1	5
858	0.84	1	42	1	1	5
859	0.86	1	43	1	1	4
860	0.86	1	43	1	1	4
861	0.86	1	43	1	1	4
862	0.84	1	42	1	1	5
863	0.86	0	43	1	1	5
864	0.86	0	43	1	1	5
865	0.86	0	43	1	1	5
866	0.86	0	43	1	1	5
867	0.86	0	43	1	1	5
868	0.86	0	43	1	1	5
869	0.86	0	43	1	1	5
870	0.86	0	43	1	1	5
871	0.86	0	43	1	1	5
872	0.86	0	43	1	1	5
873	0.86	0	43	1	1	5
874	0.86	0	43	1	1	5
875	0.86	0	43	1	1	5
876	0.86	0	43	1	1	5
877	0.84	0	42	1	1	6
878	0.86	0	43	1	1	5
879	0.86	0	43	1	1	5
880	0.88	0	44	0	1	5
881	0.90	0	45	0	1	4
882	0.90	0	45	0	1	4
883	0.90	0	45	0	1	4
884	0.92	0	46	0	1	3
885	0.92	0	46	0	1	3
886	0.92	0	46	0	1	3
887	0.90	0	45	0	1	4
888	0.88	0	44	1	1	4
889	0.88	0	44	1	1	4
890	0.88	0	44	1	1	4
891	0.88	0	44	1	1	4
892	0.88	0	44	1	1	4
893	0.88	0	44	1	1	4
894	0.88	0	44	1	1	4
895	0.88	0	44	1	1	4
896	0.88	0	44	1	1	4
897	0.88	0	44	1	1	4
898	0.88	0	44	1	1	4
899	0.88	0	44	1	1	4
900	0.88	0	44	1	1	4
901	0.90	0	45	1	0	4
902	0.90	0	45	1	0	4
903	0.90	0	45	1	0	4
904	0.90	0	45	1	0	4
905	0.90	0	45	1	0	4
906	0.90	0	45	1	0	4
907	0.90	0	45	1	0	4
908	0.90	0	45	1	0	4
909	0.90	0	45	1	0	4
910	0.90	0	45	1	0	4
911	0.90	0	45	1	0	4
912	0.92	0	46	1	0	3
913	0.92	0	46	1	0	3
914	0.94	0	47	1	0	2
915	0.94	0	47	1	0	2
916	0.94	0	47	1	0	2
917	0.92	0	46	1	1	2
918	0.92	0	46	1	1	2
919	0.92	0	46	1	1	2
920	0.92	0	46	1	1	2
921	0.92	0	46	1	1	2
922	0.92	0	46	1	1	2
923	0.92	0	46	1	1	2
924	0.92	0	46	1	1	2
925	0.92	0	46	1	1	2
926	0.92	0	46	1	1	2
927	0.94	0	47	1	1	1
928	0.92	1	46	1	1	1
929	0.92	1	46	1	1	1
930	0.92	1	46	1	1	1
931	0.90	1	45	2	1	1
932	0.90	1	45	2	1	1
933	0.90	1	45	2	1	1
934	0.90	1	45	2	1	1
935	0.90	1	45	2	1	1
936	0.90	1	45	2	1	1
937	0.92	1	46	2	1	0
938	0.94	1	47	1	1	0
939	0.94	1	47	1	1	0
940	0.94	1	47	1	1	0
941	0.92	1	46	1	2	0
942	0.92	1	46	1	2	0
943	0.92	1	46	1	2	0
944	0.92	1	46	1	2	0
945	0.92	1	46	1	2	0
946	0.92	1	46	1	2	0
947	0.92	1	46	1	2	0
948	0.92	1	46	1	2	0
949	0.92	1	46	1	2	0
950	0.92	1	46	1	2	0
951	0.92	1	46	1	2	0
952	0.92	1	46	1	2	0
953	0.92	1	46	1	2	0
954	0.92	1	46	1	2	0
955	0.92	1	46	1	2	0
956	0.92	1	46	1	2	0
957	0.90	1	45	2	2	0
958	0.90	1	45	2	2	0
959	0.90	1	45	2	2	0
960	0.90	1	45	2	2	0
961	0.90	1	45	2	2	0
962	0.90	1	45	2	2	0
963	0.90	1	45	2	2	0
964	0.90	1	45	2	2	0
965	0.88	1	44	2	2	1
966	0.88	1	44	2	2	1
967	0.90	1	45	2	1	1
968	0.90	1	45	2	1	1
969	0.90	1	45	2	1	1
970	0.90	1	45	2	1	1
971	0.88	1	44	2	1	2
972	0.88	1	44	2	1	2
973	0.88	1	44	2	1	2
974	0.88	1	44	2	1	2
975	0.88	1	44	2	1	2
976	0.88	1	44	2	1	2
977	0.88	1	44	2	1	2
978	0.90	0	45	2	1	2
979	0.90	0	45	2	1	2
980	0.90	0	45	2	1	2
981	0.92	0	46	1	1	2
982	0.92	0	46	1	1	2
983	0.90	0	45	1	2	2
984	0.90	0	45	1	2	2
985	0.90	0	45	1	2	2
986	0.90	0	45	1	2	2
987	0.90	0	45	1	2	2
988	0.90	0	45	1	2	2
989	0.90	0	45	1	2	2
990	0.90	0	45	1	2	2
991	0.92	0	46	1	1	2
992	0.92	0	46	1	1	2
993	0.92	0	46	1	1	2
994	0.92	0	46	1	1	2
995	0.90	0	45	2	1	2
996	0.90	0	45	2	1	2
997	0.90	0	45	2	1	2
998	0.90	0	45	2	1	2
999	0.90	0	45	2	1	2
1000	0.06	0	44	3	1	2
1001	0.06	0	44	3	1	2
1002	0.06	0	43	3	1	3
1003	0.08	0	42	4	1	3
1004	0.08	0	42	4	1	3
1005	0.08	0	42	4	1	3
1006	0.10	0	41	5	1	3
1007	0.08	0	41	4	2	3
1008	0.08	0	41	4	2	3
1009	0.10	0	40	5	2	3
1010	0.12	0	39	6	2	3
1011	0.12	0	39	6	2	3
1012	0.14	0	38	7	2	3
1013	0.14	0	38	7	2	3
1014	0.14	0	38	7	2	3
1015	0.14	0	39	7	2	2
1016	0.14	0	39	7	2	2
1017	0.14	0	39	7	2	2
1018	0.14	0	38	7	3	2
1019	0.16	0	37	8	3	2
1020	0.18	0	36	9	3	2
1021	0.18	1	36	9	3	1
1022	0.20	1	35	10	3	1
1023	0.22	1	34	11	3	1
1024	0.22	1	34	11	3	1
1025	0.24	1	33	12	3	1
1026	0.26	1	32	13	3	1
1027	0.26	1	31	13	4	1
1028	0.28	1	30	14	4	1
1029	0.30	1	29	15	4	1
1030	0.32	1	28	16	4	1
1031	0.32	1	28	16	4	1
1032	0.34	1	27	17	4	1
1033	0.36	1	27	18	3	1
1034	0.36	1	27	18	3	1
1035	0.38	1	26	19	3	1
1036	0.38	1	26	19	3	1
1037	0.38	1	25	19	3	2
1038	0.40	1	24	20	3	2
1039	0.42	1	23	21	3	2
1040	0.44	1	22	22	3	2
1041	0.46	1	21	23	3	2
1042	0.48	1	20	24	3	2
1043	0.50	1	19	25	3	2
1044	0.52	1	18	26	3	2
1045	0.52	1	18	26	3	2
1046	0.54	1	17	27	3	2
1047	0.56	1	16	28	3	2
1048	0.58	1	15	29	3	2
1049	0.60	1	14	30	3	2
1050	0.58	1	14	29	4	2
1051	0.60	1	13	30	4	2
1052	0.62	1	13	31	4	1
1053	0.62	1	13	31	4	1
1054	0.64	1	12	32	4	1
1055	0.66	1	11	33	4	1
1056	0.66	1	11	33	4	1
1057	0.68	1	11	34	3	1
1058	0.70	1	10	35	3	1
1059	0.68	2	10	34	3	1
1060	0.68	2	10	34	3	1
1061	0.70	2	9	35	3	1
1062	0.70	2	9	35	3	1
1063	0.72	2	8	36	3	1
1064	0.74	2	7	37	3	1
1065	0.76	2	6	38	3	1
1066	0.78	2	5	39	3	1
1067	0.80	2	4	40	3	1
1068	0.82	2	4	41	2	1
1069	0.82	2	4	41	2	1
1070	0.82	2	4	41	2	1
1071	0.84	1	4	42	2	1
1072	0.84	1	4	42	2	1
1073	0.84	1	4	42	2	1
1074	0.84	1	4	42	2	1
1075	0.84	1	4	42	2	1
1076	0.84	1	4	42	2	1
1077	0.86	1	4	43	1	1
1078	0.86	1	4	43	1	1
1079	0.86	1	4	43	1	1
1080	0.86	1	4	43	1	1
1081	0.88	1	3	44	1	1
1082	0.88	1	3	44	1	1
1083	0.88	1	3	44	1	1
1084	0.88	1	2	44	1	2
1085	0.88	1	2	44	1	2
1086	0.88	1	1	44	1	3
1087	0.90	1	1	45	1	2
1088	0.88	1	2	44	1	2
1089	0.86	1	2	43	1	3
1090	0.86	1	2	43	1	3
1091	0.86	1	2	43	1	3
1092	0.84	1	2	42	1	4
1093	0.84	1	2	42	1	4
1094	0.82	2	2	41	1	4
1095	0.82	2	2	41	1	4
1096	0.80	3	2	40	1	4
1097	0.80	3	2	40	1	4
1098	0.80	3	2	40	1	4
1099	0.80	3	2	40	1	4
1100	0.82	3	2	41	0	4
1101	0.82	3	2	41	0	4
1102	0.82	3	2	41	0	4
1103	0.82	3	2	41	0	4
1104	0.82	3	2	41	0	4
1105	0.82	3	2	41	0	4
1106	0.82	3	2	41	0	4
1107	0.80	3	2	40	0	5
1108	0.80	3	2	40	0	5
1109	0.82	2	2	41	0	5
1110	0.82	2	2	41	0	5
1111	0.82	2	2	41	0	5
1112	0.82	2	2	41	0	5
1113	0.82	2	2	41	0	5
1114	0.82	2	2	41	0	5
1115	0.82	2	2	41	0	5
1116	0.82	2	2	41	0	5
1117	0.82	2	2	41	0	5
1118	0.82	2	2	41	0	5
1119	0.82	2	2	41	0	5
1120	0.82	2	2	41	0	5
1121	0.82	2	2	41	0	5
1122	0.82	2	2	41	0	5
1123	0.82	2	2	41	0	5
1124	0.84	2	1	42	0	5
1125	0.82	2	2	41	0	5
1126	0.82	2	2	41	0	5
1127	0.82	2	2	41	0	5
1128	0.82	2	2	41	0	5
1129	0.82	2	2	41	0	5
1130	0.82	2	2	41	0	5
1131	0.80	2	2	40	0	6
1132	0.80	2	2	40	0	6
1133	0.80	2	2	40	0	6
1134	0.80	2	3	40	0	5
1135	0.78	3	3	39	0	5
1136	0.80	3	3	40	0	4
1137	0.80	3	3	40	0	4
1138	0.82	3	2	41	0	4
1139	0.82	3	3	41	0	3
1140	0.82	3	3	41	0	3
1141	0.82	3	3	41	0	3
1142	0.84	3	3	42	0	2
1143	0.84	3	3	42	0	2
1144	0.84	2	3	42	1	2
1145	0.84	2	3	42	1	2
1146	0.86	1	3	43	1	2
1147	0.86	1	3	43	1	2
1148	0.86	1	3	43	1	2
1149	0.86	1	3	43	1	2
1150	0.86	1	3	43	1	2
1151	0.86	1	3	43	1	2
1152	0.86	1	3	43	1	2
1153	0.86	1	3	43	1	2
1154	0.86	1	3	43	1	2
1155	0.84	1	3	42	2	2
1156	0.84	1	3	42	2	2
1157	0.86	1	3	43	2	1
1158	0.84	1	3	42	3	1
1159	0.82	2	3	41	3	1
1160	0.82	2	3	41	3	1
1161	0.82	2	3	41	3	1
1162	0.80	3	3	40	3	1
1163	0.80	3	3	40	3	1
1164	0.80	3	3	40	3	1
1165	0.80	3	3	40	3	1
1166	0.80	3	3	40	3	1
1167	0.80	3	3	40	3	1
1168	0.80	3	3	40	3	1
1169	0.80	3	3	40	3	1
1170	0.80	3	3	40	3	1
1171	0.80	3	3	40	3	1
1172	0.80	3	3	40	3	1
1173	0.80	3	3	40	3	1
1174	0.80	3	3	40	3	1
1175	0.80	3	3	40	3	1
1176	0.80	3	3	40	3	1
1177	0.80	3	3	40	3	1
1178	0.80	3	3	40	3	1
1179	0.80	3	3	40	3	1
1180	0.80	3	3	40	3	1
1181	0.82	3	3	41	3	0
1182	0.82	3	3	41	3	0
1183	0.82	3	3	41	3	0
1184	0.84	3	2	42	3	0
1185	0.86	2	2	43	3	0
1186	0.84	2	3	42	3	0
1187	0.84	2	3	42	3	0
1188	0.84	2	3	42	3	0
1189	0.86	2	2	43	3	0
1190	0.86	2	2	43	3	0
1191	0.86	2	2	43	3	0
1192	0.86	2	2	43	3	0
1193	0.86	2	2	43	3	0
1194	0.88	2	2	44	2	0
1195	0.88	2	2	44	2	0
1196	0.88	2	2	44	2	0
1197	0.88	2	2	44	2	0
1198	0.88	2	2	44	2	0
1199	0.88	2	2	44	2	0
1200	0.88	2	2	44	2	0
1201	0.88	2	2	44	2	0
1202	0.88	2	2	44	2	0
1203	0.88	2	2	44	2	0
1204	0.88	2	2	44	2	0
1205	0.90	2	2	45	1	0
1206	0.90	2	2	45	1	0
1207	0.90	2	2	45	1	0
1208	0.92	2	2	46	0	0
1209	0.94	1	2	47	0	0
1210	0.94	1	2	47	0	0
1211	0.94	1	2	47	0	0
1212	0.96	0	2	48	0	0
1213	0.96	0	2	48	0	0
1214	0.96	0	2	48	0	0
1215	0.94	1	2	47	0	0
1216	0.94	1	2	47	0	0
1217	0.94	1	2	47	0	0
1218	0.94	1	2	47	0	0
1219	0.94	1	2	47	0	0
1220	0.94	1	2	47	0	0
1221	0.94	1	2	47	0	0
1222	0.94	1	2	47	0	0
1223	0.94	1	2	47	0	0
1224	0.94	1	2	47	0	0
1225	0.96	1	1	48	0	0
1226	0.96	1	1	48	0	0
1227	0.96	1	1	48	0	0
1228	0.96	1	1	48	0	0
1229	0.96	1	1	48	0	0
1230	0.96	1	1	48	0	0
1231	0.96	1	1	48	0	0
1232	0.96	1	1	48	0	0
1233	0.96	1	1	48	0	0
1234	0.96	1	1	48	0	0
1235	0.96	1	1	48	0	0
1236	0.98	1	0	49	0	0
1237	0.98	1	0	49	0	0
1238	0.98	1	0	49	0	0
1239	0.98	1	0	49	0	0
1240	0.98	1	0	49	0	0
1241	0.98	1	0	49	0	0
1242	0.98	1	0	49	0	0
1243	0.98	1	0	49	0	0
1244	0.98	1	0	49	0	0
1245	0.98	1	0	49	0	0
1246	0.98	1	0	49	0	0
1247	0.98	1	0	49	0	0
1248	0.98	1	0	49	0	0
1249	0.98	1	0	49	0	0
1250	0.98	1	0	49	0	0
1251	0.98	1	0	49	0	0
1252	0.98	1	0	49	0	0
1253	0.98	1	0	49	0	0
1254	0.98	1	0	49	0	0
1255	0.98	1	0	49	0	0
1256	0.98	1	0	49	0	0
1257	0.98	1	0	49	0	0
1258	0.98	1	0	49	0	0
1259	0.98	1	0	49	0	0
1260	0.98	1	0	49	0	0
1261	0.98	1	0	49	0	0
1262	0.98	1	0	49	0	0
1263	0.98	1	0	49	0	0
1264	0.98	1	0	49	0	0
1265	0.98	0	1	49	0	0
1266	0.98	0	1	49	0	0
1267	0.98	0	1	49	0	0
1268	0.98	0	1	49	0	0
1269	0.98	0	1	49	0	0
1270	0.98	0	1	49	0	0
1271	0.98	0	1	49	0	0
1272	0.98	0	1	49	0	0
1273	0.98	0	1	49	0	0
1274	0.98	0	1	49	0	0
1275	0.98	0	1	49	0	0
1276	0.96	0	1	48	0	1
1277	0.96	0	1	48	0	1
1278	0.96	0	1	48	0	1
1279	0.96	0	1	48	0	1
1280	0.96	0	1	48	0	1
1281	0.96	0	1	48	0	1
1282	0.96	0	1	48	0	1
1283	0.96	0	1	48	0	1
1284	0.96	0	1	48	0	1
1285	0.96	0	1	48	0	1
1286	0.96	0	1	48	0	1
1287	0.96	0	1	48	0	1
1288	0.96	0	1	48	0	1
1289	0.96	0	1	48	0	1
1290	0.96	0	1	48	0	1
1291	0.94	0	1	47	1	1
1292	0.94	0	1	47	1	1
1293	0.94	0	1	47	1	1
1294	0.94	0	1	47	1	1
1295	0.92	0	2	46	1	1
1296	0.92	0	2	46	1	1
1297	0.92	0	2	46	1	1
1298	0.92	0	2	46	1	1
1299	0.92	0	2	46	1	1
1300	0.92	0	2	46	1	1
1301	0.90	1	2	45	1	1
1302	0.90	1	2	45	1	1
1303	0.90	1	2	45	1	1
1304	0.90	1	2	45	1	1
1305	0.90	1	2	45	1	1
1306	0.90	1	2	45	1	1
1307	0.90	1	2	45	1	1
1308	0.90	1	2	45	1	1
1309	0.88	2	2	44	1	1
1310	0.88	2	2	44	1	1
1311	0.88	2	2	44	1	1
1312	0.88	2	2	44	1	1
1313	0.88	2	2	44	1	1
1314	0.88	2	2	44	1	1
1315	0.90	2	1	45	1	1
1316	0.90	2	1	45	1	1
1317	0.90	2	1	45	1	1
1318	0.90	2	1	45	1	1
1319	0.90	2	1	45	1	1
1320	0.90	2	1	45	1	1
1321	0.90	2	1	45	1	1
1322	0.90	2	1	45	1	1
1323	0.90	2	1	45	1	1
1324	0.88	2	2	44	1	1
1325	0.88	2	2	44	1	1
1326	0.90	2	2	45	1	0
1327	0.90	2	2	45	1	0
1328	0.90	2	2	45	1	0
1329	0.88	2	3	44	1	0
1330	0.88	2	3	44	1	0
1331	0.88	2	3	44	1	0
1332	0.88	2	3	44	1	0
1333	0.88	2	3	44	1	0
1334	0.88	2	3	44	1	0
1335	0.88	2	3	44	1	0
1336	0.88	2	3	44	1	0
1337	0.88	2	3	44	1	0
1338	0.88	2	3	44	1	0
1339	0.88	2	3	44	1	0
1340	0.88	2	3	44	1	0
1341	0.90	2	3	45	0	0
1342	0.90	2	3	45	0	0
1343	0.90	2	3	45	0	0
1344	0.90	2	3	45	0	0
1345	0.92	2	2	46	0	0
1346	0.92	2	2	46	0	0
1347	0.92	2	2	46	0	0
1348	0.92	2	2	46	0	0
1349	0.92	2	2	46	0	0
1350	0.92	2	2	46	0	0
1351	0.94	1	2	47	0	0
1352	0.94	1	2	47	0	0
1353	0.94	1	2	47	0	0
1354	0.94	1	2	47	0	0
1355	0.92	1	2	46	1	0
1356	0.92	1	2	46	1	0
1357	0.90	1	3	45	1	0
1358	0.88	1	3	44	2	0
1359	0.90	0	3	45	2	0
1360	0.90	0	3	45	2	0
1361	0.90	0	3	45	2	0
1362	0.90	0	3	45	2	0
1363	0.90	0	3	45	2	0
1364	0.90	0	3	45	2	0
1365	0.90	0	3	45	2	0
1366	0.90	0	3	45	2	0
1367	0.90	0	3	45	2	0
1368	0.90	0	3	45	2	0
1369	0.90	0	3	45	2	0
1370	0.90	0	3	45	2	0
1371	0.90	0	3	45	2	0
1372	0.90	0	3	45	2	0
1373	0.90	0	3	45	2	0
1374	0.92	0	2	46	2	0
1375	0.92	0	2	46	2	0
1376	0.92	0	2	46	2	0
1377	0.92	0	2	46	2	0
1378	0.92	0	2	46	2	0
1379	0.94	0	1	47	2	0
1380	0.94	0	1	47	2	0
1381	0.94	0	1	47	2	0
1382	0.94	0	1	47	2	0
1383	0.94	0	1	47	2	0
1384	0.94	0	1	47	2	0
1385	0.94	0	1	47	2	0
1386	0.94	0	1	47	2	0
1387	0.94	0	1	47	2	0
1388	0.94	0	1	47	2	0
1389	0.94	0	1	47	2	0
1390	0.94	0	1	47	2	0
1391	0.94	0	1	47	2	0
1392	0.94	0	1	47	2	0
1393	0.94	0	1	47	2	0
1394	0.94	0	1	47	2	0
1395	0.94	0	1	47	2	0
1396	0.94	0	1	47	2	0
1397	0.92	0	2	46	2	0
1398	0.92	0	2	46	2	0
1399	0.92	0	2	46	2	0
1400	0.92	0	2	46	2	0
1401	0.92	0	2	46	2	0
1402	0.92	0	2	46	2	0
1403	0.92	0	2	46	2	0
1404	0.92	0	2	46	2	0
1405	0.92	0	2	46	2	0
1406	0.90	1	2	45	2	0
1407	0.92	1	1	46	2	0
1408	0.94	1	1	47	1	0
1409	0.94	1	1	47	1	0
1410	0.94	1	1	47	1	0
1411	0.94	1	1	47	1	0
1412	0.94	1	1	47	1	0
1413	0.92	1	1	46	1	1
1414	0.92	1	1	46	1	1
1415	0.92	1	1	46	1	1
1416	0.92	1	1	46	1	1
1417	0.92	1	1	46	1	1
1418	0.92	1	1	46	1	1
1419	0.92	1	1	46	1	1
1420	0.92	1	1	46	1	1
1421	0.92	1	1	46	1	1
1422	0.92	1	1	46	1	1
1423	0.92	1	1	46	1	1
1424	0.92	1	1	46	1	1
1425	0.92	1	1	46	1	1
1426	0.92	1	1	46	1	1
1427	0.92	1	1	46	1	1
1428	0.92	1	1	46	1	1
1429	0.92	1	1	46	1	1
1430	0.92	1	1	46	1	1
1431	0.92	1	1	46	1	1
1432	0.92	1	1	46	1	1
1433	0.90	1	1	45	1	2
1434	0.90	1	1	45	1	2
1435	0.90	1	1	45	1	2
1436	0.90	1	1	45	1	2
1437	0.90	1	1	45	1	2
1438	0.90	1	1	45	1	2
1439	0.90	1	1	45	1	2
1440	0.90	1	1	45	1	2
1441	0.90	1	1	45	1	2
1442	0.88	2	1	44	1	2
1443	0.88	2	1	44	1	2
1444	0.88	2	1	44	1	2
1445	0.88	2	1	44	1	2
1446	0.88	2	1	44	1	2
1447	0.90	2	0	45	1	2
1448	0.90	2	0	45	1	2
1449	0.90	2	0	45	1	2
1450	0.90	2	0	45	1	2
1451	0.88	2	1	44	1	2
1452	0.86	2	1	43	2	2
1453	0.86	2	1	43	2	2
1454	0.86	2	1	43	2	2
1455	0.86	2	2	43	1	2
1456	0.88	1	2	44	1	2
1457	0.88	1	2	44	1	2
1458	0.88	1	2	44	1	2
1459	0.88	1	2	44	1	2
1460	0.88	1	2	44	1	2
1461	0.88	1	2	44	1	2
1462	0.88	1	2	44	1	2
1463	0.90	1	2	45	1	1
1464	0.90	1	2	45	1	1
1465	0.90	1	2	45	1	1
1466	0.90	1	2	45	1	1
1467	0.88	1	2	44	2	1
1468	0.86	2	2	43	2	1
1469	0.86	2	2	43	2	1
1470	0.86	2	2	43	2	1
1471	0.86	2	2	43	2	1
1472	0.86	2	2	43	2	1
1473	0.86	2	2	43	2	1
1474	0.86	2	2	43	2	1
1475	0.86	2	2	43	2	1
1476	0.86	2	2	43	2	1
1477	0.86	2	2	43	2	1
1478	0.84	2	2	42	2	2
1479	0.84	2	2	42	2	2
1480	0.84	2	2	42	2	2
1481	0.84	2	2	42	2	2
1482	0.84	2	2	42	2	2
1483	0.86	2	2	43	2	1
1484	0.86	2	2	43	2	1
1485	0.86	2	2	43	2	1
1486	0.86	2	2	43	2	1
1487	0.86	2	2	43	2	1
1488	0.86	2	2	43	2	1
1489	0.84	2	3	42	2	1
1490	0.84	2	3	42	2	1
1491	0.84	2	3	42	2	1
1492	0.86	1	3	43	2	1
1493	0.84	1	3	42	3	1
1494	0.84	1	3	42	3	1
1495	0.84	1	3	42	3	1
1496	0.84	1	3	42	3	1
1497	0.84	1	3	42	3	1
1498	0.84	1	3	42	3	1
1499	0.84	1	3	42	3	1
1500	0.08	1	3	41	4	1
1501	0.08	1	2	42	4	1
1502	0.06	1	2	43	3	1
1503	0.06	1	2	43	3	1
1504	0.06	1	2	43	3	1
1505	0.08	1	1	43	4	1
1506	0.08	1	1	43	4	1
1507	0.10	1	1	42	5	1
1508	0.10	2	1	41	5	1
1509	0.12	2	1	40	6	1
1510	0.12	2	1	39	6	2
1511	0.12	2	1	39	6	2
1512	0.12	2	2	38	6	2
1513	0.14	2	2	37	7	2
1514	0.16	2	2	36	8	2
1515	0.18	2	2	35	9	2
1516	0.18	2	2	35	9	2
1517	0.16	2	2	36	8	2
1518	0.16	1	2	37	8	2
1519	0.18	1	2	36	9	2
1520	0.20	1	2	35	10	2
1521	0.20	1	2	35	10	2
1522	0.20	1	3	34	10	2
1523	0.22	1	3	33	11	2
1524	0.24	1	3	32	12	2
1525	0.26	1	3	31	13	2
1526	0.28	1	3	30	14	2
1527	0.28	1	3	29	14	3
1528	0.28	1	3	29	14	3
1529	0.30	1	3	28	15	3
1530	0.32	1	3	27	16	3
1531	0.32	1	3	27	16	3
1532	0.34	1	3	26	17	3
1533	0.34	1	3	26	17	3
1534	0.36	1	3	25	18	3
1535	0.36	1	3	25	18	3
1536	0.36	1	3	25	18	3
1537	0.38	1	3	24	19	3
1538	0.38	1	3	24	19	3
1539	0.40	1	2	24	20	3
1540	0.42	1	2	23	21	3
1541	0.44	1	2	22	22	3
1542	0.46	1	2	21	23	3
1543	0.46	1	2	21	23	3
1544	0.46	1	2	21	23	3
1545	0.48	1	2	20	24	3
1546	0.50	1	2	19	25	3
1547	0.52	1	2	18	26	3
1548	0.54	1	2	17	27	3
1549	0.56	1	2	16	28	3
1550	0.56	1	2	16	28	3
1551	0.56	1	3	15	28	3
1552	0.58	1	3	14	29	3
1553	0.58	2	3	13	29	3
1554	0.60	2	3	12	30	3
1555	0.60	2	3	12	30	3
1556	0.62	2	3	11	31	3
1557	0.62	2	3	11	31	3
1558	0.64	1	3	11	32	3
1559	0.64	1	3	11	32	3
1560	0.66	1	3	11	33	2
1561	0.68	1	3	10	34	2
1562	0.70	1	2	10	35	2
1563	0.68	1	2	11	34	2
1564	0.68	1	2	11	34	2
1565	0.68	1	2	11	34	2
1566	0.70	1	2	10	35	2
1567	0.72	1	2	9	36	2
1568	0.74	1	2	8	37	2
1569	0.74	1	2	8	37	2
1570	0.74	1	2	8	37	2
1571	0.76	1	2	7	38	2
1572	0.76	1	2	7	38	2
1573	0.74	1	3	7	37	2
1574	0.74	1	3	7	37	2
1575	0.72	1	3	7	36	3
1576	0.72	1	3	7	36	3
1577	0.74	1	3	7	37	2
1578	0.74	1	4	7	37	1
1579	0.72	1	4	8	36	1
1580	0.72	1	4	8	36	1
1581	0.74	1	4	7	37	1
1582	0.72	2	4	7	36	1
1583	0.74	2	4	6	37	1
1584	0.74	2	4	6	37	1
1585	0.76	2	4	5	38	1
1586	0.78	2	4	4	39	1
1587	0.78	2	4	4	39	1
1588	0.78	2	4	4	39	1
1589	0.78	2	4	4	39	1
1590	0.78	2	4	4	39	1
1591	0.78	2	4	4	39	1
1592	0.76	3	4	4	38	1
1593	0.76	3	4	4	38	1
1594	0.78	3	4	3	39	1
1595	0.76	3	4	3	38	2
1596	0.76	3	4	3	38	2
1597	0.76	3	4	3	38	2
1598	0.76	3	4	3	38	2
1599	0.76	3	4	3	38	2
1600	0.76	3	4	3	38	2
1601	0.78	3	3	3	39	2
1602	0.76	4	3	3	38	2
1603	0.78	3	3	3	39	2
1604	0.78	3	3	3	39	2
1605	0.78	3	3	3	39	2
1606	0.78	3	3	3	39	2
1607	0.78	3	3	3	39	2
1608	0.78	3	3	3	39	2
1609	0.76	3	4	3	38	2
1610	0.76	3	4	3	38	2
1611	0.74	3	5	3	37	2
1612	0.74	3	5	3	37	2
1613	0.74	3	6	2	37	2
1614	0.74	3	6	2	37	2
1615	0.74	3	6	2	37	2
1616	0.74	3	6	2	37	2
1617	0.74	3	6	2	37	2
1618	0.74	3	6	2	37	2
1619	0.72	3	6	3	36	2
1620	0.72	3	6	3	36	2
1621	0.70	3	6	3	35	3
1622	0.72	3	5	3	36	3
1623	0.74	3	4	3	37	3
1624	0.74	3	4	3	37	3
1625	0.76	3	4	3	38	2
1626	0.76	3	4	3	38	2
1627	0.74	3	4	4	37	2
1628	0.76	3	3	4	38	2
1629	0.78	3	3	3	39	2
1630	0.78	3	3	3	39	2
1631	0.76	3	3	3	38	3
1632	0.78	2	3	3	39	3
1633	0.76	3	3	3	38	3
1634	0.76	3	3	3	38	3
1635	0.76	3	3	3	38	3
1636	0.76	3	3	3	38	3
1637	0.74	3	4	3	37	3
1638	0.76	3	4	2	38	3
1639	0.76	3	4	2	38	3
1640	0.74	3	4	2	37	4
1641	0.74	3	4	2	37	4
1642	0.76	2	4	2	38	4
1643	0.74	2	5	2	37	4
1644	0.74	2	5	2	37	4
1645	0.76	2	5	2	38	3
1646	0.76	2	5	2	38	3
1647	0.76	2	5	2	38	3
1648	0.76	2	5	2	38	3
1649	0.76	2	5	2	38	3
1650	0.74	2	5	3	37	3
1651	0.74	2	5	3	37	3
1652	0.76	1	5	3	38	3
1653	0.74	1	5	4	37	3
1654	0.74	1	5	4	37	3
1655	0.74	1	5	4	37	3
1656	0.74	1	5	4	37	3
1657	0.72	2	5	4	36	3
1658	0.72	2	5	4	36	3
1659	0.74	2	4	4	37	3
1660	0.74	2	4	4	37	3
1661	0.76	2	3	4	38	3
1662	0.76	2	3	4	38	3
1663	0.78	2	2	4	39	3
1664	0.78	2	2	4	39	3
1665	0.78	2	2	4	39	3
1666	0.78	2	2	4	39	3
1667	0.78	2	2	4	39	3
1668	0.78	2	2	4	39	3
1669	0.80	2	2	3	40	3
1670	0.80	2	2	3	40	3
1671	0.82	2	2	3	41	2
1672	0.82	2	2	3	41	2
1673	0.82	2	2	3	41	2
1674	0.82	2	2	3	41	2
1675	0.82	2	2	3	41	2
1676	0.82	2	2	3	41	2
1677	0.84	2	2	2	42	2
1678	0.84	2	2	2	42	2
1679	0.84	2	2	2	42	2
1680	0.84	2	2	2	42	2
1681	0.86	2	2	2	43	1
1682	0.86	2	2	2	43	1
1683	0.88	1	2	2	44	1
1684	0.88	1	2	2	44	1
1685	0.88	1	2	2	44	1
1686	0.88	1	2	2	44	1
1687	0.88	1	1	2	44	2
1688	0.88	1	1	2	44	2
1689	0.88	1	1	2	44	2
1690	0.90	1	1	2	45	1
1691	0.90	1	1	2	45	1
1692	0.90	1	1	2	45	1
1693	0.92	1	0	2	46	1
1694	0.92	1	0	2	46	1
1695	0.90	2	0	2	45	1
1696	0.90	2	0	2	45	1
1697	0.90	2	0	2	45	1
1698	0.90	2	0	2	45	1
1699	0.90	2	0	2	45	1
1700	0.92	2	0	1	46	1
1701	0.92	2	0	1	46	1
1702	0.92	2	0	1	46	1
1703	0.94	2	0	0	47	1
1704	0.94	2	0	0	47	1
1705	0.94	2	0	0	47	1
1706	0.94	2	0	0	47	1
1707	0.96	1	0	0	48	1
1708	0.96	1	0	0	48	1
1709	0.96	1	0	0	48	1
1710	0.96	1	0	0	48	1
1711	0.96	1	0	0	48	1
1712	0.96	1	0	0	48	1
1713	0.96	1	0	0	48	1
1714	0.96	1	0	0	48	1
1715	0.96	1	0	0	48	1
1716	0.96	1	0	0	48	1
1717	0.96	1	0	0	48	1
1718	0.96	1	0	0	48	1
1719	0.96	1	0	0	48	1
1720	0.96	1	0	0	48	1
1721	0.94	1	0	1	47	1
1722	0.92	2	0	1	46	1
1723	0.92	2	0	1	46	1
1724	0.92	2	0	1	46	1
1725	0.92	2	0	1	46	1
1726	0.92	2	0	1	46	1
1727	0.92	2	0	1	46	1
1728	0.92	2	0	1	46	1
1729	0.92	2	0	1	46	1
1730	0.92	2	0	1	46	1
1731	0.92	2	0	1	46	1
1732	0.90	2	1	1	45	1
1733	0.90	2	1	1	45	1
1734	0.90	2	1	1	45	1
1735	0.90	2	1	1	45	1
1736	0.88	2	1	2	44	1
1737	0.90	2	1	2	45	0
1738	0.90	2	1	2	45	0
1739	0.90	2	1	2	45	0
1740	0.90	2	1	2	45	0
1741	0.90	2	1	2	45	0
1742	0.88	2	2	2	44	0
1743	0.88	2	2	2	44	0
1744	0.88	2	2	2	44	0
1745	0.88	1	2	2	44	1
1746	0.88	1	2	2	44	1
1747	0.88	1	2	2	44	1
1748	0.86	1	3	2	43	1
1749	0.86	1	3	2	43	1
1750	0.84	1	4	2	42	1
1751	0.84	1	4	2	42	1
1752	0.84	1	4	2	42	1
1753	0.82	1	5	2	41	1
1754	0.82	1	5	2	41	1
1755	0.82	1	5	2	41	1
1756	0.80	1	5	3	40	1
1757	0.80	1	5	3	40	1
1758	0.80	1	5	3	40	1
1759	0.80	1	5	3	40	1
1760	0.80	1	5	3	40	1
1761	0.80	1	5	3	40	1
1762	0.80	1	5	3	40	1
1763	0.80	1	5	3	40	1
1764	0.80	1	5	3	40	1
1765	0.80	1	5	3	40	1
1766	0.80	1	5	3	40	1
1767	0.80	1	5	3	40	1
1768	0.80	1	5	3	40	1
1769	0.80	1	5	3	40	1
1770	0.80	1	5	3	40	1
1771	0.82	1	5	2	41	1
1772	0.82	1	5	2	41	1
1773	0.82	1	5	2	41	1
1774	0.82	1	5	2	41	1
1775	0.80	1	6	2	40	1
1776	0.80	1	6	2	40	1
1777	0.80	1	6	2	40	1
1778	0.80	1	6	2	40	1
1779	0.80	1	6	2	40	1
1780	0.78	1	6	3	39	1
1781	0.78	1	6	3	39	1
1782	0.80	1	5	3	40	1
1783	0.80	1	5	3	40	1
1784	0.78	1	5	4	39	1
1785	0.78	1	5	4	39	1
1786	0.80	1	5	3	40	1
1787	0.80	1	5	3	40	1
1788	0.80	1	5	3	40	1
1789	0.80	1	5	3	40	1
1790	0.80	1	5	3	40	1
1791	0.80	1	5	3	40	1
1792	0.80	2	4	3	40	1
1793	0.80	2	4	3	40	1
1794	0.80	2	4	3	40	1
1795	0.82	2	4	3	41	0
1796	0.82	2	4	3	41	0
1797	0.82	2	4	3	41	0
1798	0.84	2	3	3	42	0
1799	0.84	2	3	3	42	0
1800	0.86	2	2	3	43	0
1801	0.86	2	2	3	43	0
1802	0.86	2	2	3	43	0
1803	0.88	2	1	3	44	0
1804	0.88	2	1	3	44	0
1805	0.88	2	1	3	44	0
1806	0.90	2	1	2	45	0
1807	0.90	2	1	2	45	0
1808	0.90	2	1	2	45	0
1809	0.90	2	1	2	45	0
1810	0.90	2	1	2	45	0
1811	0.90	2	1	2	45	0
1812	0.90	2	1	2	45	0
1813	0.90	2	1	2	45	0
1814	0.90	2	1	2	45	0
1815	0.90	2	1	2	45	0
1816	0.90	2	1	2	45	0
1817	0.90	2	1	2	45	0
1818	0.90	2	1	2	45	0
1819	0.90	2	1	2	45	0
1820	0.90	2	1	2	45	0
1821	0.90	2	1	2	45	0
1822	0.92	1	1	2	46	0
1823	0.92	1	1	2	46	0
1824	0.92	1	1	2	46	0
1825	0.94	1	0	2	47	0
1826	0.94	1	0	2	47	0
1827	0.94	1	0	2	47	0
1828	0.94	1	0	2	47	0
1829	0.94	1	0	2	47	0
1830	0.96	1	0	1	48	0
1831	0.96	1	0	1	48	0
1832	0.96	1	0	1	48	0
1833	0.96	1	0	1	48	0
1834	0.96	2	0	0	48	0
1835	0.96	2	0	0	48	0
1836	0.96	2	0	0	48	0
1837	0.96	2	0	0	48	0
1838	0.96	2	0	0	48	0
1839	0.96	2	0	0	48	0
1840	0.96	2	0	0	48	0
1841	0.96	2	0	0	48	0
1842	0.98	1	0	0	49	0
1843	0.98	1	0	0	49	0
1844	0.98	1	0	0	49	0
1845	0.98	1	0	0	49	0
1846	0.98	1	0	0	49	0
1847	0.98	1	0	0	49	0
1848	0.98	1	0	0	49	0
1849	0.98	1	0	0	49	0
1850	0.98	1	0	0	49	0
1851	0.98	1	0	0	49	0
1852	0.98	1	0	0	49	0
1853	0.98	1	0	0	49	0
1854	0.98	1	0	0	49	0
1855	0.98	1	0	0	49	0
1856	0.98	1	0	0	49	0
1857	0.98	1	0	0	49	0
1858	0.98	1	0	0	49	0
1859	0.98	1	0	0	49	0
1860	0.98	1	0	0	49	0
1861	0.98	1	0	0	49	0
1862	0.98	1	0	0	49	0
1863	0.98	1	0	0	49	0
1864	0.98	1	0	0	49	0
1865	0.98	1	0	0	49	0
1866	0.98	1	0	0	49	0
1867	0.98	1	0	0	49	0
1868	0.98	1	0	0	49	0
1869	0.98	1	0	0	49	0
1870	0.98	1	0	0	49	0
1871	0.98	1	0	0	49	0
1872	0.98	1	0	0	49	0
1873	0.98	1	0	0	49	0
1874	0.98	1	0	0	49	0
1875	0.98	1	0	0	49	0
1876	0.98	1	0	0	49	0
1877	0.98	1	0	0	49	0
1878	0.98	1	0	0	49	0
1879	0.96	1	0	1	48	0
1880	0.96	1	0	1	48	0
1881	0.96	1	0	1	48	0
1882	0.96	1	0	1	48	0
1883	0.96	1	0	1	48	0
1884	0.98	0	0	1	49	0
1885	0.96	0	1	1	48	0
1886	0.96	0	1	1	48	0
1887	0.96	0	1	1	48	0
1888	0.96	0	1	1	48	0
1889	0.96	0	1	1	48	0
1890	0.96	0	1	1	48	0
1891	0.96	0	1	1	48	0
1892	0.96	0	1	1	48	0
1893	0.96	0	1	1	48	0
1894	0.96	0	1	1	48	0
1895	0.96	0	1	1	48	0
1896	0.96	0	1	1	48	0
1897	0.96	0	1	1	48	0
1898	0.96	0	1	1	48	0
1899	0.96	0	1	1	48	0
1900	0.94	1	1	1	47	0
1901	0.94	1	1	1	47	0
1902	0.94	1	1	1	47	0
1903	0.94	1	1	1	47	0
1904	0.94	1	1	1	47	0
1905	0.94	1	1	1	47	0
1906	0.94	1	1	1	47	0
1907	0.94	1	1	1	47	0
1908	0.94	1	1	1	47	0
1909	0.94	1	1	1	47	0
1910	0.94	1	1	1	47	0
1911	0.92	1	2	1	46	0
1912	0.92	1	2	1	46	0
1913	0.92	1	2	1	46	0
1914	0.90	1	2	2	45	0
1915	0.90	1	2	2	45	0
1916	0.90	1	2	2	45	0
1917	0.90	1	2	2	45	0
1918	0.90	1	2	2	45	0
1919	0.90	1	2	2	45	0
1920	0.88	1	2	3	44	0
1921	0.88	1	2	3	44	0
1922	0.88	1	2	3	44	0
1923	0.88	1	2	3	44	0
1924	0.88	1	2	3	44	0
1925	0.88	1	2	3	44	0
1926	0.88	1	2	3	44	0
1927	0.86	1	3	3	43	0
1928	0.86	1	3	3	43	0
1929	0.88	1	3	2	44	0
1930	0.88	1	3	2	44	0
1931	0.88	1	3	2	44	0
1932	0.88	1	3	2	44	0
1933	0.88	1	3	2	44	0
1934	0.88	1	3	2	44	0
1935	0.90	1	2	2	45	0
1936	0.90	1	2	2	45	0
1937	0.90	1	2	2	45	0
1938	0.90	1	2	2	45	0
1939	0.90	1	2	2	45	0
1940	0.90	1	2	2	45	0
1941	0.90	1	2	2	45	0
1942	0.90	1	2	2	45	0
1943	0.90	1	2	2	45	0
1944	0.90	1	2	2	45	0
1945	0.90	1	2	2	45	0
1946	0.90	1	2	2	45	0
1947	0.90	1	2	2	45	0
1948	0.90	1	2	2	45	0
1949	0.90	1	2	2	45	0
1950	0.92	0	2	2	46	0
1951	0.90	0	2	2	45	1
1952	0.90	0	2	2	45	1
1953	0.88	0	3	2	44	1
1954	0.88	0	3	2	44	1
1955	0.88	0	3	2	44	1
1956	0.88	0	3	2	44	1
1957	0.88	0	3	2	44	1
1958	0.86	0	3	3	43	1
1959	0.86	0	3	3	43	1
1960	0.86	0	3	3	43	1
1961	0.88	0	2	3	44	1
1962	0.88	0	2	3	44	1
1963	0.88	0	2	3	44	1
1964	0.90	0	2	2	45	1
1965	0.90	0	2	2	45	1
1966	0.90	0	2	2	45	1
1967	0.90	0	2	2	45	1
1968	0.90	0	2	2	45	1
1969	0.88	0	2	2	44	2
1970	0.90	0	2	1	45	2
1971	0.90	0	2	1	45	2
1972	0.90	0	2	1	45	2
1973	0.90	0	2	1	45	2
1974	0.90	0	2	1	45	2
1975	0.90	0	2	1	45	2
1976	0.90	0	2	1	45	2
1977	0.92	0	1	1	46	2
1978	0.92	0	1	1	46	2
1979	0.92	0	1	1	46	2
1980	0.92	0	1	1	46	2
1981	0.92	0	1	1	46	2
1982	0.92	0	1	1	46	2
1983	0.92	0	1	1	46	2
1984	0.92	0	1	1	46	2
1985	0.90	1	1	1	45	2
1986	0.90	1	1	1	45	2
1987	0.90	1	1	1	45	2
1988	0.90	1	1	1	45	2
1989	0.90	1	1	1	45	2
1990	0.88	2	1	1	44	2
1991	0.88	2	1	1	44	2
1992	0.88	2	1	1	44	2
1993	0.88	2	1	1	44	2
1994	0.88	2	1	1	44	2
1995	0.88	2	1	1	44	2
1996	0.88	2	1	1	44	2
1997	0.88	2	1	1	44	2
1998	0.88	2	1	1	44	2
1999	0.88	2	1	1	44	2
2000	0.04	3	1	1	43	2
2001	0.04	3	1	1	43	2
2002	0.06	3	1	1	42	3
2003	0.06	3	0	1	43	3
2004	0.06	3	0	1	43	3
2005	0.06	3	0	1	43	3
2006	0.08	3	0	1	42	4
2007	0.08	3	0	1	42	4
2008	0.10	3	0	0	42	5
2009	0.12	3	0	0	41	6
2010	0.14	3	0	0	40	7
2011	0.14	3	0	0	40	7
2012	0.14	4	0	0	39	7
2013	0.16	4	0	0	38	8
2014	0.16	4	0	0	38	8
2015	0.16	4	0	0	38	8
2016	0.16	5	0	0	37	8
2017	0.18	5	0	0	36	9
2018	0.20	5	0	0	35	10
2019	0.18	5	0	0	36	9
2020	0.18	5	0	0	36	9
2021	0.20	5	0	0	35	10
2022	0.20	5	0	0	35	10
2023	0.22	5	0	0	34	11
2024	0.24	5	0	0	33	12
2025	0.26	5	0	0	32	13
2026	0.28	5	0	0	31	14
2027	0.28	5	0	0	31	14
2028	0.30	5	0	0	30	15
2029	0.32	5	0	0	29	16
2030	0.34	5	0	0	28	17
2031	0.36	5	0	0	27	18
2032	0.38	5	0	0	26	19
2033	0.40	5	0	0	25	20
2034	0.40	5	0	1	24	20
2035	0.42	4	0	1	24	21
2036	0.42	4	1	1	23	21
2037	0.44	4	1	1	22	22
2038	0.44	4	2	1	21	22
2039	0.44	4	2	1	21	22
2040	0.44	4	2	1	21	22
2041	0.46	4	2	1	20	23
2042	0.48	4	2	1	19	24
2043	0.50	4	2	1	18	25
2044	0.52	4	2	1	17	26
2045	0.54	4	2	1	16	27
2046	0.56	4	2	1	15	28
2047	0.58	4	2	1	14	29
2048	0.60	4	2	1	13	30
2049	0.62	4	2	1	12	31
2050	0.64	3	2	1	12	32
2051	0.64	3	2	1	12	32
2052	0.64	3	2	1	12	32
2053	0.66	3	2	1	11	33
2054	0.68	3	2	1	10	34
2055	0.68	4	2	1	9	34
2056	0.68	4	2	1	9	34
2057	0.70	4	2	1	8	35
2058	0.70	4	2	1	8	35
2059	0.70	4	2	1	8	35
2060	0.70	4	2	1	8	35
2061	0.72	4	2	1	7	36
2062	0.72	3	3	1	7	36
2063	0.70	3	3	1	8	35
2064	0.72	3	3	1	7	36
2065	0.74	3	3	1	6	37
2066	0.76	2	3	1	6	38
2067	0.76	2	3	1	6	38
2068	0.76	2	3	1	6	38
2069	0.78	2	3	1	5	39
2070	0.80	2	3	1	4	40
2071	0.80	2	3	1	4	40
2072	0.82	2	3	1	3	41
2073	0.82	2	3	1	3	41
2074	0.82	2	3	1	3	41
2075	0.82	2	3	1	3	41
2076	0.82	2	3	1	3	41
2077	0.82	2	3	1	3	41
2078	0.82	2	3	1	3	41
2079	0.82	2	3	1	3	41
2080	0.82	2	3	1	3	41
2081	0.80	2	3	2	3	40
2082	0.80	2	3	2	3	40
2083	0.80	2	3	2	3	40
2084	0.82	2	3	1	3	41
2085	0.82	2	3	1	3	41
2086	0.84	2	2	1	3	42
2087	0.84	2	2	1	3	42
2088	0.86	2	1	1	3	43
2089	0.86	2	1	2	2	43
2090	0.88	1	1	2	2	44
2091	0.86	2	1	2	2	43
2092	0.86	2	1	2	2	43
2093	0.86	2	1	2	2	43
2094	0.86	2	1	2	2	43
2095	0.86	2	1	2	2	43
2096	0.86	2	1	2	2	43
2097	0.86	2	1	2	2	43
2098	0.86	2	1	2	2	43
2099	0.86	2	1	2	2	43
2100	0.86	2	1	2	2	43
2101	0.84	3	1	2	2	42
2102	0.84	3	1	2	2	42
2103	0.84	3	1	2	2	42
2104	0.84	3	1	2	2	42
2105	0.84	2	2	2	2	42
2106	0.84	2	2	2	2	42
2107	0.84	2	2	2	2	42
2108	0.82	2	2	3	2	41
2109	0.82	2	2	3	2	41
2110	0.82	2	2	3	2	41
2111	0.82	2	2	3	2	41
2112	0.84	2	1	3	2	42
2113	0.86	2	1	3	1	43
2114	0.86	2	1	3	1	43
2115	0.86	2	1	3	1	43
2116	0.86	2	1	3	1	43
2117	0.86	2	1	3	1	43
2118	0.86	2	1	3	1	43
2119	0.86	2	1	3	1	43
2120	0.84	3	1	3	1	42
2121	0.84	3	1	3	1	42
2122	0.84	3	1	3	1	42
2123	0.84	3	1	3	1	42
2124	0.84	3	1	3	1	42
2125	0.84	3	1	3	1	42
2126	0.84	3	1	3	1	42
2127	0.86	3	1	3	0	43
2128	0.86	3	1	3	0	43
2129	0.86	3	1	3	0	43
2130	0.86	3	1	3	0	43
2131	0.88	3	1	2	0	44
2132	0.88	3	1	2	0	44
2133	0.88	3	1	2	0	44
2134	0.88	3	1	2	0	44
2135	0.86	4	1	2	0	43
2136	0.86	4	1	2	0	43
2137	0.86	4	1	2	0	43
2138	0.84	4	1	3	0	42
2139	0.86	4	1	2	0	43
2140	0.86	4	1	2	0	43
2141	0.88	3	1	2	0	44
2142	0.88	3	1	2	0	44
2143	0.88	3	1	2	0	44
2144	0.88	3	1	2	0	44
2145	0.88	3	1	2	0	44
2146	0.88	3	1	2	0	44
2147	0.88	3	1	2	0	44
2148	0.88	3	1	2	0	44
2149	0.86	4	1	2	0	43
2150	0.86	4	1	2	0	43
2151	0.88	3	1	2	0	44
2152	0.88	3	1	2	0	44
2153	0.88	3	1	2	0	44
2154	0.88	3	1	2	0	44
2155	0.90	3	0	2	0	45
2156	0.90	3	0	2	0	45
2157	0.90	3	0	2	0	45
2158	0.92	3	0	1	0	46
2159	0.92	3	0	1	0	46
2160	0.92	3	0	1	0	46
2161	0.92	3	0	1	0	46
2162	0.92	3	0	1	0	46
2163	0.92	3	0	1	0	46
2164	0.92	3	0	1	0	46
2165	0.92	3	0	1	0	46
2166	0.92	3	0	1	0	46
2167	0.92	3	0	1	0	46
2168	0.92	3	0	1	0	46
2169	0.92	3	0	1	0	46
2170	0.94	2	0	1	0	47
2171	0.92	3	0	1	0	46
2172	0.92	3	0	1	0	46
2173	0.90	3	0	1	1	45
2174	0.90	3	0	1	1	45
2175	0.90	3	0	1	1	45
2176	0.90	3	0	1	1	45
2177	0.90	3	0	1	1	45
2178	0.88	3	1	1	1	44
2179	0.88	3	1	1	1	44
2180	0.88	3	1	1	1	44
2181	0.88	3	1	1	1	44
2182	0.88	3	1	1	1	44
2183	0.88	3	1	1	1	44
2184	0.88	3	1	1	1	44
2185	0.90	2	1	1	1	45
2186	0.90	2	1	1	1	45
2187	0.90	2	1	1	1	45
2188	0.92	2	1	0	1	46
2189	0.92	2	1	0	1	46
2190	0.92	2	1	0	1	46
2191	0.92	2	1	0	1	46
2192	0.92	2	1	0	1	46
2193	0.92	2	1	0	1	46
2194	0.92	2	1	0	1	46
2195	0.92	2	1	0	1	46
2196	0.92	2	1	0	1	46
2197	0.92	2	1	0	1	46
2198	0.92	2	1	0	1	46
2199	0.94	1	1	0	1	47
2200	0.94	1	1	0	1	47
2201	0.94	1	1	0	1	47
2202	0.94	1	1	0	1	47
2203	0.94	1	1	0	1	47
2204	0.94	1	1	0	1	47
2205	0.94	1	1	0	1	47
2206	0.94	1	1	0	1	47
2207	0.94	1	1	0	1	47
2208	0.92	1	1	1	1	46
2209	0.92	1	1	1	1	46
2210	0.92	1	1	1	1	46
2211	0.92	1	1	1	1	46
2212	0.92	1	1	1	1	46
2213	0.92	1	1	1	1	46
2214	0.92	1	1	1	1	46
2215	0.92	1	1	1	1	46
2216	0.92	1	1	1	1	46
2217	0.92	1	1	1	1	46
2218	0.92	1	1	1	1	46
2219	0.92	1	1	1	1	46
2220	0.92	1	1	1	1	46
2221	0.94	0	1	1	1	47
2222	0.94	0	1	1	1	47
2223	0.96	0	1	1	0	48
2224	0.96	0	1	1	0	48
2225	0.96	0	1	1	0	48
2226	0.96	0	1	1	0	48
2227	0.96	0	1	1	0	48
2228	0.98	0	0	1	0	49
2229	0.98	0	0	1	0	49
2230	0.98	0	0	1	0	49
2231	0.96	0	0	1	1	48
2232	0.96	0	0	1	1	48
2233	0.96	0	0	1	1	48
2234	0.96	0	0	1	1	48
2235	0.96	0	0	1	1	48
2236	0.96	0	0	1	1	48
2237	0.96	0	0	1	1	48
2238	0.96	0	0	1	1	48
2239	0.96	0	0	1	1	48
2240	0.96	0	0	1	1	48
2241	0.96	0	0	1	1	48
2242	0.96	0	0	1	1	48
2243	0.96	0	0	1	1	48
2244	0.96	0	0	1	1	48
2245	0.96	0	0	1	1	48
2246	0.96	0	0	1	1	48
2247	0.96	0	0	1	1	48
2248	0.96	0	0	1	1	48
2249	0.96	0	0	1	1	48
2250	0.96	0	0	1	1	48
2251	0.94	0	0	2	1	47
2252	0.94	0	0	2	1	47
2253	0.94	0	0	2	1	47
2254	0.94	0	0	2	1	47
2255	0.94	0	0	2	1	47
2256	0.94	0	0	2	1	47
2257	0.94	0	0	2	1	47
2258	0.96	0	0	1	1	48
2259	0.96	0	0	1	1	48
2260	0.96	0	0	1	1	48
2261	0.96	0	0	1	1	48
2262	0.96	0	0	1	1	48
2263	0.96	0	0	1	1	48
2264	0.96	0	0	1	1	48
2265	0.96	0	0	1	1	48
2266	0.94	0	0	1	2	47
2267	0.94	0	0	1	2	47
2268	0.94	0	0	1	2	47
2269	0.94	0	0	1	2	47
2270	0.94	0	0	1	2	47
2271	0.94	0	0	1	2	47
2272	0.94	0	0	1	2	47
2273	0.94	0	0	1	2	47
2274	0.94	0	0	1	2	47
2275	0.92	1	0	1	2	46
2276	0.92	1	0	1	2	46
2277	0.92	1	0	1	2	46
2278	0.92	1	0	1	2	46
2279	0.92	1	0	1	2	46
2280	0.92	1	0	1	2	46
2281	0.94	1	0	1	1	47
2282	0.94	1	0	1	1	47
2283	0.94	1	0	1	1	47
2284	0.94	1	0	1	1	47
2285	0.94	1	0	1	1	47
2286	0.94	1	0	1	1	47
2287	0.94	1	0	1	1	47
2288	0.94	1	0	1	1	47
2289	0.94	1	0	1	1	47
2290	0.94	1	0	1	1	47
2291	0.94	1	0	1	1	47
2292	0.94	1	0	1	1	47
2293	0.94	1	0	1	1	47
2294	0.94	1	0	1	1	47
2295	0.94	1	0	1	1	47
2296	0.94	1	0	1	1	47
2297	0.94	1	0	1	1	47
2298	0.94	1	0	1	1	47
2299	0.94	1	0	1	1	47
2300	0.94	1	0	1	1	47
2301	0.96	1	0	0	1	48
2302	0.96	1	0	0	1	48
2303	0.96	1	0	0	1	48
2304	0.96	1	0	0	1	48
2305	0.96	1	0	0	1	48
2306	0.96	1	0	0	1	48
2307	0.96	1	0	0	1	48
2308	0.96	1	0	0	1	48
2309	0.96	1	0	0	1	48
2310	0.96	1	0	0	1	48
2311	0.96	1	0	0	1	48
2312	0.96	1	0	0	1	48
2313	0.96	1	0	0	1	48
2314	0.96	1	0	0	1	48
2315	0.96	1	0	0	1	48
2316	0.98	1	0	0	0	49
2317	0.98	1	0	0	0	49
2318	0.98	1	0	0	0	49
2319	0.96	1	0	1	0	48
2320	0.96	1	0	1	0	48
2321	0.96	1	0	1	0	48
2322	0.94	1	0	2	0	47
2323	0.94	1	0	2	0	47
2324	0.94	1	0	2	0	47
2325	0.94	0	0	2	1	47
2326	0.94	0	0	2	1	47
2327	0.94	0	0	2	1	47
2328	0.94	0	0	2	1	47
2329	0.94	0	0	2	1	47
2330	0.94	0	0	2	1	47
2331	0.94	0	0	2	1	47
2332	0.94	0	0	2	1	47
2333	0.94	0	0	2	1	47
2334	0.94	0	0	2	1	47
2335	0.94	0	0	2	1	47
2336	0.94	0	0	2	1	47
2337	0.94	0	0	2	1	47
2338	0.94	0	0	2	1	47
2339	0.94	0	0	2	1	47
2340	0.94	0	0	2	1	47
2341	0.94	0	0	2	1	47
2342	0.94	0	0	2	1	47
2343	0.94	0	0	2	1	47
2344	0.94	0	0	2	1	47
2345	0.94	0	0	2	1	47
2346	0.94	0	0	2	1	47
2347	0.94	0	0	2	1	47
2348	0.94	0	0	2	1	47
2349	0.94	0	0	2	1	47
2350	0.94	0	0	2	1	47
2351	0.94	0	0	2	1	47
2352	0.94	0	0	2	1	47
2353	0.94	0	0	2	1	47
2354	0.94	0	0	2	1	47
2355	0.94	0	0	2	1	47
2356	0.94	0	0	2	1	47
2357	0.92	0	0	3	1	46
2358	0.92	0	0	3	1	46
2359	0.92	0	0	3	1	46
2360	0.92	0	0	3	1	46
2361	0.92	0	0	3	1	46
2362	0.92	0	0	3	1	46
2363	0.92	0	0	3	1	46
2364	0.92	0	0	3	1	46
2365	0.92	0	0	3	1	46
2366	0.92	0	0	3	1	46
2367	0.92	0	0	3	1	46
2368	0.92	0	0	3	1	46
2369	0.94	0	0	2	1	47
2370	0.94	0	0	2	1	47
2371	0.94	0	0	2	1	47
2372	0.96	0	0	1	1	48
2373	0.96	0	0	1	1	48
2374	0.96	0	0	1	1	48
2375	0.98	0	0	1	0	49
2376	0.96	1	0	1	0	48
2377	0.96	1	0	1	0	48
2378	0.96	1	0	1	0	48
2379	0.96	1	0	1	0	48
2380	0.96	1	0	1	0	48
2381	0.96	1	0	1	0	48
2382	0.96	1	0	1	0	48
2383	0.96	1	0	1	0	48
2384	0.96	1	0	1	0	48
2385	0.96	1	0	1	0	48
2386	0.96	1	0	1	0	48
2387	0.94	1	0	1	1	47
2388	0.94	1	0	1	1	47
2389	0.94	1	0	1	1	47
2390	0.92	1	0	1	2	46
2391	0.92	1	0	1	2	46
2392	0.92	1	0	1	2	46
2393	0.90	1	1	1	2	45
2394	0.90	1	1	1	2	45
2395	0.90	1	1	1	2	45
2396	0.90	1	1	1	2	45
2397	0.90	1	1	1	2	45
2398	0.90	1	1	1	2	45
2399	0.90	1	1	1	2	45
2400	0.90	1	1	1	2	45
2401	0.90	1	1	1	2	45
2402	0.90	1	1	1	2	45
2403	0.90	1	1	1	2	45
2404	0.90	1	1	1	2	45
2405	0.90	1	1	1	2	45
2406	0.90	1	1	1	2	45
2407	0.92	1	1	0	2	46
2408	0.92	1	1	0	2	46
2409	0.92	1	1	0	2	46
2410	0.92	1	1	0	2	46
2411	0.92	1	1	0	2	46
2412	0.92	1	1	0	2	46
2413	0.92	1	1	0	2	46
2414	0.92	1	1	0	2	46
2415	0.92	1	1	0	2	46
2416	0.92	1	1	0	2	46
2417	0.92	1	1	0	2	46
2418	0.92	1	1	0	2	46
2419	0.92	1	1	0	2	46
2420	0.92	1	1	0	2	46
2421	0.92	1	1	0	2	46
2422	0.92	1	1	0	2	46
2423	0.92	1	1	0	2	46
2424	0.92	1	1	0	2	46
2425	0.92	1	1	0	2	46
2426	0.94	0	1	0	2	47
2427	0.94	0	1	0	2	47
2428	0.94	0	1	0	2	47
2429	0.94	0	1	0	2	47
2430	0.94	0	1	0	2	47
2431	0.94	0	1	0	2	47
2432	0.94	0	1	0	2	47
2433	0.94	0	1	0	2	47
2434	0.94	0	1	0	2	47
2435	0.94	0	1	0	2	47
2436	0.94	0	1	0	2	47
2437	0.94	0	1	1	1	47
2438	0.94	0	1	1	1	47
2439	0.92	0	1	1	2	46
2440	0.94	0	1	1	1	47
2441	0.94	0	1	1	1	47
2442	0.94	0	1	1	1	47
2443	0.96	0	0	1	1	48
2444	0.96	0	0	1	1	48
2445	0.96	0	0	1	1	48
2446	0.96	0	0	1	1	48
2447	0.96	0	0	1	1	48
2448	0.96	0	0	1	1	48
2449	0.96	0	0	1	1	48
2450	0.96	0	0	1	1	48
2451	0.96	0	0	1	1	48
2452	0.96	0	0	1	1	48
2453	0.96	0	0	1	1	48
2454	0.96	0	0	1	1	48
2455	0.96	0	0	1	1	48
2456	0.96	0	0	1	1	48
2457	0.96	0	0	1	1	48
2458	0.96	0	0	1	1	48
2459	0.96	0	0	1	1	48
2460	0.96	0	0	1	1	48
2461	0.96	0	0	1	1	48
2462	0.96	0	0	1	1	48
2463	0.96	0	0	1	1	48
2464	0.96	0	0	1	1	48
2465	0.96	0	0	1	1	48
2466	0.94	0	0	1	2	47
2467	0.94	0	0	1	2	47
2468	0.94	0	0	1	2	47
2469	0.92	0	0	1	3	46
2470	0.92	0	0	1	3	46
2471	0.92	0	0	1	3	46
2472	0.92	0	0	1	3	46
2473	0.92	0	0	1	3	46
2474	0.90	0	0	2	3	45
2475	0.90	0	0	2	3	45
2476	0.90	0	0	2	3	45
2477	0.90	0	0	2	3	45
2478	0.90	0	0	2	3	45
2479	0.88	0	0	3	3	44
2480	0.88	0	0	3	3	44
2481	0.86	1	0	3	3	43
2482	0.86	1	0	3	3	43
2483	0.86	1	0	3	3	43
2484	0.86	1	0	3	3	43
2485	0.86	1	0	3	3	43
2486	0.86	1	0	3	3	43
2487	0.88	1	0	2	3	44
2488	0.88	1	0	2	3	44
2489	0.90	1	0	2	2	45
2490	0.90	1	0	2	2	45
2491	0.90	1	0	2	2	45
2492	0.90	1	0	2	2	45
2493	0.90	1	0	2	2	45
2494	0.90	1	0	2	2	45
2495	0.90	1	0	2	2	45
2496	0.90	1	0	2	2	45
2497	0.90	1	0	2	2	45
2498	0.88	1	0	2	3	44
2499	0.88	1	0	2	3	44
2500	0.04	2	0	2	3	43
2501	0.04	2	0	2	4	42
2502	0.04	2	0	2	4	42
2503	0.04	2	0	2	4	42
2504	0.04	2	0	3	4	41
2505	0.04	2	0	3	4	41
2506	0.04	2	1	3	4	40
2507	0.06	3	1	3	4	39
2508	0.08	4	1	3	4	38
2509	0.10	5	1	3	4	37
2510	0.10	5	1	4	4	36
2511	0.10	5	1	5	4	35
2512	0.10	5	1	5	4	35
2513	0.12	6	1	5	4	34
2514	0.12	6	1	5	4	34
2515	0.12	6	1	5	4	34
2516	0.14	7	1	5	3	34
2517	0.14	7	1	5	3	34
2518	0.14	7	1	5	3	34
2519	0.14	7	1	5	3	34
2520	0.14	7	1	5	3	34
2521	0.16	8	1	5	3	33
2522	0.18	9	1	5	3	32
2523	0.18	9	1	5	3	32
2524	0.18	9	1	4	3	33
2525	0.18	9	1	4	3	33
2526	0.18	9	1	4	3	33
2527	0.18	9	1	4	3	33
2528	0.18	9	1	4	3	33
2529	0.20	10	1	3	3	33
2530	0.20	10	2	3	3	32
2531	0.20	10	2	3	3	32
2532	0.20	10	2	3	3	32
2533	0.22	11	2	3	3	31
2534	0.22	11	2	3	3	31
2535	0.22	11	2	3	3	31
2536	0.24	12	2	3	3	30
2537	0.26	13	2	3	3	29
2538	0.28	14	2	3	3	28
2539	0.30	15	2	3	3	27
2540	0.32	16	2	3	3	26
2541	0.34	17	2	3	3	25
2542	0.36	18	2	3	3	24
2543	0.38	19	2	3	3	23
2544	0.40	20	2	3	3	22
2545	0.40	20	3	3	3	21
2546	0.40	20	3	3	3	21
2547	0.42	21	3	3	3	20
2548	0.44	22	3	3	2	20
2549	0.46	23	3	3	2	19
2550	0.44	22	3	3	3	19
2551	0.44	22	3	3	2	20
2552	0.46	23	3	3	2	19
2553	0.48	24	3	3	2	18
2554	0.50	25	3	2	2	18
2555	0.50	25	3	2	2	18
2556	0.52	26	2	2	2	18
2557	0.52	26	2	2	2	18
2558	0.52	26	2	2	2	18
2559	0.52	26	2	2	2	18
2560	0.52	26	2	2	2	18
2561	0.54	27	2	1	2	18
2562	0.56	28	2	1	2	17
2563	0.54	27	2	2	2	17
2564	0.56	28	2	2	2	16
2565	0.56	28	2	3	2	15
2566	0.56	28	2	3	2	15
2567	0.56	28	2	4	2	14
2568	0.58	29	2	4	2	13
2569	0.60	30	2	4	1	13
2570	0.62	31	2	4	1	12
2571	0.62	31	2	4	1	12
2572	0.62	31	2	4	1	12
2573	0.64	32	2	4	1	11
2574	0.66	33	2	4	1	10
2575	0.68	34	2	4	1	9
2576	0.68	34	2	4	2	8
2577	0.70	35	2	4	2	7
2578	0.72	36	2	4	2	6
2579	0.70	35	2	5	2	6
2580	0.72	36	1	5	2	6
2581	0.72	36	1	5	2	6
2582	0.74	37	1	5	2	5
2583	0.74	37	1	5	2	5
2584	0.74	37	1	6	2	4
2585	0.76	38	1	6	2	3
2586	0.76	38	1	6	2	3
2587	0.74	37	1	6	3	3
2588	0.74	37	1	6	3	3
2589	0.74	37	1	6	3	3
2590	0.74	37	1	6	3	3
2591	0.74	37	1	6	3	3
2592	0.74	37	1	6	3	3
2593	0.74	37	1	6	3	3
2594	0.74	37	1	6	3	3
2595	0.76	38	0	6	3	3
2596	0.76	38	0	7	3	2
2597	0.76	38	0	7	3	2
2598	0.76	38	0	7	3	2
2599	0.74	37	0	8	3	2
2600	0.76	38	0	8	2	2
2601	0.78	39	0	8	2	1
2602	0.78	39	0	8	2	1
2603	0.78	39	0	8	2	1
2604	0.78	39	0	8	2	1
2605	0.80	40	0	8	2	0
2606	0.78	39	0	8	2	1
2607	0.78	39	0	8	2	1
2608	0.78	39	0	8	2	1
2609	0.78	39	0	8	2	1
2610	0.78	39	0	7	2	2
2611	0.76	38	0	7	2	3
2612	0.76	38	0	7	2	3
2613	0.78	39	0	6	2	3
2614	0.78	39	0	6	2	3
2615	0.80	40	0	5	2	3
2616	0.78	39	0	6	2	3
2617	0.80	40	0	5	2	3
2618	0.80	40	0	5	2	3
2619	0.80	40	0	5	2	3
2620	0.80	40	0	5	2	3
2621	0.80	40	0	5	2	3
2622	0.80	40	0	5	2	3
2623	0.80	40	0	5	2	3
2624	0.80	40	0	5	2	3
2625	0.80	40	0	5	2	3
2626	0.82	41	0	5	1	3
2627	0.82	41	0	5	1	3
2628	0.82	41	0	5	1	3
2629	0.84	42	0	4	1	3
2630	0.84	42	0	4	1	3
2631	0.84	42	0	4	1	3
2632	0.84	42	0	4	1	3
2633	0.82	41	0	4	2	3
2634	0.84	42	0	3	2	3
2635	0.84	42	0	3	2	3
2636	0.84	42	0	3	2	3
2637	0.86	43	0	3	1	3
2638	0.86	43	0	3	1	3
2639	0.86	43	0	3	1	3
2640	0.86	43	0	3	1	3
2641	0.84	42	0	4	1	3
2642	0.84	42	0	4	1	3
2643	0.84	42	0	4	1	3
2644	0.84	42	0	4	1	3
2645	0.84	42	0	4	1	3
2646	0.86	43	0	3	1	3
2647	0.84	42	0	3	1	4
2648	0.84	42	0	3	1	4
2649	0.86	43	0	2	1	4
2650	0.86	43	0	2	1	4
2651	0.86	43	0	2	1	4
2652	0.86	43	0	2	1	4
2653	0.86	43	0	2	1	4
2654	0.86	43	0	2	1	4
2655	0.86	43	0	2	1	4
2656	0.86	43	0	2	2	3
2657	0.86	43	0	2	2	3
2658	0.86	43	0	2	2	3
2659	0.86	43	0	2	2	3
2660	0.88	44	0	2	2	2
2661	0.88	44	1	2	2	1
2662	0.88	44	1	2	2	1
2663	0.88	44	1	2	2	1
2664	0.88	44	1	2	2	1
2665	0.88	44	1	2	2	1
2666	0.90	45	1	1	2	1
2667	0.90	45	1	1	2	1
2668	0.90	45	1	1	2	1
2669	0.90	45	1	1	2	1
2670	0.90	45	1	1	2	1
2671	0.90	45	1	1	2	1
2672	0.90	45	1	1	2	1
2673	0.90	45	1	1	2	1
2674	0.90	45	1	1	2	1
2675	0.90	45	1	1	2	1
2676	0.88	44	1	1	3	1
2677	0.86	43	2	1	3	1
2678	0.86	43	2	1	3	1
2679	0.84	42	2	1	4	1
2680	0.84	42	2	1	4	1
2681	0.84	42	2	1	4	1
2682	0.84	42	2	1	4	1
2683	0.86	43	2	1	3	1
2684	0.84	42	2	1	4	1
2685	0.84	42	2	1	4	1
2686	0.84	42	2	1	4	1
2687	0.84	42	2	1	4	1
2688	0.84	42	2	1	4	1
2689	0.82	41	2	1	5	1
2690	0.82	41	2	1	5	1
2691	0.82	41	2	0	6	1
2692	0.80	40	2	0	6	2
2693	0.80	40	2	0	6	2
2694	0.80	40	2	0	6	2
2695	0.78	39	2	0	7	2
2696	0.78	39	2	0	7	2
2697	0.80	40	2	0	7	1
2698	0.80	40	2	0	7	1
2699	0.80	40	2	0	7	1
2700	0.78	39	3	0	7	1
2701	0.78	39	3	0	7	1
2702	0.78	39	3	0	7	1
2703	0.78	39	3	0	7	1
2704	0.78	39	3	0	7	1
2705	0.78	39	3	0	7	1
2706	0.80	40	3	0	6	1
2707	0.80	40	3	0	6	1
2708	0.80	40	3	0	6	1
2709	0.80	40	3	0	6	1
2710	0.80	40	3	0	6	1
2711	0.82	41	2	0	6	1
2712	0.80	40	3	0	6	1
2713	0.80	40	3	0	6	1
2714	0.80	40	3	0	6	1
2715	0.80	40	3	0	6	1
2716	0.80	40	3	0	6	1
2717	0.80	40	3	0	6	1
2718	0.80	40	3	0	6	1
2719	0.80	40	3	0	6	1
2720	0.80	40	3	0	6	1
2721	0.80	40	3	0	6	1
2722	0.80	40	3	0	6	1
2723	0.80	40	3	0	6	1
2724	0.80	40	3	0	6	1
2725	0.80	40	3	0	6	1
2726	0.82	41	3	0	5	1
2727	0.84	42	2	0	5	1
2728	0.84	42	2	0	5	1
2729	0.86	43	2	0	4	1
2730	0.86	43	2	0	4	1
2731	0.86	43	2	0	4	1
2732	0.86	43	2	0	4	1
2733	0.84	42	3	0	4	1
2734	0.86	43	3	0	3	1
2735	0.86	43	3	0	3	1
2736	0.86	43	3	0	3	1
2737	0.86	43	3	0	3	1
2738	0.86	43	3	0	3	1
2739	0.88	44	3	0	2	1
2740	0.88	44	3	0	2	1
2741	0.90	45	3	0	1	1
2742	0.92	46	3	0	1	0
2743	0.92	46	3	0	1	0
2744	0.92	46	3	0	1	0
2745	0.94	47	3	0	0	0
2746	0.94	47	3	0	0	0
2747	0.94	47	3	0	0	0
2748	0.94	47	3	0	0	0
2749	0.92	46	4	0	0	0
2750	0.94	47	3	0	0	0
2751	0.94	47	3	0	0	0
2752	0.94	47	3	0	0	0
2753	0.94	47	3	0	0	0
2754	0.94	47	3	0	0	0
2755	0.92	46	3	0	0	1
2756	0.92	46	3	0	0	1
2757	0.92	46	3	0	0	1
2758	0.92	46	3	0	0	1
2759	0.92	46	3	0	0	1
2760	0.92	46	3	0	0	1
2761	0.92	46	3	0	0	1
2762	0.94	47	2	0	0	1
2763	0.94	47	2	0	0	1
2764	0.94	47	2	0	0	1
2765	0.94	47	2	0	0	1
2766	0.94	47	2	0	0	1
2767	0.92	46	2	0	1	1
2768	0.92	46	2	0	1	1
2769	0.92	46	2	0	1	1
2770	0.92	46	2	0	1	1
2771	0.92	46	2	0	1	1
2772	0.92	46	2	0	1	1
2773	0.92	46	2	0	1	1
2774	0.92	46	2	0	1	1
2775	0.92	46	2	0	1	1
2776	0.92	46	2	0	1	1
2777	0.92	46	2	0	1	1
2778	0.92	46	2	0	1	1
2779	0.92	46	2	0	1	1
2780	0.92	46	2	0	1	1
2781	0.92	46	2	0	1	1
2782	0.92	46	2	0	1	1
2783	0.94	47	1	0	1	1
2784	0.94	47	1	0	1	1
2785	0.94	47	1	0	1	1
2786	0.94	47	1	0	1	1
2787	0.94	47	1	0	1	1
2788	0.94	47	1	0	1	1
2789	0.94	47	1	0	1	1
2790	0.94	47	1	0	1	1
2791	0.94	47	1	0	1	1
2792	0.94	47	1	0	1	1
2793	0.94	47	1	0	1	1
2794	0.94	47	1	0	1	1
2795	0.94	47	1	0	1	1
2796	0.94	47	1	0	1	1
2797	0.94	47	1	0	1	1
2798	0.94	47	1	0	1	1
2799	0.96	48	0	0	1	1
2800	0.96	48	0	0	1	1
2801	0.96	48	0	0	1	1
2802	0.96	48	0	0	1	1
2803	0.94	47	1	0	1	1
2804	0.94	47	1	0	1	1
2805	0.96	48	1	0	1	0
2806	0.96	48	1	0	1	0
2807	0.96	48	1	0	1	0
2808	0.96	48	1	0	1	0
2809	0.96	48	1	0	1	0
2810	0.96	48	1	0	1	0
2811	0.96	48	1	0	1	0
2812	0.96	48	1	0	1	0
2813	0.96	48	1	0	1	0
2814	0.96	48	1	0	1	0
2815	0.96	48	1	0	1	0
2816	0.96	48	1	0	1	0
2817	0.96	48	1	0	1	0
2818	0.96	48	1	0	1	0
2819	0.96	48	1	0	1	0
2820	0.96	48	1	0	1	0
2821	0.96	48	1	0	1	0
2822	0.96	48	1	0	1	0
2823	0.96	48	1	0	1	0
2824	0.96	48	1	0	1	0
2825	0.96	48	1	0	1	0
2826	0.96	48	1	0	1	0
2827	0.96	48	1	0	1	0
2828	0.96	48	1	0	1	0
2829	0.96	48	1	0	1	0
2830	0.96	48	1	0	1	0
2831	0.96	48	1	0	1	0
2832	0.96	48	1	0	1	0
2833	0.96	48	1	0	1	0
2834	0.96	48	1	0	1	0
2835	0.94	47	2	0	1	0
2836	0.94	47	2	0	1	0
2837	0.94	47	2	0	1	0
2838	0.94	47	2	0	1	0
2839	0.94	47	2	0	1	0
2840	0.94	47	2	0	1	0
2841	0.94	47	2	0	1	0
2842	0.94	47	2	0	1	0
2843	0.94	47	2	0	1	0
2844	0.92	46	3	0	1	0
2845	0.92	46	3	0	1	0
2846	0.92	46	3	0	1	0
2847	0.92	46	3	0	1	0
2848	0.92	46	3	0	1	0
2849	0.92	46	3	0	1	0
2850	0.92	46	3	0	1	0
2851	0.92	46	3	0	1	0
2852	0.92	46	3	0	1	0
2853	0.94	47	2	0	1	0
2854	0.92	46	2	0	1	1
2855	0.92	46	2	0	1	1
2856	0.92	46	2	0	1	1
2857	0.92	46	2	0	1	1
2858	0.92	46	2	0	1	1
2859	0.92	46	2	0	1	1
2860	0.92	46	2	0	1	1
2861	0.90	45	2	0	2	1
2862	0.90	45	2	0	2	1
2863	0.88	44	2	0	2	2
2864	0.86	43	2	0	3	2
2865	0.86	43	2	0	3	2
2866	0.86	43	2	0	3	2
2867	0.88	44	2	0	2	2
2868	0.88	44	2	0	2	2
2869	0.86	43	3	0	2	2
2870	0.86	43	3	0	2	2
2871	0.86	43	3	0	2	2
2872	0.86	43	3	0	2	2
2873	0.86	43	3	0	2	2
2874	0.84	42	4	0	2	2
2875	0.84	42	4	0	2	2
2876	0.84	42	4	0	2	2
2877	0.84	42	4	0	2	2
2878	0.84	42	4	0	2	2
2879	0.84	42	4	0	2	2
2880	0.84	42	4	0	2	2
2881	0.84	42	4	0	2	2
2882	0.84	42	4	0	2	2
2883	0.84	42	4	0	2	2
2884	0.82	41	5	0	2	2
2885	0.84	42	4	0	2	2
2886	0.84	42	4	0	2	2
2887	0.84	42	4	0	2	2
2888	0.84	42	4	0	2	2
2889	0.84	42	4	0	2	2
2890	0.84	42	4	0	2	2
2891	0.82	41	5	0	2	2
2892	0.82	41	5	0	2	2
2893	0.82	41	5	0	2	2
2894	0.84	42	4	0	2	2
2895	0.82	41	4	0	2	3
2896	0.82	41	4	0	2	3
2897	0.82	41	4	0	2	3
2898	0.82	41	4	0	2	3
2899	0.82	41	4	0	2	3
2900	0.82	41	4	0	2	3
2901	0.82	41	4	0	2	3
2902	0.82	41	4	0	2	3
2903	0.82	41	4	0	2	3
2904	0.84	42	4	0	2	2
2905	0.84	42	4	0	2	2
2906	0.84	42	4	0	2	2
2907	0.84	42	4	0	2	2
2908	0.82	41	4	1	2	2
2909	0.82	41	4	1	2	2
2910	0.82	41	4	1	2	2
2911	0.84	42	4	1	1	2
2912	0.84	42	4	1	1	2
2913	0.86	43	4	1	1	1
2914	0.88	44	4	1	0	1
2915	0.88	44	4	1	0	1
2916	0.86	43	4	2	0	1
2917	0.86	43	4	2	0	1
2918	0.86	43	4	2	0	1
2919	0.88	44	3	2	0	1
2920	0.88	44	3	2	0	1
2921	0.88	44	3	2	0	1
2922	0.88	44	3	2	0	1
2923	0.88	44	3	2	0	1
2924	0.90	45	2	2	0	1
2925	0.90	45	2	2	0	1
2926	0.90	45	2	2	0	1
2927	0.90	45	2	2	0	1
2928	0.90	45	2	2	0	1
2929	0.90	45	2	2	0	1
2930	0.90	45	2	2	0	1
2931	0.90	45	2	2	0	1
2932	0.90	45	2	2	0	1
2933	0.90	45	2	2	0	1
2934	0.90	45	1	3	0	1
2935	0.90	45	1	3	0	1
2936	0.90	45	1	3	0	1
2937	0.90	45	1	3	0	1
2938	0.90	45	1	3	0	1
2939	0.88	44	1	3	1	1
2940	0.88	44	1	3	1	1
2941	0.90	45	0	3	1	1
2942	0.88	44	0	3	1	2
2943	0.88	44	0	3	1	2
2944	0.88	44	0	3	1	2
2945	0.90	45	0	3	1	1
2946	0.90	45	0	3	1	1
2947	0.90	45	0	3	1	1
2948	0.88	44	0	3	1	2
2949	0.88	44	0	3	1	2
2950	0.88	44	0	3	1	2
2951	0.86	43	0	4	1	2
2952	0.86	43	0	4	1	2
2953	0.86	43	0	4	1	2
2954	0.86	43	0	4	1	2
2955	0.86	43	0	4	1	2
2956	0.84	42	1	4	1	2
2957	0.84	42	1	4	1	2
2958	0.86	43	1	3	1	2
2959	0.86	43	1	3	1	2
2960	0.84	42	1	3	2	2
2961	0.82	41	1	3	3	2
2962	0.80	40	1	3	4	2
2963	0.80	40	1	3	4	2
2964	0.80	40	1	3	4	2
2965	0.80	40	1	3	4	2
2966	0.82	41	1	2	4	2
2967	0.82	41	1	2	4	2
2968	0.82	41	1	2	4	2
2969	0.80	40	2	2	4	2
2970	0.80	40	2	2	4	2
2971	0.78	39	2	2	5	2
2972	0.78	39	2	2	5	2
2973	0.76	38	2	2	5	3
2974	0.76	38	2	2	5	3
2975	0.76	38	2	2	5	3
2976	0.76	38	2	2	5	3
2977	0.74	37	2	2	6	3
2978	0.74	37	2	2	6	3
2979	0.72	36	2	2	7	3
2980	0.72	36	2	2	7	3
2981	0.72	36	2	2	7	3
2982	0.72	36	2	2	7	3
2983	0.72	36	2	2	7	3
2984	0.74	37	2	1	7	3
2985	0.74	37	2	1	7	3
2986	0.72	36	3	1	7	3
2987	0.72	36	3	1	7	3
2988	0.72	36	3	1	7	3
2989	0.72	36	4	1	6	3
2990	0.72	36	4	1	6	3
2991	0.72	36	4	1	6	3
2992	0.74	37	4	1	6	2
2993	0.74	37	4	1	6	2
2994	0.74	37	4	1	6	2
2995	0.74	37	4	1	6	2
2996	0.74	37	4	1	6	2
2997	0.74	37	4	1	6	2
2998	0.76	38	4	1	6	1
2999	0.76	38	4	1	6	1
