timestep	swarm_quality	color_0	color_1
0	0.70	70	30
1	0.70	70	30
2	0.70	70	30
3	0.69	69	31
4	0.69	69	31
5	0.69	69	31
6	0.69	69	31
7	0.69	69	31
8	0.68	68	32
9	0.67	67	33
10	0.67	67	33
11	0.67	67	33
12	0.67	67	33
13	0.66	66	34
14	0.65	65	35
15	0.65	65	35
16	0.65	65	35
17	0.65	65	35
18	0.64	64	36
19	0.64	64	36
20	0.64	64	36
21	0.64	64	36
22	0.64	64	36
23	0.64	64	36
24	0.64	64	36
25	0.64	64	36
26	0.63	63	37
27	0.63	63	37
28	0.63	63	37
29	0.63	63	37
30	0.63	63	37
31	0.63	63	37
32	0.63	63	37
33	0.63	63	37
34	0.63	63	37
35	0.63	63	37
36	0.63	63	37
37	0.63	63	37
38	0.63	63	37
39	0.63	63	37
40	0.62	62	38
41	0.62	62	38
42	0.62	62	38
43	0.62	62	38
44	0.62	62	38
45	0.62	62	38
46	0.62	62	38
47	0.62	62	38
48	0.62	62	38
49	0.62	62	38
50	0.62	62	38
51	0.61	61	39
52	0.61	61	39
53	0.60	60	40
54	0.59	59	41
55	0.58	58	42
56	0.58	58	42
57	0.57	57	43
58	0.57	57	43
59	0.57	57	43
60	0.56	56	44
61	0.55	55	45
62	0.55	55	45
63	0.54	54	46
64	0.54	54	46
65	0.54	54	46
66	0.54	54	46
67	0.54	54	46
68	0.53	53	47
69	0.53	53	47
70	0.54	54	46
71	0.55	55	45
72	0.56	56	44
73	0.57	57	43
74	0.57	57	43
75	0.58	58	42
76	0.59	59	41
77	0.59	59	41
78	0.60	60	40
79	0.61	61	39
80	0.62	62	38
81	0.62	62	38
82	0.63	63	37
83	0.63	63	37
84	0.63	63	37
85	0.64	64	36
86	0.65	65	35
87	0.66	66	34
88	0.67	67	33
89	0.68	68	32
90	0.69	69	31
91	0.70	70	30
92	0.71	71	29
93	0.72	72	28
94	0.72	72	28
95	0.73	73	27
96	0.74	74	26
97	0.75	75	25
98	0.75	75	25
99	0.75	75	25
100	0.75	75	25
101	0.74	74	26
102	0.74	74	26
103	0.75	75	25
104	0.75	75	25
105	0.75	75	25
106	0.75	75	25
107	0.75	75	25
108	0.75	75	25
109	0.75	75	25
110	0.75	75	25
111	0.75	75	25
112	0.75	75	25
113	0.76	76	24
114	0.76	76	24
115	0.75	75	25
116	0.75	75	25
117	0.75	75	25
118	0.76	76	24
119	0.76	76	24
120	0.76	76	24
121	0.76	76	24
122	0.76	76	24
123	0.76	76	24
124	0.76	76	24
125	0.76	76	24
126	0.77	77	23
127	0.77	77	23
128	0.77	77	23
129	0.77	77	23
130	0.77	77	23
131	0.76	76	24
132	0.76	76	24
133	0.76	76	24
134	0.75	75	25
135	0.75	75	25
136	0.75	75	25
137	0.74	74	26
138	0.73	73	27
139	0.72	72	28
140	0.73	73	27
141	0.73	73	27
142	0.73	73	27
143	0.73	73	27
144	0.73	73	27
145	0.73	73	27
146	0.73	73	27
147	0.72	72	28
148	0.71	71	29
149	0.71	71	29
150	0.71	71	29
151	0.71	71	29
152	0.71	71	29
153	0.72	72	28
154	0.73	73	27
155	0.74	74	26
156	0.74	74	26
157	0.75	75	25
158	0.75	75	25
159	0.74	74	26
160	0.75	75	25
161	0.76	76	24
162	0.76	76	24
163	0.77	77	23
164	0.77	77	23
165	0.77	77	23
166	0.77	77	23
167	0.77	77	23
168	0.78	78	22
169	0.77	77	23
170	0.77	77	23
171	0.77	77	23
172	0.77	77	23
173	0.77	77	23
174	0.78	78	22
175	0.78	78	22
176	0.77	77	23
177	0.78	78	22
178	0.78	78	22
179	0.77	77	23
180	0.77	77	23
181	0.78	78	22
182	0.78	78	22
183	0.79	79	21
184	0.79	79	21
185	0.79	79	21
186	0.79	79	21
187	0.79	79	21
188	0.79	79	21
189	0.79	79	21
190	0.79	79	21
191	0.79	79	21
192	0.78	78	22
193	0.77	77	23
194	0.77	77	23
195	0.77	77	23
196	0.77	77	23
197	0.77	77	23
198	0.77	77	23
199	0.78	78	22
200	0.78	78	22
201	0.79	79	21
202	0.79	79	21
203	0.79	79	21
204	0.79	79	21
205	0.79	79	21
206	0.79	79	21
207	0.79	79	21
208	0.79	79	21
209	0.79	79	21
210	0.79	79	21
211	0.79	79	21
212	0.79	79	21
213	0.79	79	21
214	0.80	80	20
215	0.81	81	19
216	0.81	81	19
217	0.81	81	19
218	0.81	81	19
219	0.81	81	19
220	0.81	81	19
221	0.81	81	19
222	0.81	81	19
223	0.80	80	20
224	0.79	79	21
225	0.79	79	21
226	0.79	79	21
227	0.79	79	21
228	0.79	79	21
229	0.79	79	21
230	0.79	79	21
231	0.80	80	20
232	0.79	79	21
233	0.79	79	21
234	0.80	80	20
235	0.79	79	21
236	0.78	78	22
237	0.79	79	21
238	0.80	80	20
239	0.81	81	19
240	0.81	81	19
241	0.81	81	19
242	0.81	81	19
243	0.81	81	19
244	0.81	81	19
245	0.81	81	19
246	0.80	80	20
247	0.81	81	19
248	0.82	82	18
249	0.81	81	19
250	0.81	81	19
251	0.81	81	19
252	0.80	80	20
253	0.80	80	20
254	0.80	80	20
255	0.80	80	20
256	0.80	80	20
257	0.80	80	20
258	0.80	80	20
259	0.81	81	19
260	0.81	81	19
261	0.81	81	19
262	0.81	81	19
263	0.81	81	19
264	0.81	81	19
265	0.81	81	19
266	0.81	81	19
267	0.81	81	19
268	0.81	81	19
269	0.82	82	18
270	0.82	82	18
271	0.81	81	19
272	0.80	80	20
273	0.80	80	20
274	0.80	80	20
275	0.80	80	20
276	0.81	81	19
277	0.80	80	20
278	0.80	80	20
279	0.81	81	19
280	0.81	81	19
281	0.81	81	19
282	0.80	80	20
283	0.79	79	21
284	0.80	80	20
285	0.80	80	20
286	0.80	80	20
287	0.80	80	20
288	0.80	80	20
289	0.80	80	20
290	0.79	79	21
291	0.79	79	21
292	0.79	79	21
293	0.80	80	20
294	0.81	81	19
295	0.81	81	19
296	0.81	81	19
297	0.81	81	19
298	0.81	81	19
299	0.81	81	19
300	0.81	81	19
301	0.81	81	19
302	0.81	81	19
303	0.81	81	19
304	0.81	81	19
305	0.81	81	19
306	0.81	81	19
307	0.80	80	20
308	0.80	80	20
309	0.81	81	19
310	0.81	81	19
311	0.81	81	19
312	0.81	81	19
313	0.81	81	19
314	0.81	81	19
315	0.81	81	19
316	0.81	81	19
317	0.81	81	19
318	0.81	81	19
319	0.81	81	19
320	0.81	81	19
321	0.81	81	19
322	0.81	81	19
323	0.82	82	18
324	0.83	83	17
325	0.83	83	17
326	0.83	83	17
327	0.83	83	17
328	0.82	82	18
329	0.82	82	18
330	0.82	82	18
331	0.81	81	19
332	0.81	81	19
333	0.81	81	19
334	0.80	80	20
335	0.80	80	20
336	0.81	81	19
337	0.80	80	20
338	0.80	80	20
339	0.79	79	21
340	0.79	79	21
341	0.79	79	21
342	0.79	79	21
343	0.79	79	21
344	0.78	78	22
345	0.78	78	22
346	0.78	78	22
347	0.78	78	22
348	0.78	78	22
349	0.79	79	21
350	0.79	79	21
351	0.80	80	20
352	0.81	81	19
353	0.81	81	19
354	0.81	81	19
355	0.81	81	19
356	0.81	81	19
357	0.81	81	19
358	0.81	81	19
359	0.80	80	20
360	0.80	80	20
361	0.79	79	21
362	0.79	79	21
363	0.79	79	21
364	0.79	79	21
365	0.78	78	22
366	0.77	77	23
367	0.77	77	23
368	0.77	77	23
369	0.77	77	23
370	0.77	77	23
371	0.78	78	22
372	0.79	79	21
373	0.79	79	21
374	0.79	79	21
375	0.79	79	21
376	0.79	79	21
377	0.80	80	20
378	0.79	79	21
379	0.79	79	21
380	0.79	79	21
381	0.79	79	21
382	0.79	79	21
383	0.79	79	21
384	0.79	79	21
385	0.79	79	21
386	0.79	79	21
387	0.79	79	21
388	0.79	79	21
389	0.79	79	21
390	0.80	80	20
391	0.80	80	20
392	0.81	81	19
393	0.80	80	20
394	0.80	80	20
395	0.80	80	20
396	0.80	80	20
397	0.80	80	20
398	0.80	80	20
399	0.79	79	21
400	0.78	78	22
401	0.78	78	22
402	0.78	78	22
403	0.78	78	22
404	0.77	77	23
405	0.77	77	23
406	0.77	77	23
407	0.78	78	22
408	0.79	79	21
409	0.79	79	21
410	0.79	79	21
411	0.79	79	21
412	0.79	79	21
413	0.79	79	21
414	0.79	79	21
415	0.78	78	22
416	0.77	77	23
417	0.77	77	23
418	0.77	77	23
419	0.77	77	23
420	0.77	77	23
421	0.77	77	23
422	0.77	77	23
423	0.77	77	23
424	0.77	77	23
425	0.77	77	23
426	0.77	77	23
427	0.77	77	23
428	0.77	77	23
429	0.77	77	23
430	0.77	77	23
431	0.78	78	22
432	0.78	78	22
433	0.78	78	22
434	0.78	78	22
435	0.79	79	21
436	0.79	79	21
437	0.80	80	20
438	0.80	80	20
439	0.81	81	19
440	0.81	81	19
441	0.81	81	19
442	0.81	81	19
443	0.81	81	19
444	0.82	82	18
445	0.82	82	18
446	0.83	83	17
447	0.83	83	17
448	0.83	83	17
449	0.82	82	18
450	0.82	82	18
451	0.82	82	18
452	0.82	82	18
453	0.82	82	18
454	0.82	82	18
455	0.82	82	18
456	0.81	81	19
457	0.81	81	19
458	0.81	81	19
459	0.82	82	18
460	0.82	82	18
461	0.83	83	17
462	0.83	83	17
463	0.83	83	17
464	0.83	83	17
465	0.84	84	16
466	0.85	85	15
467	0.84	84	16
468	0.84	84	16
469	0.84	84	16
470	0.84	84	16
471	0.84	84	16
472	0.84	84	16
473	0.84	84	16
474	0.84	84	16
475	0.84	84	16
476	0.83	83	17
477	0.83	83	17
478	0.84	84	16
479	0.83	83	17
480	0.83	83	17
481	0.82	82	18
482	0.83	83	17
483	0.84	84	16
484	0.84	84	16
485	0.84	84	16
486	0.84	84	16
487	0.84	84	16
488	0.83	83	17
489	0.83	83	17
490	0.83	83	17
491	0.83	83	17
492	0.82	82	18
493	0.83	83	17
494	0.83	83	17
495	0.83	83	17
496	0.83	83	17
497	0.83	83	17
498	0.83	83	17
499	0.83	83	17
500	0.84	84	16
501	0.84	84	16
502	0.84	84	16
503	0.84	84	16
504	0.85	85	15
505	0.85	85	15
506	0.85	85	15
507	0.85	85	15
508	0.85	85	15
509	0.85	85	15
510	0.84	84	16
511	0.83	83	17
512	0.83	83	17
513	0.83	83	17
514	0.83	83	17
515	0.84	84	16
516	0.85	85	15
517	0.85	85	15
518	0.85	85	15
519	0.85	85	15
520	0.85	85	15
521	0.85	85	15
522	0.85	85	15
523	0.85	85	15
524	0.85	85	15
525	0.85	85	15
526	0.85	85	15
527	0.85	85	15
528	0.86	86	14
529	0.86	86	14
530	0.86	86	14
531	0.86	86	14
532	0.87	87	13
533	0.87	87	13
534	0.88	88	12
535	0.88	88	12
536	0.88	88	12
537	0.88	88	12
538	0.88	88	12
539	0.88	88	12
540	0.88	88	12
541	0.87	87	13
542	0.87	87	13
543	0.87	87	13
544	0.87	87	13
545	0.87	87	13
546	0.87	87	13
547	0.87	87	13
548	0.87	87	13
549	0.88	88	12
550	0.88	88	12
551	0.87	87	13
552	0.87	87	13
553	0.87	87	13
554	0.87	87	13
555	0.87	87	13
556	0.88	88	12
557	0.87	87	13
558	0.87	87	13
559	0.87	87	13
560	0.86	86	14
561	0.85	85	15
562	0.85	85	15
563	0.84	84	16
564	0.84	84	16
565	0.84	84	16
566	0.84	84	16
567	0.85	85	15
568	0.84	84	16
569	0.84	84	16
570	0.84	84	16
571	0.84	84	16
572	0.84	84	16
573	0.84	84	16
574	0.84	84	16
575	0.84	84	16
576	0.85	85	15
577	0.84	84	16
578	0.84	84	16
579	0.85	85	15
580	0.85	85	15
581	0.86	86	14
582	0.86	86	14
583	0.86	86	14
584	0.86	86	14
585	0.86	86	14
586	0.86	86	14
587	0.86	86	14
588	0.87	87	13
589	0.87	87	13
590	0.87	87	13
591	0.87	87	13
592	0.88	88	12
593	0.87	87	13
594	0.87	87	13
595	0.86	86	14
596	0.86	86	14
597	0.86	86	14
598	0.86	86	14
599	0.87	87	13
600	0.87	87	13
601	0.87	87	13
602	0.87	87	13
603	0.87	87	13
604	0.86	86	14
605	0.86	86	14
606	0.86	86	14
607	0.86	86	14
608	0.86	86	14
609	0.85	85	15
610	0.86	86	14
611	0.87	87	13
612	0.87	87	13
613	0.87	87	13
614	0.87	87	13
615	0.87	87	13
616	0.87	87	13
617	0.87	87	13
618	0.87	87	13
619	0.87	87	13
620	0.87	87	13
621	0.87	87	13
622	0.86	86	14
623	0.86	86	14
624	0.86	86	14
625	0.86	86	14
626	0.86	86	14
627	0.86	86	14
628	0.86	86	14
629	0.86	86	14
630	0.86	86	14
631	0.86	86	14
632	0.86	86	14
633	0.85	85	15
634	0.85	85	15
635	0.84	84	16
636	0.84	84	16
637	0.84	84	16
638	0.84	84	16
639	0.84	84	16
640	0.84	84	16
641	0.85	85	15
642	0.85	85	15
643	0.85	85	15
644	0.85	85	15
645	0.85	85	15
646	0.85	85	15
647	0.85	85	15
648	0.85	85	15
649	0.84	84	16
650	0.84	84	16
651	0.85	85	15
652	0.85	85	15
653	0.85	85	15
654	0.85	85	15
655	0.85	85	15
656	0.84	84	16
657	0.84	84	16
658	0.84	84	16
659	0.84	84	16
660	0.85	85	15
661	0.85	85	15
662	0.85	85	15
663	0.86	86	14
664	0.86	86	14
665	0.85	85	15
666	0.85	85	15
667	0.85	85	15
668	0.85	85	15
669	0.85	85	15
670	0.85	85	15
671	0.85	85	15
672	0.85	85	15
673	0.84	84	16
674	0.84	84	16
675	0.83	83	17
676	0.83	83	17
677	0.83	83	17
678	0.82	82	18
679	0.82	82	18
680	0.82	82	18
681	0.81	81	19
682	0.81	81	19
683	0.80	80	20
684	0.80	80	20
685	0.80	80	20
686	0.80	80	20
687	0.80	80	20
688	0.80	80	20
689	0.79	79	21
690	0.78	78	22
691	0.77	77	23
692	0.77	77	23
693	0.78	78	22
694	0.78	78	22
695	0.79	79	21
696	0.79	79	21
697	0.79	79	21
698	0.80	80	20
699	0.80	80	20
700	0.80	80	20
701	0.79	79	21
702	0.79	79	21
703	0.79	79	21
704	0.80	80	20
705	0.80	80	20
706	0.80	80	20
707	0.79	79	21
708	0.79	79	21
709	0.80	80	20
710	0.79	79	21
711	0.78	78	22
712	0.77	77	23
713	0.77	77	23
714	0.77	77	23
715	0.77	77	23
716	0.76	76	24
717	0.75	75	25
718	0.75	75	25
719	0.74	74	26
720	0.74	74	26
721	0.73	73	27
722	0.74	74	26
723	0.74	74	26
724	0.74	74	26
725	0.74	74	26
726	0.73	73	27
727	0.73	73	27
728	0.73	73	27
729	0.73	73	27
730	0.73	73	27
731	0.73	73	27
732	0.73	73	27
733	0.74	74	26
734	0.74	74	26
735	0.75	75	25
736	0.74	74	26
737	0.73	73	27
738	0.72	72	28
739	0.72	72	28
740	0.71	71	29
741	0.71	71	29
742	0.71	71	29
743	0.71	71	29
744	0.71	71	29
745	0.71	71	29
746	0.71	71	29
747	0.71	71	29
748	0.71	71	29
749	0.72	72	28
750	0.72	72	28
751	0.72	72	28
752	0.71	71	29
753	0.71	71	29
754	0.71	71	29
755	0.71	71	29
756	0.72	72	28
757	0.73	73	27
758	0.73	73	27
759	0.73	73	27
760	0.73	73	27
761	0.74	74	26
762	0.74	74	26
763	0.74	74	26
764	0.74	74	26
765	0.75	75	25
766	0.75	75	25
767	0.75	75	25
768	0.76	76	24
769	0.75	75	25
770	0.75	75	25
771	0.75	75	25
772	0.75	75	25
773	0.76	76	24
774	0.76	76	24
775	0.77	77	23
776	0.77	77	23
777	0.78	78	22
778	0.79	79	21
779	0.78	78	22
780	0.78	78	22
781	0.79	79	21
782	0.79	79	21
783	0.80	80	20
784	0.80	80	20
785	0.80	80	20
786	0.80	80	20
787	0.80	80	20
788	0.80	80	20
789	0.81	81	19
790	0.81	81	19
791	0.82	82	18
792	0.81	81	19
793	0.81	81	19
794	0.81	81	19
795	0.80	80	20
796	0.80	80	20
797	0.80	80	20
798	0.80	80	20
799	0.80	80	20
800	0.80	80	20
801	0.81	81	19
802	0.81	81	19
803	0.81	81	19
804	0.81	81	19
805	0.81	81	19
806	0.81	81	19
807	0.82	82	18
808	0.82	82	18
809	0.82	82	18
810	0.82	82	18
811	0.83	83	17
812	0.83	83	17
813	0.82	82	18
814	0.81	81	19
815	0.81	81	19
816	0.82	82	18
817	0.83	83	17
818	0.83	83	17
819	0.84	84	16
820	0.84	84	16
821	0.84	84	16
822	0.84	84	16
823	0.84	84	16
824	0.84	84	16
825	0.84	84	16
826	0.84	84	16
827	0.84	84	16
828	0.84	84	16
829	0.83	83	17
830	0.83	83	17
831	0.83	83	17
832	0.83	83	17
833	0.83	83	17
834	0.83	83	17
835	0.83	83	17
836	0.84	84	16
837	0.84	84	16
838	0.85	85	15
839	0.84	84	16
840	0.85	85	15
841	0.84	84	16
842	0.84	84	16
843	0.84	84	16
844	0.84	84	16
845	0.84	84	16
846	0.84	84	16
847	0.84	84	16
848	0.83	83	17
849	0.83	83	17
850	0.83	83	17
851	0.83	83	17
852	0.83	83	17
853	0.83	83	17
854	0.82	82	18
855	0.82	82	18
856	0.82	82	18
857	0.82	82	18
858	0.82	82	18
859	0.82	82	18
860	0.82	82	18
861	0.82	82	18
862	0.82	82	18
863	0.81	81	19
864	0.81	81	19
865	0.81	81	19
866	0.80	80	20
867	0.79	79	21
868	0.79	79	21
869	0.80	80	20
870	0.79	79	21
871	0.79	79	21
872	0.79	79	21
873	0.79	79	21
874	0.79	79	21
875	0.79	79	21
876	0.79	79	21
877	0.78	78	22
878	0.78	78	22
879	0.79	79	21
880	0.79	79	21
881	0.79	79	21
882	0.79	79	21
883	0.78	78	22
884	0.78	78	22
885	0.78	78	22
886	0.77	77	23
887	0.76	76	24
888	0.76	76	24
889	0.75	75	25
890	0.75	75	25
891	0.75	75	25
892	0.75	75	25
893	0.75	75	25
894	0.75	75	25
895	0.75	75	25
896	0.75	75	25
897	0.75	75	25
898	0.74	74	26
899	0.74	74	26
900	0.74	74	26
901	0.74	74	26
902	0.74	74	26
903	0.74	74	26
904	0.73	73	27
905	0.73	73	27
906	0.73	73	27
907	0.73	73	27
908	0.73	73	27
909	0.73	73	27
910	0.74	74	26
911	0.74	74	26
912	0.75	75	25
913	0.76	76	24
914	0.76	76	24
915	0.76	76	24
916	0.76	76	24
917	0.76	76	24
918	0.76	76	24
919	0.76	76	24
920	0.76	76	24
921	0.76	76	24
922	0.75	75	25
923	0.75	75	25
924	0.75	75	25
925	0.75	75	25
926	0.75	75	25
927	0.74	74	26
928	0.73	73	27
929	0.74	74	26
930	0.74	74	26
931	0.74	74	26
932	0.74	74	26
933	0.74	74	26
934	0.74	74	26
935	0.74	74	26
936	0.73	73	27
937	0.74	74	26
938	0.74	74	26
939	0.75	75	25
940	0.75	75	25
941	0.76	76	24
942	0.76	76	24
943	0.75	75	25
944	0.75	75	25
945	0.75	75	25
946	0.75	75	25
947	0.75	75	25
948	0.76	76	24
949	0.76	76	24
950	0.76	76	24
951	0.76	76	24
952	0.77	77	23
953	0.77	77	23
954	0.78	78	22
955	0.78	78	22
956	0.78	78	22
957	0.78	78	22
958	0.77	77	23
959	0.77	77	23
960	0.77	77	23
961	0.77	77	23
962	0.77	77	23
963	0.77	77	23
964	0.77	77	23
965	0.77	77	23
966	0.78	78	22
967	0.79	79	21
968	0.79	79	21
969	0.79	79	21
970	0.80	80	20
971	0.80	80	20
972	0.80	80	20
973	0.80	80	20
974	0.79	79	21
975	0.79	79	21
976	0.79	79	21
977	0.79	79	21
978	0.79	79	21
979	0.78	78	22
980	0.78	78	22
981	0.77	77	23
982	0.77	77	23
983	0.78	78	22
984	0.77	77	23
985	0.77	77	23
986	0.77	77	23
987	0.78	78	22
988	0.77	77	23
989	0.77	77	23
990	0.78	78	22
991	0.77	77	23
992	0.78	78	22
993	0.78	78	22
994	0.78	78	22
995	0.79	79	21
996	0.79	79	21
997	0.78	78	22
998	0.78	78	22
999	0.78	78	22
1000	0.23	77	23
1001	0.24	76	24
1002	0.25	75	25
1003	0.26	74	26
1004	0.26	74	26
1005	0.27	73	27
1006	0.28	72	28
1007	0.29	71	29
1008	0.29	71	29
1009	0.30	70	30
1010	0.30	70	30
1011	0.31	69	31
1012	0.32	68	32
1013	0.33	67	33
1014	0.32	68	32
1015	0.33	67	33
1016	0.34	66	34
1017	0.34	66	34
1018	0.35	65	35
1019	0.36	64	36
1020	0.37	63	37
1021	0.37	63	37
1022	0.37	63	37
1023	0.37	63	37
1024	0.37	63	37
1025	0.38	62	38
1026	0.38	62	38
1027	0.38	62	38
1028	0.38	62	38
1029	0.39	61	39
1030	0.40	60	40
1031	0.41	59	41
1032	0.42	58	42
1033	0.43	57	43
1034	0.44	56	44
1035	0.45	55	45
1036	0.45	55	45
1037	0.46	54	46
1038	0.47	53	47
1039	0.48	52	48
1040	0.48	52	48
1041	0.49	51	49
1042	0.50	50	50
1043	0.50	50	50
1044	0.51	49	51
1045	0.51	49	51
1046	0.52	48	52
1047	0.53	47	53
1048	0.54	46	54
1049	0.55	45	55
1050	0.56	44	56
1051	0.57	43	57
1052	0.58	42	58
1053	0.59	41	59
1054	0.60	40	60
1055	0.61	39	61
1056	0.62	38	62
1057	0.63	37	63
1058	0.63	37	63
1059	0.64	36	64
1060	0.65	35	65
1061	0.65	35	65
1062	0.66	34	66
1063	0.66	34	66
1064	0.67	33	67
1065	0.68	32	68
1066	0.69	31	69
1067	0.70	30	70
1068	0.71	29	71
1069	0.72	28	72
1070	0.73	27	73
1071	0.74	26	74
1072	0.75	25	75
1073	0.76	24	76
1074	0.76	24	76
1075	0.77	23	77
1076	0.78	22	78
1077	0.78	22	78
1078	0.79	21	79
1079	0.78	22	78
1080	0.79	21	79
1081	0.79	21	79
1082	0.80	20	80
1083	0.81	19	81
1084	0.81	19	81
1085	0.82	18	82
1086	0.82	18	82
1087	0.82	18	82
1088	0.81	19	81
1089	0.81	19	81
1090	0.82	18	82
1091	0.82	18	82
1092	0.83	17	83
1093	0.84	16	84
1094	0.85	15	85
1095	0.85	15	85
1096	0.86	14	86
1097	0.86	14	86
1098	0.86	14	86
1099	0.87	13	87
1100	0.87	13	87
1101	0.87	13	87
1102	0.87	13	87
1103	0.87	13	87
1104	0.87	13	87
1105	0.87	13	87
1106	0.87	13	87
1107	0.87	13	87
1108	0.88	12	88
1109	0.88	12	88
1110	0.89	11	89
1111	0.89	11	89
1112	0.89	11	89
1113	0.89	11	89
1114	0.90	10	90
1115	0.90	10	90
1116	0.90	10	90
1117	0.91	9	91
1118	0.91	9	91
1119	0.91	9	91
1120	0.90	10	90
1121	0.90	10	90
1122	0.90	10	90
1123	0.91	9	91
1124	0.92	8	92
1125	0.92	8	92
1126	0.92	8	92
1127	0.91	9	91
1128	0.91	9	91
1129	0.91	9	91
1130	0.91	9	91
1131	0.90	10	90
1132	0.90	10	90
1133	0.90	10	90
1134	0.89	11	89
1135	0.88	12	88
1136	0.88	12	88
1137	0.87	13	87
1138	0.87	13	87
1139	0.87	13	87
1140	0.88	12	88
1141	0.87	13	87
1142	0.87	13	87
1143	0.87	13	87
1144	0.86	14	86
1145	0.86	14	86
1146	0.86	14	86
1147	0.86	14	86
1148	0.86	14	86
1149	0.85	15	85
1150	0.85	15	85
1151	0.85	15	85
1152	0.85	15	85
1153	0.84	16	84
1154	0.84	16	84
1155	0.84	16	84
1156	0.84	16	84
1157	0.84	16	84
1158	0.84	16	84
1159	0.84	16	84
1160	0.84	16	84
1161	0.85	15	85
1162	0.85	15	85
1163	0.85	15	85
1164	0.85	15	85
1165	0.84	16	84
1166	0.84	16	84
1167	0.83	17	83
1168	0.83	17	83
1169	0.82	18	82
1170	0.81	19	81
1171	0.81	19	81
1172	0.81	19	81
1173	0.81	19	81
1174	0.81	19	81
1175	0.81	19	81
1176	0.81	19	81
1177	0.81	19	81
1178	0.81	19	81
1179	0.81	19	81
1180	0.81	19	81
1181	0.81	19	81
1182	0.81	19	81
1183	0.81	19	81
1184	0.80	20	80
1185	0.80	20	80
1186	0.80	20	80
1187	0.81	19	81
1188	0.82	18	82
1189	0.82	18	82
1190	0.82	18	82
1191	0.82	18	82
1192	0.82	18	82
1193	0.82	18	82
1194	0.82	18	82
1195	0.82	18	82
1196	0.81	19	81
1197	0.81	19	81
1198	0.81	19	81
1199	0.81	19	81
1200	0.80	20	80
1201	0.80	20	80
1202	0.80	20	80
1203	0.80	20	80
1204	0.80	20	80
1205	0.79	21	79
1206	0.79	21	79
1207	0.79	21	79
1208	0.79	21	79
1209	0.79	21	79
1210	0.79	21	79
1211	0.79	21	79
1212	0.79	21	79
1213	0.79	21	79
1214	0.78	22	78
1215	0.77	23	77
1216	0.77	23	77
1217	0.77	23	77
1218	0.77	23	77
1219	0.76	24	76
1220	0.77	23	77
1221	0.77	23	77
1222	0.77	23	77
1223	0.77	23	77
1224	0.77	23	77
1225	0.76	24	76
1226	0.76	24	76
1227	0.77	23	77
1228	0.77	23	77
1229	0.76	24	76
1230	0.76	24	76
1231	0.77	23	77
1232	0.77	23	77
1233	0.77	23	77
1234	0.77	23	77
1235	0.78	22	78
1236	0.77	23	77
1237	0.77	23	77
1238	0.77	23	77
1239	0.77	23	77
1240	0.77	23	77
1241	0.77	23	77
1242	0.77	23	77
1243	0.77	23	77
1244	0.78	22	78
1245	0.79	21	79
1246	0.79	21	79
1247	0.79	21	79
1248	0.79	21	79
1249	0.80	20	80
1250	0.80	20	80
1251	0.80	20	80
1252	0.80	20	80
1253	0.81	19	81
1254	0.81	19	81
1255	0.81	19	81
1256	0.81	19	81
1257	0.80	20	80
1258	0.80	20	80
1259	0.80	20	80
1260	0.79	21	79
1261	0.79	21	79
1262	0.78	22	78
1263	0.78	22	78
1264	0.77	23	77
1265	0.77	23	77
1266	0.77	23	77
1267	0.78	22	78
1268	0.78	22	78
1269	0.79	21	79
1270	0.80	20	80
1271	0.80	20	80
1272	0.79	21	79
1273	0.79	21	79
1274	0.78	22	78
1275	0.78	22	78
1276	0.78	22	78
1277	0.78	22	78
1278	0.77	23	77
1279	0.78	22	78
1280	0.78	22	78
1281	0.78	22	78
1282	0.78	22	78
1283	0.77	23	77
1284	0.78	22	78
1285	0.78	22	78
1286	0.78	22	78
1287	0.78	22	78
1288	0.78	22	78
1289	0.78	22	78
1290	0.78	22	78
1291	0.78	22	78
1292	0.78	22	78
1293	0.78	22	78
1294	0.78	22	78
1295	0.79	21	79
1296	0.80	20	80
1297	0.80	20	80
1298	0.80	20	80
1299	0.79	21	79
1300	0.80	20	80
1301	0.80	20	80
1302	0.80	20	80
1303	0.79	21	79
1304	0.79	21	79
1305	0.80	20	80
1306	0.80	20	80
1307	0.79	21	79
1308	0.79	21	79
1309	0.79	21	79
1310	0.79	21	79
1311	0.79	21	79
1312	0.79	21	79
1313	0.79	21	79
1314	0.80	20	80
1315	0.81	19	81
1316	0.80	20	80
1317	0.79	21	79
1318	0.79	21	79
1319	0.80	20	80
1320	0.79	21	79
1321	0.78	22	78
1322	0.78	22	78
1323	0.78	22	78
1324	0.78	22	78
1325	0.79	21	79
1326	0.79	21	79
1327	0.79	21	79
1328	0.79	21	79
1329	0.80	20	80
1330	0.80	20	80
1331	0.80	20	80
1332	0.80	20	80
1333	0.79	21	79
1334	0.79	21	79
1335	0.79	21	79
1336	0.79	21	79
1337	0.80	20	80
1338	0.80	20	80
1339	0.79	21	79
1340	0.79	21	79
1341	0.80	20	80
1342	0.80	20	80
1343	0.80	20	80
1344	0.79	21	79
1345	0.79	21	79
1346	0.78	22	78
1347	0.78	22	78
1348	0.78	22	78
1349	0.78	22	78
1350	0.78	22	78
1351	0.78	22	78
1352	0.77	23	77
1353	0.77	23	77
1354	0.77	23	77
1355	0.77	23	77
1356	0.77	23	77
1357	0.77	23	77
1358	0.77	23	77
1359	0.77	23	77
1360	0.77	23	77
1361	0.77	23	77
1362	0.77	23	77
1363	0.76	24	76
1364	0.77	23	77
1365	0.78	22	78
1366	0.77	23	77
1367	0.76	24	76
1368	0.75	25	75
1369	0.75	25	75
1370	0.75	25	75
1371	0.75	25	75
1372	0.76	24	76
1373	0.75	25	75
1374	0.76	24	76
1375	0.75	25	75
1376	0.75	25	75
1377	0.75	25	75
1378	0.75	25	75
1379	0.75	25	75
1380	0.75	25	75
1381	0.75	25	75
1382	0.74	26	74
1383	0.75	25	75
1384	0.75	25	75
1385	0.74	26	74
1386	0.74	26	74
1387	0.74	26	74
1388	0.73	27	73
1389	0.72	28	72
1390	0.72	28	72
1391	0.71	29	71
1392	0.70	30	70
1393	0.70	30	70
1394	0.70	30	70
1395	0.70	30	70
1396	0.69	31	69
1397	0.69	31	69
1398	0.69	31	69
1399	0.70	30	70
1400	0.69	31	69
1401	0.69	31	69
1402	0.69	31	69
1403	0.70	30	70
1404	0.70	30	70
1405	0.70	30	70
1406	0.69	31	69
1407	0.69	31	69
1408	0.68	32	68
1409	0.68	32	68
1410	0.68	32	68
1411	0.68	32	68
1412	0.67	33	67
1413	0.67	33	67
1414	0.67	33	67
1415	0.67	33	67
1416	0.68	32	68
1417	0.69	31	69
1418	0.69	31	69
1419	0.69	31	69
1420	0.70	30	70
1421	0.71	29	71
1422	0.71	29	71
1423	0.70	30	70
1424	0.69	31	69
1425	0.69	31	69
1426	0.68	32	68
1427	0.68	32	68
1428	0.67	33	67
1429	0.67	33	67
1430	0.67	33	67
1431	0.67	33	67
1432	0.67	33	67
1433	0.68	32	68
1434	0.69	31	69
1435	0.69	31	69
1436	0.70	30	70
1437	0.70	30	70
1438	0.69	31	69
1439	0.69	31	69
1440	0.68	32	68
1441	0.68	32	68
1442	0.68	32	68
1443	0.67	33	67
1444	0.68	32	68
1445	0.68	32	68
1446	0.69	31	69
1447	0.69	31	69
1448	0.69	31	69
1449	0.69	31	69
1450	0.69	31	69
1451	0.68	32	68
1452	0.68	32	68
1453	0.68	32	68
1454	0.68	32	68
1455	0.68	32	68
1456	0.67	33	67
1457	0.68	32	68
1458	0.68	32	68
1459	0.68	32	68
1460	0.68	32	68
1461	0.67	33	67
1462	0.67	33	67
1463	0.68	32	68
1464	0.68	32	68
1465	0.68	32	68
1466	0.69	31	69
1467	0.70	30	70
1468	0.70	30	70
1469	0.70	30	70
1470	0.69	31	69
1471	0.69	31	69
1472	0.69	31	69
1473	0.70	30	70
1474	0.70	30	70
1475	0.70	30	70
1476	0.70	30	70
1477	0.70	30	70
1478	0.71	29	71
1479	0.71	29	71
1480	0.70	30	70
1481	0.70	30	70
1482	0.71	29	71
1483	0.71	29	71
1484	0.71	29	71
1485	0.72	28	72
1486	0.72	28	72
1487	0.72	28	72
1488	0.73	27	73
1489	0.73	27	73
1490	0.73	27	73
1491	0.74	26	74
1492	0.75	25	75
1493	0.75	25	75
1494	0.75	25	75
1495	0.75	25	75
1496	0.76	24	76
1497	0.76	24	76
1498	0.76	24	76
1499	0.75	25	75
1500	0.76	24	76
1501	0.76	24	76
1502	0.76	24	76
1503	0.76	24	76
1504	0.76	24	76
1505	0.76	24	76
1506	0.76	24	76
1507	0.77	23	77
1508	0.78	22	78
1509	0.77	23	77
1510	0.76	24	76
1511	0.76	24	76
1512	0.77	23	77
1513	0.77	23	77
1514	0.77	23	77
1515	0.76	24	76
1516	0.76	24	76
1517	0.75	25	75
1518	0.74	26	74
1519	0.74	26	74
1520	0.74	26	74
1521	0.74	26	74
1522	0.74	26	74
1523	0.75	25	75
1524	0.76	24	76
1525	0.75	25	75
1526	0.75	25	75
1527	0.75	25	75
1528	0.76	24	76
1529	0.76	24	76
1530	0.75	25	75
1531	0.75	25	75
1532	0.75	25	75
1533	0.75	25	75
1534	0.75	25	75
1535	0.75	25	75
1536	0.74	26	74
1537	0.73	27	73
1538	0.74	26	74
1539	0.75	25	75
1540	0.76	24	76
1541	0.76	24	76
1542	0.76	24	76
1543	0.76	24	76
1544	0.75	25	75
1545	0.75	25	75
1546	0.75	25	75
1547	0.75	25	75
1548	0.75	25	75
1549	0.75	25	75
1550	0.75	25	75
1551	0.76	24	76
1552	0.77	23	77
1553	0.77	23	77
1554	0.77	23	77
1555	0.76	24	76
1556	0.77	23	77
1557	0.76	24	76
1558	0.76	24	76
1559	0.75	25	75
1560	0.75	25	75
1561	0.76	24	76
1562	0.77	23	77
1563	0.77	23	77
1564	0.77	23	77
1565	0.77	23	77
1566	0.77	23	77
1567	0.77	23	77
1568	0.78	22	78
1569	0.78	22	78
1570	0.79	21	79
1571	0.79	21	79
1572	0.78	22	78
1573	0.78	22	78
1574	0.78	22	78
1575	0.79	21	79
1576	0.79	21	79
1577	0.79	21	79
1578	0.79	21	79
1579	0.79	21	79
1580	0.79	21	79
1581	0.78	22	78
1582	0.78	22	78
1583	0.78	22	78
1584	0.78	22	78
1585	0.78	22	78
1586	0.77	23	77
1587	0.77	23	77
1588	0.77	23	77
1589	0.78	22	78
1590	0.78	22	78
1591	0.78	22	78
1592	0.78	22	78
1593	0.78	22	78
1594	0.78	22	78
1595	0.78	22	78
1596	0.78	22	78
1597	0.77	23	77
1598	0.77	23	77
1599	0.77	23	77
1600	0.77	23	77
1601	0.77	23	77
1602	0.77	23	77
1603	0.76	24	76
1604	0.75	25	75
1605	0.75	25	75
1606	0.75	25	75
1607	0.75	25	75
1608	0.75	25	75
1609	0.76	24	76
1610	0.77	23	77
1611	0.77	23	77
1612	0.77	23	77
1613	0.77	23	77
1614	0.76	24	76
1615	0.77	23	77
1616	0.77	23	77
1617	0.78	22	78
1618	0.79	21	79
1619	0.78	22	78
1620	0.78	22	78
1621	0.78	22	78
1622	0.78	22	78
1623	0.78	22	78
1624	0.78	22	78
1625	0.79	21	79
1626	0.80	20	80
1627	0.80	20	80
1628	0.80	20	80
1629	0.80	20	80
1630	0.81	19	81
1631	0.81	19	81
1632	0.81	19	81
1633	0.81	19	81
1634	0.80	20	80
1635	0.80	20	80
1636	0.81	19	81
1637	0.82	18	82
1638	0.82	18	82
1639	0.82	18	82
1640	0.82	18	82
1641	0.82	18	82
1642	0.82	18	82
1643	0.83	17	83
1644	0.84	16	84
1645	0.84	16	84
1646	0.84	16	84
1647	0.83	17	83
1648	0.83	17	83
1649	0.83	17	83
1650	0.83	17	83
1651	0.83	17	83
1652	0.82	18	82
1653	0.82	18	82
1654	0.82	18	82
1655	0.83	17	83
1656	0.82	18	82
1657	0.82	18	82
1658	0.82	18	82
1659	0.82	18	82
1660	0.82	18	82
1661	0.81	19	81
1662	0.80	20	80
1663	0.80	20	80
1664	0.80	20	80
1665	0.80	20	80
1666	0.79	21	79
1667	0.78	22	78
1668	0.78	22	78
1669	0.78	22	78
1670	0.78	22	78
1671	0.78	22	78
1672	0.78	22	78
1673	0.78	22	78
1674	0.78	22	78
1675	0.78	22	78
1676	0.78	22	78
1677	0.78	22	78
1678	0.78	22	78
1679	0.77	23	77
1680	0.77	23	77
1681	0.77	23	77
1682	0.77	23	77
1683	0.77	23	77
1684	0.77	23	77
1685	0.77	23	77
1686	0.78	22	78
1687	0.78	22	78
1688	0.78	22	78
1689	0.78	22	78
1690	0.78	22	78
1691	0.78	22	78
1692	0.78	22	78
1693	0.78	22	78
1694	0.77	23	77
1695	0.76	24	76
1696	0.76	24	76
1697	0.77	23	77
1698	0.76	24	76
1699	0.76	24	76
1700	0.75	25	75
1701	0.75	25	75
1702	0.75	25	75
1703	0.75	25	75
1704	0.76	24	76
1705	0.76	24	76
1706	0.77	23	77
1707	0.77	23	77
1708	0.76	24	76
1709	0.76	24	76
1710	0.75	25	75
1711	0.75	25	75
1712	0.74	26	74
1713	0.74	26	74
1714	0.75	25	75
1715	0.74	26	74
1716	0.74	26	74
1717	0.73	27	73
1718	0.73	27	73
1719	0.73	27	73
1720	0.73	27	73
1721	0.73	27	73
1722	0.73	27	73
1723	0.73	27	73
1724	0.73	27	73
1725	0.73	27	73
1726	0.73	27	73
1727	0.72	28	72
1728	0.72	28	72
1729	0.72	28	72
1730	0.72	28	72
1731	0.72	28	72
1732	0.72	28	72
1733	0.72	28	72
1734	0.73	27	73
1735	0.72	28	72
1736	0.72	28	72
1737	0.72	28	72
1738	0.72	28	72
1739	0.72	28	72
1740	0.72	28	72
1741	0.72	28	72
1742	0.71	29	71
1743	0.71	29	71
1744	0.70	30	70
1745	0.69	31	69
1746	0.69	31	69
1747	0.69	31	69
1748	0.69	31	69
1749	0.69	31	69
1750	0.69	31	69
1751	0.69	31	69
1752	0.70	30	70
1753	0.70	30	70
1754	0.70	30	70
1755	0.70	30	70
1756	0.71	29	71
1757	0.71	29	71
1758	0.71	29	71
1759	0.72	28	72
1760	0.73	27	73
1761	0.74	26	74
1762	0.75	25	75
1763	0.75	25	75
1764	0.75	25	75
1765	0.75	25	75
1766	0.76	24	76
1767	0.77	23	77
1768	0.77	23	77
1769	0.76	24	76
1770	0.76	24	76
1771	0.75	25	75
1772	0.76	24	76
1773	0.75	25	75
1774	0.75	25	75
1775	0.75	25	75
1776	0.74	26	74
1777	0.73	27	73
1778	0.73	27	73
1779	0.73	27	73
1780	0.73	27	73
1781	0.74	26	74
1782	0.74	26	74
1783	0.74	26	74
1784	0.74	26	74
1785	0.74	26	74
1786	0.74	26	74
1787	0.74	26	74
1788	0.74	26	74
1789	0.74	26	74
1790	0.73	27	73
1791	0.73	27	73
1792	0.72	28	72
1793	0.72	28	72
1794	0.73	27	73
1795	0.74	26	74
1796	0.74	26	74
1797	0.73	27	73
1798	0.74	26	74
1799	0.74	26	74
1800	0.75	25	75
1801	0.75	25	75
1802	0.75	25	75
1803	0.76	24	76
1804	0.76	24	76
1805	0.76	24	76
1806	0.76	24	76
1807	0.76	24	76
1808	0.77	23	77
1809	0.77	23	77
1810	0.78	22	78
1811	0.78	22	78
1812	0.79	21	79
1813	0.79	21	79
1814	0.79	21	79
1815	0.80	20	80
1816	0.80	20	80
1817	0.81	19	81
1818	0.81	19	81
1819	0.82	18	82
1820	0.82	18	82
1821	0.82	18	82
1822	0.82	18	82
1823	0.82	18	82
1824	0.82	18	82
1825	0.82	18	82
1826	0.82	18	82
1827	0.83	17	83
1828	0.83	17	83
1829	0.83	17	83
1830	0.83	17	83
1831	0.83	17	83
1832	0.83	17	83
1833	0.82	18	82
1834	0.82	18	82
1835	0.82	18	82
1836	0.82	18	82
1837	0.82	18	82
1838	0.82	18	82
1839	0.81	19	81
1840	0.81	19	81
1841	0.81	19	81
1842	0.82	18	82
1843	0.82	18	82
1844	0.83	17	83
1845	0.83	17	83
1846	0.83	17	83
1847	0.83	17	83
1848	0.82	18	82
1849	0.82	18	82
1850	0.82	18	82
1851	0.81	19	81
1852	0.81	19	81
1853	0.81	19	81
1854	0.81	19	81
1855	0.81	19	81
1856	0.81	19	81
1857	0.82	18	82
1858	0.82	18	82
1859	0.82	18	82
1860	0.82	18	82
1861	0.82	18	82
1862	0.82	18	82
1863	0.82	18	82
1864	0.82	18	82
1865	0.82	18	82
1866	0.82	18	82
1867	0.82	18	82
1868	0.82	18	82
1869	0.83	17	83
1870	0.83	17	83
1871	0.84	16	84
1872	0.84	16	84
1873	0.85	15	85
1874	0.85	15	85
1875	0.85	15	85
1876	0.85	15	85
1877	0.86	14	86
1878	0.86	14	86
1879	0.86	14	86
1880	0.86	14	86
1881	0.85	15	85
1882	0.85	15	85
1883	0.84	16	84
1884	0.83	17	83
1885	0.83	17	83
1886	0.83	17	83
1887	0.83	17	83
1888	0.83	17	83
1889	0.83	17	83
1890	0.84	16	84
1891	0.84	16	84
1892	0.85	15	85
1893	0.84	16	84
1894	0.84	16	84
1895	0.84	16	84
1896	0.84	16	84
1897	0.85	15	85
1898	0.84	16	84
1899	0.85	15	85
1900	0.84	16	84
1901	0.84	16	84
1902	0.84	16	84
1903	0.83	17	83
1904	0.83	17	83
1905	0.83	17	83
1906	0.83	17	83
1907	0.83	17	83
1908	0.83	17	83
1909	0.82	18	82
1910	0.82	18	82
1911	0.82	18	82
1912	0.82	18	82
1913	0.82	18	82
1914	0.82	18	82
1915	0.82	18	82
1916	0.82	18	82
1917	0.81	19	81
1918	0.81	19	81
1919	0.81	19	81
1920	0.80	20	80
1921	0.79	21	79
1922	0.79	21	79
1923	0.78	22	78
1924	0.77	23	77
1925	0.77	23	77
1926	0.77	23	77
1927	0.76	24	76
1928	0.76	24	76
1929	0.76	24	76
1930	0.76	24	76
1931	0.76	24	76
1932	0.76	24	76
1933	0.76	24	76
1934	0.76	24	76
1935	0.77	23	77
1936	0.77	23	77
1937	0.77	23	77
1938	0.77	23	77
1939	0.78	22	78
1940	0.78	22	78
1941	0.78	22	78
1942	0.77	23	77
1943	0.77	23	77
1944	0.77	23	77
1945	0.78	22	78
1946	0.77	23	77
1947	0.78	22	78
1948	0.79	21	79
1949	0.79	21	79
1950	0.79	21	79
1951	0.80	20	80
1952	0.79	21	79
1953	0.78	22	78
1954	0.78	22	78
1955	0.78	22	78
1956	0.78	22	78
1957	0.78	22	78
1958	0.77	23	77
1959	0.77	23	77
1960	0.76	24	76
1961	0.76	24	76
1962	0.76	24	76
1963	0.76	24	76
1964	0.76	24	76
1965	0.76	24	76
1966	0.76	24	76
1967	0.75	25	75
1968	0.75	25	75
1969	0.75	25	75
1970	0.75	25	75
1971	0.74	26	74
1972	0.74	26	74
1973	0.73	27	73
1974	0.73	27	73
1975	0.73	27	73
1976	0.74	26	74
1977	0.73	27	73
1978	0.73	27	73
1979	0.74	26	74
1980	0.75	25	75
1981	0.76	24	76
1982	0.76	24	76
1983	0.77	23	77
1984	0.77	23	77
1985	0.76	24	76
1986	0.76	24	76
1987	0.76	24	76
1988	0.75	25	75
1989	0.75	25	75
1990	0.75	25	75
1991	0.74	26	74
1992	0.73	27	73
1993	0.74	26	74
1994	0.73	27	73
1995	0.73	27	73
1996	0.72	28	72
1997	0.72	28	72
1998	0.72	28	72
1999	0.71	29	71
2000	0.29	29	71
2001	0.30	30	70
2002	0.30	30	70
2003	0.29	29	71
2004	0.30	30	70
2005	0.31	31	69
2006	0.32	32	68
2007	0.33	33	67
2008	0.34	34	66
2009	0.34	34	66
2010	0.35	35	65
2011	0.35	35	65
2012	0.36	36	64
2013	0.37	37	63
2014	0.38	38	62
2015	0.38	38	62
2016	0.39	39	61
2017	0.39	39	61
2018	0.40	40	60
2019	0.41	41	59
2020	0.41	41	59
2021	0.41	41	59
2022	0.42	42	58
2023	0.42	42	58
2024	0.42	42	58
2025	0.43	43	57
2026	0.44	44	56
2027	0.43	43	57
2028	0.44	44	56
2029	0.45	45	55
2030	0.46	46	54
2031	0.47	47	53
2032	0.48	48	52
2033	0.48	48	52
2034	0.49	49	51
2035	0.50	50	50
2036	0.50	50	50
2037	0.50	50	50
2038	0.50	50	50
2039	0.51	51	49
2040	0.51	51	49
2041	0.52	52	48
2042	0.52	52	48
2043	0.53	53	47
2044	0.54	54	46
2045	0.55	55	45
2046	0.55	55	45
2047	0.56	56	44
2048	0.57	57	43
2049	0.57	57	43
2050	0.58	58	42
2051	0.59	59	41
2052	0.59	59	41
2053	0.59	59	41
2054	0.60	60	40
2055	0.61	61	39
2056	0.61	61	39
2057	0.62	62	38
2058	0.62	62	38
2059	0.62	62	38
2060	0.62	62	38
2061	0.63	63	37
2062	0.64	64	36
2063	0.65	65	35
2064	0.66	66	34
2065	0.67	67	33
2066	0.68	68	32
2067	0.68	68	32
2068	0.69	69	31
2069	0.70	70	30
2070	0.71	71	29
2071	0.71	71	29
2072	0.72	72	28
2073	0.72	72	28
2074	0.73	73	27
2075	0.74	74	26
2076	0.74	74	26
2077	0.74	74	26
2078	0.75	75	25
2079	0.76	76	24
2080	0.77	77	23
2081	0.78	78	22
2082	0.79	79	21
2083	0.80	80	20
2084	0.80	80	20
2085	0.79	79	21
2086	0.80	80	20
2087	0.81	81	19
2088	0.81	81	19
2089	0.82	82	18
2090	0.83	83	17
2091	0.83	83	17
2092	0.83	83	17
2093	0.84	84	16
2094	0.84	84	16
2095	0.85	85	15
2096	0.85	85	15
2097	0.86	86	14
2098	0.85	85	15
2099	0.84	84	16
2100	0.84	84	16
2101	0.84	84	16
2102	0.84	84	16
2103	0.85	85	15
2104	0.85	85	15
2105	0.85	85	15
2106	0.85	85	15
2107	0.85	85	15
2108	0.85	85	15
2109	0.85	85	15
2110	0.85	85	15
2111	0.86	86	14
2112	0.86	86	14
2113	0.85	85	15
2114	0.84	84	16
2115	0.85	85	15
2116	0.85	85	15
2117	0.85	85	15
2118	0.85	85	15
2119	0.85	85	15
2120	0.85	85	15
2121	0.84	84	16
2122	0.84	84	16
2123	0.83	83	17
2124	0.82	82	18
2125	0.81	81	19
2126	0.81	81	19
2127	0.82	82	18
2128	0.82	82	18
2129	0.82	82	18
2130	0.81	81	19
2131	0.81	81	19
2132	0.81	81	19
2133	0.81	81	19
2134	0.81	81	19
2135	0.81	81	19
2136	0.82	82	18
2137	0.82	82	18
2138	0.82	82	18
2139	0.82	82	18
2140	0.83	83	17
2141	0.83	83	17
2142	0.83	83	17
2143	0.82	82	18
2144	0.82	82	18
2145	0.82	82	18
2146	0.82	82	18
2147	0.82	82	18
2148	0.82	82	18
2149	0.83	83	17
2150	0.82	82	18
2151	0.82	82	18
2152	0.82	82	18
2153	0.81	81	19
2154	0.81	81	19
2155	0.81	81	19
2156	0.81	81	19
2157	0.80	80	20
2158	0.80	80	20
2159	0.81	81	19
2160	0.81	81	19
2161	0.81	81	19
2162	0.81	81	19
2163	0.81	81	19
2164	0.81	81	19
2165	0.81	81	19
2166	0.81	81	19
2167	0.81	81	19
2168	0.81	81	19
2169	0.81	81	19
2170	0.80	80	20
2171	0.80	80	20
2172	0.80	80	20
2173	0.80	80	20
2174	0.80	80	20
2175	0.80	80	20
2176	0.81	81	19
2177	0.80	80	20
2178	0.80	80	20
2179	0.80	80	20
2180	0.80	80	20
2181	0.79	79	21
2182	0.79	79	21
2183	0.79	79	21
2184	0.79	79	21
2185	0.80	80	20
2186	0.79	79	21
2187	0.78	78	22
2188	0.78	78	22
2189	0.78	78	22
2190	0.77	77	23
2191	0.76	76	24
2192	0.76	76	24
2193	0.76	76	24
2194	0.75	75	25
2195	0.74	74	26
2196	0.74	74	26
2197	0.73	73	27
2198	0.74	74	26
2199	0.75	75	25
2200	0.75	75	25
2201	0.74	74	26
2202	0.75	75	25
2203	0.75	75	25
2204	0.75	75	25
2205	0.75	75	25
2206	0.75	75	25
2207	0.75	75	25
2208	0.75	75	25
2209	0.75	75	25
2210	0.75	75	25
2211	0.75	75	25
2212	0.75	75	25
2213	0.76	76	24
2214	0.76	76	24
2215	0.76	76	24
2216	0.76	76	24
2217	0.76	76	24
2218	0.76	76	24
2219	0.76	76	24
2220	0.76	76	24
2221	0.77	77	23
2222	0.76	76	24
2223	0.77	77	23
2224	0.78	78	22
2225	0.78	78	22
2226	0.78	78	22
2227	0.77	77	23
2228	0.77	77	23
2229	0.77	77	23
2230	0.78	78	22
2231	0.78	78	22
2232	0.78	78	22
2233	0.78	78	22
2234	0.78	78	22
2235	0.78	78	22
2236	0.78	78	22
2237	0.79	79	21
2238	0.80	80	20
2239	0.80	80	20
2240	0.80	80	20
2241	0.80	80	20
2242	0.79	79	21
2243	0.79	79	21
2244	0.79	79	21
2245	0.78	78	22
2246	0.78	78	22
2247	0.78	78	22
2248	0.78	78	22
2249	0.78	78	22
2250	0.79	79	21
2251	0.79	79	21
2252	0.79	79	21
2253	0.80	80	20
2254	0.80	80	20
2255	0.80	80	20
2256	0.81	81	19
2257	0.82	82	18
2258	0.82	82	18
2259	0.82	82	18
2260	0.81	81	19
2261	0.81	81	19
2262	0.81	81	19
2263	0.80	80	20
2264	0.80	80	20
2265	0.80	80	20
2266	0.80	80	20
2267	0.80	80	20
2268	0.80	80	20
2269	0.80	80	20
2270	0.81	81	19
2271	0.81	81	19
2272	0.81	81	19
2273	0.81	81	19
2274	0.81	81	19
2275	0.80	80	20
2276	0.80	80	20
2277	0.81	81	19
2278	0.81	81	19
2279	0.80	80	20
2280	0.80	80	20
2281	0.81	81	19
2282	0.81	81	19
2283	0.81	81	19
2284	0.81	81	19
2285	0.81	81	19
2286	0.82	82	18
2287	0.82	82	18
2288	0.81	81	19
2289	0.81	81	19
2290	0.82	82	18
2291	0.83	83	17
2292	0.83	83	17
2293	0.83	83	17
2294	0.84	84	16
2295	0.85	85	15
2296	0.85	85	15
2297	0.86	86	14
2298	0.85	85	15
2299	0.84	84	16
2300	0.84	84	16
2301	0.85	85	15
2302	0.85	85	15
2303	0.85	85	15
2304	0.85	85	15
2305	0.85	85	15
2306	0.84	84	16
2307	0.83	83	17
2308	0.83	83	17
2309	0.83	83	17
2310	0.83	83	17
2311	0.82	82	18
2312	0.82	82	18
2313	0.82	82	18
2314	0.83	83	17
2315	0.83	83	17
2316	0.83	83	17
2317	0.83	83	17
2318	0.83	83	17
2319	0.83	83	17
2320	0.83	83	17
2321	0.83	83	17
2322	0.84	84	16
2323	0.84	84	16
2324	0.83	83	17
2325	0.84	84	16
2326	0.84	84	16
2327	0.85	85	15
2328	0.85	85	15
2329	0.84	84	16
2330	0.84	84	16
2331	0.84	84	16
2332	0.84	84	16
2333	0.83	83	17
2334	0.83	83	17
2335	0.83	83	17
2336	0.83	83	17
2337	0.82	82	18
2338	0.82	82	18
2339	0.82	82	18
2340	0.82	82	18
2341	0.82	82	18
2342	0.83	83	17
2343	0.84	84	16
2344	0.84	84	16
2345	0.85	85	15
2346	0.85	85	15
2347	0.85	85	15
2348	0.85	85	15
2349	0.85	85	15
2350	0.85	85	15
2351	0.85	85	15
2352	0.85	85	15
2353	0.85	85	15
2354	0.85	85	15
2355	0.85	85	15
2356	0.84	84	16
2357	0.84	84	16
2358	0.83	83	17
2359	0.83	83	17
2360	0.83	83	17
2361	0.83	83	17
2362	0.83	83	17
2363	0.84	84	16
2364	0.83	83	17
2365	0.83	83	17
2366	0.83	83	17
2367	0.82	82	18
2368	0.82	82	18
2369	0.82	82	18
2370	0.82	82	18
2371	0.82	82	18
2372	0.82	82	18
2373	0.82	82	18
2374	0.81	81	19
2375	0.82	82	18
2376	0.82	82	18
2377	0.82	82	18
2378	0.81	81	19
2379	0.82	82	18
2380	0.82	82	18
2381	0.82	82	18
2382	0.82	82	18
2383	0.81	81	19
2384	0.81	81	19
2385	0.81	81	19
2386	0.80	80	20
2387	0.80	80	20
2388	0.81	81	19
2389	0.81	81	19
2390	0.81	81	19
2391	0.81	81	19
2392	0.81	81	19
2393	0.81	81	19
2394	0.80	80	20
2395	0.79	79	21
2396	0.79	79	21
2397	0.79	79	21
2398	0.80	80	20
2399	0.81	81	19
2400	0.81	81	19
2401	0.81	81	19
2402	0.81	81	19
2403	0.81	81	19
2404	0.81	81	19
2405	0.81	81	19
2406	0.82	82	18
2407	0.82	82	18
2408	0.82	82	18
2409	0.82	82	18
2410	0.82	82	18
2411	0.83	83	17
2412	0.83	83	17
2413	0.83	83	17
2414	0.82	82	18
2415	0.81	81	19
2416	0.81	81	19
2417	0.80	80	20
2418	0.80	80	20
2419	0.80	80	20
2420	0.80	80	20
2421	0.80	80	20
2422	0.80	80	20
2423	0.80	80	20
2424	0.81	81	19
2425	0.81	81	19
2426	0.81	81	19
2427	0.81	81	19
2428	0.81	81	19
2429	0.82	82	18
2430	0.82	82	18
2431	0.82	82	18
2432	0.82	82	18
2433	0.83	83	17
2434	0.83	83	17
2435	0.83	83	17
2436	0.83	83	17
2437	0.84	84	16
2438	0.84	84	16
2439	0.84	84	16
2440	0.84	84	16
2441	0.83	83	17
2442	0.83	83	17
2443	0.83	83	17
2444	0.82	82	18
2445	0.82	82	18
2446	0.81	81	19
2447	0.81	81	19
2448	0.81	81	19
2449	0.81	81	19
2450	0.81	81	19
2451	0.80	80	20
2452	0.79	79	21
2453	0.79	79	21
2454	0.79	79	21
2455	0.79	79	21
2456	0.80	80	20
2457	0.80	80	20
2458	0.81	81	19
2459	0.81	81	19
2460	0.81	81	19
2461	0.80	80	20
2462	0.80	80	20
2463	0.80	80	20
2464	0.81	81	19
2465	0.81	81	19
2466	0.80	80	20
2467	0.81	81	19
2468	0.81	81	19
2469	0.81	81	19
2470	0.81	81	19
2471	0.81	81	19
2472	0.81	81	19
2473	0.81	81	19
2474	0.82	82	18
2475	0.82	82	18
2476	0.81	81	19
2477	0.81	81	19
2478	0.82	82	18
2479	0.81	81	19
2480	0.81	81	19
2481	0.81	81	19
2482	0.81	81	19
2483	0.82	82	18
2484	0.82	82	18
2485	0.82	82	18
2486	0.83	83	17
2487	0.84	84	16
2488	0.84	84	16
2489	0.83	83	17
2490	0.83	83	17
2491	0.83	83	17
2492	0.82	82	18
2493	0.82	82	18
2494	0.83	83	17
2495	0.84	84	16
2496	0.84	84	16
2497	0.84	84	16
2498	0.84	84	16
2499	0.84	84	16
2500	0.84	84	16
2501	0.84	84	16
2502	0.84	84	16
2503	0.83	83	17
2504	0.83	83	17
2505	0.83	83	17
2506	0.83	83	17
2507	0.84	84	16
2508	0.84	84	16
2509	0.83	83	17
2510	0.83	83	17
2511	0.83	83	17
2512	0.83	83	17
2513	0.83	83	17
2514	0.84	84	16
2515	0.84	84	16
2516	0.83	83	17
2517	0.83	83	17
2518	0.82	82	18
2519	0.82	82	18
2520	0.82	82	18
2521	0.82	82	18
2522	0.82	82	18
2523	0.81	81	19
2524	0.81	81	19
2525	0.81	81	19
2526	0.81	81	19
2527	0.81	81	19
2528	0.81	81	19
2529	0.81	81	19
2530	0.81	81	19
2531	0.81	81	19
2532	0.81	81	19
2533	0.81	81	19
2534	0.81	81	19
2535	0.81	81	19
2536	0.80	80	20
2537	0.79	79	21
2538	0.79	79	21
2539	0.79	79	21
2540	0.79	79	21
2541	0.80	80	20
2542	0.80	80	20
2543	0.80	80	20
2544	0.81	81	19
2545	0.81	81	19
2546	0.82	82	18
2547	0.81	81	19
2548	0.80	80	20
2549	0.80	80	20
2550	0.80	80	20
2551	0.80	80	20
2552	0.81	81	19
2553	0.80	80	20
2554	0.80	80	20
2555	0.80	80	20
2556	0.79	79	21
2557	0.79	79	21
2558	0.79	79	21
2559	0.79	79	21
2560	0.80	80	20
2561	0.80	80	20
2562	0.80	80	20
2563	0.80	80	20
2564	0.80	80	20
2565	0.80	80	20
2566	0.80	80	20
2567	0.80	80	20
2568	0.80	80	20
2569	0.80	80	20
2570	0.80	80	20
2571	0.79	79	21
2572	0.79	79	21
2573	0.79	79	21
2574	0.79	79	21
2575	0.79	79	21
2576	0.79	79	21
2577	0.79	79	21
2578	0.79	79	21
2579	0.80	80	20
2580	0.80	80	20
2581	0.80	80	20
2582	0.80	80	20
2583	0.80	80	20
2584	0.80	80	20
2585	0.80	80	20
2586	0.80	80	20
2587	0.79	79	21
2588	0.79	79	21
2589	0.80	80	20
2590	0.80	80	20
2591	0.80	80	20
2592	0.81	81	19
2593	0.80	80	20
2594	0.80	80	20
2595	0.80	80	20
2596	0.80	80	20
2597	0.80	80	20
2598	0.80	80	20
2599	0.79	79	21
2600	0.79	79	21
2601	0.79	79	21
2602	0.78	78	22
2603	0.79	79	21
2604	0.79	79	21
2605	0.79	79	21
2606	0.79	79	21
2607	0.78	78	22
2608	0.78	78	22
2609	0.79	79	21
2610	0.78	78	22
2611	0.78	78	22
2612	0.77	77	23
2613	0.77	77	23
2614	0.77	77	23
2615	0.78	78	22
2616	0.79	79	21
2617	0.80	80	20
2618	0.81	81	19
2619	0.81	81	19
2620	0.81	81	19
2621	0.81	81	19
2622	0.81	81	19
2623	0.81	81	19
2624	0.81	81	19
2625	0.81	81	19
2626	0.81	81	19
2627	0.81	81	19
2628	0.81	81	19
2629	0.81	81	19
2630	0.80	80	20
2631	0.80	80	20
2632	0.80	80	20
2633	0.79	79	21
2634	0.79	79	21
2635	0.79	79	21
2636	0.80	80	20
2637	0.81	81	19
2638	0.81	81	19
2639	0.81	81	19
2640	0.81	81	19
2641	0.81	81	19
2642	0.81	81	19
2643	0.81	81	19
2644	0.81	81	19
2645	0.81	81	19
2646	0.81	81	19
2647	0.82	82	18
2648	0.82	82	18
2649	0.82	82	18
2650	0.82	82	18
2651	0.83	83	17
2652	0.83	83	17
2653	0.84	84	16
2654	0.83	83	17
2655	0.83	83	17
2656	0.84	84	16
2657	0.84	84	16
2658	0.84	84	16
2659	0.84	84	16
2660	0.84	84	16
2661	0.85	85	15
2662	0.84	84	16
2663	0.84	84	16
2664	0.84	84	16
2665	0.84	84	16
2666	0.85	85	15
2667	0.85	85	15
2668	0.85	85	15
2669	0.84	84	16
2670	0.84	84	16
2671	0.85	85	15
2672	0.85	85	15
2673	0.84	84	16
2674	0.84	84	16
2675	0.84	84	16
2676	0.85	85	15
2677	0.85	85	15
2678	0.85	85	15
2679	0.84	84	16
2680	0.84	84	16
2681	0.83	83	17
2682	0.83	83	17
2683	0.83	83	17
2684	0.83	83	17
2685	0.83	83	17
2686	0.82	82	18
2687	0.83	83	17
2688	0.82	82	18
2689	0.82	82	18
2690	0.82	82	18
2691	0.82	82	18
2692	0.82	82	18
2693	0.83	83	17
2694	0.83	83	17
2695	0.83	83	17
2696	0.83	83	17
2697	0.83	83	17
2698	0.83	83	17
2699	0.84	84	16
2700	0.84	84	16
2701	0.84	84	16
2702	0.85	85	15
2703	0.85	85	15
2704	0.84	84	16
2705	0.84	84	16
2706	0.84	84	16
2707	0.85	85	15
2708	0.85	85	15
2709	0.84	84	16
2710	0.84	84	16
2711	0.84	84	16
2712	0.85	85	15
2713	0.85	85	15
2714	0.85	85	15
2715	0.85	85	15
2716	0.84	84	16
2717	0.84	84	16
2718	0.84	84	16
2719	0.84	84	16
2720	0.84	84	16
2721	0.84	84	16
2722	0.83	83	17
2723	0.84	84	16
2724	0.84	84	16
2725	0.84	84	16
2726	0.83	83	17
2727	0.83	83	17
2728	0.83	83	17
2729	0.82	82	18
2730	0.83	83	17
2731	0.83	83	17
2732	0.83	83	17
2733	0.84	84	16
2734	0.84	84	16
2735	0.84	84	16
2736	0.84	84	16
2737	0.84	84	16
2738	0.84	84	16
2739	0.84	84	16
2740	0.84	84	16
2741	0.83	83	17
2742	0.83	83	17
2743	0.83	83	17
2744	0.83	83	17
2745	0.83	83	17
2746	0.82	82	18
2747	0.82	82	18
2748	0.82	82	18
2749	0.82	82	18
2750	0.82	82	18
2751	0.82	82	18
2752	0.82	82	18
2753	0.82	82	18
2754	0.83	83	17
2755	0.83	83	17
2756	0.83	83	17
2757	0.83	83	17
2758	0.83	83	17
2759	0.83	83	17
2760	0.83	83	17
2761	0.83	83	17
2762	0.84	84	16
2763	0.83	83	17
2764	0.83	83	17
2765	0.83	83	17
2766	0.83	83	17
2767	0.83	83	17
2768	0.83	83	17
2769	0.84	84	16
2770	0.84	84	16
2771	0.83	83	17
2772	0.83	83	17
2773	0.84	84	16
2774	0.83	83	17
2775	0.83	83	17
2776	0.83	83	17
2777	0.83	83	17
2778	0.83	83	17
2779	0.84	84	16
2780	0.84	84	16
2781	0.85	85	15
2782	0.85	85	15
2783	0.85	85	15
2784	0.85	85	15
2785	0.85	85	15
2786	0.86	86	14
2787	0.86	86	14
2788	0.87	87	13
2789	0.87	87	13
2790	0.87	87	13
2791	0.87	87	13
2792	0.87	87	13
2793	0.87	87	13
2794	0.87	87	13
2795	0.87	87	13
2796	0.87	87	13
2797	0.86	86	14
2798	0.85	85	15
2799	0.85	85	15
2800	0.85	85	15
2801	0.85	85	15
2802	0.84	84	16
2803	0.84	84	16
2804	0.85	85	15
2805	0.85	85	15
2806	0.85	85	15
2807	0.85	85	15
2808	0.85	85	15
2809	0.86	86	14
2810	0.86	86	14
2811	0.85	85	15
2812	0.85	85	15
2813	0.85	85	15
2814	0.85	85	15
2815	0.85	85	15
2816	0.86	86	14
2817	0.86	86	14
2818	0.86	86	14
2819	0.86	86	14
2820	0.86	86	14
2821	0.86	86	14
2822	0.87	87	13
2823	0.87	87	13
2824	0.86	86	14
2825	0.86	86	14
2826	0.86	86	14
2827	0.86	86	14
2828	0.85	85	15
2829	0.86	86	14
2830	0.86	86	14
2831	0.86	86	14
2832	0.85	85	15
2833	0.85	85	15
2834	0.85	85	15
2835	0.85	85	15
2836	0.85	85	15
2837	0.85	85	15
2838	0.84	84	16
2839	0.84	84	16
2840	0.84	84	16
2841	0.84	84	16
2842	0.84	84	16
2843	0.84	84	16
2844	0.83	83	17
2845	0.82	82	18
2846	0.83	83	17
2847	0.83	83	17
2848	0.84	84	16
2849	0.83	83	17
2850	0.83	83	17
2851	0.83	83	17
2852	0.83	83	17
2853	0.83	83	17
2854	0.83	83	17
2855	0.83	83	17
2856	0.83	83	17
2857	0.83	83	17
2858	0.83	83	17
2859	0.83	83	17
2860	0.83	83	17
2861	0.82	82	18
2862	0.82	82	18
2863	0.83	83	17
2864	0.83	83	17
2865	0.83	83	17
2866	0.83	83	17
2867	0.83	83	17
2868	0.83	83	17
2869	0.83	83	17
2870	0.82	82	18
2871	0.83	83	17
2872	0.82	82	18
2873	0.81	81	19
2874	0.82	82	18
2875	0.82	82	18
2876	0.82	82	18
2877	0.81	81	19
2878	0.80	80	20
2879	0.80	80	20
2880	0.80	80	20
2881	0.80	80	20
2882	0.79	79	21
2883	0.79	79	21
2884	0.79	79	21
2885	0.79	79	21
2886	0.79	79	21
2887	0.78	78	22
2888	0.78	78	22
2889	0.78	78	22
2890	0.78	78	22
2891	0.78	78	22
2892	0.78	78	22
2893	0.78	78	22
2894	0.78	78	22
2895	0.77	77	23
2896	0.77	77	23
2897	0.78	78	22
2898	0.79	79	21
2899	0.79	79	21
2900	0.79	79	21
2901	0.79	79	21
2902	0.80	80	20
2903	0.80	80	20
2904	0.80	80	20
2905	0.79	79	21
2906	0.78	78	22
2907	0.77	77	23
2908	0.77	77	23
2909	0.77	77	23
2910	0.78	78	22
2911	0.79	79	21
2912	0.79	79	21
2913	0.79	79	21
2914	0.79	79	21
2915	0.79	79	21
2916	0.79	79	21
2917	0.79	79	21
2918	0.79	79	21
2919	0.78	78	22
2920	0.78	78	22
2921	0.78	78	22
2922	0.77	77	23
2923	0.77	77	23
2924	0.78	78	22
2925	0.77	77	23
2926	0.78	78	22
2927	0.78	78	22
2928	0.79	79	21
2929	0.79	79	21
2930	0.79	79	21
2931	0.79	79	21
2932	0.80	80	20
2933	0.80	80	20
2934	0.79	79	21
2935	0.79	79	21
2936	0.79	79	21
2937	0.79	79	21
2938	0.80	80	20
2939	0.80	80	20
2940	0.79	79	21
2941	0.80	80	20
2942	0.80	80	20
2943	0.80	80	20
2944	0.81	81	19
2945	0.82	82	18
2946	0.82	82	18
2947	0.82	82	18
2948	0.81	81	19
2949	0.82	82	18
2950	0.82	82	18
2951	0.82	82	18
2952	0.82	82	18
2953	0.82	82	18
2954	0.82	82	18
2955	0.82	82	18
2956	0.82	82	18
2957	0.81	81	19
2958	0.81	81	19
2959	0.81	81	19
2960	0.81	81	19
2961	0.82	82	18
2962	0.82	82	18
2963	0.82	82	18
2964	0.82	82	18
2965	0.82	82	18
2966	0.82	82	18
2967	0.82	82	18
2968	0.81	81	19
2969	0.80	80	20
2970	0.81	81	19
2971	0.81	81	19
2972	0.82	82	18
2973	0.83	83	17
2974	0.83	83	17
2975	0.82	82	18
2976	0.82	82	18
2977	0.83	83	17
2978	0.84	84	16
2979	0.84	84	16
2980	0.84	84	16
2981	0.84	84	16
2982	0.85	85	15
2983	0.84	84	16
2984	0.84	84	16
2985	0.84	84	16
2986	0.83	83	17
2987	0.84	84	16
2988	0.84	84	16
2989	0.84	84	16
2990	0.84	84	16
2991	0.84	84	16
2992	0.84	84	16
2993	0.84	84	16
2994	0.84	84	16
2995	0.85	85	15
2996	0.85	85	15
2997	0.84	84	16
2998	0.84	84	16
2999	0.84	84	16
3000	0.17	83	17
3001	0.18	82	18
3002	0.19	81	19
3003	0.20	80	20
3004	0.20	80	20
3005	0.20	80	20
3006	0.20	80	20
3007	0.20	80	20
3008	0.20	80	20
3009	0.21	79	21
3010	0.22	78	22
3011	0.23	77	23
3012	0.24	76	24
3013	0.24	76	24
3014	0.25	75	25
3015	0.26	74	26
3016	0.26	74	26
3017	0.27	73	27
3018	0.27	73	27
3019	0.27	73	27
3020	0.28	72	28
3021	0.29	71	29
3022	0.29	71	29
3023	0.29	71	29
3024	0.30	70	30
3025	0.30	70	30
3026	0.30	70	30
3027	0.30	70	30
3028	0.30	70	30
3029	0.31	69	31
3030	0.32	68	32
3031	0.32	68	32
3032	0.33	67	33
3033	0.33	67	33
3034	0.32	68	32
3035	0.33	67	33
3036	0.34	66	34
3037	0.35	65	35
3038	0.35	65	35
3039	0.36	64	36
3040	0.36	64	36
3041	0.37	63	37
3042	0.38	62	38
3043	0.39	61	39
3044	0.40	60	40
3045	0.41	59	41
3046	0.42	58	42
3047	0.42	58	42
3048	0.42	58	42
3049	0.43	57	43
3050	0.43	57	43
3051	0.44	56	44
3052	0.44	56	44
3053	0.45	55	45
3054	0.45	55	45
3055	0.46	54	46
3056	0.47	53	47
3057	0.46	54	46
3058	0.46	54	46
3059	0.47	53	47
3060	0.47	53	47
3061	0.48	52	48
3062	0.49	51	49
3063	0.50	50	50
3064	0.50	50	50
3065	0.50	50	50
3066	0.51	49	51
3067	0.52	48	52
3068	0.52	48	52
3069	0.51	49	51
3070	0.52	48	52
3071	0.53	47	53
3072	0.54	46	54
3073	0.55	45	55
3074	0.55	45	55
3075	0.55	45	55
3076	0.56	44	56
3077	0.56	44	56
3078	0.57	43	57
3079	0.57	43	57
3080	0.58	42	58
3081	0.59	41	59
3082	0.60	40	60
3083	0.60	40	60
3084	0.61	39	61
3085	0.62	38	62
3086	0.62	38	62
3087	0.63	37	63
3088	0.64	36	64
3089	0.65	35	65
3090	0.66	34	66
3091	0.67	33	67
3092	0.68	32	68
3093	0.69	31	69
3094	0.70	30	70
3095	0.71	29	71
3096	0.72	28	72
3097	0.72	28	72
3098	0.73	27	73
3099	0.73	27	73
3100	0.72	28	72
3101	0.72	28	72
3102	0.72	28	72
3103	0.72	28	72
3104	0.73	27	73
3105	0.72	28	72
3106	0.71	29	71
3107	0.71	29	71
3108	0.72	28	72
3109	0.71	29	71
3110	0.71	29	71
3111	0.70	30	70
3112	0.70	30	70
3113	0.71	29	71
3114	0.71	29	71
3115	0.71	29	71
3116	0.72	28	72
3117	0.72	28	72
3118	0.73	27	73
3119	0.73	27	73
3120	0.73	27	73
3121	0.73	27	73
3122	0.73	27	73
3123	0.74	26	74
3124	0.74	26	74
3125	0.74	26	74
3126	0.75	25	75
3127	0.76	24	76
3128	0.77	23	77
3129	0.77	23	77
3130	0.77	23	77
3131	0.78	22	78
3132	0.78	22	78
3133	0.79	21	79
3134	0.79	21	79
3135	0.78	22	78
3136	0.77	23	77
3137	0.76	24	76
3138	0.77	23	77
3139	0.77	23	77
3140	0.76	24	76
3141	0.76	24	76
3142	0.76	24	76
3143	0.76	24	76
3144	0.76	24	76
3145	0.76	24	76
3146	0.76	24	76
3147	0.77	23	77
3148	0.77	23	77
3149	0.77	23	77
3150	0.78	22	78
3151	0.78	22	78
3152	0.78	22	78
3153	0.78	22	78
3154	0.79	21	79
3155	0.79	21	79
3156	0.79	21	79
3157	0.80	20	80
3158	0.81	19	81
3159	0.81	19	81
3160	0.81	19	81
3161	0.81	19	81
3162	0.81	19	81
3163	0.81	19	81
3164	0.81	19	81
3165	0.82	18	82
3166	0.82	18	82
3167	0.82	18	82
3168	0.82	18	82
3169	0.83	17	83
3170	0.83	17	83
3171	0.83	17	83
3172	0.83	17	83
3173	0.83	17	83
3174	0.84	16	84
3175	0.84	16	84
3176	0.84	16	84
3177	0.85	15	85
3178	0.85	15	85
3179	0.86	14	86
3180	0.86	14	86
3181	0.86	14	86
3182	0.85	15	85
3183	0.85	15	85
3184	0.85	15	85
3185	0.85	15	85
3186	0.84	16	84
3187	0.84	16	84
3188	0.83	17	83
3189	0.83	17	83
3190	0.83	17	83
3191	0.83	17	83
3192	0.83	17	83
3193	0.83	17	83
3194	0.83	17	83
3195	0.83	17	83
3196	0.83	17	83
3197	0.83	17	83
3198	0.83	17	83
3199	0.83	17	83
3200	0.83	17	83
3201	0.83	17	83
3202	0.83	17	83
3203	0.82	18	82
3204	0.81	19	81
3205	0.82	18	82
3206	0.83	17	83
3207	0.83	17	83
3208	0.83	17	83
3209	0.84	16	84
3210	0.84	16	84
3211	0.85	15	85
3212	0.85	15	85
3213	0.85	15	85
3214	0.85	15	85
3215	0.85	15	85
3216	0.85	15	85
3217	0.85	15	85
3218	0.85	15	85
3219	0.85	15	85
3220	0.85	15	85
3221	0.85	15	85
3222	0.85	15	85
3223	0.85	15	85
3224	0.85	15	85
3225	0.85	15	85
3226	0.85	15	85
3227	0.84	16	84
3228	0.84	16	84
3229	0.84	16	84
3230	0.84	16	84
3231	0.84	16	84
3232	0.84	16	84
3233	0.84	16	84
3234	0.85	15	85
3235	0.85	15	85
3236	0.85	15	85
3237	0.86	14	86
3238	0.86	14	86
3239	0.86	14	86
3240	0.87	13	87
3241	0.87	13	87
3242	0.87	13	87
3243	0.87	13	87
3244	0.87	13	87
3245	0.87	13	87
3246	0.87	13	87
3247	0.86	14	86
3248	0.86	14	86
3249	0.86	14	86
3250	0.86	14	86
3251	0.86	14	86
3252	0.87	13	87
3253	0.87	13	87
3254	0.87	13	87
3255	0.87	13	87
3256	0.87	13	87
3257	0.87	13	87
3258	0.87	13	87
3259	0.87	13	87
3260	0.88	12	88
3261	0.88	12	88
3262	0.87	13	87
3263	0.86	14	86
3264	0.87	13	87
3265	0.87	13	87
3266	0.87	13	87
3267	0.87	13	87
3268	0.87	13	87
3269	0.87	13	87
3270	0.86	14	86
3271	0.86	14	86
3272	0.86	14	86
3273	0.86	14	86
3274	0.86	14	86
3275	0.86	14	86
3276	0.85	15	85
3277	0.85	15	85
3278	0.84	16	84
3279	0.83	17	83
3280	0.83	17	83
3281	0.83	17	83
3282	0.83	17	83
3283	0.83	17	83
3284	0.83	17	83
3285	0.83	17	83
3286	0.84	16	84
3287	0.83	17	83
3288	0.84	16	84
3289	0.84	16	84
3290	0.83	17	83
3291	0.83	17	83
3292	0.83	17	83
3293	0.83	17	83
3294	0.83	17	83
3295	0.83	17	83
3296	0.83	17	83
3297	0.83	17	83
3298	0.83	17	83
3299	0.84	16	84
3300	0.85	15	85
3301	0.85	15	85
3302	0.85	15	85
3303	0.86	14	86
3304	0.86	14	86
3305	0.86	14	86
3306	0.86	14	86
3307	0.86	14	86
3308	0.86	14	86
3309	0.86	14	86
3310	0.86	14	86
3311	0.86	14	86
3312	0.86	14	86
3313	0.85	15	85
3314	0.85	15	85
3315	0.85	15	85
3316	0.85	15	85
3317	0.85	15	85
3318	0.84	16	84
3319	0.84	16	84
3320	0.84	16	84
3321	0.84	16	84
3322	0.84	16	84
3323	0.84	16	84
3324	0.84	16	84
3325	0.83	17	83
3326	0.83	17	83
3327	0.84	16	84
3328	0.83	17	83
3329	0.83	17	83
3330	0.83	17	83
3331	0.83	17	83
3332	0.82	18	82
3333	0.82	18	82
3334	0.82	18	82
3335	0.83	17	83
3336	0.84	16	84
3337	0.84	16	84
3338	0.84	16	84
3339	0.84	16	84
3340	0.83	17	83
3341	0.82	18	82
3342	0.82	18	82
3343	0.82	18	82
3344	0.82	18	82
3345	0.82	18	82
3346	0.81	19	81
3347	0.81	19	81
3348	0.80	20	80
3349	0.80	20	80
3350	0.80	20	80
3351	0.80	20	80
3352	0.79	21	79
3353	0.79	21	79
3354	0.79	21	79
3355	0.79	21	79
3356	0.79	21	79
3357	0.79	21	79
3358	0.79	21	79
3359	0.79	21	79
3360	0.79	21	79
3361	0.78	22	78
3362	0.79	21	79
3363	0.80	20	80
3364	0.80	20	80
3365	0.79	21	79
3366	0.79	21	79
3367	0.79	21	79
3368	0.79	21	79
3369	0.79	21	79
3370	0.80	20	80
3371	0.80	20	80
3372	0.80	20	80
3373	0.80	20	80
3374	0.80	20	80
3375	0.79	21	79
3376	0.80	20	80
3377	0.80	20	80
3378	0.81	19	81
3379	0.82	18	82
3380	0.82	18	82
3381	0.82	18	82
3382	0.83	17	83
3383	0.83	17	83
3384	0.82	18	82
3385	0.82	18	82
3386	0.82	18	82
3387	0.83	17	83
3388	0.83	17	83
3389	0.83	17	83
3390	0.84	16	84
3391	0.84	16	84
3392	0.84	16	84
3393	0.84	16	84
3394	0.84	16	84
3395	0.84	16	84
3396	0.84	16	84
3397	0.84	16	84
3398	0.84	16	84
3399	0.84	16	84
3400	0.84	16	84
3401	0.84	16	84
3402	0.84	16	84
3403	0.84	16	84
3404	0.85	15	85
3405	0.85	15	85
3406	0.85	15	85
3407	0.85	15	85
3408	0.85	15	85
3409	0.84	16	84
3410	0.84	16	84
3411	0.84	16	84
3412	0.83	17	83
3413	0.84	16	84
3414	0.83	17	83
3415	0.82	18	82
3416	0.82	18	82
3417	0.82	18	82
3418	0.83	17	83
3419	0.83	17	83
3420	0.83	17	83
3421	0.83	17	83
3422	0.83	17	83
3423	0.83	17	83
3424	0.82	18	82
3425	0.82	18	82
3426	0.82	18	82
3427	0.82	18	82
3428	0.83	17	83
3429	0.82	18	82
3430	0.82	18	82
3431	0.82	18	82
3432	0.83	17	83
3433	0.83	17	83
3434	0.83	17	83
3435	0.83	17	83
3436	0.83	17	83
3437	0.83	17	83
3438	0.83	17	83
3439	0.83	17	83
3440	0.84	16	84
3441	0.84	16	84
3442	0.84	16	84
3443	0.84	16	84
3444	0.84	16	84
3445	0.84	16	84
3446	0.84	16	84
3447	0.84	16	84
3448	0.84	16	84
3449	0.84	16	84
3450	0.83	17	83
3451	0.83	17	83
3452	0.84	16	84
3453	0.84	16	84
3454	0.84	16	84
3455	0.84	16	84
3456	0.84	16	84
3457	0.83	17	83
3458	0.83	17	83
3459	0.83	17	83
3460	0.83	17	83
3461	0.84	16	84
3462	0.84	16	84
3463	0.84	16	84
3464	0.83	17	83
3465	0.84	16	84
3466	0.83	17	83
3467	0.83	17	83
3468	0.83	17	83
3469	0.83	17	83
3470	0.83	17	83
3471	0.82	18	82
3472	0.82	18	82
3473	0.82	18	82
3474	0.82	18	82
3475	0.83	17	83
3476	0.83	17	83
3477	0.82	18	82
3478	0.82	18	82
3479	0.82	18	82
3480	0.82	18	82
3481	0.81	19	81
3482	0.81	19	81
3483	0.81	19	81
3484	0.82	18	82
3485	0.81	19	81
3486	0.81	19	81
3487	0.81	19	81
3488	0.80	20	80
3489	0.80	20	80
3490	0.79	21	79
3491	0.79	21	79
3492	0.79	21	79
3493	0.78	22	78
3494	0.78	22	78
3495	0.77	23	77
3496	0.77	23	77
3497	0.77	23	77
3498	0.77	23	77
3499	0.77	23	77
3500	0.76	24	76
3501	0.76	24	76
3502	0.76	24	76
3503	0.76	24	76
3504	0.76	24	76
3505	0.75	25	75
3506	0.75	25	75
3507	0.75	25	75
3508	0.75	25	75
3509	0.76	24	76
3510	0.76	24	76
3511	0.76	24	76
3512	0.77	23	77
3513	0.77	23	77
3514	0.77	23	77
3515	0.77	23	77
3516	0.77	23	77
3517	0.77	23	77
3518	0.77	23	77
3519	0.77	23	77
3520	0.77	23	77
3521	0.77	23	77
3522	0.76	24	76
3523	0.75	25	75
3524	0.76	24	76
3525	0.77	23	77
3526	0.77	23	77
3527	0.77	23	77
3528	0.76	24	76
3529	0.77	23	77
3530	0.76	24	76
3531	0.75	25	75
3532	0.75	25	75
3533	0.75	25	75
3534	0.75	25	75
3535	0.75	25	75
3536	0.75	25	75
3537	0.74	26	74
3538	0.73	27	73
3539	0.73	27	73
3540	0.73	27	73
3541	0.74	26	74
3542	0.74	26	74
3543	0.74	26	74
3544	0.74	26	74
3545	0.74	26	74
3546	0.75	25	75
3547	0.76	24	76
3548	0.77	23	77
3549	0.77	23	77
3550	0.78	22	78
3551	0.77	23	77
3552	0.77	23	77
3553	0.77	23	77
3554	0.77	23	77
3555	0.77	23	77
3556	0.77	23	77
3557	0.78	22	78
3558	0.78	22	78
3559	0.78	22	78
3560	0.78	22	78
3561	0.77	23	77
3562	0.77	23	77
3563	0.76	24	76
3564	0.77	23	77
3565	0.77	23	77
3566	0.78	22	78
3567	0.78	22	78
3568	0.77	23	77
3569	0.77	23	77
3570	0.76	24	76
3571	0.77	23	77
3572	0.77	23	77
3573	0.77	23	77
3574	0.77	23	77
3575	0.77	23	77
3576	0.77	23	77
3577	0.78	22	78
3578	0.78	22	78
3579	0.78	22	78
3580	0.78	22	78
3581	0.79	21	79
3582	0.78	22	78
3583	0.78	22	78
3584	0.78	22	78
3585	0.79	21	79
3586	0.79	21	79
3587	0.79	21	79
3588	0.80	20	80
3589	0.80	20	80
3590	0.81	19	81
3591	0.80	20	80
3592	0.79	21	79
3593	0.79	21	79
3594	0.79	21	79
3595	0.80	20	80
3596	0.80	20	80
3597	0.80	20	80
3598	0.80	20	80
3599	0.80	20	80
3600	0.81	19	81
3601	0.81	19	81
3602	0.81	19	81
3603	0.81	19	81
3604	0.81	19	81
3605	0.81	19	81
3606	0.80	20	80
3607	0.80	20	80
3608	0.80	20	80
3609	0.80	20	80
3610	0.80	20	80
3611	0.80	20	80
3612	0.80	20	80
3613	0.80	20	80
3614	0.81	19	81
3615	0.82	18	82
3616	0.82	18	82
3617	0.82	18	82
3618	0.82	18	82
3619	0.82	18	82
3620	0.82	18	82
3621	0.82	18	82
3622	0.83	17	83
3623	0.83	17	83
3624	0.83	17	83
3625	0.83	17	83
3626	0.83	17	83
3627	0.83	17	83
3628	0.84	16	84
3629	0.84	16	84
3630	0.84	16	84
3631	0.85	15	85
3632	0.85	15	85
3633	0.85	15	85
3634	0.85	15	85
3635	0.84	16	84
3636	0.84	16	84
3637	0.85	15	85
3638	0.86	14	86
3639	0.86	14	86
3640	0.86	14	86
3641	0.85	15	85
3642	0.84	16	84
3643	0.83	17	83
3644	0.83	17	83
3645	0.83	17	83
3646	0.83	17	83
3647	0.83	17	83
3648	0.83	17	83
3649	0.82	18	82
3650	0.81	19	81
3651	0.82	18	82
3652	0.81	19	81
3653	0.80	20	80
3654	0.79	21	79
3655	0.79	21	79
3656	0.79	21	79
3657	0.79	21	79
3658	0.79	21	79
3659	0.79	21	79
3660	0.79	21	79
3661	0.80	20	80
3662	0.80	20	80
3663	0.81	19	81
3664	0.81	19	81
3665	0.81	19	81
3666	0.81	19	81
3667	0.81	19	81
3668	0.82	18	82
3669	0.82	18	82
3670	0.83	17	83
3671	0.83	17	83
3672	0.83	17	83
3673	0.83	17	83
3674	0.83	17	83
3675	0.83	17	83
3676	0.83	17	83
3677	0.83	17	83
3678	0.83	17	83
3679	0.83	17	83
3680	0.82	18	82
3681	0.82	18	82
3682	0.82	18	82
3683	0.82	18	82
3684	0.82	18	82
3685	0.82	18	82
3686	0.81	19	81
3687	0.81	19	81
3688	0.81	19	81
3689	0.81	19	81
3690	0.80	20	80
3691	0.81	19	81
3692	0.81	19	81
3693	0.82	18	82
3694	0.82	18	82
3695	0.82	18	82
3696	0.82	18	82
3697	0.82	18	82
3698	0.82	18	82
3699	0.82	18	82
3700	0.82	18	82
3701	0.82	18	82
3702	0.82	18	82
3703	0.82	18	82
3704	0.82	18	82
3705	0.83	17	83
3706	0.84	16	84
3707	0.84	16	84
3708	0.84	16	84
3709	0.84	16	84
3710	0.84	16	84
3711	0.84	16	84
3712	0.83	17	83
3713	0.83	17	83
3714	0.82	18	82
3715	0.82	18	82
3716	0.82	18	82
3717	0.82	18	82
3718	0.81	19	81
3719	0.81	19	81
3720	0.81	19	81
3721	0.81	19	81
3722	0.81	19	81
3723	0.82	18	82
3724	0.82	18	82
3725	0.82	18	82
3726	0.82	18	82
3727	0.82	18	82
3728	0.81	19	81
3729	0.81	19	81
3730	0.82	18	82
3731	0.81	19	81
3732	0.80	20	80
3733	0.80	20	80
3734	0.79	21	79
3735	0.80	20	80
3736	0.80	20	80
3737	0.80	20	80
3738	0.79	21	79
3739	0.78	22	78
3740	0.77	23	77
3741	0.78	22	78
3742	0.79	21	79
3743	0.79	21	79
3744	0.78	22	78
3745	0.78	22	78
3746	0.78	22	78
3747	0.77	23	77
3748	0.77	23	77
3749	0.78	22	78
3750	0.79	21	79
3751	0.78	22	78
3752	0.78	22	78
3753	0.79	21	79
3754	0.80	20	80
3755	0.80	20	80
3756	0.80	20	80
3757	0.80	20	80
3758	0.79	21	79
3759	0.79	21	79
3760	0.79	21	79
3761	0.79	21	79
3762	0.79	21	79
3763	0.79	21	79
3764	0.78	22	78
3765	0.78	22	78
3766	0.78	22	78
3767	0.78	22	78
3768	0.78	22	78
3769	0.78	22	78
3770	0.78	22	78
3771	0.78	22	78
3772	0.78	22	78
3773	0.78	22	78
3774	0.78	22	78
3775	0.78	22	78
3776	0.78	22	78
3777	0.78	22	78
3778	0.78	22	78
3779	0.77	23	77
3780	0.78	22	78
3781	0.78	22	78
3782	0.78	22	78
3783	0.78	22	78
3784	0.78	22	78
3785	0.77	23	77
3786	0.78	22	78
3787	0.78	22	78
3788	0.78	22	78
3789	0.78	22	78
3790	0.79	21	79
3791	0.79	21	79
3792	0.80	20	80
3793	0.80	20	80
3794	0.79	21	79
3795	0.79	21	79
3796	0.79	21	79
3797	0.79	21	79
3798	0.79	21	79
3799	0.79	21	79
3800	0.78	22	78
3801	0.78	22	78
3802	0.77	23	77
3803	0.76	24	76
3804	0.76	24	76
3805	0.75	25	75
3806	0.75	25	75
3807	0.75	25	75
3808	0.75	25	75
3809	0.75	25	75
3810	0.75	25	75
3811	0.75	25	75
3812	0.76	24	76
3813	0.75	25	75
3814	0.76	24	76
3815	0.76	24	76
3816	0.76	24	76
3817	0.76	24	76
3818	0.77	23	77
3819	0.77	23	77
3820	0.76	24	76
3821	0.76	24	76
3822	0.76	24	76
3823	0.76	24	76
3824	0.75	25	75
3825	0.74	26	74
3826	0.74	26	74
3827	0.74	26	74
3828	0.75	25	75
3829	0.75	25	75
3830	0.75	25	75
3831	0.76	24	76
3832	0.77	23	77
3833	0.77	23	77
3834	0.78	22	78
3835	0.77	23	77
3836	0.77	23	77
3837	0.77	23	77
3838	0.78	22	78
3839	0.79	21	79
3840	0.80	20	80
3841	0.80	20	80
3842	0.79	21	79
3843	0.79	21	79
3844	0.80	20	80
3845	0.79	21	79
3846	0.79	21	79
3847	0.79	21	79
3848	0.79	21	79
3849	0.79	21	79
3850	0.78	22	78
3851	0.79	21	79
3852	0.80	20	80
3853	0.80	20	80
3854	0.80	20	80
3855	0.80	20	80
3856	0.79	21	79
3857	0.79	21	79
3858	0.80	20	80
3859	0.80	20	80
3860	0.80	20	80
3861	0.80	20	80
3862	0.79	21	79
3863	0.78	22	78
3864	0.79	21	79
3865	0.79	21	79
3866	0.79	21	79
3867	0.78	22	78
3868	0.78	22	78
3869	0.77	23	77
3870	0.77	23	77
3871	0.77	23	77
3872	0.77	23	77
3873	0.77	23	77
3874	0.77	23	77
3875	0.77	23	77
3876	0.77	23	77
3877	0.76	24	76
3878	0.76	24	76
3879	0.77	23	77
3880	0.77	23	77
3881	0.77	23	77
3882	0.78	22	78
3883	0.78	22	78
3884	0.78	22	78
3885	0.79	21	79
3886	0.79	21	79
3887	0.78	22	78
3888	0.78	22	78
3889	0.77	23	77
3890	0.76	24	76
3891	0.76	24	76
3892	0.75	25	75
3893	0.75	25	75
3894	0.75	25	75
3895	0.75	25	75
3896	0.75	25	75
3897	0.75	25	75
3898	0.75	25	75
3899	0.75	25	75
3900	0.76	24	76
3901	0.76	24	76
3902	0.77	23	77
3903	0.77	23	77
3904	0.77	23	77
3905	0.78	22	78
3906	0.78	22	78
3907	0.77	23	77
3908	0.77	23	77
3909	0.76	24	76
3910	0.76	24	76
3911	0.76	24	76
3912	0.76	24	76
3913	0.77	23	77
3914	0.77	23	77
3915	0.77	23	77
3916	0.77	23	77
3917	0.77	23	77
3918	0.77	23	77
3919	0.77	23	77
3920	0.78	22	78
3921	0.77	23	77
3922	0.77	23	77
3923	0.77	23	77
3924	0.78	22	78
3925	0.78	22	78
3926	0.78	22	78
3927	0.77	23	77
3928	0.76	24	76
3929	0.76	24	76
3930	0.76	24	76
3931	0.76	24	76
3932	0.75	25	75
3933	0.75	25	75
3934	0.75	25	75
3935	0.76	24	76
3936	0.75	25	75
3937	0.75	25	75
3938	0.75	25	75
3939	0.74	26	74
3940	0.74	26	74
3941	0.74	26	74
3942	0.74	26	74
3943	0.75	25	75
3944	0.75	25	75
3945	0.76	24	76
3946	0.76	24	76
3947	0.77	23	77
3948	0.76	24	76
3949	0.76	24	76
3950	0.77	23	77
3951	0.77	23	77
3952	0.77	23	77
3953	0.77	23	77
3954	0.77	23	77
3955	0.77	23	77
3956	0.78	22	78
3957	0.78	22	78
3958	0.78	22	78
3959	0.78	22	78
3960	0.78	22	78
3961	0.77	23	77
3962	0.77	23	77
3963	0.78	22	78
3964	0.77	23	77
3965	0.77	23	77
3966	0.77	23	77
3967	0.77	23	77
3968	0.77	23	77
3969	0.78	22	78
3970	0.77	23	77
3971	0.77	23	77
3972	0.77	23	77
3973	0.77	23	77
3974	0.77	23	77
3975	0.77	23	77
3976	0.77	23	77
3977	0.78	22	78
3978	0.78	22	78
3979	0.78	22	78
3980	0.77	23	77
3981	0.77	23	77
3982	0.76	24	76
3983	0.75	25	75
3984	0.75	25	75
3985	0.75	25	75
3986	0.74	26	74
3987	0.74	26	74
3988	0.73	27	73
3989	0.74	26	74
3990	0.75	25	75
3991	0.75	25	75
3992	0.76	24	76
3993	0.75	25	75
3994	0.76	24	76
3995	0.75	25	75
3996	0.74	26	74
3997	0.74	26	74
3998	0.74	26	74
3999	0.74	26	74
4000	0.27	27	73
4001	0.28	28	72
4002	0.29	29	71
4003	0.29	29	71
4004	0.30	30	70
4005	0.31	31	69
4006	0.32	32	68
4007	0.32	32	68
4008	0.33	33	67
4009	0.32	32	68
4010	0.32	32	68
4011	0.32	32	68
4012	0.33	33	67
4013	0.34	34	66
4014	0.35	35	65
4015	0.36	36	64
4016	0.37	37	63
4017	0.38	38	62
4018	0.38	38	62
4019	0.39	39	61
4020	0.40	40	60
4021	0.40	40	60
4022	0.41	41	59
4023	0.42	42	58
4024	0.43	43	57
4025	0.43	43	57
4026	0.43	43	57
4027	0.43	43	57
4028	0.43	43	57
4029	0.44	44	56
4030	0.44	44	56
4031	0.45	45	55
4032	0.45	45	55
4033	0.46	46	54
4034	0.46	46	54
4035	0.47	47	53
4036	0.46	46	54
4037	0.46	46	54
4038	0.46	46	54
4039	0.46	46	54
4040	0.46	46	54
4041	0.47	47	53
4042	0.47	47	53
4043	0.48	48	52
4044	0.49	49	51
4045	0.50	50	50
4046	0.51	51	49
4047	0.52	52	48
4048	0.52	52	48
4049	0.53	53	47
4050	0.54	54	46
4051	0.55	55	45
4052	0.56	56	44
4053	0.57	57	43
4054	0.58	58	42
4055	0.59	59	41
4056	0.60	60	40
4057	0.60	60	40
4058	0.61	61	39
4059	0.62	62	38
4060	0.63	63	37
4061	0.63	63	37
4062	0.63	63	37
4063	0.64	64	36
4064	0.63	63	37
4065	0.64	64	36
4066	0.64	64	36
4067	0.64	64	36
4068	0.65	65	35
4069	0.65	65	35
4070	0.65	65	35
4071	0.66	66	34
4072	0.67	67	33
4073	0.68	68	32
4074	0.68	68	32
4075	0.69	69	31
4076	0.69	69	31
4077	0.70	70	30
4078	0.71	71	29
4079	0.72	72	28
4080	0.72	72	28
4081	0.73	73	27
4082	0.73	73	27
4083	0.73	73	27
4084	0.74	74	26
4085	0.75	75	25
4086	0.75	75	25
4087	0.75	75	25
4088	0.74	74	26
4089	0.75	75	25
4090	0.76	76	24
4091	0.77	77	23
4092	0.78	78	22
4093	0.78	78	22
4094	0.79	79	21
4095	0.78	78	22
4096	0.78	78	22
4097	0.79	79	21
4098	0.80	80	20
4099	0.81	81	19
4100	0.81	81	19
4101	0.80	80	20
4102	0.79	79	21
4103	0.79	79	21
4104	0.79	79	21
4105	0.79	79	21
4106	0.79	79	21
4107	0.79	79	21
4108	0.79	79	21
4109	0.80	80	20
4110	0.81	81	19
4111	0.82	82	18
4112	0.81	81	19
4113	0.81	81	19
4114	0.81	81	19
4115	0.81	81	19
4116	0.80	80	20
4117	0.80	80	20
4118	0.81	81	19
4119	0.81	81	19
4120	0.81	81	19
4121	0.81	81	19
4122	0.81	81	19
4123	0.80	80	20
4124	0.79	79	21
4125	0.79	79	21
4126	0.79	79	21
4127	0.79	79	21
4128	0.79	79	21
4129	0.78	78	22
4130	0.78	78	22
4131	0.78	78	22
4132	0.78	78	22
4133	0.77	77	23
4134	0.78	78	22
4135	0.78	78	22
4136	0.79	79	21
4137	0.80	80	20
4138	0.81	81	19
4139	0.81	81	19
4140	0.82	82	18
4141	0.82	82	18
4142	0.82	82	18
4143	0.82	82	18
4144	0.82	82	18
4145	0.82	82	18
4146	0.82	82	18
4147	0.81	81	19
4148	0.81	81	19
4149	0.81	81	19
4150	0.81	81	19
4151	0.81	81	19
4152	0.81	81	19
4153	0.81	81	19
4154	0.80	80	20
4155	0.80	80	20
4156	0.80	80	20
4157	0.81	81	19
4158	0.80	80	20
4159	0.80	80	20
4160	0.80	80	20
4161	0.79	79	21
4162	0.79	79	21
4163	0.79	79	21
4164	0.80	80	20
4165	0.80	80	20
4166	0.80	80	20
4167	0.80	80	20
4168	0.80	80	20
4169	0.80	80	20
4170	0.79	79	21
4171	0.79	79	21
4172	0.79	79	21
4173	0.79	79	21
4174	0.80	80	20
4175	0.80	80	20
4176	0.81	81	19
4177	0.81	81	19
4178	0.81	81	19
4179	0.81	81	19
4180	0.81	81	19
4181	0.81	81	19
4182	0.81	81	19
4183	0.81	81	19
4184	0.81	81	19
4185	0.81	81	19
4186	0.81	81	19
4187	0.81	81	19
4188	0.82	82	18
4189	0.82	82	18
4190	0.82	82	18
4191	0.81	81	19
4192	0.81	81	19
4193	0.81	81	19
4194	0.81	81	19
4195	0.81	81	19
4196	0.81	81	19
4197	0.81	81	19
4198	0.81	81	19
4199	0.81	81	19
4200	0.81	81	19
4201	0.82	82	18
4202	0.83	83	17
4203	0.83	83	17
4204	0.82	82	18
4205	0.82	82	18
4206	0.82	82	18
4207	0.82	82	18
4208	0.82	82	18
4209	0.82	82	18
4210	0.82	82	18
4211	0.81	81	19
4212	0.82	82	18
4213	0.82	82	18
4214	0.82	82	18
4215	0.81	81	19
4216	0.82	82	18
4217	0.82	82	18
4218	0.82	82	18
4219	0.82	82	18
4220	0.82	82	18
4221	0.81	81	19
4222	0.81	81	19
4223	0.82	82	18
4224	0.82	82	18
4225	0.82	82	18
4226	0.83	83	17
4227	0.83	83	17
4228	0.83	83	17
4229	0.84	84	16
4230	0.85	85	15
4231	0.85	85	15
4232	0.85	85	15
4233	0.86	86	14
4234	0.86	86	14
4235	0.86	86	14
4236	0.86	86	14
4237	0.86	86	14
4238	0.85	85	15
4239	0.85	85	15
4240	0.85	85	15
4241	0.85	85	15
4242	0.85	85	15
4243	0.85	85	15
4244	0.85	85	15
4245	0.84	84	16
4246	0.84	84	16
4247	0.85	85	15
4248	0.85	85	15
4249	0.85	85	15
4250	0.85	85	15
4251	0.85	85	15
4252	0.85	85	15
4253	0.85	85	15
4254	0.86	86	14
4255	0.86	86	14
4256	0.85	85	15
4257	0.85	85	15
4258	0.86	86	14
4259	0.86	86	14
4260	0.85	85	15
4261	0.86	86	14
4262	0.86	86	14
4263	0.85	85	15
4264	0.85	85	15
4265	0.84	84	16
4266	0.84	84	16
4267	0.84	84	16
4268	0.84	84	16
4269	0.85	85	15
4270	0.86	86	14
4271	0.86	86	14
4272	0.86	86	14
4273	0.86	86	14
4274	0.86	86	14
4275	0.86	86	14
4276	0.85	85	15
4277	0.85	85	15
4278	0.85	85	15
4279	0.85	85	15
4280	0.85	85	15
4281	0.85	85	15
4282	0.84	84	16
4283	0.84	84	16
4284	0.84	84	16
4285	0.84	84	16
4286	0.84	84	16
4287	0.84	84	16
4288	0.84	84	16
4289	0.84	84	16
4290	0.83	83	17
4291	0.84	84	16
4292	0.84	84	16
4293	0.84	84	16
4294	0.84	84	16
4295	0.84	84	16
4296	0.84	84	16
4297	0.84	84	16
4298	0.84	84	16
4299	0.84	84	16
4300	0.84	84	16
4301	0.83	83	17
4302	0.83	83	17
4303	0.82	82	18
4304	0.83	83	17
4305	0.82	82	18
4306	0.82	82	18
4307	0.82	82	18
4308	0.82	82	18
4309	0.81	81	19
4310	0.81	81	19
4311	0.82	82	18
4312	0.82	82	18
4313	0.82	82	18
4314	0.81	81	19
4315	0.81	81	19
4316	0.81	81	19
4317	0.81	81	19
4318	0.81	81	19
4319	0.80	80	20
4320	0.79	79	21
4321	0.80	80	20
4322	0.80	80	20
4323	0.79	79	21
4324	0.79	79	21
4325	0.79	79	21
4326	0.79	79	21
4327	0.79	79	21
4328	0.79	79	21
4329	0.79	79	21
4330	0.78	78	22
4331	0.78	78	22
4332	0.78	78	22
4333	0.78	78	22
4334	0.78	78	22
4335	0.78	78	22
4336	0.77	77	23
4337	0.77	77	23
4338	0.78	78	22
4339	0.78	78	22
4340	0.77	77	23
4341	0.76	76	24
4342	0.76	76	24
4343	0.76	76	24
4344	0.76	76	24
4345	0.77	77	23
4346	0.77	77	23
4347	0.77	77	23
4348	0.77	77	23
4349	0.77	77	23
4350	0.77	77	23
4351	0.76	76	24
4352	0.76	76	24
4353	0.76	76	24
4354	0.76	76	24
4355	0.75	75	25
4356	0.75	75	25
4357	0.75	75	25
4358	0.75	75	25
4359	0.75	75	25
4360	0.76	76	24
4361	0.76	76	24
4362	0.76	76	24
4363	0.77	77	23
4364	0.77	77	23
4365	0.77	77	23
4366	0.78	78	22
4367	0.78	78	22
4368	0.78	78	22
4369	0.77	77	23
4370	0.77	77	23
4371	0.76	76	24
4372	0.75	75	25
4373	0.74	74	26
4374	0.74	74	26
4375	0.74	74	26
4376	0.75	75	25
4377	0.75	75	25
4378	0.74	74	26
4379	0.74	74	26
4380	0.74	74	26
4381	0.74	74	26
4382	0.74	74	26
4383	0.74	74	26
4384	0.74	74	26
4385	0.74	74	26
4386	0.74	74	26
4387	0.74	74	26
4388	0.74	74	26
4389	0.74	74	26
4390	0.75	75	25
4391	0.75	75	25
4392	0.74	74	26
4393	0.74	74	26
4394	0.74	74	26
4395	0.75	75	25
4396	0.74	74	26
4397	0.74	74	26
4398	0.74	74	26
4399	0.74	74	26
4400	0.73	73	27
4401	0.74	74	26
4402	0.73	73	27
4403	0.74	74	26
4404	0.73	73	27
4405	0.74	74	26
4406	0.73	73	27
4407	0.73	73	27
4408	0.73	73	27
4409	0.74	74	26
4410	0.74	74	26
4411	0.74	74	26
4412	0.73	73	27
4413	0.73	73	27
4414	0.74	74	26
4415	0.75	75	25
4416	0.75	75	25
4417	0.75	75	25
4418	0.74	74	26
4419	0.75	75	25
4420	0.75	75	25
4421	0.75	75	25
4422	0.75	75	25
4423	0.75	75	25
4424	0.76	76	24
4425	0.76	76	24
4426	0.76	76	24
4427	0.76	76	24
4428	0.75	75	25
4429	0.74	74	26
4430	0.75	75	25
4431	0.74	74	26
4432	0.74	74	26
4433	0.74	74	26
4434	0.74	74	26
4435	0.74	74	26
4436	0.75	75	25
4437	0.75	75	25
4438	0.75	75	25
4439	0.75	75	25
4440	0.76	76	24
4441	0.77	77	23
4442	0.77	77	23
4443	0.76	76	24
4444	0.76	76	24
4445	0.76	76	24
4446	0.75	75	25
4447	0.75	75	25
4448	0.75	75	25
4449	0.75	75	25
4450	0.75	75	25
4451	0.76	76	24
4452	0.76	76	24
4453	0.76	76	24
4454	0.76	76	24
4455	0.77	77	23
4456	0.77	77	23
4457	0.77	77	23
4458	0.77	77	23
4459	0.77	77	23
4460	0.77	77	23
4461	0.76	76	24
4462	0.76	76	24
4463	0.76	76	24
4464	0.76	76	24
4465	0.76	76	24
4466	0.76	76	24
4467	0.76	76	24
4468	0.76	76	24
4469	0.77	77	23
4470	0.77	77	23
4471	0.77	77	23
4472	0.78	78	22
4473	0.79	79	21
4474	0.78	78	22
4475	0.78	78	22
4476	0.77	77	23
4477	0.77	77	23
4478	0.77	77	23
4479	0.77	77	23
4480	0.77	77	23
4481	0.77	77	23
4482	0.78	78	22
4483	0.78	78	22
4484	0.78	78	22
4485	0.77	77	23
4486	0.77	77	23
4487	0.77	77	23
4488	0.77	77	23
4489	0.77	77	23
4490	0.77	77	23
4491	0.77	77	23
4492	0.78	78	22
4493	0.78	78	22
4494	0.78	78	22
4495	0.78	78	22
4496	0.78	78	22
4497	0.77	77	23
4498	0.76	76	24
4499	0.76	76	24
4500	0.77	77	23
4501	0.77	77	23
4502	0.78	78	22
4503	0.77	77	23
4504	0.78	78	22
4505	0.78	78	22
4506	0.78	78	22
4507	0.78	78	22
4508	0.78	78	22
4509	0.78	78	22
4510	0.77	77	23
4511	0.77	77	23
4512	0.78	78	22
4513	0.78	78	22
4514	0.78	78	22
4515	0.78	78	22
4516	0.78	78	22
4517	0.78	78	22
4518	0.78	78	22
4519	0.77	77	23
4520	0.78	78	22
4521	0.78	78	22
4522	0.78	78	22
4523	0.79	79	21
4524	0.79	79	21
4525	0.79	79	21
4526	0.79	79	21
4527	0.79	79	21
4528	0.80	80	20
4529	0.81	81	19
4530	0.80	80	20
4531	0.81	81	19
4532	0.81	81	19
4533	0.81	81	19
4534	0.81	81	19
4535	0.81	81	19
4536	0.80	80	20
4537	0.79	79	21
4538	0.79	79	21
4539	0.78	78	22
4540	0.78	78	22
4541	0.78	78	22
4542	0.77	77	23
4543	0.78	78	22
4544	0.78	78	22
4545	0.78	78	22
4546	0.79	79	21
4547	0.79	79	21
4548	0.79	79	21
4549	0.79	79	21
4550	0.79	79	21
4551	0.79	79	21
4552	0.79	79	21
4553	0.79	79	21
4554	0.79	79	21
4555	0.79	79	21
4556	0.80	80	20
4557	0.80	80	20
4558	0.80	80	20
4559	0.80	80	20
4560	0.80	80	20
4561	0.81	81	19
4562	0.81	81	19
4563	0.80	80	20
4564	0.80	80	20
4565	0.81	81	19
4566	0.81	81	19
4567	0.81	81	19
4568	0.81	81	19
4569	0.81	81	19
4570	0.81	81	19
4571	0.81	81	19
4572	0.81	81	19
4573	0.81	81	19
4574	0.81	81	19
4575	0.81	81	19
4576	0.82	82	18
4577	0.82	82	18
4578	0.82	82	18
4579	0.82	82	18
4580	0.82	82	18
4581	0.82	82	18
4582	0.82	82	18
4583	0.82	82	18
4584	0.82	82	18
4585	0.83	83	17
4586	0.83	83	17
4587	0.83	83	17
4588	0.83	83	17
4589	0.83	83	17
4590	0.83	83	17
4591	0.83	83	17
4592	0.83	83	17
4593	0.83	83	17
4594	0.83	83	17
4595	0.83	83	17
4596	0.83	83	17
4597	0.83	83	17
4598	0.84	84	16
4599	0.84	84	16
4600	0.84	84	16
4601	0.84	84	16
4602	0.83	83	17
4603	0.84	84	16
4604	0.84	84	16
4605	0.84	84	16
4606	0.85	85	15
4607	0.85	85	15
4608	0.84	84	16
4609	0.83	83	17
4610	0.84	84	16
4611	0.84	84	16
4612	0.84	84	16
4613	0.84	84	16
4614	0.84	84	16
4615	0.84	84	16
4616	0.84	84	16
4617	0.84	84	16
4618	0.84	84	16
4619	0.84	84	16
4620	0.84	84	16
4621	0.84	84	16
4622	0.84	84	16
4623	0.84	84	16
4624	0.84	84	16
4625	0.84	84	16
4626	0.83	83	17
4627	0.83	83	17
4628	0.83	83	17
4629	0.83	83	17
4630	0.83	83	17
4631	0.82	82	18
4632	0.82	82	18
4633	0.82	82	18
4634	0.82	82	18
4635	0.82	82	18
4636	0.83	83	17
4637	0.84	84	16
4638	0.84	84	16
4639	0.85	85	15
4640	0.85	85	15
4641	0.85	85	15
4642	0.86	86	14
4643	0.85	85	15
4644	0.84	84	16
4645	0.84	84	16
4646	0.84	84	16
4647	0.84	84	16
4648	0.84	84	16
4649	0.84	84	16
4650	0.84	84	16
4651	0.84	84	16
4652	0.84	84	16
4653	0.84	84	16
4654	0.84	84	16
4655	0.84	84	16
4656	0.84	84	16
4657	0.84	84	16
4658	0.83	83	17
4659	0.82	82	18
4660	0.82	82	18
4661	0.81	81	19
4662	0.81	81	19
4663	0.82	82	18
4664	0.82	82	18
4665	0.82	82	18
4666	0.82	82	18
4667	0.82	82	18
4668	0.82	82	18
4669	0.82	82	18
4670	0.82	82	18
4671	0.82	82	18
4672	0.82	82	18
4673	0.82	82	18
4674	0.83	83	17
4675	0.83	83	17
4676	0.83	83	17
4677	0.83	83	17
4678	0.84	84	16
4679	0.84	84	16
4680	0.84	84	16
4681	0.84	84	16
4682	0.83	83	17
4683	0.82	82	18
4684	0.82	82	18
4685	0.82	82	18
4686	0.81	81	19
4687	0.81	81	19
4688	0.81	81	19
4689	0.81	81	19
4690	0.81	81	19
4691	0.81	81	19
4692	0.81	81	19
4693	0.80	80	20
4694	0.80	80	20
4695	0.80	80	20
4696	0.81	81	19
4697	0.82	82	18
4698	0.82	82	18
4699	0.82	82	18
4700	0.82	82	18
4701	0.82	82	18
4702	0.83	83	17
4703	0.82	82	18
4704	0.82	82	18
4705	0.82	82	18
4706	0.82	82	18
4707	0.82	82	18
4708	0.83	83	17
4709	0.84	84	16
4710	0.84	84	16
4711	0.84	84	16
4712	0.83	83	17
4713	0.83	83	17
4714	0.82	82	18
4715	0.82	82	18
4716	0.82	82	18
4717	0.82	82	18
4718	0.83	83	17
4719	0.84	84	16
4720	0.84	84	16
4721	0.84	84	16
4722	0.84	84	16
4723	0.84	84	16
4724	0.84	84	16
4725	0.84	84	16
4726	0.85	85	15
4727	0.85	85	15
4728	0.84	84	16
4729	0.84	84	16
4730	0.85	85	15
4731	0.86	86	14
4732	0.86	86	14
4733	0.86	86	14
4734	0.86	86	14
4735	0.86	86	14
4736	0.86	86	14
4737	0.86	86	14
4738	0.86	86	14
4739	0.85	85	15
4740	0.84	84	16
4741	0.83	83	17
4742	0.83	83	17
4743	0.83	83	17
4744	0.84	84	16
4745	0.84	84	16
4746	0.84	84	16
4747	0.84	84	16
4748	0.83	83	17
4749	0.83	83	17
4750	0.83	83	17
4751	0.83	83	17
4752	0.83	83	17
4753	0.83	83	17
4754	0.83	83	17
4755	0.83	83	17
4756	0.82	82	18
4757	0.82	82	18
4758	0.83	83	17
4759	0.84	84	16
4760	0.84	84	16
4761	0.85	85	15
4762	0.85	85	15
4763	0.85	85	15
4764	0.85	85	15
4765	0.85	85	15
4766	0.85	85	15
4767	0.85	85	15
4768	0.84	84	16
4769	0.84	84	16
4770	0.84	84	16
4771	0.85	85	15
4772	0.85	85	15
4773	0.85	85	15
4774	0.85	85	15
4775	0.85	85	15
4776	0.85	85	15
4777	0.85	85	15
4778	0.85	85	15
4779	0.85	85	15
4780	0.85	85	15
4781	0.85	85	15
4782	0.86	86	14
4783	0.87	87	13
4784	0.86	86	14
4785	0.85	85	15
4786	0.86	86	14
4787	0.86	86	14
4788	0.85	85	15
4789	0.84	84	16
4790	0.83	83	17
4791	0.83	83	17
4792	0.83	83	17
4793	0.84	84	16
4794	0.84	84	16
4795	0.84	84	16
4796	0.84	84	16
4797	0.84	84	16
4798	0.83	83	17
4799	0.83	83	17
4800	0.83	83	17
4801	0.83	83	17
4802	0.83	83	17
4803	0.84	84	16
4804	0.83	83	17
4805	0.83	83	17
4806	0.83	83	17
4807	0.83	83	17
4808	0.83	83	17
4809	0.83	83	17
4810	0.83	83	17
4811	0.83	83	17
4812	0.83	83	17
4813	0.82	82	18
4814	0.83	83	17
4815	0.82	82	18
4816	0.82	82	18
4817	0.82	82	18
4818	0.81	81	19
4819	0.80	80	20
4820	0.80	80	20
4821	0.80	80	20
4822	0.80	80	20
4823	0.79	79	21
4824	0.79	79	21
4825	0.79	79	21
4826	0.79	79	21
4827	0.79	79	21
4828	0.80	80	20
4829	0.79	79	21
4830	0.78	78	22
4831	0.77	77	23
4832	0.76	76	24
4833	0.76	76	24
4834	0.76	76	24
4835	0.76	76	24
4836	0.76	76	24
4837	0.76	76	24
4838	0.76	76	24
4839	0.77	77	23
4840	0.78	78	22
4841	0.79	79	21
4842	0.79	79	21
4843	0.80	80	20
4844	0.80	80	20
4845	0.79	79	21
4846	0.79	79	21
4847	0.79	79	21
4848	0.80	80	20
4849	0.80	80	20
4850	0.80	80	20
4851	0.80	80	20
4852	0.80	80	20
4853	0.80	80	20
4854	0.80	80	20
4855	0.79	79	21
4856	0.80	80	20
4857	0.80	80	20
4858	0.79	79	21
4859	0.78	78	22
4860	0.78	78	22
4861	0.77	77	23
4862	0.76	76	24
4863	0.75	75	25
4864	0.75	75	25
4865	0.75	75	25
4866	0.75	75	25
4867	0.75	75	25
4868	0.76	76	24
4869	0.75	75	25
4870	0.75	75	25
4871	0.75	75	25
4872	0.75	75	25
4873	0.74	74	26
4874	0.73	73	27
4875	0.73	73	27
4876	0.73	73	27
4877	0.73	73	27
4878	0.72	72	28
4879	0.71	71	29
4880	0.71	71	29
4881	0.71	71	29
4882	0.71	71	29
4883	0.71	71	29
4884	0.72	72	28
4885	0.73	73	27
4886	0.73	73	27
4887	0.73	73	27
4888	0.74	74	26
4889	0.74	74	26
4890	0.75	75	25
4891	0.75	75	25
4892	0.75	75	25
4893	0.75	75	25
4894	0.75	75	25
4895	0.74	74	26
4896	0.74	74	26
4897	0.73	73	27
4898	0.74	74	26
4899	0.74	74	26
4900	0.74	74	26
4901	0.74	74	26
4902	0.74	74	26
4903	0.74	74	26
4904	0.75	75	25
4905	0.75	75	25
4906	0.75	75	25
4907	0.74	74	26
4908	0.74	74	26
4909	0.74	74	26
4910	0.74	74	26
4911	0.74	74	26
4912	0.75	75	25
4913	0.76	76	24
4914	0.76	76	24
4915	0.77	77	23
4916	0.76	76	24
4917	0.76	76	24
4918	0.77	77	23
4919	0.78	78	22
4920	0.78	78	22
4921	0.78	78	22
4922	0.78	78	22
4923	0.79	79	21
4924	0.79	79	21
4925	0.79	79	21
4926	0.79	79	21
4927	0.78	78	22
4928	0.78	78	22
4929	0.79	79	21
4930	0.80	80	20
4931	0.81	81	19
4932	0.82	82	18
4933	0.82	82	18
4934	0.82	82	18
4935	0.82	82	18
4936	0.82	82	18
4937	0.82	82	18
4938	0.82	82	18
4939	0.82	82	18
4940	0.81	81	19
4941	0.81	81	19
4942	0.81	81	19
4943	0.81	81	19
4944	0.80	80	20
4945	0.81	81	19
4946	0.81	81	19
4947	0.81	81	19
4948	0.81	81	19
4949	0.81	81	19
4950	0.81	81	19
4951	0.80	80	20
4952	0.80	80	20
4953	0.80	80	20
4954	0.80	80	20
4955	0.81	81	19
4956	0.81	81	19
4957	0.80	80	20
4958	0.81	81	19
4959	0.82	82	18
4960	0.82	82	18
4961	0.83	83	17
4962	0.84	84	16
4963	0.85	85	15
4964	0.85	85	15
4965	0.84	84	16
4966	0.83	83	17
4967	0.82	82	18
4968	0.82	82	18
4969	0.82	82	18
4970	0.81	81	19
4971	0.81	81	19
4972	0.80	80	20
4973	0.81	81	19
4974	0.82	82	18
4975	0.81	81	19
4976	0.81	81	19
4977	0.81	81	19
4978	0.82	82	18
4979	0.83	83	17
4980	0.83	83	17
4981	0.83	83	17
4982	0.83	83	17
4983	0.82	82	18
4984	0.81	81	19
4985	0.81	81	19
4986	0.81	81	19
4987	0.81	81	19
4988	0.81	81	19
4989	0.82	82	18
4990	0.82	82	18
4991	0.82	82	18
4992	0.81	81	19
4993	0.81	81	19
4994	0.81	81	19
4995	0.82	82	18
4996	0.81	81	19
4997	0.82	82	18
4998	0.82	82	18
4999	0.82	82	18
5000	0.19	81	19
5001	0.20	80	20
5002	0.21	79	21
5003	0.21	79	21
5004	0.22	78	22
5005	0.23	77	23
5006	0.24	76	24
5007	0.24	76	24
5008	0.25	75	25
5009	0.26	74	26
5010	0.27	73	27
5011	0.28	72	28
5012	0.28	72	28
5013	0.29	71	29
5014	0.30	70	30
5015	0.30	70	30
5016	0.30	70	30
5017	0.30	70	30
5018	0.31	69	31
5019	0.31	69	31
5020	0.32	68	32
5021	0.33	67	33
5022	0.34	66	34
5023	0.35	65	35
5024	0.36	64	36
5025	0.37	63	37
5026	0.37	63	37
5027	0.36	64	36
5028	0.37	63	37
5029	0.37	63	37
5030	0.38	62	38
5031	0.38	62	38
5032	0.39	61	39
5033	0.40	60	40
5034	0.41	59	41
5035	0.42	58	42
5036	0.42	58	42
5037	0.43	57	43
5038	0.44	56	44
5039	0.44	56	44
5040	0.43	57	43
5041	0.43	57	43
5042	0.44	56	44
5043	0.45	55	45
5044	0.44	56	44
5045	0.44	56	44
5046	0.45	55	45
5047	0.46	54	46
5048	0.47	53	47
5049	0.48	52	48
5050	0.49	51	49
5051	0.49	51	49
5052	0.50	50	50
5053	0.51	49	51
5054	0.52	48	52
5055	0.53	47	53
5056	0.54	46	54
5057	0.54	46	54
5058	0.55	45	55
5059	0.56	44	56
5060	0.56	44	56
5061	0.57	43	57
5062	0.57	43	57
5063	0.58	42	58
5064	0.58	42	58
5065	0.58	42	58
5066	0.58	42	58
5067	0.58	42	58
5068	0.59	41	59
5069	0.58	42	58
5070	0.58	42	58
5071	0.59	41	59
5072	0.59	41	59
5073	0.60	40	60
5074	0.60	40	60
5075	0.60	40	60
5076	0.60	40	60
5077	0.61	39	61
5078	0.61	39	61
5079	0.62	38	62
5080	0.63	37	63
5081	0.64	36	64
5082	0.65	35	65
5083	0.65	35	65
5084	0.65	35	65
5085	0.66	34	66
5086	0.67	33	67
5087	0.68	32	68
5088	0.69	31	69
5089	0.69	31	69
5090	0.70	30	70
5091	0.71	29	71
5092	0.71	29	71
5093	0.72	28	72
5094	0.73	27	73
5095	0.74	26	74
5096	0.74	26	74
5097	0.75	25	75
5098	0.76	24	76
5099	0.77	23	77
5100	0.77	23	77
5101	0.77	23	77
5102	0.77	23	77
5103	0.78	22	78
5104	0.78	22	78
5105	0.78	22	78
5106	0.77	23	77
5107	0.76	24	76
5108	0.76	24	76
5109	0.76	24	76
5110	0.76	24	76
5111	0.76	24	76
5112	0.77	23	77
5113	0.77	23	77
5114	0.77	23	77
5115	0.78	22	78
5116	0.78	22	78
5117	0.78	22	78
5118	0.78	22	78
5119	0.79	21	79
5120	0.79	21	79
5121	0.79	21	79
5122	0.79	21	79
5123	0.79	21	79
5124	0.79	21	79
5125	0.79	21	79
5126	0.80	20	80
5127	0.81	19	81
5128	0.81	19	81
5129	0.82	18	82
5130	0.82	18	82
5131	0.83	17	83
5132	0.83	17	83
5133	0.83	17	83
5134	0.82	18	82
5135	0.81	19	81
5136	0.82	18	82
5137	0.82	18	82
5138	0.81	19	81
5139	0.82	18	82
5140	0.82	18	82
5141	0.83	17	83
5142	0.83	17	83
5143	0.83	17	83
5144	0.84	16	84
5145	0.85	15	85
5146	0.85	15	85
5147	0.85	15	85
5148	0.85	15	85
5149	0.85	15	85
5150	0.85	15	85
5151	0.85	15	85
5152	0.85	15	85
5153	0.85	15	85
5154	0.85	15	85
5155	0.85	15	85
5156	0.85	15	85
5157	0.85	15	85
5158	0.85	15	85
5159	0.85	15	85
5160	0.86	14	86
5161	0.85	15	85
5162	0.86	14	86
5163	0.86	14	86
5164	0.87	13	87
5165	0.87	13	87
5166	0.87	13	87
5167	0.87	13	87
5168	0.87	13	87
5169	0.88	12	88
5170	0.88	12	88
5171	0.88	12	88
5172	0.88	12	88
5173	0.88	12	88
5174	0.89	11	89
5175	0.89	11	89
5176	0.90	10	90
5177	0.90	10	90
5178	0.90	10	90
5179	0.89	11	89
5180	0.89	11	89
5181	0.89	11	89
5182	0.88	12	88
5183	0.87	13	87
5184	0.87	13	87
5185	0.87	13	87
5186	0.87	13	87
5187	0.87	13	87
5188	0.87	13	87
5189	0.88	12	88
5190	0.88	12	88
5191	0.88	12	88
5192	0.88	12	88
5193	0.88	12	88
5194	0.88	12	88
5195	0.88	12	88
5196	0.87	13	87
5197	0.87	13	87
5198	0.87	13	87
5199	0.87	13	87
5200	0.87	13	87
5201	0.87	13	87
5202	0.87	13	87
5203	0.87	13	87
5204	0.87	13	87
5205	0.87	13	87
5206	0.88	12	88
5207	0.89	11	89
5208	0.88	12	88
5209	0.88	12	88
5210	0.87	13	87
5211	0.86	14	86
5212	0.86	14	86
5213	0.86	14	86
5214	0.86	14	86
5215	0.86	14	86
5216	0.86	14	86
5217	0.87	13	87
5218	0.87	13	87
5219	0.87	13	87
5220	0.87	13	87
5221	0.87	13	87
5222	0.86	14	86
5223	0.86	14	86
5224	0.86	14	86
5225	0.86	14	86
5226	0.86	14	86
5227	0.86	14	86
5228	0.86	14	86
5229	0.86	14	86
5230	0.86	14	86
5231	0.86	14	86
5232	0.85	15	85
5233	0.85	15	85
5234	0.86	14	86
5235	0.87	13	87
5236	0.87	13	87
5237	0.87	13	87
5238	0.88	12	88
5239	0.88	12	88
5240	0.89	11	89
5241	0.89	11	89
5242	0.88	12	88
5243	0.88	12	88
5244	0.88	12	88
5245	0.88	12	88
5246	0.87	13	87
5247	0.87	13	87
5248	0.87	13	87
5249	0.87	13	87
5250	0.87	13	87
5251	0.87	13	87
5252	0.87	13	87
5253	0.87	13	87
5254	0.87	13	87
5255	0.87	13	87
5256	0.87	13	87
5257	0.87	13	87
5258	0.87	13	87
5259	0.86	14	86
5260	0.86	14	86
5261	0.86	14	86
5262	0.86	14	86
5263	0.85	15	85
5264	0.85	15	85
5265	0.84	16	84
5266	0.83	17	83
5267	0.83	17	83
5268	0.83	17	83
5269	0.83	17	83
5270	0.82	18	82
5271	0.82	18	82
5272	0.81	19	81
5273	0.80	20	80
5274	0.80	20	80
5275	0.80	20	80
5276	0.80	20	80
5277	0.80	20	80
5278	0.81	19	81
5279	0.81	19	81
5280	0.81	19	81
5281	0.81	19	81
5282	0.82	18	82
5283	0.83	17	83
5284	0.83	17	83
5285	0.83	17	83
5286	0.82	18	82
5287	0.81	19	81
5288	0.80	20	80
5289	0.80	20	80
5290	0.80	20	80
5291	0.80	20	80
5292	0.80	20	80
5293	0.79	21	79
5294	0.79	21	79
5295	0.78	22	78
5296	0.79	21	79
5297	0.79	21	79
5298	0.79	21	79
5299	0.79	21	79
5300	0.78	22	78
5301	0.78	22	78
5302	0.78	22	78
5303	0.78	22	78
5304	0.78	22	78
5305	0.78	22	78
5306	0.78	22	78
5307	0.78	22	78
5308	0.79	21	79
5309	0.79	21	79
5310	0.80	20	80
5311	0.81	19	81
5312	0.81	19	81
5313	0.81	19	81
5314	0.81	19	81
5315	0.81	19	81
5316	0.81	19	81
5317	0.80	20	80
5318	0.80	20	80
5319	0.80	20	80
5320	0.80	20	80
5321	0.80	20	80
5322	0.80	20	80
5323	0.80	20	80
5324	0.79	21	79
5325	0.79	21	79
5326	0.79	21	79
5327	0.79	21	79
5328	0.79	21	79
5329	0.79	21	79
5330	0.79	21	79
5331	0.79	21	79
5332	0.80	20	80
5333	0.79	21	79
5334	0.79	21	79
5335	0.79	21	79
5336	0.79	21	79
5337	0.79	21	79
5338	0.79	21	79
5339	0.78	22	78
5340	0.78	22	78
5341	0.78	22	78
5342	0.78	22	78
5343	0.78	22	78
5344	0.77	23	77
5345	0.77	23	77
5346	0.78	22	78
5347	0.78	22	78
5348	0.78	22	78
5349	0.78	22	78
5350	0.78	22	78
5351	0.78	22	78
5352	0.78	22	78
5353	0.78	22	78
5354	0.78	22	78
5355	0.78	22	78
5356	0.77	23	77
5357	0.77	23	77
5358	0.76	24	76
5359	0.76	24	76
5360	0.75	25	75
5361	0.76	24	76
5362	0.76	24	76
5363	0.77	23	77
5364	0.77	23	77
5365	0.78	22	78
5366	0.78	22	78
5367	0.78	22	78
5368	0.77	23	77
5369	0.77	23	77
5370	0.78	22	78
5371	0.78	22	78
5372	0.79	21	79
5373	0.79	21	79
5374	0.79	21	79
5375	0.79	21	79
5376	0.79	21	79
5377	0.79	21	79
5378	0.78	22	78
5379	0.78	22	78
5380	0.77	23	77
5381	0.77	23	77
5382	0.77	23	77
5383	0.77	23	77
5384	0.77	23	77
5385	0.76	24	76
5386	0.77	23	77
5387	0.78	22	78
5388	0.78	22	78
5389	0.78	22	78
5390	0.77	23	77
5391	0.77	23	77
5392	0.76	24	76
5393	0.77	23	77
5394	0.76	24	76
5395	0.77	23	77
5396	0.76	24	76
5397	0.76	24	76
5398	0.76	24	76
5399	0.75	25	75
5400	0.76	24	76
5401	0.76	24	76
5402	0.76	24	76
5403	0.76	24	76
5404	0.76	24	76
5405	0.76	24	76
5406	0.76	24	76
5407	0.75	25	75
5408	0.74	26	74
5409	0.74	26	74
5410	0.74	26	74
5411	0.74	26	74
5412	0.73	27	73
5413	0.73	27	73
5414	0.73	27	73
5415	0.73	27	73
5416	0.72	28	72
5417	0.73	27	73
5418	0.73	27	73
5419	0.73	27	73
5420	0.72	28	72
5421	0.71	29	71
5422	0.72	28	72
5423	0.71	29	71
5424	0.72	28	72
5425	0.71	29	71
5426	0.71	29	71
5427	0.71	29	71
5428	0.71	29	71
5429	0.71	29	71
5430	0.71	29	71
5431	0.70	30	70
5432	0.70	30	70
5433	0.71	29	71
5434	0.71	29	71
5435	0.70	30	70
5436	0.70	30	70
5437	0.70	30	70
5438	0.70	30	70
5439	0.71	29	71
5440	0.71	29	71
5441	0.71	29	71
5442	0.71	29	71
5443	0.71	29	71
5444	0.72	28	72
5445	0.72	28	72
5446	0.71	29	71
5447	0.70	30	70
5448	0.70	30	70
5449	0.70	30	70
5450	0.70	30	70
5451	0.70	30	70
5452	0.70	30	70
5453	0.70	30	70
5454	0.70	30	70
5455	0.70	30	70
5456	0.71	29	71
5457	0.71	29	71
5458	0.72	28	72
5459	0.73	27	73
5460	0.74	26	74
5461	0.74	26	74
5462	0.73	27	73
5463	0.73	27	73
5464	0.73	27	73
5465	0.73	27	73
5466	0.74	26	74
5467	0.74	26	74
5468	0.75	25	75
5469	0.75	25	75
5470	0.75	25	75
5471	0.75	25	75
5472	0.75	25	75
5473	0.76	24	76
5474	0.76	24	76
5475	0.76	24	76
5476	0.76	24	76
5477	0.75	25	75
5478	0.75	25	75
5479	0.76	24	76
5480	0.77	23	77
5481	0.77	23	77
5482	0.77	23	77
5483	0.76	24	76
5484	0.76	24	76
5485	0.77	23	77
5486	0.77	23	77
5487	0.76	24	76
5488	0.77	23	77
5489	0.77	23	77
5490	0.78	22	78
5491	0.78	22	78
5492	0.79	21	79
5493	0.79	21	79
5494	0.80	20	80
5495	0.80	20	80
5496	0.81	19	81
5497	0.81	19	81
5498	0.80	20	80
5499	0.81	19	81
5500	0.81	19	81
5501	0.80	20	80
5502	0.80	20	80
5503	0.80	20	80
5504	0.80	20	80
5505	0.80	20	80
5506	0.80	20	80
5507	0.81	19	81
5508	0.82	18	82
5509	0.81	19	81
5510	0.80	20	80
5511	0.79	21	79
5512	0.79	21	79
5513	0.79	21	79
5514	0.79	21	79
5515	0.78	22	78
5516	0.78	22	78
5517	0.77	23	77
5518	0.77	23	77
5519	0.76	24	76
5520	0.77	23	77
5521	0.78	22	78
5522	0.77	23	77
5523	0.77	23	77
5524	0.77	23	77
5525	0.77	23	77
5526	0.76	24	76
5527	0.75	25	75
5528	0.75	25	75
5529	0.75	25	75
5530	0.75	25	75
5531	0.76	24	76
5532	0.75	25	75
5533	0.74	26	74
5534	0.74	26	74
5535	0.75	25	75
5536	0.75	25	75
5537	0.75	25	75
5538	0.75	25	75
5539	0.75	25	75
5540	0.75	25	75
5541	0.75	25	75
5542	0.75	25	75
5543	0.75	25	75
5544	0.75	25	75
5545	0.75	25	75
5546	0.76	24	76
5547	0.77	23	77
5548	0.77	23	77
5549	0.77	23	77
5550	0.76	24	76
5551	0.76	24	76
5552	0.76	24	76
5553	0.75	25	75
5554	0.75	25	75
5555	0.75	25	75
5556	0.75	25	75
5557	0.75	25	75
5558	0.75	25	75
5559	0.75	25	75
5560	0.75	25	75
5561	0.75	25	75
5562	0.76	24	76
5563	0.76	24	76
5564	0.76	24	76
5565	0.75	25	75
5566	0.74	26	74
5567	0.74	26	74
5568	0.74	26	74
5569	0.74	26	74
5570	0.74	26	74
5571	0.73	27	73
5572	0.73	27	73
5573	0.73	27	73
5574	0.73	27	73
5575	0.73	27	73
5576	0.73	27	73
5577	0.73	27	73
5578	0.73	27	73
5579	0.73	27	73
5580	0.72	28	72
5581	0.72	28	72
5582	0.72	28	72
5583	0.73	27	73
5584	0.73	27	73
5585	0.73	27	73
5586	0.73	27	73
5587	0.74	26	74
5588	0.74	26	74
5589	0.74	26	74
5590	0.74	26	74
5591	0.74	26	74
5592	0.74	26	74
5593	0.74	26	74
5594	0.73	27	73
5595	0.73	27	73
5596	0.72	28	72
5597	0.72	28	72
5598	0.73	27	73
5599	0.72	28	72
5600	0.71	29	71
5601	0.72	28	72
5602	0.72	28	72
5603	0.72	28	72
5604	0.72	28	72
5605	0.72	28	72
5606	0.72	28	72
5607	0.72	28	72
5608	0.72	28	72
5609	0.72	28	72
5610	0.73	27	73
5611	0.74	26	74
5612	0.75	25	75
5613	0.75	25	75
5614	0.75	25	75
5615	0.76	24	76
5616	0.76	24	76
5617	0.77	23	77
5618	0.77	23	77
5619	0.78	22	78
5620	0.77	23	77
5621	0.77	23	77
5622	0.78	22	78
5623	0.78	22	78
5624	0.78	22	78
5625	0.79	21	79
5626	0.80	20	80
5627	0.81	19	81
5628	0.81	19	81
5629	0.80	20	80
5630	0.80	20	80
5631	0.79	21	79
5632	0.80	20	80
5633	0.81	19	81
5634	0.81	19	81
5635	0.81	19	81
5636	0.80	20	80
5637	0.79	21	79
5638	0.79	21	79
5639	0.79	21	79
5640	0.79	21	79
5641	0.79	21	79
5642	0.80	20	80
5643	0.80	20	80
5644	0.80	20	80
5645	0.79	21	79
5646	0.78	22	78
5647	0.78	22	78
5648	0.78	22	78
5649	0.78	22	78
5650	0.79	21	79
5651	0.79	21	79
5652	0.79	21	79
5653	0.80	20	80
5654	0.79	21	79
5655	0.78	22	78
5656	0.78	22	78
5657	0.78	22	78
5658	0.78	22	78
5659	0.78	22	78
5660	0.78	22	78
5661	0.77	23	77
5662	0.77	23	77
5663	0.77	23	77
5664	0.77	23	77
5665	0.78	22	78
5666	0.78	22	78
5667	0.78	22	78
5668	0.78	22	78
5669	0.78	22	78
5670	0.78	22	78
5671	0.79	21	79
5672	0.78	22	78
5673	0.77	23	77
5674	0.76	24	76
5675	0.76	24	76
5676	0.76	24	76
5677	0.76	24	76
5678	0.77	23	77
5679	0.77	23	77
5680	0.78	22	78
5681	0.78	22	78
5682	0.78	22	78
5683	0.78	22	78
5684	0.77	23	77
5685	0.77	23	77
5686	0.77	23	77
5687	0.77	23	77
5688	0.76	24	76
5689	0.76	24	76
5690	0.76	24	76
5691	0.76	24	76
5692	0.76	24	76
5693	0.76	24	76
5694	0.77	23	77
5695	0.76	24	76
5696	0.77	23	77
5697	0.77	23	77
5698	0.76	24	76
5699	0.77	23	77
5700	0.77	23	77
5701	0.77	23	77
5702	0.77	23	77
5703	0.77	23	77
5704	0.77	23	77
5705	0.77	23	77
5706	0.77	23	77
5707	0.76	24	76
5708	0.76	24	76
5709	0.77	23	77
5710	0.76	24	76
5711	0.75	25	75
5712	0.75	25	75
5713	0.75	25	75
5714	0.75	25	75
5715	0.75	25	75
5716	0.76	24	76
5717	0.76	24	76
5718	0.75	25	75
5719	0.75	25	75
5720	0.76	24	76
5721	0.76	24	76
5722	0.76	24	76
5723	0.77	23	77
5724	0.77	23	77
5725	0.77	23	77
5726	0.77	23	77
5727	0.77	23	77
5728	0.76	24	76
5729	0.77	23	77
5730	0.77	23	77
5731	0.78	22	78
5732	0.77	23	77
5733	0.77	23	77
5734	0.77	23	77
5735	0.76	24	76
5736	0.76	24	76
5737	0.76	24	76
5738	0.76	24	76
5739	0.76	24	76
5740	0.76	24	76
5741	0.76	24	76
5742	0.76	24	76
5743	0.76	24	76
5744	0.76	24	76
5745	0.77	23	77
5746	0.78	22	78
5747	0.78	22	78
5748	0.77	23	77
5749	0.76	24	76
5750	0.75	25	75
5751	0.75	25	75
5752	0.75	25	75
5753	0.75	25	75
5754	0.75	25	75
5755	0.75	25	75
5756	0.74	26	74
5757	0.73	27	73
5758	0.73	27	73
5759	0.73	27	73
5760	0.73	27	73
5761	0.74	26	74
5762	0.74	26	74
5763	0.74	26	74
5764	0.74	26	74
5765	0.74	26	74
5766	0.75	25	75
5767	0.75	25	75
5768	0.75	25	75
5769	0.75	25	75
5770	0.75	25	75
5771	0.75	25	75
5772	0.76	24	76
5773	0.77	23	77
5774	0.78	22	78
5775	0.78	22	78
5776	0.78	22	78
5777	0.79	21	79
5778	0.79	21	79
5779	0.79	21	79
5780	0.79	21	79
5781	0.79	21	79
5782	0.79	21	79
5783	0.78	22	78
5784	0.79	21	79
5785	0.78	22	78
5786	0.77	23	77
5787	0.77	23	77
5788	0.77	23	77
5789	0.77	23	77
5790	0.77	23	77
5791	0.77	23	77
5792	0.77	23	77
5793	0.77	23	77
5794	0.77	23	77
5795	0.78	22	78
5796	0.78	22	78
5797	0.77	23	77
5798	0.78	22	78
5799	0.78	22	78
5800	0.79	21	79
5801	0.78	22	78
5802	0.78	22	78
5803	0.78	22	78
5804	0.78	22	78
5805	0.78	22	78
5806	0.77	23	77
5807	0.77	23	77
5808	0.77	23	77
5809	0.77	23	77
5810	0.77	23	77
5811	0.78	22	78
5812	0.78	22	78
5813	0.78	22	78
5814	0.77	23	77
5815	0.77	23	77
5816	0.77	23	77
5817	0.77	23	77
5818	0.77	23	77
5819	0.77	23	77
5820	0.77	23	77
5821	0.77	23	77
5822	0.77	23	77
5823	0.77	23	77
5824	0.76	24	76
5825	0.76	24	76
5826	0.76	24	76
5827	0.76	24	76
5828	0.77	23	77
5829	0.77	23	77
5830	0.77	23	77
5831	0.77	23	77
5832	0.78	22	78
5833	0.77	23	77
5834	0.77	23	77
5835	0.78	22	78
5836	0.78	22	78
5837	0.78	22	78
5838	0.78	22	78
5839	0.78	22	78
5840	0.78	22	78
5841	0.78	22	78
5842	0.78	22	78
5843	0.77	23	77
5844	0.77	23	77
5845	0.77	23	77
5846	0.77	23	77
5847	0.77	23	77
5848	0.78	22	78
5849	0.78	22	78
5850	0.79	21	79
5851	0.79	21	79
5852	0.79	21	79
5853	0.78	22	78
5854	0.78	22	78
5855	0.78	22	78
5856	0.79	21	79
5857	0.80	20	80
5858	0.80	20	80
5859	0.80	20	80
5860	0.80	20	80
5861	0.80	20	80
5862	0.80	20	80
5863	0.80	20	80
5864	0.79	21	79
5865	0.79	21	79
5866	0.79	21	79
5867	0.79	21	79
5868	0.79	21	79
5869	0.79	21	79
5870	0.79	21	79
5871	0.79	21	79
5872	0.79	21	79
5873	0.79	21	79
5874	0.79	21	79
5875	0.79	21	79
5876	0.79	21	79
5877	0.79	21	79
5878	0.79	21	79
5879	0.78	22	78
5880	0.78	22	78
5881	0.77	23	77
5882	0.77	23	77
5883	0.78	22	78
5884	0.77	23	77
5885	0.78	22	78
5886	0.79	21	79
5887	0.79	21	79
5888	0.80	20	80
5889	0.80	20	80
5890	0.80	20	80
5891	0.80	20	80
5892	0.80	20	80
5893	0.80	20	80
5894	0.80	20	80
5895	0.79	21	79
5896	0.79	21	79
5897	0.80	20	80
5898	0.80	20	80
5899	0.79	21	79
5900	0.78	22	78
5901	0.79	21	79
5902	0.78	22	78
5903	0.78	22	78
5904	0.78	22	78
5905	0.77	23	77
5906	0.78	22	78
5907	0.79	21	79
5908	0.79	21	79
5909	0.79	21	79
5910	0.80	20	80
5911	0.80	20	80
5912	0.80	20	80
5913	0.80	20	80
5914	0.80	20	80
5915	0.80	20	80
5916	0.79	21	79
5917	0.79	21	79
5918	0.80	20	80
5919	0.80	20	80
5920	0.80	20	80
5921	0.80	20	80
5922	0.80	20	80
5923	0.80	20	80
5924	0.81	19	81
5925	0.80	20	80
5926	0.79	21	79
5927	0.79	21	79
5928	0.79	21	79
5929	0.79	21	79
5930	0.79	21	79
5931	0.79	21	79
5932	0.79	21	79
5933	0.80	20	80
5934	0.80	20	80
5935	0.79	21	79
5936	0.80	20	80
5937	0.80	20	80
5938	0.80	20	80
5939	0.79	21	79
5940	0.79	21	79
5941	0.79	21	79
5942	0.79	21	79
5943	0.80	20	80
5944	0.79	21	79
5945	0.79	21	79
5946	0.79	21	79
5947	0.79	21	79
5948	0.79	21	79
5949	0.80	20	80
5950	0.79	21	79
5951	0.79	21	79
5952	0.78	22	78
5953	0.79	21	79
5954	0.80	20	80
5955	0.80	20	80
5956	0.80	20	80
5957	0.80	20	80
5958	0.80	20	80
5959	0.79	21	79
5960	0.78	22	78
5961	0.78	22	78
5962	0.78	22	78
5963	0.78	22	78
5964	0.79	21	79
5965	0.79	21	79
5966	0.79	21	79
5967	0.79	21	79
5968	0.79	21	79
5969	0.78	22	78
5970	0.78	22	78
5971	0.78	22	78
5972	0.78	22	78
5973	0.78	22	78
5974	0.78	22	78
5975	0.78	22	78
5976	0.78	22	78
5977	0.78	22	78
5978	0.78	22	78
5979	0.78	22	78
5980	0.78	22	78
5981	0.79	21	79
5982	0.79	21	79
5983	0.79	21	79
5984	0.80	20	80
5985	0.79	21	79
5986	0.79	21	79
5987	0.79	21	79
5988	0.79	21	79
5989	0.78	22	78
5990	0.77	23	77
5991	0.77	23	77
5992	0.77	23	77
5993	0.77	23	77
5994	0.77	23	77
5995	0.78	22	78
5996	0.78	22	78
5997	0.78	22	78
5998	0.78	22	78
5999	0.79	21	79
