timestep	swarm_quality	color_0	color_1
0	0.70	70	30
1	0.70	70	30
2	0.70	70	30
3	0.70	70	30
4	0.69	69	31
5	0.69	69	31
6	0.69	69	31
7	0.69	69	31
8	0.69	69	31
9	0.69	69	31
10	0.69	69	31
11	0.68	68	32
12	0.67	67	33
13	0.67	67	33
14	0.67	67	33
15	0.67	67	33
16	0.67	67	33
17	0.67	67	33
18	0.67	67	33
19	0.67	67	33
20	0.67	67	33
21	0.67	67	33
22	0.66	66	34
23	0.66	66	34
24	0.66	66	34
25	0.66	66	34
26	0.66	66	34
27	0.65	65	35
28	0.65	65	35
29	0.65	65	35
30	0.65	65	35
31	0.65	65	35
32	0.65	65	35
33	0.65	65	35
34	0.65	65	35
35	0.65	65	35
36	0.64	64	36
37	0.64	64	36
38	0.64	64	36
39	0.64	64	36
40	0.64	64	36
41	0.64	64	36
42	0.64	64	36
43	0.63	63	37
44	0.63	63	37
45	0.63	63	37
46	0.62	62	38
47	0.62	62	38
48	0.62	62	38
49	0.61	61	39
50	0.61	61	39
51	0.61	61	39
52	0.61	61	39
53	0.61	61	39
54	0.61	61	39
55	0.61	61	39
56	0.61	61	39
57	0.61	61	39
58	0.61	61	39
59	0.61	61	39
60	0.61	61	39
61	0.61	61	39
62	0.61	61	39
63	0.61	61	39
64	0.61	61	39
65	0.61	61	39
66	0.60	60	40
67	0.60	60	40
68	0.60	60	40
69	0.60	60	40
70	0.61	61	39
71	0.62	62	38
72	0.63	63	37
73	0.64	64	36
74	0.65	65	35
75	0.66	66	34
76	0.66	66	34
77	0.67	67	33
78	0.68	68	32
79	0.68	68	32
80	0.69	69	31
81	0.70	70	30
82	0.70	70	30
83	0.70	70	30
84	0.71	71	29
85	0.71	71	29
86	0.72	72	28
87	0.73	73	27
88	0.74	74	26
89	0.75	75	25
90	0.76	76	24
91	0.77	77	23
92	0.77	77	23
93	0.77	77	23
94	0.78	78	22
95	0.79	79	21
96	0.80	80	20
97	0.81	81	19
98	0.82	82	18
99	0.83	83	17
100	0.83	83	17
101	0.82	82	18
102	0.82	82	18
103	0.82	82	18
104	0.83	83	17
105	0.83	83	17
106	0.83	83	17
107	0.83	83	17
108	0.83	83	17
109	0.83	83	17
110	0.83	83	17
111	0.84	84	16
112	0.85	85	15
113	0.85	85	15
114	0.85	85	15
115	0.85	85	15
116	0.85	85	15
117	0.85	85	15
118	0.85	85	15
119	0.85	85	15
120	0.85	85	15
121	0.84	84	16
122	0.85	85	15
123	0.85	85	15
124	0.85	85	15
125	0.85	85	15
126	0.84	84	16
127	0.85	85	15
128	0.85	85	15
129	0.85	85	15
130	0.85	85	15
131	0.84	84	16
132	0.84	84	16
133	0.84	84	16
134	0.83	83	17
135	0.83	83	17
136	0.84	84	16
137	0.84	84	16
138	0.83	83	17
139	0.83	83	17
140	0.83	83	17
141	0.83	83	17
142	0.82	82	18
143	0.82	82	18
144	0.81	81	19
145	0.81	81	19
146	0.82	82	18
147	0.82	82	18
148	0.82	82	18
149	0.83	83	17
150	0.83	83	17
151	0.82	82	18
152	0.81	81	19
153	0.80	80	20
154	0.80	80	20
155	0.79	79	21
156	0.79	79	21
157	0.78	78	22
158	0.78	78	22
159	0.78	78	22
160	0.78	78	22
161	0.77	77	23
162	0.77	77	23
163	0.77	77	23
164	0.77	77	23
165	0.77	77	23
166	0.78	78	22
167	0.77	77	23
168	0.76	76	24
169	0.76	76	24
170	0.76	76	24
171	0.76	76	24
172	0.76	76	24
173	0.76	76	24
174	0.75	75	25
175	0.74	74	26
176	0.74	74	26
177	0.74	74	26
178	0.73	73	27
179	0.74	74	26
180	0.74	74	26
181	0.74	74	26
182	0.74	74	26
183	0.75	75	25
184	0.75	75	25
185	0.76	76	24
186	0.75	75	25
187	0.75	75	25
188	0.75	75	25
189	0.75	75	25
190	0.75	75	25
191	0.75	75	25
192	0.75	75	25
193	0.75	75	25
194	0.74	74	26
195	0.74	74	26
196	0.74	74	26
197	0.73	73	27
198	0.73	73	27
199	0.73	73	27
200	0.72	72	28
201	0.72	72	28
202	0.71	71	29
203	0.71	71	29
204	0.71	71	29
205	0.71	71	29
206	0.71	71	29
207	0.71	71	29
208	0.70	70	30
209	0.70	70	30
210	0.70	70	30
211	0.70	70	30
212	0.70	70	30
213	0.70	70	30
214	0.69	69	31
215	0.69	69	31
216	0.69	69	31
217	0.69	69	31
218	0.68	68	32
219	0.68	68	32
220	0.68	68	32
221	0.69	69	31
222	0.68	68	32
223	0.68	68	32
224	0.67	67	33
225	0.66	66	34
226	0.67	67	33
227	0.67	67	33
228	0.66	66	34
229	0.66	66	34
230	0.66	66	34
231	0.67	67	33
232	0.67	67	33
233	0.67	67	33
234	0.68	68	32
235	0.67	67	33
236	0.67	67	33
237	0.67	67	33
238	0.68	68	32
239	0.68	68	32
240	0.67	67	33
241	0.67	67	33
242	0.68	68	32
243	0.69	69	31
244	0.70	70	30
245	0.70	70	30
246	0.70	70	30
247	0.69	69	31
248	0.69	69	31
249	0.69	69	31
250	0.68	68	32
251	0.69	69	31
252	0.70	70	30
253	0.71	71	29
254	0.71	71	29
255	0.72	72	28
256	0.72	72	28
257	0.72	72	28
258	0.72	72	28
259	0.72	72	28
260	0.72	72	28
261	0.73	73	27
262	0.72	72	28
263	0.71	71	29
264	0.71	71	29
265	0.70	70	30
266	0.70	70	30
267	0.70	70	30
268	0.71	71	29
269	0.70	70	30
270	0.70	70	30
271	0.70	70	30
272	0.70	70	30
273	0.69	69	31
274	0.70	70	30
275	0.71	71	29
276	0.71	71	29
277	0.71	71	29
278	0.72	72	28
279	0.72	72	28
280	0.72	72	28
281	0.71	71	29
282	0.72	72	28
283	0.72	72	28
284	0.72	72	28
285	0.72	72	28
286	0.73	73	27
287	0.73	73	27
288	0.72	72	28
289	0.72	72	28
290	0.72	72	28
291	0.71	71	29
292	0.72	72	28
293	0.73	73	27
294	0.74	74	26
295	0.74	74	26
296	0.74	74	26
297	0.75	75	25
298	0.75	75	25
299	0.75	75	25
300	0.75	75	25
301	0.76	76	24
302	0.77	77	23
303	0.77	77	23
304	0.77	77	23
305	0.76	76	24
306	0.76	76	24
307	0.76	76	24
308	0.77	77	23
309	0.77	77	23
310	0.77	77	23
311	0.77	77	23
312	0.76	76	24
313	0.76	76	24
314	0.76	76	24
315	0.76	76	24
316	0.76	76	24
317	0.76	76	24
318	0.77	77	23
319	0.77	77	23
320	0.77	77	23
321	0.77	77	23
322	0.77	77	23
323	0.77	77	23
324	0.78	78	22
325	0.78	78	22
326	0.78	78	22
327	0.78	78	22
328	0.79	79	21
329	0.79	79	21
330	0.79	79	21
331	0.79	79	21
332	0.79	79	21
333	0.79	79	21
334	0.79	79	21
335	0.80	80	20
336	0.79	79	21
337	0.79	79	21
338	0.79	79	21
339	0.78	78	22
340	0.79	79	21
341	0.79	79	21
342	0.79	79	21
343	0.79	79	21
344	0.79	79	21
345	0.79	79	21
346	0.79	79	21
347	0.80	80	20
348	0.80	80	20
349	0.80	80	20
350	0.81	81	19
351	0.81	81	19
352	0.81	81	19
353	0.81	81	19
354	0.81	81	19
355	0.81	81	19
356	0.80	80	20
357	0.81	81	19
358	0.81	81	19
359	0.81	81	19
360	0.80	80	20
361	0.79	79	21
362	0.79	79	21
363	0.80	80	20
364	0.80	80	20
365	0.81	81	19
366	0.80	80	20
367	0.80	80	20
368	0.80	80	20
369	0.81	81	19
370	0.81	81	19
371	0.81	81	19
372	0.80	80	20
373	0.81	81	19
374	0.81	81	19
375	0.81	81	19
376	0.82	82	18
377	0.82	82	18
378	0.82	82	18
379	0.82	82	18
380	0.82	82	18
381	0.83	83	17
382	0.83	83	17
383	0.83	83	17
384	0.83	83	17
385	0.83	83	17
386	0.83	83	17
387	0.83	83	17
388	0.84	84	16
389	0.84	84	16
390	0.84	84	16
391	0.85	85	15
392	0.85	85	15
393	0.85	85	15
394	0.85	85	15
395	0.85	85	15
396	0.84	84	16
397	0.84	84	16
398	0.84	84	16
399	0.84	84	16
400	0.85	85	15
401	0.85	85	15
402	0.84	84	16
403	0.84	84	16
404	0.83	83	17
405	0.84	84	16
406	0.84	84	16
407	0.84	84	16
408	0.84	84	16
409	0.84	84	16
410	0.84	84	16
411	0.84	84	16
412	0.84	84	16
413	0.84	84	16
414	0.84	84	16
415	0.84	84	16
416	0.84	84	16
417	0.83	83	17
418	0.82	82	18
419	0.82	82	18
420	0.82	82	18
421	0.82	82	18
422	0.82	82	18
423	0.82	82	18
424	0.82	82	18
425	0.83	83	17
426	0.83	83	17
427	0.83	83	17
428	0.82	82	18
429	0.82	82	18
430	0.82	82	18
431	0.82	82	18
432	0.82	82	18
433	0.81	81	19
434	0.81	81	19
435	0.81	81	19
436	0.81	81	19
437	0.81	81	19
438	0.81	81	19
439	0.81	81	19
440	0.81	81	19
441	0.81	81	19
442	0.81	81	19
443	0.81	81	19
444	0.80	80	20
445	0.80	80	20
446	0.80	80	20
447	0.80	80	20
448	0.80	80	20
449	0.80	80	20
450	0.80	80	20
451	0.80	80	20
452	0.80	80	20
453	0.80	80	20
454	0.80	80	20
455	0.80	80	20
456	0.81	81	19
457	0.81	81	19
458	0.81	81	19
459	0.81	81	19
460	0.82	82	18
461	0.83	83	17
462	0.84	84	16
463	0.84	84	16
464	0.84	84	16
465	0.83	83	17
466	0.84	84	16
467	0.85	85	15
468	0.85	85	15
469	0.85	85	15
470	0.85	85	15
471	0.85	85	15
472	0.85	85	15
473	0.85	85	15
474	0.84	84	16
475	0.83	83	17
476	0.82	82	18
477	0.82	82	18
478	0.82	82	18
479	0.81	81	19
480	0.80	80	20
481	0.80	80	20
482	0.80	80	20
483	0.80	80	20
484	0.80	80	20
485	0.80	80	20
486	0.80	80	20
487	0.80	80	20
488	0.80	80	20
489	0.80	80	20
490	0.79	79	21
491	0.79	79	21
492	0.79	79	21
493	0.79	79	21
494	0.79	79	21
495	0.79	79	21
496	0.80	80	20
497	0.80	80	20
498	0.79	79	21
499	0.79	79	21
500	0.79	79	21
501	0.79	79	21
502	0.80	80	20
503	0.80	80	20
504	0.81	81	19
505	0.81	81	19
506	0.80	80	20
507	0.79	79	21
508	0.79	79	21
509	0.79	79	21
510	0.78	78	22
511	0.78	78	22
512	0.79	79	21
513	0.79	79	21
514	0.80	80	20
515	0.80	80	20
516	0.79	79	21
517	0.80	80	20
518	0.81	81	19
519	0.81	81	19
520	0.81	81	19
521	0.81	81	19
522	0.82	82	18
523	0.81	81	19
524	0.81	81	19
525	0.81	81	19
526	0.81	81	19
527	0.81	81	19
528	0.82	82	18
529	0.82	82	18
530	0.82	82	18
531	0.82	82	18
532	0.82	82	18
533	0.83	83	17
534	0.83	83	17
535	0.83	83	17
536	0.84	84	16
537	0.84	84	16
538	0.84	84	16
539	0.85	85	15
540	0.85	85	15
541	0.85	85	15
542	0.84	84	16
543	0.84	84	16
544	0.85	85	15
545	0.84	84	16
546	0.84	84	16
547	0.84	84	16
548	0.83	83	17
549	0.83	83	17
550	0.83	83	17
551	0.83	83	17
552	0.83	83	17
553	0.83	83	17
554	0.83	83	17
555	0.83	83	17
556	0.83	83	17
557	0.83	83	17
558	0.83	83	17
559	0.82	82	18
560	0.82	82	18
561	0.81	81	19
562	0.81	81	19
563	0.80	80	20
564	0.80	80	20
565	0.81	81	19
566	0.80	80	20
567	0.79	79	21
568	0.79	79	21
569	0.79	79	21
570	0.79	79	21
571	0.79	79	21
572	0.79	79	21
573	0.79	79	21
574	0.80	80	20
575	0.81	81	19
576	0.81	81	19
577	0.81	81	19
578	0.81	81	19
579	0.81	81	19
580	0.82	82	18
581	0.82	82	18
582	0.82	82	18
583	0.82	82	18
584	0.82	82	18
585	0.81	81	19
586	0.81	81	19
587	0.81	81	19
588	0.81	81	19
589	0.81	81	19
590	0.82	82	18
591	0.82	82	18
592	0.82	82	18
593	0.82	82	18
594	0.82	82	18
595	0.82	82	18
596	0.82	82	18
597	0.82	82	18
598	0.83	83	17
599	0.82	82	18
600	0.82	82	18
601	0.82	82	18
602	0.82	82	18
603	0.82	82	18
604	0.82	82	18
605	0.82	82	18
606	0.83	83	17
607	0.84	84	16
608	0.84	84	16
609	0.84	84	16
610	0.84	84	16
611	0.84	84	16
612	0.84	84	16
613	0.84	84	16
614	0.84	84	16
615	0.84	84	16
616	0.85	85	15
617	0.85	85	15
618	0.85	85	15
619	0.85	85	15
620	0.85	85	15
621	0.85	85	15
622	0.85	85	15
623	0.86	86	14
624	0.86	86	14
625	0.86	86	14
626	0.85	85	15
627	0.84	84	16
628	0.84	84	16
629	0.84	84	16
630	0.83	83	17
631	0.83	83	17
632	0.83	83	17
633	0.83	83	17
634	0.83	83	17
635	0.83	83	17
636	0.83	83	17
637	0.83	83	17
638	0.83	83	17
639	0.82	82	18
640	0.82	82	18
641	0.82	82	18
642	0.83	83	17
643	0.83	83	17
644	0.83	83	17
645	0.84	84	16
646	0.84	84	16
647	0.84	84	16
648	0.85	85	15
649	0.85	85	15
650	0.84	84	16
651	0.84	84	16
652	0.84	84	16
653	0.84	84	16
654	0.84	84	16
655	0.84	84	16
656	0.83	83	17
657	0.83	83	17
658	0.83	83	17
659	0.84	84	16
660	0.84	84	16
661	0.85	85	15
662	0.85	85	15
663	0.86	86	14
664	0.86	86	14
665	0.86	86	14
666	0.86	86	14
667	0.87	87	13
668	0.87	87	13
669	0.87	87	13
670	0.87	87	13
671	0.87	87	13
672	0.87	87	13
673	0.86	86	14
674	0.86	86	14
675	0.86	86	14
676	0.87	87	13
677	0.87	87	13
678	0.86	86	14
679	0.87	87	13
680	0.87	87	13
681	0.87	87	13
682	0.87	87	13
683	0.87	87	13
684	0.87	87	13
685	0.88	88	12
686	0.88	88	12
687	0.88	88	12
688	0.88	88	12
689	0.88	88	12
690	0.87	87	13
691	0.86	86	14
692	0.86	86	14
693	0.85	85	15
694	0.85	85	15
695	0.85	85	15
696	0.85	85	15
697	0.84	84	16
698	0.84	84	16
699	0.85	85	15
700	0.85	85	15
701	0.85	85	15
702	0.85	85	15
703	0.85	85	15
704	0.84	84	16
705	0.84	84	16
706	0.84	84	16
707	0.84	84	16
708	0.84	84	16
709	0.84	84	16
710	0.85	85	15
711	0.85	85	15
712	0.85	85	15
713	0.85	85	15
714	0.85	85	15
715	0.85	85	15
716	0.85	85	15
717	0.85	85	15
718	0.85	85	15
719	0.85	85	15
720	0.85	85	15
721	0.84	84	16
722	0.84	84	16
723	0.83	83	17
724	0.83	83	17
725	0.83	83	17
726	0.84	84	16
727	0.84	84	16
728	0.84	84	16
729	0.84	84	16
730	0.85	85	15
731	0.84	84	16
732	0.84	84	16
733	0.84	84	16
734	0.83	83	17
735	0.83	83	17
736	0.83	83	17
737	0.83	83	17
738	0.83	83	17
739	0.84	84	16
740	0.84	84	16
741	0.84	84	16
742	0.84	84	16
743	0.84	84	16
744	0.84	84	16
745	0.84	84	16
746	0.84	84	16
747	0.84	84	16
748	0.84	84	16
749	0.84	84	16
750	0.84	84	16
751	0.84	84	16
752	0.84	84	16
753	0.84	84	16
754	0.84	84	16
755	0.84	84	16
756	0.85	85	15
757	0.85	85	15
758	0.85	85	15
759	0.85	85	15
760	0.85	85	15
761	0.84	84	16
762	0.84	84	16
763	0.84	84	16
764	0.84	84	16
765	0.84	84	16
766	0.85	85	15
767	0.85	85	15
768	0.85	85	15
769	0.85	85	15
770	0.85	85	15
771	0.84	84	16
772	0.85	85	15
773	0.86	86	14
774	0.86	86	14
775	0.86	86	14
776	0.86	86	14
777	0.86	86	14
778	0.87	87	13
779	0.87	87	13
780	0.86	86	14
781	0.86	86	14
782	0.86	86	14
783	0.86	86	14
784	0.86	86	14
785	0.86	86	14
786	0.86	86	14
787	0.86	86	14
788	0.86	86	14
789	0.85	85	15
790	0.85	85	15
791	0.86	86	14
792	0.86	86	14
793	0.87	87	13
794	0.87	87	13
795	0.87	87	13
796	0.87	87	13
797	0.87	87	13
798	0.86	86	14
799	0.86	86	14
800	0.86	86	14
801	0.85	85	15
802	0.85	85	15
803	0.85	85	15
804	0.86	86	14
805	0.85	85	15
806	0.85	85	15
807	0.84	84	16
808	0.84	84	16
809	0.83	83	17
810	0.82	82	18
811	0.82	82	18
812	0.82	82	18
813	0.81	81	19
814	0.81	81	19
815	0.81	81	19
816	0.81	81	19
817	0.81	81	19
818	0.81	81	19
819	0.81	81	19
820	0.81	81	19
821	0.82	82	18
822	0.82	82	18
823	0.83	83	17
824	0.83	83	17
825	0.83	83	17
826	0.83	83	17
827	0.84	84	16
828	0.84	84	16
829	0.83	83	17
830	0.83	83	17
831	0.84	84	16
832	0.84	84	16
833	0.84	84	16
834	0.85	85	15
835	0.85	85	15
836	0.85	85	15
837	0.85	85	15
838	0.85	85	15
839	0.85	85	15
840	0.85	85	15
841	0.85	85	15
842	0.84	84	16
843	0.83	83	17
844	0.83	83	17
845	0.83	83	17
846	0.83	83	17
847	0.83	83	17
848	0.83	83	17
849	0.82	82	18
850	0.83	83	17
851	0.82	82	18
852	0.81	81	19
853	0.81	81	19
854	0.80	80	20
855	0.80	80	20
856	0.80	80	20
857	0.80	80	20
858	0.80	80	20
859	0.80	80	20
860	0.80	80	20
861	0.81	81	19
862	0.81	81	19
863	0.81	81	19
864	0.81	81	19
865	0.81	81	19
866	0.81	81	19
867	0.81	81	19
868	0.81	81	19
869	0.81	81	19
870	0.81	81	19
871	0.82	82	18
872	0.82	82	18
873	0.82	82	18
874	0.82	82	18
875	0.81	81	19
876	0.81	81	19
877	0.80	80	20
878	0.79	79	21
879	0.79	79	21
880	0.80	80	20
881	0.79	79	21
882	0.79	79	21
883	0.79	79	21
884	0.79	79	21
885	0.79	79	21
886	0.79	79	21
887	0.79	79	21
888	0.79	79	21
889	0.80	80	20
890	0.80	80	20
891	0.80	80	20
892	0.80	80	20
893	0.80	80	20
894	0.79	79	21
895	0.79	79	21
896	0.79	79	21
897	0.80	80	20
898	0.81	81	19
899	0.81	81	19
900	0.81	81	19
901	0.82	82	18
902	0.82	82	18
903	0.82	82	18
904	0.82	82	18
905	0.82	82	18
906	0.82	82	18
907	0.82	82	18
908	0.81	81	19
909	0.82	82	18
910	0.82	82	18
911	0.82	82	18
912	0.81	81	19
913	0.82	82	18
914	0.82	82	18
915	0.81	81	19
916	0.81	81	19
917	0.81	81	19
918	0.81	81	19
919	0.80	80	20
920	0.80	80	20
921	0.80	80	20
922	0.80	80	20
923	0.80	80	20
924	0.80	80	20
925	0.79	79	21
926	0.79	79	21
927	0.78	78	22
928	0.77	77	23
929	0.78	78	22
930	0.78	78	22
931	0.78	78	22
932	0.78	78	22
933	0.78	78	22
934	0.77	77	23
935	0.77	77	23
936	0.77	77	23
937	0.77	77	23
938	0.77	77	23
939	0.77	77	23
940	0.76	76	24
941	0.76	76	24
942	0.77	77	23
943	0.78	78	22
944	0.77	77	23
945	0.77	77	23
946	0.77	77	23
947	0.77	77	23
948	0.76	76	24
949	0.77	77	23
950	0.77	77	23
951	0.78	78	22
952	0.79	79	21
953	0.79	79	21
954	0.80	80	20
955	0.80	80	20
956	0.80	80	20
957	0.80	80	20
958	0.80	80	20
959	0.80	80	20
960	0.80	80	20
961	0.80	80	20
962	0.80	80	20
963	0.80	80	20
964	0.80	80	20
965	0.80	80	20
966	0.80	80	20
967	0.80	80	20
968	0.80	80	20
969	0.80	80	20
970	0.79	79	21
971	0.79	79	21
972	0.79	79	21
973	0.79	79	21
974	0.78	78	22
975	0.79	79	21
976	0.78	78	22
977	0.78	78	22
978	0.78	78	22
979	0.77	77	23
980	0.77	77	23
981	0.78	78	22
982	0.78	78	22
983	0.78	78	22
984	0.77	77	23
985	0.77	77	23
986	0.77	77	23
987	0.77	77	23
988	0.77	77	23
989	0.77	77	23
990	0.77	77	23
991	0.77	77	23
992	0.76	76	24
993	0.76	76	24
994	0.76	76	24
995	0.76	76	24
996	0.76	76	24
997	0.76	76	24
998	0.76	76	24
999	0.76	76	24
1000	0.25	75	25
1001	0.26	74	26
1002	0.27	73	27
1003	0.28	72	28
1004	0.29	71	29
1005	0.28	72	28
1006	0.29	71	29
1007	0.29	71	29
1008	0.29	71	29
1009	0.29	71	29
1010	0.29	71	29
1011	0.30	70	30
1012	0.30	70	30
1013	0.31	69	31
1014	0.32	68	32
1015	0.31	69	31
1016	0.32	68	32
1017	0.33	67	33
1018	0.33	67	33
1019	0.33	67	33
1020	0.33	67	33
1021	0.33	67	33
1022	0.34	66	34
1023	0.35	65	35
1024	0.36	64	36
1025	0.35	65	35
1026	0.36	64	36
1027	0.36	64	36
1028	0.36	64	36
1029	0.37	63	37
1030	0.38	62	38
1031	0.39	61	39
1032	0.40	60	40
1033	0.41	59	41
1034	0.41	59	41
1035	0.42	58	42
1036	0.43	57	43
1037	0.44	56	44
1038	0.44	56	44
1039	0.45	55	45
1040	0.45	55	45
1041	0.46	54	46
1042	0.47	53	47
1043	0.48	52	48
1044	0.48	52	48
1045	0.49	51	49
1046	0.49	51	49
1047	0.50	50	50
1048	0.50	50	50
1049	0.50	50	50
1050	0.50	50	50
1051	0.50	50	50
1052	0.51	49	51
1053	0.52	48	52
1054	0.53	47	53
1055	0.54	46	54
1056	0.55	45	55
1057	0.56	44	56
1058	0.56	44	56
1059	0.57	43	57
1060	0.58	42	58
1061	0.58	42	58
1062	0.58	42	58
1063	0.59	41	59
1064	0.60	40	60
1065	0.61	39	61
1066	0.62	38	62
1067	0.63	37	63
1068	0.64	36	64
1069	0.65	35	65
1070	0.64	36	64
1071	0.64	36	64
1072	0.65	35	65
1073	0.66	34	66
1074	0.65	35	65
1075	0.66	34	66
1076	0.66	34	66
1077	0.66	34	66
1078	0.66	34	66
1079	0.66	34	66
1080	0.67	33	67
1081	0.68	32	68
1082	0.69	31	69
1083	0.70	30	70
1084	0.70	30	70
1085	0.71	29	71
1086	0.71	29	71
1087	0.71	29	71
1088	0.72	28	72
1089	0.73	27	73
1090	0.73	27	73
1091	0.74	26	74
1092	0.74	26	74
1093	0.75	25	75
1094	0.75	25	75
1095	0.76	24	76
1096	0.77	23	77
1097	0.78	22	78
1098	0.79	21	79
1099	0.80	20	80
1100	0.79	21	79
1101	0.79	21	79
1102	0.79	21	79
1103	0.79	21	79
1104	0.79	21	79
1105	0.79	21	79
1106	0.79	21	79
1107	0.79	21	79
1108	0.79	21	79
1109	0.80	20	80
1110	0.80	20	80
1111	0.80	20	80
1112	0.79	21	79
1113	0.79	21	79
1114	0.79	21	79
1115	0.80	20	80
1116	0.80	20	80
1117	0.80	20	80
1118	0.80	20	80
1119	0.80	20	80
1120	0.81	19	81
1121	0.82	18	82
1122	0.82	18	82
1123	0.82	18	82
1124	0.82	18	82
1125	0.83	17	83
1126	0.83	17	83
1127	0.83	17	83
1128	0.82	18	82
1129	0.81	19	81
1130	0.80	20	80
1131	0.79	21	79
1132	0.79	21	79
1133	0.79	21	79
1134	0.79	21	79
1135	0.79	21	79
1136	0.79	21	79
1137	0.78	22	78
1138	0.79	21	79
1139	0.79	21	79
1140	0.79	21	79
1141	0.78	22	78
1142	0.78	22	78
1143	0.78	22	78
1144	0.78	22	78
1145	0.78	22	78
1146	0.79	21	79
1147	0.79	21	79
1148	0.79	21	79
1149	0.80	20	80
1150	0.80	20	80
1151	0.80	20	80
1152	0.80	20	80
1153	0.80	20	80
1154	0.80	20	80
1155	0.79	21	79
1156	0.78	22	78
1157	0.78	22	78
1158	0.79	21	79
1159	0.79	21	79
1160	0.79	21	79
1161	0.79	21	79
1162	0.80	20	80
1163	0.80	20	80
1164	0.79	21	79
1165	0.79	21	79
1166	0.78	22	78
1167	0.78	22	78
1168	0.78	22	78
1169	0.78	22	78
1170	0.79	21	79
1171	0.80	20	80
1172	0.79	21	79
1173	0.78	22	78
1174	0.79	21	79
1175	0.78	22	78
1176	0.78	22	78
1177	0.78	22	78
1178	0.77	23	77
1179	0.77	23	77
1180	0.77	23	77
1181	0.77	23	77
1182	0.76	24	76
1183	0.76	24	76
1184	0.76	24	76
1185	0.76	24	76
1186	0.77	23	77
1187	0.77	23	77
1188	0.76	24	76
1189	0.76	24	76
1190	0.76	24	76
1191	0.76	24	76
1192	0.75	25	75
1193	0.74	26	74
1194	0.74	26	74
1195	0.74	26	74
1196	0.74	26	74
1197	0.74	26	74
1198	0.74	26	74
1199	0.74	26	74
1200	0.75	25	75
1201	0.75	25	75
1202	0.75	25	75
1203	0.75	25	75
1204	0.74	26	74
1205	0.75	25	75
1206	0.75	25	75
1207	0.75	25	75
1208	0.75	25	75
1209	0.75	25	75
1210	0.75	25	75
1211	0.74	26	74
1212	0.75	25	75
1213	0.75	25	75
1214	0.75	25	75
1215	0.74	26	74
1216	0.74	26	74
1217	0.73	27	73
1218	0.74	26	74
1219	0.74	26	74
1220	0.74	26	74
1221	0.74	26	74
1222	0.73	27	73
1223	0.73	27	73
1224	0.73	27	73
1225	0.72	28	72
1226	0.72	28	72
1227	0.72	28	72
1228	0.73	27	73
1229	0.73	27	73
1230	0.74	26	74
1231	0.75	25	75
1232	0.75	25	75
1233	0.74	26	74
1234	0.73	27	73
1235	0.73	27	73
1236	0.73	27	73
1237	0.73	27	73
1238	0.73	27	73
1239	0.73	27	73
1240	0.72	28	72
1241	0.73	27	73
1242	0.73	27	73
1243	0.73	27	73
1244	0.73	27	73
1245	0.73	27	73
1246	0.73	27	73
1247	0.73	27	73
1248	0.73	27	73
1249	0.72	28	72
1250	0.72	28	72
1251	0.72	28	72
1252	0.72	28	72
1253	0.72	28	72
1254	0.72	28	72
1255	0.73	27	73
1256	0.74	26	74
1257	0.74	26	74
1258	0.74	26	74
1259	0.73	27	73
1260	0.73	27	73
1261	0.74	26	74
1262	0.74	26	74
1263	0.73	27	73
1264	0.74	26	74
1265	0.74	26	74
1266	0.75	25	75
1267	0.75	25	75
1268	0.75	25	75
1269	0.75	25	75
1270	0.75	25	75
1271	0.74	26	74
1272	0.75	25	75
1273	0.76	24	76
1274	0.76	24	76
1275	0.77	23	77
1276	0.76	24	76
1277	0.75	25	75
1278	0.76	24	76
1279	0.76	24	76
1280	0.75	25	75
1281	0.75	25	75
1282	0.75	25	75
1283	0.75	25	75
1284	0.75	25	75
1285	0.74	26	74
1286	0.74	26	74
1287	0.75	25	75
1288	0.76	24	76
1289	0.76	24	76
1290	0.76	24	76
1291	0.75	25	75
1292	0.76	24	76
1293	0.77	23	77
1294	0.77	23	77
1295	0.77	23	77
1296	0.77	23	77
1297	0.77	23	77
1298	0.77	23	77
1299	0.77	23	77
1300	0.77	23	77
1301	0.77	23	77
1302	0.77	23	77
1303	0.76	24	76
1304	0.77	23	77
1305	0.76	24	76
1306	0.76	24	76
1307	0.76	24	76
1308	0.76	24	76
1309	0.76	24	76
1310	0.75	25	75
1311	0.75	25	75
1312	0.75	25	75
1313	0.75	25	75
1314	0.75	25	75
1315	0.76	24	76
1316	0.76	24	76
1317	0.76	24	76
1318	0.76	24	76
1319	0.76	24	76
1320	0.76	24	76
1321	0.76	24	76
1322	0.77	23	77
1323	0.76	24	76
1324	0.76	24	76
1325	0.77	23	77
1326	0.77	23	77
1327	0.77	23	77
1328	0.77	23	77
1329	0.77	23	77
1330	0.77	23	77
1331	0.76	24	76
1332	0.76	24	76
1333	0.77	23	77
1334	0.78	22	78
1335	0.77	23	77
1336	0.77	23	77
1337	0.78	22	78
1338	0.78	22	78
1339	0.78	22	78
1340	0.79	21	79
1341	0.78	22	78
1342	0.78	22	78
1343	0.78	22	78
1344	0.78	22	78
1345	0.78	22	78
1346	0.78	22	78
1347	0.78	22	78
1348	0.78	22	78
1349	0.79	21	79
1350	0.80	20	80
1351	0.81	19	81
1352	0.81	19	81
1353	0.81	19	81
1354	0.81	19	81
1355	0.81	19	81
1356	0.81	19	81
1357	0.80	20	80
1358	0.80	20	80
1359	0.81	19	81
1360	0.81	19	81
1361	0.81	19	81
1362	0.81	19	81
1363	0.82	18	82
1364	0.82	18	82
1365	0.81	19	81
1366	0.81	19	81
1367	0.80	20	80
1368	0.80	20	80
1369	0.79	21	79
1370	0.79	21	79
1371	0.80	20	80
1372	0.80	20	80
1373	0.80	20	80
1374	0.79	21	79
1375	0.78	22	78
1376	0.78	22	78
1377	0.79	21	79
1378	0.78	22	78
1379	0.78	22	78
1380	0.79	21	79
1381	0.78	22	78
1382	0.79	21	79
1383	0.79	21	79
1384	0.79	21	79
1385	0.80	20	80
1386	0.80	20	80
1387	0.79	21	79
1388	0.79	21	79
1389	0.79	21	79
1390	0.79	21	79
1391	0.80	20	80
1392	0.80	20	80
1393	0.80	20	80
1394	0.80	20	80
1395	0.80	20	80
1396	0.80	20	80
1397	0.79	21	79
1398	0.78	22	78
1399	0.77	23	77
1400	0.77	23	77
1401	0.77	23	77
1402	0.76	24	76
1403	0.77	23	77
1404	0.77	23	77
1405	0.78	22	78
1406	0.78	22	78
1407	0.78	22	78
1408	0.78	22	78
1409	0.77	23	77
1410	0.78	22	78
1411	0.79	21	79
1412	0.79	21	79
1413	0.79	21	79
1414	0.79	21	79
1415	0.78	22	78
1416	0.78	22	78
1417	0.79	21	79
1418	0.78	22	78
1419	0.78	22	78
1420	0.78	22	78
1421	0.78	22	78
1422	0.78	22	78
1423	0.78	22	78
1424	0.77	23	77
1425	0.77	23	77
1426	0.77	23	77
1427	0.77	23	77
1428	0.77	23	77
1429	0.78	22	78
1430	0.78	22	78
1431	0.79	21	79
1432	0.79	21	79
1433	0.79	21	79
1434	0.79	21	79
1435	0.79	21	79
1436	0.79	21	79
1437	0.79	21	79
1438	0.79	21	79
1439	0.79	21	79
1440	0.79	21	79
1441	0.80	20	80
1442	0.79	21	79
1443	0.79	21	79
1444	0.79	21	79
1445	0.78	22	78
1446	0.77	23	77
1447	0.77	23	77
1448	0.77	23	77
1449	0.76	24	76
1450	0.75	25	75
1451	0.75	25	75
1452	0.74	26	74
1453	0.74	26	74
1454	0.74	26	74
1455	0.74	26	74
1456	0.74	26	74
1457	0.75	25	75
1458	0.75	25	75
1459	0.75	25	75
1460	0.75	25	75
1461	0.75	25	75
1462	0.75	25	75
1463	0.75	25	75
1464	0.75	25	75
1465	0.76	24	76
1466	0.76	24	76
1467	0.77	23	77
1468	0.77	23	77
1469	0.77	23	77
1470	0.77	23	77
1471	0.76	24	76
1472	0.75	25	75
1473	0.75	25	75
1474	0.76	24	76
1475	0.77	23	77
1476	0.78	22	78
1477	0.77	23	77
1478	0.78	22	78
1479	0.78	22	78
1480	0.78	22	78
1481	0.79	21	79
1482	0.79	21	79
1483	0.79	21	79
1484	0.79	21	79
1485	0.78	22	78
1486	0.78	22	78
1487	0.78	22	78
1488	0.78	22	78
1489	0.78	22	78
1490	0.78	22	78
1491	0.78	22	78
1492	0.78	22	78
1493	0.77	23	77
1494	0.77	23	77
1495	0.77	23	77
1496	0.77	23	77
1497	0.77	23	77
1498	0.77	23	77
1499	0.78	22	78
1500	0.77	23	77
1501	0.77	23	77
1502	0.78	22	78
1503	0.77	23	77
1504	0.76	24	76
1505	0.76	24	76
1506	0.76	24	76
1507	0.76	24	76
1508	0.76	24	76
1509	0.77	23	77
1510	0.77	23	77
1511	0.76	24	76
1512	0.76	24	76
1513	0.76	24	76
1514	0.76	24	76
1515	0.77	23	77
1516	0.76	24	76
1517	0.75	25	75
1518	0.76	24	76
1519	0.76	24	76
1520	0.75	25	75
1521	0.75	25	75
1522	0.75	25	75
1523	0.75	25	75
1524	0.76	24	76
1525	0.76	24	76
1526	0.76	24	76
1527	0.76	24	76
1528	0.75	25	75
1529	0.75	25	75
1530	0.74	26	74
1531	0.74	26	74
1532	0.74	26	74
1533	0.74	26	74
1534	0.73	27	73
1535	0.73	27	73
1536	0.73	27	73
1537	0.73	27	73
1538	0.73	27	73
1539	0.73	27	73
1540	0.72	28	72
1541	0.72	28	72
1542	0.73	27	73
1543	0.73	27	73
1544	0.73	27	73
1545	0.74	26	74
1546	0.75	25	75
1547	0.75	25	75
1548	0.75	25	75
1549	0.76	24	76
1550	0.77	23	77
1551	0.77	23	77
1552	0.78	22	78
1553	0.77	23	77
1554	0.77	23	77
1555	0.76	24	76
1556	0.76	24	76
1557	0.76	24	76
1558	0.76	24	76
1559	0.76	24	76
1560	0.75	25	75
1561	0.75	25	75
1562	0.75	25	75
1563	0.75	25	75
1564	0.75	25	75
1565	0.75	25	75
1566	0.74	26	74
1567	0.74	26	74
1568	0.73	27	73
1569	0.73	27	73
1570	0.73	27	73
1571	0.74	26	74
1572	0.75	25	75
1573	0.75	25	75
1574	0.75	25	75
1575	0.75	25	75
1576	0.75	25	75
1577	0.76	24	76
1578	0.76	24	76
1579	0.76	24	76
1580	0.76	24	76
1581	0.76	24	76
1582	0.75	25	75
1583	0.75	25	75
1584	0.75	25	75
1585	0.75	25	75
1586	0.75	25	75
1587	0.75	25	75
1588	0.75	25	75
1589	0.75	25	75
1590	0.75	25	75
1591	0.74	26	74
1592	0.74	26	74
1593	0.75	25	75
1594	0.75	25	75
1595	0.75	25	75
1596	0.75	25	75
1597	0.76	24	76
1598	0.76	24	76
1599	0.76	24	76
1600	0.76	24	76
1601	0.76	24	76
1602	0.76	24	76
1603	0.77	23	77
1604	0.78	22	78
1605	0.78	22	78
1606	0.78	22	78
1607	0.78	22	78
1608	0.78	22	78
1609	0.77	23	77
1610	0.77	23	77
1611	0.78	22	78
1612	0.78	22	78
1613	0.77	23	77
1614	0.77	23	77
1615	0.77	23	77
1616	0.78	22	78
1617	0.79	21	79
1618	0.79	21	79
1619	0.79	21	79
1620	0.79	21	79
1621	0.79	21	79
1622	0.78	22	78
1623	0.79	21	79
1624	0.79	21	79
1625	0.78	22	78
1626	0.78	22	78
1627	0.77	23	77
1628	0.78	22	78
1629	0.78	22	78
1630	0.79	21	79
1631	0.79	21	79
1632	0.79	21	79
1633	0.79	21	79
1634	0.80	20	80
1635	0.81	19	81
1636	0.81	19	81
1637	0.81	19	81
1638	0.81	19	81
1639	0.81	19	81
1640	0.82	18	82
1641	0.82	18	82
1642	0.81	19	81
1643	0.81	19	81
1644	0.81	19	81
1645	0.81	19	81
1646	0.81	19	81
1647	0.81	19	81
1648	0.81	19	81
1649	0.80	20	80
1650	0.79	21	79
1651	0.79	21	79
1652	0.79	21	79
1653	0.80	20	80
1654	0.80	20	80
1655	0.81	19	81
1656	0.80	20	80
1657	0.80	20	80
1658	0.80	20	80
1659	0.80	20	80
1660	0.81	19	81
1661	0.81	19	81
1662	0.81	19	81
1663	0.81	19	81
1664	0.81	19	81
1665	0.81	19	81
1666	0.82	18	82
1667	0.82	18	82
1668	0.83	17	83
1669	0.83	17	83
1670	0.83	17	83
1671	0.83	17	83
1672	0.83	17	83
1673	0.83	17	83
1674	0.83	17	83
1675	0.83	17	83
1676	0.83	17	83
1677	0.83	17	83
1678	0.83	17	83
1679	0.82	18	82
1680	0.82	18	82
1681	0.82	18	82
1682	0.83	17	83
1683	0.83	17	83
1684	0.82	18	82
1685	0.83	17	83
1686	0.83	17	83
1687	0.84	16	84
1688	0.83	17	83
1689	0.83	17	83
1690	0.83	17	83
1691	0.84	16	84
1692	0.84	16	84
1693	0.84	16	84
1694	0.84	16	84
1695	0.84	16	84
1696	0.84	16	84
1697	0.83	17	83
1698	0.84	16	84
1699	0.84	16	84
1700	0.85	15	85
1701	0.85	15	85
1702	0.84	16	84
1703	0.84	16	84
1704	0.84	16	84
1705	0.84	16	84
1706	0.84	16	84
1707	0.84	16	84
1708	0.84	16	84
1709	0.85	15	85
1710	0.85	15	85
1711	0.85	15	85
1712	0.85	15	85
1713	0.86	14	86
1714	0.86	14	86
1715	0.86	14	86
1716	0.86	14	86
1717	0.86	14	86
1718	0.86	14	86
1719	0.86	14	86
1720	0.87	13	87
1721	0.87	13	87
1722	0.88	12	88
1723	0.88	12	88
1724	0.88	12	88
1725	0.89	11	89
1726	0.89	11	89
1727	0.90	10	90
1728	0.90	10	90
1729	0.90	10	90
1730	0.90	10	90
1731	0.90	10	90
1732	0.90	10	90
1733	0.90	10	90
1734	0.90	10	90
1735	0.90	10	90
1736	0.90	10	90
1737	0.90	10	90
1738	0.90	10	90
1739	0.90	10	90
1740	0.90	10	90
1741	0.90	10	90
1742	0.90	10	90
1743	0.90	10	90
1744	0.90	10	90
1745	0.90	10	90
1746	0.90	10	90
1747	0.89	11	89
1748	0.89	11	89
1749	0.90	10	90
1750	0.91	9	91
1751	0.91	9	91
1752	0.91	9	91
1753	0.91	9	91
1754	0.91	9	91
1755	0.90	10	90
1756	0.91	9	91
1757	0.91	9	91
1758	0.91	9	91
1759	0.91	9	91
1760	0.91	9	91
1761	0.91	9	91
1762	0.90	10	90
1763	0.90	10	90
1764	0.90	10	90
1765	0.90	10	90
1766	0.90	10	90
1767	0.90	10	90
1768	0.90	10	90
1769	0.91	9	91
1770	0.91	9	91
1771	0.90	10	90
1772	0.89	11	89
1773	0.89	11	89
1774	0.89	11	89
1775	0.89	11	89
1776	0.89	11	89
1777	0.88	12	88
1778	0.88	12	88
1779	0.89	11	89
1780	0.89	11	89
1781	0.89	11	89
1782	0.89	11	89
1783	0.89	11	89
1784	0.90	10	90
1785	0.90	10	90
1786	0.90	10	90
1787	0.90	10	90
1788	0.91	9	91
1789	0.91	9	91
1790	0.91	9	91
1791	0.91	9	91
1792	0.90	10	90
1793	0.90	10	90
1794	0.90	10	90
1795	0.90	10	90
1796	0.90	10	90
1797	0.91	9	91
1798	0.91	9	91
1799	0.91	9	91
1800	0.91	9	91
1801	0.91	9	91
1802	0.92	8	92
1803	0.92	8	92
1804	0.92	8	92
1805	0.92	8	92
1806	0.92	8	92
1807	0.92	8	92
1808	0.92	8	92
1809	0.92	8	92
1810	0.92	8	92
1811	0.92	8	92
1812	0.92	8	92
1813	0.92	8	92
1814	0.92	8	92
1815	0.91	9	91
1816	0.91	9	91
1817	0.91	9	91
1818	0.90	10	90
1819	0.89	11	89
1820	0.89	11	89
1821	0.89	11	89
1822	0.89	11	89
1823	0.89	11	89
1824	0.88	12	88
1825	0.87	13	87
1826	0.87	13	87
1827	0.87	13	87
1828	0.87	13	87
1829	0.87	13	87
1830	0.87	13	87
1831	0.86	14	86
1832	0.86	14	86
1833	0.86	14	86
1834	0.86	14	86
1835	0.85	15	85
1836	0.85	15	85
1837	0.84	16	84
1838	0.83	17	83
1839	0.82	18	82
1840	0.82	18	82
1841	0.82	18	82
1842	0.82	18	82
1843	0.82	18	82
1844	0.82	18	82
1845	0.82	18	82
1846	0.82	18	82
1847	0.82	18	82
1848	0.82	18	82
1849	0.82	18	82
1850	0.82	18	82
1851	0.82	18	82
1852	0.82	18	82
1853	0.82	18	82
1854	0.82	18	82
1855	0.82	18	82
1856	0.82	18	82
1857	0.82	18	82
1858	0.81	19	81
1859	0.80	20	80
1860	0.80	20	80
1861	0.79	21	79
1862	0.80	20	80
1863	0.79	21	79
1864	0.79	21	79
1865	0.79	21	79
1866	0.78	22	78
1867	0.78	22	78
1868	0.77	23	77
1869	0.77	23	77
1870	0.77	23	77
1871	0.77	23	77
1872	0.78	22	78
1873	0.78	22	78
1874	0.78	22	78
1875	0.78	22	78
1876	0.78	22	78
1877	0.79	21	79
1878	0.79	21	79
1879	0.79	21	79
1880	0.79	21	79
1881	0.78	22	78
1882	0.78	22	78
1883	0.78	22	78
1884	0.78	22	78
1885	0.78	22	78
1886	0.78	22	78
1887	0.78	22	78
1888	0.78	22	78
1889	0.78	22	78
1890	0.78	22	78
1891	0.77	23	77
1892	0.77	23	77
1893	0.77	23	77
1894	0.76	24	76
1895	0.76	24	76
1896	0.76	24	76
1897	0.76	24	76
1898	0.76	24	76
1899	0.76	24	76
1900	0.76	24	76
1901	0.76	24	76
1902	0.75	25	75
1903	0.75	25	75
1904	0.75	25	75
1905	0.75	25	75
1906	0.75	25	75
1907	0.75	25	75
1908	0.75	25	75
1909	0.74	26	74
1910	0.74	26	74
1911	0.74	26	74
1912	0.74	26	74
1913	0.74	26	74
1914	0.74	26	74
1915	0.75	25	75
1916	0.75	25	75
1917	0.74	26	74
1918	0.74	26	74
1919	0.75	25	75
1920	0.75	25	75
1921	0.75	25	75
1922	0.75	25	75
1923	0.75	25	75
1924	0.76	24	76
1925	0.77	23	77
1926	0.77	23	77
1927	0.77	23	77
1928	0.76	24	76
1929	0.76	24	76
1930	0.76	24	76
1931	0.77	23	77
1932	0.77	23	77
1933	0.77	23	77
1934	0.76	24	76
1935	0.77	23	77
1936	0.77	23	77
1937	0.78	22	78
1938	0.79	21	79
1939	0.79	21	79
1940	0.79	21	79
1941	0.79	21	79
1942	0.80	20	80
1943	0.80	20	80
1944	0.80	20	80
1945	0.80	20	80
1946	0.79	21	79
1947	0.79	21	79
1948	0.79	21	79
1949	0.79	21	79
1950	0.78	22	78
1951	0.78	22	78
1952	0.78	22	78
1953	0.78	22	78
1954	0.78	22	78
1955	0.79	21	79
1956	0.79	21	79
1957	0.79	21	79
1958	0.80	20	80
1959	0.81	19	81
1960	0.81	19	81
1961	0.81	19	81
1962	0.81	19	81
1963	0.82	18	82
1964	0.82	18	82
1965	0.82	18	82
1966	0.83	17	83
1967	0.83	17	83
1968	0.84	16	84
1969	0.84	16	84
1970	0.84	16	84
1971	0.85	15	85
1972	0.85	15	85
1973	0.85	15	85
1974	0.85	15	85
1975	0.85	15	85
1976	0.85	15	85
1977	0.85	15	85
1978	0.84	16	84
1979	0.84	16	84
1980	0.84	16	84
1981	0.85	15	85
1982	0.84	16	84
1983	0.84	16	84
1984	0.84	16	84
1985	0.84	16	84
1986	0.84	16	84
1987	0.84	16	84
1988	0.84	16	84
1989	0.84	16	84
1990	0.84	16	84
1991	0.84	16	84
1992	0.85	15	85
1993	0.85	15	85
1994	0.85	15	85
1995	0.85	15	85
1996	0.85	15	85
1997	0.84	16	84
1998	0.84	16	84
1999	0.84	16	84
2000	0.17	17	83
2001	0.17	17	83
2002	0.16	16	84
2003	0.17	17	83
2004	0.18	18	82
2005	0.18	18	82
2006	0.19	19	81
2007	0.20	20	80
2008	0.21	21	79
2009	0.21	21	79
2010	0.22	22	78
2011	0.23	23	77
2012	0.24	24	76
2013	0.24	24	76
2014	0.24	24	76
2015	0.25	25	75
2016	0.26	26	74
2017	0.25	25	75
2018	0.25	25	75
2019	0.26	26	74
2020	0.26	26	74
2021	0.27	27	73
2022	0.28	28	72
2023	0.29	29	71
2024	0.30	30	70
2025	0.31	31	69
2026	0.32	32	68
2027	0.33	33	67
2028	0.33	33	67
2029	0.33	33	67
2030	0.34	34	66
2031	0.34	34	66
2032	0.35	35	65
2033	0.35	35	65
2034	0.35	35	65
2035	0.36	36	64
2036	0.37	37	63
2037	0.37	37	63
2038	0.37	37	63
2039	0.36	36	64
2040	0.36	36	64
2041	0.36	36	64
2042	0.37	37	63
2043	0.37	37	63
2044	0.38	38	62
2045	0.39	39	61
2046	0.39	39	61
2047	0.39	39	61
2048	0.40	40	60
2049	0.40	40	60
2050	0.40	40	60
2051	0.41	41	59
2052	0.42	42	58
2053	0.43	43	57
2054	0.44	44	56
2055	0.45	45	55
2056	0.46	46	54
2057	0.47	47	53
2058	0.47	47	53
2059	0.48	48	52
2060	0.49	49	51
2061	0.49	49	51
2062	0.49	49	51
2063	0.50	50	50
2064	0.51	51	49
2065	0.52	52	48
2066	0.53	53	47
2067	0.54	54	46
2068	0.54	54	46
2069	0.54	54	46
2070	0.55	55	45
2071	0.56	56	44
2072	0.57	57	43
2073	0.58	58	42
2074	0.58	58	42
2075	0.58	58	42
2076	0.58	58	42
2077	0.59	59	41
2078	0.59	59	41
2079	0.60	60	40
2080	0.61	61	39
2081	0.62	62	38
2082	0.62	62	38
2083	0.63	63	37
2084	0.64	64	36
2085	0.65	65	35
2086	0.66	66	34
2087	0.66	66	34
2088	0.66	66	34
2089	0.67	67	33
2090	0.67	67	33
2091	0.67	67	33
2092	0.68	68	32
2093	0.69	69	31
2094	0.68	68	32
2095	0.69	69	31
2096	0.70	70	30
2097	0.70	70	30
2098	0.71	71	29
2099	0.72	72	28
2100	0.72	72	28
2101	0.73	73	27
2102	0.74	74	26
2103	0.74	74	26
2104	0.74	74	26
2105	0.75	75	25
2106	0.75	75	25
2107	0.75	75	25
2108	0.75	75	25
2109	0.75	75	25
2110	0.75	75	25
2111	0.75	75	25
2112	0.74	74	26
2113	0.75	75	25
2114	0.76	76	24
2115	0.76	76	24
2116	0.76	76	24
2117	0.77	77	23
2118	0.77	77	23
2119	0.76	76	24
2120	0.77	77	23
2121	0.77	77	23
2122	0.76	76	24
2123	0.76	76	24
2124	0.76	76	24
2125	0.76	76	24
2126	0.76	76	24
2127	0.75	75	25
2128	0.75	75	25
2129	0.76	76	24
2130	0.76	76	24
2131	0.77	77	23
2132	0.77	77	23
2133	0.77	77	23
2134	0.77	77	23
2135	0.77	77	23
2136	0.77	77	23
2137	0.77	77	23
2138	0.78	78	22
2139	0.79	79	21
2140	0.80	80	20
2141	0.80	80	20
2142	0.80	80	20
2143	0.81	81	19
2144	0.81	81	19
2145	0.81	81	19
2146	0.81	81	19
2147	0.81	81	19
2148	0.81	81	19
2149	0.81	81	19
2150	0.80	80	20
2151	0.80	80	20
2152	0.80	80	20
2153	0.80	80	20
2154	0.80	80	20
2155	0.79	79	21
2156	0.78	78	22
2157	0.78	78	22
2158	0.79	79	21
2159	0.78	78	22
2160	0.78	78	22
2161	0.78	78	22
2162	0.79	79	21
2163	0.79	79	21
2164	0.79	79	21
2165	0.78	78	22
2166	0.77	77	23
2167	0.77	77	23
2168	0.78	78	22
2169	0.79	79	21
2170	0.79	79	21
2171	0.79	79	21
2172	0.79	79	21
2173	0.79	79	21
2174	0.80	80	20
2175	0.80	80	20
2176	0.81	81	19
2177	0.80	80	20
2178	0.79	79	21
2179	0.79	79	21
2180	0.79	79	21
2181	0.79	79	21
2182	0.79	79	21
2183	0.79	79	21
2184	0.79	79	21
2185	0.79	79	21
2186	0.79	79	21
2187	0.80	80	20
2188	0.81	81	19
2189	0.81	81	19
2190	0.81	81	19
2191	0.80	80	20
2192	0.79	79	21
2193	0.78	78	22
2194	0.79	79	21
2195	0.79	79	21
2196	0.79	79	21
2197	0.79	79	21
2198	0.79	79	21
2199	0.79	79	21
2200	0.78	78	22
2201	0.78	78	22
2202	0.78	78	22
2203	0.78	78	22
2204	0.78	78	22
2205	0.77	77	23
2206	0.76	76	24
2207	0.76	76	24
2208	0.76	76	24
2209	0.76	76	24
2210	0.76	76	24
2211	0.76	76	24
2212	0.77	77	23
2213	0.77	77	23
2214	0.77	77	23
2215	0.77	77	23
2216	0.77	77	23
2217	0.77	77	23
2218	0.76	76	24
2219	0.76	76	24
2220	0.75	75	25
2221	0.75	75	25
2222	0.75	75	25
2223	0.75	75	25
2224	0.75	75	25
2225	0.75	75	25
2226	0.74	74	26
2227	0.75	75	25
2228	0.75	75	25
2229	0.75	75	25
2230	0.74	74	26
2231	0.74	74	26
2232	0.74	74	26
2233	0.75	75	25
2234	0.75	75	25
2235	0.75	75	25
2236	0.74	74	26
2237	0.74	74	26
2238	0.73	73	27
2239	0.73	73	27
2240	0.73	73	27
2241	0.74	74	26
2242	0.74	74	26
2243	0.74	74	26
2244	0.74	74	26
2245	0.74	74	26
2246	0.74	74	26
2247	0.74	74	26
2248	0.74	74	26
2249	0.75	75	25
2250	0.76	76	24
2251	0.76	76	24
2252	0.76	76	24
2253	0.76	76	24
2254	0.76	76	24
2255	0.77	77	23
2256	0.78	78	22
2257	0.78	78	22
2258	0.78	78	22
2259	0.79	79	21
2260	0.79	79	21
2261	0.79	79	21
2262	0.79	79	21
2263	0.79	79	21
2264	0.78	78	22
2265	0.78	78	22
2266	0.79	79	21
2267	0.78	78	22
2268	0.78	78	22
2269	0.78	78	22
2270	0.78	78	22
2271	0.77	77	23
2272	0.77	77	23
2273	0.77	77	23
2274	0.77	77	23
2275	0.78	78	22
2276	0.78	78	22
2277	0.79	79	21
2278	0.80	80	20
2279	0.80	80	20
2280	0.80	80	20
2281	0.80	80	20
2282	0.80	80	20
2283	0.80	80	20
2284	0.80	80	20
2285	0.80	80	20
2286	0.80	80	20
2287	0.80	80	20
2288	0.80	80	20
2289	0.80	80	20
2290	0.81	81	19
2291	0.82	82	18
2292	0.83	83	17
2293	0.84	84	16
2294	0.84	84	16
2295	0.83	83	17
2296	0.83	83	17
2297	0.83	83	17
2298	0.83	83	17
2299	0.83	83	17
2300	0.84	84	16
2301	0.84	84	16
2302	0.83	83	17
2303	0.83	83	17
2304	0.82	82	18
2305	0.83	83	17
2306	0.84	84	16
2307	0.83	83	17
2308	0.82	82	18
2309	0.82	82	18
2310	0.82	82	18
2311	0.82	82	18
2312	0.82	82	18
2313	0.82	82	18
2314	0.82	82	18
2315	0.82	82	18
2316	0.81	81	19
2317	0.81	81	19
2318	0.82	82	18
2319	0.83	83	17
2320	0.83	83	17
2321	0.83	83	17
2322	0.84	84	16
2323	0.83	83	17
2324	0.83	83	17
2325	0.82	82	18
2326	0.83	83	17
2327	0.83	83	17
2328	0.83	83	17
2329	0.83	83	17
2330	0.84	84	16
2331	0.83	83	17
2332	0.83	83	17
2333	0.82	82	18
2334	0.82	82	18
2335	0.82	82	18
2336	0.82	82	18
2337	0.83	83	17
2338	0.83	83	17
2339	0.83	83	17
2340	0.83	83	17
2341	0.83	83	17
2342	0.83	83	17
2343	0.83	83	17
2344	0.82	82	18
2345	0.82	82	18
2346	0.81	81	19
2347	0.81	81	19
2348	0.81	81	19
2349	0.81	81	19
2350	0.81	81	19
2351	0.80	80	20
2352	0.80	80	20
2353	0.80	80	20
2354	0.79	79	21
2355	0.78	78	22
2356	0.78	78	22
2357	0.78	78	22
2358	0.78	78	22
2359	0.77	77	23
2360	0.76	76	24
2361	0.76	76	24
2362	0.76	76	24
2363	0.76	76	24
2364	0.77	77	23
2365	0.78	78	22
2366	0.78	78	22
2367	0.79	79	21
2368	0.79	79	21
2369	0.79	79	21
2370	0.78	78	22
2371	0.79	79	21
2372	0.78	78	22
2373	0.77	77	23
2374	0.77	77	23
2375	0.77	77	23
2376	0.76	76	24
2377	0.76	76	24
2378	0.76	76	24
2379	0.76	76	24
2380	0.75	75	25
2381	0.75	75	25
2382	0.75	75	25
2383	0.75	75	25
2384	0.75	75	25
2385	0.75	75	25
2386	0.75	75	25
2387	0.75	75	25
2388	0.75	75	25
2389	0.75	75	25
2390	0.75	75	25
2391	0.75	75	25
2392	0.75	75	25
2393	0.74	74	26
2394	0.74	74	26
2395	0.75	75	25
2396	0.75	75	25
2397	0.74	74	26
2398	0.73	73	27
2399	0.73	73	27
2400	0.73	73	27
2401	0.72	72	28
2402	0.72	72	28
2403	0.72	72	28
2404	0.73	73	27
2405	0.73	73	27
2406	0.73	73	27
2407	0.73	73	27
2408	0.74	74	26
2409	0.74	74	26
2410	0.74	74	26
2411	0.74	74	26
2412	0.74	74	26
2413	0.74	74	26
2414	0.74	74	26
2415	0.74	74	26
2416	0.75	75	25
2417	0.75	75	25
2418	0.75	75	25
2419	0.74	74	26
2420	0.75	75	25
2421	0.75	75	25
2422	0.75	75	25
2423	0.76	76	24
2424	0.76	76	24
2425	0.77	77	23
2426	0.77	77	23
2427	0.77	77	23
2428	0.77	77	23
2429	0.77	77	23
2430	0.77	77	23
2431	0.77	77	23
2432	0.77	77	23
2433	0.78	78	22
2434	0.77	77	23
2435	0.77	77	23
2436	0.78	78	22
2437	0.78	78	22
2438	0.79	79	21
2439	0.79	79	21
2440	0.79	79	21
2441	0.79	79	21
2442	0.79	79	21
2443	0.79	79	21
2444	0.80	80	20
2445	0.80	80	20
2446	0.81	81	19
2447	0.81	81	19
2448	0.81	81	19
2449	0.81	81	19
2450	0.81	81	19
2451	0.82	82	18
2452	0.82	82	18
2453	0.82	82	18
2454	0.83	83	17
2455	0.84	84	16
2456	0.83	83	17
2457	0.83	83	17
2458	0.83	83	17
2459	0.84	84	16
2460	0.85	85	15
2461	0.85	85	15
2462	0.85	85	15
2463	0.85	85	15
2464	0.85	85	15
2465	0.85	85	15
2466	0.85	85	15
2467	0.85	85	15
2468	0.85	85	15
2469	0.85	85	15
2470	0.86	86	14
2471	0.86	86	14
2472	0.86	86	14
2473	0.86	86	14
2474	0.86	86	14
2475	0.86	86	14
2476	0.87	87	13
2477	0.87	87	13
2478	0.87	87	13
2479	0.87	87	13
2480	0.88	88	12
2481	0.88	88	12
2482	0.87	87	13
2483	0.87	87	13
2484	0.87	87	13
2485	0.87	87	13
2486	0.86	86	14
2487	0.86	86	14
2488	0.85	85	15
2489	0.85	85	15
2490	0.84	84	16
2491	0.84	84	16
2492	0.83	83	17
2493	0.84	84	16
2494	0.84	84	16
2495	0.84	84	16
2496	0.84	84	16
2497	0.85	85	15
2498	0.86	86	14
2499	0.86	86	14
2500	0.86	86	14
2501	0.87	87	13
2502	0.88	88	12
2503	0.88	88	12
2504	0.88	88	12
2505	0.88	88	12
2506	0.88	88	12
2507	0.89	89	11
2508	0.89	89	11
2509	0.89	89	11
2510	0.89	89	11
2511	0.89	89	11
2512	0.89	89	11
2513	0.88	88	12
2514	0.88	88	12
2515	0.88	88	12
2516	0.88	88	12
2517	0.88	88	12
2518	0.87	87	13
2519	0.87	87	13
2520	0.87	87	13
2521	0.87	87	13
2522	0.87	87	13
2523	0.87	87	13
2524	0.87	87	13
2525	0.87	87	13
2526	0.86	86	14
2527	0.86	86	14
2528	0.86	86	14
2529	0.85	85	15
2530	0.85	85	15
2531	0.86	86	14
2532	0.86	86	14
2533	0.86	86	14
2534	0.87	87	13
2535	0.87	87	13
2536	0.87	87	13
2537	0.87	87	13
2538	0.87	87	13
2539	0.87	87	13
2540	0.86	86	14
2541	0.85	85	15
2542	0.85	85	15
2543	0.85	85	15
2544	0.85	85	15
2545	0.85	85	15
2546	0.85	85	15
2547	0.85	85	15
2548	0.85	85	15
2549	0.85	85	15
2550	0.85	85	15
2551	0.84	84	16
2552	0.84	84	16
2553	0.84	84	16
2554	0.84	84	16
2555	0.84	84	16
2556	0.85	85	15
2557	0.85	85	15
2558	0.85	85	15
2559	0.85	85	15
2560	0.84	84	16
2561	0.84	84	16
2562	0.84	84	16
2563	0.84	84	16
2564	0.84	84	16
2565	0.84	84	16
2566	0.83	83	17
2567	0.83	83	17
2568	0.83	83	17
2569	0.82	82	18
2570	0.82	82	18
2571	0.82	82	18
2572	0.83	83	17
2573	0.84	84	16
2574	0.84	84	16
2575	0.84	84	16
2576	0.84	84	16
2577	0.84	84	16
2578	0.83	83	17
2579	0.83	83	17
2580	0.82	82	18
2581	0.82	82	18
2582	0.83	83	17
2583	0.83	83	17
2584	0.83	83	17
2585	0.83	83	17
2586	0.84	84	16
2587	0.84	84	16
2588	0.85	85	15
2589	0.85	85	15
2590	0.86	86	14
2591	0.86	86	14
2592	0.87	87	13
2593	0.87	87	13
2594	0.86	86	14
2595	0.86	86	14
2596	0.86	86	14
2597	0.86	86	14
2598	0.86	86	14
2599	0.86	86	14
2600	0.85	85	15
2601	0.85	85	15
2602	0.85	85	15
2603	0.85	85	15
2604	0.85	85	15
2605	0.85	85	15
2606	0.85	85	15
2607	0.85	85	15
2608	0.84	84	16
2609	0.84	84	16
2610	0.84	84	16
2611	0.84	84	16
2612	0.84	84	16
2613	0.85	85	15
2614	0.85	85	15
2615	0.84	84	16
2616	0.84	84	16
2617	0.84	84	16
2618	0.85	85	15
2619	0.86	86	14
2620	0.85	85	15
2621	0.85	85	15
2622	0.85	85	15
2623	0.85	85	15
2624	0.85	85	15
2625	0.85	85	15
2626	0.86	86	14
2627	0.86	86	14
2628	0.86	86	14
2629	0.87	87	13
2630	0.87	87	13
2631	0.87	87	13
2632	0.87	87	13
2633	0.86	86	14
2634	0.86	86	14
2635	0.86	86	14
2636	0.86	86	14
2637	0.86	86	14
2638	0.86	86	14
2639	0.86	86	14
2640	0.87	87	13
2641	0.88	88	12
2642	0.87	87	13
2643	0.87	87	13
2644	0.87	87	13
2645	0.87	87	13
2646	0.87	87	13
2647	0.87	87	13
2648	0.87	87	13
2649	0.86	86	14
2650	0.85	85	15
2651	0.86	86	14
2652	0.86	86	14
2653	0.86	86	14
2654	0.86	86	14
2655	0.86	86	14
2656	0.86	86	14
2657	0.86	86	14
2658	0.86	86	14
2659	0.86	86	14
2660	0.87	87	13
2661	0.87	87	13
2662	0.86	86	14
2663	0.86	86	14
2664	0.86	86	14
2665	0.85	85	15
2666	0.86	86	14
2667	0.86	86	14
2668	0.86	86	14
2669	0.87	87	13
2670	0.87	87	13
2671	0.87	87	13
2672	0.87	87	13
2673	0.87	87	13
2674	0.87	87	13
2675	0.87	87	13
2676	0.87	87	13
2677	0.87	87	13
2678	0.88	88	12
2679	0.88	88	12
2680	0.89	89	11
2681	0.89	89	11
2682	0.88	88	12
2683	0.87	87	13
2684	0.86	86	14
2685	0.86	86	14
2686	0.86	86	14
2687	0.86	86	14
2688	0.86	86	14
2689	0.86	86	14
2690	0.85	85	15
2691	0.85	85	15
2692	0.85	85	15
2693	0.85	85	15
2694	0.86	86	14
2695	0.86	86	14
2696	0.86	86	14
2697	0.85	85	15
2698	0.84	84	16
2699	0.84	84	16
2700	0.85	85	15
2701	0.85	85	15
2702	0.85	85	15
2703	0.85	85	15
2704	0.85	85	15
2705	0.84	84	16
2706	0.84	84	16
2707	0.84	84	16
2708	0.85	85	15
2709	0.85	85	15
2710	0.84	84	16
2711	0.84	84	16
2712	0.84	84	16
2713	0.84	84	16
2714	0.83	83	17
2715	0.84	84	16
2716	0.84	84	16
2717	0.84	84	16
2718	0.83	83	17
2719	0.83	83	17
2720	0.84	84	16
2721	0.83	83	17
2722	0.83	83	17
2723	0.83	83	17
2724	0.82	82	18
2725	0.82	82	18
2726	0.82	82	18
2727	0.82	82	18
2728	0.82	82	18
2729	0.82	82	18
2730	0.82	82	18
2731	0.82	82	18
2732	0.82	82	18
2733	0.83	83	17
2734	0.83	83	17
2735	0.83	83	17
2736	0.83	83	17
2737	0.83	83	17
2738	0.83	83	17
2739	0.83	83	17
2740	0.82	82	18
2741	0.81	81	19
2742	0.82	82	18
2743	0.82	82	18
2744	0.82	82	18
2745	0.82	82	18
2746	0.82	82	18
2747	0.82	82	18
2748	0.81	81	19
2749	0.81	81	19
2750	0.81	81	19
2751	0.81	81	19
2752	0.81	81	19
2753	0.80	80	20
2754	0.80	80	20
2755	0.80	80	20
2756	0.80	80	20
2757	0.79	79	21
2758	0.79	79	21
2759	0.79	79	21
2760	0.78	78	22
2761	0.78	78	22
2762	0.79	79	21
2763	0.78	78	22
2764	0.78	78	22
2765	0.79	79	21
2766	0.78	78	22
2767	0.78	78	22
2768	0.78	78	22
2769	0.78	78	22
2770	0.78	78	22
2771	0.77	77	23
2772	0.77	77	23
2773	0.76	76	24
2774	0.75	75	25
2775	0.75	75	25
2776	0.74	74	26
2777	0.74	74	26
2778	0.74	74	26
2779	0.74	74	26
2780	0.74	74	26
2781	0.73	73	27
2782	0.74	74	26
2783	0.75	75	25
2784	0.76	76	24
2785	0.75	75	25
2786	0.75	75	25
2787	0.75	75	25
2788	0.75	75	25
2789	0.75	75	25
2790	0.76	76	24
2791	0.76	76	24
2792	0.76	76	24
2793	0.76	76	24
2794	0.76	76	24
2795	0.76	76	24
2796	0.76	76	24
2797	0.77	77	23
2798	0.78	78	22
2799	0.78	78	22
2800	0.78	78	22
2801	0.78	78	22
2802	0.78	78	22
2803	0.78	78	22
2804	0.77	77	23
2805	0.77	77	23
2806	0.77	77	23
2807	0.77	77	23
2808	0.77	77	23
2809	0.77	77	23
2810	0.77	77	23
2811	0.77	77	23
2812	0.77	77	23
2813	0.77	77	23
2814	0.78	78	22
2815	0.78	78	22
2816	0.78	78	22
2817	0.78	78	22
2818	0.78	78	22
2819	0.78	78	22
2820	0.78	78	22
2821	0.79	79	21
2822	0.78	78	22
2823	0.78	78	22
2824	0.79	79	21
2825	0.78	78	22
2826	0.78	78	22
2827	0.77	77	23
2828	0.77	77	23
2829	0.76	76	24
2830	0.76	76	24
2831	0.76	76	24
2832	0.76	76	24
2833	0.76	76	24
2834	0.76	76	24
2835	0.76	76	24
2836	0.75	75	25
2837	0.75	75	25
2838	0.75	75	25
2839	0.75	75	25
2840	0.76	76	24
2841	0.76	76	24
2842	0.75	75	25
2843	0.75	75	25
2844	0.75	75	25
2845	0.75	75	25
2846	0.75	75	25
2847	0.75	75	25
2848	0.76	76	24
2849	0.77	77	23
2850	0.78	78	22
2851	0.78	78	22
2852	0.78	78	22
2853	0.79	79	21
2854	0.79	79	21
2855	0.78	78	22
2856	0.77	77	23
2857	0.77	77	23
2858	0.76	76	24
2859	0.76	76	24
2860	0.77	77	23
2861	0.77	77	23
2862	0.77	77	23
2863	0.78	78	22
2864	0.78	78	22
2865	0.78	78	22
2866	0.79	79	21
2867	0.78	78	22
2868	0.78	78	22
2869	0.77	77	23
2870	0.77	77	23
2871	0.78	78	22
2872	0.78	78	22
2873	0.79	79	21
2874	0.80	80	20
2875	0.80	80	20
2876	0.81	81	19
2877	0.80	80	20
2878	0.80	80	20
2879	0.80	80	20
2880	0.80	80	20
2881	0.80	80	20
2882	0.80	80	20
2883	0.80	80	20
2884	0.80	80	20
2885	0.80	80	20
2886	0.80	80	20
2887	0.80	80	20
2888	0.80	80	20
2889	0.80	80	20
2890	0.80	80	20
2891	0.79	79	21
2892	0.79	79	21
2893	0.79	79	21
2894	0.79	79	21
2895	0.79	79	21
2896	0.79	79	21
2897	0.79	79	21
2898	0.79	79	21
2899	0.79	79	21
2900	0.78	78	22
2901	0.78	78	22
2902	0.78	78	22
2903	0.78	78	22
2904	0.78	78	22
2905	0.79	79	21
2906	0.79	79	21
2907	0.79	79	21
2908	0.78	78	22
2909	0.77	77	23
2910	0.78	78	22
2911	0.78	78	22
2912	0.78	78	22
2913	0.78	78	22
2914	0.78	78	22
2915	0.78	78	22
2916	0.77	77	23
2917	0.77	77	23
2918	0.78	78	22
2919	0.77	77	23
2920	0.77	77	23
2921	0.77	77	23
2922	0.78	78	22
2923	0.77	77	23
2924	0.77	77	23
2925	0.78	78	22
2926	0.78	78	22
2927	0.79	79	21
2928	0.79	79	21
2929	0.80	80	20
2930	0.80	80	20
2931	0.80	80	20
2932	0.80	80	20
2933	0.80	80	20
2934	0.79	79	21
2935	0.79	79	21
2936	0.80	80	20
2937	0.80	80	20
2938	0.80	80	20
2939	0.80	80	20
2940	0.80	80	20
2941	0.81	81	19
2942	0.82	82	18
2943	0.81	81	19
2944	0.81	81	19
2945	0.81	81	19
2946	0.81	81	19
2947	0.81	81	19
2948	0.81	81	19
2949	0.81	81	19
2950	0.80	80	20
2951	0.80	80	20
2952	0.79	79	21
2953	0.79	79	21
2954	0.79	79	21
2955	0.80	80	20
2956	0.81	81	19
2957	0.82	82	18
2958	0.83	83	17
2959	0.83	83	17
2960	0.83	83	17
2961	0.83	83	17
2962	0.83	83	17
2963	0.83	83	17
2964	0.83	83	17
2965	0.82	82	18
2966	0.82	82	18
2967	0.83	83	17
2968	0.83	83	17
2969	0.84	84	16
2970	0.84	84	16
2971	0.84	84	16
2972	0.84	84	16
2973	0.84	84	16
2974	0.84	84	16
2975	0.84	84	16
2976	0.84	84	16
2977	0.84	84	16
2978	0.83	83	17
2979	0.82	82	18
2980	0.82	82	18
2981	0.83	83	17
2982	0.82	82	18
2983	0.82	82	18
2984	0.82	82	18
2985	0.83	83	17
2986	0.82	82	18
2987	0.82	82	18
2988	0.82	82	18
2989	0.81	81	19
2990	0.81	81	19
2991	0.82	82	18
2992	0.81	81	19
2993	0.81	81	19
2994	0.81	81	19
2995	0.80	80	20
2996	0.80	80	20
2997	0.80	80	20
2998	0.80	80	20
2999	0.80	80	20
3000	0.20	80	20
3001	0.20	80	20
3002	0.21	79	21
3003	0.22	78	22
3004	0.22	78	22
3005	0.22	78	22
3006	0.22	78	22
3007	0.23	77	23
3008	0.23	77	23
3009	0.23	77	23
3010	0.23	77	23
3011	0.24	76	24
3012	0.24	76	24
3013	0.25	75	25
3014	0.26	74	26
3015	0.27	73	27
3016	0.27	73	27
3017	0.27	73	27
3018	0.28	72	28
3019	0.28	72	28
3020	0.29	71	29
3021	0.30	70	30
3022	0.31	69	31
3023	0.31	69	31
3024	0.32	68	32
3025	0.32	68	32
3026	0.33	67	33
3027	0.33	67	33
3028	0.34	66	34
3029	0.35	65	35
3030	0.35	65	35
3031	0.35	65	35
3032	0.36	64	36
3033	0.36	64	36
3034	0.35	65	35
3035	0.36	64	36
3036	0.37	63	37
3037	0.38	62	38
3038	0.39	61	39
3039	0.40	60	40
3040	0.40	60	40
3041	0.41	59	41
3042	0.42	58	42
3043	0.42	58	42
3044	0.43	57	43
3045	0.43	57	43
3046	0.44	56	44
3047	0.45	55	45
3048	0.46	54	46
3049	0.47	53	47
3050	0.47	53	47
3051	0.47	53	47
3052	0.47	53	47
3053	0.47	53	47
3054	0.48	52	48
3055	0.49	51	49
3056	0.50	50	50
3057	0.51	49	51
3058	0.52	48	52
3059	0.53	47	53
3060	0.53	47	53
3061	0.54	46	54
3062	0.55	45	55
3063	0.56	44	56
3064	0.57	43	57
3065	0.57	43	57
3066	0.57	43	57
3067	0.58	42	58
3068	0.59	41	59
3069	0.60	40	60
3070	0.60	40	60
3071	0.61	39	61
3072	0.61	39	61
3073	0.61	39	61
3074	0.62	38	62
3075	0.63	37	63
3076	0.64	36	64
3077	0.64	36	64
3078	0.64	36	64
3079	0.64	36	64
3080	0.65	35	65
3081	0.65	35	65
3082	0.65	35	65
3083	0.66	34	66
3084	0.67	33	67
3085	0.68	32	68
3086	0.67	33	67
3087	0.68	32	68
3088	0.69	31	69
3089	0.69	31	69
3090	0.70	30	70
3091	0.71	29	71
3092	0.71	29	71
3093	0.72	28	72
3094	0.73	27	73
3095	0.73	27	73
3096	0.74	26	74
3097	0.75	25	75
3098	0.76	24	76
3099	0.77	23	77
3100	0.77	23	77
3101	0.78	22	78
3102	0.78	22	78
3103	0.77	23	77
3104	0.77	23	77
3105	0.78	22	78
3106	0.79	21	79
3107	0.79	21	79
3108	0.79	21	79
3109	0.78	22	78
3110	0.79	21	79
3111	0.79	21	79
3112	0.80	20	80
3113	0.80	20	80
3114	0.80	20	80
3115	0.80	20	80
3116	0.80	20	80
3117	0.81	19	81
3118	0.80	20	80
3119	0.80	20	80
3120	0.80	20	80
3121	0.80	20	80
3122	0.80	20	80
3123	0.80	20	80
3124	0.79	21	79
3125	0.79	21	79
3126	0.79	21	79
3127	0.80	20	80
3128	0.80	20	80
3129	0.80	20	80
3130	0.81	19	81
3131	0.81	19	81
3132	0.81	19	81
3133	0.82	18	82
3134	0.83	17	83
3135	0.83	17	83
3136	0.83	17	83
3137	0.83	17	83
3138	0.82	18	82
3139	0.81	19	81
3140	0.81	19	81
3141	0.80	20	80
3142	0.80	20	80
3143	0.80	20	80
3144	0.80	20	80
3145	0.81	19	81
3146	0.81	19	81
3147	0.81	19	81
3148	0.81	19	81
3149	0.81	19	81
3150	0.81	19	81
3151	0.82	18	82
3152	0.82	18	82
3153	0.83	17	83
3154	0.83	17	83
3155	0.83	17	83
3156	0.83	17	83
3157	0.83	17	83
3158	0.83	17	83
3159	0.83	17	83
3160	0.84	16	84
3161	0.84	16	84
3162	0.84	16	84
3163	0.84	16	84
3164	0.84	16	84
3165	0.84	16	84
3166	0.84	16	84
3167	0.84	16	84
3168	0.84	16	84
3169	0.84	16	84
3170	0.85	15	85
3171	0.85	15	85
3172	0.86	14	86
3173	0.87	13	87
3174	0.87	13	87
3175	0.87	13	87
3176	0.87	13	87
3177	0.87	13	87
3178	0.87	13	87
3179	0.87	13	87
3180	0.87	13	87
3181	0.88	12	88
3182	0.88	12	88
3183	0.88	12	88
3184	0.88	12	88
3185	0.88	12	88
3186	0.89	11	89
3187	0.89	11	89
3188	0.89	11	89
3189	0.88	12	88
3190	0.87	13	87
3191	0.87	13	87
3192	0.87	13	87
3193	0.87	13	87
3194	0.86	14	86
3195	0.86	14	86
3196	0.86	14	86
3197	0.86	14	86
3198	0.86	14	86
3199	0.86	14	86
3200	0.85	15	85
3201	0.85	15	85
3202	0.85	15	85
3203	0.86	14	86
3204	0.86	14	86
3205	0.86	14	86
3206	0.85	15	85
3207	0.85	15	85
3208	0.85	15	85
3209	0.86	14	86
3210	0.86	14	86
3211	0.86	14	86
3212	0.86	14	86
3213	0.86	14	86
3214	0.86	14	86
3215	0.86	14	86
3216	0.86	14	86
3217	0.86	14	86
3218	0.87	13	87
3219	0.87	13	87
3220	0.87	13	87
3221	0.87	13	87
3222	0.87	13	87
3223	0.87	13	87
3224	0.88	12	88
3225	0.89	11	89
3226	0.89	11	89
3227	0.89	11	89
3228	0.88	12	88
3229	0.87	13	87
3230	0.86	14	86
3231	0.86	14	86
3232	0.86	14	86
3233	0.86	14	86
3234	0.86	14	86
3235	0.86	14	86
3236	0.86	14	86
3237	0.85	15	85
3238	0.86	14	86
3239	0.87	13	87
3240	0.87	13	87
3241	0.87	13	87
3242	0.86	14	86
3243	0.86	14	86
3244	0.86	14	86
3245	0.86	14	86
3246	0.85	15	85
3247	0.85	15	85
3248	0.85	15	85
3249	0.84	16	84
3250	0.84	16	84
3251	0.84	16	84
3252	0.83	17	83
3253	0.83	17	83
3254	0.82	18	82
3255	0.82	18	82
3256	0.82	18	82
3257	0.81	19	81
3258	0.81	19	81
3259	0.81	19	81
3260	0.80	20	80
3261	0.79	21	79
3262	0.79	21	79
3263	0.79	21	79
3264	0.79	21	79
3265	0.79	21	79
3266	0.80	20	80
3267	0.80	20	80
3268	0.80	20	80
3269	0.80	20	80
3270	0.79	21	79
3271	0.78	22	78
3272	0.77	23	77
3273	0.77	23	77
3274	0.77	23	77
3275	0.77	23	77
3276	0.77	23	77
3277	0.77	23	77
3278	0.77	23	77
3279	0.77	23	77
3280	0.77	23	77
3281	0.76	24	76
3282	0.76	24	76
3283	0.75	25	75
3284	0.75	25	75
3285	0.75	25	75
3286	0.75	25	75
3287	0.75	25	75
3288	0.74	26	74
3289	0.75	25	75
3290	0.75	25	75
3291	0.75	25	75
3292	0.75	25	75
3293	0.74	26	74
3294	0.75	25	75
3295	0.75	25	75
3296	0.74	26	74
3297	0.74	26	74
3298	0.73	27	73
3299	0.73	27	73
3300	0.74	26	74
3301	0.74	26	74
3302	0.74	26	74
3303	0.74	26	74
3304	0.74	26	74
3305	0.74	26	74
3306	0.75	25	75
3307	0.74	26	74
3308	0.74	26	74
3309	0.74	26	74
3310	0.74	26	74
3311	0.73	27	73
3312	0.72	28	72
3313	0.72	28	72
3314	0.72	28	72
3315	0.72	28	72
3316	0.72	28	72
3317	0.72	28	72
3318	0.72	28	72
3319	0.72	28	72
3320	0.72	28	72
3321	0.72	28	72
3322	0.72	28	72
3323	0.72	28	72
3324	0.71	29	71
3325	0.71	29	71
3326	0.71	29	71
3327	0.71	29	71
3328	0.72	28	72
3329	0.73	27	73
3330	0.74	26	74
3331	0.75	25	75
3332	0.75	25	75
3333	0.75	25	75
3334	0.75	25	75
3335	0.74	26	74
3336	0.74	26	74
3337	0.74	26	74
3338	0.73	27	73
3339	0.73	27	73
3340	0.74	26	74
3341	0.75	25	75
3342	0.76	24	76
3343	0.76	24	76
3344	0.75	25	75
3345	0.75	25	75
3346	0.76	24	76
3347	0.75	25	75
3348	0.75	25	75
3349	0.76	24	76
3350	0.76	24	76
3351	0.76	24	76
3352	0.76	24	76
3353	0.76	24	76
3354	0.76	24	76
3355	0.76	24	76
3356	0.75	25	75
3357	0.76	24	76
3358	0.75	25	75
3359	0.75	25	75
3360	0.76	24	76
3361	0.77	23	77
3362	0.77	23	77
3363	0.77	23	77
3364	0.77	23	77
3365	0.76	24	76
3366	0.76	24	76
3367	0.76	24	76
3368	0.76	24	76
3369	0.76	24	76
3370	0.77	23	77
3371	0.78	22	78
3372	0.78	22	78
3373	0.78	22	78
3374	0.78	22	78
3375	0.78	22	78
3376	0.78	22	78
3377	0.77	23	77
3378	0.77	23	77
3379	0.76	24	76
3380	0.75	25	75
3381	0.76	24	76
3382	0.76	24	76
3383	0.77	23	77
3384	0.77	23	77
3385	0.77	23	77
3386	0.77	23	77
3387	0.77	23	77
3388	0.78	22	78
3389	0.77	23	77
3390	0.78	22	78
3391	0.77	23	77
3392	0.76	24	76
3393	0.77	23	77
3394	0.77	23	77
3395	0.77	23	77
3396	0.78	22	78
3397	0.78	22	78
3398	0.78	22	78
3399	0.77	23	77
3400	0.76	24	76
3401	0.76	24	76
3402	0.76	24	76
3403	0.76	24	76
3404	0.76	24	76
3405	0.76	24	76
3406	0.76	24	76
3407	0.77	23	77
3408	0.76	24	76
3409	0.76	24	76
3410	0.75	25	75
3411	0.76	24	76
3412	0.77	23	77
3413	0.76	24	76
3414	0.76	24	76
3415	0.76	24	76
3416	0.76	24	76
3417	0.76	24	76
3418	0.76	24	76
3419	0.76	24	76
3420	0.76	24	76
3421	0.76	24	76
3422	0.75	25	75
3423	0.75	25	75
3424	0.75	25	75
3425	0.75	25	75
3426	0.75	25	75
3427	0.74	26	74
3428	0.74	26	74
3429	0.74	26	74
3430	0.73	27	73
3431	0.73	27	73
3432	0.72	28	72
3433	0.72	28	72
3434	0.72	28	72
3435	0.73	27	73
3436	0.73	27	73
3437	0.74	26	74
3438	0.75	25	75
3439	0.75	25	75
3440	0.75	25	75
3441	0.75	25	75
3442	0.75	25	75
3443	0.74	26	74
3444	0.75	25	75
3445	0.75	25	75
3446	0.74	26	74
3447	0.75	25	75
3448	0.75	25	75
3449	0.75	25	75
3450	0.75	25	75
3451	0.75	25	75
3452	0.76	24	76
3453	0.76	24	76
3454	0.76	24	76
3455	0.76	24	76
3456	0.77	23	77
3457	0.76	24	76
3458	0.77	23	77
3459	0.77	23	77
3460	0.77	23	77
3461	0.77	23	77
3462	0.76	24	76
3463	0.76	24	76
3464	0.75	25	75
3465	0.76	24	76
3466	0.75	25	75
3467	0.74	26	74
3468	0.74	26	74
3469	0.74	26	74
3470	0.74	26	74
3471	0.74	26	74
3472	0.75	25	75
3473	0.75	25	75
3474	0.75	25	75
3475	0.75	25	75
3476	0.74	26	74
3477	0.75	25	75
3478	0.75	25	75
3479	0.76	24	76
3480	0.77	23	77
3481	0.77	23	77
3482	0.77	23	77
3483	0.77	23	77
3484	0.77	23	77
3485	0.77	23	77
3486	0.77	23	77
3487	0.76	24	76
3488	0.76	24	76
3489	0.77	23	77
3490	0.77	23	77
3491	0.78	22	78
3492	0.79	21	79
3493	0.79	21	79
3494	0.79	21	79
3495	0.79	21	79
3496	0.79	21	79
3497	0.79	21	79
3498	0.80	20	80
3499	0.81	19	81
3500	0.82	18	82
3501	0.81	19	81
3502	0.81	19	81
3503	0.81	19	81
3504	0.80	20	80
3505	0.79	21	79
3506	0.79	21	79
3507	0.79	21	79
3508	0.80	20	80
3509	0.80	20	80
3510	0.81	19	81
3511	0.81	19	81
3512	0.81	19	81
3513	0.81	19	81
3514	0.81	19	81
3515	0.81	19	81
3516	0.81	19	81
3517	0.80	20	80
3518	0.80	20	80
3519	0.80	20	80
3520	0.80	20	80
3521	0.80	20	80
3522	0.81	19	81
3523	0.81	19	81
3524	0.82	18	82
3525	0.82	18	82
3526	0.82	18	82
3527	0.83	17	83
3528	0.83	17	83
3529	0.83	17	83
3530	0.83	17	83
3531	0.83	17	83
3532	0.83	17	83
3533	0.83	17	83
3534	0.83	17	83
3535	0.83	17	83
3536	0.83	17	83
3537	0.83	17	83
3538	0.83	17	83
3539	0.82	18	82
3540	0.82	18	82
3541	0.82	18	82
3542	0.82	18	82
3543	0.83	17	83
3544	0.82	18	82
3545	0.81	19	81
3546	0.82	18	82
3547	0.82	18	82
3548	0.82	18	82
3549	0.82	18	82
3550	0.81	19	81
3551	0.81	19	81
3552	0.81	19	81
3553	0.81	19	81
3554	0.82	18	82
3555	0.82	18	82
3556	0.81	19	81
3557	0.81	19	81
3558	0.81	19	81
3559	0.80	20	80
3560	0.80	20	80
3561	0.79	21	79
3562	0.80	20	80
3563	0.80	20	80
3564	0.80	20	80
3565	0.79	21	79
3566	0.80	20	80
3567	0.81	19	81
3568	0.81	19	81
3569	0.81	19	81
3570	0.81	19	81
3571	0.81	19	81
3572	0.81	19	81
3573	0.81	19	81
3574	0.81	19	81
3575	0.81	19	81
3576	0.82	18	82
3577	0.82	18	82
3578	0.82	18	82
3579	0.82	18	82
3580	0.82	18	82
3581	0.82	18	82
3582	0.82	18	82
3583	0.82	18	82
3584	0.82	18	82
3585	0.82	18	82
3586	0.82	18	82
3587	0.83	17	83
3588	0.83	17	83
3589	0.83	17	83
3590	0.82	18	82
3591	0.82	18	82
3592	0.82	18	82
3593	0.82	18	82
3594	0.81	19	81
3595	0.81	19	81
3596	0.81	19	81
3597	0.81	19	81
3598	0.81	19	81
3599	0.81	19	81
3600	0.81	19	81
3601	0.82	18	82
3602	0.82	18	82
3603	0.82	18	82
3604	0.82	18	82
3605	0.83	17	83
3606	0.83	17	83
3607	0.83	17	83
3608	0.83	17	83
3609	0.83	17	83
3610	0.83	17	83
3611	0.83	17	83
3612	0.83	17	83
3613	0.83	17	83
3614	0.82	18	82
3615	0.82	18	82
3616	0.82	18	82
3617	0.83	17	83
3618	0.83	17	83
3619	0.82	18	82
3620	0.82	18	82
3621	0.82	18	82
3622	0.81	19	81
3623	0.81	19	81
3624	0.81	19	81
3625	0.81	19	81
3626	0.81	19	81
3627	0.81	19	81
3628	0.80	20	80
3629	0.80	20	80
3630	0.81	19	81
3631	0.81	19	81
3632	0.82	18	82
3633	0.82	18	82
3634	0.82	18	82
3635	0.82	18	82
3636	0.82	18	82
3637	0.82	18	82
3638	0.82	18	82
3639	0.83	17	83
3640	0.83	17	83
3641	0.82	18	82
3642	0.81	19	81
3643	0.81	19	81
3644	0.82	18	82
3645	0.82	18	82
3646	0.82	18	82
3647	0.82	18	82
3648	0.82	18	82
3649	0.82	18	82
3650	0.83	17	83
3651	0.83	17	83
3652	0.83	17	83
3653	0.83	17	83
3654	0.83	17	83
3655	0.83	17	83
3656	0.83	17	83
3657	0.84	16	84
3658	0.84	16	84
3659	0.85	15	85
3660	0.84	16	84
3661	0.85	15	85
3662	0.85	15	85
3663	0.85	15	85
3664	0.86	14	86
3665	0.87	13	87
3666	0.87	13	87
3667	0.86	14	86
3668	0.85	15	85
3669	0.85	15	85
3670	0.85	15	85
3671	0.85	15	85
3672	0.85	15	85
3673	0.85	15	85
3674	0.85	15	85
3675	0.84	16	84
3676	0.84	16	84
3677	0.84	16	84
3678	0.84	16	84
3679	0.84	16	84
3680	0.84	16	84
3681	0.84	16	84
3682	0.84	16	84
3683	0.84	16	84
3684	0.83	17	83
3685	0.82	18	82
3686	0.82	18	82
3687	0.82	18	82
3688	0.82	18	82
3689	0.82	18	82
3690	0.82	18	82
3691	0.82	18	82
3692	0.82	18	82
3693	0.82	18	82
3694	0.82	18	82
3695	0.82	18	82
3696	0.82	18	82
3697	0.82	18	82
3698	0.82	18	82
3699	0.82	18	82
3700	0.82	18	82
3701	0.82	18	82
3702	0.82	18	82
3703	0.82	18	82
3704	0.83	17	83
3705	0.83	17	83
3706	0.82	18	82
3707	0.82	18	82
3708	0.82	18	82
3709	0.82	18	82
3710	0.82	18	82
3711	0.82	18	82
3712	0.82	18	82
3713	0.83	17	83
3714	0.84	16	84
3715	0.84	16	84
3716	0.84	16	84
3717	0.84	16	84
3718	0.84	16	84
3719	0.85	15	85
3720	0.85	15	85
3721	0.85	15	85
3722	0.86	14	86
3723	0.86	14	86
3724	0.86	14	86
3725	0.86	14	86
3726	0.86	14	86
3727	0.86	14	86
3728	0.86	14	86
3729	0.86	14	86
3730	0.86	14	86
3731	0.85	15	85
3732	0.85	15	85
3733	0.85	15	85
3734	0.84	16	84
3735	0.84	16	84
3736	0.84	16	84
3737	0.84	16	84
3738	0.84	16	84
3739	0.84	16	84
3740	0.83	17	83
3741	0.83	17	83
3742	0.84	16	84
3743	0.84	16	84
3744	0.84	16	84
3745	0.85	15	85
3746	0.84	16	84
3747	0.84	16	84
3748	0.84	16	84
3749	0.84	16	84
3750	0.83	17	83
3751	0.82	18	82
3752	0.82	18	82
3753	0.82	18	82
3754	0.82	18	82
3755	0.82	18	82
3756	0.82	18	82
3757	0.82	18	82
3758	0.82	18	82
3759	0.82	18	82
3760	0.83	17	83
3761	0.82	18	82
3762	0.82	18	82
3763	0.82	18	82
3764	0.81	19	81
3765	0.81	19	81
3766	0.81	19	81
3767	0.82	18	82
3768	0.82	18	82
3769	0.82	18	82
3770	0.82	18	82
3771	0.82	18	82
3772	0.82	18	82
3773	0.82	18	82
3774	0.82	18	82
3775	0.83	17	83
3776	0.83	17	83
3777	0.83	17	83
3778	0.83	17	83
3779	0.83	17	83
3780	0.83	17	83
3781	0.82	18	82
3782	0.81	19	81
3783	0.81	19	81
3784	0.82	18	82
3785	0.83	17	83
3786	0.83	17	83
3787	0.83	17	83
3788	0.83	17	83
3789	0.83	17	83
3790	0.83	17	83
3791	0.83	17	83
3792	0.83	17	83
3793	0.83	17	83
3794	0.83	17	83
3795	0.82	18	82
3796	0.82	18	82
3797	0.82	18	82
3798	0.81	19	81
3799	0.81	19	81
3800	0.81	19	81
3801	0.81	19	81
3802	0.81	19	81
3803	0.81	19	81
3804	0.81	19	81
3805	0.81	19	81
3806	0.82	18	82
3807	0.82	18	82
3808	0.81	19	81
3809	0.81	19	81
3810	0.81	19	81
3811	0.81	19	81
3812	0.81	19	81
3813	0.81	19	81
3814	0.81	19	81
3815	0.80	20	80
3816	0.79	21	79
3817	0.79	21	79
3818	0.78	22	78
3819	0.78	22	78
3820	0.77	23	77
3821	0.76	24	76
3822	0.76	24	76
3823	0.75	25	75
3824	0.75	25	75
3825	0.75	25	75
3826	0.75	25	75
3827	0.75	25	75
3828	0.76	24	76
3829	0.76	24	76
3830	0.76	24	76
3831	0.76	24	76
3832	0.75	25	75
3833	0.75	25	75
3834	0.76	24	76
3835	0.76	24	76
3836	0.75	25	75
3837	0.75	25	75
3838	0.75	25	75
3839	0.75	25	75
3840	0.75	25	75
3841	0.75	25	75
3842	0.75	25	75
3843	0.75	25	75
3844	0.75	25	75
3845	0.74	26	74
3846	0.75	25	75
3847	0.75	25	75
3848	0.75	25	75
3849	0.75	25	75
3850	0.76	24	76
3851	0.77	23	77
3852	0.77	23	77
3853	0.77	23	77
3854	0.77	23	77
3855	0.77	23	77
3856	0.77	23	77
3857	0.77	23	77
3858	0.77	23	77
3859	0.77	23	77
3860	0.76	24	76
3861	0.77	23	77
3862	0.77	23	77
3863	0.76	24	76
3864	0.77	23	77
3865	0.77	23	77
3866	0.77	23	77
3867	0.77	23	77
3868	0.78	22	78
3869	0.78	22	78
3870	0.77	23	77
3871	0.77	23	77
3872	0.77	23	77
3873	0.77	23	77
3874	0.77	23	77
3875	0.77	23	77
3876	0.76	24	76
3877	0.75	25	75
3878	0.75	25	75
3879	0.75	25	75
3880	0.74	26	74
3881	0.75	25	75
3882	0.76	24	76
3883	0.76	24	76
3884	0.76	24	76
3885	0.76	24	76
3886	0.76	24	76
3887	0.75	25	75
3888	0.75	25	75
3889	0.75	25	75
3890	0.76	24	76
3891	0.76	24	76
3892	0.75	25	75
3893	0.75	25	75
3894	0.76	24	76
3895	0.77	23	77
3896	0.77	23	77
3897	0.76	24	76
3898	0.77	23	77
3899	0.77	23	77
3900	0.76	24	76
3901	0.76	24	76
3902	0.75	25	75
3903	0.74	26	74
3904	0.74	26	74
3905	0.74	26	74
3906	0.74	26	74
3907	0.74	26	74
3908	0.75	25	75
3909	0.75	25	75
3910	0.75	25	75
3911	0.75	25	75
3912	0.75	25	75
3913	0.75	25	75
3914	0.75	25	75
3915	0.75	25	75
3916	0.76	24	76
3917	0.76	24	76
3918	0.76	24	76
3919	0.76	24	76
3920	0.77	23	77
3921	0.78	22	78
3922	0.78	22	78
3923	0.79	21	79
3924	0.79	21	79
3925	0.79	21	79
3926	0.79	21	79
3927	0.79	21	79
3928	0.79	21	79
3929	0.79	21	79
3930	0.78	22	78
3931	0.78	22	78
3932	0.79	21	79
3933	0.79	21	79
3934	0.79	21	79
3935	0.79	21	79
3936	0.80	20	80
3937	0.80	20	80
3938	0.80	20	80
3939	0.79	21	79
3940	0.79	21	79
3941	0.79	21	79
3942	0.78	22	78
3943	0.78	22	78
3944	0.78	22	78
3945	0.79	21	79
3946	0.79	21	79
3947	0.79	21	79
3948	0.78	22	78
3949	0.78	22	78
3950	0.78	22	78
3951	0.78	22	78
3952	0.77	23	77
3953	0.77	23	77
3954	0.77	23	77
3955	0.77	23	77
3956	0.78	22	78
3957	0.78	22	78
3958	0.78	22	78
3959	0.77	23	77
3960	0.78	22	78
3961	0.78	22	78
3962	0.78	22	78
3963	0.79	21	79
3964	0.79	21	79
3965	0.79	21	79
3966	0.79	21	79
3967	0.79	21	79
3968	0.79	21	79
3969	0.78	22	78
3970	0.79	21	79
3971	0.79	21	79
3972	0.78	22	78
3973	0.77	23	77
3974	0.76	24	76
3975	0.76	24	76
3976	0.77	23	77
3977	0.78	22	78
3978	0.78	22	78
3979	0.77	23	77
3980	0.78	22	78
3981	0.78	22	78
3982	0.78	22	78
3983	0.78	22	78
3984	0.78	22	78
3985	0.78	22	78
3986	0.78	22	78
3987	0.78	22	78
3988	0.78	22	78
3989	0.78	22	78
3990	0.78	22	78
3991	0.78	22	78
3992	0.79	21	79
3993	0.79	21	79
3994	0.78	22	78
3995	0.78	22	78
3996	0.78	22	78
3997	0.79	21	79
3998	0.79	21	79
3999	0.78	22	78
4000	0.22	22	78
4001	0.22	22	78
4002	0.22	22	78
4003	0.22	22	78
4004	0.22	22	78
4005	0.23	23	77
4006	0.24	24	76
4007	0.25	25	75
4008	0.26	26	74
4009	0.27	27	73
4010	0.28	28	72
4011	0.29	29	71
4012	0.30	30	70
4013	0.31	31	69
4014	0.32	32	68
4015	0.32	32	68
4016	0.33	33	67
4017	0.34	34	66
4018	0.34	34	66
4019	0.35	35	65
4020	0.36	36	64
4021	0.37	37	63
4022	0.38	38	62
4023	0.38	38	62
4024	0.38	38	62
4025	0.39	39	61
4026	0.40	40	60
4027	0.41	41	59
4028	0.42	42	58
4029	0.43	43	57
4030	0.43	43	57
4031	0.42	42	58
4032	0.43	43	57
4033	0.43	43	57
4034	0.44	44	56
4035	0.45	45	55
4036	0.46	46	54
4037	0.46	46	54
4038	0.47	47	53
4039	0.47	47	53
4040	0.47	47	53
4041	0.47	47	53
4042	0.47	47	53
4043	0.48	48	52
4044	0.49	49	51
4045	0.50	50	50
4046	0.51	51	49
4047	0.52	52	48
4048	0.52	52	48
4049	0.52	52	48
4050	0.52	52	48
4051	0.52	52	48
4052	0.52	52	48
4053	0.52	52	48
4054	0.52	52	48
4055	0.52	52	48
4056	0.53	53	47
4057	0.54	54	46
4058	0.55	55	45
4059	0.55	55	45
4060	0.56	56	44
4061	0.56	56	44
4062	0.57	57	43
4063	0.58	58	42
4064	0.59	59	41
4065	0.60	60	40
4066	0.60	60	40
4067	0.61	61	39
4068	0.62	62	38
4069	0.62	62	38
4070	0.63	63	37
4071	0.63	63	37
4072	0.63	63	37
4073	0.63	63	37
4074	0.63	63	37
4075	0.64	64	36
4076	0.65	65	35
4077	0.66	66	34
4078	0.67	67	33
4079	0.67	67	33
4080	0.67	67	33
4081	0.68	68	32
4082	0.69	69	31
4083	0.70	70	30
4084	0.71	71	29
4085	0.72	72	28
4086	0.73	73	27
4087	0.73	73	27
4088	0.74	74	26
4089	0.75	75	25
4090	0.76	76	24
4091	0.76	76	24
4092	0.77	77	23
4093	0.78	78	22
4094	0.78	78	22
4095	0.79	79	21
4096	0.80	80	20
4097	0.81	81	19
4098	0.82	82	18
4099	0.82	82	18
4100	0.82	82	18
4101	0.83	83	17
4102	0.82	82	18
4103	0.82	82	18
4104	0.83	83	17
4105	0.83	83	17
4106	0.83	83	17
4107	0.83	83	17
4108	0.83	83	17
4109	0.83	83	17
4110	0.83	83	17
4111	0.83	83	17
4112	0.83	83	17
4113	0.83	83	17
4114	0.83	83	17
4115	0.82	82	18
4116	0.81	81	19
4117	0.80	80	20
4118	0.80	80	20
4119	0.79	79	21
4120	0.79	79	21
4121	0.79	79	21
4122	0.79	79	21
4123	0.80	80	20
4124	0.81	81	19
4125	0.81	81	19
4126	0.81	81	19
4127	0.81	81	19
4128	0.81	81	19
4129	0.80	80	20
4130	0.80	80	20
4131	0.81	81	19
4132	0.81	81	19
4133	0.81	81	19
4134	0.81	81	19
4135	0.81	81	19
4136	0.81	81	19
4137	0.82	82	18
4138	0.82	82	18
4139	0.82	82	18
4140	0.82	82	18
4141	0.81	81	19
4142	0.81	81	19
4143	0.81	81	19
4144	0.80	80	20
4145	0.80	80	20
4146	0.79	79	21
4147	0.79	79	21
4148	0.79	79	21
4149	0.80	80	20
4150	0.81	81	19
4151	0.82	82	18
4152	0.82	82	18
4153	0.82	82	18
4154	0.83	83	17
4155	0.84	84	16
4156	0.84	84	16
4157	0.84	84	16
4158	0.84	84	16
4159	0.83	83	17
4160	0.82	82	18
4161	0.83	83	17
4162	0.83	83	17
4163	0.83	83	17
4164	0.83	83	17
4165	0.83	83	17
4166	0.84	84	16
4167	0.84	84	16
4168	0.84	84	16
4169	0.84	84	16
4170	0.84	84	16
4171	0.85	85	15
4172	0.85	85	15
4173	0.85	85	15
4174	0.85	85	15
4175	0.85	85	15
4176	0.85	85	15
4177	0.85	85	15
4178	0.85	85	15
4179	0.84	84	16
4180	0.85	85	15
4181	0.85	85	15
4182	0.84	84	16
4183	0.84	84	16
4184	0.84	84	16
4185	0.84	84	16
4186	0.84	84	16
4187	0.84	84	16
4188	0.83	83	17
4189	0.82	82	18
4190	0.82	82	18
4191	0.83	83	17
4192	0.83	83	17
4193	0.82	82	18
4194	0.81	81	19
4195	0.81	81	19
4196	0.81	81	19
4197	0.81	81	19
4198	0.81	81	19
4199	0.81	81	19
4200	0.80	80	20
4201	0.80	80	20
4202	0.81	81	19
4203	0.81	81	19
4204	0.81	81	19
4205	0.81	81	19
4206	0.81	81	19
4207	0.81	81	19
4208	0.81	81	19
4209	0.80	80	20
4210	0.80	80	20
4211	0.80	80	20
4212	0.80	80	20
4213	0.80	80	20
4214	0.80	80	20
4215	0.81	81	19
4216	0.82	82	18
4217	0.83	83	17
4218	0.83	83	17
4219	0.84	84	16
4220	0.83	83	17
4221	0.82	82	18
4222	0.81	81	19
4223	0.81	81	19
4224	0.81	81	19
4225	0.81	81	19
4226	0.81	81	19
4227	0.81	81	19
4228	0.81	81	19
4229	0.82	82	18
4230	0.82	82	18
4231	0.82	82	18
4232	0.81	81	19
4233	0.82	82	18
4234	0.82	82	18
4235	0.82	82	18
4236	0.82	82	18
4237	0.82	82	18
4238	0.82	82	18
4239	0.82	82	18
4240	0.82	82	18
4241	0.83	83	17
4242	0.83	83	17
4243	0.83	83	17
4244	0.84	84	16
4245	0.84	84	16
4246	0.85	85	15
4247	0.85	85	15
4248	0.85	85	15
4249	0.85	85	15
4250	0.85	85	15
4251	0.84	84	16
4252	0.84	84	16
4253	0.85	85	15
4254	0.85	85	15
4255	0.85	85	15
4256	0.85	85	15
4257	0.85	85	15
4258	0.85	85	15
4259	0.86	86	14
4260	0.87	87	13
4261	0.87	87	13
4262	0.87	87	13
4263	0.87	87	13
4264	0.87	87	13
4265	0.87	87	13
4266	0.87	87	13
4267	0.87	87	13
4268	0.87	87	13
4269	0.87	87	13
4270	0.87	87	13
4271	0.87	87	13
4272	0.86	86	14
4273	0.86	86	14
4274	0.86	86	14
4275	0.86	86	14
4276	0.86	86	14
4277	0.86	86	14
4278	0.86	86	14
4279	0.87	87	13
4280	0.86	86	14
4281	0.86	86	14
4282	0.87	87	13
4283	0.87	87	13
4284	0.87	87	13
4285	0.87	87	13
4286	0.87	87	13
4287	0.87	87	13
4288	0.88	88	12
4289	0.89	89	11
4290	0.89	89	11
4291	0.89	89	11
4292	0.89	89	11
4293	0.89	89	11
4294	0.90	90	10
4295	0.90	90	10
4296	0.90	90	10
4297	0.90	90	10
4298	0.90	90	10
4299	0.90	90	10
4300	0.91	91	9
4301	0.91	91	9
4302	0.91	91	9
4303	0.91	91	9
4304	0.91	91	9
4305	0.90	90	10
4306	0.90	90	10
4307	0.90	90	10
4308	0.90	90	10
4309	0.91	91	9
4310	0.91	91	9
4311	0.91	91	9
4312	0.91	91	9
4313	0.91	91	9
4314	0.91	91	9
4315	0.90	90	10
4316	0.90	90	10
4317	0.89	89	11
4318	0.89	89	11
4319	0.89	89	11
4320	0.90	90	10
4321	0.90	90	10
4322	0.91	91	9
4323	0.91	91	9
4324	0.90	90	10
4325	0.90	90	10
4326	0.89	89	11
4327	0.88	88	12
4328	0.88	88	12
4329	0.87	87	13
4330	0.87	87	13
4331	0.87	87	13
4332	0.88	88	12
4333	0.87	87	13
4334	0.86	86	14
4335	0.86	86	14
4336	0.86	86	14
4337	0.86	86	14
4338	0.85	85	15
4339	0.85	85	15
4340	0.85	85	15
4341	0.85	85	15
4342	0.85	85	15
4343	0.85	85	15
4344	0.85	85	15
4345	0.85	85	15
4346	0.85	85	15
4347	0.85	85	15
4348	0.84	84	16
4349	0.84	84	16
4350	0.83	83	17
4351	0.83	83	17
4352	0.83	83	17
4353	0.82	82	18
4354	0.82	82	18
4355	0.82	82	18
4356	0.82	82	18
4357	0.82	82	18
4358	0.82	82	18
4359	0.82	82	18
4360	0.81	81	19
4361	0.80	80	20
4362	0.80	80	20
4363	0.80	80	20
4364	0.80	80	20
4365	0.80	80	20
4366	0.80	80	20
4367	0.80	80	20
4368	0.80	80	20
4369	0.80	80	20
4370	0.80	80	20
4371	0.79	79	21
4372	0.80	80	20
4373	0.80	80	20
4374	0.80	80	20
4375	0.80	80	20
4376	0.79	79	21
4377	0.79	79	21
4378	0.79	79	21
4379	0.79	79	21
4380	0.80	80	20
4381	0.80	80	20
4382	0.80	80	20
4383	0.80	80	20
4384	0.80	80	20
4385	0.80	80	20
4386	0.80	80	20
4387	0.80	80	20
4388	0.80	80	20
4389	0.80	80	20
4390	0.80	80	20
4391	0.80	80	20
4392	0.80	80	20
4393	0.81	81	19
4394	0.81	81	19
4395	0.81	81	19
4396	0.80	80	20
4397	0.80	80	20
4398	0.80	80	20
4399	0.80	80	20
4400	0.80	80	20
4401	0.80	80	20
4402	0.80	80	20
4403	0.80	80	20
4404	0.80	80	20
4405	0.81	81	19
4406	0.81	81	19
4407	0.81	81	19
4408	0.81	81	19
4409	0.81	81	19
4410	0.81	81	19
4411	0.81	81	19
4412	0.80	80	20
4413	0.79	79	21
4414	0.78	78	22
4415	0.79	79	21
4416	0.78	78	22
4417	0.79	79	21
4418	0.78	78	22
4419	0.78	78	22
4420	0.78	78	22
4421	0.79	79	21
4422	0.78	78	22
4423	0.77	77	23
4424	0.77	77	23
4425	0.76	76	24
4426	0.77	77	23
4427	0.78	78	22
4428	0.77	77	23
4429	0.78	78	22
4430	0.78	78	22
4431	0.78	78	22
4432	0.78	78	22
4433	0.79	79	21
4434	0.80	80	20
4435	0.80	80	20
4436	0.80	80	20
4437	0.80	80	20
4438	0.80	80	20
4439	0.80	80	20
4440	0.80	80	20
4441	0.80	80	20
4442	0.80	80	20
4443	0.79	79	21
4444	0.78	78	22
4445	0.78	78	22
4446	0.78	78	22
4447	0.78	78	22
4448	0.79	79	21
4449	0.79	79	21
4450	0.80	80	20
4451	0.81	81	19
4452	0.80	80	20
4453	0.81	81	19
4454	0.81	81	19
4455	0.81	81	19
4456	0.80	80	20
4457	0.80	80	20
4458	0.80	80	20
4459	0.80	80	20
4460	0.81	81	19
4461	0.81	81	19
4462	0.81	81	19
4463	0.81	81	19
4464	0.80	80	20
4465	0.80	80	20
4466	0.80	80	20
4467	0.80	80	20
4468	0.79	79	21
4469	0.78	78	22
4470	0.77	77	23
4471	0.78	78	22
4472	0.78	78	22
4473	0.78	78	22
4474	0.78	78	22
4475	0.78	78	22
4476	0.79	79	21
4477	0.79	79	21
4478	0.79	79	21
4479	0.79	79	21
4480	0.79	79	21
4481	0.78	78	22
4482	0.78	78	22
4483	0.78	78	22
4484	0.78	78	22
4485	0.77	77	23
4486	0.77	77	23
4487	0.76	76	24
4488	0.76	76	24
4489	0.76	76	24
4490	0.76	76	24
4491	0.76	76	24
4492	0.76	76	24
4493	0.76	76	24
4494	0.75	75	25
4495	0.74	74	26
4496	0.75	75	25
4497	0.75	75	25
4498	0.75	75	25
4499	0.75	75	25
4500	0.75	75	25
4501	0.75	75	25
4502	0.75	75	25
4503	0.75	75	25
4504	0.75	75	25
4505	0.75	75	25
4506	0.75	75	25
4507	0.75	75	25
4508	0.75	75	25
4509	0.75	75	25
4510	0.75	75	25
4511	0.75	75	25
4512	0.76	76	24
4513	0.77	77	23
4514	0.78	78	22
4515	0.78	78	22
4516	0.78	78	22
4517	0.77	77	23
4518	0.78	78	22
4519	0.78	78	22
4520	0.78	78	22
4521	0.78	78	22
4522	0.79	79	21
4523	0.80	80	20
4524	0.81	81	19
4525	0.82	82	18
4526	0.82	82	18
4527	0.82	82	18
4528	0.82	82	18
4529	0.82	82	18
4530	0.81	81	19
4531	0.81	81	19
4532	0.81	81	19
4533	0.81	81	19
4534	0.81	81	19
4535	0.80	80	20
4536	0.80	80	20
4537	0.80	80	20
4538	0.81	81	19
4539	0.81	81	19
4540	0.81	81	19
4541	0.81	81	19
4542	0.81	81	19
4543	0.82	82	18
4544	0.83	83	17
4545	0.82	82	18
4546	0.82	82	18
4547	0.82	82	18
4548	0.82	82	18
4549	0.82	82	18
4550	0.82	82	18
4551	0.82	82	18
4552	0.83	83	17
4553	0.83	83	17
4554	0.83	83	17
4555	0.83	83	17
4556	0.84	84	16
4557	0.84	84	16
4558	0.84	84	16
4559	0.83	83	17
4560	0.83	83	17
4561	0.84	84	16
4562	0.84	84	16
4563	0.84	84	16
4564	0.85	85	15
4565	0.85	85	15
4566	0.85	85	15
4567	0.85	85	15
4568	0.86	86	14
4569	0.87	87	13
4570	0.88	88	12
4571	0.88	88	12
4572	0.88	88	12
4573	0.88	88	12
4574	0.88	88	12
4575	0.88	88	12
4576	0.88	88	12
4577	0.88	88	12
4578	0.88	88	12
4579	0.88	88	12
4580	0.87	87	13
4581	0.88	88	12
4582	0.88	88	12
4583	0.87	87	13
4584	0.87	87	13
4585	0.88	88	12
4586	0.87	87	13
4587	0.88	88	12
4588	0.88	88	12
4589	0.88	88	12
4590	0.87	87	13
4591	0.87	87	13
4592	0.87	87	13
4593	0.87	87	13
4594	0.88	88	12
4595	0.89	89	11
4596	0.88	88	12
4597	0.88	88	12
4598	0.88	88	12
4599	0.88	88	12
4600	0.88	88	12
4601	0.88	88	12
4602	0.88	88	12
4603	0.88	88	12
4604	0.88	88	12
4605	0.87	87	13
4606	0.87	87	13
4607	0.87	87	13
4608	0.87	87	13
4609	0.86	86	14
4610	0.86	86	14
4611	0.86	86	14
4612	0.86	86	14
4613	0.85	85	15
4614	0.85	85	15
4615	0.85	85	15
4616	0.86	86	14
4617	0.87	87	13
4618	0.87	87	13
4619	0.87	87	13
4620	0.87	87	13
4621	0.87	87	13
4622	0.86	86	14
4623	0.86	86	14
4624	0.86	86	14
4625	0.86	86	14
4626	0.86	86	14
4627	0.86	86	14
4628	0.87	87	13
4629	0.87	87	13
4630	0.88	88	12
4631	0.87	87	13
4632	0.87	87	13
4633	0.87	87	13
4634	0.86	86	14
4635	0.87	87	13
4636	0.86	86	14
4637	0.86	86	14
4638	0.86	86	14
4639	0.86	86	14
4640	0.85	85	15
4641	0.85	85	15
4642	0.85	85	15
4643	0.84	84	16
4644	0.84	84	16
4645	0.85	85	15
4646	0.84	84	16
4647	0.83	83	17
4648	0.83	83	17
4649	0.82	82	18
4650	0.81	81	19
4651	0.80	80	20
4652	0.80	80	20
4653	0.79	79	21
4654	0.79	79	21
4655	0.79	79	21
4656	0.78	78	22
4657	0.78	78	22
4658	0.78	78	22
4659	0.79	79	21
4660	0.78	78	22
4661	0.78	78	22
4662	0.78	78	22
4663	0.78	78	22
4664	0.78	78	22
4665	0.78	78	22
4666	0.77	77	23
4667	0.76	76	24
4668	0.75	75	25
4669	0.75	75	25
4670	0.75	75	25
4671	0.74	74	26
4672	0.74	74	26
4673	0.74	74	26
4674	0.74	74	26
4675	0.74	74	26
4676	0.74	74	26
4677	0.74	74	26
4678	0.74	74	26
4679	0.74	74	26
4680	0.74	74	26
4681	0.73	73	27
4682	0.73	73	27
4683	0.74	74	26
4684	0.74	74	26
4685	0.74	74	26
4686	0.74	74	26
4687	0.74	74	26
4688	0.74	74	26
4689	0.74	74	26
4690	0.75	75	25
4691	0.75	75	25
4692	0.75	75	25
4693	0.74	74	26
4694	0.74	74	26
4695	0.74	74	26
4696	0.75	75	25
4697	0.74	74	26
4698	0.74	74	26
4699	0.74	74	26
4700	0.74	74	26
4701	0.74	74	26
4702	0.73	73	27
4703	0.73	73	27
4704	0.73	73	27
4705	0.74	74	26
4706	0.73	73	27
4707	0.72	72	28
4708	0.71	71	29
4709	0.72	72	28
4710	0.72	72	28
4711	0.72	72	28
4712	0.72	72	28
4713	0.73	73	27
4714	0.73	73	27
4715	0.73	73	27
4716	0.73	73	27
4717	0.73	73	27
4718	0.73	73	27
4719	0.72	72	28
4720	0.72	72	28
4721	0.71	71	29
4722	0.72	72	28
4723	0.72	72	28
4724	0.72	72	28
4725	0.72	72	28
4726	0.72	72	28
4727	0.72	72	28
4728	0.72	72	28
4729	0.72	72	28
4730	0.72	72	28
4731	0.73	73	27
4732	0.73	73	27
4733	0.73	73	27
4734	0.73	73	27
4735	0.72	72	28
4736	0.73	73	27
4737	0.73	73	27
4738	0.73	73	27
4739	0.73	73	27
4740	0.74	74	26
4741	0.74	74	26
4742	0.74	74	26
4743	0.74	74	26
4744	0.74	74	26
4745	0.73	73	27
4746	0.74	74	26
4747	0.75	75	25
4748	0.75	75	25
4749	0.76	76	24
4750	0.77	77	23
4751	0.77	77	23
4752	0.76	76	24
4753	0.77	77	23
4754	0.77	77	23
4755	0.77	77	23
4756	0.78	78	22
4757	0.78	78	22
4758	0.78	78	22
4759	0.78	78	22
4760	0.79	79	21
4761	0.79	79	21
4762	0.79	79	21
4763	0.78	78	22
4764	0.78	78	22
4765	0.78	78	22
4766	0.79	79	21
4767	0.79	79	21
4768	0.80	80	20
4769	0.79	79	21
4770	0.79	79	21
4771	0.79	79	21
4772	0.79	79	21
4773	0.78	78	22
4774	0.78	78	22
4775	0.77	77	23
4776	0.77	77	23
4777	0.77	77	23
4778	0.77	77	23
4779	0.77	77	23
4780	0.77	77	23
4781	0.78	78	22
4782	0.78	78	22
4783	0.78	78	22
4784	0.78	78	22
4785	0.78	78	22
4786	0.79	79	21
4787	0.79	79	21
4788	0.79	79	21
4789	0.78	78	22
4790	0.78	78	22
4791	0.78	78	22
4792	0.78	78	22
4793	0.79	79	21
4794	0.79	79	21
4795	0.79	79	21
4796	0.79	79	21
4797	0.80	80	20
4798	0.80	80	20
4799	0.80	80	20
4800	0.80	80	20
4801	0.80	80	20
4802	0.80	80	20
4803	0.80	80	20
4804	0.79	79	21
4805	0.79	79	21
4806	0.80	80	20
4807	0.81	81	19
4808	0.82	82	18
4809	0.82	82	18
4810	0.81	81	19
4811	0.81	81	19
4812	0.81	81	19
4813	0.81	81	19
4814	0.81	81	19
4815	0.81	81	19
4816	0.81	81	19
4817	0.81	81	19
4818	0.81	81	19
4819	0.82	82	18
4820	0.81	81	19
4821	0.82	82	18
4822	0.82	82	18
4823	0.82	82	18
4824	0.82	82	18
4825	0.82	82	18
4826	0.82	82	18
4827	0.82	82	18
4828	0.82	82	18
4829	0.82	82	18
4830	0.82	82	18
4831	0.82	82	18
4832	0.82	82	18
4833	0.82	82	18
4834	0.83	83	17
4835	0.84	84	16
4836	0.84	84	16
4837	0.84	84	16
4838	0.83	83	17
4839	0.83	83	17
4840	0.83	83	17
4841	0.83	83	17
4842	0.82	82	18
4843	0.83	83	17
4844	0.83	83	17
4845	0.84	84	16
4846	0.84	84	16
4847	0.84	84	16
4848	0.84	84	16
4849	0.84	84	16
4850	0.84	84	16
4851	0.85	85	15
4852	0.85	85	15
4853	0.85	85	15
4854	0.85	85	15
4855	0.85	85	15
4856	0.85	85	15
4857	0.85	85	15
4858	0.85	85	15
4859	0.85	85	15
4860	0.85	85	15
4861	0.85	85	15
4862	0.85	85	15
4863	0.86	86	14
4864	0.86	86	14
4865	0.86	86	14
4866	0.86	86	14
4867	0.86	86	14
4868	0.86	86	14
4869	0.87	87	13
4870	0.87	87	13
4871	0.87	87	13
4872	0.87	87	13
4873	0.88	88	12
4874	0.87	87	13
4875	0.88	88	12
4876	0.88	88	12
4877	0.88	88	12
4878	0.87	87	13
4879	0.87	87	13
4880	0.88	88	12
4881	0.88	88	12
4882	0.87	87	13
4883	0.87	87	13
4884	0.86	86	14
4885	0.85	85	15
4886	0.84	84	16
4887	0.84	84	16
4888	0.83	83	17
4889	0.83	83	17
4890	0.83	83	17
4891	0.83	83	17
4892	0.83	83	17
4893	0.83	83	17
4894	0.83	83	17
4895	0.83	83	17
4896	0.83	83	17
4897	0.83	83	17
4898	0.83	83	17
4899	0.83	83	17
4900	0.83	83	17
4901	0.83	83	17
4902	0.83	83	17
4903	0.83	83	17
4904	0.84	84	16
4905	0.84	84	16
4906	0.83	83	17
4907	0.83	83	17
4908	0.83	83	17
4909	0.83	83	17
4910	0.84	84	16
4911	0.84	84	16
4912	0.84	84	16
4913	0.84	84	16
4914	0.83	83	17
4915	0.83	83	17
4916	0.83	83	17
4917	0.83	83	17
4918	0.83	83	17
4919	0.83	83	17
4920	0.84	84	16
4921	0.84	84	16
4922	0.84	84	16
4923	0.84	84	16
4924	0.84	84	16
4925	0.84	84	16
4926	0.83	83	17
4927	0.83	83	17
4928	0.83	83	17
4929	0.82	82	18
4930	0.81	81	19
4931	0.81	81	19
4932	0.81	81	19
4933	0.80	80	20
4934	0.80	80	20
4935	0.79	79	21
4936	0.79	79	21
4937	0.79	79	21
4938	0.80	80	20
4939	0.80	80	20
4940	0.80	80	20
4941	0.80	80	20
4942	0.81	81	19
4943	0.81	81	19
4944	0.81	81	19
4945	0.81	81	19
4946	0.80	80	20
4947	0.80	80	20
4948	0.79	79	21
4949	0.79	79	21
4950	0.79	79	21
4951	0.79	79	21
4952	0.79	79	21
4953	0.79	79	21
4954	0.79	79	21
4955	0.79	79	21
4956	0.79	79	21
4957	0.79	79	21
4958	0.79	79	21
4959	0.79	79	21
4960	0.79	79	21
4961	0.79	79	21
4962	0.79	79	21
4963	0.78	78	22
4964	0.77	77	23
4965	0.77	77	23
4966	0.77	77	23
4967	0.78	78	22
4968	0.78	78	22
4969	0.78	78	22
4970	0.78	78	22
4971	0.78	78	22
4972	0.77	77	23
4973	0.77	77	23
4974	0.77	77	23
4975	0.77	77	23
4976	0.76	76	24
4977	0.76	76	24
4978	0.77	77	23
4979	0.77	77	23
4980	0.77	77	23
4981	0.76	76	24
4982	0.76	76	24
4983	0.76	76	24
4984	0.76	76	24
4985	0.77	77	23
4986	0.78	78	22
4987	0.77	77	23
4988	0.78	78	22
4989	0.78	78	22
4990	0.78	78	22
4991	0.77	77	23
4992	0.77	77	23
4993	0.77	77	23
4994	0.76	76	24
4995	0.76	76	24
4996	0.76	76	24
4997	0.75	75	25
4998	0.75	75	25
4999	0.74	74	26
5000	0.27	73	27
5001	0.28	72	28
5002	0.28	72	28
5003	0.28	72	28
5004	0.28	72	28
5005	0.28	72	28
5006	0.28	72	28
5007	0.29	71	29
5008	0.30	70	30
5009	0.31	69	31
5010	0.32	68	32
5011	0.33	67	33
5012	0.34	66	34
5013	0.35	65	35
5014	0.35	65	35
5015	0.36	64	36
5016	0.37	63	37
5017	0.38	62	38
5018	0.39	61	39
5019	0.40	60	40
5020	0.41	59	41
5021	0.42	58	42
5022	0.43	57	43
5023	0.44	56	44
5024	0.44	56	44
5025	0.45	55	45
5026	0.45	55	45
5027	0.46	54	46
5028	0.47	53	47
5029	0.47	53	47
5030	0.47	53	47
5031	0.48	52	48
5032	0.48	52	48
5033	0.48	52	48
5034	0.49	51	49
5035	0.49	51	49
5036	0.49	51	49
5037	0.49	51	49
5038	0.50	50	50
5039	0.50	50	50
5040	0.50	50	50
5041	0.51	49	51
5042	0.52	48	52
5043	0.53	47	53
5044	0.54	46	54
5045	0.54	46	54
5046	0.54	46	54
5047	0.55	45	55
5048	0.55	45	55
5049	0.56	44	56
5050	0.57	43	57
5051	0.58	42	58
5052	0.58	42	58
5053	0.59	41	59
5054	0.60	40	60
5055	0.61	39	61
5056	0.61	39	61
5057	0.61	39	61
5058	0.62	38	62
5059	0.63	37	63
5060	0.64	36	64
5061	0.65	35	65
5062	0.66	34	66
5063	0.66	34	66
5064	0.66	34	66
5065	0.67	33	67
5066	0.68	32	68
5067	0.69	31	69
5068	0.70	30	70
5069	0.71	29	71
5070	0.72	28	72
5071	0.72	28	72
5072	0.72	28	72
5073	0.73	27	73
5074	0.73	27	73
5075	0.74	26	74
5076	0.74	26	74
5077	0.74	26	74
5078	0.75	25	75
5079	0.75	25	75
5080	0.76	24	76
5081	0.76	24	76
5082	0.76	24	76
5083	0.76	24	76
5084	0.76	24	76
5085	0.77	23	77
5086	0.77	23	77
5087	0.77	23	77
5088	0.78	22	78
5089	0.78	22	78
5090	0.79	21	79
5091	0.79	21	79
5092	0.80	20	80
5093	0.81	19	81
5094	0.81	19	81
5095	0.81	19	81
5096	0.82	18	82
5097	0.82	18	82
5098	0.83	17	83
5099	0.83	17	83
5100	0.83	17	83
5101	0.83	17	83
5102	0.83	17	83
5103	0.84	16	84
5104	0.85	15	85
5105	0.86	14	86
5106	0.86	14	86
5107	0.86	14	86
5108	0.86	14	86
5109	0.86	14	86
5110	0.86	14	86
5111	0.86	14	86
5112	0.86	14	86
5113	0.86	14	86
5114	0.85	15	85
5115	0.85	15	85
5116	0.84	16	84
5117	0.83	17	83
5118	0.82	18	82
5119	0.82	18	82
5120	0.82	18	82
5121	0.82	18	82
5122	0.82	18	82
5123	0.82	18	82
5124	0.83	17	83
5125	0.83	17	83
5126	0.83	17	83
5127	0.83	17	83
5128	0.82	18	82
5129	0.81	19	81
5130	0.81	19	81
5131	0.81	19	81
5132	0.82	18	82
5133	0.82	18	82
5134	0.82	18	82
5135	0.81	19	81
5136	0.82	18	82
5137	0.83	17	83
5138	0.83	17	83
5139	0.84	16	84
5140	0.85	15	85
5141	0.85	15	85
5142	0.85	15	85
5143	0.85	15	85
5144	0.85	15	85
5145	0.86	14	86
5146	0.86	14	86
5147	0.86	14	86
5148	0.86	14	86
5149	0.86	14	86
5150	0.86	14	86
5151	0.86	14	86
5152	0.86	14	86
5153	0.86	14	86
5154	0.86	14	86
5155	0.86	14	86
5156	0.87	13	87
5157	0.88	12	88
5158	0.88	12	88
5159	0.88	12	88
5160	0.88	12	88
5161	0.87	13	87
5162	0.86	14	86
5163	0.86	14	86
5164	0.86	14	86
5165	0.86	14	86
5166	0.86	14	86
5167	0.85	15	85
5168	0.85	15	85
5169	0.85	15	85
5170	0.85	15	85
5171	0.85	15	85
5172	0.85	15	85
5173	0.85	15	85
5174	0.85	15	85
5175	0.85	15	85
5176	0.85	15	85
5177	0.86	14	86
5178	0.86	14	86
5179	0.87	13	87
5180	0.87	13	87
5181	0.87	13	87
5182	0.87	13	87
5183	0.88	12	88
5184	0.88	12	88
5185	0.88	12	88
5186	0.89	11	89
5187	0.88	12	88
5188	0.88	12	88
5189	0.87	13	87
5190	0.87	13	87
5191	0.87	13	87
5192	0.87	13	87
5193	0.87	13	87
5194	0.86	14	86
5195	0.87	13	87
5196	0.87	13	87
5197	0.87	13	87
5198	0.87	13	87
5199	0.87	13	87
5200	0.87	13	87
5201	0.87	13	87
5202	0.87	13	87
5203	0.87	13	87
5204	0.87	13	87
5205	0.87	13	87
5206	0.87	13	87
5207	0.86	14	86
5208	0.86	14	86
5209	0.86	14	86
5210	0.86	14	86
5211	0.85	15	85
5212	0.85	15	85
5213	0.85	15	85
5214	0.86	14	86
5215	0.86	14	86
5216	0.87	13	87
5217	0.88	12	88
5218	0.89	11	89
5219	0.89	11	89
5220	0.89	11	89
5221	0.89	11	89
5222	0.89	11	89
5223	0.88	12	88
5224	0.88	12	88
5225	0.88	12	88
5226	0.88	12	88
5227	0.88	12	88
5228	0.89	11	89
5229	0.90	10	90
5230	0.90	10	90
5231	0.90	10	90
5232	0.90	10	90
5233	0.90	10	90
5234	0.90	10	90
5235	0.90	10	90
5236	0.89	11	89
5237	0.89	11	89
5238	0.89	11	89
5239	0.89	11	89
5240	0.89	11	89
5241	0.89	11	89
5242	0.89	11	89
5243	0.89	11	89
5244	0.89	11	89
5245	0.89	11	89
5246	0.89	11	89
5247	0.89	11	89
5248	0.89	11	89
5249	0.89	11	89
5250	0.89	11	89
5251	0.89	11	89
5252	0.89	11	89
5253	0.89	11	89
5254	0.88	12	88
5255	0.88	12	88
5256	0.88	12	88
5257	0.88	12	88
5258	0.88	12	88
5259	0.87	13	87
5260	0.86	14	86
5261	0.86	14	86
5262	0.86	14	86
5263	0.86	14	86
5264	0.85	15	85
5265	0.85	15	85
5266	0.85	15	85
5267	0.85	15	85
5268	0.85	15	85
5269	0.85	15	85
5270	0.85	15	85
5271	0.85	15	85
5272	0.85	15	85
5273	0.85	15	85
5274	0.85	15	85
5275	0.85	15	85
5276	0.85	15	85
5277	0.85	15	85
5278	0.84	16	84
5279	0.84	16	84
5280	0.83	17	83
5281	0.83	17	83
5282	0.83	17	83
5283	0.83	17	83
5284	0.82	18	82
5285	0.82	18	82
5286	0.82	18	82
5287	0.83	17	83
5288	0.83	17	83
5289	0.84	16	84
5290	0.84	16	84
5291	0.84	16	84
5292	0.84	16	84
5293	0.84	16	84
5294	0.85	15	85
5295	0.85	15	85
5296	0.85	15	85
5297	0.85	15	85
5298	0.84	16	84
5299	0.84	16	84
5300	0.84	16	84
5301	0.84	16	84
5302	0.84	16	84
5303	0.84	16	84
5304	0.83	17	83
5305	0.82	18	82
5306	0.81	19	81
5307	0.81	19	81
5308	0.81	19	81
5309	0.81	19	81
5310	0.81	19	81
5311	0.82	18	82
5312	0.82	18	82
5313	0.81	19	81
5314	0.81	19	81
5315	0.81	19	81
5316	0.81	19	81
5317	0.81	19	81
5318	0.81	19	81
5319	0.81	19	81
5320	0.81	19	81
5321	0.81	19	81
5322	0.80	20	80
5323	0.81	19	81
5324	0.81	19	81
5325	0.81	19	81
5326	0.81	19	81
5327	0.81	19	81
5328	0.81	19	81
5329	0.81	19	81
5330	0.81	19	81
5331	0.81	19	81
5332	0.81	19	81
5333	0.81	19	81
5334	0.81	19	81
5335	0.82	18	82
5336	0.83	17	83
5337	0.83	17	83
5338	0.83	17	83
5339	0.82	18	82
5340	0.81	19	81
5341	0.81	19	81
5342	0.81	19	81
5343	0.80	20	80
5344	0.80	20	80
5345	0.80	20	80
5346	0.80	20	80
5347	0.80	20	80
5348	0.80	20	80
5349	0.79	21	79
5350	0.79	21	79
5351	0.79	21	79
5352	0.79	21	79
5353	0.79	21	79
5354	0.80	20	80
5355	0.80	20	80
5356	0.80	20	80
5357	0.79	21	79
5358	0.79	21	79
5359	0.79	21	79
5360	0.80	20	80
5361	0.81	19	81
5362	0.81	19	81
5363	0.81	19	81
5364	0.81	19	81
5365	0.81	19	81
5366	0.81	19	81
5367	0.82	18	82
5368	0.82	18	82
5369	0.81	19	81
5370	0.81	19	81
5371	0.80	20	80
5372	0.79	21	79
5373	0.79	21	79
5374	0.79	21	79
5375	0.79	21	79
5376	0.79	21	79
5377	0.79	21	79
5378	0.80	20	80
5379	0.80	20	80
5380	0.81	19	81
5381	0.81	19	81
5382	0.81	19	81
5383	0.81	19	81
5384	0.82	18	82
5385	0.82	18	82
5386	0.82	18	82
5387	0.82	18	82
5388	0.82	18	82
5389	0.82	18	82
5390	0.82	18	82
5391	0.82	18	82
5392	0.82	18	82
5393	0.82	18	82
5394	0.82	18	82
5395	0.82	18	82
5396	0.82	18	82
5397	0.82	18	82
5398	0.83	17	83
5399	0.83	17	83
5400	0.83	17	83
5401	0.83	17	83
5402	0.83	17	83
5403	0.83	17	83
5404	0.84	16	84
5405	0.85	15	85
5406	0.85	15	85
5407	0.86	14	86
5408	0.86	14	86
5409	0.86	14	86
5410	0.85	15	85
5411	0.84	16	84
5412	0.84	16	84
5413	0.85	15	85
5414	0.85	15	85
5415	0.85	15	85
5416	0.85	15	85
5417	0.85	15	85
5418	0.85	15	85
5419	0.85	15	85
5420	0.84	16	84
5421	0.84	16	84
5422	0.84	16	84
5423	0.83	17	83
5424	0.83	17	83
5425	0.82	18	82
5426	0.82	18	82
5427	0.82	18	82
5428	0.81	19	81
5429	0.81	19	81
5430	0.81	19	81
5431	0.80	20	80
5432	0.80	20	80
5433	0.80	20	80
5434	0.80	20	80
5435	0.79	21	79
5436	0.78	22	78
5437	0.78	22	78
5438	0.78	22	78
5439	0.79	21	79
5440	0.80	20	80
5441	0.80	20	80
5442	0.80	20	80
5443	0.80	20	80
5444	0.80	20	80
5445	0.80	20	80
5446	0.79	21	79
5447	0.79	21	79
5448	0.78	22	78
5449	0.79	21	79
5450	0.79	21	79
5451	0.79	21	79
5452	0.79	21	79
5453	0.78	22	78
5454	0.78	22	78
5455	0.78	22	78
5456	0.77	23	77
5457	0.78	22	78
5458	0.78	22	78
5459	0.79	21	79
5460	0.79	21	79
5461	0.79	21	79
5462	0.79	21	79
5463	0.79	21	79
5464	0.79	21	79
5465	0.79	21	79
5466	0.79	21	79
5467	0.79	21	79
5468	0.79	21	79
5469	0.80	20	80
5470	0.80	20	80
5471	0.81	19	81
5472	0.82	18	82
5473	0.82	18	82
5474	0.82	18	82
5475	0.81	19	81
5476	0.81	19	81
5477	0.81	19	81
5478	0.81	19	81
5479	0.81	19	81
5480	0.81	19	81
5481	0.81	19	81
5482	0.81	19	81
5483	0.81	19	81
5484	0.81	19	81
5485	0.81	19	81
5486	0.81	19	81
5487	0.81	19	81
5488	0.81	19	81
5489	0.81	19	81
5490	0.81	19	81
5491	0.81	19	81
5492	0.81	19	81
5493	0.81	19	81
5494	0.81	19	81
5495	0.81	19	81
5496	0.81	19	81
5497	0.81	19	81
5498	0.81	19	81
5499	0.81	19	81
5500	0.80	20	80
5501	0.80	20	80
5502	0.80	20	80
5503	0.80	20	80
5504	0.79	21	79
5505	0.78	22	78
5506	0.79	21	79
5507	0.78	22	78
5508	0.78	22	78
5509	0.78	22	78
5510	0.78	22	78
5511	0.78	22	78
5512	0.78	22	78
5513	0.78	22	78
5514	0.77	23	77
5515	0.77	23	77
5516	0.76	24	76
5517	0.76	24	76
5518	0.76	24	76
5519	0.76	24	76
5520	0.76	24	76
5521	0.76	24	76
5522	0.76	24	76
5523	0.77	23	77
5524	0.77	23	77
5525	0.78	22	78
5526	0.78	22	78
5527	0.77	23	77
5528	0.78	22	78
5529	0.78	22	78
5530	0.78	22	78
5531	0.79	21	79
5532	0.78	22	78
5533	0.78	22	78
5534	0.78	22	78
5535	0.78	22	78
5536	0.78	22	78
5537	0.78	22	78
5538	0.78	22	78
5539	0.78	22	78
5540	0.78	22	78
5541	0.78	22	78
5542	0.78	22	78
5543	0.79	21	79
5544	0.79	21	79
5545	0.78	22	78
5546	0.79	21	79
5547	0.79	21	79
5548	0.80	20	80
5549	0.80	20	80
5550	0.80	20	80
5551	0.80	20	80
5552	0.80	20	80
5553	0.81	19	81
5554	0.81	19	81
5555	0.80	20	80
5556	0.81	19	81
5557	0.81	19	81
5558	0.81	19	81
5559	0.81	19	81
5560	0.81	19	81
5561	0.81	19	81
5562	0.81	19	81
5563	0.80	20	80
5564	0.81	19	81
5565	0.81	19	81
5566	0.81	19	81
5567	0.81	19	81
5568	0.81	19	81
5569	0.80	20	80
5570	0.80	20	80
5571	0.80	20	80
5572	0.80	20	80
5573	0.80	20	80
5574	0.80	20	80
5575	0.81	19	81
5576	0.81	19	81
5577	0.81	19	81
5578	0.81	19	81
5579	0.81	19	81
5580	0.81	19	81
5581	0.81	19	81
5582	0.81	19	81
5583	0.81	19	81
5584	0.81	19	81
5585	0.81	19	81
5586	0.80	20	80
5587	0.79	21	79
5588	0.78	22	78
5589	0.78	22	78
5590	0.78	22	78
5591	0.78	22	78
5592	0.78	22	78
5593	0.77	23	77
5594	0.76	24	76
5595	0.75	25	75
5596	0.75	25	75
5597	0.75	25	75
5598	0.75	25	75
5599	0.75	25	75
5600	0.75	25	75
5601	0.75	25	75
5602	0.75	25	75
5603	0.74	26	74
5604	0.75	25	75
5605	0.76	24	76
5606	0.76	24	76
5607	0.77	23	77
5608	0.77	23	77
5609	0.76	24	76
5610	0.77	23	77
5611	0.77	23	77
5612	0.76	24	76
5613	0.76	24	76
5614	0.77	23	77
5615	0.76	24	76
5616	0.77	23	77
5617	0.77	23	77
5618	0.76	24	76
5619	0.76	24	76
5620	0.77	23	77
5621	0.77	23	77
5622	0.78	22	78
5623	0.78	22	78
5624	0.78	22	78
5625	0.78	22	78
5626	0.78	22	78
5627	0.79	21	79
5628	0.79	21	79
5629	0.79	21	79
5630	0.79	21	79
5631	0.79	21	79
5632	0.80	20	80
5633	0.79	21	79
5634	0.79	21	79
5635	0.80	20	80
5636	0.81	19	81
5637	0.81	19	81
5638	0.80	20	80
5639	0.80	20	80
5640	0.79	21	79
5641	0.78	22	78
5642	0.78	22	78
5643	0.78	22	78
5644	0.77	23	77
5645	0.78	22	78
5646	0.78	22	78
5647	0.78	22	78
5648	0.78	22	78
5649	0.77	23	77
5650	0.77	23	77
5651	0.77	23	77
5652	0.77	23	77
5653	0.77	23	77
5654	0.77	23	77
5655	0.78	22	78
5656	0.77	23	77
5657	0.77	23	77
5658	0.77	23	77
5659	0.77	23	77
5660	0.76	24	76
5661	0.76	24	76
5662	0.76	24	76
5663	0.77	23	77
5664	0.77	23	77
5665	0.77	23	77
5666	0.77	23	77
5667	0.77	23	77
5668	0.77	23	77
5669	0.77	23	77
5670	0.76	24	76
5671	0.76	24	76
5672	0.76	24	76
5673	0.76	24	76
5674	0.76	24	76
5675	0.76	24	76
5676	0.76	24	76
5677	0.75	25	75
5678	0.75	25	75
5679	0.75	25	75
5680	0.75	25	75
5681	0.74	26	74
5682	0.74	26	74
5683	0.73	27	73
5684	0.73	27	73
5685	0.73	27	73
5686	0.74	26	74
5687	0.75	25	75
5688	0.76	24	76
5689	0.76	24	76
5690	0.76	24	76
5691	0.76	24	76
5692	0.76	24	76
5693	0.77	23	77
5694	0.78	22	78
5695	0.79	21	79
5696	0.79	21	79
5697	0.79	21	79
5698	0.78	22	78
5699	0.78	22	78
5700	0.79	21	79
5701	0.79	21	79
5702	0.78	22	78
5703	0.79	21	79
5704	0.79	21	79
5705	0.79	21	79
5706	0.79	21	79
5707	0.79	21	79
5708	0.79	21	79
5709	0.80	20	80
5710	0.80	20	80
5711	0.81	19	81
5712	0.82	18	82
5713	0.82	18	82
5714	0.82	18	82
5715	0.82	18	82
5716	0.82	18	82
5717	0.82	18	82
5718	0.82	18	82
5719	0.82	18	82
5720	0.82	18	82
5721	0.82	18	82
5722	0.82	18	82
5723	0.82	18	82
5724	0.82	18	82
5725	0.81	19	81
5726	0.81	19	81
5727	0.81	19	81
5728	0.81	19	81
5729	0.81	19	81
5730	0.80	20	80
5731	0.79	21	79
5732	0.79	21	79
5733	0.79	21	79
5734	0.78	22	78
5735	0.78	22	78
5736	0.78	22	78
5737	0.78	22	78
5738	0.79	21	79
5739	0.79	21	79
5740	0.80	20	80
5741	0.81	19	81
5742	0.81	19	81
5743	0.80	20	80
5744	0.80	20	80
5745	0.80	20	80
5746	0.80	20	80
5747	0.79	21	79
5748	0.79	21	79
5749	0.80	20	80
5750	0.79	21	79
5751	0.79	21	79
5752	0.79	21	79
5753	0.79	21	79
5754	0.79	21	79
5755	0.79	21	79
5756	0.80	20	80
5757	0.80	20	80
5758	0.80	20	80
5759	0.80	20	80
5760	0.81	19	81
5761	0.81	19	81
5762	0.82	18	82
5763	0.82	18	82
5764	0.82	18	82
5765	0.81	19	81
5766	0.81	19	81
5767	0.81	19	81
5768	0.81	19	81
5769	0.82	18	82
5770	0.83	17	83
5771	0.82	18	82
5772	0.81	19	81
5773	0.81	19	81
5774	0.81	19	81
5775	0.81	19	81
5776	0.81	19	81
5777	0.82	18	82
5778	0.81	19	81
5779	0.81	19	81
5780	0.81	19	81
5781	0.81	19	81
5782	0.81	19	81
5783	0.81	19	81
5784	0.81	19	81
5785	0.81	19	81
5786	0.80	20	80
5787	0.80	20	80
5788	0.80	20	80
5789	0.80	20	80
5790	0.79	21	79
5791	0.78	22	78
5792	0.78	22	78
5793	0.78	22	78
5794	0.78	22	78
5795	0.78	22	78
5796	0.78	22	78
5797	0.78	22	78
5798	0.78	22	78
5799	0.77	23	77
5800	0.77	23	77
5801	0.77	23	77
5802	0.78	22	78
5803	0.77	23	77
5804	0.77	23	77
5805	0.77	23	77
5806	0.77	23	77
5807	0.77	23	77
5808	0.77	23	77
5809	0.77	23	77
5810	0.77	23	77
5811	0.77	23	77
5812	0.77	23	77
5813	0.76	24	76
5814	0.76	24	76
5815	0.77	23	77
5816	0.77	23	77
5817	0.76	24	76
5818	0.77	23	77
5819	0.76	24	76
5820	0.75	25	75
5821	0.75	25	75
5822	0.75	25	75
5823	0.75	25	75
5824	0.75	25	75
5825	0.76	24	76
5826	0.76	24	76
5827	0.76	24	76
5828	0.76	24	76
5829	0.76	24	76
5830	0.77	23	77
5831	0.78	22	78
5832	0.78	22	78
5833	0.79	21	79
5834	0.80	20	80
5835	0.80	20	80
5836	0.80	20	80
5837	0.80	20	80
5838	0.79	21	79
5839	0.78	22	78
5840	0.78	22	78
5841	0.78	22	78
5842	0.77	23	77
5843	0.78	22	78
5844	0.79	21	79
5845	0.78	22	78
5846	0.78	22	78
5847	0.79	21	79
5848	0.79	21	79
5849	0.79	21	79
5850	0.80	20	80
5851	0.80	20	80
5852	0.80	20	80
5853	0.80	20	80
5854	0.79	21	79
5855	0.79	21	79
5856	0.79	21	79
5857	0.78	22	78
5858	0.78	22	78
5859	0.78	22	78
5860	0.78	22	78
5861	0.77	23	77
5862	0.77	23	77
5863	0.76	24	76
5864	0.76	24	76
5865	0.77	23	77
5866	0.77	23	77
5867	0.77	23	77
5868	0.76	24	76
5869	0.75	25	75
5870	0.75	25	75
5871	0.76	24	76
5872	0.77	23	77
5873	0.76	24	76
5874	0.75	25	75
5875	0.75	25	75
5876	0.75	25	75
5877	0.75	25	75
5878	0.76	24	76
5879	0.76	24	76
5880	0.75	25	75
5881	0.76	24	76
5882	0.76	24	76
5883	0.77	23	77
5884	0.77	23	77
5885	0.76	24	76
5886	0.76	24	76
5887	0.76	24	76
5888	0.75	25	75
5889	0.75	25	75
5890	0.76	24	76
5891	0.77	23	77
5892	0.77	23	77
5893	0.77	23	77
5894	0.77	23	77
5895	0.76	24	76
5896	0.75	25	75
5897	0.75	25	75
5898	0.76	24	76
5899	0.77	23	77
5900	0.77	23	77
5901	0.77	23	77
5902	0.77	23	77
5903	0.78	22	78
5904	0.77	23	77
5905	0.77	23	77
5906	0.77	23	77
5907	0.77	23	77
5908	0.76	24	76
5909	0.75	25	75
5910	0.75	25	75
5911	0.75	25	75
5912	0.75	25	75
5913	0.76	24	76
5914	0.75	25	75
5915	0.74	26	74
5916	0.74	26	74
5917	0.75	25	75
5918	0.75	25	75
5919	0.76	24	76
5920	0.77	23	77
5921	0.77	23	77
5922	0.77	23	77
5923	0.77	23	77
5924	0.76	24	76
5925	0.76	24	76
5926	0.75	25	75
5927	0.75	25	75
5928	0.75	25	75
5929	0.75	25	75
5930	0.75	25	75
5931	0.74	26	74
5932	0.74	26	74
5933	0.74	26	74
5934	0.74	26	74
5935	0.74	26	74
5936	0.74	26	74
5937	0.73	27	73
5938	0.74	26	74
5939	0.75	25	75
5940	0.75	25	75
5941	0.75	25	75
5942	0.76	24	76
5943	0.76	24	76
5944	0.75	25	75
5945	0.76	24	76
5946	0.76	24	76
5947	0.75	25	75
5948	0.75	25	75
5949	0.75	25	75
5950	0.75	25	75
5951	0.75	25	75
5952	0.75	25	75
5953	0.75	25	75
5954	0.76	24	76
5955	0.76	24	76
5956	0.76	24	76
5957	0.77	23	77
5958	0.77	23	77
5959	0.77	23	77
5960	0.77	23	77
5961	0.77	23	77
5962	0.76	24	76
5963	0.77	23	77
5964	0.77	23	77
5965	0.77	23	77
5966	0.77	23	77
5967	0.77	23	77
5968	0.78	22	78
5969	0.79	21	79
5970	0.79	21	79
5971	0.79	21	79
5972	0.79	21	79
5973	0.80	20	80
5974	0.81	19	81
5975	0.81	19	81
5976	0.81	19	81
5977	0.81	19	81
5978	0.80	20	80
5979	0.80	20	80
5980	0.81	19	81
5981	0.80	20	80
5982	0.80	20	80
5983	0.80	20	80
5984	0.79	21	79
5985	0.80	20	80
5986	0.81	19	81
5987	0.81	19	81
5988	0.82	18	82
5989	0.81	19	81
5990	0.81	19	81
5991	0.81	19	81
5992	0.81	19	81
5993	0.81	19	81
5994	0.81	19	81
5995	0.82	18	82
5996	0.82	18	82
5997	0.82	18	82
5998	0.82	18	82
5999	0.82	18	82
