timestep	swarm_quality	color_0	color_1	color_2	color_3	color_4
0	0.68	34	3	1	3	9
1	0.68	34	3	1	3	9
2	0.68	34	3	1	3	9
3	0.66	33	3	2	3	9
4	0.66	33	3	2	3	9
5	0.66	33	3	2	3	9
6	0.66	33	3	2	3	9
7	0.64	32	4	2	3	9
8	0.64	32	4	2	3	9
9	0.62	31	4	3	3	9
10	0.62	31	4	3	3	9
11	0.62	31	4	3	3	9
12	0.60	30	4	3	3	10
13	0.60	30	4	3	3	10
14	0.60	30	4	3	3	10
15	0.60	30	4	3	3	10
16	0.60	30	4	3	3	10
17	0.58	29	5	3	3	10
18	0.56	28	5	4	3	10
19	0.56	28	5	4	3	10
20	0.56	28	5	4	3	10
21	0.54	27	6	4	3	10
22	0.54	27	6	4	3	10
23	0.54	27	6	4	3	10
24	0.52	26	6	4	3	11
25	0.52	26	6	4	3	11
26	0.52	26	6	4	3	11
27	0.50	25	7	4	3	11
28	0.50	25	7	4	3	11
29	0.50	25	7	4	3	11
30	0.50	25	7	4	3	11
31	0.50	25	7	4	3	11
32	0.48	24	7	5	3	11
33	0.48	24	7	5	3	11
34	0.48	24	7	5	3	11
35	0.48	24	7	5	3	11
36	0.50	25	7	5	3	10
37	0.52	26	7	5	3	9
38	0.54	27	7	5	3	8
39	0.56	28	7	4	3	8
40	0.56	28	7	5	3	7
41	0.58	29	7	5	3	6
42	0.58	29	7	5	2	7
43	0.60	30	6	5	2	7
44	0.60	30	6	6	1	7
45	0.62	31	5	6	1	7
46	0.64	32	5	6	1	6
47	0.64	32	5	7	0	6
48	0.66	33	5	7	0	5
49	0.68	34	4	7	0	5
50	0.70	35	4	7	0	4
51	0.70	35	4	7	0	4
52	0.70	35	4	7	0	4
53	0.72	36	4	6	0	4
54	0.72	36	4	6	0	4
55	0.72	36	4	6	0	4
56	0.72	36	4	6	0	4
57	0.74	37	3	6	0	4
58	0.74	37	3	6	0	4
59	0.76	38	3	5	0	4
60	0.76	38	3	5	0	4
61	0.76	38	3	5	0	4
62	0.78	39	3	5	0	3
63	0.78	39	3	5	0	3
64	0.78	39	3	5	0	3
65	0.78	39	3	5	0	3
66	0.78	39	3	5	0	3
67	0.80	40	2	5	0	3
68	0.80	40	2	4	1	3
69	0.80	40	2	4	1	3
70	0.80	40	2	4	1	3
71	0.82	41	1	4	1	3
72	0.82	41	1	4	1	3
73	0.82	41	1	4	1	3
74	0.82	41	2	4	1	2
75	0.82	41	2	4	1	2
76	0.82	41	2	4	1	2
77	0.84	42	1	4	1	2
78	0.84	42	1	4	1	2
79	0.84	42	1	4	1	2
80	0.82	41	1	4	1	3
81	0.82	41	1	4	1	3
82	0.84	42	1	3	1	3
83	0.84	42	1	3	1	3
84	0.84	42	1	3	1	3
85	0.84	42	2	3	1	2
86	0.84	42	2	3	1	2
87	0.84	42	2	3	1	2
88	0.84	42	2	3	1	2
89	0.84	42	2	3	1	2
90	0.86	43	2	2	1	2
91	0.86	43	2	2	1	2
92	0.88	44	2	2	1	1
93	0.88	44	2	2	1	1
94	0.90	45	2	1	1	1
95	0.90	45	2	1	1	1
96	0.90	45	2	1	1	1
97	0.92	46	2	0	1	1
98	0.92	46	2	0	1	1
99	0.92	46	2	0	1	1
100	0.92	46	2	0	1	1
101	0.92	46	2	0	1	1
102	0.90	45	2	0	1	2
103	0.90	45	2	0	1	2
104	0.90	45	2	0	1	2
105	0.90	45	2	0	1	2
106	0.90	45	2	0	1	2
107	0.90	45	2	0	1	2
108	0.90	45	2	0	1	2
109	0.90	45	2	0	1	2
110	0.90	45	2	0	1	2
111	0.90	45	2	0	1	2
112	0.88	44	3	0	1	2
113	0.88	44	3	0	1	2
114	0.88	44	3	0	1	2
115	0.88	44	3	0	1	2
116	0.88	44	3	0	1	2
117	0.88	44	3	0	1	2
118	0.88	44	3	0	1	2
119	0.86	43	3	0	1	3
120	0.84	42	4	0	1	3
121	0.84	42	4	0	1	3
122	0.84	42	4	0	1	3
123	0.82	41	4	0	1	4
124	0.84	42	3	0	1	4
125	0.84	42	3	0	1	4
126	0.84	42	3	0	1	4
127	0.82	41	3	1	1	4
128	0.82	41	3	1	1	4
129	0.82	41	3	1	1	4
130	0.82	41	3	1	1	4
131	0.82	41	3	1	1	4
132	0.82	41	3	1	1	4
133	0.82	41	3	1	1	4
134	0.82	41	3	1	1	4
135	0.84	42	2	1	1	4
136	0.84	42	2	1	1	4
137	0.84	42	2	1	1	4
138	0.84	42	2	1	1	4
139	0.82	41	3	1	1	4
140	0.82	41	3	1	1	4
141	0.82	41	3	1	1	4
142	0.82	41	3	1	1	4
143	0.80	40	3	2	1	4
144	0.80	40	3	2	1	4
145	0.80	40	3	2	1	4
146	0.80	40	3	2	1	4
147	0.80	40	3	2	1	4
148	0.80	40	3	2	1	4
149	0.80	40	3	2	1	4
150	0.80	40	3	2	1	4
151	0.80	40	3	2	1	4
152	0.82	41	3	2	1	3
153	0.82	41	3	2	1	3
154	0.82	41	3	2	1	3
155	0.82	41	3	2	1	3
156	0.82	41	3	2	1	3
157	0.80	40	3	2	1	4
158	0.80	40	3	2	1	4
159	0.80	40	3	2	1	4
160	0.78	39	3	2	1	5
161	0.78	39	3	2	1	5
162	0.80	40	2	2	1	5
163	0.80	40	2	2	1	5
164	0.80	40	2	2	1	5
165	0.80	40	2	2	1	5
166	0.80	40	2	2	1	5
167	0.80	40	2	2	1	5
168	0.80	40	3	2	0	5
169	0.82	41	3	2	0	4
170	0.84	42	2	2	0	4
171	0.84	42	2	2	0	4
172	0.84	42	2	2	0	4
173	0.84	42	3	2	0	3
174	0.84	42	3	2	0	3
175	0.84	42	3	2	0	3
176	0.84	42	3	2	0	3
177	0.86	43	3	1	0	3
178	0.86	43	3	1	0	3
179	0.86	43	3	1	0	3
180	0.86	43	3	1	1	2
181	0.86	43	3	1	1	2
182	0.86	43	3	1	1	2
183	0.86	43	3	1	1	2
184	0.84	42	3	1	2	2
185	0.84	42	3	1	2	2
186	0.82	41	3	1	3	2
187	0.80	40	4	1	3	2
188	0.80	40	4	1	3	2
189	0.82	41	3	1	3	2
190	0.82	41	3	1	3	2
191	0.82	41	3	1	3	2
192	0.82	41	3	1	3	2
193	0.84	42	3	0	3	2
194	0.84	42	3	0	3	2
195	0.84	42	3	0	3	2
196	0.84	42	3	0	3	2
197	0.82	41	3	0	3	3
198	0.82	41	3	0	3	3
199	0.82	41	3	0	3	3
200	0.82	41	3	0	3	3
201	0.82	41	3	0	3	3
202	0.82	41	3	0	3	3
203	0.82	41	3	0	3	3
204	0.80	40	4	0	3	3
205	0.80	40	4	0	3	3
206	0.80	40	4	0	3	3
207	0.82	41	4	0	3	2
208	0.82	41	4	0	3	2
209	0.82	41	4	0	3	2
210	0.84	42	4	0	3	1
211	0.84	42	4	0	3	1
212	0.84	42	4	0	3	1
213	0.84	42	4	0	3	1
214	0.84	42	4	0	3	1
215	0.84	42	4	0	3	1
216	0.84	42	4	0	3	1
217	0.84	42	4	0	3	1
218	0.86	43	3	0	3	1
219	0.86	43	3	0	3	1
220	0.84	42	3	1	3	1
221	0.82	41	3	1	4	1
222	0.82	41	3	1	4	1
223	0.84	42	2	1	4	1
224	0.84	42	2	1	4	1
225	0.84	42	2	1	4	1
226	0.84	42	2	1	4	1
227	0.82	41	3	1	4	1
228	0.82	41	3	1	4	1
229	0.82	41	3	1	4	1
230	0.82	41	3	1	4	1
231	0.82	41	3	1	4	1
232	0.82	41	3	1	4	1
233	0.80	40	3	1	5	1
234	0.82	41	3	1	4	1
235	0.80	40	3	1	4	2
236	0.82	41	3	1	3	2
237	0.84	42	2	1	3	2
238	0.82	41	2	1	3	3
239	0.82	41	2	1	3	3
240	0.82	41	2	1	3	3
241	0.82	41	2	1	3	3
242	0.82	41	2	1	3	3
243	0.82	41	2	1	3	3
244	0.82	41	2	1	3	3
245	0.80	40	2	1	3	4
246	0.80	40	2	1	3	4
247	0.82	41	2	1	3	3
248	0.82	41	2	1	3	3
249	0.82	41	2	1	3	3
250	0.82	41	2	1	3	3
251	0.80	40	2	1	4	3
252	0.78	39	2	2	4	3
253	0.78	39	2	2	4	3
254	0.80	40	1	2	4	3
255	0.80	40	1	2	4	3
256	0.80	40	1	2	4	3
257	0.80	40	1	2	4	3
258	0.80	40	1	2	4	3
259	0.80	40	1	2	4	3
260	0.80	40	1	2	4	3
261	0.80	40	1	2	4	3
262	0.80	40	1	2	4	3
263	0.80	40	1	2	4	3
264	0.80	40	1	2	4	3
265	0.80	40	1	2	4	3
266	0.80	40	1	2	4	3
267	0.78	39	1	2	5	3
268	0.78	39	1	2	5	3
269	0.78	39	1	2	5	3
270	0.80	40	1	1	5	3
271	0.82	41	1	1	4	3
272	0.82	41	1	1	4	3
273	0.80	40	1	1	5	3
274	0.80	40	1	1	5	3
275	0.80	40	1	1	5	3
276	0.80	40	1	1	5	3
277	0.82	41	0	1	5	3
278	0.82	41	0	1	5	3
279	0.82	41	0	1	5	3
280	0.82	41	0	1	4	4
281	0.82	41	0	1	4	4
282	0.82	41	0	1	4	4
283	0.84	42	0	1	3	4
284	0.84	42	0	1	3	4
285	0.86	43	0	1	3	3
286	0.84	42	0	2	3	3
287	0.84	42	0	2	3	3
288	0.84	42	0	2	3	3
289	0.84	42	0	2	3	3
290	0.84	42	0	2	3	3
291	0.84	42	0	2	3	3
292	0.82	41	0	3	3	3
293	0.82	41	0	3	3	3
294	0.82	41	0	3	3	3
295	0.84	42	0	3	3	2
296	0.84	42	0	3	3	2
297	0.84	42	0	3	3	2
298	0.84	42	0	3	3	2
299	0.84	42	0	3	3	2
300	0.84	42	0	3	3	2
301	0.86	43	0	3	2	2
302	0.88	44	0	2	2	2
303	0.88	44	0	2	2	2
304	0.88	44	0	2	2	2
305	0.88	44	0	2	2	2
306	0.86	43	1	2	2	2
307	0.84	42	1	2	3	2
308	0.84	42	1	2	3	2
309	0.84	42	1	2	3	2
310	0.84	42	1	2	3	2
311	0.84	42	1	2	3	2
312	0.84	42	1	2	3	2
313	0.84	42	1	2	3	2
314	0.82	41	2	2	3	2
315	0.82	41	2	2	3	2
316	0.82	41	2	2	3	2
317	0.82	41	2	2	2	3
318	0.82	41	2	2	2	3
319	0.82	41	2	2	2	3
320	0.82	41	2	2	2	3
321	0.82	41	2	2	2	3
322	0.82	41	2	2	2	3
323	0.82	41	2	2	2	3
324	0.82	41	2	2	2	3
325	0.82	41	2	2	2	3
326	0.82	41	2	2	2	3
327	0.82	41	2	2	2	3
328	0.82	41	2	2	2	3
329	0.82	41	2	2	2	3
330	0.84	42	2	2	2	2
331	0.84	42	2	2	2	2
332	0.84	42	2	2	2	2
333	0.84	42	2	2	2	2
334	0.84	42	2	2	2	2
335	0.84	42	2	2	2	2
336	0.86	43	2	1	2	2
337	0.86	43	2	1	2	2
338	0.88	44	2	1	2	1
339	0.88	44	2	1	2	1
340	0.86	43	2	1	3	1
341	0.86	43	2	1	3	1
342	0.86	43	3	0	3	1
343	0.86	43	3	0	3	1
344	0.84	42	3	1	3	1
345	0.84	42	3	1	3	1
346	0.84	42	3	1	3	1
347	0.84	42	3	1	3	1
348	0.82	41	3	1	4	1
349	0.80	40	4	1	4	1
350	0.78	39	4	1	5	1
351	0.78	39	4	1	5	1
352	0.78	39	4	1	5	1
353	0.78	39	4	1	5	1
354	0.78	39	4	1	5	1
355	0.78	39	4	1	5	1
356	0.80	40	3	1	5	1
357	0.82	41	3	1	4	1
358	0.82	41	3	1	4	1
359	0.82	41	3	1	4	1
360	0.82	41	3	1	4	1
361	0.82	41	3	1	4	1
362	0.82	41	3	1	4	1
363	0.82	41	3	1	4	1
364	0.84	42	2	1	4	1
365	0.84	42	2	1	4	1
366	0.84	42	2	1	4	1
367	0.84	42	2	1	4	1
368	0.84	42	2	1	4	1
369	0.84	42	2	1	4	1
370	0.84	42	2	1	4	1
371	0.84	42	2	1	4	1
372	0.84	42	2	1	4	1
373	0.86	43	2	1	3	1
374	0.84	42	3	1	3	1
375	0.84	42	3	1	3	1
376	0.84	42	3	1	3	1
377	0.84	42	3	1	3	1
378	0.84	42	3	1	3	1
379	0.84	42	3	1	3	1
380	0.84	42	3	1	3	1
381	0.84	42	3	1	3	1
382	0.84	42	3	1	3	1
383	0.84	42	3	1	3	1
384	0.84	42	3	1	3	1
385	0.84	42	3	1	3	1
386	0.84	42	3	1	3	1
387	0.84	42	3	1	3	1
388	0.84	42	3	1	3	1
389	0.84	42	3	1	3	1
390	0.86	43	3	1	2	1
391	0.84	42	3	1	3	1
392	0.86	43	2	1	3	1
393	0.86	43	2	1	3	1
394	0.88	44	2	0	3	1
395	0.88	44	2	0	3	1
396	0.88	44	2	0	3	1
397	0.88	44	2	0	3	1
398	0.90	45	2	0	2	1
399	0.92	46	1	0	2	1
400	0.94	47	1	0	1	1
401	0.94	47	1	0	1	1
402	0.94	47	1	0	1	1
403	0.94	47	1	0	1	1
404	0.92	46	1	0	2	1
405	0.92	46	1	0	2	1
406	0.92	46	1	0	2	1
407	0.92	46	1	0	2	1
408	0.92	46	1	0	2	1
409	0.92	46	1	0	2	1
410	0.92	46	1	0	2	1
411	0.92	46	1	0	2	1
412	0.92	46	1	0	2	1
413	0.92	46	1	0	2	1
414	0.90	45	2	0	2	1
415	0.88	44	2	0	2	2
416	0.88	44	2	0	2	2
417	0.90	45	2	0	2	1
418	0.90	45	2	0	2	1
419	0.90	45	2	0	2	1
420	0.90	45	2	0	2	1
421	0.90	45	2	0	2	1
422	0.90	45	2	0	2	1
423	0.90	45	2	0	2	1
424	0.92	46	1	0	2	1
425	0.92	46	1	0	2	1
426	0.92	46	1	0	2	1
427	0.92	46	1	0	2	1
428	0.92	46	1	0	2	1
429	0.90	45	2	0	2	1
430	0.90	45	2	0	2	1
431	0.88	44	2	1	2	1
432	0.88	44	2	1	2	1
433	0.88	44	2	1	2	1
434	0.88	44	2	1	2	1
435	0.88	44	2	1	2	1
436	0.86	43	2	2	2	1
437	0.86	43	2	2	2	1
438	0.86	43	2	2	2	1
439	0.86	43	2	2	2	1
440	0.84	42	2	2	2	2
441	0.86	43	2	2	1	2
442	0.86	43	2	2	1	2
443	0.84	42	2	2	2	2
444	0.82	41	2	2	3	2
445	0.80	40	2	3	3	2
446	0.80	40	2	3	3	2
447	0.80	40	2	3	3	2
448	0.80	40	2	3	3	2
449	0.80	40	2	3	3	2
450	0.80	40	2	3	3	2
451	0.80	40	2	3	3	2
452	0.80	40	2	3	3	2
453	0.78	39	2	3	3	3
454	0.80	40	2	3	2	3
455	0.80	40	2	3	2	3
456	0.80	40	2	3	2	3
457	0.80	40	2	3	2	3
458	0.80	40	2	3	2	3
459	0.80	40	2	3	2	3
460	0.80	40	2	3	2	3
461	0.80	40	2	3	2	3
462	0.78	39	2	4	2	3
463	0.78	39	2	4	2	3
464	0.80	40	1	4	2	3
465	0.82	41	1	4	2	2
466	0.82	41	1	4	2	2
467	0.82	41	1	4	2	2
468	0.82	41	1	4	2	2
469	0.80	40	1	4	2	3
470	0.80	40	1	4	2	3
471	0.80	40	1	4	2	3
472	0.80	40	1	4	2	3
473	0.80	40	1	4	2	3
474	0.80	40	1	4	2	3
475	0.80	40	1	4	2	3
476	0.80	40	1	4	2	3
477	0.80	40	1	4	2	3
478	0.80	40	1	4	2	3
479	0.82	41	0	4	2	3
480	0.82	41	0	4	2	3
481	0.84	42	0	3	2	3
482	0.84	42	0	3	2	3
483	0.84	42	0	3	2	3
484	0.84	42	0	3	2	3
485	0.84	42	0	3	2	3
486	0.86	43	0	2	2	3
487	0.86	43	0	2	2	3
488	0.86	43	0	2	2	3
489	0.86	43	0	2	2	3
490	0.86	43	0	2	3	2
491	0.86	43	0	2	3	2
492	0.84	42	0	2	3	3
493	0.86	43	0	2	2	3
494	0.88	44	0	2	1	3
495	0.90	45	0	1	1	3
496	0.90	45	0	1	1	3
497	0.88	44	1	1	1	3
498	0.88	44	1	1	1	3
499	0.88	44	1	1	1	3
500	0.02	44	1	1	1	3
501	0.02	43	1	1	1	4
502	0.04	42	2	1	1	4
503	0.04	42	2	2	1	3
504	0.06	41	3	2	1	3
505	0.08	40	4	2	1	3
506	0.08	39	4	2	2	3
507	0.08	38	4	3	2	3
508	0.08	38	4	3	2	3
509	0.10	37	5	3	2	3
510	0.12	36	6	3	2	3
511	0.14	35	7	3	2	3
512	0.16	35	8	2	2	3
513	0.18	34	9	2	2	3
514	0.18	34	9	2	2	3
515	0.20	33	10	2	2	3
516	0.20	32	10	2	2	4
517	0.22	31	11	2	2	4
518	0.22	30	11	2	3	4
519	0.24	30	12	2	3	3
520	0.26	29	13	2	3	3
521	0.28	28	14	2	3	3
522	0.30	27	15	2	3	3
523	0.32	26	16	2	3	3
524	0.34	25	17	2	3	3
525	0.34	24	17	3	3	3
526	0.36	23	18	3	3	3
527	0.38	22	19	3	3	3
528	0.40	21	20	3	3	3
529	0.42	20	21	3	3	3
530	0.44	19	22	3	3	3
531	0.46	18	23	3	3	3
532	0.48	17	24	3	3	3
533	0.50	16	25	3	3	3
534	0.52	15	26	3	3	3
535	0.54	14	27	3	3	3
536	0.56	13	28	3	3	3
537	0.58	12	29	3	3	3
538	0.60	11	30	3	3	3
539	0.62	10	31	3	3	3
540	0.64	10	32	3	2	3
541	0.66	9	33	3	2	3
542	0.66	9	33	3	2	3
543	0.68	8	34	3	2	3
544	0.70	7	35	3	2	3
545	0.72	6	36	3	2	3
546	0.74	5	37	3	2	3
547	0.72	5	36	3	3	3
548	0.74	4	37	3	3	3
549	0.76	3	38	3	3	3
550	0.78	2	39	3	3	3
551	0.78	3	39	3	3	2
552	0.78	3	39	3	3	2
553	0.80	3	40	2	3	2
554	0.78	3	39	2	4	2
555	0.78	3	39	2	4	2
556	0.78	3	39	2	4	2
557	0.80	3	40	1	4	2
558	0.80	2	40	2	4	2
559	0.80	2	40	2	4	2
560	0.80	2	40	2	4	2
561	0.80	2	40	2	4	2
562	0.80	2	40	2	4	2
563	0.80	2	40	2	4	2
564	0.82	1	41	2	4	2
565	0.82	1	41	2	4	2
566	0.84	1	42	2	4	1
567	0.84	1	42	2	4	1
568	0.86	1	43	2	3	1
569	0.86	1	43	2	3	1
570	0.86	1	43	2	3	1
571	0.84	2	42	2	3	1
572	0.84	2	42	2	3	1
573	0.84	2	42	2	3	1
574	0.84	2	42	2	3	1
575	0.86	2	43	1	3	1
576	0.86	2	43	1	3	1
577	0.86	2	43	1	3	1
578	0.86	2	43	1	3	1
579	0.86	2	43	1	3	1
580	0.86	2	43	1	3	1
581	0.86	2	43	1	3	1
582	0.86	2	43	1	3	1
583	0.86	2	43	1	3	1
584	0.86	2	43	1	3	1
585	0.86	2	43	1	3	1
586	0.86	2	43	1	3	1
587	0.84	2	42	2	3	1
588	0.84	2	42	2	3	1
589	0.84	2	42	2	3	1
590	0.84	2	42	2	3	1
591	0.84	2	42	2	3	1
592	0.86	2	43	2	3	0
593	0.84	3	42	2	3	0
594	0.84	3	42	2	3	0
595	0.84	3	42	2	3	0
596	0.84	3	42	2	3	0
597	0.86	3	43	2	2	0
598	0.86	3	43	2	2	0
599	0.86	3	43	2	2	0
600	0.84	3	42	2	3	0
601	0.86	2	43	2	3	0
602	0.86	2	43	2	3	0
603	0.86	2	43	2	3	0
604	0.86	3	43	2	2	0
605	0.84	3	42	2	2	1
606	0.86	3	43	2	1	1
607	0.86	3	43	2	1	1
608	0.88	3	44	1	1	1
609	0.86	3	43	1	1	2
610	0.86	3	43	1	1	2
611	0.86	3	43	1	1	2
612	0.86	3	43	1	1	2
613	0.86	3	43	1	1	2
614	0.86	3	43	1	1	2
615	0.86	3	43	1	1	2
616	0.86	3	43	1	1	2
617	0.86	3	43	1	1	2
618	0.86	3	43	1	1	2
619	0.84	3	42	2	1	2
620	0.84	3	42	2	1	2
621	0.86	2	43	2	1	2
622	0.86	2	43	2	1	2
623	0.84	3	42	2	1	2
624	0.84	3	42	2	1	2
625	0.84	3	42	2	1	2
626	0.84	3	42	2	1	2
627	0.84	3	42	2	1	2
628	0.84	3	42	2	1	2
629	0.84	3	42	2	1	2
630	0.84	3	42	2	1	2
631	0.82	4	41	2	1	2
632	0.82	4	41	2	1	2
633	0.82	4	41	2	1	2
634	0.82	4	41	2	1	2
635	0.82	4	41	2	1	2
636	0.80	5	40	2	1	2
637	0.82	5	41	1	1	2
638	0.82	5	41	1	1	2
639	0.82	5	41	1	1	2
640	0.82	5	41	1	1	2
641	0.82	5	41	1	1	2
642	0.82	5	41	1	1	2
643	0.84	4	42	1	1	2
644	0.84	4	42	1	1	2
645	0.82	4	41	2	1	2
646	0.82	4	41	2	1	2
647	0.82	4	41	2	1	2
648	0.82	4	41	2	1	2
649	0.82	4	41	2	1	2
650	0.84	4	42	2	0	2
651	0.82	5	41	2	0	2
652	0.82	5	41	2	0	2
653	0.80	5	40	3	0	2
654	0.82	4	41	3	0	2
655	0.84	4	42	3	0	1
656	0.84	4	42	3	0	1
657	0.84	4	42	3	0	1
658	0.84	4	42	3	0	1
659	0.86	4	43	3	0	0
660	0.86	4	43	3	0	0
661	0.86	4	43	3	0	0
662	0.84	4	42	3	1	0
663	0.82	4	41	3	1	1
664	0.82	4	41	3	1	1
665	0.80	5	40	3	1	1
666	0.80	5	40	3	1	1
667	0.80	5	40	3	1	1
668	0.80	5	40	3	1	1
669	0.80	5	40	3	1	1
670	0.80	5	40	3	1	1
671	0.80	5	40	3	1	1
672	0.80	5	40	3	1	1
673	0.82	4	41	3	1	1
674	0.82	4	41	3	1	1
675	0.80	4	40	4	1	1
676	0.80	4	40	4	1	1
677	0.80	4	40	4	1	1
678	0.80	4	40	4	1	1
679	0.80	4	40	4	1	1
680	0.80	4	40	4	1	1
681	0.82	3	41	4	1	1
682	0.82	3	41	4	1	1
683	0.82	3	41	4	1	1
684	0.82	3	41	4	1	1
685	0.82	3	41	4	1	1
686	0.84	2	42	4	1	1
687	0.84	2	42	4	1	1
688	0.84	2	42	4	1	1
689	0.82	2	41	4	2	1
690	0.82	2	41	4	2	1
691	0.82	2	41	4	2	1
692	0.82	2	41	4	2	1
693	0.82	2	41	4	2	1
694	0.82	2	41	4	2	1
695	0.84	2	42	3	2	1
696	0.84	2	42	3	2	1
697	0.84	2	42	3	2	1
698	0.84	2	42	3	2	1
699	0.84	2	42	3	2	1
700	0.82	2	41	3	2	2
701	0.84	1	42	3	2	2
702	0.82	1	41	3	3	2
703	0.82	1	41	2	3	3
704	0.82	1	41	2	3	3
705	0.82	1	41	2	3	3
706	0.82	1	41	2	3	3
707	0.82	1	41	2	3	3
708	0.80	1	40	3	3	3
709	0.80	1	40	3	3	3
710	0.80	1	40	3	3	3
711	0.80	1	40	3	3	3
712	0.82	1	41	3	2	3
713	0.84	1	42	3	2	2
714	0.84	1	42	3	2	2
715	0.84	1	42	3	2	2
716	0.84	1	42	3	2	2
717	0.84	1	42	3	2	2
718	0.84	1	42	3	2	2
719	0.86	1	43	2	2	2
720	0.84	1	42	2	2	3
721	0.84	1	42	2	2	3
722	0.84	1	42	2	2	3
723	0.84	1	42	2	2	3
724	0.84	1	42	2	2	3
725	0.86	1	43	1	2	3
726	0.86	1	43	1	2	3
727	0.86	1	43	1	2	3
728	0.86	1	43	1	2	3
729	0.86	1	43	1	2	3
730	0.86	1	43	1	2	3
731	0.86	1	43	1	2	3
732	0.86	1	43	1	2	3
733	0.86	1	43	1	2	3
734	0.84	1	42	1	3	3
735	0.84	1	42	1	3	3
736	0.84	1	42	1	3	3
737	0.84	1	42	1	3	3
738	0.84	1	42	1	3	3
739	0.86	1	43	1	2	3
740	0.86	1	43	1	2	3
741	0.86	1	43	1	2	3
742	0.86	1	43	1	2	3
743	0.86	1	43	1	2	3
744	0.86	1	43	1	2	3
745	0.86	1	43	1	2	3
746	0.86	1	43	1	2	3
747	0.86	1	43	1	2	3
748	0.84	2	42	1	2	3
749	0.84	2	42	1	2	3
750	0.86	2	43	1	2	2
751	0.86	2	43	1	2	2
752	0.88	2	44	1	1	2
753	0.90	2	45	1	1	1
754	0.90	2	45	1	1	1
755	0.90	2	45	1	1	1
756	0.90	2	45	1	1	1
757	0.90	2	45	1	1	1
758	0.92	2	46	0	1	1
759	0.90	3	45	0	1	1
760	0.90	3	45	0	1	1
761	0.90	3	45	0	1	1
762	0.88	3	44	0	2	1
763	0.88	3	44	0	2	1
764	0.88	3	44	0	2	1
765	0.90	2	45	0	2	1
766	0.90	2	45	0	2	1
767	0.90	2	45	0	2	1
768	0.90	2	45	0	2	1
769	0.90	2	45	0	2	1
770	0.92	2	46	0	2	0
771	0.92	2	46	0	2	0
772	0.92	2	46	0	2	0
773	0.92	2	46	0	2	0
774	0.92	2	46	0	2	0
775	0.92	2	46	0	2	0
776	0.92	2	46	0	2	0
777	0.90	3	45	0	2	0
778	0.90	3	45	0	2	0
779	0.90	3	45	0	2	0
780	0.90	3	45	0	2	0
781	0.90	3	45	0	2	0
782	0.90	3	45	0	2	0
783	0.88	3	44	0	2	1
784	0.90	3	45	0	1	1
785	0.88	4	44	0	1	1
786	0.88	4	44	0	1	1
787	0.88	4	44	0	1	1
788	0.88	4	44	0	1	1
789	0.88	4	44	0	1	1
790	0.88	4	44	0	1	1
791	0.88	4	44	0	1	1
792	0.88	4	44	0	1	1
793	0.86	4	43	0	1	2
794	0.86	4	43	0	1	2
795	0.86	4	43	0	1	2
796	0.84	5	42	0	1	2
797	0.84	5	42	0	1	2
798	0.86	4	43	0	1	2
799	0.86	4	43	0	1	2
800	0.86	4	43	0	1	2
801	0.86	4	43	0	1	2
802	0.86	4	43	0	1	2
803	0.86	4	43	0	1	2
804	0.86	4	43	0	1	2
805	0.86	4	43	0	1	2
806	0.86	4	43	0	1	2
807	0.86	4	43	0	1	2
808	0.84	5	42	0	1	2
809	0.86	4	43	0	1	2
810	0.86	4	43	0	1	2
811	0.86	4	43	0	1	2
812	0.88	4	44	0	0	2
813	0.86	4	43	0	1	2
814	0.86	4	43	0	1	2
815	0.86	4	43	0	1	2
816	0.86	4	43	0	1	2
817	0.86	4	43	0	1	2
818	0.84	4	42	0	2	2
819	0.84	4	42	0	2	2
820	0.84	4	42	0	2	2
821	0.84	4	42	0	2	2
822	0.84	4	42	0	2	2
823	0.84	4	42	0	2	2
824	0.84	4	42	0	2	2
825	0.84	4	42	0	2	2
826	0.84	4	42	0	2	2
827	0.86	3	43	0	2	2
828	0.86	3	43	0	2	2
829	0.86	3	43	0	2	2
830	0.84	4	42	0	2	2
831	0.84	4	42	0	2	2
832	0.84	4	42	0	2	2
833	0.84	5	42	0	2	1
834	0.82	5	41	1	2	1
835	0.82	4	41	1	3	1
836	0.80	4	40	2	3	1
837	0.80	4	40	2	3	1
838	0.80	4	40	2	3	1
839	0.80	4	40	2	3	1
840	0.80	4	40	2	3	1
841	0.80	4	40	2	3	1
842	0.80	4	40	2	3	1
843	0.82	4	41	2	3	0
844	0.82	4	41	2	3	0
845	0.82	4	41	2	3	0
846	0.84	3	42	2	3	0
847	0.84	3	42	2	3	0
848	0.84	3	42	2	3	0
849	0.84	3	42	2	3	0
850	0.84	3	42	2	3	0
851	0.84	3	42	2	3	0
852	0.84	3	42	2	3	0
853	0.84	3	42	2	3	0
854	0.82	3	41	2	4	0
855	0.82	3	41	2	4	0
856	0.82	3	41	2	4	0
857	0.82	3	41	2	4	0
858	0.84	2	42	2	4	0
859	0.84	2	42	2	4	0
860	0.82	2	41	3	4	0
861	0.82	2	41	3	4	0
862	0.82	2	41	3	4	0
863	0.84	2	42	3	3	0
864	0.84	2	42	3	3	0
865	0.84	2	42	3	3	0
866	0.84	2	42	3	3	0
867	0.82	2	41	3	3	1
868	0.84	2	42	3	2	1
869	0.84	2	42	3	2	1
870	0.84	2	42	3	2	1
871	0.84	2	42	3	2	1
872	0.84	2	42	3	2	1
873	0.84	2	42	3	2	1
874	0.84	2	42	3	2	1
875	0.82	2	41	3	2	2
876	0.82	2	41	3	2	2
877	0.82	2	41	3	2	2
878	0.82	2	41	3	2	2
879	0.82	2	41	3	2	2
880	0.84	1	42	3	2	2
881	0.84	1	42	3	2	2
882	0.84	1	42	3	2	2
883	0.84	0	42	3	3	2
884	0.86	0	43	2	3	2
885	0.88	0	44	2	2	2
886	0.88	0	44	1	3	2
887	0.88	0	44	1	3	2
888	0.88	0	44	1	3	2
889	0.88	0	44	1	3	2
890	0.88	0	44	1	3	2
891	0.86	0	43	1	4	2
892	0.86	0	43	1	4	2
893	0.86	0	43	1	4	2
894	0.86	0	43	1	4	2
895	0.84	0	42	1	4	3
896	0.84	0	42	1	4	3
897	0.82	0	41	1	4	4
898	0.80	0	40	2	4	4
899	0.78	0	39	3	4	4
900	0.78	0	39	3	4	4
901	0.78	0	39	3	4	4
902	0.78	0	39	3	4	4
903	0.78	0	39	3	4	4
904	0.80	0	40	3	3	4
905	0.80	0	40	3	3	4
906	0.80	0	40	3	3	4
907	0.78	0	39	4	3	4
908	0.78	0	39	4	3	4
909	0.78	0	39	4	3	4
910	0.80	0	40	3	3	4
911	0.80	0	40	3	3	4
912	0.80	0	40	3	3	4
913	0.80	0	40	3	3	4
914	0.80	0	40	3	3	4
915	0.80	0	40	3	3	4
916	0.80	0	40	3	3	4
917	0.82	0	41	3	3	3
918	0.82	0	41	3	3	3
919	0.82	0	41	3	3	3
920	0.82	0	41	3	3	3
921	0.82	0	41	3	3	3
922	0.82	0	41	3	3	3
923	0.82	0	41	3	3	3
924	0.82	0	41	3	3	3
925	0.84	0	42	3	3	2
926	0.84	0	42	3	3	2
927	0.82	1	41	3	3	2
928	0.80	1	40	4	3	2
929	0.80	1	40	4	3	2
930	0.80	1	40	4	3	2
931	0.80	1	40	4	3	2
932	0.80	1	40	4	3	2
933	0.82	1	41	4	2	2
934	0.80	1	40	4	3	2
935	0.80	1	40	4	3	2
936	0.82	1	41	4	2	2
937	0.82	1	41	4	2	2
938	0.82	1	41	4	2	2
939	0.82	1	41	4	2	2
940	0.82	1	41	4	2	2
941	0.84	1	42	4	1	2
942	0.84	1	42	4	1	2
943	0.84	1	42	4	1	2
944	0.84	1	42	4	1	2
945	0.86	1	43	4	1	1
946	0.84	2	42	4	1	1
947	0.86	2	43	4	1	0
948	0.86	3	43	3	1	0
949	0.88	3	44	2	1	0
950	0.88	3	44	2	1	0
951	0.88	3	44	2	1	0
952	0.88	3	44	2	1	0
953	0.88	3	44	2	1	0
954	0.88	3	44	2	1	0
955	0.88	3	44	2	1	0
956	0.86	3	43	2	1	1
957	0.86	3	43	1	1	2
958	0.86	3	43	1	1	2
959	0.86	3	43	1	1	2
960	0.86	3	43	1	1	2
961	0.86	3	43	1	1	2
962	0.84	3	42	2	1	2
963	0.84	3	42	2	1	2
964	0.84	3	42	2	1	2
965	0.84	3	42	2	1	2
966	0.84	3	42	2	1	2
967	0.84	3	42	2	1	2
968	0.84	3	42	2	1	2
969	0.84	3	42	2	1	2
970	0.84	3	42	2	1	2
971	0.82	3	41	3	1	2
972	0.82	3	41	3	1	2
973	0.82	3	41	3	1	2
974	0.82	3	41	3	1	2
975	0.82	3	41	3	1	2
976	0.82	3	41	3	1	2
977	0.84	2	42	3	1	2
978	0.86	2	43	2	1	2
979	0.86	2	43	2	1	2
980	0.86	2	43	2	1	2
981	0.86	2	43	2	1	2
982	0.86	2	43	2	1	2
983	0.86	2	43	2	1	2
984	0.86	2	43	2	1	2
985	0.86	2	43	2	1	2
986	0.86	2	43	2	1	2
987	0.86	2	43	2	1	2
988	0.86	2	43	2	1	2
989	0.86	2	43	2	1	2
990	0.86	2	43	2	1	2
991	0.86	2	43	2	1	2
992	0.86	2	43	2	1	2
993	0.86	2	43	2	1	2
994	0.86	2	43	2	1	2
995	0.86	2	43	2	1	2
996	0.88	1	44	2	1	2
997	0.88	1	44	2	1	2
998	0.90	0	45	2	1	2
999	0.90	0	45	2	1	2
1000	0.04	0	45	2	1	2
1001	0.04	0	45	2	1	2
1002	0.06	0	44	3	1	2
1003	0.08	0	43	4	1	2
1004	0.10	0	42	5	1	2
1005	0.12	0	41	6	1	2
1006	0.14	0	41	7	1	1
1007	0.16	0	41	8	1	0
1008	0.18	0	40	9	1	0
1009	0.20	0	39	10	1	0
1010	0.20	1	38	10	1	0
1011	0.22	1	37	11	1	0
1012	0.22	1	37	11	1	0
1013	0.24	1	36	12	1	0
1014	0.26	1	35	13	1	0
1015	0.28	1	34	14	1	0
1016	0.30	1	33	15	1	0
1017	0.32	1	32	16	1	0
1018	0.34	1	31	17	1	0
1019	0.36	1	30	18	1	0
1020	0.38	1	29	19	1	0
1021	0.38	1	29	19	1	0
1022	0.40	1	28	20	1	0
1023	0.40	1	27	20	2	0
1024	0.42	1	26	21	2	0
1025	0.44	1	25	22	2	0
1026	0.46	1	24	23	2	0
1027	0.48	1	23	24	2	0
1028	0.50	1	22	25	2	0
1029	0.52	1	21	26	2	0
1030	0.54	1	20	27	2	0
1031	0.54	1	19	27	2	1
1032	0.56	1	18	28	2	1
1033	0.58	1	17	29	2	1
1034	0.58	1	18	29	1	1
1035	0.60	1	17	30	1	1
1036	0.62	1	16	31	1	1
1037	0.64	1	15	32	1	1
1038	0.66	1	14	33	1	1
1039	0.66	1	13	33	1	2
1040	0.68	1	12	34	1	2
1041	0.68	1	12	34	1	2
1042	0.70	1	11	35	1	2
1043	0.72	1	10	36	1	2
1044	0.74	1	9	37	1	2
1045	0.76	1	8	38	1	2
1046	0.76	2	7	38	1	2
1047	0.78	2	6	39	1	2
1048	0.80	2	5	40	1	2
1049	0.82	2	4	41	1	2
1050	0.82	2	3	41	1	3
1051	0.84	2	2	42	1	3
1052	0.84	2	2	42	1	3
1053	0.84	2	2	42	1	3
1054	0.84	2	2	42	1	3
1055	0.84	2	2	42	1	3
1056	0.82	2	2	41	2	3
1057	0.82	2	2	41	2	3
1058	0.82	2	2	41	2	3
1059	0.82	2	2	41	2	3
1060	0.84	1	2	42	2	3
1061	0.84	1	2	42	2	3
1062	0.84	1	2	42	2	3
1063	0.84	1	2	42	2	3
1064	0.84	1	2	42	2	3
1065	0.84	1	2	42	2	3
1066	0.84	1	2	42	2	3
1067	0.84	1	2	42	2	3
1068	0.84	1	2	42	2	3
1069	0.84	1	2	42	2	3
1070	0.84	1	2	42	2	3
1071	0.84	1	2	42	2	3
1072	0.84	1	2	42	2	3
1073	0.86	1	2	43	1	3
1074	0.86	1	2	43	1	3
1075	0.86	1	2	43	1	3
1076	0.86	1	2	43	1	3
1077	0.86	1	2	43	1	3
1078	0.86	1	2	43	1	3
1079	0.86	1	2	43	1	3
1080	0.86	1	2	43	1	3
1081	0.88	1	2	44	1	2
1082	0.88	1	2	44	1	2
1083	0.86	2	2	43	1	2
1084	0.86	3	1	43	1	2
1085	0.86	3	1	43	1	2
1086	0.86	3	1	43	1	2
1087	0.84	3	1	42	1	3
1088	0.84	3	1	42	1	3
1089	0.86	3	1	43	1	2
1090	0.86	3	1	43	1	2
1091	0.86	3	0	43	2	2
1092	0.84	3	0	42	3	2
1093	0.84	3	0	42	3	2
1094	0.84	3	0	42	3	2
1095	0.84	3	0	42	3	2
1096	0.86	2	0	43	3	2
1097	0.86	2	0	43	3	2
1098	0.86	2	0	43	3	2
1099	0.86	2	0	43	3	2
1100	0.88	2	0	44	3	1
1101	0.88	2	0	44	3	1
1102	0.88	2	0	44	3	1
1103	0.88	2	0	44	3	1
1104	0.86	2	0	43	4	1
1105	0.84	2	1	42	4	1
1106	0.86	2	1	43	3	1
1107	0.86	2	1	43	3	1
1108	0.86	2	1	43	3	1
1109	0.86	2	1	43	3	1
1110	0.86	2	1	43	3	1
1111	0.86	2	1	43	3	1
1112	0.86	2	1	43	3	1
1113	0.86	2	1	43	3	1
1114	0.86	2	1	43	3	1
1115	0.86	2	1	43	3	1
1116	0.86	2	1	43	3	1
1117	0.86	2	1	43	3	1
1118	0.86	2	1	43	3	1
1119	0.86	2	1	43	3	1
1120	0.86	2	1	43	3	1
1121	0.86	2	1	43	3	1
1122	0.86	2	1	43	3	1
1123	0.86	2	1	43	3	1
1124	0.86	2	1	43	3	1
1125	0.84	2	1	42	4	1
1126	0.84	2	1	42	4	1
1127	0.84	2	1	42	4	1
1128	0.84	2	1	42	4	1
1129	0.84	2	1	42	4	1
1130	0.84	2	1	42	4	1
1131	0.84	2	1	42	4	1
1132	0.84	2	1	42	4	1
1133	0.86	1	1	43	4	1
1134	0.88	0	1	44	4	1
1135	0.86	1	1	43	4	1
1136	0.86	1	1	43	4	1
1137	0.88	1	1	44	4	0
1138	0.88	1	1	44	4	0
1139	0.88	1	1	44	4	0
1140	0.88	1	1	44	4	0
1141	0.90	1	1	45	3	0
1142	0.92	1	1	46	2	0
1143	0.92	1	1	46	2	0
1144	0.92	1	1	46	2	0
1145	0.92	1	1	46	2	0
1146	0.92	1	1	46	2	0
1147	0.92	1	1	46	2	0
1148	0.92	1	1	46	2	0
1149	0.90	1	1	45	2	1
1150	0.90	1	1	45	2	1
1151	0.88	2	1	44	2	1
1152	0.88	2	1	44	2	1
1153	0.88	2	1	44	2	1
1154	0.88	2	1	44	1	2
1155	0.90	2	0	45	1	2
1156	0.88	2	0	44	1	3
1157	0.88	2	0	44	1	3
1158	0.86	2	0	43	1	4
1159	0.86	2	0	43	1	4
1160	0.86	2	0	43	1	4
1161	0.86	2	0	43	1	4
1162	0.86	2	0	43	1	4
1163	0.86	2	0	43	1	4
1164	0.84	3	0	42	1	4
1165	0.84	3	0	42	1	4
1166	0.84	3	0	42	1	4
1167	0.84	3	0	42	1	4
1168	0.82	3	1	41	1	4
1169	0.82	3	1	41	1	4
1170	0.82	3	1	41	1	4
1171	0.82	3	1	41	1	4
1172	0.82	3	1	41	1	4
1173	0.82	3	1	41	1	4
1174	0.82	3	1	41	1	4
1175	0.84	3	1	42	0	4
1176	0.84	3	1	42	0	4
1177	0.84	3	1	42	0	4
1178	0.84	3	1	42	0	4
1179	0.84	3	1	42	0	4
1180	0.84	3	1	42	0	4
1181	0.84	3	1	42	0	4
1182	0.84	3	1	42	0	4
1183	0.84	3	1	42	0	4
1184	0.84	3	1	42	0	4
1185	0.86	2	1	43	0	4
1186	0.86	2	1	43	0	4
1187	0.84	2	1	42	1	4
1188	0.82	2	2	41	1	4
1189	0.82	2	2	41	1	4
1190	0.82	2	2	41	1	4
1191	0.82	2	2	41	1	4
1192	0.82	2	2	41	1	4
1193	0.82	2	2	41	1	4
1194	0.82	2	2	41	1	4
1195	0.82	2	2	41	1	4
1196	0.82	2	2	41	1	4
1197	0.82	2	2	41	1	4
1198	0.82	2	2	41	1	4
1199	0.84	2	2	42	1	3
1200	0.82	3	2	41	1	3
1201	0.84	2	2	42	1	3
1202	0.84	2	2	42	1	3
1203	0.82	2	2	41	1	4
1204	0.84	2	2	42	1	3
1205	0.84	2	2	42	1	3
1206	0.86	2	2	43	1	2
1207	0.86	2	2	43	1	2
1208	0.88	2	2	44	1	1
1209	0.88	2	2	44	1	1
1210	0.88	2	2	44	1	1
1211	0.88	2	2	44	1	1
1212	0.88	2	2	44	1	1
1213	0.88	2	2	44	1	1
1214	0.90	1	2	45	1	1
1215	0.90	1	2	45	1	1
1216	0.90	1	2	45	1	1
1217	0.90	1	2	45	1	1
1218	0.92	1	1	46	1	1
1219	0.92	1	1	46	1	1
1220	0.92	1	1	46	1	1
1221	0.90	1	1	45	2	1
1222	0.90	1	1	45	2	1
1223	0.90	1	1	45	2	1
1224	0.90	1	1	45	2	1
1225	0.90	1	1	45	2	1
1226	0.90	1	1	45	2	1
1227	0.90	1	1	45	2	1
1228	0.90	1	1	45	2	1
1229	0.90	1	1	45	2	1
1230	0.90	1	1	45	2	1
1231	0.90	1	1	45	2	1
1232	0.90	1	1	45	2	1
1233	0.90	1	1	45	2	1
1234	0.90	1	1	45	2	1
1235	0.90	1	1	45	2	1
1236	0.90	1	1	45	2	1
1237	0.92	1	1	46	1	1
1238	0.94	1	0	47	1	1
1239	0.94	1	0	47	1	1
1240	0.94	1	0	47	1	1
1241	0.94	1	0	47	1	1
1242	0.92	1	1	46	1	1
1243	0.90	2	1	45	1	1
1244	0.90	2	1	45	1	1
1245	0.90	2	1	45	1	1
1246	0.90	2	1	45	1	1
1247	0.90	2	1	45	1	1
1248	0.90	2	1	45	1	1
1249	0.90	2	1	45	1	1
1250	0.92	1	1	46	1	1
1251	0.92	1	1	46	1	1
1252	0.92	1	1	46	1	1
1253	0.94	1	1	47	1	0
1254	0.94	1	1	47	1	0
1255	0.92	1	1	46	1	1
1256	0.92	1	1	46	1	1
1257	0.92	1	1	46	1	1
1258	0.92	1	1	46	1	1
1259	0.92	1	1	46	1	1
1260	0.92	1	1	46	1	1
1261	0.92	1	1	46	1	1
1262	0.90	1	1	45	2	1
1263	0.90	1	1	45	2	1
1264	0.90	1	1	45	2	1
1265	0.90	1	1	45	2	1
1266	0.88	2	1	44	2	1
1267	0.88	2	1	44	2	1
1268	0.88	2	1	44	2	1
1269	0.88	2	1	44	2	1
1270	0.88	2	1	44	2	1
1271	0.90	2	1	45	1	1
1272	0.90	2	1	45	1	1
1273	0.90	2	1	45	1	1
1274	0.90	2	1	45	1	1
1275	0.90	2	1	45	1	1
1276	0.90	2	1	45	1	1
1277	0.90	2	1	45	1	1
1278	0.88	2	1	44	2	1
1279	0.88	2	1	44	2	1
1280	0.86	3	1	43	2	1
1281	0.86	3	1	43	2	1
1282	0.84	3	1	42	2	2
1283	0.84	3	1	42	2	2
1284	0.84	3	1	42	2	2
1285	0.84	3	1	42	2	2
1286	0.84	3	1	42	2	2
1287	0.84	3	1	42	2	2
1288	0.84	3	1	42	2	2
1289	0.84	3	1	42	2	2
1290	0.84	3	1	42	2	2
1291	0.84	3	1	42	2	2
1292	0.86	3	0	43	2	2
1293	0.88	2	0	44	2	2
1294	0.88	2	0	44	2	2
1295	0.88	2	0	44	2	2
1296	0.88	2	0	44	2	2
1297	0.88	2	0	44	2	2
1298	0.88	2	0	44	2	2
1299	0.88	2	0	44	2	2
1300	0.88	2	0	44	2	2
1301	0.86	2	0	43	2	3
1302	0.86	2	0	43	2	3
1303	0.86	2	0	43	2	3
1304	0.86	2	0	43	2	3
1305	0.88	2	0	44	2	2
1306	0.88	2	0	44	2	2
1307	0.88	2	0	44	2	2
1308	0.88	2	0	44	2	2
1309	0.86	2	0	43	3	2
1310	0.84	2	0	42	3	3
1311	0.82	3	0	41	3	3
1312	0.84	3	0	42	2	3
1313	0.84	3	0	42	2	3
1314	0.84	3	0	42	2	3
1315	0.84	3	0	42	2	3
1316	0.86	2	0	43	2	3
1317	0.86	2	0	43	2	3
1318	0.86	2	0	43	2	3
1319	0.86	2	0	43	2	3
1320	0.84	2	0	42	2	4
1321	0.84	2	0	42	2	4
1322	0.84	2	0	42	2	4
1323	0.84	2	0	42	2	4
1324	0.84	2	0	42	2	4
1325	0.84	2	0	42	2	4
1326	0.84	2	0	42	2	4
1327	0.84	2	0	42	2	4
1328	0.84	3	0	42	1	4
1329	0.84	3	0	42	1	4
1330	0.86	2	0	43	1	4
1331	0.86	2	0	43	1	4
1332	0.86	2	0	43	2	3
1333	0.86	2	0	43	2	3
1334	0.86	2	0	43	2	3
1335	0.86	2	0	43	2	3
1336	0.86	2	0	43	2	3
1337	0.86	2	0	43	2	3
1338	0.86	2	0	43	2	3
1339	0.86	2	0	43	2	3
1340	0.86	2	0	43	2	3
1341	0.86	2	0	43	2	3
1342	0.86	2	0	43	2	3
1343	0.86	2	0	43	2	3
1344	0.86	2	0	43	2	3
1345	0.86	2	0	43	2	3
1346	0.84	2	1	42	2	3
1347	0.84	2	1	42	2	3
1348	0.84	2	1	42	2	3
1349	0.84	2	1	42	2	3
1350	0.84	2	1	42	2	3
1351	0.86	2	1	43	2	2
1352	0.86	2	1	43	2	2
1353	0.86	2	1	43	2	2
1354	0.86	2	1	43	2	2
1355	0.86	2	1	43	2	2
1356	0.86	2	1	43	2	2
1357	0.86	2	1	43	2	2
1358	0.84	2	1	42	3	2
1359	0.86	2	1	43	2	2
1360	0.88	2	1	44	2	1
1361	0.90	1	1	45	2	1
1362	0.90	1	1	45	2	1
1363	0.90	1	1	45	2	1
1364	0.90	1	1	45	2	1
1365	0.90	1	1	45	2	1
1366	0.90	1	1	45	2	1
1367	0.90	1	1	45	2	1
1368	0.90	1	1	45	2	1
1369	0.90	1	1	45	2	1
1370	0.92	1	1	46	2	0
1371	0.90	1	1	45	3	0
1372	0.88	1	2	44	3	0
1373	0.88	1	2	44	3	0
1374	0.88	1	2	44	3	0
1375	0.88	1	2	44	3	0
1376	0.88	1	2	44	3	0
1377	0.88	1	2	44	3	0
1378	0.90	0	2	45	3	0
1379	0.90	0	2	45	3	0
1380	0.90	0	2	45	3	0
1381	0.90	0	2	45	3	0
1382	0.92	0	2	46	2	0
1383	0.92	0	2	46	2	0
1384	0.92	0	2	46	2	0
1385	0.92	0	2	46	2	0
1386	0.92	0	2	46	2	0
1387	0.92	0	2	46	2	0
1388	0.92	0	2	46	2	0
1389	0.92	0	2	46	2	0
1390	0.92	0	2	46	2	0
1391	0.92	0	2	46	2	0
1392	0.92	0	2	46	2	0
1393	0.92	0	2	46	2	0
1394	0.92	0	2	46	2	0
1395	0.92	0	2	46	2	0
1396	0.94	0	1	47	2	0
1397	0.94	0	1	47	2	0
1398	0.92	0	1	46	2	1
1399	0.92	0	1	46	2	1
1400	0.92	0	1	46	2	1
1401	0.92	0	1	46	2	1
1402	0.92	0	1	46	2	1
1403	0.92	0	1	46	2	1
1404	0.90	0	2	45	2	1
1405	0.90	0	2	45	2	1
1406	0.90	0	2	45	2	1
1407	0.90	0	2	45	2	1
1408	0.92	0	2	46	1	1
1409	0.92	0	2	46	1	1
1410	0.92	0	2	46	1	1
1411	0.92	0	2	46	1	1
1412	0.90	0	2	45	1	2
1413	0.88	0	3	44	1	2
1414	0.88	0	3	44	1	2
1415	0.88	0	3	44	1	2
1416	0.88	0	3	44	1	2
1417	0.86	0	3	43	2	2
1418	0.86	0	3	43	2	2
1419	0.86	0	3	43	2	2
1420	0.86	0	3	43	2	2
1421	0.88	0	3	44	1	2
1422	0.90	0	2	45	1	2
1423	0.90	0	2	45	1	2
1424	0.90	0	2	45	1	2
1425	0.90	0	2	45	1	2
1426	0.88	0	2	44	2	2
1427	0.88	0	2	44	2	2
1428	0.88	0	2	44	2	2
1429	0.88	0	2	44	2	2
1430	0.88	0	2	44	2	2
1431	0.88	0	2	44	2	2
1432	0.88	0	2	44	2	2
1433	0.88	0	2	44	2	2
1434	0.88	0	2	44	2	2
1435	0.88	0	2	44	2	2
1436	0.88	0	2	44	2	2
1437	0.88	0	2	44	2	2
1438	0.88	0	2	44	2	2
1439	0.88	0	2	44	2	2
1440	0.88	0	2	44	2	2
1441	0.86	0	3	43	2	2
1442	0.86	0	3	43	2	2
1443	0.84	0	3	42	3	2
1444	0.84	0	3	42	3	2
1445	0.82	1	3	41	3	2
1446	0.82	1	3	41	3	2
1447	0.82	1	3	41	3	2
1448	0.84	1	3	42	3	1
1449	0.84	1	3	42	3	1
1450	0.84	1	3	42	3	1
1451	0.82	2	3	41	3	1
1452	0.82	2	3	41	3	1
1453	0.82	2	3	41	3	1
1454	0.84	2	2	42	3	1
1455	0.82	2	2	41	4	1
1456	0.82	2	2	41	4	1
1457	0.82	2	2	41	4	1
1458	0.82	2	2	41	4	1
1459	0.82	2	2	41	4	1
1460	0.82	2	2	41	4	1
1461	0.82	2	2	41	4	1
1462	0.84	2	2	42	4	0
1463	0.86	2	1	43	4	0
1464	0.86	2	1	43	4	0
1465	0.86	2	1	43	4	0
1466	0.86	2	1	43	4	0
1467	0.88	2	1	44	3	0
1468	0.88	2	1	44	3	0
1469	0.88	2	1	44	3	0
1470	0.88	2	1	44	3	0
1471	0.88	2	1	44	3	0
1472	0.88	2	1	44	3	0
1473	0.88	2	1	44	3	0
1474	0.88	2	1	44	3	0
1475	0.88	2	1	44	3	0
1476	0.88	3	1	44	2	0
1477	0.88	3	1	44	2	0
1478	0.88	3	1	44	2	0
1479	0.88	3	1	44	2	0
1480	0.88	3	1	44	2	0
1481	0.88	3	1	44	2	0
1482	0.86	3	1	43	2	1
1483	0.86	3	1	43	2	1
1484	0.86	3	1	43	2	1
1485	0.86	3	1	43	2	1
1486	0.84	3	2	42	2	1
1487	0.84	3	2	42	2	1
1488	0.84	3	2	42	2	1
1489	0.84	3	2	42	2	1
1490	0.84	3	2	42	2	1
1491	0.86	3	1	43	2	1
1492	0.86	3	1	43	2	1
1493	0.88	3	1	44	1	1
1494	0.88	3	1	44	1	1
1495	0.88	2	1	44	1	2
1496	0.86	2	1	43	1	3
1497	0.86	2	1	43	1	3
1498	0.86	2	1	43	1	3
1499	0.86	2	1	43	1	3
1500	0.04	2	1	42	2	3
1501	0.06	1	1	42	3	3
1502	0.06	1	1	42	3	3
1503	0.08	1	1	41	4	3
1504	0.10	1	1	40	5	3
1505	0.10	1	1	40	5	3
1506	0.10	1	1	40	5	3
1507	0.10	1	1	40	5	3
1508	0.10	1	1	39	5	4
1509	0.12	1	1	38	6	4
1510	0.14	1	1	37	7	4
1511	0.16	1	1	36	8	4
1512	0.16	1	1	36	8	4
1513	0.18	1	1	35	9	4
1514	0.20	1	1	34	10	4
1515	0.20	1	1	34	10	4
1516	0.20	1	1	33	10	5
1517	0.22	1	1	32	11	5
1518	0.24	1	1	31	12	5
1519	0.24	2	1	30	12	5
1520	0.26	2	1	29	13	5
1521	0.28	2	1	28	14	5
1522	0.30	2	1	27	15	5
1523	0.32	2	1	26	16	5
1524	0.34	2	1	25	17	5
1525	0.36	2	1	24	18	5
1526	0.38	1	1	24	19	5
1527	0.40	1	1	23	20	5
1528	0.42	1	1	22	21	5
1529	0.44	1	1	21	22	5
1530	0.46	1	1	20	23	5
1531	0.48	1	1	19	24	5
1532	0.50	1	1	19	25	4
1533	0.50	1	1	18	25	5
1534	0.52	1	1	17	26	5
1535	0.54	1	1	16	27	5
1536	0.54	2	0	16	27	5
1537	0.56	2	0	15	28	5
1538	0.58	2	0	14	29	5
1539	0.58	3	0	13	29	5
1540	0.60	3	0	12	30	5
1541	0.62	3	0	11	31	5
1542	0.64	3	0	10	32	5
1543	0.66	3	0	9	33	5
1544	0.68	3	0	8	34	5
1545	0.70	3	0	8	35	4
1546	0.72	3	0	8	36	3
1547	0.74	3	0	7	37	3
1548	0.76	3	0	6	38	3
1549	0.78	3	0	5	39	3
1550	0.78	3	0	5	39	3
1551	0.78	3	0	5	39	3
1552	0.80	3	0	4	40	3
1553	0.80	3	0	4	40	3
1554	0.80	3	0	4	40	3
1555	0.80	3	0	4	40	3
1556	0.80	3	0	3	40	4
1557	0.82	3	0	2	41	4
1558	0.84	3	0	2	42	3
1559	0.84	3	0	2	42	3
1560	0.84	3	0	2	42	3
1561	0.84	3	0	2	42	3
1562	0.86	3	0	1	43	3
1563	0.86	3	0	1	43	3
1564	0.86	3	0	1	43	3
1565	0.88	3	0	0	44	3
1566	0.88	3	0	0	44	3
1567	0.88	3	0	0	44	3
1568	0.88	3	0	0	44	3
1569	0.90	2	0	0	45	3
1570	0.90	2	0	0	45	3
1571	0.90	2	0	0	45	3
1572	0.90	2	0	0	45	3
1573	0.90	2	0	0	45	3
1574	0.88	2	1	0	44	3
1575	0.88	2	1	0	44	3
1576	0.86	2	1	0	43	4
1577	0.86	2	1	0	43	4
1578	0.86	2	1	0	43	4
1579	0.86	2	1	0	43	4
1580	0.86	2	1	0	43	4
1581	0.86	2	1	0	43	4
1582	0.86	2	1	0	43	4
1583	0.86	2	1	1	43	3
1584	0.84	3	1	1	42	3
1585	0.84	3	1	1	42	3
1586	0.86	2	1	1	43	3
1587	0.86	2	1	1	43	3
1588	0.86	2	1	1	43	3
1589	0.88	1	1	1	44	3
1590	0.88	1	1	1	44	3
1591	0.88	1	1	1	44	3
1592	0.86	2	1	1	43	3
1593	0.84	3	1	1	42	3
1594	0.82	3	1	1	41	4
1595	0.82	3	1	1	41	4
1596	0.82	3	1	1	41	4
1597	0.82	3	1	1	41	4
1598	0.82	3	1	1	41	4
1599	0.80	4	1	1	40	4
1600	0.80	4	1	1	40	4
1601	0.80	4	1	1	40	4
1602	0.80	4	1	1	40	4
1603	0.80	4	1	1	40	4
1604	0.80	4	1	1	40	4
1605	0.80	4	1	1	40	4
1606	0.82	4	1	1	41	3
1607	0.82	4	1	1	41	3
1608	0.82	4	1	1	41	3
1609	0.82	4	1	1	41	3
1610	0.82	4	1	1	41	3
1611	0.82	4	1	1	41	3
1612	0.82	4	1	1	41	3
1613	0.80	5	1	1	40	3
1614	0.80	5	1	1	40	3
1615	0.80	5	1	1	40	3
1616	0.82	5	1	1	41	2
1617	0.82	5	1	1	41	2
1618	0.82	5	1	1	41	2
1619	0.82	5	1	1	41	2
1620	0.82	5	1	1	41	2
1621	0.82	5	1	1	41	2
1622	0.82	5	1	1	41	2
1623	0.82	5	1	1	41	2
1624	0.84	5	0	1	42	2
1625	0.84	5	0	1	42	2
1626	0.86	5	0	1	43	1
1627	0.84	6	0	1	42	1
1628	0.84	6	0	1	42	1
1629	0.82	6	0	2	41	1
1630	0.80	6	1	2	40	1
1631	0.80	6	1	2	40	1
1632	0.80	6	1	2	40	1
1633	0.82	6	1	1	41	1
1634	0.82	6	1	1	41	1
1635	0.80	6	2	1	40	1
1636	0.80	6	2	1	40	1
1637	0.78	6	2	1	39	2
1638	0.78	6	2	1	39	2
1639	0.78	6	2	1	39	2
1640	0.78	6	2	1	39	2
1641	0.78	6	2	1	39	2
1642	0.80	5	2	1	40	2
1643	0.82	4	2	1	41	2
1644	0.84	4	2	1	42	1
1645	0.84	4	2	1	42	1
1646	0.82	4	2	2	41	1
1647	0.82	4	2	2	41	1
1648	0.82	4	2	2	41	1
1649	0.82	3	2	3	41	1
1650	0.82	3	2	3	41	1
1651	0.82	3	2	3	41	1
1652	0.82	3	2	3	41	1
1653	0.82	3	2	3	41	1
1654	0.80	4	2	3	40	1
1655	0.80	4	2	3	40	1
1656	0.78	4	2	4	39	1
1657	0.78	4	2	4	39	1
1658	0.78	4	2	4	39	1
1659	0.78	4	2	4	39	1
1660	0.78	4	2	4	39	1
1661	0.78	4	2	4	39	1
1662	0.78	4	2	4	39	1
1663	0.80	3	2	4	40	1
1664	0.80	3	2	4	40	1
1665	0.80	3	2	4	40	1
1666	0.80	3	2	4	40	1
1667	0.80	3	2	4	40	1
1668	0.78	3	2	4	39	2
1669	0.78	3	2	4	39	2
1670	0.78	3	2	4	39	2
1671	0.76	3	2	4	38	3
1672	0.76	3	2	4	38	3
1673	0.76	3	2	4	38	3
1674	0.76	3	2	4	38	3
1675	0.76	3	2	4	38	3
1676	0.76	3	2	4	38	3
1677	0.78	2	2	4	39	3
1678	0.78	2	2	4	39	3
1679	0.80	2	2	3	40	3
1680	0.82	2	1	3	41	3
1681	0.82	2	1	3	41	3
1682	0.82	2	1	3	41	3
1683	0.82	2	1	3	41	3
1684	0.84	1	1	3	42	3
1685	0.86	1	0	3	43	3
1686	0.86	1	0	3	43	3
1687	0.88	1	0	3	44	2
1688	0.88	1	0	3	44	2
1689	0.86	2	0	3	43	2
1690	0.84	2	1	3	42	2
1691	0.84	2	1	3	42	2
1692	0.84	2	1	3	42	2
1693	0.84	2	1	3	42	2
1694	0.84	2	1	3	42	2
1695	0.84	2	1	3	42	2
1696	0.84	2	1	3	42	2
1697	0.84	2	1	3	42	2
1698	0.84	2	1	3	42	2
1699	0.86	2	1	2	43	2
1700	0.86	2	1	2	43	2
1701	0.86	2	1	2	43	2
1702	0.86	2	1	2	43	2
1703	0.86	2	1	2	43	2
1704	0.88	1	1	2	44	2
1705	0.88	1	1	2	44	2
1706	0.88	1	1	1	44	3
1707	0.88	1	1	1	44	3
1708	0.88	1	1	1	44	3
1709	0.88	1	1	1	44	3
1710	0.88	1	1	1	44	3
1711	0.88	1	1	1	44	3
1712	0.86	1	1	1	43	4
1713	0.86	1	1	1	43	4
1714	0.86	1	1	1	43	4
1715	0.86	1	1	1	43	4
1716	0.86	1	1	1	43	4
1717	0.86	1	1	1	43	4
1718	0.88	1	1	1	44	3
1719	0.88	1	1	1	44	3
1720	0.88	1	1	1	44	3
1721	0.90	1	1	1	45	2
1722	0.90	1	1	1	45	2
1723	0.90	1	1	1	45	2
1724	0.90	1	1	1	45	2
1725	0.90	1	1	1	45	2
1726	0.90	1	1	1	45	2
1727	0.90	1	1	1	45	2
1728	0.90	1	1	1	45	2
1729	0.90	1	1	1	45	2
1730	0.90	1	1	1	45	2
1731	0.90	1	1	1	45	2
1732	0.90	1	1	1	45	2
1733	0.90	1	1	1	45	2
1734	0.88	1	1	2	44	2
1735	0.88	1	1	2	44	2
1736	0.88	1	1	2	44	2
1737	0.88	1	1	2	44	2
1738	0.88	1	1	2	44	2
1739	0.90	0	1	2	45	2
1740	0.90	0	0	3	45	2
1741	0.90	0	0	3	45	2
1742	0.90	0	0	3	45	2
1743	0.90	0	0	3	45	2
1744	0.90	0	0	3	45	2
1745	0.90	0	0	3	45	2
1746	0.92	0	0	2	46	2
1747	0.90	1	0	2	45	2
1748	0.90	1	0	2	45	2
1749	0.90	1	0	2	45	2
1750	0.90	1	0	2	45	2
1751	0.90	1	0	2	45	2
1752	0.90	1	0	2	45	2
1753	0.90	1	0	2	45	2
1754	0.88	1	1	2	44	2
1755	0.88	1	1	2	44	2
1756	0.90	1	1	2	45	1
1757	0.88	1	1	2	44	2
1758	0.88	1	1	2	44	2
1759	0.88	1	1	2	44	2
1760	0.88	1	1	2	44	2
1761	0.88	1	1	2	44	2
1762	0.90	1	1	2	45	1
1763	0.90	1	1	2	45	1
1764	0.90	1	1	2	45	1
1765	0.88	1	1	2	44	2
1766	0.88	1	1	2	44	2
1767	0.88	1	1	2	44	2
1768	0.86	2	1	2	43	2
1769	0.84	3	1	2	42	2
1770	0.84	3	1	2	42	2
1771	0.82	3	1	3	41	2
1772	0.82	3	1	3	41	2
1773	0.80	4	1	3	40	2
1774	0.80	4	1	3	40	2
1775	0.80	4	1	3	40	2
1776	0.78	4	1	4	39	2
1777	0.76	4	1	4	38	3
1778	0.76	4	1	4	38	3
1779	0.76	4	1	4	38	3
1780	0.74	4	1	5	37	3
1781	0.74	4	1	5	37	3
1782	0.74	4	1	5	37	3
1783	0.74	4	1	5	37	3
1784	0.76	4	1	4	38	3
1785	0.76	4	1	4	38	3
1786	0.76	4	1	4	38	3
1787	0.76	4	1	4	38	3
1788	0.76	4	1	4	38	3
1789	0.74	4	1	4	37	4
1790	0.76	4	1	3	38	4
1791	0.76	4	1	3	38	4
1792	0.76	4	1	3	38	4
1793	0.74	4	2	3	37	4
1794	0.74	4	2	3	37	4
1795	0.74	4	2	3	37	4
1796	0.74	4	2	3	37	4
1797	0.74	3	3	3	37	4
1798	0.74	3	3	3	37	4
1799	0.74	3	3	3	37	4
1800	0.74	3	3	3	37	4
1801	0.74	3	3	3	37	4
1802	0.74	3	3	3	37	4
1803	0.74	3	3	3	37	4
1804	0.76	3	2	3	38	4
1805	0.76	3	2	3	38	4
1806	0.76	3	2	3	38	4
1807	0.78	3	2	3	39	3
1808	0.78	3	2	3	39	3
1809	0.78	3	2	3	39	3
1810	0.78	3	2	3	39	3
1811	0.78	3	2	3	39	3
1812	0.78	3	2	3	39	3
1813	0.78	3	2	3	39	3
1814	0.78	3	2	3	39	3
1815	0.80	3	2	3	40	2
1816	0.80	3	2	3	40	2
1817	0.80	3	2	3	40	2
1818	0.82	2	2	3	41	2
1819	0.84	1	2	3	42	2
1820	0.84	1	2	3	42	2
1821	0.86	1	2	2	43	2
1822	0.86	1	2	2	43	2
1823	0.88	0	2	2	44	2
1824	0.88	0	2	2	44	2
1825	0.88	0	2	2	44	2
1826	0.90	0	2	1	45	2
1827	0.92	0	2	1	46	1
1828	0.92	0	2	1	46	1
1829	0.92	0	2	1	46	1
1830	0.92	1	2	0	46	1
1831	0.92	1	2	0	46	1
1832	0.92	1	2	0	46	1
1833	0.92	1	2	0	46	1
1834	0.92	1	2	0	46	1
1835	0.92	1	2	0	46	1
1836	0.92	1	2	0	46	1
1837	0.92	1	2	0	46	1
1838	0.92	1	2	0	46	1
1839	0.94	1	2	0	47	0
1840	0.94	1	2	0	47	0
1841	0.94	1	2	0	47	0
1842	0.94	1	2	0	47	0
1843	0.96	1	1	0	48	0
1844	0.94	1	2	0	47	0
1845	0.94	1	2	0	47	0
1846	0.94	1	2	0	47	0
1847	0.96	1	1	0	48	0
1848	0.96	1	1	0	48	0
1849	0.96	1	1	0	48	0
1850	0.96	1	1	0	48	0
1851	0.96	1	1	0	48	0
1852	0.96	1	1	0	48	0
1853	0.96	1	1	0	48	0
1854	0.96	1	1	0	48	0
1855	0.96	1	1	0	48	0
1856	0.96	1	1	0	48	0
1857	0.96	1	1	0	48	0
1858	0.96	1	1	0	48	0
1859	0.96	1	1	0	48	0
1860	0.96	1	1	0	48	0
1861	0.94	2	1	0	47	0
1862	0.94	2	1	0	47	0
1863	0.92	2	1	0	46	1
1864	0.92	2	1	0	46	1
1865	0.92	2	1	0	46	1
1866	0.92	2	1	0	46	1
1867	0.90	3	1	0	45	1
1868	0.90	3	1	0	45	1
1869	0.90	3	1	0	45	1
1870	0.90	3	1	0	45	1
1871	0.88	3	2	0	44	1
1872	0.88	3	2	0	44	1
1873	0.88	3	2	0	44	1
1874	0.88	3	2	0	44	1
1875	0.86	3	3	0	43	1
1876	0.86	3	3	0	43	1
1877	0.86	3	3	0	43	1
1878	0.86	3	3	0	43	1
1879	0.86	3	3	0	43	1
1880	0.88	2	3	0	44	1
1881	0.88	2	3	0	44	1
1882	0.88	2	3	0	44	1
1883	0.88	2	3	0	44	1
1884	0.88	2	3	0	44	1
1885	0.88	2	3	0	44	1
1886	0.86	2	4	0	43	1
1887	0.84	2	4	0	42	2
1888	0.84	2	4	0	42	2
1889	0.84	2	4	0	42	2
1890	0.84	2	4	0	42	2
1891	0.84	2	4	0	42	2
1892	0.84	2	4	0	42	2
1893	0.84	2	4	0	42	2
1894	0.84	3	3	0	42	2
1895	0.84	3	3	0	42	2
1896	0.84	3	3	0	42	2
1897	0.84	3	3	0	42	2
1898	0.82	3	3	1	41	2
1899	0.82	3	3	1	41	2
1900	0.82	3	3	1	41	2
1901	0.82	3	3	1	41	2
1902	0.80	4	3	1	40	2
1903	0.80	4	3	1	40	2
1904	0.80	4	3	1	40	2
1905	0.80	4	3	1	40	2
1906	0.80	4	3	1	40	2
1907	0.78	4	3	1	39	3
1908	0.78	4	3	1	39	3
1909	0.78	4	3	1	39	3
1910	0.76	5	3	1	38	3
1911	0.78	4	3	1	39	3
1912	0.78	4	3	1	39	3
1913	0.78	4	4	1	39	2
1914	0.78	4	4	1	39	2
1915	0.78	4	4	1	39	2
1916	0.78	4	4	1	39	2
1917	0.80	3	4	1	40	2
1918	0.80	3	4	1	40	2
1919	0.80	3	4	1	40	2
1920	0.80	3	4	1	40	2
1921	0.82	3	3	1	41	2
1922	0.82	3	3	1	41	2
1923	0.80	3	3	1	40	3
1924	0.80	3	3	1	40	3
1925	0.82	3	2	1	41	3
1926	0.82	3	2	1	41	3
1927	0.80	4	2	1	40	3
1928	0.80	4	2	1	40	3
1929	0.78	4	3	1	39	3
1930	0.78	4	3	1	39	3
1931	0.78	4	3	1	39	3
1932	0.78	4	3	1	39	3
1933	0.78	4	3	1	39	3
1934	0.78	4	3	1	39	3
1935	0.78	4	3	1	39	3
1936	0.80	4	2	1	40	3
1937	0.82	4	2	1	41	2
1938	0.82	4	2	1	41	2
1939	0.82	4	2	1	41	2
1940	0.82	4	2	1	41	2
1941	0.82	4	2	1	41	2
1942	0.80	4	2	2	40	2
1943	0.80	4	2	2	40	2
1944	0.82	3	2	2	41	2
1945	0.82	3	2	2	41	2
1946	0.80	3	3	2	40	2
1947	0.80	3	3	2	40	2
1948	0.82	3	3	1	41	2
1949	0.82	3	3	1	41	2
1950	0.82	3	3	1	41	2
1951	0.82	3	3	1	41	2
1952	0.84	2	3	1	42	2
1953	0.84	2	3	1	42	2
1954	0.82	2	4	1	41	2
1955	0.82	2	4	1	41	2
1956	0.82	2	4	1	41	2
1957	0.84	2	4	1	42	1
1958	0.84	2	4	1	42	1
1959	0.82	2	4	1	41	2
1960	0.84	1	4	1	42	2
1961	0.84	1	4	1	42	2
1962	0.84	1	4	1	42	2
1963	0.86	1	3	1	43	2
1964	0.84	1	3	2	42	2
1965	0.84	1	3	2	42	2
1966	0.82	2	3	2	41	2
1967	0.82	2	3	2	41	2
1968	0.82	2	3	2	41	2
1969	0.82	2	3	2	41	2
1970	0.80	2	3	2	40	3
1971	0.80	2	3	2	40	3
1972	0.78	2	4	2	39	3
1973	0.80	2	4	2	40	2
1974	0.78	3	4	2	39	2
1975	0.78	3	4	2	39	2
1976	0.78	3	4	2	39	2
1977	0.80	2	4	2	40	2
1978	0.80	2	4	2	40	2
1979	0.82	2	3	2	41	2
1980	0.82	2	3	2	41	2
1981	0.82	2	3	2	41	2
1982	0.82	2	3	2	41	2
1983	0.80	3	3	2	40	2
1984	0.80	3	3	2	40	2
1985	0.80	3	3	2	40	2
1986	0.80	3	3	2	40	2
1987	0.80	3	3	2	40	2
1988	0.80	3	3	2	40	2
1989	0.80	3	3	2	40	2
1990	0.80	3	3	2	40	2
1991	0.80	3	3	2	40	2
1992	0.82	3	3	1	41	2
1993	0.82	3	3	1	41	2
1994	0.82	3	3	1	41	2
1995	0.82	3	3	1	41	2
1996	0.84	3	2	1	42	2
1997	0.82	3	2	2	41	2
1998	0.82	3	2	2	41	2
1999	0.80	3	2	3	40	2
2000	0.06	3	2	3	39	3
2001	0.08	3	2	3	38	4
2002	0.10	3	2	3	37	5
2003	0.12	3	2	3	36	6
2004	0.14	3	1	3	36	7
2005	0.14	4	1	3	35	7
2006	0.16	4	1	3	34	8
2007	0.18	4	1	3	33	9
2008	0.20	4	1	3	32	10
2009	0.18	4	2	3	32	9
2010	0.18	4	3	3	31	9
2011	0.18	4	3	4	30	9
2012	0.20	4	3	4	29	10
2013	0.20	4	3	4	29	10
2014	0.20	5	3	3	29	10
2015	0.22	5	3	3	28	11
2016	0.24	4	3	3	28	12
2017	0.26	4	3	3	27	13
2018	0.26	5	3	3	26	13
2019	0.28	5	3	3	25	14
2020	0.28	5	3	3	25	14
2021	0.28	6	3	3	24	14
2022	0.30	6	2	3	24	15
2023	0.32	6	2	3	23	16
2024	0.34	5	2	3	23	17
2025	0.34	6	2	3	22	17
2026	0.36	6	2	3	21	18
2027	0.38	6	2	3	20	19
2028	0.40	6	2	3	19	20
2029	0.42	6	2	3	18	21
2030	0.44	6	2	3	17	22
2031	0.46	6	2	3	16	23
2032	0.46	6	3	3	15	23
2033	0.48	5	3	3	15	24
2034	0.50	5	3	3	14	25
2035	0.52	5	3	3	13	26
2036	0.54	5	3	3	12	27
2037	0.56	5	3	3	11	28
2038	0.58	5	3	3	10	29
2039	0.60	5	3	3	9	30
2040	0.62	5	3	3	8	31
2041	0.64	5	3	3	7	32
2042	0.64	6	3	3	6	32
2043	0.66	6	3	3	5	33
2044	0.66	6	4	3	4	33
2045	0.68	6	4	3	3	34
2046	0.70	6	4	3	2	35
2047	0.72	6	4	2	2	36
2048	0.74	6	4	2	1	37
2049	0.76	6	4	1	1	38
2050	0.76	6	4	1	1	38
2051	0.76	6	4	1	1	38
2052	0.76	6	4	1	1	38
2053	0.76	6	4	1	1	38
2054	0.76	6	4	1	1	38
2055	0.78	5	4	1	1	39
2056	0.78	5	4	1	1	39
2057	0.78	5	4	1	1	39
2058	0.78	5	4	1	1	39
2059	0.80	5	3	1	1	40
2060	0.80	5	3	1	1	40
2061	0.82	5	3	0	1	41
2062	0.80	5	4	0	1	40
2063	0.82	5	4	0	0	41
2064	0.84	4	4	0	0	42
2065	0.84	4	4	0	0	42
2066	0.84	4	4	0	0	42
2067	0.82	5	4	0	0	41
2068	0.82	5	4	0	0	41
2069	0.82	5	4	0	0	41
2070	0.82	5	4	0	0	41
2071	0.82	5	4	0	0	41
2072	0.82	5	4	0	0	41
2073	0.82	5	4	0	0	41
2074	0.82	5	4	0	0	41
2075	0.82	4	4	0	1	41
2076	0.82	4	4	0	1	41
2077	0.82	4	4	0	1	41
2078	0.80	4	4	1	1	40
2079	0.80	4	4	1	1	40
2080	0.80	4	4	1	1	40
2081	0.80	4	4	1	1	40
2082	0.82	4	3	1	1	41
2083	0.82	4	3	1	1	41
2084	0.82	4	3	1	1	41
2085	0.82	4	3	1	1	41
2086	0.82	4	3	1	1	41
2087	0.82	4	3	1	1	41
2088	0.82	4	3	1	1	41
2089	0.82	4	3	1	1	41
2090	0.80	5	3	1	1	40
2091	0.78	5	3	1	2	39
2092	0.80	4	3	1	2	40
2093	0.80	4	3	1	2	40
2094	0.82	4	2	1	2	41
2095	0.80	4	3	1	2	40
2096	0.80	4	3	1	2	40
2097	0.80	4	3	1	2	40
2098	0.78	4	4	1	2	39
2099	0.78	4	4	1	2	39
2100	0.78	4	4	1	2	39
2101	0.78	4	4	1	2	39
2102	0.78	4	4	1	2	39
2103	0.78	4	4	1	2	39
2104	0.78	4	4	1	2	39
2105	0.76	4	4	2	2	38
2106	0.74	4	5	2	2	37
2107	0.74	4	5	2	2	37
2108	0.74	4	5	2	2	37
2109	0.74	4	5	2	2	37
2110	0.76	4	4	2	2	38
2111	0.76	4	4	2	2	38
2112	0.78	4	3	2	2	39
2113	0.78	4	3	2	2	39
2114	0.78	4	3	2	2	39
2115	0.78	4	3	2	2	39
2116	0.78	4	3	2	2	39
2117	0.80	3	3	2	2	40
2118	0.80	2	4	2	2	40
2119	0.78	2	5	2	2	39
2120	0.76	3	5	2	2	38
2121	0.76	3	5	2	2	38
2122	0.76	3	5	2	2	38
2123	0.76	3	5	2	2	38
2124	0.76	3	5	2	2	38
2125	0.76	3	6	2	1	38
2126	0.76	3	6	2	1	38
2127	0.74	3	6	2	2	37
2128	0.76	3	6	1	2	38
2129	0.76	3	6	1	2	38
2130	0.76	3	6	1	2	38
2131	0.76	3	6	1	2	38
2132	0.76	3	6	1	2	38
2133	0.76	3	6	1	2	38
2134	0.74	4	6	1	2	37
2135	0.74	4	6	1	2	37
2136	0.72	4	7	1	2	36
2137	0.70	4	7	2	2	35
2138	0.70	4	7	2	2	35
2139	0.70	4	7	2	2	35
2140	0.72	3	7	2	2	36
2141	0.74	3	7	2	1	37
2142	0.74	3	7	2	1	37
2143	0.74	3	7	2	1	37
2144	0.74	3	7	2	1	37
2145	0.76	3	6	2	1	38
2146	0.76	3	6	2	1	38
2147	0.76	3	6	2	1	38
2148	0.78	3	5	2	1	39
2149	0.78	3	5	2	1	39
2150	0.78	3	5	2	1	39
2151	0.78	3	5	2	1	39
2152	0.76	3	5	3	1	38
2153	0.76	3	5	3	1	38
2154	0.74	3	5	3	2	37
2155	0.76	3	5	2	2	38
2156	0.76	4	4	2	2	38
2157	0.76	4	4	2	2	38
2158	0.76	4	4	2	2	38
2159	0.74	4	4	3	2	37
2160	0.74	4	4	3	2	37
2161	0.74	4	4	3	2	37
2162	0.74	4	4	3	2	37
2163	0.72	5	4	3	2	36
2164	0.72	5	4	3	2	36
2165	0.70	5	4	4	2	35
2166	0.68	5	4	5	2	34
2167	0.68	5	4	5	2	34
2168	0.68	5	3	5	3	34
2169	0.68	5	2	5	4	34
2170	0.70	4	2	5	4	35
2171	0.72	3	2	5	4	36
2172	0.70	3	2	5	5	35
2173	0.68	4	2	5	5	34
2174	0.68	4	2	5	5	34
2175	0.70	4	1	5	5	35
2176	0.70	4	1	5	5	35
2177	0.72	4	1	5	4	36
2178	0.72	4	1	5	4	36
2179	0.70	4	2	5	4	35
2180	0.70	4	2	5	4	35
2181	0.68	4	2	6	4	34
2182	0.68	4	2	6	4	34
2183	0.68	4	2	6	4	34
2184	0.70	3	2	6	4	35
2185	0.70	3	2	6	4	35
2186	0.72	3	1	6	4	36
2187	0.74	3	1	5	4	37
2188	0.74	3	1	5	4	37
2189	0.74	3	1	5	4	37
2190	0.74	3	1	5	4	37
2191	0.74	3	1	5	4	37
2192	0.74	3	1	5	4	37
2193	0.72	3	2	5	4	36
2194	0.72	3	2	5	4	36
2195	0.72	3	2	5	4	36
2196	0.72	3	2	5	4	36
2197	0.70	3	2	6	4	35
2198	0.70	3	2	6	4	35
2199	0.70	3	2	6	4	35
2200	0.68	3	2	7	4	34
2201	0.66	4	2	7	4	33
2202	0.68	4	2	6	4	34
2203	0.66	4	2	6	5	33
2204	0.66	5	2	6	4	33
2205	0.66	5	2	6	4	33
2206	0.66	4	2	6	5	33
2207	0.64	4	2	7	5	32
2208	0.64	4	2	7	5	32
2209	0.66	4	2	6	5	33
2210	0.64	5	2	6	5	32
2211	0.64	5	2	6	5	32
2212	0.64	5	2	6	5	32
2213	0.66	4	2	6	5	33
2214	0.66	4	2	6	5	33
2215	0.68	4	2	5	5	34
2216	0.70	4	2	4	5	35
2217	0.70	4	2	4	5	35
2218	0.72	4	2	4	4	36
2219	0.72	4	2	4	4	36
2220	0.72	4	2	4	4	36
2221	0.72	4	2	4	4	36
2222	0.74	4	2	4	3	37
2223	0.76	3	2	4	3	38
2224	0.76	3	2	4	3	38
2225	0.74	4	2	4	3	37
2226	0.74	4	2	4	3	37
2227	0.74	4	2	4	3	37
2228	0.74	4	2	4	3	37
2229	0.76	4	1	4	3	38
2230	0.76	4	1	4	3	38
2231	0.78	4	1	3	3	39
2232	0.78	4	1	3	3	39
2233	0.78	4	1	3	3	39
2234	0.78	4	1	3	3	39
2235	0.78	4	1	3	3	39
2236	0.78	4	1	3	3	39
2237	0.76	4	1	4	3	38
2238	0.76	4	1	4	3	38
2239	0.74	4	2	4	3	37
2240	0.74	4	2	4	3	37
2241	0.72	4	2	5	3	36
2242	0.72	4	2	5	3	36
2243	0.72	4	1	5	4	36
2244	0.72	4	1	5	4	36
2245	0.72	4	1	5	4	36
2246	0.72	4	1	5	4	36
2247	0.74	4	1	4	4	37
2248	0.74	4	1	4	4	37
2249	0.74	4	1	4	4	37
2250	0.74	5	1	3	4	37
2251	0.76	4	1	3	4	38
2252	0.76	4	1	3	4	38
2253	0.78	4	1	3	3	39
2254	0.78	3	1	4	3	39
2255	0.78	3	1	4	3	39
2256	0.80	3	1	4	2	40
2257	0.82	3	1	3	2	41
2258	0.80	4	1	3	2	40
2259	0.80	4	1	3	2	40
2260	0.82	3	1	3	2	41
2261	0.80	4	1	3	2	40
2262	0.80	4	1	3	2	40
2263	0.80	4	1	3	2	40
2264	0.80	4	1	3	2	40
2265	0.80	4	1	3	2	40
2266	0.80	4	1	3	2	40
2267	0.80	4	1	3	2	40
2268	0.80	4	1	3	2	40
2269	0.82	4	1	3	1	41
2270	0.82	4	1	3	1	41
2271	0.82	4	1	3	1	41
2272	0.82	4	1	3	1	41
2273	0.82	4	1	3	1	41
2274	0.82	4	1	3	1	41
2275	0.82	3	2	3	1	41
2276	0.82	3	2	3	1	41
2277	0.80	3	3	3	1	40
2278	0.78	4	3	3	1	39
2279	0.78	4	3	3	1	39
2280	0.76	4	3	3	2	38
2281	0.76	4	3	3	2	38
2282	0.76	4	3	3	2	38
2283	0.76	4	3	3	2	38
2284	0.76	4	3	3	2	38
2285	0.76	4	3	3	2	38
2286	0.76	4	3	3	2	38
2287	0.78	4	3	2	2	39
2288	0.76	4	3	2	3	38
2289	0.76	4	2	2	4	38
2290	0.76	4	2	2	4	38
2291	0.78	4	2	1	4	39
2292	0.78	4	2	1	4	39
2293	0.80	4	2	1	3	40
2294	0.80	4	2	1	3	40
2295	0.80	4	2	1	3	40
2296	0.78	4	3	1	3	39
2297	0.76	4	4	1	3	38
2298	0.76	4	4	1	3	38
2299	0.76	4	4	1	3	38
2300	0.78	3	4	1	3	39
2301	0.78	3	4	1	3	39
2302	0.78	3	4	1	3	39
2303	0.78	3	4	1	3	39
2304	0.80	3	4	0	3	40
2305	0.80	3	4	0	3	40
2306	0.80	3	4	0	3	40
2307	0.80	3	4	0	3	40
2308	0.82	2	4	0	3	41
2309	0.82	2	4	0	3	41
2310	0.82	2	4	0	3	41
2311	0.84	1	4	0	3	42
2312	0.84	1	4	0	3	42
2313	0.84	1	4	0	3	42
2314	0.84	1	4	0	3	42
2315	0.84	1	4	0	3	42
2316	0.82	1	4	0	4	41
2317	0.82	1	4	0	4	41
2318	0.80	1	4	0	5	40
2319	0.80	1	4	0	5	40
2320	0.78	1	5	0	5	39
2321	0.78	1	5	0	5	39
2322	0.76	1	5	1	5	38
2323	0.76	1	5	1	5	38
2324	0.74	1	5	2	5	37
2325	0.76	1	4	2	5	38
2326	0.76	1	4	2	5	38
2327	0.78	1	3	2	5	39
2328	0.80	0	3	2	5	40
2329	0.80	0	3	2	5	40
2330	0.82	0	3	2	4	41
2331	0.82	0	3	2	4	41
2332	0.82	0	3	2	4	41
2333	0.82	0	3	2	4	41
2334	0.82	0	3	2	4	41
2335	0.82	0	3	2	4	41
2336	0.82	0	3	2	4	41
2337	0.82	0	3	2	4	41
2338	0.84	0	3	2	3	42
2339	0.86	0	3	2	2	43
2340	0.86	0	3	2	2	43
2341	0.84	1	3	2	2	42
2342	0.84	1	3	2	2	42
2343	0.84	1	3	2	2	42
2344	0.84	1	3	2	2	42
2345	0.84	1	3	2	2	42
2346	0.86	1	2	2	2	43
2347	0.88	1	1	2	2	44
2348	0.88	1	1	2	2	44
2349	0.86	1	2	2	2	43
2350	0.84	1	2	2	3	42
2351	0.84	1	2	2	3	42
2352	0.84	1	2	2	3	42
2353	0.84	1	2	2	3	42
2354	0.84	1	2	2	3	42
2355	0.82	2	2	2	3	41
2356	0.82	2	2	2	3	41
2357	0.82	2	2	2	3	41
2358	0.82	2	2	2	3	41
2359	0.82	2	2	2	3	41
2360	0.82	2	2	2	3	41
2361	0.82	2	2	2	3	41
2362	0.82	2	2	2	3	41
2363	0.82	2	2	2	3	41
2364	0.80	3	2	2	3	40
2365	0.78	3	2	3	3	39
2366	0.80	3	2	3	2	40
2367	0.80	3	2	3	2	40
2368	0.82	3	2	3	1	41
2369	0.82	3	2	3	1	41
2370	0.84	3	1	3	1	42
2371	0.84	3	1	3	1	42
2372	0.84	3	1	2	2	42
2373	0.84	3	1	2	2	42
2374	0.84	4	1	1	2	42
2375	0.84	4	1	1	2	42
2376	0.84	4	1	1	2	42
2377	0.84	4	1	1	2	42
2378	0.84	4	1	1	2	42
2379	0.84	4	1	1	2	42
2380	0.84	4	1	1	2	42
2381	0.84	4	1	1	2	42
2382	0.84	4	1	1	2	42
2383	0.82	4	1	2	2	41
2384	0.82	4	1	2	2	41
2385	0.80	4	2	2	2	40
2386	0.80	4	2	2	2	40
2387	0.80	4	2	2	2	40
2388	0.80	4	2	2	2	40
2389	0.80	4	2	2	2	40
2390	0.80	4	2	2	2	40
2391	0.82	3	2	2	2	41
2392	0.82	3	2	2	2	41
2393	0.82	3	2	2	2	41
2394	0.82	3	2	2	2	41
2395	0.82	3	2	2	2	41
2396	0.82	3	2	2	2	41
2397	0.82	3	2	2	2	41
2398	0.82	3	2	2	2	41
2399	0.84	3	1	2	2	42
2400	0.86	3	1	2	1	43
2401	0.86	3	1	2	1	43
2402	0.86	3	1	2	1	43
2403	0.86	3	1	2	1	43
2404	0.84	3	1	3	1	42
2405	0.86	2	1	3	1	43
2406	0.86	2	1	3	1	43
2407	0.84	3	1	3	1	42
2408	0.84	3	1	3	1	42
2409	0.84	3	1	3	1	42
2410	0.84	3	1	3	1	42
2411	0.84	3	1	3	1	42
2412	0.84	3	1	3	1	42
2413	0.84	3	1	3	1	42
2414	0.84	3	1	3	1	42
2415	0.86	3	1	2	1	43
2416	0.86	3	1	2	1	43
2417	0.86	3	1	2	1	43
2418	0.86	3	1	2	1	43
2419	0.86	3	1	2	1	43
2420	0.86	3	1	2	1	43
2421	0.86	3	1	2	1	43
2422	0.88	3	1	2	0	44
2423	0.88	3	1	2	0	44
2424	0.90	2	1	2	0	45
2425	0.90	2	1	2	0	45
2426	0.90	2	1	2	0	45
2427	0.90	2	1	2	0	45
2428	0.88	2	1	2	1	44
2429	0.86	2	1	2	2	43
2430	0.86	2	1	2	2	43
2431	0.86	2	1	2	2	43
2432	0.84	3	1	2	2	42
2433	0.86	3	1	1	2	43
2434	0.86	3	1	1	2	43
2435	0.88	3	0	1	2	44
2436	0.88	3	0	1	2	44
2437	0.88	3	0	1	2	44
2438	0.88	3	0	1	2	44
2439	0.88	3	0	1	2	44
2440	0.88	3	0	1	2	44
2441	0.88	3	0	1	2	44
2442	0.88	3	0	1	2	44
2443	0.88	3	0	1	2	44
2444	0.86	4	0	1	2	43
2445	0.86	4	0	1	2	43
2446	0.86	4	0	1	2	43
2447	0.86	4	0	1	2	43
2448	0.86	4	0	1	2	43
2449	0.86	4	0	1	2	43
2450	0.86	4	0	1	2	43
2451	0.86	4	0	1	2	43
2452	0.84	4	1	1	2	42
2453	0.84	4	1	1	2	42
2454	0.86	4	1	0	2	43
2455	0.86	4	1	0	2	43
2456	0.86	4	1	0	2	43
2457	0.88	3	1	0	2	44
2458	0.88	3	1	0	2	44
2459	0.88	3	1	0	2	44
2460	0.88	3	1	0	2	44
2461	0.88	3	1	0	2	44
2462	0.88	3	1	0	2	44
2463	0.88	3	1	0	2	44
2464	0.90	2	1	0	2	45
2465	0.90	2	1	0	2	45
2466	0.90	2	1	0	2	45
2467	0.90	2	1	0	2	45
2468	0.90	2	1	0	2	45
2469	0.90	2	1	0	2	45
2470	0.90	2	1	0	2	45
2471	0.90	2	1	0	2	45
2472	0.88	2	1	1	2	44
2473	0.88	2	1	1	2	44
2474	0.88	2	1	1	2	44
2475	0.88	2	1	1	2	44
2476	0.88	2	1	1	2	44
2477	0.88	2	1	1	2	44
2478	0.88	3	1	1	1	44
2479	0.90	3	1	1	0	45
2480	0.90	3	1	1	0	45
2481	0.90	3	1	1	0	45
2482	0.90	2	1	2	0	45
2483	0.90	2	1	2	0	45
2484	0.90	2	1	2	0	45
2485	0.90	2	1	2	0	45
2486	0.90	2	1	2	0	45
2487	0.90	2	1	2	0	45
2488	0.90	2	1	2	0	45
2489	0.90	2	1	2	0	45
2490	0.88	2	1	2	1	44
2491	0.88	2	1	2	1	44
2492	0.88	2	1	2	1	44
2493	0.88	2	1	2	1	44
2494	0.90	1	1	2	1	45
2495	0.90	1	1	2	1	45
2496	0.90	1	1	2	1	45
2497	0.90	1	1	2	1	45
2498	0.88	1	2	2	1	44
2499	0.88	1	2	2	1	44
2500	0.02	1	2	2	1	44
2501	0.02	1	2	2	1	44
2502	0.02	1	1	2	1	45
2503	0.04	2	1	2	1	44
2504	0.04	2	1	2	1	44
2505	0.06	3	1	2	1	43
2506	0.08	4	1	2	1	42
2507	0.10	5	1	2	1	41
2508	0.12	6	1	2	1	40
2509	0.14	7	1	2	1	39
2510	0.16	8	1	2	1	38
2511	0.16	8	2	2	1	37
2512	0.18	9	2	2	1	36
2513	0.20	10	2	2	1	35
2514	0.20	10	2	2	1	35
2515	0.22	11	2	2	1	34
2516	0.24	12	2	2	1	33
2517	0.24	12	2	2	1	33
2518	0.24	12	2	3	1	32
2519	0.26	13	2	3	1	31
2520	0.26	13	2	3	1	31
2521	0.26	13	2	3	1	31
2522	0.28	14	2	2	1	31
2523	0.30	15	2	2	1	30
2524	0.32	16	2	2	1	29
2525	0.34	17	2	2	1	28
2526	0.34	17	2	2	2	27
2527	0.36	18	2	2	2	26
2528	0.36	18	2	2	2	26
2529	0.38	19	2	2	2	25
2530	0.40	20	2	2	2	24
2531	0.42	21	2	2	2	23
2532	0.44	22	2	1	2	23
2533	0.46	23	2	1	2	22
2534	0.48	24	2	1	2	21
2535	0.50	25	2	1	2	20
2536	0.52	26	2	1	2	19
2537	0.54	27	2	1	2	18
2538	0.56	28	2	1	2	17
2539	0.56	28	2	1	3	16
2540	0.56	28	3	1	2	16
2541	0.58	29	3	1	2	15
2542	0.60	30	3	1	2	14
2543	0.62	31	3	1	2	13
2544	0.64	32	3	1	2	12
2545	0.66	33	3	1	2	11
2546	0.66	33	3	2	2	10
2547	0.66	33	4	2	2	9
2548	0.68	34	3	2	2	9
2549	0.70	35	3	2	2	8
2550	0.70	35	4	2	2	7
2551	0.72	36	4	2	2	6
2552	0.74	37	4	2	2	5
2553	0.74	37	4	2	2	5
2554	0.76	38	4	2	2	4
2555	0.76	38	4	2	2	4
2556	0.74	37	5	2	2	4
2557	0.74	37	5	2	2	4
2558	0.74	37	5	2	2	4
2559	0.74	37	5	2	2	4
2560	0.74	37	5	2	2	4
2561	0.74	37	5	2	2	4
2562	0.74	37	5	2	2	4
2563	0.74	37	5	2	2	4
2564	0.76	38	5	2	2	3
2565	0.76	38	5	2	2	3
2566	0.74	37	5	2	2	4
2567	0.74	37	5	2	2	4
2568	0.76	38	5	1	2	4
2569	0.76	38	5	1	2	4
2570	0.76	38	5	1	2	4
2571	0.76	38	5	1	3	3
2572	0.76	38	5	1	3	3
2573	0.76	38	5	1	3	3
2574	0.76	38	5	1	3	3
2575	0.76	38	5	1	3	3
2576	0.78	39	5	1	2	3
2577	0.78	39	5	1	2	3
2578	0.78	39	5	1	2	3
2579	0.78	39	5	1	2	3
2580	0.76	38	5	2	2	3
2581	0.76	38	5	2	2	3
2582	0.76	38	5	2	2	3
2583	0.76	38	5	2	2	3
2584	0.76	38	5	2	2	3
2585	0.74	37	6	2	2	3
2586	0.74	37	6	2	2	3
2587	0.74	37	6	2	2	3
2588	0.74	37	6	2	2	3
2589	0.74	37	6	2	1	4
2590	0.76	38	5	2	1	4
2591	0.76	38	5	2	1	4
2592	0.76	38	5	2	1	4
2593	0.76	38	5	2	1	4
2594	0.76	38	5	2	1	4
2595	0.76	38	5	2	1	4
2596	0.78	39	5	1	1	4
2597	0.80	40	4	1	1	4
2598	0.80	40	4	1	1	4
2599	0.80	40	4	1	1	4
2600	0.82	41	3	1	1	4
2601	0.82	41	3	1	1	4
2602	0.80	40	3	1	2	4
2603	0.80	40	3	1	2	4
2604	0.78	39	3	1	2	5
2605	0.78	39	3	1	2	5
2606	0.80	40	2	1	2	5
2607	0.80	40	2	1	2	5
2608	0.80	40	2	1	2	5
2609	0.78	39	2	1	3	5
2610	0.78	39	2	1	3	5
2611	0.80	40	1	1	3	5
2612	0.78	39	1	2	3	5
2613	0.78	39	1	2	3	5
2614	0.76	38	2	2	3	5
2615	0.76	38	2	2	3	5
2616	0.78	39	2	2	3	4
2617	0.80	40	2	2	3	3
2618	0.80	40	2	2	3	3
2619	0.80	40	2	2	3	3
2620	0.80	40	2	2	3	3
2621	0.82	41	2	2	2	3
2622	0.82	41	2	2	2	3
2623	0.80	40	2	2	3	3
2624	0.78	39	2	3	3	3
2625	0.76	38	2	3	3	4
2626	0.76	38	2	3	3	4
2627	0.74	37	2	3	4	4
2628	0.74	37	2	3	4	4
2629	0.74	37	2	3	4	4
2630	0.76	38	2	2	4	4
2631	0.74	37	2	3	4	4
2632	0.74	37	2	3	4	4
2633	0.72	36	3	3	4	4
2634	0.72	36	3	3	4	4
2635	0.74	37	2	3	4	4
2636	0.74	37	2	3	4	4
2637	0.72	36	2	3	4	5
2638	0.72	36	2	3	4	5
2639	0.74	37	2	3	4	4
2640	0.74	37	2	3	4	4
2641	0.74	37	2	3	4	4
2642	0.74	37	2	3	4	4
2643	0.74	37	2	3	4	4
2644	0.74	37	2	3	4	4
2645	0.74	37	2	3	4	4
2646	0.74	37	2	3	4	4
2647	0.74	37	2	3	4	4
2648	0.74	37	2	3	4	4
2649	0.74	37	2	3	4	4
2650	0.74	37	2	3	4	4
2651	0.74	37	2	3	4	4
2652	0.76	38	2	3	3	4
2653	0.76	38	2	3	3	4
2654	0.78	39	2	3	3	3
2655	0.78	39	2	3	3	3
2656	0.78	39	2	3	3	3
2657	0.78	39	2	3	3	3
2658	0.78	39	2	3	3	3
2659	0.80	40	2	3	2	3
2660	0.80	40	2	3	2	3
2661	0.80	40	2	3	2	3
2662	0.82	41	2	2	2	3
2663	0.82	41	2	2	2	3
2664	0.84	42	1	2	2	3
2665	0.82	41	1	3	2	3
2666	0.82	41	1	3	2	3
2667	0.82	41	1	3	2	3
2668	0.80	40	1	4	2	3
2669	0.78	39	1	4	3	3
2670	0.80	40	1	4	3	2
2671	0.80	40	1	4	3	2
2672	0.80	40	1	4	3	2
2673	0.82	41	1	4	2	2
2674	0.82	41	2	3	2	2
2675	0.84	42	2	3	2	1
2676	0.84	42	2	3	2	1
2677	0.86	43	2	3	1	1
2678	0.86	43	2	3	1	1
2679	0.86	43	2	3	1	1
2680	0.86	43	2	3	1	1
2681	0.86	43	2	2	1	2
2682	0.86	43	2	2	1	2
2683	0.88	44	1	2	1	2
2684	0.88	44	1	2	1	2
2685	0.88	44	1	2	1	2
2686	0.88	44	1	2	1	2
2687	0.90	45	1	2	1	1
2688	0.90	45	1	2	1	1
2689	0.90	45	1	2	1	1
2690	0.90	45	1	2	1	1
2691	0.90	45	1	2	1	1
2692	0.90	45	1	2	1	1
2693	0.90	45	1	2	1	1
2694	0.90	45	1	2	1	1
2695	0.90	45	1	2	1	1
2696	0.90	45	1	2	1	1
2697	0.90	45	1	2	1	1
2698	0.90	45	1	2	1	1
2699	0.90	45	1	2	1	1
2700	0.90	45	1	2	1	1
2701	0.90	45	1	2	1	1
2702	0.90	45	1	2	1	1
2703	0.90	45	1	2	1	1
2704	0.90	45	1	2	1	1
2705	0.88	44	1	2	2	1
2706	0.88	44	1	2	2	1
2707	0.88	44	1	2	2	1
2708	0.88	44	1	2	2	1
2709	0.86	43	2	2	2	1
2710	0.86	43	2	2	2	1
2711	0.86	43	2	2	2	1
2712	0.86	43	2	2	2	1
2713	0.86	43	2	2	2	1
2714	0.86	43	2	2	2	1
2715	0.88	44	2	1	2	1
2716	0.88	44	2	1	2	1
2717	0.88	44	2	1	2	1
2718	0.90	45	2	0	2	1
2719	0.90	45	2	0	1	2
2720	0.88	44	2	1	1	2
2721	0.88	44	2	1	1	2
2722	0.88	44	2	1	1	2
2723	0.86	43	3	1	1	2
2724	0.88	44	2	1	1	2
2725	0.88	44	2	1	1	2
2726	0.88	44	2	1	1	2
2727	0.88	44	2	1	1	2
2728	0.88	44	2	1	1	2
2729	0.86	43	3	1	1	2
2730	0.86	43	3	1	1	2
2731	0.88	44	3	1	1	1
2732	0.88	44	3	1	1	1
2733	0.86	43	4	1	1	1
2734	0.86	43	4	1	1	1
2735	0.86	43	4	1	1	1
2736	0.84	42	4	1	2	1
2737	0.84	42	4	1	2	1
2738	0.84	42	4	1	2	1
2739	0.84	42	4	1	2	1
2740	0.82	41	4	1	2	2
2741	0.80	40	5	1	2	2
2742	0.80	40	5	1	2	2
2743	0.80	40	5	1	2	2
2744	0.80	40	5	1	2	2
2745	0.80	40	5	1	2	2
2746	0.80	40	5	1	2	2
2747	0.80	40	5	1	2	2
2748	0.80	40	5	1	2	2
2749	0.80	40	5	1	2	2
2750	0.80	40	5	1	2	2
2751	0.80	40	5	1	2	2
2752	0.80	40	5	1	2	2
2753	0.80	40	5	1	2	2
2754	0.80	40	5	1	2	2
2755	0.82	41	5	1	1	2
2756	0.82	41	5	1	1	2
2757	0.82	41	5	1	1	2
2758	0.82	41	5	1	1	2
2759	0.84	42	4	1	1	2
2760	0.84	42	4	1	1	2
2761	0.84	42	4	1	1	2
2762	0.84	42	4	1	1	2
2763	0.84	42	4	1	1	2
2764	0.84	42	4	1	1	2
2765	0.84	42	4	1	1	2
2766	0.84	42	4	1	1	2
2767	0.84	42	4	1	1	2
2768	0.84	42	4	1	1	2
2769	0.86	43	4	1	1	1
2770	0.88	44	4	0	1	1
2771	0.86	43	4	0	1	2
2772	0.86	43	4	0	1	2
2773	0.88	44	3	0	1	2
2774	0.88	44	3	0	1	2
2775	0.88	44	3	0	1	2
2776	0.88	44	3	0	1	2
2777	0.88	44	3	0	1	2
2778	0.88	44	3	0	1	2
2779	0.90	45	2	0	1	2
2780	0.90	45	2	0	1	2
2781	0.90	45	2	0	1	2
2782	0.90	45	2	0	1	2
2783	0.92	46	1	0	1	2
2784	0.92	46	1	0	1	2
2785	0.90	45	1	0	1	3
2786	0.92	46	1	0	0	3
2787	0.92	46	1	0	0	3
2788	0.92	46	1	0	0	3
2789	0.92	46	1	0	0	3
2790	0.94	47	1	0	0	2
2791	0.96	48	0	0	0	2
2792	0.96	48	0	0	0	2
2793	0.94	47	1	0	0	2
2794	0.94	47	1	0	0	2
2795	0.94	47	1	0	0	2
2796	0.94	47	1	0	0	2
2797	0.92	46	2	0	0	2
2798	0.92	46	2	0	0	2
2799	0.92	46	2	0	0	2
2800	0.92	46	2	0	0	2
2801	0.92	46	2	0	0	2
2802	0.92	46	2	0	0	2
2803	0.92	46	2	0	0	2
2804	0.90	45	3	0	0	2
2805	0.90	45	3	0	0	2
2806	0.90	45	3	0	0	2
2807	0.88	44	3	1	0	2
2808	0.88	44	3	1	0	2
2809	0.88	44	3	1	0	2
2810	0.88	44	3	1	0	2
2811	0.88	44	3	1	0	2
2812	0.88	44	3	1	0	2
2813	0.86	43	4	1	0	2
2814	0.86	43	4	1	0	2
2815	0.84	42	4	2	0	2
2816	0.84	42	4	2	0	2
2817	0.84	42	4	2	0	2
2818	0.84	42	4	2	0	2
2819	0.84	42	4	2	0	2
2820	0.84	42	4	2	0	2
2821	0.86	43	4	2	0	1
2822	0.86	43	4	2	0	1
2823	0.86	43	4	2	0	1
2824	0.86	43	4	2	0	1
2825	0.86	43	4	2	0	1
2826	0.86	43	4	2	0	1
2827	0.86	43	4	2	0	1
2828	0.86	43	4	2	0	1
2829	0.86	43	4	2	0	1
2830	0.86	43	4	2	0	1
2831	0.84	42	5	2	0	1
2832	0.84	42	5	2	0	1
2833	0.84	42	5	2	0	1
2834	0.84	42	5	2	0	1
2835	0.86	43	5	2	0	0
2836	0.86	43	5	2	0	0
2837	0.84	42	6	2	0	0
2838	0.84	42	6	2	0	0
2839	0.84	42	6	2	0	0
2840	0.84	42	6	2	0	0
2841	0.84	42	6	2	0	0
2842	0.84	42	6	2	0	0
2843	0.86	43	5	2	0	0
2844	0.86	43	5	2	0	0
2845	0.86	43	5	2	0	0
2846	0.86	43	5	2	0	0
2847	0.88	44	4	2	0	0
2848	0.88	44	4	2	0	0
2849	0.86	43	4	3	0	0
2850	0.86	43	4	3	0	0
2851	0.86	43	4	3	0	0
2852	0.86	43	4	3	0	0
2853	0.86	43	4	3	0	0
2854	0.86	43	3	4	0	0
2855	0.86	43	3	4	0	0
2856	0.84	42	3	5	0	0
2857	0.86	43	3	4	0	0
2858	0.86	43	3	4	0	0
2859	0.86	43	3	4	0	0
2860	0.84	42	3	4	1	0
2861	0.84	42	3	4	1	0
2862	0.84	42	3	4	1	0
2863	0.86	43	2	4	1	0
2864	0.84	42	3	4	1	0
2865	0.84	42	4	3	1	0
2866	0.84	42	4	3	1	0
2867	0.84	42	4	3	1	0
2868	0.84	42	4	3	1	0
2869	0.84	42	4	3	1	0
2870	0.84	42	4	3	1	0
2871	0.84	42	4	3	1	0
2872	0.84	42	4	3	1	0
2873	0.84	42	4	3	1	0
2874	0.84	42	4	3	1	0
2875	0.82	41	4	3	1	1
2876	0.82	41	4	3	1	1
2877	0.82	41	4	3	1	1
2878	0.82	41	4	3	1	1
2879	0.82	41	4	3	1	1
2880	0.80	40	4	3	1	2
2881	0.82	41	3	3	1	2
2882	0.82	41	3	3	1	2
2883	0.82	41	3	3	1	2
2884	0.82	41	3	3	1	2
2885	0.82	41	3	3	1	2
2886	0.82	41	3	3	1	2
2887	0.82	41	2	3	1	3
2888	0.82	41	2	3	1	3
2889	0.80	40	2	3	1	4
2890	0.80	40	2	3	1	4
2891	0.80	40	2	3	1	4
2892	0.80	40	2	3	1	4
2893	0.80	40	2	3	1	4
2894	0.80	40	2	3	1	4
2895	0.80	40	2	3	1	4
2896	0.78	39	2	4	1	4
2897	0.78	39	2	4	1	4
2898	0.78	39	2	4	1	4
2899	0.80	40	2	3	1	4
2900	0.80	40	2	3	1	4
2901	0.80	40	2	3	1	4
2902	0.80	40	2	3	1	4
2903	0.80	40	2	3	1	4
2904	0.82	41	2	2	1	4
2905	0.80	40	2	2	1	5
2906	0.80	40	2	2	1	5
2907	0.80	40	2	2	1	5
2908	0.80	40	2	2	1	5
2909	0.78	39	2	3	1	5
2910	0.80	40	2	3	0	5
2911	0.80	40	2	3	0	5
2912	0.78	39	2	3	1	5
2913	0.76	38	2	3	2	5
2914	0.78	39	1	3	2	5
2915	0.78	39	0	3	2	6
2916	0.78	39	0	3	2	6
2917	0.78	39	0	3	2	6
2918	0.78	39	0	3	2	6
2919	0.76	38	0	3	3	6
2920	0.76	38	0	3	3	6
2921	0.76	38	0	3	3	6
2922	0.76	38	0	3	3	6
2923	0.76	38	0	3	3	6
2924	0.76	38	0	3	3	6
2925	0.76	38	0	3	4	5
2926	0.74	37	0	4	4	5
2927	0.74	37	0	4	4	5
2928	0.72	36	0	4	5	5
2929	0.70	35	0	4	6	5
2930	0.70	35	0	5	6	4
2931	0.70	35	0	5	6	4
2932	0.70	35	0	5	6	4
2933	0.68	34	0	6	6	4
2934	0.68	34	0	6	6	4
2935	0.68	34	0	6	6	4
2936	0.66	33	1	6	6	4
2937	0.68	34	1	6	6	3
2938	0.68	34	1	6	6	3
2939	0.70	35	1	6	6	2
2940	0.70	35	1	6	6	2
2941	0.70	35	1	6	6	2
2942	0.70	35	1	6	6	2
2943	0.68	34	1	6	6	3
2944	0.68	34	1	6	6	3
2945	0.68	34	1	6	6	3
2946	0.70	35	1	5	6	3
2947	0.70	35	1	5	6	3
2948	0.70	35	1	5	6	3
2949	0.68	34	1	5	7	3
2950	0.66	33	1	5	7	4
2951	0.66	33	1	5	7	4
2952	0.66	33	1	5	7	4
2953	0.64	32	1	5	8	4
2954	0.64	32	1	5	8	4
2955	0.64	32	1	6	8	3
2956	0.64	32	1	5	9	3
2957	0.64	32	1	5	9	3
2958	0.64	32	1	5	9	3
2959	0.66	33	1	4	9	3
2960	0.64	32	1	4	10	3
2961	0.64	32	1	4	10	3
2962	0.64	32	2	4	9	3
2963	0.66	33	2	4	8	3
2964	0.66	33	2	4	8	3
2965	0.68	34	2	4	8	2
2966	0.66	33	2	4	9	2
2967	0.64	32	2	5	9	2
2968	0.64	32	2	5	9	2
2969	0.66	33	2	5	8	2
2970	0.66	33	2	5	8	2
2971	0.66	33	2	5	8	2
2972	0.66	33	2	5	8	2
2973	0.66	33	2	5	8	2
2974	0.66	33	2	5	8	2
2975	0.68	34	2	5	7	2
2976	0.70	35	2	4	7	2
2977	0.70	35	2	4	7	2
2978	0.72	36	2	4	6	2
2979	0.74	37	2	4	5	2
2980	0.74	37	2	4	5	2
2981	0.74	37	2	4	5	2
2982	0.74	37	2	4	5	2
2983	0.76	38	2	3	5	2
2984	0.76	38	2	3	5	2
2985	0.76	38	2	3	5	2
2986	0.76	38	1	3	6	2
2987	0.76	38	1	3	6	2
2988	0.76	38	1	3	6	2
2989	0.74	37	1	3	7	2
2990	0.74	37	1	3	7	2
2991	0.74	37	1	3	7	2
2992	0.74	37	1	3	7	2
2993	0.76	38	1	3	7	1
2994	0.76	38	1	3	7	1
2995	0.74	37	2	3	7	1
2996	0.74	37	2	3	7	1
2997	0.74	37	2	3	7	1
2998	0.74	37	2	3	7	1
2999	0.76	38	2	3	6	1
