timestep	swarm_quality	color_0	color_1	color_2	color_3	color_4
0	0.68	34	4	2	6	4
1	0.66	33	4	3	6	4
2	0.64	32	4	4	6	4
3	0.62	31	4	4	7	4
4	0.60	30	4	4	8	4
5	0.60	30	4	4	8	4
6	0.60	30	4	4	8	4
7	0.60	30	4	4	8	4
8	0.58	29	4	4	9	4
9	0.56	28	4	5	9	4
10	0.56	28	4	5	9	4
11	0.56	28	4	5	9	4
12	0.56	28	4	5	9	4
13	0.54	27	4	5	9	5
14	0.54	27	4	5	9	5
15	0.54	27	4	5	9	5
16	0.54	27	4	5	9	5
17	0.54	27	4	5	9	5
18	0.54	27	4	5	9	5
19	0.54	27	4	5	9	5
20	0.52	26	4	5	9	6
21	0.52	26	4	5	9	6
22	0.52	26	4	5	9	6
23	0.52	26	4	5	9	6
24	0.52	26	4	5	9	6
25	0.50	25	5	5	9	6
26	0.48	24	5	5	10	6
27	0.48	24	5	5	10	6
28	0.46	23	5	6	10	6
29	0.46	23	5	6	10	6
30	0.46	23	5	6	10	6
31	0.46	23	5	6	10	6
32	0.46	23	5	6	10	6
33	0.46	23	5	6	10	6
34	0.46	23	5	6	10	6
35	0.48	24	5	6	9	6
36	0.50	25	5	6	8	6
37	0.52	26	5	6	7	6
38	0.54	27	5	6	7	5
39	0.56	28	5	6	6	5
40	0.58	29	5	5	6	5
41	0.58	29	6	4	6	5
42	0.60	30	5	4	6	5
43	0.62	31	5	4	6	4
44	0.64	32	4	4	6	4
45	0.66	33	3	4	6	4
46	0.68	34	2	4	6	4
47	0.70	35	2	4	6	3
48	0.70	35	2	4	7	2
49	0.72	36	2	4	6	2
50	0.74	37	2	4	5	2
51	0.74	37	2	4	5	2
52	0.76	38	2	3	5	2
53	0.78	39	2	3	4	2
54	0.80	40	2	3	3	2
55	0.80	40	2	3	3	2
56	0.80	40	2	3	3	2
57	0.80	40	2	3	3	2
58	0.82	41	2	3	2	2
59	0.84	42	2	2	2	2
60	0.84	42	2	2	2	2
61	0.84	42	2	2	2	2
62	0.84	42	2	2	2	2
63	0.84	42	2	3	2	1
64	0.84	42	2	3	2	1
65	0.84	42	2	3	2	1
66	0.82	41	2	4	2	1
67	0.82	41	2	4	2	1
68	0.82	41	2	4	2	1
69	0.82	41	2	4	2	1
70	0.84	42	2	4	2	0
71	0.84	42	2	4	2	0
72	0.84	42	2	4	2	0
73	0.84	42	2	4	2	0
74	0.84	42	2	4	2	0
75	0.86	43	1	4	2	0
76	0.88	44	1	4	1	0
77	0.88	44	1	4	1	0
78	0.90	45	1	3	1	0
79	0.90	45	1	3	1	0
80	0.90	45	1	3	1	0
81	0.90	45	1	3	1	0
82	0.90	45	1	3	1	0
83	0.90	45	1	3	1	0
84	0.88	44	2	3	1	0
85	0.88	44	2	3	1	0
86	0.88	44	2	3	1	0
87	0.88	44	2	3	1	0
88	0.88	44	2	3	1	0
89	0.88	44	2	3	1	0
90	0.88	44	2	3	1	0
91	0.90	45	1	3	1	0
92	0.88	44	2	3	1	0
93	0.88	44	2	3	1	0
94	0.88	44	2	3	1	0
95	0.88	44	2	3	1	0
96	0.88	44	2	3	1	0
97	0.88	44	2	3	1	0
98	0.90	45	2	3	0	0
99	0.90	45	2	3	0	0
100	0.90	45	2	3	0	0
101	0.92	46	2	2	0	0
102	0.92	46	2	2	0	0
103	0.92	46	2	2	0	0
104	0.90	45	3	2	0	0
105	0.90	45	3	2	0	0
106	0.90	45	3	2	0	0
107	0.88	44	3	2	0	1
108	0.88	44	3	2	0	1
109	0.88	44	3	2	0	1
110	0.88	44	3	2	0	1
111	0.88	44	3	2	0	1
112	0.88	44	3	2	0	1
113	0.88	44	3	1	1	1
114	0.88	44	3	1	1	1
115	0.88	44	3	1	1	1
116	0.90	45	3	0	1	1
117	0.88	44	3	0	2	1
118	0.88	44	3	0	2	1
119	0.88	44	3	0	2	1
120	0.86	43	3	0	3	1
121	0.84	42	4	0	3	1
122	0.84	42	4	0	3	1
123	0.84	42	4	0	3	1
124	0.84	42	4	0	3	1
125	0.84	42	4	0	3	1
126	0.82	41	4	0	4	1
127	0.82	41	4	0	4	1
128	0.82	41	4	0	4	1
129	0.82	41	4	0	4	1
130	0.82	41	4	0	4	1
131	0.82	41	4	0	4	1
132	0.82	41	4	0	4	1
133	0.80	40	4	1	4	1
134	0.82	41	3	1	4	1
135	0.82	41	3	1	4	1
136	0.82	41	3	1	4	1
137	0.82	41	3	1	4	1
138	0.82	41	3	1	4	1
139	0.82	41	3	1	4	1
140	0.82	41	3	1	4	1
141	0.82	41	3	1	4	1
142	0.84	42	2	1	4	1
143	0.84	42	2	1	4	1
144	0.84	42	2	1	4	1
145	0.84	42	2	1	4	1
146	0.84	42	2	1	4	1
147	0.82	41	2	1	4	2
148	0.82	41	2	1	4	2
149	0.82	41	2	1	4	2
150	0.82	41	2	1	4	2
151	0.82	41	2	1	4	2
152	0.80	40	2	2	4	2
153	0.80	40	2	2	4	2
154	0.82	41	1	2	4	2
155	0.82	41	1	2	4	2
156	0.82	41	1	2	4	2
157	0.84	42	1	2	4	1
158	0.84	42	1	2	4	1
159	0.84	42	1	2	4	1
160	0.84	42	1	2	4	1
161	0.84	42	1	2	4	1
162	0.84	42	1	2	4	1
163	0.86	43	1	2	3	1
164	0.86	43	1	2	3	1
165	0.86	43	1	2	3	1
166	0.86	43	1	2	3	1
167	0.88	44	1	2	2	1
168	0.88	44	1	2	2	1
169	0.88	44	1	2	2	1
170	0.90	45	1	2	1	1
171	0.92	46	0	2	1	1
172	0.92	46	0	2	1	1
173	0.92	46	0	2	1	1
174	0.92	46	0	2	1	1
175	0.90	45	0	2	1	2
176	0.92	46	0	2	0	2
177	0.92	46	0	2	0	2
178	0.92	46	0	2	0	2
179	0.92	46	0	2	0	2
180	0.92	46	0	2	0	2
181	0.92	46	0	2	0	2
182	0.92	46	0	2	0	2
183	0.94	47	0	1	0	2
184	0.94	47	0	1	0	2
185	0.94	47	0	1	0	2
186	0.94	47	0	1	0	2
187	0.92	46	1	1	0	2
188	0.92	46	1	1	0	2
189	0.92	46	1	1	0	2
190	0.92	46	1	1	0	2
191	0.92	46	1	1	0	2
192	0.92	46	1	1	0	2
193	0.92	46	1	1	0	2
194	0.92	46	1	1	0	2
195	0.92	46	1	1	0	2
196	0.92	46	1	1	0	2
197	0.94	47	1	1	0	1
198	0.94	47	1	1	0	1
199	0.94	47	1	1	0	1
200	0.94	47	1	1	0	1
201	0.94	47	1	1	0	1
202	0.96	48	1	0	0	1
203	0.96	48	1	0	0	1
204	0.96	48	1	0	0	1
205	0.96	48	1	0	0	1
206	0.96	48	1	0	0	1
207	0.96	48	1	0	0	1
208	0.96	48	1	0	0	1
209	0.96	48	1	0	0	1
210	0.96	48	1	0	0	1
211	0.96	48	1	0	0	1
212	0.96	48	1	0	0	1
213	0.96	48	1	0	0	1
214	0.96	48	1	0	0	1
215	0.96	48	1	0	0	1
216	0.96	48	1	0	0	1
217	0.96	48	1	0	0	1
218	0.96	48	1	0	0	1
219	0.96	48	1	0	0	1
220	0.94	47	1	0	1	1
221	0.92	46	1	1	1	1
222	0.90	45	2	1	1	1
223	0.90	45	2	1	1	1
224	0.90	45	2	1	1	1
225	0.90	45	3	1	1	0
226	0.90	45	3	1	1	0
227	0.90	45	3	1	1	0
228	0.88	44	4	1	1	0
229	0.88	44	4	1	1	0
230	0.88	44	4	1	1	0
231	0.88	44	4	1	1	0
232	0.86	43	4	1	2	0
233	0.86	43	4	1	2	0
234	0.86	43	4	1	2	0
235	0.86	43	4	1	2	0
236	0.86	43	4	1	2	0
237	0.88	44	3	1	2	0
238	0.88	44	3	1	2	0
239	0.88	44	3	1	2	0
240	0.88	44	3	1	2	0
241	0.88	44	3	1	2	0
242	0.88	44	3	1	2	0
243	0.88	44	3	1	2	0
244	0.88	44	3	1	2	0
245	0.88	44	3	1	2	0
246	0.88	44	3	1	2	0
247	0.88	44	3	1	2	0
248	0.88	44	3	1	2	0
249	0.88	44	3	1	2	0
250	0.88	44	3	1	2	0
251	0.88	44	3	1	2	0
252	0.88	44	3	1	2	0
253	0.86	43	3	2	2	0
254	0.86	43	3	2	2	0
255	0.86	43	3	2	2	0
256	0.86	43	3	2	2	0
257	0.86	43	3	2	2	0
258	0.86	43	3	2	2	0
259	0.86	43	3	2	2	0
260	0.84	42	3	2	2	1
261	0.84	42	3	2	2	1
262	0.84	42	3	2	2	1
263	0.84	42	3	2	2	1
264	0.84	42	3	2	2	1
265	0.84	42	3	2	2	1
266	0.84	42	3	2	2	1
267	0.84	42	3	2	2	1
268	0.84	42	3	2	2	1
269	0.84	42	3	2	2	1
270	0.84	42	4	2	1	1
271	0.86	43	4	1	1	1
272	0.86	43	4	1	1	1
273	0.84	42	4	2	1	1
274	0.84	42	4	2	1	1
275	0.86	43	3	2	1	1
276	0.86	43	3	2	1	1
277	0.86	43	3	2	1	1
278	0.86	43	2	3	1	1
279	0.86	43	2	3	1	1
280	0.86	43	2	3	1	1
281	0.84	42	2	3	1	2
282	0.86	43	2	3	0	2
283	0.86	43	2	3	0	2
284	0.84	42	2	3	1	2
285	0.84	42	2	3	1	2
286	0.84	42	2	3	1	2
287	0.84	42	2	3	1	2
288	0.84	42	2	3	1	2
289	0.84	42	2	3	1	2
290	0.84	42	2	3	1	2
291	0.84	42	2	3	1	2
292	0.84	42	2	3	1	2
293	0.84	42	2	3	1	2
294	0.84	42	2	3	1	2
295	0.82	41	2	3	2	2
296	0.82	41	2	3	2	2
297	0.82	41	2	3	2	2
298	0.82	41	2	3	2	2
299	0.82	41	2	3	2	2
300	0.82	41	2	3	2	2
301	0.82	41	2	3	2	2
302	0.82	41	2	3	2	2
303	0.84	42	2	2	2	2
304	0.84	42	2	2	2	2
305	0.84	42	2	2	2	2
306	0.84	42	2	2	2	2
307	0.84	42	2	2	2	2
308	0.82	41	3	2	2	2
309	0.82	41	3	2	2	2
310	0.84	42	3	2	2	1
311	0.84	42	3	2	2	1
312	0.84	42	3	2	2	1
313	0.84	42	3	2	2	1
314	0.82	41	3	3	2	1
315	0.82	41	3	3	2	1
316	0.80	40	3	3	2	2
317	0.78	39	3	3	3	2
318	0.78	39	3	3	3	2
319	0.76	38	4	3	3	2
320	0.78	39	3	3	3	2
321	0.78	39	3	3	3	2
322	0.80	40	2	3	3	2
323	0.82	41	2	2	3	2
324	0.80	40	2	2	3	3
325	0.80	40	2	2	3	3
326	0.80	40	2	2	3	3
327	0.80	40	2	2	3	3
328	0.80	40	3	1	3	3
329	0.78	39	3	2	3	3
330	0.78	39	3	2	3	3
331	0.80	40	3	2	3	2
332	0.80	40	3	2	3	2
333	0.80	40	3	2	3	2
334	0.82	41	3	2	2	2
335	0.82	41	3	2	2	2
336	0.82	41	3	2	2	2
337	0.82	41	3	2	2	2
338	0.82	41	3	2	2	2
339	0.82	41	3	2	2	2
340	0.82	41	3	2	2	2
341	0.80	40	3	2	2	3
342	0.80	40	3	2	2	3
343	0.80	40	3	2	2	3
344	0.78	39	3	2	3	3
345	0.80	40	3	2	2	3
346	0.80	40	3	2	2	3
347	0.80	40	3	2	2	3
348	0.80	40	3	2	2	3
349	0.80	40	3	2	2	3
350	0.80	40	3	2	2	3
351	0.78	39	3	2	2	4
352	0.78	39	3	2	2	4
353	0.78	39	3	2	2	4
354	0.78	39	3	2	2	4
355	0.76	38	3	3	2	4
356	0.76	38	3	3	2	4
357	0.76	38	3	3	2	4
358	0.78	39	2	3	2	4
359	0.78	39	2	3	2	4
360	0.78	39	2	3	2	4
361	0.78	39	2	3	2	4
362	0.78	39	2	3	2	4
363	0.78	39	2	3	2	4
364	0.80	40	2	2	2	4
365	0.80	40	2	2	2	4
366	0.82	41	2	2	2	3
367	0.84	42	2	2	1	3
368	0.84	42	2	2	1	3
369	0.86	43	1	2	1	3
370	0.86	43	1	2	1	3
371	0.86	43	1	2	1	3
372	0.86	43	1	2	1	3
373	0.86	43	1	2	1	3
374	0.88	44	1	2	1	2
375	0.86	43	2	2	1	2
376	0.86	43	2	2	1	2
377	0.84	42	2	2	1	3
378	0.86	43	1	2	1	3
379	0.88	44	1	1	1	3
380	0.86	43	2	1	1	3
381	0.86	43	2	1	1	3
382	0.86	43	2	1	1	3
383	0.86	43	2	1	1	3
384	0.86	43	2	1	1	3
385	0.86	43	2	1	1	3
386	0.86	43	2	1	1	3
387	0.86	43	2	1	1	3
388	0.84	42	3	1	1	3
389	0.84	42	3	1	1	3
390	0.82	41	3	2	1	3
391	0.84	42	3	2	1	2
392	0.84	42	3	2	1	2
393	0.84	42	3	2	1	2
394	0.86	43	3	2	0	2
395	0.86	43	3	2	0	2
396	0.86	43	3	2	0	2
397	0.86	43	3	2	0	2
398	0.86	43	3	2	0	2
399	0.86	43	3	2	0	2
400	0.86	43	3	2	0	2
401	0.88	44	3	2	0	1
402	0.88	44	3	2	0	1
403	0.88	44	3	2	0	1
404	0.88	44	3	2	0	1
405	0.90	45	3	1	0	1
406	0.90	45	3	1	0	1
407	0.88	44	3	1	0	2
408	0.88	44	3	1	0	2
409	0.88	44	3	1	0	2
410	0.86	43	4	1	0	2
411	0.86	43	4	1	0	2
412	0.86	43	4	1	0	2
413	0.86	43	4	1	0	2
414	0.84	42	4	1	1	2
415	0.84	42	4	1	1	2
416	0.84	42	4	1	1	2
417	0.84	42	4	1	1	2
418	0.84	42	4	1	1	2
419	0.84	42	4	1	1	2
420	0.84	42	4	1	1	2
421	0.84	42	4	1	1	2
422	0.84	42	4	1	1	2
423	0.84	42	4	1	1	2
424	0.82	41	4	2	1	2
425	0.84	42	3	2	1	2
426	0.82	41	4	2	1	2
427	0.84	42	4	2	1	1
428	0.84	42	4	2	1	1
429	0.84	42	4	2	1	1
430	0.86	43	3	2	1	1
431	0.86	43	3	2	1	1
432	0.86	43	3	2	1	1
433	0.86	43	3	2	1	1
434	0.86	43	3	2	1	1
435	0.86	43	3	2	1	1
436	0.84	42	3	2	1	2
437	0.84	42	3	2	1	2
438	0.86	43	2	2	1	2
439	0.86	43	2	2	1	2
440	0.88	44	2	1	1	2
441	0.88	44	2	1	1	2
442	0.86	43	2	1	1	3
443	0.86	43	2	1	1	3
444	0.86	43	2	1	1	3
445	0.84	42	2	1	1	4
446	0.84	42	2	1	1	4
447	0.84	42	2	1	1	4
448	0.84	42	2	1	1	4
449	0.82	41	2	2	1	4
450	0.82	41	2	2	1	4
451	0.82	41	2	2	1	4
452	0.82	41	2	2	1	4
453	0.82	41	2	2	1	4
454	0.82	41	2	2	1	4
455	0.82	41	2	2	1	4
456	0.82	41	2	2	1	4
457	0.84	42	2	2	1	3
458	0.84	42	2	2	1	3
459	0.84	42	2	2	1	3
460	0.84	42	1	2	1	4
461	0.84	42	1	2	1	4
462	0.84	42	1	2	1	4
463	0.84	42	1	2	1	4
464	0.86	43	1	2	0	4
465	0.86	43	1	2	0	4
466	0.86	43	1	2	0	4
467	0.86	43	1	2	0	4
468	0.86	43	1	2	0	4
469	0.86	43	1	2	0	4
470	0.86	43	1	2	0	4
471	0.86	43	1	2	0	4
472	0.84	42	1	2	0	5
473	0.84	42	1	2	0	5
474	0.86	43	1	1	0	5
475	0.86	43	1	1	0	5
476	0.88	44	0	1	0	5
477	0.88	44	0	1	0	5
478	0.88	44	0	1	0	5
479	0.88	44	0	1	0	5
480	0.86	43	0	1	1	5
481	0.86	43	0	1	1	5
482	0.84	42	0	1	1	6
483	0.82	41	0	1	2	6
484	0.82	41	0	1	2	6
485	0.82	41	0	1	2	6
486	0.84	42	0	1	2	5
487	0.84	42	0	1	2	5
488	0.84	42	0	1	2	5
489	0.84	42	0	1	2	5
490	0.84	42	0	1	2	5
491	0.84	42	0	1	2	5
492	0.86	43	0	1	2	4
493	0.84	42	1	1	2	4
494	0.84	42	1	1	2	4
495	0.86	43	1	1	2	3
496	0.86	43	1	1	2	3
497	0.86	43	1	1	2	3
498	0.84	42	1	1	2	4
499	0.84	42	1	0	2	5
500	0.04	41	2	0	2	5
501	0.06	40	3	0	2	5
502	0.06	40	3	0	2	5
503	0.08	39	4	0	2	5
504	0.10	38	5	0	2	5
505	0.12	37	6	0	2	5
506	0.12	36	6	1	2	5
507	0.12	35	6	1	2	6
508	0.14	34	7	1	2	6
509	0.16	33	8	1	2	6
510	0.16	33	8	1	2	6
511	0.18	32	9	1	2	6
512	0.20	31	10	1	2	6
513	0.22	30	11	1	2	6
514	0.24	29	12	1	2	6
515	0.24	28	12	2	2	6
516	0.26	27	13	2	2	6
517	0.28	26	14	2	2	6
518	0.28	26	14	2	2	6
519	0.28	26	14	2	2	6
520	0.30	25	15	2	2	6
521	0.32	24	16	2	2	6
522	0.32	24	16	2	2	6
523	0.32	23	16	2	2	7
524	0.32	22	16	2	2	8
525	0.34	21	17	2	2	8
526	0.36	20	18	2	2	8
527	0.38	19	19	2	2	8
528	0.38	19	19	2	2	8
529	0.40	18	20	2	2	8
530	0.42	18	21	2	1	8
531	0.44	17	22	2	1	8
532	0.46	17	23	2	1	7
533	0.48	17	24	2	0	7
534	0.50	16	25	2	0	7
535	0.52	15	26	2	0	7
536	0.54	14	27	2	0	7
537	0.56	13	28	2	0	7
538	0.58	12	29	2	0	7
539	0.60	11	30	2	0	7
540	0.62	10	31	2	0	7
541	0.64	9	32	2	0	7
542	0.64	8	32	2	0	8
543	0.64	8	32	2	0	8
544	0.66	7	33	2	0	8
545	0.66	6	33	2	0	9
546	0.68	5	34	2	0	9
547	0.70	4	35	2	0	9
548	0.72	4	36	2	0	8
549	0.72	4	36	3	0	7
550	0.72	4	36	3	0	7
551	0.72	4	36	3	0	7
552	0.74	3	37	3	0	7
553	0.72	3	36	4	0	7
554	0.72	3	36	4	0	7
555	0.70	3	35	5	0	7
556	0.72	3	36	4	0	7
557	0.74	3	37	4	0	6
558	0.74	3	37	4	0	6
559	0.74	3	37	4	0	6
560	0.76	3	38	4	0	5
561	0.76	3	38	4	0	5
562	0.74	3	37	4	0	6
563	0.74	3	37	4	0	6
564	0.74	3	37	4	0	6
565	0.74	3	37	3	1	6
566	0.74	3	37	3	1	6
567	0.74	3	37	3	1	6
568	0.76	2	38	3	1	6
569	0.78	1	39	3	1	6
570	0.78	1	39	3	1	6
571	0.78	1	39	3	1	6
572	0.80	1	40	3	1	5
573	0.82	1	41	3	1	4
574	0.84	1	42	3	1	3
575	0.84	1	42	3	1	3
576	0.84	1	42	3	1	3
577	0.84	1	42	3	1	3
578	0.86	0	43	3	1	3
579	0.86	0	43	3	1	3
580	0.84	1	42	3	1	3
581	0.82	1	41	4	1	3
582	0.82	1	41	4	1	3
583	0.82	1	41	4	1	3
584	0.82	1	41	4	1	3
585	0.82	1	41	4	1	3
586	0.82	1	41	4	1	3
587	0.82	1	41	4	1	3
588	0.82	1	41	4	1	3
589	0.82	1	41	4	1	3
590	0.82	1	41	4	1	3
591	0.82	1	41	4	1	3
592	0.84	1	42	4	1	2
593	0.84	1	42	4	1	2
594	0.82	1	41	4	2	2
595	0.84	1	42	4	2	1
596	0.84	1	42	4	2	1
597	0.82	2	41	4	2	1
598	0.82	2	41	4	2	1
599	0.82	2	41	4	2	1
600	0.82	2	41	4	2	1
601	0.82	2	41	4	2	1
602	0.82	2	41	4	2	1
603	0.84	2	42	3	2	1
604	0.84	2	42	3	2	1
605	0.86	2	43	2	2	1
606	0.86	2	43	2	2	1
607	0.86	2	43	2	2	1
608	0.86	2	43	2	2	1
609	0.86	2	43	2	2	1
610	0.86	2	43	2	2	1
611	0.86	2	43	2	2	1
612	0.86	2	43	3	2	0
613	0.86	2	43	3	2	0
614	0.84	2	42	3	3	0
615	0.86	2	43	3	2	0
616	0.86	2	43	3	2	0
617	0.86	2	43	3	2	0
618	0.84	2	42	4	2	0
619	0.82	2	41	4	2	1
620	0.82	2	41	4	2	1
621	0.82	2	41	4	2	1
622	0.82	2	41	4	2	1
623	0.82	2	41	4	2	1
624	0.82	2	41	4	2	1
625	0.82	2	41	4	2	1
626	0.82	2	41	4	2	1
627	0.82	2	41	4	2	1
628	0.82	2	41	4	2	1
629	0.82	2	41	4	2	1
630	0.82	1	41	4	3	1
631	0.84	1	42	3	3	1
632	0.84	1	42	3	3	1
633	0.82	1	41	3	3	2
634	0.82	1	41	3	3	2
635	0.82	1	41	3	3	2
636	0.82	1	41	3	3	2
637	0.82	1	41	3	3	2
638	0.82	1	41	3	3	2
639	0.82	1	41	3	3	2
640	0.82	1	41	3	3	2
641	0.82	1	41	3	3	2
642	0.82	1	41	3	3	2
643	0.80	1	40	3	3	3
644	0.82	1	41	3	2	3
645	0.82	1	41	3	2	3
646	0.80	1	40	3	3	3
647	0.82	0	41	3	3	3
648	0.82	0	41	3	3	3
649	0.84	0	42	2	3	3
650	0.84	0	42	2	3	3
651	0.84	0	42	2	3	3
652	0.84	0	42	2	3	3
653	0.84	0	42	2	3	3
654	0.84	0	42	2	3	3
655	0.84	0	42	2	3	3
656	0.84	0	42	2	3	3
657	0.84	0	42	2	3	3
658	0.84	0	42	2	3	3
659	0.84	0	42	2	3	3
660	0.84	0	42	2	3	3
661	0.82	0	41	2	3	4
662	0.84	0	42	1	3	4
663	0.84	0	42	1	3	4
664	0.86	0	43	1	2	4
665	0.86	0	43	1	2	4
666	0.86	0	43	1	2	4
667	0.86	0	43	1	2	4
668	0.88	0	44	0	2	4
669	0.88	0	44	0	3	3
670	0.88	0	44	0	3	3
671	0.86	0	43	0	3	4
672	0.86	0	43	0	3	4
673	0.86	0	43	0	3	4
674	0.84	0	42	1	3	4
675	0.84	0	42	1	3	4
676	0.82	0	41	1	3	5
677	0.82	0	41	1	3	5
678	0.82	0	41	1	3	5
679	0.82	0	41	1	3	5
680	0.84	0	42	1	2	5
681	0.82	0	41	2	2	5
682	0.82	0	41	2	2	5
683	0.84	0	42	2	2	4
684	0.84	0	42	2	2	4
685	0.84	0	42	2	2	4
686	0.84	0	42	2	2	4
687	0.84	0	42	2	2	4
688	0.84	0	42	2	2	4
689	0.84	0	42	2	2	4
690	0.84	0	42	2	2	4
691	0.84	0	42	2	2	4
692	0.84	0	42	2	2	4
693	0.86	0	43	2	2	3
694	0.86	0	43	2	2	3
695	0.86	0	43	2	2	3
696	0.88	0	44	2	1	3
697	0.88	0	44	2	1	3
698	0.88	0	44	2	1	3
699	0.88	0	44	2	1	3
700	0.88	0	44	2	1	3
701	0.88	0	44	2	1	3
702	0.88	0	44	2	1	3
703	0.88	0	44	2	1	3
704	0.88	0	44	2	1	3
705	0.88	0	44	2	1	3
706	0.88	0	44	2	1	3
707	0.88	0	44	2	1	3
708	0.88	0	44	2	1	3
709	0.86	0	43	3	1	3
710	0.86	0	43	3	1	3
711	0.88	0	44	3	1	2
712	0.88	0	44	3	1	2
713	0.88	0	44	3	1	2
714	0.88	0	44	3	1	2
715	0.88	0	44	3	1	2
716	0.88	0	44	3	1	2
717	0.88	0	44	3	1	2
718	0.86	1	43	3	1	2
719	0.88	1	44	3	0	2
720	0.88	1	44	3	0	2
721	0.90	1	45	3	0	1
722	0.90	1	45	3	0	1
723	0.90	1	45	3	0	1
724	0.92	1	46	2	0	1
725	0.92	1	46	2	0	1
726	0.94	1	47	2	0	0
727	0.94	1	47	2	0	0
728	0.94	1	47	2	0	0
729	0.94	1	47	2	0	0
730	0.92	1	46	2	0	1
731	0.94	1	47	1	0	1
732	0.94	1	47	1	0	1
733	0.94	1	47	1	0	1
734	0.94	1	47	1	0	1
735	0.94	1	47	1	0	1
736	0.94	1	47	1	0	1
737	0.94	1	47	1	0	1
738	0.94	1	47	1	0	1
739	0.94	1	47	1	0	1
740	0.94	1	47	1	0	1
741	0.94	1	47	1	0	1
742	0.94	1	47	1	0	1
743	0.94	1	47	1	0	1
744	0.94	1	47	1	0	1
745	0.94	1	47	1	0	1
746	0.92	1	46	2	0	1
747	0.92	1	46	2	0	1
748	0.92	1	46	2	0	1
749	0.92	1	46	2	0	1
750	0.92	1	46	2	0	1
751	0.92	1	46	2	0	1
752	0.90	2	45	2	0	1
753	0.88	2	44	3	0	1
754	0.88	2	44	3	0	1
755	0.88	2	44	3	0	1
756	0.88	2	44	3	0	1
757	0.88	2	44	3	0	1
758	0.88	2	44	3	0	1
759	0.90	2	45	2	0	1
760	0.90	2	45	2	0	1
761	0.90	2	45	2	0	1
762	0.90	2	45	2	0	1
763	0.90	2	45	2	0	1
764	0.88	2	44	2	1	1
765	0.88	2	44	2	1	1
766	0.88	2	44	2	1	1
767	0.88	2	44	2	1	1
768	0.90	1	45	2	1	1
769	0.90	1	45	2	1	1
770	0.90	1	45	2	1	1
771	0.88	1	44	3	1	1
772	0.88	1	44	3	1	1
773	0.88	1	44	3	1	1
774	0.88	1	44	3	1	1
775	0.86	2	43	3	1	1
776	0.86	2	43	3	1	1
777	0.86	2	43	3	1	1
778	0.86	2	43	3	1	1
779	0.86	2	43	3	1	1
780	0.88	2	44	3	1	0
781	0.88	2	44	3	1	0
782	0.88	2	44	3	1	0
783	0.86	2	43	3	2	0
784	0.86	2	43	3	2	0
785	0.86	2	43	3	2	0
786	0.84	2	42	4	2	0
787	0.84	2	42	4	2	0
788	0.84	2	42	4	2	0
789	0.82	3	41	4	2	0
790	0.82	3	41	4	2	0
791	0.80	3	40	5	2	0
792	0.80	3	40	5	2	0
793	0.80	3	40	5	2	0
794	0.80	3	40	5	2	0
795	0.80	3	40	5	2	0
796	0.82	3	41	4	2	0
797	0.82	3	41	4	2	0
798	0.82	3	41	4	2	0
799	0.80	3	40	4	3	0
800	0.80	3	40	4	3	0
801	0.80	3	40	4	3	0
802	0.80	2	40	4	3	1
803	0.82	2	41	3	3	1
804	0.82	2	41	3	3	1
805	0.82	2	41	3	3	1
806	0.82	2	41	3	3	1
807	0.80	3	40	3	3	1
808	0.80	3	40	3	3	1
809	0.80	3	40	3	3	1
810	0.80	3	40	3	3	1
811	0.80	3	40	3	3	1
812	0.80	3	40	3	3	1
813	0.80	3	40	3	3	1
814	0.82	3	41	3	2	1
815	0.82	3	41	3	2	1
816	0.82	3	41	3	2	1
817	0.82	3	41	3	2	1
818	0.82	3	41	3	2	1
819	0.82	3	41	3	2	1
820	0.82	3	41	3	2	1
821	0.84	3	42	2	2	1
822	0.82	3	41	2	3	1
823	0.82	3	41	2	3	1
824	0.82	3	41	2	3	1
825	0.84	2	42	2	3	1
826	0.84	2	42	2	3	1
827	0.84	2	42	2	3	1
828	0.82	2	41	2	3	2
829	0.82	2	41	2	3	2
830	0.82	2	41	2	3	2
831	0.82	2	41	2	3	2
832	0.82	2	41	2	3	2
833	0.84	2	42	2	2	2
834	0.84	2	42	2	2	2
835	0.82	3	41	2	2	2
836	0.84	3	42	1	2	2
837	0.84	3	42	1	2	2
838	0.84	3	42	1	2	2
839	0.84	3	42	1	2	2
840	0.84	3	42	1	2	2
841	0.86	3	43	0	2	2
842	0.86	3	43	0	2	2
843	0.86	3	43	0	2	2
844	0.86	3	43	0	2	2
845	0.86	3	43	0	2	2
846	0.86	3	43	0	2	2
847	0.86	3	43	0	2	2
848	0.86	3	43	0	2	2
849	0.88	3	44	0	1	2
850	0.88	3	44	0	1	2
851	0.88	3	44	0	1	2
852	0.90	3	45	0	1	1
853	0.90	3	45	0	1	1
854	0.90	3	45	0	1	1
855	0.90	3	45	0	1	1
856	0.90	3	45	0	1	1
857	0.92	2	46	0	1	1
858	0.92	2	46	0	1	1
859	0.92	2	46	0	1	1
860	0.92	2	46	0	1	1
861	0.92	2	46	0	1	1
862	0.92	2	46	0	1	1
863	0.92	2	46	0	1	1
864	0.92	2	46	0	1	1
865	0.92	2	46	0	1	1
866	0.92	2	46	0	1	1
867	0.92	2	46	0	1	1
868	0.92	2	46	0	1	1
869	0.92	2	46	0	1	1
870	0.92	2	46	0	1	1
871	0.92	2	46	0	1	1
872	0.94	2	47	0	0	1
873	0.94	2	47	0	0	1
874	0.94	2	47	0	0	1
875	0.94	2	47	0	0	1
876	0.94	2	47	0	0	1
877	0.94	2	47	0	0	1
878	0.96	2	48	0	0	0
879	0.96	2	48	0	0	0
880	0.96	2	48	0	0	0
881	0.94	3	47	0	0	0
882	0.92	3	46	0	0	1
883	0.90	3	45	1	0	1
884	0.90	3	45	1	0	1
885	0.90	3	45	1	0	1
886	0.90	3	45	1	0	1
887	0.90	3	45	1	0	1
888	0.88	3	44	2	0	1
889	0.90	2	45	2	0	1
890	0.90	2	45	2	0	1
891	0.88	3	44	2	0	1
892	0.88	3	44	2	0	1
893	0.88	3	44	2	0	1
894	0.88	3	44	2	0	1
895	0.88	3	44	2	0	1
896	0.88	3	44	2	0	1
897	0.88	3	44	2	0	1
898	0.88	3	44	2	0	1
899	0.88	3	44	2	0	1
900	0.86	3	43	3	0	1
901	0.86	3	43	3	0	1
902	0.86	3	43	3	0	1
903	0.86	3	43	3	0	1
904	0.86	3	43	3	0	1
905	0.86	3	43	3	0	1
906	0.86	3	43	3	0	1
907	0.86	3	43	3	0	1
908	0.86	3	43	3	0	1
909	0.86	3	43	3	0	1
910	0.86	3	43	3	0	1
911	0.86	3	43	3	0	1
912	0.86	3	43	3	0	1
913	0.86	3	43	3	0	1
914	0.86	3	43	3	0	1
915	0.86	3	43	3	0	1
916	0.86	3	43	3	0	1
917	0.86	3	43	3	0	1
918	0.86	3	43	3	0	1
919	0.86	3	43	3	0	1
920	0.84	3	42	3	1	1
921	0.84	3	42	3	1	1
922	0.84	3	42	3	1	1
923	0.84	3	42	3	1	1
924	0.84	3	42	3	1	1
925	0.84	3	42	3	1	1
926	0.84	3	42	3	1	1
927	0.82	3	41	3	1	2
928	0.82	3	41	3	1	2
929	0.82	3	41	3	1	2
930	0.82	3	41	3	1	2
931	0.82	3	41	3	1	2
932	0.84	3	42	3	1	1
933	0.84	4	42	2	1	1
934	0.84	4	42	2	1	1
935	0.86	3	43	2	1	1
936	0.86	3	43	2	1	1
937	0.84	3	42	2	1	2
938	0.86	3	43	1	1	2
939	0.86	3	43	1	1	2
940	0.86	3	43	1	1	2
941	0.88	2	44	1	1	2
942	0.88	2	44	1	1	2
943	0.88	2	44	1	1	2
944	0.86	3	43	1	1	2
945	0.86	3	43	1	1	2
946	0.84	3	42	1	1	3
947	0.84	3	42	1	1	3
948	0.82	3	41	1	2	3
949	0.82	3	41	1	2	3
950	0.84	3	42	0	2	3
951	0.84	3	42	0	2	3
952	0.84	3	42	0	2	3
953	0.84	3	42	0	2	3
954	0.84	3	42	0	2	3
955	0.84	3	42	0	2	3
956	0.84	3	42	0	2	3
957	0.84	3	42	0	2	3
958	0.84	3	42	0	2	3
959	0.84	3	42	0	2	3
960	0.84	3	42	0	2	3
961	0.84	3	42	0	2	3
962	0.84	3	42	0	2	3
963	0.84	3	42	0	2	3
964	0.84	3	42	0	2	3
965	0.84	3	42	0	2	3
966	0.84	3	42	0	2	3
967	0.84	3	42	0	2	3
968	0.84	3	42	0	2	3
969	0.84	3	42	0	2	3
970	0.84	3	42	0	2	3
971	0.84	3	42	0	2	3
972	0.84	3	42	0	2	3
973	0.84	3	42	0	2	3
974	0.84	3	42	0	2	3
975	0.84	3	42	0	2	3
976	0.82	3	41	0	2	4
977	0.84	3	42	0	2	3
978	0.84	3	42	0	2	3
979	0.82	3	41	0	2	4
980	0.82	3	41	0	2	4
981	0.84	2	42	0	2	4
982	0.84	2	42	0	2	4
983	0.86	1	43	0	2	4
984	0.86	1	43	0	2	4
985	0.86	1	43	0	2	4
986	0.84	1	42	1	2	4
987	0.84	2	42	1	2	3
988	0.84	2	42	1	2	3
989	0.82	3	41	1	2	3
990	0.82	3	41	1	2	3
991	0.82	3	41	1	2	3
992	0.82	3	41	1	2	3
993	0.82	3	41	1	2	3
994	0.84	2	42	1	2	3
995	0.84	2	42	1	2	3
996	0.86	2	43	1	2	2
997	0.86	2	43	1	2	2
998	0.88	2	44	1	1	2
999	0.88	2	44	1	1	2
1000	0.02	2	44	1	1	2
1001	0.02	2	44	1	1	2
1002	0.02	2	43	1	1	3
1003	0.04	2	42	2	1	3
1004	0.06	2	41	3	1	3
1005	0.08	2	40	4	1	3
1006	0.10	2	39	5	1	3
1007	0.12	2	38	6	1	3
1008	0.12	2	38	6	1	3
1009	0.14	2	37	7	1	3
1010	0.14	3	36	7	1	3
1011	0.14	3	35	7	1	4
1012	0.16	3	34	8	1	4
1013	0.18	3	33	9	1	4
1014	0.20	3	32	10	1	4
1015	0.22	3	31	11	1	4
1016	0.24	3	30	12	1	4
1017	0.26	3	29	13	1	4
1018	0.28	3	28	14	1	4
1019	0.30	3	27	15	1	4
1020	0.32	3	27	16	0	4
1021	0.34	3	26	17	0	4
1022	0.34	3	25	17	0	5
1023	0.36	3	24	18	0	5
1024	0.36	3	23	18	1	5
1025	0.38	3	22	19	1	5
1026	0.40	3	22	20	1	4
1027	0.42	3	21	21	1	4
1028	0.44	3	20	22	1	4
1029	0.46	3	20	23	1	3
1030	0.48	3	19	24	1	3
1031	0.48	3	18	24	1	4
1032	0.50	3	17	25	1	4
1033	0.52	3	16	26	1	4
1034	0.54	3	15	27	1	4
1035	0.54	3	14	27	1	5
1036	0.54	3	14	27	1	5
1037	0.56	2	14	28	1	5
1038	0.58	2	13	29	1	5
1039	0.60	1	13	30	1	5
1040	0.62	1	12	31	1	5
1041	0.62	2	11	31	1	5
1042	0.64	2	10	32	1	5
1043	0.66	2	9	33	1	5
1044	0.66	3	8	33	1	5
1045	0.68	3	7	34	1	5
1046	0.70	3	6	35	1	5
1047	0.70	3	5	35	1	6
1048	0.72	3	4	36	1	6
1049	0.72	3	3	36	1	7
1050	0.74	3	2	37	1	7
1051	0.74	4	1	37	1	7
1052	0.74	4	1	37	1	7
1053	0.74	4	1	37	1	7
1054	0.74	4	1	37	1	7
1055	0.74	4	1	37	1	7
1056	0.74	4	1	37	1	7
1057	0.74	4	1	37	1	7
1058	0.76	4	0	38	1	7
1059	0.74	4	0	37	1	8
1060	0.74	3	0	37	2	8
1061	0.76	3	0	38	2	7
1062	0.76	3	0	38	2	7
1063	0.76	3	0	38	2	7
1064	0.76	3	0	38	2	7
1065	0.76	3	0	38	2	7
1066	0.76	3	0	38	2	7
1067	0.76	3	0	38	2	7
1068	0.76	3	0	38	2	7
1069	0.76	3	0	38	2	7
1070	0.76	3	0	38	2	7
1071	0.74	3	0	37	2	8
1072	0.76	3	0	38	2	7
1073	0.76	3	0	38	2	7
1074	0.78	3	0	39	1	7
1075	0.78	3	0	39	1	7
1076	0.78	3	0	39	1	7
1077	0.78	3	0	39	1	7
1078	0.78	3	0	39	1	7
1079	0.78	3	0	39	1	7
1080	0.78	3	0	39	1	7
1081	0.78	3	0	39	1	7
1082	0.78	3	0	39	1	7
1083	0.78	3	0	39	1	7
1084	0.78	3	0	39	1	7
1085	0.80	3	0	40	1	6
1086	0.80	3	0	40	1	6
1087	0.80	3	0	40	1	6
1088	0.80	3	0	40	1	6
1089	0.80	3	0	40	1	6
1090	0.78	3	0	39	2	6
1091	0.80	2	0	40	2	6
1092	0.80	2	0	40	2	6
1093	0.80	2	0	40	2	6
1094	0.80	2	0	40	2	6
1095	0.80	2	0	40	2	6
1096	0.80	2	0	40	2	6
1097	0.82	2	0	41	2	5
1098	0.82	2	0	41	2	5
1099	0.82	2	0	41	3	4
1100	0.82	2	0	41	3	4
1101	0.84	1	0	42	3	4
1102	0.86	1	0	43	3	3
1103	0.86	1	0	43	3	3
1104	0.86	1	0	43	3	3
1105	0.84	1	0	42	3	4
1106	0.84	1	0	42	3	4
1107	0.84	1	0	42	3	4
1108	0.84	1	0	42	3	4
1109	0.86	1	0	43	3	3
1110	0.86	2	0	43	2	3
1111	0.86	2	0	43	2	3
1112	0.86	2	0	43	2	3
1113	0.86	2	0	43	2	3
1114	0.86	2	0	43	2	3
1115	0.86	2	0	43	2	3
1116	0.86	2	0	43	2	3
1117	0.84	2	0	42	3	3
1118	0.84	2	0	42	3	3
1119	0.84	2	0	42	3	3
1120	0.84	2	0	42	3	3
1121	0.86	2	0	43	3	2
1122	0.86	2	0	43	3	2
1123	0.84	2	1	42	3	2
1124	0.84	2	1	42	3	2
1125	0.84	2	1	42	3	2
1126	0.84	2	1	42	3	2
1127	0.84	2	1	42	3	2
1128	0.82	2	2	41	3	2
1129	0.80	2	2	40	3	3
1130	0.80	2	2	40	3	3
1131	0.82	2	2	41	3	2
1132	0.82	2	2	41	3	2
1133	0.82	2	2	41	3	2
1134	0.82	2	2	41	3	2
1135	0.80	2	3	40	3	2
1136	0.80	2	3	40	3	2
1137	0.80	2	3	40	3	2
1138	0.78	3	3	39	3	2
1139	0.78	3	3	39	3	2
1140	0.80	3	3	40	2	2
1141	0.80	3	3	40	2	2
1142	0.80	3	3	40	2	2
1143	0.80	3	3	40	2	2
1144	0.82	2	3	41	2	2
1145	0.82	2	3	41	2	2
1146	0.82	2	3	41	2	2
1147	0.82	2	3	41	2	2
1148	0.82	2	3	41	2	2
1149	0.84	2	3	42	1	2
1150	0.84	2	3	42	1	2
1151	0.84	2	3	42	1	2
1152	0.84	2	3	42	1	2
1153	0.84	2	3	42	1	2
1154	0.84	2	3	42	1	2
1155	0.86	2	3	43	1	1
1156	0.84	3	3	42	1	1
1157	0.84	3	3	42	1	1
1158	0.84	3	3	42	1	1
1159	0.82	3	3	41	2	1
1160	0.84	2	3	42	2	1
1161	0.84	2	3	42	2	1
1162	0.84	2	3	42	2	1
1163	0.84	2	3	42	2	1
1164	0.84	2	3	42	2	1
1165	0.82	3	3	41	2	1
1166	0.82	3	3	41	2	1
1167	0.82	4	3	41	1	1
1168	0.80	4	4	40	1	1
1169	0.80	4	4	40	1	1
1170	0.80	4	4	40	1	1
1171	0.80	4	4	40	1	1
1172	0.80	4	4	40	1	1
1173	0.80	4	3	40	1	2
1174	0.80	4	3	40	1	2
1175	0.78	5	3	39	1	2
1176	0.78	5	3	39	1	2
1177	0.78	5	3	39	1	2
1178	0.80	5	2	40	1	2
1179	0.82	5	2	41	1	1
1180	0.82	5	2	41	1	1
1181	0.82	5	2	41	1	1
1182	0.82	5	2	41	1	1
1183	0.82	5	2	41	1	1
1184	0.82	5	2	41	1	1
1185	0.82	5	1	41	1	2
1186	0.82	5	1	41	1	2
1187	0.82	5	1	41	1	2
1188	0.82	4	2	41	1	2
1189	0.82	4	2	41	1	2
1190	0.82	4	2	41	1	2
1191	0.82	4	2	41	1	2
1192	0.82	4	2	41	1	2
1193	0.82	4	2	41	1	2
1194	0.82	4	2	41	1	2
1195	0.82	4	2	41	1	2
1196	0.82	4	2	41	1	2
1197	0.82	4	2	41	1	2
1198	0.82	4	2	41	1	2
1199	0.82	4	2	41	1	2
1200	0.82	4	2	41	1	2
1201	0.80	4	3	40	1	2
1202	0.80	4	3	40	1	2
1203	0.80	4	3	40	1	2
1204	0.78	4	3	39	2	2
1205	0.78	4	3	39	2	2
1206	0.80	3	3	40	2	2
1207	0.80	3	3	40	2	2
1208	0.80	3	3	40	2	2
1209	0.82	3	3	41	1	2
1210	0.82	3	3	41	1	2
1211	0.82	3	3	41	1	2
1212	0.82	3	3	41	1	2
1213	0.82	3	3	41	1	2
1214	0.82	3	3	41	1	2
1215	0.84	2	3	42	1	2
1216	0.84	2	3	42	1	2
1217	0.86	1	3	43	1	2
1218	0.88	1	2	44	1	2
1219	0.88	1	2	44	1	2
1220	0.88	1	2	44	1	2
1221	0.88	1	2	44	1	2
1222	0.88	1	2	44	1	2
1223	0.90	1	2	45	1	1
1224	0.90	1	2	45	1	1
1225	0.92	0	2	46	1	1
1226	0.92	0	2	46	1	1
1227	0.92	0	2	46	1	1
1228	0.92	0	2	46	1	1
1229	0.92	0	2	46	1	1
1230	0.92	0	2	46	1	1
1231	0.92	0	2	46	1	1
1232	0.90	0	2	45	2	1
1233	0.90	0	2	45	2	1
1234	0.90	0	2	45	2	1
1235	0.90	0	3	45	2	0
1236	0.90	0	3	45	2	0
1237	0.90	0	3	45	2	0
1238	0.92	0	2	46	2	0
1239	0.90	0	2	45	2	1
1240	0.88	0	2	44	3	1
1241	0.88	0	2	44	3	1
1242	0.88	0	2	44	3	1
1243	0.88	0	2	44	3	1
1244	0.88	0	2	44	3	1
1245	0.88	0	2	44	3	1
1246	0.88	0	2	44	3	1
1247	0.88	0	2	44	3	1
1248	0.88	0	2	44	3	1
1249	0.86	0	3	43	3	1
1250	0.86	0	3	43	3	1
1251	0.86	0	3	43	3	1
1252	0.84	1	3	42	3	1
1253	0.84	1	3	42	3	1
1254	0.86	1	3	43	2	1
1255	0.86	1	3	43	2	1
1256	0.86	1	3	43	2	1
1257	0.86	1	3	43	2	1
1258	0.86	1	3	43	2	1
1259	0.84	2	3	42	2	1
1260	0.84	2	3	42	2	1
1261	0.84	2	3	42	2	1
1262	0.84	2	3	42	2	1
1263	0.84	2	3	42	2	1
1264	0.84	2	3	42	2	1
1265	0.84	2	3	42	2	1
1266	0.84	2	3	42	2	1
1267	0.82	2	3	41	2	2
1268	0.82	2	3	41	2	2
1269	0.82	2	3	41	2	2
1270	0.82	2	3	41	2	2
1271	0.82	2	3	41	2	2
1272	0.82	2	3	41	2	2
1273	0.82	2	3	41	2	2
1274	0.82	2	3	41	2	2
1275	0.80	2	3	40	3	2
1276	0.80	2	3	40	3	2
1277	0.80	2	3	40	3	2
1278	0.80	2	3	40	3	2
1279	0.78	2	3	39	4	2
1280	0.78	2	3	39	4	2
1281	0.78	2	3	39	4	2
1282	0.80	2	3	40	3	2
1283	0.80	2	3	40	3	2
1284	0.80	2	3	40	3	2
1285	0.80	2	3	40	3	2
1286	0.80	2	3	40	3	2
1287	0.80	2	3	40	3	2
1288	0.80	2	3	40	3	2
1289	0.82	2	3	41	3	1
1290	0.82	2	4	41	2	1
1291	0.82	2	4	41	2	1
1292	0.82	2	4	41	2	1
1293	0.82	2	4	41	2	1
1294	0.82	2	4	41	2	1
1295	0.82	2	4	41	2	1
1296	0.82	2	4	41	2	1
1297	0.82	2	4	41	2	1
1298	0.82	2	4	41	2	1
1299	0.84	2	3	42	2	1
1300	0.84	2	3	42	2	1
1301	0.84	3	2	42	2	1
1302	0.86	2	2	43	2	1
1303	0.84	3	2	42	2	1
1304	0.84	3	2	42	2	1
1305	0.84	3	2	42	2	1
1306	0.84	3	2	42	2	1
1307	0.84	3	2	42	2	1
1308	0.84	3	2	42	2	1
1309	0.86	2	2	43	2	1
1310	0.86	2	2	43	2	1
1311	0.84	2	3	42	2	1
1312	0.84	2	3	42	2	1
1313	0.84	2	3	42	2	1
1314	0.84	2	3	42	2	1
1315	0.84	2	3	42	2	1
1316	0.84	2	3	42	2	1
1317	0.86	2	3	43	2	0
1318	0.86	2	3	43	2	0
1319	0.86	2	3	43	2	0
1320	0.86	2	3	43	2	0
1321	0.86	2	3	43	2	0
1322	0.86	2	3	43	2	0
1323	0.86	2	3	43	2	0
1324	0.86	2	3	43	2	0
1325	0.86	2	3	43	1	1
1326	0.86	2	3	43	1	1
1327	0.84	2	4	42	1	1
1328	0.82	3	4	41	1	1
1329	0.84	3	4	42	0	1
1330	0.84	3	4	42	0	1
1331	0.82	3	4	41	0	2
1332	0.82	3	4	41	0	2
1333	0.80	3	5	40	0	2
1334	0.80	3	5	40	0	2
1335	0.82	3	4	41	0	2
1336	0.82	3	4	41	0	2
1337	0.82	3	4	41	0	2
1338	0.80	3	4	40	0	3
1339	0.80	3	4	40	0	3
1340	0.82	3	3	41	0	3
1341	0.82	3	3	41	0	3
1342	0.82	3	3	41	0	3
1343	0.82	3	3	41	0	3
1344	0.82	3	3	41	0	3
1345	0.82	3	3	41	0	3
1346	0.82	3	3	41	0	3
1347	0.82	3	3	41	0	3
1348	0.82	3	3	41	0	3
1349	0.82	3	3	41	0	3
1350	0.82	3	3	41	0	3
1351	0.84	2	3	42	0	3
1352	0.84	2	3	42	0	3
1353	0.86	1	3	43	0	3
1354	0.86	1	3	43	0	3
1355	0.86	1	3	43	0	3
1356	0.86	1	3	43	0	3
1357	0.86	1	3	43	0	3
1358	0.86	1	3	43	0	3
1359	0.86	1	3	43	0	3
1360	0.86	1	3	43	0	3
1361	0.88	1	2	44	0	3
1362	0.86	2	2	43	0	3
1363	0.86	2	2	43	0	3
1364	0.84	2	2	42	0	4
1365	0.84	2	2	42	0	4
1366	0.84	2	2	42	0	4
1367	0.84	2	2	42	0	4
1368	0.84	2	2	42	0	4
1369	0.84	2	2	42	0	4
1370	0.84	2	2	42	0	4
1371	0.84	2	2	42	0	4
1372	0.84	2	2	42	0	4
1373	0.84	2	2	42	0	4
1374	0.84	2	2	42	0	4
1375	0.86	2	2	43	0	3
1376	0.86	2	2	43	0	3
1377	0.88	2	1	44	0	3
1378	0.90	1	1	45	0	3
1379	0.88	1	1	44	0	4
1380	0.88	1	1	44	0	4
1381	0.90	1	1	45	0	3
1382	0.90	1	1	45	0	3
1383	0.92	1	0	46	0	3
1384	0.92	1	0	46	0	3
1385	0.92	1	0	46	0	3
1386	0.90	2	0	45	0	3
1387	0.90	2	0	45	0	3
1388	0.92	2	0	46	0	2
1389	0.92	2	0	46	0	2
1390	0.92	2	0	46	0	2
1391	0.92	2	0	46	0	2
1392	0.92	2	0	46	0	2
1393	0.92	2	0	46	0	2
1394	0.92	2	0	46	0	2
1395	0.92	2	0	46	0	2
1396	0.92	2	0	46	0	2
1397	0.92	2	0	46	0	2
1398	0.92	2	0	46	0	2
1399	0.92	2	0	46	0	2
1400	0.92	2	0	46	0	2
1401	0.92	2	0	46	0	2
1402	0.92	2	0	46	0	2
1403	0.92	2	0	46	0	2
1404	0.92	2	0	46	0	2
1405	0.92	2	0	46	0	2
1406	0.92	2	0	46	0	2
1407	0.92	2	0	46	0	2
1408	0.92	2	0	46	0	2
1409	0.92	2	0	46	0	2
1410	0.92	2	0	46	0	2
1411	0.92	2	0	46	0	2
1412	0.94	1	0	47	0	2
1413	0.94	1	0	47	0	2
1414	0.96	1	0	48	0	1
1415	0.96	1	0	48	0	1
1416	0.96	1	0	48	0	1
1417	0.96	1	0	48	0	1
1418	0.96	1	0	48	0	1
1419	0.96	1	0	48	0	1
1420	0.96	1	0	48	0	1
1421	0.96	1	0	48	0	1
1422	0.96	1	0	48	0	1
1423	0.96	1	0	48	0	1
1424	0.96	1	0	48	0	1
1425	0.96	1	0	48	0	1
1426	0.96	1	0	48	0	1
1427	0.96	1	0	48	0	1
1428	0.96	1	0	48	0	1
1429	0.98	1	0	49	0	0
1430	0.96	1	0	48	1	0
1431	0.96	1	0	48	1	0
1432	0.96	1	0	48	1	0
1433	0.96	1	0	48	1	0
1434	0.96	1	0	48	1	0
1435	0.96	1	0	48	1	0
1436	0.98	0	0	49	1	0
1437	0.98	0	0	49	1	0
1438	0.98	0	0	49	1	0
1439	0.98	0	0	49	1	0
1440	0.98	0	0	49	1	0
1441	0.96	0	0	48	1	1
1442	0.96	0	0	48	1	1
1443	0.96	0	0	48	1	1
1444	0.94	0	0	47	1	2
1445	0.94	0	0	47	1	2
1446	0.94	0	0	47	1	2
1447	0.94	0	0	47	1	2
1448	0.94	0	0	47	1	2
1449	0.94	0	0	47	1	2
1450	0.94	0	0	47	1	2
1451	0.94	0	0	47	1	2
1452	0.94	0	0	47	1	2
1453	0.92	0	0	46	2	2
1454	0.92	0	0	46	2	2
1455	0.92	0	0	46	2	2
1456	0.92	0	0	46	2	2
1457	0.92	0	0	46	2	2
1458	0.92	0	0	46	2	2
1459	0.92	0	0	46	2	2
1460	0.92	0	0	46	2	2
1461	0.90	0	1	45	2	2
1462	0.90	0	1	45	2	2
1463	0.90	0	1	45	2	2
1464	0.90	0	1	45	2	2
1465	0.90	0	1	45	2	2
1466	0.90	0	1	45	2	2
1467	0.90	0	1	45	2	2
1468	0.90	0	1	45	2	2
1469	0.90	0	1	45	2	2
1470	0.88	0	2	44	2	2
1471	0.88	0	2	44	2	2
1472	0.86	1	2	43	2	2
1473	0.86	1	2	43	2	2
1474	0.86	1	2	43	2	2
1475	0.86	1	2	43	2	2
1476	0.86	1	2	43	2	2
1477	0.86	1	2	43	2	2
1478	0.84	1	2	42	3	2
1479	0.84	1	2	42	3	2
1480	0.86	1	2	43	2	2
1481	0.86	1	2	43	2	2
1482	0.86	1	2	43	2	2
1483	0.86	1	2	43	2	2
1484	0.86	1	2	43	2	2
1485	0.86	1	2	43	2	2
1486	0.86	1	2	43	2	2
1487	0.84	2	2	42	2	2
1488	0.84	2	2	42	2	2
1489	0.84	2	2	42	2	2
1490	0.84	2	2	42	2	2
1491	0.86	2	2	43	2	1
1492	0.86	2	2	43	2	1
1493	0.86	2	2	43	2	1
1494	0.88	2	2	44	2	0
1495	0.88	2	2	44	2	0
1496	0.88	2	2	44	2	0
1497	0.88	2	2	44	2	0
1498	0.86	3	2	43	2	0
1499	0.86	3	2	43	2	0
1500	0.04	3	2	43	2	0
1501	0.06	3	2	42	3	0
1502	0.06	3	2	42	3	0
1503	0.04	3	2	43	2	0
1504	0.04	3	2	43	2	0
1505	0.06	3	2	42	3	0
1506	0.08	3	2	41	4	0
1507	0.10	3	2	40	5	0
1508	0.12	3	2	39	6	0
1509	0.12	3	2	38	6	1
1510	0.14	3	2	37	7	1
1511	0.16	3	1	37	8	1
1512	0.18	3	1	36	9	1
1513	0.18	3	1	36	9	1
1514	0.20	3	1	35	10	1
1515	0.22	3	1	34	11	1
1516	0.22	3	1	33	11	2
1517	0.24	3	1	32	12	2
1518	0.26	3	1	31	13	2
1519	0.28	3	1	30	14	2
1520	0.30	3	0	30	15	2
1521	0.32	3	0	29	16	2
1522	0.34	2	0	29	17	2
1523	0.36	2	0	28	18	2
1524	0.38	2	0	27	19	2
1525	0.40	2	0	26	20	2
1526	0.42	2	0	25	21	2
1527	0.44	2	0	24	22	2
1528	0.42	2	0	25	21	2
1529	0.44	2	0	24	22	2
1530	0.46	2	0	23	23	2
1531	0.48	2	0	22	24	2
1532	0.50	2	0	21	25	2
1533	0.52	2	0	20	26	2
1534	0.54	2	0	19	27	2
1535	0.54	2	1	18	27	2
1536	0.56	2	1	17	28	2
1537	0.58	1	1	17	29	2
1538	0.60	1	1	16	30	2
1539	0.62	1	1	15	31	2
1540	0.64	1	1	14	32	2
1541	0.66	1	1	13	33	2
1542	0.68	1	1	12	34	2
1543	0.70	1	1	11	35	2
1544	0.70	2	1	10	35	2
1545	0.72	2	1	9	36	2
1546	0.74	2	1	8	37	2
1547	0.76	2	1	7	38	2
1548	0.78	1	1	7	39	2
1549	0.78	1	2	6	39	2
1550	0.80	1	2	5	40	2
1551	0.80	1	2	5	40	2
1552	0.82	1	2	4	41	2
1553	0.82	1	2	4	41	2
1554	0.84	1	2	3	42	2
1555	0.82	1	2	4	41	2
1556	0.82	1	2	4	41	2
1557	0.82	1	2	4	41	2
1558	0.82	1	2	4	41	2
1559	0.84	1	2	4	42	1
1560	0.84	1	2	4	42	1
1561	0.84	1	2	4	42	1
1562	0.84	1	2	4	42	1
1563	0.86	1	2	3	43	1
1564	0.84	1	3	3	42	1
1565	0.84	1	3	3	42	1
1566	0.86	1	3	3	43	0
1567	0.86	1	3	3	43	0
1568	0.86	1	3	3	43	0
1569	0.84	1	3	3	42	1
1570	0.84	1	3	3	42	1
1571	0.82	1	3	4	41	1
1572	0.82	1	3	4	41	1
1573	0.82	1	3	4	41	1
1574	0.80	1	4	4	40	1
1575	0.80	1	4	4	40	1
1576	0.80	1	4	4	40	1
1577	0.80	1	4	4	40	1
1578	0.80	1	4	4	40	1
1579	0.80	1	4	4	40	1
1580	0.80	1	4	4	40	1
1581	0.80	1	4	4	40	1
1582	0.80	1	4	4	40	1
1583	0.80	1	4	4	40	1
1584	0.80	1	4	4	40	1
1585	0.80	1	3	4	40	2
1586	0.78	2	3	4	39	2
1587	0.78	2	3	4	39	2
1588	0.78	2	3	4	39	2
1589	0.76	2	4	4	38	2
1590	0.76	2	4	4	38	2
1591	0.76	2	4	4	38	2
1592	0.74	3	4	4	37	2
1593	0.72	3	5	4	36	2
1594	0.74	2	5	4	37	2
1595	0.74	2	5	4	37	2
1596	0.74	2	5	4	37	2
1597	0.74	2	5	4	37	2
1598	0.74	2	5	4	37	2
1599	0.76	2	4	4	38	2
1600	0.74	2	4	4	37	3
1601	0.74	2	4	4	37	3
1602	0.74	2	4	4	37	3
1603	0.74	3	4	3	37	3
1604	0.74	3	4	3	37	3
1605	0.76	3	4	2	38	3
1606	0.76	3	4	2	38	3
1607	0.74	3	5	2	37	3
1608	0.72	3	5	2	36	4
1609	0.72	3	5	2	36	4
1610	0.72	3	5	2	36	4
1611	0.70	4	5	2	35	4
1612	0.68	4	5	3	34	4
1613	0.68	4	5	3	34	4
1614	0.70	4	4	3	35	4
1615	0.70	4	4	3	35	4
1616	0.70	4	4	3	35	4
1617	0.70	4	4	3	35	4
1618	0.70	4	4	3	35	4
1619	0.72	4	4	3	36	3
1620	0.72	4	4	3	36	3
1621	0.74	4	4	2	37	3
1622	0.74	4	4	2	37	3
1623	0.72	4	5	2	36	3
1624	0.74	4	4	2	37	3
1625	0.72	5	4	2	36	3
1626	0.72	5	4	2	36	3
1627	0.72	5	4	2	36	3
1628	0.74	5	4	1	37	3
1629	0.74	5	4	1	37	3
1630	0.74	5	4	1	37	3
1631	0.74	5	4	1	37	3
1632	0.74	5	4	1	37	3
1633	0.74	5	4	1	37	3
1634	0.72	6	4	1	36	3
1635	0.74	6	4	1	37	2
1636	0.76	5	4	1	38	2
1637	0.76	5	4	1	38	2
1638	0.76	5	4	1	38	2
1639	0.78	5	3	1	39	2
1640	0.76	5	3	1	38	3
1641	0.76	5	3	1	38	3
1642	0.78	4	3	1	39	3
1643	0.80	4	2	1	40	3
1644	0.80	4	2	1	40	3
1645	0.80	4	2	1	40	3
1646	0.80	4	2	1	40	3
1647	0.80	4	2	1	40	3
1648	0.80	4	2	1	40	3
1649	0.80	4	2	1	40	3
1650	0.82	4	2	1	41	2
1651	0.82	4	2	1	41	2
1652	0.82	4	2	1	41	2
1653	0.84	3	2	1	42	2
1654	0.84	3	2	1	42	2
1655	0.84	3	2	1	42	2
1656	0.84	3	2	1	42	2
1657	0.86	3	1	1	43	2
1658	0.86	3	1	1	43	2
1659	0.86	3	1	1	43	2
1660	0.86	3	1	1	43	2
1661	0.88	2	1	1	44	2
1662	0.88	2	1	1	44	2
1663	0.88	2	1	1	44	2
1664	0.88	2	1	1	44	2
1665	0.88	2	1	1	44	2
1666	0.88	2	1	1	44	2
1667	0.88	2	1	1	44	2
1668	0.88	2	1	1	44	2
1669	0.88	2	1	1	44	2
1670	0.88	2	1	1	44	2
1671	0.86	3	1	1	43	2
1672	0.86	3	1	1	43	2
1673	0.88	3	0	1	44	2
1674	0.88	3	0	1	44	2
1675	0.90	2	0	1	45	2
1676	0.90	2	0	1	45	2
1677	0.90	2	0	1	45	2
1678	0.88	2	0	2	44	2
1679	0.86	2	0	3	43	2
1680	0.86	2	0	3	43	2
1681	0.86	2	0	3	43	2
1682	0.86	2	0	3	43	2
1683	0.86	2	0	3	43	2
1684	0.88	1	0	3	44	2
1685	0.88	1	0	3	44	2
1686	0.88	1	0	3	44	2
1687	0.88	1	0	3	44	2
1688	0.88	1	0	3	44	2
1689	0.88	1	0	3	44	2
1690	0.90	1	0	3	45	1
1691	0.90	1	0	3	45	1
1692	0.90	1	0	3	45	1
1693	0.90	1	0	3	45	1
1694	0.88	1	1	3	44	1
1695	0.86	1	2	3	43	1
1696	0.84	1	2	3	42	2
1697	0.84	1	2	3	42	2
1698	0.84	1	2	3	42	2
1699	0.84	1	2	3	42	2
1700	0.84	1	2	3	42	2
1701	0.84	1	2	3	42	2
1702	0.84	1	2	3	42	2
1703	0.84	1	2	3	42	2
1704	0.82	1	2	3	41	3
1705	0.80	1	2	4	40	3
1706	0.80	1	2	4	40	3
1707	0.80	1	2	4	40	3
1708	0.82	1	2	4	41	2
1709	0.82	1	2	4	41	2
1710	0.82	1	2	4	41	2
1711	0.82	1	2	4	41	2
1712	0.84	1	2	3	42	2
1713	0.84	1	2	3	42	2
1714	0.84	1	2	3	42	2
1715	0.84	1	2	3	42	2
1716	0.84	1	2	3	42	2
1717	0.84	1	2	3	42	2
1718	0.84	1	2	3	42	2
1719	0.82	1	2	4	41	2
1720	0.82	1	2	4	41	2
1721	0.84	0	2	4	42	2
1722	0.84	0	2	4	42	2
1723	0.84	0	2	4	42	2
1724	0.84	0	2	4	42	2
1725	0.84	0	2	4	42	2
1726	0.84	0	2	4	42	2
1727	0.84	0	2	4	42	2
1728	0.86	0	2	3	43	2
1729	0.88	0	2	2	44	2
1730	0.88	0	2	2	44	2
1731	0.88	0	2	2	44	2
1732	0.88	0	2	2	44	2
1733	0.88	0	2	2	44	2
1734	0.88	0	2	2	44	2
1735	0.88	0	2	2	44	2
1736	0.88	0	2	2	44	2
1737	0.88	0	2	2	44	2
1738	0.88	0	2	2	44	2
1739	0.86	0	3	2	43	2
1740	0.84	1	3	2	42	2
1741	0.84	1	3	2	42	2
1742	0.84	1	3	2	42	2
1743	0.84	1	3	2	42	2
1744	0.86	1	2	2	43	2
1745	0.88	1	1	2	44	2
1746	0.90	1	1	2	45	1
1747	0.90	1	1	2	45	1
1748	0.90	1	1	2	45	1
1749	0.90	1	1	2	45	1
1750	0.90	1	1	2	45	1
1751	0.90	1	1	2	45	1
1752	0.90	1	1	2	45	1
1753	0.90	1	1	2	45	1
1754	0.92	1	1	2	46	0
1755	0.94	1	1	1	47	0
1756	0.94	1	1	1	47	0
1757	0.92	1	1	2	46	0
1758	0.92	1	1	2	46	0
1759	0.92	1	1	2	46	0
1760	0.92	1	1	2	46	0
1761	0.92	1	1	2	46	0
1762	0.92	1	1	2	46	0
1763	0.92	1	1	2	46	0
1764	0.92	1	1	2	46	0
1765	0.90	1	1	3	45	0
1766	0.90	1	1	3	45	0
1767	0.90	1	1	3	45	0
1768	0.90	1	1	3	45	0
1769	0.92	1	1	2	46	0
1770	0.92	1	1	2	46	0
1771	0.92	1	1	2	46	0
1772	0.92	1	1	2	46	0
1773	0.92	1	1	2	46	0
1774	0.92	1	1	2	46	0
1775	0.92	1	1	2	46	0
1776	0.92	1	1	2	46	0
1777	0.92	1	1	2	46	0
1778	0.92	1	1	2	46	0
1779	0.92	1	1	2	46	0
1780	0.92	1	1	2	46	0
1781	0.92	1	1	2	46	0
1782	0.90	1	1	2	45	1
1783	0.90	1	1	2	45	1
1784	0.90	1	1	2	45	1
1785	0.90	1	1	2	45	1
1786	0.90	1	1	2	45	1
1787	0.90	1	1	2	45	1
1788	0.90	1	1	2	45	1
1789	0.92	1	0	2	46	1
1790	0.94	0	0	2	47	1
1791	0.94	0	0	2	47	1
1792	0.94	0	0	2	47	1
1793	0.94	0	0	2	47	1
1794	0.94	0	0	2	47	1
1795	0.92	0	0	2	46	2
1796	0.92	0	0	2	46	2
1797	0.92	0	0	2	46	2
1798	0.90	0	0	3	45	2
1799	0.90	0	0	3	45	2
1800	0.90	0	0	3	45	2
1801	0.88	0	0	4	44	2
1802	0.88	0	0	4	44	2
1803	0.88	0	0	4	44	2
1804	0.88	0	0	4	44	2
1805	0.88	0	0	4	44	2
1806	0.88	0	0	4	44	2
1807	0.90	0	0	3	45	2
1808	0.90	0	0	3	45	2
1809	0.88	0	1	3	44	2
1810	0.88	0	1	3	44	2
1811	0.86	0	1	3	43	3
1812	0.86	0	1	3	43	3
1813	0.84	0	2	3	42	3
1814	0.84	0	2	3	42	3
1815	0.86	0	2	2	43	3
1816	0.86	0	2	2	43	3
1817	0.86	0	2	2	43	3
1818	0.86	0	2	2	43	3
1819	0.86	0	2	2	43	3
1820	0.84	0	2	3	42	3
1821	0.84	0	2	3	42	3
1822	0.84	0	2	3	42	3
1823	0.84	0	2	3	42	3
1824	0.84	0	2	3	42	3
1825	0.84	0	2	3	42	3
1826	0.84	0	2	3	42	3
1827	0.84	0	2	3	42	3
1828	0.84	0	2	3	42	3
1829	0.82	0	3	3	41	3
1830	0.82	0	3	3	41	3
1831	0.82	0	3	3	41	3
1832	0.84	0	3	3	42	2
1833	0.84	0	3	3	42	2
1834	0.84	0	3	3	42	2
1835	0.84	0	3	3	42	2
1836	0.84	0	3	3	42	2
1837	0.84	0	3	3	42	2
1838	0.84	0	3	3	42	2
1839	0.84	0	3	3	42	2
1840	0.84	0	3	3	42	2
1841	0.82	0	3	3	41	3
1842	0.82	0	3	3	41	3
1843	0.80	1	3	3	40	3
1844	0.80	1	3	3	40	3
1845	0.82	1	3	3	41	2
1846	0.82	1	3	3	41	2
1847	0.82	1	3	3	41	2
1848	0.84	1	3	2	42	2
1849	0.84	1	3	2	42	2
1850	0.84	1	3	2	42	2
1851	0.86	1	3	1	43	2
1852	0.86	1	3	1	43	2
1853	0.86	1	3	1	43	2
1854	0.86	1	3	1	43	2
1855	0.86	1	3	1	43	2
1856	0.86	1	3	1	43	2
1857	0.86	1	3	1	43	2
1858	0.86	1	3	1	43	2
1859	0.86	1	2	2	43	2
1860	0.86	1	2	2	43	2
1861	0.88	1	2	2	44	1
1862	0.88	1	2	2	44	1
1863	0.90	1	1	2	45	1
1864	0.90	1	1	2	45	1
1865	0.90	1	1	2	45	1
1866	0.90	1	1	2	45	1
1867	0.90	1	1	2	45	1
1868	0.88	2	1	2	44	1
1869	0.88	2	1	2	44	1
1870	0.90	2	1	1	45	1
1871	0.90	2	1	1	45	1
1872	0.90	2	1	1	45	1
1873	0.90	2	1	1	45	1
1874	0.90	2	1	1	45	1
1875	0.88	3	1	1	44	1
1876	0.86	4	1	1	43	1
1877	0.86	4	1	1	43	1
1878	0.86	4	1	1	43	1
1879	0.88	4	0	1	44	1
1880	0.88	4	0	1	44	1
1881	0.88	4	0	1	44	1
1882	0.88	4	0	1	44	1
1883	0.86	4	0	1	43	2
1884	0.86	4	0	1	43	2
1885	0.86	4	0	1	43	2
1886	0.86	4	0	1	43	2
1887	0.86	4	0	1	43	2
1888	0.86	4	0	1	43	2
1889	0.86	4	0	1	43	2
1890	0.84	4	0	2	42	2
1891	0.86	4	0	2	43	1
1892	0.86	4	0	2	43	1
1893	0.88	3	0	2	44	1
1894	0.88	3	0	2	44	1
1895	0.86	3	0	2	43	2
1896	0.86	3	0	2	43	2
1897	0.86	3	0	2	43	2
1898	0.86	3	0	2	43	2
1899	0.84	3	0	3	42	2
1900	0.84	3	0	3	42	2
1901	0.84	3	0	3	42	2
1902	0.84	3	0	3	42	2
1903	0.84	3	0	3	42	2
1904	0.82	3	1	3	41	2
1905	0.82	3	1	3	41	2
1906	0.82	3	1	3	41	2
1907	0.82	3	1	3	41	2
1908	0.82	3	1	3	41	2
1909	0.84	3	1	2	42	2
1910	0.84	3	1	2	42	2
1911	0.84	3	1	2	42	2
1912	0.82	3	1	2	41	3
1913	0.82	3	1	2	41	3
1914	0.82	3	1	2	41	3
1915	0.80	4	1	2	40	3
1916	0.80	4	1	2	40	3
1917	0.78	4	2	2	39	3
1918	0.80	3	2	2	40	3
1919	0.80	3	2	2	40	3
1920	0.80	3	2	2	40	3
1921	0.80	3	2	2	40	3
1922	0.80	3	2	2	40	3
1923	0.80	3	2	2	40	3
1924	0.80	3	2	2	40	3
1925	0.80	2	2	2	40	4
1926	0.82	1	2	2	41	4
1927	0.82	1	2	2	41	4
1928	0.82	1	2	2	41	4
1929	0.82	1	2	2	41	4
1930	0.82	1	2	2	41	4
1931	0.82	1	2	2	41	4
1932	0.80	1	2	3	40	4
1933	0.80	1	2	4	40	3
1934	0.80	1	2	4	40	3
1935	0.80	1	2	4	40	3
1936	0.80	1	2	4	40	3
1937	0.80	1	2	4	40	3
1938	0.80	1	2	4	40	3
1939	0.78	1	2	5	39	3
1940	0.80	1	2	4	40	3
1941	0.80	1	2	4	40	3
1942	0.80	1	2	4	40	3
1943	0.80	1	2	4	40	3
1944	0.80	1	2	4	40	3
1945	0.82	1	2	4	41	2
1946	0.80	1	3	4	40	2
1947	0.80	1	3	4	40	2
1948	0.80	1	3	4	40	2
1949	0.82	1	3	3	41	2
1950	0.82	1	3	3	41	2
1951	0.80	1	4	3	40	2
1952	0.80	1	4	3	40	2
1953	0.80	1	4	3	40	2
1954	0.80	1	4	3	40	2
1955	0.80	1	4	3	40	2
1956	0.80	1	4	3	40	2
1957	0.80	1	4	3	40	2
1958	0.80	1	4	3	40	2
1959	0.80	1	4	3	40	2
1960	0.80	1	4	3	40	2
1961	0.80	1	4	3	40	2
1962	0.82	1	4	3	41	1
1963	0.82	1	4	3	41	1
1964	0.80	1	4	4	40	1
1965	0.80	0	4	4	40	2
1966	0.78	0	5	4	39	2
1967	0.80	0	4	4	40	2
1968	0.80	0	4	4	40	2
1969	0.80	0	4	4	40	2
1970	0.80	0	4	4	40	2
1971	0.80	0	4	4	40	2
1972	0.80	0	4	4	40	2
1973	0.80	0	4	4	40	2
1974	0.80	0	4	4	40	2
1975	0.82	0	4	4	41	1
1976	0.80	1	4	4	40	1
1977	0.78	1	4	5	39	1
1978	0.76	1	4	6	38	1
1979	0.76	1	4	6	38	1
1980	0.74	1	4	7	37	1
1981	0.74	1	4	7	37	1
1982	0.76	1	4	6	38	1
1983	0.78	1	4	5	39	1
1984	0.78	1	4	5	39	1
1985	0.78	1	4	5	39	1
1986	0.78	1	4	5	39	1
1987	0.78	1	4	5	39	1
1988	0.78	1	4	5	39	1
1989	0.80	1	4	4	40	1
1990	0.80	1	4	4	40	1
1991	0.80	1	4	4	40	1
1992	0.80	1	4	4	40	1
1993	0.80	1	4	4	40	1
1994	0.78	1	5	4	39	1
1995	0.78	1	5	4	39	1
1996	0.80	1	4	4	40	1
1997	0.80	1	4	4	40	1
1998	0.80	1	4	4	40	1
1999	0.80	1	4	4	40	1
2000	0.04	1	4	4	39	2
2001	0.04	1	3	4	40	2
2002	0.06	1	3	4	39	3
2003	0.06	1	3	4	39	3
2004	0.06	1	2	5	39	3
2005	0.08	1	2	5	38	4
2006	0.10	1	2	5	37	5
2007	0.12	1	2	5	36	6
2008	0.14	1	2	5	35	7
2009	0.14	1	2	5	35	7
2010	0.14	1	3	5	34	7
2011	0.16	1	3	5	33	8
2012	0.18	1	3	5	32	9
2013	0.20	1	3	5	31	10
2014	0.22	1	3	4	31	11
2015	0.22	1	3	4	31	11
2016	0.24	1	2	4	31	12
2017	0.26	1	2	4	30	13
2018	0.26	2	2	4	29	13
2019	0.28	2	2	4	28	14
2020	0.30	2	2	4	27	15
2021	0.30	2	3	4	26	15
2022	0.30	3	3	4	25	15
2023	0.32	3	3	4	24	16
2024	0.34	3	3	4	23	17
2025	0.36	3	3	4	22	18
2026	0.38	2	3	4	22	19
2027	0.40	2	3	3	22	20
2028	0.42	2	3	2	22	21
2029	0.42	2	4	2	21	21
2030	0.44	2	4	1	21	22
2031	0.46	2	4	1	20	23
2032	0.48	2	4	1	19	24
2033	0.50	2	4	1	18	25
2034	0.52	2	4	1	17	26
2035	0.54	2	4	1	16	27
2036	0.56	2	4	1	15	28
2037	0.58	2	4	1	14	29
2038	0.60	2	4	1	13	30
2039	0.62	2	4	1	12	31
2040	0.62	2	4	1	12	31
2041	0.64	2	4	1	11	32
2042	0.66	2	4	1	10	33
2043	0.66	2	5	1	9	33
2044	0.68	2	4	1	9	34
2045	0.68	2	4	1	9	34
2046	0.70	2	4	1	8	35
2047	0.70	2	5	1	7	35
2048	0.72	2	5	1	6	36
2049	0.74	2	5	1	5	37
2050	0.72	2	5	2	5	36
2051	0.74	2	5	2	4	37
2052	0.74	2	5	2	4	37
2053	0.76	2	5	2	3	38
2054	0.78	2	5	1	3	39
2055	0.78	2	5	1	3	39
2056	0.78	2	5	1	3	39
2057	0.76	3	5	1	3	38
2058	0.74	4	5	1	3	37
2059	0.76	4	5	1	2	38
2060	0.78	4	4	1	2	39
2061	0.78	4	4	1	2	39
2062	0.78	4	4	1	2	39
2063	0.78	4	4	1	2	39
2064	0.78	4	4	1	2	39
2065	0.78	4	4	1	2	39
2066	0.78	4	4	1	2	39
2067	0.78	4	4	1	2	39
2068	0.78	3	4	2	2	39
2069	0.78	3	4	2	2	39
2070	0.76	3	5	2	2	38
2071	0.78	3	4	2	2	39
2072	0.78	2	5	2	2	39
2073	0.78	2	5	2	2	39
2074	0.76	3	5	2	2	38
2075	0.74	3	5	2	3	37
2076	0.74	3	5	2	3	37
2077	0.74	3	5	2	3	37
2078	0.74	3	5	2	3	37
2079	0.76	3	4	2	3	38
2080	0.76	3	4	2	3	38
2081	0.76	3	4	2	3	38
2082	0.76	3	4	2	3	38
2083	0.76	3	4	2	3	38
2084	0.76	3	4	2	3	38
2085	0.76	3	4	2	3	38
2086	0.74	3	4	3	3	37
2087	0.74	3	4	3	3	37
2088	0.74	3	4	3	3	37
2089	0.74	3	4	3	3	37
2090	0.76	3	4	3	2	38
2091	0.74	3	4	4	2	37
2092	0.74	3	4	4	2	37
2093	0.76	3	3	4	2	38
2094	0.76	3	3	4	2	38
2095	0.78	3	3	4	1	39
2096	0.78	3	3	4	1	39
2097	0.80	3	2	4	1	40
2098	0.80	3	2	4	1	40
2099	0.78	3	3	4	1	39
2100	0.80	3	3	3	1	40
2101	0.80	3	3	3	1	40
2102	0.80	3	3	3	1	40
2103	0.78	3	3	3	2	39
2104	0.78	3	3	3	2	39
2105	0.76	3	3	4	2	38
2106	0.76	3	3	4	2	38
2107	0.78	2	3	4	2	39
2108	0.78	1	4	4	2	39
2109	0.78	1	4	4	2	39
2110	0.78	1	4	4	2	39
2111	0.78	1	4	4	2	39
2112	0.78	1	4	4	2	39
2113	0.78	1	4	4	2	39
2114	0.78	1	4	4	2	39
2115	0.78	1	4	4	2	39
2116	0.76	1	5	4	2	38
2117	0.76	1	5	4	2	38
2118	0.78	1	5	3	2	39
2119	0.78	1	5	3	2	39
2120	0.80	1	4	3	2	40
2121	0.80	1	4	3	2	40
2122	0.82	1	3	3	2	41
2123	0.82	1	3	3	2	41
2124	0.84	0	3	3	2	42
2125	0.86	0	3	3	1	43
2126	0.86	0	3	3	1	43
2127	0.86	0	3	3	1	43
2128	0.86	0	3	3	1	43
2129	0.86	0	3	3	1	43
2130	0.86	0	3	3	1	43
2131	0.86	0	3	3	1	43
2132	0.86	0	3	3	1	43
2133	0.86	0	3	3	1	43
2134	0.86	0	3	3	1	43
2135	0.86	0	3	3	1	43
2136	0.88	0	3	2	1	44
2137	0.86	0	3	3	1	43
2138	0.86	0	3	3	1	43
2139	0.86	0	3	3	1	43
2140	0.84	0	4	3	1	42
2141	0.84	0	5	2	1	42
2142	0.84	0	5	2	1	42
2143	0.84	0	5	2	1	42
2144	0.84	0	5	2	1	42
2145	0.84	0	5	2	1	42
2146	0.82	0	5	2	2	41
2147	0.80	1	5	2	2	40
2148	0.80	1	5	2	2	40
2149	0.82	1	4	2	2	41
2150	0.82	1	4	2	2	41
2151	0.82	1	4	2	2	41
2152	0.82	1	4	2	2	41
2153	0.84	1	4	2	1	42
2154	0.84	1	4	2	1	42
2155	0.86	1	4	1	1	43
2156	0.86	1	4	1	1	43
2157	0.86	1	4	1	1	43
2158	0.86	2	3	1	1	43
2159	0.84	2	3	1	2	42
2160	0.82	2	3	1	3	41
2161	0.82	2	3	1	3	41
2162	0.82	2	3	1	3	41
2163	0.82	2	3	1	3	41
2164	0.82	2	3	1	3	41
2165	0.82	2	3	1	3	41
2166	0.84	2	2	1	3	42
2167	0.84	2	2	1	3	42
2168	0.84	2	2	1	3	42
2169	0.84	2	2	1	3	42
2170	0.84	2	2	1	3	42
2171	0.82	3	2	1	3	41
2172	0.82	3	2	1	3	41
2173	0.82	3	2	1	3	41
2174	0.82	3	2	1	3	41
2175	0.82	3	2	1	3	41
2176	0.82	3	2	1	3	41
2177	0.80	3	2	1	4	40
2178	0.78	3	3	1	4	39
2179	0.78	3	3	1	4	39
2180	0.76	3	4	1	4	38
2181	0.76	3	4	1	4	38
2182	0.76	3	4	1	4	38
2183	0.74	3	4	1	5	37
2184	0.74	3	4	1	5	37
2185	0.74	3	4	1	5	37
2186	0.74	3	4	1	5	37
2187	0.76	3	4	0	5	38
2188	0.76	3	4	0	5	38
2189	0.76	3	4	0	5	38
2190	0.78	3	3	0	5	39
2191	0.80	3	2	0	5	40
2192	0.80	3	2	0	5	40
2193	0.80	3	2	0	5	40
2194	0.80	3	2	0	5	40
2195	0.78	4	2	0	5	39
2196	0.80	4	2	0	4	40
2197	0.82	3	2	0	4	41
2198	0.82	3	2	0	4	41
2199	0.82	3	2	0	4	41
2200	0.82	3	2	0	4	41
2201	0.82	3	2	0	4	41
2202	0.82	3	2	0	4	41
2203	0.82	3	2	0	4	41
2204	0.82	3	2	0	4	41
2205	0.82	3	2	0	4	41
2206	0.82	3	2	0	4	41
2207	0.82	3	2	0	4	41
2208	0.84	2	2	0	4	42
2209	0.86	2	2	0	3	43
2210	0.86	2	2	1	2	43
2211	0.86	2	2	1	2	43
2212	0.86	2	2	1	2	43
2213	0.84	3	2	1	2	42
2214	0.84	3	2	1	2	42
2215	0.82	3	3	1	2	41
2216	0.80	3	3	1	3	40
2217	0.78	3	3	2	3	39
2218	0.76	3	3	2	4	38
2219	0.76	3	3	2	4	38
2220	0.76	3	3	2	4	38
2221	0.76	2	4	2	4	38
2222	0.76	2	4	2	4	38
2223	0.74	2	4	3	4	37
2224	0.74	2	4	3	4	37
2225	0.74	2	4	3	4	37
2226	0.74	2	4	3	4	37
2227	0.76	2	4	3	3	38
2228	0.78	2	3	3	3	39
2229	0.78	2	3	3	3	39
2230	0.80	2	2	3	3	40
2231	0.80	2	2	3	3	40
2232	0.80	2	2	3	3	40
2233	0.82	2	2	3	2	41
2234	0.82	2	2	3	2	41
2235	0.82	2	2	3	2	41
2236	0.80	2	2	4	2	40
2237	0.80	2	2	4	2	40
2238	0.80	2	2	4	2	40
2239	0.80	2	2	4	2	40
2240	0.80	2	2	4	2	40
2241	0.80	2	2	4	2	40
2242	0.78	2	2	5	2	39
2243	0.76	2	3	5	2	38
2244	0.76	2	3	5	2	38
2245	0.78	1	3	5	2	39
2246	0.78	1	3	5	2	39
2247	0.78	1	3	5	2	39
2248	0.78	1	3	5	2	39
2249	0.78	1	3	5	2	39
2250	0.76	2	3	5	2	38
2251	0.76	2	3	5	2	38
2252	0.76	2	3	5	2	38
2253	0.76	2	3	5	2	38
2254	0.76	2	3	5	2	38
2255	0.76	2	3	5	2	38
2256	0.76	2	3	5	2	38
2257	0.76	2	3	5	2	38
2258	0.76	2	3	5	2	38
2259	0.76	2	3	5	2	38
2260	0.78	2	3	4	2	39
2261	0.78	2	3	4	2	39
2262	0.78	2	3	4	2	39
2263	0.80	1	3	4	2	40
2264	0.80	1	3	4	2	40
2265	0.82	1	2	4	2	41
2266	0.82	1	2	4	2	41
2267	0.84	1	2	3	2	42
2268	0.86	1	2	3	1	43
2269	0.86	1	2	3	1	43
2270	0.86	1	2	3	1	43
2271	0.88	1	1	3	1	44
2272	0.86	1	1	3	2	43
2273	0.88	1	1	2	2	44
2274	0.86	1	1	3	2	43
2275	0.84	2	1	3	2	42
2276	0.84	2	1	3	2	42
2277	0.84	2	1	3	2	42
2278	0.84	2	1	3	2	42
2279	0.82	3	1	3	2	41
2280	0.82	3	1	3	2	41
2281	0.82	3	1	3	2	41
2282	0.82	3	1	3	2	41
2283	0.80	4	1	3	2	40
2284	0.80	4	1	3	2	40
2285	0.80	4	1	3	2	40
2286	0.82	4	1	2	2	41
2287	0.82	4	1	2	2	41
2288	0.82	4	1	2	2	41
2289	0.82	4	1	2	2	41
2290	0.82	4	1	2	2	41
2291	0.82	4	1	2	2	41
2292	0.84	4	1	1	2	42
2293	0.86	4	0	1	2	43
2294	0.86	4	0	1	2	43
2295	0.86	4	0	1	2	43
2296	0.84	4	0	1	3	42
2297	0.84	4	0	1	3	42
2298	0.82	4	0	2	3	41
2299	0.82	4	0	2	3	41
2300	0.82	3	1	2	3	41
2301	0.82	3	1	2	3	41
2302	0.82	3	1	2	3	41
2303	0.80	3	1	2	4	40
2304	0.80	3	1	2	4	40
2305	0.80	3	1	2	4	40
2306	0.80	3	1	2	4	40
2307	0.80	3	1	2	4	40
2308	0.80	3	1	2	4	40
2309	0.80	3	1	2	4	40
2310	0.80	3	1	2	4	40
2311	0.80	3	1	2	4	40
2312	0.80	3	1	2	4	40
2313	0.80	3	1	2	4	40
2314	0.80	3	1	2	4	40
2315	0.80	3	1	2	4	40
2316	0.82	3	1	2	3	41
2317	0.82	3	1	2	3	41
2318	0.82	3	1	2	3	41
2319	0.82	3	1	2	3	41
2320	0.82	3	1	2	3	41
2321	0.82	3	1	2	3	41
2322	0.84	3	1	2	2	42
2323	0.84	3	1	2	2	42
2324	0.84	3	2	1	2	42
2325	0.86	2	2	1	2	43
2326	0.86	2	2	1	2	43
2327	0.84	2	2	1	3	42
2328	0.84	2	2	1	3	42
2329	0.84	2	2	1	3	42
2330	0.84	2	2	1	3	42
2331	0.82	3	2	1	3	41
2332	0.80	4	2	1	3	40
2333	0.82	3	2	1	3	41
2334	0.82	3	2	1	3	41
2335	0.82	3	2	1	3	41
2336	0.80	4	2	1	3	40
2337	0.80	4	2	1	3	40
2338	0.80	4	2	1	3	40
2339	0.78	4	2	2	3	39
2340	0.76	4	3	2	3	38
2341	0.76	4	3	2	3	38
2342	0.76	4	3	2	3	38
2343	0.76	4	3	2	3	38
2344	0.76	4	3	2	3	38
2345	0.74	5	3	2	3	37
2346	0.74	5	4	2	2	37
2347	0.74	5	4	2	2	37
2348	0.76	5	4	1	2	38
2349	0.76	5	4	1	2	38
2350	0.78	5	3	1	2	39
2351	0.78	5	3	1	2	39
2352	0.76	5	4	1	2	38
2353	0.78	5	4	1	1	39
2354	0.78	5	4	1	1	39
2355	0.78	5	4	1	1	39
2356	0.78	5	4	1	1	39
2357	0.78	5	4	1	1	39
2358	0.78	5	4	1	1	39
2359	0.76	5	4	2	1	38
2360	0.76	5	4	2	1	38
2361	0.76	5	4	2	1	38
2362	0.76	5	4	2	1	38
2363	0.76	5	4	2	1	38
2364	0.76	5	4	2	1	38
2365	0.76	5	4	2	1	38
2366	0.76	5	4	2	1	38
2367	0.76	5	4	2	1	38
2368	0.76	5	4	2	1	38
2369	0.74	5	4	2	2	37
2370	0.74	5	4	2	2	37
2371	0.74	5	4	2	2	37
2372	0.74	5	4	2	2	37
2373	0.74	5	4	2	2	37
2374	0.74	5	3	3	2	37
2375	0.74	5	3	3	2	37
2376	0.74	5	3	3	2	37
2377	0.76	5	3	3	1	38
2378	0.74	5	4	3	1	37
2379	0.76	4	4	3	1	38
2380	0.76	4	4	3	1	38
2381	0.78	3	4	3	1	39
2382	0.78	2	4	4	1	39
2383	0.78	2	4	4	1	39
2384	0.78	2	4	4	1	39
2385	0.78	2	4	4	1	39
2386	0.78	1	4	5	1	39
2387	0.76	1	5	5	1	38
2388	0.76	1	5	5	1	38
2389	0.76	1	5	5	1	38
2390	0.76	2	4	5	1	38
2391	0.76	2	4	5	1	38
2392	0.76	2	4	5	1	38
2393	0.76	2	4	5	1	38
2394	0.76	2	4	5	1	38
2395	0.78	1	4	5	1	39
2396	0.78	1	3	6	1	39
2397	0.78	1	3	6	1	39
2398	0.78	1	3	6	1	39
2399	0.78	1	3	6	1	39
2400	0.78	1	3	6	1	39
2401	0.78	1	3	6	1	39
2402	0.80	1	2	6	1	40
2403	0.78	1	3	6	1	39
2404	0.78	1	3	6	1	39
2405	0.78	1	3	6	1	39
2406	0.78	1	3	6	1	39
2407	0.76	2	3	6	1	38
2408	0.76	2	3	6	1	38
2409	0.78	2	3	5	1	39
2410	0.78	2	3	5	1	39
2411	0.78	2	3	5	1	39
2412	0.78	2	3	5	1	39
2413	0.78	2	3	5	1	39
2414	0.78	2	3	5	1	39
2415	0.76	2	4	5	1	38
2416	0.76	2	4	5	1	38
2417	0.76	2	4	5	1	38
2418	0.76	2	4	5	1	38
2419	0.78	2	4	5	0	39
2420	0.78	2	4	5	0	39
2421	0.76	3	4	5	0	38
2422	0.76	3	4	5	0	38
2423	0.74	3	5	5	0	37
2424	0.76	3	5	4	0	38
2425	0.76	3	5	4	0	38
2426	0.74	3	5	5	0	37
2427	0.74	3	5	5	0	37
2428	0.76	3	4	5	0	38
2429	0.76	3	4	5	0	38
2430	0.74	4	4	5	0	37
2431	0.74	4	4	5	0	37
2432	0.76	4	4	4	0	38
2433	0.76	4	4	4	0	38
2434	0.76	4	4	4	0	38
2435	0.76	4	4	4	0	38
2436	0.78	4	4	3	0	39
2437	0.78	5	3	3	0	39
2438	0.78	5	3	3	0	39
2439	0.78	5	4	2	0	39
2440	0.80	4	4	2	0	40
2441	0.80	4	4	2	0	40
2442	0.80	4	4	2	0	40
2443	0.80	4	4	2	0	40
2444	0.80	4	4	2	0	40
2445	0.80	4	4	2	0	40
2446	0.82	4	4	1	0	41
2447	0.82	4	4	1	0	41
2448	0.82	4	4	1	0	41
2449	0.82	4	4	1	0	41
2450	0.82	4	4	1	0	41
2451	0.82	4	4	1	0	41
2452	0.82	4	4	1	0	41
2453	0.84	4	3	1	0	42
2454	0.84	4	3	1	0	42
2455	0.84	4	3	1	0	42
2456	0.84	4	3	1	0	42
2457	0.86	3	3	1	0	43
2458	0.86	3	3	1	0	43
2459	0.84	3	4	1	0	42
2460	0.82	4	4	1	0	41
2461	0.80	4	5	1	0	40
2462	0.80	4	5	1	0	40
2463	0.80	4	5	1	0	40
2464	0.80	4	5	1	0	40
2465	0.80	4	4	1	1	40
2466	0.80	4	4	1	1	40
2467	0.80	4	4	1	1	40
2468	0.80	4	4	1	1	40
2469	0.80	4	4	1	1	40
2470	0.80	4	4	1	1	40
2471	0.80	3	4	1	2	40
2472	0.78	3	4	1	3	39
2473	0.80	3	3	1	3	40
2474	0.80	3	3	1	3	40
2475	0.80	3	3	1	3	40
2476	0.82	3	3	0	3	41
2477	0.80	3	3	0	4	40
2478	0.80	3	3	0	4	40
2479	0.80	3	3	0	4	40
2480	0.82	2	3	0	4	41
2481	0.82	2	3	0	4	41
2482	0.82	2	3	0	4	41
2483	0.82	2	3	0	4	41
2484	0.80	2	3	0	5	40
2485	0.80	2	3	0	5	40
2486	0.80	2	3	0	5	40
2487	0.82	1	3	0	5	41
2488	0.82	1	3	0	5	41
2489	0.84	1	2	0	5	42
2490	0.84	1	2	0	5	42
2491	0.82	1	3	0	5	41
2492	0.82	1	3	0	5	41
2493	0.82	1	3	0	5	41
2494	0.82	1	3	0	5	41
2495	0.82	1	3	0	5	41
2496	0.82	1	3	0	5	41
2497	0.82	1	3	0	5	41
2498	0.82	1	3	0	5	41
2499	0.80	1	3	1	5	40
2500	0.02	1	3	1	5	40
2501	0.04	2	3	1	5	39
2502	0.06	3	3	1	5	38
2503	0.06	3	4	1	5	37
2504	0.08	4	4	1	5	36
2505	0.10	5	4	1	5	35
2506	0.12	6	4	1	5	34
2507	0.14	7	4	1	5	33
2508	0.16	8	4	1	5	32
2509	0.18	9	3	1	5	32
2510	0.18	9	3	1	5	32
2511	0.18	9	2	1	5	33
2512	0.20	10	2	1	5	32
2513	0.22	11	2	1	5	31
2514	0.24	12	2	1	5	30
2515	0.26	13	2	1	4	30
2516	0.28	14	2	1	4	29
2517	0.30	15	2	1	4	28
2518	0.32	16	2	1	4	27
2519	0.32	16	2	2	4	26
2520	0.34	17	2	2	4	25
2521	0.36	18	2	2	3	25
2522	0.38	19	2	2	2	25
2523	0.40	20	2	2	2	24
2524	0.42	21	2	2	2	23
2525	0.42	21	2	3	2	22
2526	0.44	22	2	3	2	21
2527	0.46	23	2	3	1	21
2528	0.48	24	2	3	1	20
2529	0.50	25	2	3	1	19
2530	0.50	25	2	4	1	18
2531	0.50	25	2	5	1	17
2532	0.52	26	2	5	1	16
2533	0.54	27	2	5	1	15
2534	0.56	28	2	5	0	15
2535	0.58	29	2	5	0	14
2536	0.60	30	2	5	0	13
2537	0.62	31	2	5	0	12
2538	0.64	32	2	5	0	11
2539	0.66	33	2	5	0	10
2540	0.68	34	2	5	0	9
2541	0.70	35	1	5	0	9
2542	0.72	36	1	5	0	8
2543	0.74	37	1	5	0	7
2544	0.76	38	1	5	0	6
2545	0.78	39	1	5	0	5
2546	0.78	39	1	5	1	4
2547	0.80	40	1	5	1	3
2548	0.82	41	1	5	1	2
2549	0.84	42	1	4	1	2
2550	0.86	43	1	4	1	1
2551	0.86	43	1	4	1	1
2552	0.86	43	1	4	1	1
2553	0.88	44	0	4	1	1
2554	0.88	44	0	4	1	1
2555	0.88	44	0	4	1	1
2556	0.88	44	0	4	1	1
2557	0.88	44	0	4	1	1
2558	0.88	44	0	4	1	1
2559	0.88	44	0	4	1	1
2560	0.88	44	0	4	1	1
2561	0.90	45	0	4	1	0
2562	0.90	45	0	4	1	0
2563	0.90	45	0	4	1	0
2564	0.88	44	0	4	1	1
2565	0.86	43	0	5	1	1
2566	0.86	43	0	5	1	1
2567	0.86	43	0	5	1	1
2568	0.86	43	0	5	1	1
2569	0.88	44	0	4	1	1
2570	0.88	44	0	4	1	1
2571	0.88	44	0	4	1	1
2572	0.88	44	0	4	1	1
2573	0.88	44	0	4	1	1
2574	0.88	44	0	4	1	1
2575	0.90	45	0	3	1	1
2576	0.88	44	0	4	1	1
2577	0.88	44	0	4	1	1
2578	0.86	43	0	5	1	1
2579	0.86	43	0	5	1	1
2580	0.86	43	0	5	1	1
2581	0.88	44	0	4	1	1
2582	0.88	44	0	4	1	1
2583	0.88	44	0	4	1	1
2584	0.88	44	0	4	1	1
2585	0.88	44	0	4	1	1
2586	0.88	44	0	4	1	1
2587	0.88	44	0	4	1	1
2588	0.88	44	0	4	1	1
2589	0.88	44	0	4	1	1
2590	0.88	44	0	4	1	1
2591	0.88	44	0	4	1	1
2592	0.88	44	0	4	1	1
2593	0.88	44	0	4	1	1
2594	0.88	44	0	4	1	1
2595	0.88	44	0	4	1	1
2596	0.90	45	0	4	0	1
2597	0.90	45	0	4	0	1
2598	0.88	44	0	4	0	2
2599	0.88	44	0	4	0	2
2600	0.88	44	0	4	0	2
2601	0.88	44	0	4	0	2
2602	0.88	44	0	4	0	2
2603	0.88	44	0	4	0	2
2604	0.88	44	0	4	0	2
2605	0.88	44	0	4	0	2
2606	0.86	43	0	5	0	2
2607	0.86	43	0	5	0	2
2608	0.84	42	0	5	1	2
2609	0.84	42	0	5	1	2
2610	0.84	42	0	5	1	2
2611	0.84	42	0	5	1	2
2612	0.84	42	0	5	1	2
2613	0.84	42	0	5	1	2
2614	0.86	43	0	5	1	1
2615	0.88	44	0	4	1	1
2616	0.88	44	0	4	1	1
2617	0.88	44	0	4	1	1
2618	0.88	44	0	4	1	1
2619	0.88	44	0	4	1	1
2620	0.88	44	0	4	1	1
2621	0.86	43	0	4	2	1
2622	0.86	43	0	4	2	1
2623	0.86	43	0	4	2	1
2624	0.86	43	0	4	2	1
2625	0.86	43	0	4	2	1
2626	0.88	44	0	3	2	1
2627	0.88	44	0	3	2	1
2628	0.90	45	0	2	2	1
2629	0.90	45	0	2	2	1
2630	0.92	46	0	1	2	1
2631	0.90	45	0	1	2	2
2632	0.90	45	0	1	2	2
2633	0.90	45	0	1	2	2
2634	0.88	44	0	1	3	2
2635	0.88	44	0	1	3	2
2636	0.88	44	0	1	3	2
2637	0.88	44	0	1	3	2
2638	0.88	44	0	1	3	2
2639	0.88	44	0	1	3	2
2640	0.88	44	0	1	3	2
2641	0.88	44	0	1	3	2
2642	0.88	44	0	1	3	2
2643	0.88	44	0	1	3	2
2644	0.88	44	0	1	3	2
2645	0.88	44	0	1	3	2
2646	0.88	44	0	1	3	2
2647	0.88	44	0	1	3	2
2648	0.90	45	0	1	3	1
2649	0.90	45	0	1	3	1
2650	0.90	45	0	1	3	1
2651	0.90	45	0	1	3	1
2652	0.90	45	0	1	3	1
2653	0.90	45	0	1	3	1
2654	0.90	45	0	1	3	1
2655	0.88	44	0	1	4	1
2656	0.90	45	0	0	4	1
2657	0.90	45	0	0	4	1
2658	0.92	46	0	0	3	1
2659	0.92	46	0	0	3	1
2660	0.90	45	0	0	4	1
2661	0.90	45	0	0	4	1
2662	0.90	45	0	0	4	1
2663	0.90	45	0	0	4	1
2664	0.90	45	0	0	4	1
2665	0.90	45	0	0	4	1
2666	0.90	45	0	0	4	1
2667	0.90	45	0	0	4	1
2668	0.88	44	0	1	4	1
2669	0.88	44	0	1	4	1
2670	0.88	44	0	1	4	1
2671	0.88	44	1	1	3	1
2672	0.88	44	1	1	3	1
2673	0.88	44	1	1	3	1
2674	0.88	44	1	1	3	1
2675	0.88	44	1	1	3	1
2676	0.88	44	1	1	3	1
2677	0.88	44	1	1	3	1
2678	0.88	44	1	1	3	1
2679	0.88	44	1	1	3	1
2680	0.88	44	1	1	3	1
2681	0.90	45	1	1	3	0
2682	0.90	45	1	1	3	0
2683	0.90	45	1	1	3	0
2684	0.92	46	1	1	2	0
2685	0.92	46	1	1	2	0
2686	0.92	46	1	1	2	0
2687	0.92	46	1	1	2	0
2688	0.92	46	1	1	2	0
2689	0.92	46	1	1	2	0
2690	0.90	45	1	1	2	1
2691	0.90	45	1	1	2	1
2692	0.90	45	1	1	2	1
2693	0.90	45	1	1	2	1
2694	0.90	45	1	1	2	1
2695	0.90	45	1	1	2	1
2696	0.90	45	1	1	2	1
2697	0.90	45	1	1	2	1
2698	0.88	44	1	1	2	2
2699	0.88	44	1	1	2	2
2700	0.88	44	1	1	2	2
2701	0.88	44	1	1	2	2
2702	0.88	44	1	1	2	2
2703	0.88	44	1	1	2	2
2704	0.88	44	1	1	2	2
2705	0.90	45	1	1	1	2
2706	0.90	45	1	1	1	2
2707	0.90	45	1	1	1	2
2708	0.90	45	1	1	1	2
2709	0.90	45	1	1	1	2
2710	0.92	46	1	1	0	2
2711	0.92	46	1	1	0	2
2712	0.92	46	1	1	0	2
2713	0.92	46	1	1	0	2
2714	0.92	46	1	1	0	2
2715	0.92	46	1	1	0	2
2716	0.92	46	1	1	0	2
2717	0.90	45	1	1	0	3
2718	0.92	46	1	0	0	3
2719	0.92	46	1	0	0	3
2720	0.92	46	1	0	0	3
2721	0.94	47	0	0	0	3
2722	0.94	47	0	0	0	3
2723	0.94	47	0	0	0	3
2724	0.94	47	0	0	0	3
2725	0.94	47	0	0	0	3
2726	0.92	46	0	1	0	3
2727	0.92	46	0	1	0	3
2728	0.92	46	0	1	0	3
2729	0.92	46	0	1	0	3
2730	0.90	45	0	1	1	3
2731	0.90	45	0	1	1	3
2732	0.90	45	0	1	1	3
2733	0.90	45	0	1	1	3
2734	0.90	45	0	1	1	3
2735	0.90	45	0	1	1	3
2736	0.90	45	0	1	1	3
2737	0.88	44	1	1	1	3
2738	0.88	44	1	1	1	3
2739	0.88	44	1	1	1	3
2740	0.90	45	1	1	1	2
2741	0.90	45	1	1	1	2
2742	0.90	45	1	1	1	2
2743	0.90	45	1	1	1	2
2744	0.88	44	1	2	1	2
2745	0.86	43	1	3	1	2
2746	0.84	42	1	4	1	2
2747	0.84	42	1	4	1	2
2748	0.86	43	1	4	1	1
2749	0.86	43	1	4	1	1
2750	0.86	43	1	4	1	1
2751	0.84	42	2	4	1	1
2752	0.84	42	2	4	1	1
2753	0.84	42	2	4	1	1
2754	0.84	42	2	4	1	1
2755	0.84	42	2	4	1	1
2756	0.84	42	2	4	1	1
2757	0.84	42	2	4	1	1
2758	0.82	41	2	4	2	1
2759	0.82	41	2	4	2	1
2760	0.82	41	2	4	2	1
2761	0.82	41	2	4	2	1
2762	0.82	41	2	4	2	1
2763	0.82	41	2	4	2	1
2764	0.82	41	2	4	2	1
2765	0.82	41	2	4	2	1
2766	0.82	41	2	4	2	1
2767	0.82	41	3	4	2	0
2768	0.82	41	3	4	2	0
2769	0.82	41	3	4	2	0
2770	0.82	41	3	4	2	0
2771	0.82	41	3	4	2	0
2772	0.82	41	3	4	2	0
2773	0.80	40	3	5	2	0
2774	0.80	40	3	5	2	0
2775	0.80	40	3	5	2	0
2776	0.82	41	3	4	2	0
2777	0.82	41	3	4	2	0
2778	0.82	41	3	4	2	0
2779	0.82	41	3	4	2	0
2780	0.84	42	3	4	1	0
2781	0.84	42	3	4	1	0
2782	0.84	42	3	4	1	0
2783	0.84	42	3	4	1	0
2784	0.84	42	3	4	1	0
2785	0.84	42	3	4	1	0
2786	0.82	41	3	5	1	0
2787	0.84	42	2	5	1	0
2788	0.82	41	2	5	2	0
2789	0.82	41	2	5	2	0
2790	0.82	41	2	5	2	0
2791	0.82	41	2	5	2	0
2792	0.82	41	2	5	2	0
2793	0.82	41	2	5	2	0
2794	0.84	42	2	4	2	0
2795	0.86	43	2	3	2	0
2796	0.88	44	2	2	2	0
2797	0.88	44	2	2	2	0
2798	0.88	44	2	2	2	0
2799	0.88	44	2	2	2	0
2800	0.88	44	2	2	2	0
2801	0.90	45	1	2	2	0
2802	0.90	45	1	2	2	0
2803	0.90	45	1	2	2	0
2804	0.88	44	2	2	2	0
2805	0.88	44	2	2	2	0
2806	0.88	44	2	2	2	0
2807	0.88	44	2	2	2	0
2808	0.90	45	2	2	1	0
2809	0.90	45	2	2	1	0
2810	0.90	45	2	2	1	0
2811	0.90	45	2	2	1	0
2812	0.90	45	2	2	1	0
2813	0.90	45	2	2	1	0
2814	0.90	45	2	2	1	0
2815	0.90	45	2	2	1	0
2816	0.90	45	2	2	1	0
2817	0.92	46	1	2	1	0
2818	0.90	45	1	3	1	0
2819	0.90	45	1	3	1	0
2820	0.90	45	1	3	1	0
2821	0.90	45	1	3	1	0
2822	0.90	45	1	3	1	0
2823	0.90	45	1	2	2	0
2824	0.90	45	1	2	2	0
2825	0.90	45	1	2	2	0
2826	0.90	45	1	2	2	0
2827	0.88	44	1	2	3	0
2828	0.88	44	1	2	3	0
2829	0.88	44	1	2	3	0
2830	0.88	44	1	2	3	0
2831	0.88	44	1	2	3	0
2832	0.88	44	1	2	3	0
2833	0.88	44	1	2	3	0
2834	0.86	43	1	2	3	1
2835	0.86	43	1	2	3	1
2836	0.88	44	1	1	3	1
2837	0.86	43	1	2	3	1
2838	0.88	44	1	2	2	1
2839	0.88	44	1	2	2	1
2840	0.88	44	1	2	2	1
2841	0.86	43	1	2	3	1
2842	0.86	43	1	2	3	1
2843	0.86	43	1	2	3	1
2844	0.86	43	1	2	3	1
2845	0.86	43	1	2	3	1
2846	0.84	42	2	2	3	1
2847	0.82	41	2	2	4	1
2848	0.82	41	2	2	4	1
2849	0.82	41	2	2	4	1
2850	0.82	41	2	2	4	1
2851	0.82	41	2	2	4	1
2852	0.82	41	2	2	4	1
2853	0.82	41	2	2	4	1
2854	0.84	42	1	2	4	1
2855	0.84	42	1	2	4	1
2856	0.84	42	1	2	4	1
2857	0.84	42	1	2	4	1
2858	0.84	42	1	2	4	1
2859	0.84	42	1	2	4	1
2860	0.84	42	1	2	4	1
2861	0.84	42	1	2	4	1
2862	0.84	42	1	2	4	1
2863	0.84	42	1	2	4	1
2864	0.84	42	1	2	4	1
2865	0.82	41	2	2	4	1
2866	0.80	40	2	3	4	1
2867	0.80	40	2	3	4	1
2868	0.82	41	2	2	4	1
2869	0.82	41	2	2	4	1
2870	0.82	41	2	2	4	1
2871	0.82	41	2	2	4	1
2872	0.82	41	2	2	4	1
2873	0.84	42	2	2	3	1
2874	0.84	42	2	2	3	1
2875	0.84	42	2	2	3	1
2876	0.82	41	3	2	3	1
2877	0.84	42	3	2	2	1
2878	0.84	42	3	2	2	1
2879	0.84	42	3	2	2	1
2880	0.84	42	3	2	2	1
2881	0.84	42	3	2	2	1
2882	0.82	41	3	3	2	1
2883	0.82	41	3	3	2	1
2884	0.84	42	3	3	2	0
2885	0.84	42	3	3	2	0
2886	0.84	42	3	3	2	0
2887	0.86	43	3	2	2	0
2888	0.86	43	3	2	2	0
2889	0.86	43	3	2	2	0
2890	0.86	43	3	2	2	0
2891	0.88	44	3	2	1	0
2892	0.88	44	3	2	1	0
2893	0.88	44	3	2	1	0
2894	0.88	44	3	2	1	0
2895	0.88	44	3	2	1	0
2896	0.88	44	3	2	1	0
2897	0.90	45	3	2	0	0
2898	0.90	45	3	2	0	0
2899	0.90	45	3	2	0	0
2900	0.88	44	3	2	1	0
2901	0.88	44	3	2	1	0
2902	0.88	44	3	2	1	0
2903	0.86	43	3	2	2	0
2904	0.86	43	3	2	2	0
2905	0.84	42	3	3	2	0
2906	0.84	42	3	3	2	0
2907	0.84	42	3	3	2	0
2908	0.84	42	3	3	2	0
2909	0.84	42	3	3	2	0
2910	0.84	42	3	3	2	0
2911	0.84	42	3	3	2	0
2912	0.84	42	3	3	2	0
2913	0.84	42	3	3	2	0
2914	0.82	41	3	3	3	0
2915	0.84	42	2	3	3	0
2916	0.86	43	2	2	3	0
2917	0.86	43	2	2	3	0
2918	0.86	43	2	2	3	0
2919	0.86	43	2	2	3	0
2920	0.86	43	2	2	3	0
2921	0.86	43	2	2	3	0
2922	0.86	43	2	2	3	0
2923	0.86	43	2	2	3	0
2924	0.86	43	2	2	3	0
2925	0.84	42	3	2	3	0
2926	0.86	43	2	2	3	0
2927	0.86	43	2	2	3	0
2928	0.86	43	2	2	3	0
2929	0.86	43	2	2	3	0
2930	0.86	43	2	2	3	0
2931	0.84	42	3	2	3	0
2932	0.86	43	3	1	3	0
2933	0.86	43	3	1	3	0
2934	0.86	43	3	1	3	0
2935	0.86	43	3	1	3	0
2936	0.86	43	3	1	3	0
2937	0.86	43	3	1	3	0
2938	0.86	43	3	1	3	0
2939	0.86	43	3	1	3	0
2940	0.86	43	3	1	3	0
2941	0.86	43	3	1	3	0
2942	0.86	43	3	1	3	0
2943	0.86	43	3	1	3	0
2944	0.86	43	3	1	3	0
2945	0.86	43	3	1	3	0
2946	0.86	43	2	1	3	1
2947	0.86	43	2	1	3	1
2948	0.84	42	2	2	3	1
2949	0.84	42	2	2	3	1
2950	0.86	43	2	2	2	1
2951	0.86	43	2	2	2	1
2952	0.84	42	2	2	3	1
2953	0.84	42	2	2	2	2
2954	0.84	42	2	2	2	2
2955	0.86	43	2	1	2	2
2956	0.84	42	2	2	2	2
2957	0.82	41	3	2	2	2
2958	0.82	41	3	2	2	2
2959	0.82	41	3	2	2	2
2960	0.82	41	3	2	2	2
2961	0.82	41	3	2	2	2
2962	0.82	41	3	2	2	2
2963	0.82	41	3	2	2	2
2964	0.84	42	3	2	1	2
2965	0.82	41	4	2	1	2
2966	0.82	41	4	2	1	2
2967	0.82	41	4	2	1	2
2968	0.82	41	4	2	1	2
2969	0.82	41	4	2	1	2
2970	0.82	41	4	2	1	2
2971	0.82	41	4	2	1	2
2972	0.82	41	4	2	1	2
2973	0.80	40	5	2	1	2
2974	0.80	40	5	2	1	2
2975	0.82	41	4	2	1	2
2976	0.82	41	4	2	1	2
2977	0.82	41	4	2	1	2
2978	0.82	41	4	2	1	2
2979	0.82	41	4	2	1	2
2980	0.80	40	4	2	2	2
2981	0.82	41	3	2	2	2
2982	0.82	41	3	2	2	2
2983	0.82	41	3	2	2	2
2984	0.82	41	3	2	2	2
2985	0.82	41	3	2	2	2
2986	0.82	41	3	2	2	2
2987	0.82	41	3	2	2	2
2988	0.82	41	3	2	2	2
2989	0.82	41	3	2	2	2
2990	0.82	41	3	2	2	2
2991	0.82	41	3	2	2	2
2992	0.82	41	3	2	2	2
2993	0.82	41	3	2	2	2
2994	0.80	40	3	3	2	2
2995	0.80	40	3	3	2	2
2996	0.82	41	3	3	2	1
2997	0.82	41	3	3	2	1
2998	0.84	42	3	2	2	1
2999	0.84	42	3	2	2	1
