timestep	swarm_quality	color_0	color_1	color_2	color_3	color_4
0	0.70	35	4	3	2	6
1	0.70	35	4	3	2	6
2	0.70	35	4	3	2	6
3	0.70	35	4	3	2	6
4	0.70	35	4	3	2	6
5	0.68	34	5	3	2	6
6	0.66	33	6	3	2	6
7	0.66	33	6	3	2	6
8	0.66	33	6	3	2	6
9	0.64	32	7	3	2	6
10	0.64	32	7	3	2	6
11	0.64	32	7	3	2	6
12	0.62	31	8	3	2	6
13	0.62	31	8	3	2	6
14	0.62	31	8	3	2	6
15	0.62	31	8	3	2	6
16	0.62	31	8	3	2	6
17	0.62	31	8	3	2	6
18	0.62	31	8	3	2	6
19	0.62	31	8	3	2	6
20	0.62	31	8	3	2	6
21	0.62	31	8	3	2	6
22	0.62	31	8	3	2	6
23	0.62	31	8	3	2	6
24	0.60	30	8	3	2	7
25	0.58	29	9	3	2	7
26	0.56	28	10	3	2	7
27	0.54	27	10	3	2	8
28	0.54	27	10	3	2	8
29	0.52	26	10	3	2	9
30	0.50	25	10	4	2	9
31	0.50	25	10	4	2	9
32	0.50	25	10	4	2	9
33	0.48	24	11	4	2	9
34	0.48	24	11	4	2	9
35	0.50	25	11	4	2	8
36	0.52	26	11	4	2	7
37	0.54	27	11	4	2	6
38	0.56	28	10	4	2	6
39	0.58	29	10	4	2	5
40	0.60	30	10	3	2	5
41	0.62	31	10	2	2	5
42	0.64	32	10	2	2	4
43	0.66	33	10	1	2	4
44	0.68	34	9	1	2	4
45	0.70	35	8	1	2	4
46	0.72	36	7	1	2	4
47	0.72	36	7	2	1	4
48	0.74	37	7	2	1	3
49	0.74	37	7	2	1	3
50	0.74	37	7	2	1	3
51	0.74	37	7	2	1	3
52	0.74	37	7	2	1	3
53	0.74	37	7	2	1	3
54	0.74	37	7	2	1	3
55	0.74	37	6	2	1	4
56	0.74	37	5	2	1	5
57	0.74	37	5	2	1	5
58	0.74	37	5	2	1	5
59	0.76	38	4	2	1	5
60	0.74	37	4	2	2	5
61	0.74	37	4	2	2	5
62	0.76	38	3	2	2	5
63	0.76	38	3	2	2	5
64	0.76	38	3	2	2	5
65	0.76	38	3	2	2	5
66	0.76	38	3	2	2	5
67	0.76	38	3	2	2	5
68	0.74	37	3	2	3	5
69	0.74	37	3	2	3	5
70	0.72	36	3	3	3	5
71	0.72	36	3	3	3	5
72	0.72	36	3	3	3	5
73	0.72	36	3	3	3	5
74	0.74	37	3	3	3	4
75	0.76	38	2	3	3	4
76	0.78	39	1	3	3	4
77	0.78	39	1	3	4	3
78	0.78	39	1	3	4	3
79	0.78	39	1	4	4	2
80	0.80	40	1	3	4	2
81	0.80	40	1	3	4	2
82	0.80	40	1	3	4	2
83	0.82	41	0	3	4	2
84	0.82	41	0	3	4	2
85	0.80	40	0	3	4	3
86	0.80	40	0	3	4	3
87	0.78	39	0	4	4	3
88	0.78	39	0	4	4	3
89	0.78	39	0	4	4	3
90	0.78	39	0	4	4	3
91	0.78	39	0	4	4	3
92	0.78	39	0	4	4	3
93	0.78	39	0	4	4	3
94	0.78	39	0	4	4	3
95	0.76	38	1	4	4	3
96	0.76	38	1	4	4	3
97	0.78	39	1	3	4	3
98	0.78	39	1	3	4	3
99	0.80	40	1	3	3	3
100	0.80	40	1	3	3	3
101	0.80	40	1	3	3	3
102	0.80	40	1	3	3	3
103	0.80	40	1	3	3	3
104	0.80	40	1	3	3	3
105	0.82	41	1	3	3	2
106	0.84	42	1	3	3	1
107	0.84	42	1	3	3	1
108	0.84	42	1	3	3	1
109	0.84	42	1	3	3	1
110	0.86	43	1	3	2	1
111	0.84	42	1	4	2	1
112	0.84	42	1	4	2	1
113	0.84	42	1	4	2	1
114	0.84	42	1	4	2	1
115	0.84	42	1	4	2	1
116	0.82	41	2	4	2	1
117	0.82	41	2	4	2	1
118	0.82	41	2	4	1	2
119	0.82	41	2	4	1	2
120	0.84	42	2	3	1	2
121	0.84	42	2	3	1	2
122	0.84	42	2	3	1	2
123	0.84	42	2	3	1	2
124	0.84	42	2	3	1	2
125	0.84	42	2	3	1	2
126	0.84	42	2	3	1	2
127	0.86	43	2	3	0	2
128	0.86	43	2	3	0	2
129	0.88	44	2	2	0	2
130	0.88	44	2	2	0	2
131	0.86	43	2	3	0	2
132	0.86	43	2	3	0	2
133	0.86	43	2	3	0	2
134	0.86	43	2	3	0	2
135	0.88	44	2	3	0	1
136	0.88	44	2	3	0	1
137	0.88	44	3	2	0	1
138	0.88	44	3	2	0	1
139	0.88	44	3	2	0	1
140	0.88	44	3	2	0	1
141	0.88	44	3	2	0	1
142	0.88	44	3	2	0	1
143	0.88	44	3	2	0	1
144	0.88	44	3	2	0	1
145	0.88	44	2	3	0	1
146	0.86	43	2	3	1	1
147	0.86	43	2	3	1	1
148	0.86	43	2	3	1	1
149	0.86	43	2	3	1	1
150	0.86	43	2	3	1	1
151	0.86	43	2	3	1	1
152	0.86	43	2	3	1	1
153	0.86	43	2	3	1	1
154	0.86	43	2	3	1	1
155	0.86	43	2	3	1	1
156	0.86	43	2	3	1	1
157	0.86	43	2	3	1	1
158	0.86	43	2	3	1	1
159	0.86	43	2	3	1	1
160	0.84	42	3	3	1	1
161	0.86	43	3	2	1	1
162	0.86	43	3	2	1	1
163	0.86	43	3	2	1	1
164	0.84	42	4	2	1	1
165	0.82	41	5	2	1	1
166	0.84	42	4	2	1	1
167	0.84	42	4	2	1	1
168	0.86	43	4	2	1	0
169	0.84	42	4	2	2	0
170	0.82	41	4	2	3	0
171	0.82	41	4	2	3	0
172	0.80	40	5	2	3	0
173	0.80	40	5	2	3	0
174	0.80	40	5	2	3	0
175	0.80	40	5	2	3	0
176	0.80	40	5	2	3	0
177	0.80	40	5	2	3	0
178	0.80	40	5	2	3	0
179	0.80	40	5	2	3	0
180	0.80	40	5	2	3	0
181	0.82	41	5	1	3	0
182	0.82	41	5	1	3	0
183	0.82	41	5	1	3	0
184	0.82	41	5	1	3	0
185	0.82	41	5	1	3	0
186	0.82	41	5	1	3	0
187	0.84	42	4	1	3	0
188	0.84	42	4	1	3	0
189	0.84	42	4	1	3	0
190	0.84	42	4	1	3	0
191	0.84	42	4	1	3	0
192	0.84	42	4	1	3	0
193	0.84	42	4	1	3	0
194	0.84	42	4	1	3	0
195	0.86	43	4	0	3	0
196	0.88	44	4	0	2	0
197	0.86	43	4	0	2	1
198	0.86	43	4	0	2	1
199	0.86	43	4	0	2	1
200	0.86	43	4	0	2	1
201	0.86	43	4	0	2	1
202	0.86	43	4	0	2	1
203	0.84	42	4	0	3	1
204	0.84	42	4	0	3	1
205	0.82	41	4	0	4	1
206	0.82	41	4	0	4	1
207	0.82	41	4	0	4	1
208	0.82	41	4	0	4	1
209	0.82	41	4	0	4	1
210	0.84	42	3	0	4	1
211	0.84	42	3	0	4	1
212	0.84	42	3	0	4	1
213	0.84	42	3	0	4	1
214	0.86	43	2	0	4	1
215	0.88	44	1	0	4	1
216	0.88	44	1	0	4	1
217	0.88	44	1	0	4	1
218	0.88	44	1	0	4	1
219	0.90	45	1	0	3	1
220	0.90	45	1	0	3	1
221	0.90	45	1	0	3	1
222	0.92	46	0	0	3	1
223	0.90	45	1	0	3	1
224	0.90	45	1	0	3	1
225	0.90	45	1	0	3	1
226	0.90	45	1	0	3	1
227	0.90	45	1	0	3	1
228	0.90	45	1	0	3	1
229	0.90	45	1	0	3	1
230	0.90	45	1	0	3	1
231	0.90	45	1	0	3	1
232	0.90	45	1	0	3	1
233	0.90	45	1	0	3	1
234	0.90	45	1	0	3	1
235	0.90	45	1	0	3	1
236	0.88	44	1	0	4	1
237	0.88	44	1	0	4	1
238	0.88	44	1	0	4	1
239	0.88	44	1	0	4	1
240	0.88	44	1	0	4	1
241	0.86	43	1	1	4	1
242	0.86	43	1	1	4	1
243	0.86	43	1	1	4	1
244	0.86	43	1	1	4	1
245	0.86	43	1	1	4	1
246	0.86	43	1	1	4	1
247	0.88	44	1	1	4	0
248	0.88	44	1	1	4	0
249	0.88	44	1	1	4	0
250	0.88	44	1	1	4	0
251	0.88	44	1	1	4	0
252	0.88	44	1	1	4	0
253	0.90	45	1	1	3	0
254	0.90	45	1	1	3	0
255	0.92	46	1	1	2	0
256	0.92	46	1	1	2	0
257	0.92	46	1	1	2	0
258	0.92	46	1	1	2	0
259	0.92	46	1	1	2	0
260	0.92	46	1	1	2	0
261	0.92	46	1	1	2	0
262	0.92	46	1	1	2	0
263	0.92	46	1	1	2	0
264	0.92	46	1	1	2	0
265	0.90	45	1	1	2	1
266	0.90	45	1	1	2	1
267	0.88	44	2	1	2	1
268	0.88	44	2	1	2	1
269	0.88	44	2	1	2	1
270	0.90	45	2	1	1	1
271	0.90	45	2	1	1	1
272	0.90	45	2	1	1	1
273	0.92	46	1	1	1	1
274	0.92	46	1	1	1	1
275	0.90	45	1	2	1	1
276	0.90	45	1	2	1	1
277	0.90	45	1	2	1	1
278	0.90	45	1	2	1	1
279	0.88	44	1	3	1	1
280	0.88	44	1	3	1	1
281	0.86	43	1	4	1	1
282	0.86	43	1	4	1	1
283	0.86	43	1	4	1	1
284	0.84	42	2	4	1	1
285	0.84	42	2	4	1	1
286	0.86	43	2	4	0	1
287	0.86	43	2	4	0	1
288	0.86	43	2	4	0	1
289	0.84	42	2	4	1	1
290	0.84	42	2	4	1	1
291	0.84	42	2	3	1	2
292	0.82	41	3	3	1	2
293	0.82	41	3	3	1	2
294	0.82	41	3	3	1	2
295	0.82	41	3	3	1	2
296	0.82	41	3	3	1	2
297	0.80	40	3	4	1	2
298	0.80	40	3	4	1	2
299	0.80	40	3	4	1	2
300	0.78	39	3	4	1	3
301	0.78	39	3	4	1	3
302	0.78	39	3	4	1	3
303	0.78	39	3	4	1	3
304	0.78	39	3	4	1	3
305	0.76	38	3	4	1	4
306	0.76	38	3	4	1	4
307	0.76	38	3	4	1	4
308	0.76	38	3	4	1	4
309	0.76	38	3	4	1	4
310	0.76	38	3	4	1	4
311	0.76	38	3	4	1	4
312	0.76	38	3	4	1	4
313	0.76	38	3	4	1	4
314	0.74	37	4	4	1	4
315	0.76	38	4	4	1	3
316	0.74	37	4	5	1	3
317	0.76	38	3	5	1	3
318	0.76	38	3	5	1	3
319	0.74	37	3	5	1	4
320	0.74	37	3	5	1	4
321	0.74	37	3	5	1	4
322	0.72	36	3	5	1	5
323	0.70	35	4	5	1	5
324	0.68	34	5	5	1	5
325	0.70	35	5	4	1	5
326	0.70	35	5	4	1	5
327	0.70	35	5	4	1	5
328	0.68	34	5	4	1	6
329	0.70	35	5	3	1	6
330	0.68	34	6	3	1	6
331	0.68	34	7	2	1	6
332	0.68	34	7	2	1	6
333	0.68	34	7	2	1	6
334	0.70	35	6	2	1	6
335	0.70	35	6	2	1	6
336	0.70	35	6	2	1	6
337	0.68	34	6	2	1	7
338	0.68	34	6	2	1	7
339	0.70	35	6	2	0	7
340	0.70	35	6	2	0	7
341	0.72	36	6	2	0	6
342	0.72	36	6	2	0	6
343	0.72	36	6	2	0	6
344	0.72	36	6	2	0	6
345	0.72	36	6	2	0	6
346	0.72	36	6	2	0	6
347	0.74	37	6	1	0	6
348	0.74	37	6	1	0	6
349	0.74	37	6	1	0	6
350	0.76	38	6	1	0	5
351	0.76	38	6	1	0	5
352	0.74	37	6	2	0	5
353	0.74	37	6	2	0	5
354	0.74	37	6	2	0	5
355	0.74	37	7	2	0	4
356	0.72	36	7	2	1	4
357	0.72	36	7	2	1	4
358	0.72	36	7	2	1	4
359	0.72	36	7	2	1	4
360	0.70	35	7	2	2	4
361	0.70	35	7	2	2	4
362	0.68	34	8	2	2	4
363	0.68	34	8	2	2	4
364	0.70	35	7	2	2	4
365	0.70	35	7	2	2	4
366	0.72	36	7	1	2	4
367	0.70	35	8	1	2	4
368	0.70	35	8	1	2	4
369	0.72	36	8	1	2	3
370	0.72	36	8	1	2	3
371	0.72	36	8	1	2	3
372	0.74	37	8	1	2	2
373	0.76	38	7	1	2	2
374	0.78	39	6	1	2	2
375	0.78	39	6	1	2	2
376	0.78	39	6	1	2	2
377	0.78	39	6	1	2	2
378	0.80	40	6	1	2	1
379	0.80	40	6	1	2	1
380	0.82	41	5	1	2	1
381	0.84	42	4	1	2	1
382	0.84	42	4	1	2	1
383	0.84	42	4	1	2	1
384	0.84	42	4	1	2	1
385	0.84	42	4	1	2	1
386	0.84	42	4	1	2	1
387	0.86	43	4	1	2	0
388	0.86	43	4	1	2	0
389	0.86	43	4	1	2	0
390	0.84	42	4	1	2	1
391	0.84	42	4	1	2	1
392	0.86	43	3	1	2	1
393	0.86	43	3	1	2	1
394	0.86	43	3	1	2	1
395	0.86	43	3	1	2	1
396	0.84	42	3	1	3	1
397	0.82	41	3	2	3	1
398	0.82	41	3	2	3	1
399	0.82	41	3	2	3	1
400	0.82	41	3	2	3	1
401	0.82	41	3	2	3	1
402	0.84	42	3	1	3	1
403	0.84	42	3	1	3	1
404	0.84	42	3	1	3	1
405	0.86	43	2	1	3	1
406	0.88	44	2	1	2	1
407	0.88	44	2	1	2	1
408	0.86	43	2	1	3	1
409	0.86	43	2	1	3	1
410	0.88	44	2	1	2	1
411	0.88	44	2	1	2	1
412	0.90	45	1	1	2	1
413	0.90	45	1	1	2	1
414	0.90	45	1	1	2	1
415	0.90	45	1	1	2	1
416	0.90	45	1	1	2	1
417	0.92	46	0	1	2	1
418	0.92	46	0	1	2	1
419	0.92	46	0	1	2	1
420	0.92	46	0	1	2	1
421	0.92	46	0	1	2	1
422	0.90	45	0	1	3	1
423	0.90	45	0	1	3	1
424	0.90	45	0	1	3	1
425	0.90	45	0	1	3	1
426	0.90	45	0	1	3	1
427	0.90	45	0	1	3	1
428	0.88	44	1	1	3	1
429	0.88	44	1	1	3	1
430	0.88	44	1	1	3	1
431	0.88	44	1	1	3	1
432	0.86	43	1	1	3	2
433	0.86	43	1	1	3	2
434	0.84	42	1	1	3	3
435	0.84	42	1	1	3	3
436	0.84	42	1	1	3	3
437	0.84	42	1	1	3	3
438	0.84	42	1	1	3	3
439	0.84	42	1	1	3	3
440	0.86	43	1	1	3	2
441	0.86	43	1	1	3	2
442	0.86	43	1	1	3	2
443	0.86	43	1	1	3	2
444	0.86	43	1	1	3	2
445	0.86	43	1	1	3	2
446	0.88	44	1	1	2	2
447	0.90	45	1	0	2	2
448	0.90	45	1	0	2	2
449	0.90	45	1	0	2	2
450	0.90	45	1	0	2	2
451	0.88	44	1	0	3	2
452	0.88	44	1	0	3	2
453	0.88	44	1	0	3	2
454	0.88	44	1	0	3	2
455	0.88	44	1	0	3	2
456	0.88	44	1	0	3	2
457	0.88	44	1	0	3	2
458	0.90	45	1	0	2	2
459	0.90	45	1	0	2	2
460	0.90	45	1	0	2	2
461	0.88	44	1	1	2	2
462	0.88	44	1	1	2	2
463	0.88	44	1	1	2	2
464	0.88	44	1	1	2	2
465	0.88	44	1	1	2	2
466	0.86	43	2	1	2	2
467	0.86	43	2	1	2	2
468	0.84	42	3	1	2	2
469	0.84	42	3	1	2	2
470	0.84	42	3	1	2	2
471	0.84	42	3	1	2	2
472	0.86	43	3	1	1	2
473	0.86	43	3	1	1	2
474	0.86	43	3	1	1	2
475	0.86	43	3	1	1	2
476	0.86	43	3	1	1	2
477	0.86	43	3	1	1	2
478	0.88	44	2	1	1	2
479	0.88	44	2	1	1	2
480	0.88	44	2	1	1	2
481	0.86	43	2	1	2	2
482	0.88	44	2	1	2	1
483	0.88	44	2	1	2	1
484	0.90	45	2	1	2	0
485	0.90	45	2	1	2	0
486	0.90	45	2	1	2	0
487	0.90	45	2	1	2	0
488	0.90	45	2	1	2	0
489	0.90	45	2	1	2	0
490	0.90	45	2	1	2	0
491	0.90	45	2	1	2	0
492	0.90	45	2	1	2	0
493	0.90	45	2	1	2	0
494	0.90	45	2	1	2	0
495	0.90	45	2	1	2	0
496	0.90	45	2	1	2	0
497	0.90	45	2	1	2	0
498	0.90	45	2	1	2	0
499	0.90	45	2	1	2	0
500	0.06	44	3	1	2	0
501	0.08	44	4	1	1	0
502	0.10	43	5	1	1	0
503	0.10	42	5	1	1	1
504	0.12	41	6	1	1	1
505	0.14	40	7	1	1	1
506	0.14	39	7	2	1	1
507	0.16	38	8	2	1	1
508	0.18	37	9	2	1	1
509	0.20	36	10	2	1	1
510	0.22	35	11	2	1	1
511	0.24	35	12	1	1	1
512	0.26	34	13	1	1	1
513	0.26	34	13	1	1	1
514	0.26	33	13	1	2	1
515	0.28	32	14	1	2	1
516	0.28	32	14	1	2	1
517	0.30	31	15	1	2	1
518	0.28	31	14	1	2	2
519	0.30	30	15	1	2	2
520	0.32	29	16	1	2	2
521	0.34	28	17	1	2	2
522	0.34	27	17	1	2	3
523	0.36	26	18	1	2	3
524	0.38	25	19	1	2	3
525	0.40	24	20	1	2	3
526	0.42	23	21	1	2	3
527	0.44	22	22	1	2	3
528	0.46	21	23	1	2	3
529	0.48	20	24	1	2	3
530	0.50	19	25	1	2	3
531	0.50	19	25	1	2	3
532	0.52	18	26	1	2	3
533	0.54	17	27	1	2	3
534	0.56	16	28	1	2	3
535	0.56	15	28	1	2	4
536	0.58	14	29	1	2	4
537	0.60	13	30	1	2	4
538	0.62	12	31	1	2	4
539	0.64	11	32	1	2	4
540	0.66	10	33	1	2	4
541	0.66	9	33	1	3	4
542	0.68	8	34	1	3	4
543	0.70	7	35	1	3	4
544	0.70	7	35	1	3	4
545	0.70	6	35	1	4	4
546	0.70	5	35	2	4	4
547	0.72	4	36	2	4	4
548	0.74	3	37	2	4	4
549	0.76	2	38	2	4	4
550	0.76	2	38	2	4	4
551	0.74	2	37	3	4	4
552	0.74	2	37	3	4	4
553	0.76	2	38	3	4	3
554	0.76	2	38	3	4	3
555	0.74	2	37	3	4	4
556	0.76	2	38	2	4	4
557	0.74	3	37	2	4	4
558	0.74	3	37	2	4	4
559	0.74	3	37	2	4	4
560	0.74	3	37	2	4	4
561	0.72	3	36	2	5	4
562	0.70	3	35	3	5	4
563	0.72	2	36	3	5	4
564	0.74	2	37	3	4	4
565	0.74	2	37	3	4	4
566	0.74	2	37	3	4	4
567	0.74	2	37	3	4	4
568	0.76	2	38	3	4	3
569	0.76	2	38	3	4	3
570	0.76	2	38	3	4	3
571	0.76	2	38	3	4	3
572	0.76	2	38	3	5	2
573	0.74	2	37	3	6	2
574	0.74	2	37	3	6	2
575	0.72	3	36	3	6	2
576	0.70	3	35	3	6	3
577	0.70	3	35	3	6	3
578	0.70	3	35	3	6	3
579	0.70	3	35	3	6	3
580	0.70	3	35	3	6	3
581	0.72	3	36	3	5	3
582	0.70	4	35	3	5	3
583	0.70	4	35	3	5	3
584	0.70	4	35	3	5	3
585	0.72	4	36	3	5	2
586	0.72	4	36	3	5	2
587	0.70	5	35	3	5	2
588	0.68	5	34	4	5	2
589	0.68	5	34	4	5	2
590	0.66	5	33	4	6	2
591	0.66	5	33	5	5	2
592	0.64	5	32	6	5	2
593	0.64	5	32	6	5	2
594	0.66	4	33	6	5	2
595	0.68	4	34	6	4	2
596	0.70	4	35	5	4	2
597	0.70	4	35	5	4	2
598	0.70	4	35	5	4	2
599	0.70	4	35	5	4	2
600	0.70	4	35	5	4	2
601	0.72	4	36	4	4	2
602	0.70	4	35	4	5	2
603	0.70	4	35	4	5	2
604	0.70	4	35	4	5	2
605	0.70	5	35	4	5	1
606	0.70	5	35	4	5	1
607	0.72	4	36	4	5	1
608	0.72	4	36	4	5	1
609	0.72	4	36	4	5	1
610	0.72	4	36	4	5	1
611	0.74	4	37	4	4	1
612	0.74	4	37	4	4	1
613	0.74	4	37	4	4	1
614	0.72	4	36	5	4	1
615	0.72	4	36	5	4	1
616	0.72	4	36	5	4	1
617	0.72	4	36	5	4	1
618	0.72	4	36	5	4	1
619	0.72	4	36	5	4	1
620	0.72	4	36	5	4	1
621	0.72	4	36	5	4	1
622	0.74	4	37	5	3	1
623	0.76	4	38	5	2	1
624	0.74	5	37	5	2	1
625	0.76	4	38	5	2	1
626	0.78	4	39	5	2	0
627	0.76	4	38	5	2	1
628	0.76	4	38	5	2	1
629	0.76	4	38	5	2	1
630	0.76	4	38	5	2	1
631	0.76	4	38	5	2	1
632	0.78	3	39	5	2	1
633	0.78	3	39	5	2	1
634	0.78	3	39	5	2	1
635	0.78	3	39	5	2	1
636	0.78	3	39	5	2	1
637	0.80	2	40	5	2	1
638	0.82	2	41	4	2	1
639	0.82	2	41	4	2	1
640	0.84	2	42	4	1	1
641	0.86	2	43	3	1	1
642	0.88	2	44	2	1	1
643	0.88	2	44	2	1	1
644	0.88	2	44	2	1	1
645	0.86	3	43	2	1	1
646	0.86	3	43	2	1	1
647	0.86	3	43	2	1	1
648	0.86	3	43	2	1	1
649	0.86	3	43	2	1	1
650	0.86	3	43	2	1	1
651	0.86	3	43	2	1	1
652	0.88	3	44	2	0	1
653	0.88	3	44	2	0	1
654	0.88	3	44	2	0	1
655	0.90	2	45	2	0	1
656	0.90	2	45	2	0	1
657	0.90	2	45	2	0	1
658	0.88	2	44	3	0	1
659	0.88	2	44	3	0	1
660	0.86	2	43	4	0	1
661	0.86	2	43	4	0	1
662	0.88	2	44	3	0	1
663	0.88	2	44	3	0	1
664	0.90	2	45	2	0	1
665	0.90	2	45	2	0	1
666	0.90	2	45	2	0	1
667	0.90	2	45	2	0	1
668	0.90	2	45	2	0	1
669	0.88	2	44	3	0	1
670	0.86	2	43	3	1	1
671	0.86	2	43	3	1	1
672	0.86	2	43	3	1	1
673	0.86	2	43	3	1	1
674	0.88	1	44	3	1	1
675	0.88	1	44	3	1	1
676	0.88	1	44	3	1	1
677	0.90	1	45	3	1	0
678	0.90	1	45	3	1	0
679	0.90	1	45	3	1	0
680	0.90	1	45	3	1	0
681	0.88	1	44	3	1	1
682	0.88	1	44	3	1	1
683	0.88	1	44	3	1	1
684	0.88	1	44	3	1	1
685	0.88	1	44	3	1	1
686	0.86	1	43	3	1	2
687	0.86	1	43	3	1	2
688	0.86	1	43	3	1	2
689	0.86	1	43	3	1	2
690	0.86	1	43	3	1	2
691	0.86	1	43	3	1	2
692	0.86	1	43	3	1	2
693	0.86	1	43	3	1	2
694	0.86	1	43	3	1	2
695	0.88	0	44	3	1	2
696	0.88	0	44	3	1	2
697	0.88	0	44	3	1	2
698	0.88	0	44	3	1	2
699	0.88	0	44	3	1	2
700	0.88	0	44	3	1	2
701	0.88	0	44	3	1	2
702	0.86	0	43	4	1	2
703	0.86	0	43	4	1	2
704	0.86	0	43	4	1	2
705	0.86	0	43	4	1	2
706	0.86	0	43	4	1	2
707	0.86	0	43	4	1	2
708	0.88	0	44	3	1	2
709	0.86	0	43	3	2	2
710	0.88	0	44	2	2	2
711	0.88	0	44	2	2	2
712	0.88	0	44	2	2	2
713	0.88	0	44	2	2	2
714	0.88	0	44	2	2	2
715	0.88	0	44	2	2	2
716	0.88	0	44	2	2	2
717	0.88	0	44	2	2	2
718	0.86	0	43	3	2	2
719	0.88	0	44	2	2	2
720	0.90	0	45	2	1	2
721	0.90	0	45	2	1	2
722	0.90	0	45	2	1	2
723	0.90	0	45	2	1	2
724	0.90	0	45	2	1	2
725	0.90	0	45	2	1	2
726	0.90	0	45	2	1	2
727	0.90	0	45	2	1	2
728	0.88	0	44	2	1	3
729	0.88	0	44	2	1	3
730	0.88	0	44	2	1	3
731	0.90	0	45	2	1	2
732	0.88	0	44	3	1	2
733	0.88	0	44	3	1	2
734	0.88	0	44	3	1	2
735	0.88	0	44	3	1	2
736	0.90	0	45	3	1	1
737	0.90	0	45	3	1	1
738	0.90	0	45	3	1	1
739	0.90	0	45	3	1	1
740	0.90	0	45	3	1	1
741	0.90	0	45	3	1	1
742	0.90	0	45	3	1	1
743	0.90	0	45	3	1	1
744	0.90	0	45	3	1	1
745	0.90	0	45	3	1	1
746	0.88	1	44	3	1	1
747	0.88	1	44	3	1	1
748	0.88	1	44	3	1	1
749	0.88	1	44	3	1	1
750	0.88	1	44	3	1	1
751	0.88	1	44	3	1	1
752	0.90	1	45	2	1	1
753	0.90	1	45	2	1	1
754	0.88	1	44	2	1	2
755	0.88	1	44	2	1	2
756	0.88	1	44	2	1	2
757	0.88	1	44	2	1	2
758	0.88	1	44	2	1	2
759	0.90	1	45	2	0	2
760	0.90	1	45	2	0	2
761	0.90	1	45	2	0	2
762	0.90	1	45	2	0	2
763	0.90	1	45	2	0	2
764	0.90	1	45	2	0	2
765	0.90	1	45	2	0	2
766	0.90	1	45	2	0	2
767	0.90	1	45	2	0	2
768	0.90	1	45	1	1	2
769	0.90	1	45	1	1	2
770	0.90	1	45	1	1	2
771	0.90	1	45	1	1	2
772	0.90	1	45	1	1	2
773	0.88	1	44	1	1	3
774	0.88	1	44	1	1	3
775	0.86	1	43	2	1	3
776	0.86	1	43	2	1	3
777	0.84	1	42	2	1	4
778	0.86	1	43	2	1	3
779	0.86	1	43	2	1	3
780	0.86	1	43	2	1	3
781	0.86	1	43	2	1	3
782	0.88	1	44	1	1	3
783	0.88	1	44	1	1	3
784	0.88	1	44	1	1	3
785	0.88	1	44	1	1	3
786	0.88	1	44	1	1	3
787	0.86	1	43	1	1	4
788	0.86	1	43	1	1	4
789	0.86	1	43	1	1	4
790	0.86	1	43	1	1	4
791	0.86	1	43	1	1	4
792	0.86	1	43	1	1	4
793	0.86	1	43	1	1	4
794	0.84	1	42	2	1	4
795	0.84	1	42	2	1	4
796	0.86	0	43	2	1	4
797	0.86	0	43	2	1	4
798	0.86	0	43	2	1	4
799	0.86	0	43	2	1	4
800	0.86	0	43	2	1	4
801	0.86	0	43	2	1	4
802	0.84	0	42	2	2	4
803	0.84	0	42	2	2	4
804	0.86	0	43	2	2	3
805	0.86	0	43	2	2	3
806	0.86	0	43	2	2	3
807	0.86	0	43	2	2	3
808	0.84	0	42	2	2	4
809	0.84	0	42	2	2	4
810	0.84	0	42	2	2	4
811	0.84	0	42	2	2	4
812	0.84	0	42	2	2	4
813	0.84	0	42	2	2	4
814	0.84	0	42	2	2	4
815	0.84	0	42	2	2	4
816	0.82	0	41	2	3	4
817	0.82	0	41	2	3	4
818	0.84	0	42	2	2	4
819	0.84	0	42	2	2	4
820	0.84	0	42	2	2	4
821	0.84	0	42	2	2	4
822	0.84	0	42	2	2	4
823	0.86	0	43	2	2	3
824	0.86	0	43	2	2	3
825	0.88	0	44	1	2	3
826	0.88	0	44	1	2	3
827	0.90	0	45	1	2	2
828	0.90	0	45	1	2	2
829	0.90	0	45	1	2	2
830	0.90	0	45	1	2	2
831	0.90	0	45	1	2	2
832	0.90	0	45	1	2	2
833	0.90	0	45	1	2	2
834	0.90	0	45	1	2	2
835	0.88	0	44	2	2	2
836	0.88	0	44	2	2	2
837	0.90	0	45	2	2	1
838	0.90	0	45	2	2	1
839	0.90	0	45	2	2	1
840	0.90	0	45	2	2	1
841	0.90	0	45	2	2	1
842	0.90	0	45	2	2	1
843	0.90	0	45	2	2	1
844	0.92	0	46	1	2	1
845	0.92	0	46	1	2	1
846	0.90	0	45	1	2	2
847	0.90	0	45	1	2	2
848	0.90	0	45	1	2	2
849	0.88	0	44	1	3	2
850	0.88	0	44	1	3	2
851	0.88	0	44	1	3	2
852	0.90	0	45	1	2	2
853	0.90	0	45	1	2	2
854	0.90	0	45	1	2	2
855	0.90	0	45	1	2	2
856	0.90	0	45	1	2	2
857	0.90	0	45	1	2	2
858	0.90	0	45	1	2	2
859	0.90	0	45	1	2	2
860	0.90	0	45	1	2	2
861	0.90	0	45	1	2	2
862	0.90	0	45	1	2	2
863	0.90	0	45	1	2	2
864	0.90	0	45	1	2	2
865	0.90	0	45	1	2	2
866	0.92	0	46	1	1	2
867	0.90	0	45	1	2	2
868	0.90	0	45	1	2	2
869	0.90	0	45	1	2	2
870	0.90	0	45	1	2	2
871	0.90	0	45	1	2	2
872	0.90	0	45	1	2	2
873	0.90	0	45	1	2	2
874	0.90	0	45	1	2	2
875	0.90	0	45	1	2	2
876	0.90	0	45	1	2	2
877	0.90	0	45	1	2	2
878	0.90	0	45	1	2	2
879	0.90	0	45	1	2	2
880	0.90	0	45	1	2	2
881	0.90	0	45	1	2	2
882	0.90	0	45	1	2	2
883	0.90	0	45	1	2	2
884	0.90	0	45	1	2	2
885	0.90	0	45	0	3	2
886	0.90	0	45	0	3	2
887	0.90	0	45	0	3	2
888	0.90	0	45	0	3	2
889	0.90	0	45	0	3	2
890	0.90	0	45	0	3	2
891	0.90	0	45	0	3	2
892	0.90	0	45	0	3	2
893	0.90	0	45	0	3	2
894	0.90	0	45	0	3	2
895	0.90	0	45	0	3	2
896	0.92	0	46	0	3	1
897	0.92	0	46	0	3	1
898	0.92	0	46	0	3	1
899	0.94	0	47	0	2	1
900	0.94	0	47	0	2	1
901	0.94	0	47	0	2	1
902	0.94	0	47	0	2	1
903	0.94	0	47	0	2	1
904	0.94	0	47	0	2	1
905	0.94	0	47	0	2	1
906	0.94	0	47	0	2	1
907	0.92	0	46	0	2	2
908	0.94	0	47	0	2	1
909	0.94	0	47	0	2	1
910	0.94	0	47	0	2	1
911	0.94	0	47	0	2	1
912	0.94	0	47	0	2	1
913	0.94	0	47	0	2	1
914	0.94	0	47	0	2	1
915	0.92	1	46	0	2	1
916	0.92	1	46	0	2	1
917	0.92	1	46	0	2	1
918	0.92	1	46	0	2	1
919	0.92	1	46	0	2	1
920	0.92	1	46	0	2	1
921	0.92	1	46	0	2	1
922	0.90	2	45	0	2	1
923	0.90	2	45	0	2	1
924	0.90	2	45	0	2	1
925	0.90	2	45	0	2	1
926	0.90	2	45	0	2	1
927	0.90	2	45	0	2	1
928	0.88	2	44	1	2	1
929	0.86	2	43	2	2	1
930	0.86	2	43	2	2	1
931	0.86	2	43	2	2	1
932	0.86	2	43	2	2	1
933	0.86	2	43	2	2	1
934	0.86	2	43	2	2	1
935	0.88	2	44	2	1	1
936	0.88	2	44	2	1	1
937	0.88	2	44	2	1	1
938	0.88	2	44	2	1	1
939	0.88	2	44	2	1	1
940	0.88	2	44	2	1	1
941	0.88	2	44	2	1	1
942	0.86	2	43	3	1	1
943	0.86	2	43	3	1	1
944	0.86	2	43	3	1	1
945	0.86	2	43	3	1	1
946	0.86	2	43	3	1	1
947	0.86	2	43	3	1	1
948	0.86	2	43	3	1	1
949	0.86	2	43	3	1	1
950	0.86	2	43	3	1	1
951	0.86	2	43	3	1	1
952	0.86	2	43	3	1	1
953	0.86	2	43	3	1	1
954	0.86	2	43	3	1	1
955	0.86	2	43	3	1	1
956	0.84	3	42	3	1	1
957	0.86	3	43	3	1	0
958	0.86	3	43	3	1	0
959	0.86	3	43	3	1	0
960	0.86	3	43	3	1	0
961	0.86	3	43	3	1	0
962	0.86	3	43	3	1	0
963	0.86	3	43	3	1	0
964	0.86	3	43	3	1	0
965	0.88	2	44	3	1	0
966	0.88	2	44	3	1	0
967	0.90	2	45	3	0	0
968	0.88	2	44	3	1	0
969	0.88	2	44	3	1	0
970	0.88	2	44	3	1	0
971	0.88	2	44	3	1	0
972	0.90	1	45	3	1	0
973	0.88	2	44	3	1	0
974	0.88	2	44	3	1	0
975	0.88	2	44	3	1	0
976	0.88	2	44	3	1	0
977	0.88	2	44	3	1	0
978	0.90	2	45	2	1	0
979	0.92	2	46	1	1	0
980	0.92	2	46	1	1	0
981	0.90	2	45	2	1	0
982	0.90	2	45	2	1	0
983	0.90	2	45	2	1	0
984	0.90	2	45	2	1	0
985	0.88	3	44	2	1	0
986	0.88	3	44	2	1	0
987	0.88	3	44	2	1	0
988	0.88	3	44	2	1	0
989	0.88	3	44	2	1	0
990	0.88	3	44	2	1	0
991	0.86	3	43	2	2	0
992	0.88	3	44	1	2	0
993	0.88	3	44	1	2	0
994	0.88	3	44	1	2	0
995	0.88	3	44	1	2	0
996	0.88	3	44	1	2	0
997	0.88	3	44	1	2	0
998	0.88	3	44	1	2	0
999	0.88	3	44	1	2	0
1000	0.02	3	44	1	2	0
1001	0.02	3	44	1	2	0
1002	0.02	3	44	1	2	0
1003	0.02	3	43	1	3	0
1004	0.02	3	43	1	3	0
1005	0.04	3	42	2	3	0
1006	0.04	2	42	2	3	1
1007	0.06	2	41	3	3	1
1008	0.08	2	40	4	3	1
1009	0.08	2	40	4	3	1
1010	0.08	2	40	4	3	1
1011	0.10	2	39	5	3	1
1012	0.12	2	38	6	3	1
1013	0.14	2	37	7	3	1
1014	0.16	2	36	8	3	1
1015	0.18	2	35	9	3	1
1016	0.20	2	34	10	3	1
1017	0.20	2	34	10	3	1
1018	0.22	2	34	11	2	1
1019	0.24	2	33	12	2	1
1020	0.24	2	32	12	3	1
1021	0.26	2	31	13	3	1
1022	0.26	2	30	13	4	1
1023	0.28	1	30	14	4	1
1024	0.30	1	29	15	4	1
1025	0.32	1	28	16	4	1
1026	0.34	1	27	17	4	1
1027	0.36	1	26	18	4	1
1028	0.38	1	25	19	4	1
1029	0.40	1	24	20	4	1
1030	0.42	1	23	21	4	1
1031	0.42	1	23	21	4	1
1032	0.44	1	22	22	4	1
1033	0.46	1	21	23	4	1
1034	0.48	1	20	24	4	1
1035	0.50	0	20	25	4	1
1036	0.52	0	19	26	4	1
1037	0.54	0	18	27	4	1
1038	0.56	0	17	28	4	1
1039	0.58	0	16	29	4	1
1040	0.58	0	15	29	4	2
1041	0.60	0	15	30	3	2
1042	0.62	0	14	31	3	2
1043	0.64	0	13	32	3	2
1044	0.66	0	12	33	3	2
1045	0.68	0	11	34	3	2
1046	0.68	0	10	34	4	2
1047	0.70	0	9	35	4	2
1048	0.70	0	8	35	4	3
1049	0.72	0	7	36	4	3
1050	0.72	0	6	36	4	4
1051	0.72	0	5	36	5	4
1052	0.72	0	4	36	6	4
1053	0.74	0	4	37	5	4
1054	0.76	0	3	38	5	4
1055	0.76	0	3	38	5	4
1056	0.78	0	3	39	5	3
1057	0.78	0	3	39	5	3
1058	0.78	0	3	39	5	3
1059	0.80	0	2	40	5	3
1060	0.82	0	1	41	5	3
1061	0.82	0	1	41	5	3
1062	0.82	0	1	41	5	3
1063	0.82	0	1	41	5	3
1064	0.82	0	1	41	5	3
1065	0.82	0	1	41	5	3
1066	0.82	0	1	41	5	3
1067	0.84	0	0	42	5	3
1068	0.84	0	0	42	5	3
1069	0.84	0	0	42	5	3
1070	0.86	0	0	43	4	3
1071	0.86	0	0	43	4	3
1072	0.88	0	0	44	3	3
1073	0.88	0	0	44	3	3
1074	0.86	1	0	43	3	3
1075	0.86	1	0	43	3	3
1076	0.86	1	0	43	3	3
1077	0.86	1	0	43	3	3
1078	0.84	1	0	42	4	3
1079	0.84	1	0	42	4	3
1080	0.84	1	0	42	4	3
1081	0.84	1	0	42	4	3
1082	0.84	1	0	42	4	3
1083	0.84	1	0	42	4	3
1084	0.82	1	0	41	5	3
1085	0.82	1	0	41	5	3
1086	0.82	1	0	41	5	3
1087	0.82	1	0	41	5	3
1088	0.82	1	0	41	5	3
1089	0.82	1	0	41	5	3
1090	0.82	2	0	41	5	2
1091	0.82	2	0	41	5	2
1092	0.82	2	0	41	5	2
1093	0.82	2	0	41	5	2
1094	0.82	2	0	41	5	2
1095	0.82	2	0	41	5	2
1096	0.84	2	0	42	4	2
1097	0.84	2	0	42	4	2
1098	0.86	2	0	43	4	1
1099	0.86	2	0	43	4	1
1100	0.88	2	0	44	4	0
1101	0.90	2	0	45	3	0
1102	0.92	2	0	46	2	0
1103	0.92	2	0	46	2	0
1104	0.92	2	0	46	2	0
1105	0.92	2	0	46	2	0
1106	0.92	2	0	46	2	0
1107	0.92	2	0	46	2	0
1108	0.92	2	0	46	2	0
1109	0.92	2	0	46	2	0
1110	0.92	2	0	46	2	0
1111	0.92	2	0	46	2	0
1112	0.92	2	0	46	2	0
1113	0.92	2	0	46	2	0
1114	0.92	2	0	46	2	0
1115	0.92	2	0	46	2	0
1116	0.92	2	0	46	2	0
1117	0.92	2	0	46	2	0
1118	0.92	2	0	46	2	0
1119	0.92	2	0	46	2	0
1120	0.92	2	0	46	2	0
1121	0.92	2	0	46	2	0
1122	0.92	2	0	46	2	0
1123	0.92	2	0	46	2	0
1124	0.94	1	0	47	2	0
1125	0.94	1	0	47	2	0
1126	0.94	1	0	47	2	0
1127	0.94	1	0	47	2	0
1128	0.96	1	0	48	1	0
1129	0.96	1	0	48	1	0
1130	0.94	2	0	47	1	0
1131	0.94	2	0	47	1	0
1132	0.94	2	0	47	1	0
1133	0.92	3	0	46	1	0
1134	0.94	3	0	47	0	0
1135	0.92	3	0	46	0	1
1136	0.92	3	0	46	0	1
1137	0.90	3	0	45	0	2
1138	0.88	4	0	44	0	2
1139	0.88	4	0	44	0	2
1140	0.90	3	0	45	0	2
1141	0.90	3	0	45	0	2
1142	0.90	3	0	45	0	2
1143	0.90	3	0	45	0	2
1144	0.88	3	0	44	1	2
1145	0.88	3	0	44	1	2
1146	0.88	3	0	44	1	2
1147	0.88	3	0	44	1	2
1148	0.88	3	0	44	1	2
1149	0.88	3	0	44	1	2
1150	0.88	3	0	44	1	2
1151	0.88	3	0	44	1	2
1152	0.88	3	0	44	1	2
1153	0.88	3	0	44	1	2
1154	0.86	3	1	43	1	2
1155	0.86	3	1	43	1	2
1156	0.86	3	1	43	1	2
1157	0.86	3	1	43	1	2
1158	0.86	3	1	43	1	2
1159	0.86	3	1	43	1	2
1160	0.86	3	1	43	1	2
1161	0.86	3	1	43	1	2
1162	0.86	3	1	43	1	2
1163	0.84	3	1	42	2	2
1164	0.84	3	1	42	2	2
1165	0.84	3	1	42	2	2
1166	0.84	3	1	42	2	2
1167	0.84	3	1	42	2	2
1168	0.84	3	1	42	2	2
1169	0.84	3	1	42	2	2
1170	0.84	3	1	42	2	2
1171	0.84	3	1	42	2	2
1172	0.84	3	1	42	2	2
1173	0.84	3	1	42	2	2
1174	0.84	3	1	42	2	2
1175	0.84	3	1	42	2	2
1176	0.84	3	1	42	2	2
1177	0.84	3	1	42	2	2
1178	0.82	3	1	41	3	2
1179	0.82	3	1	41	3	2
1180	0.84	2	1	42	3	2
1181	0.84	2	1	42	3	2
1182	0.84	2	1	42	3	2
1183	0.86	1	1	43	3	2
1184	0.86	1	1	43	3	2
1185	0.88	1	1	44	3	1
1186	0.88	1	1	44	3	1
1187	0.88	1	2	44	3	0
1188	0.90	0	2	45	3	0
1189	0.90	0	2	45	3	0
1190	0.90	0	2	45	3	0
1191	0.90	0	2	45	3	0
1192	0.90	0	2	45	3	0
1193	0.88	0	2	44	3	1
1194	0.88	1	2	44	2	1
1195	0.88	1	2	44	2	1
1196	0.88	1	2	44	2	1
1197	0.88	1	2	44	2	1
1198	0.88	1	2	44	2	1
1199	0.88	1	2	44	2	1
1200	0.86	1	3	43	2	1
1201	0.86	1	3	43	2	1
1202	0.86	1	3	43	2	1
1203	0.86	1	3	43	2	1
1204	0.88	1	2	44	2	1
1205	0.88	1	2	44	2	1
1206	0.88	1	2	44	2	1
1207	0.88	1	2	44	2	1
1208	0.88	1	2	44	2	1
1209	0.88	1	2	44	2	1
1210	0.88	1	2	44	2	1
1211	0.86	2	2	43	2	1
1212	0.86	2	2	43	2	1
1213	0.88	2	2	44	1	1
1214	0.88	2	2	44	1	1
1215	0.88	2	2	44	1	1
1216	0.88	2	2	44	1	1
1217	0.88	2	2	44	1	1
1218	0.88	2	2	44	1	1
1219	0.88	2	2	44	1	1
1220	0.88	2	2	44	1	1
1221	0.88	2	2	44	1	1
1222	0.88	2	2	44	1	1
1223	0.88	2	2	44	1	1
1224	0.88	2	2	44	1	1
1225	0.88	2	2	44	1	1
1226	0.88	2	2	44	1	1
1227	0.88	2	2	44	1	1
1228	0.90	2	2	45	0	1
1229	0.88	2	2	44	0	2
1230	0.88	2	2	44	0	2
1231	0.88	2	2	44	0	2
1232	0.86	3	2	43	0	2
1233	0.86	3	2	43	0	2
1234	0.86	3	2	43	0	2
1235	0.86	3	2	43	0	2
1236	0.86	3	2	43	0	2
1237	0.88	3	1	44	0	2
1238	0.88	3	1	44	0	2
1239	0.88	3	1	44	0	2
1240	0.88	3	1	44	0	2
1241	0.88	3	1	44	0	2
1242	0.88	3	1	44	0	2
1243	0.90	3	1	45	0	1
1244	0.92	2	1	46	0	1
1245	0.90	2	2	45	0	1
1246	0.90	2	2	45	0	1
1247	0.90	2	2	45	0	1
1248	0.90	2	2	45	0	1
1249	0.90	2	2	45	0	1
1250	0.90	2	2	45	0	1
1251	0.90	2	2	45	0	1
1252	0.90	2	2	45	0	1
1253	0.90	2	2	45	0	1
1254	0.90	2	2	45	0	1
1255	0.90	2	2	45	0	1
1256	0.90	2	2	45	0	1
1257	0.88	2	2	44	0	2
1258	0.88	2	2	44	0	2
1259	0.88	2	2	44	0	2
1260	0.88	2	2	44	0	2
1261	0.90	1	2	45	0	2
1262	0.88	2	2	44	0	2
1263	0.86	2	2	43	0	3
1264	0.86	2	2	43	0	3
1265	0.86	2	2	43	0	3
1266	0.86	2	2	43	0	3
1267	0.84	2	3	42	0	3
1268	0.84	2	3	42	0	3
1269	0.84	2	3	42	0	3
1270	0.84	2	3	42	0	3
1271	0.84	2	3	42	0	3
1272	0.84	2	3	42	0	3
1273	0.84	2	3	42	0	3
1274	0.84	2	3	42	0	3
1275	0.84	2	3	42	0	3
1276	0.82	2	3	41	1	3
1277	0.82	2	3	41	1	3
1278	0.82	2	3	41	1	3
1279	0.84	2	3	42	1	2
1280	0.84	2	3	42	1	2
1281	0.84	2	3	42	1	2
1282	0.86	1	3	43	1	2
1283	0.86	1	3	43	1	2
1284	0.86	1	3	43	1	2
1285	0.86	1	3	43	1	2
1286	0.86	1	3	43	1	2
1287	0.86	1	3	43	1	2
1288	0.86	1	3	43	1	2
1289	0.86	1	3	43	1	2
1290	0.86	1	3	43	1	2
1291	0.86	1	3	43	1	2
1292	0.86	1	3	43	1	2
1293	0.86	1	3	43	1	2
1294	0.86	1	3	43	1	2
1295	0.88	1	2	44	1	2
1296	0.86	1	2	43	1	3
1297	0.86	1	2	43	1	3
1298	0.84	1	3	42	1	3
1299	0.84	1	3	42	1	3
1300	0.86	1	2	43	1	3
1301	0.86	1	2	43	1	3
1302	0.84	1	2	42	1	4
1303	0.82	1	3	41	1	4
1304	0.82	1	3	41	1	4
1305	0.80	1	3	40	1	5
1306	0.80	1	3	40	1	5
1307	0.82	1	3	41	1	4
1308	0.82	1	3	41	1	4
1309	0.82	1	3	41	1	4
1310	0.80	1	3	40	2	4
1311	0.80	1	3	40	2	4
1312	0.80	0	3	40	2	5
1313	0.82	0	3	41	2	4
1314	0.82	0	3	41	2	4
1315	0.82	0	3	41	2	4
1316	0.82	0	3	41	2	4
1317	0.82	1	2	41	2	4
1318	0.82	1	2	41	2	4
1319	0.80	1	2	40	2	5
1320	0.80	1	2	40	2	5
1321	0.80	1	2	40	2	5
1322	0.80	1	2	40	2	5
1323	0.78	2	2	39	2	5
1324	0.78	2	2	39	2	5
1325	0.78	2	2	39	2	5
1326	0.78	2	2	39	2	5
1327	0.78	2	2	39	2	5
1328	0.78	2	2	39	2	5
1329	0.78	2	2	39	2	5
1330	0.78	2	2	39	2	5
1331	0.76	2	3	38	2	5
1332	0.76	2	3	38	2	5
1333	0.76	2	3	38	2	5
1334	0.76	2	3	38	2	5
1335	0.76	2	3	38	2	5
1336	0.76	2	3	38	2	5
1337	0.74	2	3	37	3	5
1338	0.72	2	3	36	3	6
1339	0.72	2	3	36	3	6
1340	0.70	2	4	35	3	6
1341	0.70	2	4	35	3	6
1342	0.70	2	4	35	3	6
1343	0.68	2	4	34	3	7
1344	0.68	2	4	34	3	7
1345	0.68	2	4	34	3	7
1346	0.70	2	4	35	3	6
1347	0.70	2	4	35	3	6
1348	0.72	2	3	36	3	6
1349	0.72	2	3	36	3	6
1350	0.70	2	3	35	4	6
1351	0.68	2	4	34	4	6
1352	0.70	2	4	35	4	5
1353	0.72	2	3	36	4	5
1354	0.72	2	3	36	4	5
1355	0.74	2	3	37	4	4
1356	0.74	2	3	37	4	4
1357	0.74	2	3	37	4	4
1358	0.74	2	3	37	4	4
1359	0.74	2	3	37	4	4
1360	0.76	2	3	38	3	4
1361	0.76	2	3	38	3	4
1362	0.76	3	3	38	3	3
1363	0.76	3	3	38	3	3
1364	0.76	3	3	38	3	3
1365	0.76	3	3	38	3	3
1366	0.76	3	3	38	3	3
1367	0.78	2	3	39	3	3
1368	0.76	2	3	38	4	3
1369	0.78	2	3	39	4	2
1370	0.78	2	3	39	4	2
1371	0.78	2	3	39	4	2
1372	0.78	2	3	39	4	2
1373	0.80	1	3	40	4	2
1374	0.80	1	3	40	4	2
1375	0.80	1	3	40	4	2
1376	0.80	1	4	40	3	2
1377	0.80	1	4	40	3	2
1378	0.80	1	4	40	3	2
1379	0.80	1	4	40	3	2
1380	0.80	1	4	40	3	2
1381	0.82	1	3	41	3	2
1382	0.82	1	3	41	3	2
1383	0.82	1	3	41	3	2
1384	0.82	1	3	41	3	2
1385	0.82	1	3	41	3	2
1386	0.82	1	3	41	3	2
1387	0.82	1	4	41	2	2
1388	0.84	1	4	42	2	1
1389	0.84	1	4	42	2	1
1390	0.86	1	3	43	2	1
1391	0.86	1	3	43	2	1
1392	0.86	1	3	43	2	1
1393	0.86	1	3	43	3	0
1394	0.86	1	3	43	3	0
1395	0.84	1	4	42	3	0
1396	0.82	2	4	41	3	0
1397	0.82	2	4	41	3	0
1398	0.82	2	4	41	3	0
1399	0.82	2	4	41	3	0
1400	0.84	2	4	42	2	0
1401	0.86	2	3	43	2	0
1402	0.84	2	3	42	2	1
1403	0.84	2	3	42	2	1
1404	0.84	2	3	42	2	1
1405	0.84	2	3	42	2	1
1406	0.84	2	3	42	2	1
1407	0.82	2	3	41	2	2
1408	0.82	2	3	41	2	2
1409	0.82	2	3	41	2	2
1410	0.82	2	3	41	2	2
1411	0.80	2	3	40	3	2
1412	0.82	1	3	41	3	2
1413	0.82	1	3	41	3	2
1414	0.80	1	3	40	4	2
1415	0.80	1	3	40	4	2
1416	0.78	1	3	39	5	2
1417	0.78	1	3	39	5	2
1418	0.80	1	3	40	4	2
1419	0.80	1	3	40	4	2
1420	0.78	1	4	39	4	2
1421	0.78	1	4	39	4	2
1422	0.78	1	4	39	4	2
1423	0.76	1	4	38	5	2
1424	0.74	1	4	37	6	2
1425	0.74	1	4	37	6	2
1426	0.76	1	3	38	6	2
1427	0.76	1	3	38	6	2
1428	0.76	1	3	38	6	2
1429	0.76	1	3	38	6	2
1430	0.76	1	3	38	6	2
1431	0.76	1	3	38	6	2
1432	0.76	1	3	38	6	2
1433	0.76	1	3	38	6	2
1434	0.76	1	3	38	6	2
1435	0.76	1	3	38	6	2
1436	0.76	1	3	38	6	2
1437	0.78	1	2	39	6	2
1438	0.78	1	2	39	6	2
1439	0.78	1	2	39	6	2
1440	0.78	1	2	39	6	2
1441	0.78	1	2	39	6	2
1442	0.78	1	2	39	6	2
1443	0.80	1	2	40	5	2
1444	0.80	1	2	40	5	2
1445	0.82	1	1	41	5	2
1446	0.84	0	1	42	5	2
1447	0.84	0	1	42	5	2
1448	0.84	0	1	42	5	2
1449	0.82	0	2	41	5	2
1450	0.82	0	2	41	5	2
1451	0.82	0	2	41	5	2
1452	0.82	0	2	41	6	1
1453	0.82	0	2	41	6	1
1454	0.82	0	2	41	6	1
1455	0.80	0	2	40	7	1
1456	0.80	0	2	40	7	1
1457	0.82	0	2	41	7	0
1458	0.82	0	2	41	7	0
1459	0.82	0	2	41	7	0
1460	0.82	0	2	41	7	0
1461	0.84	0	2	42	6	0
1462	0.84	0	2	42	6	0
1463	0.84	0	2	42	6	0
1464	0.86	0	2	43	5	0
1465	0.86	0	2	43	5	0
1466	0.88	0	2	44	4	0
1467	0.88	0	2	44	4	0
1468	0.86	0	2	43	4	1
1469	0.86	0	2	43	4	1
1470	0.88	0	1	44	4	1
1471	0.88	0	1	44	4	1
1472	0.86	0	1	43	5	1
1473	0.88	0	1	44	4	1
1474	0.90	0	1	45	3	1
1475	0.90	0	1	45	3	1
1476	0.88	0	1	44	3	2
1477	0.88	0	1	44	3	2
1478	0.88	0	1	44	3	2
1479	0.86	1	1	43	3	2
1480	0.86	1	1	43	3	2
1481	0.86	1	1	43	3	2
1482	0.86	1	1	43	3	2
1483	0.86	1	1	43	3	2
1484	0.86	1	1	43	3	2
1485	0.86	1	1	43	3	2
1486	0.84	1	1	42	4	2
1487	0.84	1	1	42	4	2
1488	0.84	1	1	42	4	2
1489	0.84	1	1	42	4	2
1490	0.84	1	1	42	4	2
1491	0.84	1	1	42	4	2
1492	0.84	1	1	42	4	2
1493	0.84	1	1	42	4	2
1494	0.84	1	1	42	4	2
1495	0.82	2	1	41	4	2
1496	0.80	2	1	40	5	2
1497	0.80	2	1	40	5	2
1498	0.80	2	1	40	5	2
1499	0.80	3	0	40	5	2
1500	0.12	3	0	39	6	2
1501	0.14	3	0	38	7	2
1502	0.14	3	0	38	7	2
1503	0.16	3	0	37	8	2
1504	0.18	3	0	36	9	2
1505	0.18	3	0	36	9	2
1506	0.20	3	0	35	10	2
1507	0.22	3	0	34	11	2
1508	0.22	3	0	34	11	2
1509	0.24	3	0	33	12	2
1510	0.26	3	0	32	13	2
1511	0.28	3	0	31	14	2
1512	0.30	3	0	30	15	2
1513	0.32	3	0	29	16	2
1514	0.34	3	0	28	17	2
1515	0.36	3	0	27	18	2
1516	0.38	3	0	26	19	2
1517	0.40	3	0	25	20	2
1518	0.40	3	0	26	20	1
1519	0.42	3	0	25	21	1
1520	0.42	3	0	24	21	2
1521	0.44	3	0	23	22	2
1522	0.44	3	0	23	22	2
1523	0.46	3	0	22	23	2
1524	0.48	3	0	21	24	2
1525	0.48	3	1	20	24	2
1526	0.50	3	1	20	25	1
1527	0.52	3	1	19	26	1
1528	0.54	3	1	18	27	1
1529	0.56	2	1	18	28	1
1530	0.58	2	1	17	29	1
1531	0.60	2	1	16	30	1
1532	0.62	2	1	15	31	1
1533	0.64	2	1	14	32	1
1534	0.66	2	1	13	33	1
1535	0.66	2	2	12	33	1
1536	0.66	2	2	12	33	1
1537	0.68	2	2	11	34	1
1538	0.70	2	2	10	35	1
1539	0.72	2	2	9	36	1
1540	0.74	2	2	8	37	1
1541	0.74	2	2	7	37	2
1542	0.76	2	2	6	38	2
1543	0.78	2	2	5	39	2
1544	0.80	2	2	4	40	2
1545	0.82	1	2	4	41	2
1546	0.82	1	2	4	41	2
1547	0.84	1	2	3	42	2
1548	0.86	1	2	2	43	2
1549	0.88	0	2	2	44	2
1550	0.88	0	2	2	44	2
1551	0.88	0	2	2	44	2
1552	0.88	0	2	2	44	2
1553	0.88	0	2	2	44	2
1554	0.88	0	2	2	44	2
1555	0.88	0	2	2	44	2
1556	0.86	0	2	2	43	3
1557	0.86	0	2	2	43	3
1558	0.88	0	2	1	44	3
1559	0.88	0	2	1	44	3
1560	0.88	0	2	1	44	3
1561	0.88	0	2	1	44	3
1562	0.88	0	2	1	44	3
1563	0.88	0	2	1	44	3
1564	0.88	0	2	1	44	3
1565	0.88	0	2	1	44	3
1566	0.88	0	2	1	44	3
1567	0.88	0	2	1	44	3
1568	0.90	0	2	0	45	3
1569	0.90	0	2	0	45	3
1570	0.92	0	2	0	46	2
1571	0.92	0	2	0	46	2
1572	0.92	0	2	0	46	2
1573	0.92	0	2	0	46	2
1574	0.92	0	2	0	46	2
1575	0.94	0	1	0	47	2
1576	0.92	0	1	1	46	2
1577	0.90	0	1	1	45	3
1578	0.90	0	1	1	45	3
1579	0.90	0	1	1	45	3
1580	0.88	0	1	1	44	4
1581	0.88	0	1	1	44	4
1582	0.88	0	1	1	44	4
1583	0.88	0	1	1	44	4
1584	0.88	0	1	1	44	4
1585	0.90	0	0	1	45	4
1586	0.90	0	0	1	45	4
1587	0.90	0	0	1	45	4
1588	0.90	0	0	1	45	4
1589	0.90	0	0	1	45	4
1590	0.90	0	0	1	45	4
1591	0.92	0	0	1	46	3
1592	0.92	0	0	1	46	3
1593	0.92	0	0	1	46	3
1594	0.92	0	0	1	46	3
1595	0.92	0	0	1	46	3
1596	0.90	1	0	1	45	3
1597	0.90	1	0	1	45	3
1598	0.90	1	0	1	45	3
1599	0.90	1	0	1	45	3
1600	0.90	1	0	1	45	3
1601	0.90	1	0	1	45	3
1602	0.88	1	0	2	44	3
1603	0.88	1	0	2	44	3
1604	0.88	1	0	2	44	3
1605	0.86	1	1	2	43	3
1606	0.88	1	1	2	44	2
1607	0.88	1	1	2	44	2
1608	0.86	1	1	3	43	2
1609	0.86	1	1	3	43	2
1610	0.86	1	1	3	43	2
1611	0.86	1	1	3	43	2
1612	0.84	2	1	3	42	2
1613	0.84	2	1	3	42	2
1614	0.84	2	1	3	42	2
1615	0.84	2	1	3	42	2
1616	0.84	2	1	3	42	2
1617	0.84	2	1	3	42	2
1618	0.82	3	1	3	41	2
1619	0.82	3	1	3	41	2
1620	0.82	3	1	3	41	2
1621	0.82	3	1	3	41	2
1622	0.82	3	1	3	41	2
1623	0.80	3	1	3	40	3
1624	0.80	3	1	3	40	3
1625	0.80	3	1	3	40	3
1626	0.80	3	1	2	40	4
1627	0.82	3	1	2	41	3
1628	0.82	3	1	2	41	3
1629	0.82	3	1	2	41	3
1630	0.84	3	1	2	42	2
1631	0.84	3	1	2	42	2
1632	0.84	3	1	2	42	2
1633	0.84	3	1	2	42	2
1634	0.84	3	1	2	42	2
1635	0.84	3	1	2	42	2
1636	0.84	3	1	2	42	2
1637	0.84	3	1	2	42	2
1638	0.84	3	1	2	42	2
1639	0.84	3	1	2	42	2
1640	0.84	3	1	2	42	2
1641	0.82	3	2	2	41	2
1642	0.82	3	2	2	41	2
1643	0.82	3	2	2	41	2
1644	0.82	3	2	2	41	2
1645	0.82	3	2	2	41	2
1646	0.84	2	2	2	42	2
1647	0.84	2	2	2	42	2
1648	0.84	2	2	2	42	2
1649	0.84	2	2	2	42	2
1650	0.84	2	2	2	42	2
1651	0.84	2	2	2	42	2
1652	0.86	2	2	1	43	2
1653	0.86	2	2	1	43	2
1654	0.86	2	2	1	43	2
1655	0.88	2	1	1	44	2
1656	0.88	2	1	1	44	2
1657	0.88	2	1	1	44	2
1658	0.90	2	1	0	45	2
1659	0.90	2	1	0	45	2
1660	0.88	2	2	0	44	2
1661	0.88	2	2	0	44	2
1662	0.90	1	2	0	45	2
1663	0.90	1	2	0	45	2
1664	0.90	1	2	0	45	2
1665	0.90	1	2	0	45	2
1666	0.88	1	2	1	44	2
1667	0.86	1	3	1	43	2
1668	0.88	0	3	1	44	2
1669	0.88	0	3	1	44	2
1670	0.88	0	3	1	44	2
1671	0.88	0	3	1	44	2
1672	0.88	0	3	1	44	2
1673	0.90	0	3	1	45	1
1674	0.90	0	3	1	45	1
1675	0.90	0	3	1	45	1
1676	0.92	0	3	1	46	0
1677	0.92	0	3	1	46	0
1678	0.92	0	3	1	46	0
1679	0.92	0	3	1	46	0
1680	0.90	0	3	1	45	1
1681	0.90	0	3	1	45	1
1682	0.90	0	3	1	45	1
1683	0.90	0	3	1	45	1
1684	0.90	0	3	1	45	1
1685	0.88	1	3	1	44	1
1686	0.88	1	3	1	44	1
1687	0.88	1	3	1	44	1
1688	0.88	1	3	1	44	1
1689	0.86	2	3	1	43	1
1690	0.86	2	3	1	43	1
1691	0.88	2	2	1	44	1
1692	0.88	2	2	1	44	1
1693	0.88	2	2	1	44	1
1694	0.88	2	2	1	44	1
1695	0.88	2	2	1	44	1
1696	0.88	2	2	1	44	1
1697	0.88	2	2	1	44	1
1698	0.88	2	2	1	44	1
1699	0.88	2	2	1	44	1
1700	0.88	2	2	1	44	1
1701	0.88	2	2	1	44	1
1702	0.88	2	2	1	44	1
1703	0.88	2	2	1	44	1
1704	0.88	2	2	1	44	1
1705	0.88	2	2	1	44	1
1706	0.88	2	2	1	44	1
1707	0.86	2	2	1	43	2
1708	0.86	2	2	1	43	2
1709	0.86	2	2	1	43	2
1710	0.88	2	1	1	44	2
1711	0.88	2	1	1	44	2
1712	0.88	2	1	1	44	2
1713	0.88	2	1	1	44	2
1714	0.88	2	1	1	44	2
1715	0.88	2	1	1	44	2
1716	0.90	2	1	0	45	2
1717	0.92	2	0	0	46	2
1718	0.92	2	0	0	46	2
1719	0.90	3	0	0	45	2
1720	0.90	3	0	0	45	2
1721	0.88	3	1	0	44	2
1722	0.88	3	1	0	44	2
1723	0.86	3	2	0	43	2
1724	0.86	3	2	0	43	2
1725	0.86	3	2	0	43	2
1726	0.84	3	2	1	42	2
1727	0.82	3	3	1	41	2
1728	0.82	3	3	1	41	2
1729	0.82	3	3	1	41	2
1730	0.84	3	3	1	42	1
1731	0.84	3	3	1	42	1
1732	0.84	3	3	1	42	1
1733	0.84	3	3	1	42	1
1734	0.84	3	3	1	42	1
1735	0.86	2	3	1	43	1
1736	0.86	2	3	1	43	1
1737	0.86	2	3	1	43	1
1738	0.86	2	3	1	43	1
1739	0.88	1	3	1	44	1
1740	0.88	1	3	1	44	1
1741	0.88	1	3	1	44	1
1742	0.88	1	3	1	44	1
1743	0.88	1	3	1	44	1
1744	0.86	1	4	1	43	1
1745	0.86	1	4	1	43	1
1746	0.86	1	4	1	43	1
1747	0.86	1	4	1	43	1
1748	0.86	1	4	1	43	1
1749	0.86	1	4	1	43	1
1750	0.86	1	4	1	43	1
1751	0.86	1	4	1	43	1
1752	0.86	1	4	1	43	1
1753	0.86	1	4	1	43	1
1754	0.86	1	4	1	43	1
1755	0.84	1	4	1	42	2
1756	0.82	2	4	1	41	2
1757	0.84	2	4	1	42	1
1758	0.84	2	4	1	42	1
1759	0.84	2	4	1	42	1
1760	0.84	2	4	1	42	1
1761	0.84	2	4	1	42	1
1762	0.82	3	4	1	41	1
1763	0.82	3	4	1	41	1
1764	0.82	3	4	1	41	1
1765	0.82	3	4	1	41	1
1766	0.82	3	4	1	41	1
1767	0.82	3	4	1	41	1
1768	0.80	4	4	1	40	1
1769	0.82	3	4	1	41	1
1770	0.82	3	4	1	41	1
1771	0.84	3	3	1	42	1
1772	0.84	3	3	1	42	1
1773	0.86	3	2	1	43	1
1774	0.86	3	2	1	43	1
1775	0.86	3	2	1	43	1
1776	0.86	3	3	0	43	1
1777	0.86	3	3	0	43	1
1778	0.86	3	3	0	43	1
1779	0.86	3	3	0	43	1
1780	0.86	3	3	0	43	1
1781	0.84	3	3	0	42	2
1782	0.84	3	3	0	42	2
1783	0.84	3	3	0	42	2
1784	0.82	4	3	0	41	2
1785	0.82	4	3	0	41	2
1786	0.82	4	3	0	41	2
1787	0.80	5	3	0	40	2
1788	0.80	5	3	0	40	2
1789	0.80	5	3	0	40	2
1790	0.80	5	3	0	40	2
1791	0.80	5	3	0	40	2
1792	0.80	5	3	0	40	2
1793	0.80	5	3	0	40	2
1794	0.80	5	2	0	40	3
1795	0.80	5	2	0	40	3
1796	0.80	5	2	0	40	3
1797	0.78	5	3	0	39	3
1798	0.78	5	3	0	39	3
1799	0.78	5	3	0	39	3
1800	0.78	5	3	0	39	3
1801	0.78	5	3	0	39	3
1802	0.78	5	3	0	39	3
1803	0.78	5	3	0	39	3
1804	0.78	5	3	0	39	3
1805	0.80	5	3	0	40	2
1806	0.82	4	3	0	41	2
1807	0.82	4	3	0	41	2
1808	0.82	4	3	0	41	2
1809	0.82	4	3	0	41	2
1810	0.82	4	3	0	41	2
1811	0.82	4	3	0	41	2
1812	0.84	3	3	0	42	2
1813	0.84	3	3	0	42	2
1814	0.82	4	3	0	41	2
1815	0.82	4	3	0	41	2
1816	0.82	4	3	0	41	2
1817	0.82	4	3	0	41	2
1818	0.84	3	3	0	42	2
1819	0.82	4	3	0	41	2
1820	0.82	4	3	0	41	2
1821	0.82	4	3	0	41	2
1822	0.82	4	3	0	41	2
1823	0.80	4	4	0	40	2
1824	0.80	4	4	0	40	2
1825	0.78	5	4	0	39	2
1826	0.80	5	3	0	40	2
1827	0.82	5	2	0	41	2
1828	0.82	5	2	0	41	2
1829	0.82	5	2	0	41	2
1830	0.82	5	2	0	41	2
1831	0.84	5	2	0	42	1
1832	0.84	5	2	0	42	1
1833	0.84	5	2	0	42	1
1834	0.86	4	2	0	43	1
1835	0.84	4	2	1	42	1
1836	0.84	4	2	1	42	1
1837	0.84	3	2	1	42	2
1838	0.84	3	2	1	42	2
1839	0.84	3	2	1	42	2
1840	0.84	3	2	1	42	2
1841	0.84	3	2	1	42	2
1842	0.84	3	2	1	42	2
1843	0.84	3	2	1	42	2
1844	0.86	3	2	1	43	1
1845	0.86	3	2	1	43	1
1846	0.86	3	2	1	43	1
1847	0.88	3	1	1	44	1
1848	0.88	3	1	1	44	1
1849	0.88	3	1	1	44	1
1850	0.88	3	1	1	44	1
1851	0.88	3	1	1	44	1
1852	0.88	3	1	1	44	1
1853	0.88	3	1	1	44	1
1854	0.88	3	1	1	44	1
1855	0.88	3	1	1	44	1
1856	0.86	3	2	1	43	1
1857	0.86	3	2	1	43	1
1858	0.84	4	2	1	42	1
1859	0.84	4	2	1	42	1
1860	0.84	4	2	1	42	1
1861	0.84	4	2	1	42	1
1862	0.84	4	2	1	42	1
1863	0.84	4	2	1	42	1
1864	0.86	3	2	1	43	1
1865	0.86	3	2	1	43	1
1866	0.84	3	2	2	42	1
1867	0.84	3	2	2	42	1
1868	0.84	3	2	2	42	1
1869	0.86	2	2	2	43	1
1870	0.84	2	2	2	42	2
1871	0.82	2	2	2	41	3
1872	0.82	2	2	2	41	3
1873	0.84	2	1	2	42	3
1874	0.84	2	1	2	42	3
1875	0.86	1	1	2	43	3
1876	0.86	1	1	2	43	3
1877	0.86	1	1	2	43	3
1878	0.86	1	1	2	43	3
1879	0.86	1	1	2	43	3
1880	0.86	1	1	2	43	3
1881	0.86	1	1	2	43	3
1882	0.86	1	1	2	43	3
1883	0.86	1	1	2	43	3
1884	0.86	1	1	2	43	3
1885	0.88	1	1	1	44	3
1886	0.88	1	1	1	44	3
1887	0.88	1	2	1	44	2
1888	0.88	1	2	1	44	2
1889	0.88	1	2	1	44	2
1890	0.88	1	2	1	44	2
1891	0.88	1	2	1	44	2
1892	0.88	1	2	1	44	2
1893	0.88	1	2	1	44	2
1894	0.88	1	2	1	44	2
1895	0.86	2	2	1	43	2
1896	0.86	2	2	1	43	2
1897	0.86	2	2	1	43	2
1898	0.86	2	2	1	43	2
1899	0.86	2	2	1	43	2
1900	0.86	2	2	1	43	2
1901	0.86	2	2	1	43	2
1902	0.84	2	2	2	42	2
1903	0.82	2	2	3	41	2
1904	0.82	2	2	3	41	2
1905	0.82	2	2	3	41	2
1906	0.84	2	1	3	42	2
1907	0.84	2	1	3	42	2
1908	0.86	1	1	3	43	2
1909	0.86	1	1	3	43	2
1910	0.86	1	1	3	43	2
1911	0.86	1	1	3	43	2
1912	0.86	1	1	3	43	2
1913	0.86	1	1	3	43	2
1914	0.86	1	1	3	43	2
1915	0.86	1	1	3	43	2
1916	0.88	1	1	2	44	2
1917	0.88	1	1	2	44	2
1918	0.86	2	1	2	43	2
1919	0.86	2	1	2	43	2
1920	0.88	2	1	2	44	1
1921	0.90	2	1	2	45	0
1922	0.90	2	1	2	45	0
1923	0.90	2	1	2	45	0
1924	0.90	2	1	2	45	0
1925	0.90	2	1	2	45	0
1926	0.90	2	1	2	45	0
1927	0.90	2	1	2	45	0
1928	0.90	2	1	2	45	0
1929	0.90	2	1	2	45	0
1930	0.88	2	2	2	44	0
1931	0.88	2	2	2	44	0
1932	0.88	2	2	2	44	0
1933	0.88	2	2	2	44	0
1934	0.88	2	2	2	44	0
1935	0.88	2	2	2	44	0
1936	0.88	2	2	2	44	0
1937	0.90	2	1	2	45	0
1938	0.88	2	1	3	44	0
1939	0.88	2	1	3	44	0
1940	0.88	2	1	3	44	0
1941	0.88	2	1	3	44	0
1942	0.88	2	1	3	44	0
1943	0.86	2	1	4	43	0
1944	0.86	2	1	4	43	0
1945	0.86	1	2	4	43	0
1946	0.86	1	2	4	43	0
1947	0.86	1	2	4	43	0
1948	0.86	1	2	4	43	0
1949	0.86	1	2	4	43	0
1950	0.86	1	2	4	43	0
1951	0.86	1	2	4	43	0
1952	0.88	1	2	3	44	0
1953	0.88	2	2	2	44	0
1954	0.88	2	2	2	44	0
1955	0.88	2	2	2	44	0
1956	0.88	2	2	2	44	0
1957	0.88	2	2	2	44	0
1958	0.88	2	2	2	44	0
1959	0.88	2	2	2	44	0
1960	0.88	2	2	2	44	0
1961	0.88	2	2	2	44	0
1962	0.88	2	2	2	44	0
1963	0.88	2	2	2	44	0
1964	0.86	3	2	2	43	0
1965	0.86	3	2	2	43	0
1966	0.86	3	2	2	43	0
1967	0.86	3	2	2	43	0
1968	0.88	2	2	2	44	0
1969	0.86	2	3	2	43	0
1970	0.86	2	3	2	43	0
1971	0.86	2	3	2	43	0
1972	0.86	2	3	2	43	0
1973	0.86	2	3	2	43	0
1974	0.86	2	3	2	43	0
1975	0.86	2	3	2	43	0
1976	0.86	2	3	2	43	0
1977	0.86	2	3	2	43	0
1978	0.86	2	3	2	43	0
1979	0.86	2	3	2	43	0
1980	0.88	2	2	2	44	0
1981	0.88	2	2	2	44	0
1982	0.88	2	2	2	44	0
1983	0.88	2	2	2	44	0
1984	0.88	2	2	2	44	0
1985	0.88	2	2	2	44	0
1986	0.88	2	2	2	44	0
1987	0.88	2	2	2	44	0
1988	0.90	2	2	1	45	0
1989	0.90	2	2	1	45	0
1990	0.90	2	2	1	45	0
1991	0.88	3	2	1	44	0
1992	0.88	3	2	1	44	0
1993	0.90	3	2	0	45	0
1994	0.90	3	2	0	45	0
1995	0.92	3	1	0	46	0
1996	0.92	3	1	0	46	0
1997	0.92	3	1	0	46	0
1998	0.92	3	1	0	46	0
1999	0.92	3	1	0	46	0
2000	0.00	4	1	0	45	0
2001	0.02	4	1	0	44	1
2002	0.04	4	1	0	43	2
2003	0.04	3	1	0	44	2
2004	0.04	3	1	0	44	2
2005	0.04	3	1	0	44	2
2006	0.06	3	1	0	43	3
2007	0.06	3	2	0	42	3
2008	0.08	3	2	0	41	4
2009	0.10	3	2	0	40	5
2010	0.12	3	2	0	39	6
2011	0.14	3	2	0	38	7
2012	0.14	3	2	0	38	7
2013	0.16	3	2	0	37	8
2014	0.18	2	2	0	37	9
2015	0.20	2	2	0	36	10
2016	0.22	2	2	0	35	11
2017	0.24	2	2	0	34	12
2018	0.26	2	2	0	33	13
2019	0.26	2	1	1	33	13
2020	0.26	2	2	1	32	13
2021	0.26	2	3	1	31	13
2022	0.26	2	3	1	31	13
2023	0.26	2	3	1	31	13
2024	0.28	2	3	1	30	14
2025	0.28	2	3	1	30	14
2026	0.28	2	3	1	30	14
2027	0.30	2	3	1	29	15
2028	0.30	2	3	1	29	15
2029	0.32	2	3	1	28	16
2030	0.32	2	3	2	27	16
2031	0.34	2	3	2	26	17
2032	0.36	2	3	2	25	18
2033	0.38	2	3	2	24	19
2034	0.40	2	3	2	23	20
2035	0.42	2	3	2	22	21
2036	0.44	2	3	2	21	22
2037	0.44	2	3	3	20	22
2038	0.44	2	4	3	19	22
2039	0.46	2	4	3	18	23
2040	0.48	2	4	3	17	24
2041	0.50	1	4	3	17	25
2042	0.52	1	4	3	16	26
2043	0.54	1	4	3	15	27
2044	0.56	1	4	3	14	28
2045	0.58	1	4	3	13	29
2046	0.58	1	4	3	13	29
2047	0.60	1	4	3	12	30
2048	0.62	1	4	3	11	31
2049	0.64	1	4	3	10	32
2050	0.64	0	5	3	10	32
2051	0.64	0	5	3	10	32
2052	0.64	0	5	3	10	32
2053	0.64	0	5	3	10	32
2054	0.64	0	5	3	10	32
2055	0.66	0	5	3	9	33
2056	0.66	0	5	3	9	33
2057	0.68	0	4	3	9	34
2058	0.68	0	4	3	9	34
2059	0.68	0	4	3	9	34
2060	0.68	0	4	3	9	34
2061	0.68	0	4	3	9	34
2062	0.70	0	4	3	8	35
2063	0.70	0	4	3	8	35
2064	0.70	0	4	3	8	35
2065	0.68	0	4	3	9	34
2066	0.68	0	4	3	9	34
2067	0.68	0	4	3	9	34
2068	0.68	0	4	3	9	34
2069	0.70	0	4	2	9	35
2070	0.72	0	3	2	9	36
2071	0.72	0	2	2	10	36
2072	0.74	0	2	2	9	37
2073	0.76	0	2	2	8	38
2074	0.74	0	3	2	8	37
2075	0.76	0	3	2	7	38
2076	0.78	0	3	2	6	39
2077	0.78	0	3	2	6	39
2078	0.80	0	3	2	5	40
2079	0.78	0	4	2	5	39
2080	0.80	0	4	1	5	40
2081	0.80	0	4	1	5	40
2082	0.80	0	4	1	5	40
2083	0.80	0	4	1	5	40
2084	0.80	0	4	1	5	40
2085	0.78	0	4	2	5	39
2086	0.78	0	4	2	5	39
2087	0.80	0	4	1	5	40
2088	0.80	0	4	1	5	40
2089	0.80	0	4	1	5	40
2090	0.80	0	4	1	5	40
2091	0.80	0	4	1	5	40
2092	0.80	0	4	1	5	40
2093	0.80	0	4	1	5	40
2094	0.80	0	4	1	5	40
2095	0.80	0	4	1	5	40
2096	0.82	0	4	1	4	41
2097	0.82	0	4	1	4	41
2098	0.82	0	4	1	4	41
2099	0.80	0	5	1	4	40
2100	0.82	0	4	1	4	41
2101	0.82	0	4	1	4	41
2102	0.82	0	4	1	4	41
2103	0.84	0	4	1	3	42
2104	0.86	0	4	1	2	43
2105	0.86	0	4	1	2	43
2106	0.86	0	4	1	2	43
2107	0.86	0	4	1	2	43
2108	0.86	0	4	1	2	43
2109	0.86	0	4	1	2	43
2110	0.86	0	4	1	2	43
2111	0.84	0	4	1	3	42
2112	0.82	0	4	2	3	41
2113	0.82	0	4	2	3	41
2114	0.82	0	4	2	3	41
2115	0.84	0	4	2	2	42
2116	0.84	0	4	2	2	42
2117	0.84	0	4	2	2	42
2118	0.84	0	4	2	2	42
2119	0.84	0	4	2	2	42
2120	0.84	0	4	2	2	42
2121	0.86	0	4	2	1	43
2122	0.86	0	4	2	1	43
2123	0.86	0	4	2	1	43
2124	0.88	0	3	2	1	44
2125	0.88	0	3	2	1	44
2126	0.88	0	3	2	1	44
2127	0.88	0	3	2	1	44
2128	0.88	0	3	2	1	44
2129	0.90	0	2	2	1	45
2130	0.90	0	2	2	1	45
2131	0.90	0	2	2	1	45
2132	0.90	0	2	2	1	45
2133	0.90	0	2	2	1	45
2134	0.90	0	2	2	1	45
2135	0.92	0	2	1	1	46
2136	0.92	0	2	1	1	46
2137	0.92	0	2	1	1	46
2138	0.94	0	1	1	1	47
2139	0.94	0	1	1	1	47
2140	0.94	0	1	1	1	47
2141	0.94	0	1	1	1	47
2142	0.94	0	1	1	1	47
2143	0.94	0	1	1	1	47
2144	0.94	0	1	1	1	47
2145	0.92	0	1	1	2	46
2146	0.92	0	1	1	2	46
2147	0.92	0	1	1	2	46
2148	0.92	0	1	1	2	46
2149	0.92	0	0	2	2	46
2150	0.92	0	0	2	2	46
2151	0.92	0	0	2	2	46
2152	0.92	0	0	2	2	46
2153	0.90	1	0	2	2	45
2154	0.90	1	0	2	2	45
2155	0.90	1	0	2	2	45
2156	0.90	1	0	2	2	45
2157	0.90	1	0	2	2	45
2158	0.90	1	0	2	2	45
2159	0.90	1	0	2	2	45
2160	0.90	1	0	2	2	45
2161	0.92	1	0	2	1	46
2162	0.94	1	0	1	1	47
2163	0.94	1	0	1	1	47
2164	0.94	1	0	1	1	47
2165	0.94	1	0	1	1	47
2166	0.94	1	0	1	1	47
2167	0.92	1	0	1	2	46
2168	0.92	1	0	1	2	46
2169	0.92	1	0	1	2	46
2170	0.92	1	0	1	2	46
2171	0.92	1	0	1	2	46
2172	0.92	1	0	1	2	46
2173	0.92	1	0	1	2	46
2174	0.92	1	0	1	2	46
2175	0.92	1	0	1	2	46
2176	0.90	1	1	1	2	45
2177	0.88	2	1	1	2	44
2178	0.88	2	1	1	2	44
2179	0.88	2	1	1	2	44
2180	0.88	2	1	1	2	44
2181	0.88	2	1	1	2	44
2182	0.88	2	1	1	2	44
2183	0.88	2	1	1	2	44
2184	0.88	2	1	1	2	44
2185	0.88	2	1	1	2	44
2186	0.88	2	1	1	2	44
2187	0.88	2	1	1	2	44
2188	0.88	2	1	1	2	44
2189	0.86	2	1	1	3	43
2190	0.86	2	1	1	3	43
2191	0.84	2	2	1	3	42
2192	0.84	2	2	1	3	42
2193	0.84	2	2	1	3	42
2194	0.84	2	2	1	3	42
2195	0.86	2	2	1	2	43
2196	0.86	2	2	1	2	43
2197	0.86	2	2	1	2	43
2198	0.86	2	2	1	2	43
2199	0.88	2	2	0	2	44
2200	0.86	2	2	1	2	43
2201	0.84	3	2	1	2	42
2202	0.84	3	2	1	2	42
2203	0.86	2	2	1	2	43
2204	0.86	2	2	1	2	43
2205	0.84	2	2	1	3	42
2206	0.84	2	2	1	3	42
2207	0.84	2	2	1	3	42
2208	0.84	2	2	1	3	42
2209	0.84	2	2	1	3	42
2210	0.84	2	2	1	3	42
2211	0.84	2	2	1	3	42
2212	0.84	2	2	1	3	42
2213	0.84	2	2	1	3	42
2214	0.84	2	2	1	3	42
2215	0.84	2	2	1	3	42
2216	0.84	2	2	1	3	42
2217	0.86	2	2	1	2	43
2218	0.86	2	2	1	2	43
2219	0.86	2	2	1	2	43
2220	0.86	2	2	1	2	43
2221	0.86	2	2	1	2	43
2222	0.86	2	2	1	2	43
2223	0.84	2	2	1	3	42
2224	0.84	2	2	1	3	42
2225	0.84	2	2	1	3	42
2226	0.86	2	1	1	3	43
2227	0.88	1	1	1	3	44
2228	0.86	1	1	1	4	43
2229	0.86	1	1	1	4	43
2230	0.84	1	2	1	4	42
2231	0.84	1	2	1	4	42
2232	0.84	1	2	1	4	42
2233	0.84	1	2	1	4	42
2234	0.84	1	2	1	4	42
2235	0.84	1	2	1	4	42
2236	0.84	1	2	1	4	42
2237	0.84	1	2	1	4	42
2238	0.84	1	2	1	4	42
2239	0.86	1	2	1	3	43
2240	0.86	1	2	1	3	43
2241	0.88	1	1	1	3	44
2242	0.88	1	1	1	3	44
2243	0.86	2	1	1	3	43
2244	0.86	2	1	1	3	43
2245	0.86	2	1	1	3	43
2246	0.86	2	1	1	3	43
2247	0.84	2	1	2	3	42
2248	0.84	2	1	2	3	42
2249	0.84	2	1	2	3	42
2250	0.86	2	1	1	3	43
2251	0.88	1	1	1	3	44
2252	0.88	1	1	1	3	44
2253	0.86	1	2	1	3	43
2254	0.86	1	2	1	3	43
2255	0.88	1	2	1	2	44
2256	0.88	1	2	1	2	44
2257	0.86	1	3	1	2	43
2258	0.86	1	3	1	2	43
2259	0.86	1	3	1	2	43
2260	0.86	1	3	1	2	43
2261	0.86	1	3	1	2	43
2262	0.86	1	3	1	2	43
2263	0.84	1	3	1	3	42
2264	0.84	1	3	1	3	42
2265	0.84	1	3	1	3	42
2266	0.84	1	3	1	3	42
2267	0.84	1	3	1	3	42
2268	0.84	1	3	1	3	42
2269	0.84	1	3	1	3	42
2270	0.84	1	3	1	3	42
2271	0.82	2	3	1	3	41
2272	0.82	2	3	1	3	41
2273	0.82	2	3	1	3	41
2274	0.82	2	3	1	3	41
2275	0.82	2	3	1	3	41
2276	0.80	2	3	2	3	40
2277	0.80	2	3	2	3	40
2278	0.82	2	3	2	2	41
2279	0.82	2	3	2	2	41
2280	0.84	2	2	2	2	42
2281	0.82	3	2	2	2	41
2282	0.82	3	2	2	2	41
2283	0.82	3	2	2	2	41
2284	0.82	3	2	2	2	41
2285	0.82	3	2	2	2	41
2286	0.82	3	2	2	2	41
2287	0.82	3	2	2	2	41
2288	0.82	3	2	2	2	41
2289	0.80	4	2	2	2	40
2290	0.80	4	2	2	2	40
2291	0.80	4	2	2	2	40
2292	0.80	4	2	2	2	40
2293	0.82	3	2	2	2	41
2294	0.82	3	2	2	2	41
2295	0.82	3	2	2	2	41
2296	0.82	3	2	2	2	41
2297	0.84	3	2	1	2	42
2298	0.84	3	2	1	2	42
2299	0.82	3	2	2	2	41
2300	0.80	3	2	2	3	40
2301	0.78	3	3	2	3	39
2302	0.78	3	3	2	3	39
2303	0.80	3	2	2	3	40
2304	0.80	3	2	2	3	40
2305	0.80	3	2	2	3	40
2306	0.80	3	2	2	3	40
2307	0.82	3	1	2	3	41
2308	0.82	3	1	2	3	41
2309	0.82	3	1	2	3	41
2310	0.82	3	1	2	3	41
2311	0.82	3	1	2	3	41
2312	0.80	3	1	2	4	40
2313	0.82	3	1	2	3	41
2314	0.80	3	2	2	3	40
2315	0.80	3	2	2	3	40
2316	0.80	3	2	2	3	40
2317	0.80	3	2	2	3	40
2318	0.80	3	2	2	3	40
2319	0.80	3	2	2	3	40
2320	0.80	3	2	2	3	40
2321	0.82	2	2	2	3	41
2322	0.82	2	2	2	3	41
2323	0.84	2	2	2	2	42
2324	0.82	2	2	3	2	41
2325	0.80	2	2	4	2	40
2326	0.82	2	2	3	2	41
2327	0.82	2	2	3	2	41
2328	0.82	2	2	3	2	41
2329	0.80	3	2	3	2	40
2330	0.80	3	2	3	2	40
2331	0.82	2	2	3	2	41
2332	0.82	2	2	3	2	41
2333	0.82	2	2	3	2	41
2334	0.82	2	2	3	2	41
2335	0.82	2	2	3	2	41
2336	0.80	2	3	3	2	40
2337	0.80	2	3	3	2	40
2338	0.78	2	4	3	2	39
2339	0.80	1	4	3	2	40
2340	0.80	1	4	3	2	40
2341	0.80	1	4	3	2	40
2342	0.80	1	4	3	2	40
2343	0.78	1	4	3	3	39
2344	0.78	1	4	3	3	39
2345	0.78	1	4	3	3	39
2346	0.76	1	5	3	3	38
2347	0.76	1	5	3	3	38
2348	0.76	1	5	3	3	38
2349	0.78	1	5	2	3	39
2350	0.80	1	5	2	2	40
2351	0.82	1	4	2	2	41
2352	0.80	1	5	2	2	40
2353	0.80	1	5	2	2	40
2354	0.78	1	5	2	3	39
2355	0.76	1	5	2	4	38
2356	0.76	1	5	2	4	38
2357	0.76	1	5	2	4	38
2358	0.76	1	5	2	4	38
2359	0.76	1	5	2	4	38
2360	0.76	1	5	2	4	38
2361	0.76	1	5	2	4	38
2362	0.78	1	5	2	3	39
2363	0.78	1	5	2	3	39
2364	0.80	1	4	2	3	40
2365	0.80	1	4	2	3	40
2366	0.80	1	4	2	3	40
2367	0.80	1	4	2	3	40
2368	0.80	1	4	2	3	40
2369	0.80	1	4	2	3	40
2370	0.80	1	4	2	3	40
2371	0.80	1	4	2	3	40
2372	0.80	1	4	2	3	40
2373	0.80	1	4	2	3	40
2374	0.82	1	4	1	3	41
2375	0.84	1	4	0	3	42
2376	0.84	1	4	0	3	42
2377	0.84	1	4	0	3	42
2378	0.84	1	4	0	3	42
2379	0.86	0	4	0	3	43
2380	0.86	0	4	0	3	43
2381	0.86	0	4	0	3	43
2382	0.86	0	4	0	3	43
2383	0.86	0	4	0	3	43
2384	0.86	0	4	0	3	43
2385	0.84	0	4	0	4	42
2386	0.84	0	3	1	4	42
2387	0.84	0	3	1	4	42
2388	0.86	0	2	1	4	43
2389	0.86	0	2	1	4	43
2390	0.84	1	2	1	4	42
2391	0.84	1	2	1	4	42
2392	0.84	1	2	1	4	42
2393	0.86	1	2	1	3	43
2394	0.86	1	2	1	3	43
2395	0.86	1	2	1	3	43
2396	0.88	1	1	1	3	44
2397	0.88	1	1	1	3	44
2398	0.88	1	1	1	3	44
2399	0.88	1	1	1	3	44
2400	0.88	1	1	1	3	44
2401	0.88	1	1	1	3	44
2402	0.90	1	0	1	3	45
2403	0.90	1	0	1	3	45
2404	0.92	1	0	1	2	46
2405	0.94	1	0	1	1	47
2406	0.94	1	0	1	1	47
2407	0.94	1	0	1	1	47
2408	0.94	1	0	1	1	47
2409	0.94	1	0	1	1	47
2410	0.94	1	0	1	1	47
2411	0.92	1	0	1	2	46
2412	0.92	1	0	1	2	46
2413	0.92	1	0	1	2	46
2414	0.92	1	0	1	2	46
2415	0.92	1	0	1	2	46
2416	0.92	1	0	1	2	46
2417	0.92	1	0	1	2	46
2418	0.92	1	0	1	2	46
2419	0.90	1	0	2	2	45
2420	0.90	1	0	2	2	45
2421	0.90	1	0	2	2	45
2422	0.90	1	0	2	2	45
2423	0.90	1	0	2	2	45
2424	0.90	1	0	2	2	45
2425	0.90	1	0	2	2	45
2426	0.90	1	0	2	2	45
2427	0.90	1	0	2	2	45
2428	0.90	1	0	2	2	45
2429	0.90	1	0	2	2	45
2430	0.88	1	1	2	2	44
2431	0.88	1	1	2	2	44
2432	0.88	1	1	2	2	44
2433	0.88	1	1	2	2	44
2434	0.88	1	1	2	2	44
2435	0.90	1	1	2	1	45
2436	0.92	1	1	1	1	46
2437	0.90	1	1	2	1	45
2438	0.90	1	1	2	1	45
2439	0.90	1	1	2	1	45
2440	0.92	0	1	2	1	46
2441	0.92	0	1	2	1	46
2442	0.90	0	2	2	1	45
2443	0.90	0	2	2	1	45
2444	0.90	0	2	2	1	45
2445	0.90	0	2	2	1	45
2446	0.90	0	2	2	1	45
2447	0.90	0	2	2	1	45
2448	0.90	0	2	2	1	45
2449	0.90	0	2	2	1	45
2450	0.90	0	2	2	1	45
2451	0.90	0	2	2	1	45
2452	0.90	0	2	2	1	45
2453	0.90	0	2	2	1	45
2454	0.90	0	2	2	1	45
2455	0.90	0	2	2	1	45
2456	0.90	0	2	2	1	45
2457	0.90	0	2	2	1	45
2458	0.90	0	2	2	1	45
2459	0.90	0	2	2	1	45
2460	0.88	0	2	2	2	44
2461	0.90	0	2	2	1	45
2462	0.88	1	2	2	1	44
2463	0.88	1	2	2	1	44
2464	0.86	1	3	2	1	43
2465	0.86	1	3	2	1	43
2466	0.86	1	3	2	1	43
2467	0.86	1	3	2	1	43
2468	0.86	1	3	2	1	43
2469	0.88	1	3	1	1	44
2470	0.88	1	3	1	1	44
2471	0.88	1	3	1	1	44
2472	0.88	1	3	1	1	44
2473	0.88	1	3	1	1	44
2474	0.88	1	3	1	1	44
2475	0.88	1	3	1	1	44
2476	0.88	1	3	1	1	44
2477	0.88	1	3	1	1	44
2478	0.88	1	3	1	1	44
2479	0.88	1	3	1	1	44
2480	0.90	1	2	1	1	45
2481	0.90	1	2	1	1	45
2482	0.90	1	2	1	1	45
2483	0.90	1	2	1	1	45
2484	0.88	1	2	2	1	44
2485	0.88	1	2	2	1	44
2486	0.88	1	2	2	1	44
2487	0.90	1	2	1	1	45
2488	0.90	1	2	1	1	45
2489	0.90	1	2	1	1	45
2490	0.88	1	3	1	1	44
2491	0.88	1	3	1	1	44
2492	0.88	2	2	1	1	44
2493	0.88	2	2	1	1	44
2494	0.88	2	2	1	1	44
2495	0.88	2	2	1	1	44
2496	0.86	2	2	2	1	43
2497	0.86	2	2	2	1	43
2498	0.86	2	2	2	1	43
2499	0.86	2	2	2	1	43
2500	0.06	3	2	2	1	42
2501	0.06	3	2	2	1	42
2502	0.08	4	2	2	1	41
2503	0.10	5	2	2	1	40
2504	0.12	6	2	2	1	39
2505	0.14	7	2	2	1	38
2506	0.16	8	2	2	1	37
2507	0.18	9	2	2	1	36
2508	0.18	9	2	2	1	36
2509	0.20	10	2	2	1	35
2510	0.22	11	2	2	0	35
2511	0.24	12	2	2	0	34
2512	0.22	11	2	2	0	35
2513	0.24	12	2	2	0	34
2514	0.26	13	1	2	0	34
2515	0.26	13	1	3	0	33
2516	0.26	13	1	3	0	33
2517	0.26	13	1	3	0	33
2518	0.28	14	1	3	0	32
2519	0.30	15	1	3	0	31
2520	0.32	16	1	3	0	30
2521	0.34	17	1	3	0	29
2522	0.36	18	1	3	0	28
2523	0.38	19	1	3	0	27
2524	0.40	20	1	3	0	26
2525	0.42	21	1	3	0	25
2526	0.42	21	1	3	0	25
2527	0.44	22	1	3	0	24
2528	0.46	23	1	3	0	23
2529	0.48	24	1	3	0	22
2530	0.50	25	1	3	0	21
2531	0.52	26	1	3	0	20
2532	0.54	27	1	3	0	19
2533	0.56	28	1	3	0	18
2534	0.58	29	1	2	0	18
2535	0.60	30	1	2	0	17
2536	0.62	31	1	2	0	16
2537	0.64	32	1	2	0	15
2538	0.64	32	1	3	0	14
2539	0.66	33	1	3	0	13
2540	0.68	34	0	3	0	13
2541	0.70	35	0	3	0	12
2542	0.70	35	0	3	0	12
2543	0.70	35	0	3	0	12
2544	0.70	35	0	3	1	11
2545	0.72	36	0	3	1	10
2546	0.74	37	0	2	1	10
2547	0.76	38	0	2	1	9
2548	0.76	38	0	2	2	8
2549	0.78	39	0	2	2	7
2550	0.78	39	0	2	2	7
2551	0.80	40	0	2	2	6
2552	0.80	40	0	2	2	6
2553	0.80	40	0	2	2	6
2554	0.78	39	0	2	3	6
2555	0.76	38	0	2	4	6
2556	0.76	38	0	2	4	6
2557	0.76	38	0	2	4	6
2558	0.78	39	0	2	4	5
2559	0.76	38	0	2	5	5
2560	0.76	38	0	2	5	5
2561	0.76	38	0	2	5	5
2562	0.76	38	0	2	6	4
2563	0.76	38	0	2	6	4
2564	0.76	38	0	2	6	4
2565	0.78	39	0	1	6	4
2566	0.80	40	0	1	6	3
2567	0.82	41	0	1	6	2
2568	0.82	41	0	1	6	2
2569	0.82	41	0	1	6	2
2570	0.82	41	0	1	6	2
2571	0.82	41	0	1	6	2
2572	0.82	41	0	1	6	2
2573	0.80	40	1	1	6	2
2574	0.80	40	1	1	6	2
2575	0.80	40	1	1	6	2
2576	0.82	41	1	1	6	1
2577	0.82	41	1	1	6	1
2578	0.82	41	1	1	6	1
2579	0.82	41	1	1	6	1
2580	0.82	41	1	1	6	1
2581	0.82	41	1	1	6	1
2582	0.82	41	1	1	6	1
2583	0.82	41	1	1	6	1
2584	0.82	41	1	1	6	1
2585	0.82	41	1	1	6	1
2586	0.82	41	1	1	6	1
2587	0.82	41	1	1	6	1
2588	0.84	42	1	0	6	1
2589	0.82	41	1	0	6	2
2590	0.82	41	1	0	6	2
2591	0.82	41	1	0	6	2
2592	0.82	41	1	0	6	2
2593	0.84	42	1	0	6	1
2594	0.84	42	1	0	5	2
2595	0.82	41	1	1	5	2
2596	0.82	41	1	1	5	2
2597	0.82	41	1	1	5	2
2598	0.84	42	1	1	4	2
2599	0.84	42	1	1	4	2
2600	0.84	42	1	1	4	2
2601	0.84	42	1	1	4	2
2602	0.84	42	1	1	4	2
2603	0.82	41	1	1	5	2
2604	0.84	42	1	1	4	2
2605	0.86	43	1	1	3	2
2606	0.86	43	1	1	3	2
2607	0.86	43	1	1	3	2
2608	0.86	43	1	1	3	2
2609	0.88	44	1	1	2	2
2610	0.88	44	1	1	2	2
2611	0.88	44	1	1	2	2
2612	0.90	45	1	1	1	2
2613	0.90	45	1	1	1	2
2614	0.90	45	1	1	1	2
2615	0.90	45	1	1	1	2
2616	0.90	45	1	1	1	2
2617	0.90	45	1	1	1	2
2618	0.90	45	1	1	1	2
2619	0.90	45	1	1	1	2
2620	0.90	45	1	1	1	2
2621	0.90	45	1	1	1	2
2622	0.88	44	1	1	2	2
2623	0.90	45	0	1	2	2
2624	0.90	45	0	1	2	2
2625	0.90	45	0	1	2	2
2626	0.90	45	0	1	2	2
2627	0.90	45	0	1	2	2
2628	0.90	45	0	1	2	2
2629	0.90	45	0	1	2	2
2630	0.88	44	0	2	2	2
2631	0.88	44	0	2	2	2
2632	0.88	44	0	2	2	2
2633	0.88	44	0	2	2	2
2634	0.88	44	0	2	2	2
2635	0.88	44	0	2	2	2
2636	0.88	44	0	2	2	2
2637	0.88	44	0	2	2	2
2638	0.88	44	0	2	2	2
2639	0.90	45	0	2	2	1
2640	0.90	45	0	2	2	1
2641	0.90	45	0	2	2	1
2642	0.90	45	0	2	2	1
2643	0.88	44	0	2	3	1
2644	0.90	45	0	2	3	0
2645	0.92	46	0	1	3	0
2646	0.92	46	0	1	3	0
2647	0.92	46	0	1	3	0
2648	0.92	46	0	1	3	0
2649	0.92	46	0	1	3	0
2650	0.92	46	0	1	3	0
2651	0.92	46	0	1	3	0
2652	0.92	46	0	1	3	0
2653	0.94	47	0	1	2	0
2654	0.94	47	0	1	2	0
2655	0.94	47	0	1	2	0
2656	0.94	47	0	1	2	0
2657	0.94	47	0	1	2	0
2658	0.94	47	0	1	2	0
2659	0.94	47	0	1	2	0
2660	0.94	47	0	1	2	0
2661	0.94	47	0	1	2	0
2662	0.94	47	0	1	2	0
2663	0.94	47	0	1	2	0
2664	0.94	47	0	1	2	0
2665	0.94	47	0	1	2	0
2666	0.94	47	0	1	2	0
2667	0.94	47	0	1	2	0
2668	0.94	47	0	1	2	0
2669	0.94	47	0	1	2	0
2670	0.94	47	0	1	2	0
2671	0.94	47	0	1	2	0
2672	0.96	48	0	1	1	0
2673	0.96	48	0	1	1	0
2674	0.96	48	0	1	1	0
2675	0.96	48	0	1	1	0
2676	0.96	48	0	1	1	0
2677	0.96	48	0	1	1	0
2678	0.96	48	0	1	1	0
2679	0.96	48	0	1	1	0
2680	0.98	49	0	0	1	0
2681	0.98	49	0	0	1	0
2682	0.98	49	0	0	1	0
2683	0.98	49	0	0	1	0
2684	0.98	49	0	0	1	0
2685	0.98	49	0	0	1	0
2686	0.98	49	0	0	1	0
2687	0.98	49	0	0	1	0
2688	0.98	49	0	0	1	0
2689	0.98	49	0	0	1	0
2690	0.98	49	0	0	1	0
2691	0.98	49	0	0	1	0
2692	0.98	49	0	0	1	0
2693	1.00	50	0	0	0	0
2694	1.00	50	0	0	0	0
2695	0.98	49	1	0	0	0
2696	0.98	49	1	0	0	0
2697	0.98	49	1	0	0	0
2698	0.98	49	1	0	0	0
2699	0.98	49	1	0	0	0
2700	0.98	49	1	0	0	0
2701	0.98	49	1	0	0	0
2702	0.98	49	1	0	0	0
2703	0.98	49	1	0	0	0
2704	0.98	49	1	0	0	0
2705	0.98	49	1	0	0	0
2706	0.98	49	1	0	0	0
2707	0.98	49	1	0	0	0
2708	0.98	49	1	0	0	0
2709	0.98	49	1	0	0	0
2710	0.98	49	1	0	0	0
2711	0.98	49	1	0	0	0
2712	0.98	49	1	0	0	0
2713	0.98	49	1	0	0	0
2714	0.98	49	1	0	0	0
2715	0.98	49	1	0	0	0
2716	0.98	49	1	0	0	0
2717	0.98	49	1	0	0	0
2718	0.98	49	1	0	0	0
2719	0.98	49	1	0	0	0
2720	0.96	48	1	1	0	0
2721	0.96	48	1	1	0	0
2722	0.96	48	1	1	0	0
2723	0.94	47	1	1	0	1
2724	0.94	47	1	1	0	1
2725	0.94	47	1	1	0	1
2726	0.92	46	1	1	0	2
2727	0.92	46	1	1	0	2
2728	0.92	46	1	1	0	2
2729	0.92	46	1	1	0	2
2730	0.92	46	1	1	0	2
2731	0.92	46	1	1	0	2
2732	0.90	45	1	2	0	2
2733	0.90	45	1	2	0	2
2734	0.90	45	1	2	0	2
2735	0.90	45	1	2	0	2
2736	0.90	45	1	2	0	2
2737	0.90	45	1	2	0	2
2738	0.90	45	1	2	0	2
2739	0.90	45	1	2	0	2
2740	0.90	45	1	2	0	2
2741	0.90	45	1	2	0	2
2742	0.90	45	1	2	0	2
2743	0.90	45	1	2	0	2
2744	0.88	44	1	2	1	2
2745	0.88	44	1	2	1	2
2746	0.88	44	1	2	1	2
2747	0.88	44	1	2	1	2
2748	0.88	44	1	2	1	2
2749	0.88	44	1	2	1	2
2750	0.88	44	1	2	1	2
2751	0.88	44	1	2	1	2
2752	0.88	44	1	2	1	2
2753	0.86	43	1	3	1	2
2754	0.86	43	1	3	1	2
2755	0.84	42	2	3	1	2
2756	0.84	42	2	3	1	2
2757	0.84	42	2	3	1	2
2758	0.84	42	2	3	1	2
2759	0.84	42	2	3	1	2
2760	0.84	42	2	3	1	2
2761	0.84	42	2	3	1	2
2762	0.84	42	2	3	1	2
2763	0.84	42	2	3	1	2
2764	0.82	41	2	3	2	2
2765	0.82	41	2	3	2	2
2766	0.80	40	2	3	3	2
2767	0.80	40	2	3	3	2
2768	0.78	39	3	3	3	2
2769	0.76	38	3	4	3	2
2770	0.78	39	3	3	3	2
2771	0.78	39	3	3	3	2
2772	0.76	38	4	3	3	2
2773	0.78	39	4	3	3	1
2774	0.78	39	4	3	3	1
2775	0.76	38	4	3	3	2
2776	0.78	39	4	3	3	1
2777	0.78	39	4	3	3	1
2778	0.78	39	4	3	3	1
2779	0.76	38	4	3	3	2
2780	0.76	38	4	3	3	2
2781	0.76	38	4	3	3	2
2782	0.76	38	4	2	4	2
2783	0.76	38	4	2	4	2
2784	0.76	38	4	2	4	2
2785	0.76	38	4	2	4	2
2786	0.76	38	4	2	4	2
2787	0.76	38	4	2	4	2
2788	0.76	38	4	2	4	2
2789	0.76	38	4	2	4	2
2790	0.76	38	4	2	4	2
2791	0.76	38	4	2	4	2
2792	0.76	38	4	2	4	2
2793	0.74	37	5	2	4	2
2794	0.76	38	5	2	3	2
2795	0.78	39	4	2	3	2
2796	0.76	38	4	3	3	2
2797	0.76	38	4	3	3	2
2798	0.74	37	4	3	3	3
2799	0.72	36	5	3	3	3
2800	0.72	36	5	3	3	3
2801	0.72	36	5	3	3	3
2802	0.72	36	5	3	3	3
2803	0.72	36	5	2	3	4
2804	0.72	36	5	2	3	4
2805	0.74	37	4	2	3	4
2806	0.74	37	4	2	3	4
2807	0.74	37	4	2	3	4
2808	0.74	37	4	2	3	4
2809	0.72	36	4	2	3	5
2810	0.72	36	4	2	3	5
2811	0.72	36	4	2	3	5
2812	0.72	36	4	2	3	5
2813	0.72	36	4	2	3	5
2814	0.74	37	4	2	2	5
2815	0.74	37	4	2	2	5
2816	0.76	38	4	2	1	5
2817	0.76	38	4	2	1	5
2818	0.78	39	3	2	1	5
2819	0.80	40	3	1	1	5
2820	0.78	39	3	2	1	5
2821	0.78	39	3	2	1	5
2822	0.80	40	2	2	1	5
2823	0.78	39	2	2	2	5
2824	0.78	39	2	2	2	5
2825	0.80	40	2	2	2	4
2826	0.80	40	2	2	2	4
2827	0.80	40	2	2	2	4
2828	0.80	40	2	2	2	4
2829	0.82	41	2	2	2	3
2830	0.82	41	2	2	2	3
2831	0.82	41	2	2	2	3
2832	0.84	42	2	2	1	3
2833	0.84	42	2	2	1	3
2834	0.84	42	2	2	1	3
2835	0.84	42	2	2	1	3
2836	0.84	42	2	2	1	3
2837	0.84	42	2	2	1	3
2838	0.84	42	2	2	1	3
2839	0.84	42	2	2	1	3
2840	0.84	42	2	2	1	3
2841	0.84	42	2	2	1	3
2842	0.84	42	2	2	1	3
2843	0.86	43	1	2	1	3
2844	0.86	43	1	2	1	3
2845	0.84	42	1	2	1	4
2846	0.86	43	1	1	1	4
2847	0.86	43	1	1	1	4
2848	0.88	44	1	1	1	3
2849	0.90	45	0	1	1	3
2850	0.90	45	0	1	1	3
2851	0.90	45	0	1	1	3
2852	0.90	45	0	1	1	3
2853	0.92	46	0	1	1	2
2854	0.92	46	0	1	1	2
2855	0.92	46	0	1	1	2
2856	0.90	45	0	1	1	3
2857	0.88	44	1	1	1	3
2858	0.86	43	2	1	1	3
2859	0.88	44	2	1	1	2
2860	0.88	44	2	1	1	2
2861	0.88	44	2	1	1	2
2862	0.88	44	2	1	1	2
2863	0.88	44	2	1	1	2
2864	0.88	44	2	1	1	2
2865	0.88	44	2	1	1	2
2866	0.88	44	2	1	1	2
2867	0.86	43	2	2	1	2
2868	0.86	43	2	2	1	2
2869	0.86	43	2	2	1	2
2870	0.88	44	2	1	1	2
2871	0.88	44	2	1	1	2
2872	0.88	44	2	1	1	2
2873	0.90	45	2	1	0	2
2874	0.90	45	2	1	0	2
2875	0.90	45	2	1	0	2
2876	0.90	45	2	1	0	2
2877	0.90	45	2	1	0	2
2878	0.90	45	2	1	0	2
2879	0.90	45	2	1	0	2
2880	0.90	45	2	1	0	2
2881	0.90	45	2	1	0	2
2882	0.90	45	2	1	0	2
2883	0.90	45	2	1	0	2
2884	0.90	45	2	1	0	2
2885	0.90	45	2	1	0	2
2886	0.90	45	2	1	0	2
2887	0.90	45	2	1	0	2
2888	0.90	45	2	1	0	2
2889	0.90	45	2	1	0	2
2890	0.90	45	2	1	0	2
2891	0.90	45	2	1	0	2
2892	0.90	45	2	1	0	2
2893	0.88	44	2	2	0	2
2894	0.88	44	2	2	0	2
2895	0.90	45	2	2	0	1
2896	0.90	45	2	2	0	1
2897	0.90	45	2	2	0	1
2898	0.88	44	3	2	0	1
2899	0.86	43	3	2	0	2
2900	0.86	43	3	2	0	2
2901	0.86	43	3	2	0	2
2902	0.86	43	3	2	0	2
2903	0.86	43	3	2	0	2
2904	0.86	43	3	2	0	2
2905	0.86	43	3	2	0	2
2906	0.88	44	3	2	0	1
2907	0.90	45	2	2	0	1
2908	0.92	46	1	2	0	1
2909	0.92	46	1	2	0	1
2910	0.92	46	1	2	0	1
2911	0.90	45	1	3	0	1
2912	0.90	45	1	3	0	1
2913	0.90	45	1	3	0	1
2914	0.90	45	1	3	0	1
2915	0.88	44	1	3	1	1
2916	0.88	44	1	3	1	1
2917	0.90	45	1	2	1	1
2918	0.90	45	1	2	1	1
2919	0.90	45	1	2	1	1
2920	0.90	45	1	2	1	1
2921	0.90	45	1	2	1	1
2922	0.90	45	1	2	1	1
2923	0.90	45	1	2	1	1
2924	0.90	45	1	2	1	1
2925	0.90	45	1	2	1	1
2926	0.90	45	1	2	1	1
2927	0.90	45	1	2	1	1
2928	0.90	45	1	2	1	1
2929	0.90	45	1	2	1	1
2930	0.90	45	1	2	1	1
2931	0.88	44	1	2	2	1
2932	0.88	44	1	2	2	1
2933	0.88	44	1	2	2	1
2934	0.88	44	1	2	2	1
2935	0.86	43	1	2	2	2
2936	0.86	43	1	2	2	2
2937	0.86	43	1	2	2	2
2938	0.86	43	1	2	2	2
2939	0.86	43	1	2	2	2
2940	0.84	42	1	2	3	2
2941	0.84	42	1	2	3	2
2942	0.82	41	1	2	3	3
2943	0.84	42	1	1	3	3
2944	0.84	42	1	1	3	3
2945	0.84	42	1	1	3	3
2946	0.84	42	1	1	3	3
2947	0.84	42	1	1	3	3
2948	0.86	43	0	1	3	3
2949	0.88	44	0	1	3	2
2950	0.86	43	0	1	4	2
2951	0.84	42	0	2	4	2
2952	0.84	42	0	2	4	2
2953	0.82	41	0	2	5	2
2954	0.82	41	0	2	5	2
2955	0.82	41	0	2	5	2
2956	0.82	41	0	2	5	2
2957	0.82	41	0	2	5	2
2958	0.82	41	0	2	5	2
2959	0.80	40	1	2	5	2
2960	0.80	40	1	2	5	2
2961	0.82	41	1	1	5	2
2962	0.82	41	1	1	5	2
2963	0.82	41	1	1	5	2
2964	0.80	40	1	2	5	2
2965	0.82	41	1	2	4	2
2966	0.82	41	1	2	4	2
2967	0.82	41	1	2	4	2
2968	0.80	40	1	2	5	2
2969	0.78	39	1	3	5	2
2970	0.78	39	1	3	5	2
2971	0.78	39	1	3	5	2
2972	0.78	39	1	3	5	2
2973	0.78	39	1	3	5	2
2974	0.76	38	2	3	5	2
2975	0.76	38	2	3	5	2
2976	0.76	38	2	3	5	2
2977	0.76	38	2	3	5	2
2978	0.76	38	2	3	5	2
2979	0.76	38	2	3	5	2
2980	0.76	38	2	3	5	2
2981	0.78	39	2	3	4	2
2982	0.76	38	2	4	4	2
2983	0.76	38	2	4	4	2
2984	0.76	38	2	4	4	2
2985	0.78	39	2	4	4	1
2986	0.78	39	2	4	4	1
2987	0.78	39	2	4	4	1
2988	0.78	39	2	4	4	1
2989	0.78	39	2	4	4	1
2990	0.80	40	2	4	3	1
2991	0.80	40	2	4	3	1
2992	0.82	41	2	4	3	0
2993	0.82	41	2	4	3	0
2994	0.82	41	2	4	3	0
2995	0.82	41	2	4	3	0
2996	0.80	40	3	4	3	0
2997	0.80	40	3	4	3	0
2998	0.80	40	3	4	3	0
2999	0.80	40	3	4	3	0
