timestep	swarm_quality	color_0	color_1	color_2	color_3	color_4
0	0.70	35	3	5	4	3
1	0.68	34	3	5	4	4
2	0.68	34	3	5	4	4
3	0.68	34	3	5	4	4
4	0.68	34	3	5	4	4
5	0.68	34	3	5	4	4
6	0.68	34	3	5	4	4
7	0.68	34	3	5	4	4
8	0.68	34	3	5	4	4
9	0.68	34	3	5	4	4
10	0.68	34	3	5	4	4
11	0.66	33	3	5	5	4
12	0.66	33	3	5	5	4
13	0.66	33	3	5	5	4
14	0.66	33	3	5	5	4
15	0.66	33	3	5	5	4
16	0.64	32	3	5	5	5
17	0.64	32	3	5	5	5
18	0.64	32	3	5	5	5
19	0.64	32	3	5	5	5
20	0.64	32	3	5	5	5
21	0.64	32	3	5	5	5
22	0.64	32	3	5	5	5
23	0.64	32	3	5	5	5
24	0.64	32	3	5	5	5
25	0.64	32	3	5	5	5
26	0.64	32	3	5	5	5
27	0.64	32	3	5	5	5
28	0.64	32	3	5	5	5
29	0.64	32	3	5	5	5
30	0.64	32	3	5	5	5
31	0.64	32	3	5	5	5
32	0.64	32	3	5	5	5
33	0.64	32	3	5	5	5
34	0.62	31	3	5	5	6
35	0.64	32	3	4	5	6
36	0.66	33	3	3	5	6
37	0.66	33	2	3	6	6
38	0.68	34	2	3	6	5
39	0.70	35	2	2	6	5
40	0.72	36	2	2	6	4
41	0.74	37	1	2	6	4
42	0.76	38	1	1	6	4
43	0.78	39	1	1	5	4
44	0.80	40	1	1	4	4
45	0.82	41	1	1	4	3
46	0.82	41	2	1	3	3
47	0.84	42	2	0	3	3
48	0.86	43	2	0	2	3
49	0.88	44	1	0	2	3
50	0.88	44	1	0	2	3
51	0.88	44	1	0	2	3
52	0.88	44	1	0	2	3
53	0.88	44	1	0	2	3
54	0.88	44	1	0	2	3
55	0.88	44	1	0	2	3
56	0.88	44	1	0	2	3
57	0.88	44	1	0	2	3
58	0.86	43	1	0	3	3
59	0.84	42	1	0	3	4
60	0.82	41	2	0	3	4
61	0.82	41	2	0	3	4
62	0.82	41	2	0	3	4
63	0.82	41	2	0	3	4
64	0.82	41	2	0	3	4
65	0.82	41	2	0	3	4
66	0.84	42	2	0	3	3
67	0.82	41	3	0	3	3
68	0.82	41	3	0	3	3
69	0.82	41	3	0	3	3
70	0.82	41	3	0	3	3
71	0.82	41	3	0	3	3
72	0.82	41	3	0	3	3
73	0.82	41	3	0	3	3
74	0.82	41	3	0	3	3
75	0.80	40	3	0	4	3
76	0.80	40	3	0	4	3
77	0.80	40	3	0	4	3
78	0.80	40	3	0	4	3
79	0.78	39	4	0	4	3
80	0.78	39	4	0	4	3
81	0.78	39	4	0	4	3
82	0.78	39	4	0	4	3
83	0.76	38	4	0	4	4
84	0.78	39	4	0	4	3
85	0.78	39	4	0	4	3
86	0.78	39	4	0	4	3
87	0.80	40	4	0	3	3
88	0.80	40	4	0	3	3
89	0.80	40	4	0	3	3
90	0.80	40	4	0	3	3
91	0.80	40	4	0	3	3
92	0.80	40	4	0	3	3
93	0.80	40	4	0	3	3
94	0.80	40	4	0	3	3
95	0.80	40	4	0	3	3
96	0.82	41	3	0	3	3
97	0.82	41	3	0	3	3
98	0.82	41	3	0	3	3
99	0.82	41	3	0	3	3
100	0.82	41	3	0	3	3
101	0.84	42	3	0	3	2
102	0.84	42	3	0	3	2
103	0.82	41	3	1	3	2
104	0.82	41	3	1	3	2
105	0.82	41	3	1	3	2
106	0.82	41	3	1	3	2
107	0.82	41	3	1	3	2
108	0.84	42	3	1	2	2
109	0.86	43	3	1	2	1
110	0.88	44	2	1	2	1
111	0.90	45	2	1	1	1
112	0.90	45	2	1	1	1
113	0.90	45	2	1	1	1
114	0.90	45	2	1	1	1
115	0.90	45	2	1	1	1
116	0.90	45	2	1	1	1
117	0.92	46	1	1	1	1
118	0.92	46	1	1	1	1
119	0.92	46	1	1	1	1
120	0.92	46	1	1	1	1
121	0.92	46	1	1	1	1
122	0.90	45	1	1	2	1
123	0.88	44	1	1	3	1
124	0.88	44	1	1	3	1
125	0.90	45	1	1	2	1
126	0.90	45	1	1	2	1
127	0.90	45	1	1	2	1
128	0.90	45	1	1	2	1
129	0.90	45	0	1	2	2
130	0.90	45	0	1	2	2
131	0.90	45	0	1	2	2
132	0.90	45	0	1	2	2
133	0.92	46	0	1	2	1
134	0.92	46	0	1	2	1
135	0.92	46	0	1	2	1
136	0.92	46	0	1	2	1
137	0.92	46	0	1	2	1
138	0.92	46	0	1	2	1
139	0.90	45	0	1	3	1
140	0.90	45	0	1	3	1
141	0.90	45	0	1	3	1
142	0.90	45	0	1	3	1
143	0.88	44	0	1	4	1
144	0.88	44	0	1	4	1
145	0.88	44	0	1	4	1
146	0.88	44	0	1	4	1
147	0.88	44	0	1	4	1
148	0.88	44	0	1	4	1
149	0.88	44	0	1	4	1
150	0.88	44	0	1	4	1
151	0.88	44	0	1	4	1
152	0.88	44	0	1	4	1
153	0.88	44	0	0	5	1
154	0.88	44	0	0	5	1
155	0.88	44	0	0	5	1
156	0.88	44	0	0	5	1
157	0.88	44	0	0	5	1
158	0.88	44	0	0	5	1
159	0.88	44	0	0	5	1
160	0.86	43	0	0	6	1
161	0.84	42	0	0	7	1
162	0.84	42	0	0	7	1
163	0.84	42	0	0	7	1
164	0.84	42	0	0	7	1
165	0.82	41	1	0	7	1
166	0.80	40	1	1	7	1
167	0.80	40	1	1	7	1
168	0.80	40	1	1	7	1
169	0.80	40	1	1	7	1
170	0.80	40	1	1	7	1
171	0.80	40	1	1	7	1
172	0.82	41	1	1	6	1
173	0.84	42	1	1	5	1
174	0.84	42	1	1	5	1
175	0.84	42	1	1	5	1
176	0.84	42	1	1	5	1
177	0.84	42	1	1	5	1
178	0.84	42	1	1	5	1
179	0.86	43	1	1	5	0
180	0.86	43	1	1	5	0
181	0.84	42	2	1	5	0
182	0.84	42	2	1	5	0
183	0.84	42	2	1	5	0
184	0.84	42	2	1	5	0
185	0.84	42	2	1	5	0
186	0.84	42	2	1	5	0
187	0.84	42	2	1	5	0
188	0.82	41	2	1	5	1
189	0.84	42	2	1	4	1
190	0.82	41	2	1	5	1
191	0.82	41	2	1	5	1
192	0.82	41	2	1	5	1
193	0.84	42	2	1	4	1
194	0.84	42	2	1	4	1
195	0.84	42	2	1	4	1
196	0.84	42	2	1	4	1
197	0.84	42	2	1	4	1
198	0.84	42	2	1	4	1
199	0.82	41	3	1	4	1
200	0.82	41	3	1	4	1
201	0.82	41	3	1	4	1
202	0.80	40	3	2	4	1
203	0.82	41	3	2	3	1
204	0.82	41	3	2	3	1
205	0.82	41	3	2	3	1
206	0.82	41	3	2	3	1
207	0.82	41	3	2	3	1
208	0.82	41	3	2	3	1
209	0.82	41	3	2	3	1
210	0.84	42	3	2	2	1
211	0.86	43	3	2	1	1
212	0.86	43	3	2	1	1
213	0.84	42	3	2	1	2
214	0.84	42	3	2	1	2
215	0.86	43	2	2	1	2
216	0.88	44	2	1	1	2
217	0.88	44	2	1	1	2
218	0.86	43	2	1	2	2
219	0.86	43	2	1	2	2
220	0.86	43	2	1	2	2
221	0.86	43	2	1	2	2
222	0.86	43	2	1	2	2
223	0.86	43	2	1	2	2
224	0.86	43	2	1	2	2
225	0.86	43	2	1	2	2
226	0.86	43	2	1	2	2
227	0.86	43	2	1	2	2
228	0.86	43	2	1	2	2
229	0.86	43	2	1	2	2
230	0.86	43	2	1	2	2
231	0.88	44	1	1	2	2
232	0.88	44	1	1	2	2
233	0.88	44	1	1	2	2
234	0.86	43	1	1	3	2
235	0.86	43	1	1	3	2
236	0.86	43	1	1	3	2
237	0.86	43	1	1	3	2
238	0.88	44	1	1	3	1
239	0.88	44	1	1	3	1
240	0.90	45	1	1	2	1
241	0.90	45	1	1	2	1
242	0.90	45	1	1	2	1
243	0.90	45	1	1	2	1
244	0.90	45	1	1	2	1
245	0.90	45	1	1	2	1
246	0.90	45	1	1	2	1
247	0.90	45	1	1	2	1
248	0.90	45	1	1	2	1
249	0.92	46	0	1	2	1
250	0.92	46	0	1	2	1
251	0.92	46	0	1	2	1
252	0.92	46	1	0	2	1
253	0.90	45	1	0	3	1
254	0.90	45	1	0	3	1
255	0.90	45	1	0	3	1
256	0.88	44	1	0	3	2
257	0.88	44	1	0	3	2
258	0.88	44	1	0	3	2
259	0.88	44	1	0	3	2
260	0.88	44	1	0	3	2
261	0.88	44	1	0	3	2
262	0.88	44	1	0	3	2
263	0.90	45	1	0	3	1
264	0.90	45	1	0	3	1
265	0.90	45	1	0	3	1
266	0.88	44	2	0	3	1
267	0.86	43	2	1	3	1
268	0.88	44	2	1	2	1
269	0.88	44	2	1	2	1
270	0.88	44	2	1	2	1
271	0.88	44	2	1	2	1
272	0.88	44	2	1	2	1
273	0.88	44	2	1	2	1
274	0.88	44	2	1	2	1
275	0.88	44	2	1	2	1
276	0.88	44	2	1	2	1
277	0.88	44	2	1	2	1
278	0.88	44	2	1	2	1
279	0.88	44	2	1	2	1
280	0.88	44	2	1	2	1
281	0.88	44	2	1	2	1
282	0.88	44	2	1	2	1
283	0.88	44	2	1	2	1
284	0.90	45	2	1	1	1
285	0.90	45	2	1	1	1
286	0.88	44	2	2	1	1
287	0.88	44	2	2	1	1
288	0.88	44	2	2	1	1
289	0.88	44	2	2	1	1
290	0.88	44	2	2	1	1
291	0.88	44	2	2	1	1
292	0.88	44	2	2	1	1
293	0.88	44	2	2	1	1
294	0.88	44	2	2	1	1
295	0.88	44	2	2	1	1
296	0.88	44	2	2	1	1
297	0.88	44	2	2	1	1
298	0.88	44	2	2	1	1
299	0.88	44	2	2	1	1
300	0.88	44	2	2	1	1
301	0.86	43	2	3	1	1
302	0.88	44	1	3	1	1
303	0.88	44	2	3	0	1
304	0.88	44	2	3	0	1
305	0.88	44	2	3	0	1
306	0.90	45	2	3	0	0
307	0.90	45	2	3	0	0
308	0.90	45	2	3	0	0
309	0.90	45	2	3	0	0
310	0.90	45	2	3	0	0
311	0.90	45	2	3	0	0
312	0.90	45	2	3	0	0
313	0.88	44	2	3	1	0
314	0.88	44	2	3	1	0
315	0.88	44	2	3	1	0
316	0.90	45	1	3	1	0
317	0.92	46	1	2	1	0
318	0.92	46	1	2	1	0
319	0.90	45	1	3	1	0
320	0.90	45	1	3	1	0
321	0.90	45	1	3	1	0
322	0.90	45	1	3	1	0
323	0.88	44	2	3	1	0
324	0.88	44	2	3	1	0
325	0.86	43	2	3	2	0
326	0.86	43	2	3	2	0
327	0.84	42	2	3	3	0
328	0.84	42	2	3	3	0
329	0.84	42	2	3	3	0
330	0.84	42	2	3	3	0
331	0.84	42	2	3	3	0
332	0.82	41	2	3	4	0
333	0.82	41	2	3	4	0
334	0.80	40	2	4	4	0
335	0.80	40	2	4	4	0
336	0.82	41	2	3	4	0
337	0.82	41	2	3	4	0
338	0.82	41	2	3	4	0
339	0.82	41	2	3	4	0
340	0.82	41	2	3	4	0
341	0.82	41	2	3	4	0
342	0.82	41	2	3	4	0
343	0.82	41	2	3	4	0
344	0.80	40	3	3	4	0
345	0.80	40	3	3	4	0
346	0.80	40	3	3	4	0
347	0.80	40	3	3	4	0
348	0.80	40	3	3	4	0
349	0.80	40	3	3	4	0
350	0.80	40	3	3	4	0
351	0.82	41	3	2	4	0
352	0.82	41	3	2	4	0
353	0.84	42	2	2	4	0
354	0.84	42	2	2	4	0
355	0.82	41	2	3	4	0
356	0.82	41	2	3	4	0
357	0.82	41	2	3	4	0
358	0.82	41	2	3	4	0
359	0.80	40	2	3	4	1
360	0.80	40	2	3	4	1
361	0.80	40	2	3	4	1
362	0.80	40	2	3	4	1
363	0.82	41	2	3	3	1
364	0.82	41	2	3	3	1
365	0.82	41	2	3	3	1
366	0.82	41	2	3	3	1
367	0.82	41	2	3	3	1
368	0.82	41	2	3	3	1
369	0.84	42	2	2	3	1
370	0.84	42	2	2	3	1
371	0.84	42	2	2	3	1
372	0.84	42	2	2	3	1
373	0.86	43	1	2	3	1
374	0.86	43	1	2	3	1
375	0.88	44	1	2	2	1
376	0.88	44	1	2	2	1
377	0.88	44	1	2	1	2
378	0.88	44	1	2	1	2
379	0.88	44	1	2	1	2
380	0.86	43	1	3	1	2
381	0.86	43	1	3	1	2
382	0.88	44	1	3	0	2
383	0.88	44	1	3	0	2
384	0.90	45	1	2	0	2
385	0.90	45	1	2	0	2
386	0.90	45	1	2	0	2
387	0.90	45	1	2	0	2
388	0.88	44	2	2	0	2
389	0.88	44	2	2	0	2
390	0.88	44	2	2	0	2
391	0.88	44	2	2	0	2
392	0.88	44	2	2	0	2
393	0.88	44	2	2	0	2
394	0.90	45	1	2	0	2
395	0.88	44	2	2	0	2
396	0.88	44	2	2	0	2
397	0.86	43	3	2	0	2
398	0.86	43	3	2	0	2
399	0.86	43	3	2	0	2
400	0.86	43	3	2	0	2
401	0.86	43	3	2	0	2
402	0.86	43	3	2	0	2
403	0.86	43	3	2	0	2
404	0.86	43	3	2	0	2
405	0.88	44	3	1	0	2
406	0.86	43	3	1	0	3
407	0.86	43	3	1	0	3
408	0.84	42	3	1	0	4
409	0.86	43	3	1	0	3
410	0.86	43	3	1	0	3
411	0.86	43	3	1	0	3
412	0.86	43	3	1	0	3
413	0.84	42	3	1	1	3
414	0.84	42	3	1	1	3
415	0.84	42	3	1	1	3
416	0.82	41	3	1	2	3
417	0.82	41	3	1	2	3
418	0.82	41	3	1	2	3
419	0.82	41	3	1	2	3
420	0.82	41	3	1	2	3
421	0.82	41	3	1	2	3
422	0.82	41	3	1	2	3
423	0.82	41	3	1	2	3
424	0.82	41	3	1	2	3
425	0.82	41	3	1	2	3
426	0.82	41	3	1	2	3
427	0.84	42	3	1	2	2
428	0.84	42	3	1	2	2
429	0.84	42	3	1	2	2
430	0.86	43	3	0	2	2
431	0.86	43	3	0	2	2
432	0.86	43	3	0	2	2
433	0.86	43	3	0	2	2
434	0.86	43	3	0	2	2
435	0.84	42	3	0	3	2
436	0.84	42	3	0	3	2
437	0.84	42	3	0	3	2
438	0.86	43	2	0	3	2
439	0.86	43	2	0	3	2
440	0.86	43	2	0	3	2
441	0.86	43	2	0	3	2
442	0.86	43	2	0	3	2
443	0.86	43	2	0	3	2
444	0.86	43	2	0	3	2
445	0.88	44	1	0	3	2
446	0.88	44	1	0	3	2
447	0.90	45	0	0	3	2
448	0.90	45	0	0	3	2
449	0.90	45	0	0	3	2
450	0.90	45	0	0	3	2
451	0.90	45	0	0	3	2
452	0.90	45	0	0	3	2
453	0.90	45	0	0	3	2
454	0.90	45	0	0	3	2
455	0.90	45	0	0	3	2
456	0.92	46	0	0	3	1
457	0.92	46	0	0	3	1
458	0.94	47	0	0	3	0
459	0.94	47	0	0	3	0
460	0.94	47	0	0	3	0
461	0.94	47	0	0	3	0
462	0.94	47	0	0	3	0
463	0.94	47	0	1	2	0
464	0.94	47	0	1	2	0
465	0.94	47	0	1	2	0
466	0.96	48	0	1	1	0
467	0.96	48	0	1	1	0
468	0.96	48	0	1	1	0
469	0.96	48	0	1	1	0
470	0.96	48	0	1	1	0
471	0.96	48	0	1	1	0
472	0.96	48	0	1	1	0
473	0.96	48	0	1	1	0
474	0.94	47	1	1	1	0
475	0.94	47	1	1	1	0
476	0.94	47	1	1	1	0
477	0.92	46	1	2	1	0
478	0.92	46	1	2	1	0
479	0.92	46	1	2	1	0
480	0.90	45	2	2	1	0
481	0.90	45	2	2	1	0
482	0.90	45	2	2	1	0
483	0.88	44	2	2	2	0
484	0.88	44	2	2	2	0
485	0.90	45	2	2	1	0
486	0.88	44	2	2	1	1
487	0.88	44	2	2	1	1
488	0.88	44	2	2	1	1
489	0.88	44	2	2	1	1
490	0.88	44	2	2	1	1
491	0.88	44	2	2	1	1
492	0.88	44	2	2	1	1
493	0.88	44	2	2	1	1
494	0.88	44	2	2	1	1
495	0.88	44	2	2	1	1
496	0.88	44	2	2	1	1
497	0.88	44	2	2	1	1
498	0.88	44	2	2	1	1
499	0.88	44	2	2	1	1
500	0.06	43	3	2	1	1
501	0.08	42	4	2	1	1
502	0.08	42	4	2	1	1
503	0.10	41	5	2	1	1
504	0.12	40	6	2	1	1
505	0.12	40	6	2	1	1
506	0.14	39	7	2	1	1
507	0.16	38	8	2	1	1
508	0.18	37	9	2	1	1
509	0.20	36	10	2	1	1
510	0.22	35	11	2	1	1
511	0.24	34	12	2	1	1
512	0.26	33	13	2	1	1
513	0.26	33	13	1	2	1
514	0.28	32	14	1	2	1
515	0.30	31	15	1	2	1
516	0.32	30	16	1	2	1
517	0.32	30	16	1	2	1
518	0.32	29	16	2	2	1
519	0.34	28	17	2	2	1
520	0.36	27	18	2	2	1
521	0.38	26	19	2	2	1
522	0.40	25	20	2	2	1
523	0.42	24	21	2	2	1
524	0.42	24	21	2	2	1
525	0.44	23	22	2	2	1
526	0.44	22	22	2	3	1
527	0.46	22	23	1	3	1
528	0.46	21	23	1	3	2
529	0.46	21	23	1	3	2
530	0.44	21	22	1	3	3
531	0.46	20	23	1	3	3
532	0.48	19	24	1	3	3
533	0.50	19	25	1	2	3
534	0.52	18	26	1	2	3
535	0.54	17	27	1	2	3
536	0.56	17	28	1	2	2
537	0.58	16	29	1	2	2
538	0.60	15	30	1	2	2
539	0.60	15	30	1	2	2
540	0.62	14	31	1	2	2
541	0.64	13	32	1	2	2
542	0.64	12	32	1	2	3
543	0.66	11	33	1	2	3
544	0.68	10	34	1	2	3
545	0.70	9	35	1	2	3
546	0.70	8	35	2	2	3
547	0.72	7	36	2	2	3
548	0.74	6	37	2	2	3
549	0.76	5	38	2	2	3
550	0.76	5	38	2	2	3
551	0.74	5	37	2	2	4
552	0.76	4	38	2	2	4
553	0.76	4	38	2	2	4
554	0.76	4	38	2	2	4
555	0.78	3	39	2	2	4
556	0.78	3	39	2	2	4
557	0.78	3	39	2	2	4
558	0.78	3	39	2	2	4
559	0.78	3	39	2	2	4
560	0.78	3	39	2	2	4
561	0.78	3	39	2	2	4
562	0.76	4	38	2	2	4
563	0.78	4	39	2	1	4
564	0.78	4	39	2	1	4
565	0.78	4	39	2	1	4
566	0.78	4	39	2	1	4
567	0.80	3	40	2	1	4
568	0.82	3	41	1	1	4
569	0.82	3	41	1	1	4
570	0.80	3	40	1	2	4
571	0.80	3	40	1	2	4
572	0.80	3	40	1	2	4
573	0.80	3	40	1	2	4
574	0.78	4	39	1	2	4
575	0.78	4	39	1	2	4
576	0.80	4	40	1	1	4
577	0.78	4	39	1	2	4
578	0.80	4	40	1	2	3
579	0.82	3	41	1	2	3
580	0.82	4	41	1	2	2
581	0.82	4	41	1	2	2
582	0.82	4	41	1	2	2
583	0.80	4	40	2	2	2
584	0.80	4	40	2	2	2
585	0.78	4	39	2	3	2
586	0.78	4	39	2	3	2
587	0.76	4	38	3	3	2
588	0.76	4	38	3	3	2
589	0.78	3	39	3	3	2
590	0.78	3	39	3	3	2
591	0.78	3	39	3	3	2
592	0.80	3	40	3	3	1
593	0.78	3	39	3	4	1
594	0.78	3	39	3	4	1
595	0.78	3	39	3	4	1
596	0.80	3	40	2	4	1
597	0.80	3	40	2	4	1
598	0.80	3	40	2	4	1
599	0.80	3	40	2	4	1
600	0.80	3	40	2	4	1
601	0.80	3	40	3	4	0
602	0.78	3	39	3	5	0
603	0.76	3	38	3	5	1
604	0.76	3	38	3	5	1
605	0.76	3	38	3	5	1
606	0.74	3	37	3	6	1
607	0.74	3	37	3	6	1
608	0.74	3	37	3	6	1
609	0.74	3	37	3	6	1
610	0.74	3	37	3	6	1
611	0.74	3	37	3	6	1
612	0.76	2	38	3	6	1
613	0.76	2	38	3	6	1
614	0.76	2	38	3	6	1
615	0.76	2	38	3	6	1
616	0.76	2	38	3	6	1
617	0.76	2	38	3	6	1
618	0.76	2	38	3	6	1
619	0.76	2	38	3	6	1
620	0.78	2	39	3	5	1
621	0.76	2	38	4	5	1
622	0.76	2	38	4	5	1
623	0.76	2	38	4	5	1
624	0.78	1	39	4	5	1
625	0.78	1	39	4	5	1
626	0.76	1	38	4	5	2
627	0.78	1	39	4	4	2
628	0.78	1	39	4	4	2
629	0.78	1	39	4	4	2
630	0.78	0	39	4	4	3
631	0.78	0	39	4	4	3
632	0.78	0	39	4	4	3
633	0.80	0	40	3	4	3
634	0.80	0	40	3	4	3
635	0.80	0	40	4	3	3
636	0.78	0	39	4	3	4
637	0.80	0	40	3	3	4
638	0.80	0	40	3	3	4
639	0.80	0	40	3	3	4
640	0.80	0	40	3	3	4
641	0.78	1	39	3	3	4
642	0.78	1	39	3	3	4
643	0.78	1	39	4	2	4
644	0.78	1	39	4	2	4
645	0.78	1	39	4	2	4
646	0.78	1	39	4	2	4
647	0.78	1	39	4	2	4
648	0.78	1	39	4	2	4
649	0.78	1	39	4	2	4
650	0.76	1	38	5	2	4
651	0.78	1	39	4	2	4
652	0.80	1	40	4	1	4
653	0.82	1	41	4	1	3
654	0.82	1	41	4	1	3
655	0.82	1	41	4	1	3
656	0.84	1	42	4	0	3
657	0.84	1	42	4	0	3
658	0.84	1	42	4	0	3
659	0.84	1	42	4	0	3
660	0.84	1	42	4	0	3
661	0.84	1	42	4	0	3
662	0.84	1	42	4	0	3
663	0.84	1	42	4	0	3
664	0.84	1	42	4	0	3
665	0.84	1	42	4	0	3
666	0.84	1	42	4	0	3
667	0.84	1	42	4	0	3
668	0.84	1	42	4	0	3
669	0.84	1	42	4	0	3
670	0.84	1	42	4	0	3
671	0.86	1	43	3	0	3
672	0.86	1	43	3	0	3
673	0.86	1	43	3	0	3
674	0.86	1	43	3	0	3
675	0.86	1	43	3	0	3
676	0.88	1	44	3	0	2
677	0.88	1	44	3	0	2
678	0.86	1	43	4	0	2
679	0.86	1	43	4	0	2
680	0.88	1	44	4	0	1
681	0.88	1	44	4	0	1
682	0.88	1	44	4	0	1
683	0.88	1	44	4	0	1
684	0.88	1	44	4	0	1
685	0.88	1	44	3	0	2
686	0.90	1	45	3	0	1
687	0.90	1	45	3	0	1
688	0.90	1	45	3	0	1
689	0.90	1	45	3	0	1
690	0.90	1	45	3	0	1
691	0.92	0	46	3	0	1
692	0.92	0	46	3	0	1
693	0.92	0	46	3	0	1
694	0.90	0	45	3	0	2
695	0.90	0	45	3	0	2
696	0.90	0	45	3	0	2
697	0.90	0	45	3	0	2
698	0.88	0	44	3	1	2
699	0.88	0	44	3	1	2
700	0.90	0	45	2	1	2
701	0.90	0	45	2	1	2
702	0.88	0	44	2	2	2
703	0.88	0	44	2	2	2
704	0.86	0	43	3	2	2
705	0.86	0	43	3	2	2
706	0.86	0	43	3	2	2
707	0.86	0	43	3	2	2
708	0.84	0	42	3	3	2
709	0.84	0	42	3	3	2
710	0.84	0	42	3	3	2
711	0.84	0	42	3	3	2
712	0.82	0	41	3	3	3
713	0.82	0	41	3	3	3
714	0.82	0	41	3	3	3
715	0.82	0	41	3	3	3
716	0.82	0	41	3	3	3
717	0.82	0	41	3	3	3
718	0.82	0	41	3	3	3
719	0.82	0	41	3	3	3
720	0.82	0	41	3	3	3
721	0.82	0	41	3	3	3
722	0.80	1	40	3	3	3
723	0.80	1	40	3	3	3
724	0.80	1	40	3	3	3
725	0.78	1	39	3	3	4
726	0.76	2	38	3	3	4
727	0.76	2	38	3	3	4
728	0.78	2	39	2	3	4
729	0.78	2	39	2	3	4
730	0.78	2	39	2	3	4
731	0.78	2	39	2	3	4
732	0.76	2	38	2	4	4
733	0.76	2	38	2	4	4
734	0.76	2	38	2	4	4
735	0.78	2	39	2	4	3
736	0.76	2	38	2	4	4
737	0.76	2	38	2	4	4
738	0.76	2	38	2	4	4
739	0.76	2	38	2	4	4
740	0.76	2	38	2	4	4
741	0.76	2	38	2	4	4
742	0.76	2	38	2	4	4
743	0.78	2	39	1	4	4
744	0.80	2	40	1	4	3
745	0.80	2	40	1	4	3
746	0.80	2	40	1	4	3
747	0.80	2	40	1	4	3
748	0.82	2	41	1	3	3
749	0.82	2	41	1	3	3
750	0.82	2	41	1	3	3
751	0.82	2	41	1	3	3
752	0.84	2	42	1	2	3
753	0.84	2	42	1	2	3
754	0.86	2	43	0	2	3
755	0.86	2	43	0	2	3
756	0.86	2	43	0	2	3
757	0.86	2	43	0	2	3
758	0.88	2	44	0	1	3
759	0.88	2	44	0	1	3
760	0.88	2	44	0	1	3
761	0.88	2	44	0	1	3
762	0.90	2	45	0	1	2
763	0.90	2	45	0	1	2
764	0.90	2	45	0	1	2
765	0.90	2	45	0	1	2
766	0.90	2	45	0	1	2
767	0.90	2	45	0	1	2
768	0.90	2	45	0	1	2
769	0.90	2	45	0	1	2
770	0.90	2	45	0	1	2
771	0.90	2	45	0	1	2
772	0.92	1	46	0	1	2
773	0.92	1	46	0	1	2
774	0.92	1	46	0	1	2
775	0.94	1	47	0	1	1
776	0.96	0	48	0	1	1
777	0.96	0	48	0	1	1
778	0.96	0	48	0	1	1
779	0.96	0	48	0	1	1
780	0.96	0	48	0	1	1
781	0.96	0	48	0	1	1
782	0.98	0	49	0	0	1
783	0.98	0	49	0	0	1
784	0.96	0	48	1	0	1
785	0.96	0	48	1	0	1
786	0.98	0	49	1	0	0
787	0.98	0	49	1	0	0
788	0.98	0	49	1	0	0
789	0.98	0	49	1	0	0
790	0.98	0	49	1	0	0
791	0.98	0	49	1	0	0
792	0.96	0	48	1	0	1
793	0.94	0	47	2	0	1
794	0.94	0	47	2	0	1
795	0.94	0	47	2	0	1
796	0.94	0	47	2	0	1
797	0.92	1	46	2	0	1
798	0.92	1	46	2	0	1
799	0.92	1	46	2	0	1
800	0.92	1	46	2	0	1
801	0.92	1	46	2	0	1
802	0.92	1	46	2	0	1
803	0.92	1	46	2	0	1
804	0.92	1	46	2	0	1
805	0.92	1	46	2	0	1
806	0.92	1	46	2	0	1
807	0.92	1	46	2	0	1
808	0.92	1	46	2	0	1
809	0.92	1	46	2	0	1
810	0.92	1	46	2	0	1
811	0.92	1	46	2	0	1
812	0.92	1	46	2	0	1
813	0.92	1	46	2	0	1
814	0.90	1	45	2	0	2
815	0.90	1	45	2	0	2
816	0.90	1	45	2	0	2
817	0.90	1	45	2	0	2
818	0.90	1	45	2	0	2
819	0.90	1	45	2	0	2
820	0.88	2	44	2	0	2
821	0.88	2	44	2	0	2
822	0.88	2	44	2	0	2
823	0.88	2	44	2	0	2
824	0.88	2	44	2	0	2
825	0.86	2	43	3	0	2
826	0.86	2	43	3	0	2
827	0.86	2	43	3	0	2
828	0.86	2	43	3	0	2
829	0.84	2	42	3	0	3
830	0.84	2	42	3	0	3
831	0.82	2	41	4	0	3
832	0.82	2	41	4	0	3
833	0.80	2	40	4	0	4
834	0.80	3	40	3	0	4
835	0.78	3	39	3	0	5
836	0.78	3	39	3	0	5
837	0.78	3	39	3	0	5
838	0.78	3	39	3	0	5
839	0.78	3	39	3	0	5
840	0.78	3	39	3	0	5
841	0.78	3	39	3	0	5
842	0.80	3	40	3	0	4
843	0.82	3	41	2	0	4
844	0.82	3	41	2	0	4
845	0.82	3	41	2	0	4
846	0.82	3	41	2	0	4
847	0.84	2	42	2	0	4
848	0.84	2	42	2	0	4
849	0.84	2	42	2	0	4
850	0.84	2	42	2	0	4
851	0.84	2	42	2	0	4
852	0.84	2	42	2	0	4
853	0.82	2	41	3	0	4
854	0.82	2	41	3	0	4
855	0.82	2	41	3	0	4
856	0.82	2	41	3	0	4
857	0.82	2	41	3	0	4
858	0.82	2	41	3	0	4
859	0.82	2	41	3	0	4
860	0.82	2	41	3	0	4
861	0.82	2	41	3	0	4
862	0.82	2	41	3	0	4
863	0.82	2	41	3	0	4
864	0.84	2	42	3	0	3
865	0.84	2	42	3	0	3
866	0.84	2	42	3	0	3
867	0.82	2	41	4	0	3
868	0.80	2	40	4	0	4
869	0.80	2	40	4	0	4
870	0.80	1	40	4	1	4
871	0.80	1	40	4	1	4
872	0.80	1	40	4	1	4
873	0.80	1	40	4	1	4
874	0.80	1	40	4	1	4
875	0.82	1	41	3	1	4
876	0.80	1	40	4	1	4
877	0.80	1	40	4	1	4
878	0.80	1	40	4	1	4
879	0.82	1	41	4	1	3
880	0.82	1	41	4	1	3
881	0.84	1	42	3	1	3
882	0.84	1	42	3	1	3
883	0.84	1	42	4	1	2
884	0.86	0	43	4	1	2
885	0.88	0	44	4	1	1
886	0.88	0	44	4	1	1
887	0.88	0	44	4	1	1
888	0.88	0	44	4	1	1
889	0.88	0	44	4	1	1
890	0.88	0	44	4	1	1
891	0.86	0	43	5	1	1
892	0.86	0	43	5	1	1
893	0.84	0	42	5	1	2
894	0.84	0	42	5	1	2
895	0.82	0	41	5	2	2
896	0.82	0	41	5	2	2
897	0.82	0	41	5	2	2
898	0.82	0	41	5	2	2
899	0.82	0	41	5	2	2
900	0.82	0	41	5	2	2
901	0.80	1	40	5	2	2
902	0.80	1	40	5	2	2
903	0.82	1	41	4	2	2
904	0.82	1	41	4	2	2
905	0.82	1	41	4	2	2
906	0.82	1	41	4	2	2
907	0.80	2	40	4	2	2
908	0.80	2	40	4	2	2
909	0.80	2	40	4	2	2
910	0.80	2	40	4	2	2
911	0.80	2	40	4	2	2
912	0.80	2	40	4	2	2
913	0.80	2	40	4	2	2
914	0.78	2	39	4	2	3
915	0.76	2	38	4	3	3
916	0.74	2	37	5	3	3
917	0.76	2	38	4	3	3
918	0.78	2	39	4	3	2
919	0.78	2	39	4	3	2
920	0.80	2	40	4	2	2
921	0.80	2	40	4	2	2
922	0.80	2	40	4	2	2
923	0.80	2	40	4	2	2
924	0.80	2	40	4	2	2
925	0.80	2	40	4	2	2
926	0.82	2	41	3	2	2
927	0.82	2	41	3	2	2
928	0.80	2	40	4	2	2
929	0.80	2	40	4	2	2
930	0.80	2	40	4	2	2
931	0.80	2	40	4	2	2
932	0.80	2	40	4	2	2
933	0.82	2	41	3	2	2
934	0.82	2	41	3	2	2
935	0.80	2	40	3	3	2
936	0.78	2	39	4	3	2
937	0.78	2	39	4	3	2
938	0.78	2	39	4	3	2
939	0.78	2	39	4	3	2
940	0.78	2	39	4	3	2
941	0.80	2	40	3	3	2
942	0.80	2	40	3	3	2
943	0.80	2	40	3	4	1
944	0.80	2	40	3	4	1
945	0.82	2	41	3	3	1
946	0.80	2	40	3	4	1
947	0.80	2	40	3	4	1
948	0.80	2	40	3	4	1
949	0.80	2	40	3	4	1
950	0.80	2	40	3	4	1
951	0.82	1	41	3	4	1
952	0.82	1	41	3	4	1
953	0.82	1	41	3	4	1
954	0.82	1	41	3	4	1
955	0.80	1	40	3	5	1
956	0.80	1	40	3	5	1
957	0.82	0	41	3	5	1
958	0.82	0	41	3	5	1
959	0.82	0	41	3	5	1
960	0.82	0	41	3	5	1
961	0.82	0	41	3	5	1
962	0.80	0	40	4	5	1
963	0.80	0	40	4	5	1
964	0.82	0	41	4	5	0
965	0.84	0	42	4	4	0
966	0.86	0	43	3	4	0
967	0.86	0	43	3	4	0
968	0.86	0	43	3	4	0
969	0.84	1	42	3	4	0
970	0.84	1	42	3	4	0
971	0.84	1	42	3	4	0
972	0.82	1	41	3	5	0
973	0.82	1	41	3	5	0
974	0.82	1	41	3	5	0
975	0.82	1	41	3	5	0
976	0.80	2	40	3	5	0
977	0.80	2	40	3	5	0
978	0.82	2	41	2	5	0
979	0.82	2	41	2	5	0
980	0.82	2	41	2	5	0
981	0.82	2	41	2	5	0
982	0.80	2	40	3	5	0
983	0.78	2	39	4	5	0
984	0.78	2	39	4	5	0
985	0.80	2	40	4	4	0
986	0.82	2	41	3	4	0
987	0.82	2	41	3	4	0
988	0.82	2	41	3	4	0
989	0.82	2	41	3	4	0
990	0.82	2	41	3	4	0
991	0.80	2	40	3	5	0
992	0.80	2	40	3	5	0
993	0.82	2	41	3	4	0
994	0.82	2	41	3	4	0
995	0.82	2	41	3	4	0
996	0.84	2	42	3	3	0
997	0.84	2	42	3	3	0
998	0.84	2	42	3	3	0
999	0.82	2	41	4	3	0
1000	0.10	2	40	5	3	0
1001	0.12	2	39	6	3	0
1002	0.12	2	39	6	3	0
1003	0.12	2	38	6	3	1
1004	0.14	2	37	7	3	1
1005	0.14	2	38	7	2	1
1006	0.14	2	38	7	2	1
1007	0.16	2	37	8	2	1
1008	0.18	2	36	9	2	1
1009	0.18	2	36	9	2	1
1010	0.20	2	35	10	2	1
1011	0.20	2	35	10	2	1
1012	0.20	2	35	10	2	1
1013	0.22	2	34	11	2	1
1014	0.22	2	33	11	3	1
1015	0.24	2	32	12	3	1
1016	0.24	3	31	12	3	1
1017	0.26	3	30	13	3	1
1018	0.26	3	30	13	3	1
1019	0.28	2	30	14	3	1
1020	0.30	2	29	15	3	1
1021	0.32	2	28	16	3	1
1022	0.32	2	28	16	2	2
1023	0.34	2	27	17	2	2
1024	0.34	2	27	17	2	2
1025	0.34	2	26	17	2	3
1026	0.34	1	27	17	2	3
1027	0.36	1	26	18	2	3
1028	0.36	1	26	18	2	3
1029	0.38	1	25	19	2	3
1030	0.40	1	24	20	2	3
1031	0.42	1	23	21	2	3
1032	0.42	1	23	21	2	3
1033	0.42	1	23	21	2	3
1034	0.44	1	22	22	2	3
1035	0.46	1	21	23	2	3
1036	0.48	1	20	24	2	3
1037	0.50	1	19	25	2	3
1038	0.52	1	18	26	2	3
1039	0.54	1	17	27	2	3
1040	0.54	1	17	27	2	3
1041	0.56	1	17	28	1	3
1042	0.58	1	16	29	1	3
1043	0.60	1	15	30	1	3
1044	0.62	1	14	31	1	3
1045	0.64	1	13	32	1	3
1046	0.66	1	12	33	1	3
1047	0.68	1	11	34	1	3
1048	0.70	1	10	35	1	3
1049	0.70	1	10	35	1	3
1050	0.70	1	10	35	1	3
1051	0.70	1	10	35	1	3
1052	0.70	2	9	35	1	3
1053	0.72	2	9	36	1	2
1054	0.72	2	9	36	1	2
1055	0.74	2	8	37	1	2
1056	0.76	2	7	38	1	2
1057	0.76	2	7	38	1	2
1058	0.76	2	7	38	1	2
1059	0.78	2	6	39	1	2
1060	0.78	2	6	39	1	2
1061	0.78	2	6	39	1	2
1062	0.78	2	6	39	1	2
1063	0.78	2	6	39	1	2
1064	0.80	2	6	40	0	2
1065	0.80	2	6	40	0	2
1066	0.82	1	6	41	0	2
1067	0.82	1	6	41	0	2
1068	0.84	1	5	42	0	2
1069	0.84	1	5	42	0	2
1070	0.84	1	5	42	0	2
1071	0.84	1	5	42	0	2
1072	0.86	1	5	43	0	1
1073	0.86	1	5	43	0	1
1074	0.86	1	5	43	0	1
1075	0.88	1	5	44	0	0
1076	0.90	1	4	45	0	0
1077	0.90	1	4	45	0	0
1078	0.92	1	3	46	0	0
1079	0.92	1	3	46	0	0
1080	0.92	1	3	46	0	0
1081	0.92	1	3	46	0	0
1082	0.92	1	3	46	0	0
1083	0.92	1	3	46	0	0
1084	0.92	1	3	46	0	0
1085	0.92	1	3	46	0	0
1086	0.92	1	3	46	0	0
1087	0.92	1	3	46	0	0
1088	0.92	1	3	46	0	0
1089	0.90	1	3	45	1	0
1090	0.92	1	2	46	1	0
1091	0.92	1	2	46	1	0
1092	0.92	1	2	46	1	0
1093	0.92	1	2	46	1	0
1094	0.92	1	2	46	1	0
1095	0.92	1	2	46	1	0
1096	0.92	1	2	46	1	0
1097	0.92	1	2	46	1	0
1098	0.90	2	2	45	1	0
1099	0.90	2	2	45	1	0
1100	0.90	2	2	45	1	0
1101	0.90	2	2	45	1	0
1102	0.92	1	2	46	1	0
1103	0.92	1	2	46	1	0
1104	0.92	1	2	46	1	0
1105	0.90	2	2	45	1	0
1106	0.90	2	2	45	1	0
1107	0.90	2	2	45	1	0
1108	0.90	2	2	45	1	0
1109	0.90	2	2	45	1	0
1110	0.90	2	2	45	1	0
1111	0.92	2	1	46	1	0
1112	0.92	2	1	46	1	0
1113	0.92	2	1	46	1	0
1114	0.92	2	1	46	1	0
1115	0.92	2	1	46	1	0
1116	0.92	2	1	46	1	0
1117	0.92	2	1	46	1	0
1118	0.92	2	1	46	1	0
1119	0.90	3	1	45	1	0
1120	0.90	3	1	45	1	0
1121	0.90	3	1	45	1	0
1122	0.90	3	1	45	1	0
1123	0.90	3	1	45	1	0
1124	0.92	3	0	46	1	0
1125	0.92	3	0	46	1	0
1126	0.92	3	0	46	1	0
1127	0.90	4	0	45	1	0
1128	0.90	4	0	45	1	0
1129	0.88	4	0	44	2	0
1130	0.88	4	0	44	2	0
1131	0.88	4	0	44	2	0
1132	0.88	4	0	44	2	0
1133	0.88	4	0	44	2	0
1134	0.88	4	0	44	2	0
1135	0.86	4	1	43	2	0
1136	0.86	4	1	43	2	0
1137	0.86	4	1	43	2	0
1138	0.86	4	1	43	2	0
1139	0.88	4	1	44	1	0
1140	0.88	4	1	44	1	0
1141	0.88	4	1	44	1	0
1142	0.88	4	1	44	1	0
1143	0.88	4	1	44	1	0
1144	0.88	4	1	44	1	0
1145	0.88	4	1	44	1	0
1146	0.88	4	1	44	1	0
1147	0.88	4	1	44	1	0
1148	0.90	3	1	45	1	0
1149	0.90	3	1	45	1	0
1150	0.90	3	1	45	1	0
1151	0.90	3	1	45	1	0
1152	0.88	3	1	44	1	1
1153	0.88	3	1	44	1	1
1154	0.88	3	1	44	1	1
1155	0.88	2	2	44	1	1
1156	0.88	2	2	44	1	1
1157	0.88	2	2	44	1	1
1158	0.88	2	2	44	1	1
1159	0.86	2	3	43	1	1
1160	0.86	2	3	43	1	1
1161	0.86	2	3	43	1	1
1162	0.84	2	3	42	2	1
1163	0.82	2	4	41	2	1
1164	0.82	2	4	41	2	1
1165	0.80	3	4	40	2	1
1166	0.80	3	4	40	2	1
1167	0.80	3	4	40	2	1
1168	0.80	3	4	40	2	1
1169	0.82	2	4	41	2	1
1170	0.82	2	4	41	2	1
1171	0.82	2	4	41	2	1
1172	0.82	2	4	41	2	1
1173	0.82	2	4	41	2	1
1174	0.82	2	4	41	2	1
1175	0.82	2	4	41	2	1
1176	0.82	2	4	41	2	1
1177	0.84	1	4	42	2	1
1178	0.84	1	4	42	2	1
1179	0.86	1	4	43	1	1
1180	0.86	1	4	43	1	1
1181	0.86	1	4	43	1	1
1182	0.86	1	4	43	1	1
1183	0.84	2	4	42	1	1
1184	0.84	2	4	42	1	1
1185	0.86	2	3	43	1	1
1186	0.86	2	3	43	1	1
1187	0.84	2	3	42	1	2
1188	0.82	2	3	41	2	2
1189	0.82	2	3	41	2	2
1190	0.82	2	3	41	2	2
1191	0.82	2	3	41	2	2
1192	0.82	2	3	41	2	2
1193	0.80	2	4	40	2	2
1194	0.80	2	4	40	2	2
1195	0.78	3	4	39	2	2
1196	0.78	3	4	39	2	2
1197	0.76	4	4	38	2	2
1198	0.76	4	4	38	2	2
1199	0.76	4	4	38	2	2
1200	0.76	4	4	38	2	2
1201	0.76	4	4	38	2	2
1202	0.78	4	4	39	2	1
1203	0.76	4	4	38	3	1
1204	0.74	4	4	37	4	1
1205	0.76	4	3	38	4	1
1206	0.76	4	3	38	4	1
1207	0.76	4	3	38	4	1
1208	0.76	4	3	38	4	1
1209	0.78	4	2	39	4	1
1210	0.78	4	2	39	4	1
1211	0.78	4	2	39	4	1
1212	0.80	4	2	40	3	1
1213	0.82	4	1	41	3	1
1214	0.82	4	1	41	3	1
1215	0.84	3	1	42	3	1
1216	0.82	4	1	41	3	1
1217	0.82	4	1	41	3	1
1218	0.82	4	1	41	3	1
1219	0.82	4	1	41	3	1
1220	0.82	4	1	41	3	1
1221	0.82	4	1	41	3	1
1222	0.82	4	1	41	3	1
1223	0.82	4	1	41	3	1
1224	0.82	4	1	41	3	1
1225	0.82	4	1	41	3	1
1226	0.82	4	1	41	3	1
1227	0.82	4	1	41	3	1
1228	0.82	4	1	41	3	1
1229	0.82	4	1	41	3	1
1230	0.80	4	1	40	4	1
1231	0.80	4	1	40	4	1
1232	0.78	5	1	39	4	1
1233	0.78	5	1	39	4	1
1234	0.78	5	1	39	4	1
1235	0.78	5	1	39	4	1
1236	0.78	5	1	39	4	1
1237	0.80	5	1	40	4	0
1238	0.82	5	1	41	3	0
1239	0.82	5	1	41	3	0
1240	0.80	5	1	40	4	0
1241	0.80	5	1	40	4	0
1242	0.80	5	1	40	4	0
1243	0.82	5	0	41	4	0
1244	0.82	5	0	41	4	0
1245	0.84	4	0	42	4	0
1246	0.84	4	0	42	4	0
1247	0.86	3	0	43	4	0
1248	0.84	4	0	42	4	0
1249	0.84	4	0	42	4	0
1250	0.84	4	0	42	4	0
1251	0.84	4	0	42	4	0
1252	0.82	4	1	41	4	0
1253	0.84	4	1	42	3	0
1254	0.86	4	1	43	2	0
1255	0.86	4	1	43	2	0
1256	0.84	4	2	42	2	0
1257	0.82	4	2	41	3	0
1258	0.82	4	2	41	3	0
1259	0.82	4	2	41	3	0
1260	0.82	4	2	41	3	0
1261	0.82	4	2	41	3	0
1262	0.82	4	2	41	3	0
1263	0.82	4	2	41	3	0
1264	0.82	4	2	41	3	0
1265	0.82	4	2	41	3	0
1266	0.84	3	2	42	3	0
1267	0.84	3	2	42	3	0
1268	0.84	3	2	42	3	0
1269	0.84	3	2	42	3	0
1270	0.84	3	2	42	3	0
1271	0.84	3	2	42	3	0
1272	0.82	4	2	41	3	0
1273	0.82	4	2	41	3	0
1274	0.82	4	2	41	3	0
1275	0.82	4	2	41	3	0
1276	0.80	4	3	40	3	0
1277	0.78	4	4	39	3	0
1278	0.78	4	4	39	3	0
1279	0.78	4	4	39	3	0
1280	0.80	4	4	40	2	0
1281	0.80	4	4	40	2	0
1282	0.82	3	4	41	2	0
1283	0.84	2	4	42	2	0
1284	0.84	2	4	42	2	0
1285	0.84	2	4	42	2	0
1286	0.84	2	4	42	2	0
1287	0.84	2	4	42	2	0
1288	0.82	2	4	41	2	1
1289	0.82	2	4	41	2	1
1290	0.84	2	4	42	1	1
1291	0.84	2	4	42	1	1
1292	0.84	2	4	42	1	1
1293	0.84	2	4	42	1	1
1294	0.84	2	4	42	1	1
1295	0.84	2	4	42	1	1
1296	0.84	2	4	42	1	1
1297	0.84	2	4	42	1	1
1298	0.86	1	4	43	1	1
1299	0.86	1	4	43	1	1
1300	0.86	1	4	43	1	1
1301	0.84	1	5	42	1	1
1302	0.86	1	4	43	1	1
1303	0.86	1	4	43	1	1
1304	0.86	1	4	43	1	1
1305	0.86	1	4	43	1	1
1306	0.88	1	3	44	1	1
1307	0.90	1	3	45	0	1
1308	0.90	1	3	45	0	1
1309	0.90	1	3	45	0	1
1310	0.90	1	3	45	0	1
1311	0.90	1	3	45	0	1
1312	0.90	1	3	45	0	1
1313	0.90	1	3	45	0	1
1314	0.90	1	3	45	0	1
1315	0.90	1	3	45	0	1
1316	0.90	1	3	45	0	1
1317	0.90	1	3	45	0	1
1318	0.90	1	3	45	0	1
1319	0.90	1	3	45	0	1
1320	0.90	1	3	45	0	1
1321	0.88	1	3	44	0	2
1322	0.90	0	3	45	0	2
1323	0.90	0	3	45	0	2
1324	0.90	0	3	45	0	2
1325	0.90	0	3	45	0	2
1326	0.92	0	2	46	0	2
1327	0.94	0	1	47	0	2
1328	0.94	0	1	47	0	2
1329	0.92	1	1	46	0	2
1330	0.92	1	1	46	0	2
1331	0.90	1	2	45	0	2
1332	0.90	1	2	45	0	2
1333	0.88	1	3	44	0	2
1334	0.88	1	3	44	0	2
1335	0.88	1	3	44	0	2
1336	0.88	1	3	44	0	2
1337	0.88	1	3	44	0	2
1338	0.88	1	4	44	0	1
1339	0.86	2	4	43	0	1
1340	0.86	2	4	43	0	1
1341	0.86	2	4	43	0	1
1342	0.86	2	4	43	0	1
1343	0.86	2	4	43	0	1
1344	0.86	2	4	43	0	1
1345	0.86	2	4	43	0	1
1346	0.86	2	4	43	0	1
1347	0.86	2	4	43	0	1
1348	0.84	2	4	42	0	2
1349	0.84	2	4	42	0	2
1350	0.84	2	4	42	0	2
1351	0.86	2	3	43	0	2
1352	0.86	2	3	43	0	2
1353	0.86	2	3	43	0	2
1354	0.86	2	3	43	0	2
1355	0.86	2	3	43	0	2
1356	0.86	2	3	43	0	2
1357	0.86	2	3	43	0	2
1358	0.86	2	3	43	0	2
1359	0.86	2	3	43	0	2
1360	0.86	2	3	43	0	2
1361	0.86	2	3	43	0	2
1362	0.86	2	3	43	0	2
1363	0.86	2	3	43	0	2
1364	0.86	2	3	43	0	2
1365	0.86	2	3	43	0	2
1366	0.86	2	3	43	0	2
1367	0.86	2	3	43	0	2
1368	0.86	2	3	43	0	2
1369	0.86	2	3	43	0	2
1370	0.86	2	3	43	0	2
1371	0.88	2	3	44	0	1
1372	0.88	2	3	44	0	1
1373	0.88	2	3	44	0	1
1374	0.86	2	3	43	1	1
1375	0.86	2	3	43	1	1
1376	0.84	2	3	42	2	1
1377	0.84	2	3	42	2	1
1378	0.84	2	3	42	2	1
1379	0.84	1	3	42	2	2
1380	0.84	1	3	42	2	2
1381	0.86	1	2	43	2	2
1382	0.86	1	2	43	2	2
1383	0.88	1	1	44	2	2
1384	0.88	1	1	44	2	2
1385	0.88	1	1	44	2	2
1386	0.88	1	1	44	2	2
1387	0.88	1	1	44	2	2
1388	0.88	1	0	44	3	2
1389	0.90	0	0	45	3	2
1390	0.90	0	0	45	3	2
1391	0.90	0	0	45	3	2
1392	0.90	0	0	45	3	2
1393	0.90	0	0	45	3	2
1394	0.90	0	0	45	3	2
1395	0.90	0	0	45	3	2
1396	0.90	0	0	45	3	2
1397	0.88	0	0	44	3	3
1398	0.90	0	0	45	3	2
1399	0.90	0	0	45	3	2
1400	0.90	0	0	45	3	2
1401	0.90	0	0	45	3	2
1402	0.90	0	0	45	3	2
1403	0.90	0	0	45	3	2
1404	0.90	0	0	45	3	2
1405	0.90	0	0	45	3	2
1406	0.90	0	0	45	3	2
1407	0.90	0	0	45	3	2
1408	0.90	0	0	45	3	2
1409	0.90	0	0	45	3	2
1410	0.90	0	0	45	3	2
1411	0.90	0	0	45	3	2
1412	0.90	0	0	45	3	2
1413	0.88	1	0	44	3	2
1414	0.88	1	0	44	3	2
1415	0.88	1	0	44	3	2
1416	0.86	1	1	43	3	2
1417	0.86	1	1	43	3	2
1418	0.86	1	1	43	3	2
1419	0.86	1	1	43	3	2
1420	0.86	1	1	43	3	2
1421	0.84	1	2	42	3	2
1422	0.84	1	2	42	3	2
1423	0.84	1	2	42	3	2
1424	0.84	2	2	42	2	2
1425	0.82	3	2	41	2	2
1426	0.84	3	2	42	1	2
1427	0.82	3	3	41	1	2
1428	0.82	3	3	41	1	2
1429	0.84	3	3	42	1	1
1430	0.84	3	3	42	1	1
1431	0.84	3	3	42	1	1
1432	0.84	3	3	42	1	1
1433	0.84	3	3	42	1	1
1434	0.82	4	3	41	1	1
1435	0.80	5	3	40	1	1
1436	0.80	5	3	40	1	1
1437	0.78	5	3	39	2	1
1438	0.80	5	3	40	1	1
1439	0.80	5	3	40	1	1
1440	0.80	5	3	40	1	1
1441	0.80	5	3	40	1	1
1442	0.78	5	3	39	1	2
1443	0.78	5	3	39	1	2
1444	0.76	5	4	38	1	2
1445	0.76	5	4	38	1	2
1446	0.74	5	5	37	1	2
1447	0.76	5	5	38	1	1
1448	0.76	5	5	38	1	1
1449	0.76	5	5	38	1	1
1450	0.76	5	5	38	1	1
1451	0.76	5	5	38	1	1
1452	0.76	5	5	38	1	1
1453	0.76	5	5	38	1	1
1454	0.76	5	5	38	1	1
1455	0.74	5	6	37	1	1
1456	0.72	5	6	36	1	2
1457	0.72	5	6	36	1	2
1458	0.72	5	6	36	1	2
1459	0.72	5	6	36	1	2
1460	0.72	5	6	36	1	2
1461	0.72	5	6	36	1	2
1462	0.72	5	6	36	1	2
1463	0.74	4	6	37	1	2
1464	0.74	4	6	37	1	2
1465	0.74	4	6	37	1	2
1466	0.76	4	5	38	1	2
1467	0.76	4	5	38	1	2
1468	0.76	4	5	38	1	2
1469	0.76	4	5	38	1	2
1470	0.76	4	5	38	1	2
1471	0.78	4	4	39	1	2
1472	0.78	4	4	39	1	2
1473	0.78	4	4	39	1	2
1474	0.80	3	4	40	1	2
1475	0.82	2	4	41	1	2
1476	0.80	3	4	40	1	2
1477	0.82	3	3	41	1	2
1478	0.80	3	4	40	1	2
1479	0.78	3	4	39	2	2
1480	0.78	3	4	39	2	2
1481	0.76	4	4	38	2	2
1482	0.76	4	4	38	2	2
1483	0.76	4	4	38	2	2
1484	0.78	3	4	39	2	2
1485	0.80	2	4	40	2	2
1486	0.80	2	4	40	2	2
1487	0.82	2	4	41	1	2
1488	0.82	2	4	41	1	2
1489	0.82	2	4	41	1	2
1490	0.82	2	4	41	1	2
1491	0.82	2	4	41	1	2
1492	0.84	2	4	42	1	1
1493	0.84	2	4	42	1	1
1494	0.86	2	3	43	1	1
1495	0.86	2	3	43	1	1
1496	0.86	2	2	43	1	2
1497	0.86	2	2	43	1	2
1498	0.86	2	2	43	1	2
1499	0.84	2	2	42	2	2
1500	0.06	2	2	41	3	2
1501	0.08	2	2	40	4	2
1502	0.10	2	2	39	5	2
1503	0.12	2	2	38	6	2
1504	0.14	2	2	37	7	2
1505	0.16	2	1	37	8	2
1506	0.18	2	1	37	9	1
1507	0.20	2	1	36	10	1
1508	0.22	2	1	35	11	1
1509	0.24	2	1	34	12	1
1510	0.26	2	1	33	13	1
1511	0.28	2	1	32	14	1
1512	0.30	2	1	31	15	1
1513	0.32	2	1	30	16	1
1514	0.34	2	1	29	17	1
1515	0.34	2	1	28	17	2
1516	0.36	2	1	27	18	2
1517	0.38	2	1	26	19	2
1518	0.40	2	1	25	20	2
1519	0.42	2	1	24	21	2
1520	0.44	2	1	23	22	2
1521	0.46	2	1	22	23	2
1522	0.48	2	1	21	24	2
1523	0.50	2	1	20	25	2
1524	0.52	2	1	19	26	2
1525	0.54	2	1	18	27	2
1526	0.54	2	1	18	27	2
1527	0.56	2	1	17	28	2
1528	0.58	2	0	17	29	2
1529	0.58	2	0	17	29	2
1530	0.58	2	0	17	29	2
1531	0.60	1	0	17	30	2
1532	0.60	1	0	17	30	2
1533	0.60	1	1	16	30	2
1534	0.62	1	1	15	31	2
1535	0.64	1	1	14	32	2
1536	0.64	2	1	13	32	2
1537	0.66	2	1	12	33	2
1538	0.68	2	1	11	34	2
1539	0.70	2	1	10	35	2
1540	0.72	2	1	9	36	2
1541	0.72	2	1	9	36	2
1542	0.74	2	1	8	37	2
1543	0.76	2	1	7	38	2
1544	0.78	2	1	6	39	2
1545	0.80	2	1	5	40	2
1546	0.82	2	1	5	41	1
1547	0.84	2	1	4	42	1
1548	0.86	2	1	3	43	1
1549	0.86	2	1	3	43	1
1550	0.86	2	1	3	43	1
1551	0.86	2	1	3	43	1
1552	0.86	2	1	3	43	1
1553	0.86	2	1	3	43	1
1554	0.86	2	1	3	43	1
1555	0.86	2	1	3	43	1
1556	0.86	2	1	3	43	1
1557	0.86	2	1	3	43	1
1558	0.84	2	1	4	42	1
1559	0.84	2	1	4	42	1
1560	0.84	2	1	4	42	1
1561	0.84	2	1	4	42	1
1562	0.84	2	1	4	42	1
1563	0.84	2	1	4	42	1
1564	0.84	2	1	4	42	1
1565	0.86	2	1	4	43	0
1566	0.86	2	1	4	43	0
1567	0.84	2	1	4	42	1
1568	0.82	2	1	5	41	1
1569	0.82	2	1	5	41	1
1570	0.82	2	1	5	41	1
1571	0.82	2	1	5	41	1
1572	0.82	2	1	5	41	1
1573	0.82	2	1	5	41	1
1574	0.82	2	1	5	41	1
1575	0.82	2	1	5	41	1
1576	0.84	1	1	5	42	1
1577	0.82	1	2	5	41	1
1578	0.82	1	2	5	41	1
1579	0.82	1	2	5	41	1
1580	0.84	1	2	4	42	1
1581	0.84	1	2	4	42	1
1582	0.84	1	2	4	42	1
1583	0.86	1	1	4	43	1
1584	0.84	1	2	4	42	1
1585	0.82	1	2	4	41	2
1586	0.84	0	2	4	42	2
1587	0.84	0	2	4	42	2
1588	0.84	0	2	4	42	2
1589	0.84	0	2	4	42	2
1590	0.84	0	2	4	42	2
1591	0.86	0	2	3	43	2
1592	0.86	0	2	3	43	2
1593	0.84	1	2	3	42	2
1594	0.84	1	2	3	42	2
1595	0.84	1	2	3	42	2
1596	0.84	1	2	3	42	2
1597	0.84	1	2	3	42	2
1598	0.84	1	2	3	42	2
1599	0.82	1	3	3	41	2
1600	0.80	1	4	3	40	2
1601	0.78	1	5	3	39	2
1602	0.78	1	5	3	39	2
1603	0.78	1	5	3	39	2
1604	0.76	1	5	4	38	2
1605	0.76	1	5	4	38	2
1606	0.76	1	5	4	38	2
1607	0.76	1	5	4	38	2
1608	0.78	1	5	3	39	2
1609	0.78	1	5	3	39	2
1610	0.78	1	5	3	39	2
1611	0.78	1	5	3	39	2
1612	0.78	1	5	3	39	2
1613	0.78	1	5	3	39	2
1614	0.76	1	5	4	38	2
1615	0.76	1	5	4	38	2
1616	0.74	1	5	5	37	2
1617	0.76	1	5	5	38	1
1618	0.76	1	5	5	38	1
1619	0.76	1	5	5	38	1
1620	0.76	1	5	5	38	1
1621	0.76	1	5	5	38	1
1622	0.76	1	5	5	38	1
1623	0.76	1	5	5	38	1
1624	0.76	1	5	5	38	1
1625	0.76	1	5	5	38	1
1626	0.74	1	6	5	37	1
1627	0.74	1	5	6	37	1
1628	0.74	1	5	6	37	1
1629	0.72	1	6	6	36	1
1630	0.72	1	6	6	36	1
1631	0.72	1	6	6	36	1
1632	0.74	1	6	5	37	1
1633	0.74	1	6	5	37	1
1634	0.74	1	6	5	37	1
1635	0.74	2	6	5	37	0
1636	0.74	2	6	5	37	0
1637	0.74	2	6	5	37	0
1638	0.74	2	6	5	37	0
1639	0.74	2	6	5	37	0
1640	0.74	2	6	5	37	0
1641	0.74	2	6	5	37	0
1642	0.74	2	6	5	37	0
1643	0.76	1	6	5	38	0
1644	0.76	1	6	5	38	0
1645	0.74	2	6	5	37	0
1646	0.74	2	6	5	37	0
1647	0.74	2	6	5	37	0
1648	0.74	2	6	5	37	0
1649	0.76	2	5	5	38	0
1650	0.78	2	4	5	39	0
1651	0.80	2	3	5	40	0
1652	0.80	2	3	5	40	0
1653	0.78	2	3	5	39	1
1654	0.80	2	3	4	40	1
1655	0.80	2	3	4	40	1
1656	0.80	2	3	4	40	1
1657	0.78	2	3	4	39	2
1658	0.78	2	3	4	39	2
1659	0.78	2	3	4	39	2
1660	0.78	2	3	4	39	2
1661	0.78	2	3	4	39	2
1662	0.78	2	3	4	39	2
1663	0.78	2	3	4	39	2
1664	0.80	2	3	3	40	2
1665	0.80	2	3	3	40	2
1666	0.82	2	3	2	41	2
1667	0.82	2	3	2	41	2
1668	0.84	2	3	1	42	2
1669	0.84	2	3	1	42	2
1670	0.84	2	3	1	42	2
1671	0.82	3	3	1	41	2
1672	0.82	3	3	1	41	2
1673	0.82	3	3	1	41	2
1674	0.82	3	3	1	41	2
1675	0.82	3	3	1	41	2
1676	0.84	3	2	1	42	2
1677	0.86	3	2	0	43	2
1678	0.86	3	2	0	43	2
1679	0.88	3	1	0	44	2
1680	0.88	3	1	0	44	2
1681	0.88	3	1	0	44	2
1682	0.88	3	1	0	44	2
1683	0.88	3	1	0	44	2
1684	0.90	3	0	0	45	2
1685	0.90	2	0	1	45	2
1686	0.90	2	0	1	45	2
1687	0.90	2	0	1	45	2
1688	0.90	2	0	1	45	2
1689	0.90	2	0	1	45	2
1690	0.90	2	0	1	45	2
1691	0.90	2	0	1	45	2
1692	0.90	2	0	1	45	2
1693	0.88	2	0	1	44	3
1694	0.88	2	0	1	44	3
1695	0.90	1	0	1	45	3
1696	0.90	1	0	1	45	3
1697	0.90	1	0	1	45	3
1698	0.90	1	0	1	45	3
1699	0.88	1	0	1	44	4
1700	0.88	1	0	1	44	4
1701	0.86	1	0	1	43	5
1702	0.86	1	0	1	43	5
1703	0.88	1	0	1	44	4
1704	0.88	1	0	1	44	4
1705	0.88	1	0	1	44	4
1706	0.88	1	0	1	44	4
1707	0.90	1	0	1	45	3
1708	0.90	1	0	1	45	3
1709	0.90	1	0	1	45	3
1710	0.90	1	0	1	45	3
1711	0.88	2	0	1	44	3
1712	0.86	3	0	1	43	3
1713	0.86	3	0	1	43	3
1714	0.86	3	0	1	43	3
1715	0.86	3	0	1	43	3
1716	0.86	3	0	1	43	3
1717	0.86	3	0	1	43	3
1718	0.86	3	0	1	43	3
1719	0.86	3	0	1	43	3
1720	0.86	3	0	1	43	3
1721	0.88	2	0	1	44	3
1722	0.88	2	0	1	44	3
1723	0.88	2	0	1	44	3
1724	0.88	2	0	1	44	3
1725	0.88	2	0	1	44	3
1726	0.88	2	0	1	44	3
1727	0.88	2	0	1	44	3
1728	0.88	2	0	1	44	3
1729	0.88	2	0	1	44	3
1730	0.88	2	0	1	44	3
1731	0.88	2	0	1	44	3
1732	0.88	2	0	1	44	3
1733	0.88	2	0	1	44	3
1734	0.88	2	0	1	44	3
1735	0.90	2	0	0	45	3
1736	0.90	2	0	0	45	3
1737	0.90	2	0	0	45	3
1738	0.90	2	0	0	45	3
1739	0.90	2	0	0	45	3
1740	0.90	2	0	0	45	3
1741	0.88	2	0	1	44	3
1742	0.88	2	0	1	44	3
1743	0.90	2	0	1	45	2
1744	0.90	2	0	1	45	2
1745	0.90	2	0	1	45	2
1746	0.90	2	0	1	45	2
1747	0.90	2	0	1	45	2
1748	0.90	2	0	1	45	2
1749	0.92	2	0	1	46	1
1750	0.92	2	0	1	46	1
1751	0.94	2	0	1	47	0
1752	0.92	2	1	1	46	0
1753	0.92	2	1	1	46	0
1754	0.92	2	1	1	46	0
1755	0.92	2	1	1	46	0
1756	0.90	2	1	2	45	0
1757	0.90	2	1	2	45	0
1758	0.90	2	1	2	45	0
1759	0.90	2	1	2	45	0
1760	0.90	2	1	2	45	0
1761	0.92	1	1	2	46	0
1762	0.94	0	1	2	47	0
1763	0.94	0	1	2	47	0
1764	0.94	0	1	2	47	0
1765	0.94	0	1	2	47	0
1766	0.94	0	1	2	47	0
1767	0.94	0	1	2	47	0
1768	0.92	0	1	3	46	0
1769	0.92	0	1	3	46	0
1770	0.92	0	1	3	46	0
1771	0.92	0	1	3	46	0
1772	0.92	0	1	3	46	0
1773	0.90	0	1	4	45	0
1774	0.90	0	1	4	45	0
1775	0.90	0	1	4	45	0
1776	0.90	0	1	4	45	0
1777	0.90	0	1	4	45	0
1778	0.90	0	1	4	45	0
1779	0.90	0	1	4	45	0
1780	0.90	0	1	4	45	0
1781	0.90	0	1	4	45	0
1782	0.90	0	1	4	45	0
1783	0.90	0	1	4	45	0
1784	0.90	0	1	4	45	0
1785	0.90	0	1	4	45	0
1786	0.90	0	1	4	45	0
1787	0.90	0	1	4	45	0
1788	0.90	0	1	4	45	0
1789	0.90	0	1	4	45	0
1790	0.88	0	2	4	44	0
1791	0.90	0	2	3	45	0
1792	0.90	0	2	3	45	0
1793	0.90	0	2	3	45	0
1794	0.90	0	2	3	45	0
1795	0.90	0	2	3	45	0
1796	0.88	0	3	3	44	0
1797	0.88	0	3	3	44	0
1798	0.86	1	3	3	43	0
1799	0.84	1	4	3	42	0
1800	0.84	1	4	3	42	0
1801	0.84	1	4	3	42	0
1802	0.84	2	3	3	42	0
1803	0.84	2	3	3	42	0
1804	0.84	2	3	3	42	0
1805	0.84	2	3	3	42	0
1806	0.86	2	3	2	43	0
1807	0.86	2	3	2	43	0
1808	0.86	2	3	2	43	0
1809	0.86	2	3	2	43	0
1810	0.86	2	3	2	43	0
1811	0.86	2	3	2	43	0
1812	0.86	2	3	2	43	0
1813	0.86	2	3	2	43	0
1814	0.86	2	3	2	43	0
1815	0.84	2	4	2	42	0
1816	0.82	2	4	3	41	0
1817	0.82	2	4	3	41	0
1818	0.84	2	4	2	42	0
1819	0.84	2	4	2	42	0
1820	0.84	2	4	2	42	0
1821	0.84	2	4	2	42	0
1822	0.84	2	4	2	42	0
1823	0.86	2	4	1	43	0
1824	0.86	2	4	1	43	0
1825	0.86	2	4	1	43	0
1826	0.84	2	4	2	42	0
1827	0.84	2	4	2	42	0
1828	0.82	2	4	3	41	0
1829	0.82	2	4	3	41	0
1830	0.80	3	4	3	40	0
1831	0.78	3	5	3	39	0
1832	0.78	3	5	3	39	0
1833	0.78	3	5	3	39	0
1834	0.78	3	5	3	39	0
1835	0.76	3	5	3	38	1
1836	0.76	3	5	3	38	1
1837	0.76	3	5	3	38	1
1838	0.74	3	5	3	37	2
1839	0.74	3	5	3	37	2
1840	0.76	3	4	3	38	2
1841	0.76	3	4	3	38	2
1842	0.76	3	4	3	38	2
1843	0.76	3	4	3	38	2
1844	0.74	3	4	3	37	3
1845	0.74	3	4	3	37	3
1846	0.76	3	3	3	38	3
1847	0.74	3	4	3	37	3
1848	0.76	2	4	3	38	3
1849	0.78	2	3	3	39	3
1850	0.78	2	3	3	39	3
1851	0.78	2	3	3	39	3
1852	0.80	1	3	3	40	3
1853	0.80	1	3	3	40	3
1854	0.80	1	3	3	40	3
1855	0.80	1	3	3	40	3
1856	0.80	1	3	3	40	3
1857	0.80	1	3	3	40	3
1858	0.80	1	3	3	40	3
1859	0.80	1	3	3	40	3
1860	0.80	1	3	3	40	3
1861	0.78	2	3	3	39	3
1862	0.78	2	3	3	39	3
1863	0.78	2	3	3	39	3
1864	0.78	2	3	3	39	3
1865	0.80	2	2	3	40	3
1866	0.82	2	2	2	41	3
1867	0.82	2	2	2	41	3
1868	0.82	2	2	2	41	3
1869	0.82	2	2	2	41	3
1870	0.82	2	2	2	41	3
1871	0.82	2	2	2	41	3
1872	0.82	2	2	2	41	3
1873	0.82	2	2	2	41	3
1874	0.82	2	2	2	41	3
1875	0.82	2	2	2	41	3
1876	0.82	3	2	1	41	3
1877	0.82	3	2	1	41	3
1878	0.84	3	2	0	42	3
1879	0.84	3	2	0	42	3
1880	0.86	2	2	0	43	3
1881	0.88	2	1	0	44	3
1882	0.88	2	1	0	44	3
1883	0.86	3	1	0	43	3
1884	0.86	3	1	0	43	3
1885	0.88	3	1	0	44	2
1886	0.88	3	1	0	44	2
1887	0.88	3	1	0	44	2
1888	0.88	4	1	0	44	1
1889	0.88	4	1	0	44	1
1890	0.88	4	1	0	44	1
1891	0.88	4	1	0	44	1
1892	0.88	4	1	0	44	1
1893	0.88	4	1	0	44	1
1894	0.90	4	1	0	45	0
1895	0.90	4	1	0	45	0
1896	0.90	4	1	0	45	0
1897	0.92	4	0	0	46	0
1898	0.92	4	0	0	46	0
1899	0.92	4	0	0	46	0
1900	0.92	4	0	0	46	0
1901	0.90	4	1	0	45	0
1902	0.90	4	1	0	45	0
1903	0.88	4	2	0	44	0
1904	0.88	4	2	0	44	0
1905	0.86	5	2	0	43	0
1906	0.84	5	2	1	42	0
1907	0.84	5	2	1	42	0
1908	0.84	5	2	1	42	0
1909	0.84	5	2	1	42	0
1910	0.84	5	2	1	42	0
1911	0.84	5	2	1	42	0
1912	0.84	5	2	1	42	0
1913	0.82	5	2	2	41	0
1914	0.82	5	2	2	41	0
1915	0.82	5	2	2	41	0
1916	0.82	5	2	2	41	0
1917	0.82	5	2	2	41	0
1918	0.82	5	2	2	41	0
1919	0.82	5	2	2	41	0
1920	0.82	5	2	2	41	0
1921	0.82	5	2	2	41	0
1922	0.82	5	2	2	41	0
1923	0.80	5	3	2	40	0
1924	0.78	5	3	3	39	0
1925	0.78	5	3	3	39	0
1926	0.80	4	3	3	40	0
1927	0.80	4	3	3	40	0
1928	0.80	4	3	3	40	0
1929	0.80	4	3	3	40	0
1930	0.78	4	4	3	39	0
1931	0.78	4	4	3	39	0
1932	0.78	4	4	3	39	0
1933	0.80	3	4	3	40	0
1934	0.78	3	4	3	39	1
1935	0.76	3	4	4	38	1
1936	0.76	3	4	4	38	1
1937	0.76	3	4	4	38	1
1938	0.78	2	4	4	39	1
1939	0.78	2	4	4	39	1
1940	0.78	2	4	4	39	1
1941	0.78	2	4	4	39	1
1942	0.78	2	4	4	39	1
1943	0.78	2	4	4	39	1
1944	0.78	2	4	4	39	1
1945	0.78	2	4	4	39	1
1946	0.78	2	4	4	39	1
1947	0.78	2	4	4	39	1
1948	0.78	2	4	4	39	1
1949	0.78	2	4	4	39	1
1950	0.78	2	4	4	39	1
1951	0.80	2	3	4	40	1
1952	0.80	2	3	4	40	1
1953	0.82	2	2	4	41	1
1954	0.82	2	2	4	41	1
1955	0.84	1	2	4	42	1
1956	0.86	1	2	3	43	1
1957	0.86	1	2	3	43	1
1958	0.86	1	2	3	43	1
1959	0.86	1	2	3	43	1
1960	0.86	1	2	3	43	1
1961	0.88	0	2	3	44	1
1962	0.88	0	2	3	44	1
1963	0.90	0	2	2	45	1
1964	0.88	1	2	2	44	1
1965	0.88	1	2	2	44	1
1966	0.88	1	2	2	44	1
1967	0.88	1	2	2	44	1
1968	0.86	1	3	2	43	1
1969	0.86	1	3	2	43	1
1970	0.86	1	3	2	43	1
1971	0.86	1	3	2	43	1
1972	0.86	1	3	2	43	1
1973	0.88	1	2	2	44	1
1974	0.90	1	2	1	45	1
1975	0.90	1	2	1	45	1
1976	0.90	1	2	1	45	1
1977	0.90	1	2	1	45	1
1978	0.90	1	2	1	45	1
1979	0.90	1	2	1	45	1
1980	0.92	1	1	1	46	1
1981	0.92	1	1	1	46	1
1982	0.90	2	1	1	45	1
1983	0.90	2	1	1	45	1
1984	0.92	2	1	1	46	0
1985	0.94	2	1	0	47	0
1986	0.94	2	1	0	47	0
1987	0.94	2	1	0	47	0
1988	0.94	2	1	0	47	0
1989	0.94	2	1	0	47	0
1990	0.94	2	1	0	47	0
1991	0.94	2	1	0	47	0
1992	0.92	2	2	0	46	0
1993	0.92	2	2	0	46	0
1994	0.92	2	2	0	46	0
1995	0.92	2	2	0	46	0
1996	0.92	2	2	0	46	0
1997	0.92	2	2	0	46	0
1998	0.92	2	2	0	46	0
1999	0.92	2	2	0	46	0
2000	0.00	2	2	0	46	0
2001	0.02	2	2	0	45	1
2002	0.02	2	2	0	45	1
2003	0.04	2	2	0	44	2
2004	0.04	2	2	1	43	2
2005	0.04	2	2	1	43	2
2006	0.04	2	3	1	42	2
2007	0.06	2	3	1	41	3
2008	0.06	2	3	1	41	3
2009	0.08	2	3	1	40	4
2010	0.10	2	3	1	39	5
2011	0.12	2	3	1	38	6
2012	0.12	2	3	1	38	6
2013	0.14	2	3	1	37	7
2014	0.16	1	3	1	37	8
2015	0.18	1	3	1	36	9
2016	0.20	1	3	1	35	10
2017	0.22	1	3	1	34	11
2018	0.24	1	2	1	34	12
2019	0.26	1	2	1	33	13
2020	0.28	1	2	1	32	14
2021	0.28	1	3	1	31	14
2022	0.30	1	3	1	30	15
2023	0.32	1	3	1	29	16
2024	0.34	1	3	1	28	17
2025	0.36	1	3	1	27	18
2026	0.38	1	3	1	26	19
2027	0.40	1	3	1	25	20
2028	0.42	1	3	1	24	21
2029	0.42	1	4	1	23	21
2030	0.42	2	4	1	22	21
2031	0.44	2	4	1	21	22
2032	0.44	1	4	1	22	22
2033	0.46	1	4	1	21	23
2034	0.48	1	4	1	20	24
2035	0.48	1	5	1	19	24
2036	0.48	1	5	2	18	24
2037	0.50	1	5	2	17	25
2038	0.52	1	5	2	16	26
2039	0.54	1	5	2	15	27
2040	0.56	1	5	2	14	28
2041	0.56	1	5	3	13	28
2042	0.58	1	4	3	13	29
2043	0.60	1	4	3	12	30
2044	0.62	1	4	3	11	31
2045	0.62	2	4	3	10	31
2046	0.64	2	4	3	9	32
2047	0.66	2	4	3	8	33
2048	0.66	2	4	4	7	33
2049	0.68	2	4	4	6	34
2050	0.70	2	4	4	5	35
2051	0.70	2	4	4	5	35
2052	0.70	2	4	4	5	35
2053	0.70	2	4	4	5	35
2054	0.72	2	4	3	5	36
2055	0.74	2	4	3	4	37
2056	0.76	2	3	3	4	38
2057	0.74	2	3	4	4	37
2058	0.74	2	3	5	3	37
2059	0.74	2	3	5	3	37
2060	0.74	2	3	5	3	37
2061	0.72	2	3	5	4	36
2062	0.74	2	3	5	3	37
2063	0.74	2	3	5	3	37
2064	0.72	2	3	5	4	36
2065	0.72	2	3	5	4	36
2066	0.70	2	4	5	4	35
2067	0.70	2	4	5	4	35
2068	0.70	2	4	5	4	35
2069	0.70	2	4	5	4	35
2070	0.70	2	4	5	4	35
2071	0.70	3	3	5	4	35
2072	0.70	3	3	5	4	35
2073	0.70	3	3	5	4	35
2074	0.70	3	3	5	4	35
2075	0.70	3	3	5	4	35
2076	0.70	3	3	5	4	35
2077	0.70	3	3	5	4	35
2078	0.68	3	3	5	5	34
2079	0.70	3	2	5	5	35
2080	0.72	2	2	5	5	36
2081	0.72	2	2	5	5	36
2082	0.74	2	2	5	4	37
2083	0.74	2	2	5	4	37
2084	0.74	2	2	5	4	37
2085	0.76	2	1	5	4	38
2086	0.78	2	1	4	4	39
2087	0.76	2	2	4	4	38
2088	0.76	2	2	4	4	38
2089	0.74	2	3	4	4	37
2090	0.74	2	3	4	4	37
2091	0.76	2	3	3	4	38
2092	0.76	2	3	3	4	38
2093	0.76	2	3	3	4	38
2094	0.74	3	3	3	4	37
2095	0.76	2	3	3	4	38
2096	0.76	2	3	3	4	38
2097	0.74	2	4	3	4	37
2098	0.76	2	4	2	4	38
2099	0.76	2	4	2	4	38
2100	0.76	2	4	2	4	38
2101	0.76	2	4	2	4	38
2102	0.78	2	4	2	3	39
2103	0.78	2	4	2	3	39
2104	0.76	2	5	2	3	38
2105	0.76	2	5	2	3	38
2106	0.76	2	5	2	3	38
2107	0.78	2	5	1	3	39
2108	0.80	2	5	0	3	40
2109	0.80	2	5	0	3	40
2110	0.78	2	5	0	4	39
2111	0.80	2	5	0	3	40
2112	0.80	2	5	0	3	40
2113	0.80	2	5	0	3	40
2114	0.82	2	5	0	2	41
2115	0.82	2	5	0	2	41
2116	0.82	2	4	1	2	41
2117	0.82	2	4	1	2	41
2118	0.82	2	4	1	2	41
2119	0.80	2	5	1	2	40
2120	0.78	2	6	1	2	39
2121	0.80	1	6	1	2	40
2122	0.80	1	6	1	2	40
2123	0.78	1	7	1	2	39
2124	0.78	1	7	1	2	39
2125	0.78	1	7	1	2	39
2126	0.78	1	7	1	2	39
2127	0.78	1	7	1	2	39
2128	0.80	1	7	1	1	40
2129	0.80	1	7	1	1	40
2130	0.78	1	7	2	1	39
2131	0.78	1	7	2	1	39
2132	0.76	1	8	2	1	38
2133	0.74	2	8	2	1	37
2134	0.74	2	8	2	1	37
2135	0.74	2	8	2	1	37
2136	0.72	3	8	2	1	36
2137	0.72	4	7	2	1	36
2138	0.72	4	7	2	1	36
2139	0.74	4	6	2	1	37
2140	0.74	4	6	2	1	37
2141	0.74	4	6	2	1	37
2142	0.74	4	6	2	1	37
2143	0.74	4	6	2	1	37
2144	0.76	3	6	2	1	38
2145	0.76	3	6	2	1	38
2146	0.74	4	6	2	1	37
2147	0.76	4	5	2	1	38
2148	0.76	4	5	2	1	38
2149	0.76	4	5	2	1	38
2150	0.74	4	6	2	1	37
2151	0.74	4	6	2	1	37
2152	0.72	4	7	2	1	36
2153	0.72	4	7	2	1	36
2154	0.74	4	6	2	1	37
2155	0.74	4	6	2	1	37
2156	0.74	4	6	2	1	37
2157	0.74	4	6	2	1	37
2158	0.74	4	6	2	1	37
2159	0.74	4	6	2	1	37
2160	0.76	4	6	2	0	38
2161	0.76	4	6	2	0	38
2162	0.76	4	6	2	0	38
2163	0.76	4	6	2	0	38
2164	0.76	4	6	2	0	38
2165	0.74	4	7	2	0	37
2166	0.74	4	7	2	0	37
2167	0.74	4	7	2	0	37
2168	0.74	4	7	2	0	37
2169	0.76	4	6	2	0	38
2170	0.78	4	5	2	0	39
2171	0.78	4	5	2	0	39
2172	0.78	4	5	2	0	39
2173	0.80	4	4	2	0	40
2174	0.78	4	5	2	0	39
2175	0.76	4	6	2	0	38
2176	0.76	4	6	2	0	38
2177	0.76	4	6	2	0	38
2178	0.76	4	6	2	0	38
2179	0.76	4	6	2	0	38
2180	0.78	4	6	1	0	39
2181	0.78	4	6	1	0	39
2182	0.80	4	5	1	0	40
2183	0.80	3	6	1	0	40
2184	0.78	3	6	2	0	39
2185	0.78	3	6	2	0	39
2186	0.80	2	6	2	0	40
2187	0.82	1	6	2	0	41
2188	0.80	2	6	2	0	40
2189	0.80	2	6	2	0	40
2190	0.80	2	6	2	0	40
2191	0.80	2	6	2	0	40
2192	0.80	2	6	2	0	40
2193	0.80	2	6	2	0	40
2194	0.80	2	6	2	0	40
2195	0.80	2	6	2	0	40
2196	0.82	1	6	2	0	41
2197	0.82	1	6	2	0	41
2198	0.82	1	6	2	0	41
2199	0.82	1	6	2	0	41
2200	0.84	1	5	2	0	42
2201	0.84	1	5	2	0	42
2202	0.86	1	4	2	0	43
2203	0.86	1	4	2	0	43
2204	0.86	1	4	2	0	43
2205	0.86	1	4	2	0	43
2206	0.86	1	4	2	0	43
2207	0.86	1	4	2	0	43
2208	0.86	1	4	2	0	43
2209	0.86	1	4	2	0	43
2210	0.86	1	4	2	0	43
2211	0.86	1	4	2	0	43
2212	0.86	1	4	2	0	43
2213	0.86	1	4	2	0	43
2214	0.86	1	4	2	0	43
2215	0.88	1	3	2	0	44
2216	0.90	1	3	1	0	45
2217	0.90	1	3	1	0	45
2218	0.90	1	3	1	0	45
2219	0.90	1	3	1	0	45
2220	0.90	1	3	1	0	45
2221	0.90	1	3	1	0	45
2222	0.88	2	3	1	0	44
2223	0.88	2	3	1	0	44
2224	0.90	2	2	1	0	45
2225	0.92	2	1	1	0	46
2226	0.92	2	1	1	0	46
2227	0.90	2	1	1	1	45
2228	0.90	2	1	1	1	45
2229	0.90	2	1	1	1	45
2230	0.90	2	1	1	1	45
2231	0.90	2	1	1	1	45
2232	0.90	2	1	1	1	45
2233	0.92	2	0	1	1	46
2234	0.92	2	0	0	2	46
2235	0.92	2	0	0	2	46
2236	0.92	2	0	0	2	46
2237	0.90	2	0	1	2	45
2238	0.92	1	0	1	2	46
2239	0.92	1	0	1	2	46
2240	0.92	1	0	1	2	46
2241	0.90	1	1	1	2	45
2242	0.88	1	1	1	3	44
2243	0.88	1	1	1	3	44
2244	0.88	1	1	1	3	44
2245	0.86	2	1	1	3	43
2246	0.86	2	1	1	3	43
2247	0.86	2	1	1	3	43
2248	0.86	2	1	1	3	43
2249	0.86	2	1	1	3	43
2250	0.86	2	1	1	3	43
2251	0.86	2	1	1	3	43
2252	0.86	2	1	1	3	43
2253	0.86	2	1	1	3	43
2254	0.86	2	1	1	3	43
2255	0.86	2	1	1	3	43
2256	0.86	2	1	1	3	43
2257	0.86	2	1	1	3	43
2258	0.86	2	1	1	3	43
2259	0.86	2	1	1	3	43
2260	0.84	2	1	2	3	42
2261	0.84	2	1	2	3	42
2262	0.82	2	2	2	3	41
2263	0.82	2	2	2	3	41
2264	0.82	2	2	2	3	41
2265	0.82	2	2	2	3	41
2266	0.82	2	2	2	3	41
2267	0.82	2	2	2	3	41
2268	0.82	2	2	2	3	41
2269	0.82	2	2	2	3	41
2270	0.82	2	2	2	3	41
2271	0.82	2	2	2	3	41
2272	0.82	1	3	2	3	41
2273	0.82	1	3	2	3	41
2274	0.82	1	3	2	3	41
2275	0.80	1	3	3	3	40
2276	0.80	1	3	3	3	40
2277	0.82	1	3	3	2	41
2278	0.82	1	3	3	2	41
2279	0.80	1	4	3	2	40
2280	0.80	1	4	3	2	40
2281	0.80	1	4	3	2	40
2282	0.80	1	4	3	2	40
2283	0.80	1	4	3	2	40
2284	0.82	1	4	3	1	41
2285	0.82	1	4	3	1	41
2286	0.82	1	4	3	1	41
2287	0.84	1	4	2	1	42
2288	0.84	1	4	2	1	42
2289	0.84	1	4	2	1	42
2290	0.84	1	4	2	1	42
2291	0.86	1	3	2	1	43
2292	0.88	1	3	2	0	44
2293	0.86	1	3	2	1	43
2294	0.86	1	3	2	1	43
2295	0.88	0	3	2	1	44
2296	0.88	0	3	2	1	44
2297	0.88	0	3	2	1	44
2298	0.88	0	3	2	1	44
2299	0.88	0	3	2	1	44
2300	0.88	0	3	2	1	44
2301	0.88	0	3	2	1	44
2302	0.88	0	3	2	1	44
2303	0.86	0	3	3	1	43
2304	0.86	0	3	3	1	43
2305	0.86	0	3	3	1	43
2306	0.86	0	3	3	1	43
2307	0.84	1	3	3	1	42
2308	0.84	1	3	3	1	42
2309	0.82	2	3	3	1	41
2310	0.84	2	3	2	1	42
2311	0.82	2	3	3	1	41
2312	0.84	2	2	3	1	42
2313	0.84	2	2	3	1	42
2314	0.82	2	2	3	2	41
2315	0.82	2	2	3	2	41
2316	0.82	2	2	3	2	41
2317	0.82	2	2	3	2	41
2318	0.80	2	3	3	2	40
2319	0.80	2	3	3	2	40
2320	0.80	2	3	3	2	40
2321	0.80	2	3	3	2	40
2322	0.82	2	2	3	2	41
2323	0.82	2	2	3	2	41
2324	0.82	2	2	3	2	41
2325	0.84	2	2	2	2	42
2326	0.84	2	2	2	2	42
2327	0.82	2	2	2	3	41
2328	0.82	2	2	2	3	41
2329	0.84	2	1	2	3	42
2330	0.82	3	1	2	3	41
2331	0.82	3	1	2	3	41
2332	0.80	3	1	2	4	40
2333	0.80	3	1	2	4	40
2334	0.80	3	1	2	4	40
2335	0.80	3	1	2	4	40
2336	0.80	3	1	2	4	40
2337	0.80	3	1	2	4	40
2338	0.78	3	1	3	4	39
2339	0.78	3	1	3	4	39
2340	0.76	4	1	3	4	38
2341	0.74	4	1	4	4	37
2342	0.74	4	1	4	4	37
2343	0.74	5	1	4	3	37
2344	0.74	5	1	4	3	37
2345	0.72	5	1	4	4	36
2346	0.72	5	1	4	4	36
2347	0.72	5	1	4	4	36
2348	0.72	5	1	4	4	36
2349	0.72	5	1	4	4	36
2350	0.72	5	1	4	4	36
2351	0.72	5	1	4	4	36
2352	0.72	5	1	4	4	36
2353	0.72	5	1	4	4	36
2354	0.72	5	1	4	4	36
2355	0.70	5	1	5	4	35
2356	0.70	5	1	5	4	35
2357	0.72	4	1	5	4	36
2358	0.72	4	1	5	4	36
2359	0.74	3	1	5	4	37
2360	0.74	3	1	5	4	37
2361	0.74	3	1	4	5	37
2362	0.74	3	1	4	5	37
2363	0.74	3	1	4	5	37
2364	0.76	3	1	4	4	38
2365	0.76	3	1	4	4	38
2366	0.76	3	1	4	4	38
2367	0.76	3	1	4	4	38
2368	0.76	4	0	4	4	38
2369	0.76	4	0	4	4	38
2370	0.76	4	0	4	4	38
2371	0.76	4	0	4	4	38
2372	0.76	4	0	4	4	38
2373	0.76	4	0	4	4	38
2374	0.76	4	0	4	4	38
2375	0.76	4	0	4	4	38
2376	0.76	4	0	4	4	38
2377	0.76	5	0	4	3	38
2378	0.76	5	0	4	3	38
2379	0.76	5	0	4	3	38
2380	0.78	4	0	4	3	39
2381	0.78	4	0	4	3	39
2382	0.78	4	1	4	2	39
2383	0.76	4	2	4	2	38
2384	0.76	4	2	4	2	38
2385	0.76	4	2	4	2	38
2386	0.76	4	2	4	2	38
2387	0.76	4	2	4	2	38
2388	0.76	5	2	3	2	38
2389	0.76	5	2	3	2	38
2390	0.76	5	2	3	2	38
2391	0.78	5	2	2	2	39
2392	0.76	5	3	2	2	38
2393	0.78	4	3	2	2	39
2394	0.78	4	3	2	2	39
2395	0.78	5	3	2	1	39
2396	0.78	5	3	2	1	39
2397	0.76	5	3	2	2	38
2398	0.76	5	3	2	2	38
2399	0.76	5	3	2	2	38
2400	0.76	5	3	2	2	38
2401	0.74	5	3	3	2	37
2402	0.74	5	3	3	2	37
2403	0.76	5	3	2	2	38
2404	0.76	5	3	2	2	38
2405	0.78	5	3	1	2	39
2406	0.78	5	3	1	2	39
2407	0.78	5	3	1	2	39
2408	0.78	5	3	1	2	39
2409	0.76	5	3	2	2	38
2410	0.76	5	3	2	2	38
2411	0.78	5	3	2	1	39
2412	0.76	6	3	2	1	38
2413	0.76	6	3	2	1	38
2414	0.76	6	3	2	1	38
2415	0.76	6	3	2	1	38
2416	0.76	6	3	2	1	38
2417	0.76	6	3	2	1	38
2418	0.78	5	3	2	1	39
2419	0.78	5	3	2	1	39
2420	0.78	5	3	2	1	39
2421	0.78	5	3	2	1	39
2422	0.78	5	3	2	1	39
2423	0.78	5	3	2	1	39
2424	0.78	5	3	2	1	39
2425	0.78	5	3	2	1	39
2426	0.76	5	4	2	1	38
2427	0.76	4	4	2	2	38
2428	0.76	4	4	2	2	38
2429	0.74	4	4	3	2	37
2430	0.74	4	4	3	2	37
2431	0.74	4	4	3	2	37
2432	0.76	4	3	3	2	38
2433	0.78	4	2	3	2	39
2434	0.76	5	2	3	2	38
2435	0.74	6	2	3	2	37
2436	0.74	6	2	3	2	37
2437	0.74	6	2	3	2	37
2438	0.76	5	2	3	2	38
2439	0.74	5	3	3	2	37
2440	0.76	4	3	3	2	38
2441	0.76	4	3	3	2	38
2442	0.78	4	2	3	2	39
2443	0.78	4	2	3	2	39
2444	0.78	4	2	3	2	39
2445	0.80	3	2	3	2	40
2446	0.80	3	2	3	2	40
2447	0.80	4	2	3	1	40
2448	0.80	4	2	3	1	40
2449	0.80	4	2	3	1	40
2450	0.80	4	2	3	1	40
2451	0.82	4	2	2	1	41
2452	0.82	4	2	2	1	41
2453	0.82	4	2	2	1	41
2454	0.82	4	2	2	1	41
2455	0.82	4	2	2	1	41
2456	0.82	4	2	2	1	41
2457	0.82	4	2	2	1	41
2458	0.82	4	2	2	1	41
2459	0.84	4	2	1	1	42
2460	0.84	4	2	1	1	42
2461	0.84	4	2	1	1	42
2462	0.86	3	2	1	1	43
2463	0.86	3	2	1	1	43
2464	0.86	3	2	1	1	43
2465	0.86	3	2	1	1	43
2466	0.86	3	2	1	1	43
2467	0.86	3	2	1	1	43
2468	0.86	3	2	1	1	43
2469	0.86	3	2	1	1	43
2470	0.86	3	2	1	1	43
2471	0.86	3	2	1	1	43
2472	0.86	3	2	1	1	43
2473	0.86	3	2	1	1	43
2474	0.86	3	2	1	1	43
2475	0.86	3	2	1	1	43
2476	0.88	3	1	1	1	44
2477	0.88	4	1	1	0	44
2478	0.86	4	2	1	0	43
2479	0.88	4	2	0	0	44
2480	0.88	4	2	0	0	44
2481	0.88	4	2	0	0	44
2482	0.88	4	2	0	0	44
2483	0.88	4	2	0	0	44
2484	0.90	3	2	0	0	45
2485	0.92	2	2	0	0	46
2486	0.90	2	3	0	0	45
2487	0.90	2	3	0	0	45
2488	0.90	2	3	0	0	45
2489	0.92	2	2	0	0	46
2490	0.92	2	2	0	0	46
2491	0.92	2	2	0	0	46
2492	0.92	2	2	0	0	46
2493	0.92	2	2	0	0	46
2494	0.92	2	2	0	0	46
2495	0.92	2	2	0	0	46
2496	0.92	2	2	0	0	46
2497	0.92	2	2	0	0	46
2498	0.92	2	2	0	0	46
2499	0.92	2	2	0	0	46
2500	0.04	2	2	0	0	46
2501	0.06	3	2	0	0	45
2502	0.08	4	2	0	0	44
2503	0.08	4	2	0	0	44
2504	0.08	4	2	0	0	44
2505	0.10	5	2	0	0	43
2506	0.12	6	2	0	0	42
2507	0.12	6	2	0	0	42
2508	0.14	7	2	0	0	41
2509	0.14	7	2	0	0	41
2510	0.16	8	2	0	0	40
2511	0.18	9	2	0	0	39
2512	0.20	10	2	0	0	38
2513	0.22	11	2	0	0	37
2514	0.24	12	2	0	0	36
2515	0.24	12	2	0	0	36
2516	0.24	12	2	1	0	35
2517	0.26	13	2	1	0	34
2518	0.26	13	2	1	1	33
2519	0.28	14	2	1	1	32
2520	0.30	15	2	1	1	31
2521	0.32	16	2	1	1	30
2522	0.34	17	2	1	1	29
2523	0.36	18	2	1	1	28
2524	0.38	19	2	1	1	27
2525	0.40	20	2	1	1	26
2526	0.42	21	2	1	1	25
2527	0.42	21	2	1	1	25
2528	0.44	22	1	1	1	25
2529	0.46	23	1	1	1	24
2530	0.48	24	1	1	1	23
2531	0.50	25	1	1	1	22
2532	0.52	26	1	1	1	21
2533	0.52	26	1	1	1	21
2534	0.54	27	1	1	1	20
2535	0.54	27	2	1	1	19
2536	0.56	28	1	1	1	19
2537	0.58	29	1	1	1	18
2538	0.58	29	1	2	1	17
2539	0.60	30	1	2	1	16
2540	0.62	31	1	2	1	15
2541	0.62	31	1	2	2	14
2542	0.62	31	1	3	2	13
2543	0.64	32	1	3	2	12
2544	0.66	33	1	3	2	11
2545	0.66	33	1	3	3	10
2546	0.66	33	1	3	4	9
2547	0.66	33	1	3	4	9
2548	0.68	34	1	3	4	8
2549	0.68	34	1	3	5	7
2550	0.70	35	1	3	5	6
2551	0.70	35	1	3	5	6
2552	0.68	34	2	3	5	6
2553	0.68	34	3	3	5	5
2554	0.68	34	3	3	6	4
2555	0.68	34	3	3	6	4
2556	0.68	34	3	3	6	4
2557	0.70	35	3	3	6	3
2558	0.70	35	3	3	6	3
2559	0.72	36	3	3	6	2
2560	0.72	36	3	3	6	2
2561	0.72	36	3	3	6	2
2562	0.72	36	3	3	6	2
2563	0.72	36	3	3	6	2
2564	0.72	36	3	3	6	2
2565	0.74	37	3	3	6	1
2566	0.76	38	3	2	6	1
2567	0.76	38	3	2	6	1
2568	0.78	39	3	2	5	1
2569	0.78	39	3	2	5	1
2570	0.78	39	3	2	5	1
2571	0.78	39	3	2	5	1
2572	0.78	39	3	2	5	1
2573	0.76	38	3	3	5	1
2574	0.76	38	3	3	5	1
2575	0.74	37	4	3	5	1
2576	0.72	36	4	4	5	1
2577	0.72	36	4	4	5	1
2578	0.72	36	4	4	5	1
2579	0.72	36	4	4	5	1
2580	0.72	36	4	4	5	1
2581	0.72	36	4	4	5	1
2582	0.72	36	4	4	5	1
2583	0.74	37	4	4	5	0
2584	0.74	37	4	4	5	0
2585	0.74	37	3	4	5	1
2586	0.72	36	3	5	5	1
2587	0.72	36	3	5	5	1
2588	0.74	37	3	4	5	1
2589	0.74	37	3	4	5	1
2590	0.74	37	3	4	5	1
2591	0.76	38	3	4	4	1
2592	0.76	38	4	3	4	1
2593	0.76	38	4	3	4	1
2594	0.76	38	4	3	4	1
2595	0.76	38	4	3	4	1
2596	0.78	39	4	3	3	1
2597	0.78	39	4	3	3	1
2598	0.78	39	4	3	3	1
2599	0.80	40	4	3	2	1
2600	0.80	40	4	3	2	1
2601	0.80	40	4	3	2	1
2602	0.82	41	3	3	2	1
2603	0.84	42	2	3	2	1
2604	0.86	43	2	3	1	1
2605	0.84	42	2	3	1	2
2606	0.84	42	2	3	1	2
2607	0.84	42	2	3	1	2
2608	0.84	42	2	3	1	2
2609	0.84	42	2	3	1	2
2610	0.84	42	2	3	1	2
2611	0.82	41	2	4	1	2
2612	0.80	40	3	4	1	2
2613	0.78	39	3	5	1	2
2614	0.76	38	3	5	1	3
2615	0.74	37	3	6	1	3
2616	0.74	37	3	6	1	3
2617	0.74	37	3	6	1	3
2618	0.72	36	3	6	2	3
2619	0.72	36	3	6	2	3
2620	0.72	36	3	6	2	3
2621	0.72	36	3	6	2	3
2622	0.72	36	3	6	2	3
2623	0.74	37	3	5	2	3
2624	0.74	37	3	5	2	3
2625	0.74	37	2	5	3	3
2626	0.74	37	2	4	4	3
2627	0.72	36	3	4	4	3
2628	0.72	36	3	4	4	3
2629	0.70	35	4	4	4	3
2630	0.70	35	4	4	4	3
2631	0.70	35	4	4	4	3
2632	0.70	35	4	4	4	3
2633	0.70	35	4	4	4	3
2634	0.70	35	4	4	4	3
2635	0.72	36	4	4	4	2
2636	0.74	37	4	3	4	2
2637	0.74	37	4	3	4	2
2638	0.72	36	4	3	4	3
2639	0.70	35	4	4	4	3
2640	0.70	35	4	4	4	3
2641	0.70	35	4	4	4	3
2642	0.72	36	3	4	4	3
2643	0.72	36	3	4	4	3
2644	0.70	35	3	5	4	3
2645	0.72	36	3	5	3	3
2646	0.70	35	3	5	3	4
2647	0.68	34	3	5	3	5
2648	0.68	34	3	5	3	5
2649	0.68	34	3	5	3	5
2650	0.68	34	3	5	3	5
2651	0.68	34	3	5	3	5
2652	0.68	34	3	5	3	5
2653	0.68	34	3	5	3	5
2654	0.68	34	3	5	3	5
2655	0.70	35	3	5	3	4
2656	0.70	35	3	5	3	4
2657	0.70	35	3	5	3	4
2658	0.68	34	3	5	4	4
2659	0.68	34	3	5	4	4
2660	0.66	33	4	5	4	4
2661	0.68	34	4	4	4	4
2662	0.70	35	3	4	4	4
2663	0.72	36	3	3	4	4
2664	0.74	37	3	3	4	3
2665	0.76	38	3	2	4	3
2666	0.76	38	3	2	4	3
2667	0.76	38	3	2	4	3
2668	0.78	39	3	2	3	3
2669	0.78	39	3	2	3	3
2670	0.78	39	3	2	3	3
2671	0.78	39	3	2	3	3
2672	0.78	39	3	2	3	3
2673	0.78	39	3	2	3	3
2674	0.78	39	3	2	3	3
2675	0.80	40	3	2	2	3
2676	0.82	41	3	2	1	3
2677	0.82	41	3	2	1	3
2678	0.80	40	3	2	1	4
2679	0.82	41	2	2	1	4
2680	0.82	41	2	2	1	4
2681	0.82	41	2	2	1	4
2682	0.82	41	2	2	1	4
2683	0.80	40	2	2	2	4
2684	0.80	40	2	2	2	4
2685	0.80	40	2	2	2	4
2686	0.78	39	3	2	2	4
2687	0.78	39	3	2	2	4
2688	0.80	40	3	2	2	3
2689	0.82	41	3	1	2	3
2690	0.82	41	3	1	2	3
2691	0.82	41	3	1	2	3
2692	0.82	41	3	1	2	3
2693	0.82	41	3	1	2	3
2694	0.84	42	3	0	2	3
2695	0.84	42	3	0	2	3
2696	0.86	43	3	0	2	2
2697	0.86	43	3	0	3	1
2698	0.86	43	3	0	3	1
2699	0.86	43	3	0	3	1
2700	0.86	43	3	0	3	1
2701	0.86	43	3	0	3	1
2702	0.86	43	3	0	3	1
2703	0.86	43	3	0	3	1
2704	0.86	43	3	0	3	1
2705	0.86	43	3	0	3	1
2706	0.86	43	3	0	3	1
2707	0.84	42	3	0	4	1
2708	0.86	43	3	0	3	1
2709	0.86	43	3	0	3	1
2710	0.88	44	2	0	3	1
2711	0.88	44	2	0	3	1
2712	0.88	44	2	0	3	1
2713	0.88	44	2	0	3	1
2714	0.88	44	2	0	3	1
2715	0.86	43	2	1	3	1
2716	0.86	43	2	1	3	1
2717	0.84	42	2	1	4	1
2718	0.84	42	2	1	4	1
2719	0.84	42	2	1	4	1
2720	0.82	41	2	2	4	1
2721	0.80	40	2	3	4	1
2722	0.78	39	2	3	4	2
2723	0.78	39	2	3	4	2
2724	0.78	39	2	3	4	2
2725	0.78	39	2	3	4	2
2726	0.78	39	2	3	4	2
2727	0.80	40	1	3	4	2
2728	0.82	41	1	3	4	1
2729	0.82	41	1	3	4	1
2730	0.82	41	1	3	4	1
2731	0.82	41	1	3	4	1
2732	0.82	41	1	3	4	1
2733	0.84	42	1	3	3	1
2734	0.84	42	1	3	3	1
2735	0.84	42	1	3	3	1
2736	0.86	43	0	3	3	1
2737	0.86	43	0	3	3	1
2738	0.86	43	0	3	3	1
2739	0.86	43	0	3	3	1
2740	0.86	43	0	3	3	1
2741	0.86	43	0	3	3	1
2742	0.86	43	0	3	3	1
2743	0.86	43	0	3	3	1
2744	0.86	43	0	3	3	1
2745	0.86	43	0	3	3	1
2746	0.86	43	0	3	3	1
2747	0.88	44	0	3	2	1
2748	0.88	44	0	3	2	1
2749	0.88	44	0	3	2	1
2750	0.88	44	0	3	2	1
2751	0.88	44	0	3	2	1
2752	0.88	44	0	3	2	1
2753	0.88	44	0	3	2	1
2754	0.86	43	1	3	2	1
2755	0.86	43	1	3	2	1
2756	0.86	43	1	3	2	1
2757	0.88	44	1	3	1	1
2758	0.88	44	1	3	1	1
2759	0.88	44	1	3	1	1
2760	0.88	44	1	3	1	1
2761	0.88	44	1	3	1	1
2762	0.88	44	1	3	1	1
2763	0.88	44	1	3	1	1
2764	0.88	44	1	3	1	1
2765	0.90	45	1	2	1	1
2766	0.90	45	1	2	1	1
2767	0.92	46	1	2	0	1
2768	0.92	46	1	2	0	1
2769	0.92	46	1	2	0	1
2770	0.94	47	1	1	0	1
2771	0.96	48	1	0	0	1
2772	0.98	49	1	0	0	0
2773	0.98	49	1	0	0	0
2774	0.98	49	1	0	0	0
2775	0.98	49	1	0	0	0
2776	0.98	49	1	0	0	0
2777	0.98	49	1	0	0	0
2778	0.98	49	1	0	0	0
2779	0.98	49	1	0	0	0
2780	0.98	49	1	0	0	0
2781	0.98	49	1	0	0	0
2782	0.98	49	1	0	0	0
2783	0.98	49	1	0	0	0
2784	0.98	49	1	0	0	0
2785	0.98	49	1	0	0	0
2786	0.98	49	1	0	0	0
2787	0.98	49	1	0	0	0
2788	0.98	49	1	0	0	0
2789	0.98	49	1	0	0	0
2790	0.98	49	1	0	0	0
2791	0.96	48	2	0	0	0
2792	0.96	48	2	0	0	0
2793	0.96	48	2	0	0	0
2794	0.96	48	2	0	0	0
2795	0.96	48	2	0	0	0
2796	0.94	47	3	0	0	0
2797	0.94	47	3	0	0	0
2798	0.94	47	3	0	0	0
2799	0.92	46	4	0	0	0
2800	0.92	46	4	0	0	0
2801	0.92	46	4	0	0	0
2802	0.92	46	4	0	0	0
2803	0.92	46	4	0	0	0
2804	0.94	47	3	0	0	0
2805	0.94	47	3	0	0	0
2806	0.94	47	3	0	0	0
2807	0.94	47	3	0	0	0
2808	0.94	47	3	0	0	0
2809	0.94	47	3	0	0	0
2810	0.94	47	3	0	0	0
2811	0.94	47	3	0	0	0
2812	0.94	47	3	0	0	0
2813	0.94	47	3	0	0	0
2814	0.94	47	3	0	0	0
2815	0.94	47	3	0	0	0
2816	0.94	47	3	0	0	0
2817	0.94	47	3	0	0	0
2818	0.92	46	4	0	0	0
2819	0.92	46	4	0	0	0
2820	0.92	46	4	0	0	0
2821	0.92	46	4	0	0	0
2822	0.92	46	4	0	0	0
2823	0.92	46	4	0	0	0
2824	0.92	46	4	0	0	0
2825	0.92	46	4	0	0	0
2826	0.92	46	4	0	0	0
2827	0.92	46	4	0	0	0
2828	0.92	46	4	0	0	0
2829	0.92	46	4	0	0	0
2830	0.92	46	4	0	0	0
2831	0.92	46	4	0	0	0
2832	0.90	45	5	0	0	0
2833	0.90	45	5	0	0	0
2834	0.90	45	5	0	0	0
2835	0.90	45	5	0	0	0
2836	0.90	45	5	0	0	0
2837	0.90	45	5	0	0	0
2838	0.90	45	5	0	0	0
2839	0.90	45	5	0	0	0
2840	0.90	45	5	0	0	0
2841	0.92	46	4	0	0	0
2842	0.92	46	4	0	0	0
2843	0.92	46	4	0	0	0
2844	0.90	45	4	0	1	0
2845	0.90	45	4	0	1	0
2846	0.92	46	3	0	1	0
2847	0.92	46	3	0	1	0
2848	0.92	46	3	0	1	0
2849	0.92	46	2	0	1	1
2850	0.92	46	2	0	1	1
2851	0.92	46	2	0	1	1
2852	0.92	46	2	0	1	1
2853	0.90	45	2	1	1	1
2854	0.88	44	2	1	1	2
2855	0.88	44	2	1	1	2
2856	0.86	43	2	1	2	2
2857	0.86	43	2	1	2	2
2858	0.86	43	2	1	2	2
2859	0.86	43	2	1	2	2
2860	0.84	42	2	1	2	3
2861	0.84	42	2	1	2	3
2862	0.82	41	2	2	2	3
2863	0.82	41	2	2	2	3
2864	0.82	41	2	2	2	3
2865	0.82	41	2	2	2	3
2866	0.82	41	2	2	2	3
2867	0.82	41	2	2	2	3
2868	0.84	42	1	2	2	3
2869	0.84	42	1	2	2	3
2870	0.84	42	1	2	2	3
2871	0.84	42	1	2	2	3
2872	0.84	42	1	2	2	3
2873	0.84	42	1	2	2	3
2874	0.84	42	1	2	2	3
2875	0.82	41	2	2	2	3
2876	0.80	40	2	3	2	3
2877	0.80	40	2	3	2	3
2878	0.80	40	2	3	2	3
2879	0.80	40	2	3	2	3
2880	0.80	40	2	3	2	3
2881	0.80	40	2	3	2	3
2882	0.82	41	1	3	2	3
2883	0.82	41	1	3	2	3
2884	0.80	40	1	3	2	4
2885	0.80	40	1	3	2	4
2886	0.78	39	1	4	2	4
2887	0.76	38	1	4	2	5
2888	0.76	38	1	4	2	5
2889	0.74	37	1	5	2	5
2890	0.74	37	1	5	2	5
2891	0.74	37	1	5	2	5
2892	0.74	37	1	5	2	5
2893	0.72	36	2	5	2	5
2894	0.74	37	2	5	1	5
2895	0.74	37	2	5	1	5
2896	0.74	37	2	5	1	5
2897	0.74	37	2	5	1	5
2898	0.74	37	2	5	1	5
2899	0.76	38	2	5	1	4
2900	0.76	38	2	5	1	4
2901	0.74	37	2	6	1	4
2902	0.74	37	2	6	1	4
2903	0.74	37	3	5	1	4
2904	0.76	38	3	5	1	3
2905	0.74	37	3	6	1	3
2906	0.74	37	3	7	0	3
2907	0.74	37	3	7	0	3
2908	0.74	37	3	7	0	3
2909	0.72	36	4	7	0	3
2910	0.74	37	4	7	0	2
2911	0.74	37	4	7	0	2
2912	0.76	38	4	6	0	2
2913	0.76	38	4	6	0	2
2914	0.76	38	4	6	0	2
2915	0.76	38	4	6	0	2
2916	0.76	38	4	6	0	2
2917	0.76	38	4	6	0	2
2918	0.76	38	4	6	0	2
2919	0.76	38	4	6	0	2
2920	0.76	38	4	6	0	2
2921	0.76	38	4	6	0	2
2922	0.76	38	4	6	0	2
2923	0.76	38	4	6	0	2
2924	0.74	37	4	7	0	2
2925	0.76	38	3	7	0	2
2926	0.78	39	3	6	0	2
2927	0.78	39	3	6	0	2
2928	0.78	39	3	6	0	2
2929	0.78	39	3	6	0	2
2930	0.78	39	3	6	0	2
2931	0.78	39	3	6	0	2
2932	0.78	39	3	6	0	2
2933	0.76	38	3	6	1	2
2934	0.76	38	4	6	1	1
2935	0.74	37	4	6	1	2
2936	0.76	38	4	5	1	2
2937	0.76	38	4	5	1	2
2938	0.74	37	4	5	1	3
2939	0.76	38	4	4	1	3
2940	0.76	38	4	4	1	3
2941	0.76	38	4	4	1	3
2942	0.74	37	4	5	1	3
2943	0.74	37	3	6	1	3
2944	0.74	37	3	6	1	3
2945	0.74	37	3	6	1	3
2946	0.72	36	3	6	2	3
2947	0.72	36	3	6	2	3
2948	0.72	36	3	6	2	3
2949	0.72	36	3	6	2	3
2950	0.72	36	3	6	2	3
2951	0.74	37	3	5	2	3
2952	0.72	36	3	6	2	3
2953	0.72	36	3	6	2	3
2954	0.70	35	4	6	2	3
2955	0.70	35	4	6	2	3
2956	0.72	36	4	5	2	3
2957	0.72	36	4	5	2	3
2958	0.72	36	4	5	2	3
2959	0.74	37	3	5	2	3
2960	0.74	37	3	5	2	3
2961	0.74	37	3	5	2	3
2962	0.74	37	3	5	2	3
2963	0.74	37	3	5	2	3
2964	0.74	37	3	5	2	3
2965	0.74	37	3	5	2	3
2966	0.74	37	3	5	2	3
2967	0.72	36	3	5	2	4
2968	0.70	35	3	6	2	4
2969	0.70	35	3	6	2	4
2970	0.70	35	3	6	2	4
2971	0.70	35	3	6	2	4
2972	0.68	34	3	6	3	4
2973	0.68	34	3	6	3	4
2974	0.70	35	3	5	3	4
2975	0.70	35	3	5	3	4
2976	0.70	35	3	5	3	4
2977	0.70	35	3	5	3	4
2978	0.70	35	3	5	3	4
2979	0.70	35	3	5	3	4
2980	0.70	35	3	5	3	4
2981	0.68	34	3	6	3	4
2982	0.68	34	3	6	3	4
2983	0.70	35	3	6	2	4
2984	0.72	36	2	6	2	4
2985	0.74	37	2	6	2	3
2986	0.74	37	2	6	2	3
2987	0.76	38	2	6	2	2
2988	0.78	39	2	6	2	1
2989	0.78	39	2	6	2	1
2990	0.78	39	2	6	2	1
2991	0.78	39	2	6	2	1
2992	0.80	40	2	5	2	1
2993	0.82	41	2	4	2	1
2994	0.82	41	2	4	2	1
2995	0.82	41	2	4	2	1
2996	0.84	42	2	4	1	1
2997	0.84	42	2	4	1	1
2998	0.84	42	2	4	1	1
2999	0.84	42	2	4	1	1
