timestep	swarm_quality	color_0	color_1
0	0.70	70	30
1	0.70	70	30
2	0.70	70	30
3	0.70	70	30
4	0.70	70	30
5	0.70	70	30
6	0.70	70	30
7	0.70	70	30
8	0.70	70	30
9	0.70	70	30
10	0.70	70	30
11	0.70	70	30
12	0.70	70	30
13	0.70	70	30
14	0.70	70	30
15	0.70	70	30
16	0.70	70	30
17	0.70	70	30
18	0.70	70	30
19	0.70	70	30
20	0.70	70	30
21	0.70	70	30
22	0.70	70	30
23	0.70	70	30
24	0.70	70	30
25	0.70	70	30
26	0.70	70	30
27	0.70	70	30
28	0.70	70	30
29	0.70	70	30
30	0.70	70	30
31	0.70	70	30
32	0.70	70	30
33	0.70	70	30
34	0.70	70	30
35	0.70	70	30
36	0.70	70	30
37	0.70	70	30
38	0.70	70	30
39	0.70	70	30
40	0.70	70	30
41	0.70	70	30
42	0.70	70	30
43	0.70	70	30
44	0.70	70	30
45	0.70	70	30
46	0.70	70	30
47	0.70	70	30
48	0.70	70	30
49	0.70	70	30
50	0.70	70	30
51	0.70	70	30
52	0.70	70	30
53	0.70	70	30
54	0.70	70	30
55	0.70	70	30
56	0.70	70	30
57	0.70	70	30
58	0.70	70	30
59	0.70	70	30
60	0.70	70	30
61	0.70	70	30
62	0.70	70	30
63	0.70	70	30
64	0.70	70	30
65	0.70	70	30
66	0.70	70	30
67	0.70	70	30
68	0.70	70	30
69	0.70	70	30
70	0.71	71	29
71	0.72	72	28
72	0.73	73	27
73	0.74	74	26
74	0.75	75	25
75	0.76	76	24
76	0.77	77	23
77	0.78	78	22
78	0.79	79	21
79	0.80	80	20
80	0.81	81	19
81	0.82	82	18
82	0.83	83	17
83	0.84	84	16
84	0.85	85	15
85	0.86	86	14
86	0.87	87	13
87	0.88	88	12
88	0.89	89	11
89	0.90	90	10
90	0.91	91	9
91	0.92	92	8
92	0.93	93	7
93	0.94	94	6
94	0.95	95	5
95	0.96	96	4
96	0.97	97	3
97	0.98	98	2
98	0.99	99	1
99	1.00	100	0
100	1.00	100	0
101	1.00	100	0
102	1.00	100	0
103	1.00	100	0
104	1.00	100	0
105	1.00	100	0
106	1.00	100	0
107	1.00	100	0
108	1.00	100	0
109	1.00	100	0
110	1.00	100	0
111	1.00	100	0
112	1.00	100	0
113	1.00	100	0
114	1.00	100	0
115	1.00	100	0
116	1.00	100	0
117	1.00	100	0
118	1.00	100	0
119	1.00	100	0
120	1.00	100	0
121	1.00	100	0
122	1.00	100	0
123	1.00	100	0
124	1.00	100	0
125	1.00	100	0
126	1.00	100	0
127	1.00	100	0
128	1.00	100	0
129	1.00	100	0
130	1.00	100	0
131	1.00	100	0
132	1.00	100	0
133	1.00	100	0
134	1.00	100	0
135	1.00	100	0
136	1.00	100	0
137	1.00	100	0
138	1.00	100	0
139	1.00	100	0
140	1.00	100	0
141	1.00	100	0
142	1.00	100	0
143	1.00	100	0
144	1.00	100	0
145	1.00	100	0
146	1.00	100	0
147	1.00	100	0
148	1.00	100	0
149	1.00	100	0
150	1.00	100	0
151	1.00	100	0
152	1.00	100	0
153	1.00	100	0
154	1.00	100	0
155	1.00	100	0
156	1.00	100	0
157	1.00	100	0
158	1.00	100	0
159	1.00	100	0
160	1.00	100	0
161	1.00	100	0
162	1.00	100	0
163	1.00	100	0
164	1.00	100	0
165	1.00	100	0
166	1.00	100	0
167	1.00	100	0
168	1.00	100	0
169	1.00	100	0
170	1.00	100	0
171	1.00	100	0
172	1.00	100	0
173	1.00	100	0
174	1.00	100	0
175	1.00	100	0
176	1.00	100	0
177	1.00	100	0
178	1.00	100	0
179	1.00	100	0
180	1.00	100	0
181	1.00	100	0
182	1.00	100	0
183	1.00	100	0
184	1.00	100	0
185	1.00	100	0
186	1.00	100	0
187	1.00	100	0
188	1.00	100	0
189	1.00	100	0
190	1.00	100	0
191	1.00	100	0
192	1.00	100	0
193	1.00	100	0
194	1.00	100	0
195	1.00	100	0
196	1.00	100	0
197	1.00	100	0
198	1.00	100	0
199	1.00	100	0
200	1.00	100	0
201	1.00	100	0
202	1.00	100	0
203	1.00	100	0
204	1.00	100	0
205	1.00	100	0
206	1.00	100	0
207	1.00	100	0
208	1.00	100	0
209	1.00	100	0
210	1.00	100	0
211	1.00	100	0
212	1.00	100	0
213	1.00	100	0
214	1.00	100	0
215	1.00	100	0
216	1.00	100	0
217	1.00	100	0
218	1.00	100	0
219	1.00	100	0
220	1.00	100	0
221	1.00	100	0
222	1.00	100	0
223	1.00	100	0
224	1.00	100	0
225	1.00	100	0
226	1.00	100	0
227	1.00	100	0
228	1.00	100	0
229	1.00	100	0
230	1.00	100	0
231	1.00	100	0
232	1.00	100	0
233	1.00	100	0
234	1.00	100	0
235	1.00	100	0
236	1.00	100	0
237	1.00	100	0
238	1.00	100	0
239	1.00	100	0
240	1.00	100	0
241	1.00	100	0
242	1.00	100	0
243	1.00	100	0
244	1.00	100	0
245	1.00	100	0
246	1.00	100	0
247	1.00	100	0
248	1.00	100	0
249	1.00	100	0
250	1.00	100	0
251	1.00	100	0
252	1.00	100	0
253	1.00	100	0
254	1.00	100	0
255	1.00	100	0
256	1.00	100	0
257	1.00	100	0
258	1.00	100	0
259	1.00	100	0
260	1.00	100	0
261	1.00	100	0
262	1.00	100	0
263	1.00	100	0
264	1.00	100	0
265	1.00	100	0
266	1.00	100	0
267	1.00	100	0
268	1.00	100	0
269	1.00	100	0
270	1.00	100	0
271	1.00	100	0
272	1.00	100	0
273	1.00	100	0
274	1.00	100	0
275	1.00	100	0
276	1.00	100	0
277	1.00	100	0
278	1.00	100	0
279	1.00	100	0
280	1.00	100	0
281	1.00	100	0
282	1.00	100	0
283	1.00	100	0
284	1.00	100	0
285	1.00	100	0
286	1.00	100	0
287	1.00	100	0
288	1.00	100	0
289	1.00	100	0
290	1.00	100	0
291	1.00	100	0
292	1.00	100	0
293	1.00	100	0
294	1.00	100	0
295	1.00	100	0
296	1.00	100	0
297	1.00	100	0
298	1.00	100	0
299	1.00	100	0
300	1.00	100	0
301	1.00	100	0
302	1.00	100	0
303	1.00	100	0
304	1.00	100	0
305	1.00	100	0
306	1.00	100	0
307	1.00	100	0
308	1.00	100	0
309	1.00	100	0
310	1.00	100	0
311	1.00	100	0
312	1.00	100	0
313	1.00	100	0
314	1.00	100	0
315	1.00	100	0
316	1.00	100	0
317	1.00	100	0
318	1.00	100	0
319	1.00	100	0
320	1.00	100	0
321	1.00	100	0
322	1.00	100	0
323	1.00	100	0
324	1.00	100	0
325	1.00	100	0
326	1.00	100	0
327	1.00	100	0
328	1.00	100	0
329	1.00	100	0
330	1.00	100	0
331	1.00	100	0
332	1.00	100	0
333	1.00	100	0
334	1.00	100	0
335	1.00	100	0
336	1.00	100	0
337	1.00	100	0
338	1.00	100	0
339	1.00	100	0
340	1.00	100	0
341	1.00	100	0
342	1.00	100	0
343	1.00	100	0
344	1.00	100	0
345	1.00	100	0
346	1.00	100	0
347	1.00	100	0
348	1.00	100	0
349	1.00	100	0
350	1.00	100	0
351	1.00	100	0
352	1.00	100	0
353	1.00	100	0
354	1.00	100	0
355	1.00	100	0
356	1.00	100	0
357	1.00	100	0
358	1.00	100	0
359	1.00	100	0
360	1.00	100	0
361	1.00	100	0
362	1.00	100	0
363	1.00	100	0
364	1.00	100	0
365	1.00	100	0
366	1.00	100	0
367	1.00	100	0
368	1.00	100	0
369	1.00	100	0
370	1.00	100	0
371	1.00	100	0
372	1.00	100	0
373	1.00	100	0
374	1.00	100	0
375	1.00	100	0
376	1.00	100	0
377	1.00	100	0
378	1.00	100	0
379	1.00	100	0
380	1.00	100	0
381	1.00	100	0
382	1.00	100	0
383	1.00	100	0
384	1.00	100	0
385	1.00	100	0
386	1.00	100	0
387	1.00	100	0
388	1.00	100	0
389	1.00	100	0
390	1.00	100	0
391	1.00	100	0
392	1.00	100	0
393	1.00	100	0
394	1.00	100	0
395	1.00	100	0
396	1.00	100	0
397	1.00	100	0
398	1.00	100	0
399	1.00	100	0
400	1.00	100	0
401	1.00	100	0
402	1.00	100	0
403	1.00	100	0
404	1.00	100	0
405	1.00	100	0
406	1.00	100	0
407	1.00	100	0
408	1.00	100	0
409	1.00	100	0
410	1.00	100	0
411	1.00	100	0
412	1.00	100	0
413	1.00	100	0
414	1.00	100	0
415	1.00	100	0
416	1.00	100	0
417	1.00	100	0
418	1.00	100	0
419	1.00	100	0
420	1.00	100	0
421	1.00	100	0
422	1.00	100	0
423	1.00	100	0
424	1.00	100	0
425	1.00	100	0
426	1.00	100	0
427	1.00	100	0
428	1.00	100	0
429	1.00	100	0
430	1.00	100	0
431	1.00	100	0
432	1.00	100	0
433	1.00	100	0
434	1.00	100	0
435	1.00	100	0
436	1.00	100	0
437	1.00	100	0
438	1.00	100	0
439	1.00	100	0
440	1.00	100	0
441	1.00	100	0
442	1.00	100	0
443	1.00	100	0
444	1.00	100	0
445	1.00	100	0
446	1.00	100	0
447	1.00	100	0
448	1.00	100	0
449	1.00	100	0
450	1.00	100	0
451	1.00	100	0
452	1.00	100	0
453	1.00	100	0
454	1.00	100	0
455	1.00	100	0
456	1.00	100	0
457	1.00	100	0
458	1.00	100	0
459	1.00	100	0
460	1.00	100	0
461	1.00	100	0
462	1.00	100	0
463	1.00	100	0
464	1.00	100	0
465	1.00	100	0
466	1.00	100	0
467	1.00	100	0
468	1.00	100	0
469	1.00	100	0
470	1.00	100	0
471	1.00	100	0
472	1.00	100	0
473	1.00	100	0
474	1.00	100	0
475	1.00	100	0
476	1.00	100	0
477	1.00	100	0
478	1.00	100	0
479	1.00	100	0
480	1.00	100	0
481	1.00	100	0
482	1.00	100	0
483	1.00	100	0
484	1.00	100	0
485	1.00	100	0
486	1.00	100	0
487	1.00	100	0
488	1.00	100	0
489	1.00	100	0
490	1.00	100	0
491	1.00	100	0
492	1.00	100	0
493	1.00	100	0
494	1.00	100	0
495	1.00	100	0
496	1.00	100	0
497	1.00	100	0
498	1.00	100	0
499	1.00	100	0
500	1.00	100	0
501	1.00	100	0
502	1.00	100	0
503	1.00	100	0
504	1.00	100	0
505	1.00	100	0
506	1.00	100	0
507	1.00	100	0
508	1.00	100	0
509	1.00	100	0
510	1.00	100	0
511	1.00	100	0
512	1.00	100	0
513	1.00	100	0
514	1.00	100	0
515	1.00	100	0
516	1.00	100	0
517	1.00	100	0
518	1.00	100	0
519	1.00	100	0
520	1.00	100	0
521	1.00	100	0
522	1.00	100	0
523	1.00	100	0
524	1.00	100	0
525	1.00	100	0
526	1.00	100	0
527	1.00	100	0
528	1.00	100	0
529	1.00	100	0
530	1.00	100	0
531	1.00	100	0
532	1.00	100	0
533	1.00	100	0
534	1.00	100	0
535	1.00	100	0
536	1.00	100	0
537	1.00	100	0
538	1.00	100	0
539	1.00	100	0
540	1.00	100	0
541	1.00	100	0
542	1.00	100	0
543	1.00	100	0
544	1.00	100	0
545	1.00	100	0
546	1.00	100	0
547	1.00	100	0
548	1.00	100	0
549	1.00	100	0
550	1.00	100	0
551	1.00	100	0
552	1.00	100	0
553	1.00	100	0
554	1.00	100	0
555	1.00	100	0
556	1.00	100	0
557	1.00	100	0
558	1.00	100	0
559	1.00	100	0
560	1.00	100	0
561	1.00	100	0
562	1.00	100	0
563	1.00	100	0
564	1.00	100	0
565	1.00	100	0
566	1.00	100	0
567	1.00	100	0
568	1.00	100	0
569	1.00	100	0
570	1.00	100	0
571	1.00	100	0
572	1.00	100	0
573	1.00	100	0
574	1.00	100	0
575	1.00	100	0
576	1.00	100	0
577	1.00	100	0
578	1.00	100	0
579	1.00	100	0
580	1.00	100	0
581	1.00	100	0
582	1.00	100	0
583	1.00	100	0
584	1.00	100	0
585	1.00	100	0
586	1.00	100	0
587	1.00	100	0
588	1.00	100	0
589	1.00	100	0
590	1.00	100	0
591	1.00	100	0
592	1.00	100	0
593	1.00	100	0
594	1.00	100	0
595	1.00	100	0
596	1.00	100	0
597	1.00	100	0
598	1.00	100	0
599	1.00	100	0
600	1.00	100	0
601	1.00	100	0
602	1.00	100	0
603	1.00	100	0
604	1.00	100	0
605	1.00	100	0
606	1.00	100	0
607	1.00	100	0
608	1.00	100	0
609	1.00	100	0
610	1.00	100	0
611	1.00	100	0
612	1.00	100	0
613	1.00	100	0
614	1.00	100	0
615	1.00	100	0
616	1.00	100	0
617	1.00	100	0
618	1.00	100	0
619	1.00	100	0
620	1.00	100	0
621	1.00	100	0
622	1.00	100	0
623	1.00	100	0
624	1.00	100	0
625	1.00	100	0
626	1.00	100	0
627	1.00	100	0
628	1.00	100	0
629	1.00	100	0
630	1.00	100	0
631	1.00	100	0
632	1.00	100	0
633	1.00	100	0
634	1.00	100	0
635	1.00	100	0
636	1.00	100	0
637	1.00	100	0
638	1.00	100	0
639	1.00	100	0
640	1.00	100	0
641	1.00	100	0
642	1.00	100	0
643	1.00	100	0
644	1.00	100	0
645	1.00	100	0
646	1.00	100	0
647	1.00	100	0
648	1.00	100	0
649	1.00	100	0
650	1.00	100	0
651	1.00	100	0
652	1.00	100	0
653	1.00	100	0
654	1.00	100	0
655	1.00	100	0
656	1.00	100	0
657	1.00	100	0
658	1.00	100	0
659	1.00	100	0
660	1.00	100	0
661	1.00	100	0
662	1.00	100	0
663	1.00	100	0
664	1.00	100	0
665	1.00	100	0
666	1.00	100	0
667	1.00	100	0
668	1.00	100	0
669	1.00	100	0
670	1.00	100	0
671	1.00	100	0
672	1.00	100	0
673	1.00	100	0
674	1.00	100	0
675	1.00	100	0
676	1.00	100	0
677	1.00	100	0
678	1.00	100	0
679	1.00	100	0
680	1.00	100	0
681	1.00	100	0
682	1.00	100	0
683	1.00	100	0
684	1.00	100	0
685	1.00	100	0
686	1.00	100	0
687	1.00	100	0
688	1.00	100	0
689	1.00	100	0
690	1.00	100	0
691	1.00	100	0
692	1.00	100	0
693	1.00	100	0
694	1.00	100	0
695	1.00	100	0
696	1.00	100	0
697	1.00	100	0
698	1.00	100	0
699	1.00	100	0
700	1.00	100	0
701	1.00	100	0
702	1.00	100	0
703	1.00	100	0
704	1.00	100	0
705	1.00	100	0
706	1.00	100	0
707	1.00	100	0
708	1.00	100	0
709	1.00	100	0
710	1.00	100	0
711	1.00	100	0
712	1.00	100	0
713	1.00	100	0
714	1.00	100	0
715	1.00	100	0
716	1.00	100	0
717	1.00	100	0
718	1.00	100	0
719	1.00	100	0
720	1.00	100	0
721	1.00	100	0
722	1.00	100	0
723	1.00	100	0
724	1.00	100	0
725	1.00	100	0
726	1.00	100	0
727	1.00	100	0
728	1.00	100	0
729	1.00	100	0
730	1.00	100	0
731	1.00	100	0
732	1.00	100	0
733	1.00	100	0
734	1.00	100	0
735	1.00	100	0
736	1.00	100	0
737	1.00	100	0
738	1.00	100	0
739	1.00	100	0
740	1.00	100	0
741	1.00	100	0
742	1.00	100	0
743	1.00	100	0
744	1.00	100	0
745	1.00	100	0
746	1.00	100	0
747	1.00	100	0
748	1.00	100	0
749	1.00	100	0
750	1.00	100	0
751	1.00	100	0
752	1.00	100	0
753	1.00	100	0
754	1.00	100	0
755	1.00	100	0
756	1.00	100	0
757	1.00	100	0
758	1.00	100	0
759	1.00	100	0
760	1.00	100	0
761	1.00	100	0
762	1.00	100	0
763	1.00	100	0
764	1.00	100	0
765	1.00	100	0
766	1.00	100	0
767	1.00	100	0
768	1.00	100	0
769	1.00	100	0
770	1.00	100	0
771	1.00	100	0
772	1.00	100	0
773	1.00	100	0
774	1.00	100	0
775	1.00	100	0
776	1.00	100	0
777	1.00	100	0
778	1.00	100	0
779	1.00	100	0
780	1.00	100	0
781	1.00	100	0
782	1.00	100	0
783	1.00	100	0
784	1.00	100	0
785	1.00	100	0
786	1.00	100	0
787	1.00	100	0
788	1.00	100	0
789	1.00	100	0
790	1.00	100	0
791	1.00	100	0
792	1.00	100	0
793	1.00	100	0
794	1.00	100	0
795	1.00	100	0
796	1.00	100	0
797	1.00	100	0
798	1.00	100	0
799	1.00	100	0
800	1.00	100	0
801	1.00	100	0
802	1.00	100	0
803	1.00	100	0
804	1.00	100	0
805	1.00	100	0
806	1.00	100	0
807	1.00	100	0
808	1.00	100	0
809	1.00	100	0
810	1.00	100	0
811	1.00	100	0
812	1.00	100	0
813	1.00	100	0
814	1.00	100	0
815	1.00	100	0
816	1.00	100	0
817	1.00	100	0
818	1.00	100	0
819	1.00	100	0
820	1.00	100	0
821	1.00	100	0
822	1.00	100	0
823	1.00	100	0
824	1.00	100	0
825	1.00	100	0
826	1.00	100	0
827	1.00	100	0
828	1.00	100	0
829	1.00	100	0
830	1.00	100	0
831	1.00	100	0
832	1.00	100	0
833	1.00	100	0
834	1.00	100	0
835	1.00	100	0
836	1.00	100	0
837	1.00	100	0
838	1.00	100	0
839	1.00	100	0
840	1.00	100	0
841	1.00	100	0
842	1.00	100	0
843	1.00	100	0
844	1.00	100	0
845	1.00	100	0
846	1.00	100	0
847	1.00	100	0
848	1.00	100	0
849	1.00	100	0
850	1.00	100	0
851	1.00	100	0
852	1.00	100	0
853	1.00	100	0
854	1.00	100	0
855	1.00	100	0
856	1.00	100	0
857	1.00	100	0
858	1.00	100	0
859	1.00	100	0
860	1.00	100	0
861	1.00	100	0
862	1.00	100	0
863	1.00	100	0
864	1.00	100	0
865	1.00	100	0
866	1.00	100	0
867	1.00	100	0
868	1.00	100	0
869	1.00	100	0
870	1.00	100	0
871	1.00	100	0
872	1.00	100	0
873	1.00	100	0
874	1.00	100	0
875	1.00	100	0
876	1.00	100	0
877	1.00	100	0
878	1.00	100	0
879	1.00	100	0
880	1.00	100	0
881	1.00	100	0
882	1.00	100	0
883	1.00	100	0
884	1.00	100	0
885	1.00	100	0
886	1.00	100	0
887	1.00	100	0
888	1.00	100	0
889	1.00	100	0
890	1.00	100	0
891	1.00	100	0
892	1.00	100	0
893	1.00	100	0
894	1.00	100	0
895	1.00	100	0
896	1.00	100	0
897	1.00	100	0
898	1.00	100	0
899	1.00	100	0
900	1.00	100	0
901	1.00	100	0
902	1.00	100	0
903	1.00	100	0
904	1.00	100	0
905	1.00	100	0
906	1.00	100	0
907	1.00	100	0
908	1.00	100	0
909	1.00	100	0
910	1.00	100	0
911	1.00	100	0
912	1.00	100	0
913	1.00	100	0
914	1.00	100	0
915	1.00	100	0
916	1.00	100	0
917	1.00	100	0
918	1.00	100	0
919	1.00	100	0
920	1.00	100	0
921	1.00	100	0
922	1.00	100	0
923	1.00	100	0
924	1.00	100	0
925	1.00	100	0
926	1.00	100	0
927	1.00	100	0
928	1.00	100	0
929	1.00	100	0
930	1.00	100	0
931	1.00	100	0
932	1.00	100	0
933	1.00	100	0
934	1.00	100	0
935	1.00	100	0
936	1.00	100	0
937	1.00	100	0
938	1.00	100	0
939	1.00	100	0
940	1.00	100	0
941	1.00	100	0
942	1.00	100	0
943	1.00	100	0
944	1.00	100	0
945	1.00	100	0
946	1.00	100	0
947	1.00	100	0
948	1.00	100	0
949	1.00	100	0
950	1.00	100	0
951	1.00	100	0
952	1.00	100	0
953	1.00	100	0
954	1.00	100	0
955	1.00	100	0
956	1.00	100	0
957	1.00	100	0
958	1.00	100	0
959	1.00	100	0
960	1.00	100	0
961	1.00	100	0
962	1.00	100	0
963	1.00	100	0
964	1.00	100	0
965	1.00	100	0
966	1.00	100	0
967	1.00	100	0
968	1.00	100	0
969	1.00	100	0
970	1.00	100	0
971	1.00	100	0
972	1.00	100	0
973	1.00	100	0
974	1.00	100	0
975	1.00	100	0
976	1.00	100	0
977	1.00	100	0
978	1.00	100	0
979	1.00	100	0
980	1.00	100	0
981	1.00	100	0
982	1.00	100	0
983	1.00	100	0
984	1.00	100	0
985	1.00	100	0
986	1.00	100	0
987	1.00	100	0
988	1.00	100	0
989	1.00	100	0
990	1.00	100	0
991	1.00	100	0
992	1.00	100	0
993	1.00	100	0
994	1.00	100	0
995	1.00	100	0
996	1.00	100	0
997	1.00	100	0
998	1.00	100	0
999	1.00	100	0
1000	0.00	100	0
1001	0.00	100	0
1002	0.01	99	1
1003	0.01	99	1
1004	0.02	98	2
1005	0.02	98	2
1006	0.02	98	2
1007	0.02	98	2
1008	0.02	98	2
1009	0.02	98	2
1010	0.02	98	2
1011	0.03	97	3
1012	0.03	97	3
1013	0.03	97	3
1014	0.04	96	4
1015	0.05	95	5
1016	0.05	95	5
1017	0.05	95	5
1018	0.05	95	5
1019	0.05	95	5
1020	0.05	95	5
1021	0.05	95	5
1022	0.05	95	5
1023	0.05	95	5
1024	0.05	95	5
1025	0.05	95	5
1026	0.05	95	5
1027	0.05	95	5
1028	0.05	95	5
1029	0.06	94	6
1030	0.07	93	7
1031	0.07	93	7
1032	0.08	92	8
1033	0.09	91	9
1034	0.09	91	9
1035	0.10	90	10
1036	0.11	89	11
1037	0.12	88	12
1038	0.13	87	13
1039	0.14	86	14
1040	0.15	85	15
1041	0.15	85	15
1042	0.16	84	16
1043	0.17	83	17
1044	0.18	82	18
1045	0.19	81	19
1046	0.19	81	19
1047	0.19	81	19
1048	0.19	81	19
1049	0.20	80	20
1050	0.20	80	20
1051	0.21	79	21
1052	0.22	78	22
1053	0.23	77	23
1054	0.23	77	23
1055	0.24	76	24
1056	0.25	75	25
1057	0.25	75	25
1058	0.26	74	26
1059	0.27	73	27
1060	0.28	72	28
1061	0.29	71	29
1062	0.29	71	29
1063	0.30	70	30
1064	0.31	69	31
1065	0.32	68	32
1066	0.32	68	32
1067	0.33	67	33
1068	0.34	66	34
1069	0.35	65	35
1070	0.36	64	36
1071	0.37	63	37
1072	0.37	63	37
1073	0.38	62	38
1074	0.38	62	38
1075	0.39	61	39
1076	0.39	61	39
1077	0.40	60	40
1078	0.40	60	40
1079	0.41	59	41
1080	0.42	58	42
1081	0.43	57	43
1082	0.44	56	44
1083	0.44	56	44
1084	0.45	55	45
1085	0.46	54	46
1086	0.47	53	47
1087	0.48	52	48
1088	0.49	51	49
1089	0.50	50	50
1090	0.51	49	51
1091	0.52	48	52
1092	0.53	47	53
1093	0.54	46	54
1094	0.55	45	55
1095	0.56	44	56
1096	0.57	43	57
1097	0.57	43	57
1098	0.58	42	58
1099	0.59	41	59
1100	0.60	40	60
1101	0.61	39	61
1102	0.61	39	61
1103	0.62	38	62
1104	0.62	38	62
1105	0.63	37	63
1106	0.64	36	64
1107	0.65	35	65
1108	0.66	34	66
1109	0.67	33	67
1110	0.68	32	68
1111	0.68	32	68
1112	0.69	31	69
1113	0.70	30	70
1114	0.70	30	70
1115	0.70	30	70
1116	0.71	29	71
1117	0.72	28	72
1118	0.73	27	73
1119	0.74	26	74
1120	0.75	25	75
1121	0.76	24	76
1122	0.77	23	77
1123	0.78	22	78
1124	0.79	21	79
1125	0.80	20	80
1126	0.81	19	81
1127	0.82	18	82
1128	0.83	17	83
1129	0.83	17	83
1130	0.83	17	83
1131	0.84	16	84
1132	0.84	16	84
1133	0.84	16	84
1134	0.85	15	85
1135	0.85	15	85
1136	0.85	15	85
1137	0.85	15	85
1138	0.85	15	85
1139	0.85	15	85
1140	0.85	15	85
1141	0.86	14	86
1142	0.86	14	86
1143	0.86	14	86
1144	0.86	14	86
1145	0.86	14	86
1146	0.87	13	87
1147	0.88	12	88
1148	0.89	11	89
1149	0.89	11	89
1150	0.90	10	90
1151	0.90	10	90
1152	0.90	10	90
1153	0.90	10	90
1154	0.91	9	91
1155	0.91	9	91
1156	0.91	9	91
1157	0.92	8	92
1158	0.92	8	92
1159	0.92	8	92
1160	0.92	8	92
1161	0.92	8	92
1162	0.93	7	93
1163	0.93	7	93
1164	0.93	7	93
1165	0.93	7	93
1166	0.94	6	94
1167	0.94	6	94
1168	0.94	6	94
1169	0.94	6	94
1170	0.94	6	94
1171	0.94	6	94
1172	0.95	5	95
1173	0.95	5	95
1174	0.96	4	96
1175	0.96	4	96
1176	0.97	3	97
1177	0.97	3	97
1178	0.98	2	98
1179	0.98	2	98
1180	0.98	2	98
1181	0.98	2	98
1182	0.98	2	98
1183	0.99	1	99
1184	0.99	1	99
1185	0.99	1	99
1186	0.99	1	99
1187	0.99	1	99
1188	0.99	1	99
1189	0.99	1	99
1190	0.99	1	99
1191	0.99	1	99
1192	0.99	1	99
1193	0.99	1	99
1194	0.99	1	99
1195	0.99	1	99
1196	0.99	1	99
1197	1.00	0	100
1198	1.00	0	100
1199	1.00	0	100
1200	1.00	0	100
1201	1.00	0	100
1202	1.00	0	100
1203	1.00	0	100
1204	1.00	0	100
1205	1.00	0	100
1206	1.00	0	100
1207	1.00	0	100
1208	1.00	0	100
1209	1.00	0	100
1210	1.00	0	100
1211	1.00	0	100
1212	1.00	0	100
1213	1.00	0	100
1214	1.00	0	100
1215	1.00	0	100
1216	1.00	0	100
1217	1.00	0	100
1218	1.00	0	100
1219	1.00	0	100
1220	1.00	0	100
1221	1.00	0	100
1222	1.00	0	100
1223	1.00	0	100
1224	1.00	0	100
1225	1.00	0	100
1226	1.00	0	100
1227	1.00	0	100
1228	1.00	0	100
1229	1.00	0	100
1230	1.00	0	100
1231	1.00	0	100
1232	1.00	0	100
1233	1.00	0	100
1234	1.00	0	100
1235	1.00	0	100
1236	1.00	0	100
1237	1.00	0	100
1238	1.00	0	100
1239	1.00	0	100
1240	1.00	0	100
1241	1.00	0	100
1242	1.00	0	100
1243	1.00	0	100
1244	1.00	0	100
1245	1.00	0	100
1246	1.00	0	100
1247	1.00	0	100
1248	1.00	0	100
1249	1.00	0	100
1250	1.00	0	100
1251	1.00	0	100
1252	1.00	0	100
1253	1.00	0	100
1254	1.00	0	100
1255	1.00	0	100
1256	1.00	0	100
1257	1.00	0	100
1258	1.00	0	100
1259	1.00	0	100
1260	1.00	0	100
1261	1.00	0	100
1262	1.00	0	100
1263	1.00	0	100
1264	1.00	0	100
1265	1.00	0	100
1266	1.00	0	100
1267	1.00	0	100
1268	1.00	0	100
1269	1.00	0	100
1270	1.00	0	100
1271	1.00	0	100
1272	1.00	0	100
1273	1.00	0	100
1274	1.00	0	100
1275	1.00	0	100
1276	1.00	0	100
1277	1.00	0	100
1278	1.00	0	100
1279	1.00	0	100
1280	1.00	0	100
1281	1.00	0	100
1282	1.00	0	100
1283	1.00	0	100
1284	1.00	0	100
1285	1.00	0	100
1286	1.00	0	100
1287	1.00	0	100
1288	1.00	0	100
1289	1.00	0	100
1290	1.00	0	100
1291	1.00	0	100
1292	1.00	0	100
1293	1.00	0	100
1294	1.00	0	100
1295	1.00	0	100
1296	1.00	0	100
1297	1.00	0	100
1298	1.00	0	100
1299	1.00	0	100
1300	1.00	0	100
1301	1.00	0	100
1302	1.00	0	100
1303	1.00	0	100
1304	1.00	0	100
1305	1.00	0	100
1306	1.00	0	100
1307	1.00	0	100
1308	1.00	0	100
1309	1.00	0	100
1310	1.00	0	100
1311	1.00	0	100
1312	1.00	0	100
1313	1.00	0	100
1314	1.00	0	100
1315	1.00	0	100
1316	1.00	0	100
1317	1.00	0	100
1318	1.00	0	100
1319	1.00	0	100
1320	1.00	0	100
1321	1.00	0	100
1322	1.00	0	100
1323	1.00	0	100
1324	1.00	0	100
1325	1.00	0	100
1326	1.00	0	100
1327	1.00	0	100
1328	1.00	0	100
1329	1.00	0	100
1330	1.00	0	100
1331	1.00	0	100
1332	1.00	0	100
1333	1.00	0	100
1334	1.00	0	100
1335	1.00	0	100
1336	1.00	0	100
1337	1.00	0	100
1338	1.00	0	100
1339	1.00	0	100
1340	1.00	0	100
1341	1.00	0	100
1342	1.00	0	100
1343	1.00	0	100
1344	1.00	0	100
1345	1.00	0	100
1346	1.00	0	100
1347	1.00	0	100
1348	1.00	0	100
1349	1.00	0	100
1350	1.00	0	100
1351	1.00	0	100
1352	1.00	0	100
1353	1.00	0	100
1354	1.00	0	100
1355	1.00	0	100
1356	1.00	0	100
1357	1.00	0	100
1358	1.00	0	100
1359	1.00	0	100
1360	1.00	0	100
1361	1.00	0	100
1362	1.00	0	100
1363	1.00	0	100
1364	1.00	0	100
1365	1.00	0	100
1366	1.00	0	100
1367	1.00	0	100
1368	1.00	0	100
1369	1.00	0	100
1370	1.00	0	100
1371	1.00	0	100
1372	1.00	0	100
1373	1.00	0	100
1374	1.00	0	100
1375	1.00	0	100
1376	1.00	0	100
1377	1.00	0	100
1378	1.00	0	100
1379	1.00	0	100
1380	1.00	0	100
1381	1.00	0	100
1382	1.00	0	100
1383	1.00	0	100
1384	1.00	0	100
1385	1.00	0	100
1386	1.00	0	100
1387	1.00	0	100
1388	1.00	0	100
1389	1.00	0	100
1390	1.00	0	100
1391	1.00	0	100
1392	1.00	0	100
1393	1.00	0	100
1394	1.00	0	100
1395	1.00	0	100
1396	1.00	0	100
1397	1.00	0	100
1398	1.00	0	100
1399	1.00	0	100
1400	1.00	0	100
1401	1.00	0	100
1402	1.00	0	100
1403	1.00	0	100
1404	1.00	0	100
1405	1.00	0	100
1406	1.00	0	100
1407	1.00	0	100
1408	1.00	0	100
1409	1.00	0	100
1410	1.00	0	100
1411	1.00	0	100
1412	1.00	0	100
1413	1.00	0	100
1414	1.00	0	100
1415	1.00	0	100
1416	1.00	0	100
1417	1.00	0	100
1418	1.00	0	100
1419	1.00	0	100
1420	1.00	0	100
1421	1.00	0	100
1422	1.00	0	100
1423	1.00	0	100
1424	1.00	0	100
1425	1.00	0	100
1426	1.00	0	100
1427	1.00	0	100
1428	1.00	0	100
1429	1.00	0	100
1430	1.00	0	100
1431	1.00	0	100
1432	1.00	0	100
1433	1.00	0	100
1434	1.00	0	100
1435	1.00	0	100
1436	1.00	0	100
1437	1.00	0	100
1438	1.00	0	100
1439	1.00	0	100
1440	1.00	0	100
1441	1.00	0	100
1442	1.00	0	100
1443	1.00	0	100
1444	1.00	0	100
1445	1.00	0	100
1446	1.00	0	100
1447	1.00	0	100
1448	1.00	0	100
1449	1.00	0	100
1450	1.00	0	100
1451	1.00	0	100
1452	1.00	0	100
1453	1.00	0	100
1454	1.00	0	100
1455	1.00	0	100
1456	1.00	0	100
1457	1.00	0	100
1458	1.00	0	100
1459	1.00	0	100
1460	1.00	0	100
1461	1.00	0	100
1462	1.00	0	100
1463	1.00	0	100
1464	1.00	0	100
1465	1.00	0	100
1466	1.00	0	100
1467	1.00	0	100
1468	1.00	0	100
1469	1.00	0	100
1470	1.00	0	100
1471	1.00	0	100
1472	1.00	0	100
1473	1.00	0	100
1474	1.00	0	100
1475	1.00	0	100
1476	1.00	0	100
1477	1.00	0	100
1478	1.00	0	100
1479	1.00	0	100
1480	1.00	0	100
1481	1.00	0	100
1482	1.00	0	100
1483	1.00	0	100
1484	1.00	0	100
1485	1.00	0	100
1486	1.00	0	100
1487	1.00	0	100
1488	1.00	0	100
1489	1.00	0	100
1490	1.00	0	100
1491	1.00	0	100
1492	1.00	0	100
1493	1.00	0	100
1494	1.00	0	100
1495	1.00	0	100
1496	1.00	0	100
1497	1.00	0	100
1498	1.00	0	100
1499	1.00	0	100
1500	1.00	0	100
1501	1.00	0	100
1502	1.00	0	100
1503	1.00	0	100
1504	1.00	0	100
1505	1.00	0	100
1506	1.00	0	100
1507	1.00	0	100
1508	1.00	0	100
1509	1.00	0	100
1510	1.00	0	100
1511	1.00	0	100
1512	1.00	0	100
1513	1.00	0	100
1514	1.00	0	100
1515	1.00	0	100
1516	1.00	0	100
1517	1.00	0	100
1518	1.00	0	100
1519	1.00	0	100
1520	1.00	0	100
1521	1.00	0	100
1522	1.00	0	100
1523	1.00	0	100
1524	1.00	0	100
1525	1.00	0	100
1526	1.00	0	100
1527	1.00	0	100
1528	1.00	0	100
1529	1.00	0	100
1530	1.00	0	100
1531	1.00	0	100
1532	1.00	0	100
1533	1.00	0	100
1534	1.00	0	100
1535	1.00	0	100
1536	1.00	0	100
1537	1.00	0	100
1538	1.00	0	100
1539	1.00	0	100
1540	1.00	0	100
1541	1.00	0	100
1542	1.00	0	100
1543	1.00	0	100
1544	1.00	0	100
1545	1.00	0	100
1546	1.00	0	100
1547	1.00	0	100
1548	1.00	0	100
1549	1.00	0	100
1550	1.00	0	100
1551	1.00	0	100
1552	1.00	0	100
1553	1.00	0	100
1554	1.00	0	100
1555	1.00	0	100
1556	1.00	0	100
1557	1.00	0	100
1558	1.00	0	100
1559	1.00	0	100
1560	1.00	0	100
1561	1.00	0	100
1562	1.00	0	100
1563	1.00	0	100
1564	1.00	0	100
1565	1.00	0	100
1566	1.00	0	100
1567	1.00	0	100
1568	1.00	0	100
1569	1.00	0	100
1570	1.00	0	100
1571	1.00	0	100
1572	1.00	0	100
1573	1.00	0	100
1574	1.00	0	100
1575	1.00	0	100
1576	1.00	0	100
1577	1.00	0	100
1578	1.00	0	100
1579	1.00	0	100
1580	1.00	0	100
1581	1.00	0	100
1582	1.00	0	100
1583	1.00	0	100
1584	1.00	0	100
1585	1.00	0	100
1586	1.00	0	100
1587	1.00	0	100
1588	1.00	0	100
1589	1.00	0	100
1590	1.00	0	100
1591	1.00	0	100
1592	1.00	0	100
1593	1.00	0	100
1594	1.00	0	100
1595	1.00	0	100
1596	1.00	0	100
1597	1.00	0	100
1598	1.00	0	100
1599	1.00	0	100
1600	1.00	0	100
1601	1.00	0	100
1602	1.00	0	100
1603	1.00	0	100
1604	1.00	0	100
1605	1.00	0	100
1606	1.00	0	100
1607	1.00	0	100
1608	1.00	0	100
1609	1.00	0	100
1610	1.00	0	100
1611	1.00	0	100
1612	1.00	0	100
1613	1.00	0	100
1614	1.00	0	100
1615	1.00	0	100
1616	1.00	0	100
1617	1.00	0	100
1618	1.00	0	100
1619	1.00	0	100
1620	1.00	0	100
1621	1.00	0	100
1622	1.00	0	100
1623	1.00	0	100
1624	1.00	0	100
1625	1.00	0	100
1626	1.00	0	100
1627	1.00	0	100
1628	1.00	0	100
1629	1.00	0	100
1630	1.00	0	100
1631	1.00	0	100
1632	1.00	0	100
1633	1.00	0	100
1634	1.00	0	100
1635	1.00	0	100
1636	1.00	0	100
1637	1.00	0	100
1638	1.00	0	100
1639	1.00	0	100
1640	1.00	0	100
1641	1.00	0	100
1642	1.00	0	100
1643	1.00	0	100
1644	1.00	0	100
1645	1.00	0	100
1646	1.00	0	100
1647	1.00	0	100
1648	1.00	0	100
1649	1.00	0	100
1650	1.00	0	100
1651	1.00	0	100
1652	1.00	0	100
1653	1.00	0	100
1654	1.00	0	100
1655	1.00	0	100
1656	1.00	0	100
1657	1.00	0	100
1658	1.00	0	100
1659	1.00	0	100
1660	1.00	0	100
1661	1.00	0	100
1662	1.00	0	100
1663	1.00	0	100
1664	1.00	0	100
1665	1.00	0	100
1666	1.00	0	100
1667	1.00	0	100
1668	1.00	0	100
1669	1.00	0	100
1670	1.00	0	100
1671	1.00	0	100
1672	1.00	0	100
1673	1.00	0	100
1674	1.00	0	100
1675	1.00	0	100
1676	1.00	0	100
1677	1.00	0	100
1678	1.00	0	100
1679	1.00	0	100
1680	1.00	0	100
1681	1.00	0	100
1682	1.00	0	100
1683	1.00	0	100
1684	1.00	0	100
1685	1.00	0	100
1686	1.00	0	100
1687	1.00	0	100
1688	1.00	0	100
1689	1.00	0	100
1690	1.00	0	100
1691	1.00	0	100
1692	1.00	0	100
1693	1.00	0	100
1694	1.00	0	100
1695	1.00	0	100
1696	1.00	0	100
1697	1.00	0	100
1698	1.00	0	100
1699	1.00	0	100
1700	1.00	0	100
1701	1.00	0	100
1702	1.00	0	100
1703	1.00	0	100
1704	1.00	0	100
1705	1.00	0	100
1706	1.00	0	100
1707	1.00	0	100
1708	1.00	0	100
1709	1.00	0	100
1710	1.00	0	100
1711	1.00	0	100
1712	1.00	0	100
1713	1.00	0	100
1714	1.00	0	100
1715	1.00	0	100
1716	1.00	0	100
1717	1.00	0	100
1718	1.00	0	100
1719	1.00	0	100
1720	1.00	0	100
1721	1.00	0	100
1722	1.00	0	100
1723	1.00	0	100
1724	1.00	0	100
1725	1.00	0	100
1726	1.00	0	100
1727	1.00	0	100
1728	1.00	0	100
1729	1.00	0	100
1730	1.00	0	100
1731	1.00	0	100
1732	1.00	0	100
1733	1.00	0	100
1734	1.00	0	100
1735	1.00	0	100
1736	1.00	0	100
1737	1.00	0	100
1738	1.00	0	100
1739	1.00	0	100
1740	1.00	0	100
1741	1.00	0	100
1742	1.00	0	100
1743	1.00	0	100
1744	1.00	0	100
1745	1.00	0	100
1746	1.00	0	100
1747	1.00	0	100
1748	1.00	0	100
1749	1.00	0	100
1750	1.00	0	100
1751	1.00	0	100
1752	1.00	0	100
1753	1.00	0	100
1754	1.00	0	100
1755	1.00	0	100
1756	1.00	0	100
1757	1.00	0	100
1758	1.00	0	100
1759	1.00	0	100
1760	1.00	0	100
1761	1.00	0	100
1762	1.00	0	100
1763	1.00	0	100
1764	1.00	0	100
1765	1.00	0	100
1766	1.00	0	100
1767	1.00	0	100
1768	1.00	0	100
1769	1.00	0	100
1770	1.00	0	100
1771	1.00	0	100
1772	1.00	0	100
1773	1.00	0	100
1774	1.00	0	100
1775	1.00	0	100
1776	1.00	0	100
1777	1.00	0	100
1778	1.00	0	100
1779	1.00	0	100
1780	1.00	0	100
1781	1.00	0	100
1782	1.00	0	100
1783	1.00	0	100
1784	1.00	0	100
1785	1.00	0	100
1786	1.00	0	100
1787	1.00	0	100
1788	1.00	0	100
1789	1.00	0	100
1790	1.00	0	100
1791	1.00	0	100
1792	1.00	0	100
1793	1.00	0	100
1794	1.00	0	100
1795	1.00	0	100
1796	1.00	0	100
1797	1.00	0	100
1798	1.00	0	100
1799	1.00	0	100
1800	1.00	0	100
1801	1.00	0	100
1802	1.00	0	100
1803	1.00	0	100
1804	1.00	0	100
1805	1.00	0	100
1806	1.00	0	100
1807	1.00	0	100
1808	1.00	0	100
1809	1.00	0	100
1810	1.00	0	100
1811	1.00	0	100
1812	1.00	0	100
1813	1.00	0	100
1814	1.00	0	100
1815	1.00	0	100
1816	1.00	0	100
1817	1.00	0	100
1818	1.00	0	100
1819	1.00	0	100
1820	1.00	0	100
1821	1.00	0	100
1822	1.00	0	100
1823	1.00	0	100
1824	1.00	0	100
1825	1.00	0	100
1826	1.00	0	100
1827	1.00	0	100
1828	1.00	0	100
1829	1.00	0	100
1830	1.00	0	100
1831	1.00	0	100
1832	1.00	0	100
1833	1.00	0	100
1834	1.00	0	100
1835	1.00	0	100
1836	1.00	0	100
1837	1.00	0	100
1838	1.00	0	100
1839	1.00	0	100
1840	1.00	0	100
1841	1.00	0	100
1842	1.00	0	100
1843	1.00	0	100
1844	1.00	0	100
1845	1.00	0	100
1846	1.00	0	100
1847	1.00	0	100
1848	1.00	0	100
1849	1.00	0	100
1850	1.00	0	100
1851	1.00	0	100
1852	1.00	0	100
1853	1.00	0	100
1854	1.00	0	100
1855	1.00	0	100
1856	1.00	0	100
1857	1.00	0	100
1858	1.00	0	100
1859	1.00	0	100
1860	1.00	0	100
1861	1.00	0	100
1862	1.00	0	100
1863	1.00	0	100
1864	1.00	0	100
1865	1.00	0	100
1866	1.00	0	100
1867	1.00	0	100
1868	1.00	0	100
1869	1.00	0	100
1870	1.00	0	100
1871	1.00	0	100
1872	1.00	0	100
1873	1.00	0	100
1874	1.00	0	100
1875	1.00	0	100
1876	1.00	0	100
1877	1.00	0	100
1878	1.00	0	100
1879	1.00	0	100
1880	1.00	0	100
1881	1.00	0	100
1882	1.00	0	100
1883	1.00	0	100
1884	1.00	0	100
1885	1.00	0	100
1886	1.00	0	100
1887	1.00	0	100
1888	1.00	0	100
1889	1.00	0	100
1890	1.00	0	100
1891	1.00	0	100
1892	1.00	0	100
1893	1.00	0	100
1894	1.00	0	100
1895	1.00	0	100
1896	1.00	0	100
1897	1.00	0	100
1898	1.00	0	100
1899	1.00	0	100
1900	1.00	0	100
1901	1.00	0	100
1902	1.00	0	100
1903	1.00	0	100
1904	1.00	0	100
1905	1.00	0	100
1906	1.00	0	100
1907	1.00	0	100
1908	1.00	0	100
1909	1.00	0	100
1910	1.00	0	100
1911	1.00	0	100
1912	1.00	0	100
1913	1.00	0	100
1914	1.00	0	100
1915	1.00	0	100
1916	1.00	0	100
1917	1.00	0	100
1918	1.00	0	100
1919	1.00	0	100
1920	1.00	0	100
1921	1.00	0	100
1922	1.00	0	100
1923	1.00	0	100
1924	1.00	0	100
1925	1.00	0	100
1926	1.00	0	100
1927	1.00	0	100
1928	1.00	0	100
1929	1.00	0	100
1930	1.00	0	100
1931	1.00	0	100
1932	1.00	0	100
1933	1.00	0	100
1934	1.00	0	100
1935	1.00	0	100
1936	1.00	0	100
1937	1.00	0	100
1938	1.00	0	100
1939	1.00	0	100
1940	1.00	0	100
1941	1.00	0	100
1942	1.00	0	100
1943	1.00	0	100
1944	1.00	0	100
1945	1.00	0	100
1946	1.00	0	100
1947	1.00	0	100
1948	1.00	0	100
1949	1.00	0	100
1950	1.00	0	100
1951	1.00	0	100
1952	1.00	0	100
1953	1.00	0	100
1954	1.00	0	100
1955	1.00	0	100
1956	1.00	0	100
1957	1.00	0	100
1958	1.00	0	100
1959	1.00	0	100
1960	1.00	0	100
1961	1.00	0	100
1962	1.00	0	100
1963	1.00	0	100
1964	1.00	0	100
1965	1.00	0	100
1966	1.00	0	100
1967	1.00	0	100
1968	1.00	0	100
1969	1.00	0	100
1970	1.00	0	100
1971	1.00	0	100
1972	1.00	0	100
1973	1.00	0	100
1974	1.00	0	100
1975	1.00	0	100
1976	1.00	0	100
1977	1.00	0	100
1978	1.00	0	100
1979	1.00	0	100
1980	1.00	0	100
1981	1.00	0	100
1982	1.00	0	100
1983	1.00	0	100
1984	1.00	0	100
1985	1.00	0	100
1986	1.00	0	100
1987	1.00	0	100
1988	1.00	0	100
1989	1.00	0	100
1990	1.00	0	100
1991	1.00	0	100
1992	1.00	0	100
1993	1.00	0	100
1994	1.00	0	100
1995	1.00	0	100
1996	1.00	0	100
1997	1.00	0	100
1998	1.00	0	100
1999	1.00	0	100
2000	0.01	1	99
2001	0.01	1	99
2002	0.01	1	99
2003	0.02	2	98
2004	0.02	2	98
2005	0.02	2	98
2006	0.03	3	97
2007	0.03	3	97
2008	0.03	3	97
2009	0.03	3	97
2010	0.03	3	97
2011	0.04	4	96
2012	0.04	4	96
2013	0.04	4	96
2014	0.04	4	96
2015	0.04	4	96
2016	0.04	4	96
2017	0.04	4	96
2018	0.04	4	96
2019	0.05	5	95
2020	0.06	6	94
2021	0.06	6	94
2022	0.06	6	94
2023	0.06	6	94
2024	0.07	7	93
2025	0.08	8	92
2026	0.08	8	92
2027	0.09	9	91
2028	0.09	9	91
2029	0.09	9	91
2030	0.09	9	91
2031	0.09	9	91
2032	0.09	9	91
2033	0.09	9	91
2034	0.10	10	90
2035	0.10	10	90
2036	0.11	11	89
2037	0.11	11	89
2038	0.11	11	89
2039	0.11	11	89
2040	0.11	11	89
2041	0.11	11	89
2042	0.12	12	88
2043	0.13	13	87
2044	0.13	13	87
2045	0.13	13	87
2046	0.13	13	87
2047	0.13	13	87
2048	0.13	13	87
2049	0.13	13	87
2050	0.13	13	87
2051	0.13	13	87
2052	0.14	14	86
2053	0.15	15	85
2054	0.15	15	85
2055	0.15	15	85
2056	0.15	15	85
2057	0.16	16	84
2058	0.16	16	84
2059	0.17	17	83
2060	0.17	17	83
2061	0.18	18	82
2062	0.18	18	82
2063	0.18	18	82
2064	0.19	19	81
2065	0.19	19	81
2066	0.20	20	80
2067	0.21	21	79
2068	0.21	21	79
2069	0.22	22	78
2070	0.22	22	78
2071	0.23	23	77
2072	0.24	24	76
2073	0.24	24	76
2074	0.24	24	76
2075	0.25	25	75
2076	0.25	25	75
2077	0.26	26	74
2078	0.27	27	73
2079	0.27	27	73
2080	0.28	28	72
2081	0.29	29	71
2082	0.30	30	70
2083	0.31	31	69
2084	0.32	32	68
2085	0.33	33	67
2086	0.34	34	66
2087	0.34	34	66
2088	0.34	34	66
2089	0.34	34	66
2090	0.35	35	65
2091	0.35	35	65
2092	0.35	35	65
2093	0.36	36	64
2094	0.37	37	63
2095	0.38	38	62
2096	0.39	39	61
2097	0.40	40	60
2098	0.41	41	59
2099	0.42	42	58
2100	0.42	42	58
2101	0.43	43	57
2102	0.44	44	56
2103	0.44	44	56
2104	0.45	45	55
2105	0.46	46	54
2106	0.46	46	54
2107	0.47	47	53
2108	0.48	48	52
2109	0.49	49	51
2110	0.50	50	50
2111	0.50	50	50
2112	0.51	51	49
2113	0.52	52	48
2114	0.53	53	47
2115	0.54	54	46
2116	0.55	55	45
2117	0.56	56	44
2118	0.57	57	43
2119	0.57	57	43
2120	0.57	57	43
2121	0.58	58	42
2122	0.59	59	41
2123	0.60	60	40
2124	0.60	60	40
2125	0.60	60	40
2126	0.61	61	39
2127	0.61	61	39
2128	0.62	62	38
2129	0.63	63	37
2130	0.64	64	36
2131	0.65	65	35
2132	0.66	66	34
2133	0.67	67	33
2134	0.67	67	33
2135	0.68	68	32
2136	0.68	68	32
2137	0.69	69	31
2138	0.70	70	30
2139	0.71	71	29
2140	0.72	72	28
2141	0.73	73	27
2142	0.73	73	27
2143	0.73	73	27
2144	0.74	74	26
2145	0.75	75	25
2146	0.76	76	24
2147	0.77	77	23
2148	0.78	78	22
2149	0.79	79	21
2150	0.80	80	20
2151	0.81	81	19
2152	0.81	81	19
2153	0.81	81	19
2154	0.82	82	18
2155	0.83	83	17
2156	0.84	84	16
2157	0.84	84	16
2158	0.85	85	15
2159	0.85	85	15
2160	0.86	86	14
2161	0.86	86	14
2162	0.87	87	13
2163	0.88	88	12
2164	0.88	88	12
2165	0.89	89	11
2166	0.89	89	11
2167	0.89	89	11
2168	0.90	90	10
2169	0.90	90	10
2170	0.91	91	9
2171	0.91	91	9
2172	0.91	91	9
2173	0.92	92	8
2174	0.93	93	7
2175	0.93	93	7
2176	0.94	94	6
2177	0.94	94	6
2178	0.94	94	6
2179	0.95	95	5
2180	0.95	95	5
2181	0.95	95	5
2182	0.95	95	5
2183	0.95	95	5
2184	0.95	95	5
2185	0.95	95	5
2186	0.95	95	5
2187	0.96	96	4
2188	0.97	97	3
2189	0.98	98	2
2190	0.98	98	2
2191	0.99	99	1
2192	1.00	100	0
2193	1.00	100	0
2194	1.00	100	0
2195	1.00	100	0
2196	1.00	100	0
2197	1.00	100	0
2198	1.00	100	0
2199	1.00	100	0
2200	1.00	100	0
2201	1.00	100	0
2202	1.00	100	0
2203	1.00	100	0
2204	1.00	100	0
2205	1.00	100	0
2206	1.00	100	0
2207	1.00	100	0
2208	1.00	100	0
2209	1.00	100	0
2210	1.00	100	0
2211	1.00	100	0
2212	1.00	100	0
2213	1.00	100	0
2214	1.00	100	0
2215	1.00	100	0
2216	1.00	100	0
2217	1.00	100	0
2218	1.00	100	0
2219	1.00	100	0
2220	1.00	100	0
2221	1.00	100	0
2222	1.00	100	0
2223	1.00	100	0
2224	1.00	100	0
2225	1.00	100	0
2226	1.00	100	0
2227	1.00	100	0
2228	1.00	100	0
2229	1.00	100	0
2230	1.00	100	0
2231	1.00	100	0
2232	1.00	100	0
2233	1.00	100	0
2234	1.00	100	0
2235	1.00	100	0
2236	1.00	100	0
2237	1.00	100	0
2238	1.00	100	0
2239	1.00	100	0
2240	1.00	100	0
2241	1.00	100	0
2242	1.00	100	0
2243	1.00	100	0
2244	1.00	100	0
2245	1.00	100	0
2246	1.00	100	0
2247	1.00	100	0
2248	1.00	100	0
2249	1.00	100	0
2250	1.00	100	0
2251	1.00	100	0
2252	1.00	100	0
2253	1.00	100	0
2254	1.00	100	0
2255	1.00	100	0
2256	1.00	100	0
2257	1.00	100	0
2258	1.00	100	0
2259	1.00	100	0
2260	1.00	100	0
2261	1.00	100	0
2262	1.00	100	0
2263	1.00	100	0
2264	1.00	100	0
2265	1.00	100	0
2266	1.00	100	0
2267	1.00	100	0
2268	1.00	100	0
2269	1.00	100	0
2270	1.00	100	0
2271	1.00	100	0
2272	1.00	100	0
2273	1.00	100	0
2274	1.00	100	0
2275	1.00	100	0
2276	1.00	100	0
2277	1.00	100	0
2278	1.00	100	0
2279	1.00	100	0
2280	1.00	100	0
2281	1.00	100	0
2282	1.00	100	0
2283	1.00	100	0
2284	1.00	100	0
2285	1.00	100	0
2286	1.00	100	0
2287	1.00	100	0
2288	1.00	100	0
2289	1.00	100	0
2290	1.00	100	0
2291	1.00	100	0
2292	1.00	100	0
2293	1.00	100	0
2294	1.00	100	0
2295	1.00	100	0
2296	1.00	100	0
2297	1.00	100	0
2298	1.00	100	0
2299	1.00	100	0
2300	1.00	100	0
2301	1.00	100	0
2302	1.00	100	0
2303	1.00	100	0
2304	1.00	100	0
2305	1.00	100	0
2306	1.00	100	0
2307	1.00	100	0
2308	1.00	100	0
2309	1.00	100	0
2310	1.00	100	0
2311	1.00	100	0
2312	1.00	100	0
2313	1.00	100	0
2314	1.00	100	0
2315	1.00	100	0
2316	1.00	100	0
2317	1.00	100	0
2318	1.00	100	0
2319	1.00	100	0
2320	1.00	100	0
2321	1.00	100	0
2322	1.00	100	0
2323	1.00	100	0
2324	1.00	100	0
2325	1.00	100	0
2326	1.00	100	0
2327	1.00	100	0
2328	1.00	100	0
2329	1.00	100	0
2330	1.00	100	0
2331	1.00	100	0
2332	1.00	100	0
2333	1.00	100	0
2334	1.00	100	0
2335	1.00	100	0
2336	1.00	100	0
2337	1.00	100	0
2338	1.00	100	0
2339	1.00	100	0
2340	1.00	100	0
2341	1.00	100	0
2342	1.00	100	0
2343	1.00	100	0
2344	1.00	100	0
2345	1.00	100	0
2346	1.00	100	0
2347	1.00	100	0
2348	1.00	100	0
2349	1.00	100	0
2350	1.00	100	0
2351	1.00	100	0
2352	1.00	100	0
2353	1.00	100	0
2354	1.00	100	0
2355	1.00	100	0
2356	1.00	100	0
2357	1.00	100	0
2358	1.00	100	0
2359	1.00	100	0
2360	1.00	100	0
2361	1.00	100	0
2362	1.00	100	0
2363	1.00	100	0
2364	1.00	100	0
2365	1.00	100	0
2366	1.00	100	0
2367	1.00	100	0
2368	1.00	100	0
2369	1.00	100	0
2370	1.00	100	0
2371	1.00	100	0
2372	1.00	100	0
2373	1.00	100	0
2374	1.00	100	0
2375	1.00	100	0
2376	1.00	100	0
2377	1.00	100	0
2378	1.00	100	0
2379	1.00	100	0
2380	1.00	100	0
2381	1.00	100	0
2382	1.00	100	0
2383	1.00	100	0
2384	1.00	100	0
2385	1.00	100	0
2386	1.00	100	0
2387	1.00	100	0
2388	1.00	100	0
2389	1.00	100	0
2390	1.00	100	0
2391	1.00	100	0
2392	1.00	100	0
2393	1.00	100	0
2394	1.00	100	0
2395	1.00	100	0
2396	1.00	100	0
2397	1.00	100	0
2398	1.00	100	0
2399	1.00	100	0
2400	1.00	100	0
2401	1.00	100	0
2402	1.00	100	0
2403	1.00	100	0
2404	1.00	100	0
2405	1.00	100	0
2406	1.00	100	0
2407	1.00	100	0
2408	1.00	100	0
2409	1.00	100	0
2410	1.00	100	0
2411	1.00	100	0
2412	1.00	100	0
2413	1.00	100	0
2414	1.00	100	0
2415	1.00	100	0
2416	1.00	100	0
2417	1.00	100	0
2418	1.00	100	0
2419	1.00	100	0
2420	1.00	100	0
2421	1.00	100	0
2422	1.00	100	0
2423	1.00	100	0
2424	1.00	100	0
2425	1.00	100	0
2426	1.00	100	0
2427	1.00	100	0
2428	1.00	100	0
2429	1.00	100	0
2430	1.00	100	0
2431	1.00	100	0
2432	1.00	100	0
2433	1.00	100	0
2434	1.00	100	0
2435	1.00	100	0
2436	1.00	100	0
2437	1.00	100	0
2438	1.00	100	0
2439	1.00	100	0
2440	1.00	100	0
2441	1.00	100	0
2442	1.00	100	0
2443	1.00	100	0
2444	1.00	100	0
2445	1.00	100	0
2446	1.00	100	0
2447	1.00	100	0
2448	1.00	100	0
2449	1.00	100	0
2450	1.00	100	0
2451	1.00	100	0
2452	1.00	100	0
2453	1.00	100	0
2454	1.00	100	0
2455	1.00	100	0
2456	1.00	100	0
2457	1.00	100	0
2458	1.00	100	0
2459	1.00	100	0
2460	1.00	100	0
2461	1.00	100	0
2462	1.00	100	0
2463	1.00	100	0
2464	1.00	100	0
2465	1.00	100	0
2466	1.00	100	0
2467	1.00	100	0
2468	1.00	100	0
2469	1.00	100	0
2470	1.00	100	0
2471	1.00	100	0
2472	1.00	100	0
2473	1.00	100	0
2474	1.00	100	0
2475	1.00	100	0
2476	1.00	100	0
2477	1.00	100	0
2478	1.00	100	0
2479	1.00	100	0
2480	1.00	100	0
2481	1.00	100	0
2482	1.00	100	0
2483	1.00	100	0
2484	1.00	100	0
2485	1.00	100	0
2486	1.00	100	0
2487	1.00	100	0
2488	1.00	100	0
2489	1.00	100	0
2490	1.00	100	0
2491	1.00	100	0
2492	1.00	100	0
2493	1.00	100	0
2494	1.00	100	0
2495	1.00	100	0
2496	1.00	100	0
2497	1.00	100	0
2498	1.00	100	0
2499	1.00	100	0
2500	1.00	100	0
2501	1.00	100	0
2502	1.00	100	0
2503	1.00	100	0
2504	1.00	100	0
2505	1.00	100	0
2506	1.00	100	0
2507	1.00	100	0
2508	1.00	100	0
2509	1.00	100	0
2510	1.00	100	0
2511	1.00	100	0
2512	1.00	100	0
2513	1.00	100	0
2514	1.00	100	0
2515	1.00	100	0
2516	1.00	100	0
2517	1.00	100	0
2518	1.00	100	0
2519	1.00	100	0
2520	1.00	100	0
2521	1.00	100	0
2522	1.00	100	0
2523	1.00	100	0
2524	1.00	100	0
2525	1.00	100	0
2526	1.00	100	0
2527	1.00	100	0
2528	1.00	100	0
2529	1.00	100	0
2530	1.00	100	0
2531	1.00	100	0
2532	1.00	100	0
2533	1.00	100	0
2534	1.00	100	0
2535	1.00	100	0
2536	1.00	100	0
2537	1.00	100	0
2538	1.00	100	0
2539	1.00	100	0
2540	1.00	100	0
2541	1.00	100	0
2542	1.00	100	0
2543	1.00	100	0
2544	1.00	100	0
2545	1.00	100	0
2546	1.00	100	0
2547	1.00	100	0
2548	1.00	100	0
2549	1.00	100	0
2550	1.00	100	0
2551	1.00	100	0
2552	1.00	100	0
2553	1.00	100	0
2554	1.00	100	0
2555	1.00	100	0
2556	1.00	100	0
2557	1.00	100	0
2558	1.00	100	0
2559	1.00	100	0
2560	1.00	100	0
2561	1.00	100	0
2562	1.00	100	0
2563	1.00	100	0
2564	1.00	100	0
2565	1.00	100	0
2566	1.00	100	0
2567	1.00	100	0
2568	1.00	100	0
2569	1.00	100	0
2570	1.00	100	0
2571	1.00	100	0
2572	1.00	100	0
2573	1.00	100	0
2574	1.00	100	0
2575	1.00	100	0
2576	1.00	100	0
2577	1.00	100	0
2578	1.00	100	0
2579	1.00	100	0
2580	1.00	100	0
2581	1.00	100	0
2582	1.00	100	0
2583	1.00	100	0
2584	1.00	100	0
2585	1.00	100	0
2586	1.00	100	0
2587	1.00	100	0
2588	1.00	100	0
2589	1.00	100	0
2590	1.00	100	0
2591	1.00	100	0
2592	1.00	100	0
2593	1.00	100	0
2594	1.00	100	0
2595	1.00	100	0
2596	1.00	100	0
2597	1.00	100	0
2598	1.00	100	0
2599	1.00	100	0
2600	1.00	100	0
2601	1.00	100	0
2602	1.00	100	0
2603	1.00	100	0
2604	1.00	100	0
2605	1.00	100	0
2606	1.00	100	0
2607	1.00	100	0
2608	1.00	100	0
2609	1.00	100	0
2610	1.00	100	0
2611	1.00	100	0
2612	1.00	100	0
2613	1.00	100	0
2614	1.00	100	0
2615	1.00	100	0
2616	1.00	100	0
2617	1.00	100	0
2618	1.00	100	0
2619	1.00	100	0
2620	1.00	100	0
2621	1.00	100	0
2622	1.00	100	0
2623	1.00	100	0
2624	1.00	100	0
2625	1.00	100	0
2626	1.00	100	0
2627	1.00	100	0
2628	1.00	100	0
2629	1.00	100	0
2630	1.00	100	0
2631	1.00	100	0
2632	1.00	100	0
2633	1.00	100	0
2634	1.00	100	0
2635	1.00	100	0
2636	1.00	100	0
2637	1.00	100	0
2638	1.00	100	0
2639	1.00	100	0
2640	1.00	100	0
2641	1.00	100	0
2642	1.00	100	0
2643	1.00	100	0
2644	1.00	100	0
2645	1.00	100	0
2646	1.00	100	0
2647	1.00	100	0
2648	1.00	100	0
2649	1.00	100	0
2650	1.00	100	0
2651	1.00	100	0
2652	1.00	100	0
2653	1.00	100	0
2654	1.00	100	0
2655	1.00	100	0
2656	1.00	100	0
2657	1.00	100	0
2658	1.00	100	0
2659	1.00	100	0
2660	1.00	100	0
2661	1.00	100	0
2662	1.00	100	0
2663	1.00	100	0
2664	1.00	100	0
2665	1.00	100	0
2666	1.00	100	0
2667	1.00	100	0
2668	1.00	100	0
2669	1.00	100	0
2670	1.00	100	0
2671	1.00	100	0
2672	1.00	100	0
2673	1.00	100	0
2674	1.00	100	0
2675	1.00	100	0
2676	1.00	100	0
2677	1.00	100	0
2678	1.00	100	0
2679	1.00	100	0
2680	1.00	100	0
2681	1.00	100	0
2682	1.00	100	0
2683	1.00	100	0
2684	1.00	100	0
2685	1.00	100	0
2686	1.00	100	0
2687	1.00	100	0
2688	1.00	100	0
2689	1.00	100	0
2690	1.00	100	0
2691	1.00	100	0
2692	1.00	100	0
2693	1.00	100	0
2694	1.00	100	0
2695	1.00	100	0
2696	1.00	100	0
2697	1.00	100	0
2698	1.00	100	0
2699	1.00	100	0
2700	1.00	100	0
2701	1.00	100	0
2702	1.00	100	0
2703	1.00	100	0
2704	1.00	100	0
2705	1.00	100	0
2706	1.00	100	0
2707	1.00	100	0
2708	1.00	100	0
2709	1.00	100	0
2710	1.00	100	0
2711	1.00	100	0
2712	1.00	100	0
2713	1.00	100	0
2714	1.00	100	0
2715	1.00	100	0
2716	1.00	100	0
2717	1.00	100	0
2718	1.00	100	0
2719	1.00	100	0
2720	1.00	100	0
2721	1.00	100	0
2722	1.00	100	0
2723	1.00	100	0
2724	1.00	100	0
2725	1.00	100	0
2726	1.00	100	0
2727	1.00	100	0
2728	1.00	100	0
2729	1.00	100	0
2730	1.00	100	0
2731	1.00	100	0
2732	1.00	100	0
2733	1.00	100	0
2734	1.00	100	0
2735	1.00	100	0
2736	1.00	100	0
2737	1.00	100	0
2738	1.00	100	0
2739	1.00	100	0
2740	1.00	100	0
2741	1.00	100	0
2742	1.00	100	0
2743	1.00	100	0
2744	1.00	100	0
2745	1.00	100	0
2746	1.00	100	0
2747	1.00	100	0
2748	1.00	100	0
2749	1.00	100	0
2750	1.00	100	0
2751	1.00	100	0
2752	1.00	100	0
2753	1.00	100	0
2754	1.00	100	0
2755	1.00	100	0
2756	1.00	100	0
2757	1.00	100	0
2758	1.00	100	0
2759	1.00	100	0
2760	1.00	100	0
2761	1.00	100	0
2762	1.00	100	0
2763	1.00	100	0
2764	1.00	100	0
2765	1.00	100	0
2766	1.00	100	0
2767	1.00	100	0
2768	1.00	100	0
2769	1.00	100	0
2770	1.00	100	0
2771	1.00	100	0
2772	1.00	100	0
2773	1.00	100	0
2774	1.00	100	0
2775	1.00	100	0
2776	1.00	100	0
2777	1.00	100	0
2778	1.00	100	0
2779	1.00	100	0
2780	1.00	100	0
2781	1.00	100	0
2782	1.00	100	0
2783	1.00	100	0
2784	1.00	100	0
2785	1.00	100	0
2786	1.00	100	0
2787	1.00	100	0
2788	1.00	100	0
2789	1.00	100	0
2790	1.00	100	0
2791	1.00	100	0
2792	1.00	100	0
2793	1.00	100	0
2794	1.00	100	0
2795	1.00	100	0
2796	1.00	100	0
2797	1.00	100	0
2798	1.00	100	0
2799	1.00	100	0
2800	1.00	100	0
2801	1.00	100	0
2802	1.00	100	0
2803	1.00	100	0
2804	1.00	100	0
2805	1.00	100	0
2806	1.00	100	0
2807	1.00	100	0
2808	1.00	100	0
2809	1.00	100	0
2810	1.00	100	0
2811	1.00	100	0
2812	1.00	100	0
2813	1.00	100	0
2814	1.00	100	0
2815	1.00	100	0
2816	1.00	100	0
2817	1.00	100	0
2818	1.00	100	0
2819	1.00	100	0
2820	1.00	100	0
2821	1.00	100	0
2822	1.00	100	0
2823	1.00	100	0
2824	1.00	100	0
2825	1.00	100	0
2826	1.00	100	0
2827	1.00	100	0
2828	1.00	100	0
2829	1.00	100	0
2830	1.00	100	0
2831	1.00	100	0
2832	1.00	100	0
2833	1.00	100	0
2834	1.00	100	0
2835	1.00	100	0
2836	1.00	100	0
2837	1.00	100	0
2838	1.00	100	0
2839	1.00	100	0
2840	1.00	100	0
2841	1.00	100	0
2842	1.00	100	0
2843	1.00	100	0
2844	1.00	100	0
2845	1.00	100	0
2846	1.00	100	0
2847	1.00	100	0
2848	1.00	100	0
2849	1.00	100	0
2850	1.00	100	0
2851	1.00	100	0
2852	1.00	100	0
2853	1.00	100	0
2854	1.00	100	0
2855	1.00	100	0
2856	1.00	100	0
2857	1.00	100	0
2858	1.00	100	0
2859	1.00	100	0
2860	1.00	100	0
2861	1.00	100	0
2862	1.00	100	0
2863	1.00	100	0
2864	1.00	100	0
2865	1.00	100	0
2866	1.00	100	0
2867	1.00	100	0
2868	1.00	100	0
2869	1.00	100	0
2870	1.00	100	0
2871	1.00	100	0
2872	1.00	100	0
2873	1.00	100	0
2874	1.00	100	0
2875	1.00	100	0
2876	1.00	100	0
2877	1.00	100	0
2878	1.00	100	0
2879	1.00	100	0
2880	1.00	100	0
2881	1.00	100	0
2882	1.00	100	0
2883	1.00	100	0
2884	1.00	100	0
2885	1.00	100	0
2886	1.00	100	0
2887	1.00	100	0
2888	1.00	100	0
2889	1.00	100	0
2890	1.00	100	0
2891	1.00	100	0
2892	1.00	100	0
2893	1.00	100	0
2894	1.00	100	0
2895	1.00	100	0
2896	1.00	100	0
2897	1.00	100	0
2898	1.00	100	0
2899	1.00	100	0
2900	1.00	100	0
2901	1.00	100	0
2902	1.00	100	0
2903	1.00	100	0
2904	1.00	100	0
2905	1.00	100	0
2906	1.00	100	0
2907	1.00	100	0
2908	1.00	100	0
2909	1.00	100	0
2910	1.00	100	0
2911	1.00	100	0
2912	1.00	100	0
2913	1.00	100	0
2914	1.00	100	0
2915	1.00	100	0
2916	1.00	100	0
2917	1.00	100	0
2918	1.00	100	0
2919	1.00	100	0
2920	1.00	100	0
2921	1.00	100	0
2922	1.00	100	0
2923	1.00	100	0
2924	1.00	100	0
2925	1.00	100	0
2926	1.00	100	0
2927	1.00	100	0
2928	1.00	100	0
2929	1.00	100	0
2930	1.00	100	0
2931	1.00	100	0
2932	1.00	100	0
2933	1.00	100	0
2934	1.00	100	0
2935	1.00	100	0
2936	1.00	100	0
2937	1.00	100	0
2938	1.00	100	0
2939	1.00	100	0
2940	1.00	100	0
2941	1.00	100	0
2942	1.00	100	0
2943	1.00	100	0
2944	1.00	100	0
2945	1.00	100	0
2946	1.00	100	0
2947	1.00	100	0
2948	1.00	100	0
2949	1.00	100	0
2950	1.00	100	0
2951	1.00	100	0
2952	1.00	100	0
2953	1.00	100	0
2954	1.00	100	0
2955	1.00	100	0
2956	1.00	100	0
2957	1.00	100	0
2958	1.00	100	0
2959	1.00	100	0
2960	1.00	100	0
2961	1.00	100	0
2962	1.00	100	0
2963	1.00	100	0
2964	1.00	100	0
2965	1.00	100	0
2966	1.00	100	0
2967	1.00	100	0
2968	1.00	100	0
2969	1.00	100	0
2970	1.00	100	0
2971	1.00	100	0
2972	1.00	100	0
2973	1.00	100	0
2974	1.00	100	0
2975	1.00	100	0
2976	1.00	100	0
2977	1.00	100	0
2978	1.00	100	0
2979	1.00	100	0
2980	1.00	100	0
2981	1.00	100	0
2982	1.00	100	0
2983	1.00	100	0
2984	1.00	100	0
2985	1.00	100	0
2986	1.00	100	0
2987	1.00	100	0
2988	1.00	100	0
2989	1.00	100	0
2990	1.00	100	0
2991	1.00	100	0
2992	1.00	100	0
2993	1.00	100	0
2994	1.00	100	0
2995	1.00	100	0
2996	1.00	100	0
2997	1.00	100	0
2998	1.00	100	0
2999	1.00	100	0
3000	0.00	100	0
3001	0.00	100	0
3002	0.00	100	0
3003	0.00	100	0
3004	0.00	100	0
3005	0.00	100	0
3006	0.00	100	0
3007	0.00	100	0
3008	0.00	100	0
3009	0.00	100	0
3010	0.00	100	0
3011	0.01	99	1
3012	0.01	99	1
3013	0.01	99	1
3014	0.02	98	2
3015	0.02	98	2
3016	0.03	97	3
3017	0.03	97	3
3018	0.03	97	3
3019	0.04	96	4
3020	0.04	96	4
3021	0.05	95	5
3022	0.05	95	5
3023	0.05	95	5
3024	0.06	94	6
3025	0.06	94	6
3026	0.06	94	6
3027	0.06	94	6
3028	0.06	94	6
3029	0.06	94	6
3030	0.06	94	6
3031	0.06	94	6
3032	0.06	94	6
3033	0.06	94	6
3034	0.06	94	6
3035	0.07	93	7
3036	0.07	93	7
3037	0.07	93	7
3038	0.08	92	8
3039	0.08	92	8
3040	0.08	92	8
3041	0.08	92	8
3042	0.08	92	8
3043	0.08	92	8
3044	0.09	91	9
3045	0.09	91	9
3046	0.09	91	9
3047	0.09	91	9
3048	0.09	91	9
3049	0.10	90	10
3050	0.10	90	10
3051	0.11	89	11
3052	0.12	88	12
3053	0.12	88	12
3054	0.13	87	13
3055	0.14	86	14
3056	0.14	86	14
3057	0.15	85	15
3058	0.16	84	16
3059	0.17	83	17
3060	0.17	83	17
3061	0.17	83	17
3062	0.17	83	17
3063	0.18	82	18
3064	0.18	82	18
3065	0.19	81	19
3066	0.19	81	19
3067	0.20	80	20
3068	0.21	79	21
3069	0.21	79	21
3070	0.22	78	22
3071	0.23	77	23
3072	0.23	77	23
3073	0.23	77	23
3074	0.24	76	24
3075	0.24	76	24
3076	0.25	75	25
3077	0.26	74	26
3078	0.26	74	26
3079	0.27	73	27
3080	0.28	72	28
3081	0.29	71	29
3082	0.29	71	29
3083	0.29	71	29
3084	0.30	70	30
3085	0.30	70	30
3086	0.31	69	31
3087	0.32	68	32
3088	0.33	67	33
3089	0.34	66	34
3090	0.35	65	35
3091	0.36	64	36
3092	0.37	63	37
3093	0.38	62	38
3094	0.39	61	39
3095	0.40	60	40
3096	0.41	59	41
3097	0.42	58	42
3098	0.43	57	43
3099	0.44	56	44
3100	0.45	55	45
3101	0.46	54	46
3102	0.46	54	46
3103	0.47	53	47
3104	0.48	52	48
3105	0.49	51	49
3106	0.50	50	50
3107	0.51	49	51
3108	0.52	48	52
3109	0.53	47	53
3110	0.54	46	54
3111	0.54	46	54
3112	0.55	45	55
3113	0.55	45	55
3114	0.55	45	55
3115	0.56	44	56
3116	0.56	44	56
3117	0.57	43	57
3118	0.58	42	58
3119	0.58	42	58
3120	0.59	41	59
3121	0.59	41	59
3122	0.60	40	60
3123	0.61	39	61
3124	0.61	39	61
3125	0.62	38	62
3126	0.63	37	63
3127	0.64	36	64
3128	0.65	35	65
3129	0.66	34	66
3130	0.67	33	67
3131	0.68	32	68
3132	0.69	31	69
3133	0.70	30	70
3134	0.71	29	71
3135	0.71	29	71
3136	0.71	29	71
3137	0.72	28	72
3138	0.72	28	72
3139	0.73	27	73
3140	0.74	26	74
3141	0.75	25	75
3142	0.76	24	76
3143	0.77	23	77
3144	0.77	23	77
3145	0.78	22	78
3146	0.79	21	79
3147	0.80	20	80
3148	0.81	19	81
3149	0.81	19	81
3150	0.82	18	82
3151	0.82	18	82
3152	0.82	18	82
3153	0.83	17	83
3154	0.83	17	83
3155	0.83	17	83
3156	0.84	16	84
3157	0.84	16	84
3158	0.84	16	84
3159	0.84	16	84
3160	0.85	15	85
3161	0.86	14	86
3162	0.87	13	87
3163	0.87	13	87
3164	0.88	12	88
3165	0.88	12	88
3166	0.89	11	89
3167	0.89	11	89
3168	0.89	11	89
3169	0.90	10	90
3170	0.90	10	90
3171	0.90	10	90
3172	0.91	9	91
3173	0.92	8	92
3174	0.92	8	92
3175	0.93	7	93
3176	0.93	7	93
3177	0.93	7	93
3178	0.94	6	94
3179	0.94	6	94
3180	0.94	6	94
3181	0.94	6	94
3182	0.95	5	95
3183	0.96	4	96
3184	0.96	4	96
3185	0.97	3	97
3186	0.97	3	97
3187	0.97	3	97
3188	0.97	3	97
3189	0.97	3	97
3190	0.97	3	97
3191	0.97	3	97
3192	0.97	3	97
3193	0.97	3	97
3194	0.97	3	97
3195	0.97	3	97
3196	0.97	3	97
3197	0.97	3	97
3198	0.97	3	97
3199	0.97	3	97
3200	0.97	3	97
3201	0.97	3	97
3202	0.98	2	98
3203	0.98	2	98
3204	0.98	2	98
3205	0.98	2	98
3206	0.98	2	98
3207	0.98	2	98
3208	0.98	2	98
3209	0.98	2	98
3210	0.98	2	98
3211	0.98	2	98
3212	0.98	2	98
3213	0.99	1	99
3214	0.99	1	99
3215	0.99	1	99
3216	0.99	1	99
3217	0.99	1	99
3218	0.99	1	99
3219	0.99	1	99
3220	0.99	1	99
3221	0.99	1	99
3222	0.99	1	99
3223	0.99	1	99
3224	0.99	1	99
3225	0.99	1	99
3226	0.99	1	99
3227	0.99	1	99
3228	0.99	1	99
3229	0.99	1	99
3230	0.99	1	99
3231	0.99	1	99
3232	0.99	1	99
3233	0.99	1	99
3234	0.99	1	99
3235	0.99	1	99
3236	1.00	0	100
3237	1.00	0	100
3238	1.00	0	100
3239	1.00	0	100
3240	1.00	0	100
3241	1.00	0	100
3242	1.00	0	100
3243	1.00	0	100
3244	1.00	0	100
3245	1.00	0	100
3246	1.00	0	100
3247	1.00	0	100
3248	1.00	0	100
3249	1.00	0	100
3250	1.00	0	100
3251	1.00	0	100
3252	1.00	0	100
3253	1.00	0	100
3254	1.00	0	100
3255	1.00	0	100
3256	1.00	0	100
3257	1.00	0	100
3258	1.00	0	100
3259	1.00	0	100
3260	1.00	0	100
3261	1.00	0	100
3262	1.00	0	100
3263	1.00	0	100
3264	1.00	0	100
3265	1.00	0	100
3266	1.00	0	100
3267	1.00	0	100
3268	1.00	0	100
3269	1.00	0	100
3270	1.00	0	100
3271	1.00	0	100
3272	1.00	0	100
3273	1.00	0	100
3274	1.00	0	100
3275	1.00	0	100
3276	1.00	0	100
3277	1.00	0	100
3278	1.00	0	100
3279	1.00	0	100
3280	1.00	0	100
3281	1.00	0	100
3282	1.00	0	100
3283	1.00	0	100
3284	1.00	0	100
3285	1.00	0	100
3286	1.00	0	100
3287	1.00	0	100
3288	1.00	0	100
3289	1.00	0	100
3290	1.00	0	100
3291	1.00	0	100
3292	1.00	0	100
3293	1.00	0	100
3294	1.00	0	100
3295	1.00	0	100
3296	1.00	0	100
3297	1.00	0	100
3298	1.00	0	100
3299	1.00	0	100
3300	1.00	0	100
3301	1.00	0	100
3302	1.00	0	100
3303	1.00	0	100
3304	1.00	0	100
3305	1.00	0	100
3306	1.00	0	100
3307	1.00	0	100
3308	1.00	0	100
3309	1.00	0	100
3310	1.00	0	100
3311	1.00	0	100
3312	1.00	0	100
3313	1.00	0	100
3314	1.00	0	100
3315	1.00	0	100
3316	1.00	0	100
3317	1.00	0	100
3318	1.00	0	100
3319	1.00	0	100
3320	1.00	0	100
3321	1.00	0	100
3322	1.00	0	100
3323	1.00	0	100
3324	1.00	0	100
3325	1.00	0	100
3326	1.00	0	100
3327	1.00	0	100
3328	1.00	0	100
3329	1.00	0	100
3330	1.00	0	100
3331	1.00	0	100
3332	1.00	0	100
3333	1.00	0	100
3334	1.00	0	100
3335	1.00	0	100
3336	1.00	0	100
3337	1.00	0	100
3338	1.00	0	100
3339	1.00	0	100
3340	1.00	0	100
3341	1.00	0	100
3342	1.00	0	100
3343	1.00	0	100
3344	1.00	0	100
3345	1.00	0	100
3346	1.00	0	100
3347	1.00	0	100
3348	1.00	0	100
3349	1.00	0	100
3350	1.00	0	100
3351	1.00	0	100
3352	1.00	0	100
3353	1.00	0	100
3354	1.00	0	100
3355	1.00	0	100
3356	1.00	0	100
3357	1.00	0	100
3358	1.00	0	100
3359	1.00	0	100
3360	1.00	0	100
3361	1.00	0	100
3362	1.00	0	100
3363	1.00	0	100
3364	1.00	0	100
3365	1.00	0	100
3366	1.00	0	100
3367	1.00	0	100
3368	1.00	0	100
3369	1.00	0	100
3370	1.00	0	100
3371	1.00	0	100
3372	1.00	0	100
3373	1.00	0	100
3374	1.00	0	100
3375	1.00	0	100
3376	1.00	0	100
3377	1.00	0	100
3378	1.00	0	100
3379	1.00	0	100
3380	1.00	0	100
3381	1.00	0	100
3382	1.00	0	100
3383	1.00	0	100
3384	1.00	0	100
3385	1.00	0	100
3386	1.00	0	100
3387	1.00	0	100
3388	1.00	0	100
3389	1.00	0	100
3390	1.00	0	100
3391	1.00	0	100
3392	1.00	0	100
3393	1.00	0	100
3394	1.00	0	100
3395	1.00	0	100
3396	1.00	0	100
3397	1.00	0	100
3398	1.00	0	100
3399	1.00	0	100
3400	1.00	0	100
3401	1.00	0	100
3402	1.00	0	100
3403	1.00	0	100
3404	1.00	0	100
3405	1.00	0	100
3406	1.00	0	100
3407	1.00	0	100
3408	1.00	0	100
3409	1.00	0	100
3410	1.00	0	100
3411	1.00	0	100
3412	1.00	0	100
3413	1.00	0	100
3414	1.00	0	100
3415	1.00	0	100
3416	1.00	0	100
3417	1.00	0	100
3418	1.00	0	100
3419	1.00	0	100
3420	1.00	0	100
3421	1.00	0	100
3422	1.00	0	100
3423	1.00	0	100
3424	1.00	0	100
3425	1.00	0	100
3426	1.00	0	100
3427	1.00	0	100
3428	1.00	0	100
3429	1.00	0	100
3430	1.00	0	100
3431	1.00	0	100
3432	1.00	0	100
3433	1.00	0	100
3434	1.00	0	100
3435	1.00	0	100
3436	1.00	0	100
3437	1.00	0	100
3438	1.00	0	100
3439	1.00	0	100
3440	1.00	0	100
3441	1.00	0	100
3442	1.00	0	100
3443	1.00	0	100
3444	1.00	0	100
3445	1.00	0	100
3446	1.00	0	100
3447	1.00	0	100
3448	1.00	0	100
3449	1.00	0	100
3450	1.00	0	100
3451	1.00	0	100
3452	1.00	0	100
3453	1.00	0	100
3454	1.00	0	100
3455	1.00	0	100
3456	1.00	0	100
3457	1.00	0	100
3458	1.00	0	100
3459	1.00	0	100
3460	1.00	0	100
3461	1.00	0	100
3462	1.00	0	100
3463	1.00	0	100
3464	1.00	0	100
3465	1.00	0	100
3466	1.00	0	100
3467	1.00	0	100
3468	1.00	0	100
3469	1.00	0	100
3470	1.00	0	100
3471	1.00	0	100
3472	1.00	0	100
3473	1.00	0	100
3474	1.00	0	100
3475	1.00	0	100
3476	1.00	0	100
3477	1.00	0	100
3478	1.00	0	100
3479	1.00	0	100
3480	1.00	0	100
3481	1.00	0	100
3482	1.00	0	100
3483	1.00	0	100
3484	1.00	0	100
3485	1.00	0	100
3486	1.00	0	100
3487	1.00	0	100
3488	1.00	0	100
3489	1.00	0	100
3490	1.00	0	100
3491	1.00	0	100
3492	1.00	0	100
3493	1.00	0	100
3494	1.00	0	100
3495	1.00	0	100
3496	1.00	0	100
3497	1.00	0	100
3498	1.00	0	100
3499	1.00	0	100
3500	1.00	0	100
3501	1.00	0	100
3502	1.00	0	100
3503	1.00	0	100
3504	1.00	0	100
3505	1.00	0	100
3506	1.00	0	100
3507	1.00	0	100
3508	1.00	0	100
3509	1.00	0	100
3510	1.00	0	100
3511	1.00	0	100
3512	1.00	0	100
3513	1.00	0	100
3514	1.00	0	100
3515	1.00	0	100
3516	1.00	0	100
3517	1.00	0	100
3518	1.00	0	100
3519	1.00	0	100
3520	1.00	0	100
3521	1.00	0	100
3522	1.00	0	100
3523	1.00	0	100
3524	1.00	0	100
3525	1.00	0	100
3526	1.00	0	100
3527	1.00	0	100
3528	1.00	0	100
3529	1.00	0	100
3530	1.00	0	100
3531	1.00	0	100
3532	1.00	0	100
3533	1.00	0	100
3534	1.00	0	100
3535	1.00	0	100
3536	1.00	0	100
3537	1.00	0	100
3538	1.00	0	100
3539	1.00	0	100
3540	1.00	0	100
3541	1.00	0	100
3542	1.00	0	100
3543	1.00	0	100
3544	1.00	0	100
3545	1.00	0	100
3546	1.00	0	100
3547	1.00	0	100
3548	1.00	0	100
3549	1.00	0	100
3550	1.00	0	100
3551	1.00	0	100
3552	1.00	0	100
3553	1.00	0	100
3554	1.00	0	100
3555	1.00	0	100
3556	1.00	0	100
3557	1.00	0	100
3558	1.00	0	100
3559	1.00	0	100
3560	1.00	0	100
3561	1.00	0	100
3562	1.00	0	100
3563	1.00	0	100
3564	1.00	0	100
3565	1.00	0	100
3566	1.00	0	100
3567	1.00	0	100
3568	1.00	0	100
3569	1.00	0	100
3570	1.00	0	100
3571	1.00	0	100
3572	1.00	0	100
3573	1.00	0	100
3574	1.00	0	100
3575	1.00	0	100
3576	1.00	0	100
3577	1.00	0	100
3578	1.00	0	100
3579	1.00	0	100
3580	1.00	0	100
3581	1.00	0	100
3582	1.00	0	100
3583	1.00	0	100
3584	1.00	0	100
3585	1.00	0	100
3586	1.00	0	100
3587	1.00	0	100
3588	1.00	0	100
3589	1.00	0	100
3590	1.00	0	100
3591	1.00	0	100
3592	1.00	0	100
3593	1.00	0	100
3594	1.00	0	100
3595	1.00	0	100
3596	1.00	0	100
3597	1.00	0	100
3598	1.00	0	100
3599	1.00	0	100
3600	1.00	0	100
3601	1.00	0	100
3602	1.00	0	100
3603	1.00	0	100
3604	1.00	0	100
3605	1.00	0	100
3606	1.00	0	100
3607	1.00	0	100
3608	1.00	0	100
3609	1.00	0	100
3610	1.00	0	100
3611	1.00	0	100
3612	1.00	0	100
3613	1.00	0	100
3614	1.00	0	100
3615	1.00	0	100
3616	1.00	0	100
3617	1.00	0	100
3618	1.00	0	100
3619	1.00	0	100
3620	1.00	0	100
3621	1.00	0	100
3622	1.00	0	100
3623	1.00	0	100
3624	1.00	0	100
3625	1.00	0	100
3626	1.00	0	100
3627	1.00	0	100
3628	1.00	0	100
3629	1.00	0	100
3630	1.00	0	100
3631	1.00	0	100
3632	1.00	0	100
3633	1.00	0	100
3634	1.00	0	100
3635	1.00	0	100
3636	1.00	0	100
3637	1.00	0	100
3638	1.00	0	100
3639	1.00	0	100
3640	1.00	0	100
3641	1.00	0	100
3642	1.00	0	100
3643	1.00	0	100
3644	1.00	0	100
3645	1.00	0	100
3646	1.00	0	100
3647	1.00	0	100
3648	1.00	0	100
3649	1.00	0	100
3650	1.00	0	100
3651	1.00	0	100
3652	1.00	0	100
3653	1.00	0	100
3654	1.00	0	100
3655	1.00	0	100
3656	1.00	0	100
3657	1.00	0	100
3658	1.00	0	100
3659	1.00	0	100
3660	1.00	0	100
3661	1.00	0	100
3662	1.00	0	100
3663	1.00	0	100
3664	1.00	0	100
3665	1.00	0	100
3666	1.00	0	100
3667	1.00	0	100
3668	1.00	0	100
3669	1.00	0	100
3670	1.00	0	100
3671	1.00	0	100
3672	1.00	0	100
3673	1.00	0	100
3674	1.00	0	100
3675	1.00	0	100
3676	1.00	0	100
3677	1.00	0	100
3678	1.00	0	100
3679	1.00	0	100
3680	1.00	0	100
3681	1.00	0	100
3682	1.00	0	100
3683	1.00	0	100
3684	1.00	0	100
3685	1.00	0	100
3686	1.00	0	100
3687	1.00	0	100
3688	1.00	0	100
3689	1.00	0	100
3690	1.00	0	100
3691	1.00	0	100
3692	1.00	0	100
3693	1.00	0	100
3694	1.00	0	100
3695	1.00	0	100
3696	1.00	0	100
3697	1.00	0	100
3698	1.00	0	100
3699	1.00	0	100
3700	1.00	0	100
3701	1.00	0	100
3702	1.00	0	100
3703	1.00	0	100
3704	1.00	0	100
3705	1.00	0	100
3706	1.00	0	100
3707	1.00	0	100
3708	1.00	0	100
3709	1.00	0	100
3710	1.00	0	100
3711	1.00	0	100
3712	1.00	0	100
3713	1.00	0	100
3714	1.00	0	100
3715	1.00	0	100
3716	1.00	0	100
3717	1.00	0	100
3718	1.00	0	100
3719	1.00	0	100
3720	1.00	0	100
3721	1.00	0	100
3722	1.00	0	100
3723	1.00	0	100
3724	1.00	0	100
3725	1.00	0	100
3726	1.00	0	100
3727	1.00	0	100
3728	1.00	0	100
3729	1.00	0	100
3730	1.00	0	100
3731	1.00	0	100
3732	1.00	0	100
3733	1.00	0	100
3734	1.00	0	100
3735	1.00	0	100
3736	1.00	0	100
3737	1.00	0	100
3738	1.00	0	100
3739	1.00	0	100
3740	1.00	0	100
3741	1.00	0	100
3742	1.00	0	100
3743	1.00	0	100
3744	1.00	0	100
3745	1.00	0	100
3746	1.00	0	100
3747	1.00	0	100
3748	1.00	0	100
3749	1.00	0	100
3750	1.00	0	100
3751	1.00	0	100
3752	1.00	0	100
3753	1.00	0	100
3754	1.00	0	100
3755	1.00	0	100
3756	1.00	0	100
3757	1.00	0	100
3758	1.00	0	100
3759	1.00	0	100
3760	1.00	0	100
3761	1.00	0	100
3762	1.00	0	100
3763	1.00	0	100
3764	1.00	0	100
3765	1.00	0	100
3766	1.00	0	100
3767	1.00	0	100
3768	1.00	0	100
3769	1.00	0	100
3770	1.00	0	100
3771	1.00	0	100
3772	1.00	0	100
3773	1.00	0	100
3774	1.00	0	100
3775	1.00	0	100
3776	1.00	0	100
3777	1.00	0	100
3778	1.00	0	100
3779	1.00	0	100
3780	1.00	0	100
3781	1.00	0	100
3782	1.00	0	100
3783	1.00	0	100
3784	1.00	0	100
3785	1.00	0	100
3786	1.00	0	100
3787	1.00	0	100
3788	1.00	0	100
3789	1.00	0	100
3790	1.00	0	100
3791	1.00	0	100
3792	1.00	0	100
3793	1.00	0	100
3794	1.00	0	100
3795	1.00	0	100
3796	1.00	0	100
3797	1.00	0	100
3798	1.00	0	100
3799	1.00	0	100
3800	1.00	0	100
3801	1.00	0	100
3802	1.00	0	100
3803	1.00	0	100
3804	1.00	0	100
3805	1.00	0	100
3806	1.00	0	100
3807	1.00	0	100
3808	1.00	0	100
3809	1.00	0	100
3810	1.00	0	100
3811	1.00	0	100
3812	1.00	0	100
3813	1.00	0	100
3814	1.00	0	100
3815	1.00	0	100
3816	1.00	0	100
3817	1.00	0	100
3818	1.00	0	100
3819	1.00	0	100
3820	1.00	0	100
3821	1.00	0	100
3822	1.00	0	100
3823	1.00	0	100
3824	1.00	0	100
3825	1.00	0	100
3826	1.00	0	100
3827	1.00	0	100
3828	1.00	0	100
3829	1.00	0	100
3830	1.00	0	100
3831	1.00	0	100
3832	1.00	0	100
3833	1.00	0	100
3834	1.00	0	100
3835	1.00	0	100
3836	1.00	0	100
3837	1.00	0	100
3838	1.00	0	100
3839	1.00	0	100
3840	1.00	0	100
3841	1.00	0	100
3842	1.00	0	100
3843	1.00	0	100
3844	1.00	0	100
3845	1.00	0	100
3846	1.00	0	100
3847	1.00	0	100
3848	1.00	0	100
3849	1.00	0	100
3850	1.00	0	100
3851	1.00	0	100
3852	1.00	0	100
3853	1.00	0	100
3854	1.00	0	100
3855	1.00	0	100
3856	1.00	0	100
3857	1.00	0	100
3858	1.00	0	100
3859	1.00	0	100
3860	1.00	0	100
3861	1.00	0	100
3862	1.00	0	100
3863	1.00	0	100
3864	1.00	0	100
3865	1.00	0	100
3866	1.00	0	100
3867	1.00	0	100
3868	1.00	0	100
3869	1.00	0	100
3870	1.00	0	100
3871	1.00	0	100
3872	1.00	0	100
3873	1.00	0	100
3874	1.00	0	100
3875	1.00	0	100
3876	1.00	0	100
3877	1.00	0	100
3878	1.00	0	100
3879	1.00	0	100
3880	1.00	0	100
3881	1.00	0	100
3882	1.00	0	100
3883	1.00	0	100
3884	1.00	0	100
3885	1.00	0	100
3886	1.00	0	100
3887	1.00	0	100
3888	1.00	0	100
3889	1.00	0	100
3890	1.00	0	100
3891	1.00	0	100
3892	1.00	0	100
3893	1.00	0	100
3894	1.00	0	100
3895	1.00	0	100
3896	1.00	0	100
3897	1.00	0	100
3898	1.00	0	100
3899	1.00	0	100
3900	1.00	0	100
3901	1.00	0	100
3902	1.00	0	100
3903	1.00	0	100
3904	1.00	0	100
3905	1.00	0	100
3906	1.00	0	100
3907	1.00	0	100
3908	1.00	0	100
3909	1.00	0	100
3910	1.00	0	100
3911	1.00	0	100
3912	1.00	0	100
3913	1.00	0	100
3914	1.00	0	100
3915	1.00	0	100
3916	1.00	0	100
3917	1.00	0	100
3918	1.00	0	100
3919	1.00	0	100
3920	1.00	0	100
3921	1.00	0	100
3922	1.00	0	100
3923	1.00	0	100
3924	1.00	0	100
3925	1.00	0	100
3926	1.00	0	100
3927	1.00	0	100
3928	1.00	0	100
3929	1.00	0	100
3930	1.00	0	100
3931	1.00	0	100
3932	1.00	0	100
3933	1.00	0	100
3934	1.00	0	100
3935	1.00	0	100
3936	1.00	0	100
3937	1.00	0	100
3938	1.00	0	100
3939	1.00	0	100
3940	1.00	0	100
3941	1.00	0	100
3942	1.00	0	100
3943	1.00	0	100
3944	1.00	0	100
3945	1.00	0	100
3946	1.00	0	100
3947	1.00	0	100
3948	1.00	0	100
3949	1.00	0	100
3950	1.00	0	100
3951	1.00	0	100
3952	1.00	0	100
3953	1.00	0	100
3954	1.00	0	100
3955	1.00	0	100
3956	1.00	0	100
3957	1.00	0	100
3958	1.00	0	100
3959	1.00	0	100
3960	1.00	0	100
3961	1.00	0	100
3962	1.00	0	100
3963	1.00	0	100
3964	1.00	0	100
3965	1.00	0	100
3966	1.00	0	100
3967	1.00	0	100
3968	1.00	0	100
3969	1.00	0	100
3970	1.00	0	100
3971	1.00	0	100
3972	1.00	0	100
3973	1.00	0	100
3974	1.00	0	100
3975	1.00	0	100
3976	1.00	0	100
3977	1.00	0	100
3978	1.00	0	100
3979	1.00	0	100
3980	1.00	0	100
3981	1.00	0	100
3982	1.00	0	100
3983	1.00	0	100
3984	1.00	0	100
3985	1.00	0	100
3986	1.00	0	100
3987	1.00	0	100
3988	1.00	0	100
3989	1.00	0	100
3990	1.00	0	100
3991	1.00	0	100
3992	1.00	0	100
3993	1.00	0	100
3994	1.00	0	100
3995	1.00	0	100
3996	1.00	0	100
3997	1.00	0	100
3998	1.00	0	100
3999	1.00	0	100
4000	0.00	0	100
4001	0.01	1	99
4002	0.01	1	99
4003	0.01	1	99
4004	0.01	1	99
4005	0.02	2	98
4006	0.03	3	97
4007	0.03	3	97
4008	0.03	3	97
4009	0.04	4	96
4010	0.05	5	95
4011	0.06	6	94
4012	0.06	6	94
4013	0.06	6	94
4014	0.06	6	94
4015	0.07	7	93
4016	0.07	7	93
4017	0.07	7	93
4018	0.08	8	92
4019	0.08	8	92
4020	0.08	8	92
4021	0.08	8	92
4022	0.08	8	92
4023	0.08	8	92
4024	0.08	8	92
4025	0.09	9	91
4026	0.09	9	91
4027	0.09	9	91
4028	0.09	9	91
4029	0.09	9	91
4030	0.09	9	91
4031	0.09	9	91
4032	0.09	9	91
4033	0.09	9	91
4034	0.10	10	90
4035	0.11	11	89
4036	0.12	12	88
4037	0.13	13	87
4038	0.13	13	87
4039	0.13	13	87
4040	0.13	13	87
4041	0.14	14	86
4042	0.14	14	86
4043	0.14	14	86
4044	0.15	15	85
4045	0.15	15	85
4046	0.15	15	85
4047	0.15	15	85
4048	0.15	15	85
4049	0.15	15	85
4050	0.16	16	84
4051	0.16	16	84
4052	0.16	16	84
4053	0.17	17	83
4054	0.17	17	83
4055	0.17	17	83
4056	0.18	18	82
4057	0.19	19	81
4058	0.19	19	81
4059	0.19	19	81
4060	0.20	20	80
4061	0.21	21	79
4062	0.22	22	78
4063	0.23	23	77
4064	0.23	23	77
4065	0.24	24	76
4066	0.25	25	75
4067	0.26	26	74
4068	0.26	26	74
4069	0.26	26	74
4070	0.26	26	74
4071	0.27	27	73
4072	0.28	28	72
4073	0.29	29	71
4074	0.29	29	71
4075	0.29	29	71
4076	0.29	29	71
4077	0.30	30	70
4078	0.31	31	69
4079	0.32	32	68
4080	0.33	33	67
4081	0.34	34	66
4082	0.35	35	65
4083	0.35	35	65
4084	0.36	36	64
4085	0.37	37	63
4086	0.38	38	62
4087	0.39	39	61
4088	0.40	40	60
4089	0.41	41	59
4090	0.42	42	58
4091	0.42	42	58
4092	0.43	43	57
4093	0.44	44	56
4094	0.45	45	55
4095	0.46	46	54
4096	0.47	47	53
4097	0.47	47	53
4098	0.48	48	52
4099	0.49	49	51
4100	0.50	50	50
4101	0.50	50	50
4102	0.51	51	49
4103	0.52	52	48
4104	0.53	53	47
4105	0.53	53	47
4106	0.53	53	47
4107	0.54	54	46
4108	0.55	55	45
4109	0.55	55	45
4110	0.55	55	45
4111	0.55	55	45
4112	0.55	55	45
4113	0.56	56	44
4114	0.57	57	43
4115	0.57	57	43
4116	0.58	58	42
4117	0.59	59	41
4118	0.58	58	42
4119	0.59	59	41
4120	0.60	60	40
4121	0.61	61	39
4122	0.62	62	38
4123	0.63	63	37
4124	0.64	64	36
4125	0.64	64	36
4126	0.65	65	35
4127	0.66	66	34
4128	0.67	67	33
4129	0.68	68	32
4130	0.69	69	31
4131	0.70	70	30
4132	0.71	71	29
4133	0.72	72	28
4134	0.72	72	28
4135	0.72	72	28
4136	0.72	72	28
4137	0.72	72	28
4138	0.73	73	27
4139	0.74	74	26
4140	0.75	75	25
4141	0.75	75	25
4142	0.76	76	24
4143	0.77	77	23
4144	0.77	77	23
4145	0.78	78	22
4146	0.79	79	21
4147	0.80	80	20
4148	0.81	81	19
4149	0.82	82	18
4150	0.82	82	18
4151	0.83	83	17
4152	0.84	84	16
4153	0.84	84	16
4154	0.85	85	15
4155	0.86	86	14
4156	0.86	86	14
4157	0.86	86	14
4158	0.87	87	13
4159	0.88	88	12
4160	0.88	88	12
4161	0.88	88	12
4162	0.88	88	12
4163	0.88	88	12
4164	0.89	89	11
4165	0.89	89	11
4166	0.89	89	11
4167	0.89	89	11
4168	0.90	90	10
4169	0.91	91	9
4170	0.92	92	8
4171	0.92	92	8
4172	0.92	92	8
4173	0.92	92	8
4174	0.93	93	7
4175	0.94	94	6
4176	0.95	95	5
4177	0.95	95	5
4178	0.95	95	5
4179	0.95	95	5
4180	0.95	95	5
4181	0.95	95	5
4182	0.95	95	5
4183	0.96	96	4
4184	0.96	96	4
4185	0.96	96	4
4186	0.96	96	4
4187	0.96	96	4
4188	0.96	96	4
4189	0.96	96	4
4190	0.96	96	4
4191	0.97	97	3
4192	0.97	97	3
4193	0.97	97	3
4194	0.97	97	3
4195	0.97	97	3
4196	0.97	97	3
4197	0.98	98	2
4198	0.98	98	2
4199	0.98	98	2
4200	0.98	98	2
4201	0.98	98	2
4202	0.98	98	2
4203	0.98	98	2
4204	0.98	98	2
4205	0.98	98	2
4206	0.98	98	2
4207	0.98	98	2
4208	0.98	98	2
4209	0.98	98	2
4210	0.98	98	2
4211	0.98	98	2
4212	0.99	99	1
4213	0.99	99	1
4214	0.99	99	1
4215	0.99	99	1
4216	0.99	99	1
4217	0.99	99	1
4218	1.00	100	0
4219	1.00	100	0
4220	1.00	100	0
4221	1.00	100	0
4222	1.00	100	0
4223	1.00	100	0
4224	1.00	100	0
4225	1.00	100	0
4226	1.00	100	0
4227	1.00	100	0
4228	1.00	100	0
4229	1.00	100	0
4230	1.00	100	0
4231	1.00	100	0
4232	1.00	100	0
4233	1.00	100	0
4234	1.00	100	0
4235	1.00	100	0
4236	1.00	100	0
4237	1.00	100	0
4238	1.00	100	0
4239	1.00	100	0
4240	1.00	100	0
4241	1.00	100	0
4242	1.00	100	0
4243	1.00	100	0
4244	1.00	100	0
4245	1.00	100	0
4246	1.00	100	0
4247	1.00	100	0
4248	1.00	100	0
4249	1.00	100	0
4250	1.00	100	0
4251	1.00	100	0
4252	1.00	100	0
4253	1.00	100	0
4254	1.00	100	0
4255	1.00	100	0
4256	1.00	100	0
4257	1.00	100	0
4258	1.00	100	0
4259	1.00	100	0
4260	1.00	100	0
4261	1.00	100	0
4262	1.00	100	0
4263	1.00	100	0
4264	1.00	100	0
4265	1.00	100	0
4266	1.00	100	0
4267	1.00	100	0
4268	1.00	100	0
4269	1.00	100	0
4270	1.00	100	0
4271	1.00	100	0
4272	1.00	100	0
4273	1.00	100	0
4274	1.00	100	0
4275	1.00	100	0
4276	1.00	100	0
4277	1.00	100	0
4278	1.00	100	0
4279	1.00	100	0
4280	1.00	100	0
4281	1.00	100	0
4282	1.00	100	0
4283	1.00	100	0
4284	1.00	100	0
4285	1.00	100	0
4286	1.00	100	0
4287	1.00	100	0
4288	1.00	100	0
4289	1.00	100	0
4290	1.00	100	0
4291	1.00	100	0
4292	1.00	100	0
4293	1.00	100	0
4294	1.00	100	0
4295	1.00	100	0
4296	1.00	100	0
4297	1.00	100	0
4298	1.00	100	0
4299	1.00	100	0
4300	1.00	100	0
4301	1.00	100	0
4302	1.00	100	0
4303	1.00	100	0
4304	1.00	100	0
4305	1.00	100	0
4306	1.00	100	0
4307	1.00	100	0
4308	1.00	100	0
4309	1.00	100	0
4310	1.00	100	0
4311	1.00	100	0
4312	1.00	100	0
4313	1.00	100	0
4314	1.00	100	0
4315	1.00	100	0
4316	1.00	100	0
4317	1.00	100	0
4318	1.00	100	0
4319	1.00	100	0
4320	1.00	100	0
4321	1.00	100	0
4322	1.00	100	0
4323	1.00	100	0
4324	1.00	100	0
4325	1.00	100	0
4326	1.00	100	0
4327	1.00	100	0
4328	1.00	100	0
4329	1.00	100	0
4330	1.00	100	0
4331	1.00	100	0
4332	1.00	100	0
4333	1.00	100	0
4334	1.00	100	0
4335	1.00	100	0
4336	1.00	100	0
4337	1.00	100	0
4338	1.00	100	0
4339	1.00	100	0
4340	1.00	100	0
4341	1.00	100	0
4342	1.00	100	0
4343	1.00	100	0
4344	1.00	100	0
4345	1.00	100	0
4346	1.00	100	0
4347	1.00	100	0
4348	1.00	100	0
4349	1.00	100	0
4350	1.00	100	0
4351	1.00	100	0
4352	1.00	100	0
4353	1.00	100	0
4354	1.00	100	0
4355	1.00	100	0
4356	1.00	100	0
4357	1.00	100	0
4358	1.00	100	0
4359	1.00	100	0
4360	1.00	100	0
4361	1.00	100	0
4362	1.00	100	0
4363	1.00	100	0
4364	1.00	100	0
4365	1.00	100	0
4366	1.00	100	0
4367	1.00	100	0
4368	1.00	100	0
4369	1.00	100	0
4370	1.00	100	0
4371	1.00	100	0
4372	1.00	100	0
4373	1.00	100	0
4374	1.00	100	0
4375	1.00	100	0
4376	1.00	100	0
4377	1.00	100	0
4378	1.00	100	0
4379	1.00	100	0
4380	1.00	100	0
4381	1.00	100	0
4382	1.00	100	0
4383	1.00	100	0
4384	1.00	100	0
4385	1.00	100	0
4386	1.00	100	0
4387	1.00	100	0
4388	1.00	100	0
4389	1.00	100	0
4390	1.00	100	0
4391	1.00	100	0
4392	1.00	100	0
4393	1.00	100	0
4394	1.00	100	0
4395	1.00	100	0
4396	1.00	100	0
4397	1.00	100	0
4398	1.00	100	0
4399	1.00	100	0
4400	1.00	100	0
4401	1.00	100	0
4402	1.00	100	0
4403	1.00	100	0
4404	1.00	100	0
4405	1.00	100	0
4406	1.00	100	0
4407	1.00	100	0
4408	1.00	100	0
4409	1.00	100	0
4410	1.00	100	0
4411	1.00	100	0
4412	1.00	100	0
4413	1.00	100	0
4414	1.00	100	0
4415	1.00	100	0
4416	1.00	100	0
4417	1.00	100	0
4418	1.00	100	0
4419	1.00	100	0
4420	1.00	100	0
4421	1.00	100	0
4422	1.00	100	0
4423	1.00	100	0
4424	1.00	100	0
4425	1.00	100	0
4426	1.00	100	0
4427	1.00	100	0
4428	1.00	100	0
4429	1.00	100	0
4430	1.00	100	0
4431	1.00	100	0
4432	1.00	100	0
4433	1.00	100	0
4434	1.00	100	0
4435	1.00	100	0
4436	1.00	100	0
4437	1.00	100	0
4438	1.00	100	0
4439	1.00	100	0
4440	1.00	100	0
4441	1.00	100	0
4442	1.00	100	0
4443	1.00	100	0
4444	1.00	100	0
4445	1.00	100	0
4446	1.00	100	0
4447	1.00	100	0
4448	1.00	100	0
4449	1.00	100	0
4450	1.00	100	0
4451	1.00	100	0
4452	1.00	100	0
4453	1.00	100	0
4454	1.00	100	0
4455	1.00	100	0
4456	1.00	100	0
4457	1.00	100	0
4458	1.00	100	0
4459	1.00	100	0
4460	1.00	100	0
4461	1.00	100	0
4462	1.00	100	0
4463	1.00	100	0
4464	1.00	100	0
4465	1.00	100	0
4466	1.00	100	0
4467	1.00	100	0
4468	1.00	100	0
4469	1.00	100	0
4470	1.00	100	0
4471	1.00	100	0
4472	1.00	100	0
4473	1.00	100	0
4474	1.00	100	0
4475	1.00	100	0
4476	1.00	100	0
4477	1.00	100	0
4478	1.00	100	0
4479	1.00	100	0
4480	1.00	100	0
4481	1.00	100	0
4482	1.00	100	0
4483	1.00	100	0
4484	1.00	100	0
4485	1.00	100	0
4486	1.00	100	0
4487	1.00	100	0
4488	1.00	100	0
4489	1.00	100	0
4490	1.00	100	0
4491	1.00	100	0
4492	1.00	100	0
4493	1.00	100	0
4494	1.00	100	0
4495	1.00	100	0
4496	1.00	100	0
4497	1.00	100	0
4498	1.00	100	0
4499	1.00	100	0
4500	1.00	100	0
4501	1.00	100	0
4502	1.00	100	0
4503	1.00	100	0
4504	1.00	100	0
4505	1.00	100	0
4506	1.00	100	0
4507	1.00	100	0
4508	1.00	100	0
4509	1.00	100	0
4510	1.00	100	0
4511	1.00	100	0
4512	1.00	100	0
4513	1.00	100	0
4514	1.00	100	0
4515	1.00	100	0
4516	1.00	100	0
4517	1.00	100	0
4518	1.00	100	0
4519	1.00	100	0
4520	1.00	100	0
4521	1.00	100	0
4522	1.00	100	0
4523	1.00	100	0
4524	1.00	100	0
4525	1.00	100	0
4526	1.00	100	0
4527	1.00	100	0
4528	1.00	100	0
4529	1.00	100	0
4530	1.00	100	0
4531	1.00	100	0
4532	1.00	100	0
4533	1.00	100	0
4534	1.00	100	0
4535	1.00	100	0
4536	1.00	100	0
4537	1.00	100	0
4538	1.00	100	0
4539	1.00	100	0
4540	1.00	100	0
4541	1.00	100	0
4542	1.00	100	0
4543	1.00	100	0
4544	1.00	100	0
4545	1.00	100	0
4546	1.00	100	0
4547	1.00	100	0
4548	1.00	100	0
4549	1.00	100	0
4550	1.00	100	0
4551	1.00	100	0
4552	1.00	100	0
4553	1.00	100	0
4554	1.00	100	0
4555	1.00	100	0
4556	1.00	100	0
4557	1.00	100	0
4558	1.00	100	0
4559	1.00	100	0
4560	1.00	100	0
4561	1.00	100	0
4562	1.00	100	0
4563	1.00	100	0
4564	1.00	100	0
4565	1.00	100	0
4566	1.00	100	0
4567	1.00	100	0
4568	1.00	100	0
4569	1.00	100	0
4570	1.00	100	0
4571	1.00	100	0
4572	1.00	100	0
4573	1.00	100	0
4574	1.00	100	0
4575	1.00	100	0
4576	1.00	100	0
4577	1.00	100	0
4578	1.00	100	0
4579	1.00	100	0
4580	1.00	100	0
4581	1.00	100	0
4582	1.00	100	0
4583	1.00	100	0
4584	1.00	100	0
4585	1.00	100	0
4586	1.00	100	0
4587	1.00	100	0
4588	1.00	100	0
4589	1.00	100	0
4590	1.00	100	0
4591	1.00	100	0
4592	1.00	100	0
4593	1.00	100	0
4594	1.00	100	0
4595	1.00	100	0
4596	1.00	100	0
4597	1.00	100	0
4598	1.00	100	0
4599	1.00	100	0
4600	1.00	100	0
4601	1.00	100	0
4602	1.00	100	0
4603	1.00	100	0
4604	1.00	100	0
4605	1.00	100	0
4606	1.00	100	0
4607	1.00	100	0
4608	1.00	100	0
4609	1.00	100	0
4610	1.00	100	0
4611	1.00	100	0
4612	1.00	100	0
4613	1.00	100	0
4614	1.00	100	0
4615	1.00	100	0
4616	1.00	100	0
4617	1.00	100	0
4618	1.00	100	0
4619	1.00	100	0
4620	1.00	100	0
4621	1.00	100	0
4622	1.00	100	0
4623	1.00	100	0
4624	1.00	100	0
4625	1.00	100	0
4626	1.00	100	0
4627	1.00	100	0
4628	1.00	100	0
4629	1.00	100	0
4630	1.00	100	0
4631	1.00	100	0
4632	1.00	100	0
4633	1.00	100	0
4634	1.00	100	0
4635	1.00	100	0
4636	1.00	100	0
4637	1.00	100	0
4638	1.00	100	0
4639	1.00	100	0
4640	1.00	100	0
4641	1.00	100	0
4642	1.00	100	0
4643	1.00	100	0
4644	1.00	100	0
4645	1.00	100	0
4646	1.00	100	0
4647	1.00	100	0
4648	1.00	100	0
4649	1.00	100	0
4650	1.00	100	0
4651	1.00	100	0
4652	1.00	100	0
4653	1.00	100	0
4654	1.00	100	0
4655	1.00	100	0
4656	1.00	100	0
4657	1.00	100	0
4658	1.00	100	0
4659	1.00	100	0
4660	1.00	100	0
4661	1.00	100	0
4662	1.00	100	0
4663	1.00	100	0
4664	1.00	100	0
4665	1.00	100	0
4666	1.00	100	0
4667	1.00	100	0
4668	1.00	100	0
4669	1.00	100	0
4670	1.00	100	0
4671	1.00	100	0
4672	1.00	100	0
4673	1.00	100	0
4674	1.00	100	0
4675	1.00	100	0
4676	1.00	100	0
4677	1.00	100	0
4678	1.00	100	0
4679	1.00	100	0
4680	1.00	100	0
4681	1.00	100	0
4682	1.00	100	0
4683	1.00	100	0
4684	1.00	100	0
4685	1.00	100	0
4686	1.00	100	0
4687	1.00	100	0
4688	1.00	100	0
4689	1.00	100	0
4690	1.00	100	0
4691	1.00	100	0
4692	1.00	100	0
4693	1.00	100	0
4694	1.00	100	0
4695	1.00	100	0
4696	1.00	100	0
4697	1.00	100	0
4698	1.00	100	0
4699	1.00	100	0
4700	1.00	100	0
4701	1.00	100	0
4702	1.00	100	0
4703	1.00	100	0
4704	1.00	100	0
4705	1.00	100	0
4706	1.00	100	0
4707	1.00	100	0
4708	1.00	100	0
4709	1.00	100	0
4710	1.00	100	0
4711	1.00	100	0
4712	1.00	100	0
4713	1.00	100	0
4714	1.00	100	0
4715	1.00	100	0
4716	1.00	100	0
4717	1.00	100	0
4718	1.00	100	0
4719	1.00	100	0
4720	1.00	100	0
4721	1.00	100	0
4722	1.00	100	0
4723	1.00	100	0
4724	1.00	100	0
4725	1.00	100	0
4726	1.00	100	0
4727	1.00	100	0
4728	1.00	100	0
4729	1.00	100	0
4730	1.00	100	0
4731	1.00	100	0
4732	1.00	100	0
4733	1.00	100	0
4734	1.00	100	0
4735	1.00	100	0
4736	1.00	100	0
4737	1.00	100	0
4738	1.00	100	0
4739	1.00	100	0
4740	1.00	100	0
4741	1.00	100	0
4742	1.00	100	0
4743	1.00	100	0
4744	1.00	100	0
4745	1.00	100	0
4746	1.00	100	0
4747	1.00	100	0
4748	1.00	100	0
4749	1.00	100	0
4750	1.00	100	0
4751	1.00	100	0
4752	1.00	100	0
4753	1.00	100	0
4754	1.00	100	0
4755	1.00	100	0
4756	1.00	100	0
4757	1.00	100	0
4758	1.00	100	0
4759	1.00	100	0
4760	1.00	100	0
4761	1.00	100	0
4762	1.00	100	0
4763	1.00	100	0
4764	1.00	100	0
4765	1.00	100	0
4766	1.00	100	0
4767	1.00	100	0
4768	1.00	100	0
4769	1.00	100	0
4770	1.00	100	0
4771	1.00	100	0
4772	1.00	100	0
4773	1.00	100	0
4774	1.00	100	0
4775	1.00	100	0
4776	1.00	100	0
4777	1.00	100	0
4778	1.00	100	0
4779	1.00	100	0
4780	1.00	100	0
4781	1.00	100	0
4782	1.00	100	0
4783	1.00	100	0
4784	1.00	100	0
4785	1.00	100	0
4786	1.00	100	0
4787	1.00	100	0
4788	1.00	100	0
4789	1.00	100	0
4790	1.00	100	0
4791	1.00	100	0
4792	1.00	100	0
4793	1.00	100	0
4794	1.00	100	0
4795	1.00	100	0
4796	1.00	100	0
4797	1.00	100	0
4798	1.00	100	0
4799	1.00	100	0
4800	1.00	100	0
4801	1.00	100	0
4802	1.00	100	0
4803	1.00	100	0
4804	1.00	100	0
4805	1.00	100	0
4806	1.00	100	0
4807	1.00	100	0
4808	1.00	100	0
4809	1.00	100	0
4810	1.00	100	0
4811	1.00	100	0
4812	1.00	100	0
4813	1.00	100	0
4814	1.00	100	0
4815	1.00	100	0
4816	1.00	100	0
4817	1.00	100	0
4818	1.00	100	0
4819	1.00	100	0
4820	1.00	100	0
4821	1.00	100	0
4822	1.00	100	0
4823	1.00	100	0
4824	1.00	100	0
4825	1.00	100	0
4826	1.00	100	0
4827	1.00	100	0
4828	1.00	100	0
4829	1.00	100	0
4830	1.00	100	0
4831	1.00	100	0
4832	1.00	100	0
4833	1.00	100	0
4834	1.00	100	0
4835	1.00	100	0
4836	1.00	100	0
4837	1.00	100	0
4838	1.00	100	0
4839	1.00	100	0
4840	1.00	100	0
4841	1.00	100	0
4842	1.00	100	0
4843	1.00	100	0
4844	1.00	100	0
4845	1.00	100	0
4846	1.00	100	0
4847	1.00	100	0
4848	1.00	100	0
4849	1.00	100	0
4850	1.00	100	0
4851	1.00	100	0
4852	1.00	100	0
4853	1.00	100	0
4854	1.00	100	0
4855	1.00	100	0
4856	1.00	100	0
4857	1.00	100	0
4858	1.00	100	0
4859	1.00	100	0
4860	1.00	100	0
4861	1.00	100	0
4862	1.00	100	0
4863	1.00	100	0
4864	1.00	100	0
4865	1.00	100	0
4866	1.00	100	0
4867	1.00	100	0
4868	1.00	100	0
4869	1.00	100	0
4870	1.00	100	0
4871	1.00	100	0
4872	1.00	100	0
4873	1.00	100	0
4874	1.00	100	0
4875	1.00	100	0
4876	1.00	100	0
4877	1.00	100	0
4878	1.00	100	0
4879	1.00	100	0
4880	1.00	100	0
4881	1.00	100	0
4882	1.00	100	0
4883	1.00	100	0
4884	1.00	100	0
4885	1.00	100	0
4886	1.00	100	0
4887	1.00	100	0
4888	1.00	100	0
4889	1.00	100	0
4890	1.00	100	0
4891	1.00	100	0
4892	1.00	100	0
4893	1.00	100	0
4894	1.00	100	0
4895	1.00	100	0
4896	1.00	100	0
4897	1.00	100	0
4898	1.00	100	0
4899	1.00	100	0
4900	1.00	100	0
4901	1.00	100	0
4902	1.00	100	0
4903	1.00	100	0
4904	1.00	100	0
4905	1.00	100	0
4906	1.00	100	0
4907	1.00	100	0
4908	1.00	100	0
4909	1.00	100	0
4910	1.00	100	0
4911	1.00	100	0
4912	1.00	100	0
4913	1.00	100	0
4914	1.00	100	0
4915	1.00	100	0
4916	1.00	100	0
4917	1.00	100	0
4918	1.00	100	0
4919	1.00	100	0
4920	1.00	100	0
4921	1.00	100	0
4922	1.00	100	0
4923	1.00	100	0
4924	1.00	100	0
4925	1.00	100	0
4926	1.00	100	0
4927	1.00	100	0
4928	1.00	100	0
4929	1.00	100	0
4930	1.00	100	0
4931	1.00	100	0
4932	1.00	100	0
4933	1.00	100	0
4934	1.00	100	0
4935	1.00	100	0
4936	1.00	100	0
4937	1.00	100	0
4938	1.00	100	0
4939	1.00	100	0
4940	1.00	100	0
4941	1.00	100	0
4942	1.00	100	0
4943	1.00	100	0
4944	1.00	100	0
4945	1.00	100	0
4946	1.00	100	0
4947	1.00	100	0
4948	1.00	100	0
4949	1.00	100	0
4950	1.00	100	0
4951	1.00	100	0
4952	1.00	100	0
4953	1.00	100	0
4954	1.00	100	0
4955	1.00	100	0
4956	1.00	100	0
4957	1.00	100	0
4958	1.00	100	0
4959	1.00	100	0
4960	1.00	100	0
4961	1.00	100	0
4962	1.00	100	0
4963	1.00	100	0
4964	1.00	100	0
4965	1.00	100	0
4966	1.00	100	0
4967	1.00	100	0
4968	1.00	100	0
4969	1.00	100	0
4970	1.00	100	0
4971	1.00	100	0
4972	1.00	100	0
4973	1.00	100	0
4974	1.00	100	0
4975	1.00	100	0
4976	1.00	100	0
4977	1.00	100	0
4978	1.00	100	0
4979	1.00	100	0
4980	1.00	100	0
4981	1.00	100	0
4982	1.00	100	0
4983	1.00	100	0
4984	1.00	100	0
4985	1.00	100	0
4986	1.00	100	0
4987	1.00	100	0
4988	1.00	100	0
4989	1.00	100	0
4990	1.00	100	0
4991	1.00	100	0
4992	1.00	100	0
4993	1.00	100	0
4994	1.00	100	0
4995	1.00	100	0
4996	1.00	100	0
4997	1.00	100	0
4998	1.00	100	0
4999	1.00	100	0
5000	0.00	100	0
5001	0.01	99	1
5002	0.01	99	1
5003	0.01	99	1
5004	0.01	99	1
5005	0.01	99	1
5006	0.01	99	1
5007	0.01	99	1
5008	0.01	99	1
5009	0.01	99	1
5010	0.02	98	2
5011	0.02	98	2
5012	0.02	98	2
5013	0.02	98	2
5014	0.02	98	2
5015	0.02	98	2
5016	0.02	98	2
5017	0.02	98	2
5018	0.02	98	2
5019	0.02	98	2
5020	0.02	98	2
5021	0.02	98	2
5022	0.02	98	2
5023	0.02	98	2
5024	0.02	98	2
5025	0.03	97	3
5026	0.04	96	4
5027	0.04	96	4
5028	0.04	96	4
5029	0.05	95	5
5030	0.06	94	6
5031	0.06	94	6
5032	0.06	94	6
5033	0.07	93	7
5034	0.07	93	7
5035	0.07	93	7
5036	0.08	92	8
5037	0.08	92	8
5038	0.08	92	8
5039	0.09	91	9
5040	0.09	91	9
5041	0.10	90	10
5042	0.10	90	10
5043	0.11	89	11
5044	0.11	89	11
5045	0.12	88	12
5046	0.13	87	13
5047	0.14	86	14
5048	0.14	86	14
5049	0.15	85	15
5050	0.15	85	15
5051	0.16	84	16
5052	0.16	84	16
5053	0.17	83	17
5054	0.18	82	18
5055	0.18	82	18
5056	0.18	82	18
5057	0.18	82	18
5058	0.19	81	19
5059	0.19	81	19
5060	0.20	80	20
5061	0.21	79	21
5062	0.22	78	22
5063	0.23	77	23
5064	0.23	77	23
5065	0.23	77	23
5066	0.24	76	24
5067	0.25	75	25
5068	0.25	75	25
5069	0.26	74	26
5070	0.26	74	26
5071	0.26	74	26
5072	0.26	74	26
5073	0.26	74	26
5074	0.27	73	27
5075	0.28	72	28
5076	0.29	71	29
5077	0.30	70	30
5078	0.31	69	31
5079	0.32	68	32
5080	0.33	67	33
5081	0.34	66	34
5082	0.35	65	35
5083	0.36	64	36
5084	0.37	63	37
5085	0.37	63	37
5086	0.38	62	38
5087	0.38	62	38
5088	0.38	62	38
5089	0.38	62	38
5090	0.39	61	39
5091	0.40	60	40
5092	0.41	59	41
5093	0.42	58	42
5094	0.43	57	43
5095	0.44	56	44
5096	0.44	56	44
5097	0.45	55	45
5098	0.46	54	46
5099	0.47	53	47
5100	0.48	52	48
5101	0.48	52	48
5102	0.49	51	49
5103	0.50	50	50
5104	0.51	49	51
5105	0.52	48	52
5106	0.53	47	53
5107	0.54	46	54
5108	0.55	45	55
5109	0.56	44	56
5110	0.56	44	56
5111	0.57	43	57
5112	0.58	42	58
5113	0.59	41	59
5114	0.60	40	60
5115	0.61	39	61
5116	0.62	38	62
5117	0.63	37	63
5118	0.64	36	64
5119	0.65	35	65
5120	0.66	34	66
5121	0.67	33	67
5122	0.68	32	68
5123	0.69	31	69
5124	0.70	30	70
5125	0.70	30	70
5126	0.70	30	70
5127	0.71	29	71
5128	0.72	28	72
5129	0.72	28	72
5130	0.72	28	72
5131	0.73	27	73
5132	0.74	26	74
5133	0.74	26	74
5134	0.75	25	75
5135	0.76	24	76
5136	0.76	24	76
5137	0.77	23	77
5138	0.78	22	78
5139	0.78	22	78
5140	0.79	21	79
5141	0.79	21	79
5142	0.80	20	80
5143	0.80	20	80
5144	0.81	19	81
5145	0.81	19	81
5146	0.81	19	81
5147	0.81	19	81
5148	0.82	18	82
5149	0.82	18	82
5150	0.83	17	83
5151	0.83	17	83
5152	0.84	16	84
5153	0.84	16	84
5154	0.84	16	84
5155	0.85	15	85
5156	0.86	14	86
5157	0.87	13	87
5158	0.87	13	87
5159	0.88	12	88
5160	0.88	12	88
5161	0.88	12	88
5162	0.88	12	88
5163	0.88	12	88
5164	0.89	11	89
5165	0.90	10	90
5166	0.90	10	90
5167	0.90	10	90
5168	0.91	9	91
5169	0.91	9	91
5170	0.92	8	92
5171	0.93	7	93
5172	0.94	6	94
5173	0.95	5	95
5174	0.95	5	95
5175	0.95	5	95
5176	0.95	5	95
5177	0.95	5	95
5178	0.95	5	95
5179	0.95	5	95
5180	0.95	5	95
5181	0.95	5	95
5182	0.95	5	95
5183	0.95	5	95
5184	0.95	5	95
5185	0.96	4	96
5186	0.96	4	96
5187	0.97	3	97
5188	0.98	2	98
5189	0.99	1	99
5190	0.99	1	99
5191	0.99	1	99
5192	0.99	1	99
5193	0.99	1	99
5194	0.99	1	99
5195	0.99	1	99
5196	1.00	0	100
5197	1.00	0	100
5198	1.00	0	100
5199	1.00	0	100
5200	1.00	0	100
5201	1.00	0	100
5202	1.00	0	100
5203	1.00	0	100
5204	1.00	0	100
5205	1.00	0	100
5206	1.00	0	100
5207	1.00	0	100
5208	1.00	0	100
5209	1.00	0	100
5210	1.00	0	100
5211	1.00	0	100
5212	1.00	0	100
5213	1.00	0	100
5214	1.00	0	100
5215	1.00	0	100
5216	1.00	0	100
5217	1.00	0	100
5218	1.00	0	100
5219	1.00	0	100
5220	1.00	0	100
5221	1.00	0	100
5222	1.00	0	100
5223	1.00	0	100
5224	1.00	0	100
5225	1.00	0	100
5226	1.00	0	100
5227	1.00	0	100
5228	1.00	0	100
5229	1.00	0	100
5230	1.00	0	100
5231	1.00	0	100
5232	1.00	0	100
5233	1.00	0	100
5234	1.00	0	100
5235	1.00	0	100
5236	1.00	0	100
5237	1.00	0	100
5238	1.00	0	100
5239	1.00	0	100
5240	1.00	0	100
5241	1.00	0	100
5242	1.00	0	100
5243	1.00	0	100
5244	1.00	0	100
5245	1.00	0	100
5246	1.00	0	100
5247	1.00	0	100
5248	1.00	0	100
5249	1.00	0	100
5250	1.00	0	100
5251	1.00	0	100
5252	1.00	0	100
5253	1.00	0	100
5254	1.00	0	100
5255	1.00	0	100
5256	1.00	0	100
5257	1.00	0	100
5258	1.00	0	100
5259	1.00	0	100
5260	1.00	0	100
5261	1.00	0	100
5262	1.00	0	100
5263	1.00	0	100
5264	1.00	0	100
5265	1.00	0	100
5266	1.00	0	100
5267	1.00	0	100
5268	1.00	0	100
5269	1.00	0	100
5270	1.00	0	100
5271	1.00	0	100
5272	1.00	0	100
5273	1.00	0	100
5274	1.00	0	100
5275	1.00	0	100
5276	1.00	0	100
5277	1.00	0	100
5278	1.00	0	100
5279	1.00	0	100
5280	1.00	0	100
5281	1.00	0	100
5282	1.00	0	100
5283	1.00	0	100
5284	1.00	0	100
5285	1.00	0	100
5286	1.00	0	100
5287	1.00	0	100
5288	1.00	0	100
5289	1.00	0	100
5290	1.00	0	100
5291	1.00	0	100
5292	1.00	0	100
5293	1.00	0	100
5294	1.00	0	100
5295	1.00	0	100
5296	1.00	0	100
5297	1.00	0	100
5298	1.00	0	100
5299	1.00	0	100
5300	1.00	0	100
5301	1.00	0	100
5302	1.00	0	100
5303	1.00	0	100
5304	1.00	0	100
5305	1.00	0	100
5306	1.00	0	100
5307	1.00	0	100
5308	1.00	0	100
5309	1.00	0	100
5310	1.00	0	100
5311	1.00	0	100
5312	1.00	0	100
5313	1.00	0	100
5314	1.00	0	100
5315	1.00	0	100
5316	1.00	0	100
5317	1.00	0	100
5318	1.00	0	100
5319	1.00	0	100
5320	1.00	0	100
5321	1.00	0	100
5322	1.00	0	100
5323	1.00	0	100
5324	1.00	0	100
5325	1.00	0	100
5326	1.00	0	100
5327	1.00	0	100
5328	1.00	0	100
5329	1.00	0	100
5330	1.00	0	100
5331	1.00	0	100
5332	1.00	0	100
5333	1.00	0	100
5334	1.00	0	100
5335	1.00	0	100
5336	1.00	0	100
5337	1.00	0	100
5338	1.00	0	100
5339	1.00	0	100
5340	1.00	0	100
5341	1.00	0	100
5342	1.00	0	100
5343	1.00	0	100
5344	1.00	0	100
5345	1.00	0	100
5346	1.00	0	100
5347	1.00	0	100
5348	1.00	0	100
5349	1.00	0	100
5350	1.00	0	100
5351	1.00	0	100
5352	1.00	0	100
5353	1.00	0	100
5354	1.00	0	100
5355	1.00	0	100
5356	1.00	0	100
5357	1.00	0	100
5358	1.00	0	100
5359	1.00	0	100
5360	1.00	0	100
5361	1.00	0	100
5362	1.00	0	100
5363	1.00	0	100
5364	1.00	0	100
5365	1.00	0	100
5366	1.00	0	100
5367	1.00	0	100
5368	1.00	0	100
5369	1.00	0	100
5370	1.00	0	100
5371	1.00	0	100
5372	1.00	0	100
5373	1.00	0	100
5374	1.00	0	100
5375	1.00	0	100
5376	1.00	0	100
5377	1.00	0	100
5378	1.00	0	100
5379	1.00	0	100
5380	1.00	0	100
5381	1.00	0	100
5382	1.00	0	100
5383	1.00	0	100
5384	1.00	0	100
5385	1.00	0	100
5386	1.00	0	100
5387	1.00	0	100
5388	1.00	0	100
5389	1.00	0	100
5390	1.00	0	100
5391	1.00	0	100
5392	1.00	0	100
5393	1.00	0	100
5394	1.00	0	100
5395	1.00	0	100
5396	1.00	0	100
5397	1.00	0	100
5398	1.00	0	100
5399	1.00	0	100
5400	1.00	0	100
5401	1.00	0	100
5402	1.00	0	100
5403	1.00	0	100
5404	1.00	0	100
5405	1.00	0	100
5406	1.00	0	100
5407	1.00	0	100
5408	1.00	0	100
5409	1.00	0	100
5410	1.00	0	100
5411	1.00	0	100
5412	1.00	0	100
5413	1.00	0	100
5414	1.00	0	100
5415	1.00	0	100
5416	1.00	0	100
5417	1.00	0	100
5418	1.00	0	100
5419	1.00	0	100
5420	1.00	0	100
5421	1.00	0	100
5422	1.00	0	100
5423	1.00	0	100
5424	1.00	0	100
5425	1.00	0	100
5426	1.00	0	100
5427	1.00	0	100
5428	1.00	0	100
5429	1.00	0	100
5430	1.00	0	100
5431	1.00	0	100
5432	1.00	0	100
5433	1.00	0	100
5434	1.00	0	100
5435	1.00	0	100
5436	1.00	0	100
5437	1.00	0	100
5438	1.00	0	100
5439	1.00	0	100
5440	1.00	0	100
5441	1.00	0	100
5442	1.00	0	100
5443	1.00	0	100
5444	1.00	0	100
5445	1.00	0	100
5446	1.00	0	100
5447	1.00	0	100
5448	1.00	0	100
5449	1.00	0	100
5450	1.00	0	100
5451	1.00	0	100
5452	1.00	0	100
5453	1.00	0	100
5454	1.00	0	100
5455	1.00	0	100
5456	1.00	0	100
5457	1.00	0	100
5458	1.00	0	100
5459	1.00	0	100
5460	1.00	0	100
5461	1.00	0	100
5462	1.00	0	100
5463	1.00	0	100
5464	1.00	0	100
5465	1.00	0	100
5466	1.00	0	100
5467	1.00	0	100
5468	1.00	0	100
5469	1.00	0	100
5470	1.00	0	100
5471	1.00	0	100
5472	1.00	0	100
5473	1.00	0	100
5474	1.00	0	100
5475	1.00	0	100
5476	1.00	0	100
5477	1.00	0	100
5478	1.00	0	100
5479	1.00	0	100
5480	1.00	0	100
5481	1.00	0	100
5482	1.00	0	100
5483	1.00	0	100
5484	1.00	0	100
5485	1.00	0	100
5486	1.00	0	100
5487	1.00	0	100
5488	1.00	0	100
5489	1.00	0	100
5490	1.00	0	100
5491	1.00	0	100
5492	1.00	0	100
5493	1.00	0	100
5494	1.00	0	100
5495	1.00	0	100
5496	1.00	0	100
5497	1.00	0	100
5498	1.00	0	100
5499	1.00	0	100
5500	1.00	0	100
5501	1.00	0	100
5502	1.00	0	100
5503	1.00	0	100
5504	1.00	0	100
5505	1.00	0	100
5506	1.00	0	100
5507	1.00	0	100
5508	1.00	0	100
5509	1.00	0	100
5510	1.00	0	100
5511	1.00	0	100
5512	1.00	0	100
5513	1.00	0	100
5514	1.00	0	100
5515	1.00	0	100
5516	1.00	0	100
5517	1.00	0	100
5518	1.00	0	100
5519	1.00	0	100
5520	1.00	0	100
5521	1.00	0	100
5522	1.00	0	100
5523	1.00	0	100
5524	1.00	0	100
5525	1.00	0	100
5526	1.00	0	100
5527	1.00	0	100
5528	1.00	0	100
5529	1.00	0	100
5530	1.00	0	100
5531	1.00	0	100
5532	1.00	0	100
5533	1.00	0	100
5534	1.00	0	100
5535	1.00	0	100
5536	1.00	0	100
5537	1.00	0	100
5538	1.00	0	100
5539	1.00	0	100
5540	1.00	0	100
5541	1.00	0	100
5542	1.00	0	100
5543	1.00	0	100
5544	1.00	0	100
5545	1.00	0	100
5546	1.00	0	100
5547	1.00	0	100
5548	1.00	0	100
5549	1.00	0	100
5550	1.00	0	100
5551	1.00	0	100
5552	1.00	0	100
5553	1.00	0	100
5554	1.00	0	100
5555	1.00	0	100
5556	1.00	0	100
5557	1.00	0	100
5558	1.00	0	100
5559	1.00	0	100
5560	1.00	0	100
5561	1.00	0	100
5562	1.00	0	100
5563	1.00	0	100
5564	1.00	0	100
5565	1.00	0	100
5566	1.00	0	100
5567	1.00	0	100
5568	1.00	0	100
5569	1.00	0	100
5570	1.00	0	100
5571	1.00	0	100
5572	1.00	0	100
5573	1.00	0	100
5574	1.00	0	100
5575	1.00	0	100
5576	1.00	0	100
5577	1.00	0	100
5578	1.00	0	100
5579	1.00	0	100
5580	1.00	0	100
5581	1.00	0	100
5582	1.00	0	100
5583	1.00	0	100
5584	1.00	0	100
5585	1.00	0	100
5586	1.00	0	100
5587	1.00	0	100
5588	1.00	0	100
5589	1.00	0	100
5590	1.00	0	100
5591	1.00	0	100
5592	1.00	0	100
5593	1.00	0	100
5594	1.00	0	100
5595	1.00	0	100
5596	1.00	0	100
5597	1.00	0	100
5598	1.00	0	100
5599	1.00	0	100
5600	1.00	0	100
5601	1.00	0	100
5602	1.00	0	100
5603	1.00	0	100
5604	1.00	0	100
5605	1.00	0	100
5606	1.00	0	100
5607	1.00	0	100
5608	1.00	0	100
5609	1.00	0	100
5610	1.00	0	100
5611	1.00	0	100
5612	1.00	0	100
5613	1.00	0	100
5614	1.00	0	100
5615	1.00	0	100
5616	1.00	0	100
5617	1.00	0	100
5618	1.00	0	100
5619	1.00	0	100
5620	1.00	0	100
5621	1.00	0	100
5622	1.00	0	100
5623	1.00	0	100
5624	1.00	0	100
5625	1.00	0	100
5626	1.00	0	100
5627	1.00	0	100
5628	1.00	0	100
5629	1.00	0	100
5630	1.00	0	100
5631	1.00	0	100
5632	1.00	0	100
5633	1.00	0	100
5634	1.00	0	100
5635	1.00	0	100
5636	1.00	0	100
5637	1.00	0	100
5638	1.00	0	100
5639	1.00	0	100
5640	1.00	0	100
5641	1.00	0	100
5642	1.00	0	100
5643	1.00	0	100
5644	1.00	0	100
5645	1.00	0	100
5646	1.00	0	100
5647	1.00	0	100
5648	1.00	0	100
5649	1.00	0	100
5650	1.00	0	100
5651	1.00	0	100
5652	1.00	0	100
5653	1.00	0	100
5654	1.00	0	100
5655	1.00	0	100
5656	1.00	0	100
5657	1.00	0	100
5658	1.00	0	100
5659	1.00	0	100
5660	1.00	0	100
5661	1.00	0	100
5662	1.00	0	100
5663	1.00	0	100
5664	1.00	0	100
5665	1.00	0	100
5666	1.00	0	100
5667	1.00	0	100
5668	1.00	0	100
5669	1.00	0	100
5670	1.00	0	100
5671	1.00	0	100
5672	1.00	0	100
5673	1.00	0	100
5674	1.00	0	100
5675	1.00	0	100
5676	1.00	0	100
5677	1.00	0	100
5678	1.00	0	100
5679	1.00	0	100
5680	1.00	0	100
5681	1.00	0	100
5682	1.00	0	100
5683	1.00	0	100
5684	1.00	0	100
5685	1.00	0	100
5686	1.00	0	100
5687	1.00	0	100
5688	1.00	0	100
5689	1.00	0	100
5690	1.00	0	100
5691	1.00	0	100
5692	1.00	0	100
5693	1.00	0	100
5694	1.00	0	100
5695	1.00	0	100
5696	1.00	0	100
5697	1.00	0	100
5698	1.00	0	100
5699	1.00	0	100
5700	1.00	0	100
5701	1.00	0	100
5702	1.00	0	100
5703	1.00	0	100
5704	1.00	0	100
5705	1.00	0	100
5706	1.00	0	100
5707	1.00	0	100
5708	1.00	0	100
5709	1.00	0	100
5710	1.00	0	100
5711	1.00	0	100
5712	1.00	0	100
5713	1.00	0	100
5714	1.00	0	100
5715	1.00	0	100
5716	1.00	0	100
5717	1.00	0	100
5718	1.00	0	100
5719	1.00	0	100
5720	1.00	0	100
5721	1.00	0	100
5722	1.00	0	100
5723	1.00	0	100
5724	1.00	0	100
5725	1.00	0	100
5726	1.00	0	100
5727	1.00	0	100
5728	1.00	0	100
5729	1.00	0	100
5730	1.00	0	100
5731	1.00	0	100
5732	1.00	0	100
5733	1.00	0	100
5734	1.00	0	100
5735	1.00	0	100
5736	1.00	0	100
5737	1.00	0	100
5738	1.00	0	100
5739	1.00	0	100
5740	1.00	0	100
5741	1.00	0	100
5742	1.00	0	100
5743	1.00	0	100
5744	1.00	0	100
5745	1.00	0	100
5746	1.00	0	100
5747	1.00	0	100
5748	1.00	0	100
5749	1.00	0	100
5750	1.00	0	100
5751	1.00	0	100
5752	1.00	0	100
5753	1.00	0	100
5754	1.00	0	100
5755	1.00	0	100
5756	1.00	0	100
5757	1.00	0	100
5758	1.00	0	100
5759	1.00	0	100
5760	1.00	0	100
5761	1.00	0	100
5762	1.00	0	100
5763	1.00	0	100
5764	1.00	0	100
5765	1.00	0	100
5766	1.00	0	100
5767	1.00	0	100
5768	1.00	0	100
5769	1.00	0	100
5770	1.00	0	100
5771	1.00	0	100
5772	1.00	0	100
5773	1.00	0	100
5774	1.00	0	100
5775	1.00	0	100
5776	1.00	0	100
5777	1.00	0	100
5778	1.00	0	100
5779	1.00	0	100
5780	1.00	0	100
5781	1.00	0	100
5782	1.00	0	100
5783	1.00	0	100
5784	1.00	0	100
5785	1.00	0	100
5786	1.00	0	100
5787	1.00	0	100
5788	1.00	0	100
5789	1.00	0	100
5790	1.00	0	100
5791	1.00	0	100
5792	1.00	0	100
5793	1.00	0	100
5794	1.00	0	100
5795	1.00	0	100
5796	1.00	0	100
5797	1.00	0	100
5798	1.00	0	100
5799	1.00	0	100
5800	1.00	0	100
5801	1.00	0	100
5802	1.00	0	100
5803	1.00	0	100
5804	1.00	0	100
5805	1.00	0	100
5806	1.00	0	100
5807	1.00	0	100
5808	1.00	0	100
5809	1.00	0	100
5810	1.00	0	100
5811	1.00	0	100
5812	1.00	0	100
5813	1.00	0	100
5814	1.00	0	100
5815	1.00	0	100
5816	1.00	0	100
5817	1.00	0	100
5818	1.00	0	100
5819	1.00	0	100
5820	1.00	0	100
5821	1.00	0	100
5822	1.00	0	100
5823	1.00	0	100
5824	1.00	0	100
5825	1.00	0	100
5826	1.00	0	100
5827	1.00	0	100
5828	1.00	0	100
5829	1.00	0	100
5830	1.00	0	100
5831	1.00	0	100
5832	1.00	0	100
5833	1.00	0	100
5834	1.00	0	100
5835	1.00	0	100
5836	1.00	0	100
5837	1.00	0	100
5838	1.00	0	100
5839	1.00	0	100
5840	1.00	0	100
5841	1.00	0	100
5842	1.00	0	100
5843	1.00	0	100
5844	1.00	0	100
5845	1.00	0	100
5846	1.00	0	100
5847	1.00	0	100
5848	1.00	0	100
5849	1.00	0	100
5850	1.00	0	100
5851	1.00	0	100
5852	1.00	0	100
5853	1.00	0	100
5854	1.00	0	100
5855	1.00	0	100
5856	1.00	0	100
5857	1.00	0	100
5858	1.00	0	100
5859	1.00	0	100
5860	1.00	0	100
5861	1.00	0	100
5862	1.00	0	100
5863	1.00	0	100
5864	1.00	0	100
5865	1.00	0	100
5866	1.00	0	100
5867	1.00	0	100
5868	1.00	0	100
5869	1.00	0	100
5870	1.00	0	100
5871	1.00	0	100
5872	1.00	0	100
5873	1.00	0	100
5874	1.00	0	100
5875	1.00	0	100
5876	1.00	0	100
5877	1.00	0	100
5878	1.00	0	100
5879	1.00	0	100
5880	1.00	0	100
5881	1.00	0	100
5882	1.00	0	100
5883	1.00	0	100
5884	1.00	0	100
5885	1.00	0	100
5886	1.00	0	100
5887	1.00	0	100
5888	1.00	0	100
5889	1.00	0	100
5890	1.00	0	100
5891	1.00	0	100
5892	1.00	0	100
5893	1.00	0	100
5894	1.00	0	100
5895	1.00	0	100
5896	1.00	0	100
5897	1.00	0	100
5898	1.00	0	100
5899	1.00	0	100
5900	1.00	0	100
5901	1.00	0	100
5902	1.00	0	100
5903	1.00	0	100
5904	1.00	0	100
5905	1.00	0	100
5906	1.00	0	100
5907	1.00	0	100
5908	1.00	0	100
5909	1.00	0	100
5910	1.00	0	100
5911	1.00	0	100
5912	1.00	0	100
5913	1.00	0	100
5914	1.00	0	100
5915	1.00	0	100
5916	1.00	0	100
5917	1.00	0	100
5918	1.00	0	100
5919	1.00	0	100
5920	1.00	0	100
5921	1.00	0	100
5922	1.00	0	100
5923	1.00	0	100
5924	1.00	0	100
5925	1.00	0	100
5926	1.00	0	100
5927	1.00	0	100
5928	1.00	0	100
5929	1.00	0	100
5930	1.00	0	100
5931	1.00	0	100
5932	1.00	0	100
5933	1.00	0	100
5934	1.00	0	100
5935	1.00	0	100
5936	1.00	0	100
5937	1.00	0	100
5938	1.00	0	100
5939	1.00	0	100
5940	1.00	0	100
5941	1.00	0	100
5942	1.00	0	100
5943	1.00	0	100
5944	1.00	0	100
5945	1.00	0	100
5946	1.00	0	100
5947	1.00	0	100
5948	1.00	0	100
5949	1.00	0	100
5950	1.00	0	100
5951	1.00	0	100
5952	1.00	0	100
5953	1.00	0	100
5954	1.00	0	100
5955	1.00	0	100
5956	1.00	0	100
5957	1.00	0	100
5958	1.00	0	100
5959	1.00	0	100
5960	1.00	0	100
5961	1.00	0	100
5962	1.00	0	100
5963	1.00	0	100
5964	1.00	0	100
5965	1.00	0	100
5966	1.00	0	100
5967	1.00	0	100
5968	1.00	0	100
5969	1.00	0	100
5970	1.00	0	100
5971	1.00	0	100
5972	1.00	0	100
5973	1.00	0	100
5974	1.00	0	100
5975	1.00	0	100
5976	1.00	0	100
5977	1.00	0	100
5978	1.00	0	100
5979	1.00	0	100
5980	1.00	0	100
5981	1.00	0	100
5982	1.00	0	100
5983	1.00	0	100
5984	1.00	0	100
5985	1.00	0	100
5986	1.00	0	100
5987	1.00	0	100
5988	1.00	0	100
5989	1.00	0	100
5990	1.00	0	100
5991	1.00	0	100
5992	1.00	0	100
5993	1.00	0	100
5994	1.00	0	100
5995	1.00	0	100
5996	1.00	0	100
5997	1.00	0	100
5998	1.00	0	100
5999	1.00	0	100
