timestep	swarm_quality	color_0	color_1
0	0.70	70	30
1	0.70	70	30
2	0.70	70	30
3	0.70	70	30
4	0.69	69	31
5	0.68	68	32
6	0.68	68	32
7	0.68	68	32
8	0.68	68	32
9	0.68	68	32
10	0.68	68	32
11	0.68	68	32
12	0.68	68	32
13	0.68	68	32
14	0.68	68	32
15	0.68	68	32
16	0.68	68	32
17	0.68	68	32
18	0.68	68	32
19	0.68	68	32
20	0.68	68	32
21	0.68	68	32
22	0.68	68	32
23	0.68	68	32
24	0.68	68	32
25	0.68	68	32
26	0.68	68	32
27	0.68	68	32
28	0.68	68	32
29	0.68	68	32
30	0.68	68	32
31	0.68	68	32
32	0.68	68	32
33	0.68	68	32
34	0.68	68	32
35	0.68	68	32
36	0.68	68	32
37	0.68	68	32
38	0.68	68	32
39	0.67	67	33
40	0.67	67	33
41	0.66	66	34
42	0.65	65	35
43	0.65	65	35
44	0.65	65	35
45	0.65	65	35
46	0.65	65	35
47	0.64	64	36
48	0.64	64	36
49	0.64	64	36
50	0.64	64	36
51	0.64	64	36
52	0.63	63	37
53	0.63	63	37
54	0.63	63	37
55	0.63	63	37
56	0.62	62	38
57	0.62	62	38
58	0.62	62	38
59	0.62	62	38
60	0.62	62	38
61	0.61	61	39
62	0.61	61	39
63	0.61	61	39
64	0.61	61	39
65	0.60	60	40
66	0.59	59	41
67	0.59	59	41
68	0.59	59	41
69	0.59	59	41
70	0.59	59	41
71	0.60	60	40
72	0.61	61	39
73	0.62	62	38
74	0.63	63	37
75	0.64	64	36
76	0.65	65	35
77	0.65	65	35
78	0.66	66	34
79	0.67	67	33
80	0.68	68	32
81	0.68	68	32
82	0.69	69	31
83	0.70	70	30
84	0.71	71	29
85	0.72	72	28
86	0.73	73	27
87	0.74	74	26
88	0.75	75	25
89	0.76	76	24
90	0.77	77	23
91	0.78	78	22
92	0.79	79	21
93	0.80	80	20
94	0.80	80	20
95	0.81	81	19
96	0.82	82	18
97	0.83	83	17
98	0.84	84	16
99	0.85	85	15
100	0.85	85	15
101	0.85	85	15
102	0.85	85	15
103	0.85	85	15
104	0.86	86	14
105	0.87	87	13
106	0.87	87	13
107	0.87	87	13
108	0.86	86	14
109	0.85	85	15
110	0.85	85	15
111	0.85	85	15
112	0.85	85	15
113	0.84	84	16
114	0.84	84	16
115	0.84	84	16
116	0.83	83	17
117	0.83	83	17
118	0.83	83	17
119	0.83	83	17
120	0.82	82	18
121	0.82	82	18
122	0.82	82	18
123	0.82	82	18
124	0.82	82	18
125	0.82	82	18
126	0.82	82	18
127	0.82	82	18
128	0.82	82	18
129	0.82	82	18
130	0.82	82	18
131	0.82	82	18
132	0.82	82	18
133	0.82	82	18
134	0.82	82	18
135	0.81	81	19
136	0.81	81	19
137	0.81	81	19
138	0.81	81	19
139	0.82	82	18
140	0.82	82	18
141	0.83	83	17
142	0.84	84	16
143	0.84	84	16
144	0.84	84	16
145	0.84	84	16
146	0.84	84	16
147	0.85	85	15
148	0.85	85	15
149	0.85	85	15
150	0.85	85	15
151	0.85	85	15
152	0.86	86	14
153	0.86	86	14
154	0.86	86	14
155	0.86	86	14
156	0.87	87	13
157	0.87	87	13
158	0.87	87	13
159	0.87	87	13
160	0.86	86	14
161	0.87	87	13
162	0.87	87	13
163	0.87	87	13
164	0.87	87	13
165	0.88	88	12
166	0.89	89	11
167	0.89	89	11
168	0.89	89	11
169	0.89	89	11
170	0.90	90	10
171	0.90	90	10
172	0.90	90	10
173	0.90	90	10
174	0.90	90	10
175	0.90	90	10
176	0.90	90	10
177	0.91	91	9
178	0.91	91	9
179	0.90	90	10
180	0.90	90	10
181	0.91	91	9
182	0.90	90	10
183	0.90	90	10
184	0.90	90	10
185	0.89	89	11
186	0.89	89	11
187	0.89	89	11
188	0.89	89	11
189	0.89	89	11
190	0.89	89	11
191	0.89	89	11
192	0.89	89	11
193	0.89	89	11
194	0.90	90	10
195	0.90	90	10
196	0.90	90	10
197	0.90	90	10
198	0.90	90	10
199	0.90	90	10
200	0.90	90	10
201	0.90	90	10
202	0.89	89	11
203	0.88	88	12
204	0.88	88	12
205	0.88	88	12
206	0.88	88	12
207	0.88	88	12
208	0.89	89	11
209	0.90	90	10
210	0.90	90	10
211	0.90	90	10
212	0.90	90	10
213	0.91	91	9
214	0.91	91	9
215	0.91	91	9
216	0.92	92	8
217	0.92	92	8
218	0.92	92	8
219	0.92	92	8
220	0.93	93	7
221	0.93	93	7
222	0.93	93	7
223	0.93	93	7
224	0.93	93	7
225	0.93	93	7
226	0.93	93	7
227	0.93	93	7
228	0.92	92	8
229	0.92	92	8
230	0.92	92	8
231	0.91	91	9
232	0.91	91	9
233	0.91	91	9
234	0.90	90	10
235	0.91	91	9
236	0.90	90	10
237	0.90	90	10
238	0.90	90	10
239	0.90	90	10
240	0.90	90	10
241	0.89	89	11
242	0.89	89	11
243	0.89	89	11
244	0.89	89	11
245	0.89	89	11
246	0.89	89	11
247	0.89	89	11
248	0.89	89	11
249	0.89	89	11
250	0.89	89	11
251	0.88	88	12
252	0.88	88	12
253	0.88	88	12
254	0.88	88	12
255	0.88	88	12
256	0.88	88	12
257	0.88	88	12
258	0.88	88	12
259	0.88	88	12
260	0.89	89	11
261	0.89	89	11
262	0.89	89	11
263	0.89	89	11
264	0.89	89	11
265	0.89	89	11
266	0.89	89	11
267	0.89	89	11
268	0.89	89	11
269	0.89	89	11
270	0.89	89	11
271	0.89	89	11
272	0.89	89	11
273	0.89	89	11
274	0.89	89	11
275	0.89	89	11
276	0.89	89	11
277	0.88	88	12
278	0.88	88	12
279	0.88	88	12
280	0.88	88	12
281	0.88	88	12
282	0.88	88	12
283	0.87	87	13
284	0.87	87	13
285	0.88	88	12
286	0.88	88	12
287	0.88	88	12
288	0.88	88	12
289	0.88	88	12
290	0.88	88	12
291	0.87	87	13
292	0.87	87	13
293	0.87	87	13
294	0.87	87	13
295	0.86	86	14
296	0.86	86	14
297	0.86	86	14
298	0.86	86	14
299	0.86	86	14
300	0.86	86	14
301	0.86	86	14
302	0.87	87	13
303	0.87	87	13
304	0.87	87	13
305	0.87	87	13
306	0.87	87	13
307	0.87	87	13
308	0.87	87	13
309	0.87	87	13
310	0.87	87	13
311	0.87	87	13
312	0.87	87	13
313	0.87	87	13
314	0.87	87	13
315	0.87	87	13
316	0.87	87	13
317	0.87	87	13
318	0.87	87	13
319	0.87	87	13
320	0.87	87	13
321	0.87	87	13
322	0.87	87	13
323	0.87	87	13
324	0.87	87	13
325	0.87	87	13
326	0.87	87	13
327	0.87	87	13
328	0.88	88	12
329	0.88	88	12
330	0.88	88	12
331	0.89	89	11
332	0.88	88	12
333	0.87	87	13
334	0.88	88	12
335	0.88	88	12
336	0.89	89	11
337	0.89	89	11
338	0.89	89	11
339	0.89	89	11
340	0.89	89	11
341	0.90	90	10
342	0.90	90	10
343	0.90	90	10
344	0.90	90	10
345	0.90	90	10
346	0.90	90	10
347	0.90	90	10
348	0.90	90	10
349	0.90	90	10
350	0.90	90	10
351	0.91	91	9
352	0.91	91	9
353	0.90	90	10
354	0.89	89	11
355	0.88	88	12
356	0.87	87	13
357	0.87	87	13
358	0.87	87	13
359	0.86	86	14
360	0.86	86	14
361	0.86	86	14
362	0.85	85	15
363	0.85	85	15
364	0.85	85	15
365	0.85	85	15
366	0.84	84	16
367	0.83	83	17
368	0.83	83	17
369	0.83	83	17
370	0.83	83	17
371	0.83	83	17
372	0.83	83	17
373	0.83	83	17
374	0.82	82	18
375	0.81	81	19
376	0.81	81	19
377	0.82	82	18
378	0.82	82	18
379	0.83	83	17
380	0.83	83	17
381	0.83	83	17
382	0.84	84	16
383	0.85	85	15
384	0.85	85	15
385	0.85	85	15
386	0.85	85	15
387	0.85	85	15
388	0.85	85	15
389	0.84	84	16
390	0.84	84	16
391	0.85	85	15
392	0.85	85	15
393	0.84	84	16
394	0.84	84	16
395	0.85	85	15
396	0.85	85	15
397	0.85	85	15
398	0.85	85	15
399	0.85	85	15
400	0.84	84	16
401	0.84	84	16
402	0.84	84	16
403	0.85	85	15
404	0.85	85	15
405	0.85	85	15
406	0.85	85	15
407	0.85	85	15
408	0.85	85	15
409	0.84	84	16
410	0.84	84	16
411	0.84	84	16
412	0.84	84	16
413	0.84	84	16
414	0.84	84	16
415	0.84	84	16
416	0.84	84	16
417	0.84	84	16
418	0.84	84	16
419	0.84	84	16
420	0.84	84	16
421	0.84	84	16
422	0.84	84	16
423	0.84	84	16
424	0.83	83	17
425	0.83	83	17
426	0.83	83	17
427	0.83	83	17
428	0.83	83	17
429	0.83	83	17
430	0.83	83	17
431	0.83	83	17
432	0.83	83	17
433	0.83	83	17
434	0.83	83	17
435	0.82	82	18
436	0.82	82	18
437	0.82	82	18
438	0.82	82	18
439	0.82	82	18
440	0.82	82	18
441	0.82	82	18
442	0.82	82	18
443	0.82	82	18
444	0.81	81	19
445	0.80	80	20
446	0.80	80	20
447	0.80	80	20
448	0.79	79	21
449	0.79	79	21
450	0.79	79	21
451	0.79	79	21
452	0.79	79	21
453	0.79	79	21
454	0.80	80	20
455	0.81	81	19
456	0.81	81	19
457	0.81	81	19
458	0.81	81	19
459	0.81	81	19
460	0.81	81	19
461	0.81	81	19
462	0.82	82	18
463	0.82	82	18
464	0.82	82	18
465	0.82	82	18
466	0.83	83	17
467	0.84	84	16
468	0.84	84	16
469	0.84	84	16
470	0.84	84	16
471	0.84	84	16
472	0.84	84	16
473	0.84	84	16
474	0.85	85	15
475	0.86	86	14
476	0.85	85	15
477	0.84	84	16
478	0.84	84	16
479	0.84	84	16
480	0.84	84	16
481	0.84	84	16
482	0.84	84	16
483	0.84	84	16
484	0.84	84	16
485	0.84	84	16
486	0.83	83	17
487	0.82	82	18
488	0.81	81	19
489	0.82	82	18
490	0.81	81	19
491	0.81	81	19
492	0.81	81	19
493	0.82	82	18
494	0.82	82	18
495	0.82	82	18
496	0.82	82	18
497	0.82	82	18
498	0.82	82	18
499	0.82	82	18
500	0.82	82	18
501	0.82	82	18
502	0.82	82	18
503	0.81	81	19
504	0.81	81	19
505	0.81	81	19
506	0.81	81	19
507	0.81	81	19
508	0.81	81	19
509	0.81	81	19
510	0.81	81	19
511	0.80	80	20
512	0.79	79	21
513	0.79	79	21
514	0.79	79	21
515	0.79	79	21
516	0.79	79	21
517	0.79	79	21
518	0.79	79	21
519	0.79	79	21
520	0.79	79	21
521	0.79	79	21
522	0.79	79	21
523	0.78	78	22
524	0.78	78	22
525	0.78	78	22
526	0.78	78	22
527	0.77	77	23
528	0.77	77	23
529	0.77	77	23
530	0.77	77	23
531	0.77	77	23
532	0.78	78	22
533	0.79	79	21
534	0.79	79	21
535	0.80	80	20
536	0.79	79	21
537	0.79	79	21
538	0.78	78	22
539	0.78	78	22
540	0.78	78	22
541	0.78	78	22
542	0.77	77	23
543	0.77	77	23
544	0.78	78	22
545	0.78	78	22
546	0.78	78	22
547	0.78	78	22
548	0.79	79	21
549	0.79	79	21
550	0.79	79	21
551	0.79	79	21
552	0.79	79	21
553	0.80	80	20
554	0.80	80	20
555	0.80	80	20
556	0.81	81	19
557	0.81	81	19
558	0.81	81	19
559	0.82	82	18
560	0.82	82	18
561	0.82	82	18
562	0.82	82	18
563	0.82	82	18
564	0.82	82	18
565	0.82	82	18
566	0.82	82	18
567	0.82	82	18
568	0.82	82	18
569	0.82	82	18
570	0.82	82	18
571	0.82	82	18
572	0.81	81	19
573	0.81	81	19
574	0.80	80	20
575	0.80	80	20
576	0.81	81	19
577	0.82	82	18
578	0.82	82	18
579	0.82	82	18
580	0.82	82	18
581	0.82	82	18
582	0.82	82	18
583	0.82	82	18
584	0.82	82	18
585	0.82	82	18
586	0.83	83	17
587	0.83	83	17
588	0.84	84	16
589	0.83	83	17
590	0.84	84	16
591	0.84	84	16
592	0.84	84	16
593	0.83	83	17
594	0.83	83	17
595	0.83	83	17
596	0.83	83	17
597	0.82	82	18
598	0.82	82	18
599	0.82	82	18
600	0.82	82	18
601	0.82	82	18
602	0.81	81	19
603	0.82	82	18
604	0.81	81	19
605	0.81	81	19
606	0.81	81	19
607	0.81	81	19
608	0.80	80	20
609	0.81	81	19
610	0.81	81	19
611	0.82	82	18
612	0.83	83	17
613	0.82	82	18
614	0.82	82	18
615	0.81	81	19
616	0.81	81	19
617	0.81	81	19
618	0.81	81	19
619	0.81	81	19
620	0.81	81	19
621	0.81	81	19
622	0.80	80	20
623	0.80	80	20
624	0.81	81	19
625	0.80	80	20
626	0.80	80	20
627	0.81	81	19
628	0.81	81	19
629	0.81	81	19
630	0.81	81	19
631	0.81	81	19
632	0.81	81	19
633	0.80	80	20
634	0.80	80	20
635	0.80	80	20
636	0.81	81	19
637	0.81	81	19
638	0.82	82	18
639	0.81	81	19
640	0.81	81	19
641	0.81	81	19
642	0.82	82	18
643	0.82	82	18
644	0.82	82	18
645	0.83	83	17
646	0.83	83	17
647	0.83	83	17
648	0.83	83	17
649	0.83	83	17
650	0.83	83	17
651	0.83	83	17
652	0.82	82	18
653	0.82	82	18
654	0.82	82	18
655	0.81	81	19
656	0.81	81	19
657	0.81	81	19
658	0.81	81	19
659	0.81	81	19
660	0.81	81	19
661	0.81	81	19
662	0.81	81	19
663	0.81	81	19
664	0.81	81	19
665	0.80	80	20
666	0.80	80	20
667	0.79	79	21
668	0.79	79	21
669	0.79	79	21
670	0.79	79	21
671	0.79	79	21
672	0.80	80	20
673	0.80	80	20
674	0.81	81	19
675	0.81	81	19
676	0.81	81	19
677	0.81	81	19
678	0.81	81	19
679	0.81	81	19
680	0.81	81	19
681	0.81	81	19
682	0.81	81	19
683	0.80	80	20
684	0.80	80	20
685	0.80	80	20
686	0.80	80	20
687	0.81	81	19
688	0.81	81	19
689	0.82	82	18
690	0.82	82	18
691	0.82	82	18
692	0.82	82	18
693	0.83	83	17
694	0.83	83	17
695	0.83	83	17
696	0.82	82	18
697	0.82	82	18
698	0.82	82	18
699	0.82	82	18
700	0.83	83	17
701	0.83	83	17
702	0.83	83	17
703	0.83	83	17
704	0.84	84	16
705	0.84	84	16
706	0.84	84	16
707	0.84	84	16
708	0.85	85	15
709	0.85	85	15
710	0.85	85	15
711	0.85	85	15
712	0.85	85	15
713	0.86	86	14
714	0.86	86	14
715	0.87	87	13
716	0.87	87	13
717	0.87	87	13
718	0.87	87	13
719	0.87	87	13
720	0.87	87	13
721	0.87	87	13
722	0.88	88	12
723	0.89	89	11
724	0.88	88	12
725	0.89	89	11
726	0.89	89	11
727	0.89	89	11
728	0.89	89	11
729	0.89	89	11
730	0.88	88	12
731	0.88	88	12
732	0.87	87	13
733	0.88	88	12
734	0.87	87	13
735	0.87	87	13
736	0.86	86	14
737	0.86	86	14
738	0.86	86	14
739	0.87	87	13
740	0.87	87	13
741	0.87	87	13
742	0.87	87	13
743	0.87	87	13
744	0.86	86	14
745	0.85	85	15
746	0.84	84	16
747	0.84	84	16
748	0.84	84	16
749	0.84	84	16
750	0.84	84	16
751	0.83	83	17
752	0.84	84	16
753	0.83	83	17
754	0.83	83	17
755	0.83	83	17
756	0.83	83	17
757	0.83	83	17
758	0.83	83	17
759	0.83	83	17
760	0.83	83	17
761	0.83	83	17
762	0.83	83	17
763	0.83	83	17
764	0.83	83	17
765	0.84	84	16
766	0.84	84	16
767	0.85	85	15
768	0.85	85	15
769	0.85	85	15
770	0.85	85	15
771	0.85	85	15
772	0.84	84	16
773	0.84	84	16
774	0.84	84	16
775	0.84	84	16
776	0.84	84	16
777	0.84	84	16
778	0.84	84	16
779	0.84	84	16
780	0.83	83	17
781	0.83	83	17
782	0.83	83	17
783	0.84	84	16
784	0.84	84	16
785	0.84	84	16
786	0.84	84	16
787	0.84	84	16
788	0.83	83	17
789	0.83	83	17
790	0.83	83	17
791	0.83	83	17
792	0.83	83	17
793	0.83	83	17
794	0.83	83	17
795	0.83	83	17
796	0.83	83	17
797	0.84	84	16
798	0.84	84	16
799	0.84	84	16
800	0.84	84	16
801	0.83	83	17
802	0.84	84	16
803	0.84	84	16
804	0.84	84	16
805	0.84	84	16
806	0.84	84	16
807	0.84	84	16
808	0.84	84	16
809	0.83	83	17
810	0.83	83	17
811	0.83	83	17
812	0.83	83	17
813	0.83	83	17
814	0.83	83	17
815	0.83	83	17
816	0.82	82	18
817	0.81	81	19
818	0.81	81	19
819	0.81	81	19
820	0.81	81	19
821	0.81	81	19
822	0.81	81	19
823	0.80	80	20
824	0.81	81	19
825	0.81	81	19
826	0.81	81	19
827	0.81	81	19
828	0.81	81	19
829	0.81	81	19
830	0.81	81	19
831	0.81	81	19
832	0.82	82	18
833	0.82	82	18
834	0.83	83	17
835	0.82	82	18
836	0.83	83	17
837	0.83	83	17
838	0.83	83	17
839	0.83	83	17
840	0.83	83	17
841	0.82	82	18
842	0.81	81	19
843	0.81	81	19
844	0.82	82	18
845	0.83	83	17
846	0.84	84	16
847	0.83	83	17
848	0.83	83	17
849	0.83	83	17
850	0.83	83	17
851	0.84	84	16
852	0.84	84	16
853	0.84	84	16
854	0.84	84	16
855	0.85	85	15
856	0.85	85	15
857	0.85	85	15
858	0.85	85	15
859	0.85	85	15
860	0.85	85	15
861	0.85	85	15
862	0.85	85	15
863	0.85	85	15
864	0.84	84	16
865	0.83	83	17
866	0.83	83	17
867	0.83	83	17
868	0.83	83	17
869	0.83	83	17
870	0.83	83	17
871	0.83	83	17
872	0.84	84	16
873	0.84	84	16
874	0.84	84	16
875	0.84	84	16
876	0.84	84	16
877	0.84	84	16
878	0.84	84	16
879	0.84	84	16
880	0.84	84	16
881	0.84	84	16
882	0.84	84	16
883	0.83	83	17
884	0.83	83	17
885	0.83	83	17
886	0.83	83	17
887	0.83	83	17
888	0.84	84	16
889	0.84	84	16
890	0.84	84	16
891	0.83	83	17
892	0.83	83	17
893	0.83	83	17
894	0.83	83	17
895	0.83	83	17
896	0.84	84	16
897	0.84	84	16
898	0.84	84	16
899	0.84	84	16
900	0.84	84	16
901	0.85	85	15
902	0.85	85	15
903	0.85	85	15
904	0.85	85	15
905	0.85	85	15
906	0.85	85	15
907	0.85	85	15
908	0.85	85	15
909	0.85	85	15
910	0.85	85	15
911	0.85	85	15
912	0.85	85	15
913	0.85	85	15
914	0.85	85	15
915	0.85	85	15
916	0.86	86	14
917	0.86	86	14
918	0.85	85	15
919	0.85	85	15
920	0.85	85	15
921	0.85	85	15
922	0.85	85	15
923	0.86	86	14
924	0.86	86	14
925	0.86	86	14
926	0.85	85	15
927	0.85	85	15
928	0.85	85	15
929	0.85	85	15
930	0.86	86	14
931	0.86	86	14
932	0.85	85	15
933	0.85	85	15
934	0.84	84	16
935	0.84	84	16
936	0.84	84	16
937	0.84	84	16
938	0.84	84	16
939	0.84	84	16
940	0.84	84	16
941	0.85	85	15
942	0.86	86	14
943	0.86	86	14
944	0.86	86	14
945	0.86	86	14
946	0.86	86	14
947	0.87	87	13
948	0.87	87	13
949	0.86	86	14
950	0.86	86	14
951	0.85	85	15
952	0.85	85	15
953	0.86	86	14
954	0.86	86	14
955	0.86	86	14
956	0.86	86	14
957	0.86	86	14
958	0.86	86	14
959	0.86	86	14
960	0.86	86	14
961	0.85	85	15
962	0.85	85	15
963	0.85	85	15
964	0.86	86	14
965	0.87	87	13
966	0.87	87	13
967	0.87	87	13
968	0.87	87	13
969	0.87	87	13
970	0.87	87	13
971	0.87	87	13
972	0.86	86	14
973	0.86	86	14
974	0.86	86	14
975	0.86	86	14
976	0.85	85	15
977	0.85	85	15
978	0.85	85	15
979	0.84	84	16
980	0.85	85	15
981	0.85	85	15
982	0.85	85	15
983	0.86	86	14
984	0.85	85	15
985	0.84	84	16
986	0.84	84	16
987	0.84	84	16
988	0.84	84	16
989	0.84	84	16
990	0.83	83	17
991	0.84	84	16
992	0.83	83	17
993	0.83	83	17
994	0.83	83	17
995	0.82	82	18
996	0.82	82	18
997	0.82	82	18
998	0.82	82	18
999	0.82	82	18
1000	0.19	81	19
1001	0.20	80	20
1002	0.21	79	21
1003	0.22	78	22
1004	0.22	78	22
1005	0.23	77	23
1006	0.23	77	23
1007	0.24	76	24
1008	0.24	76	24
1009	0.23	77	23
1010	0.24	76	24
1011	0.25	75	25
1012	0.25	75	25
1013	0.26	74	26
1014	0.26	74	26
1015	0.27	73	27
1016	0.28	72	28
1017	0.27	73	27
1018	0.27	73	27
1019	0.28	72	28
1020	0.28	72	28
1021	0.28	72	28
1022	0.29	71	29
1023	0.30	70	30
1024	0.31	69	31
1025	0.31	69	31
1026	0.31	69	31
1027	0.31	69	31
1028	0.32	68	32
1029	0.33	67	33
1030	0.34	66	34
1031	0.34	66	34
1032	0.34	66	34
1033	0.34	66	34
1034	0.34	66	34
1035	0.34	66	34
1036	0.34	66	34
1037	0.34	66	34
1038	0.34	66	34
1039	0.35	65	35
1040	0.36	64	36
1041	0.36	64	36
1042	0.37	63	37
1043	0.38	62	38
1044	0.38	62	38
1045	0.38	62	38
1046	0.39	61	39
1047	0.40	60	40
1048	0.41	59	41
1049	0.41	59	41
1050	0.42	58	42
1051	0.41	59	41
1052	0.42	58	42
1053	0.42	58	42
1054	0.43	57	43
1055	0.44	56	44
1056	0.44	56	44
1057	0.45	55	45
1058	0.46	54	46
1059	0.47	53	47
1060	0.47	53	47
1061	0.46	54	46
1062	0.47	53	47
1063	0.48	52	48
1064	0.48	52	48
1065	0.49	51	49
1066	0.50	50	50
1067	0.51	49	51
1068	0.52	48	52
1069	0.53	47	53
1070	0.54	46	54
1071	0.55	45	55
1072	0.55	45	55
1073	0.55	45	55
1074	0.55	45	55
1075	0.56	44	56
1076	0.56	44	56
1077	0.56	44	56
1078	0.57	43	57
1079	0.57	43	57
1080	0.58	42	58
1081	0.58	42	58
1082	0.59	41	59
1083	0.59	41	59
1084	0.59	41	59
1085	0.58	42	58
1086	0.58	42	58
1087	0.59	41	59
1088	0.59	41	59
1089	0.60	40	60
1090	0.60	40	60
1091	0.60	40	60
1092	0.60	40	60
1093	0.61	39	61
1094	0.61	39	61
1095	0.61	39	61
1096	0.62	38	62
1097	0.63	37	63
1098	0.64	36	64
1099	0.65	35	65
1100	0.65	35	65
1101	0.65	35	65
1102	0.65	35	65
1103	0.65	35	65
1104	0.66	34	66
1105	0.65	35	65
1106	0.66	34	66
1107	0.66	34	66
1108	0.66	34	66
1109	0.67	33	67
1110	0.67	33	67
1111	0.67	33	67
1112	0.68	32	68
1113	0.68	32	68
1114	0.69	31	69
1115	0.69	31	69
1116	0.69	31	69
1117	0.70	30	70
1118	0.70	30	70
1119	0.70	30	70
1120	0.71	29	71
1121	0.72	28	72
1122	0.71	29	71
1123	0.70	30	70
1124	0.70	30	70
1125	0.71	29	71
1126	0.71	29	71
1127	0.72	28	72
1128	0.71	29	71
1129	0.70	30	70
1130	0.70	30	70
1131	0.71	29	71
1132	0.71	29	71
1133	0.71	29	71
1134	0.71	29	71
1135	0.71	29	71
1136	0.72	28	72
1137	0.73	27	73
1138	0.74	26	74
1139	0.74	26	74
1140	0.74	26	74
1141	0.75	25	75
1142	0.75	25	75
1143	0.75	25	75
1144	0.76	24	76
1145	0.77	23	77
1146	0.77	23	77
1147	0.77	23	77
1148	0.77	23	77
1149	0.77	23	77
1150	0.76	24	76
1151	0.77	23	77
1152	0.77	23	77
1153	0.78	22	78
1154	0.78	22	78
1155	0.78	22	78
1156	0.79	21	79
1157	0.78	22	78
1158	0.77	23	77
1159	0.76	24	76
1160	0.77	23	77
1161	0.77	23	77
1162	0.77	23	77
1163	0.77	23	77
1164	0.78	22	78
1165	0.78	22	78
1166	0.78	22	78
1167	0.78	22	78
1168	0.78	22	78
1169	0.78	22	78
1170	0.78	22	78
1171	0.78	22	78
1172	0.78	22	78
1173	0.79	21	79
1174	0.80	20	80
1175	0.80	20	80
1176	0.80	20	80
1177	0.80	20	80
1178	0.80	20	80
1179	0.80	20	80
1180	0.79	21	79
1181	0.80	20	80
1182	0.80	20	80
1183	0.81	19	81
1184	0.81	19	81
1185	0.82	18	82
1186	0.83	17	83
1187	0.83	17	83
1188	0.84	16	84
1189	0.84	16	84
1190	0.84	16	84
1191	0.85	15	85
1192	0.85	15	85
1193	0.85	15	85
1194	0.86	14	86
1195	0.85	15	85
1196	0.85	15	85
1197	0.85	15	85
1198	0.85	15	85
1199	0.85	15	85
1200	0.85	15	85
1201	0.85	15	85
1202	0.85	15	85
1203	0.85	15	85
1204	0.85	15	85
1205	0.86	14	86
1206	0.86	14	86
1207	0.86	14	86
1208	0.87	13	87
1209	0.86	14	86
1210	0.86	14	86
1211	0.85	15	85
1212	0.85	15	85
1213	0.85	15	85
1214	0.85	15	85
1215	0.85	15	85
1216	0.85	15	85
1217	0.85	15	85
1218	0.85	15	85
1219	0.85	15	85
1220	0.84	16	84
1221	0.83	17	83
1222	0.84	16	84
1223	0.85	15	85
1224	0.85	15	85
1225	0.85	15	85
1226	0.85	15	85
1227	0.85	15	85
1228	0.85	15	85
1229	0.86	14	86
1230	0.86	14	86
1231	0.86	14	86
1232	0.85	15	85
1233	0.86	14	86
1234	0.85	15	85
1235	0.85	15	85
1236	0.85	15	85
1237	0.85	15	85
1238	0.85	15	85
1239	0.85	15	85
1240	0.85	15	85
1241	0.85	15	85
1242	0.85	15	85
1243	0.85	15	85
1244	0.85	15	85
1245	0.85	15	85
1246	0.84	16	84
1247	0.83	17	83
1248	0.82	18	82
1249	0.82	18	82
1250	0.83	17	83
1251	0.83	17	83
1252	0.83	17	83
1253	0.83	17	83
1254	0.83	17	83
1255	0.83	17	83
1256	0.82	18	82
1257	0.82	18	82
1258	0.83	17	83
1259	0.83	17	83
1260	0.83	17	83
1261	0.84	16	84
1262	0.84	16	84
1263	0.84	16	84
1264	0.84	16	84
1265	0.84	16	84
1266	0.84	16	84
1267	0.83	17	83
1268	0.82	18	82
1269	0.82	18	82
1270	0.82	18	82
1271	0.82	18	82
1272	0.82	18	82
1273	0.82	18	82
1274	0.81	19	81
1275	0.81	19	81
1276	0.81	19	81
1277	0.82	18	82
1278	0.81	19	81
1279	0.81	19	81
1280	0.82	18	82
1281	0.81	19	81
1282	0.81	19	81
1283	0.81	19	81
1284	0.81	19	81
1285	0.81	19	81
1286	0.81	19	81
1287	0.81	19	81
1288	0.80	20	80
1289	0.80	20	80
1290	0.80	20	80
1291	0.80	20	80
1292	0.80	20	80
1293	0.80	20	80
1294	0.80	20	80
1295	0.80	20	80
1296	0.80	20	80
1297	0.80	20	80
1298	0.80	20	80
1299	0.80	20	80
1300	0.80	20	80
1301	0.80	20	80
1302	0.80	20	80
1303	0.80	20	80
1304	0.80	20	80
1305	0.80	20	80
1306	0.80	20	80
1307	0.80	20	80
1308	0.80	20	80
1309	0.81	19	81
1310	0.81	19	81
1311	0.82	18	82
1312	0.82	18	82
1313	0.82	18	82
1314	0.82	18	82
1315	0.82	18	82
1316	0.82	18	82
1317	0.82	18	82
1318	0.82	18	82
1319	0.82	18	82
1320	0.83	17	83
1321	0.84	16	84
1322	0.83	17	83
1323	0.83	17	83
1324	0.83	17	83
1325	0.83	17	83
1326	0.82	18	82
1327	0.82	18	82
1328	0.82	18	82
1329	0.82	18	82
1330	0.82	18	82
1331	0.82	18	82
1332	0.83	17	83
1333	0.83	17	83
1334	0.84	16	84
1335	0.84	16	84
1336	0.84	16	84
1337	0.84	16	84
1338	0.84	16	84
1339	0.84	16	84
1340	0.84	16	84
1341	0.84	16	84
1342	0.84	16	84
1343	0.84	16	84
1344	0.84	16	84
1345	0.84	16	84
1346	0.85	15	85
1347	0.86	14	86
1348	0.87	13	87
1349	0.87	13	87
1350	0.87	13	87
1351	0.87	13	87
1352	0.87	13	87
1353	0.86	14	86
1354	0.86	14	86
1355	0.86	14	86
1356	0.87	13	87
1357	0.88	12	88
1358	0.88	12	88
1359	0.88	12	88
1360	0.88	12	88
1361	0.88	12	88
1362	0.88	12	88
1363	0.88	12	88
1364	0.88	12	88
1365	0.88	12	88
1366	0.88	12	88
1367	0.89	11	89
1368	0.90	10	90
1369	0.90	10	90
1370	0.90	10	90
1371	0.90	10	90
1372	0.90	10	90
1373	0.90	10	90
1374	0.91	9	91
1375	0.91	9	91
1376	0.91	9	91
1377	0.91	9	91
1378	0.92	8	92
1379	0.92	8	92
1380	0.92	8	92
1381	0.92	8	92
1382	0.92	8	92
1383	0.92	8	92
1384	0.92	8	92
1385	0.91	9	91
1386	0.90	10	90
1387	0.90	10	90
1388	0.91	9	91
1389	0.91	9	91
1390	0.91	9	91
1391	0.91	9	91
1392	0.90	10	90
1393	0.89	11	89
1394	0.89	11	89
1395	0.90	10	90
1396	0.90	10	90
1397	0.90	10	90
1398	0.89	11	89
1399	0.89	11	89
1400	0.89	11	89
1401	0.89	11	89
1402	0.89	11	89
1403	0.89	11	89
1404	0.89	11	89
1405	0.89	11	89
1406	0.89	11	89
1407	0.89	11	89
1408	0.89	11	89
1409	0.89	11	89
1410	0.89	11	89
1411	0.89	11	89
1412	0.89	11	89
1413	0.89	11	89
1414	0.88	12	88
1415	0.87	13	87
1416	0.87	13	87
1417	0.87	13	87
1418	0.87	13	87
1419	0.87	13	87
1420	0.87	13	87
1421	0.87	13	87
1422	0.88	12	88
1423	0.88	12	88
1424	0.88	12	88
1425	0.87	13	87
1426	0.87	13	87
1427	0.87	13	87
1428	0.88	12	88
1429	0.88	12	88
1430	0.88	12	88
1431	0.88	12	88
1432	0.88	12	88
1433	0.88	12	88
1434	0.88	12	88
1435	0.88	12	88
1436	0.88	12	88
1437	0.88	12	88
1438	0.87	13	87
1439	0.87	13	87
1440	0.86	14	86
1441	0.86	14	86
1442	0.86	14	86
1443	0.86	14	86
1444	0.86	14	86
1445	0.86	14	86
1446	0.85	15	85
1447	0.85	15	85
1448	0.85	15	85
1449	0.85	15	85
1450	0.85	15	85
1451	0.84	16	84
1452	0.83	17	83
1453	0.84	16	84
1454	0.83	17	83
1455	0.83	17	83
1456	0.83	17	83
1457	0.83	17	83
1458	0.83	17	83
1459	0.84	16	84
1460	0.84	16	84
1461	0.84	16	84
1462	0.84	16	84
1463	0.84	16	84
1464	0.84	16	84
1465	0.84	16	84
1466	0.84	16	84
1467	0.84	16	84
1468	0.84	16	84
1469	0.84	16	84
1470	0.84	16	84
1471	0.84	16	84
1472	0.84	16	84
1473	0.84	16	84
1474	0.84	16	84
1475	0.84	16	84
1476	0.83	17	83
1477	0.83	17	83
1478	0.82	18	82
1479	0.81	19	81
1480	0.81	19	81
1481	0.82	18	82
1482	0.82	18	82
1483	0.82	18	82
1484	0.82	18	82
1485	0.83	17	83
1486	0.84	16	84
1487	0.84	16	84
1488	0.84	16	84
1489	0.84	16	84
1490	0.84	16	84
1491	0.84	16	84
1492	0.85	15	85
1493	0.86	14	86
1494	0.86	14	86
1495	0.86	14	86
1496	0.86	14	86
1497	0.86	14	86
1498	0.86	14	86
1499	0.86	14	86
1500	0.86	14	86
1501	0.86	14	86
1502	0.86	14	86
1503	0.86	14	86
1504	0.86	14	86
1505	0.86	14	86
1506	0.86	14	86
1507	0.86	14	86
1508	0.86	14	86
1509	0.86	14	86
1510	0.86	14	86
1511	0.86	14	86
1512	0.86	14	86
1513	0.86	14	86
1514	0.87	13	87
1515	0.88	12	88
1516	0.88	12	88
1517	0.88	12	88
1518	0.87	13	87
1519	0.87	13	87
1520	0.87	13	87
1521	0.87	13	87
1522	0.87	13	87
1523	0.87	13	87
1524	0.87	13	87
1525	0.88	12	88
1526	0.89	11	89
1527	0.89	11	89
1528	0.89	11	89
1529	0.89	11	89
1530	0.89	11	89
1531	0.89	11	89
1532	0.89	11	89
1533	0.89	11	89
1534	0.89	11	89
1535	0.89	11	89
1536	0.89	11	89
1537	0.89	11	89
1538	0.90	10	90
1539	0.90	10	90
1540	0.91	9	91
1541	0.91	9	91
1542	0.91	9	91
1543	0.91	9	91
1544	0.91	9	91
1545	0.91	9	91
1546	0.92	8	92
1547	0.92	8	92
1548	0.92	8	92
1549	0.92	8	92
1550	0.92	8	92
1551	0.93	7	93
1552	0.94	6	94
1553	0.94	6	94
1554	0.95	5	95
1555	0.95	5	95
1556	0.95	5	95
1557	0.94	6	94
1558	0.94	6	94
1559	0.94	6	94
1560	0.94	6	94
1561	0.94	6	94
1562	0.94	6	94
1563	0.94	6	94
1564	0.94	6	94
1565	0.94	6	94
1566	0.94	6	94
1567	0.94	6	94
1568	0.94	6	94
1569	0.94	6	94
1570	0.94	6	94
1571	0.94	6	94
1572	0.94	6	94
1573	0.94	6	94
1574	0.94	6	94
1575	0.94	6	94
1576	0.95	5	95
1577	0.95	5	95
1578	0.96	4	96
1579	0.97	3	97
1580	0.97	3	97
1581	0.97	3	97
1582	0.97	3	97
1583	0.97	3	97
1584	0.97	3	97
1585	0.97	3	97
1586	0.97	3	97
1587	0.97	3	97
1588	0.97	3	97
1589	0.96	4	96
1590	0.96	4	96
1591	0.96	4	96
1592	0.95	5	95
1593	0.95	5	95
1594	0.95	5	95
1595	0.95	5	95
1596	0.95	5	95
1597	0.95	5	95
1598	0.96	4	96
1599	0.96	4	96
1600	0.96	4	96
1601	0.96	4	96
1602	0.96	4	96
1603	0.96	4	96
1604	0.96	4	96
1605	0.96	4	96
1606	0.96	4	96
1607	0.96	4	96
1608	0.96	4	96
1609	0.96	4	96
1610	0.96	4	96
1611	0.96	4	96
1612	0.95	5	95
1613	0.95	5	95
1614	0.95	5	95
1615	0.95	5	95
1616	0.95	5	95
1617	0.94	6	94
1618	0.95	5	95
1619	0.94	6	94
1620	0.94	6	94
1621	0.94	6	94
1622	0.94	6	94
1623	0.94	6	94
1624	0.94	6	94
1625	0.94	6	94
1626	0.94	6	94
1627	0.94	6	94
1628	0.93	7	93
1629	0.93	7	93
1630	0.93	7	93
1631	0.93	7	93
1632	0.93	7	93
1633	0.93	7	93
1634	0.93	7	93
1635	0.93	7	93
1636	0.93	7	93
1637	0.93	7	93
1638	0.93	7	93
1639	0.93	7	93
1640	0.92	8	92
1641	0.92	8	92
1642	0.92	8	92
1643	0.92	8	92
1644	0.92	8	92
1645	0.91	9	91
1646	0.91	9	91
1647	0.91	9	91
1648	0.91	9	91
1649	0.91	9	91
1650	0.91	9	91
1651	0.91	9	91
1652	0.90	10	90
1653	0.90	10	90
1654	0.90	10	90
1655	0.90	10	90
1656	0.90	10	90
1657	0.90	10	90
1658	0.90	10	90
1659	0.90	10	90
1660	0.90	10	90
1661	0.90	10	90
1662	0.90	10	90
1663	0.90	10	90
1664	0.90	10	90
1665	0.90	10	90
1666	0.90	10	90
1667	0.90	10	90
1668	0.90	10	90
1669	0.89	11	89
1670	0.89	11	89
1671	0.89	11	89
1672	0.89	11	89
1673	0.89	11	89
1674	0.89	11	89
1675	0.89	11	89
1676	0.89	11	89
1677	0.89	11	89
1678	0.88	12	88
1679	0.88	12	88
1680	0.88	12	88
1681	0.87	13	87
1682	0.87	13	87
1683	0.87	13	87
1684	0.87	13	87
1685	0.87	13	87
1686	0.87	13	87
1687	0.87	13	87
1688	0.87	13	87
1689	0.88	12	88
1690	0.87	13	87
1691	0.87	13	87
1692	0.88	12	88
1693	0.88	12	88
1694	0.88	12	88
1695	0.88	12	88
1696	0.88	12	88
1697	0.88	12	88
1698	0.88	12	88
1699	0.87	13	87
1700	0.87	13	87
1701	0.86	14	86
1702	0.86	14	86
1703	0.86	14	86
1704	0.85	15	85
1705	0.84	16	84
1706	0.84	16	84
1707	0.84	16	84
1708	0.84	16	84
1709	0.84	16	84
1710	0.84	16	84
1711	0.84	16	84
1712	0.85	15	85
1713	0.85	15	85
1714	0.85	15	85
1715	0.85	15	85
1716	0.85	15	85
1717	0.85	15	85
1718	0.85	15	85
1719	0.86	14	86
1720	0.86	14	86
1721	0.86	14	86
1722	0.86	14	86
1723	0.86	14	86
1724	0.86	14	86
1725	0.85	15	85
1726	0.85	15	85
1727	0.84	16	84
1728	0.85	15	85
1729	0.84	16	84
1730	0.84	16	84
1731	0.84	16	84
1732	0.84	16	84
1733	0.84	16	84
1734	0.83	17	83
1735	0.83	17	83
1736	0.82	18	82
1737	0.82	18	82
1738	0.82	18	82
1739	0.82	18	82
1740	0.83	17	83
1741	0.82	18	82
1742	0.82	18	82
1743	0.82	18	82
1744	0.81	19	81
1745	0.82	18	82
1746	0.82	18	82
1747	0.82	18	82
1748	0.82	18	82
1749	0.82	18	82
1750	0.82	18	82
1751	0.82	18	82
1752	0.83	17	83
1753	0.82	18	82
1754	0.82	18	82
1755	0.82	18	82
1756	0.82	18	82
1757	0.83	17	83
1758	0.82	18	82
1759	0.82	18	82
1760	0.82	18	82
1761	0.81	19	81
1762	0.81	19	81
1763	0.81	19	81
1764	0.81	19	81
1765	0.80	20	80
1766	0.80	20	80
1767	0.80	20	80
1768	0.80	20	80
1769	0.80	20	80
1770	0.80	20	80
1771	0.80	20	80
1772	0.80	20	80
1773	0.80	20	80
1774	0.80	20	80
1775	0.80	20	80
1776	0.80	20	80
1777	0.80	20	80
1778	0.81	19	81
1779	0.81	19	81
1780	0.81	19	81
1781	0.82	18	82
1782	0.82	18	82
1783	0.81	19	81
1784	0.81	19	81
1785	0.81	19	81
1786	0.81	19	81
1787	0.80	20	80
1788	0.80	20	80
1789	0.80	20	80
1790	0.81	19	81
1791	0.81	19	81
1792	0.81	19	81
1793	0.81	19	81
1794	0.81	19	81
1795	0.81	19	81
1796	0.81	19	81
1797	0.81	19	81
1798	0.81	19	81
1799	0.82	18	82
1800	0.81	19	81
1801	0.82	18	82
1802	0.82	18	82
1803	0.81	19	81
1804	0.81	19	81
1805	0.81	19	81
1806	0.81	19	81
1807	0.81	19	81
1808	0.80	20	80
1809	0.79	21	79
1810	0.78	22	78
1811	0.78	22	78
1812	0.78	22	78
1813	0.78	22	78
1814	0.78	22	78
1815	0.78	22	78
1816	0.78	22	78
1817	0.79	21	79
1818	0.79	21	79
1819	0.79	21	79
1820	0.79	21	79
1821	0.79	21	79
1822	0.79	21	79
1823	0.78	22	78
1824	0.78	22	78
1825	0.79	21	79
1826	0.78	22	78
1827	0.79	21	79
1828	0.79	21	79
1829	0.80	20	80
1830	0.79	21	79
1831	0.79	21	79
1832	0.79	21	79
1833	0.79	21	79
1834	0.80	20	80
1835	0.80	20	80
1836	0.81	19	81
1837	0.81	19	81
1838	0.81	19	81
1839	0.81	19	81
1840	0.81	19	81
1841	0.82	18	82
1842	0.82	18	82
1843	0.82	18	82
1844	0.83	17	83
1845	0.83	17	83
1846	0.83	17	83
1847	0.83	17	83
1848	0.83	17	83
1849	0.83	17	83
1850	0.83	17	83
1851	0.83	17	83
1852	0.83	17	83
1853	0.84	16	84
1854	0.84	16	84
1855	0.84	16	84
1856	0.84	16	84
1857	0.84	16	84
1858	0.85	15	85
1859	0.85	15	85
1860	0.85	15	85
1861	0.85	15	85
1862	0.85	15	85
1863	0.85	15	85
1864	0.84	16	84
1865	0.85	15	85
1866	0.85	15	85
1867	0.85	15	85
1868	0.85	15	85
1869	0.86	14	86
1870	0.85	15	85
1871	0.85	15	85
1872	0.85	15	85
1873	0.85	15	85
1874	0.85	15	85
1875	0.85	15	85
1876	0.85	15	85
1877	0.85	15	85
1878	0.84	16	84
1879	0.84	16	84
1880	0.84	16	84
1881	0.84	16	84
1882	0.84	16	84
1883	0.85	15	85
1884	0.85	15	85
1885	0.85	15	85
1886	0.84	16	84
1887	0.85	15	85
1888	0.85	15	85
1889	0.85	15	85
1890	0.84	16	84
1891	0.84	16	84
1892	0.84	16	84
1893	0.84	16	84
1894	0.84	16	84
1895	0.84	16	84
1896	0.84	16	84
1897	0.84	16	84
1898	0.84	16	84
1899	0.84	16	84
1900	0.84	16	84
1901	0.83	17	83
1902	0.83	17	83
1903	0.84	16	84
1904	0.85	15	85
1905	0.86	14	86
1906	0.86	14	86
1907	0.86	14	86
1908	0.87	13	87
1909	0.88	12	88
1910	0.89	11	89
1911	0.89	11	89
1912	0.89	11	89
1913	0.89	11	89
1914	0.89	11	89
1915	0.89	11	89
1916	0.89	11	89
1917	0.88	12	88
1918	0.88	12	88
1919	0.88	12	88
1920	0.88	12	88
1921	0.88	12	88
1922	0.88	12	88
1923	0.89	11	89
1924	0.88	12	88
1925	0.88	12	88
1926	0.89	11	89
1927	0.89	11	89
1928	0.89	11	89
1929	0.89	11	89
1930	0.89	11	89
1931	0.88	12	88
1932	0.88	12	88
1933	0.87	13	87
1934	0.87	13	87
1935	0.87	13	87
1936	0.87	13	87
1937	0.87	13	87
1938	0.86	14	86
1939	0.86	14	86
1940	0.86	14	86
1941	0.86	14	86
1942	0.86	14	86
1943	0.86	14	86
1944	0.85	15	85
1945	0.85	15	85
1946	0.85	15	85
1947	0.85	15	85
1948	0.85	15	85
1949	0.85	15	85
1950	0.85	15	85
1951	0.85	15	85
1952	0.85	15	85
1953	0.85	15	85
1954	0.85	15	85
1955	0.85	15	85
1956	0.85	15	85
1957	0.85	15	85
1958	0.84	16	84
1959	0.84	16	84
1960	0.84	16	84
1961	0.85	15	85
1962	0.85	15	85
1963	0.85	15	85
1964	0.86	14	86
1965	0.85	15	85
1966	0.85	15	85
1967	0.85	15	85
1968	0.85	15	85
1969	0.84	16	84
1970	0.85	15	85
1971	0.85	15	85
1972	0.85	15	85
1973	0.85	15	85
1974	0.85	15	85
1975	0.84	16	84
1976	0.84	16	84
1977	0.84	16	84
1978	0.84	16	84
1979	0.83	17	83
1980	0.83	17	83
1981	0.83	17	83
1982	0.83	17	83
1983	0.83	17	83
1984	0.83	17	83
1985	0.83	17	83
1986	0.84	16	84
1987	0.84	16	84
1988	0.84	16	84
1989	0.84	16	84
1990	0.85	15	85
1991	0.85	15	85
1992	0.85	15	85
1993	0.85	15	85
1994	0.85	15	85
1995	0.85	15	85
1996	0.85	15	85
1997	0.85	15	85
1998	0.85	15	85
1999	0.85	15	85
2000	0.14	14	86
2001	0.14	14	86
2002	0.15	15	85
2003	0.16	16	84
2004	0.16	16	84
2005	0.16	16	84
2006	0.16	16	84
2007	0.17	17	83
2008	0.17	17	83
2009	0.17	17	83
2010	0.18	18	82
2011	0.18	18	82
2012	0.19	19	81
2013	0.19	19	81
2014	0.20	20	80
2015	0.20	20	80
2016	0.21	21	79
2017	0.21	21	79
2018	0.21	21	79
2019	0.21	21	79
2020	0.22	22	78
2021	0.23	23	77
2022	0.23	23	77
2023	0.23	23	77
2024	0.22	22	78
2025	0.23	23	77
2026	0.24	24	76
2027	0.24	24	76
2028	0.25	25	75
2029	0.26	26	74
2030	0.25	25	75
2031	0.25	25	75
2032	0.25	25	75
2033	0.25	25	75
2034	0.26	26	74
2035	0.27	27	73
2036	0.27	27	73
2037	0.28	28	72
2038	0.27	27	73
2039	0.28	28	72
2040	0.28	28	72
2041	0.29	29	71
2042	0.29	29	71
2043	0.29	29	71
2044	0.29	29	71
2045	0.30	30	70
2046	0.31	31	69
2047	0.32	32	68
2048	0.33	33	67
2049	0.34	34	66
2050	0.35	35	65
2051	0.36	36	64
2052	0.36	36	64
2053	0.37	37	63
2054	0.37	37	63
2055	0.38	38	62
2056	0.39	39	61
2057	0.40	40	60
2058	0.39	39	61
2059	0.40	40	60
2060	0.41	41	59
2061	0.42	42	58
2062	0.43	43	57
2063	0.44	44	56
2064	0.45	45	55
2065	0.45	45	55
2066	0.45	45	55
2067	0.46	46	54
2068	0.47	47	53
2069	0.47	47	53
2070	0.47	47	53
2071	0.47	47	53
2072	0.47	47	53
2073	0.48	48	52
2074	0.49	49	51
2075	0.48	48	52
2076	0.48	48	52
2077	0.49	49	51
2078	0.48	48	52
2079	0.48	48	52
2080	0.48	48	52
2081	0.49	49	51
2082	0.50	50	50
2083	0.51	51	49
2084	0.52	52	48
2085	0.53	53	47
2086	0.54	54	46
2087	0.55	55	45
2088	0.56	56	44
2089	0.56	56	44
2090	0.56	56	44
2091	0.57	57	43
2092	0.58	58	42
2093	0.59	59	41
2094	0.59	59	41
2095	0.60	60	40
2096	0.61	61	39
2097	0.62	62	38
2098	0.62	62	38
2099	0.62	62	38
2100	0.62	62	38
2101	0.62	62	38
2102	0.62	62	38
2103	0.61	61	39
2104	0.62	62	38
2105	0.63	63	37
2106	0.63	63	37
2107	0.63	63	37
2108	0.64	64	36
2109	0.65	65	35
2110	0.65	65	35
2111	0.66	66	34
2112	0.66	66	34
2113	0.66	66	34
2114	0.66	66	34
2115	0.67	67	33
2116	0.66	66	34
2117	0.66	66	34
2118	0.67	67	33
2119	0.67	67	33
2120	0.67	67	33
2121	0.67	67	33
2122	0.68	68	32
2123	0.69	69	31
2124	0.70	70	30
2125	0.70	70	30
2126	0.70	70	30
2127	0.71	71	29
2128	0.70	70	30
2129	0.69	69	31
2130	0.70	70	30
2131	0.69	69	31
2132	0.70	70	30
2133	0.69	69	31
2134	0.68	68	32
2135	0.68	68	32
2136	0.69	69	31
2137	0.69	69	31
2138	0.70	70	30
2139	0.69	69	31
2140	0.69	69	31
2141	0.69	69	31
2142	0.70	70	30
2143	0.71	71	29
2144	0.71	71	29
2145	0.71	71	29
2146	0.71	71	29
2147	0.71	71	29
2148	0.71	71	29
2149	0.71	71	29
2150	0.71	71	29
2151	0.71	71	29
2152	0.71	71	29
2153	0.70	70	30
2154	0.71	71	29
2155	0.71	71	29
2156	0.71	71	29
2157	0.71	71	29
2158	0.72	72	28
2159	0.72	72	28
2160	0.72	72	28
2161	0.72	72	28
2162	0.72	72	28
2163	0.72	72	28
2164	0.72	72	28
2165	0.71	71	29
2166	0.72	72	28
2167	0.72	72	28
2168	0.72	72	28
2169	0.72	72	28
2170	0.73	73	27
2171	0.73	73	27
2172	0.74	74	26
2173	0.74	74	26
2174	0.73	73	27
2175	0.74	74	26
2176	0.75	75	25
2177	0.75	75	25
2178	0.76	76	24
2179	0.76	76	24
2180	0.77	77	23
2181	0.77	77	23
2182	0.76	76	24
2183	0.76	76	24
2184	0.76	76	24
2185	0.75	75	25
2186	0.75	75	25
2187	0.75	75	25
2188	0.75	75	25
2189	0.76	76	24
2190	0.77	77	23
2191	0.77	77	23
2192	0.77	77	23
2193	0.77	77	23
2194	0.78	78	22
2195	0.77	77	23
2196	0.77	77	23
2197	0.77	77	23
2198	0.78	78	22
2199	0.79	79	21
2200	0.80	80	20
2201	0.79	79	21
2202	0.79	79	21
2203	0.80	80	20
2204	0.80	80	20
2205	0.80	80	20
2206	0.81	81	19
2207	0.81	81	19
2208	0.81	81	19
2209	0.81	81	19
2210	0.81	81	19
2211	0.81	81	19
2212	0.81	81	19
2213	0.82	82	18
2214	0.82	82	18
2215	0.82	82	18
2216	0.82	82	18
2217	0.82	82	18
2218	0.82	82	18
2219	0.83	83	17
2220	0.83	83	17
2221	0.83	83	17
2222	0.83	83	17
2223	0.82	82	18
2224	0.82	82	18
2225	0.81	81	19
2226	0.81	81	19
2227	0.80	80	20
2228	0.81	81	19
2229	0.82	82	18
2230	0.82	82	18
2231	0.82	82	18
2232	0.82	82	18
2233	0.83	83	17
2234	0.84	84	16
2235	0.84	84	16
2236	0.84	84	16
2237	0.84	84	16
2238	0.84	84	16
2239	0.85	85	15
2240	0.86	86	14
2241	0.86	86	14
2242	0.86	86	14
2243	0.86	86	14
2244	0.85	85	15
2245	0.84	84	16
2246	0.84	84	16
2247	0.83	83	17
2248	0.83	83	17
2249	0.83	83	17
2250	0.83	83	17
2251	0.83	83	17
2252	0.84	84	16
2253	0.85	85	15
2254	0.85	85	15
2255	0.84	84	16
2256	0.84	84	16
2257	0.83	83	17
2258	0.83	83	17
2259	0.82	82	18
2260	0.82	82	18
2261	0.82	82	18
2262	0.82	82	18
2263	0.82	82	18
2264	0.82	82	18
2265	0.83	83	17
2266	0.83	83	17
2267	0.82	82	18
2268	0.82	82	18
2269	0.82	82	18
2270	0.82	82	18
2271	0.83	83	17
2272	0.83	83	17
2273	0.83	83	17
2274	0.83	83	17
2275	0.83	83	17
2276	0.82	82	18
2277	0.82	82	18
2278	0.82	82	18
2279	0.82	82	18
2280	0.82	82	18
2281	0.81	81	19
2282	0.82	82	18
2283	0.81	81	19
2284	0.80	80	20
2285	0.81	81	19
2286	0.81	81	19
2287	0.81	81	19
2288	0.81	81	19
2289	0.80	80	20
2290	0.80	80	20
2291	0.80	80	20
2292	0.80	80	20
2293	0.79	79	21
2294	0.79	79	21
2295	0.80	80	20
2296	0.80	80	20
2297	0.80	80	20
2298	0.79	79	21
2299	0.79	79	21
2300	0.79	79	21
2301	0.80	80	20
2302	0.79	79	21
2303	0.78	78	22
2304	0.78	78	22
2305	0.78	78	22
2306	0.78	78	22
2307	0.77	77	23
2308	0.77	77	23
2309	0.77	77	23
2310	0.77	77	23
2311	0.76	76	24
2312	0.75	75	25
2313	0.75	75	25
2314	0.75	75	25
2315	0.75	75	25
2316	0.75	75	25
2317	0.75	75	25
2318	0.75	75	25
2319	0.75	75	25
2320	0.74	74	26
2321	0.74	74	26
2322	0.74	74	26
2323	0.75	75	25
2324	0.75	75	25
2325	0.76	76	24
2326	0.75	75	25
2327	0.76	76	24
2328	0.76	76	24
2329	0.76	76	24
2330	0.76	76	24
2331	0.77	77	23
2332	0.77	77	23
2333	0.77	77	23
2334	0.77	77	23
2335	0.77	77	23
2336	0.77	77	23
2337	0.77	77	23
2338	0.77	77	23
2339	0.77	77	23
2340	0.77	77	23
2341	0.77	77	23
2342	0.77	77	23
2343	0.76	76	24
2344	0.76	76	24
2345	0.77	77	23
2346	0.77	77	23
2347	0.78	78	22
2348	0.78	78	22
2349	0.77	77	23
2350	0.77	77	23
2351	0.77	77	23
2352	0.77	77	23
2353	0.77	77	23
2354	0.77	77	23
2355	0.78	78	22
2356	0.78	78	22
2357	0.79	79	21
2358	0.79	79	21
2359	0.80	80	20
2360	0.80	80	20
2361	0.80	80	20
2362	0.80	80	20
2363	0.80	80	20
2364	0.80	80	20
2365	0.80	80	20
2366	0.80	80	20
2367	0.81	81	19
2368	0.80	80	20
2369	0.80	80	20
2370	0.80	80	20
2371	0.80	80	20
2372	0.79	79	21
2373	0.79	79	21
2374	0.80	80	20
2375	0.80	80	20
2376	0.80	80	20
2377	0.80	80	20
2378	0.79	79	21
2379	0.79	79	21
2380	0.79	79	21
2381	0.80	80	20
2382	0.80	80	20
2383	0.80	80	20
2384	0.81	81	19
2385	0.81	81	19
2386	0.81	81	19
2387	0.81	81	19
2388	0.81	81	19
2389	0.82	82	18
2390	0.81	81	19
2391	0.81	81	19
2392	0.81	81	19
2393	0.82	82	18
2394	0.82	82	18
2395	0.82	82	18
2396	0.82	82	18
2397	0.82	82	18
2398	0.83	83	17
2399	0.83	83	17
2400	0.83	83	17
2401	0.83	83	17
2402	0.84	84	16
2403	0.84	84	16
2404	0.83	83	17
2405	0.83	83	17
2406	0.83	83	17
2407	0.84	84	16
2408	0.84	84	16
2409	0.84	84	16
2410	0.84	84	16
2411	0.85	85	15
2412	0.86	86	14
2413	0.86	86	14
2414	0.86	86	14
2415	0.86	86	14
2416	0.87	87	13
2417	0.87	87	13
2418	0.87	87	13
2419	0.87	87	13
2420	0.88	88	12
2421	0.87	87	13
2422	0.87	87	13
2423	0.87	87	13
2424	0.87	87	13
2425	0.87	87	13
2426	0.88	88	12
2427	0.88	88	12
2428	0.88	88	12
2429	0.88	88	12
2430	0.87	87	13
2431	0.87	87	13
2432	0.87	87	13
2433	0.87	87	13
2434	0.87	87	13
2435	0.87	87	13
2436	0.87	87	13
2437	0.87	87	13
2438	0.87	87	13
2439	0.86	86	14
2440	0.86	86	14
2441	0.86	86	14
2442	0.86	86	14
2443	0.87	87	13
2444	0.88	88	12
2445	0.88	88	12
2446	0.88	88	12
2447	0.88	88	12
2448	0.88	88	12
2449	0.89	89	11
2450	0.89	89	11
2451	0.89	89	11
2452	0.89	89	11
2453	0.89	89	11
2454	0.89	89	11
2455	0.89	89	11
2456	0.88	88	12
2457	0.88	88	12
2458	0.88	88	12
2459	0.88	88	12
2460	0.88	88	12
2461	0.88	88	12
2462	0.88	88	12
2463	0.88	88	12
2464	0.87	87	13
2465	0.87	87	13
2466	0.87	87	13
2467	0.86	86	14
2468	0.86	86	14
2469	0.86	86	14
2470	0.86	86	14
2471	0.86	86	14
2472	0.86	86	14
2473	0.86	86	14
2474	0.86	86	14
2475	0.86	86	14
2476	0.86	86	14
2477	0.86	86	14
2478	0.87	87	13
2479	0.86	86	14
2480	0.85	85	15
2481	0.85	85	15
2482	0.85	85	15
2483	0.86	86	14
2484	0.86	86	14
2485	0.86	86	14
2486	0.86	86	14
2487	0.86	86	14
2488	0.85	85	15
2489	0.84	84	16
2490	0.85	85	15
2491	0.85	85	15
2492	0.85	85	15
2493	0.85	85	15
2494	0.85	85	15
2495	0.85	85	15
2496	0.85	85	15
2497	0.85	85	15
2498	0.85	85	15
2499	0.85	85	15
2500	0.85	85	15
2501	0.85	85	15
2502	0.85	85	15
2503	0.86	86	14
2504	0.87	87	13
2505	0.87	87	13
2506	0.87	87	13
2507	0.87	87	13
2508	0.87	87	13
2509	0.87	87	13
2510	0.87	87	13
2511	0.87	87	13
2512	0.86	86	14
2513	0.85	85	15
2514	0.85	85	15
2515	0.84	84	16
2516	0.83	83	17
2517	0.83	83	17
2518	0.83	83	17
2519	0.83	83	17
2520	0.83	83	17
2521	0.84	84	16
2522	0.84	84	16
2523	0.83	83	17
2524	0.83	83	17
2525	0.83	83	17
2526	0.83	83	17
2527	0.83	83	17
2528	0.83	83	17
2529	0.83	83	17
2530	0.84	84	16
2531	0.84	84	16
2532	0.84	84	16
2533	0.84	84	16
2534	0.83	83	17
2535	0.83	83	17
2536	0.83	83	17
2537	0.83	83	17
2538	0.83	83	17
2539	0.84	84	16
2540	0.83	83	17
2541	0.83	83	17
2542	0.83	83	17
2543	0.83	83	17
2544	0.82	82	18
2545	0.82	82	18
2546	0.81	81	19
2547	0.81	81	19
2548	0.81	81	19
2549	0.81	81	19
2550	0.81	81	19
2551	0.81	81	19
2552	0.81	81	19
2553	0.81	81	19
2554	0.80	80	20
2555	0.79	79	21
2556	0.80	80	20
2557	0.80	80	20
2558	0.79	79	21
2559	0.79	79	21
2560	0.79	79	21
2561	0.79	79	21
2562	0.79	79	21
2563	0.79	79	21
2564	0.80	80	20
2565	0.79	79	21
2566	0.79	79	21
2567	0.79	79	21
2568	0.80	80	20
2569	0.80	80	20
2570	0.80	80	20
2571	0.80	80	20
2572	0.81	81	19
2573	0.81	81	19
2574	0.81	81	19
2575	0.81	81	19
2576	0.82	82	18
2577	0.82	82	18
2578	0.82	82	18
2579	0.83	83	17
2580	0.84	84	16
2581	0.84	84	16
2582	0.84	84	16
2583	0.84	84	16
2584	0.83	83	17
2585	0.83	83	17
2586	0.83	83	17
2587	0.82	82	18
2588	0.83	83	17
2589	0.84	84	16
2590	0.83	83	17
2591	0.83	83	17
2592	0.83	83	17
2593	0.83	83	17
2594	0.83	83	17
2595	0.83	83	17
2596	0.83	83	17
2597	0.83	83	17
2598	0.82	82	18
2599	0.82	82	18
2600	0.82	82	18
2601	0.81	81	19
2602	0.81	81	19
2603	0.81	81	19
2604	0.81	81	19
2605	0.80	80	20
2606	0.80	80	20
2607	0.79	79	21
2608	0.79	79	21
2609	0.79	79	21
2610	0.79	79	21
2611	0.79	79	21
2612	0.79	79	21
2613	0.80	80	20
2614	0.80	80	20
2615	0.81	81	19
2616	0.82	82	18
2617	0.82	82	18
2618	0.82	82	18
2619	0.82	82	18
2620	0.82	82	18
2621	0.82	82	18
2622	0.82	82	18
2623	0.82	82	18
2624	0.82	82	18
2625	0.82	82	18
2626	0.82	82	18
2627	0.82	82	18
2628	0.82	82	18
2629	0.82	82	18
2630	0.82	82	18
2631	0.81	81	19
2632	0.81	81	19
2633	0.81	81	19
2634	0.82	82	18
2635	0.82	82	18
2636	0.82	82	18
2637	0.82	82	18
2638	0.81	81	19
2639	0.80	80	20
2640	0.81	81	19
2641	0.81	81	19
2642	0.81	81	19
2643	0.80	80	20
2644	0.81	81	19
2645	0.81	81	19
2646	0.82	82	18
2647	0.82	82	18
2648	0.82	82	18
2649	0.81	81	19
2650	0.81	81	19
2651	0.81	81	19
2652	0.81	81	19
2653	0.81	81	19
2654	0.82	82	18
2655	0.83	83	17
2656	0.83	83	17
2657	0.82	82	18
2658	0.83	83	17
2659	0.83	83	17
2660	0.83	83	17
2661	0.83	83	17
2662	0.83	83	17
2663	0.83	83	17
2664	0.83	83	17
2665	0.84	84	16
2666	0.84	84	16
2667	0.85	85	15
2668	0.85	85	15
2669	0.84	84	16
2670	0.84	84	16
2671	0.83	83	17
2672	0.83	83	17
2673	0.83	83	17
2674	0.83	83	17
2675	0.83	83	17
2676	0.83	83	17
2677	0.83	83	17
2678	0.83	83	17
2679	0.83	83	17
2680	0.83	83	17
2681	0.83	83	17
2682	0.83	83	17
2683	0.83	83	17
2684	0.83	83	17
2685	0.83	83	17
2686	0.83	83	17
2687	0.84	84	16
2688	0.84	84	16
2689	0.84	84	16
2690	0.85	85	15
2691	0.85	85	15
2692	0.85	85	15
2693	0.85	85	15
2694	0.84	84	16
2695	0.84	84	16
2696	0.84	84	16
2697	0.84	84	16
2698	0.85	85	15
2699	0.84	84	16
2700	0.84	84	16
2701	0.85	85	15
2702	0.85	85	15
2703	0.85	85	15
2704	0.85	85	15
2705	0.86	86	14
2706	0.86	86	14
2707	0.87	87	13
2708	0.87	87	13
2709	0.87	87	13
2710	0.87	87	13
2711	0.87	87	13
2712	0.88	88	12
2713	0.88	88	12
2714	0.88	88	12
2715	0.88	88	12
2716	0.88	88	12
2717	0.88	88	12
2718	0.87	87	13
2719	0.87	87	13
2720	0.87	87	13
2721	0.86	86	14
2722	0.86	86	14
2723	0.87	87	13
2724	0.87	87	13
2725	0.87	87	13
2726	0.87	87	13
2727	0.87	87	13
2728	0.87	87	13
2729	0.87	87	13
2730	0.87	87	13
2731	0.88	88	12
2732	0.88	88	12
2733	0.87	87	13
2734	0.87	87	13
2735	0.87	87	13
2736	0.87	87	13
2737	0.86	86	14
2738	0.87	87	13
2739	0.88	88	12
2740	0.87	87	13
2741	0.87	87	13
2742	0.87	87	13
2743	0.88	88	12
2744	0.88	88	12
2745	0.88	88	12
2746	0.88	88	12
2747	0.88	88	12
2748	0.87	87	13
2749	0.88	88	12
2750	0.88	88	12
2751	0.88	88	12
2752	0.88	88	12
2753	0.88	88	12
2754	0.87	87	13
2755	0.87	87	13
2756	0.87	87	13
2757	0.88	88	12
2758	0.88	88	12
2759	0.88	88	12
2760	0.87	87	13
2761	0.87	87	13
2762	0.87	87	13
2763	0.86	86	14
2764	0.86	86	14
2765	0.86	86	14
2766	0.86	86	14
2767	0.85	85	15
2768	0.85	85	15
2769	0.86	86	14
2770	0.86	86	14
2771	0.87	87	13
2772	0.87	87	13
2773	0.87	87	13
2774	0.87	87	13
2775	0.87	87	13
2776	0.87	87	13
2777	0.87	87	13
2778	0.87	87	13
2779	0.87	87	13
2780	0.87	87	13
2781	0.87	87	13
2782	0.87	87	13
2783	0.87	87	13
2784	0.88	88	12
2785	0.88	88	12
2786	0.88	88	12
2787	0.87	87	13
2788	0.87	87	13
2789	0.87	87	13
2790	0.87	87	13
2791	0.87	87	13
2792	0.87	87	13
2793	0.87	87	13
2794	0.88	88	12
2795	0.88	88	12
2796	0.88	88	12
2797	0.88	88	12
2798	0.88	88	12
2799	0.89	89	11
2800	0.89	89	11
2801	0.89	89	11
2802	0.89	89	11
2803	0.89	89	11
2804	0.89	89	11
2805	0.88	88	12
2806	0.88	88	12
2807	0.88	88	12
2808	0.88	88	12
2809	0.88	88	12
2810	0.88	88	12
2811	0.88	88	12
2812	0.88	88	12
2813	0.88	88	12
2814	0.88	88	12
2815	0.88	88	12
2816	0.88	88	12
2817	0.88	88	12
2818	0.89	89	11
2819	0.89	89	11
2820	0.89	89	11
2821	0.90	90	10
2822	0.90	90	10
2823	0.90	90	10
2824	0.90	90	10
2825	0.90	90	10
2826	0.90	90	10
2827	0.90	90	10
2828	0.90	90	10
2829	0.90	90	10
2830	0.90	90	10
2831	0.90	90	10
2832	0.90	90	10
2833	0.91	91	9
2834	0.91	91	9
2835	0.91	91	9
2836	0.91	91	9
2837	0.92	92	8
2838	0.92	92	8
2839	0.92	92	8
2840	0.92	92	8
2841	0.91	91	9
2842	0.91	91	9
2843	0.90	90	10
2844	0.90	90	10
2845	0.90	90	10
2846	0.90	90	10
2847	0.90	90	10
2848	0.91	91	9
2849	0.91	91	9
2850	0.91	91	9
2851	0.91	91	9
2852	0.90	90	10
2853	0.90	90	10
2854	0.91	91	9
2855	0.91	91	9
2856	0.91	91	9
2857	0.91	91	9
2858	0.91	91	9
2859	0.91	91	9
2860	0.92	92	8
2861	0.92	92	8
2862	0.92	92	8
2863	0.93	93	7
2864	0.93	93	7
2865	0.93	93	7
2866	0.93	93	7
2867	0.94	94	6
2868	0.94	94	6
2869	0.93	93	7
2870	0.93	93	7
2871	0.93	93	7
2872	0.92	92	8
2873	0.92	92	8
2874	0.92	92	8
2875	0.92	92	8
2876	0.92	92	8
2877	0.92	92	8
2878	0.92	92	8
2879	0.92	92	8
2880	0.91	91	9
2881	0.91	91	9
2882	0.90	90	10
2883	0.89	89	11
2884	0.89	89	11
2885	0.89	89	11
2886	0.88	88	12
2887	0.89	89	11
2888	0.89	89	11
2889	0.89	89	11
2890	0.89	89	11
2891	0.89	89	11
2892	0.89	89	11
2893	0.88	88	12
2894	0.88	88	12
2895	0.88	88	12
2896	0.88	88	12
2897	0.88	88	12
2898	0.88	88	12
2899	0.88	88	12
2900	0.88	88	12
2901	0.88	88	12
2902	0.88	88	12
2903	0.87	87	13
2904	0.87	87	13
2905	0.88	88	12
2906	0.88	88	12
2907	0.87	87	13
2908	0.86	86	14
2909	0.86	86	14
2910	0.86	86	14
2911	0.86	86	14
2912	0.86	86	14
2913	0.86	86	14
2914	0.86	86	14
2915	0.86	86	14
2916	0.86	86	14
2917	0.85	85	15
2918	0.85	85	15
2919	0.84	84	16
2920	0.84	84	16
2921	0.84	84	16
2922	0.84	84	16
2923	0.84	84	16
2924	0.84	84	16
2925	0.83	83	17
2926	0.83	83	17
2927	0.83	83	17
2928	0.83	83	17
2929	0.83	83	17
2930	0.83	83	17
2931	0.82	82	18
2932	0.82	82	18
2933	0.82	82	18
2934	0.82	82	18
2935	0.82	82	18
2936	0.82	82	18
2937	0.82	82	18
2938	0.82	82	18
2939	0.82	82	18
2940	0.83	83	17
2941	0.84	84	16
2942	0.84	84	16
2943	0.85	85	15
2944	0.85	85	15
2945	0.85	85	15
2946	0.85	85	15
2947	0.85	85	15
2948	0.85	85	15
2949	0.85	85	15
2950	0.85	85	15
2951	0.85	85	15
2952	0.86	86	14
2953	0.86	86	14
2954	0.86	86	14
2955	0.86	86	14
2956	0.86	86	14
2957	0.86	86	14
2958	0.86	86	14
2959	0.86	86	14
2960	0.86	86	14
2961	0.86	86	14
2962	0.86	86	14
2963	0.86	86	14
2964	0.86	86	14
2965	0.86	86	14
2966	0.86	86	14
2967	0.86	86	14
2968	0.86	86	14
2969	0.87	87	13
2970	0.87	87	13
2971	0.87	87	13
2972	0.88	88	12
2973	0.88	88	12
2974	0.88	88	12
2975	0.88	88	12
2976	0.88	88	12
2977	0.88	88	12
2978	0.88	88	12
2979	0.88	88	12
2980	0.89	89	11
2981	0.89	89	11
2982	0.90	90	10
2983	0.90	90	10
2984	0.90	90	10
2985	0.90	90	10
2986	0.91	91	9
2987	0.90	90	10
2988	0.90	90	10
2989	0.89	89	11
2990	0.89	89	11
2991	0.89	89	11
2992	0.89	89	11
2993	0.90	90	10
2994	0.90	90	10
2995	0.89	89	11
2996	0.89	89	11
2997	0.89	89	11
2998	0.89	89	11
2999	0.89	89	11
3000	0.11	89	11
3001	0.11	89	11
3002	0.12	88	12
3003	0.12	88	12
3004	0.13	87	13
3005	0.14	86	14
3006	0.14	86	14
3007	0.14	86	14
3008	0.14	86	14
3009	0.15	85	15
3010	0.16	84	16
3011	0.17	83	17
3012	0.18	82	18
3013	0.18	82	18
3014	0.18	82	18
3015	0.18	82	18
3016	0.18	82	18
3017	0.17	83	17
3018	0.17	83	17
3019	0.17	83	17
3020	0.18	82	18
3021	0.19	81	19
3022	0.20	80	20
3023	0.21	79	21
3024	0.22	78	22
3025	0.21	79	21
3026	0.21	79	21
3027	0.21	79	21
3028	0.22	78	22
3029	0.23	77	23
3030	0.23	77	23
3031	0.22	78	22
3032	0.22	78	22
3033	0.22	78	22
3034	0.23	77	23
3035	0.23	77	23
3036	0.24	76	24
3037	0.24	76	24
3038	0.24	76	24
3039	0.24	76	24
3040	0.25	75	25
3041	0.26	74	26
3042	0.27	73	27
3043	0.28	72	28
3044	0.29	71	29
3045	0.30	70	30
3046	0.30	70	30
3047	0.30	70	30
3048	0.31	69	31
3049	0.32	68	32
3050	0.33	67	33
3051	0.33	67	33
3052	0.33	67	33
3053	0.34	66	34
3054	0.34	66	34
3055	0.34	66	34
3056	0.34	66	34
3057	0.35	65	35
3058	0.36	64	36
3059	0.36	64	36
3060	0.37	63	37
3061	0.37	63	37
3062	0.38	62	38
3063	0.39	61	39
3064	0.40	60	40
3065	0.41	59	41
3066	0.42	58	42
3067	0.43	57	43
3068	0.44	56	44
3069	0.44	56	44
3070	0.45	55	45
3071	0.46	54	46
3072	0.47	53	47
3073	0.48	52	48
3074	0.48	52	48
3075	0.49	51	49
3076	0.50	50	50
3077	0.51	49	51
3078	0.51	49	51
3079	0.52	48	52
3080	0.53	47	53
3081	0.54	46	54
3082	0.55	45	55
3083	0.55	45	55
3084	0.56	44	56
3085	0.57	43	57
3086	0.58	42	58
3087	0.58	42	58
3088	0.59	41	59
3089	0.58	42	58
3090	0.59	41	59
3091	0.60	40	60
3092	0.61	39	61
3093	0.62	38	62
3094	0.62	38	62
3095	0.62	38	62
3096	0.63	37	63
3097	0.64	36	64
3098	0.64	36	64
3099	0.64	36	64
3100	0.64	36	64
3101	0.65	35	65
3102	0.65	35	65
3103	0.64	36	64
3104	0.64	36	64
3105	0.64	36	64
3106	0.65	35	65
3107	0.65	35	65
3108	0.64	36	64
3109	0.63	37	63
3110	0.63	37	63
3111	0.63	37	63
3112	0.62	38	62
3113	0.63	37	63
3114	0.64	36	64
3115	0.64	36	64
3116	0.65	35	65
3117	0.66	34	66
3118	0.67	33	67
3119	0.67	33	67
3120	0.67	33	67
3121	0.67	33	67
3122	0.67	33	67
3123	0.67	33	67
3124	0.66	34	66
3125	0.67	33	67
3126	0.68	32	68
3127	0.69	31	69
3128	0.69	31	69
3129	0.69	31	69
3130	0.69	31	69
3131	0.69	31	69
3132	0.70	30	70
3133	0.71	29	71
3134	0.70	30	70
3135	0.71	29	71
3136	0.71	29	71
3137	0.72	28	72
3138	0.73	27	73
3139	0.73	27	73
3140	0.73	27	73
3141	0.73	27	73
3142	0.73	27	73
3143	0.72	28	72
3144	0.72	28	72
3145	0.72	28	72
3146	0.73	27	73
3147	0.74	26	74
3148	0.74	26	74
3149	0.73	27	73
3150	0.72	28	72
3151	0.72	28	72
3152	0.73	27	73
3153	0.73	27	73
3154	0.74	26	74
3155	0.75	25	75
3156	0.76	24	76
3157	0.76	24	76
3158	0.75	25	75
3159	0.76	24	76
3160	0.76	24	76
3161	0.77	23	77
3162	0.77	23	77
3163	0.77	23	77
3164	0.77	23	77
3165	0.77	23	77
3166	0.77	23	77
3167	0.77	23	77
3168	0.77	23	77
3169	0.78	22	78
3170	0.78	22	78
3171	0.77	23	77
3172	0.77	23	77
3173	0.77	23	77
3174	0.78	22	78
3175	0.78	22	78
3176	0.77	23	77
3177	0.77	23	77
3178	0.78	22	78
3179	0.77	23	77
3180	0.77	23	77
3181	0.76	24	76
3182	0.76	24	76
3183	0.76	24	76
3184	0.76	24	76
3185	0.76	24	76
3186	0.76	24	76
3187	0.76	24	76
3188	0.76	24	76
3189	0.77	23	77
3190	0.77	23	77
3191	0.76	24	76
3192	0.75	25	75
3193	0.75	25	75
3194	0.76	24	76
3195	0.75	25	75
3196	0.75	25	75
3197	0.75	25	75
3198	0.76	24	76
3199	0.77	23	77
3200	0.77	23	77
3201	0.76	24	76
3202	0.75	25	75
3203	0.75	25	75
3204	0.75	25	75
3205	0.75	25	75
3206	0.75	25	75
3207	0.75	25	75
3208	0.76	24	76
3209	0.77	23	77
3210	0.76	24	76
3211	0.76	24	76
3212	0.77	23	77
3213	0.77	23	77
3214	0.77	23	77
3215	0.77	23	77
3216	0.76	24	76
3217	0.76	24	76
3218	0.76	24	76
3219	0.75	25	75
3220	0.75	25	75
3221	0.74	26	74
3222	0.74	26	74
3223	0.74	26	74
3224	0.75	25	75
3225	0.75	25	75
3226	0.75	25	75
3227	0.75	25	75
3228	0.75	25	75
3229	0.75	25	75
3230	0.76	24	76
3231	0.77	23	77
3232	0.77	23	77
3233	0.77	23	77
3234	0.77	23	77
3235	0.76	24	76
3236	0.76	24	76
3237	0.76	24	76
3238	0.76	24	76
3239	0.77	23	77
3240	0.77	23	77
3241	0.77	23	77
3242	0.77	23	77
3243	0.77	23	77
3244	0.77	23	77
3245	0.77	23	77
3246	0.77	23	77
3247	0.77	23	77
3248	0.77	23	77
3249	0.78	22	78
3250	0.79	21	79
3251	0.79	21	79
3252	0.79	21	79
3253	0.79	21	79
3254	0.79	21	79
3255	0.79	21	79
3256	0.79	21	79
3257	0.79	21	79
3258	0.80	20	80
3259	0.80	20	80
3260	0.80	20	80
3261	0.80	20	80
3262	0.80	20	80
3263	0.79	21	79
3264	0.79	21	79
3265	0.79	21	79
3266	0.79	21	79
3267	0.79	21	79
3268	0.79	21	79
3269	0.79	21	79
3270	0.79	21	79
3271	0.80	20	80
3272	0.80	20	80
3273	0.80	20	80
3274	0.80	20	80
3275	0.80	20	80
3276	0.80	20	80
3277	0.80	20	80
3278	0.80	20	80
3279	0.81	19	81
3280	0.81	19	81
3281	0.82	18	82
3282	0.82	18	82
3283	0.82	18	82
3284	0.82	18	82
3285	0.82	18	82
3286	0.82	18	82
3287	0.82	18	82
3288	0.82	18	82
3289	0.82	18	82
3290	0.82	18	82
3291	0.83	17	83
3292	0.84	16	84
3293	0.84	16	84
3294	0.84	16	84
3295	0.85	15	85
3296	0.85	15	85
3297	0.85	15	85
3298	0.85	15	85
3299	0.85	15	85
3300	0.86	14	86
3301	0.87	13	87
3302	0.88	12	88
3303	0.89	11	89
3304	0.89	11	89
3305	0.89	11	89
3306	0.89	11	89
3307	0.89	11	89
3308	0.89	11	89
3309	0.89	11	89
3310	0.90	10	90
3311	0.90	10	90
3312	0.90	10	90
3313	0.90	10	90
3314	0.90	10	90
3315	0.91	9	91
3316	0.92	8	92
3317	0.92	8	92
3318	0.92	8	92
3319	0.93	7	93
3320	0.92	8	92
3321	0.93	7	93
3322	0.93	7	93
3323	0.93	7	93
3324	0.93	7	93
3325	0.93	7	93
3326	0.93	7	93
3327	0.93	7	93
3328	0.93	7	93
3329	0.92	8	92
3330	0.92	8	92
3331	0.92	8	92
3332	0.92	8	92
3333	0.91	9	91
3334	0.92	8	92
3335	0.93	7	93
3336	0.93	7	93
3337	0.92	8	92
3338	0.92	8	92
3339	0.91	9	91
3340	0.91	9	91
3341	0.91	9	91
3342	0.91	9	91
3343	0.92	8	92
3344	0.92	8	92
3345	0.92	8	92
3346	0.91	9	91
3347	0.91	9	91
3348	0.91	9	91
3349	0.91	9	91
3350	0.91	9	91
3351	0.92	8	92
3352	0.92	8	92
3353	0.92	8	92
3354	0.92	8	92
3355	0.91	9	91
3356	0.91	9	91
3357	0.91	9	91
3358	0.91	9	91
3359	0.91	9	91
3360	0.90	10	90
3361	0.90	10	90
3362	0.90	10	90
3363	0.91	9	91
3364	0.91	9	91
3365	0.91	9	91
3366	0.91	9	91
3367	0.91	9	91
3368	0.91	9	91
3369	0.90	10	90
3370	0.90	10	90
3371	0.90	10	90
3372	0.90	10	90
3373	0.90	10	90
3374	0.90	10	90
3375	0.90	10	90
3376	0.91	9	91
3377	0.91	9	91
3378	0.91	9	91
3379	0.90	10	90
3380	0.89	11	89
3381	0.89	11	89
3382	0.88	12	88
3383	0.87	13	87
3384	0.87	13	87
3385	0.87	13	87
3386	0.86	14	86
3387	0.86	14	86
3388	0.86	14	86
3389	0.86	14	86
3390	0.86	14	86
3391	0.85	15	85
3392	0.84	16	84
3393	0.84	16	84
3394	0.84	16	84
3395	0.84	16	84
3396	0.84	16	84
3397	0.84	16	84
3398	0.84	16	84
3399	0.84	16	84
3400	0.84	16	84
3401	0.84	16	84
3402	0.84	16	84
3403	0.84	16	84
3404	0.84	16	84
3405	0.84	16	84
3406	0.84	16	84
3407	0.84	16	84
3408	0.84	16	84
3409	0.84	16	84
3410	0.84	16	84
3411	0.84	16	84
3412	0.84	16	84
3413	0.84	16	84
3414	0.84	16	84
3415	0.84	16	84
3416	0.84	16	84
3417	0.84	16	84
3418	0.84	16	84
3419	0.84	16	84
3420	0.85	15	85
3421	0.85	15	85
3422	0.85	15	85
3423	0.84	16	84
3424	0.84	16	84
3425	0.84	16	84
3426	0.84	16	84
3427	0.84	16	84
3428	0.84	16	84
3429	0.85	15	85
3430	0.85	15	85
3431	0.85	15	85
3432	0.85	15	85
3433	0.86	14	86
3434	0.85	15	85
3435	0.85	15	85
3436	0.85	15	85
3437	0.86	14	86
3438	0.85	15	85
3439	0.86	14	86
3440	0.86	14	86
3441	0.85	15	85
3442	0.85	15	85
3443	0.85	15	85
3444	0.85	15	85
3445	0.84	16	84
3446	0.85	15	85
3447	0.85	15	85
3448	0.85	15	85
3449	0.85	15	85
3450	0.85	15	85
3451	0.84	16	84
3452	0.84	16	84
3453	0.84	16	84
3454	0.84	16	84
3455	0.85	15	85
3456	0.85	15	85
3457	0.85	15	85
3458	0.85	15	85
3459	0.85	15	85
3460	0.86	14	86
3461	0.86	14	86
3462	0.86	14	86
3463	0.86	14	86
3464	0.86	14	86
3465	0.86	14	86
3466	0.86	14	86
3467	0.86	14	86
3468	0.86	14	86
3469	0.87	13	87
3470	0.87	13	87
3471	0.87	13	87
3472	0.87	13	87
3473	0.87	13	87
3474	0.87	13	87
3475	0.87	13	87
3476	0.87	13	87
3477	0.86	14	86
3478	0.85	15	85
3479	0.86	14	86
3480	0.87	13	87
3481	0.87	13	87
3482	0.88	12	88
3483	0.89	11	89
3484	0.89	11	89
3485	0.89	11	89
3486	0.90	10	90
3487	0.90	10	90
3488	0.89	11	89
3489	0.89	11	89
3490	0.89	11	89
3491	0.90	10	90
3492	0.91	9	91
3493	0.91	9	91
3494	0.91	9	91
3495	0.91	9	91
3496	0.91	9	91
3497	0.91	9	91
3498	0.91	9	91
3499	0.91	9	91
3500	0.91	9	91
3501	0.91	9	91
3502	0.91	9	91
3503	0.91	9	91
3504	0.91	9	91
3505	0.91	9	91
3506	0.91	9	91
3507	0.91	9	91
3508	0.90	10	90
3509	0.90	10	90
3510	0.90	10	90
3511	0.90	10	90
3512	0.90	10	90
3513	0.90	10	90
3514	0.90	10	90
3515	0.90	10	90
3516	0.90	10	90
3517	0.89	11	89
3518	0.89	11	89
3519	0.89	11	89
3520	0.89	11	89
3521	0.89	11	89
3522	0.89	11	89
3523	0.89	11	89
3524	0.89	11	89
3525	0.89	11	89
3526	0.89	11	89
3527	0.89	11	89
3528	0.89	11	89
3529	0.89	11	89
3530	0.89	11	89
3531	0.89	11	89
3532	0.89	11	89
3533	0.89	11	89
3534	0.90	10	90
3535	0.90	10	90
3536	0.90	10	90
3537	0.90	10	90
3538	0.91	9	91
3539	0.91	9	91
3540	0.91	9	91
3541	0.92	8	92
3542	0.92	8	92
3543	0.92	8	92
3544	0.92	8	92
3545	0.93	7	93
3546	0.93	7	93
3547	0.93	7	93
3548	0.93	7	93
3549	0.93	7	93
3550	0.93	7	93
3551	0.94	6	94
3552	0.94	6	94
3553	0.94	6	94
3554	0.94	6	94
3555	0.94	6	94
3556	0.94	6	94
3557	0.94	6	94
3558	0.94	6	94
3559	0.94	6	94
3560	0.94	6	94
3561	0.94	6	94
3562	0.94	6	94
3563	0.94	6	94
3564	0.94	6	94
3565	0.94	6	94
3566	0.94	6	94
3567	0.93	7	93
3568	0.93	7	93
3569	0.93	7	93
3570	0.93	7	93
3571	0.93	7	93
3572	0.92	8	92
3573	0.92	8	92
3574	0.92	8	92
3575	0.92	8	92
3576	0.91	9	91
3577	0.91	9	91
3578	0.92	8	92
3579	0.92	8	92
3580	0.92	8	92
3581	0.92	8	92
3582	0.92	8	92
3583	0.92	8	92
3584	0.92	8	92
3585	0.92	8	92
3586	0.92	8	92
3587	0.92	8	92
3588	0.93	7	93
3589	0.93	7	93
3590	0.93	7	93
3591	0.93	7	93
3592	0.93	7	93
3593	0.93	7	93
3594	0.93	7	93
3595	0.93	7	93
3596	0.93	7	93
3597	0.93	7	93
3598	0.93	7	93
3599	0.93	7	93
3600	0.93	7	93
3601	0.93	7	93
3602	0.93	7	93
3603	0.93	7	93
3604	0.93	7	93
3605	0.93	7	93
3606	0.93	7	93
3607	0.93	7	93
3608	0.94	6	94
3609	0.94	6	94
3610	0.94	6	94
3611	0.94	6	94
3612	0.94	6	94
3613	0.94	6	94
3614	0.94	6	94
3615	0.94	6	94
3616	0.94	6	94
3617	0.95	5	95
3618	0.94	6	94
3619	0.93	7	93
3620	0.93	7	93
3621	0.93	7	93
3622	0.93	7	93
3623	0.94	6	94
3624	0.94	6	94
3625	0.94	6	94
3626	0.94	6	94
3627	0.94	6	94
3628	0.94	6	94
3629	0.94	6	94
3630	0.94	6	94
3631	0.94	6	94
3632	0.93	7	93
3633	0.92	8	92
3634	0.92	8	92
3635	0.92	8	92
3636	0.91	9	91
3637	0.91	9	91
3638	0.91	9	91
3639	0.91	9	91
3640	0.91	9	91
3641	0.91	9	91
3642	0.91	9	91
3643	0.91	9	91
3644	0.91	9	91
3645	0.91	9	91
3646	0.91	9	91
3647	0.91	9	91
3648	0.91	9	91
3649	0.91	9	91
3650	0.91	9	91
3651	0.91	9	91
3652	0.91	9	91
3653	0.91	9	91
3654	0.91	9	91
3655	0.91	9	91
3656	0.91	9	91
3657	0.91	9	91
3658	0.91	9	91
3659	0.91	9	91
3660	0.91	9	91
3661	0.90	10	90
3662	0.90	10	90
3663	0.90	10	90
3664	0.90	10	90
3665	0.90	10	90
3666	0.90	10	90
3667	0.91	9	91
3668	0.91	9	91
3669	0.91	9	91
3670	0.91	9	91
3671	0.91	9	91
3672	0.92	8	92
3673	0.92	8	92
3674	0.91	9	91
3675	0.91	9	91
3676	0.92	8	92
3677	0.93	7	93
3678	0.93	7	93
3679	0.92	8	92
3680	0.91	9	91
3681	0.91	9	91
3682	0.91	9	91
3683	0.91	9	91
3684	0.91	9	91
3685	0.91	9	91
3686	0.91	9	91
3687	0.91	9	91
3688	0.91	9	91
3689	0.91	9	91
3690	0.91	9	91
3691	0.91	9	91
3692	0.91	9	91
3693	0.91	9	91
3694	0.91	9	91
3695	0.91	9	91
3696	0.91	9	91
3697	0.91	9	91
3698	0.91	9	91
3699	0.91	9	91
3700	0.91	9	91
3701	0.91	9	91
3702	0.91	9	91
3703	0.91	9	91
3704	0.91	9	91
3705	0.90	10	90
3706	0.90	10	90
3707	0.89	11	89
3708	0.89	11	89
3709	0.89	11	89
3710	0.89	11	89
3711	0.89	11	89
3712	0.89	11	89
3713	0.88	12	88
3714	0.88	12	88
3715	0.88	12	88
3716	0.88	12	88
3717	0.88	12	88
3718	0.89	11	89
3719	0.90	10	90
3720	0.90	10	90
3721	0.90	10	90
3722	0.90	10	90
3723	0.90	10	90
3724	0.90	10	90
3725	0.90	10	90
3726	0.90	10	90
3727	0.90	10	90
3728	0.90	10	90
3729	0.90	10	90
3730	0.90	10	90
3731	0.90	10	90
3732	0.91	9	91
3733	0.92	8	92
3734	0.92	8	92
3735	0.92	8	92
3736	0.92	8	92
3737	0.92	8	92
3738	0.92	8	92
3739	0.92	8	92
3740	0.92	8	92
3741	0.92	8	92
3742	0.92	8	92
3743	0.92	8	92
3744	0.91	9	91
3745	0.90	10	90
3746	0.90	10	90
3747	0.90	10	90
3748	0.90	10	90
3749	0.90	10	90
3750	0.90	10	90
3751	0.90	10	90
3752	0.90	10	90
3753	0.90	10	90
3754	0.90	10	90
3755	0.90	10	90
3756	0.89	11	89
3757	0.89	11	89
3758	0.89	11	89
3759	0.89	11	89
3760	0.88	12	88
3761	0.89	11	89
3762	0.89	11	89
3763	0.89	11	89
3764	0.89	11	89
3765	0.89	11	89
3766	0.89	11	89
3767	0.89	11	89
3768	0.89	11	89
3769	0.89	11	89
3770	0.89	11	89
3771	0.89	11	89
3772	0.89	11	89
3773	0.89	11	89
3774	0.90	10	90
3775	0.90	10	90
3776	0.90	10	90
3777	0.90	10	90
3778	0.90	10	90
3779	0.91	9	91
3780	0.92	8	92
3781	0.92	8	92
3782	0.92	8	92
3783	0.92	8	92
3784	0.92	8	92
3785	0.92	8	92
3786	0.92	8	92
3787	0.91	9	91
3788	0.91	9	91
3789	0.91	9	91
3790	0.91	9	91
3791	0.91	9	91
3792	0.91	9	91
3793	0.91	9	91
3794	0.91	9	91
3795	0.91	9	91
3796	0.91	9	91
3797	0.91	9	91
3798	0.91	9	91
3799	0.91	9	91
3800	0.91	9	91
3801	0.91	9	91
3802	0.91	9	91
3803	0.90	10	90
3804	0.90	10	90
3805	0.91	9	91
3806	0.91	9	91
3807	0.91	9	91
3808	0.91	9	91
3809	0.91	9	91
3810	0.91	9	91
3811	0.91	9	91
3812	0.91	9	91
3813	0.92	8	92
3814	0.92	8	92
3815	0.92	8	92
3816	0.92	8	92
3817	0.92	8	92
3818	0.92	8	92
3819	0.92	8	92
3820	0.92	8	92
3821	0.92	8	92
3822	0.92	8	92
3823	0.92	8	92
3824	0.92	8	92
3825	0.92	8	92
3826	0.92	8	92
3827	0.92	8	92
3828	0.92	8	92
3829	0.92	8	92
3830	0.92	8	92
3831	0.92	8	92
3832	0.92	8	92
3833	0.92	8	92
3834	0.92	8	92
3835	0.92	8	92
3836	0.93	7	93
3837	0.92	8	92
3838	0.92	8	92
3839	0.92	8	92
3840	0.91	9	91
3841	0.91	9	91
3842	0.90	10	90
3843	0.90	10	90
3844	0.91	9	91
3845	0.92	8	92
3846	0.92	8	92
3847	0.92	8	92
3848	0.92	8	92
3849	0.92	8	92
3850	0.92	8	92
3851	0.92	8	92
3852	0.92	8	92
3853	0.92	8	92
3854	0.92	8	92
3855	0.92	8	92
3856	0.93	7	93
3857	0.93	7	93
3858	0.93	7	93
3859	0.92	8	92
3860	0.93	7	93
3861	0.93	7	93
3862	0.93	7	93
3863	0.93	7	93
3864	0.93	7	93
3865	0.93	7	93
3866	0.93	7	93
3867	0.93	7	93
3868	0.93	7	93
3869	0.93	7	93
3870	0.92	8	92
3871	0.92	8	92
3872	0.92	8	92
3873	0.92	8	92
3874	0.92	8	92
3875	0.92	8	92
3876	0.92	8	92
3877	0.92	8	92
3878	0.92	8	92
3879	0.92	8	92
3880	0.92	8	92
3881	0.92	8	92
3882	0.92	8	92
3883	0.92	8	92
3884	0.92	8	92
3885	0.91	9	91
3886	0.91	9	91
3887	0.92	8	92
3888	0.92	8	92
3889	0.92	8	92
3890	0.92	8	92
3891	0.92	8	92
3892	0.92	8	92
3893	0.92	8	92
3894	0.91	9	91
3895	0.90	10	90
3896	0.90	10	90
3897	0.90	10	90
3898	0.90	10	90
3899	0.90	10	90
3900	0.90	10	90
3901	0.90	10	90
3902	0.90	10	90
3903	0.91	9	91
3904	0.91	9	91
3905	0.91	9	91
3906	0.91	9	91
3907	0.92	8	92
3908	0.92	8	92
3909	0.92	8	92
3910	0.92	8	92
3911	0.92	8	92
3912	0.92	8	92
3913	0.92	8	92
3914	0.92	8	92
3915	0.92	8	92
3916	0.92	8	92
3917	0.91	9	91
3918	0.91	9	91
3919	0.91	9	91
3920	0.91	9	91
3921	0.90	10	90
3922	0.90	10	90
3923	0.90	10	90
3924	0.90	10	90
3925	0.90	10	90
3926	0.90	10	90
3927	0.90	10	90
3928	0.90	10	90
3929	0.90	10	90
3930	0.90	10	90
3931	0.90	10	90
3932	0.89	11	89
3933	0.89	11	89
3934	0.89	11	89
3935	0.89	11	89
3936	0.88	12	88
3937	0.89	11	89
3938	0.89	11	89
3939	0.89	11	89
3940	0.90	10	90
3941	0.90	10	90
3942	0.91	9	91
3943	0.90	10	90
3944	0.90	10	90
3945	0.89	11	89
3946	0.89	11	89
3947	0.89	11	89
3948	0.89	11	89
3949	0.89	11	89
3950	0.89	11	89
3951	0.89	11	89
3952	0.89	11	89
3953	0.89	11	89
3954	0.88	12	88
3955	0.88	12	88
3956	0.88	12	88
3957	0.88	12	88
3958	0.88	12	88
3959	0.89	11	89
3960	0.89	11	89
3961	0.89	11	89
3962	0.89	11	89
3963	0.88	12	88
3964	0.88	12	88
3965	0.88	12	88
3966	0.87	13	87
3967	0.87	13	87
3968	0.87	13	87
3969	0.87	13	87
3970	0.87	13	87
3971	0.87	13	87
3972	0.87	13	87
3973	0.87	13	87
3974	0.87	13	87
3975	0.87	13	87
3976	0.87	13	87
3977	0.87	13	87
3978	0.87	13	87
3979	0.87	13	87
3980	0.87	13	87
3981	0.87	13	87
3982	0.87	13	87
3983	0.87	13	87
3984	0.87	13	87
3985	0.88	12	88
3986	0.88	12	88
3987	0.87	13	87
3988	0.87	13	87
3989	0.87	13	87
3990	0.87	13	87
3991	0.86	14	86
3992	0.86	14	86
3993	0.85	15	85
3994	0.86	14	86
3995	0.87	13	87
3996	0.87	13	87
3997	0.87	13	87
3998	0.87	13	87
3999	0.87	13	87
4000	0.14	14	86
4001	0.14	14	86
4002	0.14	14	86
4003	0.14	14	86
4004	0.14	14	86
4005	0.15	15	85
4006	0.15	15	85
4007	0.16	16	84
4008	0.16	16	84
4009	0.16	16	84
4010	0.17	17	83
4011	0.18	18	82
4012	0.19	19	81
4013	0.20	20	80
4014	0.21	21	79
4015	0.21	21	79
4016	0.22	22	78
4017	0.22	22	78
4018	0.22	22	78
4019	0.23	23	77
4020	0.24	24	76
4021	0.24	24	76
4022	0.24	24	76
4023	0.24	24	76
4024	0.25	25	75
4025	0.26	26	74
4026	0.26	26	74
4027	0.27	27	73
4028	0.28	28	72
4029	0.28	28	72
4030	0.28	28	72
4031	0.29	29	71
4032	0.28	28	72
4033	0.29	29	71
4034	0.29	29	71
4035	0.30	30	70
4036	0.29	29	71
4037	0.30	30	70
4038	0.30	30	70
4039	0.30	30	70
4040	0.30	30	70
4041	0.30	30	70
4042	0.31	31	69
4043	0.31	31	69
4044	0.32	32	68
4045	0.32	32	68
4046	0.32	32	68
4047	0.33	33	67
4048	0.34	34	66
4049	0.35	35	65
4050	0.35	35	65
4051	0.35	35	65
4052	0.36	36	64
4053	0.37	37	63
4054	0.36	36	64
4055	0.36	36	64
4056	0.37	37	63
4057	0.37	37	63
4058	0.38	38	62
4059	0.39	39	61
4060	0.40	40	60
4061	0.41	41	59
4062	0.42	42	58
4063	0.41	41	59
4064	0.41	41	59
4065	0.42	42	58
4066	0.42	42	58
4067	0.43	43	57
4068	0.44	44	56
4069	0.45	45	55
4070	0.45	45	55
4071	0.45	45	55
4072	0.46	46	54
4073	0.47	47	53
4074	0.48	48	52
4075	0.48	48	52
4076	0.49	49	51
4077	0.50	50	50
4078	0.51	51	49
4079	0.52	52	48
4080	0.52	52	48
4081	0.53	53	47
4082	0.54	54	46
4083	0.55	55	45
4084	0.56	56	44
4085	0.57	57	43
4086	0.58	58	42
4087	0.58	58	42
4088	0.59	59	41
4089	0.59	59	41
4090	0.60	60	40
4091	0.60	60	40
4092	0.61	61	39
4093	0.61	61	39
4094	0.62	62	38
4095	0.63	63	37
4096	0.64	64	36
4097	0.65	65	35
4098	0.66	66	34
4099	0.67	67	33
4100	0.67	67	33
4101	0.68	68	32
4102	0.69	69	31
4103	0.69	69	31
4104	0.70	70	30
4105	0.69	69	31
4106	0.69	69	31
4107	0.69	69	31
4108	0.70	70	30
4109	0.71	71	29
4110	0.71	71	29
4111	0.70	70	30
4112	0.70	70	30
4113	0.70	70	30
4114	0.70	70	30
4115	0.70	70	30
4116	0.70	70	30
4117	0.70	70	30
4118	0.71	71	29
4119	0.71	71	29
4120	0.71	71	29
4121	0.71	71	29
4122	0.72	72	28
4123	0.72	72	28
4124	0.72	72	28
4125	0.72	72	28
4126	0.73	73	27
4127	0.73	73	27
4128	0.73	73	27
4129	0.74	74	26
4130	0.74	74	26
4131	0.74	74	26
4132	0.75	75	25
4133	0.75	75	25
4134	0.76	76	24
4135	0.76	76	24
4136	0.77	77	23
4137	0.77	77	23
4138	0.78	78	22
4139	0.79	79	21
4140	0.80	80	20
4141	0.81	81	19
4142	0.81	81	19
4143	0.80	80	20
4144	0.80	80	20
4145	0.80	80	20
4146	0.81	81	19
4147	0.80	80	20
4148	0.80	80	20
4149	0.80	80	20
4150	0.81	81	19
4151	0.82	82	18
4152	0.82	82	18
4153	0.82	82	18
4154	0.83	83	17
4155	0.84	84	16
4156	0.83	83	17
4157	0.84	84	16
4158	0.84	84	16
4159	0.84	84	16
4160	0.84	84	16
4161	0.84	84	16
4162	0.84	84	16
4163	0.84	84	16
4164	0.85	85	15
4165	0.84	84	16
4166	0.84	84	16
4167	0.84	84	16
4168	0.83	83	17
4169	0.83	83	17
4170	0.83	83	17
4171	0.84	84	16
4172	0.84	84	16
4173	0.84	84	16
4174	0.84	84	16
4175	0.85	85	15
4176	0.85	85	15
4177	0.85	85	15
4178	0.85	85	15
4179	0.85	85	15
4180	0.86	86	14
4181	0.86	86	14
4182	0.86	86	14
4183	0.86	86	14
4184	0.86	86	14
4185	0.86	86	14
4186	0.86	86	14
4187	0.86	86	14
4188	0.86	86	14
4189	0.87	87	13
4190	0.87	87	13
4191	0.87	87	13
4192	0.87	87	13
4193	0.87	87	13
4194	0.87	87	13
4195	0.87	87	13
4196	0.87	87	13
4197	0.87	87	13
4198	0.87	87	13
4199	0.87	87	13
4200	0.86	86	14
4201	0.86	86	14
4202	0.86	86	14
4203	0.86	86	14
4204	0.86	86	14
4205	0.87	87	13
4206	0.88	88	12
4207	0.88	88	12
4208	0.88	88	12
4209	0.88	88	12
4210	0.88	88	12
4211	0.89	89	11
4212	0.89	89	11
4213	0.88	88	12
4214	0.88	88	12
4215	0.89	89	11
4216	0.89	89	11
4217	0.89	89	11
4218	0.89	89	11
4219	0.89	89	11
4220	0.89	89	11
4221	0.89	89	11
4222	0.89	89	11
4223	0.90	90	10
4224	0.90	90	10
4225	0.90	90	10
4226	0.90	90	10
4227	0.90	90	10
4228	0.89	89	11
4229	0.89	89	11
4230	0.90	90	10
4231	0.90	90	10
4232	0.90	90	10
4233	0.90	90	10
4234	0.90	90	10
4235	0.90	90	10
4236	0.89	89	11
4237	0.89	89	11
4238	0.88	88	12
4239	0.88	88	12
4240	0.88	88	12
4241	0.88	88	12
4242	0.88	88	12
4243	0.89	89	11
4244	0.88	88	12
4245	0.88	88	12
4246	0.88	88	12
4247	0.89	89	11
4248	0.89	89	11
4249	0.89	89	11
4250	0.89	89	11
4251	0.89	89	11
4252	0.89	89	11
4253	0.88	88	12
4254	0.88	88	12
4255	0.88	88	12
4256	0.89	89	11
4257	0.89	89	11
4258	0.89	89	11
4259	0.88	88	12
4260	0.88	88	12
4261	0.88	88	12
4262	0.88	88	12
4263	0.88	88	12
4264	0.88	88	12
4265	0.89	89	11
4266	0.89	89	11
4267	0.89	89	11
4268	0.90	90	10
4269	0.90	90	10
4270	0.90	90	10
4271	0.90	90	10
4272	0.90	90	10
4273	0.90	90	10
4274	0.90	90	10
4275	0.90	90	10
4276	0.90	90	10
4277	0.90	90	10
4278	0.90	90	10
4279	0.90	90	10
4280	0.90	90	10
4281	0.90	90	10
4282	0.90	90	10
4283	0.89	89	11
4284	0.89	89	11
4285	0.89	89	11
4286	0.88	88	12
4287	0.88	88	12
4288	0.87	87	13
4289	0.87	87	13
4290	0.87	87	13
4291	0.87	87	13
4292	0.87	87	13
4293	0.87	87	13
4294	0.87	87	13
4295	0.86	86	14
4296	0.86	86	14
4297	0.86	86	14
4298	0.86	86	14
4299	0.85	85	15
4300	0.85	85	15
4301	0.85	85	15
4302	0.85	85	15
4303	0.86	86	14
4304	0.86	86	14
4305	0.85	85	15
4306	0.84	84	16
4307	0.84	84	16
4308	0.84	84	16
4309	0.84	84	16
4310	0.84	84	16
4311	0.84	84	16
4312	0.84	84	16
4313	0.85	85	15
4314	0.85	85	15
4315	0.85	85	15
4316	0.85	85	15
4317	0.84	84	16
4318	0.84	84	16
4319	0.84	84	16
4320	0.84	84	16
4321	0.84	84	16
4322	0.84	84	16
4323	0.84	84	16
4324	0.83	83	17
4325	0.83	83	17
4326	0.83	83	17
4327	0.83	83	17
4328	0.84	84	16
4329	0.84	84	16
4330	0.84	84	16
4331	0.84	84	16
4332	0.84	84	16
4333	0.84	84	16
4334	0.84	84	16
4335	0.84	84	16
4336	0.85	85	15
4337	0.85	85	15
4338	0.86	86	14
4339	0.86	86	14
4340	0.85	85	15
4341	0.85	85	15
4342	0.85	85	15
4343	0.85	85	15
4344	0.85	85	15
4345	0.85	85	15
4346	0.85	85	15
4347	0.84	84	16
4348	0.84	84	16
4349	0.84	84	16
4350	0.84	84	16
4351	0.84	84	16
4352	0.84	84	16
4353	0.85	85	15
4354	0.85	85	15
4355	0.85	85	15
4356	0.85	85	15
4357	0.84	84	16
4358	0.83	83	17
4359	0.84	84	16
4360	0.84	84	16
4361	0.84	84	16
4362	0.84	84	16
4363	0.85	85	15
4364	0.84	84	16
4365	0.84	84	16
4366	0.84	84	16
4367	0.84	84	16
4368	0.84	84	16
4369	0.84	84	16
4370	0.84	84	16
4371	0.84	84	16
4372	0.84	84	16
4373	0.84	84	16
4374	0.84	84	16
4375	0.84	84	16
4376	0.84	84	16
4377	0.84	84	16
4378	0.83	83	17
4379	0.83	83	17
4380	0.83	83	17
4381	0.82	82	18
4382	0.81	81	19
4383	0.82	82	18
4384	0.82	82	18
4385	0.81	81	19
4386	0.82	82	18
4387	0.82	82	18
4388	0.82	82	18
4389	0.82	82	18
4390	0.82	82	18
4391	0.82	82	18
4392	0.82	82	18
4393	0.82	82	18
4394	0.81	81	19
4395	0.82	82	18
4396	0.82	82	18
4397	0.81	81	19
4398	0.81	81	19
4399	0.82	82	18
4400	0.83	83	17
4401	0.83	83	17
4402	0.83	83	17
4403	0.82	82	18
4404	0.82	82	18
4405	0.83	83	17
4406	0.83	83	17
4407	0.83	83	17
4408	0.83	83	17
4409	0.83	83	17
4410	0.83	83	17
4411	0.83	83	17
4412	0.83	83	17
4413	0.83	83	17
4414	0.83	83	17
4415	0.83	83	17
4416	0.83	83	17
4417	0.84	84	16
4418	0.83	83	17
4419	0.82	82	18
4420	0.82	82	18
4421	0.82	82	18
4422	0.82	82	18
4423	0.82	82	18
4424	0.83	83	17
4425	0.82	82	18
4426	0.82	82	18
4427	0.82	82	18
4428	0.81	81	19
4429	0.81	81	19
4430	0.80	80	20
4431	0.80	80	20
4432	0.80	80	20
4433	0.80	80	20
4434	0.79	79	21
4435	0.79	79	21
4436	0.78	78	22
4437	0.78	78	22
4438	0.78	78	22
4439	0.78	78	22
4440	0.79	79	21
4441	0.79	79	21
4442	0.79	79	21
4443	0.79	79	21
4444	0.80	80	20
4445	0.80	80	20
4446	0.80	80	20
4447	0.81	81	19
4448	0.81	81	19
4449	0.81	81	19
4450	0.81	81	19
4451	0.81	81	19
4452	0.81	81	19
4453	0.81	81	19
4454	0.81	81	19
4455	0.81	81	19
4456	0.81	81	19
4457	0.82	82	18
4458	0.83	83	17
4459	0.83	83	17
4460	0.82	82	18
4461	0.82	82	18
4462	0.81	81	19
4463	0.81	81	19
4464	0.82	82	18
4465	0.82	82	18
4466	0.82	82	18
4467	0.82	82	18
4468	0.81	81	19
4469	0.80	80	20
4470	0.80	80	20
4471	0.80	80	20
4472	0.80	80	20
4473	0.79	79	21
4474	0.79	79	21
4475	0.78	78	22
4476	0.78	78	22
4477	0.78	78	22
4478	0.78	78	22
4479	0.78	78	22
4480	0.78	78	22
4481	0.79	79	21
4482	0.80	80	20
4483	0.79	79	21
4484	0.79	79	21
4485	0.80	80	20
4486	0.80	80	20
4487	0.80	80	20
4488	0.81	81	19
4489	0.80	80	20
4490	0.79	79	21
4491	0.78	78	22
4492	0.77	77	23
4493	0.77	77	23
4494	0.78	78	22
4495	0.78	78	22
4496	0.78	78	22
4497	0.79	79	21
4498	0.79	79	21
4499	0.79	79	21
4500	0.78	78	22
4501	0.78	78	22
4502	0.78	78	22
4503	0.79	79	21
4504	0.79	79	21
4505	0.79	79	21
4506	0.80	80	20
4507	0.80	80	20
4508	0.80	80	20
4509	0.80	80	20
4510	0.80	80	20
4511	0.80	80	20
4512	0.80	80	20
4513	0.80	80	20
4514	0.80	80	20
4515	0.80	80	20
4516	0.80	80	20
4517	0.80	80	20
4518	0.81	81	19
4519	0.82	82	18
4520	0.82	82	18
4521	0.82	82	18
4522	0.81	81	19
4523	0.81	81	19
4524	0.81	81	19
4525	0.82	82	18
4526	0.82	82	18
4527	0.82	82	18
4528	0.83	83	17
4529	0.83	83	17
4530	0.84	84	16
4531	0.84	84	16
4532	0.84	84	16
4533	0.84	84	16
4534	0.85	85	15
4535	0.85	85	15
4536	0.86	86	14
4537	0.86	86	14
4538	0.86	86	14
4539	0.85	85	15
4540	0.85	85	15
4541	0.85	85	15
4542	0.85	85	15
4543	0.84	84	16
4544	0.84	84	16
4545	0.84	84	16
4546	0.84	84	16
4547	0.84	84	16
4548	0.83	83	17
4549	0.83	83	17
4550	0.83	83	17
4551	0.83	83	17
4552	0.83	83	17
4553	0.83	83	17
4554	0.83	83	17
4555	0.83	83	17
4556	0.83	83	17
4557	0.82	82	18
4558	0.82	82	18
4559	0.81	81	19
4560	0.81	81	19
4561	0.81	81	19
4562	0.82	82	18
4563	0.82	82	18
4564	0.81	81	19
4565	0.81	81	19
4566	0.81	81	19
4567	0.81	81	19
4568	0.81	81	19
4569	0.82	82	18
4570	0.82	82	18
4571	0.82	82	18
4572	0.82	82	18
4573	0.83	83	17
4574	0.83	83	17
4575	0.84	84	16
4576	0.84	84	16
4577	0.84	84	16
4578	0.85	85	15
4579	0.85	85	15
4580	0.85	85	15
4581	0.85	85	15
4582	0.85	85	15
4583	0.85	85	15
4584	0.85	85	15
4585	0.85	85	15
4586	0.85	85	15
4587	0.85	85	15
4588	0.85	85	15
4589	0.86	86	14
4590	0.87	87	13
4591	0.88	88	12
4592	0.89	89	11
4593	0.89	89	11
4594	0.88	88	12
4595	0.88	88	12
4596	0.88	88	12
4597	0.88	88	12
4598	0.88	88	12
4599	0.87	87	13
4600	0.88	88	12
4601	0.88	88	12
4602	0.88	88	12
4603	0.88	88	12
4604	0.88	88	12
4605	0.88	88	12
4606	0.88	88	12
4607	0.88	88	12
4608	0.88	88	12
4609	0.88	88	12
4610	0.88	88	12
4611	0.88	88	12
4612	0.88	88	12
4613	0.88	88	12
4614	0.88	88	12
4615	0.88	88	12
4616	0.88	88	12
4617	0.88	88	12
4618	0.88	88	12
4619	0.88	88	12
4620	0.88	88	12
4621	0.88	88	12
4622	0.89	89	11
4623	0.89	89	11
4624	0.89	89	11
4625	0.88	88	12
4626	0.88	88	12
4627	0.88	88	12
4628	0.88	88	12
4629	0.88	88	12
4630	0.88	88	12
4631	0.88	88	12
4632	0.88	88	12
4633	0.88	88	12
4634	0.88	88	12
4635	0.88	88	12
4636	0.88	88	12
4637	0.88	88	12
4638	0.88	88	12
4639	0.89	89	11
4640	0.89	89	11
4641	0.89	89	11
4642	0.89	89	11
4643	0.90	90	10
4644	0.90	90	10
4645	0.90	90	10
4646	0.90	90	10
4647	0.90	90	10
4648	0.91	91	9
4649	0.91	91	9
4650	0.91	91	9
4651	0.91	91	9
4652	0.91	91	9
4653	0.90	90	10
4654	0.90	90	10
4655	0.90	90	10
4656	0.90	90	10
4657	0.91	91	9
4658	0.91	91	9
4659	0.91	91	9
4660	0.92	92	8
4661	0.92	92	8
4662	0.92	92	8
4663	0.92	92	8
4664	0.92	92	8
4665	0.92	92	8
4666	0.92	92	8
4667	0.92	92	8
4668	0.93	93	7
4669	0.93	93	7
4670	0.93	93	7
4671	0.93	93	7
4672	0.93	93	7
4673	0.93	93	7
4674	0.93	93	7
4675	0.93	93	7
4676	0.93	93	7
4677	0.93	93	7
4678	0.93	93	7
4679	0.93	93	7
4680	0.93	93	7
4681	0.93	93	7
4682	0.93	93	7
4683	0.94	94	6
4684	0.94	94	6
4685	0.94	94	6
4686	0.94	94	6
4687	0.94	94	6
4688	0.94	94	6
4689	0.94	94	6
4690	0.94	94	6
4691	0.93	93	7
4692	0.92	92	8
4693	0.92	92	8
4694	0.93	93	7
4695	0.93	93	7
4696	0.93	93	7
4697	0.93	93	7
4698	0.93	93	7
4699	0.93	93	7
4700	0.92	92	8
4701	0.91	91	9
4702	0.91	91	9
4703	0.91	91	9
4704	0.90	90	10
4705	0.90	90	10
4706	0.90	90	10
4707	0.90	90	10
4708	0.90	90	10
4709	0.90	90	10
4710	0.90	90	10
4711	0.90	90	10
4712	0.90	90	10
4713	0.90	90	10
4714	0.90	90	10
4715	0.90	90	10
4716	0.90	90	10
4717	0.90	90	10
4718	0.89	89	11
4719	0.89	89	11
4720	0.89	89	11
4721	0.89	89	11
4722	0.89	89	11
4723	0.89	89	11
4724	0.88	88	12
4725	0.89	89	11
4726	0.89	89	11
4727	0.89	89	11
4728	0.89	89	11
4729	0.89	89	11
4730	0.89	89	11
4731	0.89	89	11
4732	0.89	89	11
4733	0.89	89	11
4734	0.89	89	11
4735	0.89	89	11
4736	0.89	89	11
4737	0.89	89	11
4738	0.89	89	11
4739	0.89	89	11
4740	0.89	89	11
4741	0.88	88	12
4742	0.87	87	13
4743	0.87	87	13
4744	0.87	87	13
4745	0.87	87	13
4746	0.87	87	13
4747	0.87	87	13
4748	0.87	87	13
4749	0.87	87	13
4750	0.87	87	13
4751	0.87	87	13
4752	0.87	87	13
4753	0.88	88	12
4754	0.87	87	13
4755	0.87	87	13
4756	0.87	87	13
4757	0.87	87	13
4758	0.87	87	13
4759	0.88	88	12
4760	0.88	88	12
4761	0.88	88	12
4762	0.87	87	13
4763	0.87	87	13
4764	0.88	88	12
4765	0.88	88	12
4766	0.88	88	12
4767	0.88	88	12
4768	0.88	88	12
4769	0.87	87	13
4770	0.87	87	13
4771	0.87	87	13
4772	0.87	87	13
4773	0.87	87	13
4774	0.87	87	13
4775	0.86	86	14
4776	0.86	86	14
4777	0.86	86	14
4778	0.86	86	14
4779	0.85	85	15
4780	0.85	85	15
4781	0.84	84	16
4782	0.84	84	16
4783	0.84	84	16
4784	0.84	84	16
4785	0.84	84	16
4786	0.84	84	16
4787	0.84	84	16
4788	0.84	84	16
4789	0.84	84	16
4790	0.83	83	17
4791	0.83	83	17
4792	0.84	84	16
4793	0.83	83	17
4794	0.83	83	17
4795	0.83	83	17
4796	0.83	83	17
4797	0.83	83	17
4798	0.83	83	17
4799	0.84	84	16
4800	0.85	85	15
4801	0.86	86	14
4802	0.86	86	14
4803	0.86	86	14
4804	0.87	87	13
4805	0.87	87	13
4806	0.86	86	14
4807	0.86	86	14
4808	0.86	86	14
4809	0.86	86	14
4810	0.86	86	14
4811	0.85	85	15
4812	0.84	84	16
4813	0.84	84	16
4814	0.84	84	16
4815	0.83	83	17
4816	0.83	83	17
4817	0.83	83	17
4818	0.84	84	16
4819	0.84	84	16
4820	0.84	84	16
4821	0.84	84	16
4822	0.84	84	16
4823	0.84	84	16
4824	0.85	85	15
4825	0.85	85	15
4826	0.85	85	15
4827	0.85	85	15
4828	0.84	84	16
4829	0.84	84	16
4830	0.84	84	16
4831	0.84	84	16
4832	0.84	84	16
4833	0.84	84	16
4834	0.83	83	17
4835	0.83	83	17
4836	0.83	83	17
4837	0.83	83	17
4838	0.83	83	17
4839	0.83	83	17
4840	0.83	83	17
4841	0.83	83	17
4842	0.84	84	16
4843	0.84	84	16
4844	0.84	84	16
4845	0.84	84	16
4846	0.84	84	16
4847	0.83	83	17
4848	0.83	83	17
4849	0.83	83	17
4850	0.83	83	17
4851	0.83	83	17
4852	0.82	82	18
4853	0.81	81	19
4854	0.82	82	18
4855	0.81	81	19
4856	0.81	81	19
4857	0.81	81	19
4858	0.81	81	19
4859	0.80	80	20
4860	0.80	80	20
4861	0.80	80	20
4862	0.81	81	19
4863	0.81	81	19
4864	0.81	81	19
4865	0.81	81	19
4866	0.81	81	19
4867	0.81	81	19
4868	0.81	81	19
4869	0.82	82	18
4870	0.82	82	18
4871	0.82	82	18
4872	0.81	81	19
4873	0.81	81	19
4874	0.81	81	19
4875	0.82	82	18
4876	0.82	82	18
4877	0.81	81	19
4878	0.81	81	19
4879	0.81	81	19
4880	0.81	81	19
4881	0.82	82	18
4882	0.82	82	18
4883	0.82	82	18
4884	0.81	81	19
4885	0.81	81	19
4886	0.81	81	19
4887	0.81	81	19
4888	0.80	80	20
4889	0.80	80	20
4890	0.81	81	19
4891	0.82	82	18
4892	0.81	81	19
4893	0.81	81	19
4894	0.81	81	19
4895	0.81	81	19
4896	0.81	81	19
4897	0.81	81	19
4898	0.81	81	19
4899	0.80	80	20
4900	0.80	80	20
4901	0.80	80	20
4902	0.79	79	21
4903	0.79	79	21
4904	0.79	79	21
4905	0.79	79	21
4906	0.80	80	20
4907	0.80	80	20
4908	0.80	80	20
4909	0.79	79	21
4910	0.79	79	21
4911	0.80	80	20
4912	0.80	80	20
4913	0.80	80	20
4914	0.80	80	20
4915	0.81	81	19
4916	0.81	81	19
4917	0.81	81	19
4918	0.81	81	19
4919	0.81	81	19
4920	0.81	81	19
4921	0.81	81	19
4922	0.81	81	19
4923	0.81	81	19
4924	0.81	81	19
4925	0.81	81	19
4926	0.81	81	19
4927	0.80	80	20
4928	0.81	81	19
4929	0.81	81	19
4930	0.80	80	20
4931	0.80	80	20
4932	0.80	80	20
4933	0.80	80	20
4934	0.81	81	19
4935	0.81	81	19
4936	0.81	81	19
4937	0.81	81	19
4938	0.80	80	20
4939	0.80	80	20
4940	0.80	80	20
4941	0.81	81	19
4942	0.81	81	19
4943	0.81	81	19
4944	0.81	81	19
4945	0.81	81	19
4946	0.81	81	19
4947	0.82	82	18
4948	0.82	82	18
4949	0.82	82	18
4950	0.82	82	18
4951	0.82	82	18
4952	0.83	83	17
4953	0.84	84	16
4954	0.84	84	16
4955	0.85	85	15
4956	0.85	85	15
4957	0.84	84	16
4958	0.84	84	16
4959	0.85	85	15
4960	0.85	85	15
4961	0.85	85	15
4962	0.85	85	15
4963	0.85	85	15
4964	0.85	85	15
4965	0.85	85	15
4966	0.84	84	16
4967	0.83	83	17
4968	0.82	82	18
4969	0.82	82	18
4970	0.82	82	18
4971	0.82	82	18
4972	0.83	83	17
4973	0.83	83	17
4974	0.82	82	18
4975	0.82	82	18
4976	0.82	82	18
4977	0.83	83	17
4978	0.83	83	17
4979	0.84	84	16
4980	0.83	83	17
4981	0.83	83	17
4982	0.83	83	17
4983	0.83	83	17
4984	0.84	84	16
4985	0.84	84	16
4986	0.84	84	16
4987	0.83	83	17
4988	0.84	84	16
4989	0.83	83	17
4990	0.83	83	17
4991	0.82	82	18
4992	0.83	83	17
4993	0.84	84	16
4994	0.84	84	16
4995	0.84	84	16
4996	0.84	84	16
4997	0.84	84	16
4998	0.84	84	16
4999	0.85	85	15
5000	0.16	84	16
5001	0.17	83	17
5002	0.17	83	17
5003	0.18	82	18
5004	0.19	81	19
5005	0.20	80	20
5006	0.21	79	21
5007	0.22	78	22
5008	0.22	78	22
5009	0.21	79	21
5010	0.22	78	22
5011	0.23	77	23
5012	0.23	77	23
5013	0.23	77	23
5014	0.24	76	24
5015	0.25	75	25
5016	0.26	74	26
5017	0.27	73	27
5018	0.28	72	28
5019	0.29	71	29
5020	0.30	70	30
5021	0.31	69	31
5022	0.32	68	32
5023	0.33	67	33
5024	0.33	67	33
5025	0.34	66	34
5026	0.34	66	34
5027	0.34	66	34
5028	0.35	65	35
5029	0.35	65	35
5030	0.35	65	35
5031	0.35	65	35
5032	0.36	64	36
5033	0.37	63	37
5034	0.38	62	38
5035	0.39	61	39
5036	0.40	60	40
5037	0.41	59	41
5038	0.40	60	40
5039	0.41	59	41
5040	0.42	58	42
5041	0.42	58	42
5042	0.43	57	43
5043	0.43	57	43
5044	0.44	56	44
5045	0.44	56	44
5046	0.44	56	44
5047	0.45	55	45
5048	0.46	54	46
5049	0.47	53	47
5050	0.47	53	47
5051	0.48	52	48
5052	0.49	51	49
5053	0.50	50	50
5054	0.51	49	51
5055	0.51	49	51
5056	0.52	48	52
5057	0.52	48	52
5058	0.53	47	53
5059	0.54	46	54
5060	0.54	46	54
5061	0.55	45	55
5062	0.56	44	56
5063	0.56	44	56
5064	0.57	43	57
5065	0.58	42	58
5066	0.58	42	58
5067	0.57	43	57
5068	0.57	43	57
5069	0.58	42	58
5070	0.59	41	59
5071	0.60	40	60
5072	0.60	40	60
5073	0.61	39	61
5074	0.61	39	61
5075	0.61	39	61
5076	0.61	39	61
5077	0.62	38	62
5078	0.63	37	63
5079	0.64	36	64
5080	0.64	36	64
5081	0.65	35	65
5082	0.66	34	66
5083	0.67	33	67
5084	0.68	32	68
5085	0.69	31	69
5086	0.70	30	70
5087	0.70	30	70
5088	0.71	29	71
5089	0.71	29	71
5090	0.72	28	72
5091	0.72	28	72
5092	0.73	27	73
5093	0.74	26	74
5094	0.74	26	74
5095	0.75	25	75
5096	0.76	24	76
5097	0.77	23	77
5098	0.78	22	78
5099	0.78	22	78
5100	0.78	22	78
5101	0.78	22	78
5102	0.78	22	78
5103	0.78	22	78
5104	0.77	23	77
5105	0.77	23	77
5106	0.77	23	77
5107	0.77	23	77
5108	0.78	22	78
5109	0.79	21	79
5110	0.79	21	79
5111	0.79	21	79
5112	0.79	21	79
5113	0.80	20	80
5114	0.80	20	80
5115	0.80	20	80
5116	0.80	20	80
5117	0.80	20	80
5118	0.80	20	80
5119	0.80	20	80
5120	0.80	20	80
5121	0.80	20	80
5122	0.80	20	80
5123	0.80	20	80
5124	0.81	19	81
5125	0.81	19	81
5126	0.82	18	82
5127	0.82	18	82
5128	0.82	18	82
5129	0.83	17	83
5130	0.83	17	83
5131	0.84	16	84
5132	0.84	16	84
5133	0.84	16	84
5134	0.84	16	84
5135	0.84	16	84
5136	0.84	16	84
5137	0.83	17	83
5138	0.84	16	84
5139	0.84	16	84
5140	0.84	16	84
5141	0.85	15	85
5142	0.85	15	85
5143	0.86	14	86
5144	0.85	15	85
5145	0.86	14	86
5146	0.86	14	86
5147	0.86	14	86
5148	0.86	14	86
5149	0.86	14	86
5150	0.87	13	87
5151	0.87	13	87
5152	0.87	13	87
5153	0.87	13	87
5154	0.86	14	86
5155	0.87	13	87
5156	0.87	13	87
5157	0.87	13	87
5158	0.87	13	87
5159	0.87	13	87
5160	0.88	12	88
5161	0.88	12	88
5162	0.88	12	88
5163	0.89	11	89
5164	0.89	11	89
5165	0.89	11	89
5166	0.89	11	89
5167	0.89	11	89
5168	0.89	11	89
5169	0.89	11	89
5170	0.88	12	88
5171	0.88	12	88
5172	0.88	12	88
5173	0.88	12	88
5174	0.88	12	88
5175	0.88	12	88
5176	0.89	11	89
5177	0.89	11	89
5178	0.89	11	89
5179	0.89	11	89
5180	0.89	11	89
5181	0.89	11	89
5182	0.89	11	89
5183	0.89	11	89
5184	0.89	11	89
5185	0.89	11	89
5186	0.89	11	89
5187	0.89	11	89
5188	0.89	11	89
5189	0.88	12	88
5190	0.87	13	87
5191	0.87	13	87
5192	0.87	13	87
5193	0.87	13	87
5194	0.87	13	87
5195	0.87	13	87
5196	0.87	13	87
5197	0.86	14	86
5198	0.86	14	86
5199	0.87	13	87
5200	0.87	13	87
5201	0.87	13	87
5202	0.87	13	87
5203	0.87	13	87
5204	0.88	12	88
5205	0.88	12	88
5206	0.88	12	88
5207	0.88	12	88
5208	0.88	12	88
5209	0.88	12	88
5210	0.88	12	88
5211	0.88	12	88
5212	0.88	12	88
5213	0.87	13	87
5214	0.86	14	86
5215	0.86	14	86
5216	0.86	14	86
5217	0.86	14	86
5218	0.86	14	86
5219	0.86	14	86
5220	0.86	14	86
5221	0.86	14	86
5222	0.86	14	86
5223	0.86	14	86
5224	0.86	14	86
5225	0.86	14	86
5226	0.86	14	86
5227	0.86	14	86
5228	0.86	14	86
5229	0.86	14	86
5230	0.85	15	85
5231	0.85	15	85
5232	0.85	15	85
5233	0.85	15	85
5234	0.84	16	84
5235	0.84	16	84
5236	0.84	16	84
5237	0.85	15	85
5238	0.85	15	85
5239	0.85	15	85
5240	0.85	15	85
5241	0.85	15	85
5242	0.85	15	85
5243	0.85	15	85
5244	0.86	14	86
5245	0.86	14	86
5246	0.87	13	87
5247	0.87	13	87
5248	0.87	13	87
5249	0.87	13	87
5250	0.87	13	87
5251	0.87	13	87
5252	0.87	13	87
5253	0.87	13	87
5254	0.88	12	88
5255	0.88	12	88
5256	0.88	12	88
5257	0.87	13	87
5258	0.87	13	87
5259	0.87	13	87
5260	0.87	13	87
5261	0.87	13	87
5262	0.87	13	87
5263	0.86	14	86
5264	0.86	14	86
5265	0.86	14	86
5266	0.85	15	85
5267	0.86	14	86
5268	0.85	15	85
5269	0.85	15	85
5270	0.86	14	86
5271	0.86	14	86
5272	0.87	13	87
5273	0.87	13	87
5274	0.87	13	87
5275	0.88	12	88
5276	0.88	12	88
5277	0.88	12	88
5278	0.88	12	88
5279	0.88	12	88
5280	0.88	12	88
5281	0.88	12	88
5282	0.88	12	88
5283	0.88	12	88
5284	0.87	13	87
5285	0.87	13	87
5286	0.87	13	87
5287	0.87	13	87
5288	0.87	13	87
5289	0.88	12	88
5290	0.89	11	89
5291	0.89	11	89
5292	0.89	11	89
5293	0.89	11	89
5294	0.90	10	90
5295	0.90	10	90
5296	0.90	10	90
5297	0.91	9	91
5298	0.91	9	91
5299	0.91	9	91
5300	0.91	9	91
5301	0.91	9	91
5302	0.91	9	91
5303	0.91	9	91
5304	0.91	9	91
5305	0.91	9	91
5306	0.91	9	91
5307	0.91	9	91
5308	0.91	9	91
5309	0.91	9	91
5310	0.91	9	91
5311	0.91	9	91
5312	0.91	9	91
5313	0.92	8	92
5314	0.93	7	93
5315	0.92	8	92
5316	0.92	8	92
5317	0.92	8	92
5318	0.92	8	92
5319	0.92	8	92
5320	0.92	8	92
5321	0.92	8	92
5322	0.92	8	92
5323	0.92	8	92
5324	0.92	8	92
5325	0.92	8	92
5326	0.92	8	92
5327	0.91	9	91
5328	0.91	9	91
5329	0.91	9	91
5330	0.91	9	91
5331	0.90	10	90
5332	0.90	10	90
5333	0.90	10	90
5334	0.91	9	91
5335	0.90	10	90
5336	0.90	10	90
5337	0.90	10	90
5338	0.90	10	90
5339	0.90	10	90
5340	0.90	10	90
5341	0.90	10	90
5342	0.90	10	90
5343	0.90	10	90
5344	0.90	10	90
5345	0.90	10	90
5346	0.90	10	90
5347	0.90	10	90
5348	0.90	10	90
5349	0.90	10	90
5350	0.90	10	90
5351	0.90	10	90
5352	0.89	11	89
5353	0.88	12	88
5354	0.88	12	88
5355	0.88	12	88
5356	0.88	12	88
5357	0.89	11	89
5358	0.88	12	88
5359	0.88	12	88
5360	0.88	12	88
5361	0.88	12	88
5362	0.88	12	88
5363	0.89	11	89
5364	0.89	11	89
5365	0.89	11	89
5366	0.90	10	90
5367	0.90	10	90
5368	0.91	9	91
5369	0.91	9	91
5370	0.91	9	91
5371	0.91	9	91
5372	0.91	9	91
5373	0.90	10	90
5374	0.90	10	90
5375	0.90	10	90
5376	0.90	10	90
5377	0.90	10	90
5378	0.90	10	90
5379	0.90	10	90
5380	0.90	10	90
5381	0.90	10	90
5382	0.90	10	90
5383	0.90	10	90
5384	0.91	9	91
5385	0.91	9	91
5386	0.91	9	91
5387	0.91	9	91
5388	0.91	9	91
5389	0.91	9	91
5390	0.91	9	91
5391	0.91	9	91
5392	0.91	9	91
5393	0.91	9	91
5394	0.91	9	91
5395	0.91	9	91
5396	0.91	9	91
5397	0.91	9	91
5398	0.91	9	91
5399	0.91	9	91
5400	0.91	9	91
5401	0.91	9	91
5402	0.91	9	91
5403	0.90	10	90
5404	0.90	10	90
5405	0.90	10	90
5406	0.90	10	90
5407	0.90	10	90
5408	0.90	10	90
5409	0.90	10	90
5410	0.90	10	90
5411	0.90	10	90
5412	0.90	10	90
5413	0.90	10	90
5414	0.90	10	90
5415	0.91	9	91
5416	0.91	9	91
5417	0.91	9	91
5418	0.91	9	91
5419	0.91	9	91
5420	0.90	10	90
5421	0.90	10	90
5422	0.90	10	90
5423	0.90	10	90
5424	0.90	10	90
5425	0.90	10	90
5426	0.90	10	90
5427	0.91	9	91
5428	0.90	10	90
5429	0.90	10	90
5430	0.91	9	91
5431	0.92	8	92
5432	0.92	8	92
5433	0.92	8	92
5434	0.92	8	92
5435	0.93	7	93
5436	0.93	7	93
5437	0.93	7	93
5438	0.93	7	93
5439	0.93	7	93
5440	0.93	7	93
5441	0.93	7	93
5442	0.93	7	93
5443	0.93	7	93
5444	0.93	7	93
5445	0.93	7	93
5446	0.93	7	93
5447	0.93	7	93
5448	0.93	7	93
5449	0.93	7	93
5450	0.93	7	93
5451	0.93	7	93
5452	0.94	6	94
5453	0.95	5	95
5454	0.95	5	95
5455	0.95	5	95
5456	0.95	5	95
5457	0.95	5	95
5458	0.96	4	96
5459	0.95	5	95
5460	0.95	5	95
5461	0.95	5	95
5462	0.94	6	94
5463	0.94	6	94
5464	0.94	6	94
5465	0.94	6	94
5466	0.94	6	94
5467	0.94	6	94
5468	0.93	7	93
5469	0.93	7	93
5470	0.93	7	93
5471	0.93	7	93
5472	0.93	7	93
5473	0.94	6	94
5474	0.93	7	93
5475	0.93	7	93
5476	0.93	7	93
5477	0.93	7	93
5478	0.93	7	93
5479	0.93	7	93
5480	0.93	7	93
5481	0.93	7	93
5482	0.93	7	93
5483	0.93	7	93
5484	0.93	7	93
5485	0.93	7	93
5486	0.93	7	93
5487	0.93	7	93
5488	0.93	7	93
5489	0.93	7	93
5490	0.93	7	93
5491	0.92	8	92
5492	0.92	8	92
5493	0.92	8	92
5494	0.92	8	92
5495	0.92	8	92
5496	0.92	8	92
5497	0.91	9	91
5498	0.91	9	91
5499	0.91	9	91
5500	0.91	9	91
5501	0.91	9	91
5502	0.91	9	91
5503	0.92	8	92
5504	0.92	8	92
5505	0.92	8	92
5506	0.92	8	92
5507	0.92	8	92
5508	0.92	8	92
5509	0.92	8	92
5510	0.92	8	92
5511	0.92	8	92
5512	0.92	8	92
5513	0.92	8	92
5514	0.92	8	92
5515	0.92	8	92
5516	0.92	8	92
5517	0.92	8	92
5518	0.92	8	92
5519	0.92	8	92
5520	0.93	7	93
5521	0.93	7	93
5522	0.93	7	93
5523	0.93	7	93
5524	0.93	7	93
5525	0.93	7	93
5526	0.93	7	93
5527	0.93	7	93
5528	0.94	6	94
5529	0.94	6	94
5530	0.94	6	94
5531	0.94	6	94
5532	0.94	6	94
5533	0.94	6	94
5534	0.94	6	94
5535	0.94	6	94
5536	0.93	7	93
5537	0.93	7	93
5538	0.93	7	93
5539	0.93	7	93
5540	0.93	7	93
5541	0.93	7	93
5542	0.92	8	92
5543	0.92	8	92
5544	0.92	8	92
5545	0.92	8	92
5546	0.92	8	92
5547	0.92	8	92
5548	0.92	8	92
5549	0.92	8	92
5550	0.92	8	92
5551	0.92	8	92
5552	0.92	8	92
5553	0.92	8	92
5554	0.91	9	91
5555	0.91	9	91
5556	0.91	9	91
5557	0.91	9	91
5558	0.90	10	90
5559	0.91	9	91
5560	0.91	9	91
5561	0.91	9	91
5562	0.92	8	92
5563	0.92	8	92
5564	0.92	8	92
5565	0.91	9	91
5566	0.91	9	91
5567	0.91	9	91
5568	0.92	8	92
5569	0.91	9	91
5570	0.91	9	91
5571	0.90	10	90
5572	0.90	10	90
5573	0.90	10	90
5574	0.91	9	91
5575	0.90	10	90
5576	0.90	10	90
5577	0.90	10	90
5578	0.90	10	90
5579	0.90	10	90
5580	0.89	11	89
5581	0.88	12	88
5582	0.88	12	88
5583	0.88	12	88
5584	0.88	12	88
5585	0.88	12	88
5586	0.88	12	88
5587	0.87	13	87
5588	0.86	14	86
5589	0.86	14	86
5590	0.86	14	86
5591	0.87	13	87
5592	0.87	13	87
5593	0.87	13	87
5594	0.87	13	87
5595	0.87	13	87
5596	0.87	13	87
5597	0.88	12	88
5598	0.88	12	88
5599	0.88	12	88
5600	0.88	12	88
5601	0.88	12	88
5602	0.88	12	88
5603	0.88	12	88
5604	0.87	13	87
5605	0.87	13	87
5606	0.87	13	87
5607	0.87	13	87
5608	0.87	13	87
5609	0.87	13	87
5610	0.87	13	87
5611	0.87	13	87
5612	0.87	13	87
5613	0.87	13	87
5614	0.87	13	87
5615	0.87	13	87
5616	0.87	13	87
5617	0.87	13	87
5618	0.87	13	87
5619	0.87	13	87
5620	0.87	13	87
5621	0.87	13	87
5622	0.86	14	86
5623	0.86	14	86
5624	0.86	14	86
5625	0.85	15	85
5626	0.85	15	85
5627	0.85	15	85
5628	0.85	15	85
5629	0.85	15	85
5630	0.85	15	85
5631	0.85	15	85
5632	0.85	15	85
5633	0.85	15	85
5634	0.85	15	85
5635	0.85	15	85
5636	0.85	15	85
5637	0.85	15	85
5638	0.84	16	84
5639	0.84	16	84
5640	0.84	16	84
5641	0.84	16	84
5642	0.84	16	84
5643	0.84	16	84
5644	0.83	17	83
5645	0.83	17	83
5646	0.83	17	83
5647	0.83	17	83
5648	0.82	18	82
5649	0.82	18	82
5650	0.82	18	82
5651	0.82	18	82
5652	0.82	18	82
5653	0.82	18	82
5654	0.83	17	83
5655	0.83	17	83
5656	0.83	17	83
5657	0.82	18	82
5658	0.83	17	83
5659	0.83	17	83
5660	0.83	17	83
5661	0.83	17	83
5662	0.83	17	83
5663	0.83	17	83
5664	0.83	17	83
5665	0.84	16	84
5666	0.84	16	84
5667	0.84	16	84
5668	0.84	16	84
5669	0.85	15	85
5670	0.85	15	85
5671	0.86	14	86
5672	0.86	14	86
5673	0.86	14	86
5674	0.85	15	85
5675	0.86	14	86
5676	0.86	14	86
5677	0.86	14	86
5678	0.85	15	85
5679	0.85	15	85
5680	0.86	14	86
5681	0.87	13	87
5682	0.86	14	86
5683	0.86	14	86
5684	0.86	14	86
5685	0.86	14	86
5686	0.86	14	86
5687	0.87	13	87
5688	0.88	12	88
5689	0.88	12	88
5690	0.88	12	88
5691	0.88	12	88
5692	0.88	12	88
5693	0.87	13	87
5694	0.87	13	87
5695	0.87	13	87
5696	0.87	13	87
5697	0.87	13	87
5698	0.87	13	87
5699	0.87	13	87
5700	0.87	13	87
5701	0.87	13	87
5702	0.87	13	87
5703	0.87	13	87
5704	0.87	13	87
5705	0.87	13	87
5706	0.87	13	87
5707	0.86	14	86
5708	0.86	14	86
5709	0.85	15	85
5710	0.85	15	85
5711	0.85	15	85
5712	0.84	16	84
5713	0.84	16	84
5714	0.84	16	84
5715	0.84	16	84
5716	0.84	16	84
5717	0.84	16	84
5718	0.84	16	84
5719	0.84	16	84
5720	0.84	16	84
5721	0.84	16	84
5722	0.85	15	85
5723	0.85	15	85
5724	0.85	15	85
5725	0.86	14	86
5726	0.86	14	86
5727	0.86	14	86
5728	0.85	15	85
5729	0.85	15	85
5730	0.85	15	85
5731	0.85	15	85
5732	0.85	15	85
5733	0.85	15	85
5734	0.85	15	85
5735	0.85	15	85
5736	0.86	14	86
5737	0.86	14	86
5738	0.87	13	87
5739	0.87	13	87
5740	0.87	13	87
5741	0.87	13	87
5742	0.88	12	88
5743	0.88	12	88
5744	0.89	11	89
5745	0.89	11	89
5746	0.89	11	89
5747	0.89	11	89
5748	0.89	11	89
5749	0.88	12	88
5750	0.87	13	87
5751	0.87	13	87
5752	0.87	13	87
5753	0.87	13	87
5754	0.87	13	87
5755	0.87	13	87
5756	0.86	14	86
5757	0.87	13	87
5758	0.87	13	87
5759	0.87	13	87
5760	0.87	13	87
5761	0.86	14	86
5762	0.86	14	86
5763	0.86	14	86
5764	0.85	15	85
5765	0.85	15	85
5766	0.85	15	85
5767	0.85	15	85
5768	0.85	15	85
5769	0.85	15	85
5770	0.85	15	85
5771	0.85	15	85
5772	0.85	15	85
5773	0.85	15	85
5774	0.86	14	86
5775	0.86	14	86
5776	0.86	14	86
5777	0.86	14	86
5778	0.87	13	87
5779	0.87	13	87
5780	0.87	13	87
5781	0.87	13	87
5782	0.88	12	88
5783	0.88	12	88
5784	0.88	12	88
5785	0.88	12	88
5786	0.88	12	88
5787	0.88	12	88
5788	0.88	12	88
5789	0.88	12	88
5790	0.87	13	87
5791	0.87	13	87
5792	0.87	13	87
5793	0.88	12	88
5794	0.88	12	88
5795	0.87	13	87
5796	0.87	13	87
5797	0.86	14	86
5798	0.86	14	86
5799	0.86	14	86
5800	0.86	14	86
5801	0.86	14	86
5802	0.86	14	86
5803	0.86	14	86
5804	0.87	13	87
5805	0.87	13	87
5806	0.87	13	87
5807	0.88	12	88
5808	0.88	12	88
5809	0.88	12	88
5810	0.88	12	88
5811	0.88	12	88
5812	0.89	11	89
5813	0.89	11	89
5814	0.88	12	88
5815	0.88	12	88
5816	0.88	12	88
5817	0.88	12	88
5818	0.88	12	88
5819	0.88	12	88
5820	0.88	12	88
5821	0.88	12	88
5822	0.88	12	88
5823	0.88	12	88
5824	0.88	12	88
5825	0.88	12	88
5826	0.88	12	88
5827	0.88	12	88
5828	0.89	11	89
5829	0.89	11	89
5830	0.89	11	89
5831	0.89	11	89
5832	0.88	12	88
5833	0.88	12	88
5834	0.88	12	88
5835	0.88	12	88
5836	0.88	12	88
5837	0.88	12	88
5838	0.88	12	88
5839	0.88	12	88
5840	0.88	12	88
5841	0.88	12	88
5842	0.88	12	88
5843	0.88	12	88
5844	0.88	12	88
5845	0.88	12	88
5846	0.88	12	88
5847	0.88	12	88
5848	0.89	11	89
5849	0.90	10	90
5850	0.91	9	91
5851	0.91	9	91
5852	0.91	9	91
5853	0.91	9	91
5854	0.91	9	91
5855	0.91	9	91
5856	0.91	9	91
5857	0.91	9	91
5858	0.91	9	91
5859	0.91	9	91
5860	0.91	9	91
5861	0.91	9	91
5862	0.91	9	91
5863	0.90	10	90
5864	0.91	9	91
5865	0.91	9	91
5866	0.91	9	91
5867	0.91	9	91
5868	0.91	9	91
5869	0.91	9	91
5870	0.91	9	91
5871	0.91	9	91
5872	0.91	9	91
5873	0.91	9	91
5874	0.91	9	91
5875	0.91	9	91
5876	0.91	9	91
5877	0.91	9	91
5878	0.91	9	91
5879	0.91	9	91
5880	0.91	9	91
5881	0.91	9	91
5882	0.91	9	91
5883	0.91	9	91
5884	0.90	10	90
5885	0.89	11	89
5886	0.89	11	89
5887	0.89	11	89
5888	0.89	11	89
5889	0.89	11	89
5890	0.90	10	90
5891	0.90	10	90
5892	0.90	10	90
5893	0.90	10	90
5894	0.90	10	90
5895	0.91	9	91
5896	0.91	9	91
5897	0.92	8	92
5898	0.92	8	92
5899	0.92	8	92
5900	0.92	8	92
5901	0.92	8	92
5902	0.92	8	92
5903	0.92	8	92
5904	0.92	8	92
5905	0.92	8	92
5906	0.92	8	92
5907	0.91	9	91
5908	0.91	9	91
5909	0.92	8	92
5910	0.92	8	92
5911	0.92	8	92
5912	0.91	9	91
5913	0.91	9	91
5914	0.92	8	92
5915	0.92	8	92
5916	0.92	8	92
5917	0.92	8	92
5918	0.92	8	92
5919	0.92	8	92
5920	0.92	8	92
5921	0.92	8	92
5922	0.92	8	92
5923	0.92	8	92
5924	0.92	8	92
5925	0.92	8	92
5926	0.92	8	92
5927	0.92	8	92
5928	0.92	8	92
5929	0.92	8	92
5930	0.92	8	92
5931	0.92	8	92
5932	0.93	7	93
5933	0.93	7	93
5934	0.93	7	93
5935	0.92	8	92
5936	0.92	8	92
5937	0.92	8	92
5938	0.92	8	92
5939	0.92	8	92
5940	0.92	8	92
5941	0.92	8	92
5942	0.92	8	92
5943	0.92	8	92
5944	0.92	8	92
5945	0.92	8	92
5946	0.92	8	92
5947	0.91	9	91
5948	0.91	9	91
5949	0.91	9	91
5950	0.90	10	90
5951	0.90	10	90
5952	0.90	10	90
5953	0.90	10	90
5954	0.90	10	90
5955	0.90	10	90
5956	0.91	9	91
5957	0.91	9	91
5958	0.91	9	91
5959	0.90	10	90
5960	0.90	10	90
5961	0.91	9	91
5962	0.91	9	91
5963	0.92	8	92
5964	0.92	8	92
5965	0.92	8	92
5966	0.91	9	91
5967	0.91	9	91
5968	0.91	9	91
5969	0.91	9	91
5970	0.91	9	91
5971	0.91	9	91
5972	0.90	10	90
5973	0.90	10	90
5974	0.90	10	90
5975	0.90	10	90
5976	0.90	10	90
5977	0.90	10	90
5978	0.90	10	90
5979	0.90	10	90
5980	0.90	10	90
5981	0.89	11	89
5982	0.89	11	89
5983	0.88	12	88
5984	0.89	11	89
5985	0.90	10	90
5986	0.90	10	90
5987	0.90	10	90
5988	0.89	11	89
5989	0.89	11	89
5990	0.89	11	89
5991	0.89	11	89
5992	0.89	11	89
5993	0.89	11	89
5994	0.89	11	89
5995	0.89	11	89
5996	0.88	12	88
5997	0.88	12	88
5998	0.88	12	88
5999	0.88	12	88
