timestep	swarm_quality	color_0	color_1
0	0.70	70	30
1	0.70	70	30
2	0.69	69	31
3	0.69	69	31
4	0.68	68	32
5	0.68	68	32
6	0.68	68	32
7	0.67	67	33
8	0.66	66	34
9	0.66	66	34
10	0.66	66	34
11	0.66	66	34
12	0.66	66	34
13	0.66	66	34
14	0.65	65	35
15	0.65	65	35
16	0.64	64	36
17	0.63	63	37
18	0.63	63	37
19	0.63	63	37
20	0.62	62	38
21	0.62	62	38
22	0.62	62	38
23	0.62	62	38
24	0.61	61	39
25	0.60	60	40
26	0.60	60	40
27	0.60	60	40
28	0.60	60	40
29	0.60	60	40
30	0.60	60	40
31	0.60	60	40
32	0.60	60	40
33	0.60	60	40
34	0.60	60	40
35	0.60	60	40
36	0.59	59	41
37	0.59	59	41
38	0.59	59	41
39	0.59	59	41
40	0.59	59	41
41	0.59	59	41
42	0.59	59	41
43	0.59	59	41
44	0.58	58	42
45	0.58	58	42
46	0.58	58	42
47	0.57	57	43
48	0.57	57	43
49	0.57	57	43
50	0.56	56	44
51	0.56	56	44
52	0.56	56	44
53	0.56	56	44
54	0.56	56	44
55	0.56	56	44
56	0.56	56	44
57	0.56	56	44
58	0.56	56	44
59	0.56	56	44
60	0.56	56	44
61	0.56	56	44
62	0.55	55	45
63	0.54	54	46
64	0.54	54	46
65	0.54	54	46
66	0.54	54	46
67	0.54	54	46
68	0.54	54	46
69	0.54	54	46
70	0.54	54	46
71	0.54	54	46
72	0.55	55	45
73	0.56	56	44
74	0.57	57	43
75	0.58	58	42
76	0.58	58	42
77	0.59	59	41
78	0.59	59	41
79	0.59	59	41
80	0.59	59	41
81	0.60	60	40
82	0.61	61	39
83	0.62	62	38
84	0.63	63	37
85	0.64	64	36
86	0.65	65	35
87	0.66	66	34
88	0.67	67	33
89	0.68	68	32
90	0.68	68	32
91	0.69	69	31
92	0.70	70	30
93	0.71	71	29
94	0.72	72	28
95	0.73	73	27
96	0.74	74	26
97	0.75	75	25
98	0.76	76	24
99	0.77	77	23
100	0.77	77	23
101	0.76	76	24
102	0.77	77	23
103	0.77	77	23
104	0.78	78	22
105	0.78	78	22
106	0.78	78	22
107	0.79	79	21
108	0.80	80	20
109	0.80	80	20
110	0.80	80	20
111	0.79	79	21
112	0.79	79	21
113	0.79	79	21
114	0.79	79	21
115	0.79	79	21
116	0.80	80	20
117	0.81	81	19
118	0.80	80	20
119	0.80	80	20
120	0.81	81	19
121	0.80	80	20
122	0.80	80	20
123	0.80	80	20
124	0.81	81	19
125	0.82	82	18
126	0.82	82	18
127	0.82	82	18
128	0.82	82	18
129	0.82	82	18
130	0.82	82	18
131	0.82	82	18
132	0.82	82	18
133	0.82	82	18
134	0.82	82	18
135	0.82	82	18
136	0.83	83	17
137	0.83	83	17
138	0.83	83	17
139	0.83	83	17
140	0.83	83	17
141	0.83	83	17
142	0.83	83	17
143	0.83	83	17
144	0.84	84	16
145	0.84	84	16
146	0.84	84	16
147	0.85	85	15
148	0.85	85	15
149	0.84	84	16
150	0.85	85	15
151	0.85	85	15
152	0.85	85	15
153	0.85	85	15
154	0.85	85	15
155	0.84	84	16
156	0.83	83	17
157	0.83	83	17
158	0.83	83	17
159	0.83	83	17
160	0.83	83	17
161	0.83	83	17
162	0.84	84	16
163	0.85	85	15
164	0.85	85	15
165	0.85	85	15
166	0.85	85	15
167	0.85	85	15
168	0.85	85	15
169	0.85	85	15
170	0.86	86	14
171	0.87	87	13
172	0.87	87	13
173	0.87	87	13
174	0.87	87	13
175	0.87	87	13
176	0.88	88	12
177	0.88	88	12
178	0.89	89	11
179	0.90	90	10
180	0.91	91	9
181	0.91	91	9
182	0.91	91	9
183	0.91	91	9
184	0.91	91	9
185	0.90	90	10
186	0.89	89	11
187	0.89	89	11
188	0.88	88	12
189	0.87	87	13
190	0.88	88	12
191	0.87	87	13
192	0.87	87	13
193	0.87	87	13
194	0.87	87	13
195	0.87	87	13
196	0.87	87	13
197	0.87	87	13
198	0.87	87	13
199	0.87	87	13
200	0.87	87	13
201	0.88	88	12
202	0.88	88	12
203	0.88	88	12
204	0.87	87	13
205	0.87	87	13
206	0.87	87	13
207	0.87	87	13
208	0.86	86	14
209	0.86	86	14
210	0.86	86	14
211	0.87	87	13
212	0.87	87	13
213	0.87	87	13
214	0.88	88	12
215	0.88	88	12
216	0.88	88	12
217	0.88	88	12
218	0.89	89	11
219	0.89	89	11
220	0.89	89	11
221	0.90	90	10
222	0.89	89	11
223	0.89	89	11
224	0.89	89	11
225	0.89	89	11
226	0.89	89	11
227	0.89	89	11
228	0.89	89	11
229	0.89	89	11
230	0.89	89	11
231	0.89	89	11
232	0.89	89	11
233	0.89	89	11
234	0.89	89	11
235	0.88	88	12
236	0.87	87	13
237	0.87	87	13
238	0.87	87	13
239	0.87	87	13
240	0.87	87	13
241	0.87	87	13
242	0.87	87	13
243	0.87	87	13
244	0.87	87	13
245	0.87	87	13
246	0.87	87	13
247	0.87	87	13
248	0.87	87	13
249	0.88	88	12
250	0.88	88	12
251	0.88	88	12
252	0.88	88	12
253	0.87	87	13
254	0.87	87	13
255	0.87	87	13
256	0.88	88	12
257	0.88	88	12
258	0.88	88	12
259	0.88	88	12
260	0.88	88	12
261	0.88	88	12
262	0.88	88	12
263	0.88	88	12
264	0.87	87	13
265	0.87	87	13
266	0.87	87	13
267	0.87	87	13
268	0.86	86	14
269	0.86	86	14
270	0.86	86	14
271	0.86	86	14
272	0.86	86	14
273	0.86	86	14
274	0.86	86	14
275	0.86	86	14
276	0.86	86	14
277	0.86	86	14
278	0.86	86	14
279	0.85	85	15
280	0.85	85	15
281	0.85	85	15
282	0.85	85	15
283	0.85	85	15
284	0.85	85	15
285	0.85	85	15
286	0.86	86	14
287	0.86	86	14
288	0.87	87	13
289	0.88	88	12
290	0.88	88	12
291	0.89	89	11
292	0.89	89	11
293	0.89	89	11
294	0.88	88	12
295	0.88	88	12
296	0.87	87	13
297	0.87	87	13
298	0.87	87	13
299	0.87	87	13
300	0.87	87	13
301	0.87	87	13
302	0.87	87	13
303	0.87	87	13
304	0.88	88	12
305	0.88	88	12
306	0.88	88	12
307	0.87	87	13
308	0.88	88	12
309	0.88	88	12
310	0.88	88	12
311	0.87	87	13
312	0.87	87	13
313	0.86	86	14
314	0.86	86	14
315	0.85	85	15
316	0.85	85	15
317	0.85	85	15
318	0.84	84	16
319	0.84	84	16
320	0.84	84	16
321	0.84	84	16
322	0.85	85	15
323	0.85	85	15
324	0.85	85	15
325	0.85	85	15
326	0.85	85	15
327	0.85	85	15
328	0.85	85	15
329	0.85	85	15
330	0.85	85	15
331	0.85	85	15
332	0.85	85	15
333	0.85	85	15
334	0.85	85	15
335	0.86	86	14
336	0.87	87	13
337	0.87	87	13
338	0.86	86	14
339	0.86	86	14
340	0.86	86	14
341	0.86	86	14
342	0.86	86	14
343	0.86	86	14
344	0.86	86	14
345	0.86	86	14
346	0.86	86	14
347	0.85	85	15
348	0.84	84	16
349	0.84	84	16
350	0.84	84	16
351	0.84	84	16
352	0.84	84	16
353	0.85	85	15
354	0.85	85	15
355	0.86	86	14
356	0.86	86	14
357	0.86	86	14
358	0.86	86	14
359	0.86	86	14
360	0.86	86	14
361	0.86	86	14
362	0.85	85	15
363	0.85	85	15
364	0.86	86	14
365	0.86	86	14
366	0.86	86	14
367	0.86	86	14
368	0.87	87	13
369	0.87	87	13
370	0.87	87	13
371	0.87	87	13
372	0.87	87	13
373	0.87	87	13
374	0.87	87	13
375	0.87	87	13
376	0.87	87	13
377	0.87	87	13
378	0.87	87	13
379	0.88	88	12
380	0.88	88	12
381	0.88	88	12
382	0.88	88	12
383	0.88	88	12
384	0.88	88	12
385	0.89	89	11
386	0.89	89	11
387	0.89	89	11
388	0.89	89	11
389	0.89	89	11
390	0.89	89	11
391	0.89	89	11
392	0.89	89	11
393	0.89	89	11
394	0.90	90	10
395	0.89	89	11
396	0.90	90	10
397	0.90	90	10
398	0.90	90	10
399	0.90	90	10
400	0.90	90	10
401	0.90	90	10
402	0.89	89	11
403	0.89	89	11
404	0.88	88	12
405	0.88	88	12
406	0.88	88	12
407	0.89	89	11
408	0.88	88	12
409	0.87	87	13
410	0.87	87	13
411	0.87	87	13
412	0.87	87	13
413	0.87	87	13
414	0.87	87	13
415	0.88	88	12
416	0.88	88	12
417	0.88	88	12
418	0.89	89	11
419	0.88	88	12
420	0.88	88	12
421	0.88	88	12
422	0.88	88	12
423	0.88	88	12
424	0.88	88	12
425	0.88	88	12
426	0.88	88	12
427	0.88	88	12
428	0.88	88	12
429	0.88	88	12
430	0.88	88	12
431	0.88	88	12
432	0.88	88	12
433	0.88	88	12
434	0.88	88	12
435	0.88	88	12
436	0.88	88	12
437	0.88	88	12
438	0.89	89	11
439	0.89	89	11
440	0.89	89	11
441	0.88	88	12
442	0.88	88	12
443	0.88	88	12
444	0.88	88	12
445	0.88	88	12
446	0.88	88	12
447	0.89	89	11
448	0.90	90	10
449	0.90	90	10
450	0.90	90	10
451	0.90	90	10
452	0.89	89	11
453	0.89	89	11
454	0.89	89	11
455	0.89	89	11
456	0.89	89	11
457	0.89	89	11
458	0.89	89	11
459	0.89	89	11
460	0.89	89	11
461	0.89	89	11
462	0.90	90	10
463	0.89	89	11
464	0.89	89	11
465	0.89	89	11
466	0.89	89	11
467	0.89	89	11
468	0.89	89	11
469	0.89	89	11
470	0.89	89	11
471	0.89	89	11
472	0.89	89	11
473	0.89	89	11
474	0.89	89	11
475	0.89	89	11
476	0.89	89	11
477	0.89	89	11
478	0.88	88	12
479	0.88	88	12
480	0.88	88	12
481	0.88	88	12
482	0.88	88	12
483	0.88	88	12
484	0.88	88	12
485	0.88	88	12
486	0.88	88	12
487	0.88	88	12
488	0.88	88	12
489	0.88	88	12
490	0.88	88	12
491	0.88	88	12
492	0.88	88	12
493	0.88	88	12
494	0.88	88	12
495	0.89	89	11
496	0.88	88	12
497	0.88	88	12
498	0.88	88	12
499	0.88	88	12
500	0.88	88	12
501	0.88	88	12
502	0.89	89	11
503	0.89	89	11
504	0.90	90	10
505	0.90	90	10
506	0.90	90	10
507	0.90	90	10
508	0.91	91	9
509	0.91	91	9
510	0.91	91	9
511	0.92	92	8
512	0.92	92	8
513	0.93	93	7
514	0.93	93	7
515	0.93	93	7
516	0.93	93	7
517	0.93	93	7
518	0.93	93	7
519	0.94	94	6
520	0.94	94	6
521	0.94	94	6
522	0.94	94	6
523	0.93	93	7
524	0.92	92	8
525	0.92	92	8
526	0.92	92	8
527	0.91	91	9
528	0.91	91	9
529	0.91	91	9
530	0.91	91	9
531	0.91	91	9
532	0.91	91	9
533	0.91	91	9
534	0.90	90	10
535	0.90	90	10
536	0.90	90	10
537	0.90	90	10
538	0.90	90	10
539	0.90	90	10
540	0.90	90	10
541	0.90	90	10
542	0.90	90	10
543	0.89	89	11
544	0.89	89	11
545	0.89	89	11
546	0.89	89	11
547	0.88	88	12
548	0.88	88	12
549	0.88	88	12
550	0.88	88	12
551	0.88	88	12
552	0.89	89	11
553	0.89	89	11
554	0.89	89	11
555	0.88	88	12
556	0.88	88	12
557	0.88	88	12
558	0.88	88	12
559	0.88	88	12
560	0.88	88	12
561	0.88	88	12
562	0.88	88	12
563	0.89	89	11
564	0.89	89	11
565	0.89	89	11
566	0.89	89	11
567	0.89	89	11
568	0.89	89	11
569	0.88	88	12
570	0.88	88	12
571	0.87	87	13
572	0.87	87	13
573	0.87	87	13
574	0.87	87	13
575	0.87	87	13
576	0.86	86	14
577	0.85	85	15
578	0.86	86	14
579	0.85	85	15
580	0.85	85	15
581	0.85	85	15
582	0.85	85	15
583	0.85	85	15
584	0.85	85	15
585	0.85	85	15
586	0.85	85	15
587	0.85	85	15
588	0.85	85	15
589	0.85	85	15
590	0.85	85	15
591	0.84	84	16
592	0.84	84	16
593	0.84	84	16
594	0.84	84	16
595	0.84	84	16
596	0.85	85	15
597	0.85	85	15
598	0.85	85	15
599	0.85	85	15
600	0.84	84	16
601	0.84	84	16
602	0.84	84	16
603	0.84	84	16
604	0.84	84	16
605	0.83	83	17
606	0.83	83	17
607	0.83	83	17
608	0.83	83	17
609	0.83	83	17
610	0.83	83	17
611	0.83	83	17
612	0.83	83	17
613	0.82	82	18
614	0.82	82	18
615	0.81	81	19
616	0.80	80	20
617	0.79	79	21
618	0.79	79	21
619	0.79	79	21
620	0.79	79	21
621	0.79	79	21
622	0.78	78	22
623	0.79	79	21
624	0.80	80	20
625	0.80	80	20
626	0.80	80	20
627	0.80	80	20
628	0.80	80	20
629	0.80	80	20
630	0.80	80	20
631	0.80	80	20
632	0.80	80	20
633	0.80	80	20
634	0.80	80	20
635	0.80	80	20
636	0.80	80	20
637	0.80	80	20
638	0.80	80	20
639	0.80	80	20
640	0.80	80	20
641	0.81	81	19
642	0.81	81	19
643	0.82	82	18
644	0.82	82	18
645	0.82	82	18
646	0.82	82	18
647	0.83	83	17
648	0.83	83	17
649	0.83	83	17
650	0.83	83	17
651	0.82	82	18
652	0.81	81	19
653	0.81	81	19
654	0.81	81	19
655	0.82	82	18
656	0.82	82	18
657	0.82	82	18
658	0.82	82	18
659	0.82	82	18
660	0.82	82	18
661	0.81	81	19
662	0.80	80	20
663	0.80	80	20
664	0.80	80	20
665	0.79	79	21
666	0.79	79	21
667	0.79	79	21
668	0.79	79	21
669	0.80	80	20
670	0.80	80	20
671	0.81	81	19
672	0.81	81	19
673	0.81	81	19
674	0.81	81	19
675	0.81	81	19
676	0.82	82	18
677	0.83	83	17
678	0.83	83	17
679	0.83	83	17
680	0.83	83	17
681	0.83	83	17
682	0.83	83	17
683	0.83	83	17
684	0.82	82	18
685	0.82	82	18
686	0.82	82	18
687	0.82	82	18
688	0.82	82	18
689	0.81	81	19
690	0.81	81	19
691	0.82	82	18
692	0.82	82	18
693	0.82	82	18
694	0.82	82	18
695	0.82	82	18
696	0.81	81	19
697	0.81	81	19
698	0.81	81	19
699	0.80	80	20
700	0.81	81	19
701	0.81	81	19
702	0.81	81	19
703	0.81	81	19
704	0.80	80	20
705	0.80	80	20
706	0.79	79	21
707	0.78	78	22
708	0.78	78	22
709	0.78	78	22
710	0.78	78	22
711	0.78	78	22
712	0.78	78	22
713	0.79	79	21
714	0.79	79	21
715	0.80	80	20
716	0.80	80	20
717	0.81	81	19
718	0.81	81	19
719	0.81	81	19
720	0.81	81	19
721	0.81	81	19
722	0.81	81	19
723	0.81	81	19
724	0.81	81	19
725	0.81	81	19
726	0.81	81	19
727	0.82	82	18
728	0.81	81	19
729	0.81	81	19
730	0.81	81	19
731	0.81	81	19
732	0.81	81	19
733	0.81	81	19
734	0.82	82	18
735	0.82	82	18
736	0.82	82	18
737	0.82	82	18
738	0.82	82	18
739	0.82	82	18
740	0.82	82	18
741	0.81	81	19
742	0.81	81	19
743	0.81	81	19
744	0.80	80	20
745	0.80	80	20
746	0.80	80	20
747	0.80	80	20
748	0.80	80	20
749	0.80	80	20
750	0.80	80	20
751	0.81	81	19
752	0.82	82	18
753	0.82	82	18
754	0.82	82	18
755	0.82	82	18
756	0.82	82	18
757	0.81	81	19
758	0.81	81	19
759	0.81	81	19
760	0.81	81	19
761	0.82	82	18
762	0.83	83	17
763	0.82	82	18
764	0.82	82	18
765	0.83	83	17
766	0.83	83	17
767	0.82	82	18
768	0.81	81	19
769	0.81	81	19
770	0.80	80	20
771	0.79	79	21
772	0.79	79	21
773	0.78	78	22
774	0.78	78	22
775	0.77	77	23
776	0.77	77	23
777	0.76	76	24
778	0.76	76	24
779	0.77	77	23
780	0.77	77	23
781	0.77	77	23
782	0.77	77	23
783	0.77	77	23
784	0.78	78	22
785	0.78	78	22
786	0.78	78	22
787	0.78	78	22
788	0.78	78	22
789	0.79	79	21
790	0.79	79	21
791	0.79	79	21
792	0.79	79	21
793	0.79	79	21
794	0.79	79	21
795	0.79	79	21
796	0.79	79	21
797	0.79	79	21
798	0.79	79	21
799	0.80	80	20
800	0.80	80	20
801	0.80	80	20
802	0.80	80	20
803	0.80	80	20
804	0.81	81	19
805	0.81	81	19
806	0.82	82	18
807	0.83	83	17
808	0.82	82	18
809	0.83	83	17
810	0.83	83	17
811	0.83	83	17
812	0.83	83	17
813	0.83	83	17
814	0.83	83	17
815	0.83	83	17
816	0.84	84	16
817	0.84	84	16
818	0.83	83	17
819	0.83	83	17
820	0.83	83	17
821	0.83	83	17
822	0.84	84	16
823	0.83	83	17
824	0.83	83	17
825	0.83	83	17
826	0.83	83	17
827	0.83	83	17
828	0.84	84	16
829	0.84	84	16
830	0.84	84	16
831	0.84	84	16
832	0.84	84	16
833	0.84	84	16
834	0.84	84	16
835	0.84	84	16
836	0.84	84	16
837	0.83	83	17
838	0.83	83	17
839	0.83	83	17
840	0.83	83	17
841	0.83	83	17
842	0.83	83	17
843	0.83	83	17
844	0.84	84	16
845	0.84	84	16
846	0.84	84	16
847	0.83	83	17
848	0.83	83	17
849	0.82	82	18
850	0.82	82	18
851	0.82	82	18
852	0.82	82	18
853	0.82	82	18
854	0.82	82	18
855	0.82	82	18
856	0.82	82	18
857	0.83	83	17
858	0.83	83	17
859	0.83	83	17
860	0.83	83	17
861	0.82	82	18
862	0.82	82	18
863	0.83	83	17
864	0.83	83	17
865	0.83	83	17
866	0.83	83	17
867	0.84	84	16
868	0.85	85	15
869	0.85	85	15
870	0.86	86	14
871	0.87	87	13
872	0.87	87	13
873	0.88	88	12
874	0.88	88	12
875	0.88	88	12
876	0.88	88	12
877	0.89	89	11
878	0.89	89	11
879	0.89	89	11
880	0.89	89	11
881	0.89	89	11
882	0.89	89	11
883	0.89	89	11
884	0.89	89	11
885	0.89	89	11
886	0.89	89	11
887	0.89	89	11
888	0.89	89	11
889	0.89	89	11
890	0.89	89	11
891	0.89	89	11
892	0.89	89	11
893	0.89	89	11
894	0.88	88	12
895	0.88	88	12
896	0.89	89	11
897	0.89	89	11
898	0.89	89	11
899	0.88	88	12
900	0.88	88	12
901	0.88	88	12
902	0.88	88	12
903	0.87	87	13
904	0.87	87	13
905	0.88	88	12
906	0.88	88	12
907	0.88	88	12
908	0.89	89	11
909	0.89	89	11
910	0.89	89	11
911	0.88	88	12
912	0.88	88	12
913	0.88	88	12
914	0.88	88	12
915	0.88	88	12
916	0.88	88	12
917	0.88	88	12
918	0.89	89	11
919	0.89	89	11
920	0.89	89	11
921	0.89	89	11
922	0.89	89	11
923	0.90	90	10
924	0.90	90	10
925	0.90	90	10
926	0.90	90	10
927	0.89	89	11
928	0.89	89	11
929	0.89	89	11
930	0.89	89	11
931	0.89	89	11
932	0.88	88	12
933	0.88	88	12
934	0.87	87	13
935	0.87	87	13
936	0.87	87	13
937	0.88	88	12
938	0.88	88	12
939	0.88	88	12
940	0.88	88	12
941	0.89	89	11
942	0.89	89	11
943	0.88	88	12
944	0.88	88	12
945	0.87	87	13
946	0.86	86	14
947	0.87	87	13
948	0.87	87	13
949	0.88	88	12
950	0.88	88	12
951	0.88	88	12
952	0.88	88	12
953	0.88	88	12
954	0.88	88	12
955	0.88	88	12
956	0.88	88	12
957	0.87	87	13
958	0.87	87	13
959	0.87	87	13
960	0.87	87	13
961	0.88	88	12
962	0.88	88	12
963	0.88	88	12
964	0.88	88	12
965	0.88	88	12
966	0.87	87	13
967	0.87	87	13
968	0.87	87	13
969	0.87	87	13
970	0.87	87	13
971	0.86	86	14
972	0.86	86	14
973	0.86	86	14
974	0.86	86	14
975	0.87	87	13
976	0.87	87	13
977	0.87	87	13
978	0.86	86	14
979	0.85	85	15
980	0.85	85	15
981	0.85	85	15
982	0.85	85	15
983	0.85	85	15
984	0.85	85	15
985	0.85	85	15
986	0.85	85	15
987	0.85	85	15
988	0.85	85	15
989	0.84	84	16
990	0.83	83	17
991	0.83	83	17
992	0.83	83	17
993	0.83	83	17
994	0.84	84	16
995	0.84	84	16
996	0.83	83	17
997	0.83	83	17
998	0.83	83	17
999	0.83	83	17
1000	0.17	83	17
1001	0.17	83	17
1002	0.18	82	18
1003	0.18	82	18
1004	0.18	82	18
1005	0.18	82	18
1006	0.18	82	18
1007	0.19	81	19
1008	0.19	81	19
1009	0.19	81	19
1010	0.20	80	20
1011	0.19	81	19
1012	0.19	81	19
1013	0.20	80	20
1014	0.21	79	21
1015	0.21	79	21
1016	0.21	79	21
1017	0.22	78	22
1018	0.23	77	23
1019	0.24	76	24
1020	0.24	76	24
1021	0.25	75	25
1022	0.25	75	25
1023	0.25	75	25
1024	0.25	75	25
1025	0.25	75	25
1026	0.26	74	26
1027	0.26	74	26
1028	0.27	73	27
1029	0.27	73	27
1030	0.27	73	27
1031	0.28	72	28
1032	0.27	73	27
1033	0.28	72	28
1034	0.28	72	28
1035	0.29	71	29
1036	0.29	71	29
1037	0.29	71	29
1038	0.30	70	30
1039	0.31	69	31
1040	0.31	69	31
1041	0.31	69	31
1042	0.32	68	32
1043	0.32	68	32
1044	0.33	67	33
1045	0.33	67	33
1046	0.33	67	33
1047	0.34	66	34
1048	0.34	66	34
1049	0.35	65	35
1050	0.36	64	36
1051	0.36	64	36
1052	0.37	63	37
1053	0.38	62	38
1054	0.39	61	39
1055	0.39	61	39
1056	0.40	60	40
1057	0.40	60	40
1058	0.41	59	41
1059	0.42	58	42
1060	0.42	58	42
1061	0.42	58	42
1062	0.43	57	43
1063	0.43	57	43
1064	0.43	57	43
1065	0.43	57	43
1066	0.42	58	42
1067	0.43	57	43
1068	0.44	56	44
1069	0.45	55	45
1070	0.46	54	46
1071	0.45	55	45
1072	0.46	54	46
1073	0.47	53	47
1074	0.47	53	47
1075	0.48	52	48
1076	0.48	52	48
1077	0.49	51	49
1078	0.49	51	49
1079	0.49	51	49
1080	0.50	50	50
1081	0.50	50	50
1082	0.51	49	51
1083	0.51	49	51
1084	0.52	48	52
1085	0.53	47	53
1086	0.53	47	53
1087	0.53	47	53
1088	0.54	46	54
1089	0.54	46	54
1090	0.54	46	54
1091	0.55	45	55
1092	0.55	45	55
1093	0.56	44	56
1094	0.56	44	56
1095	0.56	44	56
1096	0.56	44	56
1097	0.57	43	57
1098	0.58	42	58
1099	0.57	43	57
1100	0.57	43	57
1101	0.58	42	58
1102	0.58	42	58
1103	0.58	42	58
1104	0.58	42	58
1105	0.59	41	59
1106	0.60	40	60
1107	0.59	41	59
1108	0.60	40	60
1109	0.61	39	61
1110	0.61	39	61
1111	0.61	39	61
1112	0.62	38	62
1113	0.61	39	61
1114	0.61	39	61
1115	0.61	39	61
1116	0.61	39	61
1117	0.61	39	61
1118	0.60	40	60
1119	0.60	40	60
1120	0.61	39	61
1121	0.61	39	61
1122	0.61	39	61
1123	0.62	38	62
1124	0.63	37	63
1125	0.64	36	64
1126	0.64	36	64
1127	0.64	36	64
1128	0.64	36	64
1129	0.64	36	64
1130	0.64	36	64
1131	0.64	36	64
1132	0.65	35	65
1133	0.65	35	65
1134	0.64	36	64
1135	0.64	36	64
1136	0.65	35	65
1137	0.65	35	65
1138	0.65	35	65
1139	0.65	35	65
1140	0.66	34	66
1141	0.67	33	67
1142	0.66	34	66
1143	0.66	34	66
1144	0.66	34	66
1145	0.66	34	66
1146	0.66	34	66
1147	0.66	34	66
1148	0.67	33	67
1149	0.67	33	67
1150	0.67	33	67
1151	0.67	33	67
1152	0.67	33	67
1153	0.67	33	67
1154	0.67	33	67
1155	0.68	32	68
1156	0.68	32	68
1157	0.68	32	68
1158	0.68	32	68
1159	0.68	32	68
1160	0.69	31	69
1161	0.70	30	70
1162	0.70	30	70
1163	0.70	30	70
1164	0.71	29	71
1165	0.72	28	72
1166	0.73	27	73
1167	0.73	27	73
1168	0.73	27	73
1169	0.72	28	72
1170	0.71	29	71
1171	0.72	28	72
1172	0.71	29	71
1173	0.71	29	71
1174	0.72	28	72
1175	0.71	29	71
1176	0.72	28	72
1177	0.72	28	72
1178	0.72	28	72
1179	0.72	28	72
1180	0.72	28	72
1181	0.73	27	73
1182	0.72	28	72
1183	0.73	27	73
1184	0.73	27	73
1185	0.73	27	73
1186	0.74	26	74
1187	0.75	25	75
1188	0.75	25	75
1189	0.75	25	75
1190	0.75	25	75
1191	0.75	25	75
1192	0.76	24	76
1193	0.76	24	76
1194	0.77	23	77
1195	0.78	22	78
1196	0.78	22	78
1197	0.77	23	77
1198	0.76	24	76
1199	0.77	23	77
1200	0.78	22	78
1201	0.77	23	77
1202	0.77	23	77
1203	0.77	23	77
1204	0.78	22	78
1205	0.78	22	78
1206	0.78	22	78
1207	0.79	21	79
1208	0.79	21	79
1209	0.78	22	78
1210	0.78	22	78
1211	0.79	21	79
1212	0.79	21	79
1213	0.80	20	80
1214	0.79	21	79
1215	0.80	20	80
1216	0.81	19	81
1217	0.81	19	81
1218	0.82	18	82
1219	0.82	18	82
1220	0.82	18	82
1221	0.81	19	81
1222	0.81	19	81
1223	0.81	19	81
1224	0.81	19	81
1225	0.81	19	81
1226	0.81	19	81
1227	0.80	20	80
1228	0.79	21	79
1229	0.80	20	80
1230	0.81	19	81
1231	0.81	19	81
1232	0.81	19	81
1233	0.81	19	81
1234	0.82	18	82
1235	0.82	18	82
1236	0.82	18	82
1237	0.83	17	83
1238	0.83	17	83
1239	0.83	17	83
1240	0.82	18	82
1241	0.81	19	81
1242	0.82	18	82
1243	0.82	18	82
1244	0.81	19	81
1245	0.81	19	81
1246	0.81	19	81
1247	0.81	19	81
1248	0.81	19	81
1249	0.81	19	81
1250	0.81	19	81
1251	0.81	19	81
1252	0.81	19	81
1253	0.80	20	80
1254	0.80	20	80
1255	0.80	20	80
1256	0.80	20	80
1257	0.80	20	80
1258	0.80	20	80
1259	0.80	20	80
1260	0.80	20	80
1261	0.80	20	80
1262	0.80	20	80
1263	0.81	19	81
1264	0.81	19	81
1265	0.81	19	81
1266	0.81	19	81
1267	0.81	19	81
1268	0.81	19	81
1269	0.82	18	82
1270	0.83	17	83
1271	0.83	17	83
1272	0.84	16	84
1273	0.84	16	84
1274	0.84	16	84
1275	0.84	16	84
1276	0.84	16	84
1277	0.84	16	84
1278	0.84	16	84
1279	0.84	16	84
1280	0.84	16	84
1281	0.84	16	84
1282	0.85	15	85
1283	0.85	15	85
1284	0.85	15	85
1285	0.85	15	85
1286	0.85	15	85
1287	0.85	15	85
1288	0.85	15	85
1289	0.85	15	85
1290	0.85	15	85
1291	0.85	15	85
1292	0.85	15	85
1293	0.85	15	85
1294	0.85	15	85
1295	0.85	15	85
1296	0.85	15	85
1297	0.86	14	86
1298	0.87	13	87
1299	0.87	13	87
1300	0.87	13	87
1301	0.88	12	88
1302	0.88	12	88
1303	0.87	13	87
1304	0.87	13	87
1305	0.86	14	86
1306	0.86	14	86
1307	0.86	14	86
1308	0.86	14	86
1309	0.87	13	87
1310	0.86	14	86
1311	0.86	14	86
1312	0.86	14	86
1313	0.86	14	86
1314	0.87	13	87
1315	0.87	13	87
1316	0.86	14	86
1317	0.86	14	86
1318	0.86	14	86
1319	0.85	15	85
1320	0.85	15	85
1321	0.86	14	86
1322	0.86	14	86
1323	0.86	14	86
1324	0.86	14	86
1325	0.86	14	86
1326	0.86	14	86
1327	0.87	13	87
1328	0.88	12	88
1329	0.88	12	88
1330	0.87	13	87
1331	0.87	13	87
1332	0.87	13	87
1333	0.87	13	87
1334	0.87	13	87
1335	0.87	13	87
1336	0.86	14	86
1337	0.86	14	86
1338	0.86	14	86
1339	0.86	14	86
1340	0.87	13	87
1341	0.87	13	87
1342	0.87	13	87
1343	0.86	14	86
1344	0.87	13	87
1345	0.87	13	87
1346	0.87	13	87
1347	0.87	13	87
1348	0.87	13	87
1349	0.87	13	87
1350	0.87	13	87
1351	0.88	12	88
1352	0.88	12	88
1353	0.89	11	89
1354	0.89	11	89
1355	0.89	11	89
1356	0.88	12	88
1357	0.87	13	87
1358	0.87	13	87
1359	0.87	13	87
1360	0.86	14	86
1361	0.86	14	86
1362	0.86	14	86
1363	0.85	15	85
1364	0.85	15	85
1365	0.85	15	85
1366	0.85	15	85
1367	0.84	16	84
1368	0.84	16	84
1369	0.84	16	84
1370	0.84	16	84
1371	0.84	16	84
1372	0.84	16	84
1373	0.84	16	84
1374	0.84	16	84
1375	0.84	16	84
1376	0.84	16	84
1377	0.84	16	84
1378	0.84	16	84
1379	0.84	16	84
1380	0.84	16	84
1381	0.84	16	84
1382	0.84	16	84
1383	0.84	16	84
1384	0.83	17	83
1385	0.82	18	82
1386	0.82	18	82
1387	0.82	18	82
1388	0.82	18	82
1389	0.82	18	82
1390	0.81	19	81
1391	0.81	19	81
1392	0.81	19	81
1393	0.80	20	80
1394	0.80	20	80
1395	0.80	20	80
1396	0.80	20	80
1397	0.80	20	80
1398	0.80	20	80
1399	0.80	20	80
1400	0.79	21	79
1401	0.79	21	79
1402	0.79	21	79
1403	0.80	20	80
1404	0.80	20	80
1405	0.81	19	81
1406	0.80	20	80
1407	0.80	20	80
1408	0.80	20	80
1409	0.80	20	80
1410	0.81	19	81
1411	0.81	19	81
1412	0.80	20	80
1413	0.80	20	80
1414	0.80	20	80
1415	0.79	21	79
1416	0.80	20	80
1417	0.80	20	80
1418	0.80	20	80
1419	0.81	19	81
1420	0.81	19	81
1421	0.81	19	81
1422	0.82	18	82
1423	0.82	18	82
1424	0.82	18	82
1425	0.82	18	82
1426	0.82	18	82
1427	0.82	18	82
1428	0.81	19	81
1429	0.81	19	81
1430	0.82	18	82
1431	0.82	18	82
1432	0.82	18	82
1433	0.82	18	82
1434	0.81	19	81
1435	0.81	19	81
1436	0.82	18	82
1437	0.82	18	82
1438	0.82	18	82
1439	0.81	19	81
1440	0.81	19	81
1441	0.82	18	82
1442	0.81	19	81
1443	0.82	18	82
1444	0.82	18	82
1445	0.82	18	82
1446	0.82	18	82
1447	0.82	18	82
1448	0.81	19	81
1449	0.81	19	81
1450	0.80	20	80
1451	0.79	21	79
1452	0.79	21	79
1453	0.79	21	79
1454	0.79	21	79
1455	0.79	21	79
1456	0.80	20	80
1457	0.80	20	80
1458	0.80	20	80
1459	0.80	20	80
1460	0.81	19	81
1461	0.81	19	81
1462	0.81	19	81
1463	0.82	18	82
1464	0.82	18	82
1465	0.82	18	82
1466	0.82	18	82
1467	0.83	17	83
1468	0.83	17	83
1469	0.83	17	83
1470	0.83	17	83
1471	0.83	17	83
1472	0.83	17	83
1473	0.83	17	83
1474	0.83	17	83
1475	0.84	16	84
1476	0.84	16	84
1477	0.84	16	84
1478	0.84	16	84
1479	0.84	16	84
1480	0.84	16	84
1481	0.84	16	84
1482	0.84	16	84
1483	0.84	16	84
1484	0.85	15	85
1485	0.85	15	85
1486	0.85	15	85
1487	0.84	16	84
1488	0.84	16	84
1489	0.84	16	84
1490	0.85	15	85
1491	0.85	15	85
1492	0.85	15	85
1493	0.86	14	86
1494	0.86	14	86
1495	0.86	14	86
1496	0.86	14	86
1497	0.85	15	85
1498	0.85	15	85
1499	0.85	15	85
1500	0.86	14	86
1501	0.86	14	86
1502	0.86	14	86
1503	0.86	14	86
1504	0.86	14	86
1505	0.86	14	86
1506	0.87	13	87
1507	0.87	13	87
1508	0.87	13	87
1509	0.87	13	87
1510	0.87	13	87
1511	0.87	13	87
1512	0.88	12	88
1513	0.88	12	88
1514	0.88	12	88
1515	0.89	11	89
1516	0.89	11	89
1517	0.89	11	89
1518	0.89	11	89
1519	0.89	11	89
1520	0.89	11	89
1521	0.88	12	88
1522	0.88	12	88
1523	0.88	12	88
1524	0.88	12	88
1525	0.88	12	88
1526	0.88	12	88
1527	0.88	12	88
1528	0.89	11	89
1529	0.89	11	89
1530	0.89	11	89
1531	0.88	12	88
1532	0.88	12	88
1533	0.87	13	87
1534	0.88	12	88
1535	0.88	12	88
1536	0.88	12	88
1537	0.88	12	88
1538	0.88	12	88
1539	0.88	12	88
1540	0.88	12	88
1541	0.87	13	87
1542	0.88	12	88
1543	0.88	12	88
1544	0.87	13	87
1545	0.87	13	87
1546	0.87	13	87
1547	0.87	13	87
1548	0.87	13	87
1549	0.87	13	87
1550	0.88	12	88
1551	0.88	12	88
1552	0.88	12	88
1553	0.88	12	88
1554	0.88	12	88
1555	0.88	12	88
1556	0.88	12	88
1557	0.88	12	88
1558	0.88	12	88
1559	0.88	12	88
1560	0.88	12	88
1561	0.88	12	88
1562	0.87	13	87
1563	0.87	13	87
1564	0.86	14	86
1565	0.86	14	86
1566	0.86	14	86
1567	0.86	14	86
1568	0.86	14	86
1569	0.86	14	86
1570	0.86	14	86
1571	0.86	14	86
1572	0.86	14	86
1573	0.86	14	86
1574	0.86	14	86
1575	0.86	14	86
1576	0.86	14	86
1577	0.86	14	86
1578	0.86	14	86
1579	0.86	14	86
1580	0.86	14	86
1581	0.86	14	86
1582	0.86	14	86
1583	0.85	15	85
1584	0.85	15	85
1585	0.86	14	86
1586	0.86	14	86
1587	0.87	13	87
1588	0.87	13	87
1589	0.86	14	86
1590	0.86	14	86
1591	0.86	14	86
1592	0.86	14	86
1593	0.86	14	86
1594	0.86	14	86
1595	0.86	14	86
1596	0.86	14	86
1597	0.87	13	87
1598	0.86	14	86
1599	0.86	14	86
1600	0.85	15	85
1601	0.85	15	85
1602	0.85	15	85
1603	0.85	15	85
1604	0.85	15	85
1605	0.85	15	85
1606	0.85	15	85
1607	0.85	15	85
1608	0.85	15	85
1609	0.85	15	85
1610	0.85	15	85
1611	0.85	15	85
1612	0.85	15	85
1613	0.85	15	85
1614	0.84	16	84
1615	0.84	16	84
1616	0.84	16	84
1617	0.84	16	84
1618	0.84	16	84
1619	0.83	17	83
1620	0.83	17	83
1621	0.84	16	84
1622	0.84	16	84
1623	0.83	17	83
1624	0.83	17	83
1625	0.83	17	83
1626	0.83	17	83
1627	0.83	17	83
1628	0.83	17	83
1629	0.83	17	83
1630	0.83	17	83
1631	0.84	16	84
1632	0.84	16	84
1633	0.85	15	85
1634	0.85	15	85
1635	0.85	15	85
1636	0.85	15	85
1637	0.85	15	85
1638	0.85	15	85
1639	0.86	14	86
1640	0.85	15	85
1641	0.86	14	86
1642	0.85	15	85
1643	0.85	15	85
1644	0.86	14	86
1645	0.86	14	86
1646	0.86	14	86
1647	0.86	14	86
1648	0.87	13	87
1649	0.86	14	86
1650	0.86	14	86
1651	0.87	13	87
1652	0.87	13	87
1653	0.87	13	87
1654	0.87	13	87
1655	0.87	13	87
1656	0.87	13	87
1657	0.88	12	88
1658	0.88	12	88
1659	0.88	12	88
1660	0.88	12	88
1661	0.88	12	88
1662	0.88	12	88
1663	0.88	12	88
1664	0.89	11	89
1665	0.89	11	89
1666	0.89	11	89
1667	0.89	11	89
1668	0.89	11	89
1669	0.89	11	89
1670	0.89	11	89
1671	0.88	12	88
1672	0.88	12	88
1673	0.88	12	88
1674	0.88	12	88
1675	0.87	13	87
1676	0.87	13	87
1677	0.87	13	87
1678	0.87	13	87
1679	0.87	13	87
1680	0.87	13	87
1681	0.87	13	87
1682	0.87	13	87
1683	0.88	12	88
1684	0.88	12	88
1685	0.88	12	88
1686	0.88	12	88
1687	0.88	12	88
1688	0.88	12	88
1689	0.89	11	89
1690	0.89	11	89
1691	0.89	11	89
1692	0.89	11	89
1693	0.89	11	89
1694	0.89	11	89
1695	0.89	11	89
1696	0.89	11	89
1697	0.88	12	88
1698	0.88	12	88
1699	0.88	12	88
1700	0.89	11	89
1701	0.88	12	88
1702	0.88	12	88
1703	0.88	12	88
1704	0.88	12	88
1705	0.88	12	88
1706	0.88	12	88
1707	0.88	12	88
1708	0.88	12	88
1709	0.88	12	88
1710	0.88	12	88
1711	0.88	12	88
1712	0.88	12	88
1713	0.88	12	88
1714	0.89	11	89
1715	0.89	11	89
1716	0.89	11	89
1717	0.88	12	88
1718	0.88	12	88
1719	0.89	11	89
1720	0.89	11	89
1721	0.89	11	89
1722	0.89	11	89
1723	0.90	10	90
1724	0.89	11	89
1725	0.89	11	89
1726	0.89	11	89
1727	0.89	11	89
1728	0.89	11	89
1729	0.89	11	89
1730	0.89	11	89
1731	0.89	11	89
1732	0.89	11	89
1733	0.88	12	88
1734	0.88	12	88
1735	0.88	12	88
1736	0.88	12	88
1737	0.88	12	88
1738	0.88	12	88
1739	0.88	12	88
1740	0.89	11	89
1741	0.89	11	89
1742	0.90	10	90
1743	0.90	10	90
1744	0.90	10	90
1745	0.90	10	90
1746	0.90	10	90
1747	0.89	11	89
1748	0.88	12	88
1749	0.89	11	89
1750	0.89	11	89
1751	0.89	11	89
1752	0.89	11	89
1753	0.89	11	89
1754	0.89	11	89
1755	0.88	12	88
1756	0.88	12	88
1757	0.88	12	88
1758	0.88	12	88
1759	0.88	12	88
1760	0.87	13	87
1761	0.87	13	87
1762	0.88	12	88
1763	0.88	12	88
1764	0.88	12	88
1765	0.88	12	88
1766	0.88	12	88
1767	0.88	12	88
1768	0.88	12	88
1769	0.88	12	88
1770	0.88	12	88
1771	0.89	11	89
1772	0.89	11	89
1773	0.89	11	89
1774	0.89	11	89
1775	0.89	11	89
1776	0.89	11	89
1777	0.89	11	89
1778	0.89	11	89
1779	0.89	11	89
1780	0.89	11	89
1781	0.89	11	89
1782	0.89	11	89
1783	0.89	11	89
1784	0.89	11	89
1785	0.88	12	88
1786	0.88	12	88
1787	0.88	12	88
1788	0.88	12	88
1789	0.87	13	87
1790	0.87	13	87
1791	0.87	13	87
1792	0.86	14	86
1793	0.85	15	85
1794	0.85	15	85
1795	0.85	15	85
1796	0.85	15	85
1797	0.86	14	86
1798	0.87	13	87
1799	0.87	13	87
1800	0.87	13	87
1801	0.88	12	88
1802	0.88	12	88
1803	0.87	13	87
1804	0.87	13	87
1805	0.86	14	86
1806	0.86	14	86
1807	0.86	14	86
1808	0.86	14	86
1809	0.86	14	86
1810	0.86	14	86
1811	0.86	14	86
1812	0.86	14	86
1813	0.85	15	85
1814	0.85	15	85
1815	0.85	15	85
1816	0.85	15	85
1817	0.85	15	85
1818	0.85	15	85
1819	0.85	15	85
1820	0.85	15	85
1821	0.85	15	85
1822	0.85	15	85
1823	0.85	15	85
1824	0.86	14	86
1825	0.86	14	86
1826	0.86	14	86
1827	0.85	15	85
1828	0.85	15	85
1829	0.85	15	85
1830	0.85	15	85
1831	0.85	15	85
1832	0.85	15	85
1833	0.86	14	86
1834	0.86	14	86
1835	0.86	14	86
1836	0.86	14	86
1837	0.86	14	86
1838	0.86	14	86
1839	0.86	14	86
1840	0.86	14	86
1841	0.86	14	86
1842	0.85	15	85
1843	0.85	15	85
1844	0.85	15	85
1845	0.85	15	85
1846	0.85	15	85
1847	0.86	14	86
1848	0.87	13	87
1849	0.87	13	87
1850	0.86	14	86
1851	0.86	14	86
1852	0.86	14	86
1853	0.86	14	86
1854	0.86	14	86
1855	0.87	13	87
1856	0.87	13	87
1857	0.87	13	87
1858	0.87	13	87
1859	0.87	13	87
1860	0.88	12	88
1861	0.88	12	88
1862	0.88	12	88
1863	0.88	12	88
1864	0.88	12	88
1865	0.88	12	88
1866	0.88	12	88
1867	0.88	12	88
1868	0.88	12	88
1869	0.88	12	88
1870	0.88	12	88
1871	0.88	12	88
1872	0.88	12	88
1873	0.88	12	88
1874	0.88	12	88
1875	0.89	11	89
1876	0.89	11	89
1877	0.89	11	89
1878	0.89	11	89
1879	0.89	11	89
1880	0.89	11	89
1881	0.89	11	89
1882	0.89	11	89
1883	0.89	11	89
1884	0.89	11	89
1885	0.90	10	90
1886	0.90	10	90
1887	0.90	10	90
1888	0.90	10	90
1889	0.91	9	91
1890	0.91	9	91
1891	0.90	10	90
1892	0.91	9	91
1893	0.92	8	92
1894	0.92	8	92
1895	0.92	8	92
1896	0.92	8	92
1897	0.92	8	92
1898	0.92	8	92
1899	0.92	8	92
1900	0.92	8	92
1901	0.92	8	92
1902	0.92	8	92
1903	0.93	7	93
1904	0.93	7	93
1905	0.94	6	94
1906	0.94	6	94
1907	0.94	6	94
1908	0.94	6	94
1909	0.94	6	94
1910	0.94	6	94
1911	0.94	6	94
1912	0.93	7	93
1913	0.94	6	94
1914	0.94	6	94
1915	0.94	6	94
1916	0.94	6	94
1917	0.95	5	95
1918	0.95	5	95
1919	0.95	5	95
1920	0.95	5	95
1921	0.95	5	95
1922	0.95	5	95
1923	0.95	5	95
1924	0.95	5	95
1925	0.95	5	95
1926	0.95	5	95
1927	0.96	4	96
1928	0.96	4	96
1929	0.96	4	96
1930	0.96	4	96
1931	0.96	4	96
1932	0.96	4	96
1933	0.96	4	96
1934	0.96	4	96
1935	0.96	4	96
1936	0.96	4	96
1937	0.96	4	96
1938	0.95	5	95
1939	0.95	5	95
1940	0.95	5	95
1941	0.94	6	94
1942	0.95	5	95
1943	0.95	5	95
1944	0.95	5	95
1945	0.95	5	95
1946	0.95	5	95
1947	0.95	5	95
1948	0.94	6	94
1949	0.93	7	93
1950	0.94	6	94
1951	0.94	6	94
1952	0.94	6	94
1953	0.94	6	94
1954	0.94	6	94
1955	0.94	6	94
1956	0.94	6	94
1957	0.94	6	94
1958	0.94	6	94
1959	0.94	6	94
1960	0.94	6	94
1961	0.94	6	94
1962	0.94	6	94
1963	0.94	6	94
1964	0.94	6	94
1965	0.94	6	94
1966	0.94	6	94
1967	0.94	6	94
1968	0.94	6	94
1969	0.94	6	94
1970	0.94	6	94
1971	0.93	7	93
1972	0.93	7	93
1973	0.93	7	93
1974	0.93	7	93
1975	0.93	7	93
1976	0.93	7	93
1977	0.93	7	93
1978	0.93	7	93
1979	0.93	7	93
1980	0.93	7	93
1981	0.93	7	93
1982	0.93	7	93
1983	0.93	7	93
1984	0.93	7	93
1985	0.93	7	93
1986	0.93	7	93
1987	0.93	7	93
1988	0.93	7	93
1989	0.93	7	93
1990	0.93	7	93
1991	0.94	6	94
1992	0.94	6	94
1993	0.94	6	94
1994	0.94	6	94
1995	0.94	6	94
1996	0.94	6	94
1997	0.94	6	94
1998	0.94	6	94
1999	0.94	6	94
2000	0.06	6	94
2001	0.07	7	93
2002	0.08	8	92
2003	0.09	9	91
2004	0.10	10	90
2005	0.11	11	89
2006	0.12	12	88
2007	0.13	13	87
2008	0.13	13	87
2009	0.14	14	86
2010	0.15	15	85
2011	0.16	16	84
2012	0.16	16	84
2013	0.16	16	84
2014	0.17	17	83
2015	0.17	17	83
2016	0.18	18	82
2017	0.18	18	82
2018	0.19	19	81
2019	0.19	19	81
2020	0.20	20	80
2021	0.21	21	79
2022	0.22	22	78
2023	0.23	23	77
2024	0.23	23	77
2025	0.23	23	77
2026	0.24	24	76
2027	0.25	25	75
2028	0.25	25	75
2029	0.26	26	74
2030	0.27	27	73
2031	0.28	28	72
2032	0.28	28	72
2033	0.29	29	71
2034	0.30	30	70
2035	0.30	30	70
2036	0.31	31	69
2037	0.32	32	68
2038	0.32	32	68
2039	0.33	33	67
2040	0.34	34	66
2041	0.34	34	66
2042	0.35	35	65
2043	0.36	36	64
2044	0.37	37	63
2045	0.38	38	62
2046	0.39	39	61
2047	0.40	40	60
2048	0.40	40	60
2049	0.40	40	60
2050	0.41	41	59
2051	0.42	42	58
2052	0.43	43	57
2053	0.44	44	56
2054	0.45	45	55
2055	0.45	45	55
2056	0.46	46	54
2057	0.47	47	53
2058	0.48	48	52
2059	0.48	48	52
2060	0.49	49	51
2061	0.49	49	51
2062	0.50	50	50
2063	0.50	50	50
2064	0.50	50	50
2065	0.51	51	49
2066	0.52	52	48
2067	0.52	52	48
2068	0.53	53	47
2069	0.54	54	46
2070	0.54	54	46
2071	0.53	53	47
2072	0.54	54	46
2073	0.55	55	45
2074	0.56	56	44
2075	0.56	56	44
2076	0.57	57	43
2077	0.58	58	42
2078	0.59	59	41
2079	0.60	60	40
2080	0.61	61	39
2081	0.62	62	38
2082	0.62	62	38
2083	0.62	62	38
2084	0.63	63	37
2085	0.64	64	36
2086	0.64	64	36
2087	0.64	64	36
2088	0.65	65	35
2089	0.65	65	35
2090	0.66	66	34
2091	0.67	67	33
2092	0.68	68	32
2093	0.69	69	31
2094	0.70	70	30
2095	0.71	71	29
2096	0.72	72	28
2097	0.73	73	27
2098	0.74	74	26
2099	0.75	75	25
2100	0.76	76	24
2101	0.76	76	24
2102	0.75	75	25
2103	0.75	75	25
2104	0.74	74	26
2105	0.74	74	26
2106	0.74	74	26
2107	0.74	74	26
2108	0.75	75	25
2109	0.74	74	26
2110	0.74	74	26
2111	0.74	74	26
2112	0.74	74	26
2113	0.75	75	25
2114	0.74	74	26
2115	0.74	74	26
2116	0.74	74	26
2117	0.75	75	25
2118	0.75	75	25
2119	0.75	75	25
2120	0.75	75	25
2121	0.75	75	25
2122	0.75	75	25
2123	0.75	75	25
2124	0.76	76	24
2125	0.77	77	23
2126	0.77	77	23
2127	0.77	77	23
2128	0.78	78	22
2129	0.78	78	22
2130	0.78	78	22
2131	0.77	77	23
2132	0.77	77	23
2133	0.77	77	23
2134	0.76	76	24
2135	0.77	77	23
2136	0.77	77	23
2137	0.77	77	23
2138	0.77	77	23
2139	0.77	77	23
2140	0.77	77	23
2141	0.77	77	23
2142	0.77	77	23
2143	0.77	77	23
2144	0.77	77	23
2145	0.77	77	23
2146	0.76	76	24
2147	0.76	76	24
2148	0.76	76	24
2149	0.76	76	24
2150	0.75	75	25
2151	0.75	75	25
2152	0.75	75	25
2153	0.75	75	25
2154	0.75	75	25
2155	0.76	76	24
2156	0.76	76	24
2157	0.76	76	24
2158	0.76	76	24
2159	0.77	77	23
2160	0.77	77	23
2161	0.78	78	22
2162	0.78	78	22
2163	0.79	79	21
2164	0.79	79	21
2165	0.79	79	21
2166	0.79	79	21
2167	0.79	79	21
2168	0.79	79	21
2169	0.79	79	21
2170	0.80	80	20
2171	0.81	81	19
2172	0.81	81	19
2173	0.80	80	20
2174	0.80	80	20
2175	0.81	81	19
2176	0.81	81	19
2177	0.81	81	19
2178	0.81	81	19
2179	0.81	81	19
2180	0.81	81	19
2181	0.81	81	19
2182	0.82	82	18
2183	0.83	83	17
2184	0.83	83	17
2185	0.83	83	17
2186	0.83	83	17
2187	0.84	84	16
2188	0.84	84	16
2189	0.85	85	15
2190	0.85	85	15
2191	0.85	85	15
2192	0.85	85	15
2193	0.85	85	15
2194	0.85	85	15
2195	0.85	85	15
2196	0.85	85	15
2197	0.85	85	15
2198	0.85	85	15
2199	0.85	85	15
2200	0.84	84	16
2201	0.84	84	16
2202	0.85	85	15
2203	0.85	85	15
2204	0.85	85	15
2205	0.85	85	15
2206	0.85	85	15
2207	0.85	85	15
2208	0.85	85	15
2209	0.86	86	14
2210	0.85	85	15
2211	0.85	85	15
2212	0.85	85	15
2213	0.84	84	16
2214	0.85	85	15
2215	0.86	86	14
2216	0.86	86	14
2217	0.86	86	14
2218	0.86	86	14
2219	0.87	87	13
2220	0.87	87	13
2221	0.87	87	13
2222	0.87	87	13
2223	0.87	87	13
2224	0.87	87	13
2225	0.87	87	13
2226	0.86	86	14
2227	0.86	86	14
2228	0.86	86	14
2229	0.86	86	14
2230	0.85	85	15
2231	0.85	85	15
2232	0.86	86	14
2233	0.86	86	14
2234	0.87	87	13
2235	0.87	87	13
2236	0.87	87	13
2237	0.87	87	13
2238	0.86	86	14
2239	0.86	86	14
2240	0.86	86	14
2241	0.86	86	14
2242	0.86	86	14
2243	0.86	86	14
2244	0.86	86	14
2245	0.86	86	14
2246	0.86	86	14
2247	0.86	86	14
2248	0.86	86	14
2249	0.85	85	15
2250	0.86	86	14
2251	0.85	85	15
2252	0.84	84	16
2253	0.84	84	16
2254	0.84	84	16
2255	0.84	84	16
2256	0.83	83	17
2257	0.83	83	17
2258	0.83	83	17
2259	0.83	83	17
2260	0.83	83	17
2261	0.83	83	17
2262	0.83	83	17
2263	0.83	83	17
2264	0.83	83	17
2265	0.83	83	17
2266	0.83	83	17
2267	0.84	84	16
2268	0.83	83	17
2269	0.83	83	17
2270	0.83	83	17
2271	0.83	83	17
2272	0.83	83	17
2273	0.83	83	17
2274	0.83	83	17
2275	0.83	83	17
2276	0.83	83	17
2277	0.83	83	17
2278	0.83	83	17
2279	0.83	83	17
2280	0.83	83	17
2281	0.83	83	17
2282	0.83	83	17
2283	0.83	83	17
2284	0.83	83	17
2285	0.82	82	18
2286	0.83	83	17
2287	0.83	83	17
2288	0.82	82	18
2289	0.82	82	18
2290	0.82	82	18
2291	0.81	81	19
2292	0.81	81	19
2293	0.81	81	19
2294	0.81	81	19
2295	0.81	81	19
2296	0.81	81	19
2297	0.81	81	19
2298	0.81	81	19
2299	0.80	80	20
2300	0.81	81	19
2301	0.81	81	19
2302	0.81	81	19
2303	0.81	81	19
2304	0.82	82	18
2305	0.82	82	18
2306	0.82	82	18
2307	0.82	82	18
2308	0.82	82	18
2309	0.82	82	18
2310	0.83	83	17
2311	0.83	83	17
2312	0.83	83	17
2313	0.84	84	16
2314	0.84	84	16
2315	0.84	84	16
2316	0.83	83	17
2317	0.83	83	17
2318	0.82	82	18
2319	0.82	82	18
2320	0.82	82	18
2321	0.82	82	18
2322	0.82	82	18
2323	0.82	82	18
2324	0.82	82	18
2325	0.81	81	19
2326	0.82	82	18
2327	0.82	82	18
2328	0.82	82	18
2329	0.82	82	18
2330	0.83	83	17
2331	0.84	84	16
2332	0.84	84	16
2333	0.84	84	16
2334	0.83	83	17
2335	0.83	83	17
2336	0.83	83	17
2337	0.83	83	17
2338	0.84	84	16
2339	0.84	84	16
2340	0.83	83	17
2341	0.83	83	17
2342	0.83	83	17
2343	0.83	83	17
2344	0.83	83	17
2345	0.83	83	17
2346	0.84	84	16
2347	0.84	84	16
2348	0.84	84	16
2349	0.85	85	15
2350	0.84	84	16
2351	0.84	84	16
2352	0.85	85	15
2353	0.85	85	15
2354	0.85	85	15
2355	0.85	85	15
2356	0.86	86	14
2357	0.86	86	14
2358	0.86	86	14
2359	0.86	86	14
2360	0.86	86	14
2361	0.86	86	14
2362	0.86	86	14
2363	0.86	86	14
2364	0.87	87	13
2365	0.87	87	13
2366	0.87	87	13
2367	0.87	87	13
2368	0.88	88	12
2369	0.87	87	13
2370	0.87	87	13
2371	0.87	87	13
2372	0.87	87	13
2373	0.88	88	12
2374	0.88	88	12
2375	0.88	88	12
2376	0.88	88	12
2377	0.88	88	12
2378	0.88	88	12
2379	0.88	88	12
2380	0.87	87	13
2381	0.87	87	13
2382	0.87	87	13
2383	0.87	87	13
2384	0.87	87	13
2385	0.87	87	13
2386	0.87	87	13
2387	0.87	87	13
2388	0.88	88	12
2389	0.88	88	12
2390	0.88	88	12
2391	0.89	89	11
2392	0.88	88	12
2393	0.88	88	12
2394	0.88	88	12
2395	0.88	88	12
2396	0.87	87	13
2397	0.86	86	14
2398	0.86	86	14
2399	0.86	86	14
2400	0.86	86	14
2401	0.86	86	14
2402	0.86	86	14
2403	0.86	86	14
2404	0.85	85	15
2405	0.85	85	15
2406	0.85	85	15
2407	0.84	84	16
2408	0.84	84	16
2409	0.84	84	16
2410	0.84	84	16
2411	0.83	83	17
2412	0.83	83	17
2413	0.83	83	17
2414	0.83	83	17
2415	0.83	83	17
2416	0.84	84	16
2417	0.84	84	16
2418	0.84	84	16
2419	0.84	84	16
2420	0.84	84	16
2421	0.84	84	16
2422	0.84	84	16
2423	0.84	84	16
2424	0.84	84	16
2425	0.85	85	15
2426	0.84	84	16
2427	0.83	83	17
2428	0.83	83	17
2429	0.83	83	17
2430	0.83	83	17
2431	0.83	83	17
2432	0.83	83	17
2433	0.83	83	17
2434	0.84	84	16
2435	0.84	84	16
2436	0.83	83	17
2437	0.83	83	17
2438	0.83	83	17
2439	0.83	83	17
2440	0.84	84	16
2441	0.84	84	16
2442	0.84	84	16
2443	0.84	84	16
2444	0.84	84	16
2445	0.84	84	16
2446	0.84	84	16
2447	0.84	84	16
2448	0.83	83	17
2449	0.83	83	17
2450	0.84	84	16
2451	0.85	85	15
2452	0.85	85	15
2453	0.84	84	16
2454	0.83	83	17
2455	0.83	83	17
2456	0.83	83	17
2457	0.83	83	17
2458	0.83	83	17
2459	0.83	83	17
2460	0.83	83	17
2461	0.83	83	17
2462	0.83	83	17
2463	0.82	82	18
2464	0.82	82	18
2465	0.82	82	18
2466	0.82	82	18
2467	0.82	82	18
2468	0.82	82	18
2469	0.83	83	17
2470	0.82	82	18
2471	0.82	82	18
2472	0.82	82	18
2473	0.82	82	18
2474	0.82	82	18
2475	0.82	82	18
2476	0.82	82	18
2477	0.82	82	18
2478	0.82	82	18
2479	0.82	82	18
2480	0.83	83	17
2481	0.83	83	17
2482	0.82	82	18
2483	0.82	82	18
2484	0.82	82	18
2485	0.83	83	17
2486	0.83	83	17
2487	0.83	83	17
2488	0.83	83	17
2489	0.83	83	17
2490	0.83	83	17
2491	0.83	83	17
2492	0.84	84	16
2493	0.84	84	16
2494	0.83	83	17
2495	0.83	83	17
2496	0.84	84	16
2497	0.85	85	15
2498	0.85	85	15
2499	0.86	86	14
2500	0.86	86	14
2501	0.86	86	14
2502	0.85	85	15
2503	0.84	84	16
2504	0.85	85	15
2505	0.85	85	15
2506	0.84	84	16
2507	0.85	85	15
2508	0.85	85	15
2509	0.85	85	15
2510	0.85	85	15
2511	0.85	85	15
2512	0.85	85	15
2513	0.85	85	15
2514	0.85	85	15
2515	0.84	84	16
2516	0.84	84	16
2517	0.83	83	17
2518	0.84	84	16
2519	0.84	84	16
2520	0.84	84	16
2521	0.83	83	17
2522	0.83	83	17
2523	0.83	83	17
2524	0.83	83	17
2525	0.83	83	17
2526	0.84	84	16
2527	0.85	85	15
2528	0.85	85	15
2529	0.85	85	15
2530	0.85	85	15
2531	0.84	84	16
2532	0.84	84	16
2533	0.83	83	17
2534	0.82	82	18
2535	0.82	82	18
2536	0.83	83	17
2537	0.83	83	17
2538	0.83	83	17
2539	0.83	83	17
2540	0.83	83	17
2541	0.83	83	17
2542	0.82	82	18
2543	0.82	82	18
2544	0.82	82	18
2545	0.81	81	19
2546	0.81	81	19
2547	0.81	81	19
2548	0.82	82	18
2549	0.81	81	19
2550	0.81	81	19
2551	0.81	81	19
2552	0.81	81	19
2553	0.82	82	18
2554	0.83	83	17
2555	0.83	83	17
2556	0.82	82	18
2557	0.82	82	18
2558	0.82	82	18
2559	0.82	82	18
2560	0.82	82	18
2561	0.82	82	18
2562	0.82	82	18
2563	0.83	83	17
2564	0.83	83	17
2565	0.83	83	17
2566	0.83	83	17
2567	0.83	83	17
2568	0.83	83	17
2569	0.83	83	17
2570	0.84	84	16
2571	0.84	84	16
2572	0.84	84	16
2573	0.84	84	16
2574	0.83	83	17
2575	0.83	83	17
2576	0.83	83	17
2577	0.83	83	17
2578	0.83	83	17
2579	0.83	83	17
2580	0.83	83	17
2581	0.83	83	17
2582	0.83	83	17
2583	0.83	83	17
2584	0.83	83	17
2585	0.83	83	17
2586	0.83	83	17
2587	0.82	82	18
2588	0.82	82	18
2589	0.82	82	18
2590	0.82	82	18
2591	0.82	82	18
2592	0.82	82	18
2593	0.82	82	18
2594	0.83	83	17
2595	0.82	82	18
2596	0.81	81	19
2597	0.80	80	20
2598	0.79	79	21
2599	0.79	79	21
2600	0.79	79	21
2601	0.79	79	21
2602	0.80	80	20
2603	0.81	81	19
2604	0.81	81	19
2605	0.81	81	19
2606	0.82	82	18
2607	0.82	82	18
2608	0.82	82	18
2609	0.82	82	18
2610	0.81	81	19
2611	0.82	82	18
2612	0.81	81	19
2613	0.81	81	19
2614	0.80	80	20
2615	0.81	81	19
2616	0.80	80	20
2617	0.81	81	19
2618	0.81	81	19
2619	0.81	81	19
2620	0.81	81	19
2621	0.82	82	18
2622	0.82	82	18
2623	0.82	82	18
2624	0.82	82	18
2625	0.81	81	19
2626	0.80	80	20
2627	0.80	80	20
2628	0.80	80	20
2629	0.79	79	21
2630	0.78	78	22
2631	0.79	79	21
2632	0.79	79	21
2633	0.80	80	20
2634	0.81	81	19
2635	0.81	81	19
2636	0.81	81	19
2637	0.81	81	19
2638	0.81	81	19
2639	0.81	81	19
2640	0.81	81	19
2641	0.81	81	19
2642	0.82	82	18
2643	0.81	81	19
2644	0.81	81	19
2645	0.82	82	18
2646	0.82	82	18
2647	0.82	82	18
2648	0.82	82	18
2649	0.83	83	17
2650	0.82	82	18
2651	0.81	81	19
2652	0.81	81	19
2653	0.81	81	19
2654	0.81	81	19
2655	0.81	81	19
2656	0.82	82	18
2657	0.82	82	18
2658	0.81	81	19
2659	0.81	81	19
2660	0.81	81	19
2661	0.81	81	19
2662	0.81	81	19
2663	0.81	81	19
2664	0.81	81	19
2665	0.81	81	19
2666	0.81	81	19
2667	0.81	81	19
2668	0.81	81	19
2669	0.81	81	19
2670	0.81	81	19
2671	0.81	81	19
2672	0.81	81	19
2673	0.81	81	19
2674	0.82	82	18
2675	0.82	82	18
2676	0.82	82	18
2677	0.81	81	19
2678	0.81	81	19
2679	0.81	81	19
2680	0.81	81	19
2681	0.81	81	19
2682	0.82	82	18
2683	0.82	82	18
2684	0.82	82	18
2685	0.82	82	18
2686	0.82	82	18
2687	0.83	83	17
2688	0.83	83	17
2689	0.83	83	17
2690	0.82	82	18
2691	0.82	82	18
2692	0.82	82	18
2693	0.82	82	18
2694	0.82	82	18
2695	0.83	83	17
2696	0.84	84	16
2697	0.85	85	15
2698	0.86	86	14
2699	0.86	86	14
2700	0.86	86	14
2701	0.86	86	14
2702	0.86	86	14
2703	0.86	86	14
2704	0.86	86	14
2705	0.86	86	14
2706	0.86	86	14
2707	0.86	86	14
2708	0.85	85	15
2709	0.85	85	15
2710	0.85	85	15
2711	0.85	85	15
2712	0.85	85	15
2713	0.85	85	15
2714	0.86	86	14
2715	0.86	86	14
2716	0.87	87	13
2717	0.87	87	13
2718	0.87	87	13
2719	0.87	87	13
2720	0.87	87	13
2721	0.87	87	13
2722	0.87	87	13
2723	0.87	87	13
2724	0.87	87	13
2725	0.88	88	12
2726	0.89	89	11
2727	0.89	89	11
2728	0.89	89	11
2729	0.90	90	10
2730	0.91	91	9
2731	0.91	91	9
2732	0.91	91	9
2733	0.91	91	9
2734	0.91	91	9
2735	0.90	90	10
2736	0.89	89	11
2737	0.89	89	11
2738	0.89	89	11
2739	0.88	88	12
2740	0.88	88	12
2741	0.88	88	12
2742	0.88	88	12
2743	0.88	88	12
2744	0.88	88	12
2745	0.88	88	12
2746	0.88	88	12
2747	0.88	88	12
2748	0.88	88	12
2749	0.88	88	12
2750	0.89	89	11
2751	0.90	90	10
2752	0.89	89	11
2753	0.89	89	11
2754	0.89	89	11
2755	0.89	89	11
2756	0.89	89	11
2757	0.89	89	11
2758	0.90	90	10
2759	0.90	90	10
2760	0.90	90	10
2761	0.90	90	10
2762	0.90	90	10
2763	0.90	90	10
2764	0.90	90	10
2765	0.90	90	10
2766	0.90	90	10
2767	0.90	90	10
2768	0.90	90	10
2769	0.90	90	10
2770	0.90	90	10
2771	0.90	90	10
2772	0.89	89	11
2773	0.89	89	11
2774	0.89	89	11
2775	0.89	89	11
2776	0.89	89	11
2777	0.90	90	10
2778	0.90	90	10
2779	0.90	90	10
2780	0.90	90	10
2781	0.90	90	10
2782	0.90	90	10
2783	0.90	90	10
2784	0.90	90	10
2785	0.89	89	11
2786	0.89	89	11
2787	0.89	89	11
2788	0.89	89	11
2789	0.88	88	12
2790	0.88	88	12
2791	0.88	88	12
2792	0.88	88	12
2793	0.88	88	12
2794	0.88	88	12
2795	0.88	88	12
2796	0.87	87	13
2797	0.87	87	13
2798	0.87	87	13
2799	0.87	87	13
2800	0.87	87	13
2801	0.87	87	13
2802	0.87	87	13
2803	0.87	87	13
2804	0.87	87	13
2805	0.87	87	13
2806	0.87	87	13
2807	0.87	87	13
2808	0.88	88	12
2809	0.88	88	12
2810	0.89	89	11
2811	0.89	89	11
2812	0.90	90	10
2813	0.90	90	10
2814	0.89	89	11
2815	0.88	88	12
2816	0.88	88	12
2817	0.88	88	12
2818	0.88	88	12
2819	0.88	88	12
2820	0.88	88	12
2821	0.87	87	13
2822	0.87	87	13
2823	0.87	87	13
2824	0.87	87	13
2825	0.87	87	13
2826	0.87	87	13
2827	0.87	87	13
2828	0.87	87	13
2829	0.87	87	13
2830	0.87	87	13
2831	0.87	87	13
2832	0.87	87	13
2833	0.86	86	14
2834	0.86	86	14
2835	0.87	87	13
2836	0.88	88	12
2837	0.88	88	12
2838	0.88	88	12
2839	0.89	89	11
2840	0.89	89	11
2841	0.88	88	12
2842	0.88	88	12
2843	0.89	89	11
2844	0.89	89	11
2845	0.89	89	11
2846	0.89	89	11
2847	0.88	88	12
2848	0.88	88	12
2849	0.88	88	12
2850	0.88	88	12
2851	0.88	88	12
2852	0.89	89	11
2853	0.89	89	11
2854	0.89	89	11
2855	0.89	89	11
2856	0.89	89	11
2857	0.89	89	11
2858	0.89	89	11
2859	0.89	89	11
2860	0.89	89	11
2861	0.89	89	11
2862	0.89	89	11
2863	0.89	89	11
2864	0.89	89	11
2865	0.89	89	11
2866	0.89	89	11
2867	0.89	89	11
2868	0.89	89	11
2869	0.89	89	11
2870	0.89	89	11
2871	0.88	88	12
2872	0.89	89	11
2873	0.89	89	11
2874	0.89	89	11
2875	0.89	89	11
2876	0.88	88	12
2877	0.88	88	12
2878	0.88	88	12
2879	0.88	88	12
2880	0.88	88	12
2881	0.88	88	12
2882	0.88	88	12
2883	0.88	88	12
2884	0.88	88	12
2885	0.89	89	11
2886	0.89	89	11
2887	0.88	88	12
2888	0.88	88	12
2889	0.89	89	11
2890	0.90	90	10
2891	0.90	90	10
2892	0.90	90	10
2893	0.90	90	10
2894	0.90	90	10
2895	0.90	90	10
2896	0.91	91	9
2897	0.91	91	9
2898	0.91	91	9
2899	0.91	91	9
2900	0.91	91	9
2901	0.91	91	9
2902	0.91	91	9
2903	0.91	91	9
2904	0.91	91	9
2905	0.91	91	9
2906	0.91	91	9
2907	0.90	90	10
2908	0.90	90	10
2909	0.90	90	10
2910	0.90	90	10
2911	0.90	90	10
2912	0.90	90	10
2913	0.90	90	10
2914	0.91	91	9
2915	0.92	92	8
2916	0.92	92	8
2917	0.92	92	8
2918	0.92	92	8
2919	0.92	92	8
2920	0.92	92	8
2921	0.93	93	7
2922	0.93	93	7
2923	0.93	93	7
2924	0.93	93	7
2925	0.93	93	7
2926	0.93	93	7
2927	0.92	92	8
2928	0.92	92	8
2929	0.92	92	8
2930	0.92	92	8
2931	0.92	92	8
2932	0.92	92	8
2933	0.92	92	8
2934	0.92	92	8
2935	0.91	91	9
2936	0.91	91	9
2937	0.91	91	9
2938	0.91	91	9
2939	0.91	91	9
2940	0.91	91	9
2941	0.92	92	8
2942	0.92	92	8
2943	0.92	92	8
2944	0.92	92	8
2945	0.92	92	8
2946	0.91	91	9
2947	0.92	92	8
2948	0.92	92	8
2949	0.92	92	8
2950	0.91	91	9
2951	0.91	91	9
2952	0.90	90	10
2953	0.90	90	10
2954	0.90	90	10
2955	0.90	90	10
2956	0.90	90	10
2957	0.90	90	10
2958	0.90	90	10
2959	0.90	90	10
2960	0.90	90	10
2961	0.90	90	10
2962	0.90	90	10
2963	0.90	90	10
2964	0.90	90	10
2965	0.90	90	10
2966	0.90	90	10
2967	0.90	90	10
2968	0.90	90	10
2969	0.90	90	10
2970	0.90	90	10
2971	0.91	91	9
2972	0.91	91	9
2973	0.91	91	9
2974	0.91	91	9
2975	0.91	91	9
2976	0.92	92	8
2977	0.92	92	8
2978	0.92	92	8
2979	0.92	92	8
2980	0.92	92	8
2981	0.92	92	8
2982	0.92	92	8
2983	0.92	92	8
2984	0.92	92	8
2985	0.92	92	8
2986	0.92	92	8
2987	0.93	93	7
2988	0.93	93	7
2989	0.93	93	7
2990	0.93	93	7
2991	0.93	93	7
2992	0.93	93	7
2993	0.93	93	7
2994	0.93	93	7
2995	0.93	93	7
2996	0.93	93	7
2997	0.93	93	7
2998	0.93	93	7
2999	0.93	93	7
3000	0.07	93	7
3001	0.08	92	8
3002	0.09	91	9
3003	0.10	90	10
3004	0.10	90	10
3005	0.11	89	11
3006	0.12	88	12
3007	0.11	89	11
3008	0.11	89	11
3009	0.12	88	12
3010	0.12	88	12
3011	0.12	88	12
3012	0.13	87	13
3013	0.14	86	14
3014	0.14	86	14
3015	0.15	85	15
3016	0.15	85	15
3017	0.16	84	16
3018	0.16	84	16
3019	0.16	84	16
3020	0.17	83	17
3021	0.17	83	17
3022	0.18	82	18
3023	0.18	82	18
3024	0.19	81	19
3025	0.19	81	19
3026	0.20	80	20
3027	0.20	80	20
3028	0.21	79	21
3029	0.21	79	21
3030	0.22	78	22
3031	0.23	77	23
3032	0.23	77	23
3033	0.22	78	22
3034	0.23	77	23
3035	0.23	77	23
3036	0.24	76	24
3037	0.25	75	25
3038	0.25	75	25
3039	0.25	75	25
3040	0.26	74	26
3041	0.27	73	27
3042	0.27	73	27
3043	0.27	73	27
3044	0.27	73	27
3045	0.27	73	27
3046	0.27	73	27
3047	0.28	72	28
3048	0.29	71	29
3049	0.29	71	29
3050	0.29	71	29
3051	0.29	71	29
3052	0.29	71	29
3053	0.30	70	30
3054	0.31	69	31
3055	0.31	69	31
3056	0.32	68	32
3057	0.32	68	32
3058	0.32	68	32
3059	0.32	68	32
3060	0.33	67	33
3061	0.33	67	33
3062	0.34	66	34
3063	0.34	66	34
3064	0.34	66	34
3065	0.35	65	35
3066	0.36	64	36
3067	0.37	63	37
3068	0.37	63	37
3069	0.38	62	38
3070	0.39	61	39
3071	0.40	60	40
3072	0.40	60	40
3073	0.41	59	41
3074	0.41	59	41
3075	0.42	58	42
3076	0.42	58	42
3077	0.42	58	42
3078	0.42	58	42
3079	0.42	58	42
3080	0.42	58	42
3081	0.42	58	42
3082	0.43	57	43
3083	0.43	57	43
3084	0.44	56	44
3085	0.45	55	45
3086	0.45	55	45
3087	0.46	54	46
3088	0.47	53	47
3089	0.48	52	48
3090	0.49	51	49
3091	0.50	50	50
3092	0.51	49	51
3093	0.52	48	52
3094	0.53	47	53
3095	0.54	46	54
3096	0.54	46	54
3097	0.55	45	55
3098	0.56	44	56
3099	0.57	43	57
3100	0.57	43	57
3101	0.57	43	57
3102	0.57	43	57
3103	0.56	44	56
3104	0.56	44	56
3105	0.55	45	55
3106	0.55	45	55
3107	0.56	44	56
3108	0.57	43	57
3109	0.56	44	56
3110	0.57	43	57
3111	0.57	43	57
3112	0.57	43	57
3113	0.57	43	57
3114	0.58	42	58
3115	0.57	43	57
3116	0.58	42	58
3117	0.58	42	58
3118	0.59	41	59
3119	0.60	40	60
3120	0.60	40	60
3121	0.60	40	60
3122	0.60	40	60
3123	0.61	39	61
3124	0.61	39	61
3125	0.62	38	62
3126	0.62	38	62
3127	0.62	38	62
3128	0.61	39	61
3129	0.62	38	62
3130	0.62	38	62
3131	0.62	38	62
3132	0.63	37	63
3133	0.64	36	64
3134	0.64	36	64
3135	0.64	36	64
3136	0.64	36	64
3137	0.64	36	64
3138	0.65	35	65
3139	0.66	34	66
3140	0.66	34	66
3141	0.66	34	66
3142	0.67	33	67
3143	0.68	32	68
3144	0.69	31	69
3145	0.70	30	70
3146	0.70	30	70
3147	0.69	31	69
3148	0.69	31	69
3149	0.70	30	70
3150	0.69	31	69
3151	0.70	30	70
3152	0.70	30	70
3153	0.70	30	70
3154	0.70	30	70
3155	0.71	29	71
3156	0.70	30	70
3157	0.71	29	71
3158	0.72	28	72
3159	0.72	28	72
3160	0.71	29	71
3161	0.72	28	72
3162	0.72	28	72
3163	0.73	27	73
3164	0.74	26	74
3165	0.73	27	73
3166	0.73	27	73
3167	0.73	27	73
3168	0.74	26	74
3169	0.74	26	74
3170	0.74	26	74
3171	0.74	26	74
3172	0.75	25	75
3173	0.75	25	75
3174	0.76	24	76
3175	0.76	24	76
3176	0.77	23	77
3177	0.78	22	78
3178	0.78	22	78
3179	0.79	21	79
3180	0.79	21	79
3181	0.80	20	80
3182	0.80	20	80
3183	0.81	19	81
3184	0.81	19	81
3185	0.81	19	81
3186	0.81	19	81
3187	0.81	19	81
3188	0.81	19	81
3189	0.81	19	81
3190	0.80	20	80
3191	0.80	20	80
3192	0.79	21	79
3193	0.79	21	79
3194	0.79	21	79
3195	0.78	22	78
3196	0.79	21	79
3197	0.79	21	79
3198	0.78	22	78
3199	0.77	23	77
3200	0.78	22	78
3201	0.78	22	78
3202	0.77	23	77
3203	0.78	22	78
3204	0.79	21	79
3205	0.80	20	80
3206	0.80	20	80
3207	0.80	20	80
3208	0.80	20	80
3209	0.81	19	81
3210	0.81	19	81
3211	0.82	18	82
3212	0.82	18	82
3213	0.81	19	81
3214	0.81	19	81
3215	0.82	18	82
3216	0.82	18	82
3217	0.82	18	82
3218	0.82	18	82
3219	0.82	18	82
3220	0.81	19	81
3221	0.81	19	81
3222	0.81	19	81
3223	0.81	19	81
3224	0.81	19	81
3225	0.81	19	81
3226	0.81	19	81
3227	0.80	20	80
3228	0.81	19	81
3229	0.81	19	81
3230	0.81	19	81
3231	0.81	19	81
3232	0.81	19	81
3233	0.81	19	81
3234	0.81	19	81
3235	0.81	19	81
3236	0.81	19	81
3237	0.81	19	81
3238	0.81	19	81
3239	0.81	19	81
3240	0.80	20	80
3241	0.80	20	80
3242	0.80	20	80
3243	0.79	21	79
3244	0.79	21	79
3245	0.79	21	79
3246	0.79	21	79
3247	0.80	20	80
3248	0.80	20	80
3249	0.80	20	80
3250	0.81	19	81
3251	0.81	19	81
3252	0.81	19	81
3253	0.81	19	81
3254	0.81	19	81
3255	0.81	19	81
3256	0.82	18	82
3257	0.82	18	82
3258	0.82	18	82
3259	0.83	17	83
3260	0.84	16	84
3261	0.84	16	84
3262	0.84	16	84
3263	0.84	16	84
3264	0.84	16	84
3265	0.85	15	85
3266	0.85	15	85
3267	0.85	15	85
3268	0.85	15	85
3269	0.84	16	84
3270	0.83	17	83
3271	0.83	17	83
3272	0.83	17	83
3273	0.83	17	83
3274	0.83	17	83
3275	0.82	18	82
3276	0.82	18	82
3277	0.82	18	82
3278	0.83	17	83
3279	0.83	17	83
3280	0.84	16	84
3281	0.84	16	84
3282	0.84	16	84
3283	0.84	16	84
3284	0.84	16	84
3285	0.84	16	84
3286	0.85	15	85
3287	0.85	15	85
3288	0.85	15	85
3289	0.84	16	84
3290	0.85	15	85
3291	0.84	16	84
3292	0.85	15	85
3293	0.84	16	84
3294	0.84	16	84
3295	0.85	15	85
3296	0.84	16	84
3297	0.84	16	84
3298	0.85	15	85
3299	0.86	14	86
3300	0.86	14	86
3301	0.86	14	86
3302	0.87	13	87
3303	0.87	13	87
3304	0.87	13	87
3305	0.87	13	87
3306	0.87	13	87
3307	0.87	13	87
3308	0.87	13	87
3309	0.87	13	87
3310	0.86	14	86
3311	0.86	14	86
3312	0.86	14	86
3313	0.87	13	87
3314	0.86	14	86
3315	0.86	14	86
3316	0.86	14	86
3317	0.86	14	86
3318	0.86	14	86
3319	0.86	14	86
3320	0.87	13	87
3321	0.88	12	88
3322	0.88	12	88
3323	0.87	13	87
3324	0.87	13	87
3325	0.87	13	87
3326	0.87	13	87
3327	0.88	12	88
3328	0.88	12	88
3329	0.88	12	88
3330	0.88	12	88
3331	0.87	13	87
3332	0.87	13	87
3333	0.87	13	87
3334	0.87	13	87
3335	0.87	13	87
3336	0.87	13	87
3337	0.87	13	87
3338	0.87	13	87
3339	0.86	14	86
3340	0.87	13	87
3341	0.87	13	87
3342	0.87	13	87
3343	0.88	12	88
3344	0.88	12	88
3345	0.88	12	88
3346	0.88	12	88
3347	0.87	13	87
3348	0.87	13	87
3349	0.87	13	87
3350	0.87	13	87
3351	0.87	13	87
3352	0.87	13	87
3353	0.87	13	87
3354	0.87	13	87
3355	0.87	13	87
3356	0.87	13	87
3357	0.87	13	87
3358	0.87	13	87
3359	0.87	13	87
3360	0.87	13	87
3361	0.87	13	87
3362	0.87	13	87
3363	0.87	13	87
3364	0.87	13	87
3365	0.87	13	87
3366	0.87	13	87
3367	0.87	13	87
3368	0.87	13	87
3369	0.88	12	88
3370	0.89	11	89
3371	0.89	11	89
3372	0.88	12	88
3373	0.88	12	88
3374	0.88	12	88
3375	0.88	12	88
3376	0.87	13	87
3377	0.87	13	87
3378	0.87	13	87
3379	0.87	13	87
3380	0.87	13	87
3381	0.86	14	86
3382	0.86	14	86
3383	0.86	14	86
3384	0.86	14	86
3385	0.86	14	86
3386	0.86	14	86
3387	0.86	14	86
3388	0.86	14	86
3389	0.87	13	87
3390	0.87	13	87
3391	0.87	13	87
3392	0.87	13	87
3393	0.88	12	88
3394	0.88	12	88
3395	0.88	12	88
3396	0.89	11	89
3397	0.89	11	89
3398	0.89	11	89
3399	0.88	12	88
3400	0.87	13	87
3401	0.87	13	87
3402	0.87	13	87
3403	0.87	13	87
3404	0.87	13	87
3405	0.87	13	87
3406	0.87	13	87
3407	0.87	13	87
3408	0.87	13	87
3409	0.86	14	86
3410	0.87	13	87
3411	0.87	13	87
3412	0.86	14	86
3413	0.86	14	86
3414	0.87	13	87
3415	0.87	13	87
3416	0.87	13	87
3417	0.87	13	87
3418	0.87	13	87
3419	0.87	13	87
3420	0.86	14	86
3421	0.86	14	86
3422	0.86	14	86
3423	0.87	13	87
3424	0.87	13	87
3425	0.87	13	87
3426	0.87	13	87
3427	0.87	13	87
3428	0.86	14	86
3429	0.86	14	86
3430	0.86	14	86
3431	0.87	13	87
3432	0.87	13	87
3433	0.86	14	86
3434	0.86	14	86
3435	0.86	14	86
3436	0.85	15	85
3437	0.85	15	85
3438	0.84	16	84
3439	0.85	15	85
3440	0.85	15	85
3441	0.84	16	84
3442	0.83	17	83
3443	0.83	17	83
3444	0.83	17	83
3445	0.83	17	83
3446	0.83	17	83
3447	0.84	16	84
3448	0.84	16	84
3449	0.83	17	83
3450	0.83	17	83
3451	0.83	17	83
3452	0.83	17	83
3453	0.83	17	83
3454	0.83	17	83
3455	0.83	17	83
3456	0.83	17	83
3457	0.83	17	83
3458	0.83	17	83
3459	0.83	17	83
3460	0.82	18	82
3461	0.82	18	82
3462	0.82	18	82
3463	0.82	18	82
3464	0.82	18	82
3465	0.82	18	82
3466	0.82	18	82
3467	0.82	18	82
3468	0.82	18	82
3469	0.81	19	81
3470	0.80	20	80
3471	0.80	20	80
3472	0.81	19	81
3473	0.81	19	81
3474	0.81	19	81
3475	0.82	18	82
3476	0.83	17	83
3477	0.83	17	83
3478	0.83	17	83
3479	0.83	17	83
3480	0.83	17	83
3481	0.84	16	84
3482	0.84	16	84
3483	0.84	16	84
3484	0.84	16	84
3485	0.84	16	84
3486	0.84	16	84
3487	0.83	17	83
3488	0.83	17	83
3489	0.83	17	83
3490	0.83	17	83
3491	0.84	16	84
3492	0.84	16	84
3493	0.84	16	84
3494	0.84	16	84
3495	0.84	16	84
3496	0.84	16	84
3497	0.84	16	84
3498	0.84	16	84
3499	0.85	15	85
3500	0.86	14	86
3501	0.86	14	86
3502	0.86	14	86
3503	0.86	14	86
3504	0.86	14	86
3505	0.86	14	86
3506	0.85	15	85
3507	0.85	15	85
3508	0.84	16	84
3509	0.84	16	84
3510	0.84	16	84
3511	0.84	16	84
3512	0.84	16	84
3513	0.84	16	84
3514	0.84	16	84
3515	0.83	17	83
3516	0.83	17	83
3517	0.83	17	83
3518	0.83	17	83
3519	0.83	17	83
3520	0.84	16	84
3521	0.84	16	84
3522	0.84	16	84
3523	0.84	16	84
3524	0.84	16	84
3525	0.84	16	84
3526	0.84	16	84
3527	0.84	16	84
3528	0.85	15	85
3529	0.85	15	85
3530	0.85	15	85
3531	0.85	15	85
3532	0.85	15	85
3533	0.85	15	85
3534	0.85	15	85
3535	0.85	15	85
3536	0.86	14	86
3537	0.85	15	85
3538	0.86	14	86
3539	0.85	15	85
3540	0.85	15	85
3541	0.86	14	86
3542	0.87	13	87
3543	0.86	14	86
3544	0.86	14	86
3545	0.86	14	86
3546	0.86	14	86
3547	0.86	14	86
3548	0.86	14	86
3549	0.87	13	87
3550	0.87	13	87
3551	0.87	13	87
3552	0.87	13	87
3553	0.86	14	86
3554	0.86	14	86
3555	0.86	14	86
3556	0.86	14	86
3557	0.86	14	86
3558	0.86	14	86
3559	0.86	14	86
3560	0.86	14	86
3561	0.85	15	85
3562	0.85	15	85
3563	0.85	15	85
3564	0.85	15	85
3565	0.85	15	85
3566	0.85	15	85
3567	0.85	15	85
3568	0.84	16	84
3569	0.85	15	85
3570	0.86	14	86
3571	0.85	15	85
3572	0.85	15	85
3573	0.85	15	85
3574	0.85	15	85
3575	0.85	15	85
3576	0.85	15	85
3577	0.85	15	85
3578	0.85	15	85
3579	0.84	16	84
3580	0.84	16	84
3581	0.84	16	84
3582	0.84	16	84
3583	0.84	16	84
3584	0.84	16	84
3585	0.84	16	84
3586	0.83	17	83
3587	0.84	16	84
3588	0.84	16	84
3589	0.84	16	84
3590	0.84	16	84
3591	0.84	16	84
3592	0.84	16	84
3593	0.84	16	84
3594	0.84	16	84
3595	0.84	16	84
3596	0.84	16	84
3597	0.84	16	84
3598	0.84	16	84
3599	0.84	16	84
3600	0.83	17	83
3601	0.82	18	82
3602	0.81	19	81
3603	0.81	19	81
3604	0.81	19	81
3605	0.81	19	81
3606	0.82	18	82
3607	0.82	18	82
3608	0.83	17	83
3609	0.84	16	84
3610	0.84	16	84
3611	0.84	16	84
3612	0.85	15	85
3613	0.85	15	85
3614	0.85	15	85
3615	0.86	14	86
3616	0.86	14	86
3617	0.86	14	86
3618	0.86	14	86
3619	0.86	14	86
3620	0.86	14	86
3621	0.86	14	86
3622	0.86	14	86
3623	0.85	15	85
3624	0.85	15	85
3625	0.85	15	85
3626	0.85	15	85
3627	0.85	15	85
3628	0.85	15	85
3629	0.85	15	85
3630	0.84	16	84
3631	0.84	16	84
3632	0.84	16	84
3633	0.85	15	85
3634	0.85	15	85
3635	0.85	15	85
3636	0.84	16	84
3637	0.85	15	85
3638	0.85	15	85
3639	0.86	14	86
3640	0.85	15	85
3641	0.85	15	85
3642	0.85	15	85
3643	0.86	14	86
3644	0.86	14	86
3645	0.86	14	86
3646	0.86	14	86
3647	0.85	15	85
3648	0.85	15	85
3649	0.85	15	85
3650	0.85	15	85
3651	0.85	15	85
3652	0.85	15	85
3653	0.86	14	86
3654	0.85	15	85
3655	0.85	15	85
3656	0.85	15	85
3657	0.85	15	85
3658	0.85	15	85
3659	0.85	15	85
3660	0.86	14	86
3661	0.87	13	87
3662	0.87	13	87
3663	0.87	13	87
3664	0.87	13	87
3665	0.87	13	87
3666	0.87	13	87
3667	0.87	13	87
3668	0.88	12	88
3669	0.88	12	88
3670	0.88	12	88
3671	0.88	12	88
3672	0.88	12	88
3673	0.88	12	88
3674	0.88	12	88
3675	0.88	12	88
3676	0.88	12	88
3677	0.88	12	88
3678	0.88	12	88
3679	0.89	11	89
3680	0.89	11	89
3681	0.89	11	89
3682	0.89	11	89
3683	0.89	11	89
3684	0.89	11	89
3685	0.89	11	89
3686	0.90	10	90
3687	0.90	10	90
3688	0.90	10	90
3689	0.90	10	90
3690	0.90	10	90
3691	0.89	11	89
3692	0.89	11	89
3693	0.88	12	88
3694	0.88	12	88
3695	0.87	13	87
3696	0.87	13	87
3697	0.86	14	86
3698	0.86	14	86
3699	0.86	14	86
3700	0.87	13	87
3701	0.88	12	88
3702	0.89	11	89
3703	0.88	12	88
3704	0.88	12	88
3705	0.88	12	88
3706	0.88	12	88
3707	0.87	13	87
3708	0.86	14	86
3709	0.86	14	86
3710	0.86	14	86
3711	0.85	15	85
3712	0.84	16	84
3713	0.84	16	84
3714	0.84	16	84
3715	0.84	16	84
3716	0.84	16	84
3717	0.84	16	84
3718	0.84	16	84
3719	0.84	16	84
3720	0.84	16	84
3721	0.84	16	84
3722	0.84	16	84
3723	0.85	15	85
3724	0.85	15	85
3725	0.85	15	85
3726	0.85	15	85
3727	0.85	15	85
3728	0.85	15	85
3729	0.85	15	85
3730	0.86	14	86
3731	0.86	14	86
3732	0.86	14	86
3733	0.86	14	86
3734	0.86	14	86
3735	0.86	14	86
3736	0.87	13	87
3737	0.87	13	87
3738	0.86	14	86
3739	0.86	14	86
3740	0.87	13	87
3741	0.87	13	87
3742	0.87	13	87
3743	0.87	13	87
3744	0.86	14	86
3745	0.86	14	86
3746	0.86	14	86
3747	0.87	13	87
3748	0.86	14	86
3749	0.86	14	86
3750	0.86	14	86
3751	0.86	14	86
3752	0.86	14	86
3753	0.86	14	86
3754	0.87	13	87
3755	0.87	13	87
3756	0.87	13	87
3757	0.87	13	87
3758	0.87	13	87
3759	0.87	13	87
3760	0.87	13	87
3761	0.87	13	87
3762	0.87	13	87
3763	0.87	13	87
3764	0.87	13	87
3765	0.87	13	87
3766	0.87	13	87
3767	0.87	13	87
3768	0.86	14	86
3769	0.86	14	86
3770	0.86	14	86
3771	0.87	13	87
3772	0.87	13	87
3773	0.87	13	87
3774	0.87	13	87
3775	0.87	13	87
3776	0.87	13	87
3777	0.87	13	87
3778	0.87	13	87
3779	0.87	13	87
3780	0.87	13	87
3781	0.87	13	87
3782	0.87	13	87
3783	0.87	13	87
3784	0.87	13	87
3785	0.87	13	87
3786	0.87	13	87
3787	0.86	14	86
3788	0.86	14	86
3789	0.85	15	85
3790	0.85	15	85
3791	0.86	14	86
3792	0.86	14	86
3793	0.87	13	87
3794	0.87	13	87
3795	0.88	12	88
3796	0.88	12	88
3797	0.89	11	89
3798	0.89	11	89
3799	0.89	11	89
3800	0.89	11	89
3801	0.89	11	89
3802	0.89	11	89
3803	0.90	10	90
3804	0.90	10	90
3805	0.90	10	90
3806	0.90	10	90
3807	0.90	10	90
3808	0.90	10	90
3809	0.90	10	90
3810	0.90	10	90
3811	0.91	9	91
3812	0.92	8	92
3813	0.92	8	92
3814	0.92	8	92
3815	0.91	9	91
3816	0.90	10	90
3817	0.90	10	90
3818	0.90	10	90
3819	0.90	10	90
3820	0.90	10	90
3821	0.90	10	90
3822	0.89	11	89
3823	0.89	11	89
3824	0.89	11	89
3825	0.89	11	89
3826	0.89	11	89
3827	0.89	11	89
3828	0.88	12	88
3829	0.88	12	88
3830	0.88	12	88
3831	0.88	12	88
3832	0.88	12	88
3833	0.88	12	88
3834	0.88	12	88
3835	0.88	12	88
3836	0.87	13	87
3837	0.87	13	87
3838	0.88	12	88
3839	0.88	12	88
3840	0.87	13	87
3841	0.87	13	87
3842	0.86	14	86
3843	0.85	15	85
3844	0.85	15	85
3845	0.85	15	85
3846	0.85	15	85
3847	0.85	15	85
3848	0.86	14	86
3849	0.86	14	86
3850	0.85	15	85
3851	0.85	15	85
3852	0.85	15	85
3853	0.85	15	85
3854	0.85	15	85
3855	0.85	15	85
3856	0.85	15	85
3857	0.85	15	85
3858	0.85	15	85
3859	0.85	15	85
3860	0.85	15	85
3861	0.85	15	85
3862	0.85	15	85
3863	0.85	15	85
3864	0.85	15	85
3865	0.85	15	85
3866	0.85	15	85
3867	0.85	15	85
3868	0.86	14	86
3869	0.86	14	86
3870	0.86	14	86
3871	0.86	14	86
3872	0.85	15	85
3873	0.84	16	84
3874	0.83	17	83
3875	0.83	17	83
3876	0.83	17	83
3877	0.82	18	82
3878	0.82	18	82
3879	0.82	18	82
3880	0.82	18	82
3881	0.82	18	82
3882	0.82	18	82
3883	0.82	18	82
3884	0.82	18	82
3885	0.82	18	82
3886	0.82	18	82
3887	0.83	17	83
3888	0.83	17	83
3889	0.84	16	84
3890	0.84	16	84
3891	0.84	16	84
3892	0.84	16	84
3893	0.84	16	84
3894	0.83	17	83
3895	0.83	17	83
3896	0.82	18	82
3897	0.82	18	82
3898	0.82	18	82
3899	0.82	18	82
3900	0.82	18	82
3901	0.82	18	82
3902	0.82	18	82
3903	0.82	18	82
3904	0.81	19	81
3905	0.81	19	81
3906	0.81	19	81
3907	0.82	18	82
3908	0.83	17	83
3909	0.83	17	83
3910	0.83	17	83
3911	0.83	17	83
3912	0.83	17	83
3913	0.83	17	83
3914	0.83	17	83
3915	0.84	16	84
3916	0.85	15	85
3917	0.85	15	85
3918	0.85	15	85
3919	0.85	15	85
3920	0.85	15	85
3921	0.85	15	85
3922	0.86	14	86
3923	0.86	14	86
3924	0.86	14	86
3925	0.86	14	86
3926	0.86	14	86
3927	0.86	14	86
3928	0.87	13	87
3929	0.87	13	87
3930	0.87	13	87
3931	0.87	13	87
3932	0.87	13	87
3933	0.87	13	87
3934	0.87	13	87
3935	0.87	13	87
3936	0.88	12	88
3937	0.88	12	88
3938	0.88	12	88
3939	0.87	13	87
3940	0.88	12	88
3941	0.88	12	88
3942	0.89	11	89
3943	0.90	10	90
3944	0.91	9	91
3945	0.91	9	91
3946	0.91	9	91
3947	0.90	10	90
3948	0.90	10	90
3949	0.90	10	90
3950	0.91	9	91
3951	0.91	9	91
3952	0.91	9	91
3953	0.91	9	91
3954	0.91	9	91
3955	0.91	9	91
3956	0.91	9	91
3957	0.91	9	91
3958	0.91	9	91
3959	0.90	10	90
3960	0.90	10	90
3961	0.89	11	89
3962	0.88	12	88
3963	0.88	12	88
3964	0.88	12	88
3965	0.88	12	88
3966	0.88	12	88
3967	0.88	12	88
3968	0.88	12	88
3969	0.88	12	88
3970	0.88	12	88
3971	0.87	13	87
3972	0.88	12	88
3973	0.89	11	89
3974	0.90	10	90
3975	0.90	10	90
3976	0.89	11	89
3977	0.90	10	90
3978	0.89	11	89
3979	0.89	11	89
3980	0.89	11	89
3981	0.89	11	89
3982	0.88	12	88
3983	0.88	12	88
3984	0.88	12	88
3985	0.88	12	88
3986	0.88	12	88
3987	0.88	12	88
3988	0.88	12	88
3989	0.88	12	88
3990	0.88	12	88
3991	0.88	12	88
3992	0.88	12	88
3993	0.88	12	88
3994	0.89	11	89
3995	0.89	11	89
3996	0.90	10	90
3997	0.90	10	90
3998	0.90	10	90
3999	0.90	10	90
4000	0.11	11	89
4001	0.11	11	89
4002	0.12	12	88
4003	0.13	13	87
4004	0.13	13	87
4005	0.14	14	86
4006	0.14	14	86
4007	0.15	15	85
4008	0.15	15	85
4009	0.15	15	85
4010	0.15	15	85
4011	0.16	16	84
4012	0.16	16	84
4013	0.16	16	84
4014	0.16	16	84
4015	0.17	17	83
4016	0.17	17	83
4017	0.18	18	82
4018	0.19	19	81
4019	0.20	20	80
4020	0.21	21	79
4021	0.22	22	78
4022	0.23	23	77
4023	0.23	23	77
4024	0.24	24	76
4025	0.25	25	75
4026	0.26	26	74
4027	0.26	26	74
4028	0.27	27	73
4029	0.27	27	73
4030	0.28	28	72
4031	0.29	29	71
4032	0.30	30	70
4033	0.31	31	69
4034	0.31	31	69
4035	0.32	32	68
4036	0.33	33	67
4037	0.33	33	67
4038	0.34	34	66
4039	0.33	33	67
4040	0.33	33	67
4041	0.33	33	67
4042	0.34	34	66
4043	0.35	35	65
4044	0.35	35	65
4045	0.36	36	64
4046	0.36	36	64
4047	0.36	36	64
4048	0.36	36	64
4049	0.37	37	63
4050	0.38	38	62
4051	0.39	39	61
4052	0.40	40	60
4053	0.40	40	60
4054	0.41	41	59
4055	0.42	42	58
4056	0.43	43	57
4057	0.44	44	56
4058	0.45	45	55
4059	0.45	45	55
4060	0.46	46	54
4061	0.46	46	54
4062	0.45	45	55
4063	0.46	46	54
4064	0.47	47	53
4065	0.48	48	52
4066	0.48	48	52
4067	0.49	49	51
4068	0.50	50	50
4069	0.51	51	49
4070	0.52	52	48
4071	0.52	52	48
4072	0.53	53	47
4073	0.54	54	46
4074	0.54	54	46
4075	0.55	55	45
4076	0.55	55	45
4077	0.56	56	44
4078	0.56	56	44
4079	0.57	57	43
4080	0.58	58	42
4081	0.59	59	41
4082	0.59	59	41
4083	0.60	60	40
4084	0.61	61	39
4085	0.61	61	39
4086	0.62	62	38
4087	0.63	63	37
4088	0.64	64	36
4089	0.64	64	36
4090	0.65	65	35
4091	0.66	66	34
4092	0.66	66	34
4093	0.67	67	33
4094	0.68	68	32
4095	0.69	69	31
4096	0.70	70	30
4097	0.70	70	30
4098	0.71	71	29
4099	0.72	72	28
4100	0.72	72	28
4101	0.73	73	27
4102	0.73	73	27
4103	0.73	73	27
4104	0.73	73	27
4105	0.73	73	27
4106	0.73	73	27
4107	0.73	73	27
4108	0.74	74	26
4109	0.74	74	26
4110	0.75	75	25
4111	0.75	75	25
4112	0.76	76	24
4113	0.77	77	23
4114	0.78	78	22
4115	0.78	78	22
4116	0.79	79	21
4117	0.79	79	21
4118	0.79	79	21
4119	0.79	79	21
4120	0.79	79	21
4121	0.79	79	21
4122	0.79	79	21
4123	0.80	80	20
4124	0.79	79	21
4125	0.79	79	21
4126	0.79	79	21
4127	0.80	80	20
4128	0.80	80	20
4129	0.81	81	19
4130	0.80	80	20
4131	0.80	80	20
4132	0.80	80	20
4133	0.80	80	20
4134	0.81	81	19
4135	0.81	81	19
4136	0.80	80	20
4137	0.81	81	19
4138	0.81	81	19
4139	0.82	82	18
4140	0.83	83	17
4141	0.84	84	16
4142	0.83	83	17
4143	0.83	83	17
4144	0.84	84	16
4145	0.84	84	16
4146	0.85	85	15
4147	0.85	85	15
4148	0.86	86	14
4149	0.86	86	14
4150	0.86	86	14
4151	0.86	86	14
4152	0.86	86	14
4153	0.87	87	13
4154	0.87	87	13
4155	0.87	87	13
4156	0.87	87	13
4157	0.87	87	13
4158	0.87	87	13
4159	0.87	87	13
4160	0.87	87	13
4161	0.87	87	13
4162	0.87	87	13
4163	0.87	87	13
4164	0.87	87	13
4165	0.87	87	13
4166	0.88	88	12
4167	0.88	88	12
4168	0.88	88	12
4169	0.88	88	12
4170	0.88	88	12
4171	0.88	88	12
4172	0.88	88	12
4173	0.88	88	12
4174	0.89	89	11
4175	0.89	89	11
4176	0.89	89	11
4177	0.89	89	11
4178	0.88	88	12
4179	0.87	87	13
4180	0.87	87	13
4181	0.87	87	13
4182	0.87	87	13
4183	0.87	87	13
4184	0.87	87	13
4185	0.88	88	12
4186	0.88	88	12
4187	0.88	88	12
4188	0.88	88	12
4189	0.89	89	11
4190	0.88	88	12
4191	0.88	88	12
4192	0.89	89	11
4193	0.89	89	11
4194	0.89	89	11
4195	0.89	89	11
4196	0.89	89	11
4197	0.90	90	10
4198	0.89	89	11
4199	0.89	89	11
4200	0.89	89	11
4201	0.89	89	11
4202	0.89	89	11
4203	0.89	89	11
4204	0.88	88	12
4205	0.88	88	12
4206	0.89	89	11
4207	0.88	88	12
4208	0.88	88	12
4209	0.88	88	12
4210	0.88	88	12
4211	0.88	88	12
4212	0.88	88	12
4213	0.87	87	13
4214	0.87	87	13
4215	0.87	87	13
4216	0.86	86	14
4217	0.86	86	14
4218	0.86	86	14
4219	0.86	86	14
4220	0.86	86	14
4221	0.85	85	15
4222	0.85	85	15
4223	0.85	85	15
4224	0.86	86	14
4225	0.85	85	15
4226	0.85	85	15
4227	0.85	85	15
4228	0.85	85	15
4229	0.85	85	15
4230	0.86	86	14
4231	0.86	86	14
4232	0.85	85	15
4233	0.85	85	15
4234	0.84	84	16
4235	0.84	84	16
4236	0.85	85	15
4237	0.85	85	15
4238	0.85	85	15
4239	0.85	85	15
4240	0.85	85	15
4241	0.85	85	15
4242	0.86	86	14
4243	0.86	86	14
4244	0.86	86	14
4245	0.86	86	14
4246	0.86	86	14
4247	0.85	85	15
4248	0.85	85	15
4249	0.85	85	15
4250	0.85	85	15
4251	0.85	85	15
4252	0.85	85	15
4253	0.85	85	15
4254	0.85	85	15
4255	0.85	85	15
4256	0.84	84	16
4257	0.84	84	16
4258	0.84	84	16
4259	0.83	83	17
4260	0.83	83	17
4261	0.83	83	17
4262	0.84	84	16
4263	0.84	84	16
4264	0.84	84	16
4265	0.84	84	16
4266	0.84	84	16
4267	0.84	84	16
4268	0.84	84	16
4269	0.84	84	16
4270	0.84	84	16
4271	0.84	84	16
4272	0.84	84	16
4273	0.84	84	16
4274	0.84	84	16
4275	0.84	84	16
4276	0.84	84	16
4277	0.84	84	16
4278	0.85	85	15
4279	0.86	86	14
4280	0.86	86	14
4281	0.85	85	15
4282	0.85	85	15
4283	0.85	85	15
4284	0.85	85	15
4285	0.85	85	15
4286	0.85	85	15
4287	0.85	85	15
4288	0.84	84	16
4289	0.84	84	16
4290	0.85	85	15
4291	0.85	85	15
4292	0.85	85	15
4293	0.85	85	15
4294	0.85	85	15
4295	0.85	85	15
4296	0.85	85	15
4297	0.85	85	15
4298	0.85	85	15
4299	0.85	85	15
4300	0.85	85	15
4301	0.85	85	15
4302	0.85	85	15
4303	0.85	85	15
4304	0.86	86	14
4305	0.86	86	14
4306	0.86	86	14
4307	0.87	87	13
4308	0.87	87	13
4309	0.88	88	12
4310	0.88	88	12
4311	0.88	88	12
4312	0.88	88	12
4313	0.89	89	11
4314	0.89	89	11
4315	0.88	88	12
4316	0.89	89	11
4317	0.89	89	11
4318	0.89	89	11
4319	0.89	89	11
4320	0.89	89	11
4321	0.90	90	10
4322	0.90	90	10
4323	0.90	90	10
4324	0.89	89	11
4325	0.90	90	10
4326	0.90	90	10
4327	0.90	90	10
4328	0.90	90	10
4329	0.89	89	11
4330	0.89	89	11
4331	0.89	89	11
4332	0.90	90	10
4333	0.90	90	10
4334	0.91	91	9
4335	0.91	91	9
4336	0.91	91	9
4337	0.90	90	10
4338	0.90	90	10
4339	0.89	89	11
4340	0.89	89	11
4341	0.89	89	11
4342	0.88	88	12
4343	0.88	88	12
4344	0.88	88	12
4345	0.88	88	12
4346	0.88	88	12
4347	0.89	89	11
4348	0.89	89	11
4349	0.89	89	11
4350	0.89	89	11
4351	0.89	89	11
4352	0.89	89	11
4353	0.89	89	11
4354	0.89	89	11
4355	0.89	89	11
4356	0.90	90	10
4357	0.90	90	10
4358	0.90	90	10
4359	0.91	91	9
4360	0.91	91	9
4361	0.91	91	9
4362	0.91	91	9
4363	0.91	91	9
4364	0.91	91	9
4365	0.90	90	10
4366	0.90	90	10
4367	0.90	90	10
4368	0.90	90	10
4369	0.90	90	10
4370	0.90	90	10
4371	0.90	90	10
4372	0.90	90	10
4373	0.90	90	10
4374	0.90	90	10
4375	0.90	90	10
4376	0.90	90	10
4377	0.89	89	11
4378	0.88	88	12
4379	0.87	87	13
4380	0.86	86	14
4381	0.87	87	13
4382	0.87	87	13
4383	0.87	87	13
4384	0.87	87	13
4385	0.87	87	13
4386	0.87	87	13
4387	0.87	87	13
4388	0.88	88	12
4389	0.88	88	12
4390	0.88	88	12
4391	0.87	87	13
4392	0.87	87	13
4393	0.87	87	13
4394	0.87	87	13
4395	0.87	87	13
4396	0.87	87	13
4397	0.87	87	13
4398	0.88	88	12
4399	0.88	88	12
4400	0.88	88	12
4401	0.88	88	12
4402	0.88	88	12
4403	0.88	88	12
4404	0.88	88	12
4405	0.88	88	12
4406	0.88	88	12
4407	0.88	88	12
4408	0.88	88	12
4409	0.88	88	12
4410	0.88	88	12
4411	0.88	88	12
4412	0.88	88	12
4413	0.88	88	12
4414	0.88	88	12
4415	0.89	89	11
4416	0.89	89	11
4417	0.89	89	11
4418	0.88	88	12
4419	0.88	88	12
4420	0.88	88	12
4421	0.87	87	13
4422	0.87	87	13
4423	0.87	87	13
4424	0.87	87	13
4425	0.87	87	13
4426	0.87	87	13
4427	0.87	87	13
4428	0.86	86	14
4429	0.87	87	13
4430	0.87	87	13
4431	0.86	86	14
4432	0.86	86	14
4433	0.86	86	14
4434	0.85	85	15
4435	0.85	85	15
4436	0.85	85	15
4437	0.86	86	14
4438	0.85	85	15
4439	0.85	85	15
4440	0.85	85	15
4441	0.84	84	16
4442	0.85	85	15
4443	0.85	85	15
4444	0.85	85	15
4445	0.85	85	15
4446	0.85	85	15
4447	0.85	85	15
4448	0.85	85	15
4449	0.85	85	15
4450	0.85	85	15
4451	0.85	85	15
4452	0.85	85	15
4453	0.85	85	15
4454	0.85	85	15
4455	0.85	85	15
4456	0.85	85	15
4457	0.85	85	15
4458	0.85	85	15
4459	0.84	84	16
4460	0.83	83	17
4461	0.82	82	18
4462	0.82	82	18
4463	0.82	82	18
4464	0.82	82	18
4465	0.83	83	17
4466	0.83	83	17
4467	0.83	83	17
4468	0.83	83	17
4469	0.83	83	17
4470	0.83	83	17
4471	0.83	83	17
4472	0.82	82	18
4473	0.82	82	18
4474	0.82	82	18
4475	0.82	82	18
4476	0.82	82	18
4477	0.83	83	17
4478	0.84	84	16
4479	0.84	84	16
4480	0.85	85	15
4481	0.85	85	15
4482	0.85	85	15
4483	0.85	85	15
4484	0.85	85	15
4485	0.85	85	15
4486	0.85	85	15
4487	0.85	85	15
4488	0.85	85	15
4489	0.85	85	15
4490	0.85	85	15
4491	0.86	86	14
4492	0.86	86	14
4493	0.86	86	14
4494	0.86	86	14
4495	0.86	86	14
4496	0.86	86	14
4497	0.86	86	14
4498	0.86	86	14
4499	0.86	86	14
4500	0.86	86	14
4501	0.86	86	14
4502	0.86	86	14
4503	0.86	86	14
4504	0.86	86	14
4505	0.86	86	14
4506	0.86	86	14
4507	0.85	85	15
4508	0.85	85	15
4509	0.85	85	15
4510	0.85	85	15
4511	0.85	85	15
4512	0.85	85	15
4513	0.85	85	15
4514	0.85	85	15
4515	0.85	85	15
4516	0.85	85	15
4517	0.85	85	15
4518	0.86	86	14
4519	0.85	85	15
4520	0.85	85	15
4521	0.86	86	14
4522	0.86	86	14
4523	0.86	86	14
4524	0.86	86	14
4525	0.86	86	14
4526	0.85	85	15
4527	0.85	85	15
4528	0.86	86	14
4529	0.85	85	15
4530	0.85	85	15
4531	0.86	86	14
4532	0.85	85	15
4533	0.85	85	15
4534	0.86	86	14
4535	0.86	86	14
4536	0.86	86	14
4537	0.86	86	14
4538	0.87	87	13
4539	0.88	88	12
4540	0.88	88	12
4541	0.89	89	11
4542	0.89	89	11
4543	0.89	89	11
4544	0.89	89	11
4545	0.89	89	11
4546	0.89	89	11
4547	0.88	88	12
4548	0.88	88	12
4549	0.88	88	12
4550	0.88	88	12
4551	0.88	88	12
4552	0.88	88	12
4553	0.88	88	12
4554	0.88	88	12
4555	0.88	88	12
4556	0.88	88	12
4557	0.88	88	12
4558	0.88	88	12
4559	0.89	89	11
4560	0.90	90	10
4561	0.91	91	9
4562	0.91	91	9
4563	0.91	91	9
4564	0.91	91	9
4565	0.91	91	9
4566	0.91	91	9
4567	0.91	91	9
4568	0.91	91	9
4569	0.91	91	9
4570	0.91	91	9
4571	0.91	91	9
4572	0.92	92	8
4573	0.92	92	8
4574	0.92	92	8
4575	0.92	92	8
4576	0.92	92	8
4577	0.92	92	8
4578	0.92	92	8
4579	0.93	93	7
4580	0.93	93	7
4581	0.93	93	7
4582	0.93	93	7
4583	0.93	93	7
4584	0.93	93	7
4585	0.93	93	7
4586	0.93	93	7
4587	0.93	93	7
4588	0.93	93	7
4589	0.93	93	7
4590	0.93	93	7
4591	0.93	93	7
4592	0.93	93	7
4593	0.92	92	8
4594	0.92	92	8
4595	0.91	91	9
4596	0.91	91	9
4597	0.91	91	9
4598	0.91	91	9
4599	0.91	91	9
4600	0.91	91	9
4601	0.91	91	9
4602	0.90	90	10
4603	0.90	90	10
4604	0.90	90	10
4605	0.90	90	10
4606	0.90	90	10
4607	0.91	91	9
4608	0.91	91	9
4609	0.91	91	9
4610	0.91	91	9
4611	0.91	91	9
4612	0.91	91	9
4613	0.91	91	9
4614	0.91	91	9
4615	0.91	91	9
4616	0.91	91	9
4617	0.91	91	9
4618	0.91	91	9
4619	0.92	92	8
4620	0.91	91	9
4621	0.91	91	9
4622	0.91	91	9
4623	0.91	91	9
4624	0.92	92	8
4625	0.92	92	8
4626	0.93	93	7
4627	0.93	93	7
4628	0.92	92	8
4629	0.93	93	7
4630	0.93	93	7
4631	0.93	93	7
4632	0.94	94	6
4633	0.94	94	6
4634	0.94	94	6
4635	0.94	94	6
4636	0.94	94	6
4637	0.94	94	6
4638	0.94	94	6
4639	0.94	94	6
4640	0.94	94	6
4641	0.94	94	6
4642	0.94	94	6
4643	0.94	94	6
4644	0.94	94	6
4645	0.94	94	6
4646	0.94	94	6
4647	0.95	95	5
4648	0.95	95	5
4649	0.95	95	5
4650	0.94	94	6
4651	0.94	94	6
4652	0.94	94	6
4653	0.94	94	6
4654	0.94	94	6
4655	0.94	94	6
4656	0.94	94	6
4657	0.93	93	7
4658	0.92	92	8
4659	0.92	92	8
4660	0.92	92	8
4661	0.92	92	8
4662	0.92	92	8
4663	0.92	92	8
4664	0.92	92	8
4665	0.92	92	8
4666	0.92	92	8
4667	0.92	92	8
4668	0.92	92	8
4669	0.92	92	8
4670	0.92	92	8
4671	0.92	92	8
4672	0.92	92	8
4673	0.92	92	8
4674	0.92	92	8
4675	0.92	92	8
4676	0.92	92	8
4677	0.92	92	8
4678	0.92	92	8
4679	0.92	92	8
4680	0.92	92	8
4681	0.92	92	8
4682	0.92	92	8
4683	0.92	92	8
4684	0.92	92	8
4685	0.92	92	8
4686	0.92	92	8
4687	0.92	92	8
4688	0.91	91	9
4689	0.91	91	9
4690	0.91	91	9
4691	0.90	90	10
4692	0.90	90	10
4693	0.91	91	9
4694	0.91	91	9
4695	0.92	92	8
4696	0.92	92	8
4697	0.92	92	8
4698	0.92	92	8
4699	0.92	92	8
4700	0.92	92	8
4701	0.92	92	8
4702	0.93	93	7
4703	0.93	93	7
4704	0.93	93	7
4705	0.93	93	7
4706	0.93	93	7
4707	0.93	93	7
4708	0.93	93	7
4709	0.93	93	7
4710	0.93	93	7
4711	0.93	93	7
4712	0.93	93	7
4713	0.93	93	7
4714	0.93	93	7
4715	0.93	93	7
4716	0.93	93	7
4717	0.93	93	7
4718	0.93	93	7
4719	0.93	93	7
4720	0.94	94	6
4721	0.94	94	6
4722	0.94	94	6
4723	0.94	94	6
4724	0.94	94	6
4725	0.94	94	6
4726	0.94	94	6
4727	0.94	94	6
4728	0.95	95	5
4729	0.95	95	5
4730	0.95	95	5
4731	0.95	95	5
4732	0.95	95	5
4733	0.94	94	6
4734	0.94	94	6
4735	0.94	94	6
4736	0.94	94	6
4737	0.94	94	6
4738	0.94	94	6
4739	0.94	94	6
4740	0.94	94	6
4741	0.94	94	6
4742	0.94	94	6
4743	0.94	94	6
4744	0.94	94	6
4745	0.94	94	6
4746	0.94	94	6
4747	0.94	94	6
4748	0.93	93	7
4749	0.93	93	7
4750	0.94	94	6
4751	0.94	94	6
4752	0.94	94	6
4753	0.94	94	6
4754	0.94	94	6
4755	0.94	94	6
4756	0.94	94	6
4757	0.95	95	5
4758	0.96	96	4
4759	0.96	96	4
4760	0.96	96	4
4761	0.96	96	4
4762	0.96	96	4
4763	0.96	96	4
4764	0.96	96	4
4765	0.96	96	4
4766	0.96	96	4
4767	0.95	95	5
4768	0.95	95	5
4769	0.95	95	5
4770	0.95	95	5
4771	0.95	95	5
4772	0.95	95	5
4773	0.95	95	5
4774	0.95	95	5
4775	0.95	95	5
4776	0.95	95	5
4777	0.95	95	5
4778	0.95	95	5
4779	0.94	94	6
4780	0.94	94	6
4781	0.94	94	6
4782	0.94	94	6
4783	0.93	93	7
4784	0.93	93	7
4785	0.93	93	7
4786	0.92	92	8
4787	0.92	92	8
4788	0.93	93	7
4789	0.93	93	7
4790	0.93	93	7
4791	0.94	94	6
4792	0.94	94	6
4793	0.94	94	6
4794	0.94	94	6
4795	0.93	93	7
4796	0.93	93	7
4797	0.93	93	7
4798	0.93	93	7
4799	0.93	93	7
4800	0.93	93	7
4801	0.93	93	7
4802	0.93	93	7
4803	0.93	93	7
4804	0.93	93	7
4805	0.92	92	8
4806	0.92	92	8
4807	0.92	92	8
4808	0.92	92	8
4809	0.92	92	8
4810	0.92	92	8
4811	0.92	92	8
4812	0.92	92	8
4813	0.92	92	8
4814	0.92	92	8
4815	0.92	92	8
4816	0.92	92	8
4817	0.92	92	8
4818	0.91	91	9
4819	0.91	91	9
4820	0.91	91	9
4821	0.91	91	9
4822	0.91	91	9
4823	0.91	91	9
4824	0.90	90	10
4825	0.90	90	10
4826	0.90	90	10
4827	0.90	90	10
4828	0.90	90	10
4829	0.90	90	10
4830	0.90	90	10
4831	0.90	90	10
4832	0.90	90	10
4833	0.90	90	10
4834	0.90	90	10
4835	0.90	90	10
4836	0.90	90	10
4837	0.90	90	10
4838	0.89	89	11
4839	0.89	89	11
4840	0.89	89	11
4841	0.89	89	11
4842	0.89	89	11
4843	0.89	89	11
4844	0.89	89	11
4845	0.89	89	11
4846	0.89	89	11
4847	0.89	89	11
4848	0.90	90	10
4849	0.90	90	10
4850	0.90	90	10
4851	0.89	89	11
4852	0.88	88	12
4853	0.87	87	13
4854	0.87	87	13
4855	0.86	86	14
4856	0.86	86	14
4857	0.86	86	14
4858	0.85	85	15
4859	0.85	85	15
4860	0.85	85	15
4861	0.85	85	15
4862	0.85	85	15
4863	0.85	85	15
4864	0.85	85	15
4865	0.85	85	15
4866	0.85	85	15
4867	0.86	86	14
4868	0.86	86	14
4869	0.86	86	14
4870	0.86	86	14
4871	0.85	85	15
4872	0.85	85	15
4873	0.85	85	15
4874	0.85	85	15
4875	0.85	85	15
4876	0.85	85	15
4877	0.85	85	15
4878	0.84	84	16
4879	0.85	85	15
4880	0.85	85	15
4881	0.85	85	15
4882	0.85	85	15
4883	0.86	86	14
4884	0.86	86	14
4885	0.86	86	14
4886	0.87	87	13
4887	0.87	87	13
4888	0.87	87	13
4889	0.87	87	13
4890	0.87	87	13
4891	0.87	87	13
4892	0.87	87	13
4893	0.87	87	13
4894	0.87	87	13
4895	0.88	88	12
4896	0.88	88	12
4897	0.88	88	12
4898	0.88	88	12
4899	0.88	88	12
4900	0.88	88	12
4901	0.88	88	12
4902	0.88	88	12
4903	0.88	88	12
4904	0.88	88	12
4905	0.89	89	11
4906	0.89	89	11
4907	0.89	89	11
4908	0.89	89	11
4909	0.88	88	12
4910	0.88	88	12
4911	0.87	87	13
4912	0.87	87	13
4913	0.87	87	13
4914	0.87	87	13
4915	0.87	87	13
4916	0.86	86	14
4917	0.86	86	14
4918	0.87	87	13
4919	0.87	87	13
4920	0.87	87	13
4921	0.87	87	13
4922	0.87	87	13
4923	0.87	87	13
4924	0.88	88	12
4925	0.88	88	12
4926	0.88	88	12
4927	0.88	88	12
4928	0.88	88	12
4929	0.88	88	12
4930	0.88	88	12
4931	0.88	88	12
4932	0.88	88	12
4933	0.89	89	11
4934	0.89	89	11
4935	0.89	89	11
4936	0.89	89	11
4937	0.88	88	12
4938	0.89	89	11
4939	0.89	89	11
4940	0.89	89	11
4941	0.89	89	11
4942	0.89	89	11
4943	0.89	89	11
4944	0.89	89	11
4945	0.89	89	11
4946	0.89	89	11
4947	0.89	89	11
4948	0.88	88	12
4949	0.87	87	13
4950	0.87	87	13
4951	0.88	88	12
4952	0.89	89	11
4953	0.90	90	10
4954	0.90	90	10
4955	0.91	91	9
4956	0.91	91	9
4957	0.91	91	9
4958	0.92	92	8
4959	0.92	92	8
4960	0.92	92	8
4961	0.92	92	8
4962	0.91	91	9
4963	0.91	91	9
4964	0.91	91	9
4965	0.91	91	9
4966	0.90	90	10
4967	0.90	90	10
4968	0.90	90	10
4969	0.90	90	10
4970	0.90	90	10
4971	0.91	91	9
4972	0.91	91	9
4973	0.91	91	9
4974	0.90	90	10
4975	0.90	90	10
4976	0.90	90	10
4977	0.89	89	11
4978	0.90	90	10
4979	0.90	90	10
4980	0.90	90	10
4981	0.90	90	10
4982	0.90	90	10
4983	0.89	89	11
4984	0.89	89	11
4985	0.89	89	11
4986	0.89	89	11
4987	0.89	89	11
4988	0.89	89	11
4989	0.89	89	11
4990	0.89	89	11
4991	0.89	89	11
4992	0.89	89	11
4993	0.89	89	11
4994	0.88	88	12
4995	0.88	88	12
4996	0.88	88	12
4997	0.88	88	12
4998	0.88	88	12
4999	0.87	87	13
5000	0.14	86	14
5001	0.14	86	14
5002	0.15	85	15
5003	0.16	84	16
5004	0.16	84	16
5005	0.17	83	17
5006	0.18	82	18
5007	0.19	81	19
5008	0.20	80	20
5009	0.20	80	20
5010	0.21	79	21
5011	0.20	80	20
5012	0.20	80	20
5013	0.20	80	20
5014	0.20	80	20
5015	0.20	80	20
5016	0.19	81	19
5017	0.19	81	19
5018	0.20	80	20
5019	0.21	79	21
5020	0.21	79	21
5021	0.22	78	22
5022	0.23	77	23
5023	0.24	76	24
5024	0.25	75	25
5025	0.26	74	26
5026	0.27	73	27
5027	0.27	73	27
5028	0.27	73	27
5029	0.27	73	27
5030	0.28	72	28
5031	0.28	72	28
5032	0.29	71	29
5033	0.30	70	30
5034	0.30	70	30
5035	0.30	70	30
5036	0.30	70	30
5037	0.30	70	30
5038	0.31	69	31
5039	0.32	68	32
5040	0.33	67	33
5041	0.33	67	33
5042	0.33	67	33
5043	0.33	67	33
5044	0.33	67	33
5045	0.33	67	33
5046	0.33	67	33
5047	0.34	66	34
5048	0.33	67	33
5049	0.33	67	33
5050	0.33	67	33
5051	0.34	66	34
5052	0.35	65	35
5053	0.36	64	36
5054	0.36	64	36
5055	0.37	63	37
5056	0.38	62	38
5057	0.39	61	39
5058	0.40	60	40
5059	0.40	60	40
5060	0.40	60	40
5061	0.41	59	41
5062	0.40	60	40
5063	0.41	59	41
5064	0.42	58	42
5065	0.43	57	43
5066	0.43	57	43
5067	0.43	57	43
5068	0.44	56	44
5069	0.44	56	44
5070	0.45	55	45
5071	0.46	54	46
5072	0.47	53	47
5073	0.48	52	48
5074	0.48	52	48
5075	0.49	51	49
5076	0.50	50	50
5077	0.49	51	49
5078	0.50	50	50
5079	0.50	50	50
5080	0.51	49	51
5081	0.51	49	51
5082	0.52	48	52
5083	0.52	48	52
5084	0.53	47	53
5085	0.54	46	54
5086	0.55	45	55
5087	0.56	44	56
5088	0.57	43	57
5089	0.58	42	58
5090	0.59	41	59
5091	0.59	41	59
5092	0.60	40	60
5093	0.61	39	61
5094	0.61	39	61
5095	0.62	38	62
5096	0.63	37	63
5097	0.64	36	64
5098	0.65	35	65
5099	0.65	35	65
5100	0.64	36	64
5101	0.65	35	65
5102	0.64	36	64
5103	0.64	36	64
5104	0.64	36	64
5105	0.63	37	63
5106	0.63	37	63
5107	0.63	37	63
5108	0.63	37	63
5109	0.63	37	63
5110	0.62	38	62
5111	0.62	38	62
5112	0.63	37	63
5113	0.64	36	64
5114	0.65	35	65
5115	0.66	34	66
5116	0.67	33	67
5117	0.67	33	67
5118	0.67	33	67
5119	0.67	33	67
5120	0.68	32	68
5121	0.68	32	68
5122	0.68	32	68
5123	0.68	32	68
5124	0.67	33	67
5125	0.67	33	67
5126	0.67	33	67
5127	0.68	32	68
5128	0.69	31	69
5129	0.69	31	69
5130	0.69	31	69
5131	0.69	31	69
5132	0.68	32	68
5133	0.68	32	68
5134	0.69	31	69
5135	0.70	30	70
5136	0.70	30	70
5137	0.70	30	70
5138	0.70	30	70
5139	0.70	30	70
5140	0.70	30	70
5141	0.71	29	71
5142	0.72	28	72
5143	0.72	28	72
5144	0.73	27	73
5145	0.74	26	74
5146	0.75	25	75
5147	0.75	25	75
5148	0.76	24	76
5149	0.76	24	76
5150	0.77	23	77
5151	0.77	23	77
5152	0.77	23	77
5153	0.77	23	77
5154	0.77	23	77
5155	0.77	23	77
5156	0.77	23	77
5157	0.76	24	76
5158	0.76	24	76
5159	0.77	23	77
5160	0.78	22	78
5161	0.78	22	78
5162	0.79	21	79
5163	0.79	21	79
5164	0.79	21	79
5165	0.79	21	79
5166	0.79	21	79
5167	0.80	20	80
5168	0.80	20	80
5169	0.81	19	81
5170	0.81	19	81
5171	0.81	19	81
5172	0.81	19	81
5173	0.81	19	81
5174	0.81	19	81
5175	0.81	19	81
5176	0.80	20	80
5177	0.81	19	81
5178	0.80	20	80
5179	0.81	19	81
5180	0.81	19	81
5181	0.82	18	82
5182	0.82	18	82
5183	0.82	18	82
5184	0.81	19	81
5185	0.81	19	81
5186	0.81	19	81
5187	0.81	19	81
5188	0.81	19	81
5189	0.81	19	81
5190	0.81	19	81
5191	0.82	18	82
5192	0.82	18	82
5193	0.81	19	81
5194	0.81	19	81
5195	0.81	19	81
5196	0.80	20	80
5197	0.80	20	80
5198	0.80	20	80
5199	0.80	20	80
5200	0.81	19	81
5201	0.80	20	80
5202	0.81	19	81
5203	0.81	19	81
5204	0.82	18	82
5205	0.83	17	83
5206	0.82	18	82
5207	0.82	18	82
5208	0.82	18	82
5209	0.82	18	82
5210	0.83	17	83
5211	0.84	16	84
5212	0.84	16	84
5213	0.84	16	84
5214	0.84	16	84
5215	0.84	16	84
5216	0.83	17	83
5217	0.84	16	84
5218	0.84	16	84
5219	0.84	16	84
5220	0.83	17	83
5221	0.83	17	83
5222	0.83	17	83
5223	0.83	17	83
5224	0.84	16	84
5225	0.84	16	84
5226	0.84	16	84
5227	0.84	16	84
5228	0.84	16	84
5229	0.85	15	85
5230	0.84	16	84
5231	0.85	15	85
5232	0.86	14	86
5233	0.86	14	86
5234	0.86	14	86
5235	0.86	14	86
5236	0.87	13	87
5237	0.87	13	87
5238	0.87	13	87
5239	0.87	13	87
5240	0.87	13	87
5241	0.87	13	87
5242	0.87	13	87
5243	0.88	12	88
5244	0.87	13	87
5245	0.87	13	87
5246	0.87	13	87
5247	0.87	13	87
5248	0.87	13	87
5249	0.87	13	87
5250	0.87	13	87
5251	0.87	13	87
5252	0.87	13	87
5253	0.86	14	86
5254	0.87	13	87
5255	0.87	13	87
5256	0.87	13	87
5257	0.88	12	88
5258	0.88	12	88
5259	0.87	13	87
5260	0.87	13	87
5261	0.87	13	87
5262	0.87	13	87
5263	0.87	13	87
5264	0.86	14	86
5265	0.86	14	86
5266	0.86	14	86
5267	0.86	14	86
5268	0.85	15	85
5269	0.84	16	84
5270	0.84	16	84
5271	0.84	16	84
5272	0.84	16	84
5273	0.84	16	84
5274	0.84	16	84
5275	0.84	16	84
5276	0.85	15	85
5277	0.85	15	85
5278	0.85	15	85
5279	0.84	16	84
5280	0.84	16	84
5281	0.84	16	84
5282	0.83	17	83
5283	0.83	17	83
5284	0.84	16	84
5285	0.84	16	84
5286	0.84	16	84
5287	0.84	16	84
5288	0.84	16	84
5289	0.84	16	84
5290	0.84	16	84
5291	0.84	16	84
5292	0.84	16	84
5293	0.85	15	85
5294	0.84	16	84
5295	0.84	16	84
5296	0.85	15	85
5297	0.85	15	85
5298	0.85	15	85
5299	0.85	15	85
5300	0.85	15	85
5301	0.86	14	86
5302	0.85	15	85
5303	0.85	15	85
5304	0.85	15	85
5305	0.85	15	85
5306	0.86	14	86
5307	0.85	15	85
5308	0.84	16	84
5309	0.84	16	84
5310	0.84	16	84
5311	0.84	16	84
5312	0.84	16	84
5313	0.84	16	84
5314	0.83	17	83
5315	0.83	17	83
5316	0.84	16	84
5317	0.84	16	84
5318	0.83	17	83
5319	0.83	17	83
5320	0.83	17	83
5321	0.83	17	83
5322	0.83	17	83
5323	0.83	17	83
5324	0.83	17	83
5325	0.83	17	83
5326	0.83	17	83
5327	0.83	17	83
5328	0.83	17	83
5329	0.83	17	83
5330	0.84	16	84
5331	0.84	16	84
5332	0.84	16	84
5333	0.84	16	84
5334	0.84	16	84
5335	0.84	16	84
5336	0.84	16	84
5337	0.84	16	84
5338	0.84	16	84
5339	0.84	16	84
5340	0.84	16	84
5341	0.84	16	84
5342	0.84	16	84
5343	0.84	16	84
5344	0.85	15	85
5345	0.85	15	85
5346	0.85	15	85
5347	0.85	15	85
5348	0.85	15	85
5349	0.85	15	85
5350	0.85	15	85
5351	0.85	15	85
5352	0.85	15	85
5353	0.86	14	86
5354	0.85	15	85
5355	0.85	15	85
5356	0.85	15	85
5357	0.84	16	84
5358	0.84	16	84
5359	0.85	15	85
5360	0.84	16	84
5361	0.84	16	84
5362	0.84	16	84
5363	0.83	17	83
5364	0.84	16	84
5365	0.84	16	84
5366	0.84	16	84
5367	0.84	16	84
5368	0.85	15	85
5369	0.86	14	86
5370	0.86	14	86
5371	0.86	14	86
5372	0.86	14	86
5373	0.86	14	86
5374	0.86	14	86
5375	0.86	14	86
5376	0.86	14	86
5377	0.86	14	86
5378	0.87	13	87
5379	0.88	12	88
5380	0.87	13	87
5381	0.87	13	87
5382	0.88	12	88
5383	0.88	12	88
5384	0.88	12	88
5385	0.88	12	88
5386	0.88	12	88
5387	0.88	12	88
5388	0.88	12	88
5389	0.88	12	88
5390	0.88	12	88
5391	0.88	12	88
5392	0.88	12	88
5393	0.88	12	88
5394	0.89	11	89
5395	0.89	11	89
5396	0.89	11	89
5397	0.89	11	89
5398	0.89	11	89
5399	0.89	11	89
5400	0.88	12	88
5401	0.88	12	88
5402	0.89	11	89
5403	0.88	12	88
5404	0.88	12	88
5405	0.88	12	88
5406	0.88	12	88
5407	0.89	11	89
5408	0.90	10	90
5409	0.90	10	90
5410	0.90	10	90
5411	0.90	10	90
5412	0.90	10	90
5413	0.90	10	90
5414	0.91	9	91
5415	0.91	9	91
5416	0.91	9	91
5417	0.91	9	91
5418	0.92	8	92
5419	0.92	8	92
5420	0.93	7	93
5421	0.93	7	93
5422	0.93	7	93
5423	0.93	7	93
5424	0.93	7	93
5425	0.92	8	92
5426	0.92	8	92
5427	0.92	8	92
5428	0.92	8	92
5429	0.92	8	92
5430	0.91	9	91
5431	0.91	9	91
5432	0.91	9	91
5433	0.91	9	91
5434	0.91	9	91
5435	0.91	9	91
5436	0.91	9	91
5437	0.91	9	91
5438	0.90	10	90
5439	0.90	10	90
5440	0.90	10	90
5441	0.89	11	89
5442	0.88	12	88
5443	0.88	12	88
5444	0.88	12	88
5445	0.88	12	88
5446	0.88	12	88
5447	0.88	12	88
5448	0.88	12	88
5449	0.88	12	88
5450	0.87	13	87
5451	0.87	13	87
5452	0.86	14	86
5453	0.86	14	86
5454	0.87	13	87
5455	0.87	13	87
5456	0.86	14	86
5457	0.87	13	87
5458	0.87	13	87
5459	0.87	13	87
5460	0.88	12	88
5461	0.88	12	88
5462	0.88	12	88
5463	0.89	11	89
5464	0.89	11	89
5465	0.89	11	89
5466	0.89	11	89
5467	0.89	11	89
5468	0.89	11	89
5469	0.89	11	89
5470	0.89	11	89
5471	0.89	11	89
5472	0.89	11	89
5473	0.89	11	89
5474	0.89	11	89
5475	0.89	11	89
5476	0.89	11	89
5477	0.88	12	88
5478	0.87	13	87
5479	0.87	13	87
5480	0.88	12	88
5481	0.88	12	88
5482	0.88	12	88
5483	0.88	12	88
5484	0.88	12	88
5485	0.88	12	88
5486	0.88	12	88
5487	0.88	12	88
5488	0.88	12	88
5489	0.88	12	88
5490	0.87	13	87
5491	0.87	13	87
5492	0.87	13	87
5493	0.86	14	86
5494	0.86	14	86
5495	0.85	15	85
5496	0.84	16	84
5497	0.84	16	84
5498	0.83	17	83
5499	0.83	17	83
5500	0.84	16	84
5501	0.84	16	84
5502	0.84	16	84
5503	0.85	15	85
5504	0.85	15	85
5505	0.85	15	85
5506	0.85	15	85
5507	0.85	15	85
5508	0.85	15	85
5509	0.85	15	85
5510	0.85	15	85
5511	0.85	15	85
5512	0.85	15	85
5513	0.85	15	85
5514	0.85	15	85
5515	0.85	15	85
5516	0.85	15	85
5517	0.85	15	85
5518	0.85	15	85
5519	0.85	15	85
5520	0.85	15	85
5521	0.85	15	85
5522	0.85	15	85
5523	0.85	15	85
5524	0.84	16	84
5525	0.85	15	85
5526	0.85	15	85
5527	0.85	15	85
5528	0.85	15	85
5529	0.85	15	85
5530	0.86	14	86
5531	0.86	14	86
5532	0.86	14	86
5533	0.85	15	85
5534	0.85	15	85
5535	0.84	16	84
5536	0.84	16	84
5537	0.84	16	84
5538	0.85	15	85
5539	0.85	15	85
5540	0.85	15	85
5541	0.85	15	85
5542	0.86	14	86
5543	0.86	14	86
5544	0.86	14	86
5545	0.86	14	86
5546	0.85	15	85
5547	0.85	15	85
5548	0.84	16	84
5549	0.84	16	84
5550	0.85	15	85
5551	0.85	15	85
5552	0.86	14	86
5553	0.86	14	86
5554	0.86	14	86
5555	0.86	14	86
5556	0.87	13	87
5557	0.87	13	87
5558	0.87	13	87
5559	0.87	13	87
5560	0.87	13	87
5561	0.87	13	87
5562	0.87	13	87
5563	0.87	13	87
5564	0.87	13	87
5565	0.87	13	87
5566	0.86	14	86
5567	0.86	14	86
5568	0.86	14	86
5569	0.86	14	86
5570	0.85	15	85
5571	0.85	15	85
5572	0.85	15	85
5573	0.84	16	84
5574	0.84	16	84
5575	0.84	16	84
5576	0.84	16	84
5577	0.85	15	85
5578	0.86	14	86
5579	0.85	15	85
5580	0.85	15	85
5581	0.85	15	85
5582	0.85	15	85
5583	0.85	15	85
5584	0.85	15	85
5585	0.85	15	85
5586	0.84	16	84
5587	0.84	16	84
5588	0.84	16	84
5589	0.84	16	84
5590	0.85	15	85
5591	0.85	15	85
5592	0.85	15	85
5593	0.85	15	85
5594	0.85	15	85
5595	0.85	15	85
5596	0.86	14	86
5597	0.86	14	86
5598	0.87	13	87
5599	0.86	14	86
5600	0.86	14	86
5601	0.85	15	85
5602	0.85	15	85
5603	0.85	15	85
5604	0.85	15	85
5605	0.85	15	85
5606	0.85	15	85
5607	0.85	15	85
5608	0.84	16	84
5609	0.84	16	84
5610	0.84	16	84
5611	0.84	16	84
5612	0.84	16	84
5613	0.84	16	84
5614	0.84	16	84
5615	0.84	16	84
5616	0.84	16	84
5617	0.84	16	84
5618	0.84	16	84
5619	0.84	16	84
5620	0.84	16	84
5621	0.84	16	84
5622	0.84	16	84
5623	0.84	16	84
5624	0.85	15	85
5625	0.85	15	85
5626	0.85	15	85
5627	0.85	15	85
5628	0.85	15	85
5629	0.85	15	85
5630	0.85	15	85
5631	0.85	15	85
5632	0.85	15	85
5633	0.86	14	86
5634	0.86	14	86
5635	0.87	13	87
5636	0.87	13	87
5637	0.87	13	87
5638	0.87	13	87
5639	0.87	13	87
5640	0.87	13	87
5641	0.88	12	88
5642	0.88	12	88
5643	0.88	12	88
5644	0.88	12	88
5645	0.88	12	88
5646	0.89	11	89
5647	0.89	11	89
5648	0.90	10	90
5649	0.90	10	90
5650	0.89	11	89
5651	0.89	11	89
5652	0.89	11	89
5653	0.88	12	88
5654	0.88	12	88
5655	0.87	13	87
5656	0.87	13	87
5657	0.87	13	87
5658	0.87	13	87
5659	0.87	13	87
5660	0.87	13	87
5661	0.87	13	87
5662	0.87	13	87
5663	0.87	13	87
5664	0.87	13	87
5665	0.87	13	87
5666	0.88	12	88
5667	0.88	12	88
5668	0.88	12	88
5669	0.88	12	88
5670	0.89	11	89
5671	0.89	11	89
5672	0.89	11	89
5673	0.90	10	90
5674	0.90	10	90
5675	0.90	10	90
5676	0.90	10	90
5677	0.90	10	90
5678	0.90	10	90
5679	0.91	9	91
5680	0.91	9	91
5681	0.91	9	91
5682	0.91	9	91
5683	0.91	9	91
5684	0.91	9	91
5685	0.91	9	91
5686	0.92	8	92
5687	0.91	9	91
5688	0.91	9	91
5689	0.91	9	91
5690	0.91	9	91
5691	0.91	9	91
5692	0.91	9	91
5693	0.91	9	91
5694	0.91	9	91
5695	0.92	8	92
5696	0.92	8	92
5697	0.92	8	92
5698	0.92	8	92
5699	0.93	7	93
5700	0.93	7	93
5701	0.94	6	94
5702	0.93	7	93
5703	0.93	7	93
5704	0.92	8	92
5705	0.92	8	92
5706	0.92	8	92
5707	0.92	8	92
5708	0.93	7	93
5709	0.93	7	93
5710	0.93	7	93
5711	0.93	7	93
5712	0.93	7	93
5713	0.92	8	92
5714	0.92	8	92
5715	0.92	8	92
5716	0.91	9	91
5717	0.91	9	91
5718	0.91	9	91
5719	0.91	9	91
5720	0.91	9	91
5721	0.91	9	91
5722	0.91	9	91
5723	0.91	9	91
5724	0.91	9	91
5725	0.91	9	91
5726	0.90	10	90
5727	0.90	10	90
5728	0.90	10	90
5729	0.89	11	89
5730	0.89	11	89
5731	0.89	11	89
5732	0.89	11	89
5733	0.89	11	89
5734	0.89	11	89
5735	0.89	11	89
5736	0.89	11	89
5737	0.89	11	89
5738	0.89	11	89
5739	0.88	12	88
5740	0.88	12	88
5741	0.87	13	87
5742	0.87	13	87
5743	0.86	14	86
5744	0.86	14	86
5745	0.86	14	86
5746	0.86	14	86
5747	0.86	14	86
5748	0.86	14	86
5749	0.86	14	86
5750	0.87	13	87
5751	0.87	13	87
5752	0.87	13	87
5753	0.88	12	88
5754	0.88	12	88
5755	0.89	11	89
5756	0.89	11	89
5757	0.88	12	88
5758	0.88	12	88
5759	0.88	12	88
5760	0.88	12	88
5761	0.88	12	88
5762	0.88	12	88
5763	0.88	12	88
5764	0.88	12	88
5765	0.88	12	88
5766	0.88	12	88
5767	0.88	12	88
5768	0.88	12	88
5769	0.88	12	88
5770	0.88	12	88
5771	0.88	12	88
5772	0.88	12	88
5773	0.88	12	88
5774	0.88	12	88
5775	0.88	12	88
5776	0.88	12	88
5777	0.88	12	88
5778	0.88	12	88
5779	0.88	12	88
5780	0.88	12	88
5781	0.88	12	88
5782	0.88	12	88
5783	0.88	12	88
5784	0.87	13	87
5785	0.87	13	87
5786	0.87	13	87
5787	0.88	12	88
5788	0.88	12	88
5789	0.88	12	88
5790	0.88	12	88
5791	0.88	12	88
5792	0.88	12	88
5793	0.89	11	89
5794	0.89	11	89
5795	0.89	11	89
5796	0.89	11	89
5797	0.89	11	89
5798	0.89	11	89
5799	0.89	11	89
5800	0.89	11	89
5801	0.89	11	89
5802	0.90	10	90
5803	0.90	10	90
5804	0.91	9	91
5805	0.91	9	91
5806	0.91	9	91
5807	0.91	9	91
5808	0.91	9	91
5809	0.91	9	91
5810	0.91	9	91
5811	0.91	9	91
5812	0.91	9	91
5813	0.91	9	91
5814	0.91	9	91
5815	0.90	10	90
5816	0.91	9	91
5817	0.90	10	90
5818	0.90	10	90
5819	0.89	11	89
5820	0.89	11	89
5821	0.89	11	89
5822	0.89	11	89
5823	0.89	11	89
5824	0.89	11	89
5825	0.89	11	89
5826	0.90	10	90
5827	0.90	10	90
5828	0.90	10	90
5829	0.91	9	91
5830	0.91	9	91
5831	0.91	9	91
5832	0.91	9	91
5833	0.90	10	90
5834	0.90	10	90
5835	0.90	10	90
5836	0.90	10	90
5837	0.90	10	90
5838	0.90	10	90
5839	0.91	9	91
5840	0.90	10	90
5841	0.91	9	91
5842	0.90	10	90
5843	0.91	9	91
5844	0.91	9	91
5845	0.90	10	90
5846	0.90	10	90
5847	0.90	10	90
5848	0.90	10	90
5849	0.90	10	90
5850	0.90	10	90
5851	0.89	11	89
5852	0.89	11	89
5853	0.89	11	89
5854	0.89	11	89
5855	0.89	11	89
5856	0.89	11	89
5857	0.90	10	90
5858	0.90	10	90
5859	0.90	10	90
5860	0.90	10	90
5861	0.90	10	90
5862	0.90	10	90
5863	0.90	10	90
5864	0.90	10	90
5865	0.90	10	90
5866	0.90	10	90
5867	0.90	10	90
5868	0.90	10	90
5869	0.90	10	90
5870	0.90	10	90
5871	0.90	10	90
5872	0.90	10	90
5873	0.90	10	90
5874	0.90	10	90
5875	0.90	10	90
5876	0.90	10	90
5877	0.90	10	90
5878	0.90	10	90
5879	0.90	10	90
5880	0.90	10	90
5881	0.90	10	90
5882	0.90	10	90
5883	0.90	10	90
5884	0.91	9	91
5885	0.91	9	91
5886	0.91	9	91
5887	0.91	9	91
5888	0.91	9	91
5889	0.91	9	91
5890	0.91	9	91
5891	0.91	9	91
5892	0.91	9	91
5893	0.91	9	91
5894	0.91	9	91
5895	0.91	9	91
5896	0.91	9	91
5897	0.91	9	91
5898	0.91	9	91
5899	0.91	9	91
5900	0.91	9	91
5901	0.91	9	91
5902	0.91	9	91
5903	0.91	9	91
5904	0.91	9	91
5905	0.91	9	91
5906	0.91	9	91
5907	0.91	9	91
5908	0.91	9	91
5909	0.90	10	90
5910	0.90	10	90
5911	0.90	10	90
5912	0.90	10	90
5913	0.90	10	90
5914	0.90	10	90
5915	0.91	9	91
5916	0.91	9	91
5917	0.92	8	92
5918	0.92	8	92
5919	0.93	7	93
5920	0.93	7	93
5921	0.93	7	93
5922	0.93	7	93
5923	0.93	7	93
5924	0.93	7	93
5925	0.92	8	92
5926	0.92	8	92
5927	0.91	9	91
5928	0.91	9	91
5929	0.91	9	91
5930	0.90	10	90
5931	0.90	10	90
5932	0.90	10	90
5933	0.91	9	91
5934	0.91	9	91
5935	0.91	9	91
5936	0.91	9	91
5937	0.91	9	91
5938	0.91	9	91
5939	0.91	9	91
5940	0.92	8	92
5941	0.92	8	92
5942	0.93	7	93
5943	0.93	7	93
5944	0.93	7	93
5945	0.94	6	94
5946	0.94	6	94
5947	0.94	6	94
5948	0.94	6	94
5949	0.94	6	94
5950	0.94	6	94
5951	0.95	5	95
5952	0.95	5	95
5953	0.95	5	95
5954	0.95	5	95
5955	0.95	5	95
5956	0.95	5	95
5957	0.95	5	95
5958	0.95	5	95
5959	0.95	5	95
5960	0.95	5	95
5961	0.95	5	95
5962	0.95	5	95
5963	0.94	6	94
5964	0.94	6	94
5965	0.94	6	94
5966	0.94	6	94
5967	0.94	6	94
5968	0.94	6	94
5969	0.94	6	94
5970	0.94	6	94
5971	0.94	6	94
5972	0.94	6	94
5973	0.94	6	94
5974	0.94	6	94
5975	0.94	6	94
5976	0.94	6	94
5977	0.94	6	94
5978	0.93	7	93
5979	0.93	7	93
5980	0.92	8	92
5981	0.92	8	92
5982	0.92	8	92
5983	0.92	8	92
5984	0.92	8	92
5985	0.92	8	92
5986	0.92	8	92
5987	0.91	9	91
5988	0.90	10	90
5989	0.90	10	90
5990	0.89	11	89
5991	0.89	11	89
5992	0.89	11	89
5993	0.89	11	89
5994	0.89	11	89
5995	0.88	12	88
5996	0.88	12	88
5997	0.88	12	88
5998	0.88	12	88
5999	0.88	12	88
