timestep	swarm_quality	color_0	color_1
0	0.70	70	30
1	0.69	69	31
2	0.69	69	31
3	0.68	68	32
4	0.68	68	32
5	0.68	68	32
6	0.68	68	32
7	0.68	68	32
8	0.67	67	33
9	0.67	67	33
10	0.67	67	33
11	0.66	66	34
12	0.66	66	34
13	0.66	66	34
14	0.65	65	35
15	0.65	65	35
16	0.65	65	35
17	0.64	64	36
18	0.64	64	36
19	0.64	64	36
20	0.64	64	36
21	0.64	64	36
22	0.64	64	36
23	0.64	64	36
24	0.64	64	36
25	0.64	64	36
26	0.64	64	36
27	0.63	63	37
28	0.63	63	37
29	0.63	63	37
30	0.62	62	38
31	0.62	62	38
32	0.62	62	38
33	0.62	62	38
34	0.62	62	38
35	0.62	62	38
36	0.62	62	38
37	0.62	62	38
38	0.62	62	38
39	0.62	62	38
40	0.62	62	38
41	0.61	61	39
42	0.61	61	39
43	0.61	61	39
44	0.61	61	39
45	0.60	60	40
46	0.59	59	41
47	0.59	59	41
48	0.59	59	41
49	0.59	59	41
50	0.59	59	41
51	0.59	59	41
52	0.58	58	42
53	0.58	58	42
54	0.57	57	43
55	0.57	57	43
56	0.57	57	43
57	0.57	57	43
58	0.57	57	43
59	0.57	57	43
60	0.56	56	44
61	0.56	56	44
62	0.55	55	45
63	0.55	55	45
64	0.55	55	45
65	0.55	55	45
66	0.55	55	45
67	0.55	55	45
68	0.55	55	45
69	0.55	55	45
70	0.56	56	44
71	0.57	57	43
72	0.58	58	42
73	0.58	58	42
74	0.59	59	41
75	0.60	60	40
76	0.60	60	40
77	0.60	60	40
78	0.61	61	39
79	0.62	62	38
80	0.63	63	37
81	0.64	64	36
82	0.64	64	36
83	0.65	65	35
84	0.66	66	34
85	0.67	67	33
86	0.68	68	32
87	0.68	68	32
88	0.69	69	31
89	0.70	70	30
90	0.70	70	30
91	0.71	71	29
92	0.71	71	29
93	0.72	72	28
94	0.73	73	27
95	0.73	73	27
96	0.74	74	26
97	0.75	75	25
98	0.76	76	24
99	0.77	77	23
100	0.77	77	23
101	0.78	78	22
102	0.78	78	22
103	0.78	78	22
104	0.78	78	22
105	0.78	78	22
106	0.78	78	22
107	0.78	78	22
108	0.79	79	21
109	0.79	79	21
110	0.79	79	21
111	0.80	80	20
112	0.80	80	20
113	0.80	80	20
114	0.81	81	19
115	0.81	81	19
116	0.81	81	19
117	0.82	82	18
118	0.82	82	18
119	0.81	81	19
120	0.81	81	19
121	0.80	80	20
122	0.80	80	20
123	0.80	80	20
124	0.80	80	20
125	0.80	80	20
126	0.79	79	21
127	0.80	80	20
128	0.80	80	20
129	0.80	80	20
130	0.81	81	19
131	0.80	80	20
132	0.80	80	20
133	0.80	80	20
134	0.80	80	20
135	0.80	80	20
136	0.80	80	20
137	0.80	80	20
138	0.80	80	20
139	0.80	80	20
140	0.80	80	20
141	0.81	81	19
142	0.81	81	19
143	0.81	81	19
144	0.81	81	19
145	0.82	82	18
146	0.83	83	17
147	0.83	83	17
148	0.83	83	17
149	0.83	83	17
150	0.83	83	17
151	0.83	83	17
152	0.84	84	16
153	0.84	84	16
154	0.84	84	16
155	0.84	84	16
156	0.84	84	16
157	0.84	84	16
158	0.84	84	16
159	0.84	84	16
160	0.85	85	15
161	0.85	85	15
162	0.86	86	14
163	0.86	86	14
164	0.86	86	14
165	0.86	86	14
166	0.86	86	14
167	0.86	86	14
168	0.86	86	14
169	0.86	86	14
170	0.86	86	14
171	0.86	86	14
172	0.86	86	14
173	0.87	87	13
174	0.87	87	13
175	0.87	87	13
176	0.88	88	12
177	0.89	89	11
178	0.89	89	11
179	0.89	89	11
180	0.89	89	11
181	0.89	89	11
182	0.90	90	10
183	0.90	90	10
184	0.90	90	10
185	0.90	90	10
186	0.90	90	10
187	0.91	91	9
188	0.91	91	9
189	0.91	91	9
190	0.92	92	8
191	0.92	92	8
192	0.93	93	7
193	0.93	93	7
194	0.93	93	7
195	0.94	94	6
196	0.94	94	6
197	0.94	94	6
198	0.94	94	6
199	0.94	94	6
200	0.94	94	6
201	0.94	94	6
202	0.94	94	6
203	0.95	95	5
204	0.95	95	5
205	0.95	95	5
206	0.95	95	5
207	0.95	95	5
208	0.95	95	5
209	0.95	95	5
210	0.95	95	5
211	0.95	95	5
212	0.95	95	5
213	0.95	95	5
214	0.94	94	6
215	0.94	94	6
216	0.94	94	6
217	0.94	94	6
218	0.94	94	6
219	0.95	95	5
220	0.94	94	6
221	0.95	95	5
222	0.95	95	5
223	0.95	95	5
224	0.95	95	5
225	0.95	95	5
226	0.96	96	4
227	0.96	96	4
228	0.95	95	5
229	0.95	95	5
230	0.95	95	5
231	0.96	96	4
232	0.96	96	4
233	0.96	96	4
234	0.95	95	5
235	0.95	95	5
236	0.95	95	5
237	0.95	95	5
238	0.95	95	5
239	0.95	95	5
240	0.95	95	5
241	0.95	95	5
242	0.95	95	5
243	0.95	95	5
244	0.95	95	5
245	0.95	95	5
246	0.95	95	5
247	0.95	95	5
248	0.95	95	5
249	0.95	95	5
250	0.95	95	5
251	0.95	95	5
252	0.95	95	5
253	0.95	95	5
254	0.96	96	4
255	0.96	96	4
256	0.96	96	4
257	0.96	96	4
258	0.96	96	4
259	0.96	96	4
260	0.96	96	4
261	0.96	96	4
262	0.96	96	4
263	0.96	96	4
264	0.96	96	4
265	0.95	95	5
266	0.95	95	5
267	0.95	95	5
268	0.95	95	5
269	0.95	95	5
270	0.95	95	5
271	0.95	95	5
272	0.95	95	5
273	0.95	95	5
274	0.94	94	6
275	0.94	94	6
276	0.94	94	6
277	0.94	94	6
278	0.93	93	7
279	0.93	93	7
280	0.93	93	7
281	0.93	93	7
282	0.93	93	7
283	0.93	93	7
284	0.93	93	7
285	0.93	93	7
286	0.93	93	7
287	0.93	93	7
288	0.92	92	8
289	0.92	92	8
290	0.92	92	8
291	0.92	92	8
292	0.91	91	9
293	0.91	91	9
294	0.91	91	9
295	0.91	91	9
296	0.91	91	9
297	0.91	91	9
298	0.91	91	9
299	0.91	91	9
300	0.91	91	9
301	0.91	91	9
302	0.91	91	9
303	0.91	91	9
304	0.91	91	9
305	0.91	91	9
306	0.91	91	9
307	0.91	91	9
308	0.91	91	9
309	0.91	91	9
310	0.91	91	9
311	0.91	91	9
312	0.91	91	9
313	0.91	91	9
314	0.92	92	8
315	0.92	92	8
316	0.92	92	8
317	0.92	92	8
318	0.92	92	8
319	0.92	92	8
320	0.93	93	7
321	0.93	93	7
322	0.93	93	7
323	0.93	93	7
324	0.93	93	7
325	0.93	93	7
326	0.93	93	7
327	0.93	93	7
328	0.94	94	6
329	0.94	94	6
330	0.94	94	6
331	0.94	94	6
332	0.94	94	6
333	0.94	94	6
334	0.95	95	5
335	0.95	95	5
336	0.95	95	5
337	0.95	95	5
338	0.95	95	5
339	0.95	95	5
340	0.95	95	5
341	0.95	95	5
342	0.95	95	5
343	0.95	95	5
344	0.95	95	5
345	0.95	95	5
346	0.95	95	5
347	0.95	95	5
348	0.95	95	5
349	0.95	95	5
350	0.94	94	6
351	0.94	94	6
352	0.94	94	6
353	0.94	94	6
354	0.94	94	6
355	0.94	94	6
356	0.94	94	6
357	0.94	94	6
358	0.94	94	6
359	0.94	94	6
360	0.94	94	6
361	0.94	94	6
362	0.93	93	7
363	0.93	93	7
364	0.93	93	7
365	0.94	94	6
366	0.94	94	6
367	0.94	94	6
368	0.94	94	6
369	0.94	94	6
370	0.94	94	6
371	0.94	94	6
372	0.94	94	6
373	0.94	94	6
374	0.95	95	5
375	0.95	95	5
376	0.95	95	5
377	0.95	95	5
378	0.96	96	4
379	0.96	96	4
380	0.96	96	4
381	0.96	96	4
382	0.96	96	4
383	0.96	96	4
384	0.95	95	5
385	0.95	95	5
386	0.95	95	5
387	0.95	95	5
388	0.95	95	5
389	0.95	95	5
390	0.95	95	5
391	0.95	95	5
392	0.96	96	4
393	0.96	96	4
394	0.96	96	4
395	0.96	96	4
396	0.95	95	5
397	0.94	94	6
398	0.94	94	6
399	0.94	94	6
400	0.93	93	7
401	0.93	93	7
402	0.93	93	7
403	0.92	92	8
404	0.91	91	9
405	0.91	91	9
406	0.91	91	9
407	0.91	91	9
408	0.91	91	9
409	0.91	91	9
410	0.91	91	9
411	0.91	91	9
412	0.91	91	9
413	0.91	91	9
414	0.91	91	9
415	0.91	91	9
416	0.91	91	9
417	0.91	91	9
418	0.91	91	9
419	0.91	91	9
420	0.91	91	9
421	0.91	91	9
422	0.91	91	9
423	0.91	91	9
424	0.91	91	9
425	0.91	91	9
426	0.91	91	9
427	0.90	90	10
428	0.90	90	10
429	0.90	90	10
430	0.90	90	10
431	0.90	90	10
432	0.90	90	10
433	0.90	90	10
434	0.90	90	10
435	0.90	90	10
436	0.89	89	11
437	0.89	89	11
438	0.88	88	12
439	0.88	88	12
440	0.88	88	12
441	0.88	88	12
442	0.88	88	12
443	0.88	88	12
444	0.88	88	12
445	0.88	88	12
446	0.88	88	12
447	0.88	88	12
448	0.87	87	13
449	0.87	87	13
450	0.88	88	12
451	0.88	88	12
452	0.88	88	12
453	0.88	88	12
454	0.87	87	13
455	0.87	87	13
456	0.87	87	13
457	0.87	87	13
458	0.87	87	13
459	0.87	87	13
460	0.87	87	13
461	0.87	87	13
462	0.87	87	13
463	0.87	87	13
464	0.87	87	13
465	0.86	86	14
466	0.86	86	14
467	0.86	86	14
468	0.86	86	14
469	0.85	85	15
470	0.85	85	15
471	0.85	85	15
472	0.84	84	16
473	0.84	84	16
474	0.84	84	16
475	0.84	84	16
476	0.84	84	16
477	0.84	84	16
478	0.84	84	16
479	0.84	84	16
480	0.84	84	16
481	0.84	84	16
482	0.84	84	16
483	0.84	84	16
484	0.85	85	15
485	0.85	85	15
486	0.84	84	16
487	0.84	84	16
488	0.85	85	15
489	0.85	85	15
490	0.85	85	15
491	0.85	85	15
492	0.85	85	15
493	0.85	85	15
494	0.85	85	15
495	0.85	85	15
496	0.86	86	14
497	0.87	87	13
498	0.87	87	13
499	0.87	87	13
500	0.88	88	12
501	0.88	88	12
502	0.88	88	12
503	0.89	89	11
504	0.90	90	10
505	0.90	90	10
506	0.90	90	10
507	0.90	90	10
508	0.90	90	10
509	0.90	90	10
510	0.90	90	10
511	0.89	89	11
512	0.89	89	11
513	0.89	89	11
514	0.88	88	12
515	0.88	88	12
516	0.88	88	12
517	0.88	88	12
518	0.87	87	13
519	0.87	87	13
520	0.87	87	13
521	0.87	87	13
522	0.87	87	13
523	0.87	87	13
524	0.87	87	13
525	0.87	87	13
526	0.87	87	13
527	0.88	88	12
528	0.87	87	13
529	0.87	87	13
530	0.87	87	13
531	0.87	87	13
532	0.87	87	13
533	0.87	87	13
534	0.87	87	13
535	0.87	87	13
536	0.88	88	12
537	0.88	88	12
538	0.89	89	11
539	0.89	89	11
540	0.89	89	11
541	0.89	89	11
542	0.89	89	11
543	0.89	89	11
544	0.89	89	11
545	0.89	89	11
546	0.89	89	11
547	0.89	89	11
548	0.90	90	10
549	0.90	90	10
550	0.90	90	10
551	0.89	89	11
552	0.89	89	11
553	0.89	89	11
554	0.90	90	10
555	0.90	90	10
556	0.90	90	10
557	0.90	90	10
558	0.90	90	10
559	0.90	90	10
560	0.90	90	10
561	0.90	90	10
562	0.91	91	9
563	0.90	90	10
564	0.90	90	10
565	0.91	91	9
566	0.91	91	9
567	0.91	91	9
568	0.91	91	9
569	0.92	92	8
570	0.92	92	8
571	0.92	92	8
572	0.92	92	8
573	0.92	92	8
574	0.91	91	9
575	0.91	91	9
576	0.91	91	9
577	0.91	91	9
578	0.91	91	9
579	0.91	91	9
580	0.91	91	9
581	0.91	91	9
582	0.91	91	9
583	0.91	91	9
584	0.91	91	9
585	0.90	90	10
586	0.91	91	9
587	0.91	91	9
588	0.91	91	9
589	0.91	91	9
590	0.90	90	10
591	0.90	90	10
592	0.90	90	10
593	0.90	90	10
594	0.90	90	10
595	0.90	90	10
596	0.90	90	10
597	0.90	90	10
598	0.90	90	10
599	0.89	89	11
600	0.89	89	11
601	0.89	89	11
602	0.89	89	11
603	0.89	89	11
604	0.89	89	11
605	0.89	89	11
606	0.89	89	11
607	0.89	89	11
608	0.89	89	11
609	0.89	89	11
610	0.89	89	11
611	0.90	90	10
612	0.90	90	10
613	0.90	90	10
614	0.91	91	9
615	0.91	91	9
616	0.91	91	9
617	0.91	91	9
618	0.92	92	8
619	0.92	92	8
620	0.92	92	8
621	0.91	91	9
622	0.91	91	9
623	0.91	91	9
624	0.91	91	9
625	0.91	91	9
626	0.91	91	9
627	0.91	91	9
628	0.92	92	8
629	0.92	92	8
630	0.92	92	8
631	0.92	92	8
632	0.92	92	8
633	0.92	92	8
634	0.92	92	8
635	0.92	92	8
636	0.92	92	8
637	0.92	92	8
638	0.92	92	8
639	0.92	92	8
640	0.92	92	8
641	0.92	92	8
642	0.92	92	8
643	0.92	92	8
644	0.92	92	8
645	0.92	92	8
646	0.92	92	8
647	0.92	92	8
648	0.92	92	8
649	0.92	92	8
650	0.92	92	8
651	0.93	93	7
652	0.93	93	7
653	0.92	92	8
654	0.92	92	8
655	0.92	92	8
656	0.92	92	8
657	0.92	92	8
658	0.92	92	8
659	0.92	92	8
660	0.92	92	8
661	0.92	92	8
662	0.92	92	8
663	0.93	93	7
664	0.93	93	7
665	0.93	93	7
666	0.93	93	7
667	0.93	93	7
668	0.93	93	7
669	0.93	93	7
670	0.93	93	7
671	0.93	93	7
672	0.94	94	6
673	0.94	94	6
674	0.94	94	6
675	0.94	94	6
676	0.94	94	6
677	0.94	94	6
678	0.94	94	6
679	0.94	94	6
680	0.94	94	6
681	0.94	94	6
682	0.94	94	6
683	0.94	94	6
684	0.94	94	6
685	0.95	95	5
686	0.95	95	5
687	0.95	95	5
688	0.95	95	5
689	0.95	95	5
690	0.96	96	4
691	0.96	96	4
692	0.95	95	5
693	0.95	95	5
694	0.95	95	5
695	0.95	95	5
696	0.95	95	5
697	0.95	95	5
698	0.94	94	6
699	0.95	95	5
700	0.95	95	5
701	0.95	95	5
702	0.95	95	5
703	0.95	95	5
704	0.95	95	5
705	0.95	95	5
706	0.95	95	5
707	0.95	95	5
708	0.94	94	6
709	0.94	94	6
710	0.94	94	6
711	0.94	94	6
712	0.94	94	6
713	0.93	93	7
714	0.93	93	7
715	0.93	93	7
716	0.93	93	7
717	0.93	93	7
718	0.93	93	7
719	0.92	92	8
720	0.91	91	9
721	0.92	92	8
722	0.92	92	8
723	0.92	92	8
724	0.92	92	8
725	0.92	92	8
726	0.91	91	9
727	0.91	91	9
728	0.91	91	9
729	0.91	91	9
730	0.91	91	9
731	0.91	91	9
732	0.91	91	9
733	0.91	91	9
734	0.91	91	9
735	0.91	91	9
736	0.91	91	9
737	0.91	91	9
738	0.91	91	9
739	0.90	90	10
740	0.89	89	11
741	0.89	89	11
742	0.89	89	11
743	0.89	89	11
744	0.88	88	12
745	0.88	88	12
746	0.88	88	12
747	0.88	88	12
748	0.88	88	12
749	0.88	88	12
750	0.88	88	12
751	0.88	88	12
752	0.88	88	12
753	0.89	89	11
754	0.89	89	11
755	0.89	89	11
756	0.89	89	11
757	0.89	89	11
758	0.89	89	11
759	0.89	89	11
760	0.89	89	11
761	0.89	89	11
762	0.89	89	11
763	0.89	89	11
764	0.89	89	11
765	0.88	88	12
766	0.88	88	12
767	0.88	88	12
768	0.88	88	12
769	0.88	88	12
770	0.87	87	13
771	0.87	87	13
772	0.87	87	13
773	0.87	87	13
774	0.88	88	12
775	0.87	87	13
776	0.87	87	13
777	0.87	87	13
778	0.86	86	14
779	0.86	86	14
780	0.86	86	14
781	0.85	85	15
782	0.85	85	15
783	0.85	85	15
784	0.85	85	15
785	0.85	85	15
786	0.85	85	15
787	0.85	85	15
788	0.84	84	16
789	0.84	84	16
790	0.84	84	16
791	0.84	84	16
792	0.85	85	15
793	0.85	85	15
794	0.85	85	15
795	0.84	84	16
796	0.84	84	16
797	0.84	84	16
798	0.85	85	15
799	0.85	85	15
800	0.85	85	15
801	0.85	85	15
802	0.84	84	16
803	0.84	84	16
804	0.84	84	16
805	0.84	84	16
806	0.84	84	16
807	0.84	84	16
808	0.84	84	16
809	0.83	83	17
810	0.83	83	17
811	0.83	83	17
812	0.83	83	17
813	0.84	84	16
814	0.84	84	16
815	0.84	84	16
816	0.83	83	17
817	0.83	83	17
818	0.83	83	17
819	0.84	84	16
820	0.85	85	15
821	0.85	85	15
822	0.85	85	15
823	0.85	85	15
824	0.85	85	15
825	0.85	85	15
826	0.86	86	14
827	0.86	86	14
828	0.86	86	14
829	0.86	86	14
830	0.86	86	14
831	0.86	86	14
832	0.86	86	14
833	0.86	86	14
834	0.86	86	14
835	0.86	86	14
836	0.86	86	14
837	0.86	86	14
838	0.86	86	14
839	0.87	87	13
840	0.88	88	12
841	0.88	88	12
842	0.88	88	12
843	0.88	88	12
844	0.89	89	11
845	0.89	89	11
846	0.89	89	11
847	0.89	89	11
848	0.89	89	11
849	0.89	89	11
850	0.89	89	11
851	0.89	89	11
852	0.89	89	11
853	0.89	89	11
854	0.89	89	11
855	0.89	89	11
856	0.89	89	11
857	0.89	89	11
858	0.89	89	11
859	0.89	89	11
860	0.89	89	11
861	0.88	88	12
862	0.88	88	12
863	0.88	88	12
864	0.88	88	12
865	0.88	88	12
866	0.88	88	12
867	0.88	88	12
868	0.88	88	12
869	0.88	88	12
870	0.89	89	11
871	0.89	89	11
872	0.89	89	11
873	0.89	89	11
874	0.89	89	11
875	0.90	90	10
876	0.90	90	10
877	0.90	90	10
878	0.91	91	9
879	0.91	91	9
880	0.91	91	9
881	0.92	92	8
882	0.92	92	8
883	0.92	92	8
884	0.92	92	8
885	0.92	92	8
886	0.92	92	8
887	0.92	92	8
888	0.93	93	7
889	0.93	93	7
890	0.93	93	7
891	0.93	93	7
892	0.93	93	7
893	0.93	93	7
894	0.93	93	7
895	0.93	93	7
896	0.93	93	7
897	0.93	93	7
898	0.93	93	7
899	0.93	93	7
900	0.92	92	8
901	0.92	92	8
902	0.93	93	7
903	0.93	93	7
904	0.92	92	8
905	0.92	92	8
906	0.92	92	8
907	0.92	92	8
908	0.93	93	7
909	0.94	94	6
910	0.94	94	6
911	0.94	94	6
912	0.94	94	6
913	0.94	94	6
914	0.93	93	7
915	0.93	93	7
916	0.94	94	6
917	0.94	94	6
918	0.93	93	7
919	0.93	93	7
920	0.93	93	7
921	0.93	93	7
922	0.93	93	7
923	0.93	93	7
924	0.93	93	7
925	0.93	93	7
926	0.93	93	7
927	0.93	93	7
928	0.93	93	7
929	0.93	93	7
930	0.93	93	7
931	0.93	93	7
932	0.93	93	7
933	0.93	93	7
934	0.93	93	7
935	0.92	92	8
936	0.92	92	8
937	0.91	91	9
938	0.91	91	9
939	0.91	91	9
940	0.91	91	9
941	0.91	91	9
942	0.91	91	9
943	0.91	91	9
944	0.91	91	9
945	0.91	91	9
946	0.91	91	9
947	0.91	91	9
948	0.91	91	9
949	0.91	91	9
950	0.91	91	9
951	0.91	91	9
952	0.91	91	9
953	0.91	91	9
954	0.91	91	9
955	0.91	91	9
956	0.91	91	9
957	0.91	91	9
958	0.91	91	9
959	0.91	91	9
960	0.91	91	9
961	0.92	92	8
962	0.92	92	8
963	0.92	92	8
964	0.92	92	8
965	0.93	93	7
966	0.93	93	7
967	0.93	93	7
968	0.93	93	7
969	0.93	93	7
970	0.93	93	7
971	0.93	93	7
972	0.93	93	7
973	0.93	93	7
974	0.93	93	7
975	0.93	93	7
976	0.93	93	7
977	0.93	93	7
978	0.93	93	7
979	0.93	93	7
980	0.93	93	7
981	0.93	93	7
982	0.93	93	7
983	0.93	93	7
984	0.92	92	8
985	0.92	92	8
986	0.92	92	8
987	0.92	92	8
988	0.92	92	8
989	0.92	92	8
990	0.92	92	8
991	0.92	92	8
992	0.91	91	9
993	0.91	91	9
994	0.91	91	9
995	0.92	92	8
996	0.92	92	8
997	0.92	92	8
998	0.92	92	8
999	0.92	92	8
1000	0.08	92	8
1001	0.08	92	8
1002	0.08	92	8
1003	0.08	92	8
1004	0.08	92	8
1005	0.09	91	9
1006	0.09	91	9
1007	0.09	91	9
1008	0.09	91	9
1009	0.09	91	9
1010	0.09	91	9
1011	0.09	91	9
1012	0.09	91	9
1013	0.10	90	10
1014	0.09	91	9
1015	0.10	90	10
1016	0.10	90	10
1017	0.10	90	10
1018	0.09	91	9
1019	0.09	91	9
1020	0.09	91	9
1021	0.10	90	10
1022	0.10	90	10
1023	0.10	90	10
1024	0.10	90	10
1025	0.10	90	10
1026	0.11	89	11
1027	0.11	89	11
1028	0.11	89	11
1029	0.11	89	11
1030	0.12	88	12
1031	0.13	87	13
1032	0.13	87	13
1033	0.13	87	13
1034	0.13	87	13
1035	0.13	87	13
1036	0.14	86	14
1037	0.13	87	13
1038	0.13	87	13
1039	0.13	87	13
1040	0.13	87	13
1041	0.13	87	13
1042	0.13	87	13
1043	0.13	87	13
1044	0.13	87	13
1045	0.13	87	13
1046	0.14	86	14
1047	0.14	86	14
1048	0.14	86	14
1049	0.14	86	14
1050	0.14	86	14
1051	0.15	85	15
1052	0.16	84	16
1053	0.17	83	17
1054	0.17	83	17
1055	0.17	83	17
1056	0.17	83	17
1057	0.17	83	17
1058	0.18	82	18
1059	0.19	81	19
1060	0.20	80	20
1061	0.21	79	21
1062	0.21	79	21
1063	0.21	79	21
1064	0.22	78	22
1065	0.23	77	23
1066	0.23	77	23
1067	0.23	77	23
1068	0.24	76	24
1069	0.24	76	24
1070	0.25	75	25
1071	0.26	74	26
1072	0.27	73	27
1073	0.27	73	27
1074	0.28	72	28
1075	0.28	72	28
1076	0.28	72	28
1077	0.28	72	28
1078	0.29	71	29
1079	0.29	71	29
1080	0.30	70	30
1081	0.30	70	30
1082	0.30	70	30
1083	0.30	70	30
1084	0.29	71	29
1085	0.29	71	29
1086	0.30	70	30
1087	0.30	70	30
1088	0.31	69	31
1089	0.31	69	31
1090	0.31	69	31
1091	0.31	69	31
1092	0.30	70	30
1093	0.31	69	31
1094	0.31	69	31
1095	0.31	69	31
1096	0.31	69	31
1097	0.31	69	31
1098	0.32	68	32
1099	0.32	68	32
1100	0.31	69	31
1101	0.32	68	32
1102	0.33	67	33
1103	0.33	67	33
1104	0.32	68	32
1105	0.32	68	32
1106	0.32	68	32
1107	0.32	68	32
1108	0.32	68	32
1109	0.33	67	33
1110	0.33	67	33
1111	0.33	67	33
1112	0.34	66	34
1113	0.34	66	34
1114	0.34	66	34
1115	0.34	66	34
1116	0.34	66	34
1117	0.35	65	35
1118	0.35	65	35
1119	0.35	65	35
1120	0.35	65	35
1121	0.35	65	35
1122	0.36	64	36
1123	0.37	63	37
1124	0.38	62	38
1125	0.39	61	39
1126	0.38	62	38
1127	0.39	61	39
1128	0.40	60	40
1129	0.41	59	41
1130	0.40	60	40
1131	0.39	61	39
1132	0.40	60	40
1133	0.41	59	41
1134	0.42	58	42
1135	0.41	59	41
1136	0.40	60	40
1137	0.41	59	41
1138	0.42	58	42
1139	0.43	57	43
1140	0.44	56	44
1141	0.45	55	45
1142	0.46	54	46
1143	0.47	53	47
1144	0.48	52	48
1145	0.48	52	48
1146	0.48	52	48
1147	0.48	52	48
1148	0.48	52	48
1149	0.48	52	48
1150	0.49	51	49
1151	0.49	51	49
1152	0.49	51	49
1153	0.49	51	49
1154	0.49	51	49
1155	0.50	50	50
1156	0.51	49	51
1157	0.51	49	51
1158	0.50	50	50
1159	0.50	50	50
1160	0.49	51	49
1161	0.48	52	48
1162	0.48	52	48
1163	0.49	51	49
1164	0.48	52	48
1165	0.48	52	48
1166	0.48	52	48
1167	0.48	52	48
1168	0.47	53	47
1169	0.48	52	48
1170	0.48	52	48
1171	0.48	52	48
1172	0.48	52	48
1173	0.49	51	49
1174	0.49	51	49
1175	0.50	50	50
1176	0.51	49	51
1177	0.52	48	52
1178	0.52	48	52
1179	0.52	48	52
1180	0.51	49	51
1181	0.52	48	52
1182	0.53	47	53
1183	0.54	46	54
1184	0.55	45	55
1185	0.56	44	56
1186	0.56	44	56
1187	0.57	43	57
1188	0.57	43	57
1189	0.58	42	58
1190	0.58	42	58
1191	0.59	41	59
1192	0.59	41	59
1193	0.59	41	59
1194	0.60	40	60
1195	0.61	39	61
1196	0.61	39	61
1197	0.62	38	62
1198	0.61	39	61
1199	0.62	38	62
1200	0.62	38	62
1201	0.62	38	62
1202	0.62	38	62
1203	0.63	37	63
1204	0.64	36	64
1205	0.64	36	64
1206	0.65	35	65
1207	0.66	34	66
1208	0.67	33	67
1209	0.67	33	67
1210	0.68	32	68
1211	0.68	32	68
1212	0.68	32	68
1213	0.67	33	67
1214	0.68	32	68
1215	0.68	32	68
1216	0.69	31	69
1217	0.69	31	69
1218	0.70	30	70
1219	0.71	29	71
1220	0.72	28	72
1221	0.72	28	72
1222	0.72	28	72
1223	0.72	28	72
1224	0.72	28	72
1225	0.72	28	72
1226	0.73	27	73
1227	0.73	27	73
1228	0.72	28	72
1229	0.72	28	72
1230	0.73	27	73
1231	0.74	26	74
1232	0.73	27	73
1233	0.72	28	72
1234	0.72	28	72
1235	0.73	27	73
1236	0.74	26	74
1237	0.74	26	74
1238	0.74	26	74
1239	0.73	27	73
1240	0.73	27	73
1241	0.73	27	73
1242	0.73	27	73
1243	0.73	27	73
1244	0.72	28	72
1245	0.73	27	73
1246	0.73	27	73
1247	0.74	26	74
1248	0.75	25	75
1249	0.75	25	75
1250	0.75	25	75
1251	0.75	25	75
1252	0.75	25	75
1253	0.75	25	75
1254	0.76	24	76
1255	0.76	24	76
1256	0.76	24	76
1257	0.77	23	77
1258	0.78	22	78
1259	0.78	22	78
1260	0.78	22	78
1261	0.79	21	79
1262	0.80	20	80
1263	0.80	20	80
1264	0.81	19	81
1265	0.81	19	81
1266	0.81	19	81
1267	0.82	18	82
1268	0.83	17	83
1269	0.83	17	83
1270	0.83	17	83
1271	0.83	17	83
1272	0.82	18	82
1273	0.82	18	82
1274	0.82	18	82
1275	0.82	18	82
1276	0.82	18	82
1277	0.82	18	82
1278	0.82	18	82
1279	0.83	17	83
1280	0.84	16	84
1281	0.84	16	84
1282	0.84	16	84
1283	0.84	16	84
1284	0.84	16	84
1285	0.84	16	84
1286	0.84	16	84
1287	0.84	16	84
1288	0.84	16	84
1289	0.84	16	84
1290	0.85	15	85
1291	0.85	15	85
1292	0.86	14	86
1293	0.86	14	86
1294	0.86	14	86
1295	0.86	14	86
1296	0.87	13	87
1297	0.87	13	87
1298	0.88	12	88
1299	0.87	13	87
1300	0.88	12	88
1301	0.87	13	87
1302	0.87	13	87
1303	0.87	13	87
1304	0.87	13	87
1305	0.87	13	87
1306	0.87	13	87
1307	0.87	13	87
1308	0.87	13	87
1309	0.87	13	87
1310	0.87	13	87
1311	0.88	12	88
1312	0.88	12	88
1313	0.89	11	89
1314	0.89	11	89
1315	0.89	11	89
1316	0.89	11	89
1317	0.89	11	89
1318	0.89	11	89
1319	0.89	11	89
1320	0.89	11	89
1321	0.89	11	89
1322	0.89	11	89
1323	0.89	11	89
1324	0.89	11	89
1325	0.89	11	89
1326	0.89	11	89
1327	0.89	11	89
1328	0.90	10	90
1329	0.90	10	90
1330	0.89	11	89
1331	0.89	11	89
1332	0.89	11	89
1333	0.90	10	90
1334	0.90	10	90
1335	0.90	10	90
1336	0.90	10	90
1337	0.90	10	90
1338	0.90	10	90
1339	0.91	9	91
1340	0.91	9	91
1341	0.91	9	91
1342	0.91	9	91
1343	0.91	9	91
1344	0.92	8	92
1345	0.92	8	92
1346	0.92	8	92
1347	0.92	8	92
1348	0.92	8	92
1349	0.93	7	93
1350	0.93	7	93
1351	0.93	7	93
1352	0.93	7	93
1353	0.93	7	93
1354	0.93	7	93
1355	0.93	7	93
1356	0.93	7	93
1357	0.93	7	93
1358	0.93	7	93
1359	0.93	7	93
1360	0.94	6	94
1361	0.94	6	94
1362	0.93	7	93
1363	0.93	7	93
1364	0.93	7	93
1365	0.92	8	92
1366	0.93	7	93
1367	0.93	7	93
1368	0.93	7	93
1369	0.93	7	93
1370	0.93	7	93
1371	0.93	7	93
1372	0.94	6	94
1373	0.94	6	94
1374	0.94	6	94
1375	0.94	6	94
1376	0.94	6	94
1377	0.94	6	94
1378	0.94	6	94
1379	0.94	6	94
1380	0.94	6	94
1381	0.94	6	94
1382	0.94	6	94
1383	0.94	6	94
1384	0.94	6	94
1385	0.93	7	93
1386	0.93	7	93
1387	0.93	7	93
1388	0.93	7	93
1389	0.93	7	93
1390	0.93	7	93
1391	0.93	7	93
1392	0.92	8	92
1393	0.92	8	92
1394	0.92	8	92
1395	0.92	8	92
1396	0.92	8	92
1397	0.92	8	92
1398	0.92	8	92
1399	0.93	7	93
1400	0.93	7	93
1401	0.94	6	94
1402	0.94	6	94
1403	0.94	6	94
1404	0.94	6	94
1405	0.94	6	94
1406	0.94	6	94
1407	0.94	6	94
1408	0.94	6	94
1409	0.94	6	94
1410	0.93	7	93
1411	0.93	7	93
1412	0.93	7	93
1413	0.93	7	93
1414	0.93	7	93
1415	0.93	7	93
1416	0.92	8	92
1417	0.92	8	92
1418	0.92	8	92
1419	0.92	8	92
1420	0.92	8	92
1421	0.92	8	92
1422	0.92	8	92
1423	0.92	8	92
1424	0.92	8	92
1425	0.92	8	92
1426	0.92	8	92
1427	0.92	8	92
1428	0.92	8	92
1429	0.92	8	92
1430	0.93	7	93
1431	0.93	7	93
1432	0.93	7	93
1433	0.93	7	93
1434	0.93	7	93
1435	0.93	7	93
1436	0.93	7	93
1437	0.93	7	93
1438	0.93	7	93
1439	0.92	8	92
1440	0.92	8	92
1441	0.92	8	92
1442	0.92	8	92
1443	0.92	8	92
1444	0.92	8	92
1445	0.92	8	92
1446	0.91	9	91
1447	0.91	9	91
1448	0.91	9	91
1449	0.90	10	90
1450	0.90	10	90
1451	0.90	10	90
1452	0.90	10	90
1453	0.90	10	90
1454	0.90	10	90
1455	0.90	10	90
1456	0.89	11	89
1457	0.89	11	89
1458	0.89	11	89
1459	0.89	11	89
1460	0.89	11	89
1461	0.89	11	89
1462	0.90	10	90
1463	0.89	11	89
1464	0.89	11	89
1465	0.90	10	90
1466	0.90	10	90
1467	0.90	10	90
1468	0.90	10	90
1469	0.90	10	90
1470	0.90	10	90
1471	0.90	10	90
1472	0.90	10	90
1473	0.89	11	89
1474	0.89	11	89
1475	0.89	11	89
1476	0.89	11	89
1477	0.89	11	89
1478	0.89	11	89
1479	0.89	11	89
1480	0.89	11	89
1481	0.89	11	89
1482	0.89	11	89
1483	0.89	11	89
1484	0.89	11	89
1485	0.90	10	90
1486	0.90	10	90
1487	0.90	10	90
1488	0.90	10	90
1489	0.90	10	90
1490	0.90	10	90
1491	0.90	10	90
1492	0.91	9	91
1493	0.91	9	91
1494	0.91	9	91
1495	0.91	9	91
1496	0.91	9	91
1497	0.91	9	91
1498	0.91	9	91
1499	0.90	10	90
1500	0.90	10	90
1501	0.90	10	90
1502	0.90	10	90
1503	0.90	10	90
1504	0.90	10	90
1505	0.90	10	90
1506	0.90	10	90
1507	0.89	11	89
1508	0.89	11	89
1509	0.88	12	88
1510	0.89	11	89
1511	0.89	11	89
1512	0.89	11	89
1513	0.88	12	88
1514	0.87	13	87
1515	0.87	13	87
1516	0.88	12	88
1517	0.88	12	88
1518	0.88	12	88
1519	0.88	12	88
1520	0.87	13	87
1521	0.87	13	87
1522	0.87	13	87
1523	0.87	13	87
1524	0.87	13	87
1525	0.87	13	87
1526	0.87	13	87
1527	0.86	14	86
1528	0.86	14	86
1529	0.86	14	86
1530	0.86	14	86
1531	0.85	15	85
1532	0.86	14	86
1533	0.86	14	86
1534	0.86	14	86
1535	0.86	14	86
1536	0.86	14	86
1537	0.86	14	86
1538	0.86	14	86
1539	0.87	13	87
1540	0.87	13	87
1541	0.87	13	87
1542	0.87	13	87
1543	0.87	13	87
1544	0.87	13	87
1545	0.87	13	87
1546	0.88	12	88
1547	0.88	12	88
1548	0.88	12	88
1549	0.89	11	89
1550	0.89	11	89
1551	0.89	11	89
1552	0.89	11	89
1553	0.89	11	89
1554	0.89	11	89
1555	0.89	11	89
1556	0.90	10	90
1557	0.90	10	90
1558	0.90	10	90
1559	0.90	10	90
1560	0.90	10	90
1561	0.90	10	90
1562	0.90	10	90
1563	0.91	9	91
1564	0.91	9	91
1565	0.91	9	91
1566	0.91	9	91
1567	0.91	9	91
1568	0.91	9	91
1569	0.91	9	91
1570	0.91	9	91
1571	0.91	9	91
1572	0.91	9	91
1573	0.92	8	92
1574	0.92	8	92
1575	0.92	8	92
1576	0.92	8	92
1577	0.92	8	92
1578	0.92	8	92
1579	0.92	8	92
1580	0.92	8	92
1581	0.92	8	92
1582	0.92	8	92
1583	0.92	8	92
1584	0.92	8	92
1585	0.92	8	92
1586	0.92	8	92
1587	0.91	9	91
1588	0.91	9	91
1589	0.91	9	91
1590	0.91	9	91
1591	0.91	9	91
1592	0.91	9	91
1593	0.91	9	91
1594	0.91	9	91
1595	0.91	9	91
1596	0.91	9	91
1597	0.91	9	91
1598	0.91	9	91
1599	0.92	8	92
1600	0.92	8	92
1601	0.92	8	92
1602	0.92	8	92
1603	0.91	9	91
1604	0.91	9	91
1605	0.91	9	91
1606	0.91	9	91
1607	0.92	8	92
1608	0.92	8	92
1609	0.93	7	93
1610	0.93	7	93
1611	0.93	7	93
1612	0.93	7	93
1613	0.94	6	94
1614	0.95	5	95
1615	0.95	5	95
1616	0.95	5	95
1617	0.95	5	95
1618	0.95	5	95
1619	0.95	5	95
1620	0.96	4	96
1621	0.96	4	96
1622	0.95	5	95
1623	0.95	5	95
1624	0.95	5	95
1625	0.95	5	95
1626	0.95	5	95
1627	0.96	4	96
1628	0.96	4	96
1629	0.96	4	96
1630	0.96	4	96
1631	0.97	3	97
1632	0.97	3	97
1633	0.97	3	97
1634	0.97	3	97
1635	0.97	3	97
1636	0.97	3	97
1637	0.97	3	97
1638	0.97	3	97
1639	0.97	3	97
1640	0.97	3	97
1641	0.97	3	97
1642	0.96	4	96
1643	0.96	4	96
1644	0.96	4	96
1645	0.96	4	96
1646	0.96	4	96
1647	0.95	5	95
1648	0.95	5	95
1649	0.95	5	95
1650	0.95	5	95
1651	0.94	6	94
1652	0.94	6	94
1653	0.94	6	94
1654	0.94	6	94
1655	0.94	6	94
1656	0.93	7	93
1657	0.93	7	93
1658	0.93	7	93
1659	0.92	8	92
1660	0.92	8	92
1661	0.92	8	92
1662	0.92	8	92
1663	0.92	8	92
1664	0.92	8	92
1665	0.92	8	92
1666	0.92	8	92
1667	0.92	8	92
1668	0.92	8	92
1669	0.92	8	92
1670	0.92	8	92
1671	0.92	8	92
1672	0.92	8	92
1673	0.92	8	92
1674	0.92	8	92
1675	0.92	8	92
1676	0.92	8	92
1677	0.92	8	92
1678	0.92	8	92
1679	0.92	8	92
1680	0.92	8	92
1681	0.92	8	92
1682	0.92	8	92
1683	0.92	8	92
1684	0.92	8	92
1685	0.92	8	92
1686	0.92	8	92
1687	0.93	7	93
1688	0.93	7	93
1689	0.93	7	93
1690	0.93	7	93
1691	0.93	7	93
1692	0.93	7	93
1693	0.93	7	93
1694	0.93	7	93
1695	0.93	7	93
1696	0.93	7	93
1697	0.93	7	93
1698	0.93	7	93
1699	0.93	7	93
1700	0.93	7	93
1701	0.93	7	93
1702	0.93	7	93
1703	0.94	6	94
1704	0.94	6	94
1705	0.94	6	94
1706	0.94	6	94
1707	0.94	6	94
1708	0.94	6	94
1709	0.93	7	93
1710	0.93	7	93
1711	0.93	7	93
1712	0.93	7	93
1713	0.93	7	93
1714	0.93	7	93
1715	0.93	7	93
1716	0.93	7	93
1717	0.93	7	93
1718	0.93	7	93
1719	0.93	7	93
1720	0.93	7	93
1721	0.92	8	92
1722	0.93	7	93
1723	0.93	7	93
1724	0.93	7	93
1725	0.93	7	93
1726	0.93	7	93
1727	0.93	7	93
1728	0.93	7	93
1729	0.93	7	93
1730	0.93	7	93
1731	0.93	7	93
1732	0.93	7	93
1733	0.92	8	92
1734	0.91	9	91
1735	0.91	9	91
1736	0.91	9	91
1737	0.91	9	91
1738	0.91	9	91
1739	0.91	9	91
1740	0.91	9	91
1741	0.91	9	91
1742	0.92	8	92
1743	0.92	8	92
1744	0.92	8	92
1745	0.92	8	92
1746	0.92	8	92
1747	0.93	7	93
1748	0.93	7	93
1749	0.93	7	93
1750	0.92	8	92
1751	0.93	7	93
1752	0.93	7	93
1753	0.92	8	92
1754	0.92	8	92
1755	0.92	8	92
1756	0.93	7	93
1757	0.93	7	93
1758	0.93	7	93
1759	0.94	6	94
1760	0.94	6	94
1761	0.94	6	94
1762	0.94	6	94
1763	0.94	6	94
1764	0.94	6	94
1765	0.94	6	94
1766	0.94	6	94
1767	0.94	6	94
1768	0.94	6	94
1769	0.94	6	94
1770	0.94	6	94
1771	0.94	6	94
1772	0.94	6	94
1773	0.94	6	94
1774	0.94	6	94
1775	0.94	6	94
1776	0.93	7	93
1777	0.93	7	93
1778	0.93	7	93
1779	0.93	7	93
1780	0.93	7	93
1781	0.93	7	93
1782	0.93	7	93
1783	0.93	7	93
1784	0.92	8	92
1785	0.91	9	91
1786	0.91	9	91
1787	0.91	9	91
1788	0.91	9	91
1789	0.91	9	91
1790	0.91	9	91
1791	0.90	10	90
1792	0.90	10	90
1793	0.90	10	90
1794	0.90	10	90
1795	0.90	10	90
1796	0.90	10	90
1797	0.90	10	90
1798	0.90	10	90
1799	0.90	10	90
1800	0.90	10	90
1801	0.90	10	90
1802	0.90	10	90
1803	0.90	10	90
1804	0.90	10	90
1805	0.89	11	89
1806	0.89	11	89
1807	0.89	11	89
1808	0.89	11	89
1809	0.90	10	90
1810	0.90	10	90
1811	0.90	10	90
1812	0.90	10	90
1813	0.90	10	90
1814	0.90	10	90
1815	0.90	10	90
1816	0.90	10	90
1817	0.89	11	89
1818	0.89	11	89
1819	0.89	11	89
1820	0.89	11	89
1821	0.90	10	90
1822	0.90	10	90
1823	0.90	10	90
1824	0.90	10	90
1825	0.90	10	90
1826	0.89	11	89
1827	0.89	11	89
1828	0.89	11	89
1829	0.89	11	89
1830	0.89	11	89
1831	0.89	11	89
1832	0.89	11	89
1833	0.89	11	89
1834	0.89	11	89
1835	0.89	11	89
1836	0.89	11	89
1837	0.89	11	89
1838	0.89	11	89
1839	0.89	11	89
1840	0.89	11	89
1841	0.89	11	89
1842	0.89	11	89
1843	0.89	11	89
1844	0.89	11	89
1845	0.89	11	89
1846	0.89	11	89
1847	0.89	11	89
1848	0.89	11	89
1849	0.89	11	89
1850	0.90	10	90
1851	0.90	10	90
1852	0.89	11	89
1853	0.89	11	89
1854	0.89	11	89
1855	0.89	11	89
1856	0.89	11	89
1857	0.89	11	89
1858	0.89	11	89
1859	0.89	11	89
1860	0.89	11	89
1861	0.89	11	89
1862	0.89	11	89
1863	0.89	11	89
1864	0.89	11	89
1865	0.89	11	89
1866	0.89	11	89
1867	0.89	11	89
1868	0.89	11	89
1869	0.89	11	89
1870	0.89	11	89
1871	0.89	11	89
1872	0.89	11	89
1873	0.89	11	89
1874	0.89	11	89
1875	0.89	11	89
1876	0.90	10	90
1877	0.90	10	90
1878	0.90	10	90
1879	0.90	10	90
1880	0.90	10	90
1881	0.90	10	90
1882	0.90	10	90
1883	0.90	10	90
1884	0.91	9	91
1885	0.92	8	92
1886	0.92	8	92
1887	0.92	8	92
1888	0.92	8	92
1889	0.92	8	92
1890	0.92	8	92
1891	0.93	7	93
1892	0.93	7	93
1893	0.93	7	93
1894	0.93	7	93
1895	0.93	7	93
1896	0.93	7	93
1897	0.93	7	93
1898	0.93	7	93
1899	0.93	7	93
1900	0.93	7	93
1901	0.93	7	93
1902	0.93	7	93
1903	0.93	7	93
1904	0.93	7	93
1905	0.94	6	94
1906	0.94	6	94
1907	0.94	6	94
1908	0.94	6	94
1909	0.94	6	94
1910	0.93	7	93
1911	0.93	7	93
1912	0.93	7	93
1913	0.93	7	93
1914	0.93	7	93
1915	0.93	7	93
1916	0.93	7	93
1917	0.94	6	94
1918	0.94	6	94
1919	0.94	6	94
1920	0.94	6	94
1921	0.94	6	94
1922	0.94	6	94
1923	0.94	6	94
1924	0.94	6	94
1925	0.94	6	94
1926	0.95	5	95
1927	0.95	5	95
1928	0.95	5	95
1929	0.95	5	95
1930	0.94	6	94
1931	0.94	6	94
1932	0.94	6	94
1933	0.95	5	95
1934	0.96	4	96
1935	0.96	4	96
1936	0.96	4	96
1937	0.95	5	95
1938	0.95	5	95
1939	0.95	5	95
1940	0.95	5	95
1941	0.95	5	95
1942	0.95	5	95
1943	0.95	5	95
1944	0.95	5	95
1945	0.95	5	95
1946	0.95	5	95
1947	0.95	5	95
1948	0.95	5	95
1949	0.95	5	95
1950	0.95	5	95
1951	0.95	5	95
1952	0.96	4	96
1953	0.97	3	97
1954	0.97	3	97
1955	0.97	3	97
1956	0.97	3	97
1957	0.97	3	97
1958	0.97	3	97
1959	0.97	3	97
1960	0.97	3	97
1961	0.97	3	97
1962	0.97	3	97
1963	0.97	3	97
1964	0.97	3	97
1965	0.97	3	97
1966	0.97	3	97
1967	0.96	4	96
1968	0.96	4	96
1969	0.96	4	96
1970	0.96	4	96
1971	0.96	4	96
1972	0.96	4	96
1973	0.96	4	96
1974	0.96	4	96
1975	0.96	4	96
1976	0.95	5	95
1977	0.95	5	95
1978	0.95	5	95
1979	0.95	5	95
1980	0.95	5	95
1981	0.95	5	95
1982	0.95	5	95
1983	0.95	5	95
1984	0.95	5	95
1985	0.95	5	95
1986	0.95	5	95
1987	0.95	5	95
1988	0.95	5	95
1989	0.95	5	95
1990	0.95	5	95
1991	0.95	5	95
1992	0.95	5	95
1993	0.95	5	95
1994	0.95	5	95
1995	0.95	5	95
1996	0.94	6	94
1997	0.93	7	93
1998	0.93	7	93
1999	0.93	7	93
2000	0.07	7	93
2001	0.08	8	92
2002	0.08	8	92
2003	0.08	8	92
2004	0.08	8	92
2005	0.09	9	91
2006	0.09	9	91
2007	0.09	9	91
2008	0.10	10	90
2009	0.11	11	89
2010	0.11	11	89
2011	0.12	12	88
2012	0.12	12	88
2013	0.13	13	87
2014	0.13	13	87
2015	0.13	13	87
2016	0.13	13	87
2017	0.13	13	87
2018	0.13	13	87
2019	0.13	13	87
2020	0.14	14	86
2021	0.14	14	86
2022	0.15	15	85
2023	0.15	15	85
2024	0.15	15	85
2025	0.15	15	85
2026	0.15	15	85
2027	0.15	15	85
2028	0.15	15	85
2029	0.16	16	84
2030	0.16	16	84
2031	0.16	16	84
2032	0.16	16	84
2033	0.16	16	84
2034	0.16	16	84
2035	0.16	16	84
2036	0.16	16	84
2037	0.15	15	85
2038	0.15	15	85
2039	0.15	15	85
2040	0.15	15	85
2041	0.15	15	85
2042	0.15	15	85
2043	0.16	16	84
2044	0.17	17	83
2045	0.18	18	82
2046	0.18	18	82
2047	0.19	19	81
2048	0.19	19	81
2049	0.20	20	80
2050	0.21	21	79
2051	0.21	21	79
2052	0.21	21	79
2053	0.21	21	79
2054	0.21	21	79
2055	0.22	22	78
2056	0.22	22	78
2057	0.22	22	78
2058	0.22	22	78
2059	0.22	22	78
2060	0.22	22	78
2061	0.23	23	77
2062	0.23	23	77
2063	0.23	23	77
2064	0.24	24	76
2065	0.24	24	76
2066	0.25	25	75
2067	0.24	24	76
2068	0.24	24	76
2069	0.24	24	76
2070	0.24	24	76
2071	0.25	25	75
2072	0.26	26	74
2073	0.27	27	73
2074	0.28	28	72
2075	0.28	28	72
2076	0.27	27	73
2077	0.28	28	72
2078	0.29	29	71
2079	0.30	30	70
2080	0.31	31	69
2081	0.32	32	68
2082	0.33	33	67
2083	0.34	34	66
2084	0.35	35	65
2085	0.36	36	64
2086	0.36	36	64
2087	0.37	37	63
2088	0.38	38	62
2089	0.39	39	61
2090	0.40	40	60
2091	0.41	41	59
2092	0.41	41	59
2093	0.42	42	58
2094	0.43	43	57
2095	0.44	44	56
2096	0.43	43	57
2097	0.42	42	58
2098	0.43	43	57
2099	0.44	44	56
2100	0.45	45	55
2101	0.45	45	55
2102	0.46	46	54
2103	0.46	46	54
2104	0.47	47	53
2105	0.47	47	53
2106	0.48	48	52
2107	0.49	49	51
2108	0.49	49	51
2109	0.49	49	51
2110	0.49	49	51
2111	0.49	49	51
2112	0.49	49	51
2113	0.49	49	51
2114	0.50	50	50
2115	0.51	51	49
2116	0.51	51	49
2117	0.51	51	49
2118	0.52	52	48
2119	0.53	53	47
2120	0.52	52	48
2121	0.53	53	47
2122	0.52	52	48
2123	0.53	53	47
2124	0.54	54	46
2125	0.54	54	46
2126	0.55	55	45
2127	0.56	56	44
2128	0.56	56	44
2129	0.56	56	44
2130	0.56	56	44
2131	0.56	56	44
2132	0.57	57	43
2133	0.58	58	42
2134	0.59	59	41
2135	0.60	60	40
2136	0.60	60	40
2137	0.61	61	39
2138	0.62	62	38
2139	0.62	62	38
2140	0.63	63	37
2141	0.63	63	37
2142	0.64	64	36
2143	0.64	64	36
2144	0.64	64	36
2145	0.64	64	36
2146	0.64	64	36
2147	0.64	64	36
2148	0.64	64	36
2149	0.64	64	36
2150	0.64	64	36
2151	0.65	65	35
2152	0.66	66	34
2153	0.66	66	34
2154	0.67	67	33
2155	0.66	66	34
2156	0.67	67	33
2157	0.67	67	33
2158	0.68	68	32
2159	0.69	69	31
2160	0.70	70	30
2161	0.69	69	31
2162	0.70	70	30
2163	0.71	71	29
2164	0.71	71	29
2165	0.72	72	28
2166	0.71	71	29
2167	0.71	71	29
2168	0.71	71	29
2169	0.72	72	28
2170	0.72	72	28
2171	0.72	72	28
2172	0.72	72	28
2173	0.72	72	28
2174	0.72	72	28
2175	0.73	73	27
2176	0.74	74	26
2177	0.74	74	26
2178	0.73	73	27
2179	0.73	73	27
2180	0.73	73	27
2181	0.73	73	27
2182	0.73	73	27
2183	0.73	73	27
2184	0.73	73	27
2185	0.73	73	27
2186	0.74	74	26
2187	0.74	74	26
2188	0.74	74	26
2189	0.74	74	26
2190	0.74	74	26
2191	0.74	74	26
2192	0.75	75	25
2193	0.75	75	25
2194	0.75	75	25
2195	0.75	75	25
2196	0.76	76	24
2197	0.77	77	23
2198	0.77	77	23
2199	0.76	76	24
2200	0.75	75	25
2201	0.74	74	26
2202	0.74	74	26
2203	0.75	75	25
2204	0.75	75	25
2205	0.75	75	25
2206	0.75	75	25
2207	0.75	75	25
2208	0.75	75	25
2209	0.75	75	25
2210	0.75	75	25
2211	0.74	74	26
2212	0.74	74	26
2213	0.74	74	26
2214	0.74	74	26
2215	0.74	74	26
2216	0.75	75	25
2217	0.76	76	24
2218	0.76	76	24
2219	0.76	76	24
2220	0.77	77	23
2221	0.77	77	23
2222	0.77	77	23
2223	0.77	77	23
2224	0.77	77	23
2225	0.78	78	22
2226	0.78	78	22
2227	0.78	78	22
2228	0.79	79	21
2229	0.79	79	21
2230	0.79	79	21
2231	0.80	80	20
2232	0.80	80	20
2233	0.79	79	21
2234	0.79	79	21
2235	0.79	79	21
2236	0.80	80	20
2237	0.80	80	20
2238	0.80	80	20
2239	0.81	81	19
2240	0.81	81	19
2241	0.82	82	18
2242	0.82	82	18
2243	0.81	81	19
2244	0.81	81	19
2245	0.80	80	20
2246	0.81	81	19
2247	0.81	81	19
2248	0.82	82	18
2249	0.81	81	19
2250	0.81	81	19
2251	0.81	81	19
2252	0.81	81	19
2253	0.82	82	18
2254	0.82	82	18
2255	0.82	82	18
2256	0.82	82	18
2257	0.83	83	17
2258	0.83	83	17
2259	0.83	83	17
2260	0.83	83	17
2261	0.84	84	16
2262	0.84	84	16
2263	0.84	84	16
2264	0.84	84	16
2265	0.84	84	16
2266	0.85	85	15
2267	0.85	85	15
2268	0.86	86	14
2269	0.86	86	14
2270	0.87	87	13
2271	0.87	87	13
2272	0.87	87	13
2273	0.87	87	13
2274	0.87	87	13
2275	0.87	87	13
2276	0.87	87	13
2277	0.87	87	13
2278	0.88	88	12
2279	0.88	88	12
2280	0.88	88	12
2281	0.88	88	12
2282	0.87	87	13
2283	0.86	86	14
2284	0.86	86	14
2285	0.86	86	14
2286	0.86	86	14
2287	0.86	86	14
2288	0.85	85	15
2289	0.85	85	15
2290	0.84	84	16
2291	0.84	84	16
2292	0.84	84	16
2293	0.84	84	16
2294	0.84	84	16
2295	0.84	84	16
2296	0.84	84	16
2297	0.84	84	16
2298	0.84	84	16
2299	0.85	85	15
2300	0.85	85	15
2301	0.86	86	14
2302	0.85	85	15
2303	0.85	85	15
2304	0.85	85	15
2305	0.85	85	15
2306	0.85	85	15
2307	0.85	85	15
2308	0.85	85	15
2309	0.85	85	15
2310	0.85	85	15
2311	0.86	86	14
2312	0.86	86	14
2313	0.86	86	14
2314	0.86	86	14
2315	0.85	85	15
2316	0.85	85	15
2317	0.84	84	16
2318	0.84	84	16
2319	0.84	84	16
2320	0.84	84	16
2321	0.84	84	16
2322	0.85	85	15
2323	0.85	85	15
2324	0.84	84	16
2325	0.84	84	16
2326	0.84	84	16
2327	0.84	84	16
2328	0.84	84	16
2329	0.84	84	16
2330	0.84	84	16
2331	0.84	84	16
2332	0.84	84	16
2333	0.85	85	15
2334	0.85	85	15
2335	0.85	85	15
2336	0.85	85	15
2337	0.85	85	15
2338	0.85	85	15
2339	0.85	85	15
2340	0.85	85	15
2341	0.85	85	15
2342	0.84	84	16
2343	0.85	85	15
2344	0.85	85	15
2345	0.86	86	14
2346	0.86	86	14
2347	0.86	86	14
2348	0.86	86	14
2349	0.87	87	13
2350	0.86	86	14
2351	0.86	86	14
2352	0.85	85	15
2353	0.84	84	16
2354	0.84	84	16
2355	0.85	85	15
2356	0.85	85	15
2357	0.84	84	16
2358	0.84	84	16
2359	0.84	84	16
2360	0.84	84	16
2361	0.84	84	16
2362	0.84	84	16
2363	0.84	84	16
2364	0.84	84	16
2365	0.84	84	16
2366	0.84	84	16
2367	0.85	85	15
2368	0.85	85	15
2369	0.85	85	15
2370	0.85	85	15
2371	0.85	85	15
2372	0.85	85	15
2373	0.84	84	16
2374	0.83	83	17
2375	0.83	83	17
2376	0.83	83	17
2377	0.83	83	17
2378	0.83	83	17
2379	0.83	83	17
2380	0.83	83	17
2381	0.83	83	17
2382	0.84	84	16
2383	0.85	85	15
2384	0.85	85	15
2385	0.85	85	15
2386	0.85	85	15
2387	0.85	85	15
2388	0.86	86	14
2389	0.85	85	15
2390	0.86	86	14
2391	0.86	86	14
2392	0.85	85	15
2393	0.85	85	15
2394	0.85	85	15
2395	0.85	85	15
2396	0.85	85	15
2397	0.85	85	15
2398	0.85	85	15
2399	0.85	85	15
2400	0.86	86	14
2401	0.86	86	14
2402	0.87	87	13
2403	0.87	87	13
2404	0.87	87	13
2405	0.87	87	13
2406	0.87	87	13
2407	0.87	87	13
2408	0.87	87	13
2409	0.87	87	13
2410	0.87	87	13
2411	0.87	87	13
2412	0.88	88	12
2413	0.88	88	12
2414	0.87	87	13
2415	0.88	88	12
2416	0.88	88	12
2417	0.89	89	11
2418	0.89	89	11
2419	0.89	89	11
2420	0.89	89	11
2421	0.89	89	11
2422	0.89	89	11
2423	0.89	89	11
2424	0.90	90	10
2425	0.90	90	10
2426	0.90	90	10
2427	0.90	90	10
2428	0.90	90	10
2429	0.90	90	10
2430	0.90	90	10
2431	0.90	90	10
2432	0.90	90	10
2433	0.90	90	10
2434	0.90	90	10
2435	0.90	90	10
2436	0.90	90	10
2437	0.90	90	10
2438	0.90	90	10
2439	0.90	90	10
2440	0.90	90	10
2441	0.90	90	10
2442	0.91	91	9
2443	0.91	91	9
2444	0.91	91	9
2445	0.91	91	9
2446	0.91	91	9
2447	0.91	91	9
2448	0.91	91	9
2449	0.91	91	9
2450	0.92	92	8
2451	0.92	92	8
2452	0.93	93	7
2453	0.94	94	6
2454	0.94	94	6
2455	0.93	93	7
2456	0.93	93	7
2457	0.94	94	6
2458	0.94	94	6
2459	0.94	94	6
2460	0.94	94	6
2461	0.94	94	6
2462	0.94	94	6
2463	0.94	94	6
2464	0.94	94	6
2465	0.94	94	6
2466	0.94	94	6
2467	0.94	94	6
2468	0.94	94	6
2469	0.94	94	6
2470	0.94	94	6
2471	0.94	94	6
2472	0.93	93	7
2473	0.94	94	6
2474	0.95	95	5
2475	0.95	95	5
2476	0.95	95	5
2477	0.95	95	5
2478	0.95	95	5
2479	0.94	94	6
2480	0.94	94	6
2481	0.94	94	6
2482	0.94	94	6
2483	0.94	94	6
2484	0.93	93	7
2485	0.93	93	7
2486	0.93	93	7
2487	0.92	92	8
2488	0.92	92	8
2489	0.93	93	7
2490	0.93	93	7
2491	0.93	93	7
2492	0.94	94	6
2493	0.94	94	6
2494	0.94	94	6
2495	0.94	94	6
2496	0.94	94	6
2497	0.94	94	6
2498	0.94	94	6
2499	0.94	94	6
2500	0.94	94	6
2501	0.94	94	6
2502	0.94	94	6
2503	0.94	94	6
2504	0.94	94	6
2505	0.94	94	6
2506	0.94	94	6
2507	0.94	94	6
2508	0.94	94	6
2509	0.94	94	6
2510	0.94	94	6
2511	0.94	94	6
2512	0.94	94	6
2513	0.93	93	7
2514	0.94	94	6
2515	0.94	94	6
2516	0.94	94	6
2517	0.94	94	6
2518	0.94	94	6
2519	0.94	94	6
2520	0.94	94	6
2521	0.94	94	6
2522	0.94	94	6
2523	0.94	94	6
2524	0.94	94	6
2525	0.94	94	6
2526	0.94	94	6
2527	0.94	94	6
2528	0.94	94	6
2529	0.94	94	6
2530	0.94	94	6
2531	0.94	94	6
2532	0.94	94	6
2533	0.94	94	6
2534	0.94	94	6
2535	0.94	94	6
2536	0.94	94	6
2537	0.94	94	6
2538	0.94	94	6
2539	0.94	94	6
2540	0.94	94	6
2541	0.94	94	6
2542	0.94	94	6
2543	0.94	94	6
2544	0.94	94	6
2545	0.94	94	6
2546	0.94	94	6
2547	0.94	94	6
2548	0.94	94	6
2549	0.94	94	6
2550	0.94	94	6
2551	0.94	94	6
2552	0.94	94	6
2553	0.94	94	6
2554	0.94	94	6
2555	0.94	94	6
2556	0.94	94	6
2557	0.94	94	6
2558	0.94	94	6
2559	0.94	94	6
2560	0.93	93	7
2561	0.93	93	7
2562	0.92	92	8
2563	0.92	92	8
2564	0.92	92	8
2565	0.92	92	8
2566	0.92	92	8
2567	0.92	92	8
2568	0.92	92	8
2569	0.92	92	8
2570	0.92	92	8
2571	0.92	92	8
2572	0.93	93	7
2573	0.93	93	7
2574	0.93	93	7
2575	0.93	93	7
2576	0.93	93	7
2577	0.93	93	7
2578	0.93	93	7
2579	0.94	94	6
2580	0.94	94	6
2581	0.94	94	6
2582	0.94	94	6
2583	0.94	94	6
2584	0.95	95	5
2585	0.95	95	5
2586	0.95	95	5
2587	0.95	95	5
2588	0.95	95	5
2589	0.95	95	5
2590	0.95	95	5
2591	0.95	95	5
2592	0.95	95	5
2593	0.95	95	5
2594	0.95	95	5
2595	0.95	95	5
2596	0.95	95	5
2597	0.95	95	5
2598	0.94	94	6
2599	0.94	94	6
2600	0.94	94	6
2601	0.94	94	6
2602	0.94	94	6
2603	0.94	94	6
2604	0.94	94	6
2605	0.94	94	6
2606	0.94	94	6
2607	0.94	94	6
2608	0.94	94	6
2609	0.94	94	6
2610	0.94	94	6
2611	0.94	94	6
2612	0.94	94	6
2613	0.95	95	5
2614	0.95	95	5
2615	0.95	95	5
2616	0.95	95	5
2617	0.95	95	5
2618	0.95	95	5
2619	0.95	95	5
2620	0.95	95	5
2621	0.95	95	5
2622	0.95	95	5
2623	0.95	95	5
2624	0.95	95	5
2625	0.94	94	6
2626	0.94	94	6
2627	0.94	94	6
2628	0.94	94	6
2629	0.94	94	6
2630	0.94	94	6
2631	0.94	94	6
2632	0.94	94	6
2633	0.94	94	6
2634	0.94	94	6
2635	0.94	94	6
2636	0.94	94	6
2637	0.94	94	6
2638	0.94	94	6
2639	0.94	94	6
2640	0.94	94	6
2641	0.94	94	6
2642	0.93	93	7
2643	0.93	93	7
2644	0.93	93	7
2645	0.93	93	7
2646	0.92	92	8
2647	0.92	92	8
2648	0.92	92	8
2649	0.92	92	8
2650	0.92	92	8
2651	0.92	92	8
2652	0.92	92	8
2653	0.92	92	8
2654	0.92	92	8
2655	0.93	93	7
2656	0.93	93	7
2657	0.93	93	7
2658	0.93	93	7
2659	0.93	93	7
2660	0.94	94	6
2661	0.94	94	6
2662	0.95	95	5
2663	0.95	95	5
2664	0.95	95	5
2665	0.95	95	5
2666	0.95	95	5
2667	0.95	95	5
2668	0.95	95	5
2669	0.95	95	5
2670	0.95	95	5
2671	0.95	95	5
2672	0.95	95	5
2673	0.95	95	5
2674	0.95	95	5
2675	0.95	95	5
2676	0.95	95	5
2677	0.95	95	5
2678	0.95	95	5
2679	0.95	95	5
2680	0.95	95	5
2681	0.95	95	5
2682	0.95	95	5
2683	0.95	95	5
2684	0.95	95	5
2685	0.95	95	5
2686	0.95	95	5
2687	0.96	96	4
2688	0.96	96	4
2689	0.96	96	4
2690	0.96	96	4
2691	0.96	96	4
2692	0.95	95	5
2693	0.95	95	5
2694	0.95	95	5
2695	0.95	95	5
2696	0.95	95	5
2697	0.95	95	5
2698	0.96	96	4
2699	0.96	96	4
2700	0.96	96	4
2701	0.96	96	4
2702	0.96	96	4
2703	0.96	96	4
2704	0.96	96	4
2705	0.96	96	4
2706	0.95	95	5
2707	0.95	95	5
2708	0.95	95	5
2709	0.95	95	5
2710	0.95	95	5
2711	0.95	95	5
2712	0.95	95	5
2713	0.94	94	6
2714	0.94	94	6
2715	0.94	94	6
2716	0.94	94	6
2717	0.94	94	6
2718	0.94	94	6
2719	0.94	94	6
2720	0.94	94	6
2721	0.94	94	6
2722	0.94	94	6
2723	0.94	94	6
2724	0.94	94	6
2725	0.94	94	6
2726	0.94	94	6
2727	0.94	94	6
2728	0.94	94	6
2729	0.94	94	6
2730	0.94	94	6
2731	0.94	94	6
2732	0.94	94	6
2733	0.94	94	6
2734	0.94	94	6
2735	0.93	93	7
2736	0.93	93	7
2737	0.93	93	7
2738	0.93	93	7
2739	0.92	92	8
2740	0.92	92	8
2741	0.92	92	8
2742	0.93	93	7
2743	0.93	93	7
2744	0.92	92	8
2745	0.92	92	8
2746	0.93	93	7
2747	0.93	93	7
2748	0.93	93	7
2749	0.93	93	7
2750	0.93	93	7
2751	0.93	93	7
2752	0.93	93	7
2753	0.93	93	7
2754	0.93	93	7
2755	0.93	93	7
2756	0.93	93	7
2757	0.93	93	7
2758	0.93	93	7
2759	0.93	93	7
2760	0.93	93	7
2761	0.93	93	7
2762	0.93	93	7
2763	0.93	93	7
2764	0.92	92	8
2765	0.92	92	8
2766	0.92	92	8
2767	0.92	92	8
2768	0.92	92	8
2769	0.92	92	8
2770	0.92	92	8
2771	0.92	92	8
2772	0.92	92	8
2773	0.92	92	8
2774	0.92	92	8
2775	0.92	92	8
2776	0.92	92	8
2777	0.92	92	8
2778	0.92	92	8
2779	0.92	92	8
2780	0.92	92	8
2781	0.92	92	8
2782	0.91	91	9
2783	0.91	91	9
2784	0.90	90	10
2785	0.90	90	10
2786	0.90	90	10
2787	0.90	90	10
2788	0.90	90	10
2789	0.90	90	10
2790	0.90	90	10
2791	0.90	90	10
2792	0.91	91	9
2793	0.91	91	9
2794	0.91	91	9
2795	0.91	91	9
2796	0.91	91	9
2797	0.91	91	9
2798	0.91	91	9
2799	0.91	91	9
2800	0.91	91	9
2801	0.91	91	9
2802	0.91	91	9
2803	0.91	91	9
2804	0.91	91	9
2805	0.91	91	9
2806	0.92	92	8
2807	0.91	91	9
2808	0.91	91	9
2809	0.91	91	9
2810	0.91	91	9
2811	0.90	90	10
2812	0.90	90	10
2813	0.91	91	9
2814	0.91	91	9
2815	0.91	91	9
2816	0.90	90	10
2817	0.89	89	11
2818	0.89	89	11
2819	0.89	89	11
2820	0.89	89	11
2821	0.89	89	11
2822	0.89	89	11
2823	0.89	89	11
2824	0.89	89	11
2825	0.90	90	10
2826	0.90	90	10
2827	0.90	90	10
2828	0.90	90	10
2829	0.90	90	10
2830	0.90	90	10
2831	0.90	90	10
2832	0.90	90	10
2833	0.90	90	10
2834	0.90	90	10
2835	0.91	91	9
2836	0.91	91	9
2837	0.91	91	9
2838	0.90	90	10
2839	0.91	91	9
2840	0.91	91	9
2841	0.91	91	9
2842	0.91	91	9
2843	0.91	91	9
2844	0.92	92	8
2845	0.92	92	8
2846	0.92	92	8
2847	0.92	92	8
2848	0.92	92	8
2849	0.92	92	8
2850	0.92	92	8
2851	0.92	92	8
2852	0.92	92	8
2853	0.92	92	8
2854	0.92	92	8
2855	0.92	92	8
2856	0.92	92	8
2857	0.92	92	8
2858	0.92	92	8
2859	0.92	92	8
2860	0.92	92	8
2861	0.92	92	8
2862	0.92	92	8
2863	0.92	92	8
2864	0.93	93	7
2865	0.92	92	8
2866	0.92	92	8
2867	0.92	92	8
2868	0.92	92	8
2869	0.92	92	8
2870	0.92	92	8
2871	0.92	92	8
2872	0.92	92	8
2873	0.92	92	8
2874	0.91	91	9
2875	0.91	91	9
2876	0.91	91	9
2877	0.91	91	9
2878	0.91	91	9
2879	0.91	91	9
2880	0.91	91	9
2881	0.91	91	9
2882	0.92	92	8
2883	0.92	92	8
2884	0.93	93	7
2885	0.93	93	7
2886	0.93	93	7
2887	0.93	93	7
2888	0.93	93	7
2889	0.93	93	7
2890	0.93	93	7
2891	0.93	93	7
2892	0.93	93	7
2893	0.93	93	7
2894	0.93	93	7
2895	0.93	93	7
2896	0.93	93	7
2897	0.93	93	7
2898	0.93	93	7
2899	0.92	92	8
2900	0.92	92	8
2901	0.92	92	8
2902	0.92	92	8
2903	0.92	92	8
2904	0.92	92	8
2905	0.92	92	8
2906	0.91	91	9
2907	0.92	92	8
2908	0.92	92	8
2909	0.92	92	8
2910	0.92	92	8
2911	0.93	93	7
2912	0.93	93	7
2913	0.93	93	7
2914	0.93	93	7
2915	0.93	93	7
2916	0.94	94	6
2917	0.95	95	5
2918	0.95	95	5
2919	0.95	95	5
2920	0.95	95	5
2921	0.95	95	5
2922	0.95	95	5
2923	0.95	95	5
2924	0.95	95	5
2925	0.95	95	5
2926	0.95	95	5
2927	0.95	95	5
2928	0.95	95	5
2929	0.95	95	5
2930	0.95	95	5
2931	0.94	94	6
2932	0.94	94	6
2933	0.94	94	6
2934	0.94	94	6
2935	0.94	94	6
2936	0.94	94	6
2937	0.94	94	6
2938	0.95	95	5
2939	0.94	94	6
2940	0.94	94	6
2941	0.94	94	6
2942	0.94	94	6
2943	0.94	94	6
2944	0.94	94	6
2945	0.94	94	6
2946	0.94	94	6
2947	0.94	94	6
2948	0.94	94	6
2949	0.94	94	6
2950	0.94	94	6
2951	0.94	94	6
2952	0.94	94	6
2953	0.94	94	6
2954	0.94	94	6
2955	0.94	94	6
2956	0.94	94	6
2957	0.94	94	6
2958	0.94	94	6
2959	0.94	94	6
2960	0.94	94	6
2961	0.94	94	6
2962	0.94	94	6
2963	0.94	94	6
2964	0.94	94	6
2965	0.95	95	5
2966	0.94	94	6
2967	0.94	94	6
2968	0.94	94	6
2969	0.94	94	6
2970	0.94	94	6
2971	0.94	94	6
2972	0.94	94	6
2973	0.94	94	6
2974	0.95	95	5
2975	0.95	95	5
2976	0.94	94	6
2977	0.94	94	6
2978	0.94	94	6
2979	0.94	94	6
2980	0.94	94	6
2981	0.93	93	7
2982	0.93	93	7
2983	0.93	93	7
2984	0.93	93	7
2985	0.92	92	8
2986	0.92	92	8
2987	0.92	92	8
2988	0.92	92	8
2989	0.92	92	8
2990	0.92	92	8
2991	0.92	92	8
2992	0.92	92	8
2993	0.91	91	9
2994	0.91	91	9
2995	0.91	91	9
2996	0.91	91	9
2997	0.91	91	9
2998	0.91	91	9
2999	0.92	92	8
3000	0.09	91	9
3001	0.09	91	9
3002	0.09	91	9
3003	0.09	91	9
3004	0.09	91	9
3005	0.10	90	10
3006	0.10	90	10
3007	0.10	90	10
3008	0.10	90	10
3009	0.11	89	11
3010	0.11	89	11
3011	0.11	89	11
3012	0.11	89	11
3013	0.11	89	11
3014	0.12	88	12
3015	0.13	87	13
3016	0.14	86	14
3017	0.14	86	14
3018	0.14	86	14
3019	0.15	85	15
3020	0.16	84	16
3021	0.16	84	16
3022	0.17	83	17
3023	0.17	83	17
3024	0.17	83	17
3025	0.18	82	18
3026	0.19	81	19
3027	0.19	81	19
3028	0.20	80	20
3029	0.21	79	21
3030	0.21	79	21
3031	0.21	79	21
3032	0.21	79	21
3033	0.21	79	21
3034	0.21	79	21
3035	0.21	79	21
3036	0.22	78	22
3037	0.22	78	22
3038	0.23	77	23
3039	0.22	78	22
3040	0.22	78	22
3041	0.22	78	22
3042	0.22	78	22
3043	0.22	78	22
3044	0.22	78	22
3045	0.22	78	22
3046	0.23	77	23
3047	0.23	77	23
3048	0.23	77	23
3049	0.24	76	24
3050	0.24	76	24
3051	0.24	76	24
3052	0.24	76	24
3053	0.24	76	24
3054	0.25	75	25
3055	0.26	74	26
3056	0.26	74	26
3057	0.27	73	27
3058	0.27	73	27
3059	0.28	72	28
3060	0.29	71	29
3061	0.30	70	30
3062	0.31	69	31
3063	0.31	69	31
3064	0.32	68	32
3065	0.32	68	32
3066	0.32	68	32
3067	0.33	67	33
3068	0.33	67	33
3069	0.33	67	33
3070	0.34	66	34
3071	0.34	66	34
3072	0.34	66	34
3073	0.35	65	35
3074	0.36	64	36
3075	0.37	63	37
3076	0.37	63	37
3077	0.38	62	38
3078	0.39	61	39
3079	0.40	60	40
3080	0.40	60	40
3081	0.39	61	39
3082	0.39	61	39
3083	0.40	60	40
3084	0.40	60	40
3085	0.40	60	40
3086	0.40	60	40
3087	0.41	59	41
3088	0.41	59	41
3089	0.42	58	42
3090	0.43	57	43
3091	0.44	56	44
3092	0.44	56	44
3093	0.44	56	44
3094	0.45	55	45
3095	0.45	55	45
3096	0.46	54	46
3097	0.47	53	47
3098	0.48	52	48
3099	0.49	51	49
3100	0.49	51	49
3101	0.49	51	49
3102	0.49	51	49
3103	0.50	50	50
3104	0.51	49	51
3105	0.50	50	50
3106	0.50	50	50
3107	0.50	50	50
3108	0.51	49	51
3109	0.51	49	51
3110	0.52	48	52
3111	0.53	47	53
3112	0.54	46	54
3113	0.55	45	55
3114	0.55	45	55
3115	0.54	46	54
3116	0.54	46	54
3117	0.54	46	54
3118	0.55	45	55
3119	0.55	45	55
3120	0.55	45	55
3121	0.55	45	55
3122	0.54	46	54
3123	0.55	45	55
3124	0.55	45	55
3125	0.55	45	55
3126	0.55	45	55
3127	0.56	44	56
3128	0.56	44	56
3129	0.55	45	55
3130	0.56	44	56
3131	0.56	44	56
3132	0.57	43	57
3133	0.57	43	57
3134	0.57	43	57
3135	0.58	42	58
3136	0.58	42	58
3137	0.58	42	58
3138	0.57	43	57
3139	0.58	42	58
3140	0.59	41	59
3141	0.60	40	60
3142	0.61	39	61
3143	0.61	39	61
3144	0.62	38	62
3145	0.62	38	62
3146	0.62	38	62
3147	0.62	38	62
3148	0.63	37	63
3149	0.63	37	63
3150	0.64	36	64
3151	0.65	35	65
3152	0.65	35	65
3153	0.66	34	66
3154	0.66	34	66
3155	0.66	34	66
3156	0.66	34	66
3157	0.66	34	66
3158	0.67	33	67
3159	0.67	33	67
3160	0.67	33	67
3161	0.67	33	67
3162	0.67	33	67
3163	0.68	32	68
3164	0.67	33	67
3165	0.67	33	67
3166	0.67	33	67
3167	0.67	33	67
3168	0.68	32	68
3169	0.69	31	69
3170	0.69	31	69
3171	0.70	30	70
3172	0.71	29	71
3173	0.71	29	71
3174	0.71	29	71
3175	0.71	29	71
3176	0.71	29	71
3177	0.71	29	71
3178	0.71	29	71
3179	0.71	29	71
3180	0.72	28	72
3181	0.73	27	73
3182	0.74	26	74
3183	0.73	27	73
3184	0.73	27	73
3185	0.73	27	73
3186	0.74	26	74
3187	0.74	26	74
3188	0.75	25	75
3189	0.75	25	75
3190	0.75	25	75
3191	0.74	26	74
3192	0.75	25	75
3193	0.75	25	75
3194	0.75	25	75
3195	0.76	24	76
3196	0.76	24	76
3197	0.76	24	76
3198	0.76	24	76
3199	0.76	24	76
3200	0.75	25	75
3201	0.76	24	76
3202	0.77	23	77
3203	0.77	23	77
3204	0.77	23	77
3205	0.78	22	78
3206	0.78	22	78
3207	0.79	21	79
3208	0.79	21	79
3209	0.79	21	79
3210	0.79	21	79
3211	0.79	21	79
3212	0.79	21	79
3213	0.78	22	78
3214	0.78	22	78
3215	0.79	21	79
3216	0.79	21	79
3217	0.80	20	80
3218	0.80	20	80
3219	0.80	20	80
3220	0.80	20	80
3221	0.81	19	81
3222	0.81	19	81
3223	0.81	19	81
3224	0.82	18	82
3225	0.82	18	82
3226	0.82	18	82
3227	0.82	18	82
3228	0.82	18	82
3229	0.83	17	83
3230	0.83	17	83
3231	0.83	17	83
3232	0.83	17	83
3233	0.83	17	83
3234	0.84	16	84
3235	0.84	16	84
3236	0.83	17	83
3237	0.84	16	84
3238	0.85	15	85
3239	0.85	15	85
3240	0.85	15	85
3241	0.85	15	85
3242	0.85	15	85
3243	0.86	14	86
3244	0.86	14	86
3245	0.87	13	87
3246	0.87	13	87
3247	0.88	12	88
3248	0.88	12	88
3249	0.88	12	88
3250	0.88	12	88
3251	0.88	12	88
3252	0.89	11	89
3253	0.89	11	89
3254	0.89	11	89
3255	0.89	11	89
3256	0.89	11	89
3257	0.89	11	89
3258	0.89	11	89
3259	0.89	11	89
3260	0.89	11	89
3261	0.89	11	89
3262	0.89	11	89
3263	0.89	11	89
3264	0.89	11	89
3265	0.90	10	90
3266	0.89	11	89
3267	0.89	11	89
3268	0.89	11	89
3269	0.89	11	89
3270	0.89	11	89
3271	0.89	11	89
3272	0.89	11	89
3273	0.89	11	89
3274	0.89	11	89
3275	0.89	11	89
3276	0.89	11	89
3277	0.89	11	89
3278	0.89	11	89
3279	0.89	11	89
3280	0.89	11	89
3281	0.89	11	89
3282	0.89	11	89
3283	0.90	10	90
3284	0.91	9	91
3285	0.91	9	91
3286	0.91	9	91
3287	0.91	9	91
3288	0.91	9	91
3289	0.91	9	91
3290	0.91	9	91
3291	0.92	8	92
3292	0.92	8	92
3293	0.92	8	92
3294	0.92	8	92
3295	0.92	8	92
3296	0.91	9	91
3297	0.91	9	91
3298	0.91	9	91
3299	0.91	9	91
3300	0.92	8	92
3301	0.92	8	92
3302	0.92	8	92
3303	0.92	8	92
3304	0.92	8	92
3305	0.92	8	92
3306	0.91	9	91
3307	0.91	9	91
3308	0.91	9	91
3309	0.91	9	91
3310	0.91	9	91
3311	0.91	9	91
3312	0.91	9	91
3313	0.92	8	92
3314	0.92	8	92
3315	0.92	8	92
3316	0.92	8	92
3317	0.92	8	92
3318	0.92	8	92
3319	0.92	8	92
3320	0.92	8	92
3321	0.92	8	92
3322	0.93	7	93
3323	0.93	7	93
3324	0.93	7	93
3325	0.92	8	92
3326	0.92	8	92
3327	0.92	8	92
3328	0.92	8	92
3329	0.92	8	92
3330	0.92	8	92
3331	0.92	8	92
3332	0.92	8	92
3333	0.93	7	93
3334	0.93	7	93
3335	0.93	7	93
3336	0.94	6	94
3337	0.94	6	94
3338	0.93	7	93
3339	0.93	7	93
3340	0.93	7	93
3341	0.92	8	92
3342	0.92	8	92
3343	0.92	8	92
3344	0.92	8	92
3345	0.92	8	92
3346	0.92	8	92
3347	0.92	8	92
3348	0.92	8	92
3349	0.92	8	92
3350	0.92	8	92
3351	0.92	8	92
3352	0.92	8	92
3353	0.92	8	92
3354	0.92	8	92
3355	0.92	8	92
3356	0.93	7	93
3357	0.93	7	93
3358	0.93	7	93
3359	0.93	7	93
3360	0.93	7	93
3361	0.93	7	93
3362	0.93	7	93
3363	0.93	7	93
3364	0.94	6	94
3365	0.94	6	94
3366	0.95	5	95
3367	0.95	5	95
3368	0.95	5	95
3369	0.94	6	94
3370	0.94	6	94
3371	0.94	6	94
3372	0.94	6	94
3373	0.94	6	94
3374	0.94	6	94
3375	0.94	6	94
3376	0.94	6	94
3377	0.93	7	93
3378	0.93	7	93
3379	0.92	8	92
3380	0.92	8	92
3381	0.92	8	92
3382	0.92	8	92
3383	0.92	8	92
3384	0.92	8	92
3385	0.91	9	91
3386	0.91	9	91
3387	0.91	9	91
3388	0.91	9	91
3389	0.91	9	91
3390	0.91	9	91
3391	0.91	9	91
3392	0.91	9	91
3393	0.91	9	91
3394	0.91	9	91
3395	0.91	9	91
3396	0.92	8	92
3397	0.92	8	92
3398	0.92	8	92
3399	0.92	8	92
3400	0.92	8	92
3401	0.92	8	92
3402	0.92	8	92
3403	0.92	8	92
3404	0.91	9	91
3405	0.91	9	91
3406	0.92	8	92
3407	0.92	8	92
3408	0.92	8	92
3409	0.91	9	91
3410	0.91	9	91
3411	0.91	9	91
3412	0.91	9	91
3413	0.91	9	91
3414	0.91	9	91
3415	0.91	9	91
3416	0.91	9	91
3417	0.91	9	91
3418	0.91	9	91
3419	0.91	9	91
3420	0.91	9	91
3421	0.91	9	91
3422	0.91	9	91
3423	0.91	9	91
3424	0.91	9	91
3425	0.92	8	92
3426	0.92	8	92
3427	0.92	8	92
3428	0.92	8	92
3429	0.92	8	92
3430	0.92	8	92
3431	0.92	8	92
3432	0.92	8	92
3433	0.92	8	92
3434	0.92	8	92
3435	0.92	8	92
3436	0.92	8	92
3437	0.92	8	92
3438	0.93	7	93
3439	0.93	7	93
3440	0.93	7	93
3441	0.94	6	94
3442	0.94	6	94
3443	0.94	6	94
3444	0.94	6	94
3445	0.94	6	94
3446	0.94	6	94
3447	0.94	6	94
3448	0.94	6	94
3449	0.94	6	94
3450	0.94	6	94
3451	0.94	6	94
3452	0.93	7	93
3453	0.93	7	93
3454	0.93	7	93
3455	0.92	8	92
3456	0.92	8	92
3457	0.92	8	92
3458	0.92	8	92
3459	0.92	8	92
3460	0.91	9	91
3461	0.91	9	91
3462	0.91	9	91
3463	0.91	9	91
3464	0.91	9	91
3465	0.91	9	91
3466	0.91	9	91
3467	0.91	9	91
3468	0.91	9	91
3469	0.92	8	92
3470	0.92	8	92
3471	0.92	8	92
3472	0.92	8	92
3473	0.92	8	92
3474	0.92	8	92
3475	0.92	8	92
3476	0.92	8	92
3477	0.93	7	93
3478	0.93	7	93
3479	0.94	6	94
3480	0.93	7	93
3481	0.93	7	93
3482	0.93	7	93
3483	0.93	7	93
3484	0.93	7	93
3485	0.94	6	94
3486	0.94	6	94
3487	0.94	6	94
3488	0.93	7	93
3489	0.92	8	92
3490	0.92	8	92
3491	0.92	8	92
3492	0.92	8	92
3493	0.92	8	92
3494	0.92	8	92
3495	0.92	8	92
3496	0.92	8	92
3497	0.92	8	92
3498	0.92	8	92
3499	0.92	8	92
3500	0.92	8	92
3501	0.92	8	92
3502	0.91	9	91
3503	0.91	9	91
3504	0.92	8	92
3505	0.92	8	92
3506	0.92	8	92
3507	0.92	8	92
3508	0.92	8	92
3509	0.93	7	93
3510	0.93	7	93
3511	0.93	7	93
3512	0.93	7	93
3513	0.93	7	93
3514	0.93	7	93
3515	0.93	7	93
3516	0.93	7	93
3517	0.93	7	93
3518	0.93	7	93
3519	0.93	7	93
3520	0.93	7	93
3521	0.93	7	93
3522	0.93	7	93
3523	0.93	7	93
3524	0.93	7	93
3525	0.93	7	93
3526	0.93	7	93
3527	0.93	7	93
3528	0.93	7	93
3529	0.92	8	92
3530	0.92	8	92
3531	0.92	8	92
3532	0.91	9	91
3533	0.91	9	91
3534	0.91	9	91
3535	0.90	10	90
3536	0.90	10	90
3537	0.90	10	90
3538	0.90	10	90
3539	0.90	10	90
3540	0.90	10	90
3541	0.90	10	90
3542	0.90	10	90
3543	0.90	10	90
3544	0.90	10	90
3545	0.89	11	89
3546	0.89	11	89
3547	0.89	11	89
3548	0.89	11	89
3549	0.89	11	89
3550	0.89	11	89
3551	0.89	11	89
3552	0.90	10	90
3553	0.90	10	90
3554	0.90	10	90
3555	0.91	9	91
3556	0.91	9	91
3557	0.91	9	91
3558	0.91	9	91
3559	0.91	9	91
3560	0.92	8	92
3561	0.92	8	92
3562	0.92	8	92
3563	0.92	8	92
3564	0.92	8	92
3565	0.92	8	92
3566	0.92	8	92
3567	0.92	8	92
3568	0.92	8	92
3569	0.92	8	92
3570	0.92	8	92
3571	0.92	8	92
3572	0.91	9	91
3573	0.91	9	91
3574	0.91	9	91
3575	0.90	10	90
3576	0.90	10	90
3577	0.90	10	90
3578	0.90	10	90
3579	0.89	11	89
3580	0.90	10	90
3581	0.90	10	90
3582	0.90	10	90
3583	0.90	10	90
3584	0.90	10	90
3585	0.90	10	90
3586	0.90	10	90
3587	0.90	10	90
3588	0.91	9	91
3589	0.92	8	92
3590	0.92	8	92
3591	0.92	8	92
3592	0.92	8	92
3593	0.92	8	92
3594	0.92	8	92
3595	0.92	8	92
3596	0.91	9	91
3597	0.91	9	91
3598	0.91	9	91
3599	0.91	9	91
3600	0.91	9	91
3601	0.91	9	91
3602	0.91	9	91
3603	0.91	9	91
3604	0.91	9	91
3605	0.91	9	91
3606	0.91	9	91
3607	0.91	9	91
3608	0.90	10	90
3609	0.90	10	90
3610	0.89	11	89
3611	0.89	11	89
3612	0.89	11	89
3613	0.89	11	89
3614	0.89	11	89
3615	0.88	12	88
3616	0.88	12	88
3617	0.88	12	88
3618	0.88	12	88
3619	0.88	12	88
3620	0.88	12	88
3621	0.88	12	88
3622	0.88	12	88
3623	0.88	12	88
3624	0.88	12	88
3625	0.88	12	88
3626	0.88	12	88
3627	0.88	12	88
3628	0.88	12	88
3629	0.89	11	89
3630	0.89	11	89
3631	0.89	11	89
3632	0.90	10	90
3633	0.90	10	90
3634	0.89	11	89
3635	0.90	10	90
3636	0.89	11	89
3637	0.89	11	89
3638	0.89	11	89
3639	0.89	11	89
3640	0.89	11	89
3641	0.89	11	89
3642	0.88	12	88
3643	0.88	12	88
3644	0.88	12	88
3645	0.89	11	89
3646	0.89	11	89
3647	0.89	11	89
3648	0.89	11	89
3649	0.89	11	89
3650	0.89	11	89
3651	0.88	12	88
3652	0.88	12	88
3653	0.88	12	88
3654	0.88	12	88
3655	0.88	12	88
3656	0.88	12	88
3657	0.88	12	88
3658	0.88	12	88
3659	0.88	12	88
3660	0.88	12	88
3661	0.88	12	88
3662	0.88	12	88
3663	0.88	12	88
3664	0.88	12	88
3665	0.88	12	88
3666	0.87	13	87
3667	0.87	13	87
3668	0.87	13	87
3669	0.87	13	87
3670	0.87	13	87
3671	0.87	13	87
3672	0.88	12	88
3673	0.88	12	88
3674	0.88	12	88
3675	0.89	11	89
3676	0.89	11	89
3677	0.89	11	89
3678	0.89	11	89
3679	0.90	10	90
3680	0.90	10	90
3681	0.90	10	90
3682	0.90	10	90
3683	0.90	10	90
3684	0.90	10	90
3685	0.90	10	90
3686	0.90	10	90
3687	0.90	10	90
3688	0.90	10	90
3689	0.89	11	89
3690	0.89	11	89
3691	0.89	11	89
3692	0.89	11	89
3693	0.89	11	89
3694	0.89	11	89
3695	0.89	11	89
3696	0.90	10	90
3697	0.89	11	89
3698	0.89	11	89
3699	0.89	11	89
3700	0.89	11	89
3701	0.89	11	89
3702	0.90	10	90
3703	0.90	10	90
3704	0.90	10	90
3705	0.89	11	89
3706	0.89	11	89
3707	0.89	11	89
3708	0.90	10	90
3709	0.90	10	90
3710	0.91	9	91
3711	0.91	9	91
3712	0.91	9	91
3713	0.91	9	91
3714	0.91	9	91
3715	0.92	8	92
3716	0.91	9	91
3717	0.91	9	91
3718	0.91	9	91
3719	0.91	9	91
3720	0.91	9	91
3721	0.91	9	91
3722	0.91	9	91
3723	0.91	9	91
3724	0.91	9	91
3725	0.91	9	91
3726	0.90	10	90
3727	0.90	10	90
3728	0.90	10	90
3729	0.90	10	90
3730	0.90	10	90
3731	0.90	10	90
3732	0.90	10	90
3733	0.90	10	90
3734	0.91	9	91
3735	0.90	10	90
3736	0.91	9	91
3737	0.91	9	91
3738	0.91	9	91
3739	0.91	9	91
3740	0.91	9	91
3741	0.91	9	91
3742	0.92	8	92
3743	0.92	8	92
3744	0.92	8	92
3745	0.92	8	92
3746	0.92	8	92
3747	0.92	8	92
3748	0.92	8	92
3749	0.91	9	91
3750	0.91	9	91
3751	0.92	8	92
3752	0.92	8	92
3753	0.92	8	92
3754	0.92	8	92
3755	0.92	8	92
3756	0.92	8	92
3757	0.92	8	92
3758	0.92	8	92
3759	0.92	8	92
3760	0.92	8	92
3761	0.92	8	92
3762	0.92	8	92
3763	0.92	8	92
3764	0.92	8	92
3765	0.92	8	92
3766	0.93	7	93
3767	0.93	7	93
3768	0.93	7	93
3769	0.93	7	93
3770	0.93	7	93
3771	0.93	7	93
3772	0.93	7	93
3773	0.92	8	92
3774	0.92	8	92
3775	0.92	8	92
3776	0.92	8	92
3777	0.92	8	92
3778	0.92	8	92
3779	0.92	8	92
3780	0.92	8	92
3781	0.92	8	92
3782	0.91	9	91
3783	0.91	9	91
3784	0.91	9	91
3785	0.91	9	91
3786	0.91	9	91
3787	0.91	9	91
3788	0.91	9	91
3789	0.92	8	92
3790	0.92	8	92
3791	0.92	8	92
3792	0.92	8	92
3793	0.92	8	92
3794	0.92	8	92
3795	0.91	9	91
3796	0.91	9	91
3797	0.92	8	92
3798	0.92	8	92
3799	0.92	8	92
3800	0.92	8	92
3801	0.92	8	92
3802	0.92	8	92
3803	0.92	8	92
3804	0.92	8	92
3805	0.93	7	93
3806	0.93	7	93
3807	0.93	7	93
3808	0.93	7	93
3809	0.93	7	93
3810	0.93	7	93
3811	0.93	7	93
3812	0.93	7	93
3813	0.93	7	93
3814	0.93	7	93
3815	0.93	7	93
3816	0.94	6	94
3817	0.94	6	94
3818	0.94	6	94
3819	0.94	6	94
3820	0.94	6	94
3821	0.94	6	94
3822	0.94	6	94
3823	0.94	6	94
3824	0.94	6	94
3825	0.94	6	94
3826	0.95	5	95
3827	0.95	5	95
3828	0.95	5	95
3829	0.95	5	95
3830	0.95	5	95
3831	0.95	5	95
3832	0.95	5	95
3833	0.95	5	95
3834	0.95	5	95
3835	0.96	4	96
3836	0.95	5	95
3837	0.95	5	95
3838	0.95	5	95
3839	0.95	5	95
3840	0.95	5	95
3841	0.95	5	95
3842	0.95	5	95
3843	0.95	5	95
3844	0.95	5	95
3845	0.95	5	95
3846	0.95	5	95
3847	0.95	5	95
3848	0.95	5	95
3849	0.96	4	96
3850	0.96	4	96
3851	0.95	5	95
3852	0.95	5	95
3853	0.95	5	95
3854	0.95	5	95
3855	0.95	5	95
3856	0.95	5	95
3857	0.95	5	95
3858	0.94	6	94
3859	0.94	6	94
3860	0.94	6	94
3861	0.94	6	94
3862	0.94	6	94
3863	0.94	6	94
3864	0.94	6	94
3865	0.93	7	93
3866	0.93	7	93
3867	0.93	7	93
3868	0.93	7	93
3869	0.93	7	93
3870	0.93	7	93
3871	0.93	7	93
3872	0.93	7	93
3873	0.94	6	94
3874	0.94	6	94
3875	0.94	6	94
3876	0.94	6	94
3877	0.94	6	94
3878	0.94	6	94
3879	0.94	6	94
3880	0.94	6	94
3881	0.94	6	94
3882	0.95	5	95
3883	0.95	5	95
3884	0.95	5	95
3885	0.95	5	95
3886	0.95	5	95
3887	0.95	5	95
3888	0.95	5	95
3889	0.95	5	95
3890	0.95	5	95
3891	0.95	5	95
3892	0.95	5	95
3893	0.95	5	95
3894	0.95	5	95
3895	0.96	4	96
3896	0.96	4	96
3897	0.96	4	96
3898	0.96	4	96
3899	0.96	4	96
3900	0.96	4	96
3901	0.96	4	96
3902	0.96	4	96
3903	0.96	4	96
3904	0.96	4	96
3905	0.96	4	96
3906	0.96	4	96
3907	0.96	4	96
3908	0.96	4	96
3909	0.96	4	96
3910	0.96	4	96
3911	0.96	4	96
3912	0.96	4	96
3913	0.96	4	96
3914	0.96	4	96
3915	0.96	4	96
3916	0.96	4	96
3917	0.96	4	96
3918	0.96	4	96
3919	0.96	4	96
3920	0.95	5	95
3921	0.95	5	95
3922	0.95	5	95
3923	0.95	5	95
3924	0.95	5	95
3925	0.95	5	95
3926	0.95	5	95
3927	0.95	5	95
3928	0.95	5	95
3929	0.95	5	95
3930	0.95	5	95
3931	0.95	5	95
3932	0.95	5	95
3933	0.94	6	94
3934	0.94	6	94
3935	0.94	6	94
3936	0.95	5	95
3937	0.95	5	95
3938	0.95	5	95
3939	0.95	5	95
3940	0.95	5	95
3941	0.95	5	95
3942	0.95	5	95
3943	0.95	5	95
3944	0.95	5	95
3945	0.95	5	95
3946	0.94	6	94
3947	0.94	6	94
3948	0.94	6	94
3949	0.94	6	94
3950	0.94	6	94
3951	0.95	5	95
3952	0.95	5	95
3953	0.95	5	95
3954	0.95	5	95
3955	0.95	5	95
3956	0.95	5	95
3957	0.95	5	95
3958	0.96	4	96
3959	0.96	4	96
3960	0.96	4	96
3961	0.96	4	96
3962	0.96	4	96
3963	0.96	4	96
3964	0.96	4	96
3965	0.97	3	97
3966	0.97	3	97
3967	0.97	3	97
3968	0.97	3	97
3969	0.97	3	97
3970	0.97	3	97
3971	0.97	3	97
3972	0.97	3	97
3973	0.97	3	97
3974	0.97	3	97
3975	0.97	3	97
3976	0.97	3	97
3977	0.97	3	97
3978	0.97	3	97
3979	0.97	3	97
3980	0.97	3	97
3981	0.97	3	97
3982	0.97	3	97
3983	0.97	3	97
3984	0.97	3	97
3985	0.97	3	97
3986	0.97	3	97
3987	0.97	3	97
3988	0.97	3	97
3989	0.97	3	97
3990	0.97	3	97
3991	0.97	3	97
3992	0.97	3	97
3993	0.97	3	97
3994	0.97	3	97
3995	0.97	3	97
3996	0.97	3	97
3997	0.97	3	97
3998	0.97	3	97
3999	0.97	3	97
4000	0.03	3	97
4001	0.03	3	97
4002	0.03	3	97
4003	0.03	3	97
4004	0.03	3	97
4005	0.04	4	96
4006	0.04	4	96
4007	0.05	5	95
4008	0.05	5	95
4009	0.05	5	95
4010	0.05	5	95
4011	0.05	5	95
4012	0.05	5	95
4013	0.06	6	94
4014	0.07	7	93
4015	0.08	8	92
4016	0.08	8	92
4017	0.09	9	91
4018	0.09	9	91
4019	0.09	9	91
4020	0.08	8	92
4021	0.09	9	91
4022	0.09	9	91
4023	0.10	10	90
4024	0.10	10	90
4025	0.10	10	90
4026	0.10	10	90
4027	0.10	10	90
4028	0.11	11	89
4029	0.11	11	89
4030	0.11	11	89
4031	0.11	11	89
4032	0.11	11	89
4033	0.10	10	90
4034	0.10	10	90
4035	0.10	10	90
4036	0.10	10	90
4037	0.10	10	90
4038	0.10	10	90
4039	0.11	11	89
4040	0.11	11	89
4041	0.12	12	88
4042	0.12	12	88
4043	0.12	12	88
4044	0.12	12	88
4045	0.12	12	88
4046	0.11	11	89
4047	0.11	11	89
4048	0.12	12	88
4049	0.12	12	88
4050	0.12	12	88
4051	0.13	13	87
4052	0.13	13	87
4053	0.13	13	87
4054	0.13	13	87
4055	0.13	13	87
4056	0.13	13	87
4057	0.14	14	86
4058	0.14	14	86
4059	0.15	15	85
4060	0.15	15	85
4061	0.16	16	84
4062	0.16	16	84
4063	0.16	16	84
4064	0.16	16	84
4065	0.16	16	84
4066	0.16	16	84
4067	0.17	17	83
4068	0.18	18	82
4069	0.19	19	81
4070	0.20	20	80
4071	0.20	20	80
4072	0.20	20	80
4073	0.20	20	80
4074	0.20	20	80
4075	0.20	20	80
4076	0.21	21	79
4077	0.22	22	78
4078	0.23	23	77
4079	0.24	24	76
4080	0.24	24	76
4081	0.25	25	75
4082	0.26	26	74
4083	0.26	26	74
4084	0.27	27	73
4085	0.27	27	73
4086	0.27	27	73
4087	0.27	27	73
4088	0.27	27	73
4089	0.28	28	72
4090	0.29	29	71
4091	0.30	30	70
4092	0.30	30	70
4093	0.30	30	70
4094	0.30	30	70
4095	0.31	31	69
4096	0.32	32	68
4097	0.32	32	68
4098	0.33	33	67
4099	0.33	33	67
4100	0.34	34	66
4101	0.35	35	65
4102	0.36	36	64
4103	0.36	36	64
4104	0.37	37	63
4105	0.37	37	63
4106	0.38	38	62
4107	0.37	37	63
4108	0.37	37	63
4109	0.37	37	63
4110	0.38	38	62
4111	0.39	39	61
4112	0.40	40	60
4113	0.40	40	60
4114	0.39	39	61
4115	0.39	39	61
4116	0.40	40	60
4117	0.39	39	61
4118	0.40	40	60
4119	0.41	41	59
4120	0.41	41	59
4121	0.41	41	59
4122	0.42	42	58
4123	0.42	42	58
4124	0.43	43	57
4125	0.44	44	56
4126	0.44	44	56
4127	0.45	45	55
4128	0.45	45	55
4129	0.45	45	55
4130	0.46	46	54
4131	0.47	47	53
4132	0.48	48	52
4133	0.49	49	51
4134	0.50	50	50
4135	0.51	51	49
4136	0.52	52	48
4137	0.53	53	47
4138	0.53	53	47
4139	0.53	53	47
4140	0.54	54	46
4141	0.54	54	46
4142	0.55	55	45
4143	0.56	56	44
4144	0.57	57	43
4145	0.57	57	43
4146	0.58	58	42
4147	0.59	59	41
4148	0.59	59	41
4149	0.60	60	40
4150	0.61	61	39
4151	0.61	61	39
4152	0.62	62	38
4153	0.63	63	37
4154	0.64	64	36
4155	0.65	65	35
4156	0.66	66	34
4157	0.66	66	34
4158	0.67	67	33
4159	0.67	67	33
4160	0.68	68	32
4161	0.67	67	33
4162	0.67	67	33
4163	0.68	68	32
4164	0.69	69	31
4165	0.70	70	30
4166	0.71	71	29
4167	0.70	70	30
4168	0.70	70	30
4169	0.70	70	30
4170	0.70	70	30
4171	0.70	70	30
4172	0.71	71	29
4173	0.72	72	28
4174	0.73	73	27
4175	0.74	74	26
4176	0.74	74	26
4177	0.74	74	26
4178	0.74	74	26
4179	0.73	73	27
4180	0.74	74	26
4181	0.73	73	27
4182	0.73	73	27
4183	0.74	74	26
4184	0.74	74	26
4185	0.75	75	25
4186	0.76	76	24
4187	0.77	77	23
4188	0.78	78	22
4189	0.78	78	22
4190	0.78	78	22
4191	0.78	78	22
4192	0.79	79	21
4193	0.80	80	20
4194	0.81	81	19
4195	0.81	81	19
4196	0.80	80	20
4197	0.81	81	19
4198	0.81	81	19
4199	0.82	82	18
4200	0.82	82	18
4201	0.82	82	18
4202	0.82	82	18
4203	0.83	83	17
4204	0.83	83	17
4205	0.82	82	18
4206	0.82	82	18
4207	0.82	82	18
4208	0.83	83	17
4209	0.84	84	16
4210	0.84	84	16
4211	0.84	84	16
4212	0.84	84	16
4213	0.84	84	16
4214	0.85	85	15
4215	0.85	85	15
4216	0.84	84	16
4217	0.85	85	15
4218	0.85	85	15
4219	0.85	85	15
4220	0.86	86	14
4221	0.86	86	14
4222	0.86	86	14
4223	0.86	86	14
4224	0.86	86	14
4225	0.85	85	15
4226	0.86	86	14
4227	0.86	86	14
4228	0.86	86	14
4229	0.87	87	13
4230	0.86	86	14
4231	0.86	86	14
4232	0.86	86	14
4233	0.86	86	14
4234	0.86	86	14
4235	0.86	86	14
4236	0.86	86	14
4237	0.86	86	14
4238	0.87	87	13
4239	0.87	87	13
4240	0.87	87	13
4241	0.87	87	13
4242	0.87	87	13
4243	0.87	87	13
4244	0.87	87	13
4245	0.88	88	12
4246	0.88	88	12
4247	0.88	88	12
4248	0.88	88	12
4249	0.88	88	12
4250	0.88	88	12
4251	0.88	88	12
4252	0.88	88	12
4253	0.88	88	12
4254	0.88	88	12
4255	0.88	88	12
4256	0.88	88	12
4257	0.88	88	12
4258	0.88	88	12
4259	0.88	88	12
4260	0.88	88	12
4261	0.89	89	11
4262	0.90	90	10
4263	0.90	90	10
4264	0.90	90	10
4265	0.90	90	10
4266	0.90	90	10
4267	0.90	90	10
4268	0.90	90	10
4269	0.89	89	11
4270	0.89	89	11
4271	0.90	90	10
4272	0.90	90	10
4273	0.90	90	10
4274	0.90	90	10
4275	0.90	90	10
4276	0.90	90	10
4277	0.90	90	10
4278	0.90	90	10
4279	0.91	91	9
4280	0.91	91	9
4281	0.92	92	8
4282	0.92	92	8
4283	0.92	92	8
4284	0.92	92	8
4285	0.92	92	8
4286	0.92	92	8
4287	0.92	92	8
4288	0.91	91	9
4289	0.91	91	9
4290	0.91	91	9
4291	0.91	91	9
4292	0.91	91	9
4293	0.91	91	9
4294	0.90	90	10
4295	0.90	90	10
4296	0.91	91	9
4297	0.91	91	9
4298	0.91	91	9
4299	0.90	90	10
4300	0.90	90	10
4301	0.90	90	10
4302	0.90	90	10
4303	0.90	90	10
4304	0.90	90	10
4305	0.91	91	9
4306	0.91	91	9
4307	0.92	92	8
4308	0.92	92	8
4309	0.92	92	8
4310	0.92	92	8
4311	0.92	92	8
4312	0.92	92	8
4313	0.92	92	8
4314	0.92	92	8
4315	0.92	92	8
4316	0.93	93	7
4317	0.93	93	7
4318	0.93	93	7
4319	0.93	93	7
4320	0.93	93	7
4321	0.93	93	7
4322	0.93	93	7
4323	0.93	93	7
4324	0.93	93	7
4325	0.94	94	6
4326	0.94	94	6
4327	0.93	93	7
4328	0.93	93	7
4329	0.93	93	7
4330	0.93	93	7
4331	0.93	93	7
4332	0.93	93	7
4333	0.93	93	7
4334	0.93	93	7
4335	0.93	93	7
4336	0.93	93	7
4337	0.93	93	7
4338	0.93	93	7
4339	0.93	93	7
4340	0.92	92	8
4341	0.92	92	8
4342	0.92	92	8
4343	0.92	92	8
4344	0.92	92	8
4345	0.92	92	8
4346	0.92	92	8
4347	0.92	92	8
4348	0.92	92	8
4349	0.91	91	9
4350	0.91	91	9
4351	0.90	90	10
4352	0.90	90	10
4353	0.90	90	10
4354	0.90	90	10
4355	0.89	89	11
4356	0.89	89	11
4357	0.89	89	11
4358	0.89	89	11
4359	0.89	89	11
4360	0.89	89	11
4361	0.88	88	12
4362	0.88	88	12
4363	0.88	88	12
4364	0.88	88	12
4365	0.87	87	13
4366	0.87	87	13
4367	0.88	88	12
4368	0.88	88	12
4369	0.89	89	11
4370	0.89	89	11
4371	0.89	89	11
4372	0.88	88	12
4373	0.88	88	12
4374	0.88	88	12
4375	0.88	88	12
4376	0.88	88	12
4377	0.88	88	12
4378	0.88	88	12
4379	0.88	88	12
4380	0.88	88	12
4381	0.87	87	13
4382	0.87	87	13
4383	0.87	87	13
4384	0.87	87	13
4385	0.87	87	13
4386	0.87	87	13
4387	0.87	87	13
4388	0.88	88	12
4389	0.88	88	12
4390	0.88	88	12
4391	0.88	88	12
4392	0.88	88	12
4393	0.87	87	13
4394	0.88	88	12
4395	0.88	88	12
4396	0.88	88	12
4397	0.88	88	12
4398	0.88	88	12
4399	0.89	89	11
4400	0.89	89	11
4401	0.89	89	11
4402	0.89	89	11
4403	0.89	89	11
4404	0.89	89	11
4405	0.89	89	11
4406	0.88	88	12
4407	0.87	87	13
4408	0.87	87	13
4409	0.87	87	13
4410	0.87	87	13
4411	0.87	87	13
4412	0.86	86	14
4413	0.85	85	15
4414	0.85	85	15
4415	0.85	85	15
4416	0.84	84	16
4417	0.84	84	16
4418	0.84	84	16
4419	0.84	84	16
4420	0.84	84	16
4421	0.84	84	16
4422	0.84	84	16
4423	0.84	84	16
4424	0.84	84	16
4425	0.83	83	17
4426	0.83	83	17
4427	0.84	84	16
4428	0.84	84	16
4429	0.84	84	16
4430	0.85	85	15
4431	0.85	85	15
4432	0.85	85	15
4433	0.85	85	15
4434	0.85	85	15
4435	0.85	85	15
4436	0.85	85	15
4437	0.84	84	16
4438	0.84	84	16
4439	0.84	84	16
4440	0.85	85	15
4441	0.84	84	16
4442	0.84	84	16
4443	0.84	84	16
4444	0.84	84	16
4445	0.84	84	16
4446	0.83	83	17
4447	0.83	83	17
4448	0.83	83	17
4449	0.84	84	16
4450	0.84	84	16
4451	0.85	85	15
4452	0.85	85	15
4453	0.85	85	15
4454	0.85	85	15
4455	0.86	86	14
4456	0.86	86	14
4457	0.86	86	14
4458	0.86	86	14
4459	0.86	86	14
4460	0.86	86	14
4461	0.87	87	13
4462	0.87	87	13
4463	0.87	87	13
4464	0.86	86	14
4465	0.87	87	13
4466	0.87	87	13
4467	0.87	87	13
4468	0.87	87	13
4469	0.87	87	13
4470	0.87	87	13
4471	0.87	87	13
4472	0.88	88	12
4473	0.88	88	12
4474	0.88	88	12
4475	0.88	88	12
4476	0.88	88	12
4477	0.88	88	12
4478	0.88	88	12
4479	0.88	88	12
4480	0.88	88	12
4481	0.89	89	11
4482	0.88	88	12
4483	0.88	88	12
4484	0.88	88	12
4485	0.88	88	12
4486	0.87	87	13
4487	0.87	87	13
4488	0.87	87	13
4489	0.87	87	13
4490	0.87	87	13
4491	0.87	87	13
4492	0.87	87	13
4493	0.88	88	12
4494	0.88	88	12
4495	0.88	88	12
4496	0.88	88	12
4497	0.88	88	12
4498	0.88	88	12
4499	0.88	88	12
4500	0.88	88	12
4501	0.88	88	12
4502	0.88	88	12
4503	0.88	88	12
4504	0.88	88	12
4505	0.88	88	12
4506	0.89	89	11
4507	0.90	90	10
4508	0.90	90	10
4509	0.90	90	10
4510	0.90	90	10
4511	0.90	90	10
4512	0.91	91	9
4513	0.92	92	8
4514	0.92	92	8
4515	0.91	91	9
4516	0.92	92	8
4517	0.92	92	8
4518	0.92	92	8
4519	0.92	92	8
4520	0.92	92	8
4521	0.92	92	8
4522	0.91	91	9
4523	0.91	91	9
4524	0.91	91	9
4525	0.92	92	8
4526	0.92	92	8
4527	0.92	92	8
4528	0.92	92	8
4529	0.92	92	8
4530	0.92	92	8
4531	0.92	92	8
4532	0.92	92	8
4533	0.91	91	9
4534	0.91	91	9
4535	0.90	90	10
4536	0.90	90	10
4537	0.91	91	9
4538	0.90	90	10
4539	0.90	90	10
4540	0.90	90	10
4541	0.91	91	9
4542	0.91	91	9
4543	0.91	91	9
4544	0.91	91	9
4545	0.91	91	9
4546	0.92	92	8
4547	0.92	92	8
4548	0.91	91	9
4549	0.91	91	9
4550	0.91	91	9
4551	0.91	91	9
4552	0.91	91	9
4553	0.91	91	9
4554	0.91	91	9
4555	0.91	91	9
4556	0.91	91	9
4557	0.91	91	9
4558	0.91	91	9
4559	0.91	91	9
4560	0.91	91	9
4561	0.91	91	9
4562	0.91	91	9
4563	0.91	91	9
4564	0.92	92	8
4565	0.92	92	8
4566	0.92	92	8
4567	0.92	92	8
4568	0.92	92	8
4569	0.92	92	8
4570	0.92	92	8
4571	0.92	92	8
4572	0.92	92	8
4573	0.92	92	8
4574	0.92	92	8
4575	0.92	92	8
4576	0.92	92	8
4577	0.92	92	8
4578	0.92	92	8
4579	0.92	92	8
4580	0.92	92	8
4581	0.92	92	8
4582	0.93	93	7
4583	0.93	93	7
4584	0.93	93	7
4585	0.93	93	7
4586	0.94	94	6
4587	0.94	94	6
4588	0.94	94	6
4589	0.94	94	6
4590	0.94	94	6
4591	0.94	94	6
4592	0.94	94	6
4593	0.94	94	6
4594	0.94	94	6
4595	0.94	94	6
4596	0.93	93	7
4597	0.93	93	7
4598	0.93	93	7
4599	0.93	93	7
4600	0.93	93	7
4601	0.93	93	7
4602	0.93	93	7
4603	0.93	93	7
4604	0.93	93	7
4605	0.93	93	7
4606	0.93	93	7
4607	0.93	93	7
4608	0.93	93	7
4609	0.93	93	7
4610	0.92	92	8
4611	0.92	92	8
4612	0.92	92	8
4613	0.91	91	9
4614	0.90	90	10
4615	0.91	91	9
4616	0.91	91	9
4617	0.91	91	9
4618	0.91	91	9
4619	0.91	91	9
4620	0.91	91	9
4621	0.91	91	9
4622	0.92	92	8
4623	0.92	92	8
4624	0.92	92	8
4625	0.92	92	8
4626	0.91	91	9
4627	0.91	91	9
4628	0.91	91	9
4629	0.91	91	9
4630	0.91	91	9
4631	0.91	91	9
4632	0.91	91	9
4633	0.92	92	8
4634	0.92	92	8
4635	0.93	93	7
4636	0.93	93	7
4637	0.93	93	7
4638	0.94	94	6
4639	0.94	94	6
4640	0.94	94	6
4641	0.94	94	6
4642	0.94	94	6
4643	0.94	94	6
4644	0.94	94	6
4645	0.94	94	6
4646	0.94	94	6
4647	0.94	94	6
4648	0.95	95	5
4649	0.95	95	5
4650	0.95	95	5
4651	0.95	95	5
4652	0.95	95	5
4653	0.95	95	5
4654	0.95	95	5
4655	0.95	95	5
4656	0.95	95	5
4657	0.95	95	5
4658	0.95	95	5
4659	0.95	95	5
4660	0.95	95	5
4661	0.95	95	5
4662	0.95	95	5
4663	0.95	95	5
4664	0.95	95	5
4665	0.95	95	5
4666	0.95	95	5
4667	0.95	95	5
4668	0.95	95	5
4669	0.95	95	5
4670	0.95	95	5
4671	0.95	95	5
4672	0.95	95	5
4673	0.95	95	5
4674	0.95	95	5
4675	0.95	95	5
4676	0.95	95	5
4677	0.95	95	5
4678	0.95	95	5
4679	0.95	95	5
4680	0.95	95	5
4681	0.95	95	5
4682	0.95	95	5
4683	0.95	95	5
4684	0.95	95	5
4685	0.95	95	5
4686	0.94	94	6
4687	0.94	94	6
4688	0.94	94	6
4689	0.94	94	6
4690	0.94	94	6
4691	0.94	94	6
4692	0.94	94	6
4693	0.94	94	6
4694	0.94	94	6
4695	0.94	94	6
4696	0.95	95	5
4697	0.95	95	5
4698	0.95	95	5
4699	0.95	95	5
4700	0.95	95	5
4701	0.95	95	5
4702	0.95	95	5
4703	0.95	95	5
4704	0.95	95	5
4705	0.95	95	5
4706	0.94	94	6
4707	0.94	94	6
4708	0.94	94	6
4709	0.94	94	6
4710	0.95	95	5
4711	0.95	95	5
4712	0.95	95	5
4713	0.96	96	4
4714	0.97	97	3
4715	0.96	96	4
4716	0.96	96	4
4717	0.96	96	4
4718	0.95	95	5
4719	0.95	95	5
4720	0.94	94	6
4721	0.94	94	6
4722	0.94	94	6
4723	0.94	94	6
4724	0.94	94	6
4725	0.94	94	6
4726	0.95	95	5
4727	0.95	95	5
4728	0.94	94	6
4729	0.94	94	6
4730	0.94	94	6
4731	0.94	94	6
4732	0.94	94	6
4733	0.93	93	7
4734	0.93	93	7
4735	0.93	93	7
4736	0.93	93	7
4737	0.93	93	7
4738	0.93	93	7
4739	0.93	93	7
4740	0.93	93	7
4741	0.93	93	7
4742	0.93	93	7
4743	0.93	93	7
4744	0.93	93	7
4745	0.93	93	7
4746	0.93	93	7
4747	0.93	93	7
4748	0.92	92	8
4749	0.92	92	8
4750	0.92	92	8
4751	0.92	92	8
4752	0.92	92	8
4753	0.92	92	8
4754	0.92	92	8
4755	0.92	92	8
4756	0.92	92	8
4757	0.91	91	9
4758	0.91	91	9
4759	0.91	91	9
4760	0.91	91	9
4761	0.91	91	9
4762	0.91	91	9
4763	0.91	91	9
4764	0.91	91	9
4765	0.91	91	9
4766	0.91	91	9
4767	0.91	91	9
4768	0.91	91	9
4769	0.91	91	9
4770	0.91	91	9
4771	0.91	91	9
4772	0.91	91	9
4773	0.91	91	9
4774	0.91	91	9
4775	0.91	91	9
4776	0.91	91	9
4777	0.91	91	9
4778	0.91	91	9
4779	0.91	91	9
4780	0.91	91	9
4781	0.91	91	9
4782	0.91	91	9
4783	0.91	91	9
4784	0.91	91	9
4785	0.91	91	9
4786	0.92	92	8
4787	0.92	92	8
4788	0.91	91	9
4789	0.91	91	9
4790	0.91	91	9
4791	0.90	90	10
4792	0.89	89	11
4793	0.89	89	11
4794	0.89	89	11
4795	0.89	89	11
4796	0.89	89	11
4797	0.88	88	12
4798	0.88	88	12
4799	0.87	87	13
4800	0.87	87	13
4801	0.87	87	13
4802	0.87	87	13
4803	0.87	87	13
4804	0.87	87	13
4805	0.87	87	13
4806	0.88	88	12
4807	0.88	88	12
4808	0.88	88	12
4809	0.88	88	12
4810	0.88	88	12
4811	0.88	88	12
4812	0.88	88	12
4813	0.88	88	12
4814	0.88	88	12
4815	0.89	89	11
4816	0.89	89	11
4817	0.89	89	11
4818	0.90	90	10
4819	0.90	90	10
4820	0.90	90	10
4821	0.90	90	10
4822	0.90	90	10
4823	0.90	90	10
4824	0.90	90	10
4825	0.90	90	10
4826	0.90	90	10
4827	0.90	90	10
4828	0.91	91	9
4829	0.91	91	9
4830	0.91	91	9
4831	0.91	91	9
4832	0.91	91	9
4833	0.92	92	8
4834	0.92	92	8
4835	0.92	92	8
4836	0.92	92	8
4837	0.92	92	8
4838	0.92	92	8
4839	0.92	92	8
4840	0.92	92	8
4841	0.92	92	8
4842	0.92	92	8
4843	0.92	92	8
4844	0.92	92	8
4845	0.92	92	8
4846	0.91	91	9
4847	0.91	91	9
4848	0.92	92	8
4849	0.91	91	9
4850	0.91	91	9
4851	0.91	91	9
4852	0.90	90	10
4853	0.90	90	10
4854	0.90	90	10
4855	0.90	90	10
4856	0.90	90	10
4857	0.91	91	9
4858	0.91	91	9
4859	0.91	91	9
4860	0.91	91	9
4861	0.91	91	9
4862	0.91	91	9
4863	0.91	91	9
4864	0.91	91	9
4865	0.91	91	9
4866	0.91	91	9
4867	0.91	91	9
4868	0.91	91	9
4869	0.91	91	9
4870	0.91	91	9
4871	0.91	91	9
4872	0.91	91	9
4873	0.91	91	9
4874	0.91	91	9
4875	0.91	91	9
4876	0.91	91	9
4877	0.91	91	9
4878	0.91	91	9
4879	0.91	91	9
4880	0.91	91	9
4881	0.91	91	9
4882	0.91	91	9
4883	0.91	91	9
4884	0.91	91	9
4885	0.91	91	9
4886	0.91	91	9
4887	0.91	91	9
4888	0.92	92	8
4889	0.92	92	8
4890	0.92	92	8
4891	0.93	93	7
4892	0.94	94	6
4893	0.94	94	6
4894	0.94	94	6
4895	0.94	94	6
4896	0.94	94	6
4897	0.95	95	5
4898	0.95	95	5
4899	0.96	96	4
4900	0.96	96	4
4901	0.96	96	4
4902	0.96	96	4
4903	0.96	96	4
4904	0.96	96	4
4905	0.96	96	4
4906	0.96	96	4
4907	0.96	96	4
4908	0.96	96	4
4909	0.96	96	4
4910	0.96	96	4
4911	0.96	96	4
4912	0.96	96	4
4913	0.96	96	4
4914	0.96	96	4
4915	0.96	96	4
4916	0.96	96	4
4917	0.96	96	4
4918	0.96	96	4
4919	0.96	96	4
4920	0.97	97	3
4921	0.97	97	3
4922	0.97	97	3
4923	0.97	97	3
4924	0.97	97	3
4925	0.97	97	3
4926	0.97	97	3
4927	0.97	97	3
4928	0.97	97	3
4929	0.96	96	4
4930	0.96	96	4
4931	0.96	96	4
4932	0.96	96	4
4933	0.96	96	4
4934	0.96	96	4
4935	0.96	96	4
4936	0.96	96	4
4937	0.96	96	4
4938	0.96	96	4
4939	0.96	96	4
4940	0.96	96	4
4941	0.96	96	4
4942	0.96	96	4
4943	0.96	96	4
4944	0.96	96	4
4945	0.96	96	4
4946	0.97	97	3
4947	0.96	96	4
4948	0.96	96	4
4949	0.97	97	3
4950	0.97	97	3
4951	0.97	97	3
4952	0.98	98	2
4953	0.98	98	2
4954	0.98	98	2
4955	0.98	98	2
4956	0.98	98	2
4957	0.98	98	2
4958	0.98	98	2
4959	0.98	98	2
4960	0.98	98	2
4961	0.98	98	2
4962	0.98	98	2
4963	0.98	98	2
4964	0.98	98	2
4965	0.98	98	2
4966	0.98	98	2
4967	0.98	98	2
4968	0.98	98	2
4969	0.98	98	2
4970	0.98	98	2
4971	0.97	97	3
4972	0.97	97	3
4973	0.97	97	3
4974	0.97	97	3
4975	0.97	97	3
4976	0.97	97	3
4977	0.97	97	3
4978	0.96	96	4
4979	0.96	96	4
4980	0.96	96	4
4981	0.96	96	4
4982	0.96	96	4
4983	0.96	96	4
4984	0.96	96	4
4985	0.96	96	4
4986	0.96	96	4
4987	0.96	96	4
4988	0.96	96	4
4989	0.96	96	4
4990	0.96	96	4
4991	0.96	96	4
4992	0.96	96	4
4993	0.96	96	4
4994	0.96	96	4
4995	0.96	96	4
4996	0.96	96	4
4997	0.95	95	5
4998	0.94	94	6
4999	0.94	94	6
5000	0.06	94	6
5001	0.06	94	6
5002	0.07	93	7
5003	0.07	93	7
5004	0.08	92	8
5005	0.08	92	8
5006	0.08	92	8
5007	0.09	91	9
5008	0.10	90	10
5009	0.10	90	10
5010	0.11	89	11
5011	0.11	89	11
5012	0.11	89	11
5013	0.11	89	11
5014	0.11	89	11
5015	0.11	89	11
5016	0.11	89	11
5017	0.11	89	11
5018	0.12	88	12
5019	0.12	88	12
5020	0.13	87	13
5021	0.14	86	14
5022	0.15	85	15
5023	0.15	85	15
5024	0.15	85	15
5025	0.16	84	16
5026	0.16	84	16
5027	0.16	84	16
5028	0.17	83	17
5029	0.16	84	16
5030	0.16	84	16
5031	0.16	84	16
5032	0.16	84	16
5033	0.17	83	17
5034	0.18	82	18
5035	0.18	82	18
5036	0.18	82	18
5037	0.18	82	18
5038	0.18	82	18
5039	0.18	82	18
5040	0.18	82	18
5041	0.19	81	19
5042	0.19	81	19
5043	0.19	81	19
5044	0.19	81	19
5045	0.20	80	20
5046	0.20	80	20
5047	0.19	81	19
5048	0.20	80	20
5049	0.20	80	20
5050	0.20	80	20
5051	0.21	79	21
5052	0.22	78	22
5053	0.23	77	23
5054	0.24	76	24
5055	0.24	76	24
5056	0.25	75	25
5057	0.26	74	26
5058	0.26	74	26
5059	0.27	73	27
5060	0.28	72	28
5061	0.29	71	29
5062	0.29	71	29
5063	0.29	71	29
5064	0.29	71	29
5065	0.29	71	29
5066	0.29	71	29
5067	0.29	71	29
5068	0.30	70	30
5069	0.30	70	30
5070	0.31	69	31
5071	0.30	70	30
5072	0.31	69	31
5073	0.31	69	31
5074	0.31	69	31
5075	0.31	69	31
5076	0.32	68	32
5077	0.33	67	33
5078	0.33	67	33
5079	0.34	66	34
5080	0.35	65	35
5081	0.35	65	35
5082	0.35	65	35
5083	0.36	64	36
5084	0.37	63	37
5085	0.38	62	38
5086	0.38	62	38
5087	0.39	61	39
5088	0.40	60	40
5089	0.40	60	40
5090	0.41	59	41
5091	0.42	58	42
5092	0.43	57	43
5093	0.43	57	43
5094	0.44	56	44
5095	0.45	55	45
5096	0.46	54	46
5097	0.45	55	45
5098	0.45	55	45
5099	0.46	54	46
5100	0.47	53	47
5101	0.48	52	48
5102	0.48	52	48
5103	0.48	52	48
5104	0.48	52	48
5105	0.48	52	48
5106	0.49	51	49
5107	0.48	52	48
5108	0.48	52	48
5109	0.48	52	48
5110	0.48	52	48
5111	0.48	52	48
5112	0.49	51	49
5113	0.50	50	50
5114	0.50	50	50
5115	0.51	49	51
5116	0.52	48	52
5117	0.53	47	53
5118	0.53	47	53
5119	0.54	46	54
5120	0.54	46	54
5121	0.53	47	53
5122	0.52	48	52
5123	0.53	47	53
5124	0.54	46	54
5125	0.54	46	54
5126	0.55	45	55
5127	0.56	44	56
5128	0.56	44	56
5129	0.57	43	57
5130	0.57	43	57
5131	0.58	42	58
5132	0.58	42	58
5133	0.58	42	58
5134	0.58	42	58
5135	0.59	41	59
5136	0.60	40	60
5137	0.60	40	60
5138	0.61	39	61
5139	0.62	38	62
5140	0.63	37	63
5141	0.62	38	62
5142	0.63	37	63
5143	0.64	36	64
5144	0.65	35	65
5145	0.65	35	65
5146	0.65	35	65
5147	0.66	34	66
5148	0.66	34	66
5149	0.67	33	67
5150	0.68	32	68
5151	0.68	32	68
5152	0.68	32	68
5153	0.68	32	68
5154	0.68	32	68
5155	0.69	31	69
5156	0.69	31	69
5157	0.69	31	69
5158	0.70	30	70
5159	0.70	30	70
5160	0.70	30	70
5161	0.70	30	70
5162	0.71	29	71
5163	0.72	28	72
5164	0.73	27	73
5165	0.73	27	73
5166	0.74	26	74
5167	0.75	25	75
5168	0.75	25	75
5169	0.76	24	76
5170	0.76	24	76
5171	0.76	24	76
5172	0.76	24	76
5173	0.77	23	77
5174	0.78	22	78
5175	0.79	21	79
5176	0.78	22	78
5177	0.78	22	78
5178	0.78	22	78
5179	0.78	22	78
5180	0.78	22	78
5181	0.79	21	79
5182	0.80	20	80
5183	0.80	20	80
5184	0.80	20	80
5185	0.80	20	80
5186	0.81	19	81
5187	0.81	19	81
5188	0.81	19	81
5189	0.82	18	82
5190	0.82	18	82
5191	0.81	19	81
5192	0.81	19	81
5193	0.81	19	81
5194	0.81	19	81
5195	0.81	19	81
5196	0.81	19	81
5197	0.82	18	82
5198	0.81	19	81
5199	0.81	19	81
5200	0.81	19	81
5201	0.81	19	81
5202	0.81	19	81
5203	0.82	18	82
5204	0.82	18	82
5205	0.83	17	83
5206	0.83	17	83
5207	0.84	16	84
5208	0.84	16	84
5209	0.85	15	85
5210	0.85	15	85
5211	0.86	14	86
5212	0.86	14	86
5213	0.86	14	86
5214	0.87	13	87
5215	0.87	13	87
5216	0.87	13	87
5217	0.86	14	86
5218	0.86	14	86
5219	0.86	14	86
5220	0.86	14	86
5221	0.87	13	87
5222	0.88	12	88
5223	0.88	12	88
5224	0.88	12	88
5225	0.87	13	87
5226	0.87	13	87
5227	0.87	13	87
5228	0.87	13	87
5229	0.87	13	87
5230	0.88	12	88
5231	0.88	12	88
5232	0.89	11	89
5233	0.89	11	89
5234	0.88	12	88
5235	0.88	12	88
5236	0.88	12	88
5237	0.89	11	89
5238	0.89	11	89
5239	0.89	11	89
5240	0.88	12	88
5241	0.89	11	89
5242	0.89	11	89
5243	0.89	11	89
5244	0.89	11	89
5245	0.88	12	88
5246	0.89	11	89
5247	0.89	11	89
5248	0.89	11	89
5249	0.89	11	89
5250	0.89	11	89
5251	0.89	11	89
5252	0.89	11	89
5253	0.89	11	89
5254	0.89	11	89
5255	0.88	12	88
5256	0.88	12	88
5257	0.88	12	88
5258	0.88	12	88
5259	0.88	12	88
5260	0.87	13	87
5261	0.87	13	87
5262	0.87	13	87
5263	0.87	13	87
5264	0.87	13	87
5265	0.88	12	88
5266	0.88	12	88
5267	0.87	13	87
5268	0.87	13	87
5269	0.87	13	87
5270	0.87	13	87
5271	0.88	12	88
5272	0.88	12	88
5273	0.88	12	88
5274	0.88	12	88
5275	0.88	12	88
5276	0.89	11	89
5277	0.89	11	89
5278	0.89	11	89
5279	0.89	11	89
5280	0.89	11	89
5281	0.89	11	89
5282	0.89	11	89
5283	0.89	11	89
5284	0.89	11	89
5285	0.88	12	88
5286	0.88	12	88
5287	0.88	12	88
5288	0.88	12	88
5289	0.88	12	88
5290	0.88	12	88
5291	0.89	11	89
5292	0.89	11	89
5293	0.90	10	90
5294	0.90	10	90
5295	0.90	10	90
5296	0.90	10	90
5297	0.90	10	90
5298	0.91	9	91
5299	0.91	9	91
5300	0.91	9	91
5301	0.91	9	91
5302	0.91	9	91
5303	0.91	9	91
5304	0.91	9	91
5305	0.91	9	91
5306	0.91	9	91
5307	0.91	9	91
5308	0.91	9	91
5309	0.91	9	91
5310	0.91	9	91
5311	0.91	9	91
5312	0.90	10	90
5313	0.90	10	90
5314	0.90	10	90
5315	0.89	11	89
5316	0.89	11	89
5317	0.90	10	90
5318	0.90	10	90
5319	0.90	10	90
5320	0.90	10	90
5321	0.90	10	90
5322	0.90	10	90
5323	0.90	10	90
5324	0.90	10	90
5325	0.91	9	91
5326	0.91	9	91
5327	0.91	9	91
5328	0.91	9	91
5329	0.91	9	91
5330	0.91	9	91
5331	0.91	9	91
5332	0.91	9	91
5333	0.91	9	91
5334	0.92	8	92
5335	0.92	8	92
5336	0.92	8	92
5337	0.92	8	92
5338	0.92	8	92
5339	0.92	8	92
5340	0.93	7	93
5341	0.93	7	93
5342	0.93	7	93
5343	0.93	7	93
5344	0.93	7	93
5345	0.94	6	94
5346	0.93	7	93
5347	0.93	7	93
5348	0.93	7	93
5349	0.93	7	93
5350	0.93	7	93
5351	0.93	7	93
5352	0.93	7	93
5353	0.93	7	93
5354	0.93	7	93
5355	0.94	6	94
5356	0.94	6	94
5357	0.94	6	94
5358	0.94	6	94
5359	0.94	6	94
5360	0.95	5	95
5361	0.95	5	95
5362	0.95	5	95
5363	0.95	5	95
5364	0.95	5	95
5365	0.95	5	95
5366	0.95	5	95
5367	0.96	4	96
5368	0.96	4	96
5369	0.96	4	96
5370	0.96	4	96
5371	0.96	4	96
5372	0.96	4	96
5373	0.96	4	96
5374	0.96	4	96
5375	0.96	4	96
5376	0.96	4	96
5377	0.96	4	96
5378	0.96	4	96
5379	0.96	4	96
5380	0.96	4	96
5381	0.96	4	96
5382	0.96	4	96
5383	0.95	5	95
5384	0.95	5	95
5385	0.96	4	96
5386	0.96	4	96
5387	0.96	4	96
5388	0.96	4	96
5389	0.96	4	96
5390	0.96	4	96
5391	0.96	4	96
5392	0.96	4	96
5393	0.96	4	96
5394	0.96	4	96
5395	0.96	4	96
5396	0.96	4	96
5397	0.96	4	96
5398	0.96	4	96
5399	0.95	5	95
5400	0.95	5	95
5401	0.95	5	95
5402	0.95	5	95
5403	0.95	5	95
5404	0.95	5	95
5405	0.95	5	95
5406	0.95	5	95
5407	0.95	5	95
5408	0.95	5	95
5409	0.95	5	95
5410	0.95	5	95
5411	0.95	5	95
5412	0.96	4	96
5413	0.96	4	96
5414	0.96	4	96
5415	0.97	3	97
5416	0.97	3	97
5417	0.97	3	97
5418	0.97	3	97
5419	0.97	3	97
5420	0.97	3	97
5421	0.97	3	97
5422	0.97	3	97
5423	0.97	3	97
5424	0.97	3	97
5425	0.97	3	97
5426	0.97	3	97
5427	0.97	3	97
5428	0.97	3	97
5429	0.97	3	97
5430	0.97	3	97
5431	0.97	3	97
5432	0.97	3	97
5433	0.97	3	97
5434	0.97	3	97
5435	0.97	3	97
5436	0.97	3	97
5437	0.97	3	97
5438	0.97	3	97
5439	0.97	3	97
5440	0.97	3	97
5441	0.97	3	97
5442	0.97	3	97
5443	0.97	3	97
5444	0.96	4	96
5445	0.96	4	96
5446	0.97	3	97
5447	0.97	3	97
5448	0.97	3	97
5449	0.97	3	97
5450	0.97	3	97
5451	0.97	3	97
5452	0.97	3	97
5453	0.97	3	97
5454	0.97	3	97
5455	0.97	3	97
5456	0.97	3	97
5457	0.97	3	97
5458	0.97	3	97
5459	0.97	3	97
5460	0.97	3	97
5461	0.97	3	97
5462	0.97	3	97
5463	0.97	3	97
5464	0.97	3	97
5465	0.97	3	97
5466	0.97	3	97
5467	0.97	3	97
5468	0.96	4	96
5469	0.95	5	95
5470	0.95	5	95
5471	0.95	5	95
5472	0.95	5	95
5473	0.94	6	94
5474	0.94	6	94
5475	0.94	6	94
5476	0.93	7	93
5477	0.93	7	93
5478	0.93	7	93
5479	0.93	7	93
5480	0.93	7	93
5481	0.93	7	93
5482	0.93	7	93
5483	0.94	6	94
5484	0.94	6	94
5485	0.94	6	94
5486	0.94	6	94
5487	0.94	6	94
5488	0.94	6	94
5489	0.94	6	94
5490	0.94	6	94
5491	0.94	6	94
5492	0.94	6	94
5493	0.94	6	94
5494	0.94	6	94
5495	0.94	6	94
5496	0.94	6	94
5497	0.94	6	94
5498	0.94	6	94
5499	0.95	5	95
5500	0.95	5	95
5501	0.95	5	95
5502	0.95	5	95
5503	0.95	5	95
5504	0.95	5	95
5505	0.95	5	95
5506	0.95	5	95
5507	0.95	5	95
5508	0.95	5	95
5509	0.95	5	95
5510	0.95	5	95
5511	0.95	5	95
5512	0.95	5	95
5513	0.95	5	95
5514	0.95	5	95
5515	0.95	5	95
5516	0.95	5	95
5517	0.95	5	95
5518	0.95	5	95
5519	0.95	5	95
5520	0.95	5	95
5521	0.95	5	95
5522	0.95	5	95
5523	0.95	5	95
5524	0.95	5	95
5525	0.95	5	95
5526	0.95	5	95
5527	0.95	5	95
5528	0.95	5	95
5529	0.95	5	95
5530	0.95	5	95
5531	0.95	5	95
5532	0.94	6	94
5533	0.94	6	94
5534	0.94	6	94
5535	0.94	6	94
5536	0.94	6	94
5537	0.94	6	94
5538	0.94	6	94
5539	0.94	6	94
5540	0.93	7	93
5541	0.93	7	93
5542	0.92	8	92
5543	0.92	8	92
5544	0.93	7	93
5545	0.93	7	93
5546	0.93	7	93
5547	0.93	7	93
5548	0.93	7	93
5549	0.93	7	93
5550	0.93	7	93
5551	0.93	7	93
5552	0.93	7	93
5553	0.93	7	93
5554	0.93	7	93
5555	0.93	7	93
5556	0.93	7	93
5557	0.93	7	93
5558	0.93	7	93
5559	0.93	7	93
5560	0.93	7	93
5561	0.93	7	93
5562	0.93	7	93
5563	0.92	8	92
5564	0.92	8	92
5565	0.92	8	92
5566	0.92	8	92
5567	0.92	8	92
5568	0.92	8	92
5569	0.93	7	93
5570	0.93	7	93
5571	0.93	7	93
5572	0.93	7	93
5573	0.94	6	94
5574	0.94	6	94
5575	0.94	6	94
5576	0.95	5	95
5577	0.95	5	95
5578	0.95	5	95
5579	0.95	5	95
5580	0.95	5	95
5581	0.95	5	95
5582	0.95	5	95
5583	0.95	5	95
5584	0.95	5	95
5585	0.95	5	95
5586	0.94	6	94
5587	0.94	6	94
5588	0.94	6	94
5589	0.94	6	94
5590	0.94	6	94
5591	0.94	6	94
5592	0.94	6	94
5593	0.94	6	94
5594	0.93	7	93
5595	0.93	7	93
5596	0.93	7	93
5597	0.93	7	93
5598	0.93	7	93
5599	0.93	7	93
5600	0.93	7	93
5601	0.93	7	93
5602	0.93	7	93
5603	0.92	8	92
5604	0.91	9	91
5605	0.90	10	90
5606	0.90	10	90
5607	0.90	10	90
5608	0.90	10	90
5609	0.89	11	89
5610	0.89	11	89
5611	0.89	11	89
5612	0.89	11	89
5613	0.88	12	88
5614	0.88	12	88
5615	0.88	12	88
5616	0.87	13	87
5617	0.87	13	87
5618	0.87	13	87
5619	0.87	13	87
5620	0.87	13	87
5621	0.87	13	87
5622	0.87	13	87
5623	0.87	13	87
5624	0.87	13	87
5625	0.87	13	87
5626	0.87	13	87
5627	0.87	13	87
5628	0.87	13	87
5629	0.86	14	86
5630	0.86	14	86
5631	0.86	14	86
5632	0.87	13	87
5633	0.87	13	87
5634	0.87	13	87
5635	0.86	14	86
5636	0.86	14	86
5637	0.86	14	86
5638	0.86	14	86
5639	0.86	14	86
5640	0.86	14	86
5641	0.86	14	86
5642	0.87	13	87
5643	0.87	13	87
5644	0.87	13	87
5645	0.87	13	87
5646	0.87	13	87
5647	0.87	13	87
5648	0.87	13	87
5649	0.87	13	87
5650	0.87	13	87
5651	0.86	14	86
5652	0.86	14	86
5653	0.86	14	86
5654	0.86	14	86
5655	0.85	15	85
5656	0.85	15	85
5657	0.85	15	85
5658	0.85	15	85
5659	0.84	16	84
5660	0.84	16	84
5661	0.84	16	84
5662	0.84	16	84
5663	0.84	16	84
5664	0.84	16	84
5665	0.84	16	84
5666	0.84	16	84
5667	0.84	16	84
5668	0.85	15	85
5669	0.85	15	85
5670	0.85	15	85
5671	0.84	16	84
5672	0.84	16	84
5673	0.84	16	84
5674	0.84	16	84
5675	0.84	16	84
5676	0.84	16	84
5677	0.84	16	84
5678	0.84	16	84
5679	0.84	16	84
5680	0.84	16	84
5681	0.84	16	84
5682	0.84	16	84
5683	0.84	16	84
5684	0.84	16	84
5685	0.84	16	84
5686	0.85	15	85
5687	0.85	15	85
5688	0.85	15	85
5689	0.85	15	85
5690	0.84	16	84
5691	0.84	16	84
5692	0.84	16	84
5693	0.84	16	84
5694	0.85	15	85
5695	0.84	16	84
5696	0.84	16	84
5697	0.84	16	84
5698	0.83	17	83
5699	0.83	17	83
5700	0.83	17	83
5701	0.83	17	83
5702	0.83	17	83
5703	0.84	16	84
5704	0.85	15	85
5705	0.86	14	86
5706	0.86	14	86
5707	0.86	14	86
5708	0.86	14	86
5709	0.87	13	87
5710	0.87	13	87
5711	0.87	13	87
5712	0.87	13	87
5713	0.88	12	88
5714	0.88	12	88
5715	0.88	12	88
5716	0.89	11	89
5717	0.89	11	89
5718	0.89	11	89
5719	0.89	11	89
5720	0.89	11	89
5721	0.89	11	89
5722	0.89	11	89
5723	0.89	11	89
5724	0.88	12	88
5725	0.88	12	88
5726	0.88	12	88
5727	0.88	12	88
5728	0.88	12	88
5729	0.89	11	89
5730	0.88	12	88
5731	0.88	12	88
5732	0.88	12	88
5733	0.88	12	88
5734	0.88	12	88
5735	0.89	11	89
5736	0.89	11	89
5737	0.89	11	89
5738	0.89	11	89
5739	0.88	12	88
5740	0.89	11	89
5741	0.89	11	89
5742	0.88	12	88
5743	0.88	12	88
5744	0.88	12	88
5745	0.88	12	88
5746	0.87	13	87
5747	0.87	13	87
5748	0.87	13	87
5749	0.87	13	87
5750	0.87	13	87
5751	0.88	12	88
5752	0.88	12	88
5753	0.88	12	88
5754	0.88	12	88
5755	0.89	11	89
5756	0.89	11	89
5757	0.89	11	89
5758	0.89	11	89
5759	0.90	10	90
5760	0.90	10	90
5761	0.90	10	90
5762	0.90	10	90
5763	0.91	9	91
5764	0.91	9	91
5765	0.91	9	91
5766	0.90	10	90
5767	0.90	10	90
5768	0.90	10	90
5769	0.90	10	90
5770	0.90	10	90
5771	0.91	9	91
5772	0.91	9	91
5773	0.91	9	91
5774	0.91	9	91
5775	0.91	9	91
5776	0.91	9	91
5777	0.91	9	91
5778	0.91	9	91
5779	0.91	9	91
5780	0.91	9	91
5781	0.91	9	91
5782	0.91	9	91
5783	0.91	9	91
5784	0.91	9	91
5785	0.91	9	91
5786	0.91	9	91
5787	0.91	9	91
5788	0.91	9	91
5789	0.91	9	91
5790	0.92	8	92
5791	0.92	8	92
5792	0.92	8	92
5793	0.92	8	92
5794	0.92	8	92
5795	0.93	7	93
5796	0.93	7	93
5797	0.93	7	93
5798	0.94	6	94
5799	0.94	6	94
5800	0.93	7	93
5801	0.93	7	93
5802	0.93	7	93
5803	0.93	7	93
5804	0.93	7	93
5805	0.93	7	93
5806	0.93	7	93
5807	0.93	7	93
5808	0.93	7	93
5809	0.93	7	93
5810	0.93	7	93
5811	0.93	7	93
5812	0.93	7	93
5813	0.93	7	93
5814	0.93	7	93
5815	0.93	7	93
5816	0.93	7	93
5817	0.93	7	93
5818	0.93	7	93
5819	0.93	7	93
5820	0.93	7	93
5821	0.93	7	93
5822	0.93	7	93
5823	0.93	7	93
5824	0.94	6	94
5825	0.94	6	94
5826	0.93	7	93
5827	0.93	7	93
5828	0.93	7	93
5829	0.93	7	93
5830	0.93	7	93
5831	0.93	7	93
5832	0.93	7	93
5833	0.93	7	93
5834	0.93	7	93
5835	0.93	7	93
5836	0.93	7	93
5837	0.93	7	93
5838	0.93	7	93
5839	0.94	6	94
5840	0.94	6	94
5841	0.94	6	94
5842	0.95	5	95
5843	0.95	5	95
5844	0.95	5	95
5845	0.95	5	95
5846	0.96	4	96
5847	0.96	4	96
5848	0.96	4	96
5849	0.96	4	96
5850	0.96	4	96
5851	0.95	5	95
5852	0.95	5	95
5853	0.95	5	95
5854	0.95	5	95
5855	0.95	5	95
5856	0.94	6	94
5857	0.94	6	94
5858	0.94	6	94
5859	0.94	6	94
5860	0.94	6	94
5861	0.94	6	94
5862	0.94	6	94
5863	0.94	6	94
5864	0.94	6	94
5865	0.94	6	94
5866	0.95	5	95
5867	0.95	5	95
5868	0.95	5	95
5869	0.95	5	95
5870	0.95	5	95
5871	0.95	5	95
5872	0.95	5	95
5873	0.95	5	95
5874	0.95	5	95
5875	0.95	5	95
5876	0.94	6	94
5877	0.94	6	94
5878	0.94	6	94
5879	0.94	6	94
5880	0.94	6	94
5881	0.94	6	94
5882	0.94	6	94
5883	0.94	6	94
5884	0.93	7	93
5885	0.93	7	93
5886	0.93	7	93
5887	0.93	7	93
5888	0.93	7	93
5889	0.93	7	93
5890	0.93	7	93
5891	0.93	7	93
5892	0.93	7	93
5893	0.93	7	93
5894	0.93	7	93
5895	0.93	7	93
5896	0.93	7	93
5897	0.93	7	93
5898	0.93	7	93
5899	0.93	7	93
5900	0.94	6	94
5901	0.94	6	94
5902	0.94	6	94
5903	0.93	7	93
5904	0.92	8	92
5905	0.92	8	92
5906	0.92	8	92
5907	0.92	8	92
5908	0.92	8	92
5909	0.92	8	92
5910	0.91	9	91
5911	0.91	9	91
5912	0.91	9	91
5913	0.91	9	91
5914	0.91	9	91
5915	0.91	9	91
5916	0.91	9	91
5917	0.91	9	91
5918	0.91	9	91
5919	0.91	9	91
5920	0.91	9	91
5921	0.91	9	91
5922	0.91	9	91
5923	0.91	9	91
5924	0.91	9	91
5925	0.91	9	91
5926	0.92	8	92
5927	0.92	8	92
5928	0.92	8	92
5929	0.92	8	92
5930	0.92	8	92
5931	0.91	9	91
5932	0.90	10	90
5933	0.90	10	90
5934	0.90	10	90
5935	0.90	10	90
5936	0.90	10	90
5937	0.90	10	90
5938	0.90	10	90
5939	0.90	10	90
5940	0.90	10	90
5941	0.90	10	90
5942	0.90	10	90
5943	0.89	11	89
5944	0.89	11	89
5945	0.89	11	89
5946	0.88	12	88
5947	0.88	12	88
5948	0.88	12	88
5949	0.88	12	88
5950	0.88	12	88
5951	0.89	11	89
5952	0.89	11	89
5953	0.89	11	89
5954	0.89	11	89
5955	0.89	11	89
5956	0.90	10	90
5957	0.90	10	90
5958	0.90	10	90
5959	0.90	10	90
5960	0.90	10	90
5961	0.90	10	90
5962	0.90	10	90
5963	0.90	10	90
5964	0.90	10	90
5965	0.90	10	90
5966	0.90	10	90
5967	0.90	10	90
5968	0.90	10	90
5969	0.90	10	90
5970	0.90	10	90
5971	0.90	10	90
5972	0.90	10	90
5973	0.90	10	90
5974	0.90	10	90
5975	0.90	10	90
5976	0.91	9	91
5977	0.91	9	91
5978	0.90	10	90
5979	0.90	10	90
5980	0.90	10	90
5981	0.90	10	90
5982	0.90	10	90
5983	0.89	11	89
5984	0.90	10	90
5985	0.90	10	90
5986	0.90	10	90
5987	0.90	10	90
5988	0.90	10	90
5989	0.89	11	89
5990	0.89	11	89
5991	0.89	11	89
5992	0.89	11	89
5993	0.89	11	89
5994	0.89	11	89
5995	0.89	11	89
5996	0.89	11	89
5997	0.89	11	89
5998	0.89	11	89
5999	0.89	11	89
