timestep	swarm_quality	color_0	color_1
0	0.70	70	30
1	0.70	70	30
2	0.70	70	30
3	0.70	70	30
4	0.70	70	30
5	0.70	70	30
6	0.70	70	30
7	0.70	70	30
8	0.70	70	30
9	0.70	70	30
10	0.70	70	30
11	0.69	69	31
12	0.68	68	32
13	0.68	68	32
14	0.68	68	32
15	0.68	68	32
16	0.67	67	33
17	0.67	67	33
18	0.66	66	34
19	0.66	66	34
20	0.65	65	35
21	0.65	65	35
22	0.65	65	35
23	0.65	65	35
24	0.65	65	35
25	0.65	65	35
26	0.65	65	35
27	0.65	65	35
28	0.65	65	35
29	0.65	65	35
30	0.65	65	35
31	0.65	65	35
32	0.65	65	35
33	0.65	65	35
34	0.65	65	35
35	0.64	64	36
36	0.63	63	37
37	0.63	63	37
38	0.63	63	37
39	0.62	62	38
40	0.62	62	38
41	0.62	62	38
42	0.61	61	39
43	0.60	60	40
44	0.59	59	41
45	0.58	58	42
46	0.58	58	42
47	0.57	57	43
48	0.57	57	43
49	0.57	57	43
50	0.57	57	43
51	0.57	57	43
52	0.57	57	43
53	0.57	57	43
54	0.57	57	43
55	0.57	57	43
56	0.57	57	43
57	0.57	57	43
58	0.56	56	44
59	0.56	56	44
60	0.56	56	44
61	0.56	56	44
62	0.56	56	44
63	0.56	56	44
64	0.55	55	45
65	0.55	55	45
66	0.54	54	46
67	0.54	54	46
68	0.54	54	46
69	0.54	54	46
70	0.55	55	45
71	0.56	56	44
72	0.57	57	43
73	0.58	58	42
74	0.58	58	42
75	0.59	59	41
76	0.60	60	40
77	0.60	60	40
78	0.61	61	39
79	0.62	62	38
80	0.63	63	37
81	0.64	64	36
82	0.65	65	35
83	0.66	66	34
84	0.67	67	33
85	0.68	68	32
86	0.69	69	31
87	0.70	70	30
88	0.71	71	29
89	0.71	71	29
90	0.71	71	29
91	0.72	72	28
92	0.72	72	28
93	0.73	73	27
94	0.74	74	26
95	0.75	75	25
96	0.76	76	24
97	0.77	77	23
98	0.78	78	22
99	0.79	79	21
100	0.79	79	21
101	0.78	78	22
102	0.78	78	22
103	0.78	78	22
104	0.78	78	22
105	0.78	78	22
106	0.78	78	22
107	0.78	78	22
108	0.78	78	22
109	0.78	78	22
110	0.78	78	22
111	0.79	79	21
112	0.79	79	21
113	0.79	79	21
114	0.79	79	21
115	0.79	79	21
116	0.80	80	20
117	0.80	80	20
118	0.81	81	19
119	0.81	81	19
120	0.82	82	18
121	0.82	82	18
122	0.82	82	18
123	0.81	81	19
124	0.81	81	19
125	0.81	81	19
126	0.81	81	19
127	0.81	81	19
128	0.81	81	19
129	0.81	81	19
130	0.81	81	19
131	0.81	81	19
132	0.81	81	19
133	0.81	81	19
134	0.80	80	20
135	0.81	81	19
136	0.82	82	18
137	0.82	82	18
138	0.82	82	18
139	0.83	83	17
140	0.83	83	17
141	0.83	83	17
142	0.83	83	17
143	0.83	83	17
144	0.84	84	16
145	0.84	84	16
146	0.84	84	16
147	0.85	85	15
148	0.85	85	15
149	0.84	84	16
150	0.84	84	16
151	0.84	84	16
152	0.83	83	17
153	0.83	83	17
154	0.83	83	17
155	0.83	83	17
156	0.83	83	17
157	0.83	83	17
158	0.83	83	17
159	0.83	83	17
160	0.83	83	17
161	0.83	83	17
162	0.83	83	17
163	0.83	83	17
164	0.84	84	16
165	0.84	84	16
166	0.85	85	15
167	0.84	84	16
168	0.84	84	16
169	0.84	84	16
170	0.84	84	16
171	0.83	83	17
172	0.83	83	17
173	0.83	83	17
174	0.84	84	16
175	0.84	84	16
176	0.83	83	17
177	0.83	83	17
178	0.83	83	17
179	0.83	83	17
180	0.83	83	17
181	0.83	83	17
182	0.83	83	17
183	0.83	83	17
184	0.83	83	17
185	0.83	83	17
186	0.83	83	17
187	0.83	83	17
188	0.82	82	18
189	0.83	83	17
190	0.84	84	16
191	0.84	84	16
192	0.85	85	15
193	0.85	85	15
194	0.85	85	15
195	0.84	84	16
196	0.83	83	17
197	0.83	83	17
198	0.83	83	17
199	0.82	82	18
200	0.82	82	18
201	0.83	83	17
202	0.83	83	17
203	0.83	83	17
204	0.83	83	17
205	0.82	82	18
206	0.82	82	18
207	0.82	82	18
208	0.82	82	18
209	0.82	82	18
210	0.82	82	18
211	0.82	82	18
212	0.83	83	17
213	0.82	82	18
214	0.82	82	18
215	0.81	81	19
216	0.81	81	19
217	0.81	81	19
218	0.81	81	19
219	0.81	81	19
220	0.81	81	19
221	0.81	81	19
222	0.81	81	19
223	0.82	82	18
224	0.82	82	18
225	0.82	82	18
226	0.82	82	18
227	0.82	82	18
228	0.82	82	18
229	0.81	81	19
230	0.80	80	20
231	0.80	80	20
232	0.80	80	20
233	0.80	80	20
234	0.80	80	20
235	0.80	80	20
236	0.80	80	20
237	0.80	80	20
238	0.80	80	20
239	0.80	80	20
240	0.80	80	20
241	0.80	80	20
242	0.81	81	19
243	0.82	82	18
244	0.82	82	18
245	0.83	83	17
246	0.83	83	17
247	0.83	83	17
248	0.83	83	17
249	0.84	84	16
250	0.84	84	16
251	0.83	83	17
252	0.84	84	16
253	0.84	84	16
254	0.84	84	16
255	0.84	84	16
256	0.83	83	17
257	0.83	83	17
258	0.84	84	16
259	0.83	83	17
260	0.83	83	17
261	0.83	83	17
262	0.83	83	17
263	0.83	83	17
264	0.83	83	17
265	0.82	82	18
266	0.82	82	18
267	0.83	83	17
268	0.83	83	17
269	0.82	82	18
270	0.82	82	18
271	0.83	83	17
272	0.82	82	18
273	0.82	82	18
274	0.82	82	18
275	0.82	82	18
276	0.82	82	18
277	0.82	82	18
278	0.82	82	18
279	0.81	81	19
280	0.81	81	19
281	0.81	81	19
282	0.80	80	20
283	0.80	80	20
284	0.80	80	20
285	0.80	80	20
286	0.80	80	20
287	0.80	80	20
288	0.81	81	19
289	0.81	81	19
290	0.81	81	19
291	0.81	81	19
292	0.81	81	19
293	0.81	81	19
294	0.81	81	19
295	0.81	81	19
296	0.82	82	18
297	0.82	82	18
298	0.82	82	18
299	0.83	83	17
300	0.83	83	17
301	0.82	82	18
302	0.82	82	18
303	0.82	82	18
304	0.82	82	18
305	0.82	82	18
306	0.82	82	18
307	0.82	82	18
308	0.81	81	19
309	0.81	81	19
310	0.81	81	19
311	0.81	81	19
312	0.81	81	19
313	0.82	82	18
314	0.82	82	18
315	0.83	83	17
316	0.83	83	17
317	0.83	83	17
318	0.83	83	17
319	0.83	83	17
320	0.83	83	17
321	0.82	82	18
322	0.81	81	19
323	0.81	81	19
324	0.81	81	19
325	0.80	80	20
326	0.80	80	20
327	0.80	80	20
328	0.79	79	21
329	0.79	79	21
330	0.80	80	20
331	0.79	79	21
332	0.79	79	21
333	0.79	79	21
334	0.80	80	20
335	0.80	80	20
336	0.80	80	20
337	0.80	80	20
338	0.80	80	20
339	0.80	80	20
340	0.79	79	21
341	0.79	79	21
342	0.79	79	21
343	0.79	79	21
344	0.79	79	21
345	0.79	79	21
346	0.79	79	21
347	0.79	79	21
348	0.79	79	21
349	0.79	79	21
350	0.79	79	21
351	0.80	80	20
352	0.80	80	20
353	0.80	80	20
354	0.80	80	20
355	0.80	80	20
356	0.81	81	19
357	0.81	81	19
358	0.81	81	19
359	0.82	82	18
360	0.81	81	19
361	0.81	81	19
362	0.81	81	19
363	0.81	81	19
364	0.81	81	19
365	0.82	82	18
366	0.82	82	18
367	0.82	82	18
368	0.82	82	18
369	0.83	83	17
370	0.83	83	17
371	0.83	83	17
372	0.83	83	17
373	0.83	83	17
374	0.83	83	17
375	0.83	83	17
376	0.84	84	16
377	0.84	84	16
378	0.84	84	16
379	0.84	84	16
380	0.84	84	16
381	0.83	83	17
382	0.84	84	16
383	0.84	84	16
384	0.84	84	16
385	0.84	84	16
386	0.84	84	16
387	0.84	84	16
388	0.84	84	16
389	0.84	84	16
390	0.84	84	16
391	0.84	84	16
392	0.84	84	16
393	0.84	84	16
394	0.84	84	16
395	0.85	85	15
396	0.85	85	15
397	0.84	84	16
398	0.84	84	16
399	0.84	84	16
400	0.84	84	16
401	0.85	85	15
402	0.85	85	15
403	0.85	85	15
404	0.85	85	15
405	0.86	86	14
406	0.86	86	14
407	0.86	86	14
408	0.87	87	13
409	0.87	87	13
410	0.87	87	13
411	0.87	87	13
412	0.87	87	13
413	0.87	87	13
414	0.87	87	13
415	0.87	87	13
416	0.87	87	13
417	0.87	87	13
418	0.87	87	13
419	0.87	87	13
420	0.86	86	14
421	0.87	87	13
422	0.88	88	12
423	0.88	88	12
424	0.88	88	12
425	0.89	89	11
426	0.89	89	11
427	0.89	89	11
428	0.90	90	10
429	0.91	91	9
430	0.91	91	9
431	0.92	92	8
432	0.92	92	8
433	0.92	92	8
434	0.92	92	8
435	0.91	91	9
436	0.91	91	9
437	0.91	91	9
438	0.91	91	9
439	0.91	91	9
440	0.92	92	8
441	0.92	92	8
442	0.92	92	8
443	0.92	92	8
444	0.92	92	8
445	0.91	91	9
446	0.91	91	9
447	0.91	91	9
448	0.91	91	9
449	0.91	91	9
450	0.91	91	9
451	0.91	91	9
452	0.91	91	9
453	0.91	91	9
454	0.91	91	9
455	0.91	91	9
456	0.91	91	9
457	0.91	91	9
458	0.91	91	9
459	0.90	90	10
460	0.91	91	9
461	0.91	91	9
462	0.91	91	9
463	0.91	91	9
464	0.91	91	9
465	0.91	91	9
466	0.91	91	9
467	0.91	91	9
468	0.91	91	9
469	0.91	91	9
470	0.91	91	9
471	0.91	91	9
472	0.92	92	8
473	0.92	92	8
474	0.92	92	8
475	0.92	92	8
476	0.91	91	9
477	0.92	92	8
478	0.92	92	8
479	0.93	93	7
480	0.93	93	7
481	0.94	94	6
482	0.94	94	6
483	0.94	94	6
484	0.94	94	6
485	0.94	94	6
486	0.94	94	6
487	0.94	94	6
488	0.94	94	6
489	0.94	94	6
490	0.94	94	6
491	0.94	94	6
492	0.94	94	6
493	0.93	93	7
494	0.93	93	7
495	0.93	93	7
496	0.93	93	7
497	0.94	94	6
498	0.94	94	6
499	0.94	94	6
500	0.94	94	6
501	0.94	94	6
502	0.94	94	6
503	0.94	94	6
504	0.94	94	6
505	0.94	94	6
506	0.94	94	6
507	0.93	93	7
508	0.93	93	7
509	0.93	93	7
510	0.93	93	7
511	0.93	93	7
512	0.93	93	7
513	0.93	93	7
514	0.93	93	7
515	0.93	93	7
516	0.93	93	7
517	0.92	92	8
518	0.92	92	8
519	0.92	92	8
520	0.93	93	7
521	0.93	93	7
522	0.93	93	7
523	0.93	93	7
524	0.92	92	8
525	0.91	91	9
526	0.91	91	9
527	0.91	91	9
528	0.91	91	9
529	0.90	90	10
530	0.90	90	10
531	0.90	90	10
532	0.90	90	10
533	0.90	90	10
534	0.90	90	10
535	0.91	91	9
536	0.91	91	9
537	0.91	91	9
538	0.91	91	9
539	0.91	91	9
540	0.91	91	9
541	0.91	91	9
542	0.91	91	9
543	0.91	91	9
544	0.91	91	9
545	0.92	92	8
546	0.92	92	8
547	0.92	92	8
548	0.92	92	8
549	0.92	92	8
550	0.92	92	8
551	0.91	91	9
552	0.91	91	9
553	0.90	90	10
554	0.90	90	10
555	0.89	89	11
556	0.89	89	11
557	0.88	88	12
558	0.88	88	12
559	0.89	89	11
560	0.89	89	11
561	0.89	89	11
562	0.89	89	11
563	0.89	89	11
564	0.89	89	11
565	0.89	89	11
566	0.89	89	11
567	0.89	89	11
568	0.89	89	11
569	0.89	89	11
570	0.89	89	11
571	0.88	88	12
572	0.87	87	13
573	0.86	86	14
574	0.86	86	14
575	0.86	86	14
576	0.87	87	13
577	0.87	87	13
578	0.87	87	13
579	0.87	87	13
580	0.87	87	13
581	0.87	87	13
582	0.87	87	13
583	0.87	87	13
584	0.87	87	13
585	0.87	87	13
586	0.87	87	13
587	0.87	87	13
588	0.87	87	13
589	0.87	87	13
590	0.86	86	14
591	0.86	86	14
592	0.86	86	14
593	0.87	87	13
594	0.87	87	13
595	0.87	87	13
596	0.87	87	13
597	0.87	87	13
598	0.87	87	13
599	0.87	87	13
600	0.87	87	13
601	0.86	86	14
602	0.85	85	15
603	0.85	85	15
604	0.85	85	15
605	0.85	85	15
606	0.85	85	15
607	0.86	86	14
608	0.86	86	14
609	0.86	86	14
610	0.86	86	14
611	0.86	86	14
612	0.85	85	15
613	0.85	85	15
614	0.85	85	15
615	0.85	85	15
616	0.85	85	15
617	0.86	86	14
618	0.86	86	14
619	0.86	86	14
620	0.86	86	14
621	0.86	86	14
622	0.86	86	14
623	0.86	86	14
624	0.87	87	13
625	0.88	88	12
626	0.88	88	12
627	0.87	87	13
628	0.87	87	13
629	0.88	88	12
630	0.88	88	12
631	0.88	88	12
632	0.88	88	12
633	0.88	88	12
634	0.88	88	12
635	0.88	88	12
636	0.88	88	12
637	0.88	88	12
638	0.88	88	12
639	0.88	88	12
640	0.88	88	12
641	0.88	88	12
642	0.88	88	12
643	0.87	87	13
644	0.86	86	14
645	0.86	86	14
646	0.86	86	14
647	0.86	86	14
648	0.86	86	14
649	0.85	85	15
650	0.85	85	15
651	0.86	86	14
652	0.86	86	14
653	0.86	86	14
654	0.86	86	14
655	0.87	87	13
656	0.87	87	13
657	0.88	88	12
658	0.88	88	12
659	0.88	88	12
660	0.88	88	12
661	0.87	87	13
662	0.87	87	13
663	0.87	87	13
664	0.87	87	13
665	0.87	87	13
666	0.87	87	13
667	0.87	87	13
668	0.87	87	13
669	0.87	87	13
670	0.87	87	13
671	0.88	88	12
672	0.89	89	11
673	0.90	90	10
674	0.90	90	10
675	0.90	90	10
676	0.90	90	10
677	0.90	90	10
678	0.90	90	10
679	0.90	90	10
680	0.90	90	10
681	0.90	90	10
682	0.90	90	10
683	0.90	90	10
684	0.90	90	10
685	0.90	90	10
686	0.90	90	10
687	0.89	89	11
688	0.89	89	11
689	0.89	89	11
690	0.90	90	10
691	0.90	90	10
692	0.90	90	10
693	0.90	90	10
694	0.89	89	11
695	0.89	89	11
696	0.89	89	11
697	0.89	89	11
698	0.89	89	11
699	0.89	89	11
700	0.89	89	11
701	0.90	90	10
702	0.91	91	9
703	0.91	91	9
704	0.91	91	9
705	0.91	91	9
706	0.91	91	9
707	0.91	91	9
708	0.91	91	9
709	0.91	91	9
710	0.91	91	9
711	0.90	90	10
712	0.90	90	10
713	0.90	90	10
714	0.90	90	10
715	0.90	90	10
716	0.90	90	10
717	0.90	90	10
718	0.90	90	10
719	0.90	90	10
720	0.89	89	11
721	0.89	89	11
722	0.89	89	11
723	0.89	89	11
724	0.89	89	11
725	0.88	88	12
726	0.88	88	12
727	0.89	89	11
728	0.89	89	11
729	0.89	89	11
730	0.89	89	11
731	0.89	89	11
732	0.89	89	11
733	0.89	89	11
734	0.89	89	11
735	0.89	89	11
736	0.89	89	11
737	0.89	89	11
738	0.89	89	11
739	0.89	89	11
740	0.89	89	11
741	0.89	89	11
742	0.88	88	12
743	0.89	89	11
744	0.90	90	10
745	0.90	90	10
746	0.90	90	10
747	0.90	90	10
748	0.90	90	10
749	0.91	91	9
750	0.91	91	9
751	0.91	91	9
752	0.91	91	9
753	0.92	92	8
754	0.92	92	8
755	0.92	92	8
756	0.91	91	9
757	0.91	91	9
758	0.91	91	9
759	0.91	91	9
760	0.91	91	9
761	0.92	92	8
762	0.91	91	9
763	0.91	91	9
764	0.91	91	9
765	0.91	91	9
766	0.91	91	9
767	0.91	91	9
768	0.91	91	9
769	0.91	91	9
770	0.91	91	9
771	0.91	91	9
772	0.91	91	9
773	0.91	91	9
774	0.91	91	9
775	0.91	91	9
776	0.91	91	9
777	0.91	91	9
778	0.91	91	9
779	0.90	90	10
780	0.90	90	10
781	0.90	90	10
782	0.89	89	11
783	0.89	89	11
784	0.89	89	11
785	0.89	89	11
786	0.89	89	11
787	0.90	90	10
788	0.90	90	10
789	0.89	89	11
790	0.89	89	11
791	0.89	89	11
792	0.88	88	12
793	0.88	88	12
794	0.89	89	11
795	0.89	89	11
796	0.89	89	11
797	0.89	89	11
798	0.89	89	11
799	0.89	89	11
800	0.89	89	11
801	0.89	89	11
802	0.89	89	11
803	0.89	89	11
804	0.88	88	12
805	0.88	88	12
806	0.88	88	12
807	0.88	88	12
808	0.88	88	12
809	0.87	87	13
810	0.87	87	13
811	0.88	88	12
812	0.89	89	11
813	0.89	89	11
814	0.89	89	11
815	0.89	89	11
816	0.89	89	11
817	0.88	88	12
818	0.88	88	12
819	0.87	87	13
820	0.87	87	13
821	0.87	87	13
822	0.87	87	13
823	0.87	87	13
824	0.87	87	13
825	0.88	88	12
826	0.87	87	13
827	0.87	87	13
828	0.87	87	13
829	0.87	87	13
830	0.87	87	13
831	0.87	87	13
832	0.87	87	13
833	0.86	86	14
834	0.86	86	14
835	0.86	86	14
836	0.86	86	14
837	0.86	86	14
838	0.86	86	14
839	0.86	86	14
840	0.86	86	14
841	0.86	86	14
842	0.87	87	13
843	0.87	87	13
844	0.87	87	13
845	0.87	87	13
846	0.86	86	14
847	0.85	85	15
848	0.84	84	16
849	0.84	84	16
850	0.84	84	16
851	0.83	83	17
852	0.83	83	17
853	0.83	83	17
854	0.83	83	17
855	0.83	83	17
856	0.84	84	16
857	0.84	84	16
858	0.84	84	16
859	0.84	84	16
860	0.84	84	16
861	0.84	84	16
862	0.84	84	16
863	0.84	84	16
864	0.84	84	16
865	0.84	84	16
866	0.84	84	16
867	0.84	84	16
868	0.84	84	16
869	0.84	84	16
870	0.84	84	16
871	0.84	84	16
872	0.84	84	16
873	0.84	84	16
874	0.83	83	17
875	0.83	83	17
876	0.83	83	17
877	0.82	82	18
878	0.82	82	18
879	0.83	83	17
880	0.83	83	17
881	0.83	83	17
882	0.84	84	16
883	0.84	84	16
884	0.84	84	16
885	0.84	84	16
886	0.84	84	16
887	0.84	84	16
888	0.84	84	16
889	0.85	85	15
890	0.85	85	15
891	0.85	85	15
892	0.86	86	14
893	0.86	86	14
894	0.86	86	14
895	0.86	86	14
896	0.86	86	14
897	0.86	86	14
898	0.86	86	14
899	0.86	86	14
900	0.86	86	14
901	0.86	86	14
902	0.85	85	15
903	0.85	85	15
904	0.86	86	14
905	0.86	86	14
906	0.85	85	15
907	0.84	84	16
908	0.84	84	16
909	0.85	85	15
910	0.85	85	15
911	0.84	84	16
912	0.84	84	16
913	0.84	84	16
914	0.84	84	16
915	0.83	83	17
916	0.83	83	17
917	0.84	84	16
918	0.83	83	17
919	0.84	84	16
920	0.85	85	15
921	0.85	85	15
922	0.85	85	15
923	0.85	85	15
924	0.85	85	15
925	0.85	85	15
926	0.86	86	14
927	0.86	86	14
928	0.86	86	14
929	0.86	86	14
930	0.86	86	14
931	0.86	86	14
932	0.86	86	14
933	0.87	87	13
934	0.87	87	13
935	0.87	87	13
936	0.87	87	13
937	0.87	87	13
938	0.87	87	13
939	0.87	87	13
940	0.87	87	13
941	0.87	87	13
942	0.87	87	13
943	0.87	87	13
944	0.87	87	13
945	0.87	87	13
946	0.88	88	12
947	0.89	89	11
948	0.90	90	10
949	0.90	90	10
950	0.90	90	10
951	0.91	91	9
952	0.91	91	9
953	0.91	91	9
954	0.91	91	9
955	0.90	90	10
956	0.90	90	10
957	0.90	90	10
958	0.90	90	10
959	0.89	89	11
960	0.89	89	11
961	0.89	89	11
962	0.90	90	10
963	0.90	90	10
964	0.90	90	10
965	0.90	90	10
966	0.90	90	10
967	0.90	90	10
968	0.90	90	10
969	0.90	90	10
970	0.90	90	10
971	0.90	90	10
972	0.90	90	10
973	0.90	90	10
974	0.91	91	9
975	0.90	90	10
976	0.90	90	10
977	0.90	90	10
978	0.89	89	11
979	0.89	89	11
980	0.89	89	11
981	0.89	89	11
982	0.89	89	11
983	0.89	89	11
984	0.89	89	11
985	0.89	89	11
986	0.89	89	11
987	0.89	89	11
988	0.89	89	11
989	0.88	88	12
990	0.88	88	12
991	0.88	88	12
992	0.87	87	13
993	0.87	87	13
994	0.87	87	13
995	0.87	87	13
996	0.86	86	14
997	0.86	86	14
998	0.86	86	14
999	0.86	86	14
1000	0.14	86	14
1001	0.15	85	15
1002	0.15	85	15
1003	0.16	84	16
1004	0.17	83	17
1005	0.18	82	18
1006	0.17	83	17
1007	0.16	84	16
1008	0.16	84	16
1009	0.16	84	16
1010	0.17	83	17
1011	0.16	84	16
1012	0.16	84	16
1013	0.16	84	16
1014	0.16	84	16
1015	0.16	84	16
1016	0.16	84	16
1017	0.17	83	17
1018	0.16	84	16
1019	0.16	84	16
1020	0.17	83	17
1021	0.18	82	18
1022	0.19	81	19
1023	0.19	81	19
1024	0.19	81	19
1025	0.20	80	20
1026	0.21	79	21
1027	0.22	78	22
1028	0.23	77	23
1029	0.23	77	23
1030	0.24	76	24
1031	0.24	76	24
1032	0.24	76	24
1033	0.24	76	24
1034	0.24	76	24
1035	0.24	76	24
1036	0.25	75	25
1037	0.25	75	25
1038	0.25	75	25
1039	0.25	75	25
1040	0.26	74	26
1041	0.27	73	27
1042	0.28	72	28
1043	0.29	71	29
1044	0.30	70	30
1045	0.31	69	31
1046	0.32	68	32
1047	0.32	68	32
1048	0.32	68	32
1049	0.33	67	33
1050	0.34	66	34
1051	0.35	65	35
1052	0.35	65	35
1053	0.36	64	36
1054	0.36	64	36
1055	0.36	64	36
1056	0.36	64	36
1057	0.37	63	37
1058	0.38	62	38
1059	0.38	62	38
1060	0.39	61	39
1061	0.40	60	40
1062	0.41	59	41
1063	0.41	59	41
1064	0.42	58	42
1065	0.43	57	43
1066	0.44	56	44
1067	0.45	55	45
1068	0.46	54	46
1069	0.47	53	47
1070	0.48	52	48
1071	0.49	51	49
1072	0.50	50	50
1073	0.51	49	51
1074	0.52	48	52
1075	0.52	48	52
1076	0.53	47	53
1077	0.53	47	53
1078	0.53	47	53
1079	0.54	46	54
1080	0.55	45	55
1081	0.56	44	56
1082	0.56	44	56
1083	0.57	43	57
1084	0.58	42	58
1085	0.59	41	59
1086	0.60	40	60
1087	0.61	39	61
1088	0.62	38	62
1089	0.62	38	62
1090	0.63	37	63
1091	0.63	37	63
1092	0.63	37	63
1093	0.63	37	63
1094	0.63	37	63
1095	0.63	37	63
1096	0.62	38	62
1097	0.63	37	63
1098	0.64	36	64
1099	0.65	35	65
1100	0.66	34	66
1101	0.65	35	65
1102	0.65	35	65
1103	0.65	35	65
1104	0.65	35	65
1105	0.65	35	65
1106	0.65	35	65
1107	0.66	34	66
1108	0.67	33	67
1109	0.67	33	67
1110	0.67	33	67
1111	0.68	32	68
1112	0.69	31	69
1113	0.70	30	70
1114	0.71	29	71
1115	0.71	29	71
1116	0.72	28	72
1117	0.72	28	72
1118	0.73	27	73
1119	0.74	26	74
1120	0.74	26	74
1121	0.74	26	74
1122	0.73	27	73
1123	0.74	26	74
1124	0.75	25	75
1125	0.75	25	75
1126	0.74	26	74
1127	0.74	26	74
1128	0.74	26	74
1129	0.75	25	75
1130	0.75	25	75
1131	0.75	25	75
1132	0.76	24	76
1133	0.77	23	77
1134	0.78	22	78
1135	0.79	21	79
1136	0.78	22	78
1137	0.79	21	79
1138	0.80	20	80
1139	0.80	20	80
1140	0.79	21	79
1141	0.79	21	79
1142	0.78	22	78
1143	0.77	23	77
1144	0.77	23	77
1145	0.77	23	77
1146	0.77	23	77
1147	0.77	23	77
1148	0.78	22	78
1149	0.78	22	78
1150	0.77	23	77
1151	0.77	23	77
1152	0.78	22	78
1153	0.77	23	77
1154	0.77	23	77
1155	0.77	23	77
1156	0.78	22	78
1157	0.78	22	78
1158	0.78	22	78
1159	0.78	22	78
1160	0.78	22	78
1161	0.78	22	78
1162	0.78	22	78
1163	0.78	22	78
1164	0.78	22	78
1165	0.78	22	78
1166	0.78	22	78
1167	0.78	22	78
1168	0.78	22	78
1169	0.78	22	78
1170	0.78	22	78
1171	0.78	22	78
1172	0.78	22	78
1173	0.77	23	77
1174	0.77	23	77
1175	0.77	23	77
1176	0.77	23	77
1177	0.77	23	77
1178	0.77	23	77
1179	0.77	23	77
1180	0.77	23	77
1181	0.77	23	77
1182	0.77	23	77
1183	0.77	23	77
1184	0.77	23	77
1185	0.77	23	77
1186	0.77	23	77
1187	0.77	23	77
1188	0.76	24	76
1189	0.76	24	76
1190	0.76	24	76
1191	0.77	23	77
1192	0.77	23	77
1193	0.78	22	78
1194	0.79	21	79
1195	0.80	20	80
1196	0.80	20	80
1197	0.80	20	80
1198	0.80	20	80
1199	0.80	20	80
1200	0.80	20	80
1201	0.81	19	81
1202	0.81	19	81
1203	0.81	19	81
1204	0.81	19	81
1205	0.80	20	80
1206	0.81	19	81
1207	0.81	19	81
1208	0.81	19	81
1209	0.82	18	82
1210	0.82	18	82
1211	0.81	19	81
1212	0.81	19	81
1213	0.81	19	81
1214	0.81	19	81
1215	0.81	19	81
1216	0.80	20	80
1217	0.80	20	80
1218	0.80	20	80
1219	0.79	21	79
1220	0.79	21	79
1221	0.79	21	79
1222	0.80	20	80
1223	0.80	20	80
1224	0.80	20	80
1225	0.79	21	79
1226	0.80	20	80
1227	0.80	20	80
1228	0.80	20	80
1229	0.80	20	80
1230	0.79	21	79
1231	0.79	21	79
1232	0.79	21	79
1233	0.79	21	79
1234	0.78	22	78
1235	0.78	22	78
1236	0.79	21	79
1237	0.79	21	79
1238	0.79	21	79
1239	0.80	20	80
1240	0.81	19	81
1241	0.81	19	81
1242	0.82	18	82
1243	0.83	17	83
1244	0.83	17	83
1245	0.83	17	83
1246	0.83	17	83
1247	0.84	16	84
1248	0.84	16	84
1249	0.84	16	84
1250	0.85	15	85
1251	0.85	15	85
1252	0.85	15	85
1253	0.86	14	86
1254	0.86	14	86
1255	0.86	14	86
1256	0.85	15	85
1257	0.85	15	85
1258	0.85	15	85
1259	0.85	15	85
1260	0.85	15	85
1261	0.85	15	85
1262	0.85	15	85
1263	0.86	14	86
1264	0.86	14	86
1265	0.86	14	86
1266	0.86	14	86
1267	0.86	14	86
1268	0.85	15	85
1269	0.85	15	85
1270	0.84	16	84
1271	0.84	16	84
1272	0.84	16	84
1273	0.85	15	85
1274	0.85	15	85
1275	0.85	15	85
1276	0.85	15	85
1277	0.85	15	85
1278	0.85	15	85
1279	0.85	15	85
1280	0.85	15	85
1281	0.85	15	85
1282	0.86	14	86
1283	0.86	14	86
1284	0.86	14	86
1285	0.86	14	86
1286	0.86	14	86
1287	0.85	15	85
1288	0.86	14	86
1289	0.86	14	86
1290	0.85	15	85
1291	0.85	15	85
1292	0.85	15	85
1293	0.85	15	85
1294	0.85	15	85
1295	0.85	15	85
1296	0.86	14	86
1297	0.86	14	86
1298	0.86	14	86
1299	0.86	14	86
1300	0.86	14	86
1301	0.86	14	86
1302	0.85	15	85
1303	0.84	16	84
1304	0.84	16	84
1305	0.85	15	85
1306	0.85	15	85
1307	0.85	15	85
1308	0.84	16	84
1309	0.84	16	84
1310	0.84	16	84
1311	0.85	15	85
1312	0.85	15	85
1313	0.85	15	85
1314	0.85	15	85
1315	0.85	15	85
1316	0.86	14	86
1317	0.86	14	86
1318	0.86	14	86
1319	0.87	13	87
1320	0.87	13	87
1321	0.86	14	86
1322	0.86	14	86
1323	0.86	14	86
1324	0.86	14	86
1325	0.87	13	87
1326	0.87	13	87
1327	0.87	13	87
1328	0.86	14	86
1329	0.86	14	86
1330	0.87	13	87
1331	0.88	12	88
1332	0.87	13	87
1333	0.86	14	86
1334	0.87	13	87
1335	0.87	13	87
1336	0.87	13	87
1337	0.87	13	87
1338	0.87	13	87
1339	0.87	13	87
1340	0.87	13	87
1341	0.87	13	87
1342	0.87	13	87
1343	0.87	13	87
1344	0.87	13	87
1345	0.87	13	87
1346	0.86	14	86
1347	0.86	14	86
1348	0.86	14	86
1349	0.86	14	86
1350	0.86	14	86
1351	0.85	15	85
1352	0.85	15	85
1353	0.85	15	85
1354	0.86	14	86
1355	0.86	14	86
1356	0.87	13	87
1357	0.87	13	87
1358	0.87	13	87
1359	0.87	13	87
1360	0.87	13	87
1361	0.87	13	87
1362	0.87	13	87
1363	0.87	13	87
1364	0.87	13	87
1365	0.87	13	87
1366	0.86	14	86
1367	0.86	14	86
1368	0.87	13	87
1369	0.87	13	87
1370	0.88	12	88
1371	0.88	12	88
1372	0.87	13	87
1373	0.87	13	87
1374	0.87	13	87
1375	0.87	13	87
1376	0.87	13	87
1377	0.87	13	87
1378	0.86	14	86
1379	0.86	14	86
1380	0.85	15	85
1381	0.85	15	85
1382	0.85	15	85
1383	0.84	16	84
1384	0.84	16	84
1385	0.83	17	83
1386	0.83	17	83
1387	0.84	16	84
1388	0.83	17	83
1389	0.83	17	83
1390	0.84	16	84
1391	0.84	16	84
1392	0.84	16	84
1393	0.84	16	84
1394	0.84	16	84
1395	0.84	16	84
1396	0.84	16	84
1397	0.84	16	84
1398	0.84	16	84
1399	0.84	16	84
1400	0.83	17	83
1401	0.83	17	83
1402	0.84	16	84
1403	0.85	15	85
1404	0.85	15	85
1405	0.85	15	85
1406	0.85	15	85
1407	0.85	15	85
1408	0.86	14	86
1409	0.85	15	85
1410	0.85	15	85
1411	0.84	16	84
1412	0.84	16	84
1413	0.84	16	84
1414	0.83	17	83
1415	0.83	17	83
1416	0.83	17	83
1417	0.83	17	83
1418	0.83	17	83
1419	0.83	17	83
1420	0.83	17	83
1421	0.84	16	84
1422	0.84	16	84
1423	0.84	16	84
1424	0.84	16	84
1425	0.84	16	84
1426	0.84	16	84
1427	0.84	16	84
1428	0.85	15	85
1429	0.85	15	85
1430	0.85	15	85
1431	0.85	15	85
1432	0.86	14	86
1433	0.87	13	87
1434	0.87	13	87
1435	0.87	13	87
1436	0.87	13	87
1437	0.86	14	86
1438	0.85	15	85
1439	0.85	15	85
1440	0.85	15	85
1441	0.85	15	85
1442	0.85	15	85
1443	0.84	16	84
1444	0.84	16	84
1445	0.84	16	84
1446	0.85	15	85
1447	0.85	15	85
1448	0.85	15	85
1449	0.85	15	85
1450	0.85	15	85
1451	0.86	14	86
1452	0.86	14	86
1453	0.86	14	86
1454	0.86	14	86
1455	0.85	15	85
1456	0.84	16	84
1457	0.83	17	83
1458	0.83	17	83
1459	0.83	17	83
1460	0.83	17	83
1461	0.83	17	83
1462	0.83	17	83
1463	0.83	17	83
1464	0.83	17	83
1465	0.83	17	83
1466	0.84	16	84
1467	0.84	16	84
1468	0.84	16	84
1469	0.84	16	84
1470	0.84	16	84
1471	0.84	16	84
1472	0.85	15	85
1473	0.85	15	85
1474	0.85	15	85
1475	0.85	15	85
1476	0.85	15	85
1477	0.85	15	85
1478	0.86	14	86
1479	0.85	15	85
1480	0.86	14	86
1481	0.86	14	86
1482	0.86	14	86
1483	0.87	13	87
1484	0.87	13	87
1485	0.87	13	87
1486	0.87	13	87
1487	0.87	13	87
1488	0.88	12	88
1489	0.88	12	88
1490	0.88	12	88
1491	0.88	12	88
1492	0.88	12	88
1493	0.88	12	88
1494	0.88	12	88
1495	0.88	12	88
1496	0.88	12	88
1497	0.88	12	88
1498	0.88	12	88
1499	0.88	12	88
1500	0.89	11	89
1501	0.89	11	89
1502	0.89	11	89
1503	0.89	11	89
1504	0.88	12	88
1505	0.88	12	88
1506	0.88	12	88
1507	0.87	13	87
1508	0.87	13	87
1509	0.87	13	87
1510	0.87	13	87
1511	0.88	12	88
1512	0.87	13	87
1513	0.87	13	87
1514	0.88	12	88
1515	0.88	12	88
1516	0.88	12	88
1517	0.88	12	88
1518	0.88	12	88
1519	0.88	12	88
1520	0.88	12	88
1521	0.88	12	88
1522	0.88	12	88
1523	0.88	12	88
1524	0.88	12	88
1525	0.88	12	88
1526	0.88	12	88
1527	0.88	12	88
1528	0.88	12	88
1529	0.88	12	88
1530	0.88	12	88
1531	0.88	12	88
1532	0.88	12	88
1533	0.88	12	88
1534	0.87	13	87
1535	0.87	13	87
1536	0.87	13	87
1537	0.88	12	88
1538	0.89	11	89
1539	0.89	11	89
1540	0.89	11	89
1541	0.89	11	89
1542	0.89	11	89
1543	0.90	10	90
1544	0.90	10	90
1545	0.90	10	90
1546	0.90	10	90
1547	0.90	10	90
1548	0.90	10	90
1549	0.90	10	90
1550	0.90	10	90
1551	0.90	10	90
1552	0.90	10	90
1553	0.90	10	90
1554	0.90	10	90
1555	0.91	9	91
1556	0.91	9	91
1557	0.91	9	91
1558	0.90	10	90
1559	0.90	10	90
1560	0.90	10	90
1561	0.90	10	90
1562	0.90	10	90
1563	0.90	10	90
1564	0.90	10	90
1565	0.90	10	90
1566	0.90	10	90
1567	0.90	10	90
1568	0.90	10	90
1569	0.90	10	90
1570	0.90	10	90
1571	0.89	11	89
1572	0.89	11	89
1573	0.89	11	89
1574	0.89	11	89
1575	0.89	11	89
1576	0.89	11	89
1577	0.88	12	88
1578	0.87	13	87
1579	0.87	13	87
1580	0.87	13	87
1581	0.87	13	87
1582	0.87	13	87
1583	0.87	13	87
1584	0.87	13	87
1585	0.88	12	88
1586	0.88	12	88
1587	0.88	12	88
1588	0.88	12	88
1589	0.88	12	88
1590	0.88	12	88
1591	0.88	12	88
1592	0.88	12	88
1593	0.88	12	88
1594	0.87	13	87
1595	0.87	13	87
1596	0.87	13	87
1597	0.86	14	86
1598	0.86	14	86
1599	0.86	14	86
1600	0.86	14	86
1601	0.86	14	86
1602	0.86	14	86
1603	0.86	14	86
1604	0.87	13	87
1605	0.87	13	87
1606	0.87	13	87
1607	0.87	13	87
1608	0.87	13	87
1609	0.88	12	88
1610	0.88	12	88
1611	0.88	12	88
1612	0.89	11	89
1613	0.89	11	89
1614	0.89	11	89
1615	0.89	11	89
1616	0.89	11	89
1617	0.89	11	89
1618	0.89	11	89
1619	0.88	12	88
1620	0.88	12	88
1621	0.88	12	88
1622	0.87	13	87
1623	0.87	13	87
1624	0.87	13	87
1625	0.87	13	87
1626	0.87	13	87
1627	0.86	14	86
1628	0.86	14	86
1629	0.86	14	86
1630	0.85	15	85
1631	0.85	15	85
1632	0.84	16	84
1633	0.84	16	84
1634	0.85	15	85
1635	0.85	15	85
1636	0.85	15	85
1637	0.85	15	85
1638	0.85	15	85
1639	0.85	15	85
1640	0.85	15	85
1641	0.85	15	85
1642	0.84	16	84
1643	0.83	17	83
1644	0.83	17	83
1645	0.82	18	82
1646	0.82	18	82
1647	0.82	18	82
1648	0.82	18	82
1649	0.82	18	82
1650	0.82	18	82
1651	0.82	18	82
1652	0.82	18	82
1653	0.82	18	82
1654	0.82	18	82
1655	0.82	18	82
1656	0.83	17	83
1657	0.84	16	84
1658	0.85	15	85
1659	0.85	15	85
1660	0.85	15	85
1661	0.85	15	85
1662	0.84	16	84
1663	0.83	17	83
1664	0.83	17	83
1665	0.83	17	83
1666	0.83	17	83
1667	0.83	17	83
1668	0.83	17	83
1669	0.83	17	83
1670	0.83	17	83
1671	0.84	16	84
1672	0.84	16	84
1673	0.84	16	84
1674	0.84	16	84
1675	0.84	16	84
1676	0.84	16	84
1677	0.84	16	84
1678	0.84	16	84
1679	0.85	15	85
1680	0.85	15	85
1681	0.85	15	85
1682	0.84	16	84
1683	0.84	16	84
1684	0.84	16	84
1685	0.84	16	84
1686	0.84	16	84
1687	0.84	16	84
1688	0.84	16	84
1689	0.84	16	84
1690	0.83	17	83
1691	0.83	17	83
1692	0.82	18	82
1693	0.82	18	82
1694	0.83	17	83
1695	0.83	17	83
1696	0.83	17	83
1697	0.84	16	84
1698	0.83	17	83
1699	0.83	17	83
1700	0.83	17	83
1701	0.83	17	83
1702	0.83	17	83
1703	0.83	17	83
1704	0.83	17	83
1705	0.83	17	83
1706	0.83	17	83
1707	0.84	16	84
1708	0.84	16	84
1709	0.84	16	84
1710	0.84	16	84
1711	0.84	16	84
1712	0.83	17	83
1713	0.83	17	83
1714	0.83	17	83
1715	0.83	17	83
1716	0.83	17	83
1717	0.83	17	83
1718	0.83	17	83
1719	0.84	16	84
1720	0.84	16	84
1721	0.83	17	83
1722	0.84	16	84
1723	0.84	16	84
1724	0.84	16	84
1725	0.84	16	84
1726	0.84	16	84
1727	0.85	15	85
1728	0.85	15	85
1729	0.85	15	85
1730	0.86	14	86
1731	0.86	14	86
1732	0.87	13	87
1733	0.87	13	87
1734	0.87	13	87
1735	0.87	13	87
1736	0.87	13	87
1737	0.87	13	87
1738	0.87	13	87
1739	0.87	13	87
1740	0.87	13	87
1741	0.86	14	86
1742	0.87	13	87
1743	0.88	12	88
1744	0.88	12	88
1745	0.89	11	89
1746	0.89	11	89
1747	0.89	11	89
1748	0.89	11	89
1749	0.89	11	89
1750	0.88	12	88
1751	0.88	12	88
1752	0.88	12	88
1753	0.88	12	88
1754	0.88	12	88
1755	0.88	12	88
1756	0.88	12	88
1757	0.88	12	88
1758	0.88	12	88
1759	0.88	12	88
1760	0.87	13	87
1761	0.87	13	87
1762	0.88	12	88
1763	0.89	11	89
1764	0.89	11	89
1765	0.89	11	89
1766	0.88	12	88
1767	0.88	12	88
1768	0.88	12	88
1769	0.87	13	87
1770	0.87	13	87
1771	0.87	13	87
1772	0.87	13	87
1773	0.86	14	86
1774	0.86	14	86
1775	0.86	14	86
1776	0.86	14	86
1777	0.87	13	87
1778	0.88	12	88
1779	0.88	12	88
1780	0.88	12	88
1781	0.88	12	88
1782	0.89	11	89
1783	0.89	11	89
1784	0.89	11	89
1785	0.89	11	89
1786	0.89	11	89
1787	0.89	11	89
1788	0.89	11	89
1789	0.89	11	89
1790	0.90	10	90
1791	0.90	10	90
1792	0.91	9	91
1793	0.91	9	91
1794	0.91	9	91
1795	0.91	9	91
1796	0.91	9	91
1797	0.91	9	91
1798	0.92	8	92
1799	0.92	8	92
1800	0.92	8	92
1801	0.92	8	92
1802	0.92	8	92
1803	0.92	8	92
1804	0.92	8	92
1805	0.92	8	92
1806	0.92	8	92
1807	0.92	8	92
1808	0.91	9	91
1809	0.91	9	91
1810	0.91	9	91
1811	0.91	9	91
1812	0.92	8	92
1813	0.92	8	92
1814	0.91	9	91
1815	0.91	9	91
1816	0.91	9	91
1817	0.91	9	91
1818	0.91	9	91
1819	0.91	9	91
1820	0.91	9	91
1821	0.92	8	92
1822	0.92	8	92
1823	0.92	8	92
1824	0.92	8	92
1825	0.92	8	92
1826	0.92	8	92
1827	0.92	8	92
1828	0.92	8	92
1829	0.92	8	92
1830	0.92	8	92
1831	0.92	8	92
1832	0.92	8	92
1833	0.92	8	92
1834	0.92	8	92
1835	0.92	8	92
1836	0.92	8	92
1837	0.92	8	92
1838	0.92	8	92
1839	0.92	8	92
1840	0.92	8	92
1841	0.93	7	93
1842	0.93	7	93
1843	0.93	7	93
1844	0.93	7	93
1845	0.93	7	93
1846	0.93	7	93
1847	0.93	7	93
1848	0.93	7	93
1849	0.93	7	93
1850	0.94	6	94
1851	0.94	6	94
1852	0.93	7	93
1853	0.92	8	92
1854	0.92	8	92
1855	0.92	8	92
1856	0.92	8	92
1857	0.92	8	92
1858	0.92	8	92
1859	0.91	9	91
1860	0.92	8	92
1861	0.91	9	91
1862	0.91	9	91
1863	0.91	9	91
1864	0.91	9	91
1865	0.91	9	91
1866	0.91	9	91
1867	0.90	10	90
1868	0.89	11	89
1869	0.90	10	90
1870	0.90	10	90
1871	0.90	10	90
1872	0.90	10	90
1873	0.91	9	91
1874	0.91	9	91
1875	0.91	9	91
1876	0.91	9	91
1877	0.91	9	91
1878	0.91	9	91
1879	0.91	9	91
1880	0.91	9	91
1881	0.91	9	91
1882	0.91	9	91
1883	0.91	9	91
1884	0.90	10	90
1885	0.90	10	90
1886	0.90	10	90
1887	0.90	10	90
1888	0.90	10	90
1889	0.90	10	90
1890	0.90	10	90
1891	0.90	10	90
1892	0.90	10	90
1893	0.90	10	90
1894	0.90	10	90
1895	0.89	11	89
1896	0.89	11	89
1897	0.89	11	89
1898	0.88	12	88
1899	0.87	13	87
1900	0.86	14	86
1901	0.86	14	86
1902	0.86	14	86
1903	0.86	14	86
1904	0.86	14	86
1905	0.86	14	86
1906	0.86	14	86
1907	0.86	14	86
1908	0.87	13	87
1909	0.86	14	86
1910	0.86	14	86
1911	0.86	14	86
1912	0.85	15	85
1913	0.85	15	85
1914	0.86	14	86
1915	0.85	15	85
1916	0.85	15	85
1917	0.85	15	85
1918	0.85	15	85
1919	0.85	15	85
1920	0.85	15	85
1921	0.84	16	84
1922	0.84	16	84
1923	0.84	16	84
1924	0.84	16	84
1925	0.84	16	84
1926	0.84	16	84
1927	0.84	16	84
1928	0.83	17	83
1929	0.83	17	83
1930	0.82	18	82
1931	0.81	19	81
1932	0.81	19	81
1933	0.81	19	81
1934	0.81	19	81
1935	0.81	19	81
1936	0.81	19	81
1937	0.80	20	80
1938	0.79	21	79
1939	0.79	21	79
1940	0.79	21	79
1941	0.79	21	79
1942	0.79	21	79
1943	0.79	21	79
1944	0.79	21	79
1945	0.78	22	78
1946	0.78	22	78
1947	0.78	22	78
1948	0.78	22	78
1949	0.78	22	78
1950	0.78	22	78
1951	0.78	22	78
1952	0.79	21	79
1953	0.79	21	79
1954	0.78	22	78
1955	0.78	22	78
1956	0.78	22	78
1957	0.77	23	77
1958	0.77	23	77
1959	0.78	22	78
1960	0.78	22	78
1961	0.79	21	79
1962	0.79	21	79
1963	0.79	21	79
1964	0.79	21	79
1965	0.79	21	79
1966	0.80	20	80
1967	0.81	19	81
1968	0.82	18	82
1969	0.82	18	82
1970	0.81	19	81
1971	0.81	19	81
1972	0.81	19	81
1973	0.81	19	81
1974	0.81	19	81
1975	0.81	19	81
1976	0.81	19	81
1977	0.81	19	81
1978	0.81	19	81
1979	0.81	19	81
1980	0.81	19	81
1981	0.80	20	80
1982	0.80	20	80
1983	0.80	20	80
1984	0.81	19	81
1985	0.81	19	81
1986	0.81	19	81
1987	0.81	19	81
1988	0.81	19	81
1989	0.81	19	81
1990	0.81	19	81
1991	0.80	20	80
1992	0.80	20	80
1993	0.79	21	79
1994	0.79	21	79
1995	0.80	20	80
1996	0.80	20	80
1997	0.80	20	80
1998	0.80	20	80
1999	0.81	19	81
2000	0.19	19	81
2001	0.20	20	80
2002	0.20	20	80
2003	0.20	20	80
2004	0.20	20	80
2005	0.21	21	79
2006	0.21	21	79
2007	0.21	21	79
2008	0.22	22	78
2009	0.22	22	78
2010	0.22	22	78
2011	0.23	23	77
2012	0.22	22	78
2013	0.23	23	77
2014	0.24	24	76
2015	0.23	23	77
2016	0.24	24	76
2017	0.25	25	75
2018	0.26	26	74
2019	0.27	27	73
2020	0.27	27	73
2021	0.27	27	73
2022	0.27	27	73
2023	0.28	28	72
2024	0.29	29	71
2025	0.30	30	70
2026	0.31	31	69
2027	0.32	32	68
2028	0.32	32	68
2029	0.33	33	67
2030	0.32	32	68
2031	0.32	32	68
2032	0.32	32	68
2033	0.33	33	67
2034	0.34	34	66
2035	0.35	35	65
2036	0.36	36	64
2037	0.35	35	65
2038	0.34	34	66
2039	0.34	34	66
2040	0.35	35	65
2041	0.35	35	65
2042	0.36	36	64
2043	0.37	37	63
2044	0.38	38	62
2045	0.37	37	63
2046	0.38	38	62
2047	0.39	39	61
2048	0.40	40	60
2049	0.41	41	59
2050	0.41	41	59
2051	0.42	42	58
2052	0.43	43	57
2053	0.43	43	57
2054	0.43	43	57
2055	0.44	44	56
2056	0.44	44	56
2057	0.44	44	56
2058	0.45	45	55
2059	0.46	46	54
2060	0.47	47	53
2061	0.47	47	53
2062	0.48	48	52
2063	0.49	49	51
2064	0.49	49	51
2065	0.49	49	51
2066	0.49	49	51
2067	0.50	50	50
2068	0.51	51	49
2069	0.52	52	48
2070	0.52	52	48
2071	0.53	53	47
2072	0.53	53	47
2073	0.54	54	46
2074	0.55	55	45
2075	0.56	56	44
2076	0.57	57	43
2077	0.58	58	42
2078	0.59	59	41
2079	0.59	59	41
2080	0.60	60	40
2081	0.60	60	40
2082	0.61	61	39
2083	0.62	62	38
2084	0.63	63	37
2085	0.63	63	37
2086	0.64	64	36
2087	0.64	64	36
2088	0.65	65	35
2089	0.66	66	34
2090	0.67	67	33
2091	0.67	67	33
2092	0.68	68	32
2093	0.68	68	32
2094	0.69	69	31
2095	0.70	70	30
2096	0.71	71	29
2097	0.72	72	28
2098	0.72	72	28
2099	0.73	73	27
2100	0.73	73	27
2101	0.73	73	27
2102	0.74	74	26
2103	0.75	75	25
2104	0.76	76	24
2105	0.76	76	24
2106	0.77	77	23
2107	0.78	78	22
2108	0.78	78	22
2109	0.78	78	22
2110	0.79	79	21
2111	0.79	79	21
2112	0.80	80	20
2113	0.80	80	20
2114	0.80	80	20
2115	0.81	81	19
2116	0.81	81	19
2117	0.81	81	19
2118	0.81	81	19
2119	0.81	81	19
2120	0.82	82	18
2121	0.81	81	19
2122	0.81	81	19
2123	0.81	81	19
2124	0.81	81	19
2125	0.81	81	19
2126	0.81	81	19
2127	0.81	81	19
2128	0.81	81	19
2129	0.80	80	20
2130	0.81	81	19
2131	0.81	81	19
2132	0.81	81	19
2133	0.81	81	19
2134	0.81	81	19
2135	0.81	81	19
2136	0.81	81	19
2137	0.81	81	19
2138	0.82	82	18
2139	0.83	83	17
2140	0.83	83	17
2141	0.84	84	16
2142	0.84	84	16
2143	0.84	84	16
2144	0.83	83	17
2145	0.84	84	16
2146	0.83	83	17
2147	0.83	83	17
2148	0.83	83	17
2149	0.83	83	17
2150	0.84	84	16
2151	0.84	84	16
2152	0.84	84	16
2153	0.84	84	16
2154	0.84	84	16
2155	0.84	84	16
2156	0.85	85	15
2157	0.85	85	15
2158	0.85	85	15
2159	0.85	85	15
2160	0.85	85	15
2161	0.86	86	14
2162	0.86	86	14
2163	0.86	86	14
2164	0.87	87	13
2165	0.88	88	12
2166	0.89	89	11
2167	0.89	89	11
2168	0.89	89	11
2169	0.88	88	12
2170	0.88	88	12
2171	0.88	88	12
2172	0.89	89	11
2173	0.89	89	11
2174	0.89	89	11
2175	0.89	89	11
2176	0.88	88	12
2177	0.88	88	12
2178	0.88	88	12
2179	0.89	89	11
2180	0.89	89	11
2181	0.89	89	11
2182	0.89	89	11
2183	0.89	89	11
2184	0.89	89	11
2185	0.90	90	10
2186	0.90	90	10
2187	0.91	91	9
2188	0.91	91	9
2189	0.91	91	9
2190	0.91	91	9
2191	0.90	90	10
2192	0.90	90	10
2193	0.90	90	10
2194	0.90	90	10
2195	0.89	89	11
2196	0.89	89	11
2197	0.89	89	11
2198	0.89	89	11
2199	0.89	89	11
2200	0.89	89	11
2201	0.89	89	11
2202	0.89	89	11
2203	0.89	89	11
2204	0.89	89	11
2205	0.89	89	11
2206	0.88	88	12
2207	0.88	88	12
2208	0.88	88	12
2209	0.88	88	12
2210	0.88	88	12
2211	0.87	87	13
2212	0.87	87	13
2213	0.87	87	13
2214	0.87	87	13
2215	0.87	87	13
2216	0.87	87	13
2217	0.87	87	13
2218	0.87	87	13
2219	0.87	87	13
2220	0.86	86	14
2221	0.87	87	13
2222	0.88	88	12
2223	0.88	88	12
2224	0.88	88	12
2225	0.88	88	12
2226	0.88	88	12
2227	0.88	88	12
2228	0.88	88	12
2229	0.89	89	11
2230	0.89	89	11
2231	0.89	89	11
2232	0.90	90	10
2233	0.90	90	10
2234	0.90	90	10
2235	0.90	90	10
2236	0.90	90	10
2237	0.91	91	9
2238	0.91	91	9
2239	0.91	91	9
2240	0.90	90	10
2241	0.90	90	10
2242	0.90	90	10
2243	0.90	90	10
2244	0.90	90	10
2245	0.90	90	10
2246	0.91	91	9
2247	0.91	91	9
2248	0.91	91	9
2249	0.91	91	9
2250	0.91	91	9
2251	0.91	91	9
2252	0.91	91	9
2253	0.91	91	9
2254	0.91	91	9
2255	0.91	91	9
2256	0.90	90	10
2257	0.90	90	10
2258	0.90	90	10
2259	0.90	90	10
2260	0.90	90	10
2261	0.90	90	10
2262	0.90	90	10
2263	0.89	89	11
2264	0.89	89	11
2265	0.89	89	11
2266	0.89	89	11
2267	0.88	88	12
2268	0.88	88	12
2269	0.89	89	11
2270	0.89	89	11
2271	0.89	89	11
2272	0.88	88	12
2273	0.88	88	12
2274	0.88	88	12
2275	0.88	88	12
2276	0.89	89	11
2277	0.89	89	11
2278	0.89	89	11
2279	0.89	89	11
2280	0.89	89	11
2281	0.89	89	11
2282	0.89	89	11
2283	0.89	89	11
2284	0.89	89	11
2285	0.89	89	11
2286	0.89	89	11
2287	0.89	89	11
2288	0.89	89	11
2289	0.89	89	11
2290	0.89	89	11
2291	0.90	90	10
2292	0.89	89	11
2293	0.88	88	12
2294	0.88	88	12
2295	0.88	88	12
2296	0.87	87	13
2297	0.87	87	13
2298	0.87	87	13
2299	0.87	87	13
2300	0.87	87	13
2301	0.87	87	13
2302	0.86	86	14
2303	0.86	86	14
2304	0.86	86	14
2305	0.86	86	14
2306	0.86	86	14
2307	0.86	86	14
2308	0.86	86	14
2309	0.86	86	14
2310	0.86	86	14
2311	0.87	87	13
2312	0.87	87	13
2313	0.87	87	13
2314	0.87	87	13
2315	0.87	87	13
2316	0.87	87	13
2317	0.87	87	13
2318	0.87	87	13
2319	0.87	87	13
2320	0.88	88	12
2321	0.88	88	12
2322	0.88	88	12
2323	0.88	88	12
2324	0.87	87	13
2325	0.87	87	13
2326	0.87	87	13
2327	0.87	87	13
2328	0.87	87	13
2329	0.87	87	13
2330	0.86	86	14
2331	0.86	86	14
2332	0.86	86	14
2333	0.86	86	14
2334	0.86	86	14
2335	0.86	86	14
2336	0.86	86	14
2337	0.85	85	15
2338	0.85	85	15
2339	0.84	84	16
2340	0.85	85	15
2341	0.85	85	15
2342	0.85	85	15
2343	0.85	85	15
2344	0.86	86	14
2345	0.86	86	14
2346	0.86	86	14
2347	0.86	86	14
2348	0.86	86	14
2349	0.86	86	14
2350	0.86	86	14
2351	0.86	86	14
2352	0.85	85	15
2353	0.85	85	15
2354	0.85	85	15
2355	0.85	85	15
2356	0.86	86	14
2357	0.86	86	14
2358	0.86	86	14
2359	0.86	86	14
2360	0.86	86	14
2361	0.86	86	14
2362	0.86	86	14
2363	0.86	86	14
2364	0.86	86	14
2365	0.86	86	14
2366	0.86	86	14
2367	0.87	87	13
2368	0.87	87	13
2369	0.87	87	13
2370	0.87	87	13
2371	0.87	87	13
2372	0.88	88	12
2373	0.88	88	12
2374	0.88	88	12
2375	0.88	88	12
2376	0.88	88	12
2377	0.88	88	12
2378	0.88	88	12
2379	0.88	88	12
2380	0.88	88	12
2381	0.88	88	12
2382	0.88	88	12
2383	0.88	88	12
2384	0.88	88	12
2385	0.88	88	12
2386	0.87	87	13
2387	0.87	87	13
2388	0.87	87	13
2389	0.87	87	13
2390	0.87	87	13
2391	0.87	87	13
2392	0.88	88	12
2393	0.89	89	11
2394	0.89	89	11
2395	0.90	90	10
2396	0.91	91	9
2397	0.90	90	10
2398	0.90	90	10
2399	0.90	90	10
2400	0.90	90	10
2401	0.90	90	10
2402	0.91	91	9
2403	0.91	91	9
2404	0.91	91	9
2405	0.91	91	9
2406	0.91	91	9
2407	0.91	91	9
2408	0.91	91	9
2409	0.91	91	9
2410	0.90	90	10
2411	0.90	90	10
2412	0.90	90	10
2413	0.90	90	10
2414	0.89	89	11
2415	0.88	88	12
2416	0.87	87	13
2417	0.87	87	13
2418	0.87	87	13
2419	0.87	87	13
2420	0.86	86	14
2421	0.86	86	14
2422	0.86	86	14
2423	0.86	86	14
2424	0.87	87	13
2425	0.87	87	13
2426	0.87	87	13
2427	0.87	87	13
2428	0.87	87	13
2429	0.87	87	13
2430	0.88	88	12
2431	0.87	87	13
2432	0.87	87	13
2433	0.87	87	13
2434	0.87	87	13
2435	0.87	87	13
2436	0.87	87	13
2437	0.88	88	12
2438	0.88	88	12
2439	0.88	88	12
2440	0.88	88	12
2441	0.88	88	12
2442	0.88	88	12
2443	0.87	87	13
2444	0.86	86	14
2445	0.86	86	14
2446	0.86	86	14
2447	0.86	86	14
2448	0.86	86	14
2449	0.85	85	15
2450	0.85	85	15
2451	0.85	85	15
2452	0.86	86	14
2453	0.85	85	15
2454	0.85	85	15
2455	0.85	85	15
2456	0.84	84	16
2457	0.83	83	17
2458	0.82	82	18
2459	0.82	82	18
2460	0.82	82	18
2461	0.82	82	18
2462	0.82	82	18
2463	0.83	83	17
2464	0.82	82	18
2465	0.82	82	18
2466	0.82	82	18
2467	0.82	82	18
2468	0.82	82	18
2469	0.82	82	18
2470	0.82	82	18
2471	0.82	82	18
2472	0.82	82	18
2473	0.81	81	19
2474	0.81	81	19
2475	0.81	81	19
2476	0.81	81	19
2477	0.81	81	19
2478	0.81	81	19
2479	0.81	81	19
2480	0.81	81	19
2481	0.81	81	19
2482	0.81	81	19
2483	0.81	81	19
2484	0.81	81	19
2485	0.81	81	19
2486	0.82	82	18
2487	0.82	82	18
2488	0.82	82	18
2489	0.82	82	18
2490	0.82	82	18
2491	0.82	82	18
2492	0.81	81	19
2493	0.81	81	19
2494	0.81	81	19
2495	0.81	81	19
2496	0.81	81	19
2497	0.82	82	18
2498	0.82	82	18
2499	0.82	82	18
2500	0.82	82	18
2501	0.82	82	18
2502	0.82	82	18
2503	0.82	82	18
2504	0.82	82	18
2505	0.81	81	19
2506	0.82	82	18
2507	0.82	82	18
2508	0.82	82	18
2509	0.82	82	18
2510	0.83	83	17
2511	0.83	83	17
2512	0.83	83	17
2513	0.83	83	17
2514	0.84	84	16
2515	0.85	85	15
2516	0.86	86	14
2517	0.85	85	15
2518	0.85	85	15
2519	0.85	85	15
2520	0.86	86	14
2521	0.86	86	14
2522	0.86	86	14
2523	0.85	85	15
2524	0.85	85	15
2525	0.85	85	15
2526	0.85	85	15
2527	0.85	85	15
2528	0.84	84	16
2529	0.84	84	16
2530	0.84	84	16
2531	0.85	85	15
2532	0.85	85	15
2533	0.85	85	15
2534	0.85	85	15
2535	0.85	85	15
2536	0.85	85	15
2537	0.85	85	15
2538	0.85	85	15
2539	0.85	85	15
2540	0.85	85	15
2541	0.85	85	15
2542	0.85	85	15
2543	0.86	86	14
2544	0.87	87	13
2545	0.87	87	13
2546	0.86	86	14
2547	0.86	86	14
2548	0.86	86	14
2549	0.87	87	13
2550	0.86	86	14
2551	0.86	86	14
2552	0.86	86	14
2553	0.87	87	13
2554	0.87	87	13
2555	0.87	87	13
2556	0.88	88	12
2557	0.88	88	12
2558	0.89	89	11
2559	0.89	89	11
2560	0.89	89	11
2561	0.88	88	12
2562	0.88	88	12
2563	0.88	88	12
2564	0.89	89	11
2565	0.89	89	11
2566	0.89	89	11
2567	0.88	88	12
2568	0.88	88	12
2569	0.88	88	12
2570	0.87	87	13
2571	0.87	87	13
2572	0.87	87	13
2573	0.88	88	12
2574	0.88	88	12
2575	0.88	88	12
2576	0.88	88	12
2577	0.88	88	12
2578	0.88	88	12
2579	0.88	88	12
2580	0.88	88	12
2581	0.88	88	12
2582	0.87	87	13
2583	0.87	87	13
2584	0.87	87	13
2585	0.86	86	14
2586	0.86	86	14
2587	0.86	86	14
2588	0.86	86	14
2589	0.85	85	15
2590	0.85	85	15
2591	0.85	85	15
2592	0.86	86	14
2593	0.85	85	15
2594	0.84	84	16
2595	0.84	84	16
2596	0.84	84	16
2597	0.84	84	16
2598	0.84	84	16
2599	0.84	84	16
2600	0.84	84	16
2601	0.84	84	16
2602	0.84	84	16
2603	0.84	84	16
2604	0.84	84	16
2605	0.85	85	15
2606	0.85	85	15
2607	0.85	85	15
2608	0.85	85	15
2609	0.85	85	15
2610	0.85	85	15
2611	0.85	85	15
2612	0.84	84	16
2613	0.84	84	16
2614	0.84	84	16
2615	0.84	84	16
2616	0.84	84	16
2617	0.85	85	15
2618	0.85	85	15
2619	0.85	85	15
2620	0.85	85	15
2621	0.85	85	15
2622	0.85	85	15
2623	0.86	86	14
2624	0.86	86	14
2625	0.86	86	14
2626	0.86	86	14
2627	0.86	86	14
2628	0.87	87	13
2629	0.87	87	13
2630	0.87	87	13
2631	0.87	87	13
2632	0.87	87	13
2633	0.87	87	13
2634	0.87	87	13
2635	0.87	87	13
2636	0.87	87	13
2637	0.87	87	13
2638	0.87	87	13
2639	0.88	88	12
2640	0.88	88	12
2641	0.88	88	12
2642	0.88	88	12
2643	0.88	88	12
2644	0.88	88	12
2645	0.88	88	12
2646	0.89	89	11
2647	0.88	88	12
2648	0.88	88	12
2649	0.87	87	13
2650	0.88	88	12
2651	0.88	88	12
2652	0.88	88	12
2653	0.88	88	12
2654	0.88	88	12
2655	0.88	88	12
2656	0.88	88	12
2657	0.89	89	11
2658	0.89	89	11
2659	0.89	89	11
2660	0.89	89	11
2661	0.90	90	10
2662	0.90	90	10
2663	0.90	90	10
2664	0.89	89	11
2665	0.89	89	11
2666	0.88	88	12
2667	0.89	89	11
2668	0.89	89	11
2669	0.88	88	12
2670	0.89	89	11
2671	0.89	89	11
2672	0.89	89	11
2673	0.89	89	11
2674	0.89	89	11
2675	0.89	89	11
2676	0.89	89	11
2677	0.89	89	11
2678	0.89	89	11
2679	0.89	89	11
2680	0.89	89	11
2681	0.88	88	12
2682	0.89	89	11
2683	0.89	89	11
2684	0.88	88	12
2685	0.89	89	11
2686	0.89	89	11
2687	0.89	89	11
2688	0.88	88	12
2689	0.89	89	11
2690	0.88	88	12
2691	0.88	88	12
2692	0.88	88	12
2693	0.89	89	11
2694	0.90	90	10
2695	0.90	90	10
2696	0.90	90	10
2697	0.90	90	10
2698	0.90	90	10
2699	0.89	89	11
2700	0.89	89	11
2701	0.89	89	11
2702	0.89	89	11
2703	0.89	89	11
2704	0.89	89	11
2705	0.89	89	11
2706	0.89	89	11
2707	0.89	89	11
2708	0.89	89	11
2709	0.89	89	11
2710	0.88	88	12
2711	0.88	88	12
2712	0.89	89	11
2713	0.89	89	11
2714	0.89	89	11
2715	0.89	89	11
2716	0.89	89	11
2717	0.89	89	11
2718	0.89	89	11
2719	0.88	88	12
2720	0.88	88	12
2721	0.88	88	12
2722	0.88	88	12
2723	0.88	88	12
2724	0.88	88	12
2725	0.88	88	12
2726	0.88	88	12
2727	0.88	88	12
2728	0.88	88	12
2729	0.88	88	12
2730	0.88	88	12
2731	0.88	88	12
2732	0.88	88	12
2733	0.88	88	12
2734	0.88	88	12
2735	0.88	88	12
2736	0.87	87	13
2737	0.86	86	14
2738	0.86	86	14
2739	0.86	86	14
2740	0.86	86	14
2741	0.86	86	14
2742	0.86	86	14
2743	0.86	86	14
2744	0.86	86	14
2745	0.86	86	14
2746	0.86	86	14
2747	0.86	86	14
2748	0.86	86	14
2749	0.87	87	13
2750	0.87	87	13
2751	0.87	87	13
2752	0.87	87	13
2753	0.87	87	13
2754	0.87	87	13
2755	0.87	87	13
2756	0.86	86	14
2757	0.86	86	14
2758	0.86	86	14
2759	0.85	85	15
2760	0.85	85	15
2761	0.84	84	16
2762	0.84	84	16
2763	0.84	84	16
2764	0.85	85	15
2765	0.85	85	15
2766	0.86	86	14
2767	0.86	86	14
2768	0.86	86	14
2769	0.87	87	13
2770	0.87	87	13
2771	0.87	87	13
2772	0.87	87	13
2773	0.87	87	13
2774	0.87	87	13
2775	0.87	87	13
2776	0.87	87	13
2777	0.87	87	13
2778	0.87	87	13
2779	0.87	87	13
2780	0.87	87	13
2781	0.88	88	12
2782	0.88	88	12
2783	0.87	87	13
2784	0.88	88	12
2785	0.88	88	12
2786	0.88	88	12
2787	0.88	88	12
2788	0.88	88	12
2789	0.88	88	12
2790	0.89	89	11
2791	0.89	89	11
2792	0.89	89	11
2793	0.89	89	11
2794	0.89	89	11
2795	0.89	89	11
2796	0.89	89	11
2797	0.89	89	11
2798	0.89	89	11
2799	0.90	90	10
2800	0.90	90	10
2801	0.90	90	10
2802	0.89	89	11
2803	0.89	89	11
2804	0.89	89	11
2805	0.89	89	11
2806	0.89	89	11
2807	0.88	88	12
2808	0.88	88	12
2809	0.88	88	12
2810	0.88	88	12
2811	0.88	88	12
2812	0.88	88	12
2813	0.88	88	12
2814	0.87	87	13
2815	0.86	86	14
2816	0.86	86	14
2817	0.86	86	14
2818	0.86	86	14
2819	0.87	87	13
2820	0.87	87	13
2821	0.87	87	13
2822	0.87	87	13
2823	0.87	87	13
2824	0.87	87	13
2825	0.87	87	13
2826	0.86	86	14
2827	0.86	86	14
2828	0.86	86	14
2829	0.86	86	14
2830	0.86	86	14
2831	0.86	86	14
2832	0.86	86	14
2833	0.86	86	14
2834	0.85	85	15
2835	0.85	85	15
2836	0.86	86	14
2837	0.87	87	13
2838	0.86	86	14
2839	0.86	86	14
2840	0.86	86	14
2841	0.85	85	15
2842	0.85	85	15
2843	0.85	85	15
2844	0.85	85	15
2845	0.85	85	15
2846	0.85	85	15
2847	0.85	85	15
2848	0.85	85	15
2849	0.85	85	15
2850	0.85	85	15
2851	0.85	85	15
2852	0.85	85	15
2853	0.85	85	15
2854	0.85	85	15
2855	0.85	85	15
2856	0.86	86	14
2857	0.86	86	14
2858	0.85	85	15
2859	0.86	86	14
2860	0.86	86	14
2861	0.87	87	13
2862	0.87	87	13
2863	0.87	87	13
2864	0.87	87	13
2865	0.87	87	13
2866	0.87	87	13
2867	0.87	87	13
2868	0.87	87	13
2869	0.87	87	13
2870	0.87	87	13
2871	0.87	87	13
2872	0.86	86	14
2873	0.86	86	14
2874	0.85	85	15
2875	0.84	84	16
2876	0.84	84	16
2877	0.84	84	16
2878	0.84	84	16
2879	0.84	84	16
2880	0.84	84	16
2881	0.84	84	16
2882	0.84	84	16
2883	0.85	85	15
2884	0.85	85	15
2885	0.85	85	15
2886	0.85	85	15
2887	0.84	84	16
2888	0.84	84	16
2889	0.84	84	16
2890	0.84	84	16
2891	0.84	84	16
2892	0.84	84	16
2893	0.84	84	16
2894	0.84	84	16
2895	0.84	84	16
2896	0.84	84	16
2897	0.84	84	16
2898	0.84	84	16
2899	0.84	84	16
2900	0.83	83	17
2901	0.83	83	17
2902	0.84	84	16
2903	0.84	84	16
2904	0.83	83	17
2905	0.83	83	17
2906	0.83	83	17
2907	0.84	84	16
2908	0.84	84	16
2909	0.84	84	16
2910	0.85	85	15
2911	0.85	85	15
2912	0.85	85	15
2913	0.84	84	16
2914	0.85	85	15
2915	0.86	86	14
2916	0.85	85	15
2917	0.85	85	15
2918	0.85	85	15
2919	0.85	85	15
2920	0.85	85	15
2921	0.84	84	16
2922	0.84	84	16
2923	0.84	84	16
2924	0.83	83	17
2925	0.83	83	17
2926	0.84	84	16
2927	0.84	84	16
2928	0.84	84	16
2929	0.84	84	16
2930	0.84	84	16
2931	0.84	84	16
2932	0.84	84	16
2933	0.84	84	16
2934	0.85	85	15
2935	0.85	85	15
2936	0.85	85	15
2937	0.85	85	15
2938	0.86	86	14
2939	0.86	86	14
2940	0.86	86	14
2941	0.87	87	13
2942	0.87	87	13
2943	0.87	87	13
2944	0.87	87	13
2945	0.87	87	13
2946	0.87	87	13
2947	0.88	88	12
2948	0.88	88	12
2949	0.88	88	12
2950	0.87	87	13
2951	0.86	86	14
2952	0.85	85	15
2953	0.85	85	15
2954	0.85	85	15
2955	0.85	85	15
2956	0.85	85	15
2957	0.85	85	15
2958	0.86	86	14
2959	0.86	86	14
2960	0.86	86	14
2961	0.86	86	14
2962	0.86	86	14
2963	0.85	85	15
2964	0.85	85	15
2965	0.85	85	15
2966	0.85	85	15
2967	0.85	85	15
2968	0.85	85	15
2969	0.85	85	15
2970	0.85	85	15
2971	0.85	85	15
2972	0.86	86	14
2973	0.86	86	14
2974	0.87	87	13
2975	0.88	88	12
2976	0.88	88	12
2977	0.88	88	12
2978	0.88	88	12
2979	0.87	87	13
2980	0.87	87	13
2981	0.86	86	14
2982	0.86	86	14
2983	0.86	86	14
2984	0.86	86	14
2985	0.85	85	15
2986	0.85	85	15
2987	0.86	86	14
2988	0.87	87	13
2989	0.87	87	13
2990	0.87	87	13
2991	0.87	87	13
2992	0.87	87	13
2993	0.87	87	13
2994	0.87	87	13
2995	0.87	87	13
2996	0.87	87	13
2997	0.87	87	13
2998	0.87	87	13
2999	0.87	87	13
3000	0.12	88	12
3001	0.12	88	12
3002	0.12	88	12
3003	0.13	87	13
3004	0.12	88	12
3005	0.13	87	13
3006	0.14	86	14
3007	0.15	85	15
3008	0.16	84	16
3009	0.17	83	17
3010	0.17	83	17
3011	0.17	83	17
3012	0.17	83	17
3013	0.16	84	16
3014	0.17	83	17
3015	0.17	83	17
3016	0.17	83	17
3017	0.17	83	17
3018	0.17	83	17
3019	0.17	83	17
3020	0.18	82	18
3021	0.17	83	17
3022	0.18	82	18
3023	0.19	81	19
3024	0.19	81	19
3025	0.20	80	20
3026	0.21	79	21
3027	0.22	78	22
3028	0.23	77	23
3029	0.24	76	24
3030	0.25	75	25
3031	0.26	74	26
3032	0.26	74	26
3033	0.27	73	27
3034	0.27	73	27
3035	0.27	73	27
3036	0.28	72	28
3037	0.28	72	28
3038	0.28	72	28
3039	0.29	71	29
3040	0.30	70	30
3041	0.31	69	31
3042	0.31	69	31
3043	0.32	68	32
3044	0.33	67	33
3045	0.34	66	34
3046	0.35	65	35
3047	0.36	64	36
3048	0.36	64	36
3049	0.37	63	37
3050	0.37	63	37
3051	0.37	63	37
3052	0.37	63	37
3053	0.38	62	38
3054	0.38	62	38
3055	0.39	61	39
3056	0.40	60	40
3057	0.40	60	40
3058	0.41	59	41
3059	0.42	58	42
3060	0.43	57	43
3061	0.44	56	44
3062	0.44	56	44
3063	0.44	56	44
3064	0.45	55	45
3065	0.46	54	46
3066	0.46	54	46
3067	0.47	53	47
3068	0.48	52	48
3069	0.48	52	48
3070	0.49	51	49
3071	0.50	50	50
3072	0.50	50	50
3073	0.50	50	50
3074	0.51	49	51
3075	0.52	48	52
3076	0.52	48	52
3077	0.52	48	52
3078	0.53	47	53
3079	0.53	47	53
3080	0.54	46	54
3081	0.54	46	54
3082	0.55	45	55
3083	0.56	44	56
3084	0.57	43	57
3085	0.57	43	57
3086	0.58	42	58
3087	0.59	41	59
3088	0.60	40	60
3089	0.61	39	61
3090	0.62	38	62
3091	0.63	37	63
3092	0.64	36	64
3093	0.65	35	65
3094	0.65	35	65
3095	0.66	34	66
3096	0.66	34	66
3097	0.67	33	67
3098	0.68	32	68
3099	0.69	31	69
3100	0.69	31	69
3101	0.70	30	70
3102	0.71	29	71
3103	0.70	30	70
3104	0.71	29	71
3105	0.70	30	70
3106	0.70	30	70
3107	0.70	30	70
3108	0.70	30	70
3109	0.70	30	70
3110	0.71	29	71
3111	0.71	29	71
3112	0.72	28	72
3113	0.73	27	73
3114	0.73	27	73
3115	0.74	26	74
3116	0.74	26	74
3117	0.75	25	75
3118	0.75	25	75
3119	0.76	24	76
3120	0.76	24	76
3121	0.76	24	76
3122	0.76	24	76
3123	0.76	24	76
3124	0.76	24	76
3125	0.76	24	76
3126	0.76	24	76
3127	0.76	24	76
3128	0.75	25	75
3129	0.75	25	75
3130	0.75	25	75
3131	0.75	25	75
3132	0.76	24	76
3133	0.76	24	76
3134	0.77	23	77
3135	0.78	22	78
3136	0.78	22	78
3137	0.79	21	79
3138	0.80	20	80
3139	0.80	20	80
3140	0.80	20	80
3141	0.80	20	80
3142	0.81	19	81
3143	0.81	19	81
3144	0.81	19	81
3145	0.81	19	81
3146	0.81	19	81
3147	0.80	20	80
3148	0.81	19	81
3149	0.80	20	80
3150	0.80	20	80
3151	0.79	21	79
3152	0.79	21	79
3153	0.79	21	79
3154	0.80	20	80
3155	0.80	20	80
3156	0.80	20	80
3157	0.81	19	81
3158	0.81	19	81
3159	0.80	20	80
3160	0.80	20	80
3161	0.80	20	80
3162	0.81	19	81
3163	0.81	19	81
3164	0.81	19	81
3165	0.80	20	80
3166	0.80	20	80
3167	0.80	20	80
3168	0.79	21	79
3169	0.79	21	79
3170	0.79	21	79
3171	0.79	21	79
3172	0.79	21	79
3173	0.80	20	80
3174	0.80	20	80
3175	0.79	21	79
3176	0.80	20	80
3177	0.80	20	80
3178	0.80	20	80
3179	0.80	20	80
3180	0.80	20	80
3181	0.80	20	80
3182	0.79	21	79
3183	0.79	21	79
3184	0.79	21	79
3185	0.79	21	79
3186	0.78	22	78
3187	0.78	22	78
3188	0.78	22	78
3189	0.78	22	78
3190	0.77	23	77
3191	0.77	23	77
3192	0.77	23	77
3193	0.77	23	77
3194	0.78	22	78
3195	0.78	22	78
3196	0.79	21	79
3197	0.79	21	79
3198	0.79	21	79
3199	0.79	21	79
3200	0.80	20	80
3201	0.80	20	80
3202	0.80	20	80
3203	0.81	19	81
3204	0.81	19	81
3205	0.81	19	81
3206	0.81	19	81
3207	0.81	19	81
3208	0.81	19	81
3209	0.81	19	81
3210	0.81	19	81
3211	0.82	18	82
3212	0.82	18	82
3213	0.82	18	82
3214	0.81	19	81
3215	0.81	19	81
3216	0.81	19	81
3217	0.80	20	80
3218	0.81	19	81
3219	0.81	19	81
3220	0.81	19	81
3221	0.82	18	82
3222	0.82	18	82
3223	0.82	18	82
3224	0.82	18	82
3225	0.82	18	82
3226	0.82	18	82
3227	0.82	18	82
3228	0.83	17	83
3229	0.82	18	82
3230	0.82	18	82
3231	0.82	18	82
3232	0.82	18	82
3233	0.82	18	82
3234	0.81	19	81
3235	0.81	19	81
3236	0.80	20	80
3237	0.80	20	80
3238	0.80	20	80
3239	0.80	20	80
3240	0.80	20	80
3241	0.80	20	80
3242	0.80	20	80
3243	0.80	20	80
3244	0.80	20	80
3245	0.80	20	80
3246	0.80	20	80
3247	0.80	20	80
3248	0.79	21	79
3249	0.80	20	80
3250	0.80	20	80
3251	0.81	19	81
3252	0.81	19	81
3253	0.81	19	81
3254	0.80	20	80
3255	0.79	21	79
3256	0.79	21	79
3257	0.79	21	79
3258	0.79	21	79
3259	0.80	20	80
3260	0.80	20	80
3261	0.80	20	80
3262	0.80	20	80
3263	0.80	20	80
3264	0.80	20	80
3265	0.81	19	81
3266	0.82	18	82
3267	0.82	18	82
3268	0.83	17	83
3269	0.83	17	83
3270	0.83	17	83
3271	0.83	17	83
3272	0.84	16	84
3273	0.84	16	84
3274	0.84	16	84
3275	0.85	15	85
3276	0.85	15	85
3277	0.86	14	86
3278	0.86	14	86
3279	0.86	14	86
3280	0.86	14	86
3281	0.86	14	86
3282	0.87	13	87
3283	0.87	13	87
3284	0.87	13	87
3285	0.87	13	87
3286	0.88	12	88
3287	0.88	12	88
3288	0.88	12	88
3289	0.88	12	88
3290	0.89	11	89
3291	0.89	11	89
3292	0.89	11	89
3293	0.89	11	89
3294	0.89	11	89
3295	0.88	12	88
3296	0.88	12	88
3297	0.87	13	87
3298	0.87	13	87
3299	0.87	13	87
3300	0.87	13	87
3301	0.87	13	87
3302	0.87	13	87
3303	0.87	13	87
3304	0.87	13	87
3305	0.88	12	88
3306	0.88	12	88
3307	0.88	12	88
3308	0.88	12	88
3309	0.88	12	88
3310	0.88	12	88
3311	0.88	12	88
3312	0.88	12	88
3313	0.88	12	88
3314	0.89	11	89
3315	0.89	11	89
3316	0.89	11	89
3317	0.90	10	90
3318	0.90	10	90
3319	0.89	11	89
3320	0.88	12	88
3321	0.88	12	88
3322	0.88	12	88
3323	0.88	12	88
3324	0.88	12	88
3325	0.88	12	88
3326	0.88	12	88
3327	0.88	12	88
3328	0.88	12	88
3329	0.89	11	89
3330	0.89	11	89
3331	0.89	11	89
3332	0.89	11	89
3333	0.89	11	89
3334	0.90	10	90
3335	0.90	10	90
3336	0.91	9	91
3337	0.90	10	90
3338	0.90	10	90
3339	0.90	10	90
3340	0.90	10	90
3341	0.90	10	90
3342	0.90	10	90
3343	0.90	10	90
3344	0.90	10	90
3345	0.90	10	90
3346	0.90	10	90
3347	0.90	10	90
3348	0.91	9	91
3349	0.91	9	91
3350	0.91	9	91
3351	0.91	9	91
3352	0.91	9	91
3353	0.91	9	91
3354	0.92	8	92
3355	0.93	7	93
3356	0.93	7	93
3357	0.93	7	93
3358	0.93	7	93
3359	0.93	7	93
3360	0.93	7	93
3361	0.93	7	93
3362	0.93	7	93
3363	0.93	7	93
3364	0.93	7	93
3365	0.93	7	93
3366	0.93	7	93
3367	0.92	8	92
3368	0.92	8	92
3369	0.92	8	92
3370	0.92	8	92
3371	0.91	9	91
3372	0.91	9	91
3373	0.91	9	91
3374	0.90	10	90
3375	0.90	10	90
3376	0.90	10	90
3377	0.90	10	90
3378	0.90	10	90
3379	0.90	10	90
3380	0.90	10	90
3381	0.90	10	90
3382	0.90	10	90
3383	0.90	10	90
3384	0.90	10	90
3385	0.90	10	90
3386	0.89	11	89
3387	0.89	11	89
3388	0.89	11	89
3389	0.88	12	88
3390	0.88	12	88
3391	0.87	13	87
3392	0.86	14	86
3393	0.86	14	86
3394	0.86	14	86
3395	0.87	13	87
3396	0.86	14	86
3397	0.87	13	87
3398	0.87	13	87
3399	0.86	14	86
3400	0.86	14	86
3401	0.86	14	86
3402	0.86	14	86
3403	0.85	15	85
3404	0.85	15	85
3405	0.84	16	84
3406	0.83	17	83
3407	0.83	17	83
3408	0.83	17	83
3409	0.83	17	83
3410	0.83	17	83
3411	0.83	17	83
3412	0.83	17	83
3413	0.83	17	83
3414	0.83	17	83
3415	0.83	17	83
3416	0.83	17	83
3417	0.83	17	83
3418	0.83	17	83
3419	0.84	16	84
3420	0.85	15	85
3421	0.85	15	85
3422	0.85	15	85
3423	0.85	15	85
3424	0.84	16	84
3425	0.83	17	83
3426	0.83	17	83
3427	0.83	17	83
3428	0.83	17	83
3429	0.83	17	83
3430	0.83	17	83
3431	0.83	17	83
3432	0.83	17	83
3433	0.83	17	83
3434	0.83	17	83
3435	0.83	17	83
3436	0.82	18	82
3437	0.83	17	83
3438	0.83	17	83
3439	0.83	17	83
3440	0.83	17	83
3441	0.83	17	83
3442	0.83	17	83
3443	0.83	17	83
3444	0.83	17	83
3445	0.83	17	83
3446	0.83	17	83
3447	0.84	16	84
3448	0.83	17	83
3449	0.83	17	83
3450	0.83	17	83
3451	0.83	17	83
3452	0.83	17	83
3453	0.83	17	83
3454	0.83	17	83
3455	0.83	17	83
3456	0.82	18	82
3457	0.81	19	81
3458	0.81	19	81
3459	0.80	20	80
3460	0.80	20	80
3461	0.80	20	80
3462	0.79	21	79
3463	0.79	21	79
3464	0.79	21	79
3465	0.79	21	79
3466	0.78	22	78
3467	0.79	21	79
3468	0.79	21	79
3469	0.80	20	80
3470	0.80	20	80
3471	0.81	19	81
3472	0.81	19	81
3473	0.81	19	81
3474	0.82	18	82
3475	0.82	18	82
3476	0.82	18	82
3477	0.82	18	82
3478	0.82	18	82
3479	0.82	18	82
3480	0.82	18	82
3481	0.82	18	82
3482	0.82	18	82
3483	0.82	18	82
3484	0.82	18	82
3485	0.82	18	82
3486	0.83	17	83
3487	0.83	17	83
3488	0.82	18	82
3489	0.83	17	83
3490	0.83	17	83
3491	0.84	16	84
3492	0.85	15	85
3493	0.85	15	85
3494	0.85	15	85
3495	0.85	15	85
3496	0.86	14	86
3497	0.86	14	86
3498	0.86	14	86
3499	0.87	13	87
3500	0.87	13	87
3501	0.87	13	87
3502	0.87	13	87
3503	0.88	12	88
3504	0.88	12	88
3505	0.89	11	89
3506	0.89	11	89
3507	0.89	11	89
3508	0.89	11	89
3509	0.88	12	88
3510	0.88	12	88
3511	0.88	12	88
3512	0.88	12	88
3513	0.88	12	88
3514	0.88	12	88
3515	0.88	12	88
3516	0.88	12	88
3517	0.88	12	88
3518	0.87	13	87
3519	0.86	14	86
3520	0.86	14	86
3521	0.86	14	86
3522	0.86	14	86
3523	0.86	14	86
3524	0.87	13	87
3525	0.88	12	88
3526	0.88	12	88
3527	0.88	12	88
3528	0.88	12	88
3529	0.88	12	88
3530	0.88	12	88
3531	0.88	12	88
3532	0.88	12	88
3533	0.87	13	87
3534	0.87	13	87
3535	0.87	13	87
3536	0.88	12	88
3537	0.88	12	88
3538	0.87	13	87
3539	0.86	14	86
3540	0.86	14	86
3541	0.86	14	86
3542	0.85	15	85
3543	0.85	15	85
3544	0.85	15	85
3545	0.85	15	85
3546	0.85	15	85
3547	0.85	15	85
3548	0.86	14	86
3549	0.86	14	86
3550	0.86	14	86
3551	0.86	14	86
3552	0.85	15	85
3553	0.85	15	85
3554	0.85	15	85
3555	0.85	15	85
3556	0.85	15	85
3557	0.86	14	86
3558	0.86	14	86
3559	0.86	14	86
3560	0.86	14	86
3561	0.86	14	86
3562	0.87	13	87
3563	0.87	13	87
3564	0.87	13	87
3565	0.87	13	87
3566	0.88	12	88
3567	0.88	12	88
3568	0.88	12	88
3569	0.88	12	88
3570	0.87	13	87
3571	0.86	14	86
3572	0.86	14	86
3573	0.86	14	86
3574	0.86	14	86
3575	0.86	14	86
3576	0.85	15	85
3577	0.85	15	85
3578	0.85	15	85
3579	0.85	15	85
3580	0.84	16	84
3581	0.84	16	84
3582	0.84	16	84
3583	0.84	16	84
3584	0.83	17	83
3585	0.83	17	83
3586	0.83	17	83
3587	0.83	17	83
3588	0.84	16	84
3589	0.84	16	84
3590	0.83	17	83
3591	0.83	17	83
3592	0.83	17	83
3593	0.83	17	83
3594	0.83	17	83
3595	0.83	17	83
3596	0.83	17	83
3597	0.82	18	82
3598	0.82	18	82
3599	0.81	19	81
3600	0.81	19	81
3601	0.81	19	81
3602	0.81	19	81
3603	0.81	19	81
3604	0.81	19	81
3605	0.80	20	80
3606	0.81	19	81
3607	0.81	19	81
3608	0.81	19	81
3609	0.82	18	82
3610	0.82	18	82
3611	0.82	18	82
3612	0.82	18	82
3613	0.82	18	82
3614	0.82	18	82
3615	0.81	19	81
3616	0.81	19	81
3617	0.81	19	81
3618	0.82	18	82
3619	0.83	17	83
3620	0.83	17	83
3621	0.83	17	83
3622	0.83	17	83
3623	0.83	17	83
3624	0.83	17	83
3625	0.83	17	83
3626	0.82	18	82
3627	0.82	18	82
3628	0.82	18	82
3629	0.82	18	82
3630	0.82	18	82
3631	0.82	18	82
3632	0.82	18	82
3633	0.83	17	83
3634	0.83	17	83
3635	0.83	17	83
3636	0.83	17	83
3637	0.83	17	83
3638	0.84	16	84
3639	0.85	15	85
3640	0.85	15	85
3641	0.85	15	85
3642	0.86	14	86
3643	0.86	14	86
3644	0.86	14	86
3645	0.86	14	86
3646	0.86	14	86
3647	0.86	14	86
3648	0.86	14	86
3649	0.85	15	85
3650	0.84	16	84
3651	0.84	16	84
3652	0.84	16	84
3653	0.83	17	83
3654	0.83	17	83
3655	0.83	17	83
3656	0.83	17	83
3657	0.83	17	83
3658	0.83	17	83
3659	0.84	16	84
3660	0.84	16	84
3661	0.84	16	84
3662	0.84	16	84
3663	0.84	16	84
3664	0.84	16	84
3665	0.83	17	83
3666	0.83	17	83
3667	0.83	17	83
3668	0.83	17	83
3669	0.83	17	83
3670	0.83	17	83
3671	0.84	16	84
3672	0.84	16	84
3673	0.84	16	84
3674	0.84	16	84
3675	0.83	17	83
3676	0.84	16	84
3677	0.84	16	84
3678	0.84	16	84
3679	0.83	17	83
3680	0.84	16	84
3681	0.84	16	84
3682	0.84	16	84
3683	0.84	16	84
3684	0.84	16	84
3685	0.83	17	83
3686	0.83	17	83
3687	0.83	17	83
3688	0.83	17	83
3689	0.82	18	82
3690	0.83	17	83
3691	0.83	17	83
3692	0.83	17	83
3693	0.83	17	83
3694	0.83	17	83
3695	0.83	17	83
3696	0.83	17	83
3697	0.84	16	84
3698	0.84	16	84
3699	0.85	15	85
3700	0.84	16	84
3701	0.84	16	84
3702	0.84	16	84
3703	0.84	16	84
3704	0.83	17	83
3705	0.84	16	84
3706	0.84	16	84
3707	0.84	16	84
3708	0.83	17	83
3709	0.82	18	82
3710	0.82	18	82
3711	0.81	19	81
3712	0.81	19	81
3713	0.80	20	80
3714	0.80	20	80
3715	0.81	19	81
3716	0.81	19	81
3717	0.81	19	81
3718	0.81	19	81
3719	0.81	19	81
3720	0.81	19	81
3721	0.80	20	80
3722	0.79	21	79
3723	0.79	21	79
3724	0.79	21	79
3725	0.79	21	79
3726	0.80	20	80
3727	0.80	20	80
3728	0.80	20	80
3729	0.80	20	80
3730	0.80	20	80
3731	0.79	21	79
3732	0.79	21	79
3733	0.79	21	79
3734	0.79	21	79
3735	0.78	22	78
3736	0.78	22	78
3737	0.78	22	78
3738	0.78	22	78
3739	0.78	22	78
3740	0.77	23	77
3741	0.76	24	76
3742	0.76	24	76
3743	0.76	24	76
3744	0.76	24	76
3745	0.76	24	76
3746	0.76	24	76
3747	0.76	24	76
3748	0.76	24	76
3749	0.77	23	77
3750	0.78	22	78
3751	0.78	22	78
3752	0.79	21	79
3753	0.80	20	80
3754	0.80	20	80
3755	0.80	20	80
3756	0.80	20	80
3757	0.80	20	80
3758	0.80	20	80
3759	0.80	20	80
3760	0.80	20	80
3761	0.80	20	80
3762	0.79	21	79
3763	0.79	21	79
3764	0.79	21	79
3765	0.80	20	80
3766	0.80	20	80
3767	0.80	20	80
3768	0.79	21	79
3769	0.79	21	79
3770	0.80	20	80
3771	0.80	20	80
3772	0.80	20	80
3773	0.80	20	80
3774	0.79	21	79
3775	0.80	20	80
3776	0.80	20	80
3777	0.80	20	80
3778	0.80	20	80
3779	0.81	19	81
3780	0.81	19	81
3781	0.81	19	81
3782	0.81	19	81
3783	0.80	20	80
3784	0.81	19	81
3785	0.81	19	81
3786	0.81	19	81
3787	0.81	19	81
3788	0.81	19	81
3789	0.81	19	81
3790	0.81	19	81
3791	0.81	19	81
3792	0.81	19	81
3793	0.81	19	81
3794	0.81	19	81
3795	0.81	19	81
3796	0.81	19	81
3797	0.81	19	81
3798	0.80	20	80
3799	0.80	20	80
3800	0.81	19	81
3801	0.81	19	81
3802	0.81	19	81
3803	0.81	19	81
3804	0.82	18	82
3805	0.82	18	82
3806	0.82	18	82
3807	0.82	18	82
3808	0.83	17	83
3809	0.84	16	84
3810	0.84	16	84
3811	0.84	16	84
3812	0.84	16	84
3813	0.85	15	85
3814	0.84	16	84
3815	0.84	16	84
3816	0.84	16	84
3817	0.84	16	84
3818	0.83	17	83
3819	0.83	17	83
3820	0.83	17	83
3821	0.83	17	83
3822	0.84	16	84
3823	0.84	16	84
3824	0.84	16	84
3825	0.84	16	84
3826	0.84	16	84
3827	0.84	16	84
3828	0.84	16	84
3829	0.83	17	83
3830	0.82	18	82
3831	0.82	18	82
3832	0.81	19	81
3833	0.81	19	81
3834	0.81	19	81
3835	0.81	19	81
3836	0.80	20	80
3837	0.80	20	80
3838	0.80	20	80
3839	0.80	20	80
3840	0.81	19	81
3841	0.82	18	82
3842	0.81	19	81
3843	0.81	19	81
3844	0.81	19	81
3845	0.80	20	80
3846	0.79	21	79
3847	0.79	21	79
3848	0.79	21	79
3849	0.78	22	78
3850	0.78	22	78
3851	0.78	22	78
3852	0.78	22	78
3853	0.77	23	77
3854	0.76	24	76
3855	0.76	24	76
3856	0.77	23	77
3857	0.77	23	77
3858	0.77	23	77
3859	0.77	23	77
3860	0.77	23	77
3861	0.77	23	77
3862	0.78	22	78
3863	0.78	22	78
3864	0.78	22	78
3865	0.77	23	77
3866	0.76	24	76
3867	0.75	25	75
3868	0.76	24	76
3869	0.76	24	76
3870	0.76	24	76
3871	0.76	24	76
3872	0.76	24	76
3873	0.76	24	76
3874	0.77	23	77
3875	0.77	23	77
3876	0.77	23	77
3877	0.77	23	77
3878	0.77	23	77
3879	0.77	23	77
3880	0.77	23	77
3881	0.77	23	77
3882	0.77	23	77
3883	0.77	23	77
3884	0.76	24	76
3885	0.77	23	77
3886	0.77	23	77
3887	0.77	23	77
3888	0.77	23	77
3889	0.78	22	78
3890	0.78	22	78
3891	0.77	23	77
3892	0.77	23	77
3893	0.76	24	76
3894	0.76	24	76
3895	0.76	24	76
3896	0.76	24	76
3897	0.76	24	76
3898	0.77	23	77
3899	0.77	23	77
3900	0.77	23	77
3901	0.77	23	77
3902	0.77	23	77
3903	0.77	23	77
3904	0.77	23	77
3905	0.77	23	77
3906	0.76	24	76
3907	0.75	25	75
3908	0.75	25	75
3909	0.75	25	75
3910	0.75	25	75
3911	0.76	24	76
3912	0.76	24	76
3913	0.76	24	76
3914	0.76	24	76
3915	0.76	24	76
3916	0.75	25	75
3917	0.75	25	75
3918	0.76	24	76
3919	0.76	24	76
3920	0.75	25	75
3921	0.76	24	76
3922	0.76	24	76
3923	0.76	24	76
3924	0.75	25	75
3925	0.74	26	74
3926	0.74	26	74
3927	0.74	26	74
3928	0.74	26	74
3929	0.75	25	75
3930	0.76	24	76
3931	0.76	24	76
3932	0.77	23	77
3933	0.76	24	76
3934	0.76	24	76
3935	0.77	23	77
3936	0.78	22	78
3937	0.78	22	78
3938	0.78	22	78
3939	0.77	23	77
3940	0.77	23	77
3941	0.77	23	77
3942	0.78	22	78
3943	0.78	22	78
3944	0.78	22	78
3945	0.79	21	79
3946	0.79	21	79
3947	0.79	21	79
3948	0.79	21	79
3949	0.80	20	80
3950	0.80	20	80
3951	0.79	21	79
3952	0.79	21	79
3953	0.80	20	80
3954	0.81	19	81
3955	0.81	19	81
3956	0.81	19	81
3957	0.81	19	81
3958	0.81	19	81
3959	0.81	19	81
3960	0.81	19	81
3961	0.81	19	81
3962	0.81	19	81
3963	0.81	19	81
3964	0.81	19	81
3965	0.82	18	82
3966	0.83	17	83
3967	0.84	16	84
3968	0.84	16	84
3969	0.83	17	83
3970	0.82	18	82
3971	0.82	18	82
3972	0.82	18	82
3973	0.82	18	82
3974	0.81	19	81
3975	0.81	19	81
3976	0.81	19	81
3977	0.81	19	81
3978	0.81	19	81
3979	0.81	19	81
3980	0.81	19	81
3981	0.81	19	81
3982	0.81	19	81
3983	0.82	18	82
3984	0.83	17	83
3985	0.83	17	83
3986	0.83	17	83
3987	0.83	17	83
3988	0.82	18	82
3989	0.82	18	82
3990	0.82	18	82
3991	0.83	17	83
3992	0.83	17	83
3993	0.84	16	84
3994	0.84	16	84
3995	0.84	16	84
3996	0.84	16	84
3997	0.84	16	84
3998	0.84	16	84
3999	0.84	16	84
4000	0.17	17	83
4001	0.17	17	83
4002	0.18	18	82
4003	0.19	19	81
4004	0.20	20	80
4005	0.20	20	80
4006	0.19	19	81
4007	0.19	19	81
4008	0.20	20	80
4009	0.21	21	79
4010	0.21	21	79
4011	0.22	22	78
4012	0.23	23	77
4013	0.24	24	76
4014	0.23	23	77
4015	0.24	24	76
4016	0.24	24	76
4017	0.25	25	75
4018	0.26	26	74
4019	0.26	26	74
4020	0.26	26	74
4021	0.27	27	73
4022	0.27	27	73
4023	0.28	28	72
4024	0.28	28	72
4025	0.27	27	73
4026	0.27	27	73
4027	0.28	28	72
4028	0.29	29	71
4029	0.30	30	70
4030	0.30	30	70
4031	0.29	29	71
4032	0.30	30	70
4033	0.30	30	70
4034	0.30	30	70
4035	0.30	30	70
4036	0.31	31	69
4037	0.32	32	68
4038	0.33	33	67
4039	0.32	32	68
4040	0.32	32	68
4041	0.33	33	67
4042	0.33	33	67
4043	0.34	34	66
4044	0.35	35	65
4045	0.36	36	64
4046	0.35	35	65
4047	0.36	36	64
4048	0.37	37	63
4049	0.38	38	62
4050	0.39	39	61
4051	0.39	39	61
4052	0.40	40	60
4053	0.41	41	59
4054	0.42	42	58
4055	0.42	42	58
4056	0.42	42	58
4057	0.43	43	57
4058	0.44	44	56
4059	0.45	45	55
4060	0.46	46	54
4061	0.46	46	54
4062	0.46	46	54
4063	0.47	47	53
4064	0.48	48	52
4065	0.49	49	51
4066	0.50	50	50
4067	0.50	50	50
4068	0.51	51	49
4069	0.50	50	50
4070	0.50	50	50
4071	0.51	51	49
4072	0.51	51	49
4073	0.52	52	48
4074	0.52	52	48
4075	0.53	53	47
4076	0.54	54	46
4077	0.54	54	46
4078	0.55	55	45
4079	0.55	55	45
4080	0.56	56	44
4081	0.56	56	44
4082	0.57	57	43
4083	0.57	57	43
4084	0.58	58	42
4085	0.59	59	41
4086	0.60	60	40
4087	0.61	61	39
4088	0.61	61	39
4089	0.62	62	38
4090	0.63	63	37
4091	0.64	64	36
4092	0.65	65	35
4093	0.66	66	34
4094	0.67	67	33
4095	0.67	67	33
4096	0.68	68	32
4097	0.69	69	31
4098	0.70	70	30
4099	0.71	71	29
4100	0.70	70	30
4101	0.71	71	29
4102	0.70	70	30
4103	0.70	70	30
4104	0.70	70	30
4105	0.71	71	29
4106	0.72	72	28
4107	0.72	72	28
4108	0.72	72	28
4109	0.72	72	28
4110	0.73	73	27
4111	0.73	73	27
4112	0.73	73	27
4113	0.73	73	27
4114	0.74	74	26
4115	0.74	74	26
4116	0.74	74	26
4117	0.74	74	26
4118	0.74	74	26
4119	0.75	75	25
4120	0.75	75	25
4121	0.75	75	25
4122	0.76	76	24
4123	0.76	76	24
4124	0.75	75	25
4125	0.76	76	24
4126	0.77	77	23
4127	0.77	77	23
4128	0.77	77	23
4129	0.77	77	23
4130	0.78	78	22
4131	0.79	79	21
4132	0.79	79	21
4133	0.79	79	21
4134	0.80	80	20
4135	0.81	81	19
4136	0.81	81	19
4137	0.81	81	19
4138	0.80	80	20
4139	0.81	81	19
4140	0.82	82	18
4141	0.82	82	18
4142	0.83	83	17
4143	0.83	83	17
4144	0.83	83	17
4145	0.83	83	17
4146	0.84	84	16
4147	0.84	84	16
4148	0.84	84	16
4149	0.83	83	17
4150	0.83	83	17
4151	0.83	83	17
4152	0.83	83	17
4153	0.82	82	18
4154	0.82	82	18
4155	0.83	83	17
4156	0.84	84	16
4157	0.84	84	16
4158	0.84	84	16
4159	0.84	84	16
4160	0.83	83	17
4161	0.84	84	16
4162	0.85	85	15
4163	0.85	85	15
4164	0.84	84	16
4165	0.83	83	17
4166	0.82	82	18
4167	0.83	83	17
4168	0.83	83	17
4169	0.84	84	16
4170	0.84	84	16
4171	0.84	84	16
4172	0.85	85	15
4173	0.84	84	16
4174	0.84	84	16
4175	0.84	84	16
4176	0.84	84	16
4177	0.84	84	16
4178	0.84	84	16
4179	0.84	84	16
4180	0.84	84	16
4181	0.85	85	15
4182	0.85	85	15
4183	0.85	85	15
4184	0.85	85	15
4185	0.85	85	15
4186	0.85	85	15
4187	0.85	85	15
4188	0.85	85	15
4189	0.85	85	15
4190	0.85	85	15
4191	0.85	85	15
4192	0.85	85	15
4193	0.84	84	16
4194	0.84	84	16
4195	0.85	85	15
4196	0.85	85	15
4197	0.85	85	15
4198	0.85	85	15
4199	0.85	85	15
4200	0.86	86	14
4201	0.86	86	14
4202	0.87	87	13
4203	0.87	87	13
4204	0.87	87	13
4205	0.87	87	13
4206	0.86	86	14
4207	0.86	86	14
4208	0.85	85	15
4209	0.85	85	15
4210	0.85	85	15
4211	0.85	85	15
4212	0.85	85	15
4213	0.84	84	16
4214	0.84	84	16
4215	0.84	84	16
4216	0.84	84	16
4217	0.83	83	17
4218	0.83	83	17
4219	0.83	83	17
4220	0.83	83	17
4221	0.83	83	17
4222	0.82	82	18
4223	0.81	81	19
4224	0.82	82	18
4225	0.82	82	18
4226	0.82	82	18
4227	0.82	82	18
4228	0.82	82	18
4229	0.82	82	18
4230	0.82	82	18
4231	0.82	82	18
4232	0.82	82	18
4233	0.82	82	18
4234	0.82	82	18
4235	0.82	82	18
4236	0.82	82	18
4237	0.82	82	18
4238	0.83	83	17
4239	0.82	82	18
4240	0.82	82	18
4241	0.82	82	18
4242	0.82	82	18
4243	0.82	82	18
4244	0.82	82	18
4245	0.81	81	19
4246	0.81	81	19
4247	0.81	81	19
4248	0.81	81	19
4249	0.82	82	18
4250	0.82	82	18
4251	0.82	82	18
4252	0.82	82	18
4253	0.83	83	17
4254	0.83	83	17
4255	0.83	83	17
4256	0.82	82	18
4257	0.82	82	18
4258	0.82	82	18
4259	0.82	82	18
4260	0.82	82	18
4261	0.82	82	18
4262	0.82	82	18
4263	0.82	82	18
4264	0.83	83	17
4265	0.84	84	16
4266	0.85	85	15
4267	0.85	85	15
4268	0.85	85	15
4269	0.85	85	15
4270	0.85	85	15
4271	0.85	85	15
4272	0.85	85	15
4273	0.86	86	14
4274	0.86	86	14
4275	0.85	85	15
4276	0.85	85	15
4277	0.86	86	14
4278	0.86	86	14
4279	0.87	87	13
4280	0.87	87	13
4281	0.87	87	13
4282	0.87	87	13
4283	0.87	87	13
4284	0.87	87	13
4285	0.86	86	14
4286	0.86	86	14
4287	0.86	86	14
4288	0.86	86	14
4289	0.86	86	14
4290	0.86	86	14
4291	0.86	86	14
4292	0.86	86	14
4293	0.86	86	14
4294	0.85	85	15
4295	0.85	85	15
4296	0.85	85	15
4297	0.85	85	15
4298	0.84	84	16
4299	0.83	83	17
4300	0.83	83	17
4301	0.83	83	17
4302	0.83	83	17
4303	0.83	83	17
4304	0.83	83	17
4305	0.83	83	17
4306	0.84	84	16
4307	0.83	83	17
4308	0.84	84	16
4309	0.84	84	16
4310	0.84	84	16
4311	0.83	83	17
4312	0.83	83	17
4313	0.84	84	16
4314	0.83	83	17
4315	0.83	83	17
4316	0.83	83	17
4317	0.84	84	16
4318	0.83	83	17
4319	0.83	83	17
4320	0.83	83	17
4321	0.83	83	17
4322	0.84	84	16
4323	0.85	85	15
4324	0.85	85	15
4325	0.85	85	15
4326	0.85	85	15
4327	0.85	85	15
4328	0.85	85	15
4329	0.85	85	15
4330	0.85	85	15
4331	0.85	85	15
4332	0.85	85	15
4333	0.85	85	15
4334	0.85	85	15
4335	0.85	85	15
4336	0.85	85	15
4337	0.85	85	15
4338	0.85	85	15
4339	0.86	86	14
4340	0.86	86	14
4341	0.86	86	14
4342	0.86	86	14
4343	0.86	86	14
4344	0.86	86	14
4345	0.87	87	13
4346	0.87	87	13
4347	0.87	87	13
4348	0.87	87	13
4349	0.86	86	14
4350	0.86	86	14
4351	0.86	86	14
4352	0.86	86	14
4353	0.86	86	14
4354	0.86	86	14
4355	0.86	86	14
4356	0.87	87	13
4357	0.87	87	13
4358	0.87	87	13
4359	0.87	87	13
4360	0.87	87	13
4361	0.87	87	13
4362	0.87	87	13
4363	0.87	87	13
4364	0.86	86	14
4365	0.86	86	14
4366	0.86	86	14
4367	0.86	86	14
4368	0.86	86	14
4369	0.86	86	14
4370	0.85	85	15
4371	0.85	85	15
4372	0.85	85	15
4373	0.85	85	15
4374	0.85	85	15
4375	0.86	86	14
4376	0.86	86	14
4377	0.86	86	14
4378	0.86	86	14
4379	0.86	86	14
4380	0.86	86	14
4381	0.86	86	14
4382	0.86	86	14
4383	0.86	86	14
4384	0.86	86	14
4385	0.86	86	14
4386	0.86	86	14
4387	0.86	86	14
4388	0.86	86	14
4389	0.86	86	14
4390	0.86	86	14
4391	0.86	86	14
4392	0.86	86	14
4393	0.87	87	13
4394	0.88	88	12
4395	0.88	88	12
4396	0.88	88	12
4397	0.88	88	12
4398	0.89	89	11
4399	0.89	89	11
4400	0.88	88	12
4401	0.88	88	12
4402	0.87	87	13
4403	0.87	87	13
4404	0.87	87	13
4405	0.87	87	13
4406	0.87	87	13
4407	0.88	88	12
4408	0.88	88	12
4409	0.88	88	12
4410	0.88	88	12
4411	0.89	89	11
4412	0.89	89	11
4413	0.89	89	11
4414	0.90	90	10
4415	0.90	90	10
4416	0.90	90	10
4417	0.90	90	10
4418	0.91	91	9
4419	0.90	90	10
4420	0.90	90	10
4421	0.90	90	10
4422	0.90	90	10
4423	0.90	90	10
4424	0.90	90	10
4425	0.90	90	10
4426	0.90	90	10
4427	0.89	89	11
4428	0.89	89	11
4429	0.89	89	11
4430	0.89	89	11
4431	0.89	89	11
4432	0.88	88	12
4433	0.88	88	12
4434	0.88	88	12
4435	0.88	88	12
4436	0.88	88	12
4437	0.88	88	12
4438	0.88	88	12
4439	0.88	88	12
4440	0.88	88	12
4441	0.88	88	12
4442	0.88	88	12
4443	0.88	88	12
4444	0.88	88	12
4445	0.88	88	12
4446	0.87	87	13
4447	0.87	87	13
4448	0.87	87	13
4449	0.88	88	12
4450	0.88	88	12
4451	0.88	88	12
4452	0.88	88	12
4453	0.87	87	13
4454	0.87	87	13
4455	0.87	87	13
4456	0.86	86	14
4457	0.86	86	14
4458	0.86	86	14
4459	0.86	86	14
4460	0.87	87	13
4461	0.87	87	13
4462	0.87	87	13
4463	0.87	87	13
4464	0.88	88	12
4465	0.87	87	13
4466	0.87	87	13
4467	0.87	87	13
4468	0.87	87	13
4469	0.87	87	13
4470	0.88	88	12
4471	0.88	88	12
4472	0.88	88	12
4473	0.88	88	12
4474	0.88	88	12
4475	0.88	88	12
4476	0.87	87	13
4477	0.87	87	13
4478	0.87	87	13
4479	0.87	87	13
4480	0.87	87	13
4481	0.87	87	13
4482	0.86	86	14
4483	0.86	86	14
4484	0.86	86	14
4485	0.87	87	13
4486	0.87	87	13
4487	0.86	86	14
4488	0.86	86	14
4489	0.86	86	14
4490	0.86	86	14
4491	0.85	85	15
4492	0.85	85	15
4493	0.84	84	16
4494	0.84	84	16
4495	0.84	84	16
4496	0.84	84	16
4497	0.84	84	16
4498	0.83	83	17
4499	0.84	84	16
4500	0.85	85	15
4501	0.85	85	15
4502	0.86	86	14
4503	0.86	86	14
4504	0.86	86	14
4505	0.86	86	14
4506	0.86	86	14
4507	0.86	86	14
4508	0.85	85	15
4509	0.85	85	15
4510	0.85	85	15
4511	0.85	85	15
4512	0.85	85	15
4513	0.85	85	15
4514	0.85	85	15
4515	0.85	85	15
4516	0.85	85	15
4517	0.85	85	15
4518	0.85	85	15
4519	0.86	86	14
4520	0.86	86	14
4521	0.86	86	14
4522	0.85	85	15
4523	0.85	85	15
4524	0.85	85	15
4525	0.85	85	15
4526	0.84	84	16
4527	0.85	85	15
4528	0.85	85	15
4529	0.85	85	15
4530	0.85	85	15
4531	0.85	85	15
4532	0.86	86	14
4533	0.86	86	14
4534	0.86	86	14
4535	0.86	86	14
4536	0.86	86	14
4537	0.85	85	15
4538	0.85	85	15
4539	0.85	85	15
4540	0.85	85	15
4541	0.85	85	15
4542	0.85	85	15
4543	0.85	85	15
4544	0.85	85	15
4545	0.85	85	15
4546	0.85	85	15
4547	0.85	85	15
4548	0.85	85	15
4549	0.85	85	15
4550	0.85	85	15
4551	0.84	84	16
4552	0.84	84	16
4553	0.85	85	15
4554	0.85	85	15
4555	0.85	85	15
4556	0.86	86	14
4557	0.86	86	14
4558	0.85	85	15
4559	0.85	85	15
4560	0.85	85	15
4561	0.85	85	15
4562	0.85	85	15
4563	0.85	85	15
4564	0.84	84	16
4565	0.85	85	15
4566	0.85	85	15
4567	0.84	84	16
4568	0.84	84	16
4569	0.84	84	16
4570	0.84	84	16
4571	0.84	84	16
4572	0.84	84	16
4573	0.84	84	16
4574	0.84	84	16
4575	0.84	84	16
4576	0.85	85	15
4577	0.85	85	15
4578	0.85	85	15
4579	0.85	85	15
4580	0.85	85	15
4581	0.85	85	15
4582	0.86	86	14
4583	0.87	87	13
4584	0.87	87	13
4585	0.87	87	13
4586	0.87	87	13
4587	0.88	88	12
4588	0.88	88	12
4589	0.88	88	12
4590	0.88	88	12
4591	0.89	89	11
4592	0.89	89	11
4593	0.90	90	10
4594	0.90	90	10
4595	0.89	89	11
4596	0.89	89	11
4597	0.88	88	12
4598	0.89	89	11
4599	0.89	89	11
4600	0.89	89	11
4601	0.88	88	12
4602	0.88	88	12
4603	0.87	87	13
4604	0.87	87	13
4605	0.87	87	13
4606	0.87	87	13
4607	0.87	87	13
4608	0.88	88	12
4609	0.88	88	12
4610	0.88	88	12
4611	0.88	88	12
4612	0.88	88	12
4613	0.88	88	12
4614	0.88	88	12
4615	0.88	88	12
4616	0.87	87	13
4617	0.87	87	13
4618	0.87	87	13
4619	0.87	87	13
4620	0.87	87	13
4621	0.87	87	13
4622	0.88	88	12
4623	0.88	88	12
4624	0.88	88	12
4625	0.88	88	12
4626	0.89	89	11
4627	0.89	89	11
4628	0.89	89	11
4629	0.89	89	11
4630	0.89	89	11
4631	0.89	89	11
4632	0.88	88	12
4633	0.88	88	12
4634	0.88	88	12
4635	0.88	88	12
4636	0.88	88	12
4637	0.89	89	11
4638	0.89	89	11
4639	0.89	89	11
4640	0.89	89	11
4641	0.89	89	11
4642	0.88	88	12
4643	0.88	88	12
4644	0.87	87	13
4645	0.87	87	13
4646	0.87	87	13
4647	0.87	87	13
4648	0.87	87	13
4649	0.87	87	13
4650	0.86	86	14
4651	0.87	87	13
4652	0.87	87	13
4653	0.87	87	13
4654	0.87	87	13
4655	0.87	87	13
4656	0.87	87	13
4657	0.87	87	13
4658	0.88	88	12
4659	0.88	88	12
4660	0.88	88	12
4661	0.88	88	12
4662	0.88	88	12
4663	0.88	88	12
4664	0.89	89	11
4665	0.89	89	11
4666	0.89	89	11
4667	0.90	90	10
4668	0.90	90	10
4669	0.90	90	10
4670	0.90	90	10
4671	0.90	90	10
4672	0.90	90	10
4673	0.90	90	10
4674	0.90	90	10
4675	0.89	89	11
4676	0.89	89	11
4677	0.89	89	11
4678	0.89	89	11
4679	0.89	89	11
4680	0.89	89	11
4681	0.89	89	11
4682	0.88	88	12
4683	0.88	88	12
4684	0.87	87	13
4685	0.87	87	13
4686	0.87	87	13
4687	0.87	87	13
4688	0.87	87	13
4689	0.87	87	13
4690	0.87	87	13
4691	0.87	87	13
4692	0.87	87	13
4693	0.87	87	13
4694	0.87	87	13
4695	0.88	88	12
4696	0.87	87	13
4697	0.88	88	12
4698	0.87	87	13
4699	0.87	87	13
4700	0.87	87	13
4701	0.88	88	12
4702	0.88	88	12
4703	0.89	89	11
4704	0.89	89	11
4705	0.89	89	11
4706	0.89	89	11
4707	0.89	89	11
4708	0.89	89	11
4709	0.88	88	12
4710	0.88	88	12
4711	0.88	88	12
4712	0.88	88	12
4713	0.88	88	12
4714	0.88	88	12
4715	0.88	88	12
4716	0.88	88	12
4717	0.88	88	12
4718	0.88	88	12
4719	0.88	88	12
4720	0.88	88	12
4721	0.88	88	12
4722	0.88	88	12
4723	0.88	88	12
4724	0.88	88	12
4725	0.88	88	12
4726	0.88	88	12
4727	0.88	88	12
4728	0.88	88	12
4729	0.88	88	12
4730	0.88	88	12
4731	0.88	88	12
4732	0.89	89	11
4733	0.89	89	11
4734	0.89	89	11
4735	0.89	89	11
4736	0.88	88	12
4737	0.88	88	12
4738	0.88	88	12
4739	0.87	87	13
4740	0.87	87	13
4741	0.87	87	13
4742	0.88	88	12
4743	0.88	88	12
4744	0.89	89	11
4745	0.89	89	11
4746	0.90	90	10
4747	0.90	90	10
4748	0.90	90	10
4749	0.90	90	10
4750	0.90	90	10
4751	0.90	90	10
4752	0.90	90	10
4753	0.90	90	10
4754	0.89	89	11
4755	0.88	88	12
4756	0.88	88	12
4757	0.88	88	12
4758	0.88	88	12
4759	0.88	88	12
4760	0.88	88	12
4761	0.88	88	12
4762	0.88	88	12
4763	0.88	88	12
4764	0.88	88	12
4765	0.88	88	12
4766	0.87	87	13
4767	0.86	86	14
4768	0.86	86	14
4769	0.86	86	14
4770	0.86	86	14
4771	0.86	86	14
4772	0.86	86	14
4773	0.86	86	14
4774	0.86	86	14
4775	0.86	86	14
4776	0.86	86	14
4777	0.86	86	14
4778	0.86	86	14
4779	0.86	86	14
4780	0.86	86	14
4781	0.86	86	14
4782	0.87	87	13
4783	0.87	87	13
4784	0.88	88	12
4785	0.88	88	12
4786	0.87	87	13
4787	0.86	86	14
4788	0.86	86	14
4789	0.85	85	15
4790	0.84	84	16
4791	0.83	83	17
4792	0.83	83	17
4793	0.82	82	18
4794	0.82	82	18
4795	0.81	81	19
4796	0.82	82	18
4797	0.82	82	18
4798	0.83	83	17
4799	0.83	83	17
4800	0.83	83	17
4801	0.83	83	17
4802	0.83	83	17
4803	0.82	82	18
4804	0.82	82	18
4805	0.82	82	18
4806	0.82	82	18
4807	0.82	82	18
4808	0.82	82	18
4809	0.83	83	17
4810	0.83	83	17
4811	0.83	83	17
4812	0.82	82	18
4813	0.81	81	19
4814	0.81	81	19
4815	0.81	81	19
4816	0.82	82	18
4817	0.82	82	18
4818	0.82	82	18
4819	0.82	82	18
4820	0.82	82	18
4821	0.82	82	18
4822	0.82	82	18
4823	0.82	82	18
4824	0.82	82	18
4825	0.82	82	18
4826	0.82	82	18
4827	0.82	82	18
4828	0.82	82	18
4829	0.82	82	18
4830	0.81	81	19
4831	0.81	81	19
4832	0.81	81	19
4833	0.81	81	19
4834	0.81	81	19
4835	0.81	81	19
4836	0.81	81	19
4837	0.81	81	19
4838	0.81	81	19
4839	0.82	82	18
4840	0.82	82	18
4841	0.82	82	18
4842	0.82	82	18
4843	0.82	82	18
4844	0.82	82	18
4845	0.81	81	19
4846	0.81	81	19
4847	0.81	81	19
4848	0.81	81	19
4849	0.80	80	20
4850	0.81	81	19
4851	0.81	81	19
4852	0.81	81	19
4853	0.81	81	19
4854	0.82	82	18
4855	0.83	83	17
4856	0.82	82	18
4857	0.82	82	18
4858	0.82	82	18
4859	0.82	82	18
4860	0.82	82	18
4861	0.82	82	18
4862	0.82	82	18
4863	0.81	81	19
4864	0.81	81	19
4865	0.81	81	19
4866	0.82	82	18
4867	0.83	83	17
4868	0.83	83	17
4869	0.83	83	17
4870	0.83	83	17
4871	0.83	83	17
4872	0.83	83	17
4873	0.83	83	17
4874	0.83	83	17
4875	0.84	84	16
4876	0.83	83	17
4877	0.83	83	17
4878	0.82	82	18
4879	0.81	81	19
4880	0.81	81	19
4881	0.81	81	19
4882	0.81	81	19
4883	0.81	81	19
4884	0.81	81	19
4885	0.80	80	20
4886	0.80	80	20
4887	0.81	81	19
4888	0.80	80	20
4889	0.81	81	19
4890	0.82	82	18
4891	0.82	82	18
4892	0.82	82	18
4893	0.82	82	18
4894	0.82	82	18
4895	0.83	83	17
4896	0.83	83	17
4897	0.83	83	17
4898	0.82	82	18
4899	0.82	82	18
4900	0.82	82	18
4901	0.82	82	18
4902	0.82	82	18
4903	0.83	83	17
4904	0.83	83	17
4905	0.83	83	17
4906	0.83	83	17
4907	0.82	82	18
4908	0.82	82	18
4909	0.82	82	18
4910	0.82	82	18
4911	0.82	82	18
4912	0.83	83	17
4913	0.84	84	16
4914	0.84	84	16
4915	0.84	84	16
4916	0.83	83	17
4917	0.83	83	17
4918	0.83	83	17
4919	0.83	83	17
4920	0.83	83	17
4921	0.83	83	17
4922	0.82	82	18
4923	0.82	82	18
4924	0.82	82	18
4925	0.81	81	19
4926	0.81	81	19
4927	0.81	81	19
4928	0.81	81	19
4929	0.81	81	19
4930	0.82	82	18
4931	0.82	82	18
4932	0.81	81	19
4933	0.81	81	19
4934	0.81	81	19
4935	0.81	81	19
4936	0.82	82	18
4937	0.82	82	18
4938	0.81	81	19
4939	0.80	80	20
4940	0.80	80	20
4941	0.80	80	20
4942	0.80	80	20
4943	0.80	80	20
4944	0.79	79	21
4945	0.79	79	21
4946	0.79	79	21
4947	0.79	79	21
4948	0.79	79	21
4949	0.80	80	20
4950	0.80	80	20
4951	0.80	80	20
4952	0.80	80	20
4953	0.80	80	20
4954	0.80	80	20
4955	0.79	79	21
4956	0.80	80	20
4957	0.80	80	20
4958	0.80	80	20
4959	0.80	80	20
4960	0.79	79	21
4961	0.78	78	22
4962	0.77	77	23
4963	0.78	78	22
4964	0.78	78	22
4965	0.77	77	23
4966	0.77	77	23
4967	0.76	76	24
4968	0.76	76	24
4969	0.76	76	24
4970	0.76	76	24
4971	0.76	76	24
4972	0.76	76	24
4973	0.76	76	24
4974	0.76	76	24
4975	0.76	76	24
4976	0.77	77	23
4977	0.77	77	23
4978	0.78	78	22
4979	0.79	79	21
4980	0.79	79	21
4981	0.79	79	21
4982	0.79	79	21
4983	0.79	79	21
4984	0.79	79	21
4985	0.80	80	20
4986	0.81	81	19
4987	0.81	81	19
4988	0.82	82	18
4989	0.82	82	18
4990	0.82	82	18
4991	0.82	82	18
4992	0.82	82	18
4993	0.83	83	17
4994	0.83	83	17
4995	0.83	83	17
4996	0.83	83	17
4997	0.83	83	17
4998	0.84	84	16
4999	0.84	84	16
5000	0.16	84	16
5001	0.17	83	17
5002	0.17	83	17
5003	0.18	82	18
5004	0.19	81	19
5005	0.19	81	19
5006	0.19	81	19
5007	0.19	81	19
5008	0.20	80	20
5009	0.20	80	20
5010	0.20	80	20
5011	0.20	80	20
5012	0.21	79	21
5013	0.22	78	22
5014	0.23	77	23
5015	0.24	76	24
5016	0.24	76	24
5017	0.24	76	24
5018	0.25	75	25
5019	0.26	74	26
5020	0.27	73	27
5021	0.28	72	28
5022	0.28	72	28
5023	0.29	71	29
5024	0.29	71	29
5025	0.29	71	29
5026	0.29	71	29
5027	0.30	70	30
5028	0.31	69	31
5029	0.32	68	32
5030	0.33	67	33
5031	0.33	67	33
5032	0.33	67	33
5033	0.33	67	33
5034	0.34	66	34
5035	0.34	66	34
5036	0.34	66	34
5037	0.35	65	35
5038	0.35	65	35
5039	0.34	66	34
5040	0.34	66	34
5041	0.34	66	34
5042	0.35	65	35
5043	0.36	64	36
5044	0.36	64	36
5045	0.36	64	36
5046	0.37	63	37
5047	0.37	63	37
5048	0.38	62	38
5049	0.39	61	39
5050	0.40	60	40
5051	0.41	59	41
5052	0.42	58	42
5053	0.42	58	42
5054	0.43	57	43
5055	0.43	57	43
5056	0.44	56	44
5057	0.45	55	45
5058	0.46	54	46
5059	0.46	54	46
5060	0.46	54	46
5061	0.46	54	46
5062	0.46	54	46
5063	0.47	53	47
5064	0.48	52	48
5065	0.48	52	48
5066	0.49	51	49
5067	0.48	52	48
5068	0.49	51	49
5069	0.49	51	49
5070	0.49	51	49
5071	0.50	50	50
5072	0.50	50	50
5073	0.51	49	51
5074	0.51	49	51
5075	0.52	48	52
5076	0.52	48	52
5077	0.53	47	53
5078	0.53	47	53
5079	0.53	47	53
5080	0.54	46	54
5081	0.55	45	55
5082	0.55	45	55
5083	0.56	44	56
5084	0.57	43	57
5085	0.58	42	58
5086	0.59	41	59
5087	0.60	40	60
5088	0.61	39	61
5089	0.62	38	62
5090	0.63	37	63
5091	0.62	38	62
5092	0.62	38	62
5093	0.62	38	62
5094	0.62	38	62
5095	0.63	37	63
5096	0.64	36	64
5097	0.65	35	65
5098	0.66	34	66
5099	0.67	33	67
5100	0.67	33	67
5101	0.67	33	67
5102	0.68	32	68
5103	0.68	32	68
5104	0.68	32	68
5105	0.69	31	69
5106	0.69	31	69
5107	0.69	31	69
5108	0.68	32	68
5109	0.69	31	69
5110	0.70	30	70
5111	0.70	30	70
5112	0.70	30	70
5113	0.70	30	70
5114	0.70	30	70
5115	0.70	30	70
5116	0.70	30	70
5117	0.71	29	71
5118	0.70	30	70
5119	0.70	30	70
5120	0.70	30	70
5121	0.69	31	69
5122	0.69	31	69
5123	0.69	31	69
5124	0.70	30	70
5125	0.70	30	70
5126	0.70	30	70
5127	0.70	30	70
5128	0.70	30	70
5129	0.70	30	70
5130	0.69	31	69
5131	0.70	30	70
5132	0.69	31	69
5133	0.70	30	70
5134	0.70	30	70
5135	0.71	29	71
5136	0.72	28	72
5137	0.72	28	72
5138	0.72	28	72
5139	0.73	27	73
5140	0.74	26	74
5141	0.75	25	75
5142	0.74	26	74
5143	0.73	27	73
5144	0.73	27	73
5145	0.73	27	73
5146	0.73	27	73
5147	0.74	26	74
5148	0.74	26	74
5149	0.73	27	73
5150	0.73	27	73
5151	0.73	27	73
5152	0.73	27	73
5153	0.74	26	74
5154	0.74	26	74
5155	0.74	26	74
5156	0.74	26	74
5157	0.74	26	74
5158	0.74	26	74
5159	0.74	26	74
5160	0.74	26	74
5161	0.74	26	74
5162	0.74	26	74
5163	0.74	26	74
5164	0.74	26	74
5165	0.73	27	73
5166	0.72	28	72
5167	0.73	27	73
5168	0.73	27	73
5169	0.74	26	74
5170	0.75	25	75
5171	0.75	25	75
5172	0.76	24	76
5173	0.76	24	76
5174	0.77	23	77
5175	0.77	23	77
5176	0.78	22	78
5177	0.78	22	78
5178	0.79	21	79
5179	0.80	20	80
5180	0.80	20	80
5181	0.80	20	80
5182	0.81	19	81
5183	0.81	19	81
5184	0.81	19	81
5185	0.81	19	81
5186	0.81	19	81
5187	0.81	19	81
5188	0.81	19	81
5189	0.80	20	80
5190	0.80	20	80
5191	0.81	19	81
5192	0.81	19	81
5193	0.81	19	81
5194	0.81	19	81
5195	0.81	19	81
5196	0.81	19	81
5197	0.81	19	81
5198	0.81	19	81
5199	0.81	19	81
5200	0.82	18	82
5201	0.81	19	81
5202	0.81	19	81
5203	0.81	19	81
5204	0.81	19	81
5205	0.81	19	81
5206	0.82	18	82
5207	0.82	18	82
5208	0.83	17	83
5209	0.83	17	83
5210	0.83	17	83
5211	0.84	16	84
5212	0.84	16	84
5213	0.84	16	84
5214	0.84	16	84
5215	0.83	17	83
5216	0.83	17	83
5217	0.83	17	83
5218	0.84	16	84
5219	0.83	17	83
5220	0.83	17	83
5221	0.83	17	83
5222	0.82	18	82
5223	0.82	18	82
5224	0.82	18	82
5225	0.82	18	82
5226	0.83	17	83
5227	0.83	17	83
5228	0.83	17	83
5229	0.83	17	83
5230	0.84	16	84
5231	0.84	16	84
5232	0.85	15	85
5233	0.85	15	85
5234	0.85	15	85
5235	0.85	15	85
5236	0.85	15	85
5237	0.85	15	85
5238	0.85	15	85
5239	0.85	15	85
5240	0.85	15	85
5241	0.85	15	85
5242	0.86	14	86
5243	0.87	13	87
5244	0.86	14	86
5245	0.86	14	86
5246	0.86	14	86
5247	0.86	14	86
5248	0.86	14	86
5249	0.87	13	87
5250	0.87	13	87
5251	0.87	13	87
5252	0.87	13	87
5253	0.87	13	87
5254	0.87	13	87
5255	0.87	13	87
5256	0.87	13	87
5257	0.87	13	87
5258	0.87	13	87
5259	0.88	12	88
5260	0.88	12	88
5261	0.88	12	88
5262	0.88	12	88
5263	0.88	12	88
5264	0.88	12	88
5265	0.88	12	88
5266	0.89	11	89
5267	0.89	11	89
5268	0.89	11	89
5269	0.88	12	88
5270	0.88	12	88
5271	0.88	12	88
5272	0.88	12	88
5273	0.88	12	88
5274	0.88	12	88
5275	0.88	12	88
5276	0.88	12	88
5277	0.88	12	88
5278	0.88	12	88
5279	0.88	12	88
5280	0.88	12	88
5281	0.88	12	88
5282	0.88	12	88
5283	0.87	13	87
5284	0.87	13	87
5285	0.87	13	87
5286	0.87	13	87
5287	0.87	13	87
5288	0.86	14	86
5289	0.87	13	87
5290	0.87	13	87
5291	0.87	13	87
5292	0.88	12	88
5293	0.89	11	89
5294	0.90	10	90
5295	0.90	10	90
5296	0.90	10	90
5297	0.90	10	90
5298	0.90	10	90
5299	0.90	10	90
5300	0.90	10	90
5301	0.91	9	91
5302	0.90	10	90
5303	0.90	10	90
5304	0.90	10	90
5305	0.90	10	90
5306	0.90	10	90
5307	0.90	10	90
5308	0.90	10	90
5309	0.89	11	89
5310	0.88	12	88
5311	0.88	12	88
5312	0.88	12	88
5313	0.88	12	88
5314	0.88	12	88
5315	0.89	11	89
5316	0.89	11	89
5317	0.89	11	89
5318	0.89	11	89
5319	0.90	10	90
5320	0.90	10	90
5321	0.91	9	91
5322	0.92	8	92
5323	0.92	8	92
5324	0.91	9	91
5325	0.91	9	91
5326	0.90	10	90
5327	0.90	10	90
5328	0.89	11	89
5329	0.88	12	88
5330	0.88	12	88
5331	0.88	12	88
5332	0.88	12	88
5333	0.88	12	88
5334	0.88	12	88
5335	0.88	12	88
5336	0.88	12	88
5337	0.87	13	87
5338	0.87	13	87
5339	0.87	13	87
5340	0.87	13	87
5341	0.86	14	86
5342	0.86	14	86
5343	0.86	14	86
5344	0.87	13	87
5345	0.86	14	86
5346	0.86	14	86
5347	0.86	14	86
5348	0.86	14	86
5349	0.86	14	86
5350	0.86	14	86
5351	0.86	14	86
5352	0.86	14	86
5353	0.86	14	86
5354	0.86	14	86
5355	0.86	14	86
5356	0.86	14	86
5357	0.86	14	86
5358	0.85	15	85
5359	0.84	16	84
5360	0.84	16	84
5361	0.84	16	84
5362	0.84	16	84
5363	0.84	16	84
5364	0.84	16	84
5365	0.85	15	85
5366	0.85	15	85
5367	0.85	15	85
5368	0.85	15	85
5369	0.86	14	86
5370	0.86	14	86
5371	0.86	14	86
5372	0.86	14	86
5373	0.86	14	86
5374	0.86	14	86
5375	0.85	15	85
5376	0.85	15	85
5377	0.85	15	85
5378	0.85	15	85
5379	0.85	15	85
5380	0.85	15	85
5381	0.85	15	85
5382	0.85	15	85
5383	0.86	14	86
5384	0.86	14	86
5385	0.86	14	86
5386	0.86	14	86
5387	0.86	14	86
5388	0.87	13	87
5389	0.87	13	87
5390	0.87	13	87
5391	0.87	13	87
5392	0.87	13	87
5393	0.86	14	86
5394	0.86	14	86
5395	0.86	14	86
5396	0.86	14	86
5397	0.86	14	86
5398	0.86	14	86
5399	0.86	14	86
5400	0.85	15	85
5401	0.85	15	85
5402	0.86	14	86
5403	0.85	15	85
5404	0.85	15	85
5405	0.85	15	85
5406	0.85	15	85
5407	0.84	16	84
5408	0.84	16	84
5409	0.84	16	84
5410	0.85	15	85
5411	0.85	15	85
5412	0.85	15	85
5413	0.85	15	85
5414	0.85	15	85
5415	0.85	15	85
5416	0.84	16	84
5417	0.83	17	83
5418	0.83	17	83
5419	0.83	17	83
5420	0.82	18	82
5421	0.82	18	82
5422	0.82	18	82
5423	0.82	18	82
5424	0.83	17	83
5425	0.83	17	83
5426	0.84	16	84
5427	0.84	16	84
5428	0.85	15	85
5429	0.86	14	86
5430	0.85	15	85
5431	0.85	15	85
5432	0.85	15	85
5433	0.84	16	84
5434	0.84	16	84
5435	0.84	16	84
5436	0.84	16	84
5437	0.85	15	85
5438	0.85	15	85
5439	0.85	15	85
5440	0.84	16	84
5441	0.84	16	84
5442	0.84	16	84
5443	0.84	16	84
5444	0.84	16	84
5445	0.85	15	85
5446	0.85	15	85
5447	0.85	15	85
5448	0.84	16	84
5449	0.83	17	83
5450	0.82	18	82
5451	0.82	18	82
5452	0.82	18	82
5453	0.81	19	81
5454	0.81	19	81
5455	0.81	19	81
5456	0.81	19	81
5457	0.81	19	81
5458	0.82	18	82
5459	0.83	17	83
5460	0.83	17	83
5461	0.83	17	83
5462	0.83	17	83
5463	0.82	18	82
5464	0.82	18	82
5465	0.82	18	82
5466	0.82	18	82
5467	0.82	18	82
5468	0.82	18	82
5469	0.82	18	82
5470	0.82	18	82
5471	0.82	18	82
5472	0.82	18	82
5473	0.81	19	81
5474	0.80	20	80
5475	0.81	19	81
5476	0.81	19	81
5477	0.81	19	81
5478	0.81	19	81
5479	0.81	19	81
5480	0.80	20	80
5481	0.80	20	80
5482	0.80	20	80
5483	0.80	20	80
5484	0.80	20	80
5485	0.79	21	79
5486	0.79	21	79
5487	0.79	21	79
5488	0.78	22	78
5489	0.78	22	78
5490	0.78	22	78
5491	0.78	22	78
5492	0.78	22	78
5493	0.78	22	78
5494	0.78	22	78
5495	0.78	22	78
5496	0.78	22	78
5497	0.78	22	78
5498	0.78	22	78
5499	0.78	22	78
5500	0.79	21	79
5501	0.79	21	79
5502	0.79	21	79
5503	0.80	20	80
5504	0.80	20	80
5505	0.80	20	80
5506	0.80	20	80
5507	0.81	19	81
5508	0.81	19	81
5509	0.82	18	82
5510	0.82	18	82
5511	0.82	18	82
5512	0.82	18	82
5513	0.81	19	81
5514	0.81	19	81
5515	0.81	19	81
5516	0.82	18	82
5517	0.83	17	83
5518	0.83	17	83
5519	0.83	17	83
5520	0.84	16	84
5521	0.84	16	84
5522	0.84	16	84
5523	0.84	16	84
5524	0.84	16	84
5525	0.84	16	84
5526	0.84	16	84
5527	0.84	16	84
5528	0.84	16	84
5529	0.84	16	84
5530	0.85	15	85
5531	0.85	15	85
5532	0.85	15	85
5533	0.86	14	86
5534	0.85	15	85
5535	0.84	16	84
5536	0.84	16	84
5537	0.84	16	84
5538	0.84	16	84
5539	0.84	16	84
5540	0.85	15	85
5541	0.86	14	86
5542	0.86	14	86
5543	0.86	14	86
5544	0.86	14	86
5545	0.86	14	86
5546	0.86	14	86
5547	0.86	14	86
5548	0.87	13	87
5549	0.88	12	88
5550	0.89	11	89
5551	0.89	11	89
5552	0.89	11	89
5553	0.90	10	90
5554	0.90	10	90
5555	0.90	10	90
5556	0.90	10	90
5557	0.90	10	90
5558	0.90	10	90
5559	0.90	10	90
5560	0.90	10	90
5561	0.90	10	90
5562	0.90	10	90
5563	0.90	10	90
5564	0.90	10	90
5565	0.90	10	90
5566	0.89	11	89
5567	0.89	11	89
5568	0.89	11	89
5569	0.89	11	89
5570	0.88	12	88
5571	0.88	12	88
5572	0.88	12	88
5573	0.89	11	89
5574	0.90	10	90
5575	0.90	10	90
5576	0.90	10	90
5577	0.89	11	89
5578	0.89	11	89
5579	0.89	11	89
5580	0.90	10	90
5581	0.90	10	90
5582	0.90	10	90
5583	0.90	10	90
5584	0.90	10	90
5585	0.91	9	91
5586	0.91	9	91
5587	0.91	9	91
5588	0.92	8	92
5589	0.92	8	92
5590	0.92	8	92
5591	0.92	8	92
5592	0.92	8	92
5593	0.93	7	93
5594	0.93	7	93
5595	0.93	7	93
5596	0.93	7	93
5597	0.92	8	92
5598	0.92	8	92
5599	0.92	8	92
5600	0.92	8	92
5601	0.92	8	92
5602	0.92	8	92
5603	0.92	8	92
5604	0.92	8	92
5605	0.92	8	92
5606	0.92	8	92
5607	0.92	8	92
5608	0.92	8	92
5609	0.92	8	92
5610	0.92	8	92
5611	0.92	8	92
5612	0.92	8	92
5613	0.93	7	93
5614	0.93	7	93
5615	0.93	7	93
5616	0.93	7	93
5617	0.92	8	92
5618	0.92	8	92
5619	0.92	8	92
5620	0.92	8	92
5621	0.92	8	92
5622	0.92	8	92
5623	0.92	8	92
5624	0.92	8	92
5625	0.91	9	91
5626	0.91	9	91
5627	0.91	9	91
5628	0.91	9	91
5629	0.91	9	91
5630	0.91	9	91
5631	0.91	9	91
5632	0.91	9	91
5633	0.91	9	91
5634	0.92	8	92
5635	0.93	7	93
5636	0.93	7	93
5637	0.92	8	92
5638	0.92	8	92
5639	0.92	8	92
5640	0.92	8	92
5641	0.92	8	92
5642	0.92	8	92
5643	0.92	8	92
5644	0.92	8	92
5645	0.92	8	92
5646	0.92	8	92
5647	0.92	8	92
5648	0.92	8	92
5649	0.92	8	92
5650	0.92	8	92
5651	0.92	8	92
5652	0.92	8	92
5653	0.92	8	92
5654	0.92	8	92
5655	0.92	8	92
5656	0.92	8	92
5657	0.92	8	92
5658	0.92	8	92
5659	0.92	8	92
5660	0.92	8	92
5661	0.91	9	91
5662	0.91	9	91
5663	0.92	8	92
5664	0.91	9	91
5665	0.91	9	91
5666	0.92	8	92
5667	0.92	8	92
5668	0.92	8	92
5669	0.92	8	92
5670	0.92	8	92
5671	0.92	8	92
5672	0.92	8	92
5673	0.92	8	92
5674	0.92	8	92
5675	0.92	8	92
5676	0.92	8	92
5677	0.93	7	93
5678	0.93	7	93
5679	0.92	8	92
5680	0.92	8	92
5681	0.92	8	92
5682	0.92	8	92
5683	0.92	8	92
5684	0.91	9	91
5685	0.91	9	91
5686	0.91	9	91
5687	0.91	9	91
5688	0.91	9	91
5689	0.91	9	91
5690	0.91	9	91
5691	0.91	9	91
5692	0.91	9	91
5693	0.91	9	91
5694	0.90	10	90
5695	0.90	10	90
5696	0.90	10	90
5697	0.91	9	91
5698	0.91	9	91
5699	0.90	10	90
5700	0.90	10	90
5701	0.90	10	90
5702	0.90	10	90
5703	0.89	11	89
5704	0.89	11	89
5705	0.89	11	89
5706	0.89	11	89
5707	0.88	12	88
5708	0.88	12	88
5709	0.88	12	88
5710	0.88	12	88
5711	0.88	12	88
5712	0.88	12	88
5713	0.87	13	87
5714	0.87	13	87
5715	0.87	13	87
5716	0.87	13	87
5717	0.88	12	88
5718	0.88	12	88
5719	0.88	12	88
5720	0.87	13	87
5721	0.86	14	86
5722	0.86	14	86
5723	0.86	14	86
5724	0.85	15	85
5725	0.86	14	86
5726	0.85	15	85
5727	0.85	15	85
5728	0.84	16	84
5729	0.84	16	84
5730	0.83	17	83
5731	0.83	17	83
5732	0.83	17	83
5733	0.83	17	83
5734	0.83	17	83
5735	0.83	17	83
5736	0.83	17	83
5737	0.84	16	84
5738	0.83	17	83
5739	0.83	17	83
5740	0.83	17	83
5741	0.83	17	83
5742	0.83	17	83
5743	0.82	18	82
5744	0.82	18	82
5745	0.82	18	82
5746	0.82	18	82
5747	0.82	18	82
5748	0.82	18	82
5749	0.82	18	82
5750	0.82	18	82
5751	0.82	18	82
5752	0.82	18	82
5753	0.82	18	82
5754	0.82	18	82
5755	0.82	18	82
5756	0.81	19	81
5757	0.81	19	81
5758	0.81	19	81
5759	0.81	19	81
5760	0.81	19	81
5761	0.81	19	81
5762	0.81	19	81
5763	0.81	19	81
5764	0.82	18	82
5765	0.82	18	82
5766	0.82	18	82
5767	0.82	18	82
5768	0.82	18	82
5769	0.82	18	82
5770	0.83	17	83
5771	0.83	17	83
5772	0.82	18	82
5773	0.82	18	82
5774	0.82	18	82
5775	0.82	18	82
5776	0.82	18	82
5777	0.82	18	82
5778	0.82	18	82
5779	0.83	17	83
5780	0.83	17	83
5781	0.83	17	83
5782	0.83	17	83
5783	0.83	17	83
5784	0.83	17	83
5785	0.83	17	83
5786	0.83	17	83
5787	0.83	17	83
5788	0.83	17	83
5789	0.83	17	83
5790	0.83	17	83
5791	0.83	17	83
5792	0.83	17	83
5793	0.83	17	83
5794	0.84	16	84
5795	0.84	16	84
5796	0.84	16	84
5797	0.84	16	84
5798	0.84	16	84
5799	0.85	15	85
5800	0.85	15	85
5801	0.85	15	85
5802	0.85	15	85
5803	0.86	14	86
5804	0.86	14	86
5805	0.86	14	86
5806	0.86	14	86
5807	0.87	13	87
5808	0.87	13	87
5809	0.87	13	87
5810	0.87	13	87
5811	0.87	13	87
5812	0.86	14	86
5813	0.87	13	87
5814	0.87	13	87
5815	0.87	13	87
5816	0.87	13	87
5817	0.87	13	87
5818	0.87	13	87
5819	0.87	13	87
5820	0.88	12	88
5821	0.89	11	89
5822	0.89	11	89
5823	0.89	11	89
5824	0.90	10	90
5825	0.90	10	90
5826	0.91	9	91
5827	0.90	10	90
5828	0.91	9	91
5829	0.90	10	90
5830	0.91	9	91
5831	0.91	9	91
5832	0.91	9	91
5833	0.91	9	91
5834	0.91	9	91
5835	0.91	9	91
5836	0.91	9	91
5837	0.91	9	91
5838	0.92	8	92
5839	0.92	8	92
5840	0.91	9	91
5841	0.91	9	91
5842	0.91	9	91
5843	0.92	8	92
5844	0.91	9	91
5845	0.91	9	91
5846	0.91	9	91
5847	0.91	9	91
5848	0.91	9	91
5849	0.91	9	91
5850	0.91	9	91
5851	0.91	9	91
5852	0.91	9	91
5853	0.91	9	91
5854	0.91	9	91
5855	0.91	9	91
5856	0.91	9	91
5857	0.91	9	91
5858	0.91	9	91
5859	0.91	9	91
5860	0.90	10	90
5861	0.91	9	91
5862	0.91	9	91
5863	0.91	9	91
5864	0.91	9	91
5865	0.91	9	91
5866	0.91	9	91
5867	0.91	9	91
5868	0.91	9	91
5869	0.91	9	91
5870	0.91	9	91
5871	0.91	9	91
5872	0.92	8	92
5873	0.91	9	91
5874	0.91	9	91
5875	0.91	9	91
5876	0.91	9	91
5877	0.91	9	91
5878	0.91	9	91
5879	0.91	9	91
5880	0.91	9	91
5881	0.91	9	91
5882	0.91	9	91
5883	0.91	9	91
5884	0.92	8	92
5885	0.92	8	92
5886	0.91	9	91
5887	0.91	9	91
5888	0.91	9	91
5889	0.91	9	91
5890	0.91	9	91
5891	0.91	9	91
5892	0.91	9	91
5893	0.91	9	91
5894	0.91	9	91
5895	0.91	9	91
5896	0.91	9	91
5897	0.91	9	91
5898	0.91	9	91
5899	0.91	9	91
5900	0.91	9	91
5901	0.91	9	91
5902	0.91	9	91
5903	0.91	9	91
5904	0.91	9	91
5905	0.91	9	91
5906	0.91	9	91
5907	0.91	9	91
5908	0.90	10	90
5909	0.90	10	90
5910	0.90	10	90
5911	0.90	10	90
5912	0.91	9	91
5913	0.90	10	90
5914	0.90	10	90
5915	0.90	10	90
5916	0.90	10	90
5917	0.90	10	90
5918	0.90	10	90
5919	0.90	10	90
5920	0.90	10	90
5921	0.90	10	90
5922	0.90	10	90
5923	0.90	10	90
5924	0.90	10	90
5925	0.90	10	90
5926	0.90	10	90
5927	0.91	9	91
5928	0.91	9	91
5929	0.92	8	92
5930	0.92	8	92
5931	0.92	8	92
5932	0.92	8	92
5933	0.92	8	92
5934	0.92	8	92
5935	0.92	8	92
5936	0.92	8	92
5937	0.92	8	92
5938	0.92	8	92
5939	0.92	8	92
5940	0.92	8	92
5941	0.92	8	92
5942	0.92	8	92
5943	0.92	8	92
5944	0.93	7	93
5945	0.93	7	93
5946	0.93	7	93
5947	0.93	7	93
5948	0.93	7	93
5949	0.93	7	93
5950	0.93	7	93
5951	0.93	7	93
5952	0.93	7	93
5953	0.93	7	93
5954	0.93	7	93
5955	0.93	7	93
5956	0.94	6	94
5957	0.93	7	93
5958	0.93	7	93
5959	0.93	7	93
5960	0.94	6	94
5961	0.94	6	94
5962	0.94	6	94
5963	0.94	6	94
5964	0.94	6	94
5965	0.94	6	94
5966	0.94	6	94
5967	0.94	6	94
5968	0.94	6	94
5969	0.94	6	94
5970	0.94	6	94
5971	0.94	6	94
5972	0.94	6	94
5973	0.95	5	95
5974	0.95	5	95
5975	0.95	5	95
5976	0.94	6	94
5977	0.94	6	94
5978	0.94	6	94
5979	0.94	6	94
5980	0.94	6	94
5981	0.94	6	94
5982	0.94	6	94
5983	0.94	6	94
5984	0.94	6	94
5985	0.94	6	94
5986	0.95	5	95
5987	0.95	5	95
5988	0.95	5	95
5989	0.95	5	95
5990	0.95	5	95
5991	0.95	5	95
5992	0.95	5	95
5993	0.95	5	95
5994	0.95	5	95
5995	0.95	5	95
5996	0.95	5	95
5997	0.94	6	94
5998	0.94	6	94
5999	0.94	6	94
