timestep	swarm_quality	color_0	color_1
0	0.70	70	30
1	0.70	70	30
2	0.70	70	30
3	0.70	70	30
4	0.70	70	30
5	0.70	70	30
6	0.70	70	30
7	0.70	70	30
8	0.70	70	30
9	0.70	70	30
10	0.70	70	30
11	0.70	70	30
12	0.70	70	30
13	0.70	70	30
14	0.70	70	30
15	0.70	70	30
16	0.70	70	30
17	0.70	70	30
18	0.70	70	30
19	0.70	70	30
20	0.70	70	30
21	0.70	70	30
22	0.69	69	31
23	0.69	69	31
24	0.69	69	31
25	0.69	69	31
26	0.69	69	31
27	0.69	69	31
28	0.69	69	31
29	0.69	69	31
30	0.69	69	31
31	0.69	69	31
32	0.69	69	31
33	0.68	68	32
34	0.68	68	32
35	0.67	67	33
36	0.66	66	34
37	0.66	66	34
38	0.66	66	34
39	0.66	66	34
40	0.66	66	34
41	0.66	66	34
42	0.66	66	34
43	0.66	66	34
44	0.66	66	34
45	0.65	65	35
46	0.65	65	35
47	0.64	64	36
48	0.64	64	36
49	0.64	64	36
50	0.64	64	36
51	0.64	64	36
52	0.64	64	36
53	0.64	64	36
54	0.64	64	36
55	0.64	64	36
56	0.64	64	36
57	0.64	64	36
58	0.64	64	36
59	0.64	64	36
60	0.64	64	36
61	0.64	64	36
62	0.63	63	37
63	0.62	62	38
64	0.62	62	38
65	0.62	62	38
66	0.61	61	39
67	0.61	61	39
68	0.61	61	39
69	0.61	61	39
70	0.62	62	38
71	0.63	63	37
72	0.64	64	36
73	0.65	65	35
74	0.66	66	34
75	0.67	67	33
76	0.68	68	32
77	0.69	69	31
78	0.70	70	30
79	0.71	71	29
80	0.72	72	28
81	0.73	73	27
82	0.74	74	26
83	0.75	75	25
84	0.76	76	24
85	0.77	77	23
86	0.77	77	23
87	0.78	78	22
88	0.79	79	21
89	0.80	80	20
90	0.81	81	19
91	0.82	82	18
92	0.83	83	17
93	0.83	83	17
94	0.83	83	17
95	0.84	84	16
96	0.85	85	15
97	0.86	86	14
98	0.87	87	13
99	0.87	87	13
100	0.86	86	14
101	0.86	86	14
102	0.86	86	14
103	0.86	86	14
104	0.85	85	15
105	0.85	85	15
106	0.85	85	15
107	0.85	85	15
108	0.84	84	16
109	0.84	84	16
110	0.84	84	16
111	0.84	84	16
112	0.84	84	16
113	0.84	84	16
114	0.84	84	16
115	0.83	83	17
116	0.83	83	17
117	0.83	83	17
118	0.83	83	17
119	0.83	83	17
120	0.83	83	17
121	0.83	83	17
122	0.84	84	16
123	0.84	84	16
124	0.84	84	16
125	0.84	84	16
126	0.84	84	16
127	0.84	84	16
128	0.84	84	16
129	0.84	84	16
130	0.84	84	16
131	0.84	84	16
132	0.83	83	17
133	0.84	84	16
134	0.84	84	16
135	0.85	85	15
136	0.86	86	14
137	0.86	86	14
138	0.86	86	14
139	0.85	85	15
140	0.85	85	15
141	0.85	85	15
142	0.85	85	15
143	0.85	85	15
144	0.84	84	16
145	0.85	85	15
146	0.85	85	15
147	0.86	86	14
148	0.86	86	14
149	0.86	86	14
150	0.86	86	14
151	0.86	86	14
152	0.86	86	14
153	0.86	86	14
154	0.86	86	14
155	0.86	86	14
156	0.86	86	14
157	0.86	86	14
158	0.86	86	14
159	0.86	86	14
160	0.86	86	14
161	0.86	86	14
162	0.87	87	13
163	0.88	88	12
164	0.88	88	12
165	0.88	88	12
166	0.89	89	11
167	0.89	89	11
168	0.89	89	11
169	0.89	89	11
170	0.89	89	11
171	0.89	89	11
172	0.89	89	11
173	0.89	89	11
174	0.89	89	11
175	0.89	89	11
176	0.89	89	11
177	0.89	89	11
178	0.89	89	11
179	0.89	89	11
180	0.89	89	11
181	0.89	89	11
182	0.89	89	11
183	0.89	89	11
184	0.89	89	11
185	0.88	88	12
186	0.89	89	11
187	0.89	89	11
188	0.89	89	11
189	0.89	89	11
190	0.89	89	11
191	0.89	89	11
192	0.89	89	11
193	0.90	90	10
194	0.91	91	9
195	0.91	91	9
196	0.91	91	9
197	0.91	91	9
198	0.91	91	9
199	0.92	92	8
200	0.92	92	8
201	0.92	92	8
202	0.92	92	8
203	0.92	92	8
204	0.93	93	7
205	0.93	93	7
206	0.92	92	8
207	0.92	92	8
208	0.93	93	7
209	0.93	93	7
210	0.93	93	7
211	0.93	93	7
212	0.92	92	8
213	0.92	92	8
214	0.92	92	8
215	0.92	92	8
216	0.92	92	8
217	0.92	92	8
218	0.91	91	9
219	0.91	91	9
220	0.90	90	10
221	0.90	90	10
222	0.89	89	11
223	0.89	89	11
224	0.89	89	11
225	0.89	89	11
226	0.89	89	11
227	0.89	89	11
228	0.88	88	12
229	0.88	88	12
230	0.88	88	12
231	0.88	88	12
232	0.89	89	11
233	0.89	89	11
234	0.89	89	11
235	0.89	89	11
236	0.89	89	11
237	0.89	89	11
238	0.89	89	11
239	0.90	90	10
240	0.90	90	10
241	0.90	90	10
242	0.90	90	10
243	0.90	90	10
244	0.91	91	9
245	0.91	91	9
246	0.91	91	9
247	0.91	91	9
248	0.91	91	9
249	0.91	91	9
250	0.91	91	9
251	0.90	90	10
252	0.90	90	10
253	0.90	90	10
254	0.90	90	10
255	0.90	90	10
256	0.90	90	10
257	0.90	90	10
258	0.90	90	10
259	0.90	90	10
260	0.90	90	10
261	0.90	90	10
262	0.90	90	10
263	0.90	90	10
264	0.90	90	10
265	0.90	90	10
266	0.89	89	11
267	0.88	88	12
268	0.88	88	12
269	0.88	88	12
270	0.88	88	12
271	0.88	88	12
272	0.88	88	12
273	0.88	88	12
274	0.88	88	12
275	0.87	87	13
276	0.87	87	13
277	0.87	87	13
278	0.87	87	13
279	0.87	87	13
280	0.87	87	13
281	0.87	87	13
282	0.87	87	13
283	0.86	86	14
284	0.86	86	14
285	0.87	87	13
286	0.87	87	13
287	0.87	87	13
288	0.87	87	13
289	0.87	87	13
290	0.86	86	14
291	0.86	86	14
292	0.86	86	14
293	0.86	86	14
294	0.86	86	14
295	0.85	85	15
296	0.85	85	15
297	0.85	85	15
298	0.85	85	15
299	0.85	85	15
300	0.85	85	15
301	0.85	85	15
302	0.84	84	16
303	0.84	84	16
304	0.84	84	16
305	0.84	84	16
306	0.84	84	16
307	0.84	84	16
308	0.84	84	16
309	0.84	84	16
310	0.84	84	16
311	0.84	84	16
312	0.85	85	15
313	0.84	84	16
314	0.84	84	16
315	0.85	85	15
316	0.84	84	16
317	0.84	84	16
318	0.85	85	15
319	0.85	85	15
320	0.86	86	14
321	0.85	85	15
322	0.86	86	14
323	0.86	86	14
324	0.86	86	14
325	0.86	86	14
326	0.86	86	14
327	0.86	86	14
328	0.87	87	13
329	0.87	87	13
330	0.86	86	14
331	0.86	86	14
332	0.86	86	14
333	0.86	86	14
334	0.86	86	14
335	0.86	86	14
336	0.86	86	14
337	0.86	86	14
338	0.86	86	14
339	0.86	86	14
340	0.85	85	15
341	0.85	85	15
342	0.84	84	16
343	0.84	84	16
344	0.84	84	16
345	0.84	84	16
346	0.84	84	16
347	0.84	84	16
348	0.84	84	16
349	0.83	83	17
350	0.83	83	17
351	0.84	84	16
352	0.84	84	16
353	0.84	84	16
354	0.83	83	17
355	0.83	83	17
356	0.83	83	17
357	0.83	83	17
358	0.83	83	17
359	0.83	83	17
360	0.83	83	17
361	0.82	82	18
362	0.82	82	18
363	0.82	82	18
364	0.82	82	18
365	0.82	82	18
366	0.83	83	17
367	0.84	84	16
368	0.84	84	16
369	0.84	84	16
370	0.84	84	16
371	0.84	84	16
372	0.84	84	16
373	0.84	84	16
374	0.84	84	16
375	0.85	85	15
376	0.85	85	15
377	0.84	84	16
378	0.84	84	16
379	0.84	84	16
380	0.84	84	16
381	0.84	84	16
382	0.84	84	16
383	0.85	85	15
384	0.85	85	15
385	0.85	85	15
386	0.85	85	15
387	0.85	85	15
388	0.85	85	15
389	0.85	85	15
390	0.86	86	14
391	0.85	85	15
392	0.85	85	15
393	0.85	85	15
394	0.85	85	15
395	0.86	86	14
396	0.85	85	15
397	0.85	85	15
398	0.85	85	15
399	0.85	85	15
400	0.86	86	14
401	0.86	86	14
402	0.87	87	13
403	0.87	87	13
404	0.86	86	14
405	0.86	86	14
406	0.87	87	13
407	0.87	87	13
408	0.87	87	13
409	0.86	86	14
410	0.86	86	14
411	0.86	86	14
412	0.86	86	14
413	0.87	87	13
414	0.86	86	14
415	0.86	86	14
416	0.87	87	13
417	0.87	87	13
418	0.87	87	13
419	0.87	87	13
420	0.87	87	13
421	0.88	88	12
422	0.88	88	12
423	0.88	88	12
424	0.88	88	12
425	0.88	88	12
426	0.88	88	12
427	0.88	88	12
428	0.88	88	12
429	0.88	88	12
430	0.89	89	11
431	0.89	89	11
432	0.88	88	12
433	0.88	88	12
434	0.87	87	13
435	0.87	87	13
436	0.87	87	13
437	0.86	86	14
438	0.85	85	15
439	0.85	85	15
440	0.86	86	14
441	0.86	86	14
442	0.87	87	13
443	0.87	87	13
444	0.87	87	13
445	0.87	87	13
446	0.87	87	13
447	0.87	87	13
448	0.87	87	13
449	0.87	87	13
450	0.87	87	13
451	0.87	87	13
452	0.87	87	13
453	0.87	87	13
454	0.88	88	12
455	0.88	88	12
456	0.88	88	12
457	0.87	87	13
458	0.87	87	13
459	0.87	87	13
460	0.87	87	13
461	0.88	88	12
462	0.88	88	12
463	0.88	88	12
464	0.88	88	12
465	0.88	88	12
466	0.88	88	12
467	0.88	88	12
468	0.88	88	12
469	0.87	87	13
470	0.87	87	13
471	0.87	87	13
472	0.87	87	13
473	0.87	87	13
474	0.87	87	13
475	0.87	87	13
476	0.87	87	13
477	0.88	88	12
478	0.88	88	12
479	0.88	88	12
480	0.88	88	12
481	0.88	88	12
482	0.88	88	12
483	0.88	88	12
484	0.87	87	13
485	0.87	87	13
486	0.87	87	13
487	0.87	87	13
488	0.87	87	13
489	0.87	87	13
490	0.87	87	13
491	0.88	88	12
492	0.88	88	12
493	0.88	88	12
494	0.88	88	12
495	0.88	88	12
496	0.89	89	11
497	0.89	89	11
498	0.89	89	11
499	0.89	89	11
500	0.89	89	11
501	0.89	89	11
502	0.89	89	11
503	0.89	89	11
504	0.90	90	10
505	0.90	90	10
506	0.90	90	10
507	0.90	90	10
508	0.90	90	10
509	0.90	90	10
510	0.90	90	10
511	0.90	90	10
512	0.89	89	11
513	0.89	89	11
514	0.90	90	10
515	0.90	90	10
516	0.89	89	11
517	0.88	88	12
518	0.88	88	12
519	0.88	88	12
520	0.88	88	12
521	0.87	87	13
522	0.87	87	13
523	0.87	87	13
524	0.87	87	13
525	0.87	87	13
526	0.87	87	13
527	0.87	87	13
528	0.87	87	13
529	0.87	87	13
530	0.87	87	13
531	0.86	86	14
532	0.87	87	13
533	0.87	87	13
534	0.88	88	12
535	0.88	88	12
536	0.87	87	13
537	0.87	87	13
538	0.88	88	12
539	0.88	88	12
540	0.88	88	12
541	0.88	88	12
542	0.88	88	12
543	0.88	88	12
544	0.88	88	12
545	0.88	88	12
546	0.88	88	12
547	0.88	88	12
548	0.88	88	12
549	0.89	89	11
550	0.89	89	11
551	0.88	88	12
552	0.88	88	12
553	0.88	88	12
554	0.88	88	12
555	0.88	88	12
556	0.87	87	13
557	0.88	88	12
558	0.88	88	12
559	0.87	87	13
560	0.87	87	13
561	0.87	87	13
562	0.87	87	13
563	0.87	87	13
564	0.87	87	13
565	0.87	87	13
566	0.87	87	13
567	0.87	87	13
568	0.87	87	13
569	0.88	88	12
570	0.88	88	12
571	0.88	88	12
572	0.87	87	13
573	0.86	86	14
574	0.86	86	14
575	0.85	85	15
576	0.84	84	16
577	0.84	84	16
578	0.84	84	16
579	0.84	84	16
580	0.84	84	16
581	0.84	84	16
582	0.84	84	16
583	0.83	83	17
584	0.83	83	17
585	0.83	83	17
586	0.83	83	17
587	0.83	83	17
588	0.83	83	17
589	0.83	83	17
590	0.83	83	17
591	0.83	83	17
592	0.83	83	17
593	0.83	83	17
594	0.83	83	17
595	0.83	83	17
596	0.83	83	17
597	0.83	83	17
598	0.83	83	17
599	0.83	83	17
600	0.83	83	17
601	0.83	83	17
602	0.82	82	18
603	0.82	82	18
604	0.82	82	18
605	0.82	82	18
606	0.82	82	18
607	0.82	82	18
608	0.82	82	18
609	0.83	83	17
610	0.82	82	18
611	0.82	82	18
612	0.83	83	17
613	0.83	83	17
614	0.83	83	17
615	0.83	83	17
616	0.84	84	16
617	0.85	85	15
618	0.85	85	15
619	0.85	85	15
620	0.84	84	16
621	0.85	85	15
622	0.85	85	15
623	0.85	85	15
624	0.85	85	15
625	0.85	85	15
626	0.85	85	15
627	0.85	85	15
628	0.85	85	15
629	0.85	85	15
630	0.85	85	15
631	0.86	86	14
632	0.85	85	15
633	0.85	85	15
634	0.85	85	15
635	0.85	85	15
636	0.86	86	14
637	0.87	87	13
638	0.87	87	13
639	0.87	87	13
640	0.87	87	13
641	0.87	87	13
642	0.87	87	13
643	0.87	87	13
644	0.86	86	14
645	0.86	86	14
646	0.86	86	14
647	0.85	85	15
648	0.84	84	16
649	0.84	84	16
650	0.84	84	16
651	0.85	85	15
652	0.84	84	16
653	0.84	84	16
654	0.84	84	16
655	0.84	84	16
656	0.85	85	15
657	0.84	84	16
658	0.84	84	16
659	0.84	84	16
660	0.84	84	16
661	0.84	84	16
662	0.84	84	16
663	0.84	84	16
664	0.84	84	16
665	0.84	84	16
666	0.84	84	16
667	0.84	84	16
668	0.84	84	16
669	0.84	84	16
670	0.83	83	17
671	0.82	82	18
672	0.83	83	17
673	0.84	84	16
674	0.84	84	16
675	0.84	84	16
676	0.85	85	15
677	0.85	85	15
678	0.84	84	16
679	0.84	84	16
680	0.84	84	16
681	0.84	84	16
682	0.84	84	16
683	0.85	85	15
684	0.86	86	14
685	0.86	86	14
686	0.86	86	14
687	0.86	86	14
688	0.86	86	14
689	0.85	85	15
690	0.85	85	15
691	0.85	85	15
692	0.85	85	15
693	0.85	85	15
694	0.85	85	15
695	0.85	85	15
696	0.84	84	16
697	0.84	84	16
698	0.84	84	16
699	0.84	84	16
700	0.84	84	16
701	0.84	84	16
702	0.85	85	15
703	0.85	85	15
704	0.85	85	15
705	0.85	85	15
706	0.85	85	15
707	0.85	85	15
708	0.85	85	15
709	0.84	84	16
710	0.85	85	15
711	0.85	85	15
712	0.85	85	15
713	0.85	85	15
714	0.85	85	15
715	0.85	85	15
716	0.85	85	15
717	0.85	85	15
718	0.85	85	15
719	0.85	85	15
720	0.86	86	14
721	0.86	86	14
722	0.86	86	14
723	0.85	85	15
724	0.84	84	16
725	0.84	84	16
726	0.84	84	16
727	0.84	84	16
728	0.84	84	16
729	0.84	84	16
730	0.84	84	16
731	0.84	84	16
732	0.85	85	15
733	0.85	85	15
734	0.85	85	15
735	0.85	85	15
736	0.85	85	15
737	0.85	85	15
738	0.85	85	15
739	0.85	85	15
740	0.85	85	15
741	0.85	85	15
742	0.85	85	15
743	0.85	85	15
744	0.85	85	15
745	0.84	84	16
746	0.84	84	16
747	0.85	85	15
748	0.86	86	14
749	0.86	86	14
750	0.86	86	14
751	0.86	86	14
752	0.87	87	13
753	0.87	87	13
754	0.87	87	13
755	0.87	87	13
756	0.87	87	13
757	0.88	88	12
758	0.88	88	12
759	0.88	88	12
760	0.88	88	12
761	0.88	88	12
762	0.88	88	12
763	0.88	88	12
764	0.88	88	12
765	0.88	88	12
766	0.88	88	12
767	0.88	88	12
768	0.88	88	12
769	0.87	87	13
770	0.88	88	12
771	0.89	89	11
772	0.88	88	12
773	0.88	88	12
774	0.88	88	12
775	0.89	89	11
776	0.89	89	11
777	0.88	88	12
778	0.89	89	11
779	0.89	89	11
780	0.89	89	11
781	0.89	89	11
782	0.88	88	12
783	0.87	87	13
784	0.87	87	13
785	0.87	87	13
786	0.87	87	13
787	0.87	87	13
788	0.87	87	13
789	0.88	88	12
790	0.88	88	12
791	0.88	88	12
792	0.88	88	12
793	0.88	88	12
794	0.88	88	12
795	0.88	88	12
796	0.88	88	12
797	0.88	88	12
798	0.88	88	12
799	0.88	88	12
800	0.88	88	12
801	0.88	88	12
802	0.88	88	12
803	0.88	88	12
804	0.87	87	13
805	0.87	87	13
806	0.87	87	13
807	0.86	86	14
808	0.86	86	14
809	0.87	87	13
810	0.87	87	13
811	0.87	87	13
812	0.87	87	13
813	0.87	87	13
814	0.87	87	13
815	0.87	87	13
816	0.86	86	14
817	0.86	86	14
818	0.86	86	14
819	0.85	85	15
820	0.85	85	15
821	0.85	85	15
822	0.85	85	15
823	0.86	86	14
824	0.87	87	13
825	0.87	87	13
826	0.87	87	13
827	0.87	87	13
828	0.86	86	14
829	0.86	86	14
830	0.86	86	14
831	0.86	86	14
832	0.86	86	14
833	0.86	86	14
834	0.86	86	14
835	0.86	86	14
836	0.86	86	14
837	0.86	86	14
838	0.86	86	14
839	0.86	86	14
840	0.86	86	14
841	0.86	86	14
842	0.85	85	15
843	0.85	85	15
844	0.86	86	14
845	0.87	87	13
846	0.87	87	13
847	0.87	87	13
848	0.87	87	13
849	0.87	87	13
850	0.87	87	13
851	0.87	87	13
852	0.86	86	14
853	0.86	86	14
854	0.86	86	14
855	0.86	86	14
856	0.86	86	14
857	0.86	86	14
858	0.86	86	14
859	0.87	87	13
860	0.87	87	13
861	0.87	87	13
862	0.87	87	13
863	0.87	87	13
864	0.87	87	13
865	0.87	87	13
866	0.87	87	13
867	0.86	86	14
868	0.86	86	14
869	0.87	87	13
870	0.87	87	13
871	0.87	87	13
872	0.88	88	12
873	0.88	88	12
874	0.88	88	12
875	0.88	88	12
876	0.88	88	12
877	0.89	89	11
878	0.88	88	12
879	0.88	88	12
880	0.88	88	12
881	0.88	88	12
882	0.88	88	12
883	0.89	89	11
884	0.89	89	11
885	0.89	89	11
886	0.89	89	11
887	0.89	89	11
888	0.88	88	12
889	0.88	88	12
890	0.88	88	12
891	0.88	88	12
892	0.88	88	12
893	0.88	88	12
894	0.88	88	12
895	0.88	88	12
896	0.89	89	11
897	0.89	89	11
898	0.88	88	12
899	0.87	87	13
900	0.87	87	13
901	0.87	87	13
902	0.87	87	13
903	0.87	87	13
904	0.88	88	12
905	0.88	88	12
906	0.88	88	12
907	0.89	89	11
908	0.89	89	11
909	0.88	88	12
910	0.88	88	12
911	0.87	87	13
912	0.87	87	13
913	0.86	86	14
914	0.85	85	15
915	0.85	85	15
916	0.86	86	14
917	0.86	86	14
918	0.85	85	15
919	0.86	86	14
920	0.86	86	14
921	0.86	86	14
922	0.86	86	14
923	0.86	86	14
924	0.86	86	14
925	0.86	86	14
926	0.86	86	14
927	0.86	86	14
928	0.87	87	13
929	0.87	87	13
930	0.87	87	13
931	0.87	87	13
932	0.87	87	13
933	0.87	87	13
934	0.86	86	14
935	0.86	86	14
936	0.86	86	14
937	0.86	86	14
938	0.86	86	14
939	0.85	85	15
940	0.85	85	15
941	0.85	85	15
942	0.86	86	14
943	0.86	86	14
944	0.86	86	14
945	0.85	85	15
946	0.85	85	15
947	0.85	85	15
948	0.85	85	15
949	0.84	84	16
950	0.84	84	16
951	0.84	84	16
952	0.85	85	15
953	0.85	85	15
954	0.85	85	15
955	0.85	85	15
956	0.85	85	15
957	0.85	85	15
958	0.85	85	15
959	0.85	85	15
960	0.85	85	15
961	0.85	85	15
962	0.85	85	15
963	0.85	85	15
964	0.85	85	15
965	0.85	85	15
966	0.84	84	16
967	0.85	85	15
968	0.85	85	15
969	0.85	85	15
970	0.85	85	15
971	0.85	85	15
972	0.84	84	16
973	0.83	83	17
974	0.83	83	17
975	0.83	83	17
976	0.83	83	17
977	0.83	83	17
978	0.84	84	16
979	0.84	84	16
980	0.83	83	17
981	0.83	83	17
982	0.83	83	17
983	0.83	83	17
984	0.83	83	17
985	0.83	83	17
986	0.83	83	17
987	0.83	83	17
988	0.84	84	16
989	0.84	84	16
990	0.84	84	16
991	0.84	84	16
992	0.84	84	16
993	0.84	84	16
994	0.84	84	16
995	0.84	84	16
996	0.84	84	16
997	0.84	84	16
998	0.85	85	15
999	0.85	85	15
1000	0.16	84	16
1001	0.17	83	17
1002	0.17	83	17
1003	0.18	82	18
1004	0.19	81	19
1005	0.19	81	19
1006	0.19	81	19
1007	0.20	80	20
1008	0.20	80	20
1009	0.20	80	20
1010	0.20	80	20
1011	0.20	80	20
1012	0.21	79	21
1013	0.21	79	21
1014	0.21	79	21
1015	0.22	78	22
1016	0.23	77	23
1017	0.23	77	23
1018	0.22	78	22
1019	0.23	77	23
1020	0.24	76	24
1021	0.24	76	24
1022	0.24	76	24
1023	0.25	75	25
1024	0.26	74	26
1025	0.26	74	26
1026	0.26	74	26
1027	0.27	73	27
1028	0.28	72	28
1029	0.28	72	28
1030	0.28	72	28
1031	0.29	71	29
1032	0.29	71	29
1033	0.30	70	30
1034	0.30	70	30
1035	0.30	70	30
1036	0.31	69	31
1037	0.32	68	32
1038	0.33	67	33
1039	0.33	67	33
1040	0.33	67	33
1041	0.33	67	33
1042	0.34	66	34
1043	0.35	65	35
1044	0.36	64	36
1045	0.36	64	36
1046	0.36	64	36
1047	0.37	63	37
1048	0.38	62	38
1049	0.38	62	38
1050	0.39	61	39
1051	0.40	60	40
1052	0.41	59	41
1053	0.41	59	41
1054	0.42	58	42
1055	0.43	57	43
1056	0.43	57	43
1057	0.44	56	44
1058	0.45	55	45
1059	0.46	54	46
1060	0.47	53	47
1061	0.48	52	48
1062	0.49	51	49
1063	0.50	50	50
1064	0.51	49	51
1065	0.51	49	51
1066	0.50	50	50
1067	0.51	49	51
1068	0.52	48	52
1069	0.53	47	53
1070	0.54	46	54
1071	0.55	45	55
1072	0.55	45	55
1073	0.55	45	55
1074	0.56	44	56
1075	0.57	43	57
1076	0.58	42	58
1077	0.59	41	59
1078	0.59	41	59
1079	0.59	41	59
1080	0.59	41	59
1081	0.59	41	59
1082	0.59	41	59
1083	0.60	40	60
1084	0.60	40	60
1085	0.61	39	61
1086	0.62	38	62
1087	0.63	37	63
1088	0.64	36	64
1089	0.65	35	65
1090	0.66	34	66
1091	0.67	33	67
1092	0.67	33	67
1093	0.68	32	68
1094	0.69	31	69
1095	0.70	30	70
1096	0.71	29	71
1097	0.72	28	72
1098	0.72	28	72
1099	0.72	28	72
1100	0.72	28	72
1101	0.72	28	72
1102	0.72	28	72
1103	0.72	28	72
1104	0.72	28	72
1105	0.73	27	73
1106	0.74	26	74
1107	0.74	26	74
1108	0.74	26	74
1109	0.74	26	74
1110	0.75	25	75
1111	0.75	25	75
1112	0.75	25	75
1113	0.75	25	75
1114	0.75	25	75
1115	0.75	25	75
1116	0.74	26	74
1117	0.74	26	74
1118	0.75	25	75
1119	0.75	25	75
1120	0.75	25	75
1121	0.76	24	76
1122	0.77	23	77
1123	0.77	23	77
1124	0.77	23	77
1125	0.77	23	77
1126	0.78	22	78
1127	0.78	22	78
1128	0.78	22	78
1129	0.79	21	79
1130	0.80	20	80
1131	0.80	20	80
1132	0.81	19	81
1133	0.81	19	81
1134	0.81	19	81
1135	0.81	19	81
1136	0.81	19	81
1137	0.80	20	80
1138	0.80	20	80
1139	0.79	21	79
1140	0.80	20	80
1141	0.80	20	80
1142	0.80	20	80
1143	0.80	20	80
1144	0.80	20	80
1145	0.80	20	80
1146	0.81	19	81
1147	0.81	19	81
1148	0.81	19	81
1149	0.80	20	80
1150	0.79	21	79
1151	0.79	21	79
1152	0.79	21	79
1153	0.80	20	80
1154	0.79	21	79
1155	0.79	21	79
1156	0.80	20	80
1157	0.80	20	80
1158	0.80	20	80
1159	0.80	20	80
1160	0.80	20	80
1161	0.80	20	80
1162	0.80	20	80
1163	0.80	20	80
1164	0.79	21	79
1165	0.80	20	80
1166	0.80	20	80
1167	0.80	20	80
1168	0.80	20	80
1169	0.80	20	80
1170	0.80	20	80
1171	0.80	20	80
1172	0.80	20	80
1173	0.79	21	79
1174	0.79	21	79
1175	0.79	21	79
1176	0.79	21	79
1177	0.79	21	79
1178	0.80	20	80
1179	0.81	19	81
1180	0.80	20	80
1181	0.80	20	80
1182	0.80	20	80
1183	0.80	20	80
1184	0.81	19	81
1185	0.81	19	81
1186	0.81	19	81
1187	0.81	19	81
1188	0.80	20	80
1189	0.80	20	80
1190	0.80	20	80
1191	0.80	20	80
1192	0.81	19	81
1193	0.81	19	81
1194	0.81	19	81
1195	0.80	20	80
1196	0.80	20	80
1197	0.80	20	80
1198	0.81	19	81
1199	0.81	19	81
1200	0.81	19	81
1201	0.81	19	81
1202	0.82	18	82
1203	0.82	18	82
1204	0.82	18	82
1205	0.82	18	82
1206	0.82	18	82
1207	0.82	18	82
1208	0.83	17	83
1209	0.83	17	83
1210	0.83	17	83
1211	0.83	17	83
1212	0.83	17	83
1213	0.83	17	83
1214	0.83	17	83
1215	0.83	17	83
1216	0.84	16	84
1217	0.85	15	85
1218	0.85	15	85
1219	0.85	15	85
1220	0.85	15	85
1221	0.85	15	85
1222	0.84	16	84
1223	0.84	16	84
1224	0.83	17	83
1225	0.84	16	84
1226	0.84	16	84
1227	0.84	16	84
1228	0.84	16	84
1229	0.84	16	84
1230	0.84	16	84
1231	0.83	17	83
1232	0.83	17	83
1233	0.82	18	82
1234	0.82	18	82
1235	0.83	17	83
1236	0.83	17	83
1237	0.83	17	83
1238	0.83	17	83
1239	0.84	16	84
1240	0.84	16	84
1241	0.84	16	84
1242	0.84	16	84
1243	0.84	16	84
1244	0.84	16	84
1245	0.84	16	84
1246	0.84	16	84
1247	0.84	16	84
1248	0.84	16	84
1249	0.85	15	85
1250	0.86	14	86
1251	0.86	14	86
1252	0.86	14	86
1253	0.86	14	86
1254	0.87	13	87
1255	0.87	13	87
1256	0.86	14	86
1257	0.86	14	86
1258	0.86	14	86
1259	0.86	14	86
1260	0.85	15	85
1261	0.85	15	85
1262	0.85	15	85
1263	0.85	15	85
1264	0.86	14	86
1265	0.86	14	86
1266	0.87	13	87
1267	0.87	13	87
1268	0.87	13	87
1269	0.87	13	87
1270	0.87	13	87
1271	0.86	14	86
1272	0.86	14	86
1273	0.87	13	87
1274	0.87	13	87
1275	0.87	13	87
1276	0.87	13	87
1277	0.87	13	87
1278	0.87	13	87
1279	0.86	14	86
1280	0.87	13	87
1281	0.88	12	88
1282	0.88	12	88
1283	0.88	12	88
1284	0.88	12	88
1285	0.88	12	88
1286	0.88	12	88
1287	0.88	12	88
1288	0.89	11	89
1289	0.89	11	89
1290	0.89	11	89
1291	0.89	11	89
1292	0.89	11	89
1293	0.89	11	89
1294	0.89	11	89
1295	0.89	11	89
1296	0.89	11	89
1297	0.89	11	89
1298	0.89	11	89
1299	0.89	11	89
1300	0.88	12	88
1301	0.88	12	88
1302	0.88	12	88
1303	0.88	12	88
1304	0.88	12	88
1305	0.88	12	88
1306	0.88	12	88
1307	0.88	12	88
1308	0.87	13	87
1309	0.86	14	86
1310	0.86	14	86
1311	0.86	14	86
1312	0.86	14	86
1313	0.86	14	86
1314	0.86	14	86
1315	0.85	15	85
1316	0.84	16	84
1317	0.84	16	84
1318	0.84	16	84
1319	0.84	16	84
1320	0.84	16	84
1321	0.84	16	84
1322	0.85	15	85
1323	0.85	15	85
1324	0.86	14	86
1325	0.86	14	86
1326	0.86	14	86
1327	0.86	14	86
1328	0.86	14	86
1329	0.86	14	86
1330	0.86	14	86
1331	0.86	14	86
1332	0.86	14	86
1333	0.86	14	86
1334	0.86	14	86
1335	0.86	14	86
1336	0.86	14	86
1337	0.87	13	87
1338	0.87	13	87
1339	0.87	13	87
1340	0.87	13	87
1341	0.88	12	88
1342	0.88	12	88
1343	0.88	12	88
1344	0.88	12	88
1345	0.88	12	88
1346	0.88	12	88
1347	0.88	12	88
1348	0.88	12	88
1349	0.88	12	88
1350	0.88	12	88
1351	0.88	12	88
1352	0.87	13	87
1353	0.86	14	86
1354	0.86	14	86
1355	0.86	14	86
1356	0.86	14	86
1357	0.86	14	86
1358	0.85	15	85
1359	0.85	15	85
1360	0.86	14	86
1361	0.85	15	85
1362	0.85	15	85
1363	0.85	15	85
1364	0.85	15	85
1365	0.85	15	85
1366	0.85	15	85
1367	0.85	15	85
1368	0.85	15	85
1369	0.85	15	85
1370	0.85	15	85
1371	0.86	14	86
1372	0.85	15	85
1373	0.85	15	85
1374	0.85	15	85
1375	0.84	16	84
1376	0.84	16	84
1377	0.84	16	84
1378	0.84	16	84
1379	0.85	15	85
1380	0.84	16	84
1381	0.84	16	84
1382	0.84	16	84
1383	0.83	17	83
1384	0.83	17	83
1385	0.83	17	83
1386	0.83	17	83
1387	0.83	17	83
1388	0.83	17	83
1389	0.83	17	83
1390	0.83	17	83
1391	0.83	17	83
1392	0.83	17	83
1393	0.83	17	83
1394	0.83	17	83
1395	0.84	16	84
1396	0.84	16	84
1397	0.84	16	84
1398	0.83	17	83
1399	0.82	18	82
1400	0.83	17	83
1401	0.82	18	82
1402	0.82	18	82
1403	0.81	19	81
1404	0.81	19	81
1405	0.81	19	81
1406	0.81	19	81
1407	0.80	20	80
1408	0.81	19	81
1409	0.82	18	82
1410	0.82	18	82
1411	0.82	18	82
1412	0.82	18	82
1413	0.82	18	82
1414	0.82	18	82
1415	0.83	17	83
1416	0.84	16	84
1417	0.84	16	84
1418	0.84	16	84
1419	0.84	16	84
1420	0.84	16	84
1421	0.84	16	84
1422	0.84	16	84
1423	0.83	17	83
1424	0.82	18	82
1425	0.82	18	82
1426	0.82	18	82
1427	0.82	18	82
1428	0.82	18	82
1429	0.82	18	82
1430	0.81	19	81
1431	0.82	18	82
1432	0.82	18	82
1433	0.83	17	83
1434	0.83	17	83
1435	0.83	17	83
1436	0.83	17	83
1437	0.83	17	83
1438	0.83	17	83
1439	0.83	17	83
1440	0.82	18	82
1441	0.82	18	82
1442	0.81	19	81
1443	0.81	19	81
1444	0.81	19	81
1445	0.81	19	81
1446	0.81	19	81
1447	0.81	19	81
1448	0.81	19	81
1449	0.81	19	81
1450	0.81	19	81
1451	0.81	19	81
1452	0.82	18	82
1453	0.82	18	82
1454	0.82	18	82
1455	0.82	18	82
1456	0.83	17	83
1457	0.83	17	83
1458	0.84	16	84
1459	0.84	16	84
1460	0.84	16	84
1461	0.85	15	85
1462	0.85	15	85
1463	0.85	15	85
1464	0.85	15	85
1465	0.85	15	85
1466	0.85	15	85
1467	0.85	15	85
1468	0.85	15	85
1469	0.84	16	84
1470	0.84	16	84
1471	0.84	16	84
1472	0.85	15	85
1473	0.85	15	85
1474	0.85	15	85
1475	0.85	15	85
1476	0.85	15	85
1477	0.85	15	85
1478	0.85	15	85
1479	0.84	16	84
1480	0.85	15	85
1481	0.84	16	84
1482	0.83	17	83
1483	0.84	16	84
1484	0.83	17	83
1485	0.82	18	82
1486	0.81	19	81
1487	0.81	19	81
1488	0.81	19	81
1489	0.81	19	81
1490	0.81	19	81
1491	0.81	19	81
1492	0.81	19	81
1493	0.81	19	81
1494	0.81	19	81
1495	0.81	19	81
1496	0.81	19	81
1497	0.81	19	81
1498	0.81	19	81
1499	0.82	18	82
1500	0.82	18	82
1501	0.83	17	83
1502	0.83	17	83
1503	0.84	16	84
1504	0.84	16	84
1505	0.84	16	84
1506	0.84	16	84
1507	0.85	15	85
1508	0.85	15	85
1509	0.85	15	85
1510	0.85	15	85
1511	0.85	15	85
1512	0.85	15	85
1513	0.85	15	85
1514	0.85	15	85
1515	0.84	16	84
1516	0.84	16	84
1517	0.84	16	84
1518	0.84	16	84
1519	0.84	16	84
1520	0.84	16	84
1521	0.83	17	83
1522	0.83	17	83
1523	0.84	16	84
1524	0.85	15	85
1525	0.84	16	84
1526	0.84	16	84
1527	0.84	16	84
1528	0.84	16	84
1529	0.84	16	84
1530	0.84	16	84
1531	0.84	16	84
1532	0.84	16	84
1533	0.84	16	84
1534	0.84	16	84
1535	0.84	16	84
1536	0.84	16	84
1537	0.83	17	83
1538	0.83	17	83
1539	0.83	17	83
1540	0.84	16	84
1541	0.84	16	84
1542	0.85	15	85
1543	0.85	15	85
1544	0.85	15	85
1545	0.85	15	85
1546	0.84	16	84
1547	0.84	16	84
1548	0.84	16	84
1549	0.83	17	83
1550	0.83	17	83
1551	0.83	17	83
1552	0.82	18	82
1553	0.83	17	83
1554	0.83	17	83
1555	0.83	17	83
1556	0.83	17	83
1557	0.83	17	83
1558	0.83	17	83
1559	0.83	17	83
1560	0.83	17	83
1561	0.83	17	83
1562	0.82	18	82
1563	0.82	18	82
1564	0.82	18	82
1565	0.81	19	81
1566	0.81	19	81
1567	0.80	20	80
1568	0.80	20	80
1569	0.81	19	81
1570	0.81	19	81
1571	0.81	19	81
1572	0.81	19	81
1573	0.81	19	81
1574	0.81	19	81
1575	0.82	18	82
1576	0.82	18	82
1577	0.82	18	82
1578	0.82	18	82
1579	0.83	17	83
1580	0.83	17	83
1581	0.83	17	83
1582	0.84	16	84
1583	0.84	16	84
1584	0.85	15	85
1585	0.86	14	86
1586	0.87	13	87
1587	0.87	13	87
1588	0.87	13	87
1589	0.87	13	87
1590	0.87	13	87
1591	0.87	13	87
1592	0.87	13	87
1593	0.87	13	87
1594	0.87	13	87
1595	0.87	13	87
1596	0.87	13	87
1597	0.87	13	87
1598	0.88	12	88
1599	0.87	13	87
1600	0.87	13	87
1601	0.87	13	87
1602	0.87	13	87
1603	0.87	13	87
1604	0.87	13	87
1605	0.87	13	87
1606	0.87	13	87
1607	0.87	13	87
1608	0.87	13	87
1609	0.87	13	87
1610	0.86	14	86
1611	0.85	15	85
1612	0.85	15	85
1613	0.85	15	85
1614	0.85	15	85
1615	0.86	14	86
1616	0.86	14	86
1617	0.86	14	86
1618	0.85	15	85
1619	0.85	15	85
1620	0.85	15	85
1621	0.86	14	86
1622	0.86	14	86
1623	0.86	14	86
1624	0.86	14	86
1625	0.87	13	87
1626	0.86	14	86
1627	0.86	14	86
1628	0.86	14	86
1629	0.86	14	86
1630	0.87	13	87
1631	0.87	13	87
1632	0.87	13	87
1633	0.87	13	87
1634	0.87	13	87
1635	0.87	13	87
1636	0.87	13	87
1637	0.88	12	88
1638	0.88	12	88
1639	0.88	12	88
1640	0.87	13	87
1641	0.87	13	87
1642	0.87	13	87
1643	0.87	13	87
1644	0.87	13	87
1645	0.87	13	87
1646	0.88	12	88
1647	0.88	12	88
1648	0.88	12	88
1649	0.89	11	89
1650	0.89	11	89
1651	0.89	11	89
1652	0.90	10	90
1653	0.90	10	90
1654	0.90	10	90
1655	0.89	11	89
1656	0.89	11	89
1657	0.89	11	89
1658	0.89	11	89
1659	0.89	11	89
1660	0.88	12	88
1661	0.88	12	88
1662	0.89	11	89
1663	0.89	11	89
1664	0.89	11	89
1665	0.90	10	90
1666	0.90	10	90
1667	0.90	10	90
1668	0.90	10	90
1669	0.90	10	90
1670	0.89	11	89
1671	0.89	11	89
1672	0.89	11	89
1673	0.89	11	89
1674	0.88	12	88
1675	0.88	12	88
1676	0.88	12	88
1677	0.88	12	88
1678	0.88	12	88
1679	0.88	12	88
1680	0.88	12	88
1681	0.89	11	89
1682	0.89	11	89
1683	0.89	11	89
1684	0.89	11	89
1685	0.89	11	89
1686	0.88	12	88
1687	0.88	12	88
1688	0.88	12	88
1689	0.87	13	87
1690	0.87	13	87
1691	0.87	13	87
1692	0.87	13	87
1693	0.87	13	87
1694	0.87	13	87
1695	0.87	13	87
1696	0.87	13	87
1697	0.87	13	87
1698	0.86	14	86
1699	0.86	14	86
1700	0.86	14	86
1701	0.86	14	86
1702	0.86	14	86
1703	0.85	15	85
1704	0.85	15	85
1705	0.85	15	85
1706	0.85	15	85
1707	0.85	15	85
1708	0.85	15	85
1709	0.85	15	85
1710	0.86	14	86
1711	0.87	13	87
1712	0.87	13	87
1713	0.86	14	86
1714	0.86	14	86
1715	0.85	15	85
1716	0.85	15	85
1717	0.85	15	85
1718	0.86	14	86
1719	0.86	14	86
1720	0.86	14	86
1721	0.86	14	86
1722	0.86	14	86
1723	0.85	15	85
1724	0.85	15	85
1725	0.85	15	85
1726	0.86	14	86
1727	0.86	14	86
1728	0.86	14	86
1729	0.86	14	86
1730	0.86	14	86
1731	0.86	14	86
1732	0.86	14	86
1733	0.86	14	86
1734	0.86	14	86
1735	0.86	14	86
1736	0.86	14	86
1737	0.86	14	86
1738	0.86	14	86
1739	0.86	14	86
1740	0.87	13	87
1741	0.87	13	87
1742	0.86	14	86
1743	0.86	14	86
1744	0.85	15	85
1745	0.84	16	84
1746	0.83	17	83
1747	0.83	17	83
1748	0.83	17	83
1749	0.82	18	82
1750	0.82	18	82
1751	0.82	18	82
1752	0.82	18	82
1753	0.82	18	82
1754	0.82	18	82
1755	0.83	17	83
1756	0.83	17	83
1757	0.83	17	83
1758	0.83	17	83
1759	0.83	17	83
1760	0.84	16	84
1761	0.84	16	84
1762	0.84	16	84
1763	0.84	16	84
1764	0.84	16	84
1765	0.84	16	84
1766	0.84	16	84
1767	0.85	15	85
1768	0.85	15	85
1769	0.85	15	85
1770	0.85	15	85
1771	0.85	15	85
1772	0.84	16	84
1773	0.84	16	84
1774	0.85	15	85
1775	0.85	15	85
1776	0.85	15	85
1777	0.85	15	85
1778	0.85	15	85
1779	0.84	16	84
1780	0.84	16	84
1781	0.84	16	84
1782	0.84	16	84
1783	0.84	16	84
1784	0.84	16	84
1785	0.84	16	84
1786	0.84	16	84
1787	0.83	17	83
1788	0.83	17	83
1789	0.84	16	84
1790	0.84	16	84
1791	0.84	16	84
1792	0.84	16	84
1793	0.84	16	84
1794	0.84	16	84
1795	0.84	16	84
1796	0.83	17	83
1797	0.82	18	82
1798	0.82	18	82
1799	0.83	17	83
1800	0.83	17	83
1801	0.83	17	83
1802	0.83	17	83
1803	0.84	16	84
1804	0.83	17	83
1805	0.83	17	83
1806	0.83	17	83
1807	0.83	17	83
1808	0.82	18	82
1809	0.82	18	82
1810	0.82	18	82
1811	0.81	19	81
1812	0.81	19	81
1813	0.82	18	82
1814	0.82	18	82
1815	0.83	17	83
1816	0.83	17	83
1817	0.83	17	83
1818	0.83	17	83
1819	0.83	17	83
1820	0.82	18	82
1821	0.82	18	82
1822	0.82	18	82
1823	0.82	18	82
1824	0.82	18	82
1825	0.82	18	82
1826	0.82	18	82
1827	0.82	18	82
1828	0.82	18	82
1829	0.82	18	82
1830	0.82	18	82
1831	0.81	19	81
1832	0.81	19	81
1833	0.81	19	81
1834	0.80	20	80
1835	0.80	20	80
1836	0.80	20	80
1837	0.80	20	80
1838	0.80	20	80
1839	0.80	20	80
1840	0.80	20	80
1841	0.80	20	80
1842	0.81	19	81
1843	0.81	19	81
1844	0.81	19	81
1845	0.82	18	82
1846	0.83	17	83
1847	0.83	17	83
1848	0.83	17	83
1849	0.84	16	84
1850	0.84	16	84
1851	0.83	17	83
1852	0.82	18	82
1853	0.82	18	82
1854	0.82	18	82
1855	0.82	18	82
1856	0.82	18	82
1857	0.82	18	82
1858	0.82	18	82
1859	0.82	18	82
1860	0.81	19	81
1861	0.81	19	81
1862	0.81	19	81
1863	0.80	20	80
1864	0.80	20	80
1865	0.80	20	80
1866	0.80	20	80
1867	0.80	20	80
1868	0.80	20	80
1869	0.80	20	80
1870	0.81	19	81
1871	0.81	19	81
1872	0.82	18	82
1873	0.82	18	82
1874	0.82	18	82
1875	0.82	18	82
1876	0.82	18	82
1877	0.81	19	81
1878	0.81	19	81
1879	0.82	18	82
1880	0.82	18	82
1881	0.81	19	81
1882	0.81	19	81
1883	0.81	19	81
1884	0.81	19	81
1885	0.81	19	81
1886	0.81	19	81
1887	0.82	18	82
1888	0.82	18	82
1889	0.82	18	82
1890	0.82	18	82
1891	0.82	18	82
1892	0.82	18	82
1893	0.82	18	82
1894	0.82	18	82
1895	0.82	18	82
1896	0.83	17	83
1897	0.83	17	83
1898	0.84	16	84
1899	0.84	16	84
1900	0.84	16	84
1901	0.84	16	84
1902	0.84	16	84
1903	0.84	16	84
1904	0.85	15	85
1905	0.85	15	85
1906	0.84	16	84
1907	0.84	16	84
1908	0.85	15	85
1909	0.84	16	84
1910	0.84	16	84
1911	0.85	15	85
1912	0.84	16	84
1913	0.84	16	84
1914	0.84	16	84
1915	0.84	16	84
1916	0.84	16	84
1917	0.83	17	83
1918	0.83	17	83
1919	0.83	17	83
1920	0.84	16	84
1921	0.84	16	84
1922	0.84	16	84
1923	0.85	15	85
1924	0.85	15	85
1925	0.84	16	84
1926	0.84	16	84
1927	0.83	17	83
1928	0.82	18	82
1929	0.81	19	81
1930	0.80	20	80
1931	0.81	19	81
1932	0.81	19	81
1933	0.81	19	81
1934	0.82	18	82
1935	0.82	18	82
1936	0.82	18	82
1937	0.81	19	81
1938	0.80	20	80
1939	0.80	20	80
1940	0.80	20	80
1941	0.80	20	80
1942	0.80	20	80
1943	0.80	20	80
1944	0.80	20	80
1945	0.80	20	80
1946	0.80	20	80
1947	0.80	20	80
1948	0.80	20	80
1949	0.79	21	79
1950	0.79	21	79
1951	0.80	20	80
1952	0.81	19	81
1953	0.80	20	80
1954	0.79	21	79
1955	0.78	22	78
1956	0.78	22	78
1957	0.78	22	78
1958	0.78	22	78
1959	0.78	22	78
1960	0.79	21	79
1961	0.79	21	79
1962	0.79	21	79
1963	0.80	20	80
1964	0.79	21	79
1965	0.78	22	78
1966	0.78	22	78
1967	0.78	22	78
1968	0.77	23	77
1969	0.77	23	77
1970	0.76	24	76
1971	0.76	24	76
1972	0.75	25	75
1973	0.75	25	75
1974	0.74	26	74
1975	0.74	26	74
1976	0.74	26	74
1977	0.75	25	75
1978	0.75	25	75
1979	0.75	25	75
1980	0.75	25	75
1981	0.76	24	76
1982	0.76	24	76
1983	0.76	24	76
1984	0.75	25	75
1985	0.75	25	75
1986	0.76	24	76
1987	0.76	24	76
1988	0.76	24	76
1989	0.76	24	76
1990	0.76	24	76
1991	0.76	24	76
1992	0.76	24	76
1993	0.76	24	76
1994	0.76	24	76
1995	0.75	25	75
1996	0.75	25	75
1997	0.76	24	76
1998	0.76	24	76
1999	0.75	25	75
2000	0.26	26	74
2001	0.27	27	73
2002	0.28	28	72
2003	0.29	29	71
2004	0.29	29	71
2005	0.30	30	70
2006	0.29	29	71
2007	0.30	30	70
2008	0.31	31	69
2009	0.31	31	69
2010	0.31	31	69
2011	0.32	32	68
2012	0.31	31	69
2013	0.32	32	68
2014	0.33	33	67
2015	0.33	33	67
2016	0.33	33	67
2017	0.33	33	67
2018	0.33	33	67
2019	0.33	33	67
2020	0.34	34	66
2021	0.35	35	65
2022	0.36	36	64
2023	0.36	36	64
2024	0.37	37	63
2025	0.37	37	63
2026	0.38	38	62
2027	0.37	37	63
2028	0.37	37	63
2029	0.37	37	63
2030	0.37	37	63
2031	0.37	37	63
2032	0.37	37	63
2033	0.38	38	62
2034	0.39	39	61
2035	0.40	40	60
2036	0.41	41	59
2037	0.40	40	60
2038	0.40	40	60
2039	0.40	40	60
2040	0.40	40	60
2041	0.41	41	59
2042	0.41	41	59
2043	0.42	42	58
2044	0.42	42	58
2045	0.43	43	57
2046	0.44	44	56
2047	0.44	44	56
2048	0.45	45	55
2049	0.44	44	56
2050	0.45	45	55
2051	0.46	46	54
2052	0.47	47	53
2053	0.47	47	53
2054	0.47	47	53
2055	0.46	46	54
2056	0.46	46	54
2057	0.47	47	53
2058	0.48	48	52
2059	0.49	49	51
2060	0.50	50	50
2061	0.51	51	49
2062	0.51	51	49
2063	0.52	52	48
2064	0.52	52	48
2065	0.52	52	48
2066	0.52	52	48
2067	0.52	52	48
2068	0.52	52	48
2069	0.53	53	47
2070	0.53	53	47
2071	0.54	54	46
2072	0.53	53	47
2073	0.53	53	47
2074	0.52	52	48
2075	0.53	53	47
2076	0.54	54	46
2077	0.55	55	45
2078	0.56	56	44
2079	0.57	57	43
2080	0.58	58	42
2081	0.59	59	41
2082	0.59	59	41
2083	0.60	60	40
2084	0.60	60	40
2085	0.61	61	39
2086	0.62	62	38
2087	0.63	63	37
2088	0.63	63	37
2089	0.64	64	36
2090	0.64	64	36
2091	0.64	64	36
2092	0.65	65	35
2093	0.66	66	34
2094	0.67	67	33
2095	0.67	67	33
2096	0.68	68	32
2097	0.68	68	32
2098	0.69	69	31
2099	0.68	68	32
2100	0.68	68	32
2101	0.68	68	32
2102	0.68	68	32
2103	0.68	68	32
2104	0.69	69	31
2105	0.69	69	31
2106	0.70	70	30
2107	0.70	70	30
2108	0.70	70	30
2109	0.70	70	30
2110	0.71	71	29
2111	0.71	71	29
2112	0.71	71	29
2113	0.71	71	29
2114	0.71	71	29
2115	0.72	72	28
2116	0.73	73	27
2117	0.73	73	27
2118	0.74	74	26
2119	0.75	75	25
2120	0.75	75	25
2121	0.75	75	25
2122	0.75	75	25
2123	0.76	76	24
2124	0.75	75	25
2125	0.74	74	26
2126	0.74	74	26
2127	0.75	75	25
2128	0.75	75	25
2129	0.75	75	25
2130	0.75	75	25
2131	0.75	75	25
2132	0.76	76	24
2133	0.75	75	25
2134	0.74	74	26
2135	0.74	74	26
2136	0.74	74	26
2137	0.74	74	26
2138	0.74	74	26
2139	0.75	75	25
2140	0.76	76	24
2141	0.75	75	25
2142	0.76	76	24
2143	0.76	76	24
2144	0.76	76	24
2145	0.76	76	24
2146	0.76	76	24
2147	0.77	77	23
2148	0.77	77	23
2149	0.78	78	22
2150	0.78	78	22
2151	0.78	78	22
2152	0.77	77	23
2153	0.77	77	23
2154	0.77	77	23
2155	0.78	78	22
2156	0.78	78	22
2157	0.78	78	22
2158	0.78	78	22
2159	0.78	78	22
2160	0.78	78	22
2161	0.77	77	23
2162	0.77	77	23
2163	0.77	77	23
2164	0.77	77	23
2165	0.77	77	23
2166	0.78	78	22
2167	0.79	79	21
2168	0.79	79	21
2169	0.79	79	21
2170	0.79	79	21
2171	0.79	79	21
2172	0.80	80	20
2173	0.81	81	19
2174	0.82	82	18
2175	0.82	82	18
2176	0.82	82	18
2177	0.82	82	18
2178	0.82	82	18
2179	0.82	82	18
2180	0.82	82	18
2181	0.81	81	19
2182	0.82	82	18
2183	0.81	81	19
2184	0.81	81	19
2185	0.81	81	19
2186	0.81	81	19
2187	0.81	81	19
2188	0.82	82	18
2189	0.81	81	19
2190	0.82	82	18
2191	0.83	83	17
2192	0.82	82	18
2193	0.82	82	18
2194	0.82	82	18
2195	0.82	82	18
2196	0.81	81	19
2197	0.82	82	18
2198	0.82	82	18
2199	0.83	83	17
2200	0.83	83	17
2201	0.83	83	17
2202	0.83	83	17
2203	0.83	83	17
2204	0.83	83	17
2205	0.83	83	17
2206	0.83	83	17
2207	0.83	83	17
2208	0.83	83	17
2209	0.83	83	17
2210	0.83	83	17
2211	0.83	83	17
2212	0.84	84	16
2213	0.84	84	16
2214	0.83	83	17
2215	0.83	83	17
2216	0.83	83	17
2217	0.83	83	17
2218	0.83	83	17
2219	0.82	82	18
2220	0.81	81	19
2221	0.81	81	19
2222	0.81	81	19
2223	0.81	81	19
2224	0.82	82	18
2225	0.83	83	17
2226	0.83	83	17
2227	0.83	83	17
2228	0.82	82	18
2229	0.82	82	18
2230	0.82	82	18
2231	0.83	83	17
2232	0.82	82	18
2233	0.83	83	17
2234	0.84	84	16
2235	0.84	84	16
2236	0.84	84	16
2237	0.85	85	15
2238	0.85	85	15
2239	0.85	85	15
2240	0.85	85	15
2241	0.86	86	14
2242	0.86	86	14
2243	0.86	86	14
2244	0.86	86	14
2245	0.86	86	14
2246	0.86	86	14
2247	0.86	86	14
2248	0.86	86	14
2249	0.85	85	15
2250	0.85	85	15
2251	0.85	85	15
2252	0.86	86	14
2253	0.86	86	14
2254	0.86	86	14
2255	0.85	85	15
2256	0.86	86	14
2257	0.86	86	14
2258	0.86	86	14
2259	0.85	85	15
2260	0.85	85	15
2261	0.86	86	14
2262	0.87	87	13
2263	0.87	87	13
2264	0.87	87	13
2265	0.87	87	13
2266	0.87	87	13
2267	0.87	87	13
2268	0.87	87	13
2269	0.87	87	13
2270	0.87	87	13
2271	0.87	87	13
2272	0.87	87	13
2273	0.87	87	13
2274	0.87	87	13
2275	0.87	87	13
2276	0.87	87	13
2277	0.87	87	13
2278	0.87	87	13
2279	0.87	87	13
2280	0.87	87	13
2281	0.88	88	12
2282	0.88	88	12
2283	0.89	89	11
2284	0.88	88	12
2285	0.88	88	12
2286	0.88	88	12
2287	0.87	87	13
2288	0.87	87	13
2289	0.88	88	12
2290	0.88	88	12
2291	0.88	88	12
2292	0.89	89	11
2293	0.89	89	11
2294	0.89	89	11
2295	0.89	89	11
2296	0.90	90	10
2297	0.90	90	10
2298	0.90	90	10
2299	0.90	90	10
2300	0.90	90	10
2301	0.89	89	11
2302	0.89	89	11
2303	0.89	89	11
2304	0.89	89	11
2305	0.89	89	11
2306	0.89	89	11
2307	0.89	89	11
2308	0.89	89	11
2309	0.89	89	11
2310	0.89	89	11
2311	0.89	89	11
2312	0.89	89	11
2313	0.88	88	12
2314	0.89	89	11
2315	0.89	89	11
2316	0.89	89	11
2317	0.89	89	11
2318	0.88	88	12
2319	0.89	89	11
2320	0.90	90	10
2321	0.90	90	10
2322	0.89	89	11
2323	0.89	89	11
2324	0.89	89	11
2325	0.89	89	11
2326	0.89	89	11
2327	0.89	89	11
2328	0.90	90	10
2329	0.89	89	11
2330	0.89	89	11
2331	0.88	88	12
2332	0.89	89	11
2333	0.88	88	12
2334	0.88	88	12
2335	0.88	88	12
2336	0.88	88	12
2337	0.88	88	12
2338	0.88	88	12
2339	0.88	88	12
2340	0.88	88	12
2341	0.88	88	12
2342	0.88	88	12
2343	0.88	88	12
2344	0.88	88	12
2345	0.88	88	12
2346	0.88	88	12
2347	0.88	88	12
2348	0.87	87	13
2349	0.88	88	12
2350	0.88	88	12
2351	0.88	88	12
2352	0.88	88	12
2353	0.88	88	12
2354	0.88	88	12
2355	0.89	89	11
2356	0.89	89	11
2357	0.88	88	12
2358	0.88	88	12
2359	0.89	89	11
2360	0.89	89	11
2361	0.89	89	11
2362	0.88	88	12
2363	0.88	88	12
2364	0.88	88	12
2365	0.88	88	12
2366	0.88	88	12
2367	0.88	88	12
2368	0.88	88	12
2369	0.88	88	12
2370	0.88	88	12
2371	0.88	88	12
2372	0.88	88	12
2373	0.88	88	12
2374	0.88	88	12
2375	0.87	87	13
2376	0.87	87	13
2377	0.87	87	13
2378	0.87	87	13
2379	0.87	87	13
2380	0.87	87	13
2381	0.87	87	13
2382	0.87	87	13
2383	0.87	87	13
2384	0.87	87	13
2385	0.87	87	13
2386	0.86	86	14
2387	0.87	87	13
2388	0.87	87	13
2389	0.87	87	13
2390	0.87	87	13
2391	0.87	87	13
2392	0.87	87	13
2393	0.87	87	13
2394	0.87	87	13
2395	0.87	87	13
2396	0.87	87	13
2397	0.87	87	13
2398	0.87	87	13
2399	0.86	86	14
2400	0.85	85	15
2401	0.86	86	14
2402	0.86	86	14
2403	0.86	86	14
2404	0.86	86	14
2405	0.86	86	14
2406	0.86	86	14
2407	0.85	85	15
2408	0.85	85	15
2409	0.85	85	15
2410	0.84	84	16
2411	0.84	84	16
2412	0.84	84	16
2413	0.85	85	15
2414	0.85	85	15
2415	0.85	85	15
2416	0.85	85	15
2417	0.84	84	16
2418	0.85	85	15
2419	0.85	85	15
2420	0.85	85	15
2421	0.85	85	15
2422	0.86	86	14
2423	0.85	85	15
2424	0.85	85	15
2425	0.85	85	15
2426	0.85	85	15
2427	0.85	85	15
2428	0.85	85	15
2429	0.86	86	14
2430	0.86	86	14
2431	0.87	87	13
2432	0.87	87	13
2433	0.88	88	12
2434	0.88	88	12
2435	0.87	87	13
2436	0.87	87	13
2437	0.87	87	13
2438	0.87	87	13
2439	0.87	87	13
2440	0.87	87	13
2441	0.87	87	13
2442	0.87	87	13
2443	0.87	87	13
2444	0.87	87	13
2445	0.87	87	13
2446	0.87	87	13
2447	0.87	87	13
2448	0.88	88	12
2449	0.88	88	12
2450	0.88	88	12
2451	0.88	88	12
2452	0.88	88	12
2453	0.88	88	12
2454	0.88	88	12
2455	0.88	88	12
2456	0.88	88	12
2457	0.89	89	11
2458	0.88	88	12
2459	0.88	88	12
2460	0.88	88	12
2461	0.88	88	12
2462	0.89	89	11
2463	0.88	88	12
2464	0.88	88	12
2465	0.88	88	12
2466	0.88	88	12
2467	0.88	88	12
2468	0.88	88	12
2469	0.88	88	12
2470	0.88	88	12
2471	0.88	88	12
2472	0.88	88	12
2473	0.88	88	12
2474	0.88	88	12
2475	0.89	89	11
2476	0.89	89	11
2477	0.89	89	11
2478	0.89	89	11
2479	0.88	88	12
2480	0.88	88	12
2481	0.88	88	12
2482	0.87	87	13
2483	0.87	87	13
2484	0.88	88	12
2485	0.88	88	12
2486	0.89	89	11
2487	0.89	89	11
2488	0.89	89	11
2489	0.89	89	11
2490	0.89	89	11
2491	0.89	89	11
2492	0.89	89	11
2493	0.89	89	11
2494	0.89	89	11
2495	0.88	88	12
2496	0.88	88	12
2497	0.88	88	12
2498	0.88	88	12
2499	0.89	89	11
2500	0.90	90	10
2501	0.90	90	10
2502	0.90	90	10
2503	0.90	90	10
2504	0.90	90	10
2505	0.90	90	10
2506	0.90	90	10
2507	0.91	91	9
2508	0.91	91	9
2509	0.91	91	9
2510	0.92	92	8
2511	0.92	92	8
2512	0.92	92	8
2513	0.92	92	8
2514	0.92	92	8
2515	0.92	92	8
2516	0.91	91	9
2517	0.92	92	8
2518	0.92	92	8
2519	0.92	92	8
2520	0.92	92	8
2521	0.92	92	8
2522	0.92	92	8
2523	0.92	92	8
2524	0.92	92	8
2525	0.92	92	8
2526	0.92	92	8
2527	0.91	91	9
2528	0.91	91	9
2529	0.91	91	9
2530	0.90	90	10
2531	0.90	90	10
2532	0.90	90	10
2533	0.89	89	11
2534	0.89	89	11
2535	0.89	89	11
2536	0.89	89	11
2537	0.89	89	11
2538	0.89	89	11
2539	0.89	89	11
2540	0.89	89	11
2541	0.89	89	11
2542	0.88	88	12
2543	0.88	88	12
2544	0.88	88	12
2545	0.88	88	12
2546	0.88	88	12
2547	0.88	88	12
2548	0.88	88	12
2549	0.88	88	12
2550	0.88	88	12
2551	0.88	88	12
2552	0.88	88	12
2553	0.88	88	12
2554	0.88	88	12
2555	0.87	87	13
2556	0.87	87	13
2557	0.87	87	13
2558	0.88	88	12
2559	0.87	87	13
2560	0.87	87	13
2561	0.87	87	13
2562	0.87	87	13
2563	0.88	88	12
2564	0.87	87	13
2565	0.86	86	14
2566	0.86	86	14
2567	0.85	85	15
2568	0.85	85	15
2569	0.85	85	15
2570	0.84	84	16
2571	0.84	84	16
2572	0.84	84	16
2573	0.84	84	16
2574	0.84	84	16
2575	0.84	84	16
2576	0.84	84	16
2577	0.84	84	16
2578	0.84	84	16
2579	0.85	85	15
2580	0.85	85	15
2581	0.85	85	15
2582	0.86	86	14
2583	0.86	86	14
2584	0.86	86	14
2585	0.85	85	15
2586	0.85	85	15
2587	0.85	85	15
2588	0.85	85	15
2589	0.85	85	15
2590	0.85	85	15
2591	0.85	85	15
2592	0.85	85	15
2593	0.85	85	15
2594	0.85	85	15
2595	0.86	86	14
2596	0.86	86	14
2597	0.86	86	14
2598	0.86	86	14
2599	0.86	86	14
2600	0.86	86	14
2601	0.86	86	14
2602	0.86	86	14
2603	0.86	86	14
2604	0.85	85	15
2605	0.85	85	15
2606	0.85	85	15
2607	0.84	84	16
2608	0.84	84	16
2609	0.84	84	16
2610	0.84	84	16
2611	0.84	84	16
2612	0.83	83	17
2613	0.83	83	17
2614	0.82	82	18
2615	0.82	82	18
2616	0.83	83	17
2617	0.83	83	17
2618	0.83	83	17
2619	0.83	83	17
2620	0.82	82	18
2621	0.81	81	19
2622	0.80	80	20
2623	0.81	81	19
2624	0.81	81	19
2625	0.81	81	19
2626	0.80	80	20
2627	0.81	81	19
2628	0.81	81	19
2629	0.81	81	19
2630	0.82	82	18
2631	0.82	82	18
2632	0.81	81	19
2633	0.82	82	18
2634	0.82	82	18
2635	0.83	83	17
2636	0.83	83	17
2637	0.83	83	17
2638	0.83	83	17
2639	0.83	83	17
2640	0.83	83	17
2641	0.83	83	17
2642	0.84	84	16
2643	0.84	84	16
2644	0.84	84	16
2645	0.84	84	16
2646	0.84	84	16
2647	0.84	84	16
2648	0.84	84	16
2649	0.84	84	16
2650	0.83	83	17
2651	0.83	83	17
2652	0.83	83	17
2653	0.83	83	17
2654	0.83	83	17
2655	0.83	83	17
2656	0.83	83	17
2657	0.83	83	17
2658	0.83	83	17
2659	0.84	84	16
2660	0.84	84	16
2661	0.84	84	16
2662	0.83	83	17
2663	0.83	83	17
2664	0.84	84	16
2665	0.85	85	15
2666	0.84	84	16
2667	0.84	84	16
2668	0.84	84	16
2669	0.84	84	16
2670	0.85	85	15
2671	0.85	85	15
2672	0.85	85	15
2673	0.85	85	15
2674	0.85	85	15
2675	0.85	85	15
2676	0.85	85	15
2677	0.85	85	15
2678	0.85	85	15
2679	0.85	85	15
2680	0.85	85	15
2681	0.85	85	15
2682	0.85	85	15
2683	0.85	85	15
2684	0.85	85	15
2685	0.86	86	14
2686	0.86	86	14
2687	0.86	86	14
2688	0.86	86	14
2689	0.86	86	14
2690	0.86	86	14
2691	0.86	86	14
2692	0.86	86	14
2693	0.86	86	14
2694	0.86	86	14
2695	0.86	86	14
2696	0.86	86	14
2697	0.86	86	14
2698	0.86	86	14
2699	0.86	86	14
2700	0.86	86	14
2701	0.86	86	14
2702	0.86	86	14
2703	0.86	86	14
2704	0.87	87	13
2705	0.87	87	13
2706	0.87	87	13
2707	0.88	88	12
2708	0.88	88	12
2709	0.88	88	12
2710	0.88	88	12
2711	0.88	88	12
2712	0.89	89	11
2713	0.89	89	11
2714	0.89	89	11
2715	0.88	88	12
2716	0.88	88	12
2717	0.88	88	12
2718	0.88	88	12
2719	0.88	88	12
2720	0.89	89	11
2721	0.90	90	10
2722	0.91	91	9
2723	0.91	91	9
2724	0.90	90	10
2725	0.90	90	10
2726	0.91	91	9
2727	0.91	91	9
2728	0.91	91	9
2729	0.91	91	9
2730	0.91	91	9
2731	0.91	91	9
2732	0.92	92	8
2733	0.92	92	8
2734	0.92	92	8
2735	0.92	92	8
2736	0.92	92	8
2737	0.92	92	8
2738	0.92	92	8
2739	0.92	92	8
2740	0.92	92	8
2741	0.92	92	8
2742	0.92	92	8
2743	0.92	92	8
2744	0.92	92	8
2745	0.92	92	8
2746	0.92	92	8
2747	0.91	91	9
2748	0.91	91	9
2749	0.91	91	9
2750	0.91	91	9
2751	0.91	91	9
2752	0.91	91	9
2753	0.91	91	9
2754	0.91	91	9
2755	0.92	92	8
2756	0.92	92	8
2757	0.92	92	8
2758	0.92	92	8
2759	0.92	92	8
2760	0.92	92	8
2761	0.92	92	8
2762	0.93	93	7
2763	0.93	93	7
2764	0.92	92	8
2765	0.92	92	8
2766	0.93	93	7
2767	0.94	94	6
2768	0.94	94	6
2769	0.94	94	6
2770	0.94	94	6
2771	0.94	94	6
2772	0.94	94	6
2773	0.94	94	6
2774	0.94	94	6
2775	0.94	94	6
2776	0.94	94	6
2777	0.94	94	6
2778	0.94	94	6
2779	0.94	94	6
2780	0.94	94	6
2781	0.94	94	6
2782	0.94	94	6
2783	0.93	93	7
2784	0.93	93	7
2785	0.93	93	7
2786	0.93	93	7
2787	0.93	93	7
2788	0.92	92	8
2789	0.92	92	8
2790	0.92	92	8
2791	0.92	92	8
2792	0.92	92	8
2793	0.92	92	8
2794	0.92	92	8
2795	0.92	92	8
2796	0.92	92	8
2797	0.92	92	8
2798	0.92	92	8
2799	0.92	92	8
2800	0.92	92	8
2801	0.92	92	8
2802	0.92	92	8
2803	0.92	92	8
2804	0.92	92	8
2805	0.91	91	9
2806	0.91	91	9
2807	0.91	91	9
2808	0.91	91	9
2809	0.91	91	9
2810	0.90	90	10
2811	0.90	90	10
2812	0.90	90	10
2813	0.89	89	11
2814	0.90	90	10
2815	0.90	90	10
2816	0.89	89	11
2817	0.89	89	11
2818	0.89	89	11
2819	0.89	89	11
2820	0.89	89	11
2821	0.89	89	11
2822	0.89	89	11
2823	0.89	89	11
2824	0.90	90	10
2825	0.90	90	10
2826	0.90	90	10
2827	0.89	89	11
2828	0.89	89	11
2829	0.88	88	12
2830	0.88	88	12
2831	0.88	88	12
2832	0.88	88	12
2833	0.88	88	12
2834	0.88	88	12
2835	0.88	88	12
2836	0.88	88	12
2837	0.88	88	12
2838	0.88	88	12
2839	0.88	88	12
2840	0.88	88	12
2841	0.88	88	12
2842	0.88	88	12
2843	0.87	87	13
2844	0.87	87	13
2845	0.87	87	13
2846	0.86	86	14
2847	0.87	87	13
2848	0.87	87	13
2849	0.87	87	13
2850	0.88	88	12
2851	0.88	88	12
2852	0.87	87	13
2853	0.87	87	13
2854	0.87	87	13
2855	0.87	87	13
2856	0.87	87	13
2857	0.87	87	13
2858	0.87	87	13
2859	0.87	87	13
2860	0.87	87	13
2861	0.86	86	14
2862	0.86	86	14
2863	0.86	86	14
2864	0.87	87	13
2865	0.87	87	13
2866	0.87	87	13
2867	0.87	87	13
2868	0.87	87	13
2869	0.87	87	13
2870	0.86	86	14
2871	0.85	85	15
2872	0.85	85	15
2873	0.85	85	15
2874	0.85	85	15
2875	0.85	85	15
2876	0.85	85	15
2877	0.85	85	15
2878	0.85	85	15
2879	0.85	85	15
2880	0.85	85	15
2881	0.85	85	15
2882	0.85	85	15
2883	0.86	86	14
2884	0.86	86	14
2885	0.86	86	14
2886	0.86	86	14
2887	0.86	86	14
2888	0.87	87	13
2889	0.87	87	13
2890	0.87	87	13
2891	0.87	87	13
2892	0.87	87	13
2893	0.87	87	13
2894	0.87	87	13
2895	0.87	87	13
2896	0.87	87	13
2897	0.87	87	13
2898	0.86	86	14
2899	0.86	86	14
2900	0.86	86	14
2901	0.86	86	14
2902	0.86	86	14
2903	0.85	85	15
2904	0.84	84	16
2905	0.85	85	15
2906	0.85	85	15
2907	0.85	85	15
2908	0.85	85	15
2909	0.84	84	16
2910	0.85	85	15
2911	0.85	85	15
2912	0.85	85	15
2913	0.86	86	14
2914	0.86	86	14
2915	0.87	87	13
2916	0.88	88	12
2917	0.88	88	12
2918	0.88	88	12
2919	0.88	88	12
2920	0.88	88	12
2921	0.88	88	12
2922	0.88	88	12
2923	0.87	87	13
2924	0.87	87	13
2925	0.87	87	13
2926	0.87	87	13
2927	0.88	88	12
2928	0.88	88	12
2929	0.89	89	11
2930	0.89	89	11
2931	0.89	89	11
2932	0.88	88	12
2933	0.87	87	13
2934	0.86	86	14
2935	0.85	85	15
2936	0.85	85	15
2937	0.85	85	15
2938	0.85	85	15
2939	0.85	85	15
2940	0.85	85	15
2941	0.84	84	16
2942	0.84	84	16
2943	0.84	84	16
2944	0.84	84	16
2945	0.84	84	16
2946	0.85	85	15
2947	0.85	85	15
2948	0.85	85	15
2949	0.85	85	15
2950	0.85	85	15
2951	0.85	85	15
2952	0.86	86	14
2953	0.86	86	14
2954	0.86	86	14
2955	0.86	86	14
2956	0.86	86	14
2957	0.86	86	14
2958	0.86	86	14
2959	0.86	86	14
2960	0.86	86	14
2961	0.87	87	13
2962	0.87	87	13
2963	0.87	87	13
2964	0.87	87	13
2965	0.87	87	13
2966	0.87	87	13
2967	0.87	87	13
2968	0.87	87	13
2969	0.87	87	13
2970	0.88	88	12
2971	0.89	89	11
2972	0.89	89	11
2973	0.89	89	11
2974	0.89	89	11
2975	0.89	89	11
2976	0.89	89	11
2977	0.89	89	11
2978	0.89	89	11
2979	0.89	89	11
2980	0.89	89	11
2981	0.89	89	11
2982	0.89	89	11
2983	0.88	88	12
2984	0.87	87	13
2985	0.87	87	13
2986	0.87	87	13
2987	0.87	87	13
2988	0.87	87	13
2989	0.87	87	13
2990	0.87	87	13
2991	0.87	87	13
2992	0.87	87	13
2993	0.87	87	13
2994	0.87	87	13
2995	0.87	87	13
2996	0.87	87	13
2997	0.87	87	13
2998	0.87	87	13
2999	0.87	87	13
3000	0.13	87	13
3001	0.13	87	13
3002	0.13	87	13
3003	0.13	87	13
3004	0.12	88	12
3005	0.12	88	12
3006	0.13	87	13
3007	0.14	86	14
3008	0.15	85	15
3009	0.14	86	14
3010	0.14	86	14
3011	0.15	85	15
3012	0.16	84	16
3013	0.17	83	17
3014	0.17	83	17
3015	0.18	82	18
3016	0.19	81	19
3017	0.20	80	20
3018	0.20	80	20
3019	0.20	80	20
3020	0.21	79	21
3021	0.22	78	22
3022	0.23	77	23
3023	0.22	78	22
3024	0.22	78	22
3025	0.23	77	23
3026	0.24	76	24
3027	0.25	75	25
3028	0.26	74	26
3029	0.26	74	26
3030	0.27	73	27
3031	0.28	72	28
3032	0.28	72	28
3033	0.27	73	27
3034	0.27	73	27
3035	0.27	73	27
3036	0.28	72	28
3037	0.29	71	29
3038	0.30	70	30
3039	0.31	69	31
3040	0.31	69	31
3041	0.31	69	31
3042	0.31	69	31
3043	0.30	70	30
3044	0.31	69	31
3045	0.32	68	32
3046	0.33	67	33
3047	0.34	66	34
3048	0.35	65	35
3049	0.35	65	35
3050	0.36	64	36
3051	0.36	64	36
3052	0.37	63	37
3053	0.38	62	38
3054	0.39	61	39
3055	0.40	60	40
3056	0.40	60	40
3057	0.41	59	41
3058	0.42	58	42
3059	0.43	57	43
3060	0.44	56	44
3061	0.45	55	45
3062	0.45	55	45
3063	0.45	55	45
3064	0.46	54	46
3065	0.47	53	47
3066	0.47	53	47
3067	0.47	53	47
3068	0.48	52	48
3069	0.49	51	49
3070	0.50	50	50
3071	0.51	49	51
3072	0.52	48	52
3073	0.53	47	53
3074	0.54	46	54
3075	0.55	45	55
3076	0.56	44	56
3077	0.57	43	57
3078	0.58	42	58
3079	0.59	41	59
3080	0.60	40	60
3081	0.61	39	61
3082	0.62	38	62
3083	0.62	38	62
3084	0.62	38	62
3085	0.62	38	62
3086	0.63	37	63
3087	0.63	37	63
3088	0.63	37	63
3089	0.64	36	64
3090	0.65	35	65
3091	0.66	34	66
3092	0.67	33	67
3093	0.68	32	68
3094	0.68	32	68
3095	0.69	31	69
3096	0.70	30	70
3097	0.71	29	71
3098	0.71	29	71
3099	0.72	28	72
3100	0.73	27	73
3101	0.74	26	74
3102	0.75	25	75
3103	0.75	25	75
3104	0.76	24	76
3105	0.77	23	77
3106	0.77	23	77
3107	0.77	23	77
3108	0.77	23	77
3109	0.78	22	78
3110	0.79	21	79
3111	0.79	21	79
3112	0.79	21	79
3113	0.79	21	79
3114	0.80	20	80
3115	0.80	20	80
3116	0.80	20	80
3117	0.80	20	80
3118	0.81	19	81
3119	0.82	18	82
3120	0.82	18	82
3121	0.81	19	81
3122	0.81	19	81
3123	0.82	18	82
3124	0.82	18	82
3125	0.82	18	82
3126	0.82	18	82
3127	0.82	18	82
3128	0.82	18	82
3129	0.83	17	83
3130	0.83	17	83
3131	0.83	17	83
3132	0.82	18	82
3133	0.83	17	83
3134	0.83	17	83
3135	0.83	17	83
3136	0.82	18	82
3137	0.81	19	81
3138	0.81	19	81
3139	0.81	19	81
3140	0.82	18	82
3141	0.82	18	82
3142	0.83	17	83
3143	0.84	16	84
3144	0.84	16	84
3145	0.83	17	83
3146	0.83	17	83
3147	0.83	17	83
3148	0.83	17	83
3149	0.83	17	83
3150	0.83	17	83
3151	0.83	17	83
3152	0.83	17	83
3153	0.83	17	83
3154	0.83	17	83
3155	0.83	17	83
3156	0.84	16	84
3157	0.84	16	84
3158	0.84	16	84
3159	0.83	17	83
3160	0.83	17	83
3161	0.83	17	83
3162	0.84	16	84
3163	0.85	15	85
3164	0.85	15	85
3165	0.85	15	85
3166	0.86	14	86
3167	0.87	13	87
3168	0.87	13	87
3169	0.87	13	87
3170	0.87	13	87
3171	0.87	13	87
3172	0.87	13	87
3173	0.87	13	87
3174	0.87	13	87
3175	0.87	13	87
3176	0.86	14	86
3177	0.85	15	85
3178	0.85	15	85
3179	0.85	15	85
3180	0.84	16	84
3181	0.84	16	84
3182	0.83	17	83
3183	0.83	17	83
3184	0.83	17	83
3185	0.84	16	84
3186	0.84	16	84
3187	0.85	15	85
3188	0.85	15	85
3189	0.85	15	85
3190	0.85	15	85
3191	0.85	15	85
3192	0.85	15	85
3193	0.84	16	84
3194	0.84	16	84
3195	0.84	16	84
3196	0.84	16	84
3197	0.83	17	83
3198	0.82	18	82
3199	0.81	19	81
3200	0.81	19	81
3201	0.81	19	81
3202	0.81	19	81
3203	0.81	19	81
3204	0.81	19	81
3205	0.80	20	80
3206	0.79	21	79
3207	0.79	21	79
3208	0.79	21	79
3209	0.78	22	78
3210	0.78	22	78
3211	0.78	22	78
3212	0.78	22	78
3213	0.78	22	78
3214	0.78	22	78
3215	0.78	22	78
3216	0.77	23	77
3217	0.76	24	76
3218	0.76	24	76
3219	0.76	24	76
3220	0.76	24	76
3221	0.77	23	77
3222	0.77	23	77
3223	0.77	23	77
3224	0.78	22	78
3225	0.77	23	77
3226	0.77	23	77
3227	0.77	23	77
3228	0.76	24	76
3229	0.76	24	76
3230	0.76	24	76
3231	0.76	24	76
3232	0.76	24	76
3233	0.76	24	76
3234	0.76	24	76
3235	0.75	25	75
3236	0.76	24	76
3237	0.77	23	77
3238	0.77	23	77
3239	0.77	23	77
3240	0.77	23	77
3241	0.77	23	77
3242	0.77	23	77
3243	0.77	23	77
3244	0.76	24	76
3245	0.77	23	77
3246	0.76	24	76
3247	0.76	24	76
3248	0.76	24	76
3249	0.77	23	77
3250	0.77	23	77
3251	0.78	22	78
3252	0.78	22	78
3253	0.78	22	78
3254	0.78	22	78
3255	0.77	23	77
3256	0.77	23	77
3257	0.77	23	77
3258	0.77	23	77
3259	0.78	22	78
3260	0.78	22	78
3261	0.77	23	77
3262	0.77	23	77
3263	0.77	23	77
3264	0.77	23	77
3265	0.76	24	76
3266	0.75	25	75
3267	0.75	25	75
3268	0.74	26	74
3269	0.74	26	74
3270	0.74	26	74
3271	0.73	27	73
3272	0.73	27	73
3273	0.73	27	73
3274	0.73	27	73
3275	0.72	28	72
3276	0.73	27	73
3277	0.74	26	74
3278	0.73	27	73
3279	0.73	27	73
3280	0.74	26	74
3281	0.74	26	74
3282	0.75	25	75
3283	0.74	26	74
3284	0.74	26	74
3285	0.74	26	74
3286	0.74	26	74
3287	0.74	26	74
3288	0.75	25	75
3289	0.74	26	74
3290	0.74	26	74
3291	0.74	26	74
3292	0.73	27	73
3293	0.74	26	74
3294	0.74	26	74
3295	0.74	26	74
3296	0.73	27	73
3297	0.74	26	74
3298	0.75	25	75
3299	0.76	24	76
3300	0.76	24	76
3301	0.76	24	76
3302	0.76	24	76
3303	0.76	24	76
3304	0.76	24	76
3305	0.77	23	77
3306	0.78	22	78
3307	0.78	22	78
3308	0.78	22	78
3309	0.79	21	79
3310	0.78	22	78
3311	0.77	23	77
3312	0.77	23	77
3313	0.77	23	77
3314	0.77	23	77
3315	0.77	23	77
3316	0.78	22	78
3317	0.79	21	79
3318	0.79	21	79
3319	0.79	21	79
3320	0.79	21	79
3321	0.79	21	79
3322	0.79	21	79
3323	0.78	22	78
3324	0.78	22	78
3325	0.79	21	79
3326	0.79	21	79
3327	0.79	21	79
3328	0.80	20	80
3329	0.80	20	80
3330	0.80	20	80
3331	0.80	20	80
3332	0.81	19	81
3333	0.81	19	81
3334	0.81	19	81
3335	0.82	18	82
3336	0.82	18	82
3337	0.82	18	82
3338	0.81	19	81
3339	0.81	19	81
3340	0.81	19	81
3341	0.81	19	81
3342	0.80	20	80
3343	0.80	20	80
3344	0.80	20	80
3345	0.79	21	79
3346	0.80	20	80
3347	0.80	20	80
3348	0.80	20	80
3349	0.80	20	80
3350	0.80	20	80
3351	0.80	20	80
3352	0.80	20	80
3353	0.80	20	80
3354	0.80	20	80
3355	0.80	20	80
3356	0.80	20	80
3357	0.80	20	80
3358	0.80	20	80
3359	0.80	20	80
3360	0.80	20	80
3361	0.81	19	81
3362	0.80	20	80
3363	0.80	20	80
3364	0.80	20	80
3365	0.80	20	80
3366	0.81	19	81
3367	0.81	19	81
3368	0.82	18	82
3369	0.82	18	82
3370	0.82	18	82
3371	0.83	17	83
3372	0.83	17	83
3373	0.83	17	83
3374	0.83	17	83
3375	0.84	16	84
3376	0.84	16	84
3377	0.84	16	84
3378	0.85	15	85
3379	0.85	15	85
3380	0.84	16	84
3381	0.84	16	84
3382	0.84	16	84
3383	0.85	15	85
3384	0.85	15	85
3385	0.85	15	85
3386	0.85	15	85
3387	0.85	15	85
3388	0.85	15	85
3389	0.85	15	85
3390	0.85	15	85
3391	0.84	16	84
3392	0.85	15	85
3393	0.85	15	85
3394	0.86	14	86
3395	0.86	14	86
3396	0.87	13	87
3397	0.87	13	87
3398	0.87	13	87
3399	0.86	14	86
3400	0.85	15	85
3401	0.85	15	85
3402	0.84	16	84
3403	0.84	16	84
3404	0.84	16	84
3405	0.84	16	84
3406	0.84	16	84
3407	0.84	16	84
3408	0.84	16	84
3409	0.84	16	84
3410	0.85	15	85
3411	0.86	14	86
3412	0.86	14	86
3413	0.86	14	86
3414	0.86	14	86
3415	0.86	14	86
3416	0.86	14	86
3417	0.86	14	86
3418	0.86	14	86
3419	0.86	14	86
3420	0.86	14	86
3421	0.86	14	86
3422	0.86	14	86
3423	0.87	13	87
3424	0.87	13	87
3425	0.87	13	87
3426	0.87	13	87
3427	0.87	13	87
3428	0.87	13	87
3429	0.87	13	87
3430	0.87	13	87
3431	0.86	14	86
3432	0.86	14	86
3433	0.86	14	86
3434	0.85	15	85
3435	0.85	15	85
3436	0.85	15	85
3437	0.85	15	85
3438	0.86	14	86
3439	0.86	14	86
3440	0.86	14	86
3441	0.86	14	86
3442	0.87	13	87
3443	0.87	13	87
3444	0.88	12	88
3445	0.89	11	89
3446	0.89	11	89
3447	0.89	11	89
3448	0.89	11	89
3449	0.89	11	89
3450	0.89	11	89
3451	0.89	11	89
3452	0.89	11	89
3453	0.89	11	89
3454	0.89	11	89
3455	0.90	10	90
3456	0.90	10	90
3457	0.90	10	90
3458	0.89	11	89
3459	0.89	11	89
3460	0.89	11	89
3461	0.88	12	88
3462	0.89	11	89
3463	0.88	12	88
3464	0.88	12	88
3465	0.89	11	89
3466	0.89	11	89
3467	0.89	11	89
3468	0.89	11	89
3469	0.89	11	89
3470	0.89	11	89
3471	0.89	11	89
3472	0.88	12	88
3473	0.88	12	88
3474	0.88	12	88
3475	0.87	13	87
3476	0.87	13	87
3477	0.87	13	87
3478	0.87	13	87
3479	0.87	13	87
3480	0.88	12	88
3481	0.88	12	88
3482	0.88	12	88
3483	0.87	13	87
3484	0.86	14	86
3485	0.86	14	86
3486	0.86	14	86
3487	0.86	14	86
3488	0.86	14	86
3489	0.87	13	87
3490	0.87	13	87
3491	0.88	12	88
3492	0.88	12	88
3493	0.88	12	88
3494	0.88	12	88
3495	0.88	12	88
3496	0.88	12	88
3497	0.88	12	88
3498	0.88	12	88
3499	0.89	11	89
3500	0.90	10	90
3501	0.90	10	90
3502	0.91	9	91
3503	0.91	9	91
3504	0.91	9	91
3505	0.91	9	91
3506	0.91	9	91
3507	0.91	9	91
3508	0.91	9	91
3509	0.91	9	91
3510	0.91	9	91
3511	0.91	9	91
3512	0.91	9	91
3513	0.91	9	91
3514	0.91	9	91
3515	0.91	9	91
3516	0.91	9	91
3517	0.91	9	91
3518	0.91	9	91
3519	0.91	9	91
3520	0.91	9	91
3521	0.91	9	91
3522	0.91	9	91
3523	0.91	9	91
3524	0.91	9	91
3525	0.90	10	90
3526	0.90	10	90
3527	0.89	11	89
3528	0.89	11	89
3529	0.89	11	89
3530	0.89	11	89
3531	0.90	10	90
3532	0.90	10	90
3533	0.90	10	90
3534	0.91	9	91
3535	0.91	9	91
3536	0.91	9	91
3537	0.91	9	91
3538	0.91	9	91
3539	0.90	10	90
3540	0.90	10	90
3541	0.90	10	90
3542	0.89	11	89
3543	0.88	12	88
3544	0.88	12	88
3545	0.88	12	88
3546	0.88	12	88
3547	0.88	12	88
3548	0.88	12	88
3549	0.88	12	88
3550	0.88	12	88
3551	0.88	12	88
3552	0.88	12	88
3553	0.87	13	87
3554	0.87	13	87
3555	0.87	13	87
3556	0.87	13	87
3557	0.87	13	87
3558	0.88	12	88
3559	0.88	12	88
3560	0.87	13	87
3561	0.88	12	88
3562	0.88	12	88
3563	0.89	11	89
3564	0.89	11	89
3565	0.89	11	89
3566	0.89	11	89
3567	0.89	11	89
3568	0.89	11	89
3569	0.89	11	89
3570	0.89	11	89
3571	0.89	11	89
3572	0.90	10	90
3573	0.89	11	89
3574	0.89	11	89
3575	0.90	10	90
3576	0.89	11	89
3577	0.89	11	89
3578	0.89	11	89
3579	0.89	11	89
3580	0.89	11	89
3581	0.89	11	89
3582	0.89	11	89
3583	0.90	10	90
3584	0.90	10	90
3585	0.90	10	90
3586	0.90	10	90
3587	0.90	10	90
3588	0.90	10	90
3589	0.89	11	89
3590	0.89	11	89
3591	0.89	11	89
3592	0.89	11	89
3593	0.89	11	89
3594	0.89	11	89
3595	0.89	11	89
3596	0.89	11	89
3597	0.88	12	88
3598	0.87	13	87
3599	0.86	14	86
3600	0.85	15	85
3601	0.84	16	84
3602	0.84	16	84
3603	0.84	16	84
3604	0.83	17	83
3605	0.83	17	83
3606	0.83	17	83
3607	0.83	17	83
3608	0.83	17	83
3609	0.82	18	82
3610	0.82	18	82
3611	0.82	18	82
3612	0.82	18	82
3613	0.81	19	81
3614	0.81	19	81
3615	0.80	20	80
3616	0.80	20	80
3617	0.80	20	80
3618	0.80	20	80
3619	0.79	21	79
3620	0.79	21	79
3621	0.79	21	79
3622	0.79	21	79
3623	0.79	21	79
3624	0.79	21	79
3625	0.80	20	80
3626	0.80	20	80
3627	0.80	20	80
3628	0.80	20	80
3629	0.80	20	80
3630	0.80	20	80
3631	0.80	20	80
3632	0.80	20	80
3633	0.80	20	80
3634	0.80	20	80
3635	0.80	20	80
3636	0.80	20	80
3637	0.80	20	80
3638	0.80	20	80
3639	0.81	19	81
3640	0.81	19	81
3641	0.81	19	81
3642	0.81	19	81
3643	0.81	19	81
3644	0.81	19	81
3645	0.80	20	80
3646	0.80	20	80
3647	0.80	20	80
3648	0.79	21	79
3649	0.79	21	79
3650	0.79	21	79
3651	0.79	21	79
3652	0.79	21	79
3653	0.80	20	80
3654	0.80	20	80
3655	0.80	20	80
3656	0.80	20	80
3657	0.80	20	80
3658	0.80	20	80
3659	0.79	21	79
3660	0.80	20	80
3661	0.79	21	79
3662	0.79	21	79
3663	0.79	21	79
3664	0.78	22	78
3665	0.77	23	77
3666	0.77	23	77
3667	0.76	24	76
3668	0.76	24	76
3669	0.75	25	75
3670	0.74	26	74
3671	0.74	26	74
3672	0.74	26	74
3673	0.74	26	74
3674	0.74	26	74
3675	0.74	26	74
3676	0.75	25	75
3677	0.74	26	74
3678	0.73	27	73
3679	0.73	27	73
3680	0.73	27	73
3681	0.73	27	73
3682	0.73	27	73
3683	0.73	27	73
3684	0.74	26	74
3685	0.73	27	73
3686	0.73	27	73
3687	0.72	28	72
3688	0.72	28	72
3689	0.73	27	73
3690	0.73	27	73
3691	0.73	27	73
3692	0.72	28	72
3693	0.72	28	72
3694	0.72	28	72
3695	0.72	28	72
3696	0.72	28	72
3697	0.72	28	72
3698	0.73	27	73
3699	0.74	26	74
3700	0.75	25	75
3701	0.76	24	76
3702	0.76	24	76
3703	0.76	24	76
3704	0.77	23	77
3705	0.77	23	77
3706	0.77	23	77
3707	0.77	23	77
3708	0.77	23	77
3709	0.78	22	78
3710	0.78	22	78
3711	0.78	22	78
3712	0.78	22	78
3713	0.79	21	79
3714	0.79	21	79
3715	0.80	20	80
3716	0.80	20	80
3717	0.80	20	80
3718	0.79	21	79
3719	0.80	20	80
3720	0.80	20	80
3721	0.80	20	80
3722	0.79	21	79
3723	0.79	21	79
3724	0.79	21	79
3725	0.79	21	79
3726	0.78	22	78
3727	0.79	21	79
3728	0.78	22	78
3729	0.78	22	78
3730	0.78	22	78
3731	0.78	22	78
3732	0.78	22	78
3733	0.77	23	77
3734	0.76	24	76
3735	0.76	24	76
3736	0.75	25	75
3737	0.74	26	74
3738	0.74	26	74
3739	0.74	26	74
3740	0.74	26	74
3741	0.74	26	74
3742	0.75	25	75
3743	0.76	24	76
3744	0.76	24	76
3745	0.77	23	77
3746	0.77	23	77
3747	0.77	23	77
3748	0.78	22	78
3749	0.78	22	78
3750	0.78	22	78
3751	0.78	22	78
3752	0.78	22	78
3753	0.78	22	78
3754	0.78	22	78
3755	0.78	22	78
3756	0.78	22	78
3757	0.78	22	78
3758	0.78	22	78
3759	0.79	21	79
3760	0.79	21	79
3761	0.80	20	80
3762	0.80	20	80
3763	0.79	21	79
3764	0.80	20	80
3765	0.81	19	81
3766	0.81	19	81
3767	0.82	18	82
3768	0.82	18	82
3769	0.82	18	82
3770	0.83	17	83
3771	0.82	18	82
3772	0.82	18	82
3773	0.82	18	82
3774	0.82	18	82
3775	0.81	19	81
3776	0.81	19	81
3777	0.82	18	82
3778	0.83	17	83
3779	0.83	17	83
3780	0.83	17	83
3781	0.83	17	83
3782	0.83	17	83
3783	0.83	17	83
3784	0.82	18	82
3785	0.83	17	83
3786	0.83	17	83
3787	0.84	16	84
3788	0.84	16	84
3789	0.84	16	84
3790	0.84	16	84
3791	0.83	17	83
3792	0.84	16	84
3793	0.83	17	83
3794	0.83	17	83
3795	0.83	17	83
3796	0.83	17	83
3797	0.83	17	83
3798	0.83	17	83
3799	0.83	17	83
3800	0.83	17	83
3801	0.83	17	83
3802	0.83	17	83
3803	0.83	17	83
3804	0.83	17	83
3805	0.83	17	83
3806	0.82	18	82
3807	0.82	18	82
3808	0.81	19	81
3809	0.81	19	81
3810	0.81	19	81
3811	0.80	20	80
3812	0.80	20	80
3813	0.80	20	80
3814	0.80	20	80
3815	0.80	20	80
3816	0.80	20	80
3817	0.79	21	79
3818	0.80	20	80
3819	0.80	20	80
3820	0.80	20	80
3821	0.80	20	80
3822	0.81	19	81
3823	0.81	19	81
3824	0.81	19	81
3825	0.81	19	81
3826	0.82	18	82
3827	0.81	19	81
3828	0.82	18	82
3829	0.82	18	82
3830	0.82	18	82
3831	0.82	18	82
3832	0.82	18	82
3833	0.83	17	83
3834	0.83	17	83
3835	0.83	17	83
3836	0.84	16	84
3837	0.85	15	85
3838	0.85	15	85
3839	0.85	15	85
3840	0.85	15	85
3841	0.85	15	85
3842	0.85	15	85
3843	0.84	16	84
3844	0.84	16	84
3845	0.84	16	84
3846	0.84	16	84
3847	0.84	16	84
3848	0.83	17	83
3849	0.83	17	83
3850	0.83	17	83
3851	0.83	17	83
3852	0.82	18	82
3853	0.82	18	82
3854	0.81	19	81
3855	0.81	19	81
3856	0.81	19	81
3857	0.81	19	81
3858	0.81	19	81
3859	0.81	19	81
3860	0.81	19	81
3861	0.80	20	80
3862	0.80	20	80
3863	0.81	19	81
3864	0.81	19	81
3865	0.81	19	81
3866	0.81	19	81
3867	0.81	19	81
3868	0.81	19	81
3869	0.82	18	82
3870	0.82	18	82
3871	0.83	17	83
3872	0.83	17	83
3873	0.84	16	84
3874	0.84	16	84
3875	0.85	15	85
3876	0.85	15	85
3877	0.85	15	85
3878	0.85	15	85
3879	0.85	15	85
3880	0.85	15	85
3881	0.84	16	84
3882	0.84	16	84
3883	0.83	17	83
3884	0.83	17	83
3885	0.83	17	83
3886	0.83	17	83
3887	0.83	17	83
3888	0.82	18	82
3889	0.81	19	81
3890	0.81	19	81
3891	0.82	18	82
3892	0.82	18	82
3893	0.83	17	83
3894	0.82	18	82
3895	0.82	18	82
3896	0.82	18	82
3897	0.83	17	83
3898	0.82	18	82
3899	0.82	18	82
3900	0.81	19	81
3901	0.80	20	80
3902	0.80	20	80
3903	0.80	20	80
3904	0.80	20	80
3905	0.79	21	79
3906	0.80	20	80
3907	0.80	20	80
3908	0.81	19	81
3909	0.81	19	81
3910	0.81	19	81
3911	0.82	18	82
3912	0.82	18	82
3913	0.82	18	82
3914	0.82	18	82
3915	0.82	18	82
3916	0.82	18	82
3917	0.83	17	83
3918	0.83	17	83
3919	0.83	17	83
3920	0.83	17	83
3921	0.83	17	83
3922	0.83	17	83
3923	0.83	17	83
3924	0.83	17	83
3925	0.83	17	83
3926	0.83	17	83
3927	0.84	16	84
3928	0.84	16	84
3929	0.84	16	84
3930	0.84	16	84
3931	0.84	16	84
3932	0.84	16	84
3933	0.84	16	84
3934	0.85	15	85
3935	0.85	15	85
3936	0.85	15	85
3937	0.84	16	84
3938	0.84	16	84
3939	0.84	16	84
3940	0.83	17	83
3941	0.83	17	83
3942	0.83	17	83
3943	0.84	16	84
3944	0.84	16	84
3945	0.84	16	84
3946	0.84	16	84
3947	0.84	16	84
3948	0.85	15	85
3949	0.85	15	85
3950	0.85	15	85
3951	0.84	16	84
3952	0.85	15	85
3953	0.85	15	85
3954	0.86	14	86
3955	0.86	14	86
3956	0.86	14	86
3957	0.86	14	86
3958	0.86	14	86
3959	0.86	14	86
3960	0.86	14	86
3961	0.87	13	87
3962	0.87	13	87
3963	0.87	13	87
3964	0.87	13	87
3965	0.87	13	87
3966	0.87	13	87
3967	0.87	13	87
3968	0.87	13	87
3969	0.87	13	87
3970	0.87	13	87
3971	0.87	13	87
3972	0.87	13	87
3973	0.87	13	87
3974	0.87	13	87
3975	0.87	13	87
3976	0.87	13	87
3977	0.87	13	87
3978	0.87	13	87
3979	0.87	13	87
3980	0.87	13	87
3981	0.88	12	88
3982	0.88	12	88
3983	0.89	11	89
3984	0.90	10	90
3985	0.90	10	90
3986	0.90	10	90
3987	0.90	10	90
3988	0.91	9	91
3989	0.92	8	92
3990	0.91	9	91
3991	0.91	9	91
3992	0.90	10	90
3993	0.90	10	90
3994	0.91	9	91
3995	0.90	10	90
3996	0.90	10	90
3997	0.90	10	90
3998	0.91	9	91
3999	0.91	9	91
4000	0.08	8	92
4001	0.07	7	93
4002	0.07	7	93
4003	0.08	8	92
4004	0.09	9	91
4005	0.08	8	92
4006	0.08	8	92
4007	0.09	9	91
4008	0.10	10	90
4009	0.10	10	90
4010	0.10	10	90
4011	0.11	11	89
4012	0.12	12	88
4013	0.12	12	88
4014	0.12	12	88
4015	0.13	13	87
4016	0.14	14	86
4017	0.15	15	85
4018	0.16	16	84
4019	0.17	17	83
4020	0.18	18	82
4021	0.19	19	81
4022	0.19	19	81
4023	0.20	20	80
4024	0.21	21	79
4025	0.22	22	78
4026	0.23	23	77
4027	0.23	23	77
4028	0.24	24	76
4029	0.25	25	75
4030	0.26	26	74
4031	0.27	27	73
4032	0.28	28	72
4033	0.29	29	71
4034	0.30	30	70
4035	0.30	30	70
4036	0.31	31	69
4037	0.31	31	69
4038	0.32	32	68
4039	0.33	33	67
4040	0.33	33	67
4041	0.33	33	67
4042	0.34	34	66
4043	0.35	35	65
4044	0.35	35	65
4045	0.36	36	64
4046	0.37	37	63
4047	0.38	38	62
4048	0.39	39	61
4049	0.40	40	60
4050	0.41	41	59
4051	0.41	41	59
4052	0.42	42	58
4053	0.43	43	57
4054	0.44	44	56
4055	0.44	44	56
4056	0.44	44	56
4057	0.45	45	55
4058	0.46	46	54
4059	0.46	46	54
4060	0.47	47	53
4061	0.47	47	53
4062	0.48	48	52
4063	0.49	49	51
4064	0.50	50	50
4065	0.50	50	50
4066	0.51	51	49
4067	0.52	52	48
4068	0.53	53	47
4069	0.54	54	46
4070	0.54	54	46
4071	0.55	55	45
4072	0.56	56	44
4073	0.57	57	43
4074	0.58	58	42
4075	0.59	59	41
4076	0.60	60	40
4077	0.61	61	39
4078	0.62	62	38
4079	0.62	62	38
4080	0.63	63	37
4081	0.64	64	36
4082	0.65	65	35
4083	0.66	66	34
4084	0.67	67	33
4085	0.68	68	32
4086	0.69	69	31
4087	0.69	69	31
4088	0.70	70	30
4089	0.71	71	29
4090	0.71	71	29
4091	0.71	71	29
4092	0.70	70	30
4093	0.71	71	29
4094	0.72	72	28
4095	0.72	72	28
4096	0.73	73	27
4097	0.74	74	26
4098	0.75	75	25
4099	0.76	76	24
4100	0.77	77	23
4101	0.77	77	23
4102	0.78	78	22
4103	0.78	78	22
4104	0.78	78	22
4105	0.79	79	21
4106	0.80	80	20
4107	0.79	79	21
4108	0.79	79	21
4109	0.80	80	20
4110	0.81	81	19
4111	0.81	81	19
4112	0.81	81	19
4113	0.82	82	18
4114	0.83	83	17
4115	0.83	83	17
4116	0.83	83	17
4117	0.83	83	17
4118	0.83	83	17
4119	0.83	83	17
4120	0.83	83	17
4121	0.83	83	17
4122	0.84	84	16
4123	0.84	84	16
4124	0.84	84	16
4125	0.84	84	16
4126	0.84	84	16
4127	0.85	85	15
4128	0.85	85	15
4129	0.85	85	15
4130	0.85	85	15
4131	0.84	84	16
4132	0.83	83	17
4133	0.83	83	17
4134	0.82	82	18
4135	0.83	83	17
4136	0.83	83	17
4137	0.83	83	17
4138	0.83	83	17
4139	0.82	82	18
4140	0.81	81	19
4141	0.82	82	18
4142	0.82	82	18
4143	0.82	82	18
4144	0.83	83	17
4145	0.83	83	17
4146	0.83	83	17
4147	0.82	82	18
4148	0.81	81	19
4149	0.81	81	19
4150	0.81	81	19
4151	0.81	81	19
4152	0.80	80	20
4153	0.80	80	20
4154	0.80	80	20
4155	0.81	81	19
4156	0.81	81	19
4157	0.81	81	19
4158	0.81	81	19
4159	0.82	82	18
4160	0.82	82	18
4161	0.83	83	17
4162	0.82	82	18
4163	0.82	82	18
4164	0.82	82	18
4165	0.83	83	17
4166	0.83	83	17
4167	0.82	82	18
4168	0.81	81	19
4169	0.81	81	19
4170	0.82	82	18
4171	0.82	82	18
4172	0.82	82	18
4173	0.82	82	18
4174	0.82	82	18
4175	0.82	82	18
4176	0.82	82	18
4177	0.81	81	19
4178	0.81	81	19
4179	0.82	82	18
4180	0.82	82	18
4181	0.82	82	18
4182	0.82	82	18
4183	0.82	82	18
4184	0.82	82	18
4185	0.82	82	18
4186	0.82	82	18
4187	0.83	83	17
4188	0.83	83	17
4189	0.83	83	17
4190	0.83	83	17
4191	0.84	84	16
4192	0.85	85	15
4193	0.85	85	15
4194	0.85	85	15
4195	0.85	85	15
4196	0.85	85	15
4197	0.85	85	15
4198	0.85	85	15
4199	0.85	85	15
4200	0.84	84	16
4201	0.85	85	15
4202	0.85	85	15
4203	0.85	85	15
4204	0.85	85	15
4205	0.85	85	15
4206	0.85	85	15
4207	0.86	86	14
4208	0.86	86	14
4209	0.86	86	14
4210	0.86	86	14
4211	0.86	86	14
4212	0.86	86	14
4213	0.86	86	14
4214	0.85	85	15
4215	0.85	85	15
4216	0.85	85	15
4217	0.85	85	15
4218	0.85	85	15
4219	0.85	85	15
4220	0.85	85	15
4221	0.85	85	15
4222	0.85	85	15
4223	0.85	85	15
4224	0.85	85	15
4225	0.85	85	15
4226	0.85	85	15
4227	0.85	85	15
4228	0.85	85	15
4229	0.85	85	15
4230	0.85	85	15
4231	0.86	86	14
4232	0.87	87	13
4233	0.87	87	13
4234	0.88	88	12
4235	0.88	88	12
4236	0.88	88	12
4237	0.88	88	12
4238	0.88	88	12
4239	0.89	89	11
4240	0.89	89	11
4241	0.89	89	11
4242	0.89	89	11
4243	0.88	88	12
4244	0.88	88	12
4245	0.88	88	12
4246	0.88	88	12
4247	0.89	89	11
4248	0.90	90	10
4249	0.90	90	10
4250	0.90	90	10
4251	0.90	90	10
4252	0.91	91	9
4253	0.91	91	9
4254	0.91	91	9
4255	0.91	91	9
4256	0.92	92	8
4257	0.92	92	8
4258	0.91	91	9
4259	0.91	91	9
4260	0.90	90	10
4261	0.90	90	10
4262	0.91	91	9
4263	0.91	91	9
4264	0.90	90	10
4265	0.90	90	10
4266	0.90	90	10
4267	0.90	90	10
4268	0.91	91	9
4269	0.90	90	10
4270	0.90	90	10
4271	0.90	90	10
4272	0.90	90	10
4273	0.89	89	11
4274	0.89	89	11
4275	0.89	89	11
4276	0.89	89	11
4277	0.90	90	10
4278	0.90	90	10
4279	0.90	90	10
4280	0.90	90	10
4281	0.90	90	10
4282	0.90	90	10
4283	0.90	90	10
4284	0.90	90	10
4285	0.89	89	11
4286	0.89	89	11
4287	0.89	89	11
4288	0.89	89	11
4289	0.89	89	11
4290	0.88	88	12
4291	0.87	87	13
4292	0.87	87	13
4293	0.87	87	13
4294	0.87	87	13
4295	0.87	87	13
4296	0.87	87	13
4297	0.87	87	13
4298	0.87	87	13
4299	0.87	87	13
4300	0.88	88	12
4301	0.88	88	12
4302	0.87	87	13
4303	0.87	87	13
4304	0.87	87	13
4305	0.86	86	14
4306	0.86	86	14
4307	0.86	86	14
4308	0.86	86	14
4309	0.86	86	14
4310	0.86	86	14
4311	0.86	86	14
4312	0.86	86	14
4313	0.86	86	14
4314	0.87	87	13
4315	0.87	87	13
4316	0.87	87	13
4317	0.87	87	13
4318	0.87	87	13
4319	0.87	87	13
4320	0.87	87	13
4321	0.87	87	13
4322	0.87	87	13
4323	0.87	87	13
4324	0.87	87	13
4325	0.87	87	13
4326	0.87	87	13
4327	0.87	87	13
4328	0.87	87	13
4329	0.86	86	14
4330	0.86	86	14
4331	0.86	86	14
4332	0.86	86	14
4333	0.85	85	15
4334	0.85	85	15
4335	0.85	85	15
4336	0.85	85	15
4337	0.85	85	15
4338	0.85	85	15
4339	0.85	85	15
4340	0.86	86	14
4341	0.86	86	14
4342	0.86	86	14
4343	0.86	86	14
4344	0.86	86	14
4345	0.86	86	14
4346	0.86	86	14
4347	0.86	86	14
4348	0.86	86	14
4349	0.86	86	14
4350	0.86	86	14
4351	0.86	86	14
4352	0.86	86	14
4353	0.86	86	14
4354	0.86	86	14
4355	0.86	86	14
4356	0.86	86	14
4357	0.86	86	14
4358	0.87	87	13
4359	0.87	87	13
4360	0.88	88	12
4361	0.88	88	12
4362	0.88	88	12
4363	0.87	87	13
4364	0.88	88	12
4365	0.88	88	12
4366	0.88	88	12
4367	0.89	89	11
4368	0.89	89	11
4369	0.90	90	10
4370	0.90	90	10
4371	0.90	90	10
4372	0.89	89	11
4373	0.90	90	10
4374	0.90	90	10
4375	0.90	90	10
4376	0.90	90	10
4377	0.90	90	10
4378	0.90	90	10
4379	0.90	90	10
4380	0.90	90	10
4381	0.90	90	10
4382	0.90	90	10
4383	0.90	90	10
4384	0.90	90	10
4385	0.91	91	9
4386	0.91	91	9
4387	0.91	91	9
4388	0.91	91	9
4389	0.91	91	9
4390	0.92	92	8
4391	0.93	93	7
4392	0.93	93	7
4393	0.93	93	7
4394	0.93	93	7
4395	0.93	93	7
4396	0.93	93	7
4397	0.92	92	8
4398	0.92	92	8
4399	0.92	92	8
4400	0.92	92	8
4401	0.92	92	8
4402	0.93	93	7
4403	0.93	93	7
4404	0.93	93	7
4405	0.94	94	6
4406	0.94	94	6
4407	0.94	94	6
4408	0.94	94	6
4409	0.94	94	6
4410	0.94	94	6
4411	0.94	94	6
4412	0.94	94	6
4413	0.94	94	6
4414	0.94	94	6
4415	0.94	94	6
4416	0.93	93	7
4417	0.93	93	7
4418	0.93	93	7
4419	0.93	93	7
4420	0.93	93	7
4421	0.93	93	7
4422	0.93	93	7
4423	0.93	93	7
4424	0.93	93	7
4425	0.93	93	7
4426	0.93	93	7
4427	0.93	93	7
4428	0.93	93	7
4429	0.93	93	7
4430	0.93	93	7
4431	0.93	93	7
4432	0.93	93	7
4433	0.94	94	6
4434	0.94	94	6
4435	0.94	94	6
4436	0.94	94	6
4437	0.94	94	6
4438	0.94	94	6
4439	0.94	94	6
4440	0.94	94	6
4441	0.94	94	6
4442	0.94	94	6
4443	0.95	95	5
4444	0.95	95	5
4445	0.95	95	5
4446	0.95	95	5
4447	0.95	95	5
4448	0.95	95	5
4449	0.95	95	5
4450	0.95	95	5
4451	0.95	95	5
4452	0.95	95	5
4453	0.95	95	5
4454	0.95	95	5
4455	0.95	95	5
4456	0.95	95	5
4457	0.95	95	5
4458	0.95	95	5
4459	0.95	95	5
4460	0.94	94	6
4461	0.94	94	6
4462	0.94	94	6
4463	0.95	95	5
4464	0.94	94	6
4465	0.94	94	6
4466	0.94	94	6
4467	0.94	94	6
4468	0.93	93	7
4469	0.93	93	7
4470	0.92	92	8
4471	0.92	92	8
4472	0.92	92	8
4473	0.92	92	8
4474	0.92	92	8
4475	0.92	92	8
4476	0.92	92	8
4477	0.92	92	8
4478	0.92	92	8
4479	0.92	92	8
4480	0.92	92	8
4481	0.92	92	8
4482	0.91	91	9
4483	0.91	91	9
4484	0.90	90	10
4485	0.90	90	10
4486	0.90	90	10
4487	0.89	89	11
4488	0.89	89	11
4489	0.89	89	11
4490	0.89	89	11
4491	0.89	89	11
4492	0.88	88	12
4493	0.88	88	12
4494	0.87	87	13
4495	0.87	87	13
4496	0.87	87	13
4497	0.88	88	12
4498	0.87	87	13
4499	0.86	86	14
4500	0.86	86	14
4501	0.86	86	14
4502	0.86	86	14
4503	0.86	86	14
4504	0.86	86	14
4505	0.85	85	15
4506	0.85	85	15
4507	0.85	85	15
4508	0.84	84	16
4509	0.83	83	17
4510	0.83	83	17
4511	0.83	83	17
4512	0.83	83	17
4513	0.83	83	17
4514	0.83	83	17
4515	0.83	83	17
4516	0.84	84	16
4517	0.83	83	17
4518	0.83	83	17
4519	0.82	82	18
4520	0.81	81	19
4521	0.81	81	19
4522	0.81	81	19
4523	0.81	81	19
4524	0.81	81	19
4525	0.81	81	19
4526	0.81	81	19
4527	0.80	80	20
4528	0.79	79	21
4529	0.80	80	20
4530	0.80	80	20
4531	0.80	80	20
4532	0.80	80	20
4533	0.80	80	20
4534	0.80	80	20
4535	0.80	80	20
4536	0.80	80	20
4537	0.80	80	20
4538	0.80	80	20
4539	0.80	80	20
4540	0.80	80	20
4541	0.80	80	20
4542	0.79	79	21
4543	0.79	79	21
4544	0.79	79	21
4545	0.79	79	21
4546	0.78	78	22
4547	0.77	77	23
4548	0.77	77	23
4549	0.77	77	23
4550	0.77	77	23
4551	0.77	77	23
4552	0.76	76	24
4553	0.76	76	24
4554	0.76	76	24
4555	0.75	75	25
4556	0.75	75	25
4557	0.75	75	25
4558	0.74	74	26
4559	0.74	74	26
4560	0.75	75	25
4561	0.75	75	25
4562	0.75	75	25
4563	0.75	75	25
4564	0.76	76	24
4565	0.76	76	24
4566	0.76	76	24
4567	0.75	75	25
4568	0.76	76	24
4569	0.76	76	24
4570	0.77	77	23
4571	0.76	76	24
4572	0.77	77	23
4573	0.77	77	23
4574	0.77	77	23
4575	0.77	77	23
4576	0.77	77	23
4577	0.77	77	23
4578	0.77	77	23
4579	0.77	77	23
4580	0.77	77	23
4581	0.77	77	23
4582	0.78	78	22
4583	0.77	77	23
4584	0.78	78	22
4585	0.78	78	22
4586	0.78	78	22
4587	0.79	79	21
4588	0.79	79	21
4589	0.79	79	21
4590	0.79	79	21
4591	0.79	79	21
4592	0.80	80	20
4593	0.80	80	20
4594	0.81	81	19
4595	0.81	81	19
4596	0.81	81	19
4597	0.81	81	19
4598	0.82	82	18
4599	0.83	83	17
4600	0.82	82	18
4601	0.82	82	18
4602	0.82	82	18
4603	0.82	82	18
4604	0.82	82	18
4605	0.83	83	17
4606	0.83	83	17
4607	0.83	83	17
4608	0.84	84	16
4609	0.85	85	15
4610	0.85	85	15
4611	0.85	85	15
4612	0.85	85	15
4613	0.85	85	15
4614	0.85	85	15
4615	0.85	85	15
4616	0.85	85	15
4617	0.86	86	14
4618	0.86	86	14
4619	0.87	87	13
4620	0.88	88	12
4621	0.88	88	12
4622	0.88	88	12
4623	0.88	88	12
4624	0.88	88	12
4625	0.87	87	13
4626	0.87	87	13
4627	0.88	88	12
4628	0.89	89	11
4629	0.89	89	11
4630	0.89	89	11
4631	0.88	88	12
4632	0.88	88	12
4633	0.88	88	12
4634	0.88	88	12
4635	0.88	88	12
4636	0.88	88	12
4637	0.88	88	12
4638	0.88	88	12
4639	0.88	88	12
4640	0.88	88	12
4641	0.88	88	12
4642	0.88	88	12
4643	0.88	88	12
4644	0.88	88	12
4645	0.88	88	12
4646	0.89	89	11
4647	0.89	89	11
4648	0.89	89	11
4649	0.89	89	11
4650	0.89	89	11
4651	0.89	89	11
4652	0.90	90	10
4653	0.90	90	10
4654	0.90	90	10
4655	0.91	91	9
4656	0.91	91	9
4657	0.91	91	9
4658	0.92	92	8
4659	0.92	92	8
4660	0.92	92	8
4661	0.92	92	8
4662	0.92	92	8
4663	0.92	92	8
4664	0.92	92	8
4665	0.92	92	8
4666	0.92	92	8
4667	0.93	93	7
4668	0.93	93	7
4669	0.93	93	7
4670	0.93	93	7
4671	0.94	94	6
4672	0.94	94	6
4673	0.94	94	6
4674	0.94	94	6
4675	0.94	94	6
4676	0.94	94	6
4677	0.94	94	6
4678	0.94	94	6
4679	0.94	94	6
4680	0.94	94	6
4681	0.94	94	6
4682	0.94	94	6
4683	0.95	95	5
4684	0.95	95	5
4685	0.94	94	6
4686	0.94	94	6
4687	0.93	93	7
4688	0.93	93	7
4689	0.92	92	8
4690	0.92	92	8
4691	0.91	91	9
4692	0.91	91	9
4693	0.91	91	9
4694	0.91	91	9
4695	0.91	91	9
4696	0.91	91	9
4697	0.91	91	9
4698	0.90	90	10
4699	0.90	90	10
4700	0.91	91	9
4701	0.91	91	9
4702	0.91	91	9
4703	0.91	91	9
4704	0.91	91	9
4705	0.90	90	10
4706	0.90	90	10
4707	0.90	90	10
4708	0.90	90	10
4709	0.90	90	10
4710	0.90	90	10
4711	0.90	90	10
4712	0.90	90	10
4713	0.89	89	11
4714	0.89	89	11
4715	0.89	89	11
4716	0.88	88	12
4717	0.88	88	12
4718	0.88	88	12
4719	0.88	88	12
4720	0.88	88	12
4721	0.88	88	12
4722	0.87	87	13
4723	0.87	87	13
4724	0.86	86	14
4725	0.87	87	13
4726	0.87	87	13
4727	0.87	87	13
4728	0.87	87	13
4729	0.87	87	13
4730	0.87	87	13
4731	0.88	88	12
4732	0.87	87	13
4733	0.87	87	13
4734	0.87	87	13
4735	0.86	86	14
4736	0.86	86	14
4737	0.86	86	14
4738	0.86	86	14
4739	0.86	86	14
4740	0.86	86	14
4741	0.86	86	14
4742	0.87	87	13
4743	0.87	87	13
4744	0.87	87	13
4745	0.87	87	13
4746	0.87	87	13
4747	0.87	87	13
4748	0.86	86	14
4749	0.85	85	15
4750	0.85	85	15
4751	0.85	85	15
4752	0.85	85	15
4753	0.85	85	15
4754	0.85	85	15
4755	0.85	85	15
4756	0.85	85	15
4757	0.85	85	15
4758	0.85	85	15
4759	0.84	84	16
4760	0.84	84	16
4761	0.84	84	16
4762	0.84	84	16
4763	0.84	84	16
4764	0.84	84	16
4765	0.83	83	17
4766	0.83	83	17
4767	0.83	83	17
4768	0.83	83	17
4769	0.82	82	18
4770	0.82	82	18
4771	0.81	81	19
4772	0.81	81	19
4773	0.81	81	19
4774	0.81	81	19
4775	0.80	80	20
4776	0.79	79	21
4777	0.78	78	22
4778	0.78	78	22
4779	0.78	78	22
4780	0.78	78	22
4781	0.77	77	23
4782	0.77	77	23
4783	0.77	77	23
4784	0.77	77	23
4785	0.78	78	22
4786	0.78	78	22
4787	0.79	79	21
4788	0.79	79	21
4789	0.80	80	20
4790	0.80	80	20
4791	0.81	81	19
4792	0.81	81	19
4793	0.81	81	19
4794	0.81	81	19
4795	0.81	81	19
4796	0.81	81	19
4797	0.81	81	19
4798	0.82	82	18
4799	0.82	82	18
4800	0.82	82	18
4801	0.82	82	18
4802	0.82	82	18
4803	0.82	82	18
4804	0.82	82	18
4805	0.82	82	18
4806	0.82	82	18
4807	0.82	82	18
4808	0.82	82	18
4809	0.82	82	18
4810	0.82	82	18
4811	0.82	82	18
4812	0.82	82	18
4813	0.83	83	17
4814	0.83	83	17
4815	0.83	83	17
4816	0.84	84	16
4817	0.84	84	16
4818	0.84	84	16
4819	0.84	84	16
4820	0.84	84	16
4821	0.84	84	16
4822	0.85	85	15
4823	0.85	85	15
4824	0.86	86	14
4825	0.86	86	14
4826	0.85	85	15
4827	0.85	85	15
4828	0.85	85	15
4829	0.85	85	15
4830	0.85	85	15
4831	0.85	85	15
4832	0.86	86	14
4833	0.86	86	14
4834	0.86	86	14
4835	0.86	86	14
4836	0.86	86	14
4837	0.86	86	14
4838	0.86	86	14
4839	0.86	86	14
4840	0.85	85	15
4841	0.85	85	15
4842	0.85	85	15
4843	0.85	85	15
4844	0.84	84	16
4845	0.84	84	16
4846	0.84	84	16
4847	0.85	85	15
4848	0.86	86	14
4849	0.86	86	14
4850	0.86	86	14
4851	0.85	85	15
4852	0.85	85	15
4853	0.84	84	16
4854	0.84	84	16
4855	0.84	84	16
4856	0.84	84	16
4857	0.84	84	16
4858	0.84	84	16
4859	0.85	85	15
4860	0.85	85	15
4861	0.85	85	15
4862	0.85	85	15
4863	0.85	85	15
4864	0.85	85	15
4865	0.86	86	14
4866	0.86	86	14
4867	0.86	86	14
4868	0.85	85	15
4869	0.85	85	15
4870	0.85	85	15
4871	0.85	85	15
4872	0.85	85	15
4873	0.85	85	15
4874	0.85	85	15
4875	0.86	86	14
4876	0.87	87	13
4877	0.88	88	12
4878	0.88	88	12
4879	0.88	88	12
4880	0.88	88	12
4881	0.89	89	11
4882	0.89	89	11
4883	0.89	89	11
4884	0.89	89	11
4885	0.89	89	11
4886	0.89	89	11
4887	0.89	89	11
4888	0.89	89	11
4889	0.89	89	11
4890	0.88	88	12
4891	0.88	88	12
4892	0.88	88	12
4893	0.88	88	12
4894	0.88	88	12
4895	0.88	88	12
4896	0.88	88	12
4897	0.88	88	12
4898	0.87	87	13
4899	0.87	87	13
4900	0.87	87	13
4901	0.87	87	13
4902	0.87	87	13
4903	0.87	87	13
4904	0.86	86	14
4905	0.86	86	14
4906	0.86	86	14
4907	0.86	86	14
4908	0.85	85	15
4909	0.85	85	15
4910	0.85	85	15
4911	0.85	85	15
4912	0.85	85	15
4913	0.85	85	15
4914	0.84	84	16
4915	0.84	84	16
4916	0.84	84	16
4917	0.84	84	16
4918	0.84	84	16
4919	0.84	84	16
4920	0.84	84	16
4921	0.83	83	17
4922	0.83	83	17
4923	0.83	83	17
4924	0.83	83	17
4925	0.82	82	18
4926	0.83	83	17
4927	0.83	83	17
4928	0.83	83	17
4929	0.83	83	17
4930	0.83	83	17
4931	0.83	83	17
4932	0.83	83	17
4933	0.83	83	17
4934	0.83	83	17
4935	0.84	84	16
4936	0.84	84	16
4937	0.84	84	16
4938	0.84	84	16
4939	0.84	84	16
4940	0.85	85	15
4941	0.84	84	16
4942	0.84	84	16
4943	0.84	84	16
4944	0.84	84	16
4945	0.84	84	16
4946	0.83	83	17
4947	0.83	83	17
4948	0.83	83	17
4949	0.84	84	16
4950	0.84	84	16
4951	0.85	85	15
4952	0.85	85	15
4953	0.86	86	14
4954	0.86	86	14
4955	0.86	86	14
4956	0.86	86	14
4957	0.86	86	14
4958	0.86	86	14
4959	0.86	86	14
4960	0.86	86	14
4961	0.86	86	14
4962	0.86	86	14
4963	0.86	86	14
4964	0.85	85	15
4965	0.85	85	15
4966	0.85	85	15
4967	0.85	85	15
4968	0.85	85	15
4969	0.86	86	14
4970	0.86	86	14
4971	0.86	86	14
4972	0.86	86	14
4973	0.86	86	14
4974	0.86	86	14
4975	0.86	86	14
4976	0.85	85	15
4977	0.85	85	15
4978	0.85	85	15
4979	0.85	85	15
4980	0.85	85	15
4981	0.85	85	15
4982	0.85	85	15
4983	0.85	85	15
4984	0.85	85	15
4985	0.85	85	15
4986	0.85	85	15
4987	0.84	84	16
4988	0.84	84	16
4989	0.84	84	16
4990	0.84	84	16
4991	0.84	84	16
4992	0.84	84	16
4993	0.84	84	16
4994	0.84	84	16
4995	0.83	83	17
4996	0.83	83	17
4997	0.83	83	17
4998	0.84	84	16
4999	0.84	84	16
5000	0.17	83	17
5001	0.18	82	18
5002	0.18	82	18
5003	0.18	82	18
5004	0.18	82	18
5005	0.18	82	18
5006	0.18	82	18
5007	0.19	81	19
5008	0.18	82	18
5009	0.18	82	18
5010	0.19	81	19
5011	0.20	80	20
5012	0.21	79	21
5013	0.21	79	21
5014	0.20	80	20
5015	0.21	79	21
5016	0.21	79	21
5017	0.22	78	22
5018	0.23	77	23
5019	0.24	76	24
5020	0.25	75	25
5021	0.25	75	25
5022	0.26	74	26
5023	0.26	74	26
5024	0.27	73	27
5025	0.27	73	27
5026	0.28	72	28
5027	0.28	72	28
5028	0.28	72	28
5029	0.29	71	29
5030	0.30	70	30
5031	0.31	69	31
5032	0.32	68	32
5033	0.33	67	33
5034	0.34	66	34
5035	0.35	65	35
5036	0.36	64	36
5037	0.36	64	36
5038	0.37	63	37
5039	0.37	63	37
5040	0.38	62	38
5041	0.37	63	37
5042	0.38	62	38
5043	0.39	61	39
5044	0.38	62	38
5045	0.38	62	38
5046	0.37	63	37
5047	0.38	62	38
5048	0.38	62	38
5049	0.39	61	39
5050	0.39	61	39
5051	0.40	60	40
5052	0.40	60	40
5053	0.41	59	41
5054	0.42	58	42
5055	0.43	57	43
5056	0.44	56	44
5057	0.45	55	45
5058	0.46	54	46
5059	0.47	53	47
5060	0.47	53	47
5061	0.48	52	48
5062	0.49	51	49
5063	0.50	50	50
5064	0.50	50	50
5065	0.51	49	51
5066	0.52	48	52
5067	0.52	48	52
5068	0.52	48	52
5069	0.53	47	53
5070	0.54	46	54
5071	0.54	46	54
5072	0.55	45	55
5073	0.56	44	56
5074	0.57	43	57
5075	0.58	42	58
5076	0.58	42	58
5077	0.59	41	59
5078	0.60	40	60
5079	0.61	39	61
5080	0.62	38	62
5081	0.63	37	63
5082	0.64	36	64
5083	0.65	35	65
5084	0.65	35	65
5085	0.66	34	66
5086	0.67	33	67
5087	0.67	33	67
5088	0.68	32	68
5089	0.69	31	69
5090	0.69	31	69
5091	0.70	30	70
5092	0.70	30	70
5093	0.71	29	71
5094	0.72	28	72
5095	0.72	28	72
5096	0.73	27	73
5097	0.73	27	73
5098	0.74	26	74
5099	0.75	25	75
5100	0.74	26	74
5101	0.74	26	74
5102	0.74	26	74
5103	0.75	25	75
5104	0.75	25	75
5105	0.75	25	75
5106	0.76	24	76
5107	0.75	25	75
5108	0.76	24	76
5109	0.77	23	77
5110	0.76	24	76
5111	0.76	24	76
5112	0.75	25	75
5113	0.75	25	75
5114	0.76	24	76
5115	0.75	25	75
5116	0.76	24	76
5117	0.76	24	76
5118	0.76	24	76
5119	0.76	24	76
5120	0.76	24	76
5121	0.76	24	76
5122	0.76	24	76
5123	0.76	24	76
5124	0.76	24	76
5125	0.76	24	76
5126	0.76	24	76
5127	0.77	23	77
5128	0.78	22	78
5129	0.78	22	78
5130	0.78	22	78
5131	0.78	22	78
5132	0.78	22	78
5133	0.77	23	77
5134	0.77	23	77
5135	0.77	23	77
5136	0.77	23	77
5137	0.78	22	78
5138	0.78	22	78
5139	0.79	21	79
5140	0.79	21	79
5141	0.80	20	80
5142	0.80	20	80
5143	0.80	20	80
5144	0.81	19	81
5145	0.82	18	82
5146	0.83	17	83
5147	0.83	17	83
5148	0.84	16	84
5149	0.84	16	84
5150	0.85	15	85
5151	0.85	15	85
5152	0.86	14	86
5153	0.86	14	86
5154	0.86	14	86
5155	0.85	15	85
5156	0.85	15	85
5157	0.85	15	85
5158	0.85	15	85
5159	0.85	15	85
5160	0.85	15	85
5161	0.85	15	85
5162	0.85	15	85
5163	0.85	15	85
5164	0.85	15	85
5165	0.85	15	85
5166	0.85	15	85
5167	0.86	14	86
5168	0.85	15	85
5169	0.85	15	85
5170	0.85	15	85
5171	0.85	15	85
5172	0.84	16	84
5173	0.84	16	84
5174	0.83	17	83
5175	0.83	17	83
5176	0.83	17	83
5177	0.83	17	83
5178	0.83	17	83
5179	0.83	17	83
5180	0.83	17	83
5181	0.83	17	83
5182	0.83	17	83
5183	0.83	17	83
5184	0.83	17	83
5185	0.83	17	83
5186	0.83	17	83
5187	0.83	17	83
5188	0.82	18	82
5189	0.82	18	82
5190	0.82	18	82
5191	0.82	18	82
5192	0.83	17	83
5193	0.83	17	83
5194	0.83	17	83
5195	0.83	17	83
5196	0.83	17	83
5197	0.83	17	83
5198	0.83	17	83
5199	0.83	17	83
5200	0.84	16	84
5201	0.84	16	84
5202	0.84	16	84
5203	0.84	16	84
5204	0.84	16	84
5205	0.83	17	83
5206	0.83	17	83
5207	0.84	16	84
5208	0.84	16	84
5209	0.84	16	84
5210	0.85	15	85
5211	0.85	15	85
5212	0.85	15	85
5213	0.86	14	86
5214	0.86	14	86
5215	0.87	13	87
5216	0.87	13	87
5217	0.87	13	87
5218	0.87	13	87
5219	0.87	13	87
5220	0.87	13	87
5221	0.86	14	86
5222	0.86	14	86
5223	0.87	13	87
5224	0.86	14	86
5225	0.86	14	86
5226	0.86	14	86
5227	0.86	14	86
5228	0.86	14	86
5229	0.86	14	86
5230	0.86	14	86
5231	0.86	14	86
5232	0.86	14	86
5233	0.87	13	87
5234	0.86	14	86
5235	0.86	14	86
5236	0.85	15	85
5237	0.85	15	85
5238	0.85	15	85
5239	0.84	16	84
5240	0.83	17	83
5241	0.83	17	83
5242	0.83	17	83
5243	0.82	18	82
5244	0.82	18	82
5245	0.82	18	82
5246	0.82	18	82
5247	0.82	18	82
5248	0.82	18	82
5249	0.82	18	82
5250	0.82	18	82
5251	0.82	18	82
5252	0.82	18	82
5253	0.82	18	82
5254	0.82	18	82
5255	0.83	17	83
5256	0.82	18	82
5257	0.82	18	82
5258	0.82	18	82
5259	0.82	18	82
5260	0.83	17	83
5261	0.83	17	83
5262	0.83	17	83
5263	0.83	17	83
5264	0.83	17	83
5265	0.82	18	82
5266	0.82	18	82
5267	0.82	18	82
5268	0.82	18	82
5269	0.81	19	81
5270	0.81	19	81
5271	0.81	19	81
5272	0.81	19	81
5273	0.81	19	81
5274	0.82	18	82
5275	0.82	18	82
5276	0.82	18	82
5277	0.82	18	82
5278	0.81	19	81
5279	0.80	20	80
5280	0.79	21	79
5281	0.78	22	78
5282	0.78	22	78
5283	0.78	22	78
5284	0.79	21	79
5285	0.78	22	78
5286	0.78	22	78
5287	0.78	22	78
5288	0.79	21	79
5289	0.79	21	79
5290	0.79	21	79
5291	0.79	21	79
5292	0.78	22	78
5293	0.78	22	78
5294	0.78	22	78
5295	0.78	22	78
5296	0.78	22	78
5297	0.79	21	79
5298	0.79	21	79
5299	0.79	21	79
5300	0.79	21	79
5301	0.79	21	79
5302	0.80	20	80
5303	0.79	21	79
5304	0.79	21	79
5305	0.79	21	79
5306	0.78	22	78
5307	0.78	22	78
5308	0.78	22	78
5309	0.78	22	78
5310	0.78	22	78
5311	0.78	22	78
5312	0.78	22	78
5313	0.78	22	78
5314	0.78	22	78
5315	0.77	23	77
5316	0.77	23	77
5317	0.77	23	77
5318	0.77	23	77
5319	0.77	23	77
5320	0.76	24	76
5321	0.77	23	77
5322	0.77	23	77
5323	0.77	23	77
5324	0.77	23	77
5325	0.76	24	76
5326	0.76	24	76
5327	0.75	25	75
5328	0.75	25	75
5329	0.75	25	75
5330	0.75	25	75
5331	0.75	25	75
5332	0.75	25	75
5333	0.74	26	74
5334	0.75	25	75
5335	0.75	25	75
5336	0.76	24	76
5337	0.75	25	75
5338	0.75	25	75
5339	0.76	24	76
5340	0.77	23	77
5341	0.77	23	77
5342	0.76	24	76
5343	0.77	23	77
5344	0.77	23	77
5345	0.77	23	77
5346	0.77	23	77
5347	0.76	24	76
5348	0.76	24	76
5349	0.75	25	75
5350	0.75	25	75
5351	0.74	26	74
5352	0.73	27	73
5353	0.73	27	73
5354	0.72	28	72
5355	0.72	28	72
5356	0.73	27	73
5357	0.73	27	73
5358	0.73	27	73
5359	0.72	28	72
5360	0.72	28	72
5361	0.72	28	72
5362	0.72	28	72
5363	0.71	29	71
5364	0.71	29	71
5365	0.72	28	72
5366	0.72	28	72
5367	0.72	28	72
5368	0.72	28	72
5369	0.73	27	73
5370	0.73	27	73
5371	0.72	28	72
5372	0.73	27	73
5373	0.73	27	73
5374	0.73	27	73
5375	0.72	28	72
5376	0.71	29	71
5377	0.71	29	71
5378	0.72	28	72
5379	0.73	27	73
5380	0.73	27	73
5381	0.74	26	74
5382	0.74	26	74
5383	0.73	27	73
5384	0.73	27	73
5385	0.73	27	73
5386	0.73	27	73
5387	0.73	27	73
5388	0.73	27	73
5389	0.73	27	73
5390	0.73	27	73
5391	0.72	28	72
5392	0.72	28	72
5393	0.72	28	72
5394	0.72	28	72
5395	0.72	28	72
5396	0.72	28	72
5397	0.72	28	72
5398	0.72	28	72
5399	0.72	28	72
5400	0.72	28	72
5401	0.72	28	72
5402	0.72	28	72
5403	0.72	28	72
5404	0.72	28	72
5405	0.72	28	72
5406	0.73	27	73
5407	0.73	27	73
5408	0.72	28	72
5409	0.72	28	72
5410	0.72	28	72
5411	0.72	28	72
5412	0.73	27	73
5413	0.73	27	73
5414	0.72	28	72
5415	0.73	27	73
5416	0.73	27	73
5417	0.73	27	73
5418	0.72	28	72
5419	0.72	28	72
5420	0.72	28	72
5421	0.72	28	72
5422	0.72	28	72
5423	0.71	29	71
5424	0.72	28	72
5425	0.73	27	73
5426	0.72	28	72
5427	0.73	27	73
5428	0.73	27	73
5429	0.73	27	73
5430	0.72	28	72
5431	0.72	28	72
5432	0.72	28	72
5433	0.73	27	73
5434	0.73	27	73
5435	0.73	27	73
5436	0.73	27	73
5437	0.73	27	73
5438	0.73	27	73
5439	0.73	27	73
5440	0.73	27	73
5441	0.72	28	72
5442	0.73	27	73
5443	0.73	27	73
5444	0.73	27	73
5445	0.72	28	72
5446	0.72	28	72
5447	0.73	27	73
5448	0.73	27	73
5449	0.74	26	74
5450	0.73	27	73
5451	0.74	26	74
5452	0.75	25	75
5453	0.74	26	74
5454	0.75	25	75
5455	0.75	25	75
5456	0.75	25	75
5457	0.75	25	75
5458	0.75	25	75
5459	0.76	24	76
5460	0.76	24	76
5461	0.76	24	76
5462	0.75	25	75
5463	0.76	24	76
5464	0.76	24	76
5465	0.76	24	76
5466	0.76	24	76
5467	0.76	24	76
5468	0.77	23	77
5469	0.77	23	77
5470	0.76	24	76
5471	0.77	23	77
5472	0.77	23	77
5473	0.76	24	76
5474	0.76	24	76
5475	0.76	24	76
5476	0.77	23	77
5477	0.77	23	77
5478	0.77	23	77
5479	0.77	23	77
5480	0.78	22	78
5481	0.78	22	78
5482	0.77	23	77
5483	0.78	22	78
5484	0.78	22	78
5485	0.79	21	79
5486	0.79	21	79
5487	0.79	21	79
5488	0.79	21	79
5489	0.79	21	79
5490	0.79	21	79
5491	0.80	20	80
5492	0.81	19	81
5493	0.81	19	81
5494	0.81	19	81
5495	0.81	19	81
5496	0.81	19	81
5497	0.81	19	81
5498	0.81	19	81
5499	0.81	19	81
5500	0.81	19	81
5501	0.81	19	81
5502	0.80	20	80
5503	0.80	20	80
5504	0.80	20	80
5505	0.81	19	81
5506	0.81	19	81
5507	0.81	19	81
5508	0.82	18	82
5509	0.82	18	82
5510	0.82	18	82
5511	0.82	18	82
5512	0.82	18	82
5513	0.81	19	81
5514	0.82	18	82
5515	0.82	18	82
5516	0.82	18	82
5517	0.82	18	82
5518	0.83	17	83
5519	0.83	17	83
5520	0.84	16	84
5521	0.84	16	84
5522	0.84	16	84
5523	0.85	15	85
5524	0.85	15	85
5525	0.85	15	85
5526	0.86	14	86
5527	0.86	14	86
5528	0.86	14	86
5529	0.86	14	86
5530	0.87	13	87
5531	0.87	13	87
5532	0.87	13	87
5533	0.87	13	87
5534	0.87	13	87
5535	0.87	13	87
5536	0.87	13	87
5537	0.88	12	88
5538	0.88	12	88
5539	0.87	13	87
5540	0.86	14	86
5541	0.86	14	86
5542	0.86	14	86
5543	0.86	14	86
5544	0.86	14	86
5545	0.87	13	87
5546	0.87	13	87
5547	0.87	13	87
5548	0.87	13	87
5549	0.87	13	87
5550	0.88	12	88
5551	0.88	12	88
5552	0.87	13	87
5553	0.88	12	88
5554	0.88	12	88
5555	0.88	12	88
5556	0.88	12	88
5557	0.87	13	87
5558	0.87	13	87
5559	0.87	13	87
5560	0.87	13	87
5561	0.87	13	87
5562	0.88	12	88
5563	0.88	12	88
5564	0.88	12	88
5565	0.88	12	88
5566	0.88	12	88
5567	0.88	12	88
5568	0.88	12	88
5569	0.88	12	88
5570	0.89	11	89
5571	0.89	11	89
5572	0.89	11	89
5573	0.89	11	89
5574	0.88	12	88
5575	0.89	11	89
5576	0.89	11	89
5577	0.89	11	89
5578	0.89	11	89
5579	0.89	11	89
5580	0.89	11	89
5581	0.89	11	89
5582	0.90	10	90
5583	0.90	10	90
5584	0.90	10	90
5585	0.90	10	90
5586	0.90	10	90
5587	0.90	10	90
5588	0.90	10	90
5589	0.90	10	90
5590	0.90	10	90
5591	0.89	11	89
5592	0.89	11	89
5593	0.89	11	89
5594	0.89	11	89
5595	0.89	11	89
5596	0.89	11	89
5597	0.89	11	89
5598	0.89	11	89
5599	0.89	11	89
5600	0.89	11	89
5601	0.89	11	89
5602	0.90	10	90
5603	0.91	9	91
5604	0.90	10	90
5605	0.90	10	90
5606	0.89	11	89
5607	0.89	11	89
5608	0.89	11	89
5609	0.89	11	89
5610	0.89	11	89
5611	0.88	12	88
5612	0.88	12	88
5613	0.89	11	89
5614	0.89	11	89
5615	0.89	11	89
5616	0.89	11	89
5617	0.88	12	88
5618	0.88	12	88
5619	0.88	12	88
5620	0.87	13	87
5621	0.86	14	86
5622	0.86	14	86
5623	0.86	14	86
5624	0.86	14	86
5625	0.86	14	86
5626	0.85	15	85
5627	0.84	16	84
5628	0.84	16	84
5629	0.84	16	84
5630	0.83	17	83
5631	0.83	17	83
5632	0.83	17	83
5633	0.83	17	83
5634	0.83	17	83
5635	0.83	17	83
5636	0.83	17	83
5637	0.82	18	82
5638	0.82	18	82
5639	0.83	17	83
5640	0.84	16	84
5641	0.85	15	85
5642	0.85	15	85
5643	0.85	15	85
5644	0.85	15	85
5645	0.85	15	85
5646	0.85	15	85
5647	0.85	15	85
5648	0.85	15	85
5649	0.84	16	84
5650	0.84	16	84
5651	0.84	16	84
5652	0.85	15	85
5653	0.85	15	85
5654	0.85	15	85
5655	0.85	15	85
5656	0.85	15	85
5657	0.85	15	85
5658	0.85	15	85
5659	0.85	15	85
5660	0.85	15	85
5661	0.85	15	85
5662	0.85	15	85
5663	0.85	15	85
5664	0.84	16	84
5665	0.84	16	84
5666	0.84	16	84
5667	0.84	16	84
5668	0.84	16	84
5669	0.84	16	84
5670	0.84	16	84
5671	0.84	16	84
5672	0.84	16	84
5673	0.85	15	85
5674	0.86	14	86
5675	0.86	14	86
5676	0.86	14	86
5677	0.86	14	86
5678	0.86	14	86
5679	0.86	14	86
5680	0.86	14	86
5681	0.86	14	86
5682	0.86	14	86
5683	0.86	14	86
5684	0.86	14	86
5685	0.85	15	85
5686	0.85	15	85
5687	0.85	15	85
5688	0.85	15	85
5689	0.85	15	85
5690	0.85	15	85
5691	0.86	14	86
5692	0.86	14	86
5693	0.85	15	85
5694	0.85	15	85
5695	0.85	15	85
5696	0.85	15	85
5697	0.85	15	85
5698	0.85	15	85
5699	0.85	15	85
5700	0.85	15	85
5701	0.85	15	85
5702	0.84	16	84
5703	0.84	16	84
5704	0.85	15	85
5705	0.85	15	85
5706	0.86	14	86
5707	0.86	14	86
5708	0.86	14	86
5709	0.85	15	85
5710	0.85	15	85
5711	0.86	14	86
5712	0.86	14	86
5713	0.86	14	86
5714	0.86	14	86
5715	0.86	14	86
5716	0.86	14	86
5717	0.87	13	87
5718	0.86	14	86
5719	0.86	14	86
5720	0.87	13	87
5721	0.88	12	88
5722	0.87	13	87
5723	0.87	13	87
5724	0.87	13	87
5725	0.87	13	87
5726	0.88	12	88
5727	0.89	11	89
5728	0.89	11	89
5729	0.89	11	89
5730	0.90	10	90
5731	0.90	10	90
5732	0.90	10	90
5733	0.90	10	90
5734	0.90	10	90
5735	0.90	10	90
5736	0.90	10	90
5737	0.91	9	91
5738	0.91	9	91
5739	0.91	9	91
5740	0.91	9	91
5741	0.91	9	91
5742	0.91	9	91
5743	0.91	9	91
5744	0.91	9	91
5745	0.91	9	91
5746	0.91	9	91
5747	0.91	9	91
5748	0.91	9	91
5749	0.92	8	92
5750	0.92	8	92
5751	0.92	8	92
5752	0.92	8	92
5753	0.92	8	92
5754	0.92	8	92
5755	0.92	8	92
5756	0.92	8	92
5757	0.93	7	93
5758	0.93	7	93
5759	0.93	7	93
5760	0.93	7	93
5761	0.93	7	93
5762	0.93	7	93
5763	0.92	8	92
5764	0.93	7	93
5765	0.93	7	93
5766	0.93	7	93
5767	0.93	7	93
5768	0.92	8	92
5769	0.92	8	92
5770	0.92	8	92
5771	0.92	8	92
5772	0.92	8	92
5773	0.92	8	92
5774	0.92	8	92
5775	0.92	8	92
5776	0.92	8	92
5777	0.92	8	92
5778	0.92	8	92
5779	0.92	8	92
5780	0.92	8	92
5781	0.92	8	92
5782	0.91	9	91
5783	0.90	10	90
5784	0.90	10	90
5785	0.91	9	91
5786	0.91	9	91
5787	0.91	9	91
5788	0.91	9	91
5789	0.91	9	91
5790	0.91	9	91
5791	0.91	9	91
5792	0.91	9	91
5793	0.91	9	91
5794	0.91	9	91
5795	0.91	9	91
5796	0.91	9	91
5797	0.91	9	91
5798	0.91	9	91
5799	0.90	10	90
5800	0.90	10	90
5801	0.90	10	90
5802	0.91	9	91
5803	0.91	9	91
5804	0.91	9	91
5805	0.91	9	91
5806	0.91	9	91
5807	0.91	9	91
5808	0.91	9	91
5809	0.92	8	92
5810	0.92	8	92
5811	0.92	8	92
5812	0.91	9	91
5813	0.91	9	91
5814	0.91	9	91
5815	0.91	9	91
5816	0.90	10	90
5817	0.90	10	90
5818	0.91	9	91
5819	0.91	9	91
5820	0.91	9	91
5821	0.91	9	91
5822	0.92	8	92
5823	0.92	8	92
5824	0.92	8	92
5825	0.92	8	92
5826	0.92	8	92
5827	0.91	9	91
5828	0.91	9	91
5829	0.91	9	91
5830	0.90	10	90
5831	0.90	10	90
5832	0.90	10	90
5833	0.90	10	90
5834	0.90	10	90
5835	0.90	10	90
5836	0.90	10	90
5837	0.90	10	90
5838	0.90	10	90
5839	0.89	11	89
5840	0.89	11	89
5841	0.89	11	89
5842	0.88	12	88
5843	0.88	12	88
5844	0.88	12	88
5845	0.88	12	88
5846	0.87	13	87
5847	0.86	14	86
5848	0.86	14	86
5849	0.86	14	86
5850	0.86	14	86
5851	0.86	14	86
5852	0.86	14	86
5853	0.86	14	86
5854	0.86	14	86
5855	0.86	14	86
5856	0.86	14	86
5857	0.86	14	86
5858	0.86	14	86
5859	0.85	15	85
5860	0.84	16	84
5861	0.84	16	84
5862	0.84	16	84
5863	0.85	15	85
5864	0.85	15	85
5865	0.85	15	85
5866	0.85	15	85
5867	0.85	15	85
5868	0.86	14	86
5869	0.86	14	86
5870	0.86	14	86
5871	0.86	14	86
5872	0.86	14	86
5873	0.86	14	86
5874	0.86	14	86
5875	0.85	15	85
5876	0.85	15	85
5877	0.85	15	85
5878	0.85	15	85
5879	0.85	15	85
5880	0.85	15	85
5881	0.85	15	85
5882	0.85	15	85
5883	0.86	14	86
5884	0.86	14	86
5885	0.86	14	86
5886	0.86	14	86
5887	0.86	14	86
5888	0.86	14	86
5889	0.86	14	86
5890	0.86	14	86
5891	0.86	14	86
5892	0.86	14	86
5893	0.87	13	87
5894	0.87	13	87
5895	0.87	13	87
5896	0.87	13	87
5897	0.87	13	87
5898	0.87	13	87
5899	0.88	12	88
5900	0.88	12	88
5901	0.88	12	88
5902	0.88	12	88
5903	0.88	12	88
5904	0.88	12	88
5905	0.88	12	88
5906	0.88	12	88
5907	0.88	12	88
5908	0.88	12	88
5909	0.88	12	88
5910	0.87	13	87
5911	0.87	13	87
5912	0.87	13	87
5913	0.86	14	86
5914	0.86	14	86
5915	0.86	14	86
5916	0.87	13	87
5917	0.87	13	87
5918	0.87	13	87
5919	0.87	13	87
5920	0.87	13	87
5921	0.87	13	87
5922	0.86	14	86
5923	0.85	15	85
5924	0.85	15	85
5925	0.85	15	85
5926	0.85	15	85
5927	0.86	14	86
5928	0.86	14	86
5929	0.86	14	86
5930	0.87	13	87
5931	0.87	13	87
5932	0.87	13	87
5933	0.87	13	87
5934	0.87	13	87
5935	0.87	13	87
5936	0.86	14	86
5937	0.86	14	86
5938	0.86	14	86
5939	0.87	13	87
5940	0.86	14	86
5941	0.86	14	86
5942	0.86	14	86
5943	0.86	14	86
5944	0.86	14	86
5945	0.86	14	86
5946	0.86	14	86
5947	0.87	13	87
5948	0.87	13	87
5949	0.87	13	87
5950	0.86	14	86
5951	0.86	14	86
5952	0.86	14	86
5953	0.86	14	86
5954	0.86	14	86
5955	0.86	14	86
5956	0.86	14	86
5957	0.86	14	86
5958	0.86	14	86
5959	0.87	13	87
5960	0.88	12	88
5961	0.88	12	88
5962	0.88	12	88
5963	0.87	13	87
5964	0.87	13	87
5965	0.86	14	86
5966	0.86	14	86
5967	0.86	14	86
5968	0.86	14	86
5969	0.86	14	86
5970	0.86	14	86
5971	0.86	14	86
5972	0.86	14	86
5973	0.86	14	86
5974	0.86	14	86
5975	0.87	13	87
5976	0.87	13	87
5977	0.87	13	87
5978	0.87	13	87
5979	0.87	13	87
5980	0.87	13	87
5981	0.87	13	87
5982	0.88	12	88
5983	0.88	12	88
5984	0.88	12	88
5985	0.88	12	88
5986	0.88	12	88
5987	0.88	12	88
5988	0.88	12	88
5989	0.88	12	88
5990	0.88	12	88
5991	0.88	12	88
5992	0.87	13	87
5993	0.86	14	86
5994	0.86	14	86
5995	0.86	14	86
5996	0.86	14	86
5997	0.86	14	86
5998	0.86	14	86
5999	0.86	14	86
