timestep	swarm_quality	color_0	color_1
0	0.70	70	30
1	0.70	70	30
2	0.69	69	31
3	0.69	69	31
4	0.69	69	31
5	0.68	68	32
6	0.67	67	33
7	0.66	66	34
8	0.66	66	34
9	0.65	65	35
10	0.64	64	36
11	0.64	64	36
12	0.64	64	36
13	0.64	64	36
14	0.64	64	36
15	0.63	63	37
16	0.63	63	37
17	0.63	63	37
18	0.63	63	37
19	0.62	62	38
20	0.61	61	39
21	0.61	61	39
22	0.61	61	39
23	0.60	60	40
24	0.59	59	41
25	0.58	58	42
26	0.58	58	42
27	0.58	58	42
28	0.58	58	42
29	0.58	58	42
30	0.58	58	42
31	0.57	57	43
32	0.56	56	44
33	0.56	56	44
34	0.56	56	44
35	0.55	55	45
36	0.54	54	46
37	0.54	54	46
38	0.54	54	46
39	0.53	53	47
40	0.52	52	48
41	0.52	52	48
42	0.52	52	48
43	0.52	52	48
44	0.52	52	48
45	0.51	51	49
46	0.51	51	49
47	0.51	51	49
48	0.50	50	50
49	0.50	50	50
50	0.50	50	50
51	0.50	50	50
52	0.50	50	50
53	0.50	50	50
54	0.50	50	50
55	0.50	50	50
56	0.49	49	51
57	0.48	48	52
58	0.48	48	52
59	0.48	48	52
60	0.48	48	52
61	0.48	48	52
62	0.48	48	52
63	0.48	48	52
64	0.48	48	52
65	0.48	48	52
66	0.47	47	53
67	0.47	47	53
68	0.46	46	54
69	0.46	46	54
70	0.47	47	53
71	0.48	48	52
72	0.49	49	51
73	0.50	50	50
74	0.51	51	49
75	0.52	52	48
76	0.53	53	47
77	0.53	53	47
78	0.54	54	46
79	0.55	55	45
80	0.56	56	44
81	0.57	57	43
82	0.58	58	42
83	0.59	59	41
84	0.60	60	40
85	0.61	61	39
86	0.62	62	38
87	0.62	62	38
88	0.62	62	38
89	0.63	63	37
90	0.64	64	36
91	0.65	65	35
92	0.66	66	34
93	0.66	66	34
94	0.67	67	33
95	0.68	68	32
96	0.69	69	31
97	0.70	70	30
98	0.71	71	29
99	0.71	71	29
100	0.70	70	30
101	0.70	70	30
102	0.71	71	29
103	0.71	71	29
104	0.71	71	29
105	0.72	72	28
106	0.73	73	27
107	0.74	74	26
108	0.73	73	27
109	0.74	74	26
110	0.74	74	26
111	0.74	74	26
112	0.73	73	27
113	0.73	73	27
114	0.73	73	27
115	0.74	74	26
116	0.74	74	26
117	0.74	74	26
118	0.74	74	26
119	0.75	75	25
120	0.76	76	24
121	0.76	76	24
122	0.75	75	25
123	0.75	75	25
124	0.76	76	24
125	0.77	77	23
126	0.77	77	23
127	0.77	77	23
128	0.77	77	23
129	0.77	77	23
130	0.77	77	23
131	0.78	78	22
132	0.79	79	21
133	0.78	78	22
134	0.78	78	22
135	0.79	79	21
136	0.80	80	20
137	0.80	80	20
138	0.79	79	21
139	0.79	79	21
140	0.80	80	20
141	0.79	79	21
142	0.78	78	22
143	0.77	77	23
144	0.77	77	23
145	0.78	78	22
146	0.78	78	22
147	0.78	78	22
148	0.79	79	21
149	0.79	79	21
150	0.79	79	21
151	0.79	79	21
152	0.79	79	21
153	0.79	79	21
154	0.79	79	21
155	0.78	78	22
156	0.78	78	22
157	0.79	79	21
158	0.79	79	21
159	0.79	79	21
160	0.79	79	21
161	0.78	78	22
162	0.78	78	22
163	0.78	78	22
164	0.77	77	23
165	0.77	77	23
166	0.78	78	22
167	0.78	78	22
168	0.79	79	21
169	0.78	78	22
170	0.78	78	22
171	0.78	78	22
172	0.77	77	23
173	0.77	77	23
174	0.77	77	23
175	0.77	77	23
176	0.76	76	24
177	0.77	77	23
178	0.77	77	23
179	0.77	77	23
180	0.76	76	24
181	0.76	76	24
182	0.76	76	24
183	0.76	76	24
184	0.76	76	24
185	0.76	76	24
186	0.75	75	25
187	0.76	76	24
188	0.77	77	23
189	0.77	77	23
190	0.77	77	23
191	0.77	77	23
192	0.77	77	23
193	0.77	77	23
194	0.77	77	23
195	0.77	77	23
196	0.76	76	24
197	0.76	76	24
198	0.75	75	25
199	0.76	76	24
200	0.77	77	23
201	0.77	77	23
202	0.77	77	23
203	0.77	77	23
204	0.76	76	24
205	0.76	76	24
206	0.76	76	24
207	0.76	76	24
208	0.77	77	23
209	0.77	77	23
210	0.78	78	22
211	0.78	78	22
212	0.78	78	22
213	0.78	78	22
214	0.78	78	22
215	0.77	77	23
216	0.77	77	23
217	0.77	77	23
218	0.76	76	24
219	0.76	76	24
220	0.76	76	24
221	0.76	76	24
222	0.76	76	24
223	0.76	76	24
224	0.76	76	24
225	0.75	75	25
226	0.74	74	26
227	0.73	73	27
228	0.73	73	27
229	0.73	73	27
230	0.73	73	27
231	0.73	73	27
232	0.73	73	27
233	0.73	73	27
234	0.72	72	28
235	0.72	72	28
236	0.72	72	28
237	0.71	71	29
238	0.72	72	28
239	0.72	72	28
240	0.72	72	28
241	0.73	73	27
242	0.74	74	26
243	0.74	74	26
244	0.74	74	26
245	0.73	73	27
246	0.73	73	27
247	0.73	73	27
248	0.73	73	27
249	0.73	73	27
250	0.73	73	27
251	0.73	73	27
252	0.73	73	27
253	0.73	73	27
254	0.72	72	28
255	0.73	73	27
256	0.73	73	27
257	0.73	73	27
258	0.73	73	27
259	0.72	72	28
260	0.71	71	29
261	0.71	71	29
262	0.71	71	29
263	0.70	70	30
264	0.71	71	29
265	0.70	70	30
266	0.69	69	31
267	0.68	68	32
268	0.67	67	33
269	0.68	68	32
270	0.68	68	32
271	0.68	68	32
272	0.68	68	32
273	0.67	67	33
274	0.67	67	33
275	0.66	66	34
276	0.67	67	33
277	0.67	67	33
278	0.66	66	34
279	0.65	65	35
280	0.65	65	35
281	0.65	65	35
282	0.65	65	35
283	0.65	65	35
284	0.65	65	35
285	0.65	65	35
286	0.66	66	34
287	0.66	66	34
288	0.66	66	34
289	0.65	65	35
290	0.65	65	35
291	0.64	64	36
292	0.64	64	36
293	0.65	65	35
294	0.65	65	35
295	0.65	65	35
296	0.65	65	35
297	0.65	65	35
298	0.66	66	34
299	0.65	65	35
300	0.65	65	35
301	0.64	64	36
302	0.64	64	36
303	0.64	64	36
304	0.65	65	35
305	0.65	65	35
306	0.65	65	35
307	0.65	65	35
308	0.65	65	35
309	0.65	65	35
310	0.65	65	35
311	0.65	65	35
312	0.66	66	34
313	0.66	66	34
314	0.66	66	34
315	0.67	67	33
316	0.66	66	34
317	0.65	65	35
318	0.66	66	34
319	0.66	66	34
320	0.65	65	35
321	0.64	64	36
322	0.65	65	35
323	0.66	66	34
324	0.66	66	34
325	0.66	66	34
326	0.66	66	34
327	0.67	67	33
328	0.67	67	33
329	0.67	67	33
330	0.66	66	34
331	0.66	66	34
332	0.65	65	35
333	0.66	66	34
334	0.67	67	33
335	0.66	66	34
336	0.66	66	34
337	0.67	67	33
338	0.67	67	33
339	0.67	67	33
340	0.66	66	34
341	0.66	66	34
342	0.65	65	35
343	0.66	66	34
344	0.66	66	34
345	0.67	67	33
346	0.66	66	34
347	0.66	66	34
348	0.66	66	34
349	0.66	66	34
350	0.65	65	35
351	0.65	65	35
352	0.64	64	36
353	0.63	63	37
354	0.64	64	36
355	0.64	64	36
356	0.65	65	35
357	0.65	65	35
358	0.65	65	35
359	0.66	66	34
360	0.67	67	33
361	0.68	68	32
362	0.68	68	32
363	0.69	69	31
364	0.69	69	31
365	0.69	69	31
366	0.70	70	30
367	0.70	70	30
368	0.71	71	29
369	0.71	71	29
370	0.71	71	29
371	0.71	71	29
372	0.72	72	28
373	0.73	73	27
374	0.73	73	27
375	0.74	74	26
376	0.74	74	26
377	0.73	73	27
378	0.74	74	26
379	0.75	75	25
380	0.76	76	24
381	0.76	76	24
382	0.76	76	24
383	0.76	76	24
384	0.76	76	24
385	0.76	76	24
386	0.76	76	24
387	0.75	75	25
388	0.75	75	25
389	0.76	76	24
390	0.76	76	24
391	0.76	76	24
392	0.76	76	24
393	0.76	76	24
394	0.76	76	24
395	0.76	76	24
396	0.77	77	23
397	0.77	77	23
398	0.77	77	23
399	0.78	78	22
400	0.78	78	22
401	0.79	79	21
402	0.79	79	21
403	0.79	79	21
404	0.79	79	21
405	0.79	79	21
406	0.79	79	21
407	0.79	79	21
408	0.79	79	21
409	0.78	78	22
410	0.77	77	23
411	0.76	76	24
412	0.76	76	24
413	0.76	76	24
414	0.75	75	25
415	0.75	75	25
416	0.76	76	24
417	0.77	77	23
418	0.76	76	24
419	0.76	76	24
420	0.77	77	23
421	0.78	78	22
422	0.78	78	22
423	0.78	78	22
424	0.78	78	22
425	0.78	78	22
426	0.79	79	21
427	0.78	78	22
428	0.77	77	23
429	0.76	76	24
430	0.77	77	23
431	0.77	77	23
432	0.78	78	22
433	0.77	77	23
434	0.76	76	24
435	0.77	77	23
436	0.76	76	24
437	0.76	76	24
438	0.76	76	24
439	0.77	77	23
440	0.77	77	23
441	0.77	77	23
442	0.78	78	22
443	0.77	77	23
444	0.77	77	23
445	0.77	77	23
446	0.78	78	22
447	0.77	77	23
448	0.76	76	24
449	0.75	75	25
450	0.76	76	24
451	0.75	75	25
452	0.76	76	24
453	0.77	77	23
454	0.77	77	23
455	0.77	77	23
456	0.77	77	23
457	0.77	77	23
458	0.77	77	23
459	0.76	76	24
460	0.76	76	24
461	0.76	76	24
462	0.76	76	24
463	0.76	76	24
464	0.76	76	24
465	0.77	77	23
466	0.76	76	24
467	0.77	77	23
468	0.77	77	23
469	0.77	77	23
470	0.77	77	23
471	0.76	76	24
472	0.76	76	24
473	0.76	76	24
474	0.75	75	25
475	0.75	75	25
476	0.74	74	26
477	0.75	75	25
478	0.74	74	26
479	0.74	74	26
480	0.73	73	27
481	0.73	73	27
482	0.73	73	27
483	0.73	73	27
484	0.72	72	28
485	0.71	71	29
486	0.71	71	29
487	0.71	71	29
488	0.71	71	29
489	0.70	70	30
490	0.70	70	30
491	0.71	71	29
492	0.71	71	29
493	0.71	71	29
494	0.71	71	29
495	0.71	71	29
496	0.70	70	30
497	0.70	70	30
498	0.70	70	30
499	0.70	70	30
500	0.70	70	30
501	0.70	70	30
502	0.70	70	30
503	0.70	70	30
504	0.70	70	30
505	0.70	70	30
506	0.70	70	30
507	0.70	70	30
508	0.69	69	31
509	0.69	69	31
510	0.69	69	31
511	0.70	70	30
512	0.70	70	30
513	0.70	70	30
514	0.71	71	29
515	0.71	71	29
516	0.71	71	29
517	0.71	71	29
518	0.72	72	28
519	0.72	72	28
520	0.72	72	28
521	0.72	72	28
522	0.72	72	28
523	0.72	72	28
524	0.72	72	28
525	0.73	73	27
526	0.73	73	27
527	0.74	74	26
528	0.75	75	25
529	0.76	76	24
530	0.76	76	24
531	0.75	75	25
532	0.74	74	26
533	0.75	75	25
534	0.76	76	24
535	0.76	76	24
536	0.77	77	23
537	0.77	77	23
538	0.76	76	24
539	0.76	76	24
540	0.76	76	24
541	0.76	76	24
542	0.75	75	25
543	0.76	76	24
544	0.76	76	24
545	0.76	76	24
546	0.76	76	24
547	0.76	76	24
548	0.77	77	23
549	0.77	77	23
550	0.77	77	23
551	0.78	78	22
552	0.78	78	22
553	0.78	78	22
554	0.78	78	22
555	0.77	77	23
556	0.76	76	24
557	0.75	75	25
558	0.75	75	25
559	0.75	75	25
560	0.75	75	25
561	0.75	75	25
562	0.74	74	26
563	0.74	74	26
564	0.73	73	27
565	0.72	72	28
566	0.72	72	28
567	0.72	72	28
568	0.71	71	29
569	0.71	71	29
570	0.71	71	29
571	0.71	71	29
572	0.71	71	29
573	0.71	71	29
574	0.72	72	28
575	0.72	72	28
576	0.73	73	27
577	0.73	73	27
578	0.74	74	26
579	0.74	74	26
580	0.75	75	25
581	0.75	75	25
582	0.75	75	25
583	0.75	75	25
584	0.76	76	24
585	0.77	77	23
586	0.76	76	24
587	0.77	77	23
588	0.76	76	24
589	0.77	77	23
590	0.77	77	23
591	0.77	77	23
592	0.77	77	23
593	0.77	77	23
594	0.77	77	23
595	0.77	77	23
596	0.78	78	22
597	0.77	77	23
598	0.77	77	23
599	0.77	77	23
600	0.77	77	23
601	0.77	77	23
602	0.77	77	23
603	0.76	76	24
604	0.75	75	25
605	0.75	75	25
606	0.75	75	25
607	0.75	75	25
608	0.75	75	25
609	0.75	75	25
610	0.75	75	25
611	0.74	74	26
612	0.74	74	26
613	0.73	73	27
614	0.73	73	27
615	0.73	73	27
616	0.73	73	27
617	0.73	73	27
618	0.72	72	28
619	0.72	72	28
620	0.72	72	28
621	0.71	71	29
622	0.71	71	29
623	0.71	71	29
624	0.71	71	29
625	0.71	71	29
626	0.71	71	29
627	0.70	70	30
628	0.70	70	30
629	0.69	69	31
630	0.69	69	31
631	0.70	70	30
632	0.71	71	29
633	0.70	70	30
634	0.70	70	30
635	0.70	70	30
636	0.70	70	30
637	0.69	69	31
638	0.70	70	30
639	0.70	70	30
640	0.71	71	29
641	0.71	71	29
642	0.72	72	28
643	0.72	72	28
644	0.72	72	28
645	0.71	71	29
646	0.71	71	29
647	0.72	72	28
648	0.72	72	28
649	0.73	73	27
650	0.73	73	27
651	0.73	73	27
652	0.72	72	28
653	0.71	71	29
654	0.71	71	29
655	0.72	72	28
656	0.72	72	28
657	0.73	73	27
658	0.73	73	27
659	0.73	73	27
660	0.73	73	27
661	0.73	73	27
662	0.74	74	26
663	0.74	74	26
664	0.75	75	25
665	0.76	76	24
666	0.77	77	23
667	0.77	77	23
668	0.78	78	22
669	0.78	78	22
670	0.78	78	22
671	0.79	79	21
672	0.79	79	21
673	0.79	79	21
674	0.79	79	21
675	0.79	79	21
676	0.79	79	21
677	0.78	78	22
678	0.78	78	22
679	0.77	77	23
680	0.77	77	23
681	0.77	77	23
682	0.77	77	23
683	0.76	76	24
684	0.76	76	24
685	0.76	76	24
686	0.77	77	23
687	0.77	77	23
688	0.78	78	22
689	0.78	78	22
690	0.78	78	22
691	0.77	77	23
692	0.77	77	23
693	0.77	77	23
694	0.76	76	24
695	0.76	76	24
696	0.76	76	24
697	0.77	77	23
698	0.77	77	23
699	0.77	77	23
700	0.77	77	23
701	0.77	77	23
702	0.77	77	23
703	0.78	78	22
704	0.79	79	21
705	0.79	79	21
706	0.79	79	21
707	0.78	78	22
708	0.78	78	22
709	0.79	79	21
710	0.80	80	20
711	0.81	81	19
712	0.81	81	19
713	0.82	82	18
714	0.82	82	18
715	0.82	82	18
716	0.82	82	18
717	0.82	82	18
718	0.82	82	18
719	0.82	82	18
720	0.82	82	18
721	0.83	83	17
722	0.83	83	17
723	0.83	83	17
724	0.83	83	17
725	0.83	83	17
726	0.83	83	17
727	0.84	84	16
728	0.84	84	16
729	0.85	85	15
730	0.84	84	16
731	0.84	84	16
732	0.84	84	16
733	0.85	85	15
734	0.85	85	15
735	0.85	85	15
736	0.85	85	15
737	0.86	86	14
738	0.86	86	14
739	0.86	86	14
740	0.86	86	14
741	0.86	86	14
742	0.86	86	14
743	0.86	86	14
744	0.86	86	14
745	0.86	86	14
746	0.85	85	15
747	0.85	85	15
748	0.85	85	15
749	0.84	84	16
750	0.84	84	16
751	0.84	84	16
752	0.85	85	15
753	0.86	86	14
754	0.86	86	14
755	0.86	86	14
756	0.87	87	13
757	0.87	87	13
758	0.87	87	13
759	0.87	87	13
760	0.86	86	14
761	0.86	86	14
762	0.86	86	14
763	0.85	85	15
764	0.85	85	15
765	0.85	85	15
766	0.85	85	15
767	0.85	85	15
768	0.85	85	15
769	0.85	85	15
770	0.85	85	15
771	0.85	85	15
772	0.85	85	15
773	0.85	85	15
774	0.85	85	15
775	0.85	85	15
776	0.85	85	15
777	0.86	86	14
778	0.86	86	14
779	0.87	87	13
780	0.87	87	13
781	0.87	87	13
782	0.87	87	13
783	0.88	88	12
784	0.88	88	12
785	0.88	88	12
786	0.88	88	12
787	0.88	88	12
788	0.87	87	13
789	0.86	86	14
790	0.86	86	14
791	0.87	87	13
792	0.87	87	13
793	0.87	87	13
794	0.88	88	12
795	0.87	87	13
796	0.87	87	13
797	0.87	87	13
798	0.87	87	13
799	0.86	86	14
800	0.86	86	14
801	0.86	86	14
802	0.86	86	14
803	0.86	86	14
804	0.86	86	14
805	0.86	86	14
806	0.86	86	14
807	0.87	87	13
808	0.88	88	12
809	0.88	88	12
810	0.88	88	12
811	0.87	87	13
812	0.87	87	13
813	0.87	87	13
814	0.86	86	14
815	0.86	86	14
816	0.86	86	14
817	0.86	86	14
818	0.87	87	13
819	0.87	87	13
820	0.87	87	13
821	0.87	87	13
822	0.87	87	13
823	0.87	87	13
824	0.87	87	13
825	0.86	86	14
826	0.86	86	14
827	0.86	86	14
828	0.86	86	14
829	0.85	85	15
830	0.85	85	15
831	0.85	85	15
832	0.85	85	15
833	0.85	85	15
834	0.85	85	15
835	0.85	85	15
836	0.84	84	16
837	0.83	83	17
838	0.83	83	17
839	0.82	82	18
840	0.82	82	18
841	0.82	82	18
842	0.82	82	18
843	0.81	81	19
844	0.80	80	20
845	0.81	81	19
846	0.82	82	18
847	0.82	82	18
848	0.82	82	18
849	0.83	83	17
850	0.83	83	17
851	0.83	83	17
852	0.82	82	18
853	0.82	82	18
854	0.82	82	18
855	0.82	82	18
856	0.82	82	18
857	0.82	82	18
858	0.82	82	18
859	0.83	83	17
860	0.84	84	16
861	0.84	84	16
862	0.84	84	16
863	0.85	85	15
864	0.84	84	16
865	0.83	83	17
866	0.83	83	17
867	0.83	83	17
868	0.83	83	17
869	0.83	83	17
870	0.83	83	17
871	0.83	83	17
872	0.82	82	18
873	0.82	82	18
874	0.82	82	18
875	0.82	82	18
876	0.82	82	18
877	0.81	81	19
878	0.81	81	19
879	0.81	81	19
880	0.81	81	19
881	0.81	81	19
882	0.81	81	19
883	0.81	81	19
884	0.81	81	19
885	0.81	81	19
886	0.81	81	19
887	0.81	81	19
888	0.82	82	18
889	0.82	82	18
890	0.82	82	18
891	0.82	82	18
892	0.82	82	18
893	0.82	82	18
894	0.82	82	18
895	0.82	82	18
896	0.82	82	18
897	0.82	82	18
898	0.82	82	18
899	0.83	83	17
900	0.82	82	18
901	0.82	82	18
902	0.82	82	18
903	0.82	82	18
904	0.82	82	18
905	0.82	82	18
906	0.82	82	18
907	0.82	82	18
908	0.82	82	18
909	0.82	82	18
910	0.82	82	18
911	0.83	83	17
912	0.83	83	17
913	0.83	83	17
914	0.83	83	17
915	0.83	83	17
916	0.83	83	17
917	0.83	83	17
918	0.82	82	18
919	0.81	81	19
920	0.81	81	19
921	0.81	81	19
922	0.81	81	19
923	0.81	81	19
924	0.80	80	20
925	0.81	81	19
926	0.81	81	19
927	0.81	81	19
928	0.80	80	20
929	0.81	81	19
930	0.82	82	18
931	0.82	82	18
932	0.82	82	18
933	0.82	82	18
934	0.82	82	18
935	0.82	82	18
936	0.83	83	17
937	0.84	84	16
938	0.83	83	17
939	0.83	83	17
940	0.83	83	17
941	0.82	82	18
942	0.81	81	19
943	0.82	82	18
944	0.83	83	17
945	0.82	82	18
946	0.81	81	19
947	0.81	81	19
948	0.81	81	19
949	0.81	81	19
950	0.81	81	19
951	0.81	81	19
952	0.82	82	18
953	0.81	81	19
954	0.81	81	19
955	0.80	80	20
956	0.80	80	20
957	0.80	80	20
958	0.80	80	20
959	0.80	80	20
960	0.80	80	20
961	0.80	80	20
962	0.80	80	20
963	0.80	80	20
964	0.81	81	19
965	0.81	81	19
966	0.81	81	19
967	0.81	81	19
968	0.81	81	19
969	0.81	81	19
970	0.81	81	19
971	0.81	81	19
972	0.82	82	18
973	0.82	82	18
974	0.82	82	18
975	0.82	82	18
976	0.82	82	18
977	0.83	83	17
978	0.83	83	17
979	0.83	83	17
980	0.83	83	17
981	0.83	83	17
982	0.83	83	17
983	0.83	83	17
984	0.83	83	17
985	0.83	83	17
986	0.83	83	17
987	0.83	83	17
988	0.83	83	17
989	0.84	84	16
990	0.84	84	16
991	0.84	84	16
992	0.84	84	16
993	0.83	83	17
994	0.82	82	18
995	0.83	83	17
996	0.83	83	17
997	0.82	82	18
998	0.82	82	18
999	0.82	82	18
1000	0.18	82	18
1001	0.19	81	19
1002	0.20	80	20
1003	0.20	80	20
1004	0.21	79	21
1005	0.22	78	22
1006	0.22	78	22
1007	0.22	78	22
1008	0.23	77	23
1009	0.23	77	23
1010	0.23	77	23
1011	0.24	76	24
1012	0.25	75	25
1013	0.26	74	26
1014	0.26	74	26
1015	0.27	73	27
1016	0.28	72	28
1017	0.28	72	28
1018	0.28	72	28
1019	0.27	73	27
1020	0.28	72	28
1021	0.28	72	28
1022	0.29	71	29
1023	0.30	70	30
1024	0.29	71	29
1025	0.30	70	30
1026	0.31	69	31
1027	0.32	68	32
1028	0.31	69	31
1029	0.32	68	32
1030	0.32	68	32
1031	0.33	67	33
1032	0.34	66	34
1033	0.35	65	35
1034	0.36	64	36
1035	0.37	63	37
1036	0.37	63	37
1037	0.37	63	37
1038	0.37	63	37
1039	0.37	63	37
1040	0.38	62	38
1041	0.37	63	37
1042	0.36	64	36
1043	0.37	63	37
1044	0.38	62	38
1045	0.38	62	38
1046	0.37	63	37
1047	0.37	63	37
1048	0.38	62	38
1049	0.38	62	38
1050	0.39	61	39
1051	0.39	61	39
1052	0.39	61	39
1053	0.39	61	39
1054	0.39	61	39
1055	0.39	61	39
1056	0.39	61	39
1057	0.40	60	40
1058	0.40	60	40
1059	0.41	59	41
1060	0.41	59	41
1061	0.42	58	42
1062	0.43	57	43
1063	0.43	57	43
1064	0.43	57	43
1065	0.42	58	42
1066	0.43	57	43
1067	0.44	56	44
1068	0.44	56	44
1069	0.45	55	45
1070	0.46	54	46
1071	0.47	53	47
1072	0.48	52	48
1073	0.48	52	48
1074	0.49	51	49
1075	0.50	50	50
1076	0.50	50	50
1077	0.51	49	51
1078	0.51	49	51
1079	0.51	49	51
1080	0.52	48	52
1081	0.53	47	53
1082	0.54	46	54
1083	0.55	45	55
1084	0.56	44	56
1085	0.57	43	57
1086	0.58	42	58
1087	0.59	41	59
1088	0.60	40	60
1089	0.60	40	60
1090	0.61	39	61
1091	0.62	38	62
1092	0.63	37	63
1093	0.63	37	63
1094	0.63	37	63
1095	0.64	36	64
1096	0.65	35	65
1097	0.65	35	65
1098	0.66	34	66
1099	0.66	34	66
1100	0.66	34	66
1101	0.66	34	66
1102	0.65	35	65
1103	0.66	34	66
1104	0.66	34	66
1105	0.65	35	65
1106	0.66	34	66
1107	0.67	33	67
1108	0.66	34	66
1109	0.67	33	67
1110	0.68	32	68
1111	0.67	33	67
1112	0.66	34	66
1113	0.66	34	66
1114	0.66	34	66
1115	0.66	34	66
1116	0.65	35	65
1117	0.66	34	66
1118	0.65	35	65
1119	0.66	34	66
1120	0.65	35	65
1121	0.66	34	66
1122	0.66	34	66
1123	0.66	34	66
1124	0.67	33	67
1125	0.67	33	67
1126	0.67	33	67
1127	0.66	34	66
1128	0.67	33	67
1129	0.67	33	67
1130	0.67	33	67
1131	0.67	33	67
1132	0.67	33	67
1133	0.67	33	67
1134	0.67	33	67
1135	0.67	33	67
1136	0.68	32	68
1137	0.68	32	68
1138	0.68	32	68
1139	0.68	32	68
1140	0.67	33	67
1141	0.68	32	68
1142	0.69	31	69
1143	0.69	31	69
1144	0.69	31	69
1145	0.69	31	69
1146	0.70	30	70
1147	0.71	29	71
1148	0.71	29	71
1149	0.72	28	72
1150	0.71	29	71
1151	0.72	28	72
1152	0.73	27	73
1153	0.73	27	73
1154	0.73	27	73
1155	0.73	27	73
1156	0.74	26	74
1157	0.74	26	74
1158	0.74	26	74
1159	0.74	26	74
1160	0.74	26	74
1161	0.74	26	74
1162	0.74	26	74
1163	0.74	26	74
1164	0.75	25	75
1165	0.76	24	76
1166	0.75	25	75
1167	0.75	25	75
1168	0.75	25	75
1169	0.74	26	74
1170	0.73	27	73
1171	0.73	27	73
1172	0.73	27	73
1173	0.73	27	73
1174	0.73	27	73
1175	0.73	27	73
1176	0.74	26	74
1177	0.74	26	74
1178	0.74	26	74
1179	0.75	25	75
1180	0.75	25	75
1181	0.75	25	75
1182	0.74	26	74
1183	0.74	26	74
1184	0.74	26	74
1185	0.74	26	74
1186	0.74	26	74
1187	0.74	26	74
1188	0.74	26	74
1189	0.75	25	75
1190	0.75	25	75
1191	0.74	26	74
1192	0.74	26	74
1193	0.74	26	74
1194	0.74	26	74
1195	0.73	27	73
1196	0.73	27	73
1197	0.73	27	73
1198	0.73	27	73
1199	0.73	27	73
1200	0.73	27	73
1201	0.72	28	72
1202	0.73	27	73
1203	0.73	27	73
1204	0.73	27	73
1205	0.74	26	74
1206	0.74	26	74
1207	0.74	26	74
1208	0.75	25	75
1209	0.74	26	74
1210	0.73	27	73
1211	0.74	26	74
1212	0.74	26	74
1213	0.74	26	74
1214	0.73	27	73
1215	0.73	27	73
1216	0.74	26	74
1217	0.74	26	74
1218	0.75	25	75
1219	0.75	25	75
1220	0.76	24	76
1221	0.76	24	76
1222	0.76	24	76
1223	0.76	24	76
1224	0.75	25	75
1225	0.75	25	75
1226	0.75	25	75
1227	0.75	25	75
1228	0.74	26	74
1229	0.74	26	74
1230	0.74	26	74
1231	0.73	27	73
1232	0.73	27	73
1233	0.72	28	72
1234	0.72	28	72
1235	0.72	28	72
1236	0.72	28	72
1237	0.73	27	73
1238	0.73	27	73
1239	0.72	28	72
1240	0.72	28	72
1241	0.72	28	72
1242	0.71	29	71
1243	0.70	30	70
1244	0.70	30	70
1245	0.69	31	69
1246	0.69	31	69
1247	0.69	31	69
1248	0.69	31	69
1249	0.69	31	69
1250	0.70	30	70
1251	0.70	30	70
1252	0.70	30	70
1253	0.70	30	70
1254	0.70	30	70
1255	0.70	30	70
1256	0.69	31	69
1257	0.69	31	69
1258	0.70	30	70
1259	0.70	30	70
1260	0.71	29	71
1261	0.71	29	71
1262	0.71	29	71
1263	0.72	28	72
1264	0.71	29	71
1265	0.70	30	70
1266	0.71	29	71
1267	0.71	29	71
1268	0.72	28	72
1269	0.72	28	72
1270	0.73	27	73
1271	0.73	27	73
1272	0.73	27	73
1273	0.74	26	74
1274	0.73	27	73
1275	0.72	28	72
1276	0.72	28	72
1277	0.72	28	72
1278	0.73	27	73
1279	0.72	28	72
1280	0.71	29	71
1281	0.71	29	71
1282	0.72	28	72
1283	0.72	28	72
1284	0.72	28	72
1285	0.72	28	72
1286	0.72	28	72
1287	0.72	28	72
1288	0.72	28	72
1289	0.71	29	71
1290	0.71	29	71
1291	0.72	28	72
1292	0.72	28	72
1293	0.71	29	71
1294	0.71	29	71
1295	0.72	28	72
1296	0.71	29	71
1297	0.71	29	71
1298	0.71	29	71
1299	0.72	28	72
1300	0.72	28	72
1301	0.73	27	73
1302	0.72	28	72
1303	0.72	28	72
1304	0.71	29	71
1305	0.70	30	70
1306	0.69	31	69
1307	0.68	32	68
1308	0.68	32	68
1309	0.69	31	69
1310	0.70	30	70
1311	0.70	30	70
1312	0.70	30	70
1313	0.70	30	70
1314	0.70	30	70
1315	0.70	30	70
1316	0.70	30	70
1317	0.70	30	70
1318	0.70	30	70
1319	0.70	30	70
1320	0.69	31	69
1321	0.68	32	68
1322	0.68	32	68
1323	0.68	32	68
1324	0.69	31	69
1325	0.69	31	69
1326	0.69	31	69
1327	0.70	30	70
1328	0.70	30	70
1329	0.70	30	70
1330	0.71	29	71
1331	0.72	28	72
1332	0.72	28	72
1333	0.73	27	73
1334	0.73	27	73
1335	0.73	27	73
1336	0.73	27	73
1337	0.73	27	73
1338	0.73	27	73
1339	0.73	27	73
1340	0.73	27	73
1341	0.72	28	72
1342	0.72	28	72
1343	0.73	27	73
1344	0.73	27	73
1345	0.73	27	73
1346	0.73	27	73
1347	0.73	27	73
1348	0.73	27	73
1349	0.73	27	73
1350	0.73	27	73
1351	0.72	28	72
1352	0.72	28	72
1353	0.72	28	72
1354	0.73	27	73
1355	0.72	28	72
1356	0.73	27	73
1357	0.73	27	73
1358	0.73	27	73
1359	0.73	27	73
1360	0.73	27	73
1361	0.73	27	73
1362	0.73	27	73
1363	0.73	27	73
1364	0.73	27	73
1365	0.74	26	74
1366	0.73	27	73
1367	0.73	27	73
1368	0.72	28	72
1369	0.73	27	73
1370	0.72	28	72
1371	0.72	28	72
1372	0.72	28	72
1373	0.71	29	71
1374	0.72	28	72
1375	0.72	28	72
1376	0.72	28	72
1377	0.72	28	72
1378	0.72	28	72
1379	0.72	28	72
1380	0.72	28	72
1381	0.72	28	72
1382	0.72	28	72
1383	0.72	28	72
1384	0.72	28	72
1385	0.72	28	72
1386	0.72	28	72
1387	0.72	28	72
1388	0.72	28	72
1389	0.73	27	73
1390	0.72	28	72
1391	0.72	28	72
1392	0.72	28	72
1393	0.73	27	73
1394	0.73	27	73
1395	0.73	27	73
1396	0.74	26	74
1397	0.73	27	73
1398	0.73	27	73
1399	0.73	27	73
1400	0.73	27	73
1401	0.73	27	73
1402	0.74	26	74
1403	0.74	26	74
1404	0.75	25	75
1405	0.76	24	76
1406	0.76	24	76
1407	0.77	23	77
1408	0.77	23	77
1409	0.77	23	77
1410	0.76	24	76
1411	0.75	25	75
1412	0.76	24	76
1413	0.76	24	76
1414	0.77	23	77
1415	0.77	23	77
1416	0.76	24	76
1417	0.76	24	76
1418	0.76	24	76
1419	0.76	24	76
1420	0.77	23	77
1421	0.78	22	78
1422	0.78	22	78
1423	0.77	23	77
1424	0.77	23	77
1425	0.76	24	76
1426	0.76	24	76
1427	0.75	25	75
1428	0.76	24	76
1429	0.76	24	76
1430	0.75	25	75
1431	0.75	25	75
1432	0.75	25	75
1433	0.75	25	75
1434	0.75	25	75
1435	0.75	25	75
1436	0.74	26	74
1437	0.74	26	74
1438	0.74	26	74
1439	0.75	25	75
1440	0.76	24	76
1441	0.77	23	77
1442	0.78	22	78
1443	0.78	22	78
1444	0.78	22	78
1445	0.79	21	79
1446	0.78	22	78
1447	0.78	22	78
1448	0.77	23	77
1449	0.76	24	76
1450	0.76	24	76
1451	0.77	23	77
1452	0.77	23	77
1453	0.77	23	77
1454	0.77	23	77
1455	0.78	22	78
1456	0.77	23	77
1457	0.76	24	76
1458	0.75	25	75
1459	0.74	26	74
1460	0.74	26	74
1461	0.74	26	74
1462	0.74	26	74
1463	0.74	26	74
1464	0.74	26	74
1465	0.74	26	74
1466	0.75	25	75
1467	0.75	25	75
1468	0.75	25	75
1469	0.75	25	75
1470	0.76	24	76
1471	0.76	24	76
1472	0.76	24	76
1473	0.76	24	76
1474	0.76	24	76
1475	0.77	23	77
1476	0.77	23	77
1477	0.77	23	77
1478	0.77	23	77
1479	0.77	23	77
1480	0.78	22	78
1481	0.78	22	78
1482	0.78	22	78
1483	0.77	23	77
1484	0.77	23	77
1485	0.76	24	76
1486	0.75	25	75
1487	0.75	25	75
1488	0.75	25	75
1489	0.75	25	75
1490	0.76	24	76
1491	0.76	24	76
1492	0.76	24	76
1493	0.75	25	75
1494	0.74	26	74
1495	0.74	26	74
1496	0.74	26	74
1497	0.75	25	75
1498	0.74	26	74
1499	0.74	26	74
1500	0.74	26	74
1501	0.73	27	73
1502	0.73	27	73
1503	0.73	27	73
1504	0.73	27	73
1505	0.72	28	72
1506	0.72	28	72
1507	0.71	29	71
1508	0.71	29	71
1509	0.71	29	71
1510	0.72	28	72
1511	0.72	28	72
1512	0.71	29	71
1513	0.71	29	71
1514	0.71	29	71
1515	0.71	29	71
1516	0.71	29	71
1517	0.71	29	71
1518	0.71	29	71
1519	0.70	30	70
1520	0.70	30	70
1521	0.70	30	70
1522	0.69	31	69
1523	0.70	30	70
1524	0.70	30	70
1525	0.71	29	71
1526	0.71	29	71
1527	0.72	28	72
1528	0.71	29	71
1529	0.71	29	71
1530	0.72	28	72
1531	0.72	28	72
1532	0.72	28	72
1533	0.72	28	72
1534	0.72	28	72
1535	0.72	28	72
1536	0.73	27	73
1537	0.73	27	73
1538	0.72	28	72
1539	0.72	28	72
1540	0.72	28	72
1541	0.72	28	72
1542	0.71	29	71
1543	0.71	29	71
1544	0.71	29	71
1545	0.71	29	71
1546	0.72	28	72
1547	0.72	28	72
1548	0.73	27	73
1549	0.74	26	74
1550	0.74	26	74
1551	0.74	26	74
1552	0.74	26	74
1553	0.74	26	74
1554	0.74	26	74
1555	0.74	26	74
1556	0.75	25	75
1557	0.75	25	75
1558	0.76	24	76
1559	0.77	23	77
1560	0.77	23	77
1561	0.77	23	77
1562	0.77	23	77
1563	0.76	24	76
1564	0.77	23	77
1565	0.77	23	77
1566	0.77	23	77
1567	0.77	23	77
1568	0.77	23	77
1569	0.77	23	77
1570	0.77	23	77
1571	0.77	23	77
1572	0.77	23	77
1573	0.78	22	78
1574	0.78	22	78
1575	0.77	23	77
1576	0.77	23	77
1577	0.77	23	77
1578	0.77	23	77
1579	0.78	22	78
1580	0.78	22	78
1581	0.78	22	78
1582	0.78	22	78
1583	0.79	21	79
1584	0.78	22	78
1585	0.79	21	79
1586	0.80	20	80
1587	0.80	20	80
1588	0.79	21	79
1589	0.79	21	79
1590	0.78	22	78
1591	0.78	22	78
1592	0.78	22	78
1593	0.79	21	79
1594	0.80	20	80
1595	0.79	21	79
1596	0.79	21	79
1597	0.79	21	79
1598	0.80	20	80
1599	0.80	20	80
1600	0.80	20	80
1601	0.81	19	81
1602	0.81	19	81
1603	0.81	19	81
1604	0.80	20	80
1605	0.81	19	81
1606	0.82	18	82
1607	0.83	17	83
1608	0.83	17	83
1609	0.83	17	83
1610	0.83	17	83
1611	0.84	16	84
1612	0.85	15	85
1613	0.85	15	85
1614	0.85	15	85
1615	0.85	15	85
1616	0.86	14	86
1617	0.85	15	85
1618	0.84	16	84
1619	0.85	15	85
1620	0.85	15	85
1621	0.85	15	85
1622	0.86	14	86
1623	0.86	14	86
1624	0.86	14	86
1625	0.85	15	85
1626	0.85	15	85
1627	0.85	15	85
1628	0.85	15	85
1629	0.85	15	85
1630	0.85	15	85
1631	0.85	15	85
1632	0.85	15	85
1633	0.85	15	85
1634	0.85	15	85
1635	0.84	16	84
1636	0.84	16	84
1637	0.84	16	84
1638	0.85	15	85
1639	0.85	15	85
1640	0.85	15	85
1641	0.85	15	85
1642	0.86	14	86
1643	0.86	14	86
1644	0.86	14	86
1645	0.86	14	86
1646	0.86	14	86
1647	0.86	14	86
1648	0.86	14	86
1649	0.86	14	86
1650	0.86	14	86
1651	0.86	14	86
1652	0.86	14	86
1653	0.86	14	86
1654	0.85	15	85
1655	0.85	15	85
1656	0.85	15	85
1657	0.85	15	85
1658	0.85	15	85
1659	0.85	15	85
1660	0.85	15	85
1661	0.85	15	85
1662	0.85	15	85
1663	0.86	14	86
1664	0.85	15	85
1665	0.85	15	85
1666	0.85	15	85
1667	0.84	16	84
1668	0.85	15	85
1669	0.85	15	85
1670	0.84	16	84
1671	0.84	16	84
1672	0.84	16	84
1673	0.84	16	84
1674	0.83	17	83
1675	0.84	16	84
1676	0.84	16	84
1677	0.84	16	84
1678	0.84	16	84
1679	0.83	17	83
1680	0.82	18	82
1681	0.81	19	81
1682	0.81	19	81
1683	0.81	19	81
1684	0.82	18	82
1685	0.82	18	82
1686	0.82	18	82
1687	0.82	18	82
1688	0.83	17	83
1689	0.83	17	83
1690	0.84	16	84
1691	0.84	16	84
1692	0.84	16	84
1693	0.83	17	83
1694	0.83	17	83
1695	0.84	16	84
1696	0.83	17	83
1697	0.83	17	83
1698	0.83	17	83
1699	0.83	17	83
1700	0.83	17	83
1701	0.82	18	82
1702	0.82	18	82
1703	0.82	18	82
1704	0.82	18	82
1705	0.81	19	81
1706	0.81	19	81
1707	0.81	19	81
1708	0.80	20	80
1709	0.80	20	80
1710	0.80	20	80
1711	0.80	20	80
1712	0.79	21	79
1713	0.78	22	78
1714	0.77	23	77
1715	0.76	24	76
1716	0.76	24	76
1717	0.77	23	77
1718	0.77	23	77
1719	0.77	23	77
1720	0.77	23	77
1721	0.76	24	76
1722	0.76	24	76
1723	0.75	25	75
1724	0.75	25	75
1725	0.76	24	76
1726	0.76	24	76
1727	0.76	24	76
1728	0.77	23	77
1729	0.77	23	77
1730	0.77	23	77
1731	0.76	24	76
1732	0.76	24	76
1733	0.75	25	75
1734	0.74	26	74
1735	0.75	25	75
1736	0.75	25	75
1737	0.75	25	75
1738	0.75	25	75
1739	0.74	26	74
1740	0.73	27	73
1741	0.73	27	73
1742	0.73	27	73
1743	0.73	27	73
1744	0.73	27	73
1745	0.73	27	73
1746	0.72	28	72
1747	0.71	29	71
1748	0.71	29	71
1749	0.71	29	71
1750	0.71	29	71
1751	0.70	30	70
1752	0.69	31	69
1753	0.68	32	68
1754	0.69	31	69
1755	0.68	32	68
1756	0.68	32	68
1757	0.69	31	69
1758	0.68	32	68
1759	0.67	33	67
1760	0.67	33	67
1761	0.66	34	66
1762	0.66	34	66
1763	0.66	34	66
1764	0.67	33	67
1765	0.67	33	67
1766	0.67	33	67
1767	0.68	32	68
1768	0.68	32	68
1769	0.67	33	67
1770	0.68	32	68
1771	0.67	33	67
1772	0.67	33	67
1773	0.67	33	67
1774	0.68	32	68
1775	0.68	32	68
1776	0.67	33	67
1777	0.67	33	67
1778	0.67	33	67
1779	0.67	33	67
1780	0.67	33	67
1781	0.68	32	68
1782	0.68	32	68
1783	0.68	32	68
1784	0.68	32	68
1785	0.68	32	68
1786	0.68	32	68
1787	0.67	33	67
1788	0.67	33	67
1789	0.67	33	67
1790	0.66	34	66
1791	0.65	35	65
1792	0.65	35	65
1793	0.65	35	65
1794	0.65	35	65
1795	0.65	35	65
1796	0.65	35	65
1797	0.65	35	65
1798	0.64	36	64
1799	0.63	37	63
1800	0.62	38	62
1801	0.63	37	63
1802	0.62	38	62
1803	0.62	38	62
1804	0.63	37	63
1805	0.63	37	63
1806	0.62	38	62
1807	0.62	38	62
1808	0.62	38	62
1809	0.62	38	62
1810	0.62	38	62
1811	0.62	38	62
1812	0.63	37	63
1813	0.64	36	64
1814	0.65	35	65
1815	0.66	34	66
1816	0.65	35	65
1817	0.65	35	65
1818	0.66	34	66
1819	0.66	34	66
1820	0.65	35	65
1821	0.66	34	66
1822	0.65	35	65
1823	0.66	34	66
1824	0.66	34	66
1825	0.66	34	66
1826	0.66	34	66
1827	0.66	34	66
1828	0.66	34	66
1829	0.66	34	66
1830	0.66	34	66
1831	0.67	33	67
1832	0.67	33	67
1833	0.68	32	68
1834	0.69	31	69
1835	0.69	31	69
1836	0.68	32	68
1837	0.67	33	67
1838	0.67	33	67
1839	0.68	32	68
1840	0.68	32	68
1841	0.68	32	68
1842	0.68	32	68
1843	0.68	32	68
1844	0.68	32	68
1845	0.68	32	68
1846	0.69	31	69
1847	0.70	30	70
1848	0.69	31	69
1849	0.69	31	69
1850	0.69	31	69
1851	0.70	30	70
1852	0.71	29	71
1853	0.72	28	72
1854	0.72	28	72
1855	0.73	27	73
1856	0.73	27	73
1857	0.73	27	73
1858	0.73	27	73
1859	0.74	26	74
1860	0.73	27	73
1861	0.74	26	74
1862	0.74	26	74
1863	0.74	26	74
1864	0.74	26	74
1865	0.73	27	73
1866	0.73	27	73
1867	0.73	27	73
1868	0.73	27	73
1869	0.73	27	73
1870	0.73	27	73
1871	0.73	27	73
1872	0.73	27	73
1873	0.73	27	73
1874	0.72	28	72
1875	0.72	28	72
1876	0.73	27	73
1877	0.73	27	73
1878	0.73	27	73
1879	0.73	27	73
1880	0.74	26	74
1881	0.74	26	74
1882	0.74	26	74
1883	0.73	27	73
1884	0.73	27	73
1885	0.73	27	73
1886	0.73	27	73
1887	0.74	26	74
1888	0.73	27	73
1889	0.72	28	72
1890	0.72	28	72
1891	0.72	28	72
1892	0.72	28	72
1893	0.73	27	73
1894	0.73	27	73
1895	0.73	27	73
1896	0.74	26	74
1897	0.73	27	73
1898	0.74	26	74
1899	0.75	25	75
1900	0.75	25	75
1901	0.75	25	75
1902	0.76	24	76
1903	0.76	24	76
1904	0.76	24	76
1905	0.76	24	76
1906	0.76	24	76
1907	0.75	25	75
1908	0.75	25	75
1909	0.74	26	74
1910	0.73	27	73
1911	0.72	28	72
1912	0.72	28	72
1913	0.72	28	72
1914	0.72	28	72
1915	0.71	29	71
1916	0.72	28	72
1917	0.72	28	72
1918	0.72	28	72
1919	0.72	28	72
1920	0.73	27	73
1921	0.73	27	73
1922	0.74	26	74
1923	0.74	26	74
1924	0.73	27	73
1925	0.73	27	73
1926	0.73	27	73
1927	0.72	28	72
1928	0.72	28	72
1929	0.72	28	72
1930	0.72	28	72
1931	0.72	28	72
1932	0.72	28	72
1933	0.72	28	72
1934	0.72	28	72
1935	0.71	29	71
1936	0.72	28	72
1937	0.73	27	73
1938	0.72	28	72
1939	0.72	28	72
1940	0.72	28	72
1941	0.72	28	72
1942	0.71	29	71
1943	0.71	29	71
1944	0.71	29	71
1945	0.71	29	71
1946	0.71	29	71
1947	0.70	30	70
1948	0.71	29	71
1949	0.71	29	71
1950	0.71	29	71
1951	0.71	29	71
1952	0.70	30	70
1953	0.69	31	69
1954	0.69	31	69
1955	0.68	32	68
1956	0.67	33	67
1957	0.67	33	67
1958	0.67	33	67
1959	0.67	33	67
1960	0.68	32	68
1961	0.67	33	67
1962	0.67	33	67
1963	0.67	33	67
1964	0.66	34	66
1965	0.67	33	67
1966	0.67	33	67
1967	0.66	34	66
1968	0.66	34	66
1969	0.67	33	67
1970	0.67	33	67
1971	0.68	32	68
1972	0.68	32	68
1973	0.68	32	68
1974	0.68	32	68
1975	0.68	32	68
1976	0.67	33	67
1977	0.67	33	67
1978	0.66	34	66
1979	0.66	34	66
1980	0.66	34	66
1981	0.66	34	66
1982	0.66	34	66
1983	0.67	33	67
1984	0.67	33	67
1985	0.66	34	66
1986	0.66	34	66
1987	0.66	34	66
1988	0.67	33	67
1989	0.67	33	67
1990	0.68	32	68
1991	0.69	31	69
1992	0.69	31	69
1993	0.69	31	69
1994	0.69	31	69
1995	0.69	31	69
1996	0.69	31	69
1997	0.70	30	70
1998	0.70	30	70
1999	0.70	30	70
2000	0.30	30	70
2001	0.31	31	69
2002	0.31	31	69
2003	0.31	31	69
2004	0.32	32	68
2005	0.32	32	68
2006	0.31	31	69
2007	0.31	31	69
2008	0.31	31	69
2009	0.31	31	69
2010	0.31	31	69
2011	0.30	30	70
2012	0.31	31	69
2013	0.32	32	68
2014	0.33	33	67
2015	0.33	33	67
2016	0.34	34	66
2017	0.34	34	66
2018	0.35	35	65
2019	0.36	36	64
2020	0.36	36	64
2021	0.37	37	63
2022	0.38	38	62
2023	0.39	39	61
2024	0.38	38	62
2025	0.38	38	62
2026	0.39	39	61
2027	0.39	39	61
2028	0.40	40	60
2029	0.40	40	60
2030	0.41	41	59
2031	0.41	41	59
2032	0.42	42	58
2033	0.43	43	57
2034	0.44	44	56
2035	0.44	44	56
2036	0.45	45	55
2037	0.45	45	55
2038	0.45	45	55
2039	0.46	46	54
2040	0.46	46	54
2041	0.46	46	54
2042	0.46	46	54
2043	0.47	47	53
2044	0.48	48	52
2045	0.48	48	52
2046	0.48	48	52
2047	0.47	47	53
2048	0.48	48	52
2049	0.48	48	52
2050	0.49	49	51
2051	0.50	50	50
2052	0.50	50	50
2053	0.50	50	50
2054	0.51	51	49
2055	0.50	50	50
2056	0.50	50	50
2057	0.51	51	49
2058	0.51	51	49
2059	0.51	51	49
2060	0.52	52	48
2061	0.52	52	48
2062	0.53	53	47
2063	0.53	53	47
2064	0.53	53	47
2065	0.54	54	46
2066	0.55	55	45
2067	0.55	55	45
2068	0.56	56	44
2069	0.56	56	44
2070	0.57	57	43
2071	0.58	58	42
2072	0.58	58	42
2073	0.59	59	41
2074	0.59	59	41
2075	0.60	60	40
2076	0.60	60	40
2077	0.60	60	40
2078	0.59	59	41
2079	0.59	59	41
2080	0.60	60	40
2081	0.61	61	39
2082	0.62	62	38
2083	0.62	62	38
2084	0.63	63	37
2085	0.63	63	37
2086	0.63	63	37
2087	0.64	64	36
2088	0.65	65	35
2089	0.65	65	35
2090	0.65	65	35
2091	0.66	66	34
2092	0.67	67	33
2093	0.68	68	32
2094	0.68	68	32
2095	0.69	69	31
2096	0.70	70	30
2097	0.71	71	29
2098	0.72	72	28
2099	0.73	73	27
2100	0.73	73	27
2101	0.72	72	28
2102	0.73	73	27
2103	0.74	74	26
2104	0.73	73	27
2105	0.73	73	27
2106	0.74	74	26
2107	0.74	74	26
2108	0.74	74	26
2109	0.74	74	26
2110	0.74	74	26
2111	0.75	75	25
2112	0.75	75	25
2113	0.75	75	25
2114	0.74	74	26
2115	0.73	73	27
2116	0.73	73	27
2117	0.73	73	27
2118	0.72	72	28
2119	0.72	72	28
2120	0.73	73	27
2121	0.73	73	27
2122	0.72	72	28
2123	0.72	72	28
2124	0.73	73	27
2125	0.74	74	26
2126	0.74	74	26
2127	0.74	74	26
2128	0.73	73	27
2129	0.74	74	26
2130	0.74	74	26
2131	0.75	75	25
2132	0.75	75	25
2133	0.75	75	25
2134	0.74	74	26
2135	0.74	74	26
2136	0.74	74	26
2137	0.75	75	25
2138	0.75	75	25
2139	0.75	75	25
2140	0.75	75	25
2141	0.76	76	24
2142	0.76	76	24
2143	0.76	76	24
2144	0.76	76	24
2145	0.77	77	23
2146	0.78	78	22
2147	0.79	79	21
2148	0.79	79	21
2149	0.80	80	20
2150	0.80	80	20
2151	0.80	80	20
2152	0.79	79	21
2153	0.79	79	21
2154	0.78	78	22
2155	0.79	79	21
2156	0.78	78	22
2157	0.78	78	22
2158	0.78	78	22
2159	0.79	79	21
2160	0.78	78	22
2161	0.78	78	22
2162	0.77	77	23
2163	0.78	78	22
2164	0.77	77	23
2165	0.76	76	24
2166	0.76	76	24
2167	0.76	76	24
2168	0.76	76	24
2169	0.77	77	23
2170	0.77	77	23
2171	0.77	77	23
2172	0.77	77	23
2173	0.77	77	23
2174	0.76	76	24
2175	0.76	76	24
2176	0.76	76	24
2177	0.76	76	24
2178	0.76	76	24
2179	0.76	76	24
2180	0.75	75	25
2181	0.75	75	25
2182	0.75	75	25
2183	0.75	75	25
2184	0.75	75	25
2185	0.75	75	25
2186	0.76	76	24
2187	0.76	76	24
2188	0.76	76	24
2189	0.76	76	24
2190	0.76	76	24
2191	0.75	75	25
2192	0.75	75	25
2193	0.75	75	25
2194	0.76	76	24
2195	0.76	76	24
2196	0.75	75	25
2197	0.75	75	25
2198	0.75	75	25
2199	0.75	75	25
2200	0.74	74	26
2201	0.75	75	25
2202	0.75	75	25
2203	0.75	75	25
2204	0.76	76	24
2205	0.75	75	25
2206	0.74	74	26
2207	0.74	74	26
2208	0.74	74	26
2209	0.74	74	26
2210	0.74	74	26
2211	0.74	74	26
2212	0.73	73	27
2213	0.73	73	27
2214	0.74	74	26
2215	0.75	75	25
2216	0.75	75	25
2217	0.75	75	25
2218	0.76	76	24
2219	0.76	76	24
2220	0.75	75	25
2221	0.74	74	26
2222	0.74	74	26
2223	0.74	74	26
2224	0.73	73	27
2225	0.73	73	27
2226	0.72	72	28
2227	0.72	72	28
2228	0.73	73	27
2229	0.73	73	27
2230	0.73	73	27
2231	0.72	72	28
2232	0.72	72	28
2233	0.71	71	29
2234	0.72	72	28
2235	0.72	72	28
2236	0.72	72	28
2237	0.72	72	28
2238	0.71	71	29
2239	0.70	70	30
2240	0.70	70	30
2241	0.70	70	30
2242	0.70	70	30
2243	0.70	70	30
2244	0.69	69	31
2245	0.69	69	31
2246	0.69	69	31
2247	0.69	69	31
2248	0.69	69	31
2249	0.69	69	31
2250	0.69	69	31
2251	0.68	68	32
2252	0.68	68	32
2253	0.68	68	32
2254	0.68	68	32
2255	0.68	68	32
2256	0.68	68	32
2257	0.67	67	33
2258	0.67	67	33
2259	0.67	67	33
2260	0.68	68	32
2261	0.68	68	32
2262	0.69	69	31
2263	0.69	69	31
2264	0.70	70	30
2265	0.71	71	29
2266	0.71	71	29
2267	0.71	71	29
2268	0.71	71	29
2269	0.71	71	29
2270	0.71	71	29
2271	0.70	70	30
2272	0.71	71	29
2273	0.71	71	29
2274	0.72	72	28
2275	0.72	72	28
2276	0.72	72	28
2277	0.73	73	27
2278	0.74	74	26
2279	0.74	74	26
2280	0.74	74	26
2281	0.74	74	26
2282	0.73	73	27
2283	0.74	74	26
2284	0.74	74	26
2285	0.73	73	27
2286	0.73	73	27
2287	0.73	73	27
2288	0.73	73	27
2289	0.72	72	28
2290	0.73	73	27
2291	0.74	74	26
2292	0.74	74	26
2293	0.74	74	26
2294	0.74	74	26
2295	0.74	74	26
2296	0.75	75	25
2297	0.75	75	25
2298	0.75	75	25
2299	0.74	74	26
2300	0.74	74	26
2301	0.74	74	26
2302	0.74	74	26
2303	0.74	74	26
2304	0.74	74	26
2305	0.75	75	25
2306	0.76	76	24
2307	0.76	76	24
2308	0.76	76	24
2309	0.76	76	24
2310	0.76	76	24
2311	0.76	76	24
2312	0.77	77	23
2313	0.77	77	23
2314	0.77	77	23
2315	0.77	77	23
2316	0.77	77	23
2317	0.78	78	22
2318	0.78	78	22
2319	0.78	78	22
2320	0.78	78	22
2321	0.79	79	21
2322	0.80	80	20
2323	0.80	80	20
2324	0.80	80	20
2325	0.80	80	20
2326	0.81	81	19
2327	0.81	81	19
2328	0.81	81	19
2329	0.81	81	19
2330	0.81	81	19
2331	0.82	82	18
2332	0.82	82	18
2333	0.82	82	18
2334	0.82	82	18
2335	0.81	81	19
2336	0.81	81	19
2337	0.81	81	19
2338	0.82	82	18
2339	0.83	83	17
2340	0.83	83	17
2341	0.83	83	17
2342	0.83	83	17
2343	0.82	82	18
2344	0.83	83	17
2345	0.83	83	17
2346	0.82	82	18
2347	0.82	82	18
2348	0.82	82	18
2349	0.82	82	18
2350	0.82	82	18
2351	0.82	82	18
2352	0.83	83	17
2353	0.83	83	17
2354	0.84	84	16
2355	0.84	84	16
2356	0.85	85	15
2357	0.86	86	14
2358	0.86	86	14
2359	0.86	86	14
2360	0.86	86	14
2361	0.86	86	14
2362	0.86	86	14
2363	0.86	86	14
2364	0.86	86	14
2365	0.86	86	14
2366	0.86	86	14
2367	0.86	86	14
2368	0.86	86	14
2369	0.86	86	14
2370	0.86	86	14
2371	0.87	87	13
2372	0.86	86	14
2373	0.86	86	14
2374	0.86	86	14
2375	0.85	85	15
2376	0.85	85	15
2377	0.85	85	15
2378	0.85	85	15
2379	0.84	84	16
2380	0.85	85	15
2381	0.85	85	15
2382	0.86	86	14
2383	0.86	86	14
2384	0.86	86	14
2385	0.87	87	13
2386	0.87	87	13
2387	0.87	87	13
2388	0.86	86	14
2389	0.86	86	14
2390	0.86	86	14
2391	0.86	86	14
2392	0.86	86	14
2393	0.86	86	14
2394	0.86	86	14
2395	0.85	85	15
2396	0.85	85	15
2397	0.85	85	15
2398	0.84	84	16
2399	0.85	85	15
2400	0.86	86	14
2401	0.86	86	14
2402	0.86	86	14
2403	0.85	85	15
2404	0.84	84	16
2405	0.83	83	17
2406	0.83	83	17
2407	0.83	83	17
2408	0.83	83	17
2409	0.83	83	17
2410	0.83	83	17
2411	0.82	82	18
2412	0.82	82	18
2413	0.82	82	18
2414	0.82	82	18
2415	0.81	81	19
2416	0.81	81	19
2417	0.81	81	19
2418	0.81	81	19
2419	0.81	81	19
2420	0.82	82	18
2421	0.81	81	19
2422	0.80	80	20
2423	0.80	80	20
2424	0.81	81	19
2425	0.81	81	19
2426	0.81	81	19
2427	0.81	81	19
2428	0.81	81	19
2429	0.81	81	19
2430	0.81	81	19
2431	0.80	80	20
2432	0.79	79	21
2433	0.80	80	20
2434	0.80	80	20
2435	0.81	81	19
2436	0.81	81	19
2437	0.80	80	20
2438	0.80	80	20
2439	0.80	80	20
2440	0.79	79	21
2441	0.78	78	22
2442	0.77	77	23
2443	0.78	78	22
2444	0.78	78	22
2445	0.77	77	23
2446	0.77	77	23
2447	0.77	77	23
2448	0.77	77	23
2449	0.76	76	24
2450	0.76	76	24
2451	0.77	77	23
2452	0.77	77	23
2453	0.77	77	23
2454	0.77	77	23
2455	0.77	77	23
2456	0.76	76	24
2457	0.76	76	24
2458	0.76	76	24
2459	0.75	75	25
2460	0.75	75	25
2461	0.75	75	25
2462	0.75	75	25
2463	0.75	75	25
2464	0.75	75	25
2465	0.74	74	26
2466	0.74	74	26
2467	0.74	74	26
2468	0.73	73	27
2469	0.72	72	28
2470	0.72	72	28
2471	0.72	72	28
2472	0.72	72	28
2473	0.71	71	29
2474	0.71	71	29
2475	0.72	72	28
2476	0.72	72	28
2477	0.71	71	29
2478	0.71	71	29
2479	0.72	72	28
2480	0.72	72	28
2481	0.72	72	28
2482	0.71	71	29
2483	0.71	71	29
2484	0.71	71	29
2485	0.71	71	29
2486	0.71	71	29
2487	0.71	71	29
2488	0.71	71	29
2489	0.71	71	29
2490	0.70	70	30
2491	0.70	70	30
2492	0.70	70	30
2493	0.70	70	30
2494	0.70	70	30
2495	0.70	70	30
2496	0.69	69	31
2497	0.69	69	31
2498	0.70	70	30
2499	0.70	70	30
2500	0.70	70	30
2501	0.70	70	30
2502	0.70	70	30
2503	0.71	71	29
2504	0.72	72	28
2505	0.73	73	27
2506	0.73	73	27
2507	0.73	73	27
2508	0.73	73	27
2509	0.72	72	28
2510	0.71	71	29
2511	0.71	71	29
2512	0.71	71	29
2513	0.71	71	29
2514	0.71	71	29
2515	0.72	72	28
2516	0.72	72	28
2517	0.71	71	29
2518	0.70	70	30
2519	0.70	70	30
2520	0.70	70	30
2521	0.70	70	30
2522	0.71	71	29
2523	0.71	71	29
2524	0.71	71	29
2525	0.70	70	30
2526	0.70	70	30
2527	0.69	69	31
2528	0.68	68	32
2529	0.68	68	32
2530	0.68	68	32
2531	0.69	69	31
2532	0.70	70	30
2533	0.70	70	30
2534	0.69	69	31
2535	0.69	69	31
2536	0.69	69	31
2537	0.69	69	31
2538	0.68	68	32
2539	0.68	68	32
2540	0.69	69	31
2541	0.70	70	30
2542	0.71	71	29
2543	0.71	71	29
2544	0.71	71	29
2545	0.71	71	29
2546	0.72	72	28
2547	0.72	72	28
2548	0.72	72	28
2549	0.73	73	27
2550	0.72	72	28
2551	0.72	72	28
2552	0.72	72	28
2553	0.72	72	28
2554	0.72	72	28
2555	0.72	72	28
2556	0.72	72	28
2557	0.72	72	28
2558	0.72	72	28
2559	0.73	73	27
2560	0.73	73	27
2561	0.73	73	27
2562	0.73	73	27
2563	0.73	73	27
2564	0.73	73	27
2565	0.74	74	26
2566	0.74	74	26
2567	0.73	73	27
2568	0.73	73	27
2569	0.74	74	26
2570	0.74	74	26
2571	0.73	73	27
2572	0.74	74	26
2573	0.75	75	25
2574	0.75	75	25
2575	0.75	75	25
2576	0.74	74	26
2577	0.75	75	25
2578	0.75	75	25
2579	0.75	75	25
2580	0.75	75	25
2581	0.74	74	26
2582	0.74	74	26
2583	0.74	74	26
2584	0.74	74	26
2585	0.74	74	26
2586	0.73	73	27
2587	0.73	73	27
2588	0.74	74	26
2589	0.75	75	25
2590	0.75	75	25
2591	0.74	74	26
2592	0.74	74	26
2593	0.74	74	26
2594	0.74	74	26
2595	0.74	74	26
2596	0.75	75	25
2597	0.75	75	25
2598	0.74	74	26
2599	0.74	74	26
2600	0.74	74	26
2601	0.74	74	26
2602	0.74	74	26
2603	0.74	74	26
2604	0.74	74	26
2605	0.74	74	26
2606	0.73	73	27
2607	0.73	73	27
2608	0.73	73	27
2609	0.74	74	26
2610	0.75	75	25
2611	0.75	75	25
2612	0.75	75	25
2613	0.75	75	25
2614	0.75	75	25
2615	0.75	75	25
2616	0.75	75	25
2617	0.76	76	24
2618	0.77	77	23
2619	0.77	77	23
2620	0.77	77	23
2621	0.78	78	22
2622	0.78	78	22
2623	0.77	77	23
2624	0.77	77	23
2625	0.77	77	23
2626	0.77	77	23
2627	0.77	77	23
2628	0.78	78	22
2629	0.77	77	23
2630	0.77	77	23
2631	0.77	77	23
2632	0.77	77	23
2633	0.77	77	23
2634	0.78	78	22
2635	0.78	78	22
2636	0.78	78	22
2637	0.79	79	21
2638	0.80	80	20
2639	0.80	80	20
2640	0.80	80	20
2641	0.80	80	20
2642	0.79	79	21
2643	0.79	79	21
2644	0.79	79	21
2645	0.80	80	20
2646	0.80	80	20
2647	0.80	80	20
2648	0.79	79	21
2649	0.79	79	21
2650	0.80	80	20
2651	0.79	79	21
2652	0.78	78	22
2653	0.78	78	22
2654	0.78	78	22
2655	0.78	78	22
2656	0.79	79	21
2657	0.78	78	22
2658	0.78	78	22
2659	0.78	78	22
2660	0.77	77	23
2661	0.77	77	23
2662	0.77	77	23
2663	0.77	77	23
2664	0.76	76	24
2665	0.75	75	25
2666	0.74	74	26
2667	0.75	75	25
2668	0.76	76	24
2669	0.76	76	24
2670	0.76	76	24
2671	0.77	77	23
2672	0.76	76	24
2673	0.75	75	25
2674	0.75	75	25
2675	0.74	74	26
2676	0.75	75	25
2677	0.75	75	25
2678	0.75	75	25
2679	0.75	75	25
2680	0.75	75	25
2681	0.76	76	24
2682	0.77	77	23
2683	0.77	77	23
2684	0.77	77	23
2685	0.77	77	23
2686	0.78	78	22
2687	0.78	78	22
2688	0.78	78	22
2689	0.78	78	22
2690	0.78	78	22
2691	0.78	78	22
2692	0.78	78	22
2693	0.77	77	23
2694	0.77	77	23
2695	0.78	78	22
2696	0.78	78	22
2697	0.78	78	22
2698	0.79	79	21
2699	0.79	79	21
2700	0.78	78	22
2701	0.78	78	22
2702	0.78	78	22
2703	0.78	78	22
2704	0.78	78	22
2705	0.78	78	22
2706	0.79	79	21
2707	0.79	79	21
2708	0.79	79	21
2709	0.79	79	21
2710	0.78	78	22
2711	0.78	78	22
2712	0.78	78	22
2713	0.77	77	23
2714	0.77	77	23
2715	0.76	76	24
2716	0.76	76	24
2717	0.75	75	25
2718	0.74	74	26
2719	0.74	74	26
2720	0.73	73	27
2721	0.73	73	27
2722	0.73	73	27
2723	0.74	74	26
2724	0.74	74	26
2725	0.74	74	26
2726	0.74	74	26
2727	0.75	75	25
2728	0.74	74	26
2729	0.75	75	25
2730	0.75	75	25
2731	0.74	74	26
2732	0.74	74	26
2733	0.74	74	26
2734	0.74	74	26
2735	0.74	74	26
2736	0.74	74	26
2737	0.74	74	26
2738	0.74	74	26
2739	0.74	74	26
2740	0.74	74	26
2741	0.73	73	27
2742	0.74	74	26
2743	0.74	74	26
2744	0.74	74	26
2745	0.73	73	27
2746	0.73	73	27
2747	0.72	72	28
2748	0.73	73	27
2749	0.73	73	27
2750	0.73	73	27
2751	0.74	74	26
2752	0.75	75	25
2753	0.75	75	25
2754	0.74	74	26
2755	0.74	74	26
2756	0.74	74	26
2757	0.74	74	26
2758	0.74	74	26
2759	0.74	74	26
2760	0.75	75	25
2761	0.75	75	25
2762	0.74	74	26
2763	0.74	74	26
2764	0.75	75	25
2765	0.75	75	25
2766	0.75	75	25
2767	0.75	75	25
2768	0.75	75	25
2769	0.75	75	25
2770	0.74	74	26
2771	0.74	74	26
2772	0.75	75	25
2773	0.76	76	24
2774	0.76	76	24
2775	0.76	76	24
2776	0.76	76	24
2777	0.76	76	24
2778	0.76	76	24
2779	0.76	76	24
2780	0.76	76	24
2781	0.75	75	25
2782	0.75	75	25
2783	0.75	75	25
2784	0.75	75	25
2785	0.75	75	25
2786	0.75	75	25
2787	0.74	74	26
2788	0.74	74	26
2789	0.73	73	27
2790	0.74	74	26
2791	0.75	75	25
2792	0.74	74	26
2793	0.75	75	25
2794	0.75	75	25
2795	0.75	75	25
2796	0.75	75	25
2797	0.75	75	25
2798	0.75	75	25
2799	0.75	75	25
2800	0.76	76	24
2801	0.76	76	24
2802	0.75	75	25
2803	0.74	74	26
2804	0.74	74	26
2805	0.74	74	26
2806	0.74	74	26
2807	0.74	74	26
2808	0.74	74	26
2809	0.74	74	26
2810	0.75	75	25
2811	0.75	75	25
2812	0.75	75	25
2813	0.76	76	24
2814	0.76	76	24
2815	0.77	77	23
2816	0.76	76	24
2817	0.77	77	23
2818	0.78	78	22
2819	0.78	78	22
2820	0.78	78	22
2821	0.77	77	23
2822	0.77	77	23
2823	0.77	77	23
2824	0.77	77	23
2825	0.78	78	22
2826	0.78	78	22
2827	0.78	78	22
2828	0.79	79	21
2829	0.79	79	21
2830	0.79	79	21
2831	0.79	79	21
2832	0.78	78	22
2833	0.77	77	23
2834	0.77	77	23
2835	0.77	77	23
2836	0.76	76	24
2837	0.76	76	24
2838	0.76	76	24
2839	0.76	76	24
2840	0.76	76	24
2841	0.76	76	24
2842	0.76	76	24
2843	0.76	76	24
2844	0.76	76	24
2845	0.77	77	23
2846	0.77	77	23
2847	0.78	78	22
2848	0.78	78	22
2849	0.78	78	22
2850	0.78	78	22
2851	0.78	78	22
2852	0.78	78	22
2853	0.78	78	22
2854	0.79	79	21
2855	0.78	78	22
2856	0.78	78	22
2857	0.79	79	21
2858	0.78	78	22
2859	0.78	78	22
2860	0.77	77	23
2861	0.76	76	24
2862	0.77	77	23
2863	0.77	77	23
2864	0.77	77	23
2865	0.77	77	23
2866	0.78	78	22
2867	0.78	78	22
2868	0.78	78	22
2869	0.77	77	23
2870	0.78	78	22
2871	0.78	78	22
2872	0.78	78	22
2873	0.78	78	22
2874	0.77	77	23
2875	0.78	78	22
2876	0.78	78	22
2877	0.78	78	22
2878	0.78	78	22
2879	0.78	78	22
2880	0.78	78	22
2881	0.79	79	21
2882	0.79	79	21
2883	0.78	78	22
2884	0.78	78	22
2885	0.78	78	22
2886	0.78	78	22
2887	0.79	79	21
2888	0.79	79	21
2889	0.79	79	21
2890	0.79	79	21
2891	0.78	78	22
2892	0.79	79	21
2893	0.79	79	21
2894	0.79	79	21
2895	0.78	78	22
2896	0.77	77	23
2897	0.77	77	23
2898	0.76	76	24
2899	0.75	75	25
2900	0.74	74	26
2901	0.74	74	26
2902	0.75	75	25
2903	0.76	76	24
2904	0.76	76	24
2905	0.76	76	24
2906	0.76	76	24
2907	0.76	76	24
2908	0.76	76	24
2909	0.76	76	24
2910	0.75	75	25
2911	0.75	75	25
2912	0.75	75	25
2913	0.75	75	25
2914	0.75	75	25
2915	0.75	75	25
2916	0.76	76	24
2917	0.75	75	25
2918	0.74	74	26
2919	0.74	74	26
2920	0.75	75	25
2921	0.76	76	24
2922	0.76	76	24
2923	0.76	76	24
2924	0.75	75	25
2925	0.75	75	25
2926	0.75	75	25
2927	0.75	75	25
2928	0.75	75	25
2929	0.75	75	25
2930	0.74	74	26
2931	0.74	74	26
2932	0.75	75	25
2933	0.76	76	24
2934	0.76	76	24
2935	0.75	75	25
2936	0.76	76	24
2937	0.76	76	24
2938	0.76	76	24
2939	0.76	76	24
2940	0.75	75	25
2941	0.76	76	24
2942	0.76	76	24
2943	0.76	76	24
2944	0.75	75	25
2945	0.75	75	25
2946	0.74	74	26
2947	0.74	74	26
2948	0.73	73	27
2949	0.73	73	27
2950	0.72	72	28
2951	0.72	72	28
2952	0.72	72	28
2953	0.72	72	28
2954	0.72	72	28
2955	0.73	73	27
2956	0.73	73	27
2957	0.72	72	28
2958	0.73	73	27
2959	0.73	73	27
2960	0.73	73	27
2961	0.74	74	26
2962	0.74	74	26
2963	0.73	73	27
2964	0.73	73	27
2965	0.74	74	26
2966	0.73	73	27
2967	0.73	73	27
2968	0.72	72	28
2969	0.73	73	27
2970	0.73	73	27
2971	0.73	73	27
2972	0.73	73	27
2973	0.73	73	27
2974	0.73	73	27
2975	0.73	73	27
2976	0.73	73	27
2977	0.73	73	27
2978	0.73	73	27
2979	0.73	73	27
2980	0.73	73	27
2981	0.73	73	27
2982	0.73	73	27
2983	0.74	74	26
2984	0.74	74	26
2985	0.74	74	26
2986	0.73	73	27
2987	0.73	73	27
2988	0.72	72	28
2989	0.73	73	27
2990	0.73	73	27
2991	0.73	73	27
2992	0.73	73	27
2993	0.72	72	28
2994	0.72	72	28
2995	0.73	73	27
2996	0.74	74	26
2997	0.73	73	27
2998	0.74	74	26
2999	0.75	75	25
3000	0.24	76	24
3001	0.24	76	24
3002	0.24	76	24
3003	0.25	75	25
3004	0.25	75	25
3005	0.25	75	25
3006	0.25	75	25
3007	0.26	74	26
3008	0.26	74	26
3009	0.27	73	27
3010	0.27	73	27
3011	0.27	73	27
3012	0.27	73	27
3013	0.28	72	28
3014	0.29	71	29
3015	0.29	71	29
3016	0.30	70	30
3017	0.29	71	29
3018	0.29	71	29
3019	0.30	70	30
3020	0.30	70	30
3021	0.31	69	31
3022	0.32	68	32
3023	0.33	67	33
3024	0.33	67	33
3025	0.33	67	33
3026	0.34	66	34
3027	0.35	65	35
3028	0.36	64	36
3029	0.37	63	37
3030	0.37	63	37
3031	0.36	64	36
3032	0.36	64	36
3033	0.36	64	36
3034	0.37	63	37
3035	0.37	63	37
3036	0.37	63	37
3037	0.37	63	37
3038	0.38	62	38
3039	0.39	61	39
3040	0.38	62	38
3041	0.39	61	39
3042	0.40	60	40
3043	0.41	59	41
3044	0.41	59	41
3045	0.41	59	41
3046	0.41	59	41
3047	0.42	58	42
3048	0.42	58	42
3049	0.43	57	43
3050	0.43	57	43
3051	0.44	56	44
3052	0.45	55	45
3053	0.45	55	45
3054	0.45	55	45
3055	0.45	55	45
3056	0.46	54	46
3057	0.46	54	46
3058	0.47	53	47
3059	0.47	53	47
3060	0.47	53	47
3061	0.48	52	48
3062	0.49	51	49
3063	0.49	51	49
3064	0.49	51	49
3065	0.50	50	50
3066	0.50	50	50
3067	0.51	49	51
3068	0.51	49	51
3069	0.52	48	52
3070	0.52	48	52
3071	0.52	48	52
3072	0.53	47	53
3073	0.54	46	54
3074	0.53	47	53
3075	0.54	46	54
3076	0.55	45	55
3077	0.55	45	55
3078	0.56	44	56
3079	0.57	43	57
3080	0.57	43	57
3081	0.58	42	58
3082	0.59	41	59
3083	0.60	40	60
3084	0.60	40	60
3085	0.61	39	61
3086	0.61	39	61
3087	0.62	38	62
3088	0.61	39	61
3089	0.62	38	62
3090	0.63	37	63
3091	0.63	37	63
3092	0.64	36	64
3093	0.63	37	63
3094	0.63	37	63
3095	0.63	37	63
3096	0.64	36	64
3097	0.64	36	64
3098	0.65	35	65
3099	0.66	34	66
3100	0.66	34	66
3101	0.67	33	67
3102	0.68	32	68
3103	0.67	33	67
3104	0.67	33	67
3105	0.68	32	68
3106	0.69	31	69
3107	0.68	32	68
3108	0.69	31	69
3109	0.69	31	69
3110	0.69	31	69
3111	0.69	31	69
3112	0.69	31	69
3113	0.69	31	69
3114	0.69	31	69
3115	0.69	31	69
3116	0.68	32	68
3117	0.69	31	69
3118	0.69	31	69
3119	0.69	31	69
3120	0.70	30	70
3121	0.70	30	70
3122	0.70	30	70
3123	0.70	30	70
3124	0.70	30	70
3125	0.71	29	71
3126	0.71	29	71
3127	0.71	29	71
3128	0.70	30	70
3129	0.70	30	70
3130	0.70	30	70
3131	0.71	29	71
3132	0.72	28	72
3133	0.73	27	73
3134	0.73	27	73
3135	0.73	27	73
3136	0.73	27	73
3137	0.74	26	74
3138	0.74	26	74
3139	0.74	26	74
3140	0.75	25	75
3141	0.75	25	75
3142	0.75	25	75
3143	0.75	25	75
3144	0.75	25	75
3145	0.76	24	76
3146	0.76	24	76
3147	0.76	24	76
3148	0.76	24	76
3149	0.76	24	76
3150	0.75	25	75
3151	0.74	26	74
3152	0.74	26	74
3153	0.74	26	74
3154	0.74	26	74
3155	0.75	25	75
3156	0.75	25	75
3157	0.74	26	74
3158	0.74	26	74
3159	0.74	26	74
3160	0.74	26	74
3161	0.74	26	74
3162	0.73	27	73
3163	0.73	27	73
3164	0.74	26	74
3165	0.74	26	74
3166	0.74	26	74
3167	0.73	27	73
3168	0.73	27	73
3169	0.73	27	73
3170	0.74	26	74
3171	0.75	25	75
3172	0.74	26	74
3173	0.74	26	74
3174	0.75	25	75
3175	0.75	25	75
3176	0.75	25	75
3177	0.76	24	76
3178	0.76	24	76
3179	0.76	24	76
3180	0.77	23	77
3181	0.77	23	77
3182	0.77	23	77
3183	0.76	24	76
3184	0.77	23	77
3185	0.77	23	77
3186	0.76	24	76
3187	0.76	24	76
3188	0.77	23	77
3189	0.77	23	77
3190	0.77	23	77
3191	0.77	23	77
3192	0.76	24	76
3193	0.77	23	77
3194	0.77	23	77
3195	0.78	22	78
3196	0.77	23	77
3197	0.77	23	77
3198	0.77	23	77
3199	0.77	23	77
3200	0.78	22	78
3201	0.78	22	78
3202	0.78	22	78
3203	0.78	22	78
3204	0.79	21	79
3205	0.79	21	79
3206	0.79	21	79
3207	0.80	20	80
3208	0.79	21	79
3209	0.79	21	79
3210	0.79	21	79
3211	0.78	22	78
3212	0.79	21	79
3213	0.79	21	79
3214	0.79	21	79
3215	0.80	20	80
3216	0.80	20	80
3217	0.79	21	79
3218	0.78	22	78
3219	0.78	22	78
3220	0.78	22	78
3221	0.78	22	78
3222	0.77	23	77
3223	0.77	23	77
3224	0.77	23	77
3225	0.77	23	77
3226	0.77	23	77
3227	0.76	24	76
3228	0.77	23	77
3229	0.77	23	77
3230	0.77	23	77
3231	0.77	23	77
3232	0.77	23	77
3233	0.77	23	77
3234	0.77	23	77
3235	0.77	23	77
3236	0.78	22	78
3237	0.78	22	78
3238	0.78	22	78
3239	0.78	22	78
3240	0.78	22	78
3241	0.78	22	78
3242	0.77	23	77
3243	0.77	23	77
3244	0.77	23	77
3245	0.76	24	76
3246	0.76	24	76
3247	0.76	24	76
3248	0.76	24	76
3249	0.76	24	76
3250	0.76	24	76
3251	0.76	24	76
3252	0.76	24	76
3253	0.77	23	77
3254	0.77	23	77
3255	0.77	23	77
3256	0.76	24	76
3257	0.77	23	77
3258	0.76	24	76
3259	0.76	24	76
3260	0.76	24	76
3261	0.76	24	76
3262	0.76	24	76
3263	0.76	24	76
3264	0.76	24	76
3265	0.75	25	75
3266	0.75	25	75
3267	0.76	24	76
3268	0.75	25	75
3269	0.75	25	75
3270	0.75	25	75
3271	0.75	25	75
3272	0.76	24	76
3273	0.75	25	75
3274	0.74	26	74
3275	0.74	26	74
3276	0.74	26	74
3277	0.74	26	74
3278	0.73	27	73
3279	0.73	27	73
3280	0.72	28	72
3281	0.72	28	72
3282	0.72	28	72
3283	0.72	28	72
3284	0.71	29	71
3285	0.70	30	70
3286	0.71	29	71
3287	0.71	29	71
3288	0.71	29	71
3289	0.71	29	71
3290	0.71	29	71
3291	0.71	29	71
3292	0.72	28	72
3293	0.71	29	71
3294	0.72	28	72
3295	0.71	29	71
3296	0.71	29	71
3297	0.70	30	70
3298	0.70	30	70
3299	0.70	30	70
3300	0.70	30	70
3301	0.70	30	70
3302	0.69	31	69
3303	0.70	30	70
3304	0.69	31	69
3305	0.69	31	69
3306	0.69	31	69
3307	0.69	31	69
3308	0.70	30	70
3309	0.70	30	70
3310	0.70	30	70
3311	0.71	29	71
3312	0.70	30	70
3313	0.69	31	69
3314	0.69	31	69
3315	0.69	31	69
3316	0.70	30	70
3317	0.70	30	70
3318	0.71	29	71
3319	0.71	29	71
3320	0.71	29	71
3321	0.71	29	71
3322	0.72	28	72
3323	0.72	28	72
3324	0.71	29	71
3325	0.71	29	71
3326	0.71	29	71
3327	0.71	29	71
3328	0.71	29	71
3329	0.71	29	71
3330	0.71	29	71
3331	0.70	30	70
3332	0.69	31	69
3333	0.68	32	68
3334	0.68	32	68
3335	0.68	32	68
3336	0.68	32	68
3337	0.68	32	68
3338	0.68	32	68
3339	0.68	32	68
3340	0.68	32	68
3341	0.68	32	68
3342	0.69	31	69
3343	0.69	31	69
3344	0.69	31	69
3345	0.69	31	69
3346	0.68	32	68
3347	0.67	33	67
3348	0.67	33	67
3349	0.67	33	67
3350	0.68	32	68
3351	0.69	31	69
3352	0.69	31	69
3353	0.69	31	69
3354	0.70	30	70
3355	0.70	30	70
3356	0.71	29	71
3357	0.71	29	71
3358	0.71	29	71
3359	0.71	29	71
3360	0.71	29	71
3361	0.71	29	71
3362	0.71	29	71
3363	0.71	29	71
3364	0.71	29	71
3365	0.72	28	72
3366	0.72	28	72
3367	0.72	28	72
3368	0.73	27	73
3369	0.73	27	73
3370	0.72	28	72
3371	0.71	29	71
3372	0.71	29	71
3373	0.72	28	72
3374	0.72	28	72
3375	0.72	28	72
3376	0.71	29	71
3377	0.71	29	71
3378	0.72	28	72
3379	0.72	28	72
3380	0.73	27	73
3381	0.72	28	72
3382	0.72	28	72
3383	0.73	27	73
3384	0.74	26	74
3385	0.75	25	75
3386	0.75	25	75
3387	0.74	26	74
3388	0.73	27	73
3389	0.72	28	72
3390	0.72	28	72
3391	0.71	29	71
3392	0.70	30	70
3393	0.70	30	70
3394	0.70	30	70
3395	0.71	29	71
3396	0.72	28	72
3397	0.73	27	73
3398	0.73	27	73
3399	0.73	27	73
3400	0.73	27	73
3401	0.73	27	73
3402	0.74	26	74
3403	0.74	26	74
3404	0.75	25	75
3405	0.74	26	74
3406	0.73	27	73
3407	0.73	27	73
3408	0.73	27	73
3409	0.73	27	73
3410	0.73	27	73
3411	0.73	27	73
3412	0.73	27	73
3413	0.74	26	74
3414	0.74	26	74
3415	0.74	26	74
3416	0.73	27	73
3417	0.74	26	74
3418	0.74	26	74
3419	0.74	26	74
3420	0.73	27	73
3421	0.73	27	73
3422	0.73	27	73
3423	0.73	27	73
3424	0.74	26	74
3425	0.73	27	73
3426	0.73	27	73
3427	0.74	26	74
3428	0.74	26	74
3429	0.74	26	74
3430	0.73	27	73
3431	0.74	26	74
3432	0.75	25	75
3433	0.76	24	76
3434	0.75	25	75
3435	0.75	25	75
3436	0.75	25	75
3437	0.74	26	74
3438	0.74	26	74
3439	0.73	27	73
3440	0.73	27	73
3441	0.73	27	73
3442	0.73	27	73
3443	0.73	27	73
3444	0.73	27	73
3445	0.74	26	74
3446	0.75	25	75
3447	0.76	24	76
3448	0.76	24	76
3449	0.76	24	76
3450	0.76	24	76
3451	0.76	24	76
3452	0.75	25	75
3453	0.75	25	75
3454	0.74	26	74
3455	0.74	26	74
3456	0.74	26	74
3457	0.74	26	74
3458	0.74	26	74
3459	0.75	25	75
3460	0.75	25	75
3461	0.75	25	75
3462	0.76	24	76
3463	0.76	24	76
3464	0.76	24	76
3465	0.76	24	76
3466	0.75	25	75
3467	0.75	25	75
3468	0.74	26	74
3469	0.73	27	73
3470	0.74	26	74
3471	0.74	26	74
3472	0.73	27	73
3473	0.73	27	73
3474	0.74	26	74
3475	0.74	26	74
3476	0.74	26	74
3477	0.74	26	74
3478	0.74	26	74
3479	0.74	26	74
3480	0.74	26	74
3481	0.74	26	74
3482	0.74	26	74
3483	0.73	27	73
3484	0.73	27	73
3485	0.72	28	72
3486	0.71	29	71
3487	0.71	29	71
3488	0.71	29	71
3489	0.72	28	72
3490	0.72	28	72
3491	0.73	27	73
3492	0.74	26	74
3493	0.75	25	75
3494	0.75	25	75
3495	0.75	25	75
3496	0.75	25	75
3497	0.75	25	75
3498	0.75	25	75
3499	0.74	26	74
3500	0.74	26	74
3501	0.73	27	73
3502	0.73	27	73
3503	0.73	27	73
3504	0.72	28	72
3505	0.73	27	73
3506	0.73	27	73
3507	0.73	27	73
3508	0.73	27	73
3509	0.73	27	73
3510	0.73	27	73
3511	0.72	28	72
3512	0.73	27	73
3513	0.73	27	73
3514	0.72	28	72
3515	0.72	28	72
3516	0.73	27	73
3517	0.73	27	73
3518	0.72	28	72
3519	0.72	28	72
3520	0.72	28	72
3521	0.72	28	72
3522	0.71	29	71
3523	0.70	30	70
3524	0.70	30	70
3525	0.70	30	70
3526	0.70	30	70
3527	0.70	30	70
3528	0.70	30	70
3529	0.70	30	70
3530	0.70	30	70
3531	0.70	30	70
3532	0.69	31	69
3533	0.69	31	69
3534	0.70	30	70
3535	0.70	30	70
3536	0.70	30	70
3537	0.71	29	71
3538	0.71	29	71
3539	0.72	28	72
3540	0.72	28	72
3541	0.72	28	72
3542	0.72	28	72
3543	0.72	28	72
3544	0.72	28	72
3545	0.72	28	72
3546	0.72	28	72
3547	0.72	28	72
3548	0.72	28	72
3549	0.72	28	72
3550	0.72	28	72
3551	0.72	28	72
3552	0.73	27	73
3553	0.73	27	73
3554	0.74	26	74
3555	0.73	27	73
3556	0.73	27	73
3557	0.72	28	72
3558	0.73	27	73
3559	0.73	27	73
3560	0.73	27	73
3561	0.73	27	73
3562	0.73	27	73
3563	0.73	27	73
3564	0.72	28	72
3565	0.71	29	71
3566	0.72	28	72
3567	0.72	28	72
3568	0.73	27	73
3569	0.74	26	74
3570	0.73	27	73
3571	0.74	26	74
3572	0.75	25	75
3573	0.75	25	75
3574	0.74	26	74
3575	0.74	26	74
3576	0.75	25	75
3577	0.74	26	74
3578	0.74	26	74
3579	0.74	26	74
3580	0.74	26	74
3581	0.74	26	74
3582	0.74	26	74
3583	0.75	25	75
3584	0.75	25	75
3585	0.75	25	75
3586	0.75	25	75
3587	0.76	24	76
3588	0.77	23	77
3589	0.77	23	77
3590	0.77	23	77
3591	0.77	23	77
3592	0.77	23	77
3593	0.77	23	77
3594	0.77	23	77
3595	0.76	24	76
3596	0.75	25	75
3597	0.75	25	75
3598	0.75	25	75
3599	0.75	25	75
3600	0.75	25	75
3601	0.76	24	76
3602	0.76	24	76
3603	0.76	24	76
3604	0.76	24	76
3605	0.76	24	76
3606	0.76	24	76
3607	0.76	24	76
3608	0.76	24	76
3609	0.76	24	76
3610	0.76	24	76
3611	0.77	23	77
3612	0.77	23	77
3613	0.77	23	77
3614	0.77	23	77
3615	0.77	23	77
3616	0.76	24	76
3617	0.76	24	76
3618	0.77	23	77
3619	0.77	23	77
3620	0.78	22	78
3621	0.78	22	78
3622	0.79	21	79
3623	0.80	20	80
3624	0.79	21	79
3625	0.80	20	80
3626	0.79	21	79
3627	0.78	22	78
3628	0.78	22	78
3629	0.77	23	77
3630	0.78	22	78
3631	0.78	22	78
3632	0.79	21	79
3633	0.79	21	79
3634	0.78	22	78
3635	0.78	22	78
3636	0.78	22	78
3637	0.78	22	78
3638	0.77	23	77
3639	0.77	23	77
3640	0.77	23	77
3641	0.77	23	77
3642	0.77	23	77
3643	0.77	23	77
3644	0.77	23	77
3645	0.76	24	76
3646	0.75	25	75
3647	0.75	25	75
3648	0.75	25	75
3649	0.75	25	75
3650	0.75	25	75
3651	0.75	25	75
3652	0.75	25	75
3653	0.75	25	75
3654	0.75	25	75
3655	0.76	24	76
3656	0.76	24	76
3657	0.77	23	77
3658	0.77	23	77
3659	0.77	23	77
3660	0.77	23	77
3661	0.77	23	77
3662	0.76	24	76
3663	0.76	24	76
3664	0.77	23	77
3665	0.78	22	78
3666	0.78	22	78
3667	0.78	22	78
3668	0.78	22	78
3669	0.78	22	78
3670	0.79	21	79
3671	0.79	21	79
3672	0.79	21	79
3673	0.79	21	79
3674	0.79	21	79
3675	0.79	21	79
3676	0.79	21	79
3677	0.80	20	80
3678	0.80	20	80
3679	0.80	20	80
3680	0.80	20	80
3681	0.81	19	81
3682	0.80	20	80
3683	0.80	20	80
3684	0.79	21	79
3685	0.80	20	80
3686	0.81	19	81
3687	0.81	19	81
3688	0.80	20	80
3689	0.79	21	79
3690	0.78	22	78
3691	0.77	23	77
3692	0.77	23	77
3693	0.77	23	77
3694	0.77	23	77
3695	0.78	22	78
3696	0.79	21	79
3697	0.79	21	79
3698	0.79	21	79
3699	0.79	21	79
3700	0.79	21	79
3701	0.79	21	79
3702	0.79	21	79
3703	0.79	21	79
3704	0.80	20	80
3705	0.80	20	80
3706	0.81	19	81
3707	0.80	20	80
3708	0.80	20	80
3709	0.80	20	80
3710	0.79	21	79
3711	0.79	21	79
3712	0.78	22	78
3713	0.77	23	77
3714	0.78	22	78
3715	0.77	23	77
3716	0.78	22	78
3717	0.78	22	78
3718	0.78	22	78
3719	0.78	22	78
3720	0.77	23	77
3721	0.77	23	77
3722	0.76	24	76
3723	0.76	24	76
3724	0.76	24	76
3725	0.76	24	76
3726	0.76	24	76
3727	0.76	24	76
3728	0.76	24	76
3729	0.76	24	76
3730	0.75	25	75
3731	0.75	25	75
3732	0.74	26	74
3733	0.74	26	74
3734	0.75	25	75
3735	0.75	25	75
3736	0.74	26	74
3737	0.74	26	74
3738	0.74	26	74
3739	0.74	26	74
3740	0.74	26	74
3741	0.73	27	73
3742	0.73	27	73
3743	0.72	28	72
3744	0.71	29	71
3745	0.72	28	72
3746	0.73	27	73
3747	0.72	28	72
3748	0.72	28	72
3749	0.72	28	72
3750	0.72	28	72
3751	0.72	28	72
3752	0.71	29	71
3753	0.71	29	71
3754	0.71	29	71
3755	0.70	30	70
3756	0.70	30	70
3757	0.70	30	70
3758	0.69	31	69
3759	0.69	31	69
3760	0.68	32	68
3761	0.68	32	68
3762	0.69	31	69
3763	0.68	32	68
3764	0.68	32	68
3765	0.67	33	67
3766	0.67	33	67
3767	0.66	34	66
3768	0.66	34	66
3769	0.66	34	66
3770	0.65	35	65
3771	0.64	36	64
3772	0.64	36	64
3773	0.64	36	64
3774	0.65	35	65
3775	0.65	35	65
3776	0.65	35	65
3777	0.65	35	65
3778	0.65	35	65
3779	0.64	36	64
3780	0.64	36	64
3781	0.64	36	64
3782	0.65	35	65
3783	0.65	35	65
3784	0.66	34	66
3785	0.66	34	66
3786	0.66	34	66
3787	0.65	35	65
3788	0.66	34	66
3789	0.67	33	67
3790	0.67	33	67
3791	0.68	32	68
3792	0.68	32	68
3793	0.68	32	68
3794	0.68	32	68
3795	0.68	32	68
3796	0.67	33	67
3797	0.67	33	67
3798	0.67	33	67
3799	0.68	32	68
3800	0.68	32	68
3801	0.67	33	67
3802	0.67	33	67
3803	0.67	33	67
3804	0.67	33	67
3805	0.67	33	67
3806	0.67	33	67
3807	0.68	32	68
3808	0.68	32	68
3809	0.68	32	68
3810	0.69	31	69
3811	0.69	31	69
3812	0.69	31	69
3813	0.70	30	70
3814	0.69	31	69
3815	0.69	31	69
3816	0.68	32	68
3817	0.68	32	68
3818	0.68	32	68
3819	0.67	33	67
3820	0.68	32	68
3821	0.67	33	67
3822	0.67	33	67
3823	0.67	33	67
3824	0.68	32	68
3825	0.68	32	68
3826	0.69	31	69
3827	0.69	31	69
3828	0.69	31	69
3829	0.70	30	70
3830	0.71	29	71
3831	0.70	30	70
3832	0.70	30	70
3833	0.70	30	70
3834	0.70	30	70
3835	0.70	30	70
3836	0.70	30	70
3837	0.69	31	69
3838	0.70	30	70
3839	0.70	30	70
3840	0.69	31	69
3841	0.70	30	70
3842	0.70	30	70
3843	0.70	30	70
3844	0.71	29	71
3845	0.71	29	71
3846	0.70	30	70
3847	0.71	29	71
3848	0.71	29	71
3849	0.71	29	71
3850	0.70	30	70
3851	0.70	30	70
3852	0.71	29	71
3853	0.71	29	71
3854	0.70	30	70
3855	0.71	29	71
3856	0.71	29	71
3857	0.71	29	71
3858	0.72	28	72
3859	0.72	28	72
3860	0.73	27	73
3861	0.72	28	72
3862	0.72	28	72
3863	0.72	28	72
3864	0.72	28	72
3865	0.73	27	73
3866	0.73	27	73
3867	0.74	26	74
3868	0.74	26	74
3869	0.74	26	74
3870	0.75	25	75
3871	0.76	24	76
3872	0.75	25	75
3873	0.75	25	75
3874	0.75	25	75
3875	0.75	25	75
3876	0.74	26	74
3877	0.74	26	74
3878	0.73	27	73
3879	0.74	26	74
3880	0.74	26	74
3881	0.74	26	74
3882	0.74	26	74
3883	0.74	26	74
3884	0.74	26	74
3885	0.74	26	74
3886	0.74	26	74
3887	0.74	26	74
3888	0.73	27	73
3889	0.73	27	73
3890	0.74	26	74
3891	0.74	26	74
3892	0.74	26	74
3893	0.74	26	74
3894	0.74	26	74
3895	0.73	27	73
3896	0.74	26	74
3897	0.74	26	74
3898	0.74	26	74
3899	0.74	26	74
3900	0.74	26	74
3901	0.75	25	75
3902	0.75	25	75
3903	0.74	26	74
3904	0.74	26	74
3905	0.74	26	74
3906	0.74	26	74
3907	0.74	26	74
3908	0.74	26	74
3909	0.73	27	73
3910	0.73	27	73
3911	0.73	27	73
3912	0.73	27	73
3913	0.73	27	73
3914	0.74	26	74
3915	0.75	25	75
3916	0.76	24	76
3917	0.76	24	76
3918	0.76	24	76
3919	0.76	24	76
3920	0.76	24	76
3921	0.76	24	76
3922	0.77	23	77
3923	0.77	23	77
3924	0.77	23	77
3925	0.77	23	77
3926	0.77	23	77
3927	0.78	22	78
3928	0.78	22	78
3929	0.78	22	78
3930	0.77	23	77
3931	0.78	22	78
3932	0.78	22	78
3933	0.78	22	78
3934	0.78	22	78
3935	0.78	22	78
3936	0.79	21	79
3937	0.80	20	80
3938	0.80	20	80
3939	0.80	20	80
3940	0.81	19	81
3941	0.80	20	80
3942	0.79	21	79
3943	0.80	20	80
3944	0.80	20	80
3945	0.80	20	80
3946	0.80	20	80
3947	0.80	20	80
3948	0.80	20	80
3949	0.80	20	80
3950	0.81	19	81
3951	0.81	19	81
3952	0.81	19	81
3953	0.81	19	81
3954	0.82	18	82
3955	0.82	18	82
3956	0.82	18	82
3957	0.82	18	82
3958	0.82	18	82
3959	0.82	18	82
3960	0.82	18	82
3961	0.83	17	83
3962	0.83	17	83
3963	0.83	17	83
3964	0.82	18	82
3965	0.81	19	81
3966	0.81	19	81
3967	0.81	19	81
3968	0.81	19	81
3969	0.81	19	81
3970	0.81	19	81
3971	0.80	20	80
3972	0.81	19	81
3973	0.80	20	80
3974	0.80	20	80
3975	0.79	21	79
3976	0.80	20	80
3977	0.80	20	80
3978	0.81	19	81
3979	0.81	19	81
3980	0.81	19	81
3981	0.81	19	81
3982	0.80	20	80
3983	0.80	20	80
3984	0.80	20	80
3985	0.79	21	79
3986	0.78	22	78
3987	0.79	21	79
3988	0.80	20	80
3989	0.80	20	80
3990	0.80	20	80
3991	0.79	21	79
3992	0.78	22	78
3993	0.77	23	77
3994	0.77	23	77
3995	0.78	22	78
3996	0.78	22	78
3997	0.78	22	78
3998	0.78	22	78
3999	0.78	22	78
4000	0.22	22	78
4001	0.23	23	77
4002	0.24	24	76
4003	0.23	23	77
4004	0.24	24	76
4005	0.24	24	76
4006	0.25	25	75
4007	0.26	26	74
4008	0.27	27	73
4009	0.26	26	74
4010	0.26	26	74
4011	0.27	27	73
4012	0.26	26	74
4013	0.27	27	73
4014	0.28	28	72
4015	0.29	29	71
4016	0.29	29	71
4017	0.29	29	71
4018	0.29	29	71
4019	0.28	28	72
4020	0.29	29	71
4021	0.29	29	71
4022	0.30	30	70
4023	0.31	31	69
4024	0.32	32	68
4025	0.33	33	67
4026	0.33	33	67
4027	0.33	33	67
4028	0.34	34	66
4029	0.34	34	66
4030	0.33	33	67
4031	0.34	34	66
4032	0.33	33	67
4033	0.34	34	66
4034	0.35	35	65
4035	0.35	35	65
4036	0.36	36	64
4037	0.37	37	63
4038	0.38	38	62
4039	0.39	39	61
4040	0.40	40	60
4041	0.39	39	61
4042	0.39	39	61
4043	0.40	40	60
4044	0.40	40	60
4045	0.41	41	59
4046	0.40	40	60
4047	0.40	40	60
4048	0.41	41	59
4049	0.42	42	58
4050	0.43	43	57
4051	0.43	43	57
4052	0.44	44	56
4053	0.45	45	55
4054	0.46	46	54
4055	0.47	47	53
4056	0.48	48	52
4057	0.49	49	51
4058	0.49	49	51
4059	0.49	49	51
4060	0.50	50	50
4061	0.51	51	49
4062	0.51	51	49
4063	0.51	51	49
4064	0.50	50	50
4065	0.50	50	50
4066	0.51	51	49
4067	0.52	52	48
4068	0.53	53	47
4069	0.54	54	46
4070	0.55	55	45
4071	0.55	55	45
4072	0.56	56	44
4073	0.55	55	45
4074	0.56	56	44
4075	0.56	56	44
4076	0.56	56	44
4077	0.56	56	44
4078	0.57	57	43
4079	0.58	58	42
4080	0.59	59	41
4081	0.59	59	41
4082	0.58	58	42
4083	0.59	59	41
4084	0.60	60	40
4085	0.60	60	40
4086	0.60	60	40
4087	0.61	61	39
4088	0.61	61	39
4089	0.62	62	38
4090	0.62	62	38
4091	0.62	62	38
4092	0.62	62	38
4093	0.61	61	39
4094	0.62	62	38
4095	0.62	62	38
4096	0.63	63	37
4097	0.63	63	37
4098	0.63	63	37
4099	0.63	63	37
4100	0.64	64	36
4101	0.63	63	37
4102	0.63	63	37
4103	0.64	64	36
4104	0.64	64	36
4105	0.65	65	35
4106	0.64	64	36
4107	0.63	63	37
4108	0.63	63	37
4109	0.64	64	36
4110	0.65	65	35
4111	0.65	65	35
4112	0.65	65	35
4113	0.65	65	35
4114	0.65	65	35
4115	0.64	64	36
4116	0.65	65	35
4117	0.65	65	35
4118	0.66	66	34
4119	0.67	67	33
4120	0.66	66	34
4121	0.66	66	34
4122	0.66	66	34
4123	0.66	66	34
4124	0.66	66	34
4125	0.66	66	34
4126	0.67	67	33
4127	0.68	68	32
4128	0.68	68	32
4129	0.69	69	31
4130	0.70	70	30
4131	0.70	70	30
4132	0.71	71	29
4133	0.71	71	29
4134	0.71	71	29
4135	0.72	72	28
4136	0.72	72	28
4137	0.71	71	29
4138	0.71	71	29
4139	0.71	71	29
4140	0.71	71	29
4141	0.72	72	28
4142	0.71	71	29
4143	0.71	71	29
4144	0.72	72	28
4145	0.72	72	28
4146	0.72	72	28
4147	0.72	72	28
4148	0.71	71	29
4149	0.71	71	29
4150	0.71	71	29
4151	0.71	71	29
4152	0.71	71	29
4153	0.71	71	29
4154	0.71	71	29
4155	0.70	70	30
4156	0.70	70	30
4157	0.70	70	30
4158	0.71	71	29
4159	0.72	72	28
4160	0.71	71	29
4161	0.70	70	30
4162	0.70	70	30
4163	0.69	69	31
4164	0.70	70	30
4165	0.69	69	31
4166	0.69	69	31
4167	0.69	69	31
4168	0.68	68	32
4169	0.68	68	32
4170	0.67	67	33
4171	0.66	66	34
4172	0.65	65	35
4173	0.65	65	35
4174	0.65	65	35
4175	0.65	65	35
4176	0.66	66	34
4177	0.67	67	33
4178	0.67	67	33
4179	0.66	66	34
4180	0.65	65	35
4181	0.66	66	34
4182	0.66	66	34
4183	0.66	66	34
4184	0.66	66	34
4185	0.65	65	35
4186	0.65	65	35
4187	0.65	65	35
4188	0.66	66	34
4189	0.66	66	34
4190	0.67	67	33
4191	0.66	66	34
4192	0.66	66	34
4193	0.67	67	33
4194	0.66	66	34
4195	0.66	66	34
4196	0.66	66	34
4197	0.66	66	34
4198	0.66	66	34
4199	0.66	66	34
4200	0.66	66	34
4201	0.66	66	34
4202	0.66	66	34
4203	0.66	66	34
4204	0.66	66	34
4205	0.66	66	34
4206	0.67	67	33
4207	0.68	68	32
4208	0.67	67	33
4209	0.67	67	33
4210	0.67	67	33
4211	0.67	67	33
4212	0.67	67	33
4213	0.67	67	33
4214	0.67	67	33
4215	0.68	68	32
4216	0.67	67	33
4217	0.68	68	32
4218	0.68	68	32
4219	0.68	68	32
4220	0.68	68	32
4221	0.68	68	32
4222	0.68	68	32
4223	0.68	68	32
4224	0.68	68	32
4225	0.67	67	33
4226	0.67	67	33
4227	0.67	67	33
4228	0.67	67	33
4229	0.67	67	33
4230	0.66	66	34
4231	0.66	66	34
4232	0.66	66	34
4233	0.65	65	35
4234	0.64	64	36
4235	0.64	64	36
4236	0.64	64	36
4237	0.65	65	35
4238	0.65	65	35
4239	0.64	64	36
4240	0.64	64	36
4241	0.64	64	36
4242	0.65	65	35
4243	0.65	65	35
4244	0.65	65	35
4245	0.65	65	35
4246	0.66	66	34
4247	0.67	67	33
4248	0.67	67	33
4249	0.67	67	33
4250	0.67	67	33
4251	0.68	68	32
4252	0.68	68	32
4253	0.68	68	32
4254	0.67	67	33
4255	0.68	68	32
4256	0.68	68	32
4257	0.68	68	32
4258	0.67	67	33
4259	0.67	67	33
4260	0.68	68	32
4261	0.69	69	31
4262	0.70	70	30
4263	0.71	71	29
4264	0.71	71	29
4265	0.71	71	29
4266	0.71	71	29
4267	0.71	71	29
4268	0.71	71	29
4269	0.71	71	29
4270	0.72	72	28
4271	0.73	73	27
4272	0.74	74	26
4273	0.75	75	25
4274	0.75	75	25
4275	0.75	75	25
4276	0.75	75	25
4277	0.75	75	25
4278	0.75	75	25
4279	0.75	75	25
4280	0.76	76	24
4281	0.76	76	24
4282	0.77	77	23
4283	0.77	77	23
4284	0.77	77	23
4285	0.78	78	22
4286	0.78	78	22
4287	0.78	78	22
4288	0.78	78	22
4289	0.78	78	22
4290	0.78	78	22
4291	0.79	79	21
4292	0.79	79	21
4293	0.79	79	21
4294	0.80	80	20
4295	0.80	80	20
4296	0.80	80	20
4297	0.81	81	19
4298	0.82	82	18
4299	0.83	83	17
4300	0.82	82	18
4301	0.83	83	17
4302	0.83	83	17
4303	0.83	83	17
4304	0.83	83	17
4305	0.83	83	17
4306	0.83	83	17
4307	0.83	83	17
4308	0.84	84	16
4309	0.84	84	16
4310	0.84	84	16
4311	0.84	84	16
4312	0.84	84	16
4313	0.84	84	16
4314	0.83	83	17
4315	0.83	83	17
4316	0.83	83	17
4317	0.83	83	17
4318	0.83	83	17
4319	0.83	83	17
4320	0.83	83	17
4321	0.83	83	17
4322	0.83	83	17
4323	0.83	83	17
4324	0.83	83	17
4325	0.84	84	16
4326	0.84	84	16
4327	0.84	84	16
4328	0.84	84	16
4329	0.84	84	16
4330	0.84	84	16
4331	0.84	84	16
4332	0.84	84	16
4333	0.85	85	15
4334	0.86	86	14
4335	0.85	85	15
4336	0.84	84	16
4337	0.83	83	17
4338	0.83	83	17
4339	0.84	84	16
4340	0.84	84	16
4341	0.84	84	16
4342	0.83	83	17
4343	0.83	83	17
4344	0.82	82	18
4345	0.82	82	18
4346	0.81	81	19
4347	0.81	81	19
4348	0.82	82	18
4349	0.82	82	18
4350	0.81	81	19
4351	0.80	80	20
4352	0.79	79	21
4353	0.79	79	21
4354	0.80	80	20
4355	0.80	80	20
4356	0.80	80	20
4357	0.80	80	20
4358	0.81	81	19
4359	0.80	80	20
4360	0.80	80	20
4361	0.80	80	20
4362	0.80	80	20
4363	0.80	80	20
4364	0.80	80	20
4365	0.80	80	20
4366	0.80	80	20
4367	0.80	80	20
4368	0.81	81	19
4369	0.81	81	19
4370	0.81	81	19
4371	0.80	80	20
4372	0.80	80	20
4373	0.80	80	20
4374	0.80	80	20
4375	0.80	80	20
4376	0.80	80	20
4377	0.80	80	20
4378	0.79	79	21
4379	0.80	80	20
4380	0.80	80	20
4381	0.80	80	20
4382	0.80	80	20
4383	0.80	80	20
4384	0.79	79	21
4385	0.79	79	21
4386	0.79	79	21
4387	0.79	79	21
4388	0.79	79	21
4389	0.79	79	21
4390	0.78	78	22
4391	0.77	77	23
4392	0.77	77	23
4393	0.76	76	24
4394	0.76	76	24
4395	0.77	77	23
4396	0.76	76	24
4397	0.76	76	24
4398	0.76	76	24
4399	0.76	76	24
4400	0.77	77	23
4401	0.76	76	24
4402	0.76	76	24
4403	0.76	76	24
4404	0.76	76	24
4405	0.76	76	24
4406	0.76	76	24
4407	0.76	76	24
4408	0.75	75	25
4409	0.75	75	25
4410	0.74	74	26
4411	0.74	74	26
4412	0.75	75	25
4413	0.75	75	25
4414	0.76	76	24
4415	0.76	76	24
4416	0.77	77	23
4417	0.77	77	23
4418	0.77	77	23
4419	0.77	77	23
4420	0.78	78	22
4421	0.77	77	23
4422	0.76	76	24
4423	0.76	76	24
4424	0.75	75	25
4425	0.75	75	25
4426	0.74	74	26
4427	0.74	74	26
4428	0.74	74	26
4429	0.74	74	26
4430	0.75	75	25
4431	0.75	75	25
4432	0.75	75	25
4433	0.75	75	25
4434	0.74	74	26
4435	0.75	75	25
4436	0.76	76	24
4437	0.77	77	23
4438	0.77	77	23
4439	0.77	77	23
4440	0.76	76	24
4441	0.75	75	25
4442	0.76	76	24
4443	0.76	76	24
4444	0.77	77	23
4445	0.77	77	23
4446	0.78	78	22
4447	0.78	78	22
4448	0.78	78	22
4449	0.78	78	22
4450	0.79	79	21
4451	0.80	80	20
4452	0.81	81	19
4453	0.80	80	20
4454	0.80	80	20
4455	0.80	80	20
4456	0.80	80	20
4457	0.80	80	20
4458	0.80	80	20
4459	0.81	81	19
4460	0.81	81	19
4461	0.81	81	19
4462	0.81	81	19
4463	0.80	80	20
4464	0.80	80	20
4465	0.81	81	19
4466	0.81	81	19
4467	0.81	81	19
4468	0.81	81	19
4469	0.80	80	20
4470	0.80	80	20
4471	0.81	81	19
4472	0.81	81	19
4473	0.81	81	19
4474	0.81	81	19
4475	0.81	81	19
4476	0.81	81	19
4477	0.80	80	20
4478	0.81	81	19
4479	0.81	81	19
4480	0.81	81	19
4481	0.80	80	20
4482	0.79	79	21
4483	0.79	79	21
4484	0.80	80	20
4485	0.79	79	21
4486	0.79	79	21
4487	0.78	78	22
4488	0.78	78	22
4489	0.78	78	22
4490	0.79	79	21
4491	0.80	80	20
4492	0.80	80	20
4493	0.81	81	19
4494	0.81	81	19
4495	0.81	81	19
4496	0.82	82	18
4497	0.82	82	18
4498	0.81	81	19
4499	0.81	81	19
4500	0.81	81	19
4501	0.82	82	18
4502	0.82	82	18
4503	0.82	82	18
4504	0.82	82	18
4505	0.82	82	18
4506	0.82	82	18
4507	0.82	82	18
4508	0.83	83	17
4509	0.82	82	18
4510	0.83	83	17
4511	0.83	83	17
4512	0.83	83	17
4513	0.82	82	18
4514	0.81	81	19
4515	0.81	81	19
4516	0.81	81	19
4517	0.81	81	19
4518	0.81	81	19
4519	0.81	81	19
4520	0.81	81	19
4521	0.82	82	18
4522	0.83	83	17
4523	0.82	82	18
4524	0.83	83	17
4525	0.83	83	17
4526	0.84	84	16
4527	0.84	84	16
4528	0.84	84	16
4529	0.83	83	17
4530	0.83	83	17
4531	0.83	83	17
4532	0.82	82	18
4533	0.82	82	18
4534	0.82	82	18
4535	0.82	82	18
4536	0.82	82	18
4537	0.82	82	18
4538	0.82	82	18
4539	0.81	81	19
4540	0.82	82	18
4541	0.83	83	17
4542	0.83	83	17
4543	0.83	83	17
4544	0.82	82	18
4545	0.82	82	18
4546	0.82	82	18
4547	0.81	81	19
4548	0.81	81	19
4549	0.81	81	19
4550	0.81	81	19
4551	0.81	81	19
4552	0.81	81	19
4553	0.82	82	18
4554	0.81	81	19
4555	0.81	81	19
4556	0.81	81	19
4557	0.81	81	19
4558	0.81	81	19
4559	0.81	81	19
4560	0.81	81	19
4561	0.81	81	19
4562	0.81	81	19
4563	0.81	81	19
4564	0.81	81	19
4565	0.81	81	19
4566	0.80	80	20
4567	0.80	80	20
4568	0.80	80	20
4569	0.81	81	19
4570	0.81	81	19
4571	0.80	80	20
4572	0.79	79	21
4573	0.78	78	22
4574	0.78	78	22
4575	0.77	77	23
4576	0.77	77	23
4577	0.78	78	22
4578	0.78	78	22
4579	0.77	77	23
4580	0.76	76	24
4581	0.77	77	23
4582	0.78	78	22
4583	0.78	78	22
4584	0.78	78	22
4585	0.79	79	21
4586	0.78	78	22
4587	0.79	79	21
4588	0.78	78	22
4589	0.78	78	22
4590	0.78	78	22
4591	0.78	78	22
4592	0.77	77	23
4593	0.77	77	23
4594	0.77	77	23
4595	0.77	77	23
4596	0.77	77	23
4597	0.77	77	23
4598	0.78	78	22
4599	0.77	77	23
4600	0.76	76	24
4601	0.75	75	25
4602	0.75	75	25
4603	0.74	74	26
4604	0.74	74	26
4605	0.73	73	27
4606	0.73	73	27
4607	0.72	72	28
4608	0.72	72	28
4609	0.73	73	27
4610	0.73	73	27
4611	0.73	73	27
4612	0.73	73	27
4613	0.73	73	27
4614	0.74	74	26
4615	0.74	74	26
4616	0.74	74	26
4617	0.73	73	27
4618	0.73	73	27
4619	0.72	72	28
4620	0.72	72	28
4621	0.72	72	28
4622	0.72	72	28
4623	0.73	73	27
4624	0.72	72	28
4625	0.72	72	28
4626	0.71	71	29
4627	0.71	71	29
4628	0.71	71	29
4629	0.71	71	29
4630	0.71	71	29
4631	0.71	71	29
4632	0.71	71	29
4633	0.71	71	29
4634	0.71	71	29
4635	0.71	71	29
4636	0.71	71	29
4637	0.70	70	30
4638	0.69	69	31
4639	0.70	70	30
4640	0.70	70	30
4641	0.69	69	31
4642	0.68	68	32
4643	0.68	68	32
4644	0.69	69	31
4645	0.69	69	31
4646	0.68	68	32
4647	0.69	69	31
4648	0.69	69	31
4649	0.69	69	31
4650	0.69	69	31
4651	0.69	69	31
4652	0.69	69	31
4653	0.69	69	31
4654	0.70	70	30
4655	0.70	70	30
4656	0.69	69	31
4657	0.69	69	31
4658	0.69	69	31
4659	0.68	68	32
4660	0.68	68	32
4661	0.68	68	32
4662	0.68	68	32
4663	0.68	68	32
4664	0.68	68	32
4665	0.67	67	33
4666	0.68	68	32
4667	0.68	68	32
4668	0.68	68	32
4669	0.68	68	32
4670	0.68	68	32
4671	0.68	68	32
4672	0.68	68	32
4673	0.69	69	31
4674	0.68	68	32
4675	0.69	69	31
4676	0.69	69	31
4677	0.69	69	31
4678	0.69	69	31
4679	0.70	70	30
4680	0.71	71	29
4681	0.71	71	29
4682	0.71	71	29
4683	0.71	71	29
4684	0.71	71	29
4685	0.71	71	29
4686	0.72	72	28
4687	0.72	72	28
4688	0.72	72	28
4689	0.72	72	28
4690	0.72	72	28
4691	0.71	71	29
4692	0.71	71	29
4693	0.71	71	29
4694	0.71	71	29
4695	0.71	71	29
4696	0.70	70	30
4697	0.69	69	31
4698	0.69	69	31
4699	0.70	70	30
4700	0.71	71	29
4701	0.72	72	28
4702	0.71	71	29
4703	0.71	71	29
4704	0.71	71	29
4705	0.72	72	28
4706	0.72	72	28
4707	0.73	73	27
4708	0.73	73	27
4709	0.73	73	27
4710	0.73	73	27
4711	0.73	73	27
4712	0.73	73	27
4713	0.74	74	26
4714	0.73	73	27
4715	0.73	73	27
4716	0.73	73	27
4717	0.74	74	26
4718	0.74	74	26
4719	0.75	75	25
4720	0.75	75	25
4721	0.74	74	26
4722	0.73	73	27
4723	0.72	72	28
4724	0.72	72	28
4725	0.72	72	28
4726	0.73	73	27
4727	0.73	73	27
4728	0.73	73	27
4729	0.74	74	26
4730	0.74	74	26
4731	0.74	74	26
4732	0.74	74	26
4733	0.74	74	26
4734	0.75	75	25
4735	0.75	75	25
4736	0.75	75	25
4737	0.76	76	24
4738	0.77	77	23
4739	0.76	76	24
4740	0.76	76	24
4741	0.77	77	23
4742	0.78	78	22
4743	0.78	78	22
4744	0.78	78	22
4745	0.77	77	23
4746	0.78	78	22
4747	0.78	78	22
4748	0.78	78	22
4749	0.77	77	23
4750	0.77	77	23
4751	0.76	76	24
4752	0.76	76	24
4753	0.75	75	25
4754	0.74	74	26
4755	0.73	73	27
4756	0.74	74	26
4757	0.74	74	26
4758	0.74	74	26
4759	0.75	75	25
4760	0.74	74	26
4761	0.74	74	26
4762	0.74	74	26
4763	0.75	75	25
4764	0.75	75	25
4765	0.76	76	24
4766	0.76	76	24
4767	0.75	75	25
4768	0.75	75	25
4769	0.75	75	25
4770	0.74	74	26
4771	0.74	74	26
4772	0.74	74	26
4773	0.73	73	27
4774	0.74	74	26
4775	0.73	73	27
4776	0.73	73	27
4777	0.72	72	28
4778	0.71	71	29
4779	0.71	71	29
4780	0.71	71	29
4781	0.71	71	29
4782	0.71	71	29
4783	0.71	71	29
4784	0.70	70	30
4785	0.70	70	30
4786	0.70	70	30
4787	0.69	69	31
4788	0.70	70	30
4789	0.69	69	31
4790	0.68	68	32
4791	0.69	69	31
4792	0.69	69	31
4793	0.68	68	32
4794	0.68	68	32
4795	0.68	68	32
4796	0.69	69	31
4797	0.70	70	30
4798	0.70	70	30
4799	0.70	70	30
4800	0.70	70	30
4801	0.70	70	30
4802	0.71	71	29
4803	0.72	72	28
4804	0.72	72	28
4805	0.72	72	28
4806	0.72	72	28
4807	0.72	72	28
4808	0.71	71	29
4809	0.71	71	29
4810	0.71	71	29
4811	0.71	71	29
4812	0.71	71	29
4813	0.71	71	29
4814	0.72	72	28
4815	0.71	71	29
4816	0.71	71	29
4817	0.70	70	30
4818	0.70	70	30
4819	0.70	70	30
4820	0.70	70	30
4821	0.71	71	29
4822	0.72	72	28
4823	0.73	73	27
4824	0.74	74	26
4825	0.74	74	26
4826	0.74	74	26
4827	0.74	74	26
4828	0.73	73	27
4829	0.73	73	27
4830	0.73	73	27
4831	0.73	73	27
4832	0.74	74	26
4833	0.73	73	27
4834	0.73	73	27
4835	0.73	73	27
4836	0.72	72	28
4837	0.72	72	28
4838	0.72	72	28
4839	0.73	73	27
4840	0.73	73	27
4841	0.73	73	27
4842	0.72	72	28
4843	0.72	72	28
4844	0.71	71	29
4845	0.71	71	29
4846	0.70	70	30
4847	0.69	69	31
4848	0.69	69	31
4849	0.70	70	30
4850	0.70	70	30
4851	0.71	71	29
4852	0.71	71	29
4853	0.72	72	28
4854	0.73	73	27
4855	0.74	74	26
4856	0.73	73	27
4857	0.73	73	27
4858	0.73	73	27
4859	0.73	73	27
4860	0.74	74	26
4861	0.74	74	26
4862	0.74	74	26
4863	0.74	74	26
4864	0.74	74	26
4865	0.74	74	26
4866	0.73	73	27
4867	0.73	73	27
4868	0.73	73	27
4869	0.72	72	28
4870	0.73	73	27
4871	0.74	74	26
4872	0.75	75	25
4873	0.75	75	25
4874	0.75	75	25
4875	0.76	76	24
4876	0.76	76	24
4877	0.76	76	24
4878	0.77	77	23
4879	0.77	77	23
4880	0.77	77	23
4881	0.76	76	24
4882	0.76	76	24
4883	0.76	76	24
4884	0.77	77	23
4885	0.77	77	23
4886	0.77	77	23
4887	0.77	77	23
4888	0.77	77	23
4889	0.78	78	22
4890	0.79	79	21
4891	0.79	79	21
4892	0.79	79	21
4893	0.80	80	20
4894	0.80	80	20
4895	0.80	80	20
4896	0.79	79	21
4897	0.79	79	21
4898	0.79	79	21
4899	0.78	78	22
4900	0.78	78	22
4901	0.77	77	23
4902	0.77	77	23
4903	0.77	77	23
4904	0.77	77	23
4905	0.77	77	23
4906	0.77	77	23
4907	0.77	77	23
4908	0.78	78	22
4909	0.77	77	23
4910	0.77	77	23
4911	0.77	77	23
4912	0.77	77	23
4913	0.76	76	24
4914	0.76	76	24
4915	0.76	76	24
4916	0.76	76	24
4917	0.77	77	23
4918	0.77	77	23
4919	0.77	77	23
4920	0.77	77	23
4921	0.77	77	23
4922	0.77	77	23
4923	0.77	77	23
4924	0.77	77	23
4925	0.77	77	23
4926	0.77	77	23
4927	0.77	77	23
4928	0.78	78	22
4929	0.78	78	22
4930	0.78	78	22
4931	0.78	78	22
4932	0.77	77	23
4933	0.77	77	23
4934	0.77	77	23
4935	0.77	77	23
4936	0.78	78	22
4937	0.77	77	23
4938	0.77	77	23
4939	0.77	77	23
4940	0.76	76	24
4941	0.75	75	25
4942	0.76	76	24
4943	0.76	76	24
4944	0.76	76	24
4945	0.77	77	23
4946	0.78	78	22
4947	0.78	78	22
4948	0.77	77	23
4949	0.77	77	23
4950	0.77	77	23
4951	0.76	76	24
4952	0.76	76	24
4953	0.76	76	24
4954	0.75	75	25
4955	0.75	75	25
4956	0.76	76	24
4957	0.75	75	25
4958	0.74	74	26
4959	0.73	73	27
4960	0.73	73	27
4961	0.73	73	27
4962	0.72	72	28
4963	0.71	71	29
4964	0.70	70	30
4965	0.70	70	30
4966	0.70	70	30
4967	0.70	70	30
4968	0.70	70	30
4969	0.71	71	29
4970	0.71	71	29
4971	0.71	71	29
4972	0.71	71	29
4973	0.72	72	28
4974	0.72	72	28
4975	0.72	72	28
4976	0.71	71	29
4977	0.72	72	28
4978	0.72	72	28
4979	0.71	71	29
4980	0.71	71	29
4981	0.72	72	28
4982	0.72	72	28
4983	0.72	72	28
4984	0.72	72	28
4985	0.72	72	28
4986	0.72	72	28
4987	0.73	73	27
4988	0.73	73	27
4989	0.73	73	27
4990	0.73	73	27
4991	0.72	72	28
4992	0.72	72	28
4993	0.72	72	28
4994	0.71	71	29
4995	0.70	70	30
4996	0.71	71	29
4997	0.71	71	29
4998	0.71	71	29
4999	0.72	72	28
5000	0.29	71	29
5001	0.29	71	29
5002	0.30	70	30
5003	0.31	69	31
5004	0.32	68	32
5005	0.32	68	32
5006	0.33	67	33
5007	0.33	67	33
5008	0.33	67	33
5009	0.33	67	33
5010	0.34	66	34
5011	0.34	66	34
5012	0.35	65	35
5013	0.34	66	34
5014	0.35	65	35
5015	0.34	66	34
5016	0.34	66	34
5017	0.35	65	35
5018	0.36	64	36
5019	0.37	63	37
5020	0.37	63	37
5021	0.38	62	38
5022	0.39	61	39
5023	0.40	60	40
5024	0.41	59	41
5025	0.42	58	42
5026	0.43	57	43
5027	0.44	56	44
5028	0.44	56	44
5029	0.45	55	45
5030	0.45	55	45
5031	0.46	54	46
5032	0.46	54	46
5033	0.46	54	46
5034	0.47	53	47
5035	0.48	52	48
5036	0.49	51	49
5037	0.49	51	49
5038	0.50	50	50
5039	0.51	49	51
5040	0.51	49	51
5041	0.51	49	51
5042	0.51	49	51
5043	0.52	48	52
5044	0.52	48	52
5045	0.52	48	52
5046	0.53	47	53
5047	0.53	47	53
5048	0.53	47	53
5049	0.54	46	54
5050	0.54	46	54
5051	0.54	46	54
5052	0.54	46	54
5053	0.55	45	55
5054	0.55	45	55
5055	0.56	44	56
5056	0.57	43	57
5057	0.57	43	57
5058	0.56	44	56
5059	0.56	44	56
5060	0.57	43	57
5061	0.58	42	58
5062	0.58	42	58
5063	0.57	43	57
5064	0.57	43	57
5065	0.58	42	58
5066	0.58	42	58
5067	0.58	42	58
5068	0.59	41	59
5069	0.60	40	60
5070	0.61	39	61
5071	0.62	38	62
5072	0.63	37	63
5073	0.64	36	64
5074	0.65	35	65
5075	0.66	34	66
5076	0.66	34	66
5077	0.67	33	67
5078	0.68	32	68
5079	0.68	32	68
5080	0.69	31	69
5081	0.70	30	70
5082	0.71	29	71
5083	0.72	28	72
5084	0.73	27	73
5085	0.73	27	73
5086	0.73	27	73
5087	0.73	27	73
5088	0.74	26	74
5089	0.75	25	75
5090	0.76	24	76
5091	0.75	25	75
5092	0.75	25	75
5093	0.76	24	76
5094	0.75	25	75
5095	0.75	25	75
5096	0.76	24	76
5097	0.77	23	77
5098	0.78	22	78
5099	0.78	22	78
5100	0.77	23	77
5101	0.77	23	77
5102	0.77	23	77
5103	0.77	23	77
5104	0.76	24	76
5105	0.77	23	77
5106	0.77	23	77
5107	0.78	22	78
5108	0.79	21	79
5109	0.78	22	78
5110	0.77	23	77
5111	0.78	22	78
5112	0.77	23	77
5113	0.78	22	78
5114	0.78	22	78
5115	0.78	22	78
5116	0.79	21	79
5117	0.79	21	79
5118	0.79	21	79
5119	0.79	21	79
5120	0.80	20	80
5121	0.80	20	80
5122	0.80	20	80
5123	0.80	20	80
5124	0.80	20	80
5125	0.80	20	80
5126	0.80	20	80
5127	0.80	20	80
5128	0.80	20	80
5129	0.80	20	80
5130	0.80	20	80
5131	0.80	20	80
5132	0.79	21	79
5133	0.79	21	79
5134	0.79	21	79
5135	0.79	21	79
5136	0.79	21	79
5137	0.79	21	79
5138	0.79	21	79
5139	0.79	21	79
5140	0.79	21	79
5141	0.79	21	79
5142	0.80	20	80
5143	0.79	21	79
5144	0.78	22	78
5145	0.79	21	79
5146	0.79	21	79
5147	0.79	21	79
5148	0.79	21	79
5149	0.79	21	79
5150	0.80	20	80
5151	0.80	20	80
5152	0.81	19	81
5153	0.81	19	81
5154	0.81	19	81
5155	0.81	19	81
5156	0.80	20	80
5157	0.80	20	80
5158	0.81	19	81
5159	0.81	19	81
5160	0.81	19	81
5161	0.80	20	80
5162	0.80	20	80
5163	0.81	19	81
5164	0.81	19	81
5165	0.81	19	81
5166	0.81	19	81
5167	0.81	19	81
5168	0.81	19	81
5169	0.81	19	81
5170	0.81	19	81
5171	0.81	19	81
5172	0.81	19	81
5173	0.81	19	81
5174	0.80	20	80
5175	0.80	20	80
5176	0.80	20	80
5177	0.80	20	80
5178	0.79	21	79
5179	0.78	22	78
5180	0.78	22	78
5181	0.77	23	77
5182	0.77	23	77
5183	0.76	24	76
5184	0.75	25	75
5185	0.76	24	76
5186	0.77	23	77
5187	0.78	22	78
5188	0.77	23	77
5189	0.77	23	77
5190	0.77	23	77
5191	0.78	22	78
5192	0.78	22	78
5193	0.77	23	77
5194	0.78	22	78
5195	0.78	22	78
5196	0.77	23	77
5197	0.77	23	77
5198	0.77	23	77
5199	0.78	22	78
5200	0.78	22	78
5201	0.78	22	78
5202	0.77	23	77
5203	0.77	23	77
5204	0.78	22	78
5205	0.78	22	78
5206	0.78	22	78
5207	0.77	23	77
5208	0.77	23	77
5209	0.78	22	78
5210	0.79	21	79
5211	0.79	21	79
5212	0.79	21	79
5213	0.79	21	79
5214	0.78	22	78
5215	0.79	21	79
5216	0.79	21	79
5217	0.79	21	79
5218	0.79	21	79
5219	0.78	22	78
5220	0.78	22	78
5221	0.78	22	78
5222	0.78	22	78
5223	0.78	22	78
5224	0.77	23	77
5225	0.77	23	77
5226	0.77	23	77
5227	0.77	23	77
5228	0.77	23	77
5229	0.76	24	76
5230	0.77	23	77
5231	0.76	24	76
5232	0.77	23	77
5233	0.76	24	76
5234	0.76	24	76
5235	0.76	24	76
5236	0.76	24	76
5237	0.76	24	76
5238	0.75	25	75
5239	0.75	25	75
5240	0.75	25	75
5241	0.75	25	75
5242	0.75	25	75
5243	0.75	25	75
5244	0.76	24	76
5245	0.75	25	75
5246	0.75	25	75
5247	0.75	25	75
5248	0.75	25	75
5249	0.74	26	74
5250	0.74	26	74
5251	0.73	27	73
5252	0.73	27	73
5253	0.73	27	73
5254	0.73	27	73
5255	0.73	27	73
5256	0.74	26	74
5257	0.73	27	73
5258	0.73	27	73
5259	0.72	28	72
5260	0.71	29	71
5261	0.72	28	72
5262	0.72	28	72
5263	0.72	28	72
5264	0.72	28	72
5265	0.72	28	72
5266	0.72	28	72
5267	0.72	28	72
5268	0.72	28	72
5269	0.71	29	71
5270	0.71	29	71
5271	0.71	29	71
5272	0.71	29	71
5273	0.71	29	71
5274	0.72	28	72
5275	0.72	28	72
5276	0.72	28	72
5277	0.72	28	72
5278	0.73	27	73
5279	0.73	27	73
5280	0.73	27	73
5281	0.73	27	73
5282	0.73	27	73
5283	0.73	27	73
5284	0.73	27	73
5285	0.72	28	72
5286	0.72	28	72
5287	0.72	28	72
5288	0.73	27	73
5289	0.73	27	73
5290	0.73	27	73
5291	0.73	27	73
5292	0.73	27	73
5293	0.74	26	74
5294	0.74	26	74
5295	0.74	26	74
5296	0.75	25	75
5297	0.74	26	74
5298	0.73	27	73
5299	0.73	27	73
5300	0.74	26	74
5301	0.74	26	74
5302	0.75	25	75
5303	0.75	25	75
5304	0.74	26	74
5305	0.74	26	74
5306	0.73	27	73
5307	0.74	26	74
5308	0.74	26	74
5309	0.73	27	73
5310	0.73	27	73
5311	0.72	28	72
5312	0.72	28	72
5313	0.72	28	72
5314	0.73	27	73
5315	0.73	27	73
5316	0.72	28	72
5317	0.72	28	72
5318	0.71	29	71
5319	0.71	29	71
5320	0.71	29	71
5321	0.71	29	71
5322	0.71	29	71
5323	0.70	30	70
5324	0.70	30	70
5325	0.70	30	70
5326	0.69	31	69
5327	0.69	31	69
5328	0.70	30	70
5329	0.70	30	70
5330	0.69	31	69
5331	0.70	30	70
5332	0.70	30	70
5333	0.71	29	71
5334	0.71	29	71
5335	0.71	29	71
5336	0.71	29	71
5337	0.71	29	71
5338	0.72	28	72
5339	0.71	29	71
5340	0.71	29	71
5341	0.71	29	71
5342	0.71	29	71
5343	0.72	28	72
5344	0.71	29	71
5345	0.72	28	72
5346	0.72	28	72
5347	0.71	29	71
5348	0.70	30	70
5349	0.71	29	71
5350	0.71	29	71
5351	0.72	28	72
5352	0.72	28	72
5353	0.72	28	72
5354	0.72	28	72
5355	0.72	28	72
5356	0.72	28	72
5357	0.73	27	73
5358	0.73	27	73
5359	0.74	26	74
5360	0.75	25	75
5361	0.75	25	75
5362	0.75	25	75
5363	0.75	25	75
5364	0.75	25	75
5365	0.75	25	75
5366	0.75	25	75
5367	0.74	26	74
5368	0.73	27	73
5369	0.73	27	73
5370	0.73	27	73
5371	0.73	27	73
5372	0.73	27	73
5373	0.73	27	73
5374	0.73	27	73
5375	0.73	27	73
5376	0.73	27	73
5377	0.73	27	73
5378	0.73	27	73
5379	0.74	26	74
5380	0.74	26	74
5381	0.75	25	75
5382	0.75	25	75
5383	0.75	25	75
5384	0.76	24	76
5385	0.77	23	77
5386	0.77	23	77
5387	0.77	23	77
5388	0.76	24	76
5389	0.75	25	75
5390	0.75	25	75
5391	0.75	25	75
5392	0.75	25	75
5393	0.75	25	75
5394	0.74	26	74
5395	0.74	26	74
5396	0.73	27	73
5397	0.74	26	74
5398	0.74	26	74
5399	0.74	26	74
5400	0.74	26	74
5401	0.74	26	74
5402	0.74	26	74
5403	0.74	26	74
5404	0.75	25	75
5405	0.75	25	75
5406	0.76	24	76
5407	0.76	24	76
5408	0.76	24	76
5409	0.77	23	77
5410	0.77	23	77
5411	0.78	22	78
5412	0.79	21	79
5413	0.78	22	78
5414	0.77	23	77
5415	0.77	23	77
5416	0.78	22	78
5417	0.78	22	78
5418	0.79	21	79
5419	0.79	21	79
5420	0.78	22	78
5421	0.78	22	78
5422	0.78	22	78
5423	0.78	22	78
5424	0.79	21	79
5425	0.79	21	79
5426	0.80	20	80
5427	0.80	20	80
5428	0.80	20	80
5429	0.81	19	81
5430	0.82	18	82
5431	0.82	18	82
5432	0.81	19	81
5433	0.81	19	81
5434	0.81	19	81
5435	0.81	19	81
5436	0.81	19	81
5437	0.80	20	80
5438	0.79	21	79
5439	0.80	20	80
5440	0.79	21	79
5441	0.79	21	79
5442	0.79	21	79
5443	0.79	21	79
5444	0.80	20	80
5445	0.80	20	80
5446	0.80	20	80
5447	0.80	20	80
5448	0.81	19	81
5449	0.81	19	81
5450	0.81	19	81
5451	0.81	19	81
5452	0.81	19	81
5453	0.81	19	81
5454	0.80	20	80
5455	0.80	20	80
5456	0.80	20	80
5457	0.80	20	80
5458	0.79	21	79
5459	0.79	21	79
5460	0.79	21	79
5461	0.79	21	79
5462	0.79	21	79
5463	0.78	22	78
5464	0.78	22	78
5465	0.78	22	78
5466	0.78	22	78
5467	0.78	22	78
5468	0.79	21	79
5469	0.80	20	80
5470	0.79	21	79
5471	0.79	21	79
5472	0.79	21	79
5473	0.79	21	79
5474	0.79	21	79
5475	0.79	21	79
5476	0.79	21	79
5477	0.79	21	79
5478	0.79	21	79
5479	0.79	21	79
5480	0.79	21	79
5481	0.79	21	79
5482	0.79	21	79
5483	0.79	21	79
5484	0.79	21	79
5485	0.79	21	79
5486	0.78	22	78
5487	0.77	23	77
5488	0.77	23	77
5489	0.78	22	78
5490	0.78	22	78
5491	0.77	23	77
5492	0.77	23	77
5493	0.77	23	77
5494	0.78	22	78
5495	0.78	22	78
5496	0.79	21	79
5497	0.78	22	78
5498	0.79	21	79
5499	0.79	21	79
5500	0.79	21	79
5501	0.78	22	78
5502	0.78	22	78
5503	0.77	23	77
5504	0.77	23	77
5505	0.77	23	77
5506	0.76	24	76
5507	0.75	25	75
5508	0.75	25	75
5509	0.75	25	75
5510	0.75	25	75
5511	0.75	25	75
5512	0.75	25	75
5513	0.76	24	76
5514	0.77	23	77
5515	0.77	23	77
5516	0.76	24	76
5517	0.76	24	76
5518	0.76	24	76
5519	0.76	24	76
5520	0.76	24	76
5521	0.76	24	76
5522	0.75	25	75
5523	0.75	25	75
5524	0.75	25	75
5525	0.74	26	74
5526	0.74	26	74
5527	0.74	26	74
5528	0.73	27	73
5529	0.72	28	72
5530	0.71	29	71
5531	0.71	29	71
5532	0.72	28	72
5533	0.72	28	72
5534	0.72	28	72
5535	0.72	28	72
5536	0.72	28	72
5537	0.73	27	73
5538	0.74	26	74
5539	0.74	26	74
5540	0.74	26	74
5541	0.74	26	74
5542	0.74	26	74
5543	0.74	26	74
5544	0.74	26	74
5545	0.74	26	74
5546	0.74	26	74
5547	0.74	26	74
5548	0.74	26	74
5549	0.73	27	73
5550	0.73	27	73
5551	0.72	28	72
5552	0.72	28	72
5553	0.72	28	72
5554	0.73	27	73
5555	0.72	28	72
5556	0.72	28	72
5557	0.72	28	72
5558	0.73	27	73
5559	0.73	27	73
5560	0.73	27	73
5561	0.73	27	73
5562	0.73	27	73
5563	0.74	26	74
5564	0.73	27	73
5565	0.72	28	72
5566	0.72	28	72
5567	0.73	27	73
5568	0.73	27	73
5569	0.72	28	72
5570	0.73	27	73
5571	0.72	28	72
5572	0.72	28	72
5573	0.71	29	71
5574	0.71	29	71
5575	0.71	29	71
5576	0.71	29	71
5577	0.71	29	71
5578	0.70	30	70
5579	0.70	30	70
5580	0.69	31	69
5581	0.69	31	69
5582	0.69	31	69
5583	0.70	30	70
5584	0.70	30	70
5585	0.70	30	70
5586	0.71	29	71
5587	0.72	28	72
5588	0.73	27	73
5589	0.72	28	72
5590	0.71	29	71
5591	0.72	28	72
5592	0.72	28	72
5593	0.71	29	71
5594	0.71	29	71
5595	0.71	29	71
5596	0.70	30	70
5597	0.71	29	71
5598	0.71	29	71
5599	0.70	30	70
5600	0.69	31	69
5601	0.69	31	69
5602	0.69	31	69
5603	0.70	30	70
5604	0.70	30	70
5605	0.70	30	70
5606	0.71	29	71
5607	0.71	29	71
5608	0.71	29	71
5609	0.71	29	71
5610	0.71	29	71
5611	0.71	29	71
5612	0.71	29	71
5613	0.70	30	70
5614	0.69	31	69
5615	0.69	31	69
5616	0.70	30	70
5617	0.70	30	70
5618	0.70	30	70
5619	0.71	29	71
5620	0.71	29	71
5621	0.71	29	71
5622	0.72	28	72
5623	0.73	27	73
5624	0.73	27	73
5625	0.73	27	73
5626	0.73	27	73
5627	0.73	27	73
5628	0.74	26	74
5629	0.75	25	75
5630	0.76	24	76
5631	0.76	24	76
5632	0.76	24	76
5633	0.75	25	75
5634	0.75	25	75
5635	0.75	25	75
5636	0.75	25	75
5637	0.75	25	75
5638	0.75	25	75
5639	0.75	25	75
5640	0.76	24	76
5641	0.75	25	75
5642	0.75	25	75
5643	0.74	26	74
5644	0.74	26	74
5645	0.74	26	74
5646	0.74	26	74
5647	0.75	25	75
5648	0.74	26	74
5649	0.74	26	74
5650	0.74	26	74
5651	0.74	26	74
5652	0.73	27	73
5653	0.73	27	73
5654	0.73	27	73
5655	0.73	27	73
5656	0.72	28	72
5657	0.71	29	71
5658	0.71	29	71
5659	0.71	29	71
5660	0.70	30	70
5661	0.70	30	70
5662	0.70	30	70
5663	0.70	30	70
5664	0.71	29	71
5665	0.72	28	72
5666	0.72	28	72
5667	0.71	29	71
5668	0.70	30	70
5669	0.71	29	71
5670	0.71	29	71
5671	0.72	28	72
5672	0.71	29	71
5673	0.71	29	71
5674	0.70	30	70
5675	0.70	30	70
5676	0.70	30	70
5677	0.69	31	69
5678	0.69	31	69
5679	0.69	31	69
5680	0.69	31	69
5681	0.68	32	68
5682	0.68	32	68
5683	0.68	32	68
5684	0.68	32	68
5685	0.68	32	68
5686	0.68	32	68
5687	0.68	32	68
5688	0.68	32	68
5689	0.69	31	69
5690	0.70	30	70
5691	0.70	30	70
5692	0.70	30	70
5693	0.71	29	71
5694	0.71	29	71
5695	0.71	29	71
5696	0.71	29	71
5697	0.71	29	71
5698	0.71	29	71
5699	0.72	28	72
5700	0.73	27	73
5701	0.74	26	74
5702	0.73	27	73
5703	0.73	27	73
5704	0.73	27	73
5705	0.72	28	72
5706	0.71	29	71
5707	0.72	28	72
5708	0.72	28	72
5709	0.71	29	71
5710	0.70	30	70
5711	0.69	31	69
5712	0.69	31	69
5713	0.70	30	70
5714	0.71	29	71
5715	0.71	29	71
5716	0.71	29	71
5717	0.70	30	70
5718	0.69	31	69
5719	0.69	31	69
5720	0.69	31	69
5721	0.69	31	69
5722	0.69	31	69
5723	0.68	32	68
5724	0.67	33	67
5725	0.68	32	68
5726	0.68	32	68
5727	0.67	33	67
5728	0.67	33	67
5729	0.66	34	66
5730	0.66	34	66
5731	0.65	35	65
5732	0.65	35	65
5733	0.66	34	66
5734	0.66	34	66
5735	0.66	34	66
5736	0.66	34	66
5737	0.66	34	66
5738	0.66	34	66
5739	0.65	35	65
5740	0.64	36	64
5741	0.64	36	64
5742	0.64	36	64
5743	0.65	35	65
5744	0.65	35	65
5745	0.65	35	65
5746	0.64	36	64
5747	0.64	36	64
5748	0.65	35	65
5749	0.66	34	66
5750	0.66	34	66
5751	0.66	34	66
5752	0.67	33	67
5753	0.66	34	66
5754	0.66	34	66
5755	0.67	33	67
5756	0.68	32	68
5757	0.68	32	68
5758	0.68	32	68
5759	0.68	32	68
5760	0.69	31	69
5761	0.68	32	68
5762	0.68	32	68
5763	0.67	33	67
5764	0.67	33	67
5765	0.67	33	67
5766	0.67	33	67
5767	0.67	33	67
5768	0.67	33	67
5769	0.67	33	67
5770	0.66	34	66
5771	0.66	34	66
5772	0.67	33	67
5773	0.68	32	68
5774	0.69	31	69
5775	0.69	31	69
5776	0.69	31	69
5777	0.70	30	70
5778	0.70	30	70
5779	0.70	30	70
5780	0.71	29	71
5781	0.72	28	72
5782	0.71	29	71
5783	0.71	29	71
5784	0.70	30	70
5785	0.69	31	69
5786	0.69	31	69
5787	0.69	31	69
5788	0.69	31	69
5789	0.69	31	69
5790	0.68	32	68
5791	0.68	32	68
5792	0.67	33	67
5793	0.67	33	67
5794	0.67	33	67
5795	0.67	33	67
5796	0.67	33	67
5797	0.66	34	66
5798	0.65	35	65
5799	0.64	36	64
5800	0.64	36	64
5801	0.63	37	63
5802	0.64	36	64
5803	0.64	36	64
5804	0.64	36	64
5805	0.64	36	64
5806	0.65	35	65
5807	0.65	35	65
5808	0.64	36	64
5809	0.65	35	65
5810	0.66	34	66
5811	0.67	33	67
5812	0.67	33	67
5813	0.67	33	67
5814	0.67	33	67
5815	0.67	33	67
5816	0.67	33	67
5817	0.67	33	67
5818	0.68	32	68
5819	0.68	32	68
5820	0.69	31	69
5821	0.69	31	69
5822	0.69	31	69
5823	0.70	30	70
5824	0.71	29	71
5825	0.70	30	70
5826	0.70	30	70
5827	0.70	30	70
5828	0.70	30	70
5829	0.70	30	70
5830	0.70	30	70
5831	0.70	30	70
5832	0.70	30	70
5833	0.70	30	70
5834	0.70	30	70
5835	0.69	31	69
5836	0.69	31	69
5837	0.69	31	69
5838	0.69	31	69
5839	0.70	30	70
5840	0.71	29	71
5841	0.72	28	72
5842	0.72	28	72
5843	0.72	28	72
5844	0.72	28	72
5845	0.72	28	72
5846	0.72	28	72
5847	0.72	28	72
5848	0.72	28	72
5849	0.72	28	72
5850	0.71	29	71
5851	0.72	28	72
5852	0.72	28	72
5853	0.73	27	73
5854	0.72	28	72
5855	0.71	29	71
5856	0.71	29	71
5857	0.71	29	71
5858	0.71	29	71
5859	0.71	29	71
5860	0.71	29	71
5861	0.72	28	72
5862	0.71	29	71
5863	0.71	29	71
5864	0.70	30	70
5865	0.70	30	70
5866	0.70	30	70
5867	0.71	29	71
5868	0.71	29	71
5869	0.71	29	71
5870	0.71	29	71
5871	0.71	29	71
5872	0.71	29	71
5873	0.70	30	70
5874	0.70	30	70
5875	0.70	30	70
5876	0.70	30	70
5877	0.70	30	70
5878	0.71	29	71
5879	0.71	29	71
5880	0.71	29	71
5881	0.70	30	70
5882	0.70	30	70
5883	0.70	30	70
5884	0.71	29	71
5885	0.72	28	72
5886	0.72	28	72
5887	0.72	28	72
5888	0.72	28	72
5889	0.72	28	72
5890	0.73	27	73
5891	0.72	28	72
5892	0.73	27	73
5893	0.73	27	73
5894	0.72	28	72
5895	0.72	28	72
5896	0.72	28	72
5897	0.73	27	73
5898	0.73	27	73
5899	0.74	26	74
5900	0.74	26	74
5901	0.74	26	74
5902	0.74	26	74
5903	0.73	27	73
5904	0.73	27	73
5905	0.74	26	74
5906	0.74	26	74
5907	0.74	26	74
5908	0.75	25	75
5909	0.75	25	75
5910	0.74	26	74
5911	0.74	26	74
5912	0.74	26	74
5913	0.74	26	74
5914	0.73	27	73
5915	0.73	27	73
5916	0.72	28	72
5917	0.73	27	73
5918	0.73	27	73
5919	0.73	27	73
5920	0.73	27	73
5921	0.73	27	73
5922	0.73	27	73
5923	0.72	28	72
5924	0.72	28	72
5925	0.73	27	73
5926	0.73	27	73
5927	0.73	27	73
5928	0.73	27	73
5929	0.74	26	74
5930	0.74	26	74
5931	0.75	25	75
5932	0.75	25	75
5933	0.75	25	75
5934	0.75	25	75
5935	0.76	24	76
5936	0.76	24	76
5937	0.76	24	76
5938	0.76	24	76
5939	0.76	24	76
5940	0.76	24	76
5941	0.75	25	75
5942	0.75	25	75
5943	0.74	26	74
5944	0.74	26	74
5945	0.74	26	74
5946	0.74	26	74
5947	0.74	26	74
5948	0.74	26	74
5949	0.74	26	74
5950	0.75	25	75
5951	0.74	26	74
5952	0.74	26	74
5953	0.74	26	74
5954	0.75	25	75
5955	0.75	25	75
5956	0.75	25	75
5957	0.76	24	76
5958	0.76	24	76
5959	0.76	24	76
5960	0.76	24	76
5961	0.75	25	75
5962	0.76	24	76
5963	0.77	23	77
5964	0.77	23	77
5965	0.77	23	77
5966	0.77	23	77
5967	0.77	23	77
5968	0.78	22	78
5969	0.78	22	78
5970	0.79	21	79
5971	0.79	21	79
5972	0.79	21	79
5973	0.80	20	80
5974	0.80	20	80
5975	0.80	20	80
5976	0.80	20	80
5977	0.80	20	80
5978	0.80	20	80
5979	0.80	20	80
5980	0.80	20	80
5981	0.81	19	81
5982	0.82	18	82
5983	0.81	19	81
5984	0.81	19	81
5985	0.81	19	81
5986	0.80	20	80
5987	0.80	20	80
5988	0.79	21	79
5989	0.79	21	79
5990	0.79	21	79
5991	0.79	21	79
5992	0.79	21	79
5993	0.79	21	79
5994	0.79	21	79
5995	0.79	21	79
5996	0.80	20	80
5997	0.79	21	79
5998	0.79	21	79
5999	0.78	22	78
