timestep	swarm_quality	color_0	color_1
0	0.70	35	15
1	0.70	35	15
2	0.70	35	15
3	0.70	35	15
4	0.70	35	15
5	0.70	35	15
6	0.68	34	16
7	0.68	34	16
8	0.66	33	17
9	0.66	33	17
10	0.64	32	18
11	0.62	31	19
12	0.62	31	19
13	0.62	31	19
14	0.62	31	19
15	0.62	31	19
16	0.62	31	19
17	0.62	31	19
18	0.62	31	19
19	0.62	31	19
20	0.62	31	19
21	0.62	31	19
22	0.62	31	19
23	0.60	30	20
24	0.60	30	20
25	0.58	29	21
26	0.58	29	21
27	0.56	28	22
28	0.56	28	22
29	0.54	27	23
30	0.54	27	23
31	0.52	26	24
32	0.52	26	24
33	0.52	26	24
34	0.52	26	24
35	0.54	27	23
36	0.56	28	22
37	0.58	29	21
38	0.60	30	20
39	0.60	30	20
40	0.62	31	19
41	0.64	32	18
42	0.66	33	17
43	0.68	34	16
44	0.68	34	16
45	0.70	35	15
46	0.72	36	14
47	0.74	37	13
48	0.76	38	12
49	0.78	39	11
50	0.78	39	11
51	0.78	39	11
52	0.78	39	11
53	0.78	39	11
54	0.78	39	11
55	0.78	39	11
56	0.80	40	10
57	0.78	39	11
58	0.80	40	10
59	0.78	39	11
60	0.80	40	10
61	0.80	40	10
62	0.78	39	11
63	0.78	39	11
64	0.78	39	11
65	0.78	39	11
66	0.78	39	11
67	0.78	39	11
68	0.78	39	11
69	0.76	38	12
70	0.76	38	12
71	0.76	38	12
72	0.76	38	12
73	0.76	38	12
74	0.76	38	12
75	0.78	39	11
76	0.78	39	11
77	0.80	40	10
78	0.80	40	10
79	0.82	41	9
80	0.80	40	10
81	0.82	41	9
82	0.82	41	9
83	0.82	41	9
84	0.82	41	9
85	0.82	41	9
86	0.80	40	10
87	0.80	40	10
88	0.78	39	11
89	0.80	40	10
90	0.78	39	11
91	0.78	39	11
92	0.76	38	12
93	0.74	37	13
94	0.74	37	13
95	0.74	37	13
96	0.74	37	13
97	0.74	37	13
98	0.74	37	13
99	0.74	37	13
100	0.74	37	13
101	0.74	37	13
102	0.74	37	13
103	0.72	36	14
104	0.72	36	14
105	0.72	36	14
106	0.72	36	14
107	0.74	37	13
108	0.74	37	13
109	0.76	38	12
110	0.76	38	12
111	0.78	39	11
112	0.80	40	10
113	0.78	39	11
114	0.78	39	11
115	0.78	39	11
116	0.76	38	12
117	0.76	38	12
118	0.76	38	12
119	0.78	39	11
120	0.78	39	11
121	0.78	39	11
122	0.78	39	11
123	0.78	39	11
124	0.76	38	12
125	0.76	38	12
126	0.76	38	12
127	0.76	38	12
128	0.74	37	13
129	0.74	37	13
130	0.76	38	12
131	0.76	38	12
132	0.76	38	12
133	0.76	38	12
134	0.74	37	13
135	0.74	37	13
136	0.76	38	12
137	0.76	38	12
138	0.78	39	11
139	0.78	39	11
140	0.80	40	10
141	0.80	40	10
142	0.82	41	9
143	0.84	42	8
144	0.86	43	7
145	0.84	42	8
146	0.82	41	9
147	0.82	41	9
148	0.82	41	9
149	0.82	41	9
150	0.80	40	10
151	0.80	40	10
152	0.80	40	10
153	0.82	41	9
154	0.82	41	9
155	0.82	41	9
156	0.82	41	9
157	0.82	41	9
158	0.82	41	9
159	0.80	40	10
160	0.80	40	10
161	0.80	40	10
162	0.80	40	10
163	0.82	41	9
164	0.80	40	10
165	0.78	39	11
166	0.80	40	10
167	0.80	40	10
168	0.80	40	10
169	0.78	39	11
170	0.78	39	11
171	0.78	39	11
172	0.76	38	12
173	0.78	39	11
174	0.80	40	10
175	0.80	40	10
176	0.80	40	10
177	0.80	40	10
178	0.80	40	10
179	0.80	40	10
180	0.80	40	10
181	0.78	39	11
182	0.78	39	11
183	0.78	39	11
184	0.80	40	10
185	0.78	39	11
186	0.78	39	11
187	0.78	39	11
188	0.78	39	11
189	0.78	39	11
190	0.78	39	11
191	0.78	39	11
192	0.78	39	11
193	0.78	39	11
194	0.78	39	11
195	0.80	40	10
196	0.82	41	9
197	0.82	41	9
198	0.80	40	10
199	0.80	40	10
200	0.82	41	9
201	0.80	40	10
202	0.80	40	10
203	0.78	39	11
204	0.76	38	12
205	0.76	38	12
206	0.76	38	12
207	0.74	37	13
208	0.74	37	13
209	0.76	38	12
210	0.76	38	12
211	0.74	37	13
212	0.74	37	13
213	0.74	37	13
214	0.74	37	13
215	0.76	38	12
216	0.76	38	12
217	0.76	38	12
218	0.74	37	13
219	0.76	38	12
220	0.74	37	13
221	0.74	37	13
222	0.76	38	12
223	0.76	38	12
224	0.76	38	12
225	0.76	38	12
226	0.76	38	12
227	0.74	37	13
228	0.76	38	12
229	0.76	38	12
230	0.76	38	12
231	0.78	39	11
232	0.76	38	12
233	0.76	38	12
234	0.76	38	12
235	0.76	38	12
236	0.76	38	12
237	0.74	37	13
238	0.74	37	13
239	0.74	37	13
240	0.74	37	13
241	0.74	37	13
242	0.74	37	13
243	0.74	37	13
244	0.74	37	13
245	0.74	37	13
246	0.74	37	13
247	0.74	37	13
248	0.76	38	12
249	0.74	37	13
250	0.74	37	13
251	0.76	38	12
252	0.74	37	13
253	0.76	38	12
254	0.78	39	11
255	0.76	38	12
256	0.74	37	13
257	0.76	38	12
258	0.74	37	13
259	0.74	37	13
260	0.74	37	13
261	0.76	38	12
262	0.76	38	12
263	0.76	38	12
264	0.78	39	11
265	0.78	39	11
266	0.76	38	12
267	0.76	38	12
268	0.78	39	11
269	0.78	39	11
270	0.80	40	10
271	0.80	40	10
272	0.80	40	10
273	0.78	39	11
274	0.76	38	12
275	0.74	37	13
276	0.74	37	13
277	0.76	38	12
278	0.76	38	12
279	0.76	38	12
280	0.74	37	13
281	0.74	37	13
282	0.76	38	12
283	0.74	37	13
284	0.74	37	13
285	0.76	38	12
286	0.76	38	12
287	0.78	39	11
288	0.78	39	11
289	0.78	39	11
290	0.78	39	11
291	0.76	38	12
292	0.76	38	12
293	0.76	38	12
294	0.76	38	12
295	0.76	38	12
296	0.76	38	12
297	0.74	37	13
298	0.74	37	13
299	0.76	38	12
300	0.76	38	12
301	0.76	38	12
302	0.78	39	11
303	0.78	39	11
304	0.78	39	11
305	0.80	40	10
306	0.82	41	9
307	0.80	40	10
308	0.82	41	9
309	0.82	41	9
310	0.82	41	9
311	0.82	41	9
312	0.82	41	9
313	0.82	41	9
314	0.82	41	9
315	0.80	40	10
316	0.82	41	9
317	0.82	41	9
318	0.82	41	9
319	0.82	41	9
320	0.82	41	9
321	0.82	41	9
322	0.82	41	9
323	0.84	42	8
324	0.86	43	7
325	0.88	44	6
326	0.86	43	7
327	0.86	43	7
328	0.86	43	7
329	0.86	43	7
330	0.88	44	6
331	0.88	44	6
332	0.88	44	6
333	0.88	44	6
334	0.86	43	7
335	0.86	43	7
336	0.86	43	7
337	0.86	43	7
338	0.84	42	8
339	0.82	41	9
340	0.82	41	9
341	0.82	41	9
342	0.82	41	9
343	0.82	41	9
344	0.82	41	9
345	0.82	41	9
346	0.82	41	9
347	0.84	42	8
348	0.84	42	8
349	0.84	42	8
350	0.84	42	8
351	0.84	42	8
352	0.84	42	8
353	0.82	41	9
354	0.82	41	9
355	0.82	41	9
356	0.82	41	9
357	0.82	41	9
358	0.82	41	9
359	0.80	40	10
360	0.78	39	11
361	0.78	39	11
362	0.78	39	11
363	0.78	39	11
364	0.76	38	12
365	0.78	39	11
366	0.78	39	11
367	0.78	39	11
368	0.78	39	11
369	0.78	39	11
370	0.76	38	12
371	0.76	38	12
372	0.76	38	12
373	0.76	38	12
374	0.76	38	12
375	0.74	37	13
376	0.76	38	12
377	0.74	37	13
378	0.74	37	13
379	0.74	37	13
380	0.74	37	13
381	0.74	37	13
382	0.72	36	14
383	0.74	37	13
384	0.76	38	12
385	0.76	38	12
386	0.76	38	12
387	0.76	38	12
388	0.78	39	11
389	0.78	39	11
390	0.78	39	11
391	0.80	40	10
392	0.80	40	10
393	0.78	39	11
394	0.78	39	11
395	0.78	39	11
396	0.78	39	11
397	0.78	39	11
398	0.78	39	11
399	0.78	39	11
400	0.76	38	12
401	0.76	38	12
402	0.76	38	12
403	0.78	39	11
404	0.78	39	11
405	0.78	39	11
406	0.76	38	12
407	0.78	39	11
408	0.78	39	11
409	0.80	40	10
410	0.82	41	9
411	0.82	41	9
412	0.82	41	9
413	0.82	41	9
414	0.82	41	9
415	0.82	41	9
416	0.80	40	10
417	0.80	40	10
418	0.78	39	11
419	0.78	39	11
420	0.80	40	10
421	0.78	39	11
422	0.78	39	11
423	0.76	38	12
424	0.74	37	13
425	0.74	37	13
426	0.74	37	13
427	0.76	38	12
428	0.76	38	12
429	0.76	38	12
430	0.76	38	12
431	0.76	38	12
432	0.78	39	11
433	0.78	39	11
434	0.78	39	11
435	0.76	38	12
436	0.76	38	12
437	0.76	38	12
438	0.76	38	12
439	0.76	38	12
440	0.76	38	12
441	0.76	38	12
442	0.74	37	13
443	0.76	38	12
444	0.76	38	12
445	0.76	38	12
446	0.76	38	12
447	0.76	38	12
448	0.76	38	12
449	0.76	38	12
450	0.78	39	11
451	0.78	39	11
452	0.78	39	11
453	0.78	39	11
454	0.76	38	12
455	0.74	37	13
456	0.74	37	13
457	0.72	36	14
458	0.72	36	14
459	0.72	36	14
460	0.70	35	15
461	0.70	35	15
462	0.70	35	15
463	0.70	35	15
464	0.72	36	14
465	0.72	36	14
466	0.74	37	13
467	0.74	37	13
468	0.74	37	13
469	0.74	37	13
470	0.74	37	13
471	0.76	38	12
472	0.76	38	12
473	0.78	39	11
474	0.78	39	11
475	0.80	40	10
476	0.80	40	10
477	0.80	40	10
478	0.80	40	10
479	0.80	40	10
480	0.80	40	10
481	0.80	40	10
482	0.80	40	10
483	0.80	40	10
484	0.78	39	11
485	0.80	40	10
486	0.80	40	10
487	0.80	40	10
488	0.80	40	10
489	0.82	41	9
490	0.82	41	9
491	0.82	41	9
492	0.84	42	8
493	0.84	42	8
494	0.84	42	8
495	0.84	42	8
496	0.84	42	8
497	0.82	41	9
498	0.82	41	9
499	0.80	40	10
500	0.22	39	11
501	0.24	38	12
502	0.26	37	13
503	0.28	36	14
504	0.28	36	14
505	0.28	36	14
506	0.28	36	14
507	0.28	36	14
508	0.28	36	14
509	0.30	35	15
510	0.30	35	15
511	0.32	34	16
512	0.34	33	17
513	0.36	32	18
514	0.38	31	19
515	0.38	31	19
516	0.38	31	19
517	0.40	30	20
518	0.40	30	20
519	0.42	29	21
520	0.42	29	21
521	0.44	28	22
522	0.46	27	23
523	0.46	27	23
524	0.44	28	22
525	0.44	28	22
526	0.44	28	22
527	0.46	27	23
528	0.48	26	24
529	0.48	26	24
530	0.48	26	24
531	0.50	25	25
532	0.52	24	26
533	0.54	23	27
534	0.52	24	26
535	0.54	23	27
536	0.56	22	28
537	0.58	21	29
538	0.60	20	30
539	0.62	19	31
540	0.64	18	32
541	0.66	17	33
542	0.68	16	34
543	0.70	15	35
544	0.72	14	36
545	0.74	13	37
546	0.76	12	38
547	0.76	12	38
548	0.78	11	39
549	0.78	11	39
550	0.78	11	39
551	0.78	11	39
552	0.78	11	39
553	0.78	11	39
554	0.78	11	39
555	0.76	12	38
556	0.76	12	38
557	0.76	12	38
558	0.76	12	38
559	0.76	12	38
560	0.76	12	38
561	0.76	12	38
562	0.74	13	37
563	0.74	13	37
564	0.74	13	37
565	0.76	12	38
566	0.76	12	38
567	0.74	13	37
568	0.74	13	37
569	0.74	13	37
570	0.76	12	38
571	0.74	13	37
572	0.74	13	37
573	0.76	12	38
574	0.76	12	38
575	0.78	11	39
576	0.80	10	40
577	0.80	10	40
578	0.80	10	40
579	0.82	9	41
580	0.84	8	42
581	0.82	9	41
582	0.82	9	41
583	0.82	9	41
584	0.84	8	42
585	0.84	8	42
586	0.84	8	42
587	0.84	8	42
588	0.84	8	42
589	0.84	8	42
590	0.84	8	42
591	0.84	8	42
592	0.84	8	42
593	0.84	8	42
594	0.84	8	42
595	0.84	8	42
596	0.82	9	41
597	0.82	9	41
598	0.82	9	41
599	0.82	9	41
600	0.80	10	40
601	0.80	10	40
602	0.80	10	40
603	0.80	10	40
604	0.80	10	40
605	0.82	9	41
606	0.82	9	41
607	0.82	9	41
608	0.84	8	42
609	0.84	8	42
610	0.84	8	42
611	0.84	8	42
612	0.86	7	43
613	0.86	7	43
614	0.86	7	43
615	0.86	7	43
616	0.88	6	44
617	0.90	5	45
618	0.90	5	45
619	0.90	5	45
620	0.90	5	45
621	0.92	4	46
622	0.92	4	46
623	0.90	5	45
624	0.92	4	46
625	0.92	4	46
626	0.92	4	46
627	0.90	5	45
628	0.90	5	45
629	0.88	6	44
630	0.88	6	44
631	0.90	5	45
632	0.90	5	45
633	0.90	5	45
634	0.90	5	45
635	0.90	5	45
636	0.90	5	45
637	0.88	6	44
638	0.86	7	43
639	0.84	8	42
640	0.84	8	42
641	0.84	8	42
642	0.84	8	42
643	0.84	8	42
644	0.84	8	42
645	0.84	8	42
646	0.86	7	43
647	0.84	8	42
648	0.84	8	42
649	0.84	8	42
650	0.86	7	43
651	0.86	7	43
652	0.84	8	42
653	0.84	8	42
654	0.84	8	42
655	0.84	8	42
656	0.84	8	42
657	0.82	9	41
658	0.80	10	40
659	0.78	11	39
660	0.78	11	39
661	0.76	12	38
662	0.76	12	38
663	0.76	12	38
664	0.76	12	38
665	0.76	12	38
666	0.74	13	37
667	0.74	13	37
668	0.74	13	37
669	0.72	14	36
670	0.72	14	36
671	0.72	14	36
672	0.72	14	36
673	0.74	13	37
674	0.74	13	37
675	0.72	14	36
676	0.70	15	35
677	0.72	14	36
678	0.72	14	36
679	0.72	14	36
680	0.72	14	36
681	0.72	14	36
682	0.70	15	35
683	0.70	15	35
684	0.70	15	35
685	0.70	15	35
686	0.70	15	35
687	0.70	15	35
688	0.72	14	36
689	0.74	13	37
690	0.74	13	37
691	0.74	13	37
692	0.74	13	37
693	0.72	14	36
694	0.72	14	36
695	0.72	14	36
696	0.70	15	35
697	0.72	14	36
698	0.72	14	36
699	0.72	14	36
700	0.72	14	36
701	0.72	14	36
702	0.72	14	36
703	0.72	14	36
704	0.70	15	35
705	0.68	16	34
706	0.68	16	34
707	0.70	15	35
708	0.70	15	35
709	0.72	14	36
710	0.72	14	36
711	0.74	13	37
712	0.74	13	37
713	0.74	13	37
714	0.74	13	37
715	0.74	13	37
716	0.74	13	37
717	0.74	13	37
718	0.74	13	37
719	0.76	12	38
720	0.76	12	38
721	0.76	12	38
722	0.76	12	38
723	0.74	13	37
724	0.74	13	37
725	0.76	12	38
726	0.76	12	38
727	0.74	13	37
728	0.74	13	37
729	0.74	13	37
730	0.74	13	37
731	0.74	13	37
732	0.76	12	38
733	0.76	12	38
734	0.76	12	38
735	0.76	12	38
736	0.76	12	38
737	0.78	11	39
738	0.78	11	39
739	0.78	11	39
740	0.78	11	39
741	0.78	11	39
742	0.78	11	39
743	0.78	11	39
744	0.76	12	38
745	0.76	12	38
746	0.78	11	39
747	0.78	11	39
748	0.76	12	38
749	0.76	12	38
750	0.74	13	37
751	0.72	14	36
752	0.74	13	37
753	0.74	13	37
754	0.76	12	38
755	0.78	11	39
756	0.76	12	38
757	0.74	13	37
758	0.74	13	37
759	0.74	13	37
760	0.74	13	37
761	0.74	13	37
762	0.74	13	37
763	0.72	14	36
764	0.72	14	36
765	0.72	14	36
766	0.74	13	37
767	0.74	13	37
768	0.74	13	37
769	0.74	13	37
770	0.74	13	37
771	0.74	13	37
772	0.72	14	36
773	0.74	13	37
774	0.74	13	37
775	0.74	13	37
776	0.76	12	38
777	0.78	11	39
778	0.78	11	39
779	0.80	10	40
780	0.78	11	39
781	0.78	11	39
782	0.76	12	38
783	0.74	13	37
784	0.74	13	37
785	0.72	14	36
786	0.72	14	36
787	0.72	14	36
788	0.72	14	36
789	0.72	14	36
790	0.70	15	35
791	0.70	15	35
792	0.70	15	35
793	0.72	14	36
794	0.74	13	37
795	0.74	13	37
796	0.74	13	37
797	0.74	13	37
798	0.76	12	38
799	0.74	13	37
800	0.76	12	38
801	0.78	11	39
802	0.78	11	39
803	0.78	11	39
804	0.78	11	39
805	0.78	11	39
806	0.80	10	40
807	0.82	9	41
808	0.82	9	41
809	0.80	10	40
810	0.80	10	40
811	0.80	10	40
812	0.80	10	40
813	0.82	9	41
814	0.82	9	41
815	0.82	9	41
816	0.80	10	40
817	0.80	10	40
818	0.80	10	40
819	0.80	10	40
820	0.80	10	40
821	0.80	10	40
822	0.82	9	41
823	0.80	10	40
824	0.80	10	40
825	0.80	10	40
826	0.80	10	40
827	0.78	11	39
828	0.78	11	39
829	0.76	12	38
830	0.76	12	38
831	0.76	12	38
832	0.76	12	38
833	0.78	11	39
834	0.78	11	39
835	0.80	10	40
836	0.78	11	39
837	0.78	11	39
838	0.78	11	39
839	0.78	11	39
840	0.80	10	40
841	0.80	10	40
842	0.78	11	39
843	0.78	11	39
844	0.78	11	39
845	0.76	12	38
846	0.76	12	38
847	0.74	13	37
848	0.74	13	37
849	0.76	12	38
850	0.74	13	37
851	0.72	14	36
852	0.72	14	36
853	0.72	14	36
854	0.72	14	36
855	0.72	14	36
856	0.72	14	36
857	0.70	15	35
858	0.70	15	35
859	0.72	14	36
860	0.72	14	36
861	0.72	14	36
862	0.70	15	35
863	0.70	15	35
864	0.70	15	35
865	0.70	15	35
866	0.72	14	36
867	0.72	14	36
868	0.70	15	35
869	0.68	16	34
870	0.68	16	34
871	0.66	17	33
872	0.64	18	32
873	0.66	17	33
874	0.66	17	33
875	0.64	18	32
876	0.64	18	32
877	0.66	17	33
878	0.64	18	32
879	0.66	17	33
880	0.68	16	34
881	0.66	17	33
882	0.68	16	34
883	0.66	17	33
884	0.66	17	33
885	0.66	17	33
886	0.68	16	34
887	0.68	16	34
888	0.68	16	34
889	0.68	16	34
890	0.68	16	34
891	0.68	16	34
892	0.70	15	35
893	0.70	15	35
894	0.70	15	35
895	0.70	15	35
896	0.70	15	35
897	0.72	14	36
898	0.72	14	36
899	0.72	14	36
900	0.72	14	36
901	0.74	13	37
902	0.72	14	36
903	0.70	15	35
904	0.70	15	35
905	0.70	15	35
906	0.68	16	34
907	0.70	15	35
908	0.70	15	35
909	0.68	16	34
910	0.68	16	34
911	0.68	16	34
912	0.68	16	34
913	0.66	17	33
914	0.66	17	33
915	0.64	18	32
916	0.62	19	31
917	0.62	19	31
918	0.64	18	32
919	0.64	18	32
920	0.64	18	32
921	0.64	18	32
922	0.66	17	33
923	0.66	17	33
924	0.66	17	33
925	0.68	16	34
926	0.68	16	34
927	0.68	16	34
928	0.70	15	35
929	0.70	15	35
930	0.68	16	34
931	0.70	15	35
932	0.70	15	35
933	0.72	14	36
934	0.72	14	36
935	0.72	14	36
936	0.72	14	36
937	0.72	14	36
938	0.72	14	36
939	0.70	15	35
940	0.68	16	34
941	0.68	16	34
942	0.66	17	33
943	0.66	17	33
944	0.66	17	33
945	0.68	16	34
946	0.66	17	33
947	0.64	18	32
948	0.64	18	32
949	0.64	18	32
950	0.66	17	33
951	0.66	17	33
952	0.68	16	34
953	0.70	15	35
954	0.70	15	35
955	0.68	16	34
956	0.68	16	34
957	0.68	16	34
958	0.70	15	35
959	0.72	14	36
960	0.72	14	36
961	0.72	14	36
962	0.74	13	37
963	0.76	12	38
964	0.76	12	38
965	0.78	11	39
966	0.80	10	40
967	0.80	10	40
968	0.80	10	40
969	0.82	9	41
970	0.80	10	40
971	0.82	9	41
972	0.82	9	41
973	0.82	9	41
974	0.82	9	41
975	0.82	9	41
976	0.82	9	41
977	0.82	9	41
978	0.80	10	40
979	0.78	11	39
980	0.78	11	39
981	0.78	11	39
982	0.76	12	38
983	0.76	12	38
984	0.76	12	38
985	0.76	12	38
986	0.76	12	38
987	0.76	12	38
988	0.76	12	38
989	0.78	11	39
990	0.80	10	40
991	0.80	10	40
992	0.82	9	41
993	0.80	10	40
994	0.80	10	40
995	0.78	11	39
996	0.80	10	40
997	0.82	9	41
998	0.82	9	41
999	0.80	10	40
1000	0.22	11	39
1001	0.24	12	38
1002	0.26	13	37
1003	0.28	14	36
1004	0.30	15	35
1005	0.30	15	35
1006	0.30	15	35
1007	0.30	15	35
1008	0.32	16	34
1009	0.34	17	33
1010	0.36	18	32
1011	0.38	19	31
1012	0.38	19	31
1013	0.40	20	30
1014	0.42	21	29
1015	0.44	22	28
1016	0.46	23	27
1017	0.48	24	26
1018	0.50	25	25
1019	0.52	26	24
1020	0.52	26	24
1021	0.54	27	23
1022	0.56	28	22
1023	0.58	29	21
1024	0.60	30	20
1025	0.62	31	19
1026	0.62	31	19
1027	0.64	32	18
1028	0.64	32	18
1029	0.64	32	18
1030	0.64	32	18
1031	0.64	32	18
1032	0.64	32	18
1033	0.66	33	17
1034	0.68	34	16
1035	0.70	35	15
1036	0.72	36	14
1037	0.74	37	13
1038	0.76	38	12
1039	0.78	39	11
1040	0.80	40	10
1041	0.80	40	10
1042	0.80	40	10
1043	0.80	40	10
1044	0.82	41	9
1045	0.80	40	10
1046	0.82	41	9
1047	0.84	42	8
1048	0.84	42	8
1049	0.82	41	9
1050	0.82	41	9
1051	0.82	41	9
1052	0.80	40	10
1053	0.80	40	10
1054	0.80	40	10
1055	0.80	40	10
1056	0.78	39	11
1057	0.80	40	10
1058	0.80	40	10
1059	0.80	40	10
1060	0.78	39	11
1061	0.76	38	12
1062	0.76	38	12
1063	0.76	38	12
1064	0.74	37	13
1065	0.72	36	14
1066	0.70	35	15
1067	0.70	35	15
1068	0.70	35	15
1069	0.68	34	16
1070	0.68	34	16
1071	0.66	33	17
1072	0.66	33	17
1073	0.66	33	17
1074	0.66	33	17
1075	0.66	33	17
1076	0.68	34	16
1077	0.68	34	16
1078	0.68	34	16
1079	0.68	34	16
1080	0.68	34	16
1081	0.70	35	15
1082	0.70	35	15
1083	0.70	35	15
1084	0.70	35	15
1085	0.70	35	15
1086	0.68	34	16
1087	0.68	34	16
1088	0.66	33	17
1089	0.66	33	17
1090	0.66	33	17
1091	0.66	33	17
1092	0.68	34	16
1093	0.66	33	17
1094	0.66	33	17
1095	0.66	33	17
1096	0.66	33	17
1097	0.64	32	18
1098	0.64	32	18
1099	0.66	33	17
1100	0.66	33	17
1101	0.66	33	17
1102	0.68	34	16
1103	0.68	34	16
1104	0.68	34	16
1105	0.68	34	16
1106	0.70	35	15
1107	0.70	35	15
1108	0.70	35	15
1109	0.70	35	15
1110	0.72	36	14
1111	0.72	36	14
1112	0.72	36	14
1113	0.72	36	14
1114	0.74	37	13
1115	0.76	38	12
1116	0.78	39	11
1117	0.78	39	11
1118	0.76	38	12
1119	0.78	39	11
1120	0.78	39	11
1121	0.80	40	10
1122	0.80	40	10
1123	0.80	40	10
1124	0.80	40	10
1125	0.78	39	11
1126	0.78	39	11
1127	0.78	39	11
1128	0.76	38	12
1129	0.76	38	12
1130	0.76	38	12
1131	0.76	38	12
1132	0.76	38	12
1133	0.76	38	12
1134	0.76	38	12
1135	0.74	37	13
1136	0.76	38	12
1137	0.76	38	12
1138	0.78	39	11
1139	0.78	39	11
1140	0.78	39	11
1141	0.80	40	10
1142	0.80	40	10
1143	0.82	41	9
1144	0.82	41	9
1145	0.84	42	8
1146	0.84	42	8
1147	0.86	43	7
1148	0.88	44	6
1149	0.88	44	6
1150	0.88	44	6
1151	0.88	44	6
1152	0.88	44	6
1153	0.88	44	6
1154	0.88	44	6
1155	0.88	44	6
1156	0.88	44	6
1157	0.86	43	7
1158	0.84	42	8
1159	0.82	41	9
1160	0.82	41	9
1161	0.82	41	9
1162	0.84	42	8
1163	0.82	41	9
1164	0.82	41	9
1165	0.82	41	9
1166	0.82	41	9
1167	0.82	41	9
1168	0.82	41	9
1169	0.82	41	9
1170	0.82	41	9
1171	0.82	41	9
1172	0.82	41	9
1173	0.82	41	9
1174	0.82	41	9
1175	0.82	41	9
1176	0.82	41	9
1177	0.80	40	10
1178	0.82	41	9
1179	0.82	41	9
1180	0.80	40	10
1181	0.80	40	10
1182	0.80	40	10
1183	0.80	40	10
1184	0.80	40	10
1185	0.82	41	9
1186	0.80	40	10
1187	0.80	40	10
1188	0.80	40	10
1189	0.78	39	11
1190	0.76	38	12
1191	0.74	37	13
1192	0.74	37	13
1193	0.74	37	13
1194	0.74	37	13
1195	0.72	36	14
1196	0.72	36	14
1197	0.72	36	14
1198	0.72	36	14
1199	0.72	36	14
1200	0.72	36	14
1201	0.72	36	14
1202	0.72	36	14
1203	0.72	36	14
1204	0.72	36	14
1205	0.72	36	14
1206	0.70	35	15
1207	0.72	36	14
1208	0.74	37	13
1209	0.76	38	12
1210	0.74	37	13
1211	0.76	38	12
1212	0.74	37	13
1213	0.76	38	12
1214	0.76	38	12
1215	0.76	38	12
1216	0.76	38	12
1217	0.76	38	12
1218	0.78	39	11
1219	0.78	39	11
1220	0.78	39	11
1221	0.78	39	11
1222	0.78	39	11
1223	0.78	39	11
1224	0.78	39	11
1225	0.80	40	10
1226	0.80	40	10
1227	0.82	41	9
1228	0.82	41	9
1229	0.82	41	9
1230	0.84	42	8
1231	0.84	42	8
1232	0.84	42	8
1233	0.84	42	8
1234	0.82	41	9
1235	0.82	41	9
1236	0.84	42	8
1237	0.82	41	9
1238	0.80	40	10
1239	0.82	41	9
1240	0.84	42	8
1241	0.86	43	7
1242	0.86	43	7
1243	0.84	42	8
1244	0.84	42	8
1245	0.86	43	7
1246	0.86	43	7
1247	0.86	43	7
1248	0.86	43	7
1249	0.84	42	8
1250	0.84	42	8
1251	0.82	41	9
1252	0.82	41	9
1253	0.82	41	9
1254	0.82	41	9
1255	0.80	40	10
1256	0.82	41	9
1257	0.82	41	9
1258	0.82	41	9
1259	0.82	41	9
1260	0.84	42	8
1261	0.84	42	8
1262	0.84	42	8
1263	0.84	42	8
1264	0.84	42	8
1265	0.84	42	8
1266	0.84	42	8
1267	0.84	42	8
1268	0.84	42	8
1269	0.84	42	8
1270	0.82	41	9
1271	0.80	40	10
1272	0.80	40	10
1273	0.80	40	10
1274	0.80	40	10
1275	0.80	40	10
1276	0.80	40	10
1277	0.78	39	11
1278	0.78	39	11
1279	0.78	39	11
1280	0.78	39	11
1281	0.78	39	11
1282	0.78	39	11
1283	0.78	39	11
1284	0.80	40	10
1285	0.80	40	10
1286	0.80	40	10
1287	0.82	41	9
1288	0.84	42	8
1289	0.84	42	8
1290	0.82	41	9
1291	0.82	41	9
1292	0.82	41	9
1293	0.84	42	8
1294	0.84	42	8
1295	0.84	42	8
1296	0.84	42	8
1297	0.84	42	8
1298	0.84	42	8
1299	0.86	43	7
1300	0.84	42	8
1301	0.84	42	8
1302	0.84	42	8
1303	0.82	41	9
1304	0.82	41	9
1305	0.82	41	9
1306	0.82	41	9
1307	0.82	41	9
1308	0.82	41	9
1309	0.80	40	10
1310	0.80	40	10
1311	0.80	40	10
1312	0.82	41	9
1313	0.82	41	9
1314	0.80	40	10
1315	0.80	40	10
1316	0.78	39	11
1317	0.78	39	11
1318	0.76	38	12
1319	0.74	37	13
1320	0.76	38	12
1321	0.78	39	11
1322	0.76	38	12
1323	0.76	38	12
1324	0.76	38	12
1325	0.76	38	12
1326	0.76	38	12
1327	0.76	38	12
1328	0.76	38	12
1329	0.76	38	12
1330	0.76	38	12
1331	0.74	37	13
1332	0.74	37	13
1333	0.74	37	13
1334	0.74	37	13
1335	0.74	37	13
1336	0.74	37	13
1337	0.72	36	14
1338	0.72	36	14
1339	0.72	36	14
1340	0.74	37	13
1341	0.74	37	13
1342	0.74	37	13
1343	0.74	37	13
1344	0.74	37	13
1345	0.74	37	13
1346	0.74	37	13
1347	0.72	36	14
1348	0.72	36	14
1349	0.72	36	14
1350	0.74	37	13
1351	0.74	37	13
1352	0.74	37	13
1353	0.76	38	12
1354	0.76	38	12
1355	0.78	39	11
1356	0.78	39	11
1357	0.76	38	12
1358	0.76	38	12
1359	0.76	38	12
1360	0.76	38	12
1361	0.76	38	12
1362	0.76	38	12
1363	0.76	38	12
1364	0.78	39	11
1365	0.78	39	11
1366	0.80	40	10
1367	0.80	40	10
1368	0.82	41	9
1369	0.84	42	8
1370	0.84	42	8
1371	0.84	42	8
1372	0.86	43	7
1373	0.86	43	7
1374	0.86	43	7
1375	0.86	43	7
1376	0.86	43	7
1377	0.88	44	6
1378	0.88	44	6
1379	0.88	44	6
1380	0.88	44	6
1381	0.90	45	5
1382	0.90	45	5
1383	0.90	45	5
1384	0.90	45	5
1385	0.90	45	5
1386	0.90	45	5
1387	0.92	46	4
1388	0.92	46	4
1389	0.92	46	4
1390	0.92	46	4
1391	0.90	45	5
1392	0.90	45	5
1393	0.88	44	6
1394	0.88	44	6
1395	0.88	44	6
1396	0.86	43	7
1397	0.88	44	6
1398	0.86	43	7
1399	0.86	43	7
1400	0.84	42	8
1401	0.84	42	8
1402	0.82	41	9
1403	0.82	41	9
1404	0.82	41	9
1405	0.82	41	9
1406	0.82	41	9
1407	0.84	42	8
1408	0.84	42	8
1409	0.86	43	7
1410	0.86	43	7
1411	0.86	43	7
1412	0.86	43	7
1413	0.86	43	7
1414	0.84	42	8
1415	0.82	41	9
1416	0.80	40	10
1417	0.80	40	10
1418	0.80	40	10
1419	0.80	40	10
1420	0.80	40	10
1421	0.80	40	10
1422	0.80	40	10
1423	0.80	40	10
1424	0.80	40	10
1425	0.80	40	10
1426	0.80	40	10
1427	0.80	40	10
1428	0.78	39	11
1429	0.76	38	12
1430	0.76	38	12
1431	0.76	38	12
1432	0.76	38	12
1433	0.76	38	12
1434	0.76	38	12
1435	0.76	38	12
1436	0.76	38	12
1437	0.74	37	13
1438	0.72	36	14
1439	0.72	36	14
1440	0.70	35	15
1441	0.72	36	14
1442	0.70	35	15
1443	0.72	36	14
1444	0.72	36	14
1445	0.72	36	14
1446	0.72	36	14
1447	0.72	36	14
1448	0.74	37	13
1449	0.74	37	13
1450	0.76	38	12
1451	0.78	39	11
1452	0.80	40	10
1453	0.80	40	10
1454	0.80	40	10
1455	0.80	40	10
1456	0.80	40	10
1457	0.80	40	10
1458	0.80	40	10
1459	0.80	40	10
1460	0.80	40	10
1461	0.80	40	10
1462	0.80	40	10
1463	0.80	40	10
1464	0.82	41	9
1465	0.84	42	8
1466	0.86	43	7
1467	0.86	43	7
1468	0.86	43	7
1469	0.86	43	7
1470	0.86	43	7
1471	0.86	43	7
1472	0.84	42	8
1473	0.84	42	8
1474	0.82	41	9
1475	0.82	41	9
1476	0.82	41	9
1477	0.82	41	9
1478	0.84	42	8
1479	0.84	42	8
1480	0.84	42	8
1481	0.84	42	8
1482	0.84	42	8
1483	0.84	42	8
1484	0.84	42	8
1485	0.82	41	9
1486	0.82	41	9
1487	0.82	41	9
1488	0.84	42	8
1489	0.84	42	8
1490	0.86	43	7
1491	0.86	43	7
1492	0.88	44	6
1493	0.86	43	7
1494	0.84	42	8
1495	0.84	42	8
1496	0.86	43	7
1497	0.86	43	7
1498	0.86	43	7
1499	0.86	43	7
1500	0.16	42	8
1501	0.18	41	9
1502	0.20	40	10
1503	0.22	39	11
1504	0.22	39	11
1505	0.24	38	12
1506	0.26	37	13
1507	0.28	36	14
1508	0.30	35	15
1509	0.30	35	15
1510	0.30	35	15
1511	0.30	35	15
1512	0.30	35	15
1513	0.32	34	16
1514	0.34	33	17
1515	0.36	32	18
1516	0.36	32	18
1517	0.38	31	19
1518	0.38	31	19
1519	0.40	30	20
1520	0.42	29	21
1521	0.44	28	22
1522	0.44	28	22
1523	0.44	28	22
1524	0.44	28	22
1525	0.46	27	23
1526	0.48	26	24
1527	0.48	26	24
1528	0.50	25	25
1529	0.50	25	25
1530	0.52	24	26
1531	0.54	23	27
1532	0.56	22	28
1533	0.58	21	29
1534	0.60	20	30
1535	0.60	20	30
1536	0.62	19	31
1537	0.62	19	31
1538	0.64	18	32
1539	0.64	18	32
1540	0.66	17	33
1541	0.68	16	34
1542	0.68	16	34
1543	0.68	16	34
1544	0.68	16	34
1545	0.70	15	35
1546	0.72	14	36
1547	0.74	13	37
1548	0.76	12	38
1549	0.78	11	39
1550	0.78	11	39
1551	0.78	11	39
1552	0.78	11	39
1553	0.78	11	39
1554	0.80	10	40
1555	0.80	10	40
1556	0.80	10	40
1557	0.78	11	39
1558	0.78	11	39
1559	0.80	10	40
1560	0.82	9	41
1561	0.84	8	42
1562	0.84	8	42
1563	0.84	8	42
1564	0.84	8	42
1565	0.84	8	42
1566	0.86	7	43
1567	0.84	8	42
1568	0.84	8	42
1569	0.84	8	42
1570	0.84	8	42
1571	0.84	8	42
1572	0.82	9	41
1573	0.84	8	42
1574	0.84	8	42
1575	0.82	9	41
1576	0.82	9	41
1577	0.84	8	42
1578	0.84	8	42
1579	0.84	8	42
1580	0.84	8	42
1581	0.82	9	41
1582	0.80	10	40
1583	0.80	10	40
1584	0.80	10	40
1585	0.80	10	40
1586	0.78	11	39
1587	0.78	11	39
1588	0.76	12	38
1589	0.78	11	39
1590	0.76	12	38
1591	0.74	13	37
1592	0.74	13	37
1593	0.74	13	37
1594	0.74	13	37
1595	0.72	14	36
1596	0.72	14	36
1597	0.72	14	36
1598	0.72	14	36
1599	0.72	14	36
1600	0.72	14	36
1601	0.70	15	35
1602	0.70	15	35
1603	0.70	15	35
1604	0.70	15	35
1605	0.70	15	35
1606	0.70	15	35
1607	0.72	14	36
1608	0.72	14	36
1609	0.72	14	36
1610	0.72	14	36
1611	0.72	14	36
1612	0.74	13	37
1613	0.74	13	37
1614	0.74	13	37
1615	0.74	13	37
1616	0.74	13	37
1617	0.76	12	38
1618	0.78	11	39
1619	0.78	11	39
1620	0.78	11	39
1621	0.78	11	39
1622	0.78	11	39
1623	0.78	11	39
1624	0.78	11	39
1625	0.80	10	40
1626	0.80	10	40
1627	0.80	10	40
1628	0.80	10	40
1629	0.80	10	40
1630	0.80	10	40
1631	0.82	9	41
1632	0.84	8	42
1633	0.82	9	41
1634	0.82	9	41
1635	0.82	9	41
1636	0.84	8	42
1637	0.84	8	42
1638	0.84	8	42
1639	0.84	8	42
1640	0.84	8	42
1641	0.84	8	42
1642	0.86	7	43
1643	0.86	7	43
1644	0.84	8	42
1645	0.86	7	43
1646	0.86	7	43
1647	0.86	7	43
1648	0.86	7	43
1649	0.86	7	43
1650	0.86	7	43
1651	0.88	6	44
1652	0.88	6	44
1653	0.88	6	44
1654	0.88	6	44
1655	0.88	6	44
1656	0.88	6	44
1657	0.88	6	44
1658	0.86	7	43
1659	0.86	7	43
1660	0.86	7	43
1661	0.86	7	43
1662	0.86	7	43
1663	0.86	7	43
1664	0.86	7	43
1665	0.86	7	43
1666	0.86	7	43
1667	0.86	7	43
1668	0.86	7	43
1669	0.86	7	43
1670	0.86	7	43
1671	0.86	7	43
1672	0.88	6	44
1673	0.86	7	43
1674	0.86	7	43
1675	0.86	7	43
1676	0.86	7	43
1677	0.86	7	43
1678	0.86	7	43
1679	0.86	7	43
1680	0.86	7	43
1681	0.86	7	43
1682	0.86	7	43
1683	0.88	6	44
1684	0.88	6	44
1685	0.88	6	44
1686	0.88	6	44
1687	0.88	6	44
1688	0.90	5	45
1689	0.88	6	44
1690	0.90	5	45
1691	0.90	5	45
1692	0.90	5	45
1693	0.90	5	45
1694	0.92	4	46
1695	0.92	4	46
1696	0.92	4	46
1697	0.92	4	46
1698	0.92	4	46
1699	0.90	5	45
1700	0.90	5	45
1701	0.90	5	45
1702	0.88	6	44
1703	0.88	6	44
1704	0.86	7	43
1705	0.84	8	42
1706	0.84	8	42
1707	0.84	8	42
1708	0.84	8	42
1709	0.84	8	42
1710	0.84	8	42
1711	0.84	8	42
1712	0.82	9	41
1713	0.82	9	41
1714	0.82	9	41
1715	0.82	9	41
1716	0.82	9	41
1717	0.80	10	40
1718	0.78	11	39
1719	0.76	12	38
1720	0.76	12	38
1721	0.74	13	37
1722	0.72	14	36
1723	0.72	14	36
1724	0.72	14	36
1725	0.72	14	36
1726	0.72	14	36
1727	0.70	15	35
1728	0.70	15	35
1729	0.70	15	35
1730	0.68	16	34
1731	0.68	16	34
1732	0.66	17	33
1733	0.66	17	33
1734	0.64	18	32
1735	0.64	18	32
1736	0.64	18	32
1737	0.64	18	32
1738	0.64	18	32
1739	0.66	17	33
1740	0.66	17	33
1741	0.68	16	34
1742	0.68	16	34
1743	0.68	16	34
1744	0.66	17	33
1745	0.66	17	33
1746	0.66	17	33
1747	0.66	17	33
1748	0.66	17	33
1749	0.68	16	34
1750	0.68	16	34
1751	0.66	17	33
1752	0.68	16	34
1753	0.68	16	34
1754	0.70	15	35
1755	0.72	14	36
1756	0.72	14	36
1757	0.72	14	36
1758	0.74	13	37
1759	0.74	13	37
1760	0.74	13	37
1761	0.74	13	37
1762	0.74	13	37
1763	0.74	13	37
1764	0.74	13	37
1765	0.74	13	37
1766	0.74	13	37
1767	0.76	12	38
1768	0.78	11	39
1769	0.80	10	40
1770	0.80	10	40
1771	0.80	10	40
1772	0.82	9	41
1773	0.82	9	41
1774	0.82	9	41
1775	0.80	10	40
1776	0.80	10	40
1777	0.82	9	41
1778	0.82	9	41
1779	0.80	10	40
1780	0.82	9	41
1781	0.80	10	40
1782	0.80	10	40
1783	0.80	10	40
1784	0.82	9	41
1785	0.82	9	41
1786	0.82	9	41
1787	0.82	9	41
1788	0.82	9	41
1789	0.82	9	41
1790	0.80	10	40
1791	0.80	10	40
1792	0.80	10	40
1793	0.80	10	40
1794	0.82	9	41
1795	0.80	10	40
1796	0.78	11	39
1797	0.78	11	39
1798	0.78	11	39
1799	0.78	11	39
1800	0.76	12	38
1801	0.78	11	39
1802	0.78	11	39
1803	0.78	11	39
1804	0.78	11	39
1805	0.78	11	39
1806	0.78	11	39
1807	0.78	11	39
1808	0.78	11	39
1809	0.78	11	39
1810	0.78	11	39
1811	0.78	11	39
1812	0.80	10	40
1813	0.80	10	40
1814	0.80	10	40
1815	0.80	10	40
1816	0.80	10	40
1817	0.80	10	40
1818	0.80	10	40
1819	0.80	10	40
1820	0.80	10	40
1821	0.82	9	41
1822	0.80	10	40
1823	0.82	9	41
1824	0.80	10	40
1825	0.80	10	40
1826	0.80	10	40
1827	0.80	10	40
1828	0.80	10	40
1829	0.80	10	40
1830	0.80	10	40
1831	0.82	9	41
1832	0.82	9	41
1833	0.82	9	41
1834	0.82	9	41
1835	0.82	9	41
1836	0.82	9	41
1837	0.82	9	41
1838	0.82	9	41
1839	0.82	9	41
1840	0.84	8	42
1841	0.84	8	42
1842	0.82	9	41
1843	0.82	9	41
1844	0.82	9	41
1845	0.84	8	42
1846	0.86	7	43
1847	0.86	7	43
1848	0.86	7	43
1849	0.86	7	43
1850	0.88	6	44
1851	0.88	6	44
1852	0.88	6	44
1853	0.88	6	44
1854	0.88	6	44
1855	0.88	6	44
1856	0.88	6	44
1857	0.88	6	44
1858	0.88	6	44
1859	0.86	7	43
1860	0.84	8	42
1861	0.82	9	41
1862	0.82	9	41
1863	0.82	9	41
1864	0.82	9	41
1865	0.82	9	41
1866	0.82	9	41
1867	0.80	10	40
1868	0.78	11	39
1869	0.76	12	38
1870	0.76	12	38
1871	0.76	12	38
1872	0.78	11	39
1873	0.78	11	39
1874	0.80	10	40
1875	0.82	9	41
1876	0.82	9	41
1877	0.82	9	41
1878	0.82	9	41
1879	0.84	8	42
1880	0.84	8	42
1881	0.84	8	42
1882	0.86	7	43
1883	0.86	7	43
1884	0.86	7	43
1885	0.84	8	42
1886	0.84	8	42
1887	0.84	8	42
1888	0.84	8	42
1889	0.84	8	42
1890	0.84	8	42
1891	0.84	8	42
1892	0.86	7	43
1893	0.86	7	43
1894	0.86	7	43
1895	0.86	7	43
1896	0.84	8	42
1897	0.84	8	42
1898	0.84	8	42
1899	0.84	8	42
1900	0.84	8	42
1901	0.84	8	42
1902	0.84	8	42
1903	0.84	8	42
1904	0.84	8	42
1905	0.84	8	42
1906	0.84	8	42
1907	0.84	8	42
1908	0.84	8	42
1909	0.86	7	43
1910	0.88	6	44
1911	0.88	6	44
1912	0.88	6	44
1913	0.88	6	44
1914	0.86	7	43
1915	0.86	7	43
1916	0.86	7	43
1917	0.88	6	44
1918	0.90	5	45
1919	0.92	4	46
1920	0.92	4	46
1921	0.92	4	46
1922	0.92	4	46
1923	0.92	4	46
1924	0.90	5	45
1925	0.88	6	44
1926	0.88	6	44
1927	0.88	6	44
1928	0.86	7	43
1929	0.86	7	43
1930	0.86	7	43
1931	0.86	7	43
1932	0.86	7	43
1933	0.84	8	42
1934	0.82	9	41
1935	0.84	8	42
1936	0.84	8	42
1937	0.84	8	42
1938	0.84	8	42
1939	0.84	8	42
1940	0.84	8	42
1941	0.84	8	42
1942	0.84	8	42
1943	0.84	8	42
1944	0.82	9	41
1945	0.82	9	41
1946	0.84	8	42
1947	0.84	8	42
1948	0.84	8	42
1949	0.82	9	41
1950	0.82	9	41
1951	0.82	9	41
1952	0.82	9	41
1953	0.82	9	41
1954	0.82	9	41
1955	0.82	9	41
1956	0.82	9	41
1957	0.82	9	41
1958	0.82	9	41
1959	0.82	9	41
1960	0.82	9	41
1961	0.84	8	42
1962	0.84	8	42
1963	0.84	8	42
1964	0.86	7	43
1965	0.86	7	43
1966	0.86	7	43
1967	0.84	8	42
1968	0.82	9	41
1969	0.80	10	40
1970	0.80	10	40
1971	0.78	11	39
1972	0.78	11	39
1973	0.78	11	39
1974	0.80	10	40
1975	0.80	10	40
1976	0.80	10	40
1977	0.80	10	40
1978	0.80	10	40
1979	0.80	10	40
1980	0.78	11	39
1981	0.78	11	39
1982	0.78	11	39
1983	0.78	11	39
1984	0.80	10	40
1985	0.80	10	40
1986	0.80	10	40
1987	0.80	10	40
1988	0.78	11	39
1989	0.78	11	39
1990	0.78	11	39
1991	0.78	11	39
1992	0.78	11	39
1993	0.78	11	39
1994	0.80	10	40
1995	0.80	10	40
1996	0.78	11	39
1997	0.78	11	39
1998	0.78	11	39
1999	0.78	11	39
2000	0.24	12	38
2001	0.26	13	37
2002	0.28	14	36
2003	0.30	15	35
2004	0.32	16	34
2005	0.34	17	33
2006	0.34	17	33
2007	0.34	17	33
2008	0.36	18	32
2009	0.38	19	31
2010	0.40	20	30
2011	0.42	21	29
2012	0.44	22	28
2013	0.46	23	27
2014	0.48	24	26
2015	0.50	25	25
2016	0.52	26	24
2017	0.52	26	24
2018	0.52	26	24
2019	0.52	26	24
2020	0.54	27	23
2021	0.54	27	23
2022	0.56	28	22
2023	0.58	29	21
2024	0.60	30	20
2025	0.60	30	20
2026	0.62	31	19
2027	0.64	32	18
2028	0.64	32	18
2029	0.66	33	17
2030	0.66	33	17
2031	0.66	33	17
2032	0.68	34	16
2033	0.68	34	16
2034	0.68	34	16
2035	0.70	35	15
2036	0.72	36	14
2037	0.74	37	13
2038	0.74	37	13
2039	0.76	38	12
2040	0.78	39	11
2041	0.80	40	10
2042	0.82	41	9
2043	0.84	42	8
2044	0.86	43	7
2045	0.88	44	6
2046	0.88	44	6
2047	0.90	45	5
2048	0.90	45	5
2049	0.90	45	5
2050	0.90	45	5
2051	0.90	45	5
2052	0.90	45	5
2053	0.90	45	5
2054	0.90	45	5
2055	0.88	44	6
2056	0.90	45	5
2057	0.90	45	5
2058	0.90	45	5
2059	0.90	45	5
2060	0.90	45	5
2061	0.90	45	5
2062	0.90	45	5
2063	0.88	44	6
2064	0.86	43	7
2065	0.86	43	7
2066	0.86	43	7
2067	0.86	43	7
2068	0.86	43	7
2069	0.86	43	7
2070	0.86	43	7
2071	0.86	43	7
2072	0.86	43	7
2073	0.84	42	8
2074	0.84	42	8
2075	0.84	42	8
2076	0.84	42	8
2077	0.84	42	8
2078	0.82	41	9
2079	0.82	41	9
2080	0.80	40	10
2081	0.82	41	9
2082	0.82	41	9
2083	0.82	41	9
2084	0.84	42	8
2085	0.84	42	8
2086	0.84	42	8
2087	0.82	41	9
2088	0.82	41	9
2089	0.82	41	9
2090	0.82	41	9
2091	0.82	41	9
2092	0.82	41	9
2093	0.82	41	9
2094	0.80	40	10
2095	0.78	39	11
2096	0.78	39	11
2097	0.78	39	11
2098	0.78	39	11
2099	0.78	39	11
2100	0.78	39	11
2101	0.78	39	11
2102	0.78	39	11
2103	0.76	38	12
2104	0.76	38	12
2105	0.76	38	12
2106	0.76	38	12
2107	0.78	39	11
2108	0.78	39	11
2109	0.78	39	11
2110	0.78	39	11
2111	0.78	39	11
2112	0.78	39	11
2113	0.78	39	11
2114	0.80	40	10
2115	0.80	40	10
2116	0.78	39	11
2117	0.78	39	11
2118	0.78	39	11
2119	0.78	39	11
2120	0.76	38	12
2121	0.74	37	13
2122	0.74	37	13
2123	0.76	38	12
2124	0.76	38	12
2125	0.76	38	12
2126	0.74	37	13
2127	0.74	37	13
2128	0.76	38	12
2129	0.74	37	13
2130	0.76	38	12
2131	0.76	38	12
2132	0.76	38	12
2133	0.76	38	12
2134	0.76	38	12
2135	0.76	38	12
2136	0.74	37	13
2137	0.76	38	12
2138	0.74	37	13
2139	0.74	37	13
2140	0.74	37	13
2141	0.74	37	13
2142	0.74	37	13
2143	0.74	37	13
2144	0.76	38	12
2145	0.78	39	11
2146	0.78	39	11
2147	0.78	39	11
2148	0.80	40	10
2149	0.80	40	10
2150	0.80	40	10
2151	0.80	40	10
2152	0.80	40	10
2153	0.82	41	9
2154	0.82	41	9
2155	0.84	42	8
2156	0.82	41	9
2157	0.82	41	9
2158	0.80	40	10
2159	0.80	40	10
2160	0.78	39	11
2161	0.78	39	11
2162	0.78	39	11
2163	0.80	40	10
2164	0.80	40	10
2165	0.80	40	10
2166	0.82	41	9
2167	0.82	41	9
2168	0.82	41	9
2169	0.82	41	9
2170	0.84	42	8
2171	0.84	42	8
2172	0.84	42	8
2173	0.84	42	8
2174	0.84	42	8
2175	0.84	42	8
2176	0.86	43	7
2177	0.86	43	7
2178	0.86	43	7
2179	0.88	44	6
2180	0.88	44	6
2181	0.88	44	6
2182	0.88	44	6
2183	0.86	43	7
2184	0.86	43	7
2185	0.86	43	7
2186	0.88	44	6
2187	0.88	44	6
2188	0.90	45	5
2189	0.90	45	5
2190	0.90	45	5
2191	0.90	45	5
2192	0.90	45	5
2193	0.90	45	5
2194	0.90	45	5
2195	0.90	45	5
2196	0.88	44	6
2197	0.88	44	6
2198	0.88	44	6
2199	0.86	43	7
2200	0.86	43	7
2201	0.86	43	7
2202	0.84	42	8
2203	0.84	42	8
2204	0.84	42	8
2205	0.84	42	8
2206	0.86	43	7
2207	0.86	43	7
2208	0.88	44	6
2209	0.86	43	7
2210	0.86	43	7
2211	0.86	43	7
2212	0.86	43	7
2213	0.84	42	8
2214	0.84	42	8
2215	0.84	42	8
2216	0.82	41	9
2217	0.80	40	10
2218	0.78	39	11
2219	0.78	39	11
2220	0.78	39	11
2221	0.80	40	10
2222	0.80	40	10
2223	0.80	40	10
2224	0.80	40	10
2225	0.80	40	10
2226	0.80	40	10
2227	0.80	40	10
2228	0.80	40	10
2229	0.80	40	10
2230	0.80	40	10
2231	0.80	40	10
2232	0.78	39	11
2233	0.80	40	10
2234	0.78	39	11
2235	0.78	39	11
2236	0.78	39	11
2237	0.78	39	11
2238	0.78	39	11
2239	0.78	39	11
2240	0.78	39	11
2241	0.76	38	12
2242	0.76	38	12
2243	0.76	38	12
2244	0.76	38	12
2245	0.76	38	12
2246	0.78	39	11
2247	0.78	39	11
2248	0.78	39	11
2249	0.78	39	11
2250	0.78	39	11
2251	0.76	38	12
2252	0.76	38	12
2253	0.74	37	13
2254	0.74	37	13
2255	0.74	37	13
2256	0.74	37	13
2257	0.72	36	14
2258	0.72	36	14
2259	0.74	37	13
2260	0.76	38	12
2261	0.76	38	12
2262	0.76	38	12
2263	0.78	39	11
2264	0.76	38	12
2265	0.76	38	12
2266	0.78	39	11
2267	0.80	40	10
2268	0.82	41	9
2269	0.82	41	9
2270	0.80	40	10
2271	0.78	39	11
2272	0.78	39	11
2273	0.78	39	11
2274	0.76	38	12
2275	0.76	38	12
2276	0.76	38	12
2277	0.76	38	12
2278	0.76	38	12
2279	0.76	38	12
2280	0.76	38	12
2281	0.76	38	12
2282	0.78	39	11
2283	0.78	39	11
2284	0.80	40	10
2285	0.80	40	10
2286	0.80	40	10
2287	0.80	40	10
2288	0.78	39	11
2289	0.78	39	11
2290	0.78	39	11
2291	0.80	40	10
2292	0.78	39	11
2293	0.78	39	11
2294	0.76	38	12
2295	0.74	37	13
2296	0.74	37	13
2297	0.74	37	13
2298	0.74	37	13
2299	0.76	38	12
2300	0.76	38	12
2301	0.76	38	12
2302	0.78	39	11
2303	0.80	40	10
2304	0.80	40	10
2305	0.80	40	10
2306	0.80	40	10
2307	0.82	41	9
2308	0.80	40	10
2309	0.80	40	10
2310	0.80	40	10
2311	0.80	40	10
2312	0.78	39	11
2313	0.78	39	11
2314	0.78	39	11
2315	0.78	39	11
2316	0.78	39	11
2317	0.76	38	12
2318	0.76	38	12
2319	0.76	38	12
2320	0.78	39	11
2321	0.80	40	10
2322	0.80	40	10
2323	0.80	40	10
2324	0.82	41	9
2325	0.80	40	10
2326	0.80	40	10
2327	0.80	40	10
2328	0.80	40	10
2329	0.80	40	10
2330	0.78	39	11
2331	0.78	39	11
2332	0.78	39	11
2333	0.78	39	11
2334	0.78	39	11
2335	0.78	39	11
2336	0.76	38	12
2337	0.74	37	13
2338	0.76	38	12
2339	0.76	38	12
2340	0.76	38	12
2341	0.74	37	13
2342	0.76	38	12
2343	0.76	38	12
2344	0.78	39	11
2345	0.80	40	10
2346	0.80	40	10
2347	0.78	39	11
2348	0.78	39	11
2349	0.76	38	12
2350	0.76	38	12
2351	0.78	39	11
2352	0.78	39	11
2353	0.78	39	11
2354	0.76	38	12
2355	0.76	38	12
2356	0.76	38	12
2357	0.74	37	13
2358	0.76	38	12
2359	0.76	38	12
2360	0.76	38	12
2361	0.76	38	12
2362	0.78	39	11
2363	0.78	39	11
2364	0.78	39	11
2365	0.76	38	12
2366	0.74	37	13
2367	0.76	38	12
2368	0.76	38	12
2369	0.74	37	13
2370	0.74	37	13
2371	0.74	37	13
2372	0.74	37	13
2373	0.72	36	14
2374	0.70	35	15
2375	0.70	35	15
2376	0.68	34	16
2377	0.68	34	16
2378	0.68	34	16
2379	0.68	34	16
2380	0.68	34	16
2381	0.66	33	17
2382	0.66	33	17
2383	0.66	33	17
2384	0.64	32	18
2385	0.62	31	19
2386	0.64	32	18
2387	0.66	33	17
2388	0.64	32	18
2389	0.64	32	18
2390	0.62	31	19
2391	0.62	31	19
2392	0.62	31	19
2393	0.62	31	19
2394	0.60	30	20
2395	0.60	30	20
2396	0.60	30	20
2397	0.62	31	19
2398	0.62	31	19
2399	0.64	32	18
2400	0.64	32	18
2401	0.64	32	18
2402	0.64	32	18
2403	0.64	32	18
2404	0.66	33	17
2405	0.64	32	18
2406	0.64	32	18
2407	0.66	33	17
2408	0.66	33	17
2409	0.66	33	17
2410	0.64	32	18
2411	0.64	32	18
2412	0.64	32	18
2413	0.64	32	18
2414	0.66	33	17
2415	0.66	33	17
2416	0.66	33	17
2417	0.66	33	17
2418	0.64	32	18
2419	0.66	33	17
2420	0.66	33	17
2421	0.66	33	17
2422	0.66	33	17
2423	0.68	34	16
2424	0.70	35	15
2425	0.72	36	14
2426	0.74	37	13
2427	0.72	36	14
2428	0.72	36	14
2429	0.72	36	14
2430	0.72	36	14
2431	0.74	37	13
2432	0.74	37	13
2433	0.74	37	13
2434	0.76	38	12
2435	0.76	38	12
2436	0.76	38	12
2437	0.76	38	12
2438	0.76	38	12
2439	0.76	38	12
2440	0.78	39	11
2441	0.80	40	10
2442	0.80	40	10
2443	0.80	40	10
2444	0.82	41	9
2445	0.82	41	9
2446	0.80	40	10
2447	0.80	40	10
2448	0.80	40	10
2449	0.80	40	10
2450	0.78	39	11
2451	0.78	39	11
2452	0.78	39	11
2453	0.76	38	12
2454	0.76	38	12
2455	0.78	39	11
2456	0.78	39	11
2457	0.76	38	12
2458	0.76	38	12
2459	0.76	38	12
2460	0.76	38	12
2461	0.76	38	12
2462	0.74	37	13
2463	0.74	37	13
2464	0.74	37	13
2465	0.76	38	12
2466	0.78	39	11
2467	0.78	39	11
2468	0.80	40	10
2469	0.78	39	11
2470	0.78	39	11
2471	0.78	39	11
2472	0.78	39	11
2473	0.78	39	11
2474	0.78	39	11
2475	0.78	39	11
2476	0.78	39	11
2477	0.80	40	10
2478	0.80	40	10
2479	0.80	40	10
2480	0.80	40	10
2481	0.80	40	10
2482	0.80	40	10
2483	0.80	40	10
2484	0.80	40	10
2485	0.82	41	9
2486	0.82	41	9
2487	0.82	41	9
2488	0.84	42	8
2489	0.84	42	8
2490	0.84	42	8
2491	0.84	42	8
2492	0.84	42	8
2493	0.82	41	9
2494	0.82	41	9
2495	0.82	41	9
2496	0.84	42	8
2497	0.84	42	8
2498	0.84	42	8
2499	0.84	42	8
2500	0.16	42	8
2501	0.18	41	9
2502	0.20	40	10
2503	0.18	41	9
2504	0.20	40	10
2505	0.20	40	10
2506	0.22	39	11
2507	0.22	39	11
2508	0.22	39	11
2509	0.24	38	12
2510	0.24	38	12
2511	0.26	37	13
2512	0.26	37	13
2513	0.28	36	14
2514	0.30	35	15
2515	0.32	34	16
2516	0.34	33	17
2517	0.36	32	18
2518	0.38	31	19
2519	0.38	31	19
2520	0.40	30	20
2521	0.42	29	21
2522	0.42	29	21
2523	0.44	28	22
2524	0.46	27	23
2525	0.48	26	24
2526	0.48	26	24
2527	0.50	25	25
2528	0.52	24	26
2529	0.54	23	27
2530	0.54	23	27
2531	0.56	22	28
2532	0.56	22	28
2533	0.58	21	29
2534	0.60	20	30
2535	0.60	20	30
2536	0.62	19	31
2537	0.62	19	31
2538	0.64	18	32
2539	0.66	17	33
2540	0.68	16	34
2541	0.70	15	35
2542	0.72	14	36
2543	0.72	14	36
2544	0.74	13	37
2545	0.76	12	38
2546	0.78	11	39
2547	0.80	10	40
2548	0.82	9	41
2549	0.84	8	42
2550	0.82	9	41
2551	0.82	9	41
2552	0.82	9	41
2553	0.84	8	42
2554	0.84	8	42
2555	0.84	8	42
2556	0.84	8	42
2557	0.84	8	42
2558	0.86	7	43
2559	0.86	7	43
2560	0.86	7	43
2561	0.86	7	43
2562	0.86	7	43
2563	0.86	7	43
2564	0.86	7	43
2565	0.86	7	43
2566	0.86	7	43
2567	0.86	7	43
2568	0.86	7	43
2569	0.86	7	43
2570	0.86	7	43
2571	0.86	7	43
2572	0.88	6	44
2573	0.88	6	44
2574	0.88	6	44
2575	0.88	6	44
2576	0.90	5	45
2577	0.88	6	44
2578	0.88	6	44
2579	0.88	6	44
2580	0.88	6	44
2581	0.88	6	44
2582	0.90	5	45
2583	0.90	5	45
2584	0.90	5	45
2585	0.90	5	45
2586	0.90	5	45
2587	0.92	4	46
2588	0.90	5	45
2589	0.90	5	45
2590	0.90	5	45
2591	0.90	5	45
2592	0.90	5	45
2593	0.90	5	45
2594	0.90	5	45
2595	0.90	5	45
2596	0.90	5	45
2597	0.88	6	44
2598	0.88	6	44
2599	0.88	6	44
2600	0.90	5	45
2601	0.90	5	45
2602	0.88	6	44
2603	0.88	6	44
2604	0.86	7	43
2605	0.88	6	44
2606	0.88	6	44
2607	0.88	6	44
2608	0.86	7	43
2609	0.86	7	43
2610	0.86	7	43
2611	0.86	7	43
2612	0.86	7	43
2613	0.86	7	43
2614	0.86	7	43
2615	0.84	8	42
2616	0.84	8	42
2617	0.84	8	42
2618	0.84	8	42
2619	0.82	9	41
2620	0.82	9	41
2621	0.82	9	41
2622	0.82	9	41
2623	0.80	10	40
2624	0.80	10	40
2625	0.80	10	40
2626	0.78	11	39
2627	0.80	10	40
2628	0.80	10	40
2629	0.80	10	40
2630	0.80	10	40
2631	0.78	11	39
2632	0.78	11	39
2633	0.78	11	39
2634	0.78	11	39
2635	0.80	10	40
2636	0.80	10	40
2637	0.80	10	40
2638	0.82	9	41
2639	0.82	9	41
2640	0.82	9	41
2641	0.82	9	41
2642	0.80	10	40
2643	0.80	10	40
2644	0.80	10	40
2645	0.80	10	40
2646	0.80	10	40
2647	0.82	9	41
2648	0.82	9	41
2649	0.82	9	41
2650	0.82	9	41
2651	0.82	9	41
2652	0.82	9	41
2653	0.82	9	41
2654	0.82	9	41
2655	0.80	10	40
2656	0.80	10	40
2657	0.80	10	40
2658	0.82	9	41
2659	0.82	9	41
2660	0.82	9	41
2661	0.82	9	41
2662	0.82	9	41
2663	0.82	9	41
2664	0.82	9	41
2665	0.84	8	42
2666	0.82	9	41
2667	0.82	9	41
2668	0.82	9	41
2669	0.84	8	42
2670	0.82	9	41
2671	0.80	10	40
2672	0.80	10	40
2673	0.82	9	41
2674	0.82	9	41
2675	0.82	9	41
2676	0.84	8	42
2677	0.84	8	42
2678	0.84	8	42
2679	0.84	8	42
2680	0.82	9	41
2681	0.82	9	41
2682	0.82	9	41
2683	0.82	9	41
2684	0.80	10	40
2685	0.80	10	40
2686	0.80	10	40
2687	0.80	10	40
2688	0.80	10	40
2689	0.80	10	40
2690	0.78	11	39
2691	0.78	11	39
2692	0.80	10	40
2693	0.80	10	40
2694	0.80	10	40
2695	0.80	10	40
2696	0.80	10	40
2697	0.80	10	40
2698	0.80	10	40
2699	0.80	10	40
2700	0.78	11	39
2701	0.78	11	39
2702	0.80	10	40
2703	0.78	11	39
2704	0.78	11	39
2705	0.78	11	39
2706	0.78	11	39
2707	0.78	11	39
2708	0.78	11	39
2709	0.76	12	38
2710	0.76	12	38
2711	0.76	12	38
2712	0.76	12	38
2713	0.76	12	38
2714	0.74	13	37
2715	0.74	13	37
2716	0.76	12	38
2717	0.74	13	37
2718	0.74	13	37
2719	0.74	13	37
2720	0.74	13	37
2721	0.76	12	38
2722	0.74	13	37
2723	0.74	13	37
2724	0.74	13	37
2725	0.74	13	37
2726	0.74	13	37
2727	0.74	13	37
2728	0.72	14	36
2729	0.72	14	36
2730	0.74	13	37
2731	0.76	12	38
2732	0.76	12	38
2733	0.76	12	38
2734	0.78	11	39
2735	0.76	12	38
2736	0.76	12	38
2737	0.76	12	38
2738	0.76	12	38
2739	0.76	12	38
2740	0.78	11	39
2741	0.78	11	39
2742	0.78	11	39
2743	0.78	11	39
2744	0.78	11	39
2745	0.78	11	39
2746	0.78	11	39
2747	0.78	11	39
2748	0.78	11	39
2749	0.78	11	39
2750	0.78	11	39
2751	0.76	12	38
2752	0.76	12	38
2753	0.78	11	39
2754	0.80	10	40
2755	0.82	9	41
2756	0.82	9	41
2757	0.82	9	41
2758	0.82	9	41
2759	0.84	8	42
2760	0.82	9	41
2761	0.82	9	41
2762	0.82	9	41
2763	0.82	9	41
2764	0.84	8	42
2765	0.84	8	42
2766	0.84	8	42
2767	0.86	7	43
2768	0.86	7	43
2769	0.86	7	43
2770	0.88	6	44
2771	0.88	6	44
2772	0.90	5	45
2773	0.90	5	45
2774	0.90	5	45
2775	0.88	6	44
2776	0.86	7	43
2777	0.86	7	43
2778	0.88	6	44
2779	0.88	6	44
2780	0.88	6	44
2781	0.88	6	44
2782	0.88	6	44
2783	0.88	6	44
2784	0.88	6	44
2785	0.88	6	44
2786	0.88	6	44
2787	0.88	6	44
2788	0.88	6	44
2789	0.88	6	44
2790	0.88	6	44
2791	0.88	6	44
2792	0.88	6	44
2793	0.88	6	44
2794	0.88	6	44
2795	0.88	6	44
2796	0.88	6	44
2797	0.88	6	44
2798	0.88	6	44
2799	0.88	6	44
2800	0.90	5	45
2801	0.92	4	46
2802	0.90	5	45
2803	0.90	5	45
2804	0.90	5	45
2805	0.90	5	45
2806	0.90	5	45
2807	0.90	5	45
2808	0.90	5	45
2809	0.90	5	45
2810	0.90	5	45
2811	0.90	5	45
2812	0.90	5	45
2813	0.90	5	45
2814	0.90	5	45
2815	0.88	6	44
2816	0.88	6	44
2817	0.86	7	43
2818	0.86	7	43
2819	0.84	8	42
2820	0.84	8	42
2821	0.82	9	41
2822	0.82	9	41
2823	0.82	9	41
2824	0.80	10	40
2825	0.82	9	41
2826	0.84	8	42
2827	0.84	8	42
2828	0.84	8	42
2829	0.84	8	42
2830	0.84	8	42
2831	0.84	8	42
2832	0.84	8	42
2833	0.84	8	42
2834	0.84	8	42
2835	0.86	7	43
2836	0.86	7	43
2837	0.86	7	43
2838	0.84	8	42
2839	0.84	8	42
2840	0.82	9	41
2841	0.82	9	41
2842	0.82	9	41
2843	0.82	9	41
2844	0.82	9	41
2845	0.82	9	41
2846	0.80	10	40
2847	0.80	10	40
2848	0.80	10	40
2849	0.80	10	40
2850	0.78	11	39
2851	0.78	11	39
2852	0.80	10	40
2853	0.78	11	39
2854	0.78	11	39
2855	0.78	11	39
2856	0.78	11	39
2857	0.78	11	39
2858	0.78	11	39
2859	0.78	11	39
2860	0.80	10	40
2861	0.78	11	39
2862	0.78	11	39
2863	0.78	11	39
2864	0.78	11	39
2865	0.80	10	40
2866	0.80	10	40
2867	0.82	9	41
2868	0.80	10	40
2869	0.82	9	41
2870	0.80	10	40
2871	0.80	10	40
2872	0.80	10	40
2873	0.80	10	40
2874	0.82	9	41
2875	0.82	9	41
2876	0.82	9	41
2877	0.82	9	41
2878	0.82	9	41
2879	0.82	9	41
2880	0.82	9	41
2881	0.82	9	41
2882	0.82	9	41
2883	0.82	9	41
2884	0.82	9	41
2885	0.82	9	41
2886	0.80	10	40
2887	0.80	10	40
2888	0.82	9	41
2889	0.82	9	41
2890	0.82	9	41
2891	0.80	10	40
2892	0.80	10	40
2893	0.78	11	39
2894	0.78	11	39
2895	0.78	11	39
2896	0.80	10	40
2897	0.80	10	40
2898	0.80	10	40
2899	0.80	10	40
2900	0.82	9	41
2901	0.80	10	40
2902	0.80	10	40
2903	0.82	9	41
2904	0.82	9	41
2905	0.82	9	41
2906	0.82	9	41
2907	0.82	9	41
2908	0.82	9	41
2909	0.82	9	41
2910	0.82	9	41
2911	0.82	9	41
2912	0.82	9	41
2913	0.82	9	41
2914	0.82	9	41
2915	0.82	9	41
2916	0.82	9	41
2917	0.80	10	40
2918	0.80	10	40
2919	0.78	11	39
2920	0.78	11	39
2921	0.78	11	39
2922	0.78	11	39
2923	0.78	11	39
2924	0.78	11	39
2925	0.78	11	39
2926	0.76	12	38
2927	0.76	12	38
2928	0.76	12	38
2929	0.76	12	38
2930	0.74	13	37
2931	0.74	13	37
2932	0.74	13	37
2933	0.74	13	37
2934	0.74	13	37
2935	0.74	13	37
2936	0.76	12	38
2937	0.76	12	38
2938	0.76	12	38
2939	0.76	12	38
2940	0.78	11	39
2941	0.80	10	40
2942	0.80	10	40
2943	0.82	9	41
2944	0.82	9	41
2945	0.82	9	41
2946	0.82	9	41
2947	0.80	10	40
2948	0.80	10	40
2949	0.80	10	40
2950	0.78	11	39
2951	0.80	10	40
2952	0.80	10	40
2953	0.80	10	40
2954	0.80	10	40
2955	0.78	11	39
2956	0.78	11	39
2957	0.78	11	39
2958	0.78	11	39
2959	0.78	11	39
2960	0.78	11	39
2961	0.80	10	40
2962	0.80	10	40
2963	0.78	11	39
2964	0.78	11	39
2965	0.78	11	39
2966	0.78	11	39
2967	0.80	10	40
2968	0.82	9	41
2969	0.82	9	41
2970	0.84	8	42
2971	0.86	7	43
2972	0.86	7	43
2973	0.84	8	42
2974	0.84	8	42
2975	0.84	8	42
2976	0.86	7	43
2977	0.84	8	42
2978	0.84	8	42
2979	0.82	9	41
2980	0.84	8	42
2981	0.84	8	42
2982	0.84	8	42
2983	0.84	8	42
2984	0.84	8	42
2985	0.84	8	42
2986	0.84	8	42
2987	0.84	8	42
2988	0.84	8	42
2989	0.84	8	42
2990	0.84	8	42
2991	0.82	9	41
2992	0.82	9	41
2993	0.80	10	40
2994	0.80	10	40
2995	0.78	11	39
2996	0.78	11	39
2997	0.80	10	40
2998	0.78	11	39
2999	0.78	11	39
