timestep	swarm_quality	color_0	color_1
0	0.70	35	15
1	0.70	35	15
2	0.70	35	15
3	0.68	34	16
4	0.68	34	16
5	0.68	34	16
6	0.68	34	16
7	0.68	34	16
8	0.68	34	16
9	0.68	34	16
10	0.68	34	16
11	0.68	34	16
12	0.68	34	16
13	0.68	34	16
14	0.68	34	16
15	0.66	33	17
16	0.64	32	18
17	0.64	32	18
18	0.64	32	18
19	0.64	32	18
20	0.64	32	18
21	0.64	32	18
22	0.64	32	18
23	0.64	32	18
24	0.64	32	18
25	0.64	32	18
26	0.64	32	18
27	0.62	31	19
28	0.62	31	19
29	0.62	31	19
30	0.62	31	19
31	0.62	31	19
32	0.62	31	19
33	0.62	31	19
34	0.62	31	19
35	0.64	32	18
36	0.66	33	17
37	0.68	34	16
38	0.68	34	16
39	0.70	35	15
40	0.70	35	15
41	0.70	35	15
42	0.72	36	14
43	0.72	36	14
44	0.74	37	13
45	0.76	38	12
46	0.76	38	12
47	0.78	39	11
48	0.80	40	10
49	0.82	41	9
50	0.82	41	9
51	0.82	41	9
52	0.82	41	9
53	0.84	42	8
54	0.82	41	9
55	0.82	41	9
56	0.82	41	9
57	0.82	41	9
58	0.82	41	9
59	0.82	41	9
60	0.82	41	9
61	0.82	41	9
62	0.82	41	9
63	0.82	41	9
64	0.80	40	10
65	0.80	40	10
66	0.82	41	9
67	0.82	41	9
68	0.82	41	9
69	0.82	41	9
70	0.82	41	9
71	0.82	41	9
72	0.82	41	9
73	0.80	40	10
74	0.80	40	10
75	0.80	40	10
76	0.78	39	11
77	0.80	40	10
78	0.78	39	11
79	0.76	38	12
80	0.76	38	12
81	0.76	38	12
82	0.76	38	12
83	0.76	38	12
84	0.76	38	12
85	0.74	37	13
86	0.72	36	14
87	0.70	35	15
88	0.72	36	14
89	0.72	36	14
90	0.74	37	13
91	0.74	37	13
92	0.72	36	14
93	0.74	37	13
94	0.74	37	13
95	0.74	37	13
96	0.74	37	13
97	0.74	37	13
98	0.74	37	13
99	0.74	37	13
100	0.72	36	14
101	0.72	36	14
102	0.70	35	15
103	0.70	35	15
104	0.72	36	14
105	0.72	36	14
106	0.72	36	14
107	0.70	35	15
108	0.70	35	15
109	0.70	35	15
110	0.70	35	15
111	0.70	35	15
112	0.70	35	15
113	0.70	35	15
114	0.72	36	14
115	0.74	37	13
116	0.74	37	13
117	0.74	37	13
118	0.74	37	13
119	0.74	37	13
120	0.72	36	14
121	0.72	36	14
122	0.72	36	14
123	0.74	37	13
124	0.74	37	13
125	0.74	37	13
126	0.76	38	12
127	0.74	37	13
128	0.76	38	12
129	0.76	38	12
130	0.76	38	12
131	0.76	38	12
132	0.76	38	12
133	0.76	38	12
134	0.76	38	12
135	0.76	38	12
136	0.78	39	11
137	0.80	40	10
138	0.80	40	10
139	0.78	39	11
140	0.76	38	12
141	0.76	38	12
142	0.78	39	11
143	0.78	39	11
144	0.78	39	11
145	0.78	39	11
146	0.80	40	10
147	0.78	39	11
148	0.76	38	12
149	0.76	38	12
150	0.76	38	12
151	0.76	38	12
152	0.78	39	11
153	0.78	39	11
154	0.78	39	11
155	0.76	38	12
156	0.76	38	12
157	0.78	39	11
158	0.78	39	11
159	0.76	38	12
160	0.76	38	12
161	0.76	38	12
162	0.76	38	12
163	0.76	38	12
164	0.76	38	12
165	0.76	38	12
166	0.76	38	12
167	0.76	38	12
168	0.76	38	12
169	0.76	38	12
170	0.78	39	11
171	0.78	39	11
172	0.78	39	11
173	0.78	39	11
174	0.76	38	12
175	0.76	38	12
176	0.74	37	13
177	0.76	38	12
178	0.76	38	12
179	0.76	38	12
180	0.76	38	12
181	0.76	38	12
182	0.76	38	12
183	0.76	38	12
184	0.74	37	13
185	0.74	37	13
186	0.74	37	13
187	0.74	37	13
188	0.74	37	13
189	0.74	37	13
190	0.76	38	12
191	0.78	39	11
192	0.76	38	12
193	0.76	38	12
194	0.76	38	12
195	0.76	38	12
196	0.76	38	12
197	0.78	39	11
198	0.80	40	10
199	0.80	40	10
200	0.82	41	9
201	0.80	40	10
202	0.78	39	11
203	0.78	39	11
204	0.78	39	11
205	0.80	40	10
206	0.80	40	10
207	0.80	40	10
208	0.78	39	11
209	0.80	40	10
210	0.80	40	10
211	0.78	39	11
212	0.76	38	12
213	0.76	38	12
214	0.76	38	12
215	0.76	38	12
216	0.76	38	12
217	0.76	38	12
218	0.76	38	12
219	0.76	38	12
220	0.76	38	12
221	0.76	38	12
222	0.76	38	12
223	0.76	38	12
224	0.76	38	12
225	0.76	38	12
226	0.76	38	12
227	0.76	38	12
228	0.76	38	12
229	0.76	38	12
230	0.76	38	12
231	0.76	38	12
232	0.76	38	12
233	0.76	38	12
234	0.78	39	11
235	0.80	40	10
236	0.80	40	10
237	0.80	40	10
238	0.78	39	11
239	0.80	40	10
240	0.80	40	10
241	0.78	39	11
242	0.80	40	10
243	0.80	40	10
244	0.80	40	10
245	0.80	40	10
246	0.78	39	11
247	0.78	39	11
248	0.78	39	11
249	0.78	39	11
250	0.76	38	12
251	0.78	39	11
252	0.80	40	10
253	0.80	40	10
254	0.78	39	11
255	0.76	38	12
256	0.74	37	13
257	0.74	37	13
258	0.76	38	12
259	0.76	38	12
260	0.76	38	12
261	0.78	39	11
262	0.80	40	10
263	0.80	40	10
264	0.80	40	10
265	0.78	39	11
266	0.76	38	12
267	0.76	38	12
268	0.76	38	12
269	0.76	38	12
270	0.76	38	12
271	0.76	38	12
272	0.76	38	12
273	0.76	38	12
274	0.78	39	11
275	0.78	39	11
276	0.80	40	10
277	0.80	40	10
278	0.80	40	10
279	0.82	41	9
280	0.82	41	9
281	0.80	40	10
282	0.80	40	10
283	0.80	40	10
284	0.80	40	10
285	0.78	39	11
286	0.78	39	11
287	0.78	39	11
288	0.78	39	11
289	0.78	39	11
290	0.76	38	12
291	0.78	39	11
292	0.78	39	11
293	0.78	39	11
294	0.78	39	11
295	0.78	39	11
296	0.80	40	10
297	0.78	39	11
298	0.78	39	11
299	0.78	39	11
300	0.78	39	11
301	0.78	39	11
302	0.78	39	11
303	0.78	39	11
304	0.80	40	10
305	0.82	41	9
306	0.82	41	9
307	0.82	41	9
308	0.82	41	9
309	0.82	41	9
310	0.82	41	9
311	0.82	41	9
312	0.82	41	9
313	0.82	41	9
314	0.82	41	9
315	0.84	42	8
316	0.86	43	7
317	0.84	42	8
318	0.84	42	8
319	0.84	42	8
320	0.84	42	8
321	0.84	42	8
322	0.84	42	8
323	0.84	42	8
324	0.84	42	8
325	0.84	42	8
326	0.84	42	8
327	0.84	42	8
328	0.84	42	8
329	0.84	42	8
330	0.84	42	8
331	0.84	42	8
332	0.84	42	8
333	0.84	42	8
334	0.84	42	8
335	0.86	43	7
336	0.84	42	8
337	0.84	42	8
338	0.86	43	7
339	0.86	43	7
340	0.88	44	6
341	0.86	43	7
342	0.84	42	8
343	0.84	42	8
344	0.84	42	8
345	0.84	42	8
346	0.84	42	8
347	0.86	43	7
348	0.86	43	7
349	0.86	43	7
350	0.88	44	6
351	0.88	44	6
352	0.88	44	6
353	0.88	44	6
354	0.88	44	6
355	0.88	44	6
356	0.90	45	5
357	0.90	45	5
358	0.88	44	6
359	0.88	44	6
360	0.88	44	6
361	0.88	44	6
362	0.88	44	6
363	0.86	43	7
364	0.86	43	7
365	0.84	42	8
366	0.84	42	8
367	0.86	43	7
368	0.86	43	7
369	0.86	43	7
370	0.86	43	7
371	0.86	43	7
372	0.84	42	8
373	0.84	42	8
374	0.84	42	8
375	0.84	42	8
376	0.84	42	8
377	0.84	42	8
378	0.84	42	8
379	0.84	42	8
380	0.84	42	8
381	0.86	43	7
382	0.86	43	7
383	0.84	42	8
384	0.84	42	8
385	0.82	41	9
386	0.84	42	8
387	0.84	42	8
388	0.84	42	8
389	0.82	41	9
390	0.82	41	9
391	0.84	42	8
392	0.86	43	7
393	0.84	42	8
394	0.82	41	9
395	0.82	41	9
396	0.80	40	10
397	0.78	39	11
398	0.78	39	11
399	0.78	39	11
400	0.78	39	11
401	0.78	39	11
402	0.78	39	11
403	0.78	39	11
404	0.78	39	11
405	0.78	39	11
406	0.78	39	11
407	0.78	39	11
408	0.80	40	10
409	0.80	40	10
410	0.80	40	10
411	0.80	40	10
412	0.80	40	10
413	0.82	41	9
414	0.82	41	9
415	0.84	42	8
416	0.84	42	8
417	0.82	41	9
418	0.82	41	9
419	0.82	41	9
420	0.82	41	9
421	0.82	41	9
422	0.84	42	8
423	0.82	41	9
424	0.82	41	9
425	0.80	40	10
426	0.80	40	10
427	0.80	40	10
428	0.80	40	10
429	0.80	40	10
430	0.80	40	10
431	0.80	40	10
432	0.80	40	10
433	0.80	40	10
434	0.80	40	10
435	0.80	40	10
436	0.80	40	10
437	0.78	39	11
438	0.78	39	11
439	0.80	40	10
440	0.80	40	10
441	0.78	39	11
442	0.78	39	11
443	0.78	39	11
444	0.80	40	10
445	0.80	40	10
446	0.82	41	9
447	0.84	42	8
448	0.84	42	8
449	0.84	42	8
450	0.84	42	8
451	0.84	42	8
452	0.84	42	8
453	0.84	42	8
454	0.84	42	8
455	0.84	42	8
456	0.84	42	8
457	0.82	41	9
458	0.82	41	9
459	0.82	41	9
460	0.82	41	9
461	0.82	41	9
462	0.82	41	9
463	0.82	41	9
464	0.82	41	9
465	0.82	41	9
466	0.82	41	9
467	0.84	42	8
468	0.84	42	8
469	0.84	42	8
470	0.84	42	8
471	0.84	42	8
472	0.84	42	8
473	0.86	43	7
474	0.86	43	7
475	0.88	44	6
476	0.88	44	6
477	0.88	44	6
478	0.88	44	6
479	0.86	43	7
480	0.86	43	7
481	0.86	43	7
482	0.86	43	7
483	0.88	44	6
484	0.88	44	6
485	0.90	45	5
486	0.90	45	5
487	0.92	46	4
488	0.92	46	4
489	0.92	46	4
490	0.92	46	4
491	0.94	47	3
492	0.94	47	3
493	0.96	48	2
494	0.96	48	2
495	0.96	48	2
496	0.96	48	2
497	0.96	48	2
498	0.96	48	2
499	0.96	48	2
500	0.04	48	2
501	0.04	48	2
502	0.04	48	2
503	0.06	47	3
504	0.08	46	4
505	0.10	45	5
506	0.10	45	5
507	0.10	45	5
508	0.12	44	6
509	0.14	43	7
510	0.16	42	8
511	0.16	42	8
512	0.18	41	9
513	0.20	40	10
514	0.22	39	11
515	0.24	38	12
516	0.26	37	13
517	0.28	36	14
518	0.30	35	15
519	0.32	34	16
520	0.34	33	17
521	0.36	32	18
522	0.36	32	18
523	0.38	31	19
524	0.40	30	20
525	0.40	30	20
526	0.42	29	21
527	0.44	28	22
528	0.44	28	22
529	0.44	28	22
530	0.46	27	23
531	0.48	26	24
532	0.50	25	25
533	0.50	25	25
534	0.52	24	26
535	0.54	23	27
536	0.56	22	28
537	0.58	21	29
538	0.60	20	30
539	0.62	19	31
540	0.64	18	32
541	0.66	17	33
542	0.68	16	34
543	0.70	15	35
544	0.72	14	36
545	0.74	13	37
546	0.76	12	38
547	0.78	11	39
548	0.80	10	40
549	0.82	9	41
550	0.84	8	42
551	0.84	8	42
552	0.84	8	42
553	0.84	8	42
554	0.84	8	42
555	0.84	8	42
556	0.86	7	43
557	0.86	7	43
558	0.84	8	42
559	0.82	9	41
560	0.80	10	40
561	0.82	9	41
562	0.82	9	41
563	0.82	9	41
564	0.82	9	41
565	0.82	9	41
566	0.82	9	41
567	0.82	9	41
568	0.82	9	41
569	0.82	9	41
570	0.80	10	40
571	0.80	10	40
572	0.82	9	41
573	0.82	9	41
574	0.82	9	41
575	0.84	8	42
576	0.82	9	41
577	0.80	10	40
578	0.82	9	41
579	0.82	9	41
580	0.82	9	41
581	0.82	9	41
582	0.82	9	41
583	0.84	8	42
584	0.82	9	41
585	0.80	10	40
586	0.80	10	40
587	0.80	10	40
588	0.80	10	40
589	0.80	10	40
590	0.80	10	40
591	0.78	11	39
592	0.78	11	39
593	0.78	11	39
594	0.78	11	39
595	0.76	12	38
596	0.76	12	38
597	0.74	13	37
598	0.74	13	37
599	0.74	13	37
600	0.74	13	37
601	0.76	12	38
602	0.76	12	38
603	0.76	12	38
604	0.76	12	38
605	0.76	12	38
606	0.76	12	38
607	0.76	12	38
608	0.78	11	39
609	0.80	10	40
610	0.82	9	41
611	0.82	9	41
612	0.82	9	41
613	0.80	10	40
614	0.78	11	39
615	0.78	11	39
616	0.76	12	38
617	0.76	12	38
618	0.76	12	38
619	0.74	13	37
620	0.76	12	38
621	0.76	12	38
622	0.76	12	38
623	0.76	12	38
624	0.76	12	38
625	0.76	12	38
626	0.78	11	39
627	0.80	10	40
628	0.80	10	40
629	0.80	10	40
630	0.80	10	40
631	0.80	10	40
632	0.80	10	40
633	0.80	10	40
634	0.82	9	41
635	0.82	9	41
636	0.82	9	41
637	0.82	9	41
638	0.80	10	40
639	0.80	10	40
640	0.80	10	40
641	0.82	9	41
642	0.82	9	41
643	0.82	9	41
644	0.82	9	41
645	0.82	9	41
646	0.82	9	41
647	0.82	9	41
648	0.82	9	41
649	0.80	10	40
650	0.80	10	40
651	0.80	10	40
652	0.82	9	41
653	0.82	9	41
654	0.82	9	41
655	0.82	9	41
656	0.82	9	41
657	0.82	9	41
658	0.80	10	40
659	0.78	11	39
660	0.78	11	39
661	0.78	11	39
662	0.76	12	38
663	0.78	11	39
664	0.80	10	40
665	0.80	10	40
666	0.82	9	41
667	0.80	10	40
668	0.80	10	40
669	0.82	9	41
670	0.82	9	41
671	0.82	9	41
672	0.82	9	41
673	0.82	9	41
674	0.82	9	41
675	0.82	9	41
676	0.82	9	41
677	0.82	9	41
678	0.82	9	41
679	0.80	10	40
680	0.78	11	39
681	0.78	11	39
682	0.78	11	39
683	0.78	11	39
684	0.78	11	39
685	0.80	10	40
686	0.80	10	40
687	0.78	11	39
688	0.78	11	39
689	0.78	11	39
690	0.78	11	39
691	0.78	11	39
692	0.78	11	39
693	0.78	11	39
694	0.76	12	38
695	0.78	11	39
696	0.78	11	39
697	0.80	10	40
698	0.80	10	40
699	0.82	9	41
700	0.80	10	40
701	0.78	11	39
702	0.78	11	39
703	0.78	11	39
704	0.78	11	39
705	0.76	12	38
706	0.76	12	38
707	0.76	12	38
708	0.78	11	39
709	0.78	11	39
710	0.78	11	39
711	0.76	12	38
712	0.78	11	39
713	0.78	11	39
714	0.78	11	39
715	0.76	12	38
716	0.76	12	38
717	0.78	11	39
718	0.78	11	39
719	0.78	11	39
720	0.76	12	38
721	0.76	12	38
722	0.76	12	38
723	0.76	12	38
724	0.76	12	38
725	0.76	12	38
726	0.76	12	38
727	0.74	13	37
728	0.74	13	37
729	0.76	12	38
730	0.76	12	38
731	0.76	12	38
732	0.76	12	38
733	0.76	12	38
734	0.76	12	38
735	0.74	13	37
736	0.74	13	37
737	0.74	13	37
738	0.74	13	37
739	0.72	14	36
740	0.72	14	36
741	0.72	14	36
742	0.72	14	36
743	0.72	14	36
744	0.74	13	37
745	0.74	13	37
746	0.74	13	37
747	0.74	13	37
748	0.74	13	37
749	0.72	14	36
750	0.74	13	37
751	0.76	12	38
752	0.76	12	38
753	0.76	12	38
754	0.76	12	38
755	0.78	11	39
756	0.76	12	38
757	0.76	12	38
758	0.76	12	38
759	0.78	11	39
760	0.78	11	39
761	0.80	10	40
762	0.78	11	39
763	0.78	11	39
764	0.78	11	39
765	0.80	10	40
766	0.78	11	39
767	0.76	12	38
768	0.76	12	38
769	0.76	12	38
770	0.78	11	39
771	0.78	11	39
772	0.78	11	39
773	0.78	11	39
774	0.78	11	39
775	0.78	11	39
776	0.76	12	38
777	0.78	11	39
778	0.78	11	39
779	0.78	11	39
780	0.78	11	39
781	0.78	11	39
782	0.76	12	38
783	0.74	13	37
784	0.74	13	37
785	0.76	12	38
786	0.76	12	38
787	0.78	11	39
788	0.80	10	40
789	0.82	9	41
790	0.80	10	40
791	0.80	10	40
792	0.80	10	40
793	0.80	10	40
794	0.80	10	40
795	0.80	10	40
796	0.80	10	40
797	0.80	10	40
798	0.78	11	39
799	0.80	10	40
800	0.80	10	40
801	0.80	10	40
802	0.80	10	40
803	0.78	11	39
804	0.78	11	39
805	0.78	11	39
806	0.80	10	40
807	0.80	10	40
808	0.78	11	39
809	0.78	11	39
810	0.78	11	39
811	0.78	11	39
812	0.80	10	40
813	0.80	10	40
814	0.80	10	40
815	0.80	10	40
816	0.82	9	41
817	0.82	9	41
818	0.82	9	41
819	0.82	9	41
820	0.82	9	41
821	0.82	9	41
822	0.82	9	41
823	0.82	9	41
824	0.82	9	41
825	0.82	9	41
826	0.82	9	41
827	0.82	9	41
828	0.82	9	41
829	0.82	9	41
830	0.84	8	42
831	0.84	8	42
832	0.84	8	42
833	0.84	8	42
834	0.82	9	41
835	0.82	9	41
836	0.82	9	41
837	0.82	9	41
838	0.82	9	41
839	0.82	9	41
840	0.84	8	42
841	0.84	8	42
842	0.84	8	42
843	0.84	8	42
844	0.82	9	41
845	0.82	9	41
846	0.82	9	41
847	0.82	9	41
848	0.84	8	42
849	0.82	9	41
850	0.82	9	41
851	0.82	9	41
852	0.80	10	40
853	0.82	9	41
854	0.82	9	41
855	0.82	9	41
856	0.82	9	41
857	0.82	9	41
858	0.84	8	42
859	0.84	8	42
860	0.84	8	42
861	0.84	8	42
862	0.84	8	42
863	0.84	8	42
864	0.84	8	42
865	0.84	8	42
866	0.82	9	41
867	0.84	8	42
868	0.82	9	41
869	0.80	10	40
870	0.80	10	40
871	0.78	11	39
872	0.78	11	39
873	0.76	12	38
874	0.76	12	38
875	0.76	12	38
876	0.78	11	39
877	0.78	11	39
878	0.78	11	39
879	0.78	11	39
880	0.78	11	39
881	0.78	11	39
882	0.78	11	39
883	0.78	11	39
884	0.80	10	40
885	0.78	11	39
886	0.78	11	39
887	0.76	12	38
888	0.76	12	38
889	0.76	12	38
890	0.74	13	37
891	0.74	13	37
892	0.74	13	37
893	0.74	13	37
894	0.76	12	38
895	0.76	12	38
896	0.76	12	38
897	0.76	12	38
898	0.76	12	38
899	0.78	11	39
900	0.78	11	39
901	0.78	11	39
902	0.80	10	40
903	0.78	11	39
904	0.78	11	39
905	0.78	11	39
906	0.78	11	39
907	0.78	11	39
908	0.78	11	39
909	0.76	12	38
910	0.76	12	38
911	0.76	12	38
912	0.74	13	37
913	0.74	13	37
914	0.74	13	37
915	0.74	13	37
916	0.76	12	38
917	0.76	12	38
918	0.78	11	39
919	0.80	10	40
920	0.80	10	40
921	0.82	9	41
922	0.82	9	41
923	0.84	8	42
924	0.82	9	41
925	0.82	9	41
926	0.80	10	40
927	0.78	11	39
928	0.76	12	38
929	0.76	12	38
930	0.76	12	38
931	0.74	13	37
932	0.76	12	38
933	0.78	11	39
934	0.78	11	39
935	0.80	10	40
936	0.78	11	39
937	0.80	10	40
938	0.80	10	40
939	0.80	10	40
940	0.82	9	41
941	0.82	9	41
942	0.82	9	41
943	0.82	9	41
944	0.82	9	41
945	0.82	9	41
946	0.82	9	41
947	0.80	10	40
948	0.78	11	39
949	0.78	11	39
950	0.78	11	39
951	0.76	12	38
952	0.76	12	38
953	0.78	11	39
954	0.78	11	39
955	0.78	11	39
956	0.78	11	39
957	0.78	11	39
958	0.78	11	39
959	0.80	10	40
960	0.78	11	39
961	0.76	12	38
962	0.78	11	39
963	0.78	11	39
964	0.78	11	39
965	0.78	11	39
966	0.76	12	38
967	0.76	12	38
968	0.74	13	37
969	0.74	13	37
970	0.74	13	37
971	0.74	13	37
972	0.72	14	36
973	0.70	15	35
974	0.72	14	36
975	0.70	15	35
976	0.72	14	36
977	0.74	13	37
978	0.76	12	38
979	0.76	12	38
980	0.76	12	38
981	0.78	11	39
982	0.78	11	39
983	0.78	11	39
984	0.78	11	39
985	0.78	11	39
986	0.80	10	40
987	0.80	10	40
988	0.80	10	40
989	0.78	11	39
990	0.78	11	39
991	0.78	11	39
992	0.78	11	39
993	0.78	11	39
994	0.78	11	39
995	0.78	11	39
996	0.76	12	38
997	0.78	11	39
998	0.80	10	40
999	0.80	10	40
1000	0.22	11	39
1001	0.22	11	39
1002	0.24	12	38
1003	0.26	13	37
1004	0.28	14	36
1005	0.30	15	35
1006	0.32	16	34
1007	0.32	16	34
1008	0.34	17	33
1009	0.34	17	33
1010	0.32	16	34
1011	0.30	15	35
1012	0.32	16	34
1013	0.34	17	33
1014	0.36	18	32
1015	0.38	19	31
1016	0.36	18	32
1017	0.36	18	32
1018	0.36	18	32
1019	0.36	18	32
1020	0.38	19	31
1021	0.40	20	30
1022	0.40	20	30
1023	0.40	20	30
1024	0.42	21	29
1025	0.42	21	29
1026	0.44	22	28
1027	0.46	23	27
1028	0.46	23	27
1029	0.48	24	26
1030	0.50	25	25
1031	0.50	25	25
1032	0.50	25	25
1033	0.52	26	24
1034	0.54	27	23
1035	0.56	28	22
1036	0.58	29	21
1037	0.60	30	20
1038	0.62	31	19
1039	0.62	31	19
1040	0.64	32	18
1041	0.66	33	17
1042	0.66	33	17
1043	0.68	34	16
1044	0.68	34	16
1045	0.70	35	15
1046	0.68	34	16
1047	0.70	35	15
1048	0.72	36	14
1049	0.74	37	13
1050	0.74	37	13
1051	0.72	36	14
1052	0.72	36	14
1053	0.72	36	14
1054	0.72	36	14
1055	0.72	36	14
1056	0.70	35	15
1057	0.72	36	14
1058	0.72	36	14
1059	0.72	36	14
1060	0.74	37	13
1061	0.74	37	13
1062	0.74	37	13
1063	0.74	37	13
1064	0.74	37	13
1065	0.74	37	13
1066	0.76	38	12
1067	0.78	39	11
1068	0.76	38	12
1069	0.78	39	11
1070	0.78	39	11
1071	0.78	39	11
1072	0.78	39	11
1073	0.78	39	11
1074	0.78	39	11
1075	0.78	39	11
1076	0.78	39	11
1077	0.78	39	11
1078	0.80	40	10
1079	0.80	40	10
1080	0.80	40	10
1081	0.80	40	10
1082	0.82	41	9
1083	0.82	41	9
1084	0.82	41	9
1085	0.80	40	10
1086	0.78	39	11
1087	0.78	39	11
1088	0.78	39	11
1089	0.78	39	11
1090	0.78	39	11
1091	0.78	39	11
1092	0.80	40	10
1093	0.80	40	10
1094	0.82	41	9
1095	0.82	41	9
1096	0.82	41	9
1097	0.82	41	9
1098	0.82	41	9
1099	0.82	41	9
1100	0.82	41	9
1101	0.82	41	9
1102	0.82	41	9
1103	0.80	40	10
1104	0.80	40	10
1105	0.80	40	10
1106	0.82	41	9
1107	0.80	40	10
1108	0.78	39	11
1109	0.80	40	10
1110	0.78	39	11
1111	0.80	40	10
1112	0.78	39	11
1113	0.78	39	11
1114	0.78	39	11
1115	0.78	39	11
1116	0.78	39	11
1117	0.78	39	11
1118	0.78	39	11
1119	0.78	39	11
1120	0.78	39	11
1121	0.78	39	11
1122	0.78	39	11
1123	0.78	39	11
1124	0.78	39	11
1125	0.78	39	11
1126	0.78	39	11
1127	0.76	38	12
1128	0.76	38	12
1129	0.74	37	13
1130	0.74	37	13
1131	0.76	38	12
1132	0.76	38	12
1133	0.76	38	12
1134	0.76	38	12
1135	0.78	39	11
1136	0.80	40	10
1137	0.80	40	10
1138	0.80	40	10
1139	0.80	40	10
1140	0.80	40	10
1141	0.80	40	10
1142	0.80	40	10
1143	0.80	40	10
1144	0.80	40	10
1145	0.78	39	11
1146	0.80	40	10
1147	0.78	39	11
1148	0.78	39	11
1149	0.76	38	12
1150	0.76	38	12
1151	0.78	39	11
1152	0.76	38	12
1153	0.76	38	12
1154	0.76	38	12
1155	0.74	37	13
1156	0.74	37	13
1157	0.74	37	13
1158	0.76	38	12
1159	0.76	38	12
1160	0.78	39	11
1161	0.78	39	11
1162	0.80	40	10
1163	0.80	40	10
1164	0.80	40	10
1165	0.80	40	10
1166	0.80	40	10
1167	0.80	40	10
1168	0.82	41	9
1169	0.82	41	9
1170	0.80	40	10
1171	0.80	40	10
1172	0.80	40	10
1173	0.80	40	10
1174	0.80	40	10
1175	0.80	40	10
1176	0.80	40	10
1177	0.80	40	10
1178	0.78	39	11
1179	0.80	40	10
1180	0.80	40	10
1181	0.80	40	10
1182	0.78	39	11
1183	0.78	39	11
1184	0.76	38	12
1185	0.76	38	12
1186	0.76	38	12
1187	0.74	37	13
1188	0.74	37	13
1189	0.74	37	13
1190	0.74	37	13
1191	0.74	37	13
1192	0.74	37	13
1193	0.74	37	13
1194	0.74	37	13
1195	0.76	38	12
1196	0.74	37	13
1197	0.76	38	12
1198	0.76	38	12
1199	0.76	38	12
1200	0.74	37	13
1201	0.72	36	14
1202	0.74	37	13
1203	0.76	38	12
1204	0.76	38	12
1205	0.78	39	11
1206	0.78	39	11
1207	0.78	39	11
1208	0.78	39	11
1209	0.78	39	11
1210	0.78	39	11
1211	0.78	39	11
1212	0.78	39	11
1213	0.76	38	12
1214	0.74	37	13
1215	0.72	36	14
1216	0.70	35	15
1217	0.70	35	15
1218	0.70	35	15
1219	0.70	35	15
1220	0.70	35	15
1221	0.70	35	15
1222	0.70	35	15
1223	0.70	35	15
1224	0.70	35	15
1225	0.70	35	15
1226	0.68	34	16
1227	0.70	35	15
1228	0.72	36	14
1229	0.72	36	14
1230	0.72	36	14
1231	0.72	36	14
1232	0.74	37	13
1233	0.74	37	13
1234	0.74	37	13
1235	0.74	37	13
1236	0.74	37	13
1237	0.76	38	12
1238	0.76	38	12
1239	0.76	38	12
1240	0.76	38	12
1241	0.76	38	12
1242	0.76	38	12
1243	0.76	38	12
1244	0.76	38	12
1245	0.74	37	13
1246	0.76	38	12
1247	0.74	37	13
1248	0.74	37	13
1249	0.76	38	12
1250	0.78	39	11
1251	0.80	40	10
1252	0.80	40	10
1253	0.80	40	10
1254	0.80	40	10
1255	0.80	40	10
1256	0.80	40	10
1257	0.80	40	10
1258	0.80	40	10
1259	0.80	40	10
1260	0.80	40	10
1261	0.80	40	10
1262	0.80	40	10
1263	0.82	41	9
1264	0.84	42	8
1265	0.84	42	8
1266	0.86	43	7
1267	0.84	42	8
1268	0.82	41	9
1269	0.82	41	9
1270	0.84	42	8
1271	0.82	41	9
1272	0.82	41	9
1273	0.82	41	9
1274	0.80	40	10
1275	0.78	39	11
1276	0.80	40	10
1277	0.80	40	10
1278	0.78	39	11
1279	0.78	39	11
1280	0.78	39	11
1281	0.78	39	11
1282	0.78	39	11
1283	0.76	38	12
1284	0.78	39	11
1285	0.78	39	11
1286	0.78	39	11
1287	0.78	39	11
1288	0.78	39	11
1289	0.78	39	11
1290	0.78	39	11
1291	0.78	39	11
1292	0.78	39	11
1293	0.76	38	12
1294	0.76	38	12
1295	0.78	39	11
1296	0.78	39	11
1297	0.80	40	10
1298	0.78	39	11
1299	0.78	39	11
1300	0.78	39	11
1301	0.78	39	11
1302	0.78	39	11
1303	0.78	39	11
1304	0.78	39	11
1305	0.76	38	12
1306	0.76	38	12
1307	0.78	39	11
1308	0.78	39	11
1309	0.78	39	11
1310	0.78	39	11
1311	0.78	39	11
1312	0.78	39	11
1313	0.78	39	11
1314	0.78	39	11
1315	0.80	40	10
1316	0.80	40	10
1317	0.80	40	10
1318	0.82	41	9
1319	0.82	41	9
1320	0.82	41	9
1321	0.84	42	8
1322	0.84	42	8
1323	0.82	41	9
1324	0.84	42	8
1325	0.86	43	7
1326	0.86	43	7
1327	0.86	43	7
1328	0.88	44	6
1329	0.88	44	6
1330	0.88	44	6
1331	0.88	44	6
1332	0.88	44	6
1333	0.90	45	5
1334	0.90	45	5
1335	0.90	45	5
1336	0.90	45	5
1337	0.90	45	5
1338	0.90	45	5
1339	0.90	45	5
1340	0.90	45	5
1341	0.90	45	5
1342	0.90	45	5
1343	0.92	46	4
1344	0.92	46	4
1345	0.92	46	4
1346	0.92	46	4
1347	0.92	46	4
1348	0.92	46	4
1349	0.92	46	4
1350	0.92	46	4
1351	0.92	46	4
1352	0.92	46	4
1353	0.92	46	4
1354	0.92	46	4
1355	0.94	47	3
1356	0.94	47	3
1357	0.94	47	3
1358	0.94	47	3
1359	0.94	47	3
1360	0.94	47	3
1361	0.94	47	3
1362	0.92	46	4
1363	0.90	45	5
1364	0.90	45	5
1365	0.90	45	5
1366	0.90	45	5
1367	0.92	46	4
1368	0.92	46	4
1369	0.92	46	4
1370	0.92	46	4
1371	0.90	45	5
1372	0.90	45	5
1373	0.92	46	4
1374	0.90	45	5
1375	0.90	45	5
1376	0.90	45	5
1377	0.90	45	5
1378	0.90	45	5
1379	0.90	45	5
1380	0.90	45	5
1381	0.90	45	5
1382	0.90	45	5
1383	0.90	45	5
1384	0.88	44	6
1385	0.88	44	6
1386	0.88	44	6
1387	0.88	44	6
1388	0.88	44	6
1389	0.86	43	7
1390	0.86	43	7
1391	0.86	43	7
1392	0.86	43	7
1393	0.86	43	7
1394	0.86	43	7
1395	0.86	43	7
1396	0.86	43	7
1397	0.86	43	7
1398	0.88	44	6
1399	0.88	44	6
1400	0.86	43	7
1401	0.84	42	8
1402	0.84	42	8
1403	0.84	42	8
1404	0.84	42	8
1405	0.84	42	8
1406	0.84	42	8
1407	0.84	42	8
1408	0.82	41	9
1409	0.82	41	9
1410	0.80	40	10
1411	0.80	40	10
1412	0.82	41	9
1413	0.84	42	8
1414	0.84	42	8
1415	0.82	41	9
1416	0.82	41	9
1417	0.82	41	9
1418	0.82	41	9
1419	0.82	41	9
1420	0.82	41	9
1421	0.84	42	8
1422	0.82	41	9
1423	0.80	40	10
1424	0.82	41	9
1425	0.82	41	9
1426	0.82	41	9
1427	0.80	40	10
1428	0.80	40	10
1429	0.80	40	10
1430	0.78	39	11
1431	0.76	38	12
1432	0.76	38	12
1433	0.76	38	12
1434	0.78	39	11
1435	0.78	39	11
1436	0.78	39	11
1437	0.78	39	11
1438	0.78	39	11
1439	0.80	40	10
1440	0.80	40	10
1441	0.80	40	10
1442	0.80	40	10
1443	0.80	40	10
1444	0.80	40	10
1445	0.78	39	11
1446	0.78	39	11
1447	0.78	39	11
1448	0.78	39	11
1449	0.78	39	11
1450	0.80	40	10
1451	0.82	41	9
1452	0.82	41	9
1453	0.82	41	9
1454	0.82	41	9
1455	0.82	41	9
1456	0.82	41	9
1457	0.82	41	9
1458	0.84	42	8
1459	0.84	42	8
1460	0.84	42	8
1461	0.84	42	8
1462	0.84	42	8
1463	0.84	42	8
1464	0.82	41	9
1465	0.84	42	8
1466	0.84	42	8
1467	0.84	42	8
1468	0.82	41	9
1469	0.82	41	9
1470	0.82	41	9
1471	0.82	41	9
1472	0.84	42	8
1473	0.84	42	8
1474	0.84	42	8
1475	0.84	42	8
1476	0.84	42	8
1477	0.86	43	7
1478	0.86	43	7
1479	0.86	43	7
1480	0.88	44	6
1481	0.90	45	5
1482	0.88	44	6
1483	0.88	44	6
1484	0.88	44	6
1485	0.88	44	6
1486	0.88	44	6
1487	0.88	44	6
1488	0.86	43	7
1489	0.86	43	7
1490	0.84	42	8
1491	0.84	42	8
1492	0.84	42	8
1493	0.84	42	8
1494	0.84	42	8
1495	0.86	43	7
1496	0.86	43	7
1497	0.86	43	7
1498	0.86	43	7
1499	0.86	43	7
1500	0.14	43	7
1501	0.16	42	8
1502	0.16	42	8
1503	0.16	42	8
1504	0.18	41	9
1505	0.20	40	10
1506	0.20	40	10
1507	0.22	39	11
1508	0.24	38	12
1509	0.26	37	13
1510	0.26	37	13
1511	0.28	36	14
1512	0.30	35	15
1513	0.32	34	16
1514	0.32	34	16
1515	0.34	33	17
1516	0.36	32	18
1517	0.38	31	19
1518	0.38	31	19
1519	0.40	30	20
1520	0.42	29	21
1521	0.42	29	21
1522	0.44	28	22
1523	0.44	28	22
1524	0.46	27	23
1525	0.48	26	24
1526	0.50	25	25
1527	0.52	24	26
1528	0.54	23	27
1529	0.54	23	27
1530	0.54	23	27
1531	0.56	22	28
1532	0.56	22	28
1533	0.58	21	29
1534	0.58	21	29
1535	0.60	20	30
1536	0.62	19	31
1537	0.64	18	32
1538	0.64	18	32
1539	0.66	17	33
1540	0.66	17	33
1541	0.68	16	34
1542	0.70	15	35
1543	0.72	14	36
1544	0.74	13	37
1545	0.76	12	38
1546	0.78	11	39
1547	0.80	10	40
1548	0.82	9	41
1549	0.84	8	42
1550	0.86	7	43
1551	0.86	7	43
1552	0.86	7	43
1553	0.88	6	44
1554	0.88	6	44
1555	0.88	6	44
1556	0.88	6	44
1557	0.88	6	44
1558	0.88	6	44
1559	0.86	7	43
1560	0.84	8	42
1561	0.84	8	42
1562	0.84	8	42
1563	0.84	8	42
1564	0.82	9	41
1565	0.82	9	41
1566	0.80	10	40
1567	0.80	10	40
1568	0.78	11	39
1569	0.78	11	39
1570	0.78	11	39
1571	0.80	10	40
1572	0.80	10	40
1573	0.80	10	40
1574	0.80	10	40
1575	0.80	10	40
1576	0.80	10	40
1577	0.80	10	40
1578	0.78	11	39
1579	0.78	11	39
1580	0.80	10	40
1581	0.80	10	40
1582	0.80	10	40
1583	0.80	10	40
1584	0.82	9	41
1585	0.82	9	41
1586	0.82	9	41
1587	0.80	10	40
1588	0.80	10	40
1589	0.80	10	40
1590	0.78	11	39
1591	0.78	11	39
1592	0.78	11	39
1593	0.78	11	39
1594	0.78	11	39
1595	0.76	12	38
1596	0.76	12	38
1597	0.76	12	38
1598	0.76	12	38
1599	0.76	12	38
1600	0.76	12	38
1601	0.76	12	38
1602	0.78	11	39
1603	0.78	11	39
1604	0.78	11	39
1605	0.78	11	39
1606	0.78	11	39
1607	0.78	11	39
1608	0.78	11	39
1609	0.78	11	39
1610	0.80	10	40
1611	0.80	10	40
1612	0.80	10	40
1613	0.80	10	40
1614	0.80	10	40
1615	0.80	10	40
1616	0.82	9	41
1617	0.82	9	41
1618	0.84	8	42
1619	0.84	8	42
1620	0.84	8	42
1621	0.84	8	42
1622	0.84	8	42
1623	0.82	9	41
1624	0.82	9	41
1625	0.82	9	41
1626	0.82	9	41
1627	0.80	10	40
1628	0.82	9	41
1629	0.84	8	42
1630	0.84	8	42
1631	0.84	8	42
1632	0.84	8	42
1633	0.84	8	42
1634	0.84	8	42
1635	0.84	8	42
1636	0.84	8	42
1637	0.84	8	42
1638	0.84	8	42
1639	0.84	8	42
1640	0.86	7	43
1641	0.84	8	42
1642	0.84	8	42
1643	0.84	8	42
1644	0.84	8	42
1645	0.86	7	43
1646	0.86	7	43
1647	0.86	7	43
1648	0.86	7	43
1649	0.86	7	43
1650	0.86	7	43
1651	0.86	7	43
1652	0.86	7	43
1653	0.86	7	43
1654	0.86	7	43
1655	0.86	7	43
1656	0.86	7	43
1657	0.84	8	42
1658	0.84	8	42
1659	0.84	8	42
1660	0.82	9	41
1661	0.82	9	41
1662	0.82	9	41
1663	0.82	9	41
1664	0.82	9	41
1665	0.82	9	41
1666	0.82	9	41
1667	0.82	9	41
1668	0.82	9	41
1669	0.82	9	41
1670	0.82	9	41
1671	0.82	9	41
1672	0.82	9	41
1673	0.84	8	42
1674	0.82	9	41
1675	0.80	10	40
1676	0.80	10	40
1677	0.82	9	41
1678	0.82	9	41
1679	0.82	9	41
1680	0.82	9	41
1681	0.82	9	41
1682	0.80	10	40
1683	0.80	10	40
1684	0.80	10	40
1685	0.80	10	40
1686	0.80	10	40
1687	0.82	9	41
1688	0.82	9	41
1689	0.82	9	41
1690	0.82	9	41
1691	0.84	8	42
1692	0.84	8	42
1693	0.82	9	41
1694	0.80	10	40
1695	0.80	10	40
1696	0.80	10	40
1697	0.80	10	40
1698	0.78	11	39
1699	0.76	12	38
1700	0.76	12	38
1701	0.76	12	38
1702	0.76	12	38
1703	0.76	12	38
1704	0.76	12	38
1705	0.76	12	38
1706	0.78	11	39
1707	0.80	10	40
1708	0.80	10	40
1709	0.82	9	41
1710	0.84	8	42
1711	0.84	8	42
1712	0.82	9	41
1713	0.80	10	40
1714	0.80	10	40
1715	0.80	10	40
1716	0.80	10	40
1717	0.78	11	39
1718	0.76	12	38
1719	0.76	12	38
1720	0.76	12	38
1721	0.76	12	38
1722	0.76	12	38
1723	0.76	12	38
1724	0.78	11	39
1725	0.80	10	40
1726	0.80	10	40
1727	0.80	10	40
1728	0.78	11	39
1729	0.76	12	38
1730	0.76	12	38
1731	0.76	12	38
1732	0.78	11	39
1733	0.78	11	39
1734	0.78	11	39
1735	0.76	12	38
1736	0.76	12	38
1737	0.74	13	37
1738	0.74	13	37
1739	0.74	13	37
1740	0.74	13	37
1741	0.74	13	37
1742	0.74	13	37
1743	0.74	13	37
1744	0.76	12	38
1745	0.76	12	38
1746	0.76	12	38
1747	0.76	12	38
1748	0.78	11	39
1749	0.80	10	40
1750	0.78	11	39
1751	0.78	11	39
1752	0.78	11	39
1753	0.78	11	39
1754	0.78	11	39
1755	0.78	11	39
1756	0.78	11	39
1757	0.78	11	39
1758	0.78	11	39
1759	0.76	12	38
1760	0.76	12	38
1761	0.76	12	38
1762	0.78	11	39
1763	0.80	10	40
1764	0.82	9	41
1765	0.82	9	41
1766	0.82	9	41
1767	0.84	8	42
1768	0.84	8	42
1769	0.84	8	42
1770	0.84	8	42
1771	0.84	8	42
1772	0.84	8	42
1773	0.84	8	42
1774	0.82	9	41
1775	0.82	9	41
1776	0.80	10	40
1777	0.80	10	40
1778	0.82	9	41
1779	0.84	8	42
1780	0.84	8	42
1781	0.82	9	41
1782	0.82	9	41
1783	0.82	9	41
1784	0.82	9	41
1785	0.82	9	41
1786	0.82	9	41
1787	0.84	8	42
1788	0.82	9	41
1789	0.82	9	41
1790	0.82	9	41
1791	0.82	9	41
1792	0.80	10	40
1793	0.82	9	41
1794	0.82	9	41
1795	0.82	9	41
1796	0.82	9	41
1797	0.82	9	41
1798	0.82	9	41
1799	0.82	9	41
1800	0.82	9	41
1801	0.80	10	40
1802	0.78	11	39
1803	0.78	11	39
1804	0.78	11	39
1805	0.78	11	39
1806	0.76	12	38
1807	0.76	12	38
1808	0.76	12	38
1809	0.78	11	39
1810	0.76	12	38
1811	0.74	13	37
1812	0.72	14	36
1813	0.72	14	36
1814	0.70	15	35
1815	0.70	15	35
1816	0.70	15	35
1817	0.70	15	35
1818	0.72	14	36
1819	0.72	14	36
1820	0.72	14	36
1821	0.72	14	36
1822	0.70	15	35
1823	0.70	15	35
1824	0.72	14	36
1825	0.72	14	36
1826	0.74	13	37
1827	0.74	13	37
1828	0.74	13	37
1829	0.74	13	37
1830	0.74	13	37
1831	0.76	12	38
1832	0.76	12	38
1833	0.76	12	38
1834	0.74	13	37
1835	0.76	12	38
1836	0.76	12	38
1837	0.76	12	38
1838	0.76	12	38
1839	0.76	12	38
1840	0.74	13	37
1841	0.74	13	37
1842	0.76	12	38
1843	0.74	13	37
1844	0.74	13	37
1845	0.74	13	37
1846	0.74	13	37
1847	0.74	13	37
1848	0.74	13	37
1849	0.74	13	37
1850	0.76	12	38
1851	0.78	11	39
1852	0.80	10	40
1853	0.80	10	40
1854	0.80	10	40
1855	0.80	10	40
1856	0.82	9	41
1857	0.82	9	41
1858	0.82	9	41
1859	0.82	9	41
1860	0.84	8	42
1861	0.86	7	43
1862	0.88	6	44
1863	0.88	6	44
1864	0.90	5	45
1865	0.90	5	45
1866	0.88	6	44
1867	0.88	6	44
1868	0.88	6	44
1869	0.88	6	44
1870	0.88	6	44
1871	0.86	7	43
1872	0.88	6	44
1873	0.86	7	43
1874	0.86	7	43
1875	0.86	7	43
1876	0.86	7	43
1877	0.84	8	42
1878	0.84	8	42
1879	0.82	9	41
1880	0.82	9	41
1881	0.82	9	41
1882	0.82	9	41
1883	0.82	9	41
1884	0.82	9	41
1885	0.82	9	41
1886	0.82	9	41
1887	0.82	9	41
1888	0.84	8	42
1889	0.82	9	41
1890	0.82	9	41
1891	0.82	9	41
1892	0.82	9	41
1893	0.84	8	42
1894	0.84	8	42
1895	0.84	8	42
1896	0.84	8	42
1897	0.84	8	42
1898	0.84	8	42
1899	0.82	9	41
1900	0.82	9	41
1901	0.80	10	40
1902	0.80	10	40
1903	0.80	10	40
1904	0.80	10	40
1905	0.80	10	40
1906	0.80	10	40
1907	0.80	10	40
1908	0.80	10	40
1909	0.80	10	40
1910	0.80	10	40
1911	0.78	11	39
1912	0.78	11	39
1913	0.78	11	39
1914	0.78	11	39
1915	0.76	12	38
1916	0.78	11	39
1917	0.78	11	39
1918	0.78	11	39
1919	0.78	11	39
1920	0.78	11	39
1921	0.80	10	40
1922	0.80	10	40
1923	0.82	9	41
1924	0.82	9	41
1925	0.82	9	41
1926	0.82	9	41
1927	0.84	8	42
1928	0.84	8	42
1929	0.84	8	42
1930	0.84	8	42
1931	0.84	8	42
1932	0.84	8	42
1933	0.82	9	41
1934	0.84	8	42
1935	0.84	8	42
1936	0.84	8	42
1937	0.82	9	41
1938	0.82	9	41
1939	0.84	8	42
1940	0.86	7	43
1941	0.86	7	43
1942	0.86	7	43
1943	0.84	8	42
1944	0.82	9	41
1945	0.80	10	40
1946	0.80	10	40
1947	0.80	10	40
1948	0.80	10	40
1949	0.82	9	41
1950	0.82	9	41
1951	0.84	8	42
1952	0.84	8	42
1953	0.84	8	42
1954	0.82	9	41
1955	0.82	9	41
1956	0.82	9	41
1957	0.80	10	40
1958	0.78	11	39
1959	0.78	11	39
1960	0.78	11	39
1961	0.80	10	40
1962	0.80	10	40
1963	0.80	10	40
1964	0.80	10	40
1965	0.80	10	40
1966	0.80	10	40
1967	0.80	10	40
1968	0.78	11	39
1969	0.78	11	39
1970	0.78	11	39
1971	0.78	11	39
1972	0.78	11	39
1973	0.78	11	39
1974	0.76	12	38
1975	0.76	12	38
1976	0.76	12	38
1977	0.74	13	37
1978	0.72	14	36
1979	0.74	13	37
1980	0.74	13	37
1981	0.72	14	36
1982	0.72	14	36
1983	0.74	13	37
1984	0.72	14	36
1985	0.72	14	36
1986	0.72	14	36
1987	0.74	13	37
1988	0.74	13	37
1989	0.74	13	37
1990	0.74	13	37
1991	0.72	14	36
1992	0.72	14	36
1993	0.74	13	37
1994	0.76	12	38
1995	0.78	11	39
1996	0.76	12	38
1997	0.76	12	38
1998	0.76	12	38
1999	0.74	13	37
2000	0.28	14	36
2001	0.30	15	35
2002	0.32	16	34
2003	0.34	17	33
2004	0.34	17	33
2005	0.34	17	33
2006	0.36	18	32
2007	0.36	18	32
2008	0.36	18	32
2009	0.38	19	31
2010	0.40	20	30
2011	0.42	21	29
2012	0.44	22	28
2013	0.46	23	27
2014	0.48	24	26
2015	0.48	24	26
2016	0.50	25	25
2017	0.52	26	24
2018	0.52	26	24
2019	0.54	27	23
2020	0.56	28	22
2021	0.56	28	22
2022	0.56	28	22
2023	0.58	29	21
2024	0.58	29	21
2025	0.60	30	20
2026	0.60	30	20
2027	0.60	30	20
2028	0.60	30	20
2029	0.60	30	20
2030	0.62	31	19
2031	0.62	31	19
2032	0.62	31	19
2033	0.62	31	19
2034	0.62	31	19
2035	0.64	32	18
2036	0.64	32	18
2037	0.66	33	17
2038	0.68	34	16
2039	0.70	35	15
2040	0.70	35	15
2041	0.68	34	16
2042	0.70	35	15
2043	0.70	35	15
2044	0.70	35	15
2045	0.70	35	15
2046	0.70	35	15
2047	0.70	35	15
2048	0.72	36	14
2049	0.72	36	14
2050	0.72	36	14
2051	0.72	36	14
2052	0.72	36	14
2053	0.72	36	14
2054	0.70	35	15
2055	0.72	36	14
2056	0.72	36	14
2057	0.72	36	14
2058	0.72	36	14
2059	0.72	36	14
2060	0.70	35	15
2061	0.68	34	16
2062	0.68	34	16
2063	0.68	34	16
2064	0.66	33	17
2065	0.66	33	17
2066	0.64	32	18
2067	0.64	32	18
2068	0.64	32	18
2069	0.64	32	18
2070	0.64	32	18
2071	0.66	33	17
2072	0.68	34	16
2073	0.66	33	17
2074	0.66	33	17
2075	0.64	32	18
2076	0.64	32	18
2077	0.64	32	18
2078	0.64	32	18
2079	0.66	33	17
2080	0.66	33	17
2081	0.64	32	18
2082	0.64	32	18
2083	0.64	32	18
2084	0.64	32	18
2085	0.64	32	18
2086	0.66	33	17
2087	0.66	33	17
2088	0.66	33	17
2089	0.66	33	17
2090	0.68	34	16
2091	0.68	34	16
2092	0.68	34	16
2093	0.70	35	15
2094	0.72	36	14
2095	0.74	37	13
2096	0.74	37	13
2097	0.76	38	12
2098	0.74	37	13
2099	0.72	36	14
2100	0.72	36	14
2101	0.70	35	15
2102	0.68	34	16
2103	0.68	34	16
2104	0.70	35	15
2105	0.70	35	15
2106	0.70	35	15
2107	0.70	35	15
2108	0.70	35	15
2109	0.70	35	15
2110	0.72	36	14
2111	0.72	36	14
2112	0.72	36	14
2113	0.70	35	15
2114	0.72	36	14
2115	0.72	36	14
2116	0.72	36	14
2117	0.70	35	15
2118	0.68	34	16
2119	0.68	34	16
2120	0.68	34	16
2121	0.68	34	16
2122	0.66	33	17
2123	0.68	34	16
2124	0.68	34	16
2125	0.70	35	15
2126	0.72	36	14
2127	0.72	36	14
2128	0.72	36	14
2129	0.72	36	14
2130	0.72	36	14
2131	0.74	37	13
2132	0.76	38	12
2133	0.78	39	11
2134	0.78	39	11
2135	0.78	39	11
2136	0.78	39	11
2137	0.78	39	11
2138	0.78	39	11
2139	0.78	39	11
2140	0.76	38	12
2141	0.78	39	11
2142	0.78	39	11
2143	0.78	39	11
2144	0.78	39	11
2145	0.78	39	11
2146	0.76	38	12
2147	0.76	38	12
2148	0.78	39	11
2149	0.80	40	10
2150	0.80	40	10
2151	0.80	40	10
2152	0.80	40	10
2153	0.80	40	10
2154	0.80	40	10
2155	0.80	40	10
2156	0.78	39	11
2157	0.76	38	12
2158	0.76	38	12
2159	0.76	38	12
2160	0.76	38	12
2161	0.78	39	11
2162	0.76	38	12
2163	0.78	39	11
2164	0.78	39	11
2165	0.78	39	11
2166	0.80	40	10
2167	0.82	41	9
2168	0.84	42	8
2169	0.84	42	8
2170	0.84	42	8
2171	0.84	42	8
2172	0.86	43	7
2173	0.86	43	7
2174	0.86	43	7
2175	0.86	43	7
2176	0.84	42	8
2177	0.84	42	8
2178	0.82	41	9
2179	0.82	41	9
2180	0.80	40	10
2181	0.78	39	11
2182	0.78	39	11
2183	0.78	39	11
2184	0.78	39	11
2185	0.78	39	11
2186	0.78	39	11
2187	0.78	39	11
2188	0.76	38	12
2189	0.76	38	12
2190	0.78	39	11
2191	0.78	39	11
2192	0.78	39	11
2193	0.78	39	11
2194	0.78	39	11
2195	0.78	39	11
2196	0.78	39	11
2197	0.78	39	11
2198	0.78	39	11
2199	0.78	39	11
2200	0.78	39	11
2201	0.80	40	10
2202	0.82	41	9
2203	0.82	41	9
2204	0.82	41	9
2205	0.82	41	9
2206	0.84	42	8
2207	0.86	43	7
2208	0.86	43	7
2209	0.86	43	7
2210	0.86	43	7
2211	0.86	43	7
2212	0.86	43	7
2213	0.86	43	7
2214	0.86	43	7
2215	0.86	43	7
2216	0.86	43	7
2217	0.86	43	7
2218	0.84	42	8
2219	0.84	42	8
2220	0.84	42	8
2221	0.84	42	8
2222	0.84	42	8
2223	0.82	41	9
2224	0.80	40	10
2225	0.80	40	10
2226	0.82	41	9
2227	0.82	41	9
2228	0.84	42	8
2229	0.84	42	8
2230	0.84	42	8
2231	0.84	42	8
2232	0.84	42	8
2233	0.82	41	9
2234	0.80	40	10
2235	0.80	40	10
2236	0.80	40	10
2237	0.80	40	10
2238	0.82	41	9
2239	0.80	40	10
2240	0.80	40	10
2241	0.80	40	10
2242	0.80	40	10
2243	0.78	39	11
2244	0.78	39	11
2245	0.78	39	11
2246	0.80	40	10
2247	0.78	39	11
2248	0.76	38	12
2249	0.76	38	12
2250	0.76	38	12
2251	0.76	38	12
2252	0.76	38	12
2253	0.76	38	12
2254	0.76	38	12
2255	0.74	37	13
2256	0.74	37	13
2257	0.74	37	13
2258	0.74	37	13
2259	0.74	37	13
2260	0.72	36	14
2261	0.72	36	14
2262	0.74	37	13
2263	0.74	37	13
2264	0.74	37	13
2265	0.74	37	13
2266	0.74	37	13
2267	0.74	37	13
2268	0.76	38	12
2269	0.74	37	13
2270	0.74	37	13
2271	0.74	37	13
2272	0.72	36	14
2273	0.72	36	14
2274	0.74	37	13
2275	0.74	37	13
2276	0.74	37	13
2277	0.74	37	13
2278	0.72	36	14
2279	0.72	36	14
2280	0.72	36	14
2281	0.74	37	13
2282	0.74	37	13
2283	0.76	38	12
2284	0.78	39	11
2285	0.76	38	12
2286	0.76	38	12
2287	0.74	37	13
2288	0.74	37	13
2289	0.76	38	12
2290	0.76	38	12
2291	0.76	38	12
2292	0.76	38	12
2293	0.78	39	11
2294	0.78	39	11
2295	0.78	39	11
2296	0.78	39	11
2297	0.80	40	10
2298	0.80	40	10
2299	0.80	40	10
2300	0.80	40	10
2301	0.80	40	10
2302	0.78	39	11
2303	0.78	39	11
2304	0.76	38	12
2305	0.78	39	11
2306	0.78	39	11
2307	0.76	38	12
2308	0.76	38	12
2309	0.76	38	12
2310	0.76	38	12
2311	0.74	37	13
2312	0.74	37	13
2313	0.72	36	14
2314	0.70	35	15
2315	0.70	35	15
2316	0.70	35	15
2317	0.68	34	16
2318	0.68	34	16
2319	0.70	35	15
2320	0.70	35	15
2321	0.70	35	15
2322	0.72	36	14
2323	0.74	37	13
2324	0.74	37	13
2325	0.74	37	13
2326	0.74	37	13
2327	0.74	37	13
2328	0.76	38	12
2329	0.76	38	12
2330	0.78	39	11
2331	0.78	39	11
2332	0.76	38	12
2333	0.76	38	12
2334	0.76	38	12
2335	0.78	39	11
2336	0.76	38	12
2337	0.76	38	12
2338	0.76	38	12
2339	0.76	38	12
2340	0.74	37	13
2341	0.72	36	14
2342	0.72	36	14
2343	0.70	35	15
2344	0.68	34	16
2345	0.68	34	16
2346	0.66	33	17
2347	0.66	33	17
2348	0.68	34	16
2349	0.68	34	16
2350	0.68	34	16
2351	0.68	34	16
2352	0.70	35	15
2353	0.70	35	15
2354	0.72	36	14
2355	0.72	36	14
2356	0.70	35	15
2357	0.72	36	14
2358	0.72	36	14
2359	0.72	36	14
2360	0.74	37	13
2361	0.76	38	12
2362	0.76	38	12
2363	0.78	39	11
2364	0.80	40	10
2365	0.80	40	10
2366	0.80	40	10
2367	0.82	41	9
2368	0.82	41	9
2369	0.80	40	10
2370	0.80	40	10
2371	0.80	40	10
2372	0.78	39	11
2373	0.78	39	11
2374	0.78	39	11
2375	0.78	39	11
2376	0.78	39	11
2377	0.78	39	11
2378	0.78	39	11
2379	0.78	39	11
2380	0.78	39	11
2381	0.78	39	11
2382	0.80	40	10
2383	0.80	40	10
2384	0.80	40	10
2385	0.80	40	10
2386	0.82	41	9
2387	0.84	42	8
2388	0.84	42	8
2389	0.84	42	8
2390	0.86	43	7
2391	0.88	44	6
2392	0.88	44	6
2393	0.90	45	5
2394	0.92	46	4
2395	0.92	46	4
2396	0.92	46	4
2397	0.92	46	4
2398	0.92	46	4
2399	0.92	46	4
2400	0.92	46	4
2401	0.92	46	4
2402	0.90	45	5
2403	0.90	45	5
2404	0.88	44	6
2405	0.88	44	6
2406	0.90	45	5
2407	0.90	45	5
2408	0.90	45	5
2409	0.90	45	5
2410	0.90	45	5
2411	0.90	45	5
2412	0.90	45	5
2413	0.90	45	5
2414	0.90	45	5
2415	0.90	45	5
2416	0.90	45	5
2417	0.90	45	5
2418	0.88	44	6
2419	0.90	45	5
2420	0.90	45	5
2421	0.90	45	5
2422	0.90	45	5
2423	0.90	45	5
2424	0.90	45	5
2425	0.90	45	5
2426	0.90	45	5
2427	0.88	44	6
2428	0.88	44	6
2429	0.88	44	6
2430	0.86	43	7
2431	0.86	43	7
2432	0.84	42	8
2433	0.84	42	8
2434	0.84	42	8
2435	0.84	42	8
2436	0.84	42	8
2437	0.84	42	8
2438	0.84	42	8
2439	0.84	42	8
2440	0.84	42	8
2441	0.84	42	8
2442	0.84	42	8
2443	0.84	42	8
2444	0.82	41	9
2445	0.82	41	9
2446	0.82	41	9
2447	0.82	41	9
2448	0.82	41	9
2449	0.82	41	9
2450	0.82	41	9
2451	0.80	40	10
2452	0.82	41	9
2453	0.82	41	9
2454	0.84	42	8
2455	0.84	42	8
2456	0.84	42	8
2457	0.84	42	8
2458	0.84	42	8
2459	0.84	42	8
2460	0.82	41	9
2461	0.82	41	9
2462	0.82	41	9
2463	0.80	40	10
2464	0.80	40	10
2465	0.80	40	10
2466	0.80	40	10
2467	0.80	40	10
2468	0.82	41	9
2469	0.82	41	9
2470	0.80	40	10
2471	0.80	40	10
2472	0.82	41	9
2473	0.82	41	9
2474	0.80	40	10
2475	0.80	40	10
2476	0.80	40	10
2477	0.82	41	9
2478	0.82	41	9
2479	0.82	41	9
2480	0.84	42	8
2481	0.84	42	8
2482	0.86	43	7
2483	0.86	43	7
2484	0.86	43	7
2485	0.86	43	7
2486	0.86	43	7
2487	0.86	43	7
2488	0.86	43	7
2489	0.84	42	8
2490	0.84	42	8
2491	0.84	42	8
2492	0.84	42	8
2493	0.84	42	8
2494	0.86	43	7
2495	0.86	43	7
2496	0.88	44	6
2497	0.88	44	6
2498	0.88	44	6
2499	0.88	44	6
2500	0.14	43	7
2501	0.14	43	7
2502	0.14	43	7
2503	0.14	43	7
2504	0.16	42	8
2505	0.18	41	9
2506	0.20	40	10
2507	0.22	39	11
2508	0.22	39	11
2509	0.24	38	12
2510	0.24	38	12
2511	0.24	38	12
2512	0.26	37	13
2513	0.24	38	12
2514	0.26	37	13
2515	0.28	36	14
2516	0.30	35	15
2517	0.32	34	16
2518	0.34	33	17
2519	0.36	32	18
2520	0.36	32	18
2521	0.38	31	19
2522	0.40	30	20
2523	0.42	29	21
2524	0.42	29	21
2525	0.44	28	22
2526	0.46	27	23
2527	0.48	26	24
2528	0.50	25	25
2529	0.52	24	26
2530	0.54	23	27
2531	0.54	23	27
2532	0.56	22	28
2533	0.58	21	29
2534	0.60	20	30
2535	0.62	19	31
2536	0.62	19	31
2537	0.64	18	32
2538	0.66	17	33
2539	0.64	18	32
2540	0.66	17	33
2541	0.68	16	34
2542	0.68	16	34
2543	0.70	15	35
2544	0.72	14	36
2545	0.74	13	37
2546	0.74	13	37
2547	0.74	13	37
2548	0.74	13	37
2549	0.74	13	37
2550	0.72	14	36
2551	0.72	14	36
2552	0.72	14	36
2553	0.72	14	36
2554	0.72	14	36
2555	0.70	15	35
2556	0.70	15	35
2557	0.70	15	35
2558	0.70	15	35
2559	0.70	15	35
2560	0.70	15	35
2561	0.72	14	36
2562	0.72	14	36
2563	0.74	13	37
2564	0.74	13	37
2565	0.72	14	36
2566	0.72	14	36
2567	0.70	15	35
2568	0.70	15	35
2569	0.70	15	35
2570	0.70	15	35
2571	0.70	15	35
2572	0.70	15	35
2573	0.70	15	35
2574	0.70	15	35
2575	0.70	15	35
2576	0.70	15	35
2577	0.68	16	34
2578	0.68	16	34
2579	0.68	16	34
2580	0.68	16	34
2581	0.70	15	35
2582	0.70	15	35
2583	0.70	15	35
2584	0.70	15	35
2585	0.70	15	35
2586	0.72	14	36
2587	0.72	14	36
2588	0.72	14	36
2589	0.72	14	36
2590	0.72	14	36
2591	0.72	14	36
2592	0.74	13	37
2593	0.74	13	37
2594	0.74	13	37
2595	0.74	13	37
2596	0.76	12	38
2597	0.78	11	39
2598	0.78	11	39
2599	0.80	10	40
2600	0.82	9	41
2601	0.82	9	41
2602	0.84	8	42
2603	0.86	7	43
2604	0.86	7	43
2605	0.88	6	44
2606	0.88	6	44
2607	0.88	6	44
2608	0.90	5	45
2609	0.90	5	45
2610	0.90	5	45
2611	0.90	5	45
2612	0.90	5	45
2613	0.90	5	45
2614	0.90	5	45
2615	0.92	4	46
2616	0.92	4	46
2617	0.92	4	46
2618	0.92	4	46
2619	0.92	4	46
2620	0.90	5	45
2621	0.90	5	45
2622	0.90	5	45
2623	0.90	5	45
2624	0.88	6	44
2625	0.86	7	43
2626	0.86	7	43
2627	0.88	6	44
2628	0.88	6	44
2629	0.88	6	44
2630	0.88	6	44
2631	0.88	6	44
2632	0.88	6	44
2633	0.86	7	43
2634	0.86	7	43
2635	0.86	7	43
2636	0.86	7	43
2637	0.84	8	42
2638	0.84	8	42
2639	0.86	7	43
2640	0.86	7	43
2641	0.84	8	42
2642	0.84	8	42
2643	0.84	8	42
2644	0.82	9	41
2645	0.82	9	41
2646	0.82	9	41
2647	0.82	9	41
2648	0.84	8	42
2649	0.84	8	42
2650	0.84	8	42
2651	0.84	8	42
2652	0.84	8	42
2653	0.84	8	42
2654	0.84	8	42
2655	0.84	8	42
2656	0.82	9	41
2657	0.82	9	41
2658	0.82	9	41
2659	0.82	9	41
2660	0.80	10	40
2661	0.80	10	40
2662	0.80	10	40
2663	0.80	10	40
2664	0.80	10	40
2665	0.80	10	40
2666	0.80	10	40
2667	0.82	9	41
2668	0.82	9	41
2669	0.82	9	41
2670	0.84	8	42
2671	0.84	8	42
2672	0.84	8	42
2673	0.84	8	42
2674	0.86	7	43
2675	0.88	6	44
2676	0.88	6	44
2677	0.88	6	44
2678	0.88	6	44
2679	0.88	6	44
2680	0.88	6	44
2681	0.86	7	43
2682	0.86	7	43
2683	0.88	6	44
2684	0.86	7	43
2685	0.86	7	43
2686	0.86	7	43
2687	0.88	6	44
2688	0.88	6	44
2689	0.88	6	44
2690	0.88	6	44
2691	0.90	5	45
2692	0.90	5	45
2693	0.90	5	45
2694	0.92	4	46
2695	0.90	5	45
2696	0.90	5	45
2697	0.88	6	44
2698	0.86	7	43
2699	0.86	7	43
2700	0.86	7	43
2701	0.86	7	43
2702	0.86	7	43
2703	0.84	8	42
2704	0.84	8	42
2705	0.82	9	41
2706	0.84	8	42
2707	0.84	8	42
2708	0.84	8	42
2709	0.84	8	42
2710	0.86	7	43
2711	0.86	7	43
2712	0.86	7	43
2713	0.86	7	43
2714	0.86	7	43
2715	0.86	7	43
2716	0.86	7	43
2717	0.84	8	42
2718	0.84	8	42
2719	0.84	8	42
2720	0.84	8	42
2721	0.84	8	42
2722	0.84	8	42
2723	0.84	8	42
2724	0.84	8	42
2725	0.84	8	42
2726	0.84	8	42
2727	0.84	8	42
2728	0.84	8	42
2729	0.84	8	42
2730	0.84	8	42
2731	0.86	7	43
2732	0.86	7	43
2733	0.86	7	43
2734	0.88	6	44
2735	0.88	6	44
2736	0.88	6	44
2737	0.88	6	44
2738	0.88	6	44
2739	0.88	6	44
2740	0.88	6	44
2741	0.86	7	43
2742	0.86	7	43
2743	0.86	7	43
2744	0.86	7	43
2745	0.88	6	44
2746	0.86	7	43
2747	0.88	6	44
2748	0.90	5	45
2749	0.88	6	44
2750	0.88	6	44
2751	0.88	6	44
2752	0.86	7	43
2753	0.88	6	44
2754	0.88	6	44
2755	0.90	5	45
2756	0.90	5	45
2757	0.90	5	45
2758	0.90	5	45
2759	0.90	5	45
2760	0.90	5	45
2761	0.90	5	45
2762	0.90	5	45
2763	0.90	5	45
2764	0.90	5	45
2765	0.90	5	45
2766	0.88	6	44
2767	0.90	5	45
2768	0.90	5	45
2769	0.90	5	45
2770	0.90	5	45
2771	0.90	5	45
2772	0.88	6	44
2773	0.88	6	44
2774	0.88	6	44
2775	0.88	6	44
2776	0.88	6	44
2777	0.88	6	44
2778	0.88	6	44
2779	0.88	6	44
2780	0.88	6	44
2781	0.88	6	44
2782	0.88	6	44
2783	0.88	6	44
2784	0.88	6	44
2785	0.88	6	44
2786	0.88	6	44
2787	0.88	6	44
2788	0.88	6	44
2789	0.88	6	44
2790	0.88	6	44
2791	0.88	6	44
2792	0.88	6	44
2793	0.88	6	44
2794	0.88	6	44
2795	0.88	6	44
2796	0.90	5	45
2797	0.90	5	45
2798	0.88	6	44
2799	0.88	6	44
2800	0.88	6	44
2801	0.86	7	43
2802	0.88	6	44
2803	0.88	6	44
2804	0.86	7	43
2805	0.84	8	42
2806	0.84	8	42
2807	0.84	8	42
2808	0.84	8	42
2809	0.84	8	42
2810	0.84	8	42
2811	0.84	8	42
2812	0.84	8	42
2813	0.82	9	41
2814	0.82	9	41
2815	0.82	9	41
2816	0.84	8	42
2817	0.82	9	41
2818	0.80	10	40
2819	0.78	11	39
2820	0.78	11	39
2821	0.76	12	38
2822	0.78	11	39
2823	0.78	11	39
2824	0.78	11	39
2825	0.76	12	38
2826	0.76	12	38
2827	0.74	13	37
2828	0.72	14	36
2829	0.70	15	35
2830	0.70	15	35
2831	0.70	15	35
2832	0.70	15	35
2833	0.68	16	34
2834	0.68	16	34
2835	0.68	16	34
2836	0.68	16	34
2837	0.68	16	34
2838	0.68	16	34
2839	0.68	16	34
2840	0.66	17	33
2841	0.68	16	34
2842	0.66	17	33
2843	0.64	18	32
2844	0.62	19	31
2845	0.62	19	31
2846	0.62	19	31
2847	0.62	19	31
2848	0.64	18	32
2849	0.66	17	33
2850	0.66	17	33
2851	0.68	16	34
2852	0.68	16	34
2853	0.68	16	34
2854	0.70	15	35
2855	0.72	14	36
2856	0.72	14	36
2857	0.70	15	35
2858	0.70	15	35
2859	0.70	15	35
2860	0.70	15	35
2861	0.68	16	34
2862	0.68	16	34
2863	0.70	15	35
2864	0.70	15	35
2865	0.70	15	35
2866	0.70	15	35
2867	0.72	14	36
2868	0.74	13	37
2869	0.76	12	38
2870	0.76	12	38
2871	0.78	11	39
2872	0.78	11	39
2873	0.78	11	39
2874	0.78	11	39
2875	0.80	10	40
2876	0.80	10	40
2877	0.82	9	41
2878	0.84	8	42
2879	0.86	7	43
2880	0.86	7	43
2881	0.86	7	43
2882	0.86	7	43
2883	0.86	7	43
2884	0.86	7	43
2885	0.86	7	43
2886	0.84	8	42
2887	0.84	8	42
2888	0.84	8	42
2889	0.84	8	42
2890	0.86	7	43
2891	0.86	7	43
2892	0.86	7	43
2893	0.88	6	44
2894	0.90	5	45
2895	0.90	5	45
2896	0.90	5	45
2897	0.90	5	45
2898	0.90	5	45
2899	0.88	6	44
2900	0.88	6	44
2901	0.88	6	44
2902	0.86	7	43
2903	0.86	7	43
2904	0.86	7	43
2905	0.84	8	42
2906	0.84	8	42
2907	0.86	7	43
2908	0.86	7	43
2909	0.86	7	43
2910	0.86	7	43
2911	0.88	6	44
2912	0.88	6	44
2913	0.88	6	44
2914	0.86	7	43
2915	0.84	8	42
2916	0.82	9	41
2917	0.82	9	41
2918	0.82	9	41
2919	0.82	9	41
2920	0.82	9	41
2921	0.82	9	41
2922	0.82	9	41
2923	0.82	9	41
2924	0.82	9	41
2925	0.82	9	41
2926	0.82	9	41
2927	0.82	9	41
2928	0.80	10	40
2929	0.78	11	39
2930	0.78	11	39
2931	0.78	11	39
2932	0.78	11	39
2933	0.78	11	39
2934	0.76	12	38
2935	0.76	12	38
2936	0.78	11	39
2937	0.76	12	38
2938	0.76	12	38
2939	0.76	12	38
2940	0.76	12	38
2941	0.74	13	37
2942	0.76	12	38
2943	0.76	12	38
2944	0.74	13	37
2945	0.74	13	37
2946	0.74	13	37
2947	0.74	13	37
2948	0.74	13	37
2949	0.76	12	38
2950	0.76	12	38
2951	0.76	12	38
2952	0.78	11	39
2953	0.76	12	38
2954	0.74	13	37
2955	0.76	12	38
2956	0.76	12	38
2957	0.76	12	38
2958	0.76	12	38
2959	0.76	12	38
2960	0.76	12	38
2961	0.76	12	38
2962	0.74	13	37
2963	0.74	13	37
2964	0.76	12	38
2965	0.78	11	39
2966	0.80	10	40
2967	0.80	10	40
2968	0.80	10	40
2969	0.78	11	39
2970	0.78	11	39
2971	0.76	12	38
2972	0.76	12	38
2973	0.76	12	38
2974	0.76	12	38
2975	0.76	12	38
2976	0.76	12	38
2977	0.76	12	38
2978	0.78	11	39
2979	0.80	10	40
2980	0.80	10	40
2981	0.80	10	40
2982	0.78	11	39
2983	0.78	11	39
2984	0.80	10	40
2985	0.80	10	40
2986	0.80	10	40
2987	0.82	9	41
2988	0.82	9	41
2989	0.82	9	41
2990	0.82	9	41
2991	0.84	8	42
2992	0.84	8	42
2993	0.82	9	41
2994	0.84	8	42
2995	0.84	8	42
2996	0.84	8	42
2997	0.84	8	42
2998	0.84	8	42
2999	0.84	8	42
