timestep	swarm_quality	color_0	color_1
0	0.70	35	15
1	0.68	34	16
2	0.68	34	16
3	0.68	34	16
4	0.68	34	16
5	0.68	34	16
6	0.66	33	17
7	0.64	32	18
8	0.64	32	18
9	0.62	31	19
10	0.60	30	20
11	0.60	30	20
12	0.60	30	20
13	0.60	30	20
14	0.60	30	20
15	0.60	30	20
16	0.58	29	21
17	0.58	29	21
18	0.56	28	22
19	0.56	28	22
20	0.56	28	22
21	0.56	28	22
22	0.54	27	23
23	0.54	27	23
24	0.54	27	23
25	0.54	27	23
26	0.52	26	24
27	0.52	26	24
28	0.52	26	24
29	0.52	26	24
30	0.52	26	24
31	0.50	25	25
32	0.50	25	25
33	0.50	25	25
34	0.48	24	26
35	0.50	25	25
36	0.52	26	24
37	0.52	26	24
38	0.54	27	23
39	0.54	27	23
40	0.54	27	23
41	0.56	28	22
42	0.58	29	21
43	0.60	30	20
44	0.62	31	19
45	0.64	32	18
46	0.64	32	18
47	0.66	33	17
48	0.68	34	16
49	0.70	35	15
50	0.70	35	15
51	0.70	35	15
52	0.68	34	16
53	0.68	34	16
54	0.68	34	16
55	0.68	34	16
56	0.70	35	15
57	0.72	36	14
58	0.72	36	14
59	0.74	37	13
60	0.76	38	12
61	0.76	38	12
62	0.76	38	12
63	0.74	37	13
64	0.74	37	13
65	0.74	37	13
66	0.76	38	12
67	0.76	38	12
68	0.78	39	11
69	0.78	39	11
70	0.78	39	11
71	0.78	39	11
72	0.80	40	10
73	0.80	40	10
74	0.78	39	11
75	0.76	38	12
76	0.78	39	11
77	0.78	39	11
78	0.78	39	11
79	0.78	39	11
80	0.78	39	11
81	0.80	40	10
82	0.80	40	10
83	0.80	40	10
84	0.80	40	10
85	0.80	40	10
86	0.80	40	10
87	0.82	41	9
88	0.82	41	9
89	0.84	42	8
90	0.86	43	7
91	0.86	43	7
92	0.86	43	7
93	0.86	43	7
94	0.86	43	7
95	0.86	43	7
96	0.88	44	6
97	0.88	44	6
98	0.88	44	6
99	0.88	44	6
100	0.88	44	6
101	0.90	45	5
102	0.92	46	4
103	0.90	45	5
104	0.90	45	5
105	0.90	45	5
106	0.90	45	5
107	0.90	45	5
108	0.90	45	5
109	0.90	45	5
110	0.88	44	6
111	0.86	43	7
112	0.84	42	8
113	0.84	42	8
114	0.82	41	9
115	0.82	41	9
116	0.82	41	9
117	0.82	41	9
118	0.82	41	9
119	0.82	41	9
120	0.82	41	9
121	0.82	41	9
122	0.80	40	10
123	0.80	40	10
124	0.82	41	9
125	0.84	42	8
126	0.84	42	8
127	0.84	42	8
128	0.84	42	8
129	0.84	42	8
130	0.84	42	8
131	0.84	42	8
132	0.84	42	8
133	0.84	42	8
134	0.84	42	8
135	0.84	42	8
136	0.84	42	8
137	0.84	42	8
138	0.82	41	9
139	0.82	41	9
140	0.80	40	10
141	0.78	39	11
142	0.78	39	11
143	0.78	39	11
144	0.78	39	11
145	0.76	38	12
146	0.76	38	12
147	0.76	38	12
148	0.76	38	12
149	0.76	38	12
150	0.76	38	12
151	0.74	37	13
152	0.74	37	13
153	0.76	38	12
154	0.76	38	12
155	0.76	38	12
156	0.76	38	12
157	0.76	38	12
158	0.76	38	12
159	0.76	38	12
160	0.78	39	11
161	0.78	39	11
162	0.80	40	10
163	0.82	41	9
164	0.84	42	8
165	0.84	42	8
166	0.84	42	8
167	0.82	41	9
168	0.82	41	9
169	0.82	41	9
170	0.82	41	9
171	0.82	41	9
172	0.84	42	8
173	0.84	42	8
174	0.82	41	9
175	0.82	41	9
176	0.82	41	9
177	0.82	41	9
178	0.82	41	9
179	0.82	41	9
180	0.80	40	10
181	0.80	40	10
182	0.80	40	10
183	0.80	40	10
184	0.82	41	9
185	0.82	41	9
186	0.82	41	9
187	0.80	40	10
188	0.82	41	9
189	0.82	41	9
190	0.84	42	8
191	0.86	43	7
192	0.86	43	7
193	0.86	43	7
194	0.86	43	7
195	0.86	43	7
196	0.86	43	7
197	0.86	43	7
198	0.86	43	7
199	0.86	43	7
200	0.86	43	7
201	0.86	43	7
202	0.86	43	7
203	0.84	42	8
204	0.84	42	8
205	0.84	42	8
206	0.84	42	8
207	0.84	42	8
208	0.84	42	8
209	0.84	42	8
210	0.84	42	8
211	0.86	43	7
212	0.84	42	8
213	0.84	42	8
214	0.84	42	8
215	0.84	42	8
216	0.84	42	8
217	0.84	42	8
218	0.84	42	8
219	0.84	42	8
220	0.82	41	9
221	0.82	41	9
222	0.82	41	9
223	0.80	40	10
224	0.82	41	9
225	0.80	40	10
226	0.80	40	10
227	0.80	40	10
228	0.80	40	10
229	0.78	39	11
230	0.80	40	10
231	0.80	40	10
232	0.80	40	10
233	0.80	40	10
234	0.80	40	10
235	0.78	39	11
236	0.78	39	11
237	0.80	40	10
238	0.80	40	10
239	0.78	39	11
240	0.78	39	11
241	0.78	39	11
242	0.78	39	11
243	0.78	39	11
244	0.78	39	11
245	0.80	40	10
246	0.80	40	10
247	0.78	39	11
248	0.76	38	12
249	0.74	37	13
250	0.72	36	14
251	0.72	36	14
252	0.72	36	14
253	0.74	37	13
254	0.74	37	13
255	0.74	37	13
256	0.72	36	14
257	0.72	36	14
258	0.72	36	14
259	0.72	36	14
260	0.72	36	14
261	0.72	36	14
262	0.72	36	14
263	0.72	36	14
264	0.70	35	15
265	0.68	34	16
266	0.68	34	16
267	0.70	35	15
268	0.70	35	15
269	0.70	35	15
270	0.72	36	14
271	0.72	36	14
272	0.72	36	14
273	0.74	37	13
274	0.72	36	14
275	0.74	37	13
276	0.74	37	13
277	0.74	37	13
278	0.74	37	13
279	0.74	37	13
280	0.74	37	13
281	0.74	37	13
282	0.74	37	13
283	0.74	37	13
284	0.74	37	13
285	0.76	38	12
286	0.76	38	12
287	0.76	38	12
288	0.76	38	12
289	0.78	39	11
290	0.76	38	12
291	0.74	37	13
292	0.74	37	13
293	0.74	37	13
294	0.74	37	13
295	0.74	37	13
296	0.72	36	14
297	0.74	37	13
298	0.76	38	12
299	0.78	39	11
300	0.80	40	10
301	0.82	41	9
302	0.82	41	9
303	0.82	41	9
304	0.82	41	9
305	0.80	40	10
306	0.82	41	9
307	0.82	41	9
308	0.82	41	9
309	0.82	41	9
310	0.82	41	9
311	0.82	41	9
312	0.84	42	8
313	0.84	42	8
314	0.86	43	7
315	0.86	43	7
316	0.86	43	7
317	0.86	43	7
318	0.84	42	8
319	0.84	42	8
320	0.84	42	8
321	0.84	42	8
322	0.84	42	8
323	0.84	42	8
324	0.86	43	7
325	0.86	43	7
326	0.86	43	7
327	0.86	43	7
328	0.84	42	8
329	0.86	43	7
330	0.84	42	8
331	0.82	41	9
332	0.80	40	10
333	0.78	39	11
334	0.78	39	11
335	0.78	39	11
336	0.78	39	11
337	0.78	39	11
338	0.78	39	11
339	0.78	39	11
340	0.80	40	10
341	0.80	40	10
342	0.80	40	10
343	0.80	40	10
344	0.80	40	10
345	0.80	40	10
346	0.82	41	9
347	0.82	41	9
348	0.82	41	9
349	0.80	40	10
350	0.80	40	10
351	0.78	39	11
352	0.78	39	11
353	0.78	39	11
354	0.76	38	12
355	0.78	39	11
356	0.78	39	11
357	0.78	39	11
358	0.78	39	11
359	0.78	39	11
360	0.78	39	11
361	0.78	39	11
362	0.78	39	11
363	0.78	39	11
364	0.78	39	11
365	0.80	40	10
366	0.80	40	10
367	0.80	40	10
368	0.82	41	9
369	0.82	41	9
370	0.82	41	9
371	0.82	41	9
372	0.80	40	10
373	0.80	40	10
374	0.78	39	11
375	0.78	39	11
376	0.76	38	12
377	0.76	38	12
378	0.78	39	11
379	0.78	39	11
380	0.80	40	10
381	0.82	41	9
382	0.84	42	8
383	0.84	42	8
384	0.84	42	8
385	0.84	42	8
386	0.84	42	8
387	0.82	41	9
388	0.80	40	10
389	0.80	40	10
390	0.78	39	11
391	0.80	40	10
392	0.80	40	10
393	0.78	39	11
394	0.78	39	11
395	0.78	39	11
396	0.78	39	11
397	0.78	39	11
398	0.78	39	11
399	0.80	40	10
400	0.80	40	10
401	0.82	41	9
402	0.82	41	9
403	0.82	41	9
404	0.84	42	8
405	0.84	42	8
406	0.84	42	8
407	0.84	42	8
408	0.82	41	9
409	0.82	41	9
410	0.82	41	9
411	0.82	41	9
412	0.80	40	10
413	0.80	40	10
414	0.80	40	10
415	0.80	40	10
416	0.80	40	10
417	0.80	40	10
418	0.80	40	10
419	0.80	40	10
420	0.80	40	10
421	0.78	39	11
422	0.80	40	10
423	0.80	40	10
424	0.82	41	9
425	0.82	41	9
426	0.84	42	8
427	0.84	42	8
428	0.84	42	8
429	0.84	42	8
430	0.84	42	8
431	0.84	42	8
432	0.82	41	9
433	0.84	42	8
434	0.84	42	8
435	0.84	42	8
436	0.84	42	8
437	0.86	43	7
438	0.88	44	6
439	0.86	43	7
440	0.88	44	6
441	0.88	44	6
442	0.88	44	6
443	0.90	45	5
444	0.88	44	6
445	0.88	44	6
446	0.88	44	6
447	0.88	44	6
448	0.88	44	6
449	0.88	44	6
450	0.88	44	6
451	0.88	44	6
452	0.88	44	6
453	0.86	43	7
454	0.86	43	7
455	0.86	43	7
456	0.86	43	7
457	0.86	43	7
458	0.88	44	6
459	0.88	44	6
460	0.88	44	6
461	0.88	44	6
462	0.90	45	5
463	0.90	45	5
464	0.88	44	6
465	0.86	43	7
466	0.86	43	7
467	0.86	43	7
468	0.86	43	7
469	0.86	43	7
470	0.86	43	7
471	0.86	43	7
472	0.86	43	7
473	0.86	43	7
474	0.84	42	8
475	0.84	42	8
476	0.84	42	8
477	0.84	42	8
478	0.84	42	8
479	0.84	42	8
480	0.82	41	9
481	0.82	41	9
482	0.84	42	8
483	0.84	42	8
484	0.84	42	8
485	0.84	42	8
486	0.82	41	9
487	0.80	40	10
488	0.80	40	10
489	0.82	41	9
490	0.82	41	9
491	0.82	41	9
492	0.80	40	10
493	0.80	40	10
494	0.82	41	9
495	0.80	40	10
496	0.80	40	10
497	0.80	40	10
498	0.80	40	10
499	0.80	40	10
500	0.22	39	11
501	0.24	38	12
502	0.26	37	13
503	0.24	38	12
504	0.26	37	13
505	0.28	36	14
506	0.28	36	14
507	0.28	36	14
508	0.28	36	14
509	0.30	35	15
510	0.30	35	15
511	0.30	35	15
512	0.30	35	15
513	0.30	35	15
514	0.30	35	15
515	0.30	35	15
516	0.32	34	16
517	0.34	33	17
518	0.36	32	18
519	0.38	31	19
520	0.38	31	19
521	0.38	31	19
522	0.40	30	20
523	0.42	29	21
524	0.42	29	21
525	0.44	28	22
526	0.44	28	22
527	0.46	27	23
528	0.48	26	24
529	0.50	25	25
530	0.50	25	25
531	0.52	24	26
532	0.54	23	27
533	0.56	22	28
534	0.58	21	29
535	0.60	20	30
536	0.60	20	30
537	0.58	21	29
538	0.60	20	30
539	0.60	20	30
540	0.62	19	31
541	0.64	18	32
542	0.62	19	31
543	0.64	18	32
544	0.64	18	32
545	0.64	18	32
546	0.66	17	33
547	0.68	16	34
548	0.70	15	35
549	0.72	14	36
550	0.72	14	36
551	0.70	15	35
552	0.68	16	34
553	0.70	15	35
554	0.70	15	35
555	0.68	16	34
556	0.70	15	35
557	0.70	15	35
558	0.72	14	36
559	0.72	14	36
560	0.72	14	36
561	0.74	13	37
562	0.76	12	38
563	0.78	11	39
564	0.78	11	39
565	0.78	11	39
566	0.76	12	38
567	0.76	12	38
568	0.74	13	37
569	0.74	13	37
570	0.76	12	38
571	0.74	13	37
572	0.74	13	37
573	0.72	14	36
574	0.72	14	36
575	0.72	14	36
576	0.74	13	37
577	0.74	13	37
578	0.74	13	37
579	0.74	13	37
580	0.74	13	37
581	0.74	13	37
582	0.74	13	37
583	0.72	14	36
584	0.72	14	36
585	0.72	14	36
586	0.70	15	35
587	0.70	15	35
588	0.70	15	35
589	0.72	14	36
590	0.72	14	36
591	0.72	14	36
592	0.74	13	37
593	0.74	13	37
594	0.76	12	38
595	0.76	12	38
596	0.74	13	37
597	0.74	13	37
598	0.74	13	37
599	0.74	13	37
600	0.74	13	37
601	0.76	12	38
602	0.78	11	39
603	0.78	11	39
604	0.76	12	38
605	0.78	11	39
606	0.78	11	39
607	0.78	11	39
608	0.78	11	39
609	0.78	11	39
610	0.80	10	40
611	0.80	10	40
612	0.78	11	39
613	0.78	11	39
614	0.78	11	39
615	0.78	11	39
616	0.78	11	39
617	0.78	11	39
618	0.80	10	40
619	0.80	10	40
620	0.80	10	40
621	0.80	10	40
622	0.78	11	39
623	0.80	10	40
624	0.80	10	40
625	0.80	10	40
626	0.80	10	40
627	0.80	10	40
628	0.80	10	40
629	0.80	10	40
630	0.80	10	40
631	0.80	10	40
632	0.80	10	40
633	0.82	9	41
634	0.82	9	41
635	0.82	9	41
636	0.82	9	41
637	0.82	9	41
638	0.82	9	41
639	0.80	10	40
640	0.80	10	40
641	0.80	10	40
642	0.80	10	40
643	0.80	10	40
644	0.80	10	40
645	0.80	10	40
646	0.82	9	41
647	0.82	9	41
648	0.82	9	41
649	0.82	9	41
650	0.82	9	41
651	0.82	9	41
652	0.82	9	41
653	0.82	9	41
654	0.84	8	42
655	0.84	8	42
656	0.84	8	42
657	0.86	7	43
658	0.86	7	43
659	0.86	7	43
660	0.86	7	43
661	0.84	8	42
662	0.86	7	43
663	0.86	7	43
664	0.86	7	43
665	0.84	8	42
666	0.86	7	43
667	0.86	7	43
668	0.86	7	43
669	0.86	7	43
670	0.86	7	43
671	0.88	6	44
672	0.90	5	45
673	0.90	5	45
674	0.90	5	45
675	0.90	5	45
676	0.90	5	45
677	0.90	5	45
678	0.90	5	45
679	0.90	5	45
680	0.90	5	45
681	0.88	6	44
682	0.86	7	43
683	0.84	8	42
684	0.84	8	42
685	0.84	8	42
686	0.84	8	42
687	0.86	7	43
688	0.86	7	43
689	0.88	6	44
690	0.86	7	43
691	0.86	7	43
692	0.86	7	43
693	0.86	7	43
694	0.86	7	43
695	0.84	8	42
696	0.82	9	41
697	0.82	9	41
698	0.82	9	41
699	0.82	9	41
700	0.82	9	41
701	0.82	9	41
702	0.82	9	41
703	0.82	9	41
704	0.82	9	41
705	0.82	9	41
706	0.82	9	41
707	0.82	9	41
708	0.82	9	41
709	0.82	9	41
710	0.82	9	41
711	0.82	9	41
712	0.82	9	41
713	0.82	9	41
714	0.82	9	41
715	0.84	8	42
716	0.84	8	42
717	0.84	8	42
718	0.84	8	42
719	0.84	8	42
720	0.82	9	41
721	0.82	9	41
722	0.82	9	41
723	0.80	10	40
724	0.80	10	40
725	0.80	10	40
726	0.80	10	40
727	0.80	10	40
728	0.80	10	40
729	0.80	10	40
730	0.80	10	40
731	0.80	10	40
732	0.82	9	41
733	0.84	8	42
734	0.84	8	42
735	0.82	9	41
736	0.84	8	42
737	0.84	8	42
738	0.84	8	42
739	0.84	8	42
740	0.86	7	43
741	0.86	7	43
742	0.84	8	42
743	0.84	8	42
744	0.84	8	42
745	0.86	7	43
746	0.88	6	44
747	0.88	6	44
748	0.86	7	43
749	0.86	7	43
750	0.86	7	43
751	0.86	7	43
752	0.84	8	42
753	0.84	8	42
754	0.84	8	42
755	0.84	8	42
756	0.84	8	42
757	0.82	9	41
758	0.82	9	41
759	0.82	9	41
760	0.82	9	41
761	0.84	8	42
762	0.84	8	42
763	0.84	8	42
764	0.82	9	41
765	0.82	9	41
766	0.82	9	41
767	0.82	9	41
768	0.82	9	41
769	0.82	9	41
770	0.84	8	42
771	0.84	8	42
772	0.84	8	42
773	0.84	8	42
774	0.82	9	41
775	0.82	9	41
776	0.82	9	41
777	0.82	9	41
778	0.80	10	40
779	0.80	10	40
780	0.80	10	40
781	0.82	9	41
782	0.82	9	41
783	0.82	9	41
784	0.82	9	41
785	0.84	8	42
786	0.84	8	42
787	0.84	8	42
788	0.84	8	42
789	0.82	9	41
790	0.82	9	41
791	0.80	10	40
792	0.82	9	41
793	0.82	9	41
794	0.82	9	41
795	0.80	10	40
796	0.80	10	40
797	0.80	10	40
798	0.80	10	40
799	0.80	10	40
800	0.80	10	40
801	0.78	11	39
802	0.80	10	40
803	0.78	11	39
804	0.78	11	39
805	0.78	11	39
806	0.78	11	39
807	0.80	10	40
808	0.80	10	40
809	0.80	10	40
810	0.80	10	40
811	0.80	10	40
812	0.80	10	40
813	0.80	10	40
814	0.80	10	40
815	0.80	10	40
816	0.80	10	40
817	0.80	10	40
818	0.80	10	40
819	0.80	10	40
820	0.80	10	40
821	0.80	10	40
822	0.80	10	40
823	0.80	10	40
824	0.82	9	41
825	0.82	9	41
826	0.82	9	41
827	0.80	10	40
828	0.80	10	40
829	0.80	10	40
830	0.80	10	40
831	0.80	10	40
832	0.80	10	40
833	0.78	11	39
834	0.78	11	39
835	0.78	11	39
836	0.78	11	39
837	0.78	11	39
838	0.78	11	39
839	0.78	11	39
840	0.78	11	39
841	0.80	10	40
842	0.80	10	40
843	0.80	10	40
844	0.80	10	40
845	0.82	9	41
846	0.80	10	40
847	0.80	10	40
848	0.82	9	41
849	0.82	9	41
850	0.82	9	41
851	0.84	8	42
852	0.82	9	41
853	0.84	8	42
854	0.84	8	42
855	0.84	8	42
856	0.82	9	41
857	0.82	9	41
858	0.82	9	41
859	0.82	9	41
860	0.80	10	40
861	0.80	10	40
862	0.80	10	40
863	0.80	10	40
864	0.80	10	40
865	0.80	10	40
866	0.78	11	39
867	0.78	11	39
868	0.78	11	39
869	0.78	11	39
870	0.76	12	38
871	0.74	13	37
872	0.74	13	37
873	0.76	12	38
874	0.76	12	38
875	0.76	12	38
876	0.76	12	38
877	0.76	12	38
878	0.78	11	39
879	0.78	11	39
880	0.78	11	39
881	0.78	11	39
882	0.78	11	39
883	0.80	10	40
884	0.80	10	40
885	0.80	10	40
886	0.80	10	40
887	0.78	11	39
888	0.78	11	39
889	0.80	10	40
890	0.80	10	40
891	0.78	11	39
892	0.78	11	39
893	0.78	11	39
894	0.76	12	38
895	0.76	12	38
896	0.78	11	39
897	0.76	12	38
898	0.74	13	37
899	0.74	13	37
900	0.74	13	37
901	0.72	14	36
902	0.74	13	37
903	0.74	13	37
904	0.74	13	37
905	0.74	13	37
906	0.76	12	38
907	0.76	12	38
908	0.74	13	37
909	0.72	14	36
910	0.74	13	37
911	0.74	13	37
912	0.74	13	37
913	0.74	13	37
914	0.76	12	38
915	0.76	12	38
916	0.78	11	39
917	0.78	11	39
918	0.78	11	39
919	0.76	12	38
920	0.78	11	39
921	0.78	11	39
922	0.76	12	38
923	0.76	12	38
924	0.76	12	38
925	0.76	12	38
926	0.76	12	38
927	0.78	11	39
928	0.78	11	39
929	0.76	12	38
930	0.74	13	37
931	0.74	13	37
932	0.74	13	37
933	0.74	13	37
934	0.72	14	36
935	0.72	14	36
936	0.70	15	35
937	0.70	15	35
938	0.70	15	35
939	0.70	15	35
940	0.70	15	35
941	0.72	14	36
942	0.72	14	36
943	0.72	14	36
944	0.74	13	37
945	0.74	13	37
946	0.74	13	37
947	0.76	12	38
948	0.78	11	39
949	0.78	11	39
950	0.78	11	39
951	0.80	10	40
952	0.80	10	40
953	0.80	10	40
954	0.80	10	40
955	0.78	11	39
956	0.78	11	39
957	0.76	12	38
958	0.78	11	39
959	0.80	10	40
960	0.78	11	39
961	0.76	12	38
962	0.76	12	38
963	0.74	13	37
964	0.72	14	36
965	0.72	14	36
966	0.72	14	36
967	0.72	14	36
968	0.70	15	35
969	0.72	14	36
970	0.70	15	35
971	0.72	14	36
972	0.72	14	36
973	0.72	14	36
974	0.72	14	36
975	0.70	15	35
976	0.70	15	35
977	0.68	16	34
978	0.66	17	33
979	0.66	17	33
980	0.66	17	33
981	0.66	17	33
982	0.64	18	32
983	0.64	18	32
984	0.66	17	33
985	0.66	17	33
986	0.68	16	34
987	0.70	15	35
988	0.70	15	35
989	0.70	15	35
990	0.70	15	35
991	0.70	15	35
992	0.70	15	35
993	0.70	15	35
994	0.70	15	35
995	0.70	15	35
996	0.70	15	35
997	0.70	15	35
998	0.70	15	35
999	0.70	15	35
1000	0.30	15	35
1001	0.32	16	34
1002	0.34	17	33
1003	0.34	17	33
1004	0.36	18	32
1005	0.36	18	32
1006	0.38	19	31
1007	0.38	19	31
1008	0.40	20	30
1009	0.42	21	29
1010	0.40	20	30
1011	0.40	20	30
1012	0.40	20	30
1013	0.38	19	31
1014	0.38	19	31
1015	0.40	20	30
1016	0.42	21	29
1017	0.44	22	28
1018	0.44	22	28
1019	0.46	23	27
1020	0.46	23	27
1021	0.48	24	26
1022	0.48	24	26
1023	0.50	25	25
1024	0.52	26	24
1025	0.52	26	24
1026	0.54	27	23
1027	0.54	27	23
1028	0.54	27	23
1029	0.54	27	23
1030	0.54	27	23
1031	0.56	28	22
1032	0.56	28	22
1033	0.58	29	21
1034	0.60	30	20
1035	0.62	31	19
1036	0.64	32	18
1037	0.66	33	17
1038	0.68	34	16
1039	0.70	35	15
1040	0.72	36	14
1041	0.74	37	13
1042	0.76	38	12
1043	0.76	38	12
1044	0.78	39	11
1045	0.80	40	10
1046	0.80	40	10
1047	0.82	41	9
1048	0.84	42	8
1049	0.86	43	7
1050	0.88	44	6
1051	0.88	44	6
1052	0.86	43	7
1053	0.88	44	6
1054	0.88	44	6
1055	0.86	43	7
1056	0.86	43	7
1057	0.86	43	7
1058	0.84	42	8
1059	0.84	42	8
1060	0.86	43	7
1061	0.86	43	7
1062	0.88	44	6
1063	0.88	44	6
1064	0.88	44	6
1065	0.88	44	6
1066	0.88	44	6
1067	0.88	44	6
1068	0.86	43	7
1069	0.86	43	7
1070	0.86	43	7
1071	0.86	43	7
1072	0.86	43	7
1073	0.86	43	7
1074	0.84	42	8
1075	0.84	42	8
1076	0.84	42	8
1077	0.84	42	8
1078	0.84	42	8
1079	0.82	41	9
1080	0.82	41	9
1081	0.82	41	9
1082	0.82	41	9
1083	0.82	41	9
1084	0.82	41	9
1085	0.82	41	9
1086	0.82	41	9
1087	0.80	40	10
1088	0.78	39	11
1089	0.78	39	11
1090	0.78	39	11
1091	0.76	38	12
1092	0.74	37	13
1093	0.76	38	12
1094	0.76	38	12
1095	0.76	38	12
1096	0.76	38	12
1097	0.76	38	12
1098	0.76	38	12
1099	0.76	38	12
1100	0.74	37	13
1101	0.74	37	13
1102	0.74	37	13
1103	0.74	37	13
1104	0.72	36	14
1105	0.74	37	13
1106	0.74	37	13
1107	0.74	37	13
1108	0.76	38	12
1109	0.76	38	12
1110	0.74	37	13
1111	0.72	36	14
1112	0.72	36	14
1113	0.74	37	13
1114	0.74	37	13
1115	0.74	37	13
1116	0.72	36	14
1117	0.72	36	14
1118	0.74	37	13
1119	0.74	37	13
1120	0.74	37	13
1121	0.74	37	13
1122	0.74	37	13
1123	0.74	37	13
1124	0.74	37	13
1125	0.74	37	13
1126	0.74	37	13
1127	0.74	37	13
1128	0.74	37	13
1129	0.76	38	12
1130	0.74	37	13
1131	0.74	37	13
1132	0.74	37	13
1133	0.74	37	13
1134	0.74	37	13
1135	0.72	36	14
1136	0.70	35	15
1137	0.72	36	14
1138	0.74	37	13
1139	0.74	37	13
1140	0.72	36	14
1141	0.74	37	13
1142	0.76	38	12
1143	0.76	38	12
1144	0.74	37	13
1145	0.74	37	13
1146	0.76	38	12
1147	0.76	38	12
1148	0.76	38	12
1149	0.76	38	12
1150	0.78	39	11
1151	0.78	39	11
1152	0.80	40	10
1153	0.80	40	10
1154	0.80	40	10
1155	0.80	40	10
1156	0.80	40	10
1157	0.80	40	10
1158	0.80	40	10
1159	0.80	40	10
1160	0.80	40	10
1161	0.82	41	9
1162	0.82	41	9
1163	0.82	41	9
1164	0.82	41	9
1165	0.82	41	9
1166	0.84	42	8
1167	0.84	42	8
1168	0.84	42	8
1169	0.84	42	8
1170	0.84	42	8
1171	0.84	42	8
1172	0.84	42	8
1173	0.84	42	8
1174	0.86	43	7
1175	0.86	43	7
1176	0.86	43	7
1177	0.84	42	8
1178	0.84	42	8
1179	0.84	42	8
1180	0.84	42	8
1181	0.84	42	8
1182	0.84	42	8
1183	0.84	42	8
1184	0.84	42	8
1185	0.86	43	7
1186	0.88	44	6
1187	0.88	44	6
1188	0.88	44	6
1189	0.88	44	6
1190	0.90	45	5
1191	0.90	45	5
1192	0.90	45	5
1193	0.90	45	5
1194	0.92	46	4
1195	0.92	46	4
1196	0.90	45	5
1197	0.90	45	5
1198	0.90	45	5
1199	0.90	45	5
1200	0.90	45	5
1201	0.90	45	5
1202	0.90	45	5
1203	0.90	45	5
1204	0.92	46	4
1205	0.92	46	4
1206	0.92	46	4
1207	0.92	46	4
1208	0.92	46	4
1209	0.90	45	5
1210	0.92	46	4
1211	0.92	46	4
1212	0.92	46	4
1213	0.92	46	4
1214	0.92	46	4
1215	0.92	46	4
1216	0.90	45	5
1217	0.90	45	5
1218	0.88	44	6
1219	0.88	44	6
1220	0.88	44	6
1221	0.88	44	6
1222	0.88	44	6
1223	0.86	43	7
1224	0.86	43	7
1225	0.86	43	7
1226	0.86	43	7
1227	0.86	43	7
1228	0.86	43	7
1229	0.86	43	7
1230	0.88	44	6
1231	0.88	44	6
1232	0.86	43	7
1233	0.86	43	7
1234	0.86	43	7
1235	0.84	42	8
1236	0.82	41	9
1237	0.82	41	9
1238	0.82	41	9
1239	0.80	40	10
1240	0.78	39	11
1241	0.78	39	11
1242	0.78	39	11
1243	0.78	39	11
1244	0.76	38	12
1245	0.76	38	12
1246	0.78	39	11
1247	0.76	38	12
1248	0.76	38	12
1249	0.76	38	12
1250	0.76	38	12
1251	0.76	38	12
1252	0.76	38	12
1253	0.76	38	12
1254	0.76	38	12
1255	0.76	38	12
1256	0.76	38	12
1257	0.76	38	12
1258	0.76	38	12
1259	0.78	39	11
1260	0.78	39	11
1261	0.78	39	11
1262	0.78	39	11
1263	0.78	39	11
1264	0.76	38	12
1265	0.76	38	12
1266	0.78	39	11
1267	0.78	39	11
1268	0.78	39	11
1269	0.78	39	11
1270	0.78	39	11
1271	0.78	39	11
1272	0.78	39	11
1273	0.80	40	10
1274	0.80	40	10
1275	0.78	39	11
1276	0.78	39	11
1277	0.80	40	10
1278	0.80	40	10
1279	0.80	40	10
1280	0.80	40	10
1281	0.80	40	10
1282	0.82	41	9
1283	0.82	41	9
1284	0.82	41	9
1285	0.84	42	8
1286	0.86	43	7
1287	0.86	43	7
1288	0.86	43	7
1289	0.88	44	6
1290	0.88	44	6
1291	0.86	43	7
1292	0.86	43	7
1293	0.86	43	7
1294	0.86	43	7
1295	0.86	43	7
1296	0.86	43	7
1297	0.88	44	6
1298	0.88	44	6
1299	0.88	44	6
1300	0.88	44	6
1301	0.88	44	6
1302	0.88	44	6
1303	0.88	44	6
1304	0.86	43	7
1305	0.86	43	7
1306	0.86	43	7
1307	0.86	43	7
1308	0.84	42	8
1309	0.82	41	9
1310	0.82	41	9
1311	0.80	40	10
1312	0.80	40	10
1313	0.78	39	11
1314	0.80	40	10
1315	0.80	40	10
1316	0.80	40	10
1317	0.78	39	11
1318	0.80	40	10
1319	0.80	40	10
1320	0.80	40	10
1321	0.78	39	11
1322	0.78	39	11
1323	0.78	39	11
1324	0.78	39	11
1325	0.80	40	10
1326	0.78	39	11
1327	0.78	39	11
1328	0.76	38	12
1329	0.76	38	12
1330	0.76	38	12
1331	0.76	38	12
1332	0.76	38	12
1333	0.76	38	12
1334	0.76	38	12
1335	0.76	38	12
1336	0.76	38	12
1337	0.74	37	13
1338	0.72	36	14
1339	0.72	36	14
1340	0.74	37	13
1341	0.76	38	12
1342	0.76	38	12
1343	0.76	38	12
1344	0.78	39	11
1345	0.76	38	12
1346	0.76	38	12
1347	0.74	37	13
1348	0.74	37	13
1349	0.74	37	13
1350	0.74	37	13
1351	0.74	37	13
1352	0.74	37	13
1353	0.74	37	13
1354	0.76	38	12
1355	0.76	38	12
1356	0.74	37	13
1357	0.74	37	13
1358	0.76	38	12
1359	0.78	39	11
1360	0.78	39	11
1361	0.80	40	10
1362	0.80	40	10
1363	0.82	41	9
1364	0.82	41	9
1365	0.80	40	10
1366	0.80	40	10
1367	0.82	41	9
1368	0.80	40	10
1369	0.80	40	10
1370	0.80	40	10
1371	0.82	41	9
1372	0.80	40	10
1373	0.80	40	10
1374	0.80	40	10
1375	0.80	40	10
1376	0.82	41	9
1377	0.82	41	9
1378	0.84	42	8
1379	0.84	42	8
1380	0.84	42	8
1381	0.84	42	8
1382	0.84	42	8
1383	0.84	42	8
1384	0.84	42	8
1385	0.84	42	8
1386	0.82	41	9
1387	0.84	42	8
1388	0.86	43	7
1389	0.84	42	8
1390	0.82	41	9
1391	0.82	41	9
1392	0.82	41	9
1393	0.82	41	9
1394	0.82	41	9
1395	0.84	42	8
1396	0.84	42	8
1397	0.86	43	7
1398	0.84	42	8
1399	0.84	42	8
1400	0.84	42	8
1401	0.84	42	8
1402	0.82	41	9
1403	0.82	41	9
1404	0.82	41	9
1405	0.82	41	9
1406	0.84	42	8
1407	0.84	42	8
1408	0.84	42	8
1409	0.84	42	8
1410	0.84	42	8
1411	0.84	42	8
1412	0.84	42	8
1413	0.84	42	8
1414	0.84	42	8
1415	0.86	43	7
1416	0.86	43	7
1417	0.86	43	7
1418	0.86	43	7
1419	0.84	42	8
1420	0.84	42	8
1421	0.84	42	8
1422	0.86	43	7
1423	0.86	43	7
1424	0.86	43	7
1425	0.86	43	7
1426	0.86	43	7
1427	0.86	43	7
1428	0.84	42	8
1429	0.84	42	8
1430	0.84	42	8
1431	0.84	42	8
1432	0.84	42	8
1433	0.84	42	8
1434	0.84	42	8
1435	0.82	41	9
1436	0.84	42	8
1437	0.84	42	8
1438	0.82	41	9
1439	0.84	42	8
1440	0.86	43	7
1441	0.86	43	7
1442	0.84	42	8
1443	0.84	42	8
1444	0.82	41	9
1445	0.80	40	10
1446	0.80	40	10
1447	0.80	40	10
1448	0.82	41	9
1449	0.82	41	9
1450	0.82	41	9
1451	0.80	40	10
1452	0.82	41	9
1453	0.82	41	9
1454	0.82	41	9
1455	0.82	41	9
1456	0.82	41	9
1457	0.82	41	9
1458	0.82	41	9
1459	0.82	41	9
1460	0.80	40	10
1461	0.80	40	10
1462	0.80	40	10
1463	0.80	40	10
1464	0.80	40	10
1465	0.80	40	10
1466	0.80	40	10
1467	0.78	39	11
1468	0.80	40	10
1469	0.82	41	9
1470	0.80	40	10
1471	0.80	40	10
1472	0.80	40	10
1473	0.80	40	10
1474	0.80	40	10
1475	0.80	40	10
1476	0.80	40	10
1477	0.78	39	11
1478	0.80	40	10
1479	0.78	39	11
1480	0.78	39	11
1481	0.78	39	11
1482	0.78	39	11
1483	0.78	39	11
1484	0.78	39	11
1485	0.78	39	11
1486	0.78	39	11
1487	0.78	39	11
1488	0.80	40	10
1489	0.80	40	10
1490	0.80	40	10
1491	0.80	40	10
1492	0.82	41	9
1493	0.82	41	9
1494	0.82	41	9
1495	0.84	42	8
1496	0.82	41	9
1497	0.82	41	9
1498	0.80	40	10
1499	0.80	40	10
1500	0.20	40	10
1501	0.20	40	10
1502	0.22	39	11
1503	0.24	38	12
1504	0.24	38	12
1505	0.26	37	13
1506	0.28	36	14
1507	0.30	35	15
1508	0.30	35	15
1509	0.32	34	16
1510	0.32	34	16
1511	0.34	33	17
1512	0.36	32	18
1513	0.38	31	19
1514	0.40	30	20
1515	0.42	29	21
1516	0.44	28	22
1517	0.42	29	21
1518	0.44	28	22
1519	0.46	27	23
1520	0.46	27	23
1521	0.48	26	24
1522	0.50	25	25
1523	0.52	24	26
1524	0.54	23	27
1525	0.54	23	27
1526	0.56	22	28
1527	0.56	22	28
1528	0.58	21	29
1529	0.58	21	29
1530	0.60	20	30
1531	0.62	19	31
1532	0.64	18	32
1533	0.66	17	33
1534	0.68	16	34
1535	0.68	16	34
1536	0.70	15	35
1537	0.70	15	35
1538	0.72	14	36
1539	0.74	13	37
1540	0.74	13	37
1541	0.74	13	37
1542	0.76	12	38
1543	0.78	11	39
1544	0.78	11	39
1545	0.80	10	40
1546	0.80	10	40
1547	0.82	9	41
1548	0.82	9	41
1549	0.84	8	42
1550	0.86	7	43
1551	0.86	7	43
1552	0.86	7	43
1553	0.86	7	43
1554	0.88	6	44
1555	0.88	6	44
1556	0.88	6	44
1557	0.88	6	44
1558	0.90	5	45
1559	0.90	5	45
1560	0.90	5	45
1561	0.90	5	45
1562	0.90	5	45
1563	0.90	5	45
1564	0.90	5	45
1565	0.90	5	45
1566	0.90	5	45
1567	0.92	4	46
1568	0.90	5	45
1569	0.88	6	44
1570	0.88	6	44
1571	0.88	6	44
1572	0.88	6	44
1573	0.88	6	44
1574	0.88	6	44
1575	0.90	5	45
1576	0.90	5	45
1577	0.88	6	44
1578	0.88	6	44
1579	0.88	6	44
1580	0.88	6	44
1581	0.88	6	44
1582	0.88	6	44
1583	0.88	6	44
1584	0.88	6	44
1585	0.88	6	44
1586	0.88	6	44
1587	0.90	5	45
1588	0.90	5	45
1589	0.90	5	45
1590	0.92	4	46
1591	0.94	3	47
1592	0.94	3	47
1593	0.92	4	46
1594	0.92	4	46
1595	0.92	4	46
1596	0.92	4	46
1597	0.90	5	45
1598	0.90	5	45
1599	0.90	5	45
1600	0.90	5	45
1601	0.90	5	45
1602	0.90	5	45
1603	0.90	5	45
1604	0.90	5	45
1605	0.90	5	45
1606	0.90	5	45
1607	0.90	5	45
1608	0.90	5	45
1609	0.90	5	45
1610	0.90	5	45
1611	0.88	6	44
1612	0.86	7	43
1613	0.86	7	43
1614	0.86	7	43
1615	0.86	7	43
1616	0.86	7	43
1617	0.86	7	43
1618	0.88	6	44
1619	0.90	5	45
1620	0.90	5	45
1621	0.88	6	44
1622	0.88	6	44
1623	0.88	6	44
1624	0.88	6	44
1625	0.88	6	44
1626	0.88	6	44
1627	0.88	6	44
1628	0.86	7	43
1629	0.86	7	43
1630	0.84	8	42
1631	0.84	8	42
1632	0.84	8	42
1633	0.84	8	42
1634	0.84	8	42
1635	0.84	8	42
1636	0.84	8	42
1637	0.82	9	41
1638	0.82	9	41
1639	0.82	9	41
1640	0.82	9	41
1641	0.82	9	41
1642	0.80	10	40
1643	0.82	9	41
1644	0.82	9	41
1645	0.82	9	41
1646	0.82	9	41
1647	0.84	8	42
1648	0.84	8	42
1649	0.84	8	42
1650	0.84	8	42
1651	0.84	8	42
1652	0.84	8	42
1653	0.84	8	42
1654	0.84	8	42
1655	0.84	8	42
1656	0.82	9	41
1657	0.82	9	41
1658	0.82	9	41
1659	0.82	9	41
1660	0.82	9	41
1661	0.82	9	41
1662	0.84	8	42
1663	0.82	9	41
1664	0.82	9	41
1665	0.82	9	41
1666	0.82	9	41
1667	0.82	9	41
1668	0.80	10	40
1669	0.80	10	40
1670	0.80	10	40
1671	0.80	10	40
1672	0.80	10	40
1673	0.78	11	39
1674	0.76	12	38
1675	0.76	12	38
1676	0.76	12	38
1677	0.78	11	39
1678	0.80	10	40
1679	0.80	10	40
1680	0.82	9	41
1681	0.82	9	41
1682	0.82	9	41
1683	0.82	9	41
1684	0.82	9	41
1685	0.80	10	40
1686	0.80	10	40
1687	0.82	9	41
1688	0.82	9	41
1689	0.82	9	41
1690	0.82	9	41
1691	0.82	9	41
1692	0.84	8	42
1693	0.82	9	41
1694	0.80	10	40
1695	0.78	11	39
1696	0.78	11	39
1697	0.78	11	39
1698	0.78	11	39
1699	0.78	11	39
1700	0.78	11	39
1701	0.78	11	39
1702	0.78	11	39
1703	0.78	11	39
1704	0.78	11	39
1705	0.78	11	39
1706	0.80	10	40
1707	0.80	10	40
1708	0.80	10	40
1709	0.80	10	40
1710	0.78	11	39
1711	0.80	10	40
1712	0.78	11	39
1713	0.80	10	40
1714	0.80	10	40
1715	0.80	10	40
1716	0.78	11	39
1717	0.78	11	39
1718	0.80	10	40
1719	0.80	10	40
1720	0.80	10	40
1721	0.82	9	41
1722	0.82	9	41
1723	0.84	8	42
1724	0.84	8	42
1725	0.84	8	42
1726	0.84	8	42
1727	0.84	8	42
1728	0.84	8	42
1729	0.84	8	42
1730	0.84	8	42
1731	0.84	8	42
1732	0.84	8	42
1733	0.84	8	42
1734	0.82	9	41
1735	0.84	8	42
1736	0.84	8	42
1737	0.84	8	42
1738	0.84	8	42
1739	0.84	8	42
1740	0.84	8	42
1741	0.84	8	42
1742	0.84	8	42
1743	0.84	8	42
1744	0.84	8	42
1745	0.86	7	43
1746	0.86	7	43
1747	0.86	7	43
1748	0.86	7	43
1749	0.86	7	43
1750	0.86	7	43
1751	0.86	7	43
1752	0.86	7	43
1753	0.84	8	42
1754	0.84	8	42
1755	0.84	8	42
1756	0.84	8	42
1757	0.84	8	42
1758	0.84	8	42
1759	0.84	8	42
1760	0.86	7	43
1761	0.86	7	43
1762	0.88	6	44
1763	0.88	6	44
1764	0.88	6	44
1765	0.88	6	44
1766	0.90	5	45
1767	0.88	6	44
1768	0.86	7	43
1769	0.86	7	43
1770	0.86	7	43
1771	0.86	7	43
1772	0.86	7	43
1773	0.86	7	43
1774	0.86	7	43
1775	0.86	7	43
1776	0.86	7	43
1777	0.86	7	43
1778	0.84	8	42
1779	0.82	9	41
1780	0.82	9	41
1781	0.82	9	41
1782	0.82	9	41
1783	0.82	9	41
1784	0.84	8	42
1785	0.84	8	42
1786	0.84	8	42
1787	0.84	8	42
1788	0.84	8	42
1789	0.82	9	41
1790	0.82	9	41
1791	0.80	10	40
1792	0.80	10	40
1793	0.82	9	41
1794	0.84	8	42
1795	0.84	8	42
1796	0.84	8	42
1797	0.82	9	41
1798	0.80	10	40
1799	0.80	10	40
1800	0.80	10	40
1801	0.80	10	40
1802	0.80	10	40
1803	0.82	9	41
1804	0.82	9	41
1805	0.82	9	41
1806	0.82	9	41
1807	0.82	9	41
1808	0.80	10	40
1809	0.80	10	40
1810	0.80	10	40
1811	0.80	10	40
1812	0.80	10	40
1813	0.80	10	40
1814	0.80	10	40
1815	0.80	10	40
1816	0.80	10	40
1817	0.82	9	41
1818	0.82	9	41
1819	0.82	9	41
1820	0.82	9	41
1821	0.82	9	41
1822	0.82	9	41
1823	0.80	10	40
1824	0.82	9	41
1825	0.80	10	40
1826	0.80	10	40
1827	0.80	10	40
1828	0.82	9	41
1829	0.84	8	42
1830	0.84	8	42
1831	0.84	8	42
1832	0.84	8	42
1833	0.84	8	42
1834	0.84	8	42
1835	0.84	8	42
1836	0.84	8	42
1837	0.84	8	42
1838	0.84	8	42
1839	0.86	7	43
1840	0.86	7	43
1841	0.88	6	44
1842	0.86	7	43
1843	0.84	8	42
1844	0.84	8	42
1845	0.84	8	42
1846	0.84	8	42
1847	0.86	7	43
1848	0.88	6	44
1849	0.88	6	44
1850	0.88	6	44
1851	0.88	6	44
1852	0.88	6	44
1853	0.88	6	44
1854	0.88	6	44
1855	0.88	6	44
1856	0.86	7	43
1857	0.86	7	43
1858	0.88	6	44
1859	0.86	7	43
1860	0.84	8	42
1861	0.84	8	42
1862	0.84	8	42
1863	0.84	8	42
1864	0.84	8	42
1865	0.84	8	42
1866	0.84	8	42
1867	0.84	8	42
1868	0.84	8	42
1869	0.84	8	42
1870	0.82	9	41
1871	0.82	9	41
1872	0.82	9	41
1873	0.84	8	42
1874	0.84	8	42
1875	0.86	7	43
1876	0.86	7	43
1877	0.86	7	43
1878	0.86	7	43
1879	0.86	7	43
1880	0.86	7	43
1881	0.86	7	43
1882	0.86	7	43
1883	0.86	7	43
1884	0.86	7	43
1885	0.86	7	43
1886	0.86	7	43
1887	0.86	7	43
1888	0.86	7	43
1889	0.86	7	43
1890	0.86	7	43
1891	0.86	7	43
1892	0.88	6	44
1893	0.88	6	44
1894	0.86	7	43
1895	0.86	7	43
1896	0.86	7	43
1897	0.86	7	43
1898	0.86	7	43
1899	0.84	8	42
1900	0.84	8	42
1901	0.84	8	42
1902	0.84	8	42
1903	0.84	8	42
1904	0.84	8	42
1905	0.82	9	41
1906	0.84	8	42
1907	0.84	8	42
1908	0.82	9	41
1909	0.84	8	42
1910	0.86	7	43
1911	0.86	7	43
1912	0.86	7	43
1913	0.86	7	43
1914	0.86	7	43
1915	0.86	7	43
1916	0.86	7	43
1917	0.86	7	43
1918	0.88	6	44
1919	0.88	6	44
1920	0.88	6	44
1921	0.88	6	44
1922	0.86	7	43
1923	0.86	7	43
1924	0.86	7	43
1925	0.86	7	43
1926	0.86	7	43
1927	0.86	7	43
1928	0.86	7	43
1929	0.84	8	42
1930	0.84	8	42
1931	0.84	8	42
1932	0.84	8	42
1933	0.84	8	42
1934	0.82	9	41
1935	0.82	9	41
1936	0.82	9	41
1937	0.80	10	40
1938	0.80	10	40
1939	0.80	10	40
1940	0.80	10	40
1941	0.78	11	39
1942	0.78	11	39
1943	0.80	10	40
1944	0.80	10	40
1945	0.80	10	40
1946	0.78	11	39
1947	0.78	11	39
1948	0.78	11	39
1949	0.80	10	40
1950	0.80	10	40
1951	0.80	10	40
1952	0.80	10	40
1953	0.78	11	39
1954	0.78	11	39
1955	0.80	10	40
1956	0.78	11	39
1957	0.78	11	39
1958	0.80	10	40
1959	0.78	11	39
1960	0.78	11	39
1961	0.78	11	39
1962	0.76	12	38
1963	0.76	12	38
1964	0.76	12	38
1965	0.76	12	38
1966	0.76	12	38
1967	0.76	12	38
1968	0.76	12	38
1969	0.76	12	38
1970	0.78	11	39
1971	0.78	11	39
1972	0.80	10	40
1973	0.78	11	39
1974	0.78	11	39
1975	0.78	11	39
1976	0.78	11	39
1977	0.78	11	39
1978	0.78	11	39
1979	0.80	10	40
1980	0.78	11	39
1981	0.76	12	38
1982	0.76	12	38
1983	0.76	12	38
1984	0.78	11	39
1985	0.78	11	39
1986	0.78	11	39
1987	0.80	10	40
1988	0.80	10	40
1989	0.80	10	40
1990	0.80	10	40
1991	0.80	10	40
1992	0.78	11	39
1993	0.78	11	39
1994	0.80	10	40
1995	0.80	10	40
1996	0.82	9	41
1997	0.82	9	41
1998	0.82	9	41
1999	0.80	10	40
2000	0.20	10	40
2001	0.22	11	39
2002	0.22	11	39
2003	0.22	11	39
2004	0.24	12	38
2005	0.26	13	37
2006	0.26	13	37
2007	0.26	13	37
2008	0.28	14	36
2009	0.28	14	36
2010	0.30	15	35
2011	0.32	16	34
2012	0.32	16	34
2013	0.32	16	34
2014	0.32	16	34
2015	0.32	16	34
2016	0.34	17	33
2017	0.36	18	32
2018	0.38	19	31
2019	0.40	20	30
2020	0.42	21	29
2021	0.44	22	28
2022	0.46	23	27
2023	0.46	23	27
2024	0.48	24	26
2025	0.50	25	25
2026	0.52	26	24
2027	0.54	27	23
2028	0.56	28	22
2029	0.58	29	21
2030	0.56	28	22
2031	0.54	27	23
2032	0.56	28	22
2033	0.56	28	22
2034	0.58	29	21
2035	0.58	29	21
2036	0.60	30	20
2037	0.62	31	19
2038	0.64	32	18
2039	0.66	33	17
2040	0.68	34	16
2041	0.68	34	16
2042	0.68	34	16
2043	0.70	35	15
2044	0.72	36	14
2045	0.74	37	13
2046	0.76	38	12
2047	0.78	39	11
2048	0.80	40	10
2049	0.80	40	10
2050	0.80	40	10
2051	0.80	40	10
2052	0.82	41	9
2053	0.82	41	9
2054	0.82	41	9
2055	0.82	41	9
2056	0.82	41	9
2057	0.84	42	8
2058	0.84	42	8
2059	0.84	42	8
2060	0.84	42	8
2061	0.84	42	8
2062	0.84	42	8
2063	0.86	43	7
2064	0.88	44	6
2065	0.88	44	6
2066	0.88	44	6
2067	0.86	43	7
2068	0.86	43	7
2069	0.86	43	7
2070	0.84	42	8
2071	0.84	42	8
2072	0.84	42	8
2073	0.82	41	9
2074	0.80	40	10
2075	0.80	40	10
2076	0.78	39	11
2077	0.78	39	11
2078	0.76	38	12
2079	0.76	38	12
2080	0.78	39	11
2081	0.78	39	11
2082	0.78	39	11
2083	0.80	40	10
2084	0.80	40	10
2085	0.82	41	9
2086	0.82	41	9
2087	0.82	41	9
2088	0.82	41	9
2089	0.82	41	9
2090	0.82	41	9
2091	0.80	40	10
2092	0.80	40	10
2093	0.80	40	10
2094	0.80	40	10
2095	0.80	40	10
2096	0.80	40	10
2097	0.80	40	10
2098	0.80	40	10
2099	0.80	40	10
2100	0.82	41	9
2101	0.82	41	9
2102	0.80	40	10
2103	0.80	40	10
2104	0.80	40	10
2105	0.80	40	10
2106	0.80	40	10
2107	0.80	40	10
2108	0.80	40	10
2109	0.80	40	10
2110	0.80	40	10
2111	0.78	39	11
2112	0.78	39	11
2113	0.78	39	11
2114	0.78	39	11
2115	0.80	40	10
2116	0.80	40	10
2117	0.82	41	9
2118	0.82	41	9
2119	0.82	41	9
2120	0.84	42	8
2121	0.84	42	8
2122	0.84	42	8
2123	0.86	43	7
2124	0.88	44	6
2125	0.86	43	7
2126	0.88	44	6
2127	0.86	43	7
2128	0.86	43	7
2129	0.86	43	7
2130	0.86	43	7
2131	0.88	44	6
2132	0.88	44	6
2133	0.88	44	6
2134	0.88	44	6
2135	0.88	44	6
2136	0.88	44	6
2137	0.88	44	6
2138	0.86	43	7
2139	0.84	42	8
2140	0.82	41	9
2141	0.84	42	8
2142	0.82	41	9
2143	0.80	40	10
2144	0.80	40	10
2145	0.80	40	10
2146	0.80	40	10
2147	0.80	40	10
2148	0.80	40	10
2149	0.80	40	10
2150	0.80	40	10
2151	0.80	40	10
2152	0.82	41	9
2153	0.82	41	9
2154	0.82	41	9
2155	0.82	41	9
2156	0.82	41	9
2157	0.80	40	10
2158	0.80	40	10
2159	0.80	40	10
2160	0.78	39	11
2161	0.78	39	11
2162	0.78	39	11
2163	0.78	39	11
2164	0.78	39	11
2165	0.78	39	11
2166	0.78	39	11
2167	0.78	39	11
2168	0.78	39	11
2169	0.78	39	11
2170	0.76	38	12
2171	0.74	37	13
2172	0.74	37	13
2173	0.74	37	13
2174	0.74	37	13
2175	0.74	37	13
2176	0.74	37	13
2177	0.76	38	12
2178	0.76	38	12
2179	0.76	38	12
2180	0.76	38	12
2181	0.76	38	12
2182	0.76	38	12
2183	0.76	38	12
2184	0.76	38	12
2185	0.76	38	12
2186	0.74	37	13
2187	0.74	37	13
2188	0.74	37	13
2189	0.76	38	12
2190	0.78	39	11
2191	0.76	38	12
2192	0.78	39	11
2193	0.80	40	10
2194	0.80	40	10
2195	0.78	39	11
2196	0.78	39	11
2197	0.78	39	11
2198	0.78	39	11
2199	0.76	38	12
2200	0.76	38	12
2201	0.74	37	13
2202	0.72	36	14
2203	0.72	36	14
2204	0.72	36	14
2205	0.72	36	14
2206	0.70	35	15
2207	0.72	36	14
2208	0.72	36	14
2209	0.70	35	15
2210	0.72	36	14
2211	0.74	37	13
2212	0.74	37	13
2213	0.74	37	13
2214	0.74	37	13
2215	0.74	37	13
2216	0.74	37	13
2217	0.72	36	14
2218	0.72	36	14
2219	0.70	35	15
2220	0.72	36	14
2221	0.72	36	14
2222	0.70	35	15
2223	0.70	35	15
2224	0.70	35	15
2225	0.72	36	14
2226	0.70	35	15
2227	0.68	34	16
2228	0.70	35	15
2229	0.70	35	15
2230	0.70	35	15
2231	0.70	35	15
2232	0.70	35	15
2233	0.70	35	15
2234	0.68	34	16
2235	0.68	34	16
2236	0.70	35	15
2237	0.70	35	15
2238	0.72	36	14
2239	0.72	36	14
2240	0.72	36	14
2241	0.74	37	13
2242	0.74	37	13
2243	0.72	36	14
2244	0.72	36	14
2245	0.74	37	13
2246	0.74	37	13
2247	0.74	37	13
2248	0.74	37	13
2249	0.76	38	12
2250	0.74	37	13
2251	0.76	38	12
2252	0.78	39	11
2253	0.78	39	11
2254	0.78	39	11
2255	0.78	39	11
2256	0.80	40	10
2257	0.80	40	10
2258	0.80	40	10
2259	0.82	41	9
2260	0.82	41	9
2261	0.80	40	10
2262	0.80	40	10
2263	0.80	40	10
2264	0.80	40	10
2265	0.78	39	11
2266	0.78	39	11
2267	0.80	40	10
2268	0.80	40	10
2269	0.80	40	10
2270	0.80	40	10
2271	0.82	41	9
2272	0.84	42	8
2273	0.84	42	8
2274	0.84	42	8
2275	0.84	42	8
2276	0.86	43	7
2277	0.88	44	6
2278	0.86	43	7
2279	0.86	43	7
2280	0.86	43	7
2281	0.86	43	7
2282	0.86	43	7
2283	0.86	43	7
2284	0.88	44	6
2285	0.88	44	6
2286	0.88	44	6
2287	0.88	44	6
2288	0.86	43	7
2289	0.86	43	7
2290	0.86	43	7
2291	0.86	43	7
2292	0.86	43	7
2293	0.88	44	6
2294	0.88	44	6
2295	0.88	44	6
2296	0.88	44	6
2297	0.88	44	6
2298	0.88	44	6
2299	0.88	44	6
2300	0.90	45	5
2301	0.90	45	5
2302	0.88	44	6
2303	0.88	44	6
2304	0.88	44	6
2305	0.88	44	6
2306	0.88	44	6
2307	0.88	44	6
2308	0.88	44	6
2309	0.86	43	7
2310	0.86	43	7
2311	0.88	44	6
2312	0.88	44	6
2313	0.88	44	6
2314	0.86	43	7
2315	0.88	44	6
2316	0.88	44	6
2317	0.88	44	6
2318	0.88	44	6
2319	0.88	44	6
2320	0.88	44	6
2321	0.88	44	6
2322	0.86	43	7
2323	0.86	43	7
2324	0.86	43	7
2325	0.86	43	7
2326	0.84	42	8
2327	0.84	42	8
2328	0.86	43	7
2329	0.86	43	7
2330	0.84	42	8
2331	0.82	41	9
2332	0.80	40	10
2333	0.80	40	10
2334	0.80	40	10
2335	0.80	40	10
2336	0.80	40	10
2337	0.78	39	11
2338	0.80	40	10
2339	0.78	39	11
2340	0.76	38	12
2341	0.76	38	12
2342	0.76	38	12
2343	0.76	38	12
2344	0.76	38	12
2345	0.76	38	12
2346	0.76	38	12
2347	0.74	37	13
2348	0.74	37	13
2349	0.74	37	13
2350	0.74	37	13
2351	0.74	37	13
2352	0.76	38	12
2353	0.76	38	12
2354	0.76	38	12
2355	0.74	37	13
2356	0.74	37	13
2357	0.74	37	13
2358	0.74	37	13
2359	0.76	38	12
2360	0.74	37	13
2361	0.74	37	13
2362	0.74	37	13
2363	0.74	37	13
2364	0.76	38	12
2365	0.74	37	13
2366	0.74	37	13
2367	0.74	37	13
2368	0.74	37	13
2369	0.74	37	13
2370	0.74	37	13
2371	0.74	37	13
2372	0.76	38	12
2373	0.76	38	12
2374	0.74	37	13
2375	0.74	37	13
2376	0.74	37	13
2377	0.74	37	13
2378	0.72	36	14
2379	0.72	36	14
2380	0.74	37	13
2381	0.76	38	12
2382	0.76	38	12
2383	0.76	38	12
2384	0.76	38	12
2385	0.74	37	13
2386	0.74	37	13
2387	0.74	37	13
2388	0.72	36	14
2389	0.74	37	13
2390	0.76	38	12
2391	0.76	38	12
2392	0.76	38	12
2393	0.76	38	12
2394	0.76	38	12
2395	0.74	37	13
2396	0.74	37	13
2397	0.74	37	13
2398	0.74	37	13
2399	0.74	37	13
2400	0.74	37	13
2401	0.74	37	13
2402	0.74	37	13
2403	0.72	36	14
2404	0.72	36	14
2405	0.74	37	13
2406	0.74	37	13
2407	0.74	37	13
2408	0.74	37	13
2409	0.74	37	13
2410	0.76	38	12
2411	0.76	38	12
2412	0.76	38	12
2413	0.76	38	12
2414	0.76	38	12
2415	0.78	39	11
2416	0.78	39	11
2417	0.76	38	12
2418	0.74	37	13
2419	0.74	37	13
2420	0.74	37	13
2421	0.74	37	13
2422	0.72	36	14
2423	0.72	36	14
2424	0.72	36	14
2425	0.72	36	14
2426	0.72	36	14
2427	0.72	36	14
2428	0.72	36	14
2429	0.72	36	14
2430	0.72	36	14
2431	0.72	36	14
2432	0.74	37	13
2433	0.74	37	13
2434	0.74	37	13
2435	0.76	38	12
2436	0.74	37	13
2437	0.76	38	12
2438	0.78	39	11
2439	0.78	39	11
2440	0.78	39	11
2441	0.78	39	11
2442	0.76	38	12
2443	0.74	37	13
2444	0.74	37	13
2445	0.74	37	13
2446	0.74	37	13
2447	0.76	38	12
2448	0.76	38	12
2449	0.76	38	12
2450	0.76	38	12
2451	0.76	38	12
2452	0.76	38	12
2453	0.78	39	11
2454	0.78	39	11
2455	0.78	39	11
2456	0.78	39	11
2457	0.78	39	11
2458	0.78	39	11
2459	0.78	39	11
2460	0.78	39	11
2461	0.78	39	11
2462	0.78	39	11
2463	0.78	39	11
2464	0.78	39	11
2465	0.78	39	11
2466	0.78	39	11
2467	0.78	39	11
2468	0.80	40	10
2469	0.82	41	9
2470	0.82	41	9
2471	0.82	41	9
2472	0.84	42	8
2473	0.82	41	9
2474	0.84	42	8
2475	0.84	42	8
2476	0.86	43	7
2477	0.86	43	7
2478	0.88	44	6
2479	0.88	44	6
2480	0.86	43	7
2481	0.86	43	7
2482	0.84	42	8
2483	0.82	41	9
2484	0.82	41	9
2485	0.82	41	9
2486	0.84	42	8
2487	0.84	42	8
2488	0.84	42	8
2489	0.84	42	8
2490	0.84	42	8
2491	0.84	42	8
2492	0.84	42	8
2493	0.84	42	8
2494	0.84	42	8
2495	0.84	42	8
2496	0.84	42	8
2497	0.84	42	8
2498	0.84	42	8
2499	0.84	42	8
2500	0.18	41	9
2501	0.18	41	9
2502	0.20	40	10
2503	0.20	40	10
2504	0.22	39	11
2505	0.24	38	12
2506	0.26	37	13
2507	0.26	37	13
2508	0.28	36	14
2509	0.28	36	14
2510	0.30	35	15
2511	0.32	34	16
2512	0.32	34	16
2513	0.34	33	17
2514	0.36	32	18
2515	0.36	32	18
2516	0.38	31	19
2517	0.38	31	19
2518	0.40	30	20
2519	0.42	29	21
2520	0.44	28	22
2521	0.46	27	23
2522	0.48	26	24
2523	0.48	26	24
2524	0.50	25	25
2525	0.52	24	26
2526	0.54	23	27
2527	0.54	23	27
2528	0.56	22	28
2529	0.58	21	29
2530	0.58	21	29
2531	0.60	20	30
2532	0.60	20	30
2533	0.60	20	30
2534	0.62	19	31
2535	0.64	18	32
2536	0.66	17	33
2537	0.68	16	34
2538	0.70	15	35
2539	0.72	14	36
2540	0.74	13	37
2541	0.76	12	38
2542	0.74	13	37
2543	0.74	13	37
2544	0.76	12	38
2545	0.76	12	38
2546	0.76	12	38
2547	0.76	12	38
2548	0.78	11	39
2549	0.80	10	40
2550	0.78	11	39
2551	0.80	10	40
2552	0.80	10	40
2553	0.82	9	41
2554	0.82	9	41
2555	0.82	9	41
2556	0.82	9	41
2557	0.82	9	41
2558	0.80	10	40
2559	0.82	9	41
2560	0.80	10	40
2561	0.80	10	40
2562	0.82	9	41
2563	0.80	10	40
2564	0.80	10	40
2565	0.82	9	41
2566	0.82	9	41
2567	0.82	9	41
2568	0.82	9	41
2569	0.82	9	41
2570	0.82	9	41
2571	0.82	9	41
2572	0.82	9	41
2573	0.82	9	41
2574	0.82	9	41
2575	0.80	10	40
2576	0.80	10	40
2577	0.82	9	41
2578	0.82	9	41
2579	0.82	9	41
2580	0.82	9	41
2581	0.82	9	41
2582	0.82	9	41
2583	0.82	9	41
2584	0.82	9	41
2585	0.82	9	41
2586	0.82	9	41
2587	0.82	9	41
2588	0.82	9	41
2589	0.82	9	41
2590	0.82	9	41
2591	0.82	9	41
2592	0.84	8	42
2593	0.82	9	41
2594	0.80	10	40
2595	0.78	11	39
2596	0.80	10	40
2597	0.82	9	41
2598	0.82	9	41
2599	0.80	10	40
2600	0.80	10	40
2601	0.78	11	39
2602	0.78	11	39
2603	0.78	11	39
2604	0.78	11	39
2605	0.78	11	39
2606	0.78	11	39
2607	0.80	10	40
2608	0.80	10	40
2609	0.78	11	39
2610	0.80	10	40
2611	0.80	10	40
2612	0.78	11	39
2613	0.80	10	40
2614	0.80	10	40
2615	0.80	10	40
2616	0.80	10	40
2617	0.78	11	39
2618	0.78	11	39
2619	0.78	11	39
2620	0.78	11	39
2621	0.78	11	39
2622	0.78	11	39
2623	0.78	11	39
2624	0.78	11	39
2625	0.80	10	40
2626	0.80	10	40
2627	0.80	10	40
2628	0.80	10	40
2629	0.80	10	40
2630	0.80	10	40
2631	0.80	10	40
2632	0.80	10	40
2633	0.78	11	39
2634	0.78	11	39
2635	0.78	11	39
2636	0.78	11	39
2637	0.78	11	39
2638	0.76	12	38
2639	0.74	13	37
2640	0.72	14	36
2641	0.70	15	35
2642	0.70	15	35
2643	0.72	14	36
2644	0.74	13	37
2645	0.76	12	38
2646	0.76	12	38
2647	0.76	12	38
2648	0.76	12	38
2649	0.78	11	39
2650	0.80	10	40
2651	0.82	9	41
2652	0.82	9	41
2653	0.82	9	41
2654	0.82	9	41
2655	0.82	9	41
2656	0.82	9	41
2657	0.82	9	41
2658	0.84	8	42
2659	0.86	7	43
2660	0.86	7	43
2661	0.86	7	43
2662	0.88	6	44
2663	0.88	6	44
2664	0.86	7	43
2665	0.84	8	42
2666	0.84	8	42
2667	0.84	8	42
2668	0.84	8	42
2669	0.84	8	42
2670	0.84	8	42
2671	0.84	8	42
2672	0.84	8	42
2673	0.82	9	41
2674	0.82	9	41
2675	0.82	9	41
2676	0.82	9	41
2677	0.82	9	41
2678	0.80	10	40
2679	0.80	10	40
2680	0.80	10	40
2681	0.80	10	40
2682	0.80	10	40
2683	0.82	9	41
2684	0.82	9	41
2685	0.82	9	41
2686	0.80	10	40
2687	0.80	10	40
2688	0.82	9	41
2689	0.84	8	42
2690	0.86	7	43
2691	0.88	6	44
2692	0.88	6	44
2693	0.88	6	44
2694	0.88	6	44
2695	0.86	7	43
2696	0.86	7	43
2697	0.86	7	43
2698	0.84	8	42
2699	0.84	8	42
2700	0.84	8	42
2701	0.84	8	42
2702	0.82	9	41
2703	0.82	9	41
2704	0.82	9	41
2705	0.82	9	41
2706	0.80	10	40
2707	0.80	10	40
2708	0.80	10	40
2709	0.80	10	40
2710	0.80	10	40
2711	0.80	10	40
2712	0.80	10	40
2713	0.80	10	40
2714	0.82	9	41
2715	0.84	8	42
2716	0.84	8	42
2717	0.86	7	43
2718	0.86	7	43
2719	0.86	7	43
2720	0.84	8	42
2721	0.84	8	42
2722	0.84	8	42
2723	0.86	7	43
2724	0.86	7	43
2725	0.86	7	43
2726	0.84	8	42
2727	0.84	8	42
2728	0.86	7	43
2729	0.86	7	43
2730	0.86	7	43
2731	0.86	7	43
2732	0.86	7	43
2733	0.86	7	43
2734	0.86	7	43
2735	0.86	7	43
2736	0.86	7	43
2737	0.86	7	43
2738	0.84	8	42
2739	0.84	8	42
2740	0.84	8	42
2741	0.82	9	41
2742	0.82	9	41
2743	0.82	9	41
2744	0.82	9	41
2745	0.84	8	42
2746	0.84	8	42
2747	0.84	8	42
2748	0.86	7	43
2749	0.84	8	42
2750	0.84	8	42
2751	0.82	9	41
2752	0.84	8	42
2753	0.84	8	42
2754	0.82	9	41
2755	0.82	9	41
2756	0.84	8	42
2757	0.84	8	42
2758	0.84	8	42
2759	0.84	8	42
2760	0.84	8	42
2761	0.84	8	42
2762	0.84	8	42
2763	0.84	8	42
2764	0.84	8	42
2765	0.84	8	42
2766	0.84	8	42
2767	0.84	8	42
2768	0.84	8	42
2769	0.84	8	42
2770	0.86	7	43
2771	0.86	7	43
2772	0.86	7	43
2773	0.86	7	43
2774	0.86	7	43
2775	0.86	7	43
2776	0.88	6	44
2777	0.88	6	44
2778	0.88	6	44
2779	0.88	6	44
2780	0.88	6	44
2781	0.88	6	44
2782	0.88	6	44
2783	0.88	6	44
2784	0.88	6	44
2785	0.88	6	44
2786	0.90	5	45
2787	0.88	6	44
2788	0.88	6	44
2789	0.88	6	44
2790	0.88	6	44
2791	0.90	5	45
2792	0.88	6	44
2793	0.88	6	44
2794	0.88	6	44
2795	0.88	6	44
2796	0.88	6	44
2797	0.88	6	44
2798	0.88	6	44
2799	0.90	5	45
2800	0.90	5	45
2801	0.92	4	46
2802	0.92	4	46
2803	0.90	5	45
2804	0.92	4	46
2805	0.90	5	45
2806	0.88	6	44
2807	0.88	6	44
2808	0.88	6	44
2809	0.88	6	44
2810	0.88	6	44
2811	0.88	6	44
2812	0.88	6	44
2813	0.88	6	44
2814	0.88	6	44
2815	0.86	7	43
2816	0.86	7	43
2817	0.86	7	43
2818	0.86	7	43
2819	0.84	8	42
2820	0.84	8	42
2821	0.84	8	42
2822	0.84	8	42
2823	0.84	8	42
2824	0.84	8	42
2825	0.84	8	42
2826	0.82	9	41
2827	0.82	9	41
2828	0.82	9	41
2829	0.80	10	40
2830	0.80	10	40
2831	0.80	10	40
2832	0.80	10	40
2833	0.80	10	40
2834	0.80	10	40
2835	0.80	10	40
2836	0.80	10	40
2837	0.80	10	40
2838	0.82	9	41
2839	0.82	9	41
2840	0.82	9	41
2841	0.82	9	41
2842	0.84	8	42
2843	0.84	8	42
2844	0.84	8	42
2845	0.84	8	42
2846	0.84	8	42
2847	0.84	8	42
2848	0.84	8	42
2849	0.82	9	41
2850	0.82	9	41
2851	0.82	9	41
2852	0.82	9	41
2853	0.84	8	42
2854	0.84	8	42
2855	0.84	8	42
2856	0.86	7	43
2857	0.86	7	43
2858	0.86	7	43
2859	0.86	7	43
2860	0.86	7	43
2861	0.86	7	43
2862	0.84	8	42
2863	0.84	8	42
2864	0.84	8	42
2865	0.86	7	43
2866	0.84	8	42
2867	0.84	8	42
2868	0.82	9	41
2869	0.84	8	42
2870	0.84	8	42
2871	0.84	8	42
2872	0.84	8	42
2873	0.84	8	42
2874	0.84	8	42
2875	0.84	8	42
2876	0.86	7	43
2877	0.84	8	42
2878	0.84	8	42
2879	0.86	7	43
2880	0.86	7	43
2881	0.86	7	43
2882	0.86	7	43
2883	0.86	7	43
2884	0.86	7	43
2885	0.84	8	42
2886	0.82	9	41
2887	0.82	9	41
2888	0.82	9	41
2889	0.82	9	41
2890	0.82	9	41
2891	0.80	10	40
2892	0.80	10	40
2893	0.80	10	40
2894	0.80	10	40
2895	0.80	10	40
2896	0.80	10	40
2897	0.80	10	40
2898	0.78	11	39
2899	0.80	10	40
2900	0.80	10	40
2901	0.78	11	39
2902	0.78	11	39
2903	0.78	11	39
2904	0.78	11	39
2905	0.80	10	40
2906	0.80	10	40
2907	0.80	10	40
2908	0.80	10	40
2909	0.78	11	39
2910	0.78	11	39
2911	0.78	11	39
2912	0.80	10	40
2913	0.80	10	40
2914	0.80	10	40
2915	0.80	10	40
2916	0.82	9	41
2917	0.82	9	41
2918	0.82	9	41
2919	0.80	10	40
2920	0.80	10	40
2921	0.80	10	40
2922	0.80	10	40
2923	0.78	11	39
2924	0.78	11	39
2925	0.78	11	39
2926	0.78	11	39
2927	0.80	10	40
2928	0.80	10	40
2929	0.80	10	40
2930	0.78	11	39
2931	0.78	11	39
2932	0.78	11	39
2933	0.78	11	39
2934	0.78	11	39
2935	0.80	10	40
2936	0.82	9	41
2937	0.84	8	42
2938	0.82	9	41
2939	0.82	9	41
2940	0.82	9	41
2941	0.82	9	41
2942	0.82	9	41
2943	0.82	9	41
2944	0.82	9	41
2945	0.82	9	41
2946	0.82	9	41
2947	0.82	9	41
2948	0.82	9	41
2949	0.80	10	40
2950	0.80	10	40
2951	0.82	9	41
2952	0.80	10	40
2953	0.78	11	39
2954	0.78	11	39
2955	0.78	11	39
2956	0.78	11	39
2957	0.78	11	39
2958	0.78	11	39
2959	0.80	10	40
2960	0.80	10	40
2961	0.80	10	40
2962	0.80	10	40
2963	0.78	11	39
2964	0.78	11	39
2965	0.78	11	39
2966	0.78	11	39
2967	0.78	11	39
2968	0.80	10	40
2969	0.82	9	41
2970	0.82	9	41
2971	0.82	9	41
2972	0.82	9	41
2973	0.84	8	42
2974	0.84	8	42
2975	0.84	8	42
2976	0.82	9	41
2977	0.82	9	41
2978	0.82	9	41
2979	0.82	9	41
2980	0.84	8	42
2981	0.84	8	42
2982	0.84	8	42
2983	0.84	8	42
2984	0.84	8	42
2985	0.84	8	42
2986	0.84	8	42
2987	0.84	8	42
2988	0.84	8	42
2989	0.82	9	41
2990	0.82	9	41
2991	0.84	8	42
2992	0.84	8	42
2993	0.82	9	41
2994	0.82	9	41
2995	0.82	9	41
2996	0.82	9	41
2997	0.82	9	41
2998	0.84	8	42
2999	0.86	7	43
