timestep	swarm_quality	color_0	color_1
0	0.70	35	15
1	0.70	35	15
2	0.70	35	15
3	0.70	35	15
4	0.70	35	15
5	0.70	35	15
6	0.70	35	15
7	0.70	35	15
8	0.70	35	15
9	0.70	35	15
10	0.70	35	15
11	0.70	35	15
12	0.70	35	15
13	0.70	35	15
14	0.70	35	15
15	0.68	34	16
16	0.68	34	16
17	0.68	34	16
18	0.68	34	16
19	0.68	34	16
20	0.68	34	16
21	0.66	33	17
22	0.66	33	17
23	0.66	33	17
24	0.66	33	17
25	0.66	33	17
26	0.66	33	17
27	0.64	32	18
28	0.62	31	19
29	0.62	31	19
30	0.62	31	19
31	0.62	31	19
32	0.62	31	19
33	0.62	31	19
34	0.62	31	19
35	0.62	31	19
36	0.64	32	18
37	0.66	33	17
38	0.68	34	16
39	0.70	35	15
40	0.72	36	14
41	0.72	36	14
42	0.74	37	13
43	0.76	38	12
44	0.78	39	11
45	0.80	40	10
46	0.82	41	9
47	0.84	42	8
48	0.86	43	7
49	0.86	43	7
50	0.86	43	7
51	0.86	43	7
52	0.86	43	7
53	0.86	43	7
54	0.86	43	7
55	0.86	43	7
56	0.86	43	7
57	0.86	43	7
58	0.86	43	7
59	0.84	42	8
60	0.82	41	9
61	0.80	40	10
62	0.80	40	10
63	0.80	40	10
64	0.80	40	10
65	0.82	41	9
66	0.82	41	9
67	0.80	40	10
68	0.80	40	10
69	0.78	39	11
70	0.78	39	11
71	0.80	40	10
72	0.80	40	10
73	0.80	40	10
74	0.78	39	11
75	0.78	39	11
76	0.76	38	12
77	0.78	39	11
78	0.80	40	10
79	0.80	40	10
80	0.80	40	10
81	0.80	40	10
82	0.80	40	10
83	0.80	40	10
84	0.80	40	10
85	0.82	41	9
86	0.82	41	9
87	0.82	41	9
88	0.80	40	10
89	0.80	40	10
90	0.80	40	10
91	0.82	41	9
92	0.82	41	9
93	0.82	41	9
94	0.82	41	9
95	0.82	41	9
96	0.80	40	10
97	0.80	40	10
98	0.80	40	10
99	0.82	41	9
100	0.80	40	10
101	0.78	39	11
102	0.76	38	12
103	0.76	38	12
104	0.76	38	12
105	0.76	38	12
106	0.76	38	12
107	0.76	38	12
108	0.76	38	12
109	0.78	39	11
110	0.80	40	10
111	0.82	41	9
112	0.82	41	9
113	0.82	41	9
114	0.82	41	9
115	0.82	41	9
116	0.82	41	9
117	0.84	42	8
118	0.84	42	8
119	0.86	43	7
120	0.84	42	8
121	0.84	42	8
122	0.84	42	8
123	0.82	41	9
124	0.84	42	8
125	0.82	41	9
126	0.84	42	8
127	0.84	42	8
128	0.84	42	8
129	0.84	42	8
130	0.84	42	8
131	0.82	41	9
132	0.82	41	9
133	0.82	41	9
134	0.80	40	10
135	0.80	40	10
136	0.80	40	10
137	0.78	39	11
138	0.80	40	10
139	0.80	40	10
140	0.80	40	10
141	0.80	40	10
142	0.80	40	10
143	0.80	40	10
144	0.78	39	11
145	0.78	39	11
146	0.80	40	10
147	0.80	40	10
148	0.80	40	10
149	0.78	39	11
150	0.80	40	10
151	0.82	41	9
152	0.84	42	8
153	0.84	42	8
154	0.84	42	8
155	0.84	42	8
156	0.84	42	8
157	0.84	42	8
158	0.84	42	8
159	0.84	42	8
160	0.84	42	8
161	0.84	42	8
162	0.84	42	8
163	0.84	42	8
164	0.84	42	8
165	0.84	42	8
166	0.84	42	8
167	0.84	42	8
168	0.84	42	8
169	0.82	41	9
170	0.84	42	8
171	0.84	42	8
172	0.84	42	8
173	0.86	43	7
174	0.84	42	8
175	0.86	43	7
176	0.86	43	7
177	0.86	43	7
178	0.86	43	7
179	0.86	43	7
180	0.86	43	7
181	0.86	43	7
182	0.86	43	7
183	0.86	43	7
184	0.86	43	7
185	0.86	43	7
186	0.86	43	7
187	0.86	43	7
188	0.86	43	7
189	0.86	43	7
190	0.86	43	7
191	0.86	43	7
192	0.86	43	7
193	0.86	43	7
194	0.88	44	6
195	0.86	43	7
196	0.86	43	7
197	0.86	43	7
198	0.84	42	8
199	0.86	43	7
200	0.86	43	7
201	0.86	43	7
202	0.86	43	7
203	0.84	42	8
204	0.84	42	8
205	0.84	42	8
206	0.82	41	9
207	0.82	41	9
208	0.82	41	9
209	0.82	41	9
210	0.80	40	10
211	0.80	40	10
212	0.80	40	10
213	0.80	40	10
214	0.80	40	10
215	0.80	40	10
216	0.78	39	11
217	0.78	39	11
218	0.78	39	11
219	0.80	40	10
220	0.80	40	10
221	0.80	40	10
222	0.80	40	10
223	0.80	40	10
224	0.82	41	9
225	0.80	40	10
226	0.80	40	10
227	0.78	39	11
228	0.78	39	11
229	0.78	39	11
230	0.78	39	11
231	0.80	40	10
232	0.80	40	10
233	0.80	40	10
234	0.82	41	9
235	0.82	41	9
236	0.80	40	10
237	0.82	41	9
238	0.82	41	9
239	0.82	41	9
240	0.82	41	9
241	0.82	41	9
242	0.80	40	10
243	0.80	40	10
244	0.80	40	10
245	0.82	41	9
246	0.82	41	9
247	0.82	41	9
248	0.82	41	9
249	0.82	41	9
250	0.82	41	9
251	0.82	41	9
252	0.82	41	9
253	0.84	42	8
254	0.84	42	8
255	0.84	42	8
256	0.86	43	7
257	0.86	43	7
258	0.86	43	7
259	0.86	43	7
260	0.88	44	6
261	0.88	44	6
262	0.88	44	6
263	0.86	43	7
264	0.86	43	7
265	0.86	43	7
266	0.88	44	6
267	0.88	44	6
268	0.88	44	6
269	0.88	44	6
270	0.88	44	6
271	0.88	44	6
272	0.88	44	6
273	0.88	44	6
274	0.88	44	6
275	0.88	44	6
276	0.88	44	6
277	0.90	45	5
278	0.88	44	6
279	0.88	44	6
280	0.88	44	6
281	0.88	44	6
282	0.88	44	6
283	0.88	44	6
284	0.88	44	6
285	0.88	44	6
286	0.90	45	5
287	0.90	45	5
288	0.90	45	5
289	0.90	45	5
290	0.90	45	5
291	0.88	44	6
292	0.90	45	5
293	0.90	45	5
294	0.88	44	6
295	0.88	44	6
296	0.88	44	6
297	0.88	44	6
298	0.88	44	6
299	0.88	44	6
300	0.88	44	6
301	0.88	44	6
302	0.86	43	7
303	0.86	43	7
304	0.84	42	8
305	0.82	41	9
306	0.80	40	10
307	0.80	40	10
308	0.78	39	11
309	0.76	38	12
310	0.76	38	12
311	0.76	38	12
312	0.76	38	12
313	0.78	39	11
314	0.78	39	11
315	0.78	39	11
316	0.78	39	11
317	0.78	39	11
318	0.78	39	11
319	0.78	39	11
320	0.78	39	11
321	0.76	38	12
322	0.76	38	12
323	0.76	38	12
324	0.74	37	13
325	0.76	38	12
326	0.76	38	12
327	0.76	38	12
328	0.78	39	11
329	0.78	39	11
330	0.78	39	11
331	0.78	39	11
332	0.78	39	11
333	0.78	39	11
334	0.78	39	11
335	0.78	39	11
336	0.78	39	11
337	0.76	38	12
338	0.76	38	12
339	0.76	38	12
340	0.74	37	13
341	0.76	38	12
342	0.76	38	12
343	0.74	37	13
344	0.76	38	12
345	0.76	38	12
346	0.76	38	12
347	0.74	37	13
348	0.76	38	12
349	0.76	38	12
350	0.74	37	13
351	0.74	37	13
352	0.76	38	12
353	0.74	37	13
354	0.76	38	12
355	0.78	39	11
356	0.80	40	10
357	0.78	39	11
358	0.80	40	10
359	0.80	40	10
360	0.80	40	10
361	0.80	40	10
362	0.80	40	10
363	0.80	40	10
364	0.78	39	11
365	0.76	38	12
366	0.74	37	13
367	0.74	37	13
368	0.74	37	13
369	0.74	37	13
370	0.74	37	13
371	0.74	37	13
372	0.72	36	14
373	0.72	36	14
374	0.74	37	13
375	0.74	37	13
376	0.74	37	13
377	0.74	37	13
378	0.74	37	13
379	0.74	37	13
380	0.72	36	14
381	0.72	36	14
382	0.72	36	14
383	0.72	36	14
384	0.72	36	14
385	0.72	36	14
386	0.70	35	15
387	0.72	36	14
388	0.72	36	14
389	0.72	36	14
390	0.72	36	14
391	0.70	35	15
392	0.68	34	16
393	0.70	35	15
394	0.70	35	15
395	0.70	35	15
396	0.70	35	15
397	0.72	36	14
398	0.72	36	14
399	0.72	36	14
400	0.72	36	14
401	0.70	35	15
402	0.70	35	15
403	0.72	36	14
404	0.72	36	14
405	0.72	36	14
406	0.72	36	14
407	0.74	37	13
408	0.74	37	13
409	0.74	37	13
410	0.72	36	14
411	0.72	36	14
412	0.72	36	14
413	0.72	36	14
414	0.72	36	14
415	0.72	36	14
416	0.74	37	13
417	0.74	37	13
418	0.74	37	13
419	0.74	37	13
420	0.74	37	13
421	0.74	37	13
422	0.76	38	12
423	0.74	37	13
424	0.74	37	13
425	0.74	37	13
426	0.72	36	14
427	0.72	36	14
428	0.72	36	14
429	0.72	36	14
430	0.72	36	14
431	0.72	36	14
432	0.72	36	14
433	0.72	36	14
434	0.72	36	14
435	0.72	36	14
436	0.74	37	13
437	0.72	36	14
438	0.72	36	14
439	0.72	36	14
440	0.74	37	13
441	0.74	37	13
442	0.74	37	13
443	0.74	37	13
444	0.74	37	13
445	0.74	37	13
446	0.74	37	13
447	0.74	37	13
448	0.74	37	13
449	0.74	37	13
450	0.76	38	12
451	0.78	39	11
452	0.78	39	11
453	0.78	39	11
454	0.78	39	11
455	0.78	39	11
456	0.78	39	11
457	0.76	38	12
458	0.76	38	12
459	0.76	38	12
460	0.78	39	11
461	0.78	39	11
462	0.78	39	11
463	0.78	39	11
464	0.78	39	11
465	0.80	40	10
466	0.78	39	11
467	0.78	39	11
468	0.76	38	12
469	0.76	38	12
470	0.76	38	12
471	0.78	39	11
472	0.78	39	11
473	0.80	40	10
474	0.80	40	10
475	0.80	40	10
476	0.82	41	9
477	0.82	41	9
478	0.80	40	10
479	0.80	40	10
480	0.82	41	9
481	0.82	41	9
482	0.82	41	9
483	0.82	41	9
484	0.82	41	9
485	0.82	41	9
486	0.82	41	9
487	0.84	42	8
488	0.84	42	8
489	0.84	42	8
490	0.84	42	8
491	0.86	43	7
492	0.88	44	6
493	0.88	44	6
494	0.88	44	6
495	0.88	44	6
496	0.86	43	7
497	0.84	42	8
498	0.82	41	9
499	0.82	41	9
500	0.20	40	10
501	0.22	39	11
502	0.24	38	12
503	0.26	37	13
504	0.28	36	14
505	0.28	36	14
506	0.30	35	15
507	0.30	35	15
508	0.32	34	16
509	0.32	34	16
510	0.32	34	16
511	0.34	33	17
512	0.36	32	18
513	0.36	32	18
514	0.34	33	17
515	0.34	33	17
516	0.34	33	17
517	0.34	33	17
518	0.32	34	16
519	0.32	34	16
520	0.34	33	17
521	0.36	32	18
522	0.38	31	19
523	0.40	30	20
524	0.42	29	21
525	0.42	29	21
526	0.42	29	21
527	0.42	29	21
528	0.42	29	21
529	0.44	28	22
530	0.44	28	22
531	0.46	27	23
532	0.48	26	24
533	0.50	25	25
534	0.52	24	26
535	0.52	24	26
536	0.54	23	27
537	0.56	22	28
538	0.58	21	29
539	0.60	20	30
540	0.62	19	31
541	0.64	18	32
542	0.66	17	33
543	0.66	17	33
544	0.68	16	34
545	0.68	16	34
546	0.68	16	34
547	0.68	16	34
548	0.68	16	34
549	0.68	16	34
550	0.68	16	34
551	0.68	16	34
552	0.68	16	34
553	0.68	16	34
554	0.68	16	34
555	0.68	16	34
556	0.68	16	34
557	0.66	17	33
558	0.66	17	33
559	0.64	18	32
560	0.64	18	32
561	0.64	18	32
562	0.64	18	32
563	0.66	17	33
564	0.68	16	34
565	0.70	15	35
566	0.70	15	35
567	0.72	14	36
568	0.74	13	37
569	0.76	12	38
570	0.76	12	38
571	0.76	12	38
572	0.76	12	38
573	0.76	12	38
574	0.76	12	38
575	0.78	11	39
576	0.80	10	40
577	0.82	9	41
578	0.80	10	40
579	0.78	11	39
580	0.78	11	39
581	0.78	11	39
582	0.76	12	38
583	0.76	12	38
584	0.76	12	38
585	0.78	11	39
586	0.78	11	39
587	0.78	11	39
588	0.78	11	39
589	0.78	11	39
590	0.76	12	38
591	0.76	12	38
592	0.76	12	38
593	0.78	11	39
594	0.78	11	39
595	0.78	11	39
596	0.78	11	39
597	0.78	11	39
598	0.78	11	39
599	0.80	10	40
600	0.78	11	39
601	0.78	11	39
602	0.78	11	39
603	0.78	11	39
604	0.78	11	39
605	0.80	10	40
606	0.80	10	40
607	0.82	9	41
608	0.82	9	41
609	0.84	8	42
610	0.86	7	43
611	0.86	7	43
612	0.84	8	42
613	0.84	8	42
614	0.84	8	42
615	0.82	9	41
616	0.80	10	40
617	0.78	11	39
618	0.78	11	39
619	0.78	11	39
620	0.78	11	39
621	0.76	12	38
622	0.76	12	38
623	0.76	12	38
624	0.76	12	38
625	0.76	12	38
626	0.76	12	38
627	0.76	12	38
628	0.78	11	39
629	0.80	10	40
630	0.82	9	41
631	0.82	9	41
632	0.84	8	42
633	0.84	8	42
634	0.84	8	42
635	0.84	8	42
636	0.82	9	41
637	0.82	9	41
638	0.80	10	40
639	0.80	10	40
640	0.82	9	41
641	0.80	10	40
642	0.80	10	40
643	0.80	10	40
644	0.80	10	40
645	0.82	9	41
646	0.82	9	41
647	0.82	9	41
648	0.80	10	40
649	0.80	10	40
650	0.82	9	41
651	0.82	9	41
652	0.82	9	41
653	0.82	9	41
654	0.82	9	41
655	0.82	9	41
656	0.82	9	41
657	0.82	9	41
658	0.82	9	41
659	0.82	9	41
660	0.82	9	41
661	0.82	9	41
662	0.84	8	42
663	0.84	8	42
664	0.84	8	42
665	0.86	7	43
666	0.88	6	44
667	0.90	5	45
668	0.90	5	45
669	0.90	5	45
670	0.88	6	44
671	0.90	5	45
672	0.90	5	45
673	0.88	6	44
674	0.88	6	44
675	0.88	6	44
676	0.88	6	44
677	0.88	6	44
678	0.88	6	44
679	0.88	6	44
680	0.88	6	44
681	0.86	7	43
682	0.86	7	43
683	0.86	7	43
684	0.86	7	43
685	0.86	7	43
686	0.88	6	44
687	0.88	6	44
688	0.90	5	45
689	0.88	6	44
690	0.88	6	44
691	0.90	5	45
692	0.90	5	45
693	0.90	5	45
694	0.88	6	44
695	0.88	6	44
696	0.88	6	44
697	0.88	6	44
698	0.90	5	45
699	0.90	5	45
700	0.88	6	44
701	0.88	6	44
702	0.88	6	44
703	0.86	7	43
704	0.86	7	43
705	0.86	7	43
706	0.84	8	42
707	0.84	8	42
708	0.84	8	42
709	0.84	8	42
710	0.84	8	42
711	0.82	9	41
712	0.82	9	41
713	0.82	9	41
714	0.80	10	40
715	0.80	10	40
716	0.80	10	40
717	0.80	10	40
718	0.80	10	40
719	0.80	10	40
720	0.82	9	41
721	0.80	10	40
722	0.78	11	39
723	0.80	10	40
724	0.80	10	40
725	0.80	10	40
726	0.80	10	40
727	0.80	10	40
728	0.80	10	40
729	0.80	10	40
730	0.80	10	40
731	0.82	9	41
732	0.82	9	41
733	0.82	9	41
734	0.82	9	41
735	0.80	10	40
736	0.80	10	40
737	0.80	10	40
738	0.78	11	39
739	0.78	11	39
740	0.78	11	39
741	0.78	11	39
742	0.76	12	38
743	0.76	12	38
744	0.78	11	39
745	0.78	11	39
746	0.78	11	39
747	0.78	11	39
748	0.78	11	39
749	0.78	11	39
750	0.80	10	40
751	0.80	10	40
752	0.80	10	40
753	0.82	9	41
754	0.80	10	40
755	0.80	10	40
756	0.82	9	41
757	0.82	9	41
758	0.80	10	40
759	0.80	10	40
760	0.78	11	39
761	0.80	10	40
762	0.80	10	40
763	0.80	10	40
764	0.82	9	41
765	0.82	9	41
766	0.82	9	41
767	0.80	10	40
768	0.80	10	40
769	0.80	10	40
770	0.80	10	40
771	0.82	9	41
772	0.84	8	42
773	0.82	9	41
774	0.82	9	41
775	0.82	9	41
776	0.82	9	41
777	0.80	10	40
778	0.78	11	39
779	0.78	11	39
780	0.78	11	39
781	0.78	11	39
782	0.78	11	39
783	0.78	11	39
784	0.78	11	39
785	0.78	11	39
786	0.78	11	39
787	0.78	11	39
788	0.80	10	40
789	0.80	10	40
790	0.80	10	40
791	0.80	10	40
792	0.82	9	41
793	0.82	9	41
794	0.80	10	40
795	0.80	10	40
796	0.80	10	40
797	0.80	10	40
798	0.80	10	40
799	0.80	10	40
800	0.80	10	40
801	0.80	10	40
802	0.80	10	40
803	0.80	10	40
804	0.82	9	41
805	0.82	9	41
806	0.82	9	41
807	0.82	9	41
808	0.84	8	42
809	0.84	8	42
810	0.86	7	43
811	0.86	7	43
812	0.86	7	43
813	0.86	7	43
814	0.86	7	43
815	0.84	8	42
816	0.84	8	42
817	0.86	7	43
818	0.86	7	43
819	0.86	7	43
820	0.86	7	43
821	0.84	8	42
822	0.84	8	42
823	0.86	7	43
824	0.86	7	43
825	0.86	7	43
826	0.84	8	42
827	0.86	7	43
828	0.88	6	44
829	0.88	6	44
830	0.88	6	44
831	0.88	6	44
832	0.88	6	44
833	0.86	7	43
834	0.86	7	43
835	0.88	6	44
836	0.88	6	44
837	0.88	6	44
838	0.88	6	44
839	0.90	5	45
840	0.88	6	44
841	0.86	7	43
842	0.86	7	43
843	0.84	8	42
844	0.86	7	43
845	0.86	7	43
846	0.86	7	43
847	0.86	7	43
848	0.86	7	43
849	0.86	7	43
850	0.86	7	43
851	0.86	7	43
852	0.86	7	43
853	0.86	7	43
854	0.84	8	42
855	0.84	8	42
856	0.84	8	42
857	0.84	8	42
858	0.82	9	41
859	0.80	10	40
860	0.80	10	40
861	0.80	10	40
862	0.80	10	40
863	0.80	10	40
864	0.80	10	40
865	0.82	9	41
866	0.82	9	41
867	0.82	9	41
868	0.82	9	41
869	0.82	9	41
870	0.82	9	41
871	0.84	8	42
872	0.84	8	42
873	0.84	8	42
874	0.82	9	41
875	0.82	9	41
876	0.84	8	42
877	0.84	8	42
878	0.84	8	42
879	0.84	8	42
880	0.84	8	42
881	0.84	8	42
882	0.82	9	41
883	0.84	8	42
884	0.84	8	42
885	0.84	8	42
886	0.84	8	42
887	0.84	8	42
888	0.82	9	41
889	0.80	10	40
890	0.82	9	41
891	0.84	8	42
892	0.84	8	42
893	0.86	7	43
894	0.86	7	43
895	0.86	7	43
896	0.84	8	42
897	0.84	8	42
898	0.82	9	41
899	0.82	9	41
900	0.82	9	41
901	0.82	9	41
902	0.82	9	41
903	0.80	10	40
904	0.82	9	41
905	0.82	9	41
906	0.82	9	41
907	0.80	10	40
908	0.80	10	40
909	0.82	9	41
910	0.82	9	41
911	0.82	9	41
912	0.82	9	41
913	0.82	9	41
914	0.82	9	41
915	0.80	10	40
916	0.80	10	40
917	0.80	10	40
918	0.80	10	40
919	0.80	10	40
920	0.78	11	39
921	0.78	11	39
922	0.78	11	39
923	0.78	11	39
924	0.80	10	40
925	0.80	10	40
926	0.80	10	40
927	0.78	11	39
928	0.78	11	39
929	0.78	11	39
930	0.76	12	38
931	0.76	12	38
932	0.78	11	39
933	0.78	11	39
934	0.76	12	38
935	0.76	12	38
936	0.76	12	38
937	0.76	12	38
938	0.78	11	39
939	0.78	11	39
940	0.78	11	39
941	0.78	11	39
942	0.78	11	39
943	0.78	11	39
944	0.78	11	39
945	0.78	11	39
946	0.80	10	40
947	0.80	10	40
948	0.82	9	41
949	0.82	9	41
950	0.82	9	41
951	0.82	9	41
952	0.82	9	41
953	0.84	8	42
954	0.84	8	42
955	0.82	9	41
956	0.82	9	41
957	0.84	8	42
958	0.86	7	43
959	0.84	8	42
960	0.84	8	42
961	0.84	8	42
962	0.84	8	42
963	0.84	8	42
964	0.82	9	41
965	0.84	8	42
966	0.84	8	42
967	0.84	8	42
968	0.84	8	42
969	0.82	9	41
970	0.84	8	42
971	0.82	9	41
972	0.82	9	41
973	0.82	9	41
974	0.82	9	41
975	0.82	9	41
976	0.82	9	41
977	0.84	8	42
978	0.84	8	42
979	0.84	8	42
980	0.86	7	43
981	0.84	8	42
982	0.84	8	42
983	0.84	8	42
984	0.86	7	43
985	0.86	7	43
986	0.86	7	43
987	0.86	7	43
988	0.86	7	43
989	0.88	6	44
990	0.86	7	43
991	0.84	8	42
992	0.84	8	42
993	0.82	9	41
994	0.80	10	40
995	0.80	10	40
996	0.80	10	40
997	0.80	10	40
998	0.80	10	40
999	0.80	10	40
1000	0.22	11	39
1001	0.24	12	38
1002	0.24	12	38
1003	0.26	13	37
1004	0.28	14	36
1005	0.28	14	36
1006	0.30	15	35
1007	0.32	16	34
1008	0.34	17	33
1009	0.32	16	34
1010	0.34	17	33
1011	0.34	17	33
1012	0.34	17	33
1013	0.36	18	32
1014	0.36	18	32
1015	0.36	18	32
1016	0.38	19	31
1017	0.40	20	30
1018	0.40	20	30
1019	0.40	20	30
1020	0.42	21	29
1021	0.40	20	30
1022	0.42	21	29
1023	0.44	22	28
1024	0.46	23	27
1025	0.48	24	26
1026	0.48	24	26
1027	0.50	25	25
1028	0.50	25	25
1029	0.52	26	24
1030	0.54	27	23
1031	0.54	27	23
1032	0.56	28	22
1033	0.58	29	21
1034	0.60	30	20
1035	0.60	30	20
1036	0.62	31	19
1037	0.64	32	18
1038	0.66	33	17
1039	0.68	34	16
1040	0.68	34	16
1041	0.68	34	16
1042	0.70	35	15
1043	0.68	34	16
1044	0.68	34	16
1045	0.70	35	15
1046	0.72	36	14
1047	0.74	37	13
1048	0.76	38	12
1049	0.76	38	12
1050	0.74	37	13
1051	0.74	37	13
1052	0.76	38	12
1053	0.76	38	12
1054	0.76	38	12
1055	0.74	37	13
1056	0.74	37	13
1057	0.74	37	13
1058	0.74	37	13
1059	0.76	38	12
1060	0.76	38	12
1061	0.78	39	11
1062	0.80	40	10
1063	0.80	40	10
1064	0.80	40	10
1065	0.80	40	10
1066	0.80	40	10
1067	0.80	40	10
1068	0.82	41	9
1069	0.82	41	9
1070	0.82	41	9
1071	0.82	41	9
1072	0.82	41	9
1073	0.82	41	9
1074	0.80	40	10
1075	0.78	39	11
1076	0.80	40	10
1077	0.80	40	10
1078	0.80	40	10
1079	0.80	40	10
1080	0.80	40	10
1081	0.80	40	10
1082	0.80	40	10
1083	0.80	40	10
1084	0.78	39	11
1085	0.78	39	11
1086	0.78	39	11
1087	0.78	39	11
1088	0.78	39	11
1089	0.78	39	11
1090	0.78	39	11
1091	0.76	38	12
1092	0.76	38	12
1093	0.78	39	11
1094	0.78	39	11
1095	0.78	39	11
1096	0.78	39	11
1097	0.78	39	11
1098	0.78	39	11
1099	0.80	40	10
1100	0.82	41	9
1101	0.82	41	9
1102	0.82	41	9
1103	0.82	41	9
1104	0.82	41	9
1105	0.84	42	8
1106	0.84	42	8
1107	0.84	42	8
1108	0.84	42	8
1109	0.84	42	8
1110	0.84	42	8
1111	0.84	42	8
1112	0.84	42	8
1113	0.84	42	8
1114	0.82	41	9
1115	0.82	41	9
1116	0.82	41	9
1117	0.82	41	9
1118	0.82	41	9
1119	0.80	40	10
1120	0.80	40	10
1121	0.80	40	10
1122	0.80	40	10
1123	0.78	39	11
1124	0.78	39	11
1125	0.78	39	11
1126	0.78	39	11
1127	0.78	39	11
1128	0.78	39	11
1129	0.76	38	12
1130	0.76	38	12
1131	0.74	37	13
1132	0.74	37	13
1133	0.72	36	14
1134	0.74	37	13
1135	0.76	38	12
1136	0.76	38	12
1137	0.76	38	12
1138	0.76	38	12
1139	0.76	38	12
1140	0.76	38	12
1141	0.78	39	11
1142	0.78	39	11
1143	0.78	39	11
1144	0.78	39	11
1145	0.76	38	12
1146	0.76	38	12
1147	0.76	38	12
1148	0.76	38	12
1149	0.74	37	13
1150	0.74	37	13
1151	0.74	37	13
1152	0.74	37	13
1153	0.74	37	13
1154	0.72	36	14
1155	0.70	35	15
1156	0.70	35	15
1157	0.70	35	15
1158	0.70	35	15
1159	0.70	35	15
1160	0.70	35	15
1161	0.70	35	15
1162	0.68	34	16
1163	0.68	34	16
1164	0.70	35	15
1165	0.72	36	14
1166	0.72	36	14
1167	0.72	36	14
1168	0.72	36	14
1169	0.74	37	13
1170	0.74	37	13
1171	0.76	38	12
1172	0.74	37	13
1173	0.76	38	12
1174	0.78	39	11
1175	0.80	40	10
1176	0.80	40	10
1177	0.78	39	11
1178	0.80	40	10
1179	0.82	41	9
1180	0.82	41	9
1181	0.84	42	8
1182	0.84	42	8
1183	0.86	43	7
1184	0.86	43	7
1185	0.84	42	8
1186	0.82	41	9
1187	0.80	40	10
1188	0.78	39	11
1189	0.76	38	12
1190	0.76	38	12
1191	0.74	37	13
1192	0.72	36	14
1193	0.70	35	15
1194	0.70	35	15
1195	0.72	36	14
1196	0.72	36	14
1197	0.72	36	14
1198	0.72	36	14
1199	0.74	37	13
1200	0.72	36	14
1201	0.72	36	14
1202	0.72	36	14
1203	0.72	36	14
1204	0.74	37	13
1205	0.76	38	12
1206	0.76	38	12
1207	0.74	37	13
1208	0.74	37	13
1209	0.74	37	13
1210	0.74	37	13
1211	0.74	37	13
1212	0.74	37	13
1213	0.74	37	13
1214	0.74	37	13
1215	0.74	37	13
1216	0.74	37	13
1217	0.74	37	13
1218	0.72	36	14
1219	0.72	36	14
1220	0.72	36	14
1221	0.70	35	15
1222	0.72	36	14
1223	0.72	36	14
1224	0.72	36	14
1225	0.72	36	14
1226	0.70	35	15
1227	0.70	35	15
1228	0.68	34	16
1229	0.68	34	16
1230	0.68	34	16
1231	0.66	33	17
1232	0.66	33	17
1233	0.66	33	17
1234	0.66	33	17
1235	0.66	33	17
1236	0.68	34	16
1237	0.70	35	15
1238	0.72	36	14
1239	0.74	37	13
1240	0.74	37	13
1241	0.76	38	12
1242	0.78	39	11
1243	0.80	40	10
1244	0.80	40	10
1245	0.80	40	10
1246	0.80	40	10
1247	0.80	40	10
1248	0.80	40	10
1249	0.80	40	10
1250	0.82	41	9
1251	0.82	41	9
1252	0.82	41	9
1253	0.82	41	9
1254	0.82	41	9
1255	0.82	41	9
1256	0.82	41	9
1257	0.82	41	9
1258	0.82	41	9
1259	0.80	40	10
1260	0.80	40	10
1261	0.80	40	10
1262	0.80	40	10
1263	0.80	40	10
1264	0.78	39	11
1265	0.78	39	11
1266	0.78	39	11
1267	0.78	39	11
1268	0.80	40	10
1269	0.80	40	10
1270	0.78	39	11
1271	0.80	40	10
1272	0.80	40	10
1273	0.78	39	11
1274	0.78	39	11
1275	0.78	39	11
1276	0.80	40	10
1277	0.82	41	9
1278	0.84	42	8
1279	0.82	41	9
1280	0.82	41	9
1281	0.84	42	8
1282	0.84	42	8
1283	0.84	42	8
1284	0.84	42	8
1285	0.86	43	7
1286	0.86	43	7
1287	0.86	43	7
1288	0.86	43	7
1289	0.86	43	7
1290	0.84	42	8
1291	0.84	42	8
1292	0.84	42	8
1293	0.84	42	8
1294	0.84	42	8
1295	0.84	42	8
1296	0.84	42	8
1297	0.84	42	8
1298	0.82	41	9
1299	0.82	41	9
1300	0.82	41	9
1301	0.82	41	9
1302	0.80	40	10
1303	0.80	40	10
1304	0.78	39	11
1305	0.76	38	12
1306	0.76	38	12
1307	0.78	39	11
1308	0.78	39	11
1309	0.78	39	11
1310	0.76	38	12
1311	0.76	38	12
1312	0.78	39	11
1313	0.78	39	11
1314	0.80	40	10
1315	0.80	40	10
1316	0.80	40	10
1317	0.80	40	10
1318	0.78	39	11
1319	0.76	38	12
1320	0.76	38	12
1321	0.76	38	12
1322	0.76	38	12
1323	0.78	39	11
1324	0.78	39	11
1325	0.78	39	11
1326	0.78	39	11
1327	0.76	38	12
1328	0.76	38	12
1329	0.78	39	11
1330	0.76	38	12
1331	0.76	38	12
1332	0.76	38	12
1333	0.74	37	13
1334	0.74	37	13
1335	0.74	37	13
1336	0.74	37	13
1337	0.74	37	13
1338	0.72	36	14
1339	0.72	36	14
1340	0.74	37	13
1341	0.72	36	14
1342	0.72	36	14
1343	0.72	36	14
1344	0.72	36	14
1345	0.72	36	14
1346	0.72	36	14
1347	0.70	35	15
1348	0.72	36	14
1349	0.72	36	14
1350	0.72	36	14
1351	0.72	36	14
1352	0.74	37	13
1353	0.74	37	13
1354	0.74	37	13
1355	0.76	38	12
1356	0.76	38	12
1357	0.76	38	12
1358	0.74	37	13
1359	0.76	38	12
1360	0.78	39	11
1361	0.78	39	11
1362	0.78	39	11
1363	0.78	39	11
1364	0.78	39	11
1365	0.76	38	12
1366	0.76	38	12
1367	0.76	38	12
1368	0.78	39	11
1369	0.80	40	10
1370	0.82	41	9
1371	0.82	41	9
1372	0.82	41	9
1373	0.82	41	9
1374	0.82	41	9
1375	0.82	41	9
1376	0.82	41	9
1377	0.84	42	8
1378	0.84	42	8
1379	0.84	42	8
1380	0.84	42	8
1381	0.84	42	8
1382	0.82	41	9
1383	0.84	42	8
1384	0.84	42	8
1385	0.82	41	9
1386	0.82	41	9
1387	0.82	41	9
1388	0.82	41	9
1389	0.82	41	9
1390	0.82	41	9
1391	0.84	42	8
1392	0.84	42	8
1393	0.84	42	8
1394	0.82	41	9
1395	0.82	41	9
1396	0.82	41	9
1397	0.82	41	9
1398	0.82	41	9
1399	0.80	40	10
1400	0.80	40	10
1401	0.80	40	10
1402	0.80	40	10
1403	0.80	40	10
1404	0.82	41	9
1405	0.82	41	9
1406	0.80	40	10
1407	0.78	39	11
1408	0.80	40	10
1409	0.78	39	11
1410	0.78	39	11
1411	0.78	39	11
1412	0.78	39	11
1413	0.78	39	11
1414	0.78	39	11
1415	0.80	40	10
1416	0.80	40	10
1417	0.80	40	10
1418	0.80	40	10
1419	0.78	39	11
1420	0.78	39	11
1421	0.76	38	12
1422	0.76	38	12
1423	0.76	38	12
1424	0.76	38	12
1425	0.76	38	12
1426	0.74	37	13
1427	0.72	36	14
1428	0.72	36	14
1429	0.72	36	14
1430	0.74	37	13
1431	0.74	37	13
1432	0.76	38	12
1433	0.76	38	12
1434	0.76	38	12
1435	0.78	39	11
1436	0.78	39	11
1437	0.78	39	11
1438	0.80	40	10
1439	0.80	40	10
1440	0.78	39	11
1441	0.78	39	11
1442	0.76	38	12
1443	0.76	38	12
1444	0.78	39	11
1445	0.78	39	11
1446	0.78	39	11
1447	0.80	40	10
1448	0.80	40	10
1449	0.82	41	9
1450	0.82	41	9
1451	0.82	41	9
1452	0.82	41	9
1453	0.82	41	9
1454	0.82	41	9
1455	0.82	41	9
1456	0.84	42	8
1457	0.86	43	7
1458	0.86	43	7
1459	0.88	44	6
1460	0.86	43	7
1461	0.86	43	7
1462	0.86	43	7
1463	0.84	42	8
1464	0.82	41	9
1465	0.80	40	10
1466	0.80	40	10
1467	0.80	40	10
1468	0.80	40	10
1469	0.82	41	9
1470	0.80	40	10
1471	0.82	41	9
1472	0.82	41	9
1473	0.82	41	9
1474	0.82	41	9
1475	0.82	41	9
1476	0.84	42	8
1477	0.86	43	7
1478	0.84	42	8
1479	0.84	42	8
1480	0.84	42	8
1481	0.84	42	8
1482	0.82	41	9
1483	0.82	41	9
1484	0.82	41	9
1485	0.82	41	9
1486	0.82	41	9
1487	0.80	40	10
1488	0.78	39	11
1489	0.78	39	11
1490	0.80	40	10
1491	0.80	40	10
1492	0.82	41	9
1493	0.80	40	10
1494	0.80	40	10
1495	0.78	39	11
1496	0.78	39	11
1497	0.78	39	11
1498	0.76	38	12
1499	0.76	38	12
1500	0.24	38	12
1501	0.26	37	13
1502	0.26	37	13
1503	0.28	36	14
1504	0.30	35	15
1505	0.32	34	16
1506	0.34	33	17
1507	0.34	33	17
1508	0.36	32	18
1509	0.38	31	19
1510	0.38	31	19
1511	0.40	30	20
1512	0.42	29	21
1513	0.42	29	21
1514	0.40	30	20
1515	0.40	30	20
1516	0.42	29	21
1517	0.44	28	22
1518	0.46	27	23
1519	0.46	27	23
1520	0.44	28	22
1521	0.46	27	23
1522	0.48	26	24
1523	0.50	25	25
1524	0.50	25	25
1525	0.50	25	25
1526	0.52	24	26
1527	0.54	23	27
1528	0.52	24	26
1529	0.54	23	27
1530	0.56	22	28
1531	0.56	22	28
1532	0.56	22	28
1533	0.58	21	29
1534	0.58	21	29
1535	0.60	20	30
1536	0.60	20	30
1537	0.60	20	30
1538	0.60	20	30
1539	0.62	19	31
1540	0.62	19	31
1541	0.64	18	32
1542	0.66	17	33
1543	0.66	17	33
1544	0.66	17	33
1545	0.66	17	33
1546	0.66	17	33
1547	0.68	16	34
1548	0.66	17	33
1549	0.68	16	34
1550	0.70	15	35
1551	0.68	16	34
1552	0.70	15	35
1553	0.68	16	34
1554	0.68	16	34
1555	0.68	16	34
1556	0.68	16	34
1557	0.70	15	35
1558	0.70	15	35
1559	0.70	15	35
1560	0.70	15	35
1561	0.70	15	35
1562	0.70	15	35
1563	0.70	15	35
1564	0.70	15	35
1565	0.70	15	35
1566	0.70	15	35
1567	0.70	15	35
1568	0.70	15	35
1569	0.72	14	36
1570	0.72	14	36
1571	0.72	14	36
1572	0.72	14	36
1573	0.72	14	36
1574	0.74	13	37
1575	0.76	12	38
1576	0.76	12	38
1577	0.74	13	37
1578	0.76	12	38
1579	0.76	12	38
1580	0.76	12	38
1581	0.78	11	39
1582	0.78	11	39
1583	0.78	11	39
1584	0.80	10	40
1585	0.80	10	40
1586	0.82	9	41
1587	0.82	9	41
1588	0.82	9	41
1589	0.82	9	41
1590	0.84	8	42
1591	0.84	8	42
1592	0.84	8	42
1593	0.84	8	42
1594	0.86	7	43
1595	0.86	7	43
1596	0.86	7	43
1597	0.86	7	43
1598	0.88	6	44
1599	0.88	6	44
1600	0.88	6	44
1601	0.90	5	45
1602	0.90	5	45
1603	0.92	4	46
1604	0.92	4	46
1605	0.92	4	46
1606	0.90	5	45
1607	0.88	6	44
1608	0.88	6	44
1609	0.86	7	43
1610	0.86	7	43
1611	0.86	7	43
1612	0.84	8	42
1613	0.84	8	42
1614	0.86	7	43
1615	0.86	7	43
1616	0.86	7	43
1617	0.86	7	43
1618	0.86	7	43
1619	0.86	7	43
1620	0.88	6	44
1621	0.88	6	44
1622	0.88	6	44
1623	0.86	7	43
1624	0.86	7	43
1625	0.86	7	43
1626	0.86	7	43
1627	0.88	6	44
1628	0.86	7	43
1629	0.86	7	43
1630	0.86	7	43
1631	0.86	7	43
1632	0.86	7	43
1633	0.86	7	43
1634	0.86	7	43
1635	0.84	8	42
1636	0.84	8	42
1637	0.84	8	42
1638	0.84	8	42
1639	0.82	9	41
1640	0.82	9	41
1641	0.80	10	40
1642	0.80	10	40
1643	0.80	10	40
1644	0.80	10	40
1645	0.80	10	40
1646	0.80	10	40
1647	0.80	10	40
1648	0.80	10	40
1649	0.78	11	39
1650	0.78	11	39
1651	0.78	11	39
1652	0.76	12	38
1653	0.74	13	37
1654	0.74	13	37
1655	0.74	13	37
1656	0.76	12	38
1657	0.78	11	39
1658	0.78	11	39
1659	0.78	11	39
1660	0.78	11	39
1661	0.78	11	39
1662	0.78	11	39
1663	0.78	11	39
1664	0.78	11	39
1665	0.78	11	39
1666	0.76	12	38
1667	0.76	12	38
1668	0.76	12	38
1669	0.76	12	38
1670	0.76	12	38
1671	0.76	12	38
1672	0.76	12	38
1673	0.78	11	39
1674	0.78	11	39
1675	0.78	11	39
1676	0.78	11	39
1677	0.78	11	39
1678	0.80	10	40
1679	0.80	10	40
1680	0.80	10	40
1681	0.80	10	40
1682	0.80	10	40
1683	0.80	10	40
1684	0.80	10	40
1685	0.82	9	41
1686	0.82	9	41
1687	0.82	9	41
1688	0.82	9	41
1689	0.84	8	42
1690	0.82	9	41
1691	0.84	8	42
1692	0.84	8	42
1693	0.84	8	42
1694	0.84	8	42
1695	0.84	8	42
1696	0.86	7	43
1697	0.86	7	43
1698	0.86	7	43
1699	0.88	6	44
1700	0.88	6	44
1701	0.88	6	44
1702	0.90	5	45
1703	0.92	4	46
1704	0.90	5	45
1705	0.90	5	45
1706	0.90	5	45
1707	0.90	5	45
1708	0.90	5	45
1709	0.92	4	46
1710	0.92	4	46
1711	0.92	4	46
1712	0.92	4	46
1713	0.92	4	46
1714	0.90	5	45
1715	0.90	5	45
1716	0.92	4	46
1717	0.92	4	46
1718	0.92	4	46
1719	0.92	4	46
1720	0.92	4	46
1721	0.92	4	46
1722	0.92	4	46
1723	0.92	4	46
1724	0.92	4	46
1725	0.92	4	46
1726	0.90	5	45
1727	0.90	5	45
1728	0.90	5	45
1729	0.88	6	44
1730	0.88	6	44
1731	0.88	6	44
1732	0.86	7	43
1733	0.84	8	42
1734	0.84	8	42
1735	0.82	9	41
1736	0.82	9	41
1737	0.82	9	41
1738	0.82	9	41
1739	0.82	9	41
1740	0.84	8	42
1741	0.82	9	41
1742	0.82	9	41
1743	0.82	9	41
1744	0.82	9	41
1745	0.82	9	41
1746	0.82	9	41
1747	0.80	10	40
1748	0.80	10	40
1749	0.80	10	40
1750	0.80	10	40
1751	0.80	10	40
1752	0.80	10	40
1753	0.80	10	40
1754	0.82	9	41
1755	0.82	9	41
1756	0.82	9	41
1757	0.80	10	40
1758	0.80	10	40
1759	0.80	10	40
1760	0.80	10	40
1761	0.80	10	40
1762	0.82	9	41
1763	0.80	10	40
1764	0.82	9	41
1765	0.82	9	41
1766	0.82	9	41
1767	0.82	9	41
1768	0.82	9	41
1769	0.80	10	40
1770	0.78	11	39
1771	0.78	11	39
1772	0.78	11	39
1773	0.78	11	39
1774	0.78	11	39
1775	0.76	12	38
1776	0.78	11	39
1777	0.78	11	39
1778	0.78	11	39
1779	0.78	11	39
1780	0.78	11	39
1781	0.76	12	38
1782	0.78	11	39
1783	0.80	10	40
1784	0.80	10	40
1785	0.82	9	41
1786	0.80	10	40
1787	0.80	10	40
1788	0.80	10	40
1789	0.80	10	40
1790	0.78	11	39
1791	0.80	10	40
1792	0.78	11	39
1793	0.78	11	39
1794	0.76	12	38
1795	0.76	12	38
1796	0.76	12	38
1797	0.78	11	39
1798	0.78	11	39
1799	0.78	11	39
1800	0.78	11	39
1801	0.78	11	39
1802	0.78	11	39
1803	0.78	11	39
1804	0.78	11	39
1805	0.76	12	38
1806	0.76	12	38
1807	0.78	11	39
1808	0.78	11	39
1809	0.78	11	39
1810	0.78	11	39
1811	0.78	11	39
1812	0.78	11	39
1813	0.80	10	40
1814	0.80	10	40
1815	0.80	10	40
1816	0.80	10	40
1817	0.80	10	40
1818	0.80	10	40
1819	0.80	10	40
1820	0.82	9	41
1821	0.80	10	40
1822	0.78	11	39
1823	0.78	11	39
1824	0.78	11	39
1825	0.80	10	40
1826	0.80	10	40
1827	0.80	10	40
1828	0.80	10	40
1829	0.82	9	41
1830	0.82	9	41
1831	0.84	8	42
1832	0.84	8	42
1833	0.84	8	42
1834	0.82	9	41
1835	0.80	10	40
1836	0.82	9	41
1837	0.82	9	41
1838	0.80	10	40
1839	0.80	10	40
1840	0.82	9	41
1841	0.82	9	41
1842	0.84	8	42
1843	0.84	8	42
1844	0.86	7	43
1845	0.86	7	43
1846	0.86	7	43
1847	0.86	7	43
1848	0.86	7	43
1849	0.84	8	42
1850	0.84	8	42
1851	0.84	8	42
1852	0.84	8	42
1853	0.84	8	42
1854	0.84	8	42
1855	0.86	7	43
1856	0.86	7	43
1857	0.86	7	43
1858	0.86	7	43
1859	0.86	7	43
1860	0.84	8	42
1861	0.82	9	41
1862	0.82	9	41
1863	0.82	9	41
1864	0.80	10	40
1865	0.80	10	40
1866	0.80	10	40
1867	0.80	10	40
1868	0.80	10	40
1869	0.82	9	41
1870	0.82	9	41
1871	0.84	8	42
1872	0.86	7	43
1873	0.86	7	43
1874	0.84	8	42
1875	0.84	8	42
1876	0.84	8	42
1877	0.84	8	42
1878	0.84	8	42
1879	0.84	8	42
1880	0.84	8	42
1881	0.84	8	42
1882	0.84	8	42
1883	0.84	8	42
1884	0.86	7	43
1885	0.88	6	44
1886	0.86	7	43
1887	0.86	7	43
1888	0.88	6	44
1889	0.86	7	43
1890	0.86	7	43
1891	0.86	7	43
1892	0.86	7	43
1893	0.86	7	43
1894	0.86	7	43
1895	0.86	7	43
1896	0.86	7	43
1897	0.86	7	43
1898	0.86	7	43
1899	0.88	6	44
1900	0.86	7	43
1901	0.86	7	43
1902	0.86	7	43
1903	0.84	8	42
1904	0.84	8	42
1905	0.84	8	42
1906	0.84	8	42
1907	0.84	8	42
1908	0.84	8	42
1909	0.82	9	41
1910	0.84	8	42
1911	0.86	7	43
1912	0.84	8	42
1913	0.84	8	42
1914	0.86	7	43
1915	0.86	7	43
1916	0.86	7	43
1917	0.84	8	42
1918	0.84	8	42
1919	0.84	8	42
1920	0.84	8	42
1921	0.82	9	41
1922	0.80	10	40
1923	0.80	10	40
1924	0.82	9	41
1925	0.80	10	40
1926	0.80	10	40
1927	0.80	10	40
1928	0.80	10	40
1929	0.80	10	40
1930	0.80	10	40
1931	0.80	10	40
1932	0.78	11	39
1933	0.78	11	39
1934	0.78	11	39
1935	0.78	11	39
1936	0.80	10	40
1937	0.80	10	40
1938	0.80	10	40
1939	0.80	10	40
1940	0.80	10	40
1941	0.78	11	39
1942	0.76	12	38
1943	0.74	13	37
1944	0.74	13	37
1945	0.74	13	37
1946	0.74	13	37
1947	0.72	14	36
1948	0.72	14	36
1949	0.72	14	36
1950	0.72	14	36
1951	0.72	14	36
1952	0.72	14	36
1953	0.74	13	37
1954	0.74	13	37
1955	0.74	13	37
1956	0.74	13	37
1957	0.74	13	37
1958	0.72	14	36
1959	0.72	14	36
1960	0.72	14	36
1961	0.72	14	36
1962	0.74	13	37
1963	0.74	13	37
1964	0.72	14	36
1965	0.72	14	36
1966	0.72	14	36
1967	0.74	13	37
1968	0.74	13	37
1969	0.74	13	37
1970	0.74	13	37
1971	0.74	13	37
1972	0.76	12	38
1973	0.76	12	38
1974	0.76	12	38
1975	0.78	11	39
1976	0.78	11	39
1977	0.78	11	39
1978	0.78	11	39
1979	0.78	11	39
1980	0.76	12	38
1981	0.76	12	38
1982	0.78	11	39
1983	0.78	11	39
1984	0.78	11	39
1985	0.78	11	39
1986	0.78	11	39
1987	0.78	11	39
1988	0.78	11	39
1989	0.80	10	40
1990	0.80	10	40
1991	0.82	9	41
1992	0.84	8	42
1993	0.86	7	43
1994	0.86	7	43
1995	0.86	7	43
1996	0.86	7	43
1997	0.86	7	43
1998	0.86	7	43
1999	0.86	7	43
2000	0.12	6	44
2001	0.14	7	43
2002	0.16	8	42
2003	0.18	9	41
2004	0.18	9	41
2005	0.20	10	40
2006	0.22	11	39
2007	0.24	12	38
2008	0.24	12	38
2009	0.24	12	38
2010	0.26	13	37
2011	0.28	14	36
2012	0.28	14	36
2013	0.30	15	35
2014	0.30	15	35
2015	0.30	15	35
2016	0.32	16	34
2017	0.34	17	33
2018	0.34	17	33
2019	0.34	17	33
2020	0.36	18	32
2021	0.36	18	32
2022	0.36	18	32
2023	0.36	18	32
2024	0.38	19	31
2025	0.38	19	31
2026	0.40	20	30
2027	0.42	21	29
2028	0.42	21	29
2029	0.44	22	28
2030	0.44	22	28
2031	0.46	23	27
2032	0.48	24	26
2033	0.48	24	26
2034	0.50	25	25
2035	0.52	26	24
2036	0.54	27	23
2037	0.54	27	23
2038	0.56	28	22
2039	0.58	29	21
2040	0.60	30	20
2041	0.62	31	19
2042	0.64	32	18
2043	0.66	33	17
2044	0.68	34	16
2045	0.70	35	15
2046	0.72	36	14
2047	0.72	36	14
2048	0.74	37	13
2049	0.76	38	12
2050	0.76	38	12
2051	0.76	38	12
2052	0.76	38	12
2053	0.76	38	12
2054	0.78	39	11
2055	0.78	39	11
2056	0.78	39	11
2057	0.78	39	11
2058	0.76	38	12
2059	0.76	38	12
2060	0.74	37	13
2061	0.74	37	13
2062	0.76	38	12
2063	0.76	38	12
2064	0.76	38	12
2065	0.76	38	12
2066	0.76	38	12
2067	0.76	38	12
2068	0.78	39	11
2069	0.80	40	10
2070	0.80	40	10
2071	0.80	40	10
2072	0.80	40	10
2073	0.82	41	9
2074	0.82	41	9
2075	0.84	42	8
2076	0.84	42	8
2077	0.84	42	8
2078	0.84	42	8
2079	0.82	41	9
2080	0.80	40	10
2081	0.80	40	10
2082	0.80	40	10
2083	0.82	41	9
2084	0.82	41	9
2085	0.82	41	9
2086	0.82	41	9
2087	0.84	42	8
2088	0.84	42	8
2089	0.84	42	8
2090	0.84	42	8
2091	0.84	42	8
2092	0.84	42	8
2093	0.84	42	8
2094	0.84	42	8
2095	0.82	41	9
2096	0.80	40	10
2097	0.80	40	10
2098	0.80	40	10
2099	0.80	40	10
2100	0.82	41	9
2101	0.82	41	9
2102	0.82	41	9
2103	0.82	41	9
2104	0.82	41	9
2105	0.82	41	9
2106	0.82	41	9
2107	0.82	41	9
2108	0.84	42	8
2109	0.84	42	8
2110	0.84	42	8
2111	0.84	42	8
2112	0.84	42	8
2113	0.84	42	8
2114	0.84	42	8
2115	0.86	43	7
2116	0.86	43	7
2117	0.86	43	7
2118	0.84	42	8
2119	0.84	42	8
2120	0.84	42	8
2121	0.82	41	9
2122	0.84	42	8
2123	0.84	42	8
2124	0.84	42	8
2125	0.84	42	8
2126	0.82	41	9
2127	0.82	41	9
2128	0.82	41	9
2129	0.84	42	8
2130	0.86	43	7
2131	0.86	43	7
2132	0.86	43	7
2133	0.86	43	7
2134	0.86	43	7
2135	0.86	43	7
2136	0.86	43	7
2137	0.86	43	7
2138	0.86	43	7
2139	0.86	43	7
2140	0.84	42	8
2141	0.84	42	8
2142	0.84	42	8
2143	0.84	42	8
2144	0.84	42	8
2145	0.86	43	7
2146	0.88	44	6
2147	0.88	44	6
2148	0.88	44	6
2149	0.88	44	6
2150	0.88	44	6
2151	0.88	44	6
2152	0.86	43	7
2153	0.86	43	7
2154	0.86	43	7
2155	0.86	43	7
2156	0.86	43	7
2157	0.86	43	7
2158	0.86	43	7
2159	0.86	43	7
2160	0.88	44	6
2161	0.88	44	6
2162	0.88	44	6
2163	0.88	44	6
2164	0.86	43	7
2165	0.84	42	8
2166	0.84	42	8
2167	0.84	42	8
2168	0.86	43	7
2169	0.84	42	8
2170	0.84	42	8
2171	0.86	43	7
2172	0.86	43	7
2173	0.86	43	7
2174	0.86	43	7
2175	0.86	43	7
2176	0.88	44	6
2177	0.88	44	6
2178	0.90	45	5
2179	0.90	45	5
2180	0.90	45	5
2181	0.90	45	5
2182	0.90	45	5
2183	0.90	45	5
2184	0.90	45	5
2185	0.90	45	5
2186	0.90	45	5
2187	0.90	45	5
2188	0.90	45	5
2189	0.90	45	5
2190	0.90	45	5
2191	0.90	45	5
2192	0.88	44	6
2193	0.88	44	6
2194	0.88	44	6
2195	0.88	44	6
2196	0.88	44	6
2197	0.88	44	6
2198	0.86	43	7
2199	0.86	43	7
2200	0.86	43	7
2201	0.86	43	7
2202	0.88	44	6
2203	0.86	43	7
2204	0.86	43	7
2205	0.86	43	7
2206	0.86	43	7
2207	0.86	43	7
2208	0.86	43	7
2209	0.86	43	7
2210	0.86	43	7
2211	0.86	43	7
2212	0.86	43	7
2213	0.86	43	7
2214	0.88	44	6
2215	0.88	44	6
2216	0.88	44	6
2217	0.88	44	6
2218	0.88	44	6
2219	0.88	44	6
2220	0.86	43	7
2221	0.86	43	7
2222	0.86	43	7
2223	0.86	43	7
2224	0.86	43	7
2225	0.86	43	7
2226	0.86	43	7
2227	0.86	43	7
2228	0.86	43	7
2229	0.86	43	7
2230	0.86	43	7
2231	0.86	43	7
2232	0.84	42	8
2233	0.84	42	8
2234	0.84	42	8
2235	0.84	42	8
2236	0.84	42	8
2237	0.84	42	8
2238	0.82	41	9
2239	0.82	41	9
2240	0.84	42	8
2241	0.84	42	8
2242	0.86	43	7
2243	0.86	43	7
2244	0.86	43	7
2245	0.86	43	7
2246	0.86	43	7
2247	0.86	43	7
2248	0.88	44	6
2249	0.88	44	6
2250	0.86	43	7
2251	0.86	43	7
2252	0.86	43	7
2253	0.86	43	7
2254	0.86	43	7
2255	0.86	43	7
2256	0.86	43	7
2257	0.86	43	7
2258	0.84	42	8
2259	0.84	42	8
2260	0.84	42	8
2261	0.84	42	8
2262	0.84	42	8
2263	0.84	42	8
2264	0.84	42	8
2265	0.86	43	7
2266	0.84	42	8
2267	0.84	42	8
2268	0.84	42	8
2269	0.84	42	8
2270	0.86	43	7
2271	0.86	43	7
2272	0.86	43	7
2273	0.86	43	7
2274	0.86	43	7
2275	0.86	43	7
2276	0.84	42	8
2277	0.84	42	8
2278	0.84	42	8
2279	0.84	42	8
2280	0.84	42	8
2281	0.84	42	8
2282	0.84	42	8
2283	0.84	42	8
2284	0.84	42	8
2285	0.84	42	8
2286	0.84	42	8
2287	0.84	42	8
2288	0.86	43	7
2289	0.86	43	7
2290	0.86	43	7
2291	0.86	43	7
2292	0.86	43	7
2293	0.86	43	7
2294	0.86	43	7
2295	0.86	43	7
2296	0.86	43	7
2297	0.86	43	7
2298	0.86	43	7
2299	0.86	43	7
2300	0.88	44	6
2301	0.86	43	7
2302	0.86	43	7
2303	0.88	44	6
2304	0.88	44	6
2305	0.88	44	6
2306	0.86	43	7
2307	0.86	43	7
2308	0.88	44	6
2309	0.88	44	6
2310	0.88	44	6
2311	0.88	44	6
2312	0.88	44	6
2313	0.86	43	7
2314	0.86	43	7
2315	0.86	43	7
2316	0.86	43	7
2317	0.86	43	7
2318	0.86	43	7
2319	0.88	44	6
2320	0.88	44	6
2321	0.88	44	6
2322	0.88	44	6
2323	0.88	44	6
2324	0.88	44	6
2325	0.88	44	6
2326	0.88	44	6
2327	0.88	44	6
2328	0.86	43	7
2329	0.86	43	7
2330	0.86	43	7
2331	0.86	43	7
2332	0.88	44	6
2333	0.86	43	7
2334	0.86	43	7
2335	0.86	43	7
2336	0.86	43	7
2337	0.84	42	8
2338	0.84	42	8
2339	0.84	42	8
2340	0.84	42	8
2341	0.84	42	8
2342	0.84	42	8
2343	0.84	42	8
2344	0.82	41	9
2345	0.82	41	9
2346	0.82	41	9
2347	0.82	41	9
2348	0.82	41	9
2349	0.80	40	10
2350	0.80	40	10
2351	0.82	41	9
2352	0.82	41	9
2353	0.82	41	9
2354	0.82	41	9
2355	0.80	40	10
2356	0.82	41	9
2357	0.82	41	9
2358	0.82	41	9
2359	0.82	41	9
2360	0.80	40	10
2361	0.80	40	10
2362	0.80	40	10
2363	0.80	40	10
2364	0.80	40	10
2365	0.80	40	10
2366	0.80	40	10
2367	0.80	40	10
2368	0.80	40	10
2369	0.80	40	10
2370	0.80	40	10
2371	0.80	40	10
2372	0.80	40	10
2373	0.80	40	10
2374	0.80	40	10
2375	0.80	40	10
2376	0.82	41	9
2377	0.82	41	9
2378	0.84	42	8
2379	0.84	42	8
2380	0.84	42	8
2381	0.84	42	8
2382	0.84	42	8
2383	0.86	43	7
2384	0.86	43	7
2385	0.86	43	7
2386	0.86	43	7
2387	0.88	44	6
2388	0.86	43	7
2389	0.84	42	8
2390	0.84	42	8
2391	0.84	42	8
2392	0.84	42	8
2393	0.84	42	8
2394	0.86	43	7
2395	0.84	42	8
2396	0.82	41	9
2397	0.82	41	9
2398	0.82	41	9
2399	0.84	42	8
2400	0.84	42	8
2401	0.84	42	8
2402	0.84	42	8
2403	0.84	42	8
2404	0.82	41	9
2405	0.84	42	8
2406	0.82	41	9
2407	0.80	40	10
2408	0.78	39	11
2409	0.78	39	11
2410	0.78	39	11
2411	0.76	38	12
2412	0.76	38	12
2413	0.78	39	11
2414	0.78	39	11
2415	0.76	38	12
2416	0.78	39	11
2417	0.78	39	11
2418	0.76	38	12
2419	0.76	38	12
2420	0.76	38	12
2421	0.76	38	12
2422	0.76	38	12
2423	0.74	37	13
2424	0.74	37	13
2425	0.74	37	13
2426	0.74	37	13
2427	0.72	36	14
2428	0.70	35	15
2429	0.70	35	15
2430	0.70	35	15
2431	0.70	35	15
2432	0.70	35	15
2433	0.70	35	15
2434	0.70	35	15
2435	0.68	34	16
2436	0.68	34	16
2437	0.68	34	16
2438	0.70	35	15
2439	0.70	35	15
2440	0.68	34	16
2441	0.68	34	16
2442	0.66	33	17
2443	0.66	33	17
2444	0.64	32	18
2445	0.64	32	18
2446	0.66	33	17
2447	0.66	33	17
2448	0.66	33	17
2449	0.64	32	18
2450	0.64	32	18
2451	0.64	32	18
2452	0.64	32	18
2453	0.64	32	18
2454	0.64	32	18
2455	0.62	31	19
2456	0.64	32	18
2457	0.66	33	17
2458	0.66	33	17
2459	0.64	32	18
2460	0.64	32	18
2461	0.66	33	17
2462	0.66	33	17
2463	0.66	33	17
2464	0.66	33	17
2465	0.68	34	16
2466	0.68	34	16
2467	0.66	33	17
2468	0.66	33	17
2469	0.66	33	17
2470	0.64	32	18
2471	0.62	31	19
2472	0.60	30	20
2473	0.62	31	19
2474	0.62	31	19
2475	0.62	31	19
2476	0.62	31	19
2477	0.64	32	18
2478	0.66	33	17
2479	0.66	33	17
2480	0.66	33	17
2481	0.66	33	17
2482	0.64	32	18
2483	0.64	32	18
2484	0.64	32	18
2485	0.66	33	17
2486	0.66	33	17
2487	0.66	33	17
2488	0.66	33	17
2489	0.68	34	16
2490	0.70	35	15
2491	0.70	35	15
2492	0.70	35	15
2493	0.70	35	15
2494	0.70	35	15
2495	0.72	36	14
2496	0.72	36	14
2497	0.70	35	15
2498	0.70	35	15
2499	0.72	36	14
2500	0.30	35	15
2501	0.32	34	16
2502	0.34	33	17
2503	0.36	32	18
2504	0.36	32	18
2505	0.36	32	18
2506	0.38	31	19
2507	0.38	31	19
2508	0.38	31	19
2509	0.38	31	19
2510	0.38	31	19
2511	0.40	30	20
2512	0.42	29	21
2513	0.42	29	21
2514	0.44	28	22
2515	0.46	27	23
2516	0.48	26	24
2517	0.48	26	24
2518	0.48	26	24
2519	0.50	25	25
2520	0.48	26	24
2521	0.46	27	23
2522	0.46	27	23
2523	0.48	26	24
2524	0.50	25	25
2525	0.52	24	26
2526	0.54	23	27
2527	0.54	23	27
2528	0.56	22	28
2529	0.58	21	29
2530	0.60	20	30
2531	0.62	19	31
2532	0.62	19	31
2533	0.64	18	32
2534	0.66	17	33
2535	0.66	17	33
2536	0.68	16	34
2537	0.70	15	35
2538	0.72	14	36
2539	0.74	13	37
2540	0.74	13	37
2541	0.76	12	38
2542	0.76	12	38
2543	0.78	11	39
2544	0.78	11	39
2545	0.80	10	40
2546	0.82	9	41
2547	0.82	9	41
2548	0.84	8	42
2549	0.86	7	43
2550	0.86	7	43
2551	0.86	7	43
2552	0.84	8	42
2553	0.84	8	42
2554	0.82	9	41
2555	0.80	10	40
2556	0.80	10	40
2557	0.82	9	41
2558	0.82	9	41
2559	0.82	9	41
2560	0.80	10	40
2561	0.80	10	40
2562	0.80	10	40
2563	0.80	10	40
2564	0.80	10	40
2565	0.80	10	40
2566	0.80	10	40
2567	0.78	11	39
2568	0.78	11	39
2569	0.78	11	39
2570	0.80	10	40
2571	0.82	9	41
2572	0.82	9	41
2573	0.80	10	40
2574	0.80	10	40
2575	0.80	10	40
2576	0.80	10	40
2577	0.80	10	40
2578	0.80	10	40
2579	0.80	10	40
2580	0.80	10	40
2581	0.78	11	39
2582	0.76	12	38
2583	0.76	12	38
2584	0.76	12	38
2585	0.78	11	39
2586	0.78	11	39
2587	0.78	11	39
2588	0.78	11	39
2589	0.78	11	39
2590	0.78	11	39
2591	0.78	11	39
2592	0.78	11	39
2593	0.76	12	38
2594	0.76	12	38
2595	0.76	12	38
2596	0.76	12	38
2597	0.76	12	38
2598	0.76	12	38
2599	0.76	12	38
2600	0.76	12	38
2601	0.76	12	38
2602	0.78	11	39
2603	0.78	11	39
2604	0.80	10	40
2605	0.82	9	41
2606	0.80	10	40
2607	0.78	11	39
2608	0.78	11	39
2609	0.78	11	39
2610	0.80	10	40
2611	0.80	10	40
2612	0.80	10	40
2613	0.82	9	41
2614	0.82	9	41
2615	0.82	9	41
2616	0.82	9	41
2617	0.84	8	42
2618	0.84	8	42
2619	0.84	8	42
2620	0.84	8	42
2621	0.84	8	42
2622	0.84	8	42
2623	0.86	7	43
2624	0.86	7	43
2625	0.84	8	42
2626	0.84	8	42
2627	0.86	7	43
2628	0.86	7	43
2629	0.86	7	43
2630	0.84	8	42
2631	0.84	8	42
2632	0.86	7	43
2633	0.86	7	43
2634	0.84	8	42
2635	0.84	8	42
2636	0.84	8	42
2637	0.84	8	42
2638	0.84	8	42
2639	0.82	9	41
2640	0.84	8	42
2641	0.84	8	42
2642	0.84	8	42
2643	0.84	8	42
2644	0.84	8	42
2645	0.84	8	42
2646	0.84	8	42
2647	0.84	8	42
2648	0.84	8	42
2649	0.82	9	41
2650	0.82	9	41
2651	0.80	10	40
2652	0.80	10	40
2653	0.80	10	40
2654	0.80	10	40
2655	0.80	10	40
2656	0.82	9	41
2657	0.82	9	41
2658	0.82	9	41
2659	0.82	9	41
2660	0.82	9	41
2661	0.82	9	41
2662	0.82	9	41
2663	0.80	10	40
2664	0.80	10	40
2665	0.80	10	40
2666	0.80	10	40
2667	0.80	10	40
2668	0.80	10	40
2669	0.80	10	40
2670	0.80	10	40
2671	0.80	10	40
2672	0.80	10	40
2673	0.80	10	40
2674	0.80	10	40
2675	0.82	9	41
2676	0.82	9	41
2677	0.82	9	41
2678	0.82	9	41
2679	0.82	9	41
2680	0.82	9	41
2681	0.84	8	42
2682	0.84	8	42
2683	0.82	9	41
2684	0.84	8	42
2685	0.82	9	41
2686	0.82	9	41
2687	0.80	10	40
2688	0.80	10	40
2689	0.80	10	40
2690	0.78	11	39
2691	0.78	11	39
2692	0.78	11	39
2693	0.78	11	39
2694	0.78	11	39
2695	0.78	11	39
2696	0.76	12	38
2697	0.76	12	38
2698	0.76	12	38
2699	0.78	11	39
2700	0.78	11	39
2701	0.80	10	40
2702	0.80	10	40
2703	0.80	10	40
2704	0.80	10	40
2705	0.80	10	40
2706	0.80	10	40
2707	0.82	9	41
2708	0.82	9	41
2709	0.82	9	41
2710	0.82	9	41
2711	0.82	9	41
2712	0.82	9	41
2713	0.84	8	42
2714	0.84	8	42
2715	0.84	8	42
2716	0.82	9	41
2717	0.80	10	40
2718	0.80	10	40
2719	0.78	11	39
2720	0.78	11	39
2721	0.78	11	39
2722	0.78	11	39
2723	0.78	11	39
2724	0.78	11	39
2725	0.78	11	39
2726	0.76	12	38
2727	0.76	12	38
2728	0.74	13	37
2729	0.74	13	37
2730	0.76	12	38
2731	0.76	12	38
2732	0.76	12	38
2733	0.76	12	38
2734	0.76	12	38
2735	0.78	11	39
2736	0.78	11	39
2737	0.78	11	39
2738	0.78	11	39
2739	0.78	11	39
2740	0.80	10	40
2741	0.78	11	39
2742	0.78	11	39
2743	0.80	10	40
2744	0.80	10	40
2745	0.80	10	40
2746	0.82	9	41
2747	0.82	9	41
2748	0.80	10	40
2749	0.80	10	40
2750	0.80	10	40
2751	0.80	10	40
2752	0.80	10	40
2753	0.78	11	39
2754	0.78	11	39
2755	0.78	11	39
2756	0.76	12	38
2757	0.76	12	38
2758	0.76	12	38
2759	0.76	12	38
2760	0.76	12	38
2761	0.76	12	38
2762	0.76	12	38
2763	0.74	13	37
2764	0.74	13	37
2765	0.74	13	37
2766	0.76	12	38
2767	0.78	11	39
2768	0.78	11	39
2769	0.80	10	40
2770	0.80	10	40
2771	0.80	10	40
2772	0.80	10	40
2773	0.78	11	39
2774	0.78	11	39
2775	0.78	11	39
2776	0.80	10	40
2777	0.80	10	40
2778	0.82	9	41
2779	0.80	10	40
2780	0.80	10	40
2781	0.78	11	39
2782	0.78	11	39
2783	0.80	10	40
2784	0.78	11	39
2785	0.76	12	38
2786	0.76	12	38
2787	0.78	11	39
2788	0.78	11	39
2789	0.80	10	40
2790	0.80	10	40
2791	0.82	9	41
2792	0.80	10	40
2793	0.78	11	39
2794	0.78	11	39
2795	0.78	11	39
2796	0.76	12	38
2797	0.76	12	38
2798	0.78	11	39
2799	0.78	11	39
2800	0.78	11	39
2801	0.78	11	39
2802	0.78	11	39
2803	0.80	10	40
2804	0.80	10	40
2805	0.78	11	39
2806	0.78	11	39
2807	0.78	11	39
2808	0.76	12	38
2809	0.74	13	37
2810	0.72	14	36
2811	0.72	14	36
2812	0.72	14	36
2813	0.72	14	36
2814	0.72	14	36
2815	0.72	14	36
2816	0.72	14	36
2817	0.72	14	36
2818	0.72	14	36
2819	0.72	14	36
2820	0.72	14	36
2821	0.72	14	36
2822	0.72	14	36
2823	0.74	13	37
2824	0.72	14	36
2825	0.72	14	36
2826	0.72	14	36
2827	0.72	14	36
2828	0.72	14	36
2829	0.72	14	36
2830	0.72	14	36
2831	0.74	13	37
2832	0.72	14	36
2833	0.72	14	36
2834	0.74	13	37
2835	0.76	12	38
2836	0.76	12	38
2837	0.76	12	38
2838	0.76	12	38
2839	0.76	12	38
2840	0.76	12	38
2841	0.76	12	38
2842	0.76	12	38
2843	0.78	11	39
2844	0.76	12	38
2845	0.76	12	38
2846	0.78	11	39
2847	0.76	12	38
2848	0.76	12	38
2849	0.76	12	38
2850	0.76	12	38
2851	0.76	12	38
2852	0.76	12	38
2853	0.76	12	38
2854	0.76	12	38
2855	0.78	11	39
2856	0.80	10	40
2857	0.80	10	40
2858	0.82	9	41
2859	0.84	8	42
2860	0.84	8	42
2861	0.84	8	42
2862	0.84	8	42
2863	0.86	7	43
2864	0.86	7	43
2865	0.86	7	43
2866	0.86	7	43
2867	0.86	7	43
2868	0.84	8	42
2869	0.84	8	42
2870	0.84	8	42
2871	0.84	8	42
2872	0.82	9	41
2873	0.82	9	41
2874	0.84	8	42
2875	0.84	8	42
2876	0.84	8	42
2877	0.84	8	42
2878	0.84	8	42
2879	0.86	7	43
2880	0.84	8	42
2881	0.84	8	42
2882	0.86	7	43
2883	0.86	7	43
2884	0.86	7	43
2885	0.86	7	43
2886	0.86	7	43
2887	0.84	8	42
2888	0.84	8	42
2889	0.84	8	42
2890	0.84	8	42
2891	0.84	8	42
2892	0.86	7	43
2893	0.86	7	43
2894	0.88	6	44
2895	0.88	6	44
2896	0.88	6	44
2897	0.90	5	45
2898	0.90	5	45
2899	0.90	5	45
2900	0.88	6	44
2901	0.88	6	44
2902	0.88	6	44
2903	0.88	6	44
2904	0.88	6	44
2905	0.88	6	44
2906	0.88	6	44
2907	0.88	6	44
2908	0.86	7	43
2909	0.84	8	42
2910	0.84	8	42
2911	0.82	9	41
2912	0.82	9	41
2913	0.82	9	41
2914	0.82	9	41
2915	0.82	9	41
2916	0.82	9	41
2917	0.82	9	41
2918	0.84	8	42
2919	0.84	8	42
2920	0.84	8	42
2921	0.84	8	42
2922	0.86	7	43
2923	0.86	7	43
2924	0.86	7	43
2925	0.86	7	43
2926	0.86	7	43
2927	0.86	7	43
2928	0.86	7	43
2929	0.86	7	43
2930	0.86	7	43
2931	0.86	7	43
2932	0.86	7	43
2933	0.84	8	42
2934	0.82	9	41
2935	0.82	9	41
2936	0.82	9	41
2937	0.84	8	42
2938	0.84	8	42
2939	0.84	8	42
2940	0.84	8	42
2941	0.84	8	42
2942	0.84	8	42
2943	0.84	8	42
2944	0.84	8	42
2945	0.84	8	42
2946	0.84	8	42
2947	0.84	8	42
2948	0.84	8	42
2949	0.84	8	42
2950	0.84	8	42
2951	0.84	8	42
2952	0.82	9	41
2953	0.82	9	41
2954	0.82	9	41
2955	0.82	9	41
2956	0.82	9	41
2957	0.82	9	41
2958	0.82	9	41
2959	0.82	9	41
2960	0.84	8	42
2961	0.84	8	42
2962	0.84	8	42
2963	0.84	8	42
2964	0.84	8	42
2965	0.84	8	42
2966	0.82	9	41
2967	0.82	9	41
2968	0.80	10	40
2969	0.80	10	40
2970	0.80	10	40
2971	0.80	10	40
2972	0.80	10	40
2973	0.80	10	40
2974	0.80	10	40
2975	0.78	11	39
2976	0.78	11	39
2977	0.78	11	39
2978	0.78	11	39
2979	0.78	11	39
2980	0.80	10	40
2981	0.80	10	40
2982	0.80	10	40
2983	0.82	9	41
2984	0.84	8	42
2985	0.84	8	42
2986	0.84	8	42
2987	0.84	8	42
2988	0.84	8	42
2989	0.84	8	42
2990	0.84	8	42
2991	0.84	8	42
2992	0.84	8	42
2993	0.84	8	42
2994	0.84	8	42
2995	0.82	9	41
2996	0.82	9	41
2997	0.82	9	41
2998	0.82	9	41
2999	0.82	9	41
