timestep	swarm_quality	color_0	color_1
0	0.70	70	30
1	0.69	69	31
2	0.69	69	31
3	0.69	69	31
4	0.69	69	31
5	0.68	68	32
6	0.68	68	32
7	0.68	68	32
8	0.68	68	32
9	0.68	68	32
10	0.68	68	32
11	0.68	68	32
12	0.68	68	32
13	0.67	67	33
14	0.66	66	34
15	0.66	66	34
16	0.65	65	35
17	0.65	65	35
18	0.65	65	35
19	0.65	65	35
20	0.65	65	35
21	0.65	65	35
22	0.65	65	35
23	0.65	65	35
24	0.65	65	35
25	0.65	65	35
26	0.65	65	35
27	0.65	65	35
28	0.64	64	36
29	0.64	64	36
30	0.64	64	36
31	0.64	64	36
32	0.64	64	36
33	0.63	63	37
34	0.63	63	37
35	0.62	62	38
36	0.62	62	38
37	0.62	62	38
38	0.62	62	38
39	0.62	62	38
40	0.62	62	38
41	0.61	61	39
42	0.60	60	40
43	0.60	60	40
44	0.60	60	40
45	0.60	60	40
46	0.60	60	40
47	0.59	59	41
48	0.58	58	42
49	0.57	57	43
50	0.57	57	43
51	0.57	57	43
52	0.57	57	43
53	0.57	57	43
54	0.57	57	43
55	0.56	56	44
56	0.56	56	44
57	0.55	55	45
58	0.55	55	45
59	0.55	55	45
60	0.55	55	45
61	0.54	54	46
62	0.53	53	47
63	0.53	53	47
64	0.53	53	47
65	0.53	53	47
66	0.53	53	47
67	0.53	53	47
68	0.53	53	47
69	0.53	53	47
70	0.54	54	46
71	0.55	55	45
72	0.56	56	44
73	0.57	57	43
74	0.58	58	42
75	0.59	59	41
76	0.60	60	40
77	0.61	61	39
78	0.62	62	38
79	0.63	63	37
80	0.64	64	36
81	0.64	64	36
82	0.65	65	35
83	0.66	66	34
84	0.66	66	34
85	0.67	67	33
86	0.68	68	32
87	0.69	69	31
88	0.69	69	31
89	0.70	70	30
90	0.71	71	29
91	0.72	72	28
92	0.73	73	27
93	0.74	74	26
94	0.74	74	26
95	0.75	75	25
96	0.75	75	25
97	0.76	76	24
98	0.77	77	23
99	0.78	78	22
100	0.78	78	22
101	0.79	79	21
102	0.79	79	21
103	0.79	79	21
104	0.79	79	21
105	0.80	80	20
106	0.80	80	20
107	0.80	80	20
108	0.80	80	20
109	0.80	80	20
110	0.80	80	20
111	0.80	80	20
112	0.80	80	20
113	0.80	80	20
114	0.81	81	19
115	0.81	81	19
116	0.82	82	18
117	0.82	82	18
118	0.82	82	18
119	0.82	82	18
120	0.82	82	18
121	0.82	82	18
122	0.82	82	18
123	0.82	82	18
124	0.82	82	18
125	0.82	82	18
126	0.82	82	18
127	0.82	82	18
128	0.83	83	17
129	0.83	83	17
130	0.83	83	17
131	0.83	83	17
132	0.83	83	17
133	0.84	84	16
134	0.83	83	17
135	0.84	84	16
136	0.84	84	16
137	0.84	84	16
138	0.84	84	16
139	0.84	84	16
140	0.83	83	17
141	0.84	84	16
142	0.85	85	15
143	0.85	85	15
144	0.85	85	15
145	0.85	85	15
146	0.85	85	15
147	0.86	86	14
148	0.86	86	14
149	0.86	86	14
150	0.86	86	14
151	0.86	86	14
152	0.85	85	15
153	0.85	85	15
154	0.85	85	15
155	0.86	86	14
156	0.86	86	14
157	0.87	87	13
158	0.87	87	13
159	0.87	87	13
160	0.87	87	13
161	0.88	88	12
162	0.89	89	11
163	0.89	89	11
164	0.89	89	11
165	0.89	89	11
166	0.89	89	11
167	0.89	89	11
168	0.89	89	11
169	0.89	89	11
170	0.89	89	11
171	0.89	89	11
172	0.89	89	11
173	0.89	89	11
174	0.89	89	11
175	0.89	89	11
176	0.89	89	11
177	0.89	89	11
178	0.88	88	12
179	0.88	88	12
180	0.88	88	12
181	0.89	89	11
182	0.89	89	11
183	0.89	89	11
184	0.90	90	10
185	0.90	90	10
186	0.90	90	10
187	0.90	90	10
188	0.91	91	9
189	0.91	91	9
190	0.91	91	9
191	0.91	91	9
192	0.91	91	9
193	0.91	91	9
194	0.92	92	8
195	0.92	92	8
196	0.93	93	7
197	0.93	93	7
198	0.93	93	7
199	0.93	93	7
200	0.93	93	7
201	0.93	93	7
202	0.93	93	7
203	0.93	93	7
204	0.93	93	7
205	0.93	93	7
206	0.93	93	7
207	0.93	93	7
208	0.93	93	7
209	0.93	93	7
210	0.93	93	7
211	0.93	93	7
212	0.93	93	7
213	0.94	94	6
214	0.94	94	6
215	0.93	93	7
216	0.93	93	7
217	0.93	93	7
218	0.93	93	7
219	0.93	93	7
220	0.93	93	7
221	0.93	93	7
222	0.93	93	7
223	0.93	93	7
224	0.93	93	7
225	0.93	93	7
226	0.93	93	7
227	0.93	93	7
228	0.93	93	7
229	0.93	93	7
230	0.93	93	7
231	0.93	93	7
232	0.93	93	7
233	0.92	92	8
234	0.93	93	7
235	0.93	93	7
236	0.93	93	7
237	0.93	93	7
238	0.93	93	7
239	0.93	93	7
240	0.94	94	6
241	0.94	94	6
242	0.94	94	6
243	0.94	94	6
244	0.94	94	6
245	0.94	94	6
246	0.94	94	6
247	0.94	94	6
248	0.95	95	5
249	0.96	96	4
250	0.96	96	4
251	0.96	96	4
252	0.96	96	4
253	0.96	96	4
254	0.96	96	4
255	0.95	95	5
256	0.94	94	6
257	0.94	94	6
258	0.94	94	6
259	0.94	94	6
260	0.94	94	6
261	0.94	94	6
262	0.94	94	6
263	0.94	94	6
264	0.94	94	6
265	0.94	94	6
266	0.94	94	6
267	0.94	94	6
268	0.94	94	6
269	0.94	94	6
270	0.94	94	6
271	0.94	94	6
272	0.94	94	6
273	0.94	94	6
274	0.94	94	6
275	0.94	94	6
276	0.94	94	6
277	0.94	94	6
278	0.95	95	5
279	0.95	95	5
280	0.95	95	5
281	0.95	95	5
282	0.95	95	5
283	0.95	95	5
284	0.94	94	6
285	0.94	94	6
286	0.94	94	6
287	0.94	94	6
288	0.94	94	6
289	0.94	94	6
290	0.94	94	6
291	0.94	94	6
292	0.94	94	6
293	0.94	94	6
294	0.94	94	6
295	0.94	94	6
296	0.94	94	6
297	0.94	94	6
298	0.94	94	6
299	0.94	94	6
300	0.94	94	6
301	0.94	94	6
302	0.94	94	6
303	0.94	94	6
304	0.94	94	6
305	0.94	94	6
306	0.94	94	6
307	0.94	94	6
308	0.94	94	6
309	0.94	94	6
310	0.94	94	6
311	0.94	94	6
312	0.94	94	6
313	0.94	94	6
314	0.94	94	6
315	0.95	95	5
316	0.95	95	5
317	0.95	95	5
318	0.95	95	5
319	0.95	95	5
320	0.95	95	5
321	0.95	95	5
322	0.95	95	5
323	0.95	95	5
324	0.95	95	5
325	0.95	95	5
326	0.95	95	5
327	0.95	95	5
328	0.95	95	5
329	0.95	95	5
330	0.95	95	5
331	0.94	94	6
332	0.94	94	6
333	0.95	95	5
334	0.95	95	5
335	0.95	95	5
336	0.95	95	5
337	0.95	95	5
338	0.95	95	5
339	0.95	95	5
340	0.94	94	6
341	0.94	94	6
342	0.94	94	6
343	0.94	94	6
344	0.93	93	7
345	0.93	93	7
346	0.93	93	7
347	0.93	93	7
348	0.93	93	7
349	0.93	93	7
350	0.92	92	8
351	0.92	92	8
352	0.93	93	7
353	0.92	92	8
354	0.92	92	8
355	0.93	93	7
356	0.94	94	6
357	0.94	94	6
358	0.94	94	6
359	0.94	94	6
360	0.94	94	6
361	0.94	94	6
362	0.94	94	6
363	0.94	94	6
364	0.94	94	6
365	0.94	94	6
366	0.94	94	6
367	0.94	94	6
368	0.94	94	6
369	0.94	94	6
370	0.94	94	6
371	0.94	94	6
372	0.94	94	6
373	0.94	94	6
374	0.94	94	6
375	0.93	93	7
376	0.93	93	7
377	0.93	93	7
378	0.93	93	7
379	0.93	93	7
380	0.93	93	7
381	0.92	92	8
382	0.92	92	8
383	0.92	92	8
384	0.93	93	7
385	0.93	93	7
386	0.93	93	7
387	0.92	92	8
388	0.92	92	8
389	0.92	92	8
390	0.92	92	8
391	0.92	92	8
392	0.92	92	8
393	0.92	92	8
394	0.92	92	8
395	0.92	92	8
396	0.92	92	8
397	0.92	92	8
398	0.92	92	8
399	0.92	92	8
400	0.92	92	8
401	0.92	92	8
402	0.92	92	8
403	0.92	92	8
404	0.92	92	8
405	0.92	92	8
406	0.92	92	8
407	0.92	92	8
408	0.92	92	8
409	0.92	92	8
410	0.92	92	8
411	0.91	91	9
412	0.91	91	9
413	0.91	91	9
414	0.91	91	9
415	0.91	91	9
416	0.91	91	9
417	0.91	91	9
418	0.91	91	9
419	0.91	91	9
420	0.91	91	9
421	0.91	91	9
422	0.91	91	9
423	0.91	91	9
424	0.91	91	9
425	0.91	91	9
426	0.90	90	10
427	0.90	90	10
428	0.90	90	10
429	0.89	89	11
430	0.89	89	11
431	0.89	89	11
432	0.89	89	11
433	0.89	89	11
434	0.89	89	11
435	0.89	89	11
436	0.88	88	12
437	0.88	88	12
438	0.88	88	12
439	0.88	88	12
440	0.89	89	11
441	0.89	89	11
442	0.89	89	11
443	0.89	89	11
444	0.90	90	10
445	0.90	90	10
446	0.90	90	10
447	0.90	90	10
448	0.90	90	10
449	0.90	90	10
450	0.91	91	9
451	0.91	91	9
452	0.91	91	9
453	0.92	92	8
454	0.92	92	8
455	0.92	92	8
456	0.92	92	8
457	0.92	92	8
458	0.92	92	8
459	0.92	92	8
460	0.92	92	8
461	0.92	92	8
462	0.92	92	8
463	0.91	91	9
464	0.91	91	9
465	0.90	90	10
466	0.90	90	10
467	0.90	90	10
468	0.89	89	11
469	0.89	89	11
470	0.89	89	11
471	0.89	89	11
472	0.89	89	11
473	0.89	89	11
474	0.89	89	11
475	0.90	90	10
476	0.90	90	10
477	0.90	90	10
478	0.90	90	10
479	0.90	90	10
480	0.90	90	10
481	0.91	91	9
482	0.91	91	9
483	0.91	91	9
484	0.91	91	9
485	0.91	91	9
486	0.90	90	10
487	0.91	91	9
488	0.91	91	9
489	0.91	91	9
490	0.91	91	9
491	0.91	91	9
492	0.91	91	9
493	0.91	91	9
494	0.91	91	9
495	0.91	91	9
496	0.91	91	9
497	0.91	91	9
498	0.91	91	9
499	0.91	91	9
500	0.91	91	9
501	0.91	91	9
502	0.91	91	9
503	0.91	91	9
504	0.91	91	9
505	0.91	91	9
506	0.91	91	9
507	0.91	91	9
508	0.91	91	9
509	0.91	91	9
510	0.91	91	9
511	0.92	92	8
512	0.92	92	8
513	0.92	92	8
514	0.92	92	8
515	0.92	92	8
516	0.92	92	8
517	0.92	92	8
518	0.92	92	8
519	0.92	92	8
520	0.92	92	8
521	0.92	92	8
522	0.92	92	8
523	0.92	92	8
524	0.92	92	8
525	0.92	92	8
526	0.93	93	7
527	0.93	93	7
528	0.93	93	7
529	0.94	94	6
530	0.94	94	6
531	0.95	95	5
532	0.95	95	5
533	0.95	95	5
534	0.95	95	5
535	0.95	95	5
536	0.95	95	5
537	0.95	95	5
538	0.95	95	5
539	0.95	95	5
540	0.95	95	5
541	0.95	95	5
542	0.95	95	5
543	0.95	95	5
544	0.95	95	5
545	0.95	95	5
546	0.95	95	5
547	0.95	95	5
548	0.95	95	5
549	0.95	95	5
550	0.95	95	5
551	0.95	95	5
552	0.95	95	5
553	0.95	95	5
554	0.95	95	5
555	0.95	95	5
556	0.95	95	5
557	0.95	95	5
558	0.95	95	5
559	0.95	95	5
560	0.95	95	5
561	0.95	95	5
562	0.95	95	5
563	0.96	96	4
564	0.96	96	4
565	0.97	97	3
566	0.97	97	3
567	0.97	97	3
568	0.98	98	2
569	0.98	98	2
570	0.98	98	2
571	0.98	98	2
572	0.98	98	2
573	0.98	98	2
574	0.98	98	2
575	0.98	98	2
576	0.98	98	2
577	0.98	98	2
578	0.98	98	2
579	0.98	98	2
580	0.98	98	2
581	0.98	98	2
582	0.98	98	2
583	0.98	98	2
584	0.98	98	2
585	0.98	98	2
586	0.99	99	1
587	0.99	99	1
588	0.99	99	1
589	0.99	99	1
590	0.99	99	1
591	0.99	99	1
592	0.99	99	1
593	0.99	99	1
594	0.99	99	1
595	0.99	99	1
596	0.99	99	1
597	0.99	99	1
598	0.99	99	1
599	0.99	99	1
600	0.99	99	1
601	0.99	99	1
602	0.99	99	1
603	0.99	99	1
604	0.99	99	1
605	0.99	99	1
606	0.98	98	2
607	0.98	98	2
608	0.98	98	2
609	0.98	98	2
610	0.98	98	2
611	0.98	98	2
612	0.98	98	2
613	0.98	98	2
614	0.98	98	2
615	0.98	98	2
616	0.98	98	2
617	0.97	97	3
618	0.97	97	3
619	0.97	97	3
620	0.97	97	3
621	0.97	97	3
622	0.97	97	3
623	0.96	96	4
624	0.96	96	4
625	0.96	96	4
626	0.96	96	4
627	0.96	96	4
628	0.96	96	4
629	0.96	96	4
630	0.96	96	4
631	0.96	96	4
632	0.96	96	4
633	0.96	96	4
634	0.96	96	4
635	0.96	96	4
636	0.97	97	3
637	0.97	97	3
638	0.97	97	3
639	0.97	97	3
640	0.97	97	3
641	0.97	97	3
642	0.97	97	3
643	0.97	97	3
644	0.97	97	3
645	0.97	97	3
646	0.97	97	3
647	0.97	97	3
648	0.97	97	3
649	0.97	97	3
650	0.97	97	3
651	0.97	97	3
652	0.96	96	4
653	0.96	96	4
654	0.96	96	4
655	0.96	96	4
656	0.96	96	4
657	0.96	96	4
658	0.96	96	4
659	0.95	95	5
660	0.95	95	5
661	0.95	95	5
662	0.95	95	5
663	0.95	95	5
664	0.95	95	5
665	0.95	95	5
666	0.95	95	5
667	0.95	95	5
668	0.95	95	5
669	0.95	95	5
670	0.95	95	5
671	0.95	95	5
672	0.95	95	5
673	0.95	95	5
674	0.95	95	5
675	0.95	95	5
676	0.95	95	5
677	0.95	95	5
678	0.95	95	5
679	0.95	95	5
680	0.95	95	5
681	0.95	95	5
682	0.95	95	5
683	0.95	95	5
684	0.95	95	5
685	0.95	95	5
686	0.95	95	5
687	0.95	95	5
688	0.95	95	5
689	0.95	95	5
690	0.95	95	5
691	0.95	95	5
692	0.95	95	5
693	0.95	95	5
694	0.95	95	5
695	0.95	95	5
696	0.95	95	5
697	0.95	95	5
698	0.95	95	5
699	0.95	95	5
700	0.94	94	6
701	0.94	94	6
702	0.94	94	6
703	0.94	94	6
704	0.94	94	6
705	0.94	94	6
706	0.95	95	5
707	0.95	95	5
708	0.94	94	6
709	0.94	94	6
710	0.94	94	6
711	0.94	94	6
712	0.94	94	6
713	0.94	94	6
714	0.94	94	6
715	0.94	94	6
716	0.94	94	6
717	0.95	95	5
718	0.95	95	5
719	0.95	95	5
720	0.95	95	5
721	0.95	95	5
722	0.95	95	5
723	0.96	96	4
724	0.96	96	4
725	0.96	96	4
726	0.95	95	5
727	0.95	95	5
728	0.95	95	5
729	0.95	95	5
730	0.95	95	5
731	0.95	95	5
732	0.95	95	5
733	0.95	95	5
734	0.95	95	5
735	0.95	95	5
736	0.95	95	5
737	0.95	95	5
738	0.95	95	5
739	0.95	95	5
740	0.95	95	5
741	0.95	95	5
742	0.95	95	5
743	0.95	95	5
744	0.95	95	5
745	0.95	95	5
746	0.95	95	5
747	0.95	95	5
748	0.95	95	5
749	0.95	95	5
750	0.95	95	5
751	0.95	95	5
752	0.96	96	4
753	0.96	96	4
754	0.96	96	4
755	0.96	96	4
756	0.96	96	4
757	0.96	96	4
758	0.96	96	4
759	0.97	97	3
760	0.97	97	3
761	0.97	97	3
762	0.97	97	3
763	0.96	96	4
764	0.96	96	4
765	0.95	95	5
766	0.94	94	6
767	0.94	94	6
768	0.94	94	6
769	0.94	94	6
770	0.94	94	6
771	0.94	94	6
772	0.94	94	6
773	0.94	94	6
774	0.94	94	6
775	0.94	94	6
776	0.94	94	6
777	0.94	94	6
778	0.93	93	7
779	0.93	93	7
780	0.93	93	7
781	0.93	93	7
782	0.93	93	7
783	0.93	93	7
784	0.93	93	7
785	0.93	93	7
786	0.93	93	7
787	0.93	93	7
788	0.93	93	7
789	0.93	93	7
790	0.93	93	7
791	0.93	93	7
792	0.93	93	7
793	0.93	93	7
794	0.93	93	7
795	0.93	93	7
796	0.93	93	7
797	0.93	93	7
798	0.93	93	7
799	0.92	92	8
800	0.93	93	7
801	0.93	93	7
802	0.92	92	8
803	0.92	92	8
804	0.91	91	9
805	0.90	90	10
806	0.90	90	10
807	0.89	89	11
808	0.90	90	10
809	0.90	90	10
810	0.89	89	11
811	0.89	89	11
812	0.89	89	11
813	0.89	89	11
814	0.88	88	12
815	0.88	88	12
816	0.88	88	12
817	0.88	88	12
818	0.87	87	13
819	0.87	87	13
820	0.86	86	14
821	0.86	86	14
822	0.86	86	14
823	0.86	86	14
824	0.86	86	14
825	0.86	86	14
826	0.87	87	13
827	0.87	87	13
828	0.87	87	13
829	0.87	87	13
830	0.87	87	13
831	0.87	87	13
832	0.87	87	13
833	0.87	87	13
834	0.87	87	13
835	0.87	87	13
836	0.87	87	13
837	0.87	87	13
838	0.87	87	13
839	0.87	87	13
840	0.87	87	13
841	0.86	86	14
842	0.86	86	14
843	0.86	86	14
844	0.86	86	14
845	0.86	86	14
846	0.86	86	14
847	0.86	86	14
848	0.86	86	14
849	0.86	86	14
850	0.86	86	14
851	0.86	86	14
852	0.86	86	14
853	0.85	85	15
854	0.85	85	15
855	0.85	85	15
856	0.85	85	15
857	0.85	85	15
858	0.85	85	15
859	0.85	85	15
860	0.85	85	15
861	0.84	84	16
862	0.84	84	16
863	0.85	85	15
864	0.84	84	16
865	0.85	85	15
866	0.86	86	14
867	0.86	86	14
868	0.86	86	14
869	0.86	86	14
870	0.86	86	14
871	0.85	85	15
872	0.85	85	15
873	0.85	85	15
874	0.85	85	15
875	0.85	85	15
876	0.85	85	15
877	0.85	85	15
878	0.86	86	14
879	0.86	86	14
880	0.86	86	14
881	0.86	86	14
882	0.86	86	14
883	0.86	86	14
884	0.86	86	14
885	0.86	86	14
886	0.86	86	14
887	0.86	86	14
888	0.85	85	15
889	0.85	85	15
890	0.85	85	15
891	0.85	85	15
892	0.85	85	15
893	0.85	85	15
894	0.85	85	15
895	0.85	85	15
896	0.84	84	16
897	0.84	84	16
898	0.84	84	16
899	0.85	85	15
900	0.85	85	15
901	0.85	85	15
902	0.86	86	14
903	0.86	86	14
904	0.87	87	13
905	0.88	88	12
906	0.88	88	12
907	0.89	89	11
908	0.89	89	11
909	0.89	89	11
910	0.90	90	10
911	0.90	90	10
912	0.90	90	10
913	0.90	90	10
914	0.91	91	9
915	0.91	91	9
916	0.91	91	9
917	0.91	91	9
918	0.91	91	9
919	0.91	91	9
920	0.92	92	8
921	0.92	92	8
922	0.92	92	8
923	0.92	92	8
924	0.92	92	8
925	0.92	92	8
926	0.92	92	8
927	0.92	92	8
928	0.92	92	8
929	0.92	92	8
930	0.92	92	8
931	0.92	92	8
932	0.92	92	8
933	0.92	92	8
934	0.92	92	8
935	0.92	92	8
936	0.91	91	9
937	0.91	91	9
938	0.91	91	9
939	0.90	90	10
940	0.90	90	10
941	0.91	91	9
942	0.91	91	9
943	0.90	90	10
944	0.90	90	10
945	0.90	90	10
946	0.90	90	10
947	0.90	90	10
948	0.90	90	10
949	0.90	90	10
950	0.90	90	10
951	0.90	90	10
952	0.90	90	10
953	0.91	91	9
954	0.91	91	9
955	0.91	91	9
956	0.91	91	9
957	0.91	91	9
958	0.91	91	9
959	0.91	91	9
960	0.91	91	9
961	0.92	92	8
962	0.92	92	8
963	0.92	92	8
964	0.93	93	7
965	0.93	93	7
966	0.93	93	7
967	0.93	93	7
968	0.93	93	7
969	0.93	93	7
970	0.93	93	7
971	0.94	94	6
972	0.93	93	7
973	0.93	93	7
974	0.93	93	7
975	0.92	92	8
976	0.92	92	8
977	0.92	92	8
978	0.92	92	8
979	0.92	92	8
980	0.91	91	9
981	0.91	91	9
982	0.91	91	9
983	0.91	91	9
984	0.91	91	9
985	0.91	91	9
986	0.91	91	9
987	0.91	91	9
988	0.92	92	8
989	0.92	92	8
990	0.92	92	8
991	0.92	92	8
992	0.92	92	8
993	0.92	92	8
994	0.92	92	8
995	0.92	92	8
996	0.93	93	7
997	0.93	93	7
998	0.93	93	7
999	0.92	92	8
1000	0.08	92	8
1001	0.08	92	8
1002	0.08	92	8
1003	0.09	91	9
1004	0.10	90	10
1005	0.10	90	10
1006	0.10	90	10
1007	0.11	89	11
1008	0.11	89	11
1009	0.11	89	11
1010	0.11	89	11
1011	0.11	89	11
1012	0.12	88	12
1013	0.13	87	13
1014	0.14	86	14
1015	0.14	86	14
1016	0.15	85	15
1017	0.15	85	15
1018	0.15	85	15
1019	0.15	85	15
1020	0.15	85	15
1021	0.15	85	15
1022	0.15	85	15
1023	0.15	85	15
1024	0.15	85	15
1025	0.15	85	15
1026	0.15	85	15
1027	0.15	85	15
1028	0.15	85	15
1029	0.15	85	15
1030	0.15	85	15
1031	0.15	85	15
1032	0.15	85	15
1033	0.15	85	15
1034	0.15	85	15
1035	0.16	84	16
1036	0.15	85	15
1037	0.15	85	15
1038	0.16	84	16
1039	0.15	85	15
1040	0.15	85	15
1041	0.15	85	15
1042	0.15	85	15
1043	0.14	86	14
1044	0.14	86	14
1045	0.14	86	14
1046	0.15	85	15
1047	0.15	85	15
1048	0.16	84	16
1049	0.16	84	16
1050	0.17	83	17
1051	0.18	82	18
1052	0.19	81	19
1053	0.20	80	20
1054	0.20	80	20
1055	0.20	80	20
1056	0.21	79	21
1057	0.22	78	22
1058	0.23	77	23
1059	0.24	76	24
1060	0.24	76	24
1061	0.25	75	25
1062	0.25	75	25
1063	0.25	75	25
1064	0.25	75	25
1065	0.26	74	26
1066	0.26	74	26
1067	0.27	73	27
1068	0.28	72	28
1069	0.28	72	28
1070	0.28	72	28
1071	0.29	71	29
1072	0.28	72	28
1073	0.28	72	28
1074	0.29	71	29
1075	0.29	71	29
1076	0.29	71	29
1077	0.30	70	30
1078	0.31	69	31
1079	0.32	68	32
1080	0.32	68	32
1081	0.33	67	33
1082	0.34	66	34
1083	0.34	66	34
1084	0.35	65	35
1085	0.35	65	35
1086	0.35	65	35
1087	0.35	65	35
1088	0.35	65	35
1089	0.36	64	36
1090	0.36	64	36
1091	0.37	63	37
1092	0.38	62	38
1093	0.39	61	39
1094	0.39	61	39
1095	0.40	60	40
1096	0.40	60	40
1097	0.41	59	41
1098	0.41	59	41
1099	0.40	60	40
1100	0.40	60	40
1101	0.40	60	40
1102	0.41	59	41
1103	0.40	60	40
1104	0.39	61	39
1105	0.39	61	39
1106	0.39	61	39
1107	0.39	61	39
1108	0.40	60	40
1109	0.40	60	40
1110	0.40	60	40
1111	0.40	60	40
1112	0.40	60	40
1113	0.39	61	39
1114	0.39	61	39
1115	0.40	60	40
1116	0.40	60	40
1117	0.41	59	41
1118	0.41	59	41
1119	0.42	58	42
1120	0.43	57	43
1121	0.43	57	43
1122	0.44	56	44
1123	0.45	55	45
1124	0.45	55	45
1125	0.45	55	45
1126	0.46	54	46
1127	0.47	53	47
1128	0.47	53	47
1129	0.48	52	48
1130	0.48	52	48
1131	0.49	51	49
1132	0.50	50	50
1133	0.51	49	51
1134	0.52	48	52
1135	0.52	48	52
1136	0.53	47	53
1137	0.53	47	53
1138	0.52	48	52
1139	0.53	47	53
1140	0.54	46	54
1141	0.54	46	54
1142	0.55	45	55
1143	0.56	44	56
1144	0.57	43	57
1145	0.58	42	58
1146	0.58	42	58
1147	0.59	41	59
1148	0.59	41	59
1149	0.60	40	60
1150	0.60	40	60
1151	0.60	40	60
1152	0.60	40	60
1153	0.59	41	59
1154	0.60	40	60
1155	0.61	39	61
1156	0.60	40	60
1157	0.60	40	60
1158	0.59	41	59
1159	0.59	41	59
1160	0.59	41	59
1161	0.59	41	59
1162	0.60	40	60
1163	0.61	39	61
1164	0.62	38	62
1165	0.62	38	62
1166	0.63	37	63
1167	0.63	37	63
1168	0.62	38	62
1169	0.63	37	63
1170	0.64	36	64
1171	0.64	36	64
1172	0.65	35	65
1173	0.66	34	66
1174	0.66	34	66
1175	0.66	34	66
1176	0.67	33	67
1177	0.67	33	67
1178	0.67	33	67
1179	0.67	33	67
1180	0.67	33	67
1181	0.67	33	67
1182	0.67	33	67
1183	0.68	32	68
1184	0.67	33	67
1185	0.67	33	67
1186	0.68	32	68
1187	0.69	31	69
1188	0.70	30	70
1189	0.70	30	70
1190	0.71	29	71
1191	0.71	29	71
1192	0.71	29	71
1193	0.71	29	71
1194	0.72	28	72
1195	0.72	28	72
1196	0.73	27	73
1197	0.73	27	73
1198	0.74	26	74
1199	0.75	25	75
1200	0.76	24	76
1201	0.77	23	77
1202	0.77	23	77
1203	0.78	22	78
1204	0.79	21	79
1205	0.80	20	80
1206	0.81	19	81
1207	0.81	19	81
1208	0.81	19	81
1209	0.82	18	82
1210	0.83	17	83
1211	0.84	16	84
1212	0.84	16	84
1213	0.85	15	85
1214	0.85	15	85
1215	0.85	15	85
1216	0.85	15	85
1217	0.84	16	84
1218	0.84	16	84
1219	0.84	16	84
1220	0.84	16	84
1221	0.85	15	85
1222	0.85	15	85
1223	0.85	15	85
1224	0.86	14	86
1225	0.87	13	87
1226	0.87	13	87
1227	0.87	13	87
1228	0.88	12	88
1229	0.87	13	87
1230	0.88	12	88
1231	0.88	12	88
1232	0.88	12	88
1233	0.88	12	88
1234	0.87	13	87
1235	0.87	13	87
1236	0.87	13	87
1237	0.88	12	88
1238	0.89	11	89
1239	0.89	11	89
1240	0.89	11	89
1241	0.90	10	90
1242	0.90	10	90
1243	0.90	10	90
1244	0.90	10	90
1245	0.90	10	90
1246	0.90	10	90
1247	0.90	10	90
1248	0.90	10	90
1249	0.90	10	90
1250	0.90	10	90
1251	0.90	10	90
1252	0.90	10	90
1253	0.91	9	91
1254	0.91	9	91
1255	0.91	9	91
1256	0.92	8	92
1257	0.92	8	92
1258	0.93	7	93
1259	0.93	7	93
1260	0.94	6	94
1261	0.94	6	94
1262	0.94	6	94
1263	0.94	6	94
1264	0.94	6	94
1265	0.94	6	94
1266	0.94	6	94
1267	0.94	6	94
1268	0.95	5	95
1269	0.95	5	95
1270	0.94	6	94
1271	0.94	6	94
1272	0.94	6	94
1273	0.94	6	94
1274	0.94	6	94
1275	0.94	6	94
1276	0.94	6	94
1277	0.94	6	94
1278	0.94	6	94
1279	0.94	6	94
1280	0.94	6	94
1281	0.94	6	94
1282	0.94	6	94
1283	0.94	6	94
1284	0.95	5	95
1285	0.95	5	95
1286	0.95	5	95
1287	0.95	5	95
1288	0.95	5	95
1289	0.95	5	95
1290	0.95	5	95
1291	0.95	5	95
1292	0.95	5	95
1293	0.95	5	95
1294	0.94	6	94
1295	0.94	6	94
1296	0.94	6	94
1297	0.94	6	94
1298	0.94	6	94
1299	0.94	6	94
1300	0.94	6	94
1301	0.94	6	94
1302	0.94	6	94
1303	0.94	6	94
1304	0.94	6	94
1305	0.94	6	94
1306	0.94	6	94
1307	0.94	6	94
1308	0.94	6	94
1309	0.94	6	94
1310	0.94	6	94
1311	0.93	7	93
1312	0.93	7	93
1313	0.93	7	93
1314	0.93	7	93
1315	0.93	7	93
1316	0.93	7	93
1317	0.94	6	94
1318	0.94	6	94
1319	0.94	6	94
1320	0.94	6	94
1321	0.94	6	94
1322	0.94	6	94
1323	0.94	6	94
1324	0.93	7	93
1325	0.93	7	93
1326	0.93	7	93
1327	0.93	7	93
1328	0.93	7	93
1329	0.94	6	94
1330	0.94	6	94
1331	0.94	6	94
1332	0.94	6	94
1333	0.94	6	94
1334	0.95	5	95
1335	0.95	5	95
1336	0.95	5	95
1337	0.95	5	95
1338	0.95	5	95
1339	0.95	5	95
1340	0.95	5	95
1341	0.95	5	95
1342	0.95	5	95
1343	0.95	5	95
1344	0.95	5	95
1345	0.95	5	95
1346	0.95	5	95
1347	0.95	5	95
1348	0.95	5	95
1349	0.95	5	95
1350	0.95	5	95
1351	0.95	5	95
1352	0.95	5	95
1353	0.95	5	95
1354	0.95	5	95
1355	0.95	5	95
1356	0.95	5	95
1357	0.95	5	95
1358	0.95	5	95
1359	0.94	6	94
1360	0.94	6	94
1361	0.94	6	94
1362	0.94	6	94
1363	0.94	6	94
1364	0.94	6	94
1365	0.94	6	94
1366	0.94	6	94
1367	0.94	6	94
1368	0.94	6	94
1369	0.93	7	93
1370	0.94	6	94
1371	0.94	6	94
1372	0.94	6	94
1373	0.94	6	94
1374	0.94	6	94
1375	0.94	6	94
1376	0.94	6	94
1377	0.94	6	94
1378	0.94	6	94
1379	0.94	6	94
1380	0.94	6	94
1381	0.94	6	94
1382	0.94	6	94
1383	0.94	6	94
1384	0.94	6	94
1385	0.95	5	95
1386	0.95	5	95
1387	0.95	5	95
1388	0.95	5	95
1389	0.95	5	95
1390	0.95	5	95
1391	0.95	5	95
1392	0.95	5	95
1393	0.95	5	95
1394	0.96	4	96
1395	0.96	4	96
1396	0.96	4	96
1397	0.96	4	96
1398	0.96	4	96
1399	0.96	4	96
1400	0.96	4	96
1401	0.96	4	96
1402	0.96	4	96
1403	0.96	4	96
1404	0.96	4	96
1405	0.96	4	96
1406	0.96	4	96
1407	0.96	4	96
1408	0.96	4	96
1409	0.96	4	96
1410	0.96	4	96
1411	0.97	3	97
1412	0.97	3	97
1413	0.97	3	97
1414	0.97	3	97
1415	0.97	3	97
1416	0.97	3	97
1417	0.97	3	97
1418	0.97	3	97
1419	0.97	3	97
1420	0.97	3	97
1421	0.97	3	97
1422	0.97	3	97
1423	0.97	3	97
1424	0.98	2	98
1425	0.98	2	98
1426	0.98	2	98
1427	0.98	2	98
1428	0.98	2	98
1429	0.98	2	98
1430	0.98	2	98
1431	0.98	2	98
1432	0.98	2	98
1433	0.98	2	98
1434	0.98	2	98
1435	0.98	2	98
1436	0.98	2	98
1437	0.98	2	98
1438	0.98	2	98
1439	0.98	2	98
1440	0.98	2	98
1441	0.98	2	98
1442	0.98	2	98
1443	0.98	2	98
1444	0.98	2	98
1445	0.98	2	98
1446	0.98	2	98
1447	0.98	2	98
1448	0.98	2	98
1449	0.98	2	98
1450	0.97	3	97
1451	0.97	3	97
1452	0.97	3	97
1453	0.96	4	96
1454	0.96	4	96
1455	0.96	4	96
1456	0.96	4	96
1457	0.96	4	96
1458	0.96	4	96
1459	0.97	3	97
1460	0.97	3	97
1461	0.97	3	97
1462	0.97	3	97
1463	0.97	3	97
1464	0.97	3	97
1465	0.97	3	97
1466	0.97	3	97
1467	0.97	3	97
1468	0.97	3	97
1469	0.98	2	98
1470	0.98	2	98
1471	0.98	2	98
1472	0.98	2	98
1473	0.98	2	98
1474	0.98	2	98
1475	0.98	2	98
1476	0.98	2	98
1477	0.98	2	98
1478	0.97	3	97
1479	0.97	3	97
1480	0.97	3	97
1481	0.97	3	97
1482	0.97	3	97
1483	0.97	3	97
1484	0.97	3	97
1485	0.97	3	97
1486	0.97	3	97
1487	0.97	3	97
1488	0.97	3	97
1489	0.97	3	97
1490	0.97	3	97
1491	0.97	3	97
1492	0.97	3	97
1493	0.97	3	97
1494	0.97	3	97
1495	0.96	4	96
1496	0.96	4	96
1497	0.96	4	96
1498	0.96	4	96
1499	0.96	4	96
1500	0.96	4	96
1501	0.96	4	96
1502	0.96	4	96
1503	0.96	4	96
1504	0.96	4	96
1505	0.96	4	96
1506	0.96	4	96
1507	0.96	4	96
1508	0.96	4	96
1509	0.96	4	96
1510	0.96	4	96
1511	0.96	4	96
1512	0.96	4	96
1513	0.96	4	96
1514	0.96	4	96
1515	0.96	4	96
1516	0.96	4	96
1517	0.96	4	96
1518	0.96	4	96
1519	0.96	4	96
1520	0.96	4	96
1521	0.96	4	96
1522	0.96	4	96
1523	0.96	4	96
1524	0.96	4	96
1525	0.96	4	96
1526	0.95	5	95
1527	0.95	5	95
1528	0.95	5	95
1529	0.95	5	95
1530	0.95	5	95
1531	0.95	5	95
1532	0.95	5	95
1533	0.95	5	95
1534	0.95	5	95
1535	0.95	5	95
1536	0.95	5	95
1537	0.95	5	95
1538	0.95	5	95
1539	0.95	5	95
1540	0.95	5	95
1541	0.95	5	95
1542	0.95	5	95
1543	0.95	5	95
1544	0.95	5	95
1545	0.95	5	95
1546	0.95	5	95
1547	0.95	5	95
1548	0.95	5	95
1549	0.95	5	95
1550	0.96	4	96
1551	0.95	5	95
1552	0.95	5	95
1553	0.96	4	96
1554	0.96	4	96
1555	0.95	5	95
1556	0.95	5	95
1557	0.95	5	95
1558	0.95	5	95
1559	0.95	5	95
1560	0.95	5	95
1561	0.95	5	95
1562	0.95	5	95
1563	0.95	5	95
1564	0.95	5	95
1565	0.95	5	95
1566	0.95	5	95
1567	0.95	5	95
1568	0.95	5	95
1569	0.95	5	95
1570	0.95	5	95
1571	0.95	5	95
1572	0.95	5	95
1573	0.95	5	95
1574	0.95	5	95
1575	0.95	5	95
1576	0.95	5	95
1577	0.95	5	95
1578	0.96	4	96
1579	0.96	4	96
1580	0.96	4	96
1581	0.96	4	96
1582	0.96	4	96
1583	0.96	4	96
1584	0.96	4	96
1585	0.96	4	96
1586	0.96	4	96
1587	0.96	4	96
1588	0.96	4	96
1589	0.96	4	96
1590	0.96	4	96
1591	0.96	4	96
1592	0.96	4	96
1593	0.96	4	96
1594	0.96	4	96
1595	0.97	3	97
1596	0.97	3	97
1597	0.97	3	97
1598	0.97	3	97
1599	0.97	3	97
1600	0.97	3	97
1601	0.97	3	97
1602	0.97	3	97
1603	0.97	3	97
1604	0.97	3	97
1605	0.97	3	97
1606	0.97	3	97
1607	0.96	4	96
1608	0.96	4	96
1609	0.96	4	96
1610	0.96	4	96
1611	0.96	4	96
1612	0.96	4	96
1613	0.96	4	96
1614	0.96	4	96
1615	0.96	4	96
1616	0.96	4	96
1617	0.96	4	96
1618	0.96	4	96
1619	0.96	4	96
1620	0.96	4	96
1621	0.96	4	96
1622	0.96	4	96
1623	0.96	4	96
1624	0.96	4	96
1625	0.96	4	96
1626	0.97	3	97
1627	0.97	3	97
1628	0.97	3	97
1629	0.97	3	97
1630	0.97	3	97
1631	0.96	4	96
1632	0.96	4	96
1633	0.96	4	96
1634	0.96	4	96
1635	0.95	5	95
1636	0.95	5	95
1637	0.95	5	95
1638	0.95	5	95
1639	0.95	5	95
1640	0.95	5	95
1641	0.95	5	95
1642	0.95	5	95
1643	0.95	5	95
1644	0.95	5	95
1645	0.95	5	95
1646	0.95	5	95
1647	0.95	5	95
1648	0.95	5	95
1649	0.95	5	95
1650	0.95	5	95
1651	0.96	4	96
1652	0.95	5	95
1653	0.95	5	95
1654	0.95	5	95
1655	0.96	4	96
1656	0.96	4	96
1657	0.96	4	96
1658	0.96	4	96
1659	0.96	4	96
1660	0.96	4	96
1661	0.96	4	96
1662	0.96	4	96
1663	0.96	4	96
1664	0.96	4	96
1665	0.96	4	96
1666	0.96	4	96
1667	0.96	4	96
1668	0.96	4	96
1669	0.96	4	96
1670	0.96	4	96
1671	0.96	4	96
1672	0.96	4	96
1673	0.96	4	96
1674	0.96	4	96
1675	0.96	4	96
1676	0.96	4	96
1677	0.96	4	96
1678	0.96	4	96
1679	0.96	4	96
1680	0.96	4	96
1681	0.96	4	96
1682	0.96	4	96
1683	0.96	4	96
1684	0.96	4	96
1685	0.96	4	96
1686	0.96	4	96
1687	0.96	4	96
1688	0.96	4	96
1689	0.96	4	96
1690	0.96	4	96
1691	0.96	4	96
1692	0.96	4	96
1693	0.95	5	95
1694	0.95	5	95
1695	0.95	5	95
1696	0.95	5	95
1697	0.95	5	95
1698	0.95	5	95
1699	0.95	5	95
1700	0.94	6	94
1701	0.94	6	94
1702	0.94	6	94
1703	0.94	6	94
1704	0.94	6	94
1705	0.94	6	94
1706	0.94	6	94
1707	0.95	5	95
1708	0.95	5	95
1709	0.95	5	95
1710	0.95	5	95
1711	0.95	5	95
1712	0.95	5	95
1713	0.95	5	95
1714	0.95	5	95
1715	0.95	5	95
1716	0.95	5	95
1717	0.95	5	95
1718	0.95	5	95
1719	0.95	5	95
1720	0.95	5	95
1721	0.95	5	95
1722	0.95	5	95
1723	0.95	5	95
1724	0.95	5	95
1725	0.95	5	95
1726	0.95	5	95
1727	0.95	5	95
1728	0.95	5	95
1729	0.95	5	95
1730	0.95	5	95
1731	0.96	4	96
1732	0.96	4	96
1733	0.96	4	96
1734	0.95	5	95
1735	0.96	4	96
1736	0.96	4	96
1737	0.96	4	96
1738	0.95	5	95
1739	0.95	5	95
1740	0.95	5	95
1741	0.95	5	95
1742	0.95	5	95
1743	0.95	5	95
1744	0.95	5	95
1745	0.95	5	95
1746	0.95	5	95
1747	0.95	5	95
1748	0.95	5	95
1749	0.94	6	94
1750	0.94	6	94
1751	0.94	6	94
1752	0.95	5	95
1753	0.95	5	95
1754	0.95	5	95
1755	0.95	5	95
1756	0.95	5	95
1757	0.95	5	95
1758	0.95	5	95
1759	0.95	5	95
1760	0.95	5	95
1761	0.95	5	95
1762	0.95	5	95
1763	0.94	6	94
1764	0.94	6	94
1765	0.93	7	93
1766	0.93	7	93
1767	0.93	7	93
1768	0.93	7	93
1769	0.93	7	93
1770	0.92	8	92
1771	0.92	8	92
1772	0.92	8	92
1773	0.92	8	92
1774	0.91	9	91
1775	0.91	9	91
1776	0.91	9	91
1777	0.91	9	91
1778	0.91	9	91
1779	0.91	9	91
1780	0.91	9	91
1781	0.91	9	91
1782	0.91	9	91
1783	0.91	9	91
1784	0.91	9	91
1785	0.91	9	91
1786	0.91	9	91
1787	0.91	9	91
1788	0.91	9	91
1789	0.91	9	91
1790	0.91	9	91
1791	0.91	9	91
1792	0.91	9	91
1793	0.92	8	92
1794	0.92	8	92
1795	0.92	8	92
1796	0.92	8	92
1797	0.92	8	92
1798	0.92	8	92
1799	0.92	8	92
1800	0.93	7	93
1801	0.93	7	93
1802	0.93	7	93
1803	0.93	7	93
1804	0.93	7	93
1805	0.92	8	92
1806	0.92	8	92
1807	0.92	8	92
1808	0.92	8	92
1809	0.92	8	92
1810	0.92	8	92
1811	0.92	8	92
1812	0.92	8	92
1813	0.92	8	92
1814	0.92	8	92
1815	0.92	8	92
1816	0.92	8	92
1817	0.92	8	92
1818	0.92	8	92
1819	0.92	8	92
1820	0.92	8	92
1821	0.92	8	92
1822	0.92	8	92
1823	0.92	8	92
1824	0.92	8	92
1825	0.92	8	92
1826	0.92	8	92
1827	0.92	8	92
1828	0.92	8	92
1829	0.92	8	92
1830	0.92	8	92
1831	0.92	8	92
1832	0.92	8	92
1833	0.92	8	92
1834	0.93	7	93
1835	0.93	7	93
1836	0.93	7	93
1837	0.93	7	93
1838	0.94	6	94
1839	0.93	7	93
1840	0.93	7	93
1841	0.92	8	92
1842	0.91	9	91
1843	0.91	9	91
1844	0.91	9	91
1845	0.91	9	91
1846	0.91	9	91
1847	0.91	9	91
1848	0.91	9	91
1849	0.92	8	92
1850	0.92	8	92
1851	0.92	8	92
1852	0.92	8	92
1853	0.92	8	92
1854	0.92	8	92
1855	0.92	8	92
1856	0.92	8	92
1857	0.92	8	92
1858	0.92	8	92
1859	0.92	8	92
1860	0.92	8	92
1861	0.92	8	92
1862	0.92	8	92
1863	0.93	7	93
1864	0.93	7	93
1865	0.94	6	94
1866	0.94	6	94
1867	0.94	6	94
1868	0.94	6	94
1869	0.94	6	94
1870	0.95	5	95
1871	0.94	6	94
1872	0.93	7	93
1873	0.93	7	93
1874	0.94	6	94
1875	0.94	6	94
1876	0.94	6	94
1877	0.94	6	94
1878	0.94	6	94
1879	0.94	6	94
1880	0.94	6	94
1881	0.94	6	94
1882	0.94	6	94
1883	0.94	6	94
1884	0.94	6	94
1885	0.94	6	94
1886	0.94	6	94
1887	0.94	6	94
1888	0.94	6	94
1889	0.94	6	94
1890	0.94	6	94
1891	0.94	6	94
1892	0.94	6	94
1893	0.94	6	94
1894	0.94	6	94
1895	0.94	6	94
1896	0.93	7	93
1897	0.93	7	93
1898	0.93	7	93
1899	0.93	7	93
1900	0.93	7	93
1901	0.93	7	93
1902	0.93	7	93
1903	0.93	7	93
1904	0.93	7	93
1905	0.94	6	94
1906	0.94	6	94
1907	0.94	6	94
1908	0.94	6	94
1909	0.93	7	93
1910	0.93	7	93
1911	0.93	7	93
1912	0.93	7	93
1913	0.93	7	93
1914	0.93	7	93
1915	0.93	7	93
1916	0.93	7	93
1917	0.93	7	93
1918	0.93	7	93
1919	0.93	7	93
1920	0.93	7	93
1921	0.93	7	93
1922	0.93	7	93
1923	0.93	7	93
1924	0.93	7	93
1925	0.93	7	93
1926	0.92	8	92
1927	0.92	8	92
1928	0.92	8	92
1929	0.92	8	92
1930	0.91	9	91
1931	0.91	9	91
1932	0.91	9	91
1933	0.91	9	91
1934	0.91	9	91
1935	0.91	9	91
1936	0.91	9	91
1937	0.91	9	91
1938	0.91	9	91
1939	0.92	8	92
1940	0.91	9	91
1941	0.92	8	92
1942	0.93	7	93
1943	0.93	7	93
1944	0.93	7	93
1945	0.93	7	93
1946	0.93	7	93
1947	0.93	7	93
1948	0.93	7	93
1949	0.93	7	93
1950	0.93	7	93
1951	0.93	7	93
1952	0.93	7	93
1953	0.93	7	93
1954	0.93	7	93
1955	0.93	7	93
1956	0.93	7	93
1957	0.93	7	93
1958	0.93	7	93
1959	0.93	7	93
1960	0.93	7	93
1961	0.93	7	93
1962	0.93	7	93
1963	0.92	8	92
1964	0.92	8	92
1965	0.92	8	92
1966	0.92	8	92
1967	0.92	8	92
1968	0.92	8	92
1969	0.92	8	92
1970	0.92	8	92
1971	0.93	7	93
1972	0.94	6	94
1973	0.94	6	94
1974	0.94	6	94
1975	0.94	6	94
1976	0.94	6	94
1977	0.94	6	94
1978	0.94	6	94
1979	0.94	6	94
1980	0.93	7	93
1981	0.93	7	93
1982	0.93	7	93
1983	0.93	7	93
1984	0.93	7	93
1985	0.93	7	93
1986	0.93	7	93
1987	0.93	7	93
1988	0.93	7	93
1989	0.93	7	93
1990	0.93	7	93
1991	0.93	7	93
1992	0.93	7	93
1993	0.93	7	93
1994	0.93	7	93
1995	0.93	7	93
1996	0.94	6	94
1997	0.94	6	94
1998	0.94	6	94
1999	0.94	6	94
2000	0.06	6	94
2001	0.06	6	94
2002	0.06	6	94
2003	0.06	6	94
2004	0.06	6	94
2005	0.06	6	94
2006	0.06	6	94
2007	0.06	6	94
2008	0.07	7	93
2009	0.06	6	94
2010	0.06	6	94
2011	0.06	6	94
2012	0.06	6	94
2013	0.06	6	94
2014	0.06	6	94
2015	0.07	7	93
2016	0.07	7	93
2017	0.08	8	92
2018	0.08	8	92
2019	0.08	8	92
2020	0.08	8	92
2021	0.09	9	91
2022	0.09	9	91
2023	0.09	9	91
2024	0.09	9	91
2025	0.09	9	91
2026	0.09	9	91
2027	0.10	10	90
2028	0.10	10	90
2029	0.10	10	90
2030	0.10	10	90
2031	0.10	10	90
2032	0.11	11	89
2033	0.11	11	89
2034	0.11	11	89
2035	0.11	11	89
2036	0.11	11	89
2037	0.11	11	89
2038	0.11	11	89
2039	0.11	11	89
2040	0.10	10	90
2041	0.11	11	89
2042	0.11	11	89
2043	0.12	12	88
2044	0.12	12	88
2045	0.12	12	88
2046	0.13	13	87
2047	0.13	13	87
2048	0.13	13	87
2049	0.14	14	86
2050	0.14	14	86
2051	0.15	15	85
2052	0.15	15	85
2053	0.15	15	85
2054	0.16	16	84
2055	0.16	16	84
2056	0.16	16	84
2057	0.16	16	84
2058	0.17	17	83
2059	0.18	18	82
2060	0.18	18	82
2061	0.18	18	82
2062	0.18	18	82
2063	0.18	18	82
2064	0.19	19	81
2065	0.20	20	80
2066	0.20	20	80
2067	0.20	20	80
2068	0.21	21	79
2069	0.21	21	79
2070	0.22	22	78
2071	0.23	23	77
2072	0.24	24	76
2073	0.24	24	76
2074	0.25	25	75
2075	0.25	25	75
2076	0.26	26	74
2077	0.26	26	74
2078	0.27	27	73
2079	0.27	27	73
2080	0.26	26	74
2081	0.26	26	74
2082	0.26	26	74
2083	0.26	26	74
2084	0.27	27	73
2085	0.28	28	72
2086	0.29	29	71
2087	0.30	30	70
2088	0.30	30	70
2089	0.31	31	69
2090	0.31	31	69
2091	0.32	32	68
2092	0.32	32	68
2093	0.32	32	68
2094	0.33	33	67
2095	0.34	34	66
2096	0.35	35	65
2097	0.35	35	65
2098	0.36	36	64
2099	0.36	36	64
2100	0.36	36	64
2101	0.36	36	64
2102	0.37	37	63
2103	0.37	37	63
2104	0.37	37	63
2105	0.37	37	63
2106	0.37	37	63
2107	0.38	38	62
2108	0.38	38	62
2109	0.39	39	61
2110	0.39	39	61
2111	0.40	40	60
2112	0.40	40	60
2113	0.40	40	60
2114	0.40	40	60
2115	0.40	40	60
2116	0.40	40	60
2117	0.39	39	61
2118	0.40	40	60
2119	0.40	40	60
2120	0.40	40	60
2121	0.39	39	61
2122	0.40	40	60
2123	0.41	41	59
2124	0.42	42	58
2125	0.43	43	57
2126	0.43	43	57
2127	0.43	43	57
2128	0.43	43	57
2129	0.44	44	56
2130	0.44	44	56
2131	0.45	45	55
2132	0.45	45	55
2133	0.46	46	54
2134	0.47	47	53
2135	0.48	48	52
2136	0.49	49	51
2137	0.50	50	50
2138	0.51	51	49
2139	0.51	51	49
2140	0.51	51	49
2141	0.51	51	49
2142	0.52	52	48
2143	0.52	52	48
2144	0.53	53	47
2145	0.54	54	46
2146	0.54	54	46
2147	0.55	55	45
2148	0.56	56	44
2149	0.55	55	45
2150	0.56	56	44
2151	0.56	56	44
2152	0.57	57	43
2153	0.58	58	42
2154	0.57	57	43
2155	0.58	58	42
2156	0.59	59	41
2157	0.60	60	40
2158	0.60	60	40
2159	0.60	60	40
2160	0.61	61	39
2161	0.62	62	38
2162	0.62	62	38
2163	0.62	62	38
2164	0.61	61	39
2165	0.61	61	39
2166	0.62	62	38
2167	0.63	63	37
2168	0.63	63	37
2169	0.64	64	36
2170	0.64	64	36
2171	0.63	63	37
2172	0.63	63	37
2173	0.64	64	36
2174	0.64	64	36
2175	0.64	64	36
2176	0.64	64	36
2177	0.64	64	36
2178	0.64	64	36
2179	0.65	65	35
2180	0.66	66	34
2181	0.67	67	33
2182	0.68	68	32
2183	0.68	68	32
2184	0.68	68	32
2185	0.68	68	32
2186	0.67	67	33
2187	0.67	67	33
2188	0.68	68	32
2189	0.68	68	32
2190	0.69	69	31
2191	0.69	69	31
2192	0.70	70	30
2193	0.71	71	29
2194	0.71	71	29
2195	0.71	71	29
2196	0.70	70	30
2197	0.71	71	29
2198	0.71	71	29
2199	0.72	72	28
2200	0.73	73	27
2201	0.74	74	26
2202	0.74	74	26
2203	0.75	75	25
2204	0.76	76	24
2205	0.77	77	23
2206	0.78	78	22
2207	0.78	78	22
2208	0.78	78	22
2209	0.78	78	22
2210	0.79	79	21
2211	0.79	79	21
2212	0.80	80	20
2213	0.81	81	19
2214	0.82	82	18
2215	0.82	82	18
2216	0.83	83	17
2217	0.84	84	16
2218	0.84	84	16
2219	0.85	85	15
2220	0.86	86	14
2221	0.87	87	13
2222	0.87	87	13
2223	0.87	87	13
2224	0.87	87	13
2225	0.87	87	13
2226	0.87	87	13
2227	0.87	87	13
2228	0.88	88	12
2229	0.88	88	12
2230	0.88	88	12
2231	0.88	88	12
2232	0.88	88	12
2233	0.88	88	12
2234	0.88	88	12
2235	0.88	88	12
2236	0.88	88	12
2237	0.88	88	12
2238	0.87	87	13
2239	0.88	88	12
2240	0.89	89	11
2241	0.89	89	11
2242	0.89	89	11
2243	0.89	89	11
2244	0.89	89	11
2245	0.89	89	11
2246	0.89	89	11
2247	0.89	89	11
2248	0.89	89	11
2249	0.90	90	10
2250	0.90	90	10
2251	0.90	90	10
2252	0.90	90	10
2253	0.90	90	10
2254	0.91	91	9
2255	0.91	91	9
2256	0.91	91	9
2257	0.91	91	9
2258	0.91	91	9
2259	0.91	91	9
2260	0.91	91	9
2261	0.91	91	9
2262	0.92	92	8
2263	0.92	92	8
2264	0.93	93	7
2265	0.93	93	7
2266	0.93	93	7
2267	0.93	93	7
2268	0.93	93	7
2269	0.92	92	8
2270	0.92	92	8
2271	0.93	93	7
2272	0.93	93	7
2273	0.93	93	7
2274	0.93	93	7
2275	0.94	94	6
2276	0.94	94	6
2277	0.95	95	5
2278	0.95	95	5
2279	0.95	95	5
2280	0.95	95	5
2281	0.95	95	5
2282	0.95	95	5
2283	0.96	96	4
2284	0.96	96	4
2285	0.96	96	4
2286	0.97	97	3
2287	0.97	97	3
2288	0.97	97	3
2289	0.97	97	3
2290	0.97	97	3
2291	0.97	97	3
2292	0.97	97	3
2293	0.97	97	3
2294	0.97	97	3
2295	0.97	97	3
2296	0.98	98	2
2297	0.98	98	2
2298	0.98	98	2
2299	0.98	98	2
2300	0.98	98	2
2301	0.98	98	2
2302	0.98	98	2
2303	0.98	98	2
2304	0.98	98	2
2305	0.98	98	2
2306	0.98	98	2
2307	0.98	98	2
2308	0.98	98	2
2309	0.98	98	2
2310	0.98	98	2
2311	0.98	98	2
2312	0.98	98	2
2313	0.98	98	2
2314	0.97	97	3
2315	0.97	97	3
2316	0.97	97	3
2317	0.97	97	3
2318	0.97	97	3
2319	0.97	97	3
2320	0.97	97	3
2321	0.97	97	3
2322	0.96	96	4
2323	0.96	96	4
2324	0.96	96	4
2325	0.96	96	4
2326	0.96	96	4
2327	0.95	95	5
2328	0.95	95	5
2329	0.95	95	5
2330	0.95	95	5
2331	0.95	95	5
2332	0.95	95	5
2333	0.95	95	5
2334	0.95	95	5
2335	0.95	95	5
2336	0.95	95	5
2337	0.95	95	5
2338	0.96	96	4
2339	0.96	96	4
2340	0.96	96	4
2341	0.96	96	4
2342	0.96	96	4
2343	0.95	95	5
2344	0.95	95	5
2345	0.95	95	5
2346	0.95	95	5
2347	0.95	95	5
2348	0.95	95	5
2349	0.95	95	5
2350	0.95	95	5
2351	0.95	95	5
2352	0.95	95	5
2353	0.94	94	6
2354	0.94	94	6
2355	0.94	94	6
2356	0.94	94	6
2357	0.94	94	6
2358	0.94	94	6
2359	0.94	94	6
2360	0.94	94	6
2361	0.94	94	6
2362	0.94	94	6
2363	0.94	94	6
2364	0.94	94	6
2365	0.94	94	6
2366	0.94	94	6
2367	0.94	94	6
2368	0.94	94	6
2369	0.95	95	5
2370	0.95	95	5
2371	0.95	95	5
2372	0.95	95	5
2373	0.95	95	5
2374	0.94	94	6
2375	0.94	94	6
2376	0.94	94	6
2377	0.94	94	6
2378	0.94	94	6
2379	0.94	94	6
2380	0.94	94	6
2381	0.94	94	6
2382	0.94	94	6
2383	0.94	94	6
2384	0.94	94	6
2385	0.94	94	6
2386	0.94	94	6
2387	0.94	94	6
2388	0.94	94	6
2389	0.94	94	6
2390	0.94	94	6
2391	0.94	94	6
2392	0.94	94	6
2393	0.94	94	6
2394	0.94	94	6
2395	0.94	94	6
2396	0.94	94	6
2397	0.94	94	6
2398	0.94	94	6
2399	0.94	94	6
2400	0.93	93	7
2401	0.93	93	7
2402	0.93	93	7
2403	0.93	93	7
2404	0.93	93	7
2405	0.93	93	7
2406	0.93	93	7
2407	0.93	93	7
2408	0.93	93	7
2409	0.93	93	7
2410	0.93	93	7
2411	0.93	93	7
2412	0.93	93	7
2413	0.93	93	7
2414	0.94	94	6
2415	0.94	94	6
2416	0.94	94	6
2417	0.93	93	7
2418	0.93	93	7
2419	0.93	93	7
2420	0.93	93	7
2421	0.93	93	7
2422	0.94	94	6
2423	0.94	94	6
2424	0.94	94	6
2425	0.94	94	6
2426	0.94	94	6
2427	0.95	95	5
2428	0.95	95	5
2429	0.95	95	5
2430	0.95	95	5
2431	0.95	95	5
2432	0.95	95	5
2433	0.95	95	5
2434	0.95	95	5
2435	0.95	95	5
2436	0.95	95	5
2437	0.95	95	5
2438	0.95	95	5
2439	0.95	95	5
2440	0.94	94	6
2441	0.94	94	6
2442	0.94	94	6
2443	0.95	95	5
2444	0.95	95	5
2445	0.95	95	5
2446	0.95	95	5
2447	0.95	95	5
2448	0.95	95	5
2449	0.95	95	5
2450	0.95	95	5
2451	0.95	95	5
2452	0.95	95	5
2453	0.96	96	4
2454	0.96	96	4
2455	0.96	96	4
2456	0.96	96	4
2457	0.96	96	4
2458	0.96	96	4
2459	0.95	95	5
2460	0.95	95	5
2461	0.95	95	5
2462	0.94	94	6
2463	0.94	94	6
2464	0.94	94	6
2465	0.94	94	6
2466	0.94	94	6
2467	0.94	94	6
2468	0.94	94	6
2469	0.94	94	6
2470	0.93	93	7
2471	0.93	93	7
2472	0.93	93	7
2473	0.93	93	7
2474	0.94	94	6
2475	0.94	94	6
2476	0.94	94	6
2477	0.94	94	6
2478	0.94	94	6
2479	0.94	94	6
2480	0.94	94	6
2481	0.94	94	6
2482	0.94	94	6
2483	0.94	94	6
2484	0.94	94	6
2485	0.94	94	6
2486	0.94	94	6
2487	0.94	94	6
2488	0.94	94	6
2489	0.94	94	6
2490	0.94	94	6
2491	0.94	94	6
2492	0.94	94	6
2493	0.94	94	6
2494	0.94	94	6
2495	0.94	94	6
2496	0.94	94	6
2497	0.94	94	6
2498	0.94	94	6
2499	0.94	94	6
2500	0.95	95	5
2501	0.95	95	5
2502	0.95	95	5
2503	0.95	95	5
2504	0.95	95	5
2505	0.95	95	5
2506	0.95	95	5
2507	0.95	95	5
2508	0.95	95	5
2509	0.95	95	5
2510	0.95	95	5
2511	0.95	95	5
2512	0.95	95	5
2513	0.95	95	5
2514	0.95	95	5
2515	0.95	95	5
2516	0.95	95	5
2517	0.96	96	4
2518	0.96	96	4
2519	0.96	96	4
2520	0.96	96	4
2521	0.96	96	4
2522	0.96	96	4
2523	0.96	96	4
2524	0.96	96	4
2525	0.96	96	4
2526	0.96	96	4
2527	0.96	96	4
2528	0.96	96	4
2529	0.96	96	4
2530	0.96	96	4
2531	0.96	96	4
2532	0.95	95	5
2533	0.95	95	5
2534	0.95	95	5
2535	0.95	95	5
2536	0.95	95	5
2537	0.95	95	5
2538	0.95	95	5
2539	0.95	95	5
2540	0.96	96	4
2541	0.96	96	4
2542	0.96	96	4
2543	0.96	96	4
2544	0.96	96	4
2545	0.96	96	4
2546	0.96	96	4
2547	0.96	96	4
2548	0.96	96	4
2549	0.96	96	4
2550	0.96	96	4
2551	0.96	96	4
2552	0.96	96	4
2553	0.96	96	4
2554	0.96	96	4
2555	0.96	96	4
2556	0.96	96	4
2557	0.96	96	4
2558	0.96	96	4
2559	0.97	97	3
2560	0.97	97	3
2561	0.97	97	3
2562	0.98	98	2
2563	0.98	98	2
2564	0.98	98	2
2565	0.97	97	3
2566	0.97	97	3
2567	0.97	97	3
2568	0.97	97	3
2569	0.97	97	3
2570	0.97	97	3
2571	0.97	97	3
2572	0.97	97	3
2573	0.97	97	3
2574	0.97	97	3
2575	0.97	97	3
2576	0.97	97	3
2577	0.97	97	3
2578	0.97	97	3
2579	0.97	97	3
2580	0.97	97	3
2581	0.97	97	3
2582	0.97	97	3
2583	0.97	97	3
2584	0.96	96	4
2585	0.96	96	4
2586	0.96	96	4
2587	0.95	95	5
2588	0.95	95	5
2589	0.94	94	6
2590	0.94	94	6
2591	0.94	94	6
2592	0.94	94	6
2593	0.93	93	7
2594	0.93	93	7
2595	0.93	93	7
2596	0.93	93	7
2597	0.92	92	8
2598	0.92	92	8
2599	0.92	92	8
2600	0.92	92	8
2601	0.92	92	8
2602	0.92	92	8
2603	0.92	92	8
2604	0.92	92	8
2605	0.92	92	8
2606	0.92	92	8
2607	0.92	92	8
2608	0.92	92	8
2609	0.92	92	8
2610	0.92	92	8
2611	0.92	92	8
2612	0.92	92	8
2613	0.92	92	8
2614	0.92	92	8
2615	0.92	92	8
2616	0.92	92	8
2617	0.92	92	8
2618	0.92	92	8
2619	0.92	92	8
2620	0.92	92	8
2621	0.92	92	8
2622	0.92	92	8
2623	0.91	91	9
2624	0.91	91	9
2625	0.91	91	9
2626	0.91	91	9
2627	0.91	91	9
2628	0.91	91	9
2629	0.91	91	9
2630	0.91	91	9
2631	0.90	90	10
2632	0.91	91	9
2633	0.91	91	9
2634	0.91	91	9
2635	0.91	91	9
2636	0.90	90	10
2637	0.89	89	11
2638	0.89	89	11
2639	0.89	89	11
2640	0.89	89	11
2641	0.89	89	11
2642	0.88	88	12
2643	0.88	88	12
2644	0.88	88	12
2645	0.88	88	12
2646	0.88	88	12
2647	0.88	88	12
2648	0.88	88	12
2649	0.88	88	12
2650	0.88	88	12
2651	0.88	88	12
2652	0.88	88	12
2653	0.88	88	12
2654	0.88	88	12
2655	0.88	88	12
2656	0.88	88	12
2657	0.88	88	12
2658	0.88	88	12
2659	0.88	88	12
2660	0.88	88	12
2661	0.88	88	12
2662	0.88	88	12
2663	0.88	88	12
2664	0.88	88	12
2665	0.89	89	11
2666	0.89	89	11
2667	0.89	89	11
2668	0.89	89	11
2669	0.89	89	11
2670	0.90	90	10
2671	0.90	90	10
2672	0.90	90	10
2673	0.90	90	10
2674	0.90	90	10
2675	0.90	90	10
2676	0.90	90	10
2677	0.89	89	11
2678	0.89	89	11
2679	0.89	89	11
2680	0.89	89	11
2681	0.89	89	11
2682	0.89	89	11
2683	0.89	89	11
2684	0.90	90	10
2685	0.90	90	10
2686	0.90	90	10
2687	0.90	90	10
2688	0.90	90	10
2689	0.91	91	9
2690	0.91	91	9
2691	0.91	91	9
2692	0.91	91	9
2693	0.92	92	8
2694	0.92	92	8
2695	0.92	92	8
2696	0.91	91	9
2697	0.92	92	8
2698	0.92	92	8
2699	0.92	92	8
2700	0.92	92	8
2701	0.92	92	8
2702	0.91	91	9
2703	0.91	91	9
2704	0.91	91	9
2705	0.91	91	9
2706	0.91	91	9
2707	0.91	91	9
2708	0.91	91	9
2709	0.91	91	9
2710	0.91	91	9
2711	0.91	91	9
2712	0.90	90	10
2713	0.90	90	10
2714	0.90	90	10
2715	0.90	90	10
2716	0.90	90	10
2717	0.90	90	10
2718	0.90	90	10
2719	0.90	90	10
2720	0.89	89	11
2721	0.89	89	11
2722	0.89	89	11
2723	0.90	90	10
2724	0.90	90	10
2725	0.90	90	10
2726	0.90	90	10
2727	0.90	90	10
2728	0.90	90	10
2729	0.90	90	10
2730	0.90	90	10
2731	0.91	91	9
2732	0.91	91	9
2733	0.91	91	9
2734	0.91	91	9
2735	0.91	91	9
2736	0.92	92	8
2737	0.93	93	7
2738	0.93	93	7
2739	0.93	93	7
2740	0.93	93	7
2741	0.93	93	7
2742	0.94	94	6
2743	0.94	94	6
2744	0.94	94	6
2745	0.94	94	6
2746	0.94	94	6
2747	0.94	94	6
2748	0.93	93	7
2749	0.93	93	7
2750	0.93	93	7
2751	0.93	93	7
2752	0.93	93	7
2753	0.93	93	7
2754	0.93	93	7
2755	0.93	93	7
2756	0.93	93	7
2757	0.93	93	7
2758	0.93	93	7
2759	0.93	93	7
2760	0.93	93	7
2761	0.93	93	7
2762	0.93	93	7
2763	0.93	93	7
2764	0.93	93	7
2765	0.93	93	7
2766	0.93	93	7
2767	0.93	93	7
2768	0.93	93	7
2769	0.93	93	7
2770	0.93	93	7
2771	0.93	93	7
2772	0.93	93	7
2773	0.93	93	7
2774	0.93	93	7
2775	0.93	93	7
2776	0.93	93	7
2777	0.94	94	6
2778	0.94	94	6
2779	0.94	94	6
2780	0.94	94	6
2781	0.94	94	6
2782	0.94	94	6
2783	0.94	94	6
2784	0.94	94	6
2785	0.94	94	6
2786	0.94	94	6
2787	0.95	95	5
2788	0.95	95	5
2789	0.95	95	5
2790	0.95	95	5
2791	0.95	95	5
2792	0.95	95	5
2793	0.95	95	5
2794	0.95	95	5
2795	0.95	95	5
2796	0.96	96	4
2797	0.96	96	4
2798	0.96	96	4
2799	0.96	96	4
2800	0.96	96	4
2801	0.96	96	4
2802	0.97	97	3
2803	0.97	97	3
2804	0.97	97	3
2805	0.97	97	3
2806	0.97	97	3
2807	0.97	97	3
2808	0.97	97	3
2809	0.97	97	3
2810	0.97	97	3
2811	0.97	97	3
2812	0.98	98	2
2813	0.98	98	2
2814	0.97	97	3
2815	0.97	97	3
2816	0.97	97	3
2817	0.97	97	3
2818	0.97	97	3
2819	0.97	97	3
2820	0.98	98	2
2821	0.98	98	2
2822	0.98	98	2
2823	0.98	98	2
2824	0.98	98	2
2825	0.98	98	2
2826	0.98	98	2
2827	0.98	98	2
2828	0.98	98	2
2829	0.98	98	2
2830	0.98	98	2
2831	0.98	98	2
2832	0.98	98	2
2833	0.98	98	2
2834	0.98	98	2
2835	0.97	97	3
2836	0.97	97	3
2837	0.97	97	3
2838	0.97	97	3
2839	0.97	97	3
2840	0.97	97	3
2841	0.97	97	3
2842	0.97	97	3
2843	0.97	97	3
2844	0.96	96	4
2845	0.96	96	4
2846	0.96	96	4
2847	0.95	95	5
2848	0.96	96	4
2849	0.96	96	4
2850	0.96	96	4
2851	0.96	96	4
2852	0.96	96	4
2853	0.96	96	4
2854	0.96	96	4
2855	0.96	96	4
2856	0.96	96	4
2857	0.96	96	4
2858	0.96	96	4
2859	0.96	96	4
2860	0.96	96	4
2861	0.96	96	4
2862	0.96	96	4
2863	0.96	96	4
2864	0.96	96	4
2865	0.96	96	4
2866	0.96	96	4
2867	0.95	95	5
2868	0.95	95	5
2869	0.95	95	5
2870	0.95	95	5
2871	0.94	94	6
2872	0.94	94	6
2873	0.94	94	6
2874	0.94	94	6
2875	0.94	94	6
2876	0.94	94	6
2877	0.94	94	6
2878	0.94	94	6
2879	0.94	94	6
2880	0.94	94	6
2881	0.94	94	6
2882	0.94	94	6
2883	0.94	94	6
2884	0.94	94	6
2885	0.94	94	6
2886	0.94	94	6
2887	0.93	93	7
2888	0.93	93	7
2889	0.93	93	7
2890	0.93	93	7
2891	0.93	93	7
2892	0.92	92	8
2893	0.92	92	8
2894	0.92	92	8
2895	0.92	92	8
2896	0.92	92	8
2897	0.92	92	8
2898	0.92	92	8
2899	0.92	92	8
2900	0.92	92	8
2901	0.92	92	8
2902	0.92	92	8
2903	0.92	92	8
2904	0.92	92	8
2905	0.92	92	8
2906	0.92	92	8
2907	0.92	92	8
2908	0.92	92	8
2909	0.92	92	8
2910	0.92	92	8
2911	0.92	92	8
2912	0.92	92	8
2913	0.92	92	8
2914	0.93	93	7
2915	0.93	93	7
2916	0.93	93	7
2917	0.93	93	7
2918	0.93	93	7
2919	0.93	93	7
2920	0.93	93	7
2921	0.92	92	8
2922	0.92	92	8
2923	0.92	92	8
2924	0.92	92	8
2925	0.92	92	8
2926	0.92	92	8
2927	0.91	91	9
2928	0.91	91	9
2929	0.91	91	9
2930	0.91	91	9
2931	0.91	91	9
2932	0.91	91	9
2933	0.91	91	9
2934	0.91	91	9
2935	0.92	92	8
2936	0.92	92	8
2937	0.92	92	8
2938	0.92	92	8
2939	0.92	92	8
2940	0.92	92	8
2941	0.92	92	8
2942	0.92	92	8
2943	0.92	92	8
2944	0.92	92	8
2945	0.92	92	8
2946	0.92	92	8
2947	0.93	93	7
2948	0.93	93	7
2949	0.92	92	8
2950	0.92	92	8
2951	0.92	92	8
2952	0.92	92	8
2953	0.92	92	8
2954	0.92	92	8
2955	0.92	92	8
2956	0.92	92	8
2957	0.92	92	8
2958	0.92	92	8
2959	0.92	92	8
2960	0.92	92	8
2961	0.91	91	9
2962	0.90	90	10
2963	0.90	90	10
2964	0.90	90	10
2965	0.90	90	10
2966	0.90	90	10
2967	0.91	91	9
2968	0.91	91	9
2969	0.91	91	9
2970	0.91	91	9
2971	0.92	92	8
2972	0.91	91	9
2973	0.90	90	10
2974	0.90	90	10
2975	0.90	90	10
2976	0.90	90	10
2977	0.89	89	11
2978	0.89	89	11
2979	0.88	88	12
2980	0.88	88	12
2981	0.88	88	12
2982	0.88	88	12
2983	0.88	88	12
2984	0.88	88	12
2985	0.88	88	12
2986	0.88	88	12
2987	0.89	89	11
2988	0.89	89	11
2989	0.89	89	11
2990	0.89	89	11
2991	0.89	89	11
2992	0.90	90	10
2993	0.90	90	10
2994	0.90	90	10
2995	0.90	90	10
2996	0.90	90	10
2997	0.89	89	11
2998	0.89	89	11
2999	0.89	89	11
3000	0.11	89	11
3001	0.11	89	11
3002	0.11	89	11
3003	0.11	89	11
3004	0.11	89	11
3005	0.12	88	12
3006	0.12	88	12
3007	0.12	88	12
3008	0.12	88	12
3009	0.13	87	13
3010	0.13	87	13
3011	0.13	87	13
3012	0.13	87	13
3013	0.14	86	14
3014	0.15	85	15
3015	0.15	85	15
3016	0.15	85	15
3017	0.16	84	16
3018	0.16	84	16
3019	0.16	84	16
3020	0.17	83	17
3021	0.17	83	17
3022	0.18	82	18
3023	0.19	81	19
3024	0.19	81	19
3025	0.19	81	19
3026	0.20	80	20
3027	0.19	81	19
3028	0.19	81	19
3029	0.20	80	20
3030	0.20	80	20
3031	0.20	80	20
3032	0.20	80	20
3033	0.20	80	20
3034	0.21	79	21
3035	0.22	78	22
3036	0.22	78	22
3037	0.22	78	22
3038	0.22	78	22
3039	0.22	78	22
3040	0.22	78	22
3041	0.22	78	22
3042	0.22	78	22
3043	0.22	78	22
3044	0.21	79	21
3045	0.21	79	21
3046	0.22	78	22
3047	0.22	78	22
3048	0.22	78	22
3049	0.22	78	22
3050	0.23	77	23
3051	0.24	76	24
3052	0.24	76	24
3053	0.24	76	24
3054	0.24	76	24
3055	0.24	76	24
3056	0.25	75	25
3057	0.26	74	26
3058	0.27	73	27
3059	0.28	72	28
3060	0.29	71	29
3061	0.28	72	28
3062	0.28	72	28
3063	0.28	72	28
3064	0.28	72	28
3065	0.29	71	29
3066	0.29	71	29
3067	0.30	70	30
3068	0.30	70	30
3069	0.31	69	31
3070	0.31	69	31
3071	0.31	69	31
3072	0.30	70	30
3073	0.30	70	30
3074	0.31	69	31
3075	0.32	68	32
3076	0.32	68	32
3077	0.31	69	31
3078	0.31	69	31
3079	0.30	70	30
3080	0.30	70	30
3081	0.31	69	31
3082	0.32	68	32
3083	0.33	67	33
3084	0.33	67	33
3085	0.33	67	33
3086	0.34	66	34
3087	0.34	66	34
3088	0.35	65	35
3089	0.35	65	35
3090	0.35	65	35
3091	0.36	64	36
3092	0.37	63	37
3093	0.38	62	38
3094	0.38	62	38
3095	0.39	61	39
3096	0.39	61	39
3097	0.39	61	39
3098	0.40	60	40
3099	0.41	59	41
3100	0.41	59	41
3101	0.41	59	41
3102	0.42	58	42
3103	0.43	57	43
3104	0.44	56	44
3105	0.44	56	44
3106	0.45	55	45
3107	0.46	54	46
3108	0.47	53	47
3109	0.47	53	47
3110	0.48	52	48
3111	0.49	51	49
3112	0.49	51	49
3113	0.48	52	48
3114	0.47	53	47
3115	0.47	53	47
3116	0.48	52	48
3117	0.48	52	48
3118	0.48	52	48
3119	0.48	52	48
3120	0.48	52	48
3121	0.48	52	48
3122	0.48	52	48
3123	0.47	53	47
3124	0.47	53	47
3125	0.48	52	48
3126	0.48	52	48
3127	0.49	51	49
3128	0.50	50	50
3129	0.50	50	50
3130	0.51	49	51
3131	0.51	49	51
3132	0.52	48	52
3133	0.53	47	53
3134	0.52	48	52
3135	0.52	48	52
3136	0.52	48	52
3137	0.53	47	53
3138	0.54	46	54
3139	0.55	45	55
3140	0.56	44	56
3141	0.57	43	57
3142	0.58	42	58
3143	0.59	41	59
3144	0.60	40	60
3145	0.60	40	60
3146	0.60	40	60
3147	0.61	39	61
3148	0.61	39	61
3149	0.61	39	61
3150	0.61	39	61
3151	0.61	39	61
3152	0.62	38	62
3153	0.62	38	62
3154	0.62	38	62
3155	0.63	37	63
3156	0.63	37	63
3157	0.63	37	63
3158	0.63	37	63
3159	0.63	37	63
3160	0.63	37	63
3161	0.63	37	63
3162	0.63	37	63
3163	0.64	36	64
3164	0.64	36	64
3165	0.64	36	64
3166	0.65	35	65
3167	0.65	35	65
3168	0.66	34	66
3169	0.66	34	66
3170	0.67	33	67
3171	0.68	32	68
3172	0.68	32	68
3173	0.67	33	67
3174	0.67	33	67
3175	0.67	33	67
3176	0.68	32	68
3177	0.68	32	68
3178	0.68	32	68
3179	0.69	31	69
3180	0.70	30	70
3181	0.70	30	70
3182	0.69	31	69
3183	0.69	31	69
3184	0.70	30	70
3185	0.71	29	71
3186	0.71	29	71
3187	0.71	29	71
3188	0.71	29	71
3189	0.72	28	72
3190	0.73	27	73
3191	0.73	27	73
3192	0.73	27	73
3193	0.73	27	73
3194	0.74	26	74
3195	0.74	26	74
3196	0.75	25	75
3197	0.75	25	75
3198	0.75	25	75
3199	0.75	25	75
3200	0.76	24	76
3201	0.77	23	77
3202	0.77	23	77
3203	0.77	23	77
3204	0.77	23	77
3205	0.77	23	77
3206	0.77	23	77
3207	0.76	24	76
3208	0.76	24	76
3209	0.76	24	76
3210	0.76	24	76
3211	0.76	24	76
3212	0.77	23	77
3213	0.78	22	78
3214	0.79	21	79
3215	0.80	20	80
3216	0.80	20	80
3217	0.80	20	80
3218	0.81	19	81
3219	0.82	18	82
3220	0.82	18	82
3221	0.82	18	82
3222	0.82	18	82
3223	0.83	17	83
3224	0.84	16	84
3225	0.84	16	84
3226	0.84	16	84
3227	0.84	16	84
3228	0.84	16	84
3229	0.84	16	84
3230	0.84	16	84
3231	0.85	15	85
3232	0.85	15	85
3233	0.85	15	85
3234	0.86	14	86
3235	0.86	14	86
3236	0.87	13	87
3237	0.87	13	87
3238	0.87	13	87
3239	0.87	13	87
3240	0.87	13	87
3241	0.87	13	87
3242	0.87	13	87
3243	0.87	13	87
3244	0.87	13	87
3245	0.88	12	88
3246	0.88	12	88
3247	0.88	12	88
3248	0.89	11	89
3249	0.89	11	89
3250	0.89	11	89
3251	0.89	11	89
3252	0.89	11	89
3253	0.89	11	89
3254	0.89	11	89
3255	0.89	11	89
3256	0.89	11	89
3257	0.89	11	89
3258	0.89	11	89
3259	0.89	11	89
3260	0.89	11	89
3261	0.89	11	89
3262	0.89	11	89
3263	0.88	12	88
3264	0.89	11	89
3265	0.89	11	89
3266	0.89	11	89
3267	0.89	11	89
3268	0.89	11	89
3269	0.89	11	89
3270	0.89	11	89
3271	0.89	11	89
3272	0.89	11	89
3273	0.90	10	90
3274	0.90	10	90
3275	0.90	10	90
3276	0.90	10	90
3277	0.91	9	91
3278	0.92	8	92
3279	0.92	8	92
3280	0.92	8	92
3281	0.92	8	92
3282	0.93	7	93
3283	0.93	7	93
3284	0.93	7	93
3285	0.93	7	93
3286	0.93	7	93
3287	0.94	6	94
3288	0.94	6	94
3289	0.94	6	94
3290	0.94	6	94
3291	0.94	6	94
3292	0.94	6	94
3293	0.94	6	94
3294	0.94	6	94
3295	0.94	6	94
3296	0.94	6	94
3297	0.94	6	94
3298	0.94	6	94
3299	0.94	6	94
3300	0.94	6	94
3301	0.94	6	94
3302	0.94	6	94
3303	0.94	6	94
3304	0.93	7	93
3305	0.93	7	93
3306	0.93	7	93
3307	0.94	6	94
3308	0.94	6	94
3309	0.94	6	94
3310	0.94	6	94
3311	0.94	6	94
3312	0.94	6	94
3313	0.94	6	94
3314	0.94	6	94
3315	0.94	6	94
3316	0.93	7	93
3317	0.92	8	92
3318	0.92	8	92
3319	0.92	8	92
3320	0.92	8	92
3321	0.92	8	92
3322	0.92	8	92
3323	0.92	8	92
3324	0.92	8	92
3325	0.92	8	92
3326	0.92	8	92
3327	0.92	8	92
3328	0.92	8	92
3329	0.92	8	92
3330	0.92	8	92
3331	0.92	8	92
3332	0.92	8	92
3333	0.92	8	92
3334	0.92	8	92
3335	0.92	8	92
3336	0.92	8	92
3337	0.92	8	92
3338	0.92	8	92
3339	0.92	8	92
3340	0.91	9	91
3341	0.91	9	91
3342	0.91	9	91
3343	0.91	9	91
3344	0.91	9	91
3345	0.91	9	91
3346	0.91	9	91
3347	0.91	9	91
3348	0.91	9	91
3349	0.91	9	91
3350	0.91	9	91
3351	0.91	9	91
3352	0.91	9	91
3353	0.92	8	92
3354	0.93	7	93
3355	0.93	7	93
3356	0.93	7	93
3357	0.93	7	93
3358	0.93	7	93
3359	0.92	8	92
3360	0.92	8	92
3361	0.93	7	93
3362	0.93	7	93
3363	0.94	6	94
3364	0.94	6	94
3365	0.94	6	94
3366	0.94	6	94
3367	0.94	6	94
3368	0.94	6	94
3369	0.94	6	94
3370	0.94	6	94
3371	0.93	7	93
3372	0.94	6	94
3373	0.94	6	94
3374	0.94	6	94
3375	0.94	6	94
3376	0.94	6	94
3377	0.94	6	94
3378	0.94	6	94
3379	0.94	6	94
3380	0.94	6	94
3381	0.94	6	94
3382	0.94	6	94
3383	0.94	6	94
3384	0.94	6	94
3385	0.94	6	94
3386	0.94	6	94
3387	0.94	6	94
3388	0.94	6	94
3389	0.94	6	94
3390	0.94	6	94
3391	0.94	6	94
3392	0.94	6	94
3393	0.94	6	94
3394	0.94	6	94
3395	0.94	6	94
3396	0.94	6	94
3397	0.94	6	94
3398	0.94	6	94
3399	0.94	6	94
3400	0.94	6	94
3401	0.94	6	94
3402	0.94	6	94
3403	0.94	6	94
3404	0.95	5	95
3405	0.95	5	95
3406	0.95	5	95
3407	0.95	5	95
3408	0.95	5	95
3409	0.94	6	94
3410	0.94	6	94
3411	0.94	6	94
3412	0.94	6	94
3413	0.94	6	94
3414	0.94	6	94
3415	0.94	6	94
3416	0.95	5	95
3417	0.96	4	96
3418	0.96	4	96
3419	0.96	4	96
3420	0.96	4	96
3421	0.96	4	96
3422	0.95	5	95
3423	0.95	5	95
3424	0.94	6	94
3425	0.94	6	94
3426	0.94	6	94
3427	0.94	6	94
3428	0.94	6	94
3429	0.94	6	94
3430	0.94	6	94
3431	0.94	6	94
3432	0.94	6	94
3433	0.94	6	94
3434	0.94	6	94
3435	0.94	6	94
3436	0.94	6	94
3437	0.94	6	94
3438	0.94	6	94
3439	0.94	6	94
3440	0.95	5	95
3441	0.95	5	95
3442	0.95	5	95
3443	0.95	5	95
3444	0.95	5	95
3445	0.95	5	95
3446	0.95	5	95
3447	0.95	5	95
3448	0.95	5	95
3449	0.95	5	95
3450	0.95	5	95
3451	0.95	5	95
3452	0.95	5	95
3453	0.95	5	95
3454	0.95	5	95
3455	0.95	5	95
3456	0.95	5	95
3457	0.95	5	95
3458	0.95	5	95
3459	0.96	4	96
3460	0.96	4	96
3461	0.96	4	96
3462	0.95	5	95
3463	0.95	5	95
3464	0.95	5	95
3465	0.95	5	95
3466	0.95	5	95
3467	0.95	5	95
3468	0.95	5	95
3469	0.95	5	95
3470	0.95	5	95
3471	0.96	4	96
3472	0.96	4	96
3473	0.96	4	96
3474	0.96	4	96
3475	0.96	4	96
3476	0.96	4	96
3477	0.96	4	96
3478	0.96	4	96
3479	0.96	4	96
3480	0.96	4	96
3481	0.96	4	96
3482	0.96	4	96
3483	0.96	4	96
3484	0.96	4	96
3485	0.96	4	96
3486	0.96	4	96
3487	0.96	4	96
3488	0.96	4	96
3489	0.96	4	96
3490	0.96	4	96
3491	0.96	4	96
3492	0.96	4	96
3493	0.96	4	96
3494	0.96	4	96
3495	0.96	4	96
3496	0.96	4	96
3497	0.96	4	96
3498	0.96	4	96
3499	0.96	4	96
3500	0.96	4	96
3501	0.96	4	96
3502	0.96	4	96
3503	0.96	4	96
3504	0.96	4	96
3505	0.96	4	96
3506	0.96	4	96
3507	0.96	4	96
3508	0.96	4	96
3509	0.97	3	97
3510	0.97	3	97
3511	0.97	3	97
3512	0.97	3	97
3513	0.97	3	97
3514	0.97	3	97
3515	0.97	3	97
3516	0.97	3	97
3517	0.97	3	97
3518	0.97	3	97
3519	0.97	3	97
3520	0.97	3	97
3521	0.97	3	97
3522	0.98	2	98
3523	0.98	2	98
3524	0.99	1	99
3525	0.99	1	99
3526	0.99	1	99
3527	0.99	1	99
3528	0.99	1	99
3529	0.99	1	99
3530	0.99	1	99
3531	0.98	2	98
3532	0.98	2	98
3533	0.98	2	98
3534	0.97	3	97
3535	0.97	3	97
3536	0.97	3	97
3537	0.97	3	97
3538	0.97	3	97
3539	0.97	3	97
3540	0.97	3	97
3541	0.97	3	97
3542	0.97	3	97
3543	0.96	4	96
3544	0.96	4	96
3545	0.96	4	96
3546	0.96	4	96
3547	0.96	4	96
3548	0.96	4	96
3549	0.96	4	96
3550	0.96	4	96
3551	0.96	4	96
3552	0.96	4	96
3553	0.96	4	96
3554	0.96	4	96
3555	0.96	4	96
3556	0.96	4	96
3557	0.96	4	96
3558	0.96	4	96
3559	0.96	4	96
3560	0.96	4	96
3561	0.96	4	96
3562	0.97	3	97
3563	0.97	3	97
3564	0.97	3	97
3565	0.97	3	97
3566	0.97	3	97
3567	0.97	3	97
3568	0.97	3	97
3569	0.97	3	97
3570	0.97	3	97
3571	0.97	3	97
3572	0.97	3	97
3573	0.97	3	97
3574	0.97	3	97
3575	0.97	3	97
3576	0.97	3	97
3577	0.96	4	96
3578	0.96	4	96
3579	0.96	4	96
3580	0.96	4	96
3581	0.96	4	96
3582	0.96	4	96
3583	0.96	4	96
3584	0.96	4	96
3585	0.96	4	96
3586	0.96	4	96
3587	0.96	4	96
3588	0.96	4	96
3589	0.96	4	96
3590	0.96	4	96
3591	0.96	4	96
3592	0.96	4	96
3593	0.96	4	96
3594	0.96	4	96
3595	0.96	4	96
3596	0.96	4	96
3597	0.95	5	95
3598	0.95	5	95
3599	0.95	5	95
3600	0.95	5	95
3601	0.95	5	95
3602	0.95	5	95
3603	0.95	5	95
3604	0.95	5	95
3605	0.95	5	95
3606	0.95	5	95
3607	0.95	5	95
3608	0.95	5	95
3609	0.95	5	95
3610	0.95	5	95
3611	0.95	5	95
3612	0.95	5	95
3613	0.95	5	95
3614	0.95	5	95
3615	0.95	5	95
3616	0.95	5	95
3617	0.95	5	95
3618	0.95	5	95
3619	0.95	5	95
3620	0.95	5	95
3621	0.95	5	95
3622	0.95	5	95
3623	0.95	5	95
3624	0.95	5	95
3625	0.95	5	95
3626	0.95	5	95
3627	0.95	5	95
3628	0.95	5	95
3629	0.95	5	95
3630	0.95	5	95
3631	0.96	4	96
3632	0.96	4	96
3633	0.96	4	96
3634	0.97	3	97
3635	0.97	3	97
3636	0.97	3	97
3637	0.97	3	97
3638	0.97	3	97
3639	0.97	3	97
3640	0.97	3	97
3641	0.97	3	97
3642	0.97	3	97
3643	0.98	2	98
3644	0.98	2	98
3645	0.98	2	98
3646	0.98	2	98
3647	0.98	2	98
3648	0.98	2	98
3649	0.98	2	98
3650	0.98	2	98
3651	0.98	2	98
3652	0.98	2	98
3653	0.98	2	98
3654	0.98	2	98
3655	0.98	2	98
3656	0.98	2	98
3657	0.98	2	98
3658	0.98	2	98
3659	0.98	2	98
3660	0.98	2	98
3661	0.98	2	98
3662	0.97	3	97
3663	0.97	3	97
3664	0.97	3	97
3665	0.97	3	97
3666	0.97	3	97
3667	0.97	3	97
3668	0.97	3	97
3669	0.96	4	96
3670	0.96	4	96
3671	0.96	4	96
3672	0.96	4	96
3673	0.96	4	96
3674	0.96	4	96
3675	0.96	4	96
3676	0.96	4	96
3677	0.96	4	96
3678	0.96	4	96
3679	0.96	4	96
3680	0.96	4	96
3681	0.96	4	96
3682	0.96	4	96
3683	0.96	4	96
3684	0.96	4	96
3685	0.96	4	96
3686	0.96	4	96
3687	0.96	4	96
3688	0.96	4	96
3689	0.96	4	96
3690	0.96	4	96
3691	0.96	4	96
3692	0.96	4	96
3693	0.96	4	96
3694	0.96	4	96
3695	0.96	4	96
3696	0.96	4	96
3697	0.97	3	97
3698	0.97	3	97
3699	0.97	3	97
3700	0.97	3	97
3701	0.97	3	97
3702	0.97	3	97
3703	0.97	3	97
3704	0.97	3	97
3705	0.97	3	97
3706	0.97	3	97
3707	0.96	4	96
3708	0.96	4	96
3709	0.96	4	96
3710	0.96	4	96
3711	0.96	4	96
3712	0.96	4	96
3713	0.96	4	96
3714	0.96	4	96
3715	0.96	4	96
3716	0.96	4	96
3717	0.96	4	96
3718	0.96	4	96
3719	0.96	4	96
3720	0.96	4	96
3721	0.96	4	96
3722	0.96	4	96
3723	0.96	4	96
3724	0.96	4	96
3725	0.96	4	96
3726	0.96	4	96
3727	0.96	4	96
3728	0.95	5	95
3729	0.95	5	95
3730	0.95	5	95
3731	0.95	5	95
3732	0.95	5	95
3733	0.95	5	95
3734	0.95	5	95
3735	0.95	5	95
3736	0.95	5	95
3737	0.95	5	95
3738	0.95	5	95
3739	0.95	5	95
3740	0.95	5	95
3741	0.95	5	95
3742	0.95	5	95
3743	0.95	5	95
3744	0.95	5	95
3745	0.95	5	95
3746	0.95	5	95
3747	0.95	5	95
3748	0.95	5	95
3749	0.95	5	95
3750	0.95	5	95
3751	0.95	5	95
3752	0.95	5	95
3753	0.95	5	95
3754	0.95	5	95
3755	0.95	5	95
3756	0.95	5	95
3757	0.95	5	95
3758	0.95	5	95
3759	0.95	5	95
3760	0.95	5	95
3761	0.95	5	95
3762	0.96	4	96
3763	0.96	4	96
3764	0.96	4	96
3765	0.96	4	96
3766	0.96	4	96
3767	0.96	4	96
3768	0.96	4	96
3769	0.97	3	97
3770	0.97	3	97
3771	0.96	4	96
3772	0.96	4	96
3773	0.96	4	96
3774	0.96	4	96
3775	0.96	4	96
3776	0.96	4	96
3777	0.97	3	97
3778	0.97	3	97
3779	0.97	3	97
3780	0.97	3	97
3781	0.96	4	96
3782	0.96	4	96
3783	0.96	4	96
3784	0.96	4	96
3785	0.96	4	96
3786	0.96	4	96
3787	0.96	4	96
3788	0.96	4	96
3789	0.96	4	96
3790	0.95	5	95
3791	0.95	5	95
3792	0.95	5	95
3793	0.95	5	95
3794	0.95	5	95
3795	0.95	5	95
3796	0.95	5	95
3797	0.95	5	95
3798	0.95	5	95
3799	0.95	5	95
3800	0.95	5	95
3801	0.95	5	95
3802	0.95	5	95
3803	0.95	5	95
3804	0.94	6	94
3805	0.94	6	94
3806	0.94	6	94
3807	0.95	5	95
3808	0.94	6	94
3809	0.94	6	94
3810	0.94	6	94
3811	0.94	6	94
3812	0.94	6	94
3813	0.94	6	94
3814	0.93	7	93
3815	0.93	7	93
3816	0.93	7	93
3817	0.93	7	93
3818	0.93	7	93
3819	0.93	7	93
3820	0.93	7	93
3821	0.93	7	93
3822	0.93	7	93
3823	0.93	7	93
3824	0.93	7	93
3825	0.93	7	93
3826	0.93	7	93
3827	0.93	7	93
3828	0.94	6	94
3829	0.94	6	94
3830	0.94	6	94
3831	0.94	6	94
3832	0.94	6	94
3833	0.94	6	94
3834	0.94	6	94
3835	0.94	6	94
3836	0.94	6	94
3837	0.94	6	94
3838	0.94	6	94
3839	0.94	6	94
3840	0.94	6	94
3841	0.94	6	94
3842	0.94	6	94
3843	0.94	6	94
3844	0.94	6	94
3845	0.94	6	94
3846	0.93	7	93
3847	0.92	8	92
3848	0.92	8	92
3849	0.92	8	92
3850	0.92	8	92
3851	0.92	8	92
3852	0.92	8	92
3853	0.92	8	92
3854	0.92	8	92
3855	0.92	8	92
3856	0.91	9	91
3857	0.91	9	91
3858	0.91	9	91
3859	0.91	9	91
3860	0.91	9	91
3861	0.91	9	91
3862	0.91	9	91
3863	0.91	9	91
3864	0.91	9	91
3865	0.91	9	91
3866	0.91	9	91
3867	0.91	9	91
3868	0.91	9	91
3869	0.91	9	91
3870	0.91	9	91
3871	0.92	8	92
3872	0.92	8	92
3873	0.92	8	92
3874	0.91	9	91
3875	0.91	9	91
3876	0.91	9	91
3877	0.91	9	91
3878	0.91	9	91
3879	0.91	9	91
3880	0.91	9	91
3881	0.92	8	92
3882	0.92	8	92
3883	0.91	9	91
3884	0.91	9	91
3885	0.91	9	91
3886	0.91	9	91
3887	0.91	9	91
3888	0.91	9	91
3889	0.91	9	91
3890	0.91	9	91
3891	0.91	9	91
3892	0.90	10	90
3893	0.90	10	90
3894	0.90	10	90
3895	0.90	10	90
3896	0.90	10	90
3897	0.90	10	90
3898	0.90	10	90
3899	0.90	10	90
3900	0.90	10	90
3901	0.90	10	90
3902	0.90	10	90
3903	0.90	10	90
3904	0.91	9	91
3905	0.91	9	91
3906	0.91	9	91
3907	0.90	10	90
3908	0.91	9	91
3909	0.91	9	91
3910	0.91	9	91
3911	0.91	9	91
3912	0.91	9	91
3913	0.91	9	91
3914	0.92	8	92
3915	0.92	8	92
3916	0.92	8	92
3917	0.92	8	92
3918	0.92	8	92
3919	0.92	8	92
3920	0.91	9	91
3921	0.91	9	91
3922	0.91	9	91
3923	0.91	9	91
3924	0.91	9	91
3925	0.91	9	91
3926	0.91	9	91
3927	0.91	9	91
3928	0.91	9	91
3929	0.91	9	91
3930	0.91	9	91
3931	0.91	9	91
3932	0.91	9	91
3933	0.90	10	90
3934	0.90	10	90
3935	0.90	10	90
3936	0.90	10	90
3937	0.90	10	90
3938	0.90	10	90
3939	0.90	10	90
3940	0.90	10	90
3941	0.90	10	90
3942	0.90	10	90
3943	0.89	11	89
3944	0.89	11	89
3945	0.89	11	89
3946	0.90	10	90
3947	0.91	9	91
3948	0.90	10	90
3949	0.90	10	90
3950	0.90	10	90
3951	0.90	10	90
3952	0.90	10	90
3953	0.90	10	90
3954	0.90	10	90
3955	0.90	10	90
3956	0.91	9	91
3957	0.91	9	91
3958	0.90	10	90
3959	0.90	10	90
3960	0.90	10	90
3961	0.90	10	90
3962	0.90	10	90
3963	0.90	10	90
3964	0.90	10	90
3965	0.90	10	90
3966	0.90	10	90
3967	0.90	10	90
3968	0.90	10	90
3969	0.90	10	90
3970	0.90	10	90
3971	0.90	10	90
3972	0.90	10	90
3973	0.90	10	90
3974	0.90	10	90
3975	0.90	10	90
3976	0.90	10	90
3977	0.90	10	90
3978	0.90	10	90
3979	0.90	10	90
3980	0.90	10	90
3981	0.90	10	90
3982	0.90	10	90
3983	0.91	9	91
3984	0.91	9	91
3985	0.91	9	91
3986	0.90	10	90
3987	0.90	10	90
3988	0.90	10	90
3989	0.90	10	90
3990	0.91	9	91
3991	0.91	9	91
3992	0.92	8	92
3993	0.92	8	92
3994	0.92	8	92
3995	0.92	8	92
3996	0.92	8	92
3997	0.91	9	91
3998	0.91	9	91
3999	0.91	9	91
4000	0.09	9	91
4001	0.09	9	91
4002	0.09	9	91
4003	0.09	9	91
4004	0.10	10	90
4005	0.10	10	90
4006	0.10	10	90
4007	0.10	10	90
4008	0.11	11	89
4009	0.11	11	89
4010	0.11	11	89
4011	0.11	11	89
4012	0.12	12	88
4013	0.13	13	87
4014	0.14	14	86
4015	0.14	14	86
4016	0.15	15	85
4017	0.15	15	85
4018	0.15	15	85
4019	0.15	15	85
4020	0.15	15	85
4021	0.15	15	85
4022	0.16	16	84
4023	0.16	16	84
4024	0.16	16	84
4025	0.16	16	84
4026	0.16	16	84
4027	0.17	17	83
4028	0.18	18	82
4029	0.19	19	81
4030	0.20	20	80
4031	0.20	20	80
4032	0.21	21	79
4033	0.20	20	80
4034	0.20	20	80
4035	0.21	21	79
4036	0.21	21	79
4037	0.22	22	78
4038	0.23	23	77
4039	0.24	24	76
4040	0.25	25	75
4041	0.25	25	75
4042	0.26	26	74
4043	0.25	25	75
4044	0.25	25	75
4045	0.26	26	74
4046	0.27	27	73
4047	0.28	28	72
4048	0.27	27	73
4049	0.27	27	73
4050	0.28	28	72
4051	0.29	29	71
4052	0.29	29	71
4053	0.30	30	70
4054	0.31	31	69
4055	0.32	32	68
4056	0.33	33	67
4057	0.34	34	66
4058	0.33	33	67
4059	0.33	33	67
4060	0.33	33	67
4061	0.33	33	67
4062	0.34	34	66
4063	0.35	35	65
4064	0.35	35	65
4065	0.36	36	64
4066	0.37	37	63
4067	0.38	38	62
4068	0.38	38	62
4069	0.39	39	61
4070	0.39	39	61
4071	0.39	39	61
4072	0.39	39	61
4073	0.39	39	61
4074	0.38	38	62
4075	0.39	39	61
4076	0.39	39	61
4077	0.40	40	60
4078	0.41	41	59
4079	0.42	42	58
4080	0.43	43	57
4081	0.43	43	57
4082	0.43	43	57
4083	0.44	44	56
4084	0.44	44	56
4085	0.45	45	55
4086	0.45	45	55
4087	0.46	46	54
4088	0.47	47	53
4089	0.48	48	52
4090	0.49	49	51
4091	0.50	50	50
4092	0.51	51	49
4093	0.52	52	48
4094	0.53	53	47
4095	0.54	54	46
4096	0.55	55	45
4097	0.54	54	46
4098	0.55	55	45
4099	0.56	56	44
4100	0.57	57	43
4101	0.58	58	42
4102	0.58	58	42
4103	0.59	59	41
4104	0.59	59	41
4105	0.59	59	41
4106	0.60	60	40
4107	0.60	60	40
4108	0.60	60	40
4109	0.61	61	39
4110	0.62	62	38
4111	0.63	63	37
4112	0.62	62	38
4113	0.62	62	38
4114	0.62	62	38
4115	0.63	63	37
4116	0.63	63	37
4117	0.64	64	36
4118	0.65	65	35
4119	0.66	66	34
4120	0.66	66	34
4121	0.67	67	33
4122	0.67	67	33
4123	0.68	68	32
4124	0.68	68	32
4125	0.69	69	31
4126	0.70	70	30
4127	0.69	69	31
4128	0.68	68	32
4129	0.68	68	32
4130	0.68	68	32
4131	0.68	68	32
4132	0.67	67	33
4133	0.67	67	33
4134	0.68	68	32
4135	0.68	68	32
4136	0.69	69	31
4137	0.69	69	31
4138	0.69	69	31
4139	0.69	69	31
4140	0.69	69	31
4141	0.70	70	30
4142	0.70	70	30
4143	0.71	71	29
4144	0.72	72	28
4145	0.72	72	28
4146	0.72	72	28
4147	0.72	72	28
4148	0.73	73	27
4149	0.74	74	26
4150	0.74	74	26
4151	0.74	74	26
4152	0.75	75	25
4153	0.75	75	25
4154	0.75	75	25
4155	0.75	75	25
4156	0.74	74	26
4157	0.74	74	26
4158	0.75	75	25
4159	0.76	76	24
4160	0.76	76	24
4161	0.76	76	24
4162	0.75	75	25
4163	0.75	75	25
4164	0.76	76	24
4165	0.76	76	24
4166	0.76	76	24
4167	0.76	76	24
4168	0.76	76	24
4169	0.76	76	24
4170	0.77	77	23
4171	0.77	77	23
4172	0.78	78	22
4173	0.78	78	22
4174	0.79	79	21
4175	0.79	79	21
4176	0.80	80	20
4177	0.80	80	20
4178	0.80	80	20
4179	0.80	80	20
4180	0.80	80	20
4181	0.81	81	19
4182	0.82	82	18
4183	0.81	81	19
4184	0.82	82	18
4185	0.82	82	18
4186	0.82	82	18
4187	0.82	82	18
4188	0.82	82	18
4189	0.82	82	18
4190	0.81	81	19
4191	0.81	81	19
4192	0.81	81	19
4193	0.80	80	20
4194	0.80	80	20
4195	0.80	80	20
4196	0.80	80	20
4197	0.81	81	19
4198	0.80	80	20
4199	0.80	80	20
4200	0.80	80	20
4201	0.80	80	20
4202	0.81	81	19
4203	0.81	81	19
4204	0.81	81	19
4205	0.82	82	18
4206	0.82	82	18
4207	0.82	82	18
4208	0.82	82	18
4209	0.82	82	18
4210	0.82	82	18
4211	0.82	82	18
4212	0.83	83	17
4213	0.83	83	17
4214	0.83	83	17
4215	0.83	83	17
4216	0.83	83	17
4217	0.82	82	18
4218	0.82	82	18
4219	0.82	82	18
4220	0.82	82	18
4221	0.82	82	18
4222	0.82	82	18
4223	0.82	82	18
4224	0.83	83	17
4225	0.82	82	18
4226	0.82	82	18
4227	0.83	83	17
4228	0.84	84	16
4229	0.84	84	16
4230	0.84	84	16
4231	0.85	85	15
4232	0.86	86	14
4233	0.87	87	13
4234	0.87	87	13
4235	0.87	87	13
4236	0.87	87	13
4237	0.87	87	13
4238	0.87	87	13
4239	0.87	87	13
4240	0.86	86	14
4241	0.86	86	14
4242	0.86	86	14
4243	0.86	86	14
4244	0.86	86	14
4245	0.86	86	14
4246	0.86	86	14
4247	0.86	86	14
4248	0.86	86	14
4249	0.86	86	14
4250	0.86	86	14
4251	0.86	86	14
4252	0.86	86	14
4253	0.86	86	14
4254	0.86	86	14
4255	0.86	86	14
4256	0.87	87	13
4257	0.87	87	13
4258	0.87	87	13
4259	0.87	87	13
4260	0.88	88	12
4261	0.89	89	11
4262	0.90	90	10
4263	0.90	90	10
4264	0.90	90	10
4265	0.90	90	10
4266	0.90	90	10
4267	0.90	90	10
4268	0.91	91	9
4269	0.91	91	9
4270	0.91	91	9
4271	0.92	92	8
4272	0.92	92	8
4273	0.93	93	7
4274	0.93	93	7
4275	0.93	93	7
4276	0.93	93	7
4277	0.93	93	7
4278	0.93	93	7
4279	0.92	92	8
4280	0.91	91	9
4281	0.91	91	9
4282	0.91	91	9
4283	0.92	92	8
4284	0.92	92	8
4285	0.92	92	8
4286	0.92	92	8
4287	0.92	92	8
4288	0.92	92	8
4289	0.91	91	9
4290	0.92	92	8
4291	0.92	92	8
4292	0.92	92	8
4293	0.93	93	7
4294	0.93	93	7
4295	0.93	93	7
4296	0.92	92	8
4297	0.92	92	8
4298	0.93	93	7
4299	0.93	93	7
4300	0.93	93	7
4301	0.93	93	7
4302	0.92	92	8
4303	0.92	92	8
4304	0.92	92	8
4305	0.91	91	9
4306	0.91	91	9
4307	0.91	91	9
4308	0.91	91	9
4309	0.91	91	9
4310	0.91	91	9
4311	0.91	91	9
4312	0.91	91	9
4313	0.91	91	9
4314	0.91	91	9
4315	0.91	91	9
4316	0.91	91	9
4317	0.92	92	8
4318	0.92	92	8
4319	0.92	92	8
4320	0.92	92	8
4321	0.92	92	8
4322	0.92	92	8
4323	0.92	92	8
4324	0.91	91	9
4325	0.92	92	8
4326	0.92	92	8
4327	0.92	92	8
4328	0.92	92	8
4329	0.92	92	8
4330	0.92	92	8
4331	0.92	92	8
4332	0.92	92	8
4333	0.92	92	8
4334	0.92	92	8
4335	0.92	92	8
4336	0.92	92	8
4337	0.91	91	9
4338	0.90	90	10
4339	0.90	90	10
4340	0.91	91	9
4341	0.90	90	10
4342	0.90	90	10
4343	0.90	90	10
4344	0.90	90	10
4345	0.90	90	10
4346	0.90	90	10
4347	0.90	90	10
4348	0.90	90	10
4349	0.90	90	10
4350	0.90	90	10
4351	0.90	90	10
4352	0.90	90	10
4353	0.90	90	10
4354	0.90	90	10
4355	0.89	89	11
4356	0.89	89	11
4357	0.89	89	11
4358	0.89	89	11
4359	0.89	89	11
4360	0.89	89	11
4361	0.88	88	12
4362	0.88	88	12
4363	0.88	88	12
4364	0.88	88	12
4365	0.87	87	13
4366	0.86	86	14
4367	0.86	86	14
4368	0.86	86	14
4369	0.86	86	14
4370	0.86	86	14
4371	0.86	86	14
4372	0.86	86	14
4373	0.86	86	14
4374	0.86	86	14
4375	0.86	86	14
4376	0.86	86	14
4377	0.86	86	14
4378	0.86	86	14
4379	0.87	87	13
4380	0.88	88	12
4381	0.88	88	12
4382	0.88	88	12
4383	0.88	88	12
4384	0.88	88	12
4385	0.88	88	12
4386	0.87	87	13
4387	0.87	87	13
4388	0.87	87	13
4389	0.88	88	12
4390	0.88	88	12
4391	0.88	88	12
4392	0.88	88	12
4393	0.88	88	12
4394	0.88	88	12
4395	0.88	88	12
4396	0.89	89	11
4397	0.89	89	11
4398	0.89	89	11
4399	0.89	89	11
4400	0.89	89	11
4401	0.89	89	11
4402	0.90	90	10
4403	0.90	90	10
4404	0.90	90	10
4405	0.91	91	9
4406	0.91	91	9
4407	0.91	91	9
4408	0.91	91	9
4409	0.91	91	9
4410	0.91	91	9
4411	0.91	91	9
4412	0.91	91	9
4413	0.91	91	9
4414	0.91	91	9
4415	0.91	91	9
4416	0.91	91	9
4417	0.91	91	9
4418	0.91	91	9
4419	0.91	91	9
4420	0.91	91	9
4421	0.91	91	9
4422	0.91	91	9
4423	0.90	90	10
4424	0.91	91	9
4425	0.91	91	9
4426	0.91	91	9
4427	0.91	91	9
4428	0.91	91	9
4429	0.91	91	9
4430	0.91	91	9
4431	0.91	91	9
4432	0.91	91	9
4433	0.91	91	9
4434	0.91	91	9
4435	0.90	90	10
4436	0.90	90	10
4437	0.91	91	9
4438	0.92	92	8
4439	0.91	91	9
4440	0.91	91	9
4441	0.92	92	8
4442	0.92	92	8
4443	0.92	92	8
4444	0.92	92	8
4445	0.92	92	8
4446	0.92	92	8
4447	0.92	92	8
4448	0.92	92	8
4449	0.92	92	8
4450	0.92	92	8
4451	0.92	92	8
4452	0.92	92	8
4453	0.92	92	8
4454	0.92	92	8
4455	0.93	93	7
4456	0.93	93	7
4457	0.93	93	7
4458	0.93	93	7
4459	0.93	93	7
4460	0.93	93	7
4461	0.94	94	6
4462	0.94	94	6
4463	0.94	94	6
4464	0.94	94	6
4465	0.95	95	5
4466	0.96	96	4
4467	0.96	96	4
4468	0.96	96	4
4469	0.96	96	4
4470	0.95	95	5
4471	0.95	95	5
4472	0.95	95	5
4473	0.95	95	5
4474	0.95	95	5
4475	0.95	95	5
4476	0.95	95	5
4477	0.95	95	5
4478	0.95	95	5
4479	0.94	94	6
4480	0.94	94	6
4481	0.94	94	6
4482	0.94	94	6
4483	0.94	94	6
4484	0.94	94	6
4485	0.94	94	6
4486	0.95	95	5
4487	0.95	95	5
4488	0.95	95	5
4489	0.95	95	5
4490	0.95	95	5
4491	0.95	95	5
4492	0.95	95	5
4493	0.95	95	5
4494	0.94	94	6
4495	0.94	94	6
4496	0.94	94	6
4497	0.94	94	6
4498	0.94	94	6
4499	0.94	94	6
4500	0.94	94	6
4501	0.94	94	6
4502	0.94	94	6
4503	0.94	94	6
4504	0.94	94	6
4505	0.94	94	6
4506	0.94	94	6
4507	0.94	94	6
4508	0.94	94	6
4509	0.94	94	6
4510	0.94	94	6
4511	0.94	94	6
4512	0.93	93	7
4513	0.93	93	7
4514	0.93	93	7
4515	0.93	93	7
4516	0.92	92	8
4517	0.92	92	8
4518	0.92	92	8
4519	0.92	92	8
4520	0.92	92	8
4521	0.92	92	8
4522	0.92	92	8
4523	0.93	93	7
4524	0.93	93	7
4525	0.93	93	7
4526	0.93	93	7
4527	0.93	93	7
4528	0.93	93	7
4529	0.93	93	7
4530	0.93	93	7
4531	0.93	93	7
4532	0.92	92	8
4533	0.92	92	8
4534	0.92	92	8
4535	0.93	93	7
4536	0.93	93	7
4537	0.93	93	7
4538	0.93	93	7
4539	0.94	94	6
4540	0.94	94	6
4541	0.94	94	6
4542	0.94	94	6
4543	0.94	94	6
4544	0.94	94	6
4545	0.94	94	6
4546	0.94	94	6
4547	0.94	94	6
4548	0.94	94	6
4549	0.94	94	6
4550	0.93	93	7
4551	0.93	93	7
4552	0.93	93	7
4553	0.93	93	7
4554	0.93	93	7
4555	0.93	93	7
4556	0.93	93	7
4557	0.93	93	7
4558	0.93	93	7
4559	0.93	93	7
4560	0.93	93	7
4561	0.93	93	7
4562	0.93	93	7
4563	0.93	93	7
4564	0.93	93	7
4565	0.93	93	7
4566	0.93	93	7
4567	0.93	93	7
4568	0.93	93	7
4569	0.92	92	8
4570	0.93	93	7
4571	0.93	93	7
4572	0.93	93	7
4573	0.93	93	7
4574	0.93	93	7
4575	0.93	93	7
4576	0.93	93	7
4577	0.93	93	7
4578	0.93	93	7
4579	0.94	94	6
4580	0.94	94	6
4581	0.94	94	6
4582	0.94	94	6
4583	0.94	94	6
4584	0.94	94	6
4585	0.94	94	6
4586	0.94	94	6
4587	0.93	93	7
4588	0.93	93	7
4589	0.93	93	7
4590	0.93	93	7
4591	0.93	93	7
4592	0.93	93	7
4593	0.93	93	7
4594	0.94	94	6
4595	0.94	94	6
4596	0.94	94	6
4597	0.94	94	6
4598	0.94	94	6
4599	0.94	94	6
4600	0.94	94	6
4601	0.94	94	6
4602	0.94	94	6
4603	0.94	94	6
4604	0.94	94	6
4605	0.94	94	6
4606	0.94	94	6
4607	0.94	94	6
4608	0.94	94	6
4609	0.94	94	6
4610	0.94	94	6
4611	0.94	94	6
4612	0.95	95	5
4613	0.95	95	5
4614	0.95	95	5
4615	0.95	95	5
4616	0.96	96	4
4617	0.96	96	4
4618	0.96	96	4
4619	0.96	96	4
4620	0.96	96	4
4621	0.96	96	4
4622	0.96	96	4
4623	0.96	96	4
4624	0.96	96	4
4625	0.96	96	4
4626	0.96	96	4
4627	0.95	95	5
4628	0.95	95	5
4629	0.95	95	5
4630	0.95	95	5
4631	0.95	95	5
4632	0.96	96	4
4633	0.96	96	4
4634	0.96	96	4
4635	0.96	96	4
4636	0.95	95	5
4637	0.95	95	5
4638	0.95	95	5
4639	0.95	95	5
4640	0.95	95	5
4641	0.95	95	5
4642	0.95	95	5
4643	0.95	95	5
4644	0.95	95	5
4645	0.95	95	5
4646	0.95	95	5
4647	0.95	95	5
4648	0.95	95	5
4649	0.95	95	5
4650	0.96	96	4
4651	0.96	96	4
4652	0.96	96	4
4653	0.96	96	4
4654	0.96	96	4
4655	0.96	96	4
4656	0.96	96	4
4657	0.96	96	4
4658	0.96	96	4
4659	0.95	95	5
4660	0.95	95	5
4661	0.95	95	5
4662	0.95	95	5
4663	0.94	94	6
4664	0.94	94	6
4665	0.94	94	6
4666	0.94	94	6
4667	0.94	94	6
4668	0.94	94	6
4669	0.95	95	5
4670	0.95	95	5
4671	0.95	95	5
4672	0.95	95	5
4673	0.95	95	5
4674	0.95	95	5
4675	0.95	95	5
4676	0.95	95	5
4677	0.95	95	5
4678	0.95	95	5
4679	0.95	95	5
4680	0.95	95	5
4681	0.95	95	5
4682	0.95	95	5
4683	0.95	95	5
4684	0.95	95	5
4685	0.94	94	6
4686	0.94	94	6
4687	0.95	95	5
4688	0.95	95	5
4689	0.95	95	5
4690	0.94	94	6
4691	0.94	94	6
4692	0.94	94	6
4693	0.94	94	6
4694	0.94	94	6
4695	0.94	94	6
4696	0.93	93	7
4697	0.93	93	7
4698	0.93	93	7
4699	0.93	93	7
4700	0.93	93	7
4701	0.93	93	7
4702	0.93	93	7
4703	0.92	92	8
4704	0.92	92	8
4705	0.92	92	8
4706	0.92	92	8
4707	0.92	92	8
4708	0.92	92	8
4709	0.92	92	8
4710	0.92	92	8
4711	0.92	92	8
4712	0.92	92	8
4713	0.92	92	8
4714	0.92	92	8
4715	0.92	92	8
4716	0.92	92	8
4717	0.92	92	8
4718	0.92	92	8
4719	0.92	92	8
4720	0.92	92	8
4721	0.92	92	8
4722	0.92	92	8
4723	0.92	92	8
4724	0.92	92	8
4725	0.92	92	8
4726	0.92	92	8
4727	0.93	93	7
4728	0.93	93	7
4729	0.93	93	7
4730	0.93	93	7
4731	0.92	92	8
4732	0.92	92	8
4733	0.92	92	8
4734	0.92	92	8
4735	0.92	92	8
4736	0.93	93	7
4737	0.93	93	7
4738	0.93	93	7
4739	0.93	93	7
4740	0.93	93	7
4741	0.93	93	7
4742	0.93	93	7
4743	0.93	93	7
4744	0.93	93	7
4745	0.93	93	7
4746	0.93	93	7
4747	0.93	93	7
4748	0.93	93	7
4749	0.93	93	7
4750	0.93	93	7
4751	0.93	93	7
4752	0.93	93	7
4753	0.93	93	7
4754	0.93	93	7
4755	0.93	93	7
4756	0.93	93	7
4757	0.93	93	7
4758	0.93	93	7
4759	0.94	94	6
4760	0.94	94	6
4761	0.94	94	6
4762	0.94	94	6
4763	0.95	95	5
4764	0.95	95	5
4765	0.95	95	5
4766	0.95	95	5
4767	0.95	95	5
4768	0.95	95	5
4769	0.95	95	5
4770	0.95	95	5
4771	0.95	95	5
4772	0.95	95	5
4773	0.95	95	5
4774	0.95	95	5
4775	0.94	94	6
4776	0.94	94	6
4777	0.94	94	6
4778	0.94	94	6
4779	0.94	94	6
4780	0.94	94	6
4781	0.94	94	6
4782	0.94	94	6
4783	0.94	94	6
4784	0.93	93	7
4785	0.94	94	6
4786	0.94	94	6
4787	0.94	94	6
4788	0.94	94	6
4789	0.94	94	6
4790	0.95	95	5
4791	0.95	95	5
4792	0.95	95	5
4793	0.95	95	5
4794	0.94	94	6
4795	0.94	94	6
4796	0.95	95	5
4797	0.95	95	5
4798	0.95	95	5
4799	0.95	95	5
4800	0.95	95	5
4801	0.95	95	5
4802	0.95	95	5
4803	0.96	96	4
4804	0.96	96	4
4805	0.96	96	4
4806	0.96	96	4
4807	0.96	96	4
4808	0.96	96	4
4809	0.96	96	4
4810	0.96	96	4
4811	0.96	96	4
4812	0.96	96	4
4813	0.96	96	4
4814	0.96	96	4
4815	0.96	96	4
4816	0.96	96	4
4817	0.95	95	5
4818	0.95	95	5
4819	0.95	95	5
4820	0.95	95	5
4821	0.95	95	5
4822	0.95	95	5
4823	0.95	95	5
4824	0.95	95	5
4825	0.95	95	5
4826	0.95	95	5
4827	0.95	95	5
4828	0.95	95	5
4829	0.95	95	5
4830	0.95	95	5
4831	0.96	96	4
4832	0.96	96	4
4833	0.96	96	4
4834	0.96	96	4
4835	0.96	96	4
4836	0.96	96	4
4837	0.96	96	4
4838	0.96	96	4
4839	0.96	96	4
4840	0.96	96	4
4841	0.96	96	4
4842	0.96	96	4
4843	0.96	96	4
4844	0.96	96	4
4845	0.96	96	4
4846	0.96	96	4
4847	0.96	96	4
4848	0.96	96	4
4849	0.96	96	4
4850	0.95	95	5
4851	0.95	95	5
4852	0.95	95	5
4853	0.95	95	5
4854	0.95	95	5
4855	0.95	95	5
4856	0.95	95	5
4857	0.95	95	5
4858	0.95	95	5
4859	0.95	95	5
4860	0.95	95	5
4861	0.95	95	5
4862	0.95	95	5
4863	0.95	95	5
4864	0.95	95	5
4865	0.95	95	5
4866	0.95	95	5
4867	0.95	95	5
4868	0.95	95	5
4869	0.95	95	5
4870	0.95	95	5
4871	0.95	95	5
4872	0.95	95	5
4873	0.95	95	5
4874	0.95	95	5
4875	0.96	96	4
4876	0.96	96	4
4877	0.96	96	4
4878	0.95	95	5
4879	0.95	95	5
4880	0.95	95	5
4881	0.95	95	5
4882	0.95	95	5
4883	0.95	95	5
4884	0.96	96	4
4885	0.96	96	4
4886	0.96	96	4
4887	0.96	96	4
4888	0.96	96	4
4889	0.96	96	4
4890	0.96	96	4
4891	0.96	96	4
4892	0.96	96	4
4893	0.96	96	4
4894	0.97	97	3
4895	0.97	97	3
4896	0.97	97	3
4897	0.97	97	3
4898	0.97	97	3
4899	0.97	97	3
4900	0.97	97	3
4901	0.97	97	3
4902	0.97	97	3
4903	0.97	97	3
4904	0.97	97	3
4905	0.97	97	3
4906	0.97	97	3
4907	0.97	97	3
4908	0.96	96	4
4909	0.96	96	4
4910	0.96	96	4
4911	0.96	96	4
4912	0.96	96	4
4913	0.96	96	4
4914	0.96	96	4
4915	0.96	96	4
4916	0.96	96	4
4917	0.97	97	3
4918	0.97	97	3
4919	0.96	96	4
4920	0.96	96	4
4921	0.96	96	4
4922	0.96	96	4
4923	0.96	96	4
4924	0.96	96	4
4925	0.96	96	4
4926	0.96	96	4
4927	0.96	96	4
4928	0.96	96	4
4929	0.96	96	4
4930	0.96	96	4
4931	0.96	96	4
4932	0.96	96	4
4933	0.96	96	4
4934	0.96	96	4
4935	0.96	96	4
4936	0.96	96	4
4937	0.95	95	5
4938	0.95	95	5
4939	0.95	95	5
4940	0.95	95	5
4941	0.95	95	5
4942	0.94	94	6
4943	0.94	94	6
4944	0.94	94	6
4945	0.94	94	6
4946	0.94	94	6
4947	0.94	94	6
4948	0.94	94	6
4949	0.94	94	6
4950	0.95	95	5
4951	0.95	95	5
4952	0.95	95	5
4953	0.95	95	5
4954	0.95	95	5
4955	0.95	95	5
4956	0.95	95	5
4957	0.95	95	5
4958	0.95	95	5
4959	0.95	95	5
4960	0.95	95	5
4961	0.95	95	5
4962	0.95	95	5
4963	0.95	95	5
4964	0.95	95	5
4965	0.95	95	5
4966	0.95	95	5
4967	0.95	95	5
4968	0.95	95	5
4969	0.95	95	5
4970	0.95	95	5
4971	0.95	95	5
4972	0.95	95	5
4973	0.95	95	5
4974	0.95	95	5
4975	0.95	95	5
4976	0.95	95	5
4977	0.95	95	5
4978	0.96	96	4
4979	0.96	96	4
4980	0.96	96	4
4981	0.95	95	5
4982	0.95	95	5
4983	0.95	95	5
4984	0.95	95	5
4985	0.95	95	5
4986	0.95	95	5
4987	0.95	95	5
4988	0.95	95	5
4989	0.95	95	5
4990	0.95	95	5
4991	0.95	95	5
4992	0.95	95	5
4993	0.94	94	6
4994	0.93	93	7
4995	0.93	93	7
4996	0.93	93	7
4997	0.93	93	7
4998	0.93	93	7
4999	0.93	93	7
5000	0.08	92	8
5001	0.08	92	8
5002	0.08	92	8
5003	0.08	92	8
5004	0.09	91	9
5005	0.09	91	9
5006	0.09	91	9
5007	0.10	90	10
5008	0.09	91	9
5009	0.09	91	9
5010	0.09	91	9
5011	0.09	91	9
5012	0.09	91	9
5013	0.09	91	9
5014	0.10	90	10
5015	0.10	90	10
5016	0.10	90	10
5017	0.10	90	10
5018	0.10	90	10
5019	0.09	91	9
5020	0.10	90	10
5021	0.10	90	10
5022	0.11	89	11
5023	0.11	89	11
5024	0.11	89	11
5025	0.12	88	12
5026	0.13	87	13
5027	0.13	87	13
5028	0.14	86	14
5029	0.15	85	15
5030	0.16	84	16
5031	0.17	83	17
5032	0.18	82	18
5033	0.18	82	18
5034	0.18	82	18
5035	0.18	82	18
5036	0.18	82	18
5037	0.17	83	17
5038	0.18	82	18
5039	0.18	82	18
5040	0.18	82	18
5041	0.19	81	19
5042	0.18	82	18
5043	0.19	81	19
5044	0.19	81	19
5045	0.19	81	19
5046	0.20	80	20
5047	0.20	80	20
5048	0.21	79	21
5049	0.21	79	21
5050	0.22	78	22
5051	0.23	77	23
5052	0.24	76	24
5053	0.25	75	25
5054	0.26	74	26
5055	0.27	73	27
5056	0.27	73	27
5057	0.27	73	27
5058	0.28	72	28
5059	0.28	72	28
5060	0.29	71	29
5061	0.29	71	29
5062	0.29	71	29
5063	0.29	71	29
5064	0.29	71	29
5065	0.29	71	29
5066	0.29	71	29
5067	0.30	70	30
5068	0.30	70	30
5069	0.31	69	31
5070	0.31	69	31
5071	0.32	68	32
5072	0.33	67	33
5073	0.34	66	34
5074	0.34	66	34
5075	0.35	65	35
5076	0.35	65	35
5077	0.35	65	35
5078	0.36	64	36
5079	0.36	64	36
5080	0.37	63	37
5081	0.36	64	36
5082	0.37	63	37
5083	0.38	62	38
5084	0.39	61	39
5085	0.39	61	39
5086	0.39	61	39
5087	0.39	61	39
5088	0.40	60	40
5089	0.41	59	41
5090	0.42	58	42
5091	0.43	57	43
5092	0.44	56	44
5093	0.44	56	44
5094	0.44	56	44
5095	0.45	55	45
5096	0.45	55	45
5097	0.46	54	46
5098	0.46	54	46
5099	0.47	53	47
5100	0.47	53	47
5101	0.48	52	48
5102	0.48	52	48
5103	0.49	51	49
5104	0.49	51	49
5105	0.50	50	50
5106	0.51	49	51
5107	0.51	49	51
5108	0.51	49	51
5109	0.52	48	52
5110	0.52	48	52
5111	0.53	47	53
5112	0.54	46	54
5113	0.55	45	55
5114	0.54	46	54
5115	0.55	45	55
5116	0.56	44	56
5117	0.57	43	57
5118	0.58	42	58
5119	0.59	41	59
5120	0.59	41	59
5121	0.60	40	60
5122	0.60	40	60
5123	0.61	39	61
5124	0.62	38	62
5125	0.62	38	62
5126	0.62	38	62
5127	0.63	37	63
5128	0.63	37	63
5129	0.63	37	63
5130	0.62	38	62
5131	0.62	38	62
5132	0.62	38	62
5133	0.63	37	63
5134	0.64	36	64
5135	0.65	35	65
5136	0.66	34	66
5137	0.67	33	67
5138	0.67	33	67
5139	0.68	32	68
5140	0.69	31	69
5141	0.69	31	69
5142	0.69	31	69
5143	0.68	32	68
5144	0.69	31	69
5145	0.70	30	70
5146	0.70	30	70
5147	0.71	29	71
5148	0.71	29	71
5149	0.72	28	72
5150	0.72	28	72
5151	0.72	28	72
5152	0.72	28	72
5153	0.72	28	72
5154	0.72	28	72
5155	0.71	29	71
5156	0.72	28	72
5157	0.73	27	73
5158	0.73	27	73
5159	0.74	26	74
5160	0.74	26	74
5161	0.74	26	74
5162	0.74	26	74
5163	0.75	25	75
5164	0.76	24	76
5165	0.77	23	77
5166	0.78	22	78
5167	0.78	22	78
5168	0.79	21	79
5169	0.79	21	79
5170	0.80	20	80
5171	0.79	21	79
5172	0.79	21	79
5173	0.79	21	79
5174	0.80	20	80
5175	0.80	20	80
5176	0.80	20	80
5177	0.81	19	81
5178	0.81	19	81
5179	0.82	18	82
5180	0.82	18	82
5181	0.83	17	83
5182	0.83	17	83
5183	0.83	17	83
5184	0.83	17	83
5185	0.84	16	84
5186	0.85	15	85
5187	0.86	14	86
5188	0.86	14	86
5189	0.86	14	86
5190	0.86	14	86
5191	0.86	14	86
5192	0.86	14	86
5193	0.86	14	86
5194	0.86	14	86
5195	0.86	14	86
5196	0.87	13	87
5197	0.87	13	87
5198	0.88	12	88
5199	0.87	13	87
5200	0.87	13	87
5201	0.87	13	87
5202	0.88	12	88
5203	0.88	12	88
5204	0.88	12	88
5205	0.88	12	88
5206	0.88	12	88
5207	0.88	12	88
5208	0.89	11	89
5209	0.89	11	89
5210	0.90	10	90
5211	0.90	10	90
5212	0.90	10	90
5213	0.90	10	90
5214	0.91	9	91
5215	0.91	9	91
5216	0.91	9	91
5217	0.91	9	91
5218	0.91	9	91
5219	0.91	9	91
5220	0.91	9	91
5221	0.91	9	91
5222	0.91	9	91
5223	0.91	9	91
5224	0.91	9	91
5225	0.91	9	91
5226	0.91	9	91
5227	0.91	9	91
5228	0.90	10	90
5229	0.90	10	90
5230	0.91	9	91
5231	0.91	9	91
5232	0.91	9	91
5233	0.91	9	91
5234	0.91	9	91
5235	0.91	9	91
5236	0.91	9	91
5237	0.91	9	91
5238	0.91	9	91
5239	0.91	9	91
5240	0.91	9	91
5241	0.91	9	91
5242	0.92	8	92
5243	0.93	7	93
5244	0.93	7	93
5245	0.93	7	93
5246	0.93	7	93
5247	0.93	7	93
5248	0.93	7	93
5249	0.93	7	93
5250	0.93	7	93
5251	0.93	7	93
5252	0.93	7	93
5253	0.93	7	93
5254	0.93	7	93
5255	0.94	6	94
5256	0.94	6	94
5257	0.94	6	94
5258	0.94	6	94
5259	0.94	6	94
5260	0.94	6	94
5261	0.95	5	95
5262	0.96	4	96
5263	0.96	4	96
5264	0.96	4	96
5265	0.96	4	96
5266	0.96	4	96
5267	0.96	4	96
5268	0.96	4	96
5269	0.95	5	95
5270	0.95	5	95
5271	0.96	4	96
5272	0.96	4	96
5273	0.96	4	96
5274	0.96	4	96
5275	0.96	4	96
5276	0.97	3	97
5277	0.97	3	97
5278	0.97	3	97
5279	0.97	3	97
5280	0.97	3	97
5281	0.97	3	97
5282	0.96	4	96
5283	0.96	4	96
5284	0.96	4	96
5285	0.96	4	96
5286	0.96	4	96
5287	0.96	4	96
5288	0.96	4	96
5289	0.96	4	96
5290	0.96	4	96
5291	0.96	4	96
5292	0.96	4	96
5293	0.96	4	96
5294	0.96	4	96
5295	0.96	4	96
5296	0.96	4	96
5297	0.96	4	96
5298	0.96	4	96
5299	0.97	3	97
5300	0.97	3	97
5301	0.97	3	97
5302	0.97	3	97
5303	0.97	3	97
5304	0.97	3	97
5305	0.97	3	97
5306	0.97	3	97
5307	0.97	3	97
5308	0.97	3	97
5309	0.97	3	97
5310	0.97	3	97
5311	0.97	3	97
5312	0.97	3	97
5313	0.97	3	97
5314	0.97	3	97
5315	0.97	3	97
5316	0.97	3	97
5317	0.97	3	97
5318	0.97	3	97
5319	0.97	3	97
5320	0.97	3	97
5321	0.97	3	97
5322	0.97	3	97
5323	0.97	3	97
5324	0.97	3	97
5325	0.97	3	97
5326	0.97	3	97
5327	0.97	3	97
5328	0.98	2	98
5329	0.98	2	98
5330	0.98	2	98
5331	0.98	2	98
5332	0.98	2	98
5333	0.98	2	98
5334	0.98	2	98
5335	0.98	2	98
5336	0.98	2	98
5337	0.98	2	98
5338	0.98	2	98
5339	0.98	2	98
5340	0.98	2	98
5341	0.98	2	98
5342	0.98	2	98
5343	0.98	2	98
5344	0.98	2	98
5345	0.98	2	98
5346	0.98	2	98
5347	0.98	2	98
5348	0.98	2	98
5349	0.98	2	98
5350	0.97	3	97
5351	0.97	3	97
5352	0.97	3	97
5353	0.97	3	97
5354	0.97	3	97
5355	0.97	3	97
5356	0.97	3	97
5357	0.97	3	97
5358	0.97	3	97
5359	0.97	3	97
5360	0.97	3	97
5361	0.97	3	97
5362	0.97	3	97
5363	0.97	3	97
5364	0.97	3	97
5365	0.97	3	97
5366	0.97	3	97
5367	0.97	3	97
5368	0.97	3	97
5369	0.98	2	98
5370	0.98	2	98
5371	0.98	2	98
5372	0.98	2	98
5373	0.98	2	98
5374	0.98	2	98
5375	0.98	2	98
5376	0.98	2	98
5377	0.98	2	98
5378	0.98	2	98
5379	0.98	2	98
5380	0.98	2	98
5381	0.97	3	97
5382	0.98	2	98
5383	0.98	2	98
5384	0.98	2	98
5385	0.98	2	98
5386	0.98	2	98
5387	0.98	2	98
5388	0.98	2	98
5389	0.98	2	98
5390	0.98	2	98
5391	0.98	2	98
5392	0.98	2	98
5393	0.98	2	98
5394	0.98	2	98
5395	0.98	2	98
5396	0.98	2	98
5397	0.98	2	98
5398	0.98	2	98
5399	0.98	2	98
5400	0.98	2	98
5401	0.98	2	98
5402	0.98	2	98
5403	0.98	2	98
5404	0.98	2	98
5405	0.98	2	98
5406	0.97	3	97
5407	0.97	3	97
5408	0.97	3	97
5409	0.97	3	97
5410	0.97	3	97
5411	0.97	3	97
5412	0.97	3	97
5413	0.96	4	96
5414	0.96	4	96
5415	0.96	4	96
5416	0.96	4	96
5417	0.95	5	95
5418	0.95	5	95
5419	0.95	5	95
5420	0.95	5	95
5421	0.95	5	95
5422	0.95	5	95
5423	0.95	5	95
5424	0.94	6	94
5425	0.94	6	94
5426	0.94	6	94
5427	0.94	6	94
5428	0.94	6	94
5429	0.94	6	94
5430	0.94	6	94
5431	0.94	6	94
5432	0.94	6	94
5433	0.94	6	94
5434	0.94	6	94
5435	0.94	6	94
5436	0.94	6	94
5437	0.94	6	94
5438	0.94	6	94
5439	0.94	6	94
5440	0.94	6	94
5441	0.94	6	94
5442	0.94	6	94
5443	0.94	6	94
5444	0.94	6	94
5445	0.94	6	94
5446	0.94	6	94
5447	0.94	6	94
5448	0.94	6	94
5449	0.94	6	94
5450	0.95	5	95
5451	0.95	5	95
5452	0.95	5	95
5453	0.95	5	95
5454	0.95	5	95
5455	0.95	5	95
5456	0.95	5	95
5457	0.95	5	95
5458	0.95	5	95
5459	0.95	5	95
5460	0.95	5	95
5461	0.95	5	95
5462	0.95	5	95
5463	0.95	5	95
5464	0.95	5	95
5465	0.94	6	94
5466	0.94	6	94
5467	0.94	6	94
5468	0.94	6	94
5469	0.94	6	94
5470	0.94	6	94
5471	0.93	7	93
5472	0.93	7	93
5473	0.93	7	93
5474	0.93	7	93
5475	0.93	7	93
5476	0.93	7	93
5477	0.93	7	93
5478	0.93	7	93
5479	0.93	7	93
5480	0.93	7	93
5481	0.94	6	94
5482	0.94	6	94
5483	0.94	6	94
5484	0.94	6	94
5485	0.94	6	94
5486	0.94	6	94
5487	0.94	6	94
5488	0.94	6	94
5489	0.94	6	94
5490	0.94	6	94
5491	0.94	6	94
5492	0.94	6	94
5493	0.94	6	94
5494	0.94	6	94
5495	0.94	6	94
5496	0.94	6	94
5497	0.94	6	94
5498	0.94	6	94
5499	0.94	6	94
5500	0.94	6	94
5501	0.93	7	93
5502	0.93	7	93
5503	0.93	7	93
5504	0.93	7	93
5505	0.93	7	93
5506	0.94	6	94
5507	0.94	6	94
5508	0.94	6	94
5509	0.94	6	94
5510	0.94	6	94
5511	0.93	7	93
5512	0.93	7	93
5513	0.94	6	94
5514	0.94	6	94
5515	0.93	7	93
5516	0.93	7	93
5517	0.94	6	94
5518	0.94	6	94
5519	0.94	6	94
5520	0.94	6	94
5521	0.94	6	94
5522	0.94	6	94
5523	0.94	6	94
5524	0.95	5	95
5525	0.95	5	95
5526	0.95	5	95
5527	0.95	5	95
5528	0.95	5	95
5529	0.95	5	95
5530	0.95	5	95
5531	0.95	5	95
5532	0.95	5	95
5533	0.95	5	95
5534	0.95	5	95
5535	0.95	5	95
5536	0.95	5	95
5537	0.95	5	95
5538	0.95	5	95
5539	0.95	5	95
5540	0.95	5	95
5541	0.95	5	95
5542	0.95	5	95
5543	0.95	5	95
5544	0.95	5	95
5545	0.95	5	95
5546	0.95	5	95
5547	0.95	5	95
5548	0.95	5	95
5549	0.95	5	95
5550	0.95	5	95
5551	0.95	5	95
5552	0.95	5	95
5553	0.95	5	95
5554	0.95	5	95
5555	0.95	5	95
5556	0.95	5	95
5557	0.95	5	95
5558	0.95	5	95
5559	0.95	5	95
5560	0.95	5	95
5561	0.95	5	95
5562	0.95	5	95
5563	0.95	5	95
5564	0.95	5	95
5565	0.96	4	96
5566	0.96	4	96
5567	0.96	4	96
5568	0.96	4	96
5569	0.96	4	96
5570	0.96	4	96
5571	0.97	3	97
5572	0.97	3	97
5573	0.97	3	97
5574	0.97	3	97
5575	0.97	3	97
5576	0.97	3	97
5577	0.97	3	97
5578	0.97	3	97
5579	0.97	3	97
5580	0.97	3	97
5581	0.97	3	97
5582	0.97	3	97
5583	0.97	3	97
5584	0.97	3	97
5585	0.97	3	97
5586	0.96	4	96
5587	0.96	4	96
5588	0.96	4	96
5589	0.96	4	96
5590	0.96	4	96
5591	0.96	4	96
5592	0.96	4	96
5593	0.96	4	96
5594	0.95	5	95
5595	0.95	5	95
5596	0.95	5	95
5597	0.95	5	95
5598	0.95	5	95
5599	0.95	5	95
5600	0.95	5	95
5601	0.96	4	96
5602	0.96	4	96
5603	0.96	4	96
5604	0.96	4	96
5605	0.96	4	96
5606	0.96	4	96
5607	0.96	4	96
5608	0.96	4	96
5609	0.96	4	96
5610	0.96	4	96
5611	0.96	4	96
5612	0.96	4	96
5613	0.96	4	96
5614	0.96	4	96
5615	0.97	3	97
5616	0.97	3	97
5617	0.97	3	97
5618	0.97	3	97
5619	0.97	3	97
5620	0.96	4	96
5621	0.96	4	96
5622	0.95	5	95
5623	0.95	5	95
5624	0.94	6	94
5625	0.94	6	94
5626	0.94	6	94
5627	0.94	6	94
5628	0.94	6	94
5629	0.93	7	93
5630	0.92	8	92
5631	0.92	8	92
5632	0.92	8	92
5633	0.92	8	92
5634	0.92	8	92
5635	0.92	8	92
5636	0.91	9	91
5637	0.91	9	91
5638	0.91	9	91
5639	0.91	9	91
5640	0.91	9	91
5641	0.91	9	91
5642	0.91	9	91
5643	0.91	9	91
5644	0.91	9	91
5645	0.91	9	91
5646	0.91	9	91
5647	0.91	9	91
5648	0.91	9	91
5649	0.91	9	91
5650	0.91	9	91
5651	0.90	10	90
5652	0.90	10	90
5653	0.90	10	90
5654	0.90	10	90
5655	0.90	10	90
5656	0.90	10	90
5657	0.90	10	90
5658	0.90	10	90
5659	0.90	10	90
5660	0.90	10	90
5661	0.90	10	90
5662	0.90	10	90
5663	0.90	10	90
5664	0.90	10	90
5665	0.90	10	90
5666	0.90	10	90
5667	0.90	10	90
5668	0.90	10	90
5669	0.90	10	90
5670	0.90	10	90
5671	0.90	10	90
5672	0.90	10	90
5673	0.89	11	89
5674	0.89	11	89
5675	0.89	11	89
5676	0.89	11	89
5677	0.89	11	89
5678	0.88	12	88
5679	0.88	12	88
5680	0.87	13	87
5681	0.87	13	87
5682	0.87	13	87
5683	0.87	13	87
5684	0.87	13	87
5685	0.87	13	87
5686	0.88	12	88
5687	0.88	12	88
5688	0.87	13	87
5689	0.87	13	87
5690	0.86	14	86
5691	0.86	14	86
5692	0.86	14	86
5693	0.86	14	86
5694	0.87	13	87
5695	0.87	13	87
5696	0.87	13	87
5697	0.87	13	87
5698	0.87	13	87
5699	0.86	14	86
5700	0.86	14	86
5701	0.85	15	85
5702	0.85	15	85
5703	0.85	15	85
5704	0.85	15	85
5705	0.85	15	85
5706	0.85	15	85
5707	0.85	15	85
5708	0.85	15	85
5709	0.85	15	85
5710	0.85	15	85
5711	0.86	14	86
5712	0.86	14	86
5713	0.86	14	86
5714	0.86	14	86
5715	0.86	14	86
5716	0.86	14	86
5717	0.86	14	86
5718	0.86	14	86
5719	0.86	14	86
5720	0.87	13	87
5721	0.87	13	87
5722	0.88	12	88
5723	0.88	12	88
5724	0.89	11	89
5725	0.88	12	88
5726	0.88	12	88
5727	0.88	12	88
5728	0.88	12	88
5729	0.89	11	89
5730	0.90	10	90
5731	0.90	10	90
5732	0.90	10	90
5733	0.90	10	90
5734	0.90	10	90
5735	0.90	10	90
5736	0.91	9	91
5737	0.91	9	91
5738	0.91	9	91
5739	0.91	9	91
5740	0.91	9	91
5741	0.91	9	91
5742	0.91	9	91
5743	0.91	9	91
5744	0.91	9	91
5745	0.91	9	91
5746	0.91	9	91
5747	0.91	9	91
5748	0.91	9	91
5749	0.91	9	91
5750	0.91	9	91
5751	0.92	8	92
5752	0.92	8	92
5753	0.92	8	92
5754	0.92	8	92
5755	0.92	8	92
5756	0.92	8	92
5757	0.92	8	92
5758	0.92	8	92
5759	0.92	8	92
5760	0.92	8	92
5761	0.92	8	92
5762	0.92	8	92
5763	0.92	8	92
5764	0.92	8	92
5765	0.92	8	92
5766	0.92	8	92
5767	0.91	9	91
5768	0.91	9	91
5769	0.91	9	91
5770	0.91	9	91
5771	0.91	9	91
5772	0.91	9	91
5773	0.92	8	92
5774	0.92	8	92
5775	0.92	8	92
5776	0.92	8	92
5777	0.92	8	92
5778	0.93	7	93
5779	0.93	7	93
5780	0.94	6	94
5781	0.94	6	94
5782	0.94	6	94
5783	0.94	6	94
5784	0.94	6	94
5785	0.93	7	93
5786	0.93	7	93
5787	0.93	7	93
5788	0.94	6	94
5789	0.94	6	94
5790	0.95	5	95
5791	0.95	5	95
5792	0.95	5	95
5793	0.95	5	95
5794	0.95	5	95
5795	0.95	5	95
5796	0.94	6	94
5797	0.94	6	94
5798	0.94	6	94
5799	0.95	5	95
5800	0.95	5	95
5801	0.96	4	96
5802	0.96	4	96
5803	0.96	4	96
5804	0.96	4	96
5805	0.96	4	96
5806	0.96	4	96
5807	0.96	4	96
5808	0.96	4	96
5809	0.96	4	96
5810	0.96	4	96
5811	0.96	4	96
5812	0.96	4	96
5813	0.96	4	96
5814	0.96	4	96
5815	0.96	4	96
5816	0.96	4	96
5817	0.96	4	96
5818	0.96	4	96
5819	0.96	4	96
5820	0.96	4	96
5821	0.95	5	95
5822	0.94	6	94
5823	0.94	6	94
5824	0.94	6	94
5825	0.95	5	95
5826	0.95	5	95
5827	0.95	5	95
5828	0.95	5	95
5829	0.95	5	95
5830	0.95	5	95
5831	0.94	6	94
5832	0.93	7	93
5833	0.93	7	93
5834	0.93	7	93
5835	0.93	7	93
5836	0.93	7	93
5837	0.93	7	93
5838	0.93	7	93
5839	0.93	7	93
5840	0.93	7	93
5841	0.93	7	93
5842	0.92	8	92
5843	0.92	8	92
5844	0.92	8	92
5845	0.92	8	92
5846	0.92	8	92
5847	0.91	9	91
5848	0.91	9	91
5849	0.91	9	91
5850	0.91	9	91
5851	0.91	9	91
5852	0.91	9	91
5853	0.91	9	91
5854	0.91	9	91
5855	0.91	9	91
5856	0.90	10	90
5857	0.90	10	90
5858	0.90	10	90
5859	0.90	10	90
5860	0.90	10	90
5861	0.90	10	90
5862	0.90	10	90
5863	0.90	10	90
5864	0.90	10	90
5865	0.90	10	90
5866	0.90	10	90
5867	0.91	9	91
5868	0.91	9	91
5869	0.91	9	91
5870	0.91	9	91
5871	0.91	9	91
5872	0.91	9	91
5873	0.91	9	91
5874	0.91	9	91
5875	0.91	9	91
5876	0.91	9	91
5877	0.91	9	91
5878	0.91	9	91
5879	0.91	9	91
5880	0.91	9	91
5881	0.91	9	91
5882	0.91	9	91
5883	0.91	9	91
5884	0.91	9	91
5885	0.92	8	92
5886	0.92	8	92
5887	0.92	8	92
5888	0.92	8	92
5889	0.92	8	92
5890	0.92	8	92
5891	0.92	8	92
5892	0.92	8	92
5893	0.92	8	92
5894	0.92	8	92
5895	0.92	8	92
5896	0.93	7	93
5897	0.93	7	93
5898	0.93	7	93
5899	0.93	7	93
5900	0.93	7	93
5901	0.93	7	93
5902	0.93	7	93
5903	0.93	7	93
5904	0.92	8	92
5905	0.92	8	92
5906	0.92	8	92
5907	0.92	8	92
5908	0.91	9	91
5909	0.91	9	91
5910	0.91	9	91
5911	0.91	9	91
5912	0.91	9	91
5913	0.91	9	91
5914	0.91	9	91
5915	0.91	9	91
5916	0.91	9	91
5917	0.91	9	91
5918	0.91	9	91
5919	0.91	9	91
5920	0.91	9	91
5921	0.92	8	92
5922	0.93	7	93
5923	0.93	7	93
5924	0.93	7	93
5925	0.93	7	93
5926	0.93	7	93
5927	0.93	7	93
5928	0.93	7	93
5929	0.93	7	93
5930	0.93	7	93
5931	0.94	6	94
5932	0.95	5	95
5933	0.94	6	94
5934	0.94	6	94
5935	0.94	6	94
5936	0.94	6	94
5937	0.94	6	94
5938	0.94	6	94
5939	0.94	6	94
5940	0.94	6	94
5941	0.94	6	94
5942	0.95	5	95
5943	0.95	5	95
5944	0.95	5	95
5945	0.94	6	94
5946	0.94	6	94
5947	0.95	5	95
5948	0.95	5	95
5949	0.95	5	95
5950	0.95	5	95
5951	0.95	5	95
5952	0.95	5	95
5953	0.95	5	95
5954	0.95	5	95
5955	0.95	5	95
5956	0.96	4	96
5957	0.96	4	96
5958	0.96	4	96
5959	0.96	4	96
5960	0.96	4	96
5961	0.96	4	96
5962	0.96	4	96
5963	0.96	4	96
5964	0.96	4	96
5965	0.96	4	96
5966	0.96	4	96
5967	0.96	4	96
5968	0.96	4	96
5969	0.96	4	96
5970	0.96	4	96
5971	0.96	4	96
5972	0.96	4	96
5973	0.96	4	96
5974	0.96	4	96
5975	0.96	4	96
5976	0.96	4	96
5977	0.96	4	96
5978	0.96	4	96
5979	0.96	4	96
5980	0.96	4	96
5981	0.96	4	96
5982	0.96	4	96
5983	0.96	4	96
5984	0.96	4	96
5985	0.96	4	96
5986	0.96	4	96
5987	0.96	4	96
5988	0.96	4	96
5989	0.96	4	96
5990	0.96	4	96
5991	0.96	4	96
5992	0.96	4	96
5993	0.96	4	96
5994	0.96	4	96
5995	0.96	4	96
5996	0.96	4	96
5997	0.96	4	96
5998	0.95	5	95
5999	0.95	5	95
