timestep	swarm_quality	color_0	color_1
0	0.70	70	30
1	0.70	70	30
2	0.70	70	30
3	0.69	69	31
4	0.69	69	31
5	0.68	68	32
6	0.68	68	32
7	0.68	68	32
8	0.68	68	32
9	0.68	68	32
10	0.68	68	32
11	0.68	68	32
12	0.68	68	32
13	0.68	68	32
14	0.67	67	33
15	0.66	66	34
16	0.65	65	35
17	0.65	65	35
18	0.65	65	35
19	0.65	65	35
20	0.65	65	35
21	0.65	65	35
22	0.65	65	35
23	0.65	65	35
24	0.65	65	35
25	0.65	65	35
26	0.65	65	35
27	0.65	65	35
28	0.65	65	35
29	0.65	65	35
30	0.65	65	35
31	0.64	64	36
32	0.63	63	37
33	0.63	63	37
34	0.62	62	38
35	0.62	62	38
36	0.62	62	38
37	0.62	62	38
38	0.62	62	38
39	0.62	62	38
40	0.62	62	38
41	0.62	62	38
42	0.62	62	38
43	0.62	62	38
44	0.61	61	39
45	0.61	61	39
46	0.61	61	39
47	0.61	61	39
48	0.61	61	39
49	0.61	61	39
50	0.61	61	39
51	0.61	61	39
52	0.61	61	39
53	0.61	61	39
54	0.61	61	39
55	0.61	61	39
56	0.60	60	40
57	0.60	60	40
58	0.60	60	40
59	0.60	60	40
60	0.60	60	40
61	0.60	60	40
62	0.60	60	40
63	0.60	60	40
64	0.60	60	40
65	0.60	60	40
66	0.60	60	40
67	0.59	59	41
68	0.59	59	41
69	0.58	58	42
70	0.58	58	42
71	0.59	59	41
72	0.60	60	40
73	0.61	61	39
74	0.62	62	38
75	0.63	63	37
76	0.64	64	36
77	0.65	65	35
78	0.66	66	34
79	0.66	66	34
80	0.66	66	34
81	0.67	67	33
82	0.68	68	32
83	0.69	69	31
84	0.69	69	31
85	0.70	70	30
86	0.70	70	30
87	0.71	71	29
88	0.72	72	28
89	0.73	73	27
90	0.74	74	26
91	0.75	75	25
92	0.76	76	24
93	0.77	77	23
94	0.78	78	22
95	0.79	79	21
96	0.80	80	20
97	0.81	81	19
98	0.82	82	18
99	0.83	83	17
100	0.83	83	17
101	0.83	83	17
102	0.83	83	17
103	0.84	84	16
104	0.84	84	16
105	0.85	85	15
106	0.85	85	15
107	0.85	85	15
108	0.85	85	15
109	0.85	85	15
110	0.85	85	15
111	0.85	85	15
112	0.85	85	15
113	0.85	85	15
114	0.85	85	15
115	0.86	86	14
116	0.87	87	13
117	0.87	87	13
118	0.87	87	13
119	0.87	87	13
120	0.87	87	13
121	0.87	87	13
122	0.87	87	13
123	0.87	87	13
124	0.87	87	13
125	0.87	87	13
126	0.87	87	13
127	0.87	87	13
128	0.86	86	14
129	0.86	86	14
130	0.86	86	14
131	0.87	87	13
132	0.88	88	12
133	0.88	88	12
134	0.89	89	11
135	0.89	89	11
136	0.88	88	12
137	0.88	88	12
138	0.88	88	12
139	0.88	88	12
140	0.88	88	12
141	0.88	88	12
142	0.88	88	12
143	0.87	87	13
144	0.88	88	12
145	0.88	88	12
146	0.88	88	12
147	0.88	88	12
148	0.88	88	12
149	0.88	88	12
150	0.88	88	12
151	0.88	88	12
152	0.88	88	12
153	0.88	88	12
154	0.88	88	12
155	0.88	88	12
156	0.89	89	11
157	0.88	88	12
158	0.88	88	12
159	0.88	88	12
160	0.88	88	12
161	0.88	88	12
162	0.88	88	12
163	0.88	88	12
164	0.88	88	12
165	0.88	88	12
166	0.88	88	12
167	0.89	89	11
168	0.89	89	11
169	0.90	90	10
170	0.91	91	9
171	0.91	91	9
172	0.91	91	9
173	0.90	90	10
174	0.90	90	10
175	0.90	90	10
176	0.90	90	10
177	0.90	90	10
178	0.90	90	10
179	0.91	91	9
180	0.92	92	8
181	0.92	92	8
182	0.92	92	8
183	0.92	92	8
184	0.93	93	7
185	0.93	93	7
186	0.94	94	6
187	0.94	94	6
188	0.94	94	6
189	0.94	94	6
190	0.94	94	6
191	0.94	94	6
192	0.94	94	6
193	0.94	94	6
194	0.94	94	6
195	0.94	94	6
196	0.94	94	6
197	0.94	94	6
198	0.94	94	6
199	0.94	94	6
200	0.94	94	6
201	0.94	94	6
202	0.94	94	6
203	0.94	94	6
204	0.94	94	6
205	0.94	94	6
206	0.94	94	6
207	0.94	94	6
208	0.94	94	6
209	0.94	94	6
210	0.94	94	6
211	0.94	94	6
212	0.94	94	6
213	0.94	94	6
214	0.95	95	5
215	0.95	95	5
216	0.95	95	5
217	0.95	95	5
218	0.95	95	5
219	0.95	95	5
220	0.95	95	5
221	0.95	95	5
222	0.95	95	5
223	0.95	95	5
224	0.95	95	5
225	0.95	95	5
226	0.95	95	5
227	0.95	95	5
228	0.96	96	4
229	0.96	96	4
230	0.96	96	4
231	0.96	96	4
232	0.96	96	4
233	0.96	96	4
234	0.96	96	4
235	0.96	96	4
236	0.97	97	3
237	0.97	97	3
238	0.97	97	3
239	0.97	97	3
240	0.97	97	3
241	0.97	97	3
242	0.97	97	3
243	0.98	98	2
244	0.97	97	3
245	0.97	97	3
246	0.97	97	3
247	0.97	97	3
248	0.97	97	3
249	0.97	97	3
250	0.97	97	3
251	0.97	97	3
252	0.97	97	3
253	0.97	97	3
254	0.97	97	3
255	0.97	97	3
256	0.97	97	3
257	0.98	98	2
258	0.98	98	2
259	0.98	98	2
260	0.98	98	2
261	0.98	98	2
262	0.98	98	2
263	0.98	98	2
264	0.98	98	2
265	0.98	98	2
266	0.98	98	2
267	0.98	98	2
268	0.98	98	2
269	0.98	98	2
270	0.98	98	2
271	0.98	98	2
272	0.98	98	2
273	0.99	99	1
274	0.99	99	1
275	0.99	99	1
276	0.99	99	1
277	0.99	99	1
278	0.99	99	1
279	0.99	99	1
280	0.99	99	1
281	0.99	99	1
282	0.99	99	1
283	0.99	99	1
284	0.99	99	1
285	0.99	99	1
286	0.99	99	1
287	0.99	99	1
288	0.99	99	1
289	0.99	99	1
290	0.99	99	1
291	0.99	99	1
292	0.99	99	1
293	0.99	99	1
294	0.99	99	1
295	0.99	99	1
296	0.99	99	1
297	0.99	99	1
298	0.98	98	2
299	0.98	98	2
300	0.98	98	2
301	0.97	97	3
302	0.97	97	3
303	0.97	97	3
304	0.97	97	3
305	0.97	97	3
306	0.97	97	3
307	0.96	96	4
308	0.95	95	5
309	0.95	95	5
310	0.95	95	5
311	0.95	95	5
312	0.95	95	5
313	0.95	95	5
314	0.95	95	5
315	0.95	95	5
316	0.94	94	6
317	0.94	94	6
318	0.94	94	6
319	0.94	94	6
320	0.94	94	6
321	0.94	94	6
322	0.94	94	6
323	0.93	93	7
324	0.93	93	7
325	0.93	93	7
326	0.93	93	7
327	0.93	93	7
328	0.93	93	7
329	0.93	93	7
330	0.93	93	7
331	0.93	93	7
332	0.93	93	7
333	0.93	93	7
334	0.93	93	7
335	0.93	93	7
336	0.93	93	7
337	0.93	93	7
338	0.93	93	7
339	0.93	93	7
340	0.93	93	7
341	0.93	93	7
342	0.93	93	7
343	0.92	92	8
344	0.93	93	7
345	0.93	93	7
346	0.93	93	7
347	0.93	93	7
348	0.93	93	7
349	0.93	93	7
350	0.93	93	7
351	0.93	93	7
352	0.93	93	7
353	0.93	93	7
354	0.93	93	7
355	0.93	93	7
356	0.93	93	7
357	0.93	93	7
358	0.93	93	7
359	0.93	93	7
360	0.93	93	7
361	0.93	93	7
362	0.93	93	7
363	0.93	93	7
364	0.93	93	7
365	0.93	93	7
366	0.93	93	7
367	0.93	93	7
368	0.93	93	7
369	0.93	93	7
370	0.93	93	7
371	0.93	93	7
372	0.93	93	7
373	0.93	93	7
374	0.92	92	8
375	0.92	92	8
376	0.92	92	8
377	0.92	92	8
378	0.92	92	8
379	0.92	92	8
380	0.92	92	8
381	0.92	92	8
382	0.92	92	8
383	0.92	92	8
384	0.92	92	8
385	0.92	92	8
386	0.92	92	8
387	0.92	92	8
388	0.92	92	8
389	0.92	92	8
390	0.92	92	8
391	0.92	92	8
392	0.92	92	8
393	0.92	92	8
394	0.92	92	8
395	0.92	92	8
396	0.92	92	8
397	0.92	92	8
398	0.93	93	7
399	0.93	93	7
400	0.93	93	7
401	0.94	94	6
402	0.94	94	6
403	0.94	94	6
404	0.94	94	6
405	0.94	94	6
406	0.93	93	7
407	0.94	94	6
408	0.95	95	5
409	0.95	95	5
410	0.95	95	5
411	0.95	95	5
412	0.95	95	5
413	0.95	95	5
414	0.95	95	5
415	0.95	95	5
416	0.96	96	4
417	0.96	96	4
418	0.96	96	4
419	0.96	96	4
420	0.96	96	4
421	0.96	96	4
422	0.96	96	4
423	0.97	97	3
424	0.96	96	4
425	0.96	96	4
426	0.96	96	4
427	0.96	96	4
428	0.96	96	4
429	0.96	96	4
430	0.96	96	4
431	0.96	96	4
432	0.96	96	4
433	0.95	95	5
434	0.95	95	5
435	0.95	95	5
436	0.95	95	5
437	0.95	95	5
438	0.95	95	5
439	0.95	95	5
440	0.95	95	5
441	0.95	95	5
442	0.95	95	5
443	0.96	96	4
444	0.96	96	4
445	0.96	96	4
446	0.96	96	4
447	0.96	96	4
448	0.96	96	4
449	0.96	96	4
450	0.96	96	4
451	0.96	96	4
452	0.96	96	4
453	0.96	96	4
454	0.96	96	4
455	0.96	96	4
456	0.96	96	4
457	0.96	96	4
458	0.95	95	5
459	0.95	95	5
460	0.95	95	5
461	0.95	95	5
462	0.95	95	5
463	0.95	95	5
464	0.95	95	5
465	0.95	95	5
466	0.95	95	5
467	0.95	95	5
468	0.95	95	5
469	0.95	95	5
470	0.95	95	5
471	0.95	95	5
472	0.95	95	5
473	0.95	95	5
474	0.96	96	4
475	0.96	96	4
476	0.96	96	4
477	0.96	96	4
478	0.96	96	4
479	0.96	96	4
480	0.96	96	4
481	0.96	96	4
482	0.96	96	4
483	0.96	96	4
484	0.96	96	4
485	0.96	96	4
486	0.96	96	4
487	0.96	96	4
488	0.96	96	4
489	0.96	96	4
490	0.96	96	4
491	0.96	96	4
492	0.96	96	4
493	0.96	96	4
494	0.96	96	4
495	0.96	96	4
496	0.96	96	4
497	0.96	96	4
498	0.96	96	4
499	0.96	96	4
500	0.96	96	4
501	0.96	96	4
502	0.96	96	4
503	0.96	96	4
504	0.96	96	4
505	0.96	96	4
506	0.97	97	3
507	0.97	97	3
508	0.97	97	3
509	0.97	97	3
510	0.97	97	3
511	0.97	97	3
512	0.97	97	3
513	0.97	97	3
514	0.97	97	3
515	0.97	97	3
516	0.97	97	3
517	0.97	97	3
518	0.97	97	3
519	0.97	97	3
520	0.97	97	3
521	0.97	97	3
522	0.97	97	3
523	0.97	97	3
524	0.98	98	2
525	0.98	98	2
526	0.97	97	3
527	0.97	97	3
528	0.97	97	3
529	0.97	97	3
530	0.97	97	3
531	0.97	97	3
532	0.97	97	3
533	0.98	98	2
534	0.98	98	2
535	0.98	98	2
536	0.98	98	2
537	0.98	98	2
538	0.98	98	2
539	0.98	98	2
540	0.98	98	2
541	0.98	98	2
542	0.98	98	2
543	0.98	98	2
544	0.98	98	2
545	0.98	98	2
546	0.98	98	2
547	0.98	98	2
548	0.98	98	2
549	0.98	98	2
550	0.98	98	2
551	0.98	98	2
552	0.98	98	2
553	0.98	98	2
554	0.98	98	2
555	0.98	98	2
556	0.98	98	2
557	0.98	98	2
558	0.99	99	1
559	0.99	99	1
560	0.99	99	1
561	0.99	99	1
562	0.99	99	1
563	0.99	99	1
564	0.99	99	1
565	0.99	99	1
566	0.99	99	1
567	0.99	99	1
568	0.99	99	1
569	0.99	99	1
570	0.99	99	1
571	0.99	99	1
572	0.99	99	1
573	0.98	98	2
574	0.98	98	2
575	0.98	98	2
576	0.98	98	2
577	0.98	98	2
578	0.98	98	2
579	0.98	98	2
580	0.98	98	2
581	0.98	98	2
582	0.97	97	3
583	0.97	97	3
584	0.97	97	3
585	0.97	97	3
586	0.97	97	3
587	0.97	97	3
588	0.96	96	4
589	0.96	96	4
590	0.96	96	4
591	0.96	96	4
592	0.96	96	4
593	0.96	96	4
594	0.96	96	4
595	0.96	96	4
596	0.96	96	4
597	0.96	96	4
598	0.96	96	4
599	0.96	96	4
600	0.96	96	4
601	0.96	96	4
602	0.96	96	4
603	0.96	96	4
604	0.96	96	4
605	0.96	96	4
606	0.96	96	4
607	0.96	96	4
608	0.96	96	4
609	0.96	96	4
610	0.96	96	4
611	0.96	96	4
612	0.96	96	4
613	0.96	96	4
614	0.96	96	4
615	0.96	96	4
616	0.96	96	4
617	0.96	96	4
618	0.96	96	4
619	0.96	96	4
620	0.96	96	4
621	0.96	96	4
622	0.96	96	4
623	0.96	96	4
624	0.96	96	4
625	0.96	96	4
626	0.97	97	3
627	0.97	97	3
628	0.97	97	3
629	0.97	97	3
630	0.97	97	3
631	0.97	97	3
632	0.97	97	3
633	0.97	97	3
634	0.97	97	3
635	0.97	97	3
636	0.97	97	3
637	0.97	97	3
638	0.97	97	3
639	0.97	97	3
640	0.97	97	3
641	0.97	97	3
642	0.97	97	3
643	0.96	96	4
644	0.96	96	4
645	0.96	96	4
646	0.96	96	4
647	0.96	96	4
648	0.96	96	4
649	0.95	95	5
650	0.95	95	5
651	0.95	95	5
652	0.95	95	5
653	0.95	95	5
654	0.95	95	5
655	0.95	95	5
656	0.95	95	5
657	0.95	95	5
658	0.95	95	5
659	0.95	95	5
660	0.95	95	5
661	0.95	95	5
662	0.95	95	5
663	0.95	95	5
664	0.95	95	5
665	0.95	95	5
666	0.95	95	5
667	0.95	95	5
668	0.95	95	5
669	0.95	95	5
670	0.95	95	5
671	0.95	95	5
672	0.95	95	5
673	0.96	96	4
674	0.96	96	4
675	0.96	96	4
676	0.96	96	4
677	0.96	96	4
678	0.96	96	4
679	0.96	96	4
680	0.96	96	4
681	0.96	96	4
682	0.97	97	3
683	0.97	97	3
684	0.97	97	3
685	0.96	96	4
686	0.96	96	4
687	0.96	96	4
688	0.97	97	3
689	0.97	97	3
690	0.97	97	3
691	0.97	97	3
692	0.96	96	4
693	0.96	96	4
694	0.96	96	4
695	0.96	96	4
696	0.96	96	4
697	0.96	96	4
698	0.96	96	4
699	0.96	96	4
700	0.96	96	4
701	0.96	96	4
702	0.96	96	4
703	0.96	96	4
704	0.96	96	4
705	0.96	96	4
706	0.96	96	4
707	0.95	95	5
708	0.95	95	5
709	0.95	95	5
710	0.95	95	5
711	0.95	95	5
712	0.95	95	5
713	0.95	95	5
714	0.94	94	6
715	0.94	94	6
716	0.94	94	6
717	0.94	94	6
718	0.94	94	6
719	0.94	94	6
720	0.94	94	6
721	0.94	94	6
722	0.94	94	6
723	0.94	94	6
724	0.94	94	6
725	0.94	94	6
726	0.94	94	6
727	0.94	94	6
728	0.94	94	6
729	0.94	94	6
730	0.94	94	6
731	0.94	94	6
732	0.94	94	6
733	0.94	94	6
734	0.94	94	6
735	0.94	94	6
736	0.94	94	6
737	0.94	94	6
738	0.94	94	6
739	0.94	94	6
740	0.94	94	6
741	0.93	93	7
742	0.93	93	7
743	0.94	94	6
744	0.94	94	6
745	0.94	94	6
746	0.94	94	6
747	0.94	94	6
748	0.94	94	6
749	0.95	95	5
750	0.95	95	5
751	0.94	94	6
752	0.94	94	6
753	0.93	93	7
754	0.93	93	7
755	0.93	93	7
756	0.93	93	7
757	0.93	93	7
758	0.93	93	7
759	0.93	93	7
760	0.92	92	8
761	0.92	92	8
762	0.92	92	8
763	0.92	92	8
764	0.92	92	8
765	0.92	92	8
766	0.92	92	8
767	0.92	92	8
768	0.92	92	8
769	0.92	92	8
770	0.92	92	8
771	0.92	92	8
772	0.92	92	8
773	0.92	92	8
774	0.92	92	8
775	0.92	92	8
776	0.92	92	8
777	0.92	92	8
778	0.92	92	8
779	0.92	92	8
780	0.91	91	9
781	0.91	91	9
782	0.91	91	9
783	0.91	91	9
784	0.91	91	9
785	0.92	92	8
786	0.92	92	8
787	0.91	91	9
788	0.91	91	9
789	0.91	91	9
790	0.91	91	9
791	0.91	91	9
792	0.92	92	8
793	0.91	91	9
794	0.91	91	9
795	0.91	91	9
796	0.91	91	9
797	0.91	91	9
798	0.91	91	9
799	0.91	91	9
800	0.91	91	9
801	0.91	91	9
802	0.91	91	9
803	0.91	91	9
804	0.91	91	9
805	0.91	91	9
806	0.91	91	9
807	0.92	92	8
808	0.92	92	8
809	0.92	92	8
810	0.92	92	8
811	0.92	92	8
812	0.92	92	8
813	0.92	92	8
814	0.93	93	7
815	0.93	93	7
816	0.93	93	7
817	0.93	93	7
818	0.93	93	7
819	0.93	93	7
820	0.93	93	7
821	0.93	93	7
822	0.93	93	7
823	0.93	93	7
824	0.93	93	7
825	0.93	93	7
826	0.93	93	7
827	0.93	93	7
828	0.93	93	7
829	0.93	93	7
830	0.93	93	7
831	0.93	93	7
832	0.93	93	7
833	0.93	93	7
834	0.93	93	7
835	0.93	93	7
836	0.93	93	7
837	0.93	93	7
838	0.93	93	7
839	0.93	93	7
840	0.93	93	7
841	0.94	94	6
842	0.94	94	6
843	0.93	93	7
844	0.93	93	7
845	0.93	93	7
846	0.93	93	7
847	0.93	93	7
848	0.93	93	7
849	0.93	93	7
850	0.93	93	7
851	0.94	94	6
852	0.94	94	6
853	0.95	95	5
854	0.95	95	5
855	0.95	95	5
856	0.95	95	5
857	0.95	95	5
858	0.95	95	5
859	0.95	95	5
860	0.96	96	4
861	0.96	96	4
862	0.96	96	4
863	0.96	96	4
864	0.96	96	4
865	0.96	96	4
866	0.96	96	4
867	0.96	96	4
868	0.95	95	5
869	0.95	95	5
870	0.95	95	5
871	0.95	95	5
872	0.95	95	5
873	0.95	95	5
874	0.95	95	5
875	0.95	95	5
876	0.95	95	5
877	0.95	95	5
878	0.95	95	5
879	0.95	95	5
880	0.96	96	4
881	0.96	96	4
882	0.96	96	4
883	0.95	95	5
884	0.95	95	5
885	0.95	95	5
886	0.95	95	5
887	0.96	96	4
888	0.96	96	4
889	0.96	96	4
890	0.95	95	5
891	0.95	95	5
892	0.95	95	5
893	0.96	96	4
894	0.95	95	5
895	0.95	95	5
896	0.95	95	5
897	0.95	95	5
898	0.95	95	5
899	0.95	95	5
900	0.95	95	5
901	0.95	95	5
902	0.95	95	5
903	0.95	95	5
904	0.95	95	5
905	0.95	95	5
906	0.95	95	5
907	0.95	95	5
908	0.95	95	5
909	0.95	95	5
910	0.95	95	5
911	0.95	95	5
912	0.95	95	5
913	0.95	95	5
914	0.95	95	5
915	0.95	95	5
916	0.95	95	5
917	0.95	95	5
918	0.95	95	5
919	0.95	95	5
920	0.95	95	5
921	0.95	95	5
922	0.95	95	5
923	0.95	95	5
924	0.95	95	5
925	0.95	95	5
926	0.94	94	6
927	0.94	94	6
928	0.94	94	6
929	0.94	94	6
930	0.94	94	6
931	0.94	94	6
932	0.94	94	6
933	0.94	94	6
934	0.94	94	6
935	0.94	94	6
936	0.94	94	6
937	0.94	94	6
938	0.94	94	6
939	0.94	94	6
940	0.94	94	6
941	0.94	94	6
942	0.94	94	6
943	0.95	95	5
944	0.95	95	5
945	0.95	95	5
946	0.95	95	5
947	0.95	95	5
948	0.95	95	5
949	0.94	94	6
950	0.94	94	6
951	0.94	94	6
952	0.94	94	6
953	0.94	94	6
954	0.94	94	6
955	0.93	93	7
956	0.93	93	7
957	0.93	93	7
958	0.93	93	7
959	0.93	93	7
960	0.93	93	7
961	0.92	92	8
962	0.92	92	8
963	0.92	92	8
964	0.92	92	8
965	0.92	92	8
966	0.92	92	8
967	0.92	92	8
968	0.93	93	7
969	0.93	93	7
970	0.93	93	7
971	0.93	93	7
972	0.93	93	7
973	0.93	93	7
974	0.93	93	7
975	0.93	93	7
976	0.93	93	7
977	0.93	93	7
978	0.93	93	7
979	0.93	93	7
980	0.93	93	7
981	0.92	92	8
982	0.92	92	8
983	0.93	93	7
984	0.93	93	7
985	0.93	93	7
986	0.93	93	7
987	0.93	93	7
988	0.93	93	7
989	0.93	93	7
990	0.94	94	6
991	0.94	94	6
992	0.94	94	6
993	0.94	94	6
994	0.95	95	5
995	0.95	95	5
996	0.95	95	5
997	0.95	95	5
998	0.95	95	5
999	0.95	95	5
1000	0.05	95	5
1001	0.05	95	5
1002	0.06	94	6
1003	0.06	94	6
1004	0.06	94	6
1005	0.06	94	6
1006	0.06	94	6
1007	0.06	94	6
1008	0.07	93	7
1009	0.08	92	8
1010	0.08	92	8
1011	0.09	91	9
1012	0.09	91	9
1013	0.10	90	10
1014	0.10	90	10
1015	0.11	89	11
1016	0.12	88	12
1017	0.13	87	13
1018	0.13	87	13
1019	0.13	87	13
1020	0.13	87	13
1021	0.14	86	14
1022	0.14	86	14
1023	0.14	86	14
1024	0.14	86	14
1025	0.14	86	14
1026	0.13	87	13
1027	0.13	87	13
1028	0.13	87	13
1029	0.14	86	14
1030	0.14	86	14
1031	0.14	86	14
1032	0.15	85	15
1033	0.16	84	16
1034	0.16	84	16
1035	0.16	84	16
1036	0.16	84	16
1037	0.16	84	16
1038	0.16	84	16
1039	0.16	84	16
1040	0.17	83	17
1041	0.17	83	17
1042	0.17	83	17
1043	0.17	83	17
1044	0.17	83	17
1045	0.18	82	18
1046	0.19	81	19
1047	0.20	80	20
1048	0.20	80	20
1049	0.20	80	20
1050	0.21	79	21
1051	0.21	79	21
1052	0.22	78	22
1053	0.22	78	22
1054	0.22	78	22
1055	0.22	78	22
1056	0.22	78	22
1057	0.22	78	22
1058	0.22	78	22
1059	0.23	77	23
1060	0.23	77	23
1061	0.23	77	23
1062	0.23	77	23
1063	0.23	77	23
1064	0.24	76	24
1065	0.25	75	25
1066	0.25	75	25
1067	0.26	74	26
1068	0.27	73	27
1069	0.28	72	28
1070	0.29	71	29
1071	0.29	71	29
1072	0.29	71	29
1073	0.30	70	30
1074	0.31	69	31
1075	0.32	68	32
1076	0.32	68	32
1077	0.33	67	33
1078	0.34	66	34
1079	0.34	66	34
1080	0.34	66	34
1081	0.33	67	33
1082	0.33	67	33
1083	0.34	66	34
1084	0.35	65	35
1085	0.36	64	36
1086	0.36	64	36
1087	0.36	64	36
1088	0.37	63	37
1089	0.37	63	37
1090	0.38	62	38
1091	0.39	61	39
1092	0.40	60	40
1093	0.41	59	41
1094	0.42	58	42
1095	0.43	57	43
1096	0.44	56	44
1097	0.45	55	45
1098	0.46	54	46
1099	0.46	54	46
1100	0.46	54	46
1101	0.47	53	47
1102	0.46	54	46
1103	0.47	53	47
1104	0.48	52	48
1105	0.49	51	49
1106	0.50	50	50
1107	0.51	49	51
1108	0.51	49	51
1109	0.51	49	51
1110	0.52	48	52
1111	0.51	49	51
1112	0.52	48	52
1113	0.52	48	52
1114	0.53	47	53
1115	0.53	47	53
1116	0.53	47	53
1117	0.53	47	53
1118	0.54	46	54
1119	0.55	45	55
1120	0.56	44	56
1121	0.56	44	56
1122	0.57	43	57
1123	0.58	42	58
1124	0.59	41	59
1125	0.59	41	59
1126	0.60	40	60
1127	0.60	40	60
1128	0.61	39	61
1129	0.61	39	61
1130	0.62	38	62
1131	0.63	37	63
1132	0.63	37	63
1133	0.63	37	63
1134	0.64	36	64
1135	0.65	35	65
1136	0.65	35	65
1137	0.65	35	65
1138	0.66	34	66
1139	0.67	33	67
1140	0.67	33	67
1141	0.68	32	68
1142	0.68	32	68
1143	0.69	31	69
1144	0.70	30	70
1145	0.70	30	70
1146	0.70	30	70
1147	0.70	30	70
1148	0.71	29	71
1149	0.71	29	71
1150	0.71	29	71
1151	0.72	28	72
1152	0.72	28	72
1153	0.73	27	73
1154	0.74	26	74
1155	0.74	26	74
1156	0.75	25	75
1157	0.75	25	75
1158	0.75	25	75
1159	0.75	25	75
1160	0.76	24	76
1161	0.76	24	76
1162	0.77	23	77
1163	0.78	22	78
1164	0.78	22	78
1165	0.77	23	77
1166	0.77	23	77
1167	0.77	23	77
1168	0.77	23	77
1169	0.77	23	77
1170	0.77	23	77
1171	0.78	22	78
1172	0.78	22	78
1173	0.78	22	78
1174	0.78	22	78
1175	0.78	22	78
1176	0.79	21	79
1177	0.79	21	79
1178	0.79	21	79
1179	0.80	20	80
1180	0.81	19	81
1181	0.82	18	82
1182	0.83	17	83
1183	0.83	17	83
1184	0.83	17	83
1185	0.83	17	83
1186	0.84	16	84
1187	0.85	15	85
1188	0.85	15	85
1189	0.86	14	86
1190	0.86	14	86
1191	0.86	14	86
1192	0.86	14	86
1193	0.86	14	86
1194	0.86	14	86
1195	0.86	14	86
1196	0.86	14	86
1197	0.86	14	86
1198	0.86	14	86
1199	0.87	13	87
1200	0.88	12	88
1201	0.88	12	88
1202	0.89	11	89
1203	0.89	11	89
1204	0.89	11	89
1205	0.89	11	89
1206	0.89	11	89
1207	0.89	11	89
1208	0.89	11	89
1209	0.89	11	89
1210	0.89	11	89
1211	0.90	10	90
1212	0.90	10	90
1213	0.90	10	90
1214	0.90	10	90
1215	0.90	10	90
1216	0.90	10	90
1217	0.90	10	90
1218	0.90	10	90
1219	0.90	10	90
1220	0.90	10	90
1221	0.90	10	90
1222	0.90	10	90
1223	0.90	10	90
1224	0.90	10	90
1225	0.91	9	91
1226	0.91	9	91
1227	0.92	8	92
1228	0.92	8	92
1229	0.92	8	92
1230	0.92	8	92
1231	0.92	8	92
1232	0.91	9	91
1233	0.91	9	91
1234	0.91	9	91
1235	0.91	9	91
1236	0.91	9	91
1237	0.92	8	92
1238	0.92	8	92
1239	0.92	8	92
1240	0.92	8	92
1241	0.92	8	92
1242	0.93	7	93
1243	0.93	7	93
1244	0.93	7	93
1245	0.93	7	93
1246	0.93	7	93
1247	0.93	7	93
1248	0.93	7	93
1249	0.93	7	93
1250	0.93	7	93
1251	0.93	7	93
1252	0.93	7	93
1253	0.93	7	93
1254	0.93	7	93
1255	0.93	7	93
1256	0.93	7	93
1257	0.94	6	94
1258	0.95	5	95
1259	0.95	5	95
1260	0.95	5	95
1261	0.95	5	95
1262	0.95	5	95
1263	0.95	5	95
1264	0.95	5	95
1265	0.96	4	96
1266	0.97	3	97
1267	0.97	3	97
1268	0.97	3	97
1269	0.97	3	97
1270	0.97	3	97
1271	0.96	4	96
1272	0.97	3	97
1273	0.97	3	97
1274	0.97	3	97
1275	0.97	3	97
1276	0.96	4	96
1277	0.96	4	96
1278	0.96	4	96
1279	0.95	5	95
1280	0.95	5	95
1281	0.95	5	95
1282	0.95	5	95
1283	0.95	5	95
1284	0.95	5	95
1285	0.95	5	95
1286	0.95	5	95
1287	0.95	5	95
1288	0.95	5	95
1289	0.95	5	95
1290	0.95	5	95
1291	0.95	5	95
1292	0.95	5	95
1293	0.94	6	94
1294	0.94	6	94
1295	0.93	7	93
1296	0.93	7	93
1297	0.93	7	93
1298	0.93	7	93
1299	0.93	7	93
1300	0.93	7	93
1301	0.93	7	93
1302	0.93	7	93
1303	0.93	7	93
1304	0.93	7	93
1305	0.93	7	93
1306	0.93	7	93
1307	0.93	7	93
1308	0.93	7	93
1309	0.93	7	93
1310	0.93	7	93
1311	0.93	7	93
1312	0.93	7	93
1313	0.93	7	93
1314	0.93	7	93
1315	0.92	8	92
1316	0.92	8	92
1317	0.92	8	92
1318	0.92	8	92
1319	0.92	8	92
1320	0.92	8	92
1321	0.92	8	92
1322	0.92	8	92
1323	0.92	8	92
1324	0.92	8	92
1325	0.92	8	92
1326	0.91	9	91
1327	0.91	9	91
1328	0.91	9	91
1329	0.91	9	91
1330	0.91	9	91
1331	0.91	9	91
1332	0.92	8	92
1333	0.92	8	92
1334	0.92	8	92
1335	0.92	8	92
1336	0.93	7	93
1337	0.93	7	93
1338	0.93	7	93
1339	0.93	7	93
1340	0.93	7	93
1341	0.93	7	93
1342	0.93	7	93
1343	0.93	7	93
1344	0.92	8	92
1345	0.92	8	92
1346	0.92	8	92
1347	0.92	8	92
1348	0.92	8	92
1349	0.92	8	92
1350	0.92	8	92
1351	0.92	8	92
1352	0.92	8	92
1353	0.92	8	92
1354	0.92	8	92
1355	0.92	8	92
1356	0.92	8	92
1357	0.92	8	92
1358	0.92	8	92
1359	0.92	8	92
1360	0.92	8	92
1361	0.92	8	92
1362	0.92	8	92
1363	0.92	8	92
1364	0.92	8	92
1365	0.92	8	92
1366	0.92	8	92
1367	0.92	8	92
1368	0.92	8	92
1369	0.92	8	92
1370	0.92	8	92
1371	0.93	7	93
1372	0.93	7	93
1373	0.93	7	93
1374	0.93	7	93
1375	0.93	7	93
1376	0.93	7	93
1377	0.93	7	93
1378	0.93	7	93
1379	0.93	7	93
1380	0.93	7	93
1381	0.93	7	93
1382	0.92	8	92
1383	0.92	8	92
1384	0.92	8	92
1385	0.92	8	92
1386	0.92	8	92
1387	0.92	8	92
1388	0.92	8	92
1389	0.92	8	92
1390	0.92	8	92
1391	0.92	8	92
1392	0.91	9	91
1393	0.92	8	92
1394	0.92	8	92
1395	0.93	7	93
1396	0.93	7	93
1397	0.93	7	93
1398	0.93	7	93
1399	0.93	7	93
1400	0.93	7	93
1401	0.93	7	93
1402	0.93	7	93
1403	0.93	7	93
1404	0.93	7	93
1405	0.93	7	93
1406	0.93	7	93
1407	0.93	7	93
1408	0.93	7	93
1409	0.93	7	93
1410	0.93	7	93
1411	0.92	8	92
1412	0.92	8	92
1413	0.92	8	92
1414	0.92	8	92
1415	0.93	7	93
1416	0.93	7	93
1417	0.93	7	93
1418	0.93	7	93
1419	0.93	7	93
1420	0.93	7	93
1421	0.93	7	93
1422	0.93	7	93
1423	0.93	7	93
1424	0.93	7	93
1425	0.93	7	93
1426	0.94	6	94
1427	0.94	6	94
1428	0.94	6	94
1429	0.94	6	94
1430	0.94	6	94
1431	0.94	6	94
1432	0.94	6	94
1433	0.93	7	93
1434	0.93	7	93
1435	0.93	7	93
1436	0.92	8	92
1437	0.91	9	91
1438	0.90	10	90
1439	0.90	10	90
1440	0.90	10	90
1441	0.90	10	90
1442	0.90	10	90
1443	0.90	10	90
1444	0.91	9	91
1445	0.91	9	91
1446	0.91	9	91
1447	0.91	9	91
1448	0.91	9	91
1449	0.91	9	91
1450	0.90	10	90
1451	0.90	10	90
1452	0.90	10	90
1453	0.90	10	90
1454	0.90	10	90
1455	0.90	10	90
1456	0.90	10	90
1457	0.90	10	90
1458	0.90	10	90
1459	0.90	10	90
1460	0.90	10	90
1461	0.90	10	90
1462	0.90	10	90
1463	0.90	10	90
1464	0.90	10	90
1465	0.90	10	90
1466	0.90	10	90
1467	0.90	10	90
1468	0.90	10	90
1469	0.90	10	90
1470	0.90	10	90
1471	0.90	10	90
1472	0.90	10	90
1473	0.90	10	90
1474	0.90	10	90
1475	0.89	11	89
1476	0.89	11	89
1477	0.89	11	89
1478	0.89	11	89
1479	0.90	10	90
1480	0.90	10	90
1481	0.90	10	90
1482	0.91	9	91
1483	0.91	9	91
1484	0.91	9	91
1485	0.91	9	91
1486	0.91	9	91
1487	0.91	9	91
1488	0.90	10	90
1489	0.90	10	90
1490	0.90	10	90
1491	0.90	10	90
1492	0.91	9	91
1493	0.91	9	91
1494	0.91	9	91
1495	0.91	9	91
1496	0.91	9	91
1497	0.90	10	90
1498	0.90	10	90
1499	0.90	10	90
1500	0.90	10	90
1501	0.90	10	90
1502	0.90	10	90
1503	0.90	10	90
1504	0.90	10	90
1505	0.90	10	90
1506	0.90	10	90
1507	0.90	10	90
1508	0.90	10	90
1509	0.90	10	90
1510	0.90	10	90
1511	0.91	9	91
1512	0.91	9	91
1513	0.91	9	91
1514	0.91	9	91
1515	0.91	9	91
1516	0.91	9	91
1517	0.91	9	91
1518	0.91	9	91
1519	0.91	9	91
1520	0.91	9	91
1521	0.91	9	91
1522	0.91	9	91
1523	0.91	9	91
1524	0.91	9	91
1525	0.91	9	91
1526	0.90	10	90
1527	0.90	10	90
1528	0.90	10	90
1529	0.90	10	90
1530	0.90	10	90
1531	0.90	10	90
1532	0.90	10	90
1533	0.91	9	91
1534	0.91	9	91
1535	0.91	9	91
1536	0.92	8	92
1537	0.93	7	93
1538	0.94	6	94
1539	0.94	6	94
1540	0.94	6	94
1541	0.94	6	94
1542	0.94	6	94
1543	0.93	7	93
1544	0.93	7	93
1545	0.93	7	93
1546	0.93	7	93
1547	0.93	7	93
1548	0.93	7	93
1549	0.93	7	93
1550	0.94	6	94
1551	0.94	6	94
1552	0.94	6	94
1553	0.94	6	94
1554	0.94	6	94
1555	0.94	6	94
1556	0.94	6	94
1557	0.94	6	94
1558	0.94	6	94
1559	0.94	6	94
1560	0.94	6	94
1561	0.94	6	94
1562	0.94	6	94
1563	0.94	6	94
1564	0.94	6	94
1565	0.94	6	94
1566	0.94	6	94
1567	0.94	6	94
1568	0.94	6	94
1569	0.94	6	94
1570	0.94	6	94
1571	0.94	6	94
1572	0.94	6	94
1573	0.93	7	93
1574	0.93	7	93
1575	0.93	7	93
1576	0.94	6	94
1577	0.94	6	94
1578	0.94	6	94
1579	0.94	6	94
1580	0.94	6	94
1581	0.94	6	94
1582	0.94	6	94
1583	0.93	7	93
1584	0.93	7	93
1585	0.93	7	93
1586	0.92	8	92
1587	0.92	8	92
1588	0.93	7	93
1589	0.93	7	93
1590	0.93	7	93
1591	0.93	7	93
1592	0.93	7	93
1593	0.92	8	92
1594	0.92	8	92
1595	0.92	8	92
1596	0.92	8	92
1597	0.93	7	93
1598	0.93	7	93
1599	0.93	7	93
1600	0.93	7	93
1601	0.93	7	93
1602	0.93	7	93
1603	0.92	8	92
1604	0.92	8	92
1605	0.92	8	92
1606	0.92	8	92
1607	0.92	8	92
1608	0.92	8	92
1609	0.92	8	92
1610	0.91	9	91
1611	0.91	9	91
1612	0.91	9	91
1613	0.91	9	91
1614	0.91	9	91
1615	0.91	9	91
1616	0.91	9	91
1617	0.91	9	91
1618	0.90	10	90
1619	0.90	10	90
1620	0.90	10	90
1621	0.90	10	90
1622	0.90	10	90
1623	0.90	10	90
1624	0.90	10	90
1625	0.90	10	90
1626	0.91	9	91
1627	0.91	9	91
1628	0.91	9	91
1629	0.91	9	91
1630	0.91	9	91
1631	0.91	9	91
1632	0.91	9	91
1633	0.91	9	91
1634	0.91	9	91
1635	0.91	9	91
1636	0.91	9	91
1637	0.91	9	91
1638	0.91	9	91
1639	0.91	9	91
1640	0.91	9	91
1641	0.91	9	91
1642	0.91	9	91
1643	0.92	8	92
1644	0.92	8	92
1645	0.92	8	92
1646	0.92	8	92
1647	0.92	8	92
1648	0.92	8	92
1649	0.92	8	92
1650	0.92	8	92
1651	0.92	8	92
1652	0.92	8	92
1653	0.92	8	92
1654	0.92	8	92
1655	0.92	8	92
1656	0.92	8	92
1657	0.92	8	92
1658	0.91	9	91
1659	0.91	9	91
1660	0.90	10	90
1661	0.90	10	90
1662	0.90	10	90
1663	0.90	10	90
1664	0.90	10	90
1665	0.90	10	90
1666	0.90	10	90
1667	0.90	10	90
1668	0.90	10	90
1669	0.90	10	90
1670	0.90	10	90
1671	0.90	10	90
1672	0.90	10	90
1673	0.91	9	91
1674	0.91	9	91
1675	0.92	8	92
1676	0.92	8	92
1677	0.92	8	92
1678	0.92	8	92
1679	0.92	8	92
1680	0.92	8	92
1681	0.92	8	92
1682	0.92	8	92
1683	0.93	7	93
1684	0.93	7	93
1685	0.93	7	93
1686	0.94	6	94
1687	0.94	6	94
1688	0.94	6	94
1689	0.93	7	93
1690	0.93	7	93
1691	0.93	7	93
1692	0.93	7	93
1693	0.93	7	93
1694	0.93	7	93
1695	0.93	7	93
1696	0.93	7	93
1697	0.93	7	93
1698	0.93	7	93
1699	0.93	7	93
1700	0.93	7	93
1701	0.93	7	93
1702	0.93	7	93
1703	0.94	6	94
1704	0.94	6	94
1705	0.94	6	94
1706	0.94	6	94
1707	0.94	6	94
1708	0.94	6	94
1709	0.94	6	94
1710	0.95	5	95
1711	0.95	5	95
1712	0.95	5	95
1713	0.95	5	95
1714	0.95	5	95
1715	0.95	5	95
1716	0.95	5	95
1717	0.95	5	95
1718	0.96	4	96
1719	0.96	4	96
1720	0.96	4	96
1721	0.96	4	96
1722	0.96	4	96
1723	0.96	4	96
1724	0.96	4	96
1725	0.96	4	96
1726	0.96	4	96
1727	0.96	4	96
1728	0.96	4	96
1729	0.96	4	96
1730	0.95	5	95
1731	0.95	5	95
1732	0.95	5	95
1733	0.95	5	95
1734	0.95	5	95
1735	0.95	5	95
1736	0.95	5	95
1737	0.95	5	95
1738	0.95	5	95
1739	0.95	5	95
1740	0.95	5	95
1741	0.95	5	95
1742	0.95	5	95
1743	0.95	5	95
1744	0.95	5	95
1745	0.95	5	95
1746	0.95	5	95
1747	0.95	5	95
1748	0.95	5	95
1749	0.95	5	95
1750	0.95	5	95
1751	0.95	5	95
1752	0.95	5	95
1753	0.94	6	94
1754	0.94	6	94
1755	0.93	7	93
1756	0.93	7	93
1757	0.93	7	93
1758	0.94	6	94
1759	0.94	6	94
1760	0.95	5	95
1761	0.95	5	95
1762	0.95	5	95
1763	0.94	6	94
1764	0.94	6	94
1765	0.94	6	94
1766	0.94	6	94
1767	0.94	6	94
1768	0.94	6	94
1769	0.94	6	94
1770	0.94	6	94
1771	0.94	6	94
1772	0.94	6	94
1773	0.94	6	94
1774	0.94	6	94
1775	0.94	6	94
1776	0.94	6	94
1777	0.94	6	94
1778	0.94	6	94
1779	0.94	6	94
1780	0.94	6	94
1781	0.94	6	94
1782	0.94	6	94
1783	0.93	7	93
1784	0.93	7	93
1785	0.93	7	93
1786	0.93	7	93
1787	0.93	7	93
1788	0.93	7	93
1789	0.94	6	94
1790	0.94	6	94
1791	0.94	6	94
1792	0.94	6	94
1793	0.95	5	95
1794	0.95	5	95
1795	0.95	5	95
1796	0.95	5	95
1797	0.95	5	95
1798	0.95	5	95
1799	0.94	6	94
1800	0.94	6	94
1801	0.94	6	94
1802	0.94	6	94
1803	0.93	7	93
1804	0.93	7	93
1805	0.93	7	93
1806	0.93	7	93
1807	0.93	7	93
1808	0.93	7	93
1809	0.93	7	93
1810	0.92	8	92
1811	0.92	8	92
1812	0.92	8	92
1813	0.92	8	92
1814	0.92	8	92
1815	0.92	8	92
1816	0.92	8	92
1817	0.92	8	92
1818	0.92	8	92
1819	0.92	8	92
1820	0.92	8	92
1821	0.92	8	92
1822	0.92	8	92
1823	0.92	8	92
1824	0.92	8	92
1825	0.91	9	91
1826	0.91	9	91
1827	0.91	9	91
1828	0.91	9	91
1829	0.91	9	91
1830	0.92	8	92
1831	0.92	8	92
1832	0.92	8	92
1833	0.92	8	92
1834	0.91	9	91
1835	0.91	9	91
1836	0.91	9	91
1837	0.91	9	91
1838	0.91	9	91
1839	0.91	9	91
1840	0.91	9	91
1841	0.91	9	91
1842	0.91	9	91
1843	0.91	9	91
1844	0.91	9	91
1845	0.91	9	91
1846	0.90	10	90
1847	0.90	10	90
1848	0.90	10	90
1849	0.90	10	90
1850	0.90	10	90
1851	0.90	10	90
1852	0.90	10	90
1853	0.91	9	91
1854	0.91	9	91
1855	0.92	8	92
1856	0.92	8	92
1857	0.92	8	92
1858	0.92	8	92
1859	0.92	8	92
1860	0.91	9	91
1861	0.91	9	91
1862	0.91	9	91
1863	0.92	8	92
1864	0.92	8	92
1865	0.92	8	92
1866	0.92	8	92
1867	0.92	8	92
1868	0.92	8	92
1869	0.92	8	92
1870	0.92	8	92
1871	0.92	8	92
1872	0.91	9	91
1873	0.91	9	91
1874	0.91	9	91
1875	0.91	9	91
1876	0.91	9	91
1877	0.90	10	90
1878	0.90	10	90
1879	0.90	10	90
1880	0.90	10	90
1881	0.90	10	90
1882	0.90	10	90
1883	0.91	9	91
1884	0.91	9	91
1885	0.91	9	91
1886	0.91	9	91
1887	0.91	9	91
1888	0.91	9	91
1889	0.91	9	91
1890	0.91	9	91
1891	0.91	9	91
1892	0.91	9	91
1893	0.91	9	91
1894	0.91	9	91
1895	0.91	9	91
1896	0.91	9	91
1897	0.91	9	91
1898	0.91	9	91
1899	0.92	8	92
1900	0.92	8	92
1901	0.92	8	92
1902	0.92	8	92
1903	0.93	7	93
1904	0.93	7	93
1905	0.93	7	93
1906	0.93	7	93
1907	0.93	7	93
1908	0.93	7	93
1909	0.92	8	92
1910	0.93	7	93
1911	0.92	8	92
1912	0.92	8	92
1913	0.92	8	92
1914	0.92	8	92
1915	0.92	8	92
1916	0.92	8	92
1917	0.92	8	92
1918	0.92	8	92
1919	0.92	8	92
1920	0.92	8	92
1921	0.92	8	92
1922	0.92	8	92
1923	0.92	8	92
1924	0.92	8	92
1925	0.93	7	93
1926	0.93	7	93
1927	0.93	7	93
1928	0.93	7	93
1929	0.93	7	93
1930	0.93	7	93
1931	0.93	7	93
1932	0.93	7	93
1933	0.93	7	93
1934	0.94	6	94
1935	0.94	6	94
1936	0.94	6	94
1937	0.94	6	94
1938	0.94	6	94
1939	0.94	6	94
1940	0.94	6	94
1941	0.94	6	94
1942	0.94	6	94
1943	0.94	6	94
1944	0.94	6	94
1945	0.94	6	94
1946	0.95	5	95
1947	0.95	5	95
1948	0.95	5	95
1949	0.95	5	95
1950	0.95	5	95
1951	0.95	5	95
1952	0.95	5	95
1953	0.95	5	95
1954	0.95	5	95
1955	0.94	6	94
1956	0.94	6	94
1957	0.94	6	94
1958	0.94	6	94
1959	0.94	6	94
1960	0.95	5	95
1961	0.95	5	95
1962	0.95	5	95
1963	0.95	5	95
1964	0.95	5	95
1965	0.95	5	95
1966	0.95	5	95
1967	0.95	5	95
1968	0.95	5	95
1969	0.95	5	95
1970	0.95	5	95
1971	0.95	5	95
1972	0.96	4	96
1973	0.96	4	96
1974	0.96	4	96
1975	0.96	4	96
1976	0.96	4	96
1977	0.97	3	97
1978	0.97	3	97
1979	0.97	3	97
1980	0.97	3	97
1981	0.97	3	97
1982	0.97	3	97
1983	0.97	3	97
1984	0.97	3	97
1985	0.97	3	97
1986	0.97	3	97
1987	0.97	3	97
1988	0.97	3	97
1989	0.97	3	97
1990	0.97	3	97
1991	0.97	3	97
1992	0.97	3	97
1993	0.97	3	97
1994	0.96	4	96
1995	0.95	5	95
1996	0.94	6	94
1997	0.94	6	94
1998	0.94	6	94
1999	0.94	6	94
2000	0.06	6	94
2001	0.06	6	94
2002	0.07	7	93
2003	0.07	7	93
2004	0.07	7	93
2005	0.07	7	93
2006	0.07	7	93
2007	0.07	7	93
2008	0.07	7	93
2009	0.07	7	93
2010	0.08	8	92
2011	0.07	7	93
2012	0.07	7	93
2013	0.07	7	93
2014	0.08	8	92
2015	0.08	8	92
2016	0.08	8	92
2017	0.08	8	92
2018	0.08	8	92
2019	0.08	8	92
2020	0.09	9	91
2021	0.09	9	91
2022	0.10	10	90
2023	0.10	10	90
2024	0.11	11	89
2025	0.11	11	89
2026	0.11	11	89
2027	0.11	11	89
2028	0.11	11	89
2029	0.12	12	88
2030	0.13	13	87
2031	0.13	13	87
2032	0.14	14	86
2033	0.14	14	86
2034	0.14	14	86
2035	0.14	14	86
2036	0.14	14	86
2037	0.14	14	86
2038	0.14	14	86
2039	0.14	14	86
2040	0.14	14	86
2041	0.15	15	85
2042	0.15	15	85
2043	0.15	15	85
2044	0.16	16	84
2045	0.17	17	83
2046	0.17	17	83
2047	0.18	18	82
2048	0.18	18	82
2049	0.19	19	81
2050	0.20	20	80
2051	0.20	20	80
2052	0.20	20	80
2053	0.21	21	79
2054	0.21	21	79
2055	0.20	20	80
2056	0.21	21	79
2057	0.21	21	79
2058	0.21	21	79
2059	0.22	22	78
2060	0.22	22	78
2061	0.22	22	78
2062	0.22	22	78
2063	0.22	22	78
2064	0.22	22	78
2065	0.23	23	77
2066	0.23	23	77
2067	0.24	24	76
2068	0.24	24	76
2069	0.24	24	76
2070	0.24	24	76
2071	0.25	25	75
2072	0.25	25	75
2073	0.25	25	75
2074	0.26	26	74
2075	0.26	26	74
2076	0.27	27	73
2077	0.27	27	73
2078	0.28	28	72
2079	0.29	29	71
2080	0.29	29	71
2081	0.29	29	71
2082	0.29	29	71
2083	0.30	30	70
2084	0.30	30	70
2085	0.30	30	70
2086	0.31	31	69
2087	0.31	31	69
2088	0.31	31	69
2089	0.31	31	69
2090	0.32	32	68
2091	0.33	33	67
2092	0.33	33	67
2093	0.34	34	66
2094	0.33	33	67
2095	0.33	33	67
2096	0.33	33	67
2097	0.34	34	66
2098	0.35	35	65
2099	0.35	35	65
2100	0.36	36	64
2101	0.37	37	63
2102	0.37	37	63
2103	0.37	37	63
2104	0.38	38	62
2105	0.39	39	61
2106	0.40	40	60
2107	0.41	41	59
2108	0.42	42	58
2109	0.42	42	58
2110	0.42	42	58
2111	0.42	42	58
2112	0.43	43	57
2113	0.44	44	56
2114	0.44	44	56
2115	0.44	44	56
2116	0.45	45	55
2117	0.46	46	54
2118	0.47	47	53
2119	0.48	48	52
2120	0.47	47	53
2121	0.48	48	52
2122	0.48	48	52
2123	0.49	49	51
2124	0.49	49	51
2125	0.49	49	51
2126	0.49	49	51
2127	0.50	50	50
2128	0.50	50	50
2129	0.50	50	50
2130	0.50	50	50
2131	0.51	51	49
2132	0.50	50	50
2133	0.51	51	49
2134	0.52	52	48
2135	0.53	53	47
2136	0.54	54	46
2137	0.54	54	46
2138	0.55	55	45
2139	0.56	56	44
2140	0.57	57	43
2141	0.57	57	43
2142	0.58	58	42
2143	0.59	59	41
2144	0.59	59	41
2145	0.58	58	42
2146	0.58	58	42
2147	0.58	58	42
2148	0.59	59	41
2149	0.59	59	41
2150	0.58	58	42
2151	0.59	59	41
2152	0.60	60	40
2153	0.60	60	40
2154	0.61	61	39
2155	0.62	62	38
2156	0.62	62	38
2157	0.63	63	37
2158	0.63	63	37
2159	0.63	63	37
2160	0.64	64	36
2161	0.64	64	36
2162	0.65	65	35
2163	0.66	66	34
2164	0.67	67	33
2165	0.67	67	33
2166	0.68	68	32
2167	0.68	68	32
2168	0.69	69	31
2169	0.70	70	30
2170	0.71	71	29
2171	0.71	71	29
2172	0.72	72	28
2173	0.72	72	28
2174	0.72	72	28
2175	0.73	73	27
2176	0.73	73	27
2177	0.74	74	26
2178	0.73	73	27
2179	0.73	73	27
2180	0.74	74	26
2181	0.75	75	25
2182	0.76	76	24
2183	0.76	76	24
2184	0.77	77	23
2185	0.78	78	22
2186	0.78	78	22
2187	0.78	78	22
2188	0.79	79	21
2189	0.80	80	20
2190	0.80	80	20
2191	0.80	80	20
2192	0.81	81	19
2193	0.81	81	19
2194	0.82	82	18
2195	0.82	82	18
2196	0.82	82	18
2197	0.82	82	18
2198	0.82	82	18
2199	0.83	83	17
2200	0.83	83	17
2201	0.83	83	17
2202	0.83	83	17
2203	0.84	84	16
2204	0.84	84	16
2205	0.84	84	16
2206	0.84	84	16
2207	0.84	84	16
2208	0.84	84	16
2209	0.84	84	16
2210	0.84	84	16
2211	0.85	85	15
2212	0.85	85	15
2213	0.84	84	16
2214	0.84	84	16
2215	0.85	85	15
2216	0.84	84	16
2217	0.84	84	16
2218	0.84	84	16
2219	0.84	84	16
2220	0.85	85	15
2221	0.85	85	15
2222	0.85	85	15
2223	0.84	84	16
2224	0.84	84	16
2225	0.84	84	16
2226	0.85	85	15
2227	0.85	85	15
2228	0.86	86	14
2229	0.86	86	14
2230	0.86	86	14
2231	0.86	86	14
2232	0.87	87	13
2233	0.87	87	13
2234	0.87	87	13
2235	0.87	87	13
2236	0.87	87	13
2237	0.87	87	13
2238	0.87	87	13
2239	0.87	87	13
2240	0.87	87	13
2241	0.87	87	13
2242	0.87	87	13
2243	0.87	87	13
2244	0.87	87	13
2245	0.88	88	12
2246	0.89	89	11
2247	0.89	89	11
2248	0.89	89	11
2249	0.89	89	11
2250	0.90	90	10
2251	0.90	90	10
2252	0.90	90	10
2253	0.90	90	10
2254	0.90	90	10
2255	0.90	90	10
2256	0.90	90	10
2257	0.90	90	10
2258	0.91	91	9
2259	0.91	91	9
2260	0.91	91	9
2261	0.92	92	8
2262	0.92	92	8
2263	0.92	92	8
2264	0.92	92	8
2265	0.92	92	8
2266	0.92	92	8
2267	0.92	92	8
2268	0.92	92	8
2269	0.92	92	8
2270	0.92	92	8
2271	0.92	92	8
2272	0.92	92	8
2273	0.93	93	7
2274	0.92	92	8
2275	0.92	92	8
2276	0.92	92	8
2277	0.91	91	9
2278	0.92	92	8
2279	0.92	92	8
2280	0.92	92	8
2281	0.91	91	9
2282	0.91	91	9
2283	0.91	91	9
2284	0.91	91	9
2285	0.91	91	9
2286	0.91	91	9
2287	0.92	92	8
2288	0.92	92	8
2289	0.92	92	8
2290	0.92	92	8
2291	0.92	92	8
2292	0.92	92	8
2293	0.92	92	8
2294	0.92	92	8
2295	0.92	92	8
2296	0.92	92	8
2297	0.92	92	8
2298	0.92	92	8
2299	0.92	92	8
2300	0.92	92	8
2301	0.92	92	8
2302	0.92	92	8
2303	0.92	92	8
2304	0.92	92	8
2305	0.92	92	8
2306	0.92	92	8
2307	0.92	92	8
2308	0.92	92	8
2309	0.92	92	8
2310	0.91	91	9
2311	0.91	91	9
2312	0.91	91	9
2313	0.92	92	8
2314	0.92	92	8
2315	0.92	92	8
2316	0.92	92	8
2317	0.92	92	8
2318	0.92	92	8
2319	0.92	92	8
2320	0.92	92	8
2321	0.92	92	8
2322	0.92	92	8
2323	0.93	93	7
2324	0.93	93	7
2325	0.94	94	6
2326	0.94	94	6
2327	0.94	94	6
2328	0.94	94	6
2329	0.94	94	6
2330	0.94	94	6
2331	0.94	94	6
2332	0.94	94	6
2333	0.94	94	6
2334	0.94	94	6
2335	0.94	94	6
2336	0.94	94	6
2337	0.95	95	5
2338	0.95	95	5
2339	0.95	95	5
2340	0.95	95	5
2341	0.95	95	5
2342	0.95	95	5
2343	0.95	95	5
2344	0.94	94	6
2345	0.94	94	6
2346	0.94	94	6
2347	0.94	94	6
2348	0.94	94	6
2349	0.94	94	6
2350	0.94	94	6
2351	0.94	94	6
2352	0.94	94	6
2353	0.94	94	6
2354	0.94	94	6
2355	0.94	94	6
2356	0.94	94	6
2357	0.93	93	7
2358	0.93	93	7
2359	0.93	93	7
2360	0.93	93	7
2361	0.93	93	7
2362	0.93	93	7
2363	0.93	93	7
2364	0.93	93	7
2365	0.93	93	7
2366	0.93	93	7
2367	0.93	93	7
2368	0.93	93	7
2369	0.93	93	7
2370	0.93	93	7
2371	0.93	93	7
2372	0.93	93	7
2373	0.92	92	8
2374	0.93	93	7
2375	0.93	93	7
2376	0.93	93	7
2377	0.94	94	6
2378	0.94	94	6
2379	0.94	94	6
2380	0.94	94	6
2381	0.95	95	5
2382	0.95	95	5
2383	0.94	94	6
2384	0.94	94	6
2385	0.94	94	6
2386	0.94	94	6
2387	0.94	94	6
2388	0.94	94	6
2389	0.94	94	6
2390	0.94	94	6
2391	0.94	94	6
2392	0.94	94	6
2393	0.94	94	6
2394	0.94	94	6
2395	0.94	94	6
2396	0.93	93	7
2397	0.93	93	7
2398	0.93	93	7
2399	0.93	93	7
2400	0.93	93	7
2401	0.93	93	7
2402	0.93	93	7
2403	0.93	93	7
2404	0.93	93	7
2405	0.93	93	7
2406	0.93	93	7
2407	0.93	93	7
2408	0.93	93	7
2409	0.93	93	7
2410	0.93	93	7
2411	0.93	93	7
2412	0.93	93	7
2413	0.93	93	7
2414	0.93	93	7
2415	0.93	93	7
2416	0.94	94	6
2417	0.94	94	6
2418	0.94	94	6
2419	0.94	94	6
2420	0.94	94	6
2421	0.94	94	6
2422	0.94	94	6
2423	0.94	94	6
2424	0.94	94	6
2425	0.94	94	6
2426	0.94	94	6
2427	0.93	93	7
2428	0.93	93	7
2429	0.93	93	7
2430	0.93	93	7
2431	0.93	93	7
2432	0.93	93	7
2433	0.93	93	7
2434	0.93	93	7
2435	0.93	93	7
2436	0.93	93	7
2437	0.93	93	7
2438	0.93	93	7
2439	0.93	93	7
2440	0.93	93	7
2441	0.93	93	7
2442	0.93	93	7
2443	0.93	93	7
2444	0.94	94	6
2445	0.94	94	6
2446	0.94	94	6
2447	0.94	94	6
2448	0.94	94	6
2449	0.94	94	6
2450	0.94	94	6
2451	0.94	94	6
2452	0.94	94	6
2453	0.94	94	6
2454	0.94	94	6
2455	0.94	94	6
2456	0.94	94	6
2457	0.95	95	5
2458	0.95	95	5
2459	0.95	95	5
2460	0.95	95	5
2461	0.95	95	5
2462	0.95	95	5
2463	0.95	95	5
2464	0.94	94	6
2465	0.94	94	6
2466	0.94	94	6
2467	0.94	94	6
2468	0.94	94	6
2469	0.94	94	6
2470	0.94	94	6
2471	0.94	94	6
2472	0.94	94	6
2473	0.95	95	5
2474	0.95	95	5
2475	0.95	95	5
2476	0.95	95	5
2477	0.95	95	5
2478	0.95	95	5
2479	0.95	95	5
2480	0.95	95	5
2481	0.95	95	5
2482	0.95	95	5
2483	0.96	96	4
2484	0.96	96	4
2485	0.95	95	5
2486	0.95	95	5
2487	0.95	95	5
2488	0.95	95	5
2489	0.95	95	5
2490	0.95	95	5
2491	0.95	95	5
2492	0.95	95	5
2493	0.94	94	6
2494	0.94	94	6
2495	0.93	93	7
2496	0.94	94	6
2497	0.94	94	6
2498	0.94	94	6
2499	0.94	94	6
2500	0.94	94	6
2501	0.94	94	6
2502	0.94	94	6
2503	0.94	94	6
2504	0.94	94	6
2505	0.94	94	6
2506	0.94	94	6
2507	0.94	94	6
2508	0.94	94	6
2509	0.94	94	6
2510	0.95	95	5
2511	0.95	95	5
2512	0.95	95	5
2513	0.95	95	5
2514	0.95	95	5
2515	0.95	95	5
2516	0.95	95	5
2517	0.95	95	5
2518	0.94	94	6
2519	0.94	94	6
2520	0.94	94	6
2521	0.94	94	6
2522	0.94	94	6
2523	0.93	93	7
2524	0.93	93	7
2525	0.93	93	7
2526	0.93	93	7
2527	0.93	93	7
2528	0.93	93	7
2529	0.93	93	7
2530	0.93	93	7
2531	0.93	93	7
2532	0.93	93	7
2533	0.93	93	7
2534	0.93	93	7
2535	0.93	93	7
2536	0.93	93	7
2537	0.93	93	7
2538	0.92	92	8
2539	0.92	92	8
2540	0.92	92	8
2541	0.92	92	8
2542	0.92	92	8
2543	0.92	92	8
2544	0.92	92	8
2545	0.92	92	8
2546	0.92	92	8
2547	0.92	92	8
2548	0.92	92	8
2549	0.92	92	8
2550	0.92	92	8
2551	0.91	91	9
2552	0.91	91	9
2553	0.91	91	9
2554	0.91	91	9
2555	0.91	91	9
2556	0.91	91	9
2557	0.91	91	9
2558	0.91	91	9
2559	0.91	91	9
2560	0.91	91	9
2561	0.91	91	9
2562	0.91	91	9
2563	0.91	91	9
2564	0.92	92	8
2565	0.92	92	8
2566	0.92	92	8
2567	0.92	92	8
2568	0.92	92	8
2569	0.92	92	8
2570	0.92	92	8
2571	0.92	92	8
2572	0.92	92	8
2573	0.92	92	8
2574	0.92	92	8
2575	0.92	92	8
2576	0.92	92	8
2577	0.92	92	8
2578	0.92	92	8
2579	0.92	92	8
2580	0.92	92	8
2581	0.92	92	8
2582	0.91	91	9
2583	0.91	91	9
2584	0.91	91	9
2585	0.92	92	8
2586	0.92	92	8
2587	0.92	92	8
2588	0.92	92	8
2589	0.92	92	8
2590	0.92	92	8
2591	0.92	92	8
2592	0.92	92	8
2593	0.93	93	7
2594	0.93	93	7
2595	0.94	94	6
2596	0.94	94	6
2597	0.94	94	6
2598	0.94	94	6
2599	0.94	94	6
2600	0.94	94	6
2601	0.94	94	6
2602	0.94	94	6
2603	0.94	94	6
2604	0.94	94	6
2605	0.93	93	7
2606	0.93	93	7
2607	0.93	93	7
2608	0.93	93	7
2609	0.93	93	7
2610	0.93	93	7
2611	0.93	93	7
2612	0.93	93	7
2613	0.93	93	7
2614	0.93	93	7
2615	0.93	93	7
2616	0.93	93	7
2617	0.93	93	7
2618	0.94	94	6
2619	0.94	94	6
2620	0.94	94	6
2621	0.94	94	6
2622	0.94	94	6
2623	0.95	95	5
2624	0.95	95	5
2625	0.95	95	5
2626	0.95	95	5
2627	0.96	96	4
2628	0.96	96	4
2629	0.96	96	4
2630	0.96	96	4
2631	0.96	96	4
2632	0.96	96	4
2633	0.96	96	4
2634	0.96	96	4
2635	0.95	95	5
2636	0.95	95	5
2637	0.95	95	5
2638	0.96	96	4
2639	0.96	96	4
2640	0.96	96	4
2641	0.96	96	4
2642	0.96	96	4
2643	0.96	96	4
2644	0.96	96	4
2645	0.96	96	4
2646	0.96	96	4
2647	0.96	96	4
2648	0.96	96	4
2649	0.96	96	4
2650	0.96	96	4
2651	0.97	97	3
2652	0.97	97	3
2653	0.97	97	3
2654	0.97	97	3
2655	0.97	97	3
2656	0.97	97	3
2657	0.97	97	3
2658	0.97	97	3
2659	0.97	97	3
2660	0.97	97	3
2661	0.96	96	4
2662	0.96	96	4
2663	0.96	96	4
2664	0.96	96	4
2665	0.96	96	4
2666	0.96	96	4
2667	0.96	96	4
2668	0.96	96	4
2669	0.96	96	4
2670	0.96	96	4
2671	0.95	95	5
2672	0.95	95	5
2673	0.95	95	5
2674	0.95	95	5
2675	0.95	95	5
2676	0.95	95	5
2677	0.95	95	5
2678	0.95	95	5
2679	0.95	95	5
2680	0.95	95	5
2681	0.95	95	5
2682	0.96	96	4
2683	0.96	96	4
2684	0.96	96	4
2685	0.96	96	4
2686	0.96	96	4
2687	0.96	96	4
2688	0.96	96	4
2689	0.96	96	4
2690	0.96	96	4
2691	0.96	96	4
2692	0.96	96	4
2693	0.96	96	4
2694	0.96	96	4
2695	0.96	96	4
2696	0.96	96	4
2697	0.96	96	4
2698	0.96	96	4
2699	0.96	96	4
2700	0.95	95	5
2701	0.95	95	5
2702	0.94	94	6
2703	0.94	94	6
2704	0.94	94	6
2705	0.95	95	5
2706	0.95	95	5
2707	0.95	95	5
2708	0.95	95	5
2709	0.95	95	5
2710	0.94	94	6
2711	0.94	94	6
2712	0.94	94	6
2713	0.94	94	6
2714	0.94	94	6
2715	0.93	93	7
2716	0.93	93	7
2717	0.93	93	7
2718	0.93	93	7
2719	0.93	93	7
2720	0.93	93	7
2721	0.93	93	7
2722	0.93	93	7
2723	0.93	93	7
2724	0.93	93	7
2725	0.93	93	7
2726	0.93	93	7
2727	0.93	93	7
2728	0.93	93	7
2729	0.93	93	7
2730	0.93	93	7
2731	0.93	93	7
2732	0.93	93	7
2733	0.93	93	7
2734	0.93	93	7
2735	0.94	94	6
2736	0.94	94	6
2737	0.94	94	6
2738	0.94	94	6
2739	0.94	94	6
2740	0.94	94	6
2741	0.94	94	6
2742	0.94	94	6
2743	0.94	94	6
2744	0.94	94	6
2745	0.94	94	6
2746	0.94	94	6
2747	0.94	94	6
2748	0.94	94	6
2749	0.94	94	6
2750	0.94	94	6
2751	0.94	94	6
2752	0.94	94	6
2753	0.94	94	6
2754	0.94	94	6
2755	0.94	94	6
2756	0.94	94	6
2757	0.94	94	6
2758	0.94	94	6
2759	0.94	94	6
2760	0.94	94	6
2761	0.95	95	5
2762	0.95	95	5
2763	0.95	95	5
2764	0.95	95	5
2765	0.95	95	5
2766	0.95	95	5
2767	0.95	95	5
2768	0.95	95	5
2769	0.95	95	5
2770	0.94	94	6
2771	0.94	94	6
2772	0.94	94	6
2773	0.94	94	6
2774	0.94	94	6
2775	0.94	94	6
2776	0.94	94	6
2777	0.94	94	6
2778	0.94	94	6
2779	0.94	94	6
2780	0.94	94	6
2781	0.94	94	6
2782	0.94	94	6
2783	0.94	94	6
2784	0.94	94	6
2785	0.94	94	6
2786	0.94	94	6
2787	0.93	93	7
2788	0.93	93	7
2789	0.93	93	7
2790	0.93	93	7
2791	0.93	93	7
2792	0.93	93	7
2793	0.93	93	7
2794	0.93	93	7
2795	0.93	93	7
2796	0.93	93	7
2797	0.93	93	7
2798	0.93	93	7
2799	0.93	93	7
2800	0.94	94	6
2801	0.94	94	6
2802	0.95	95	5
2803	0.95	95	5
2804	0.95	95	5
2805	0.94	94	6
2806	0.94	94	6
2807	0.94	94	6
2808	0.94	94	6
2809	0.94	94	6
2810	0.94	94	6
2811	0.93	93	7
2812	0.93	93	7
2813	0.93	93	7
2814	0.92	92	8
2815	0.93	93	7
2816	0.93	93	7
2817	0.93	93	7
2818	0.93	93	7
2819	0.93	93	7
2820	0.93	93	7
2821	0.93	93	7
2822	0.93	93	7
2823	0.93	93	7
2824	0.93	93	7
2825	0.93	93	7
2826	0.93	93	7
2827	0.93	93	7
2828	0.93	93	7
2829	0.93	93	7
2830	0.93	93	7
2831	0.93	93	7
2832	0.93	93	7
2833	0.93	93	7
2834	0.93	93	7
2835	0.93	93	7
2836	0.93	93	7
2837	0.93	93	7
2838	0.93	93	7
2839	0.93	93	7
2840	0.93	93	7
2841	0.93	93	7
2842	0.93	93	7
2843	0.93	93	7
2844	0.93	93	7
2845	0.93	93	7
2846	0.93	93	7
2847	0.93	93	7
2848	0.93	93	7
2849	0.93	93	7
2850	0.93	93	7
2851	0.93	93	7
2852	0.93	93	7
2853	0.93	93	7
2854	0.93	93	7
2855	0.93	93	7
2856	0.93	93	7
2857	0.93	93	7
2858	0.93	93	7
2859	0.93	93	7
2860	0.93	93	7
2861	0.93	93	7
2862	0.93	93	7
2863	0.93	93	7
2864	0.93	93	7
2865	0.93	93	7
2866	0.93	93	7
2867	0.93	93	7
2868	0.93	93	7
2869	0.93	93	7
2870	0.94	94	6
2871	0.95	95	5
2872	0.95	95	5
2873	0.95	95	5
2874	0.95	95	5
2875	0.95	95	5
2876	0.95	95	5
2877	0.95	95	5
2878	0.95	95	5
2879	0.95	95	5
2880	0.95	95	5
2881	0.95	95	5
2882	0.95	95	5
2883	0.95	95	5
2884	0.95	95	5
2885	0.95	95	5
2886	0.95	95	5
2887	0.96	96	4
2888	0.96	96	4
2889	0.95	95	5
2890	0.95	95	5
2891	0.95	95	5
2892	0.95	95	5
2893	0.95	95	5
2894	0.95	95	5
2895	0.95	95	5
2896	0.95	95	5
2897	0.95	95	5
2898	0.95	95	5
2899	0.95	95	5
2900	0.94	94	6
2901	0.94	94	6
2902	0.94	94	6
2903	0.94	94	6
2904	0.94	94	6
2905	0.95	95	5
2906	0.95	95	5
2907	0.95	95	5
2908	0.95	95	5
2909	0.95	95	5
2910	0.96	96	4
2911	0.97	97	3
2912	0.97	97	3
2913	0.97	97	3
2914	0.98	98	2
2915	0.98	98	2
2916	0.98	98	2
2917	0.98	98	2
2918	0.98	98	2
2919	0.97	97	3
2920	0.97	97	3
2921	0.97	97	3
2922	0.97	97	3
2923	0.97	97	3
2924	0.96	96	4
2925	0.96	96	4
2926	0.96	96	4
2927	0.96	96	4
2928	0.96	96	4
2929	0.95	95	5
2930	0.95	95	5
2931	0.95	95	5
2932	0.95	95	5
2933	0.95	95	5
2934	0.95	95	5
2935	0.95	95	5
2936	0.95	95	5
2937	0.95	95	5
2938	0.95	95	5
2939	0.95	95	5
2940	0.95	95	5
2941	0.95	95	5
2942	0.95	95	5
2943	0.95	95	5
2944	0.95	95	5
2945	0.95	95	5
2946	0.95	95	5
2947	0.95	95	5
2948	0.95	95	5
2949	0.95	95	5
2950	0.95	95	5
2951	0.95	95	5
2952	0.95	95	5
2953	0.95	95	5
2954	0.95	95	5
2955	0.95	95	5
2956	0.95	95	5
2957	0.95	95	5
2958	0.95	95	5
2959	0.95	95	5
2960	0.95	95	5
2961	0.95	95	5
2962	0.95	95	5
2963	0.95	95	5
2964	0.95	95	5
2965	0.95	95	5
2966	0.95	95	5
2967	0.95	95	5
2968	0.95	95	5
2969	0.95	95	5
2970	0.95	95	5
2971	0.95	95	5
2972	0.95	95	5
2973	0.95	95	5
2974	0.94	94	6
2975	0.94	94	6
2976	0.94	94	6
2977	0.94	94	6
2978	0.94	94	6
2979	0.94	94	6
2980	0.93	93	7
2981	0.93	93	7
2982	0.93	93	7
2983	0.93	93	7
2984	0.93	93	7
2985	0.93	93	7
2986	0.93	93	7
2987	0.93	93	7
2988	0.93	93	7
2989	0.94	94	6
2990	0.94	94	6
2991	0.93	93	7
2992	0.93	93	7
2993	0.93	93	7
2994	0.93	93	7
2995	0.93	93	7
2996	0.93	93	7
2997	0.93	93	7
2998	0.92	92	8
2999	0.92	92	8
3000	0.07	93	7
3001	0.07	93	7
3002	0.08	92	8
3003	0.08	92	8
3004	0.08	92	8
3005	0.09	91	9
3006	0.09	91	9
3007	0.09	91	9
3008	0.10	90	10
3009	0.10	90	10
3010	0.10	90	10
3011	0.10	90	10
3012	0.10	90	10
3013	0.10	90	10
3014	0.10	90	10
3015	0.10	90	10
3016	0.11	89	11
3017	0.11	89	11
3018	0.12	88	12
3019	0.12	88	12
3020	0.13	87	13
3021	0.13	87	13
3022	0.13	87	13
3023	0.13	87	13
3024	0.13	87	13
3025	0.13	87	13
3026	0.13	87	13
3027	0.13	87	13
3028	0.13	87	13
3029	0.12	88	12
3030	0.12	88	12
3031	0.12	88	12
3032	0.12	88	12
3033	0.12	88	12
3034	0.13	87	13
3035	0.14	86	14
3036	0.14	86	14
3037	0.14	86	14
3038	0.15	85	15
3039	0.16	84	16
3040	0.16	84	16
3041	0.17	83	17
3042	0.17	83	17
3043	0.17	83	17
3044	0.17	83	17
3045	0.17	83	17
3046	0.18	82	18
3047	0.18	82	18
3048	0.18	82	18
3049	0.18	82	18
3050	0.18	82	18
3051	0.18	82	18
3052	0.18	82	18
3053	0.18	82	18
3054	0.18	82	18
3055	0.18	82	18
3056	0.19	81	19
3057	0.19	81	19
3058	0.19	81	19
3059	0.19	81	19
3060	0.19	81	19
3061	0.20	80	20
3062	0.20	80	20
3063	0.20	80	20
3064	0.21	79	21
3065	0.21	79	21
3066	0.21	79	21
3067	0.22	78	22
3068	0.23	77	23
3069	0.23	77	23
3070	0.24	76	24
3071	0.24	76	24
3072	0.25	75	25
3073	0.25	75	25
3074	0.24	76	24
3075	0.25	75	25
3076	0.25	75	25
3077	0.25	75	25
3078	0.26	74	26
3079	0.27	73	27
3080	0.27	73	27
3081	0.27	73	27
3082	0.28	72	28
3083	0.28	72	28
3084	0.28	72	28
3085	0.28	72	28
3086	0.29	71	29
3087	0.29	71	29
3088	0.30	70	30
3089	0.30	70	30
3090	0.30	70	30
3091	0.30	70	30
3092	0.31	69	31
3093	0.32	68	32
3094	0.32	68	32
3095	0.32	68	32
3096	0.33	67	33
3097	0.33	67	33
3098	0.33	67	33
3099	0.34	66	34
3100	0.35	65	35
3101	0.36	64	36
3102	0.35	65	35
3103	0.35	65	35
3104	0.35	65	35
3105	0.35	65	35
3106	0.36	64	36
3107	0.37	63	37
3108	0.37	63	37
3109	0.38	62	38
3110	0.39	61	39
3111	0.39	61	39
3112	0.40	60	40
3113	0.40	60	40
3114	0.41	59	41
3115	0.42	58	42
3116	0.42	58	42
3117	0.43	57	43
3118	0.42	58	42
3119	0.41	59	41
3120	0.41	59	41
3121	0.41	59	41
3122	0.41	59	41
3123	0.42	58	42
3124	0.42	58	42
3125	0.43	57	43
3126	0.44	56	44
3127	0.45	55	45
3128	0.46	54	46
3129	0.46	54	46
3130	0.46	54	46
3131	0.46	54	46
3132	0.46	54	46
3133	0.47	53	47
3134	0.47	53	47
3135	0.46	54	46
3136	0.47	53	47
3137	0.48	52	48
3138	0.48	52	48
3139	0.48	52	48
3140	0.48	52	48
3141	0.48	52	48
3142	0.49	51	49
3143	0.50	50	50
3144	0.50	50	50
3145	0.50	50	50
3146	0.49	51	49
3147	0.50	50	50
3148	0.50	50	50
3149	0.51	49	51
3150	0.52	48	52
3151	0.53	47	53
3152	0.54	46	54
3153	0.55	45	55
3154	0.56	44	56
3155	0.56	44	56
3156	0.56	44	56
3157	0.57	43	57
3158	0.58	42	58
3159	0.58	42	58
3160	0.58	42	58
3161	0.58	42	58
3162	0.59	41	59
3163	0.60	40	60
3164	0.60	40	60
3165	0.61	39	61
3166	0.62	38	62
3167	0.62	38	62
3168	0.62	38	62
3169	0.63	37	63
3170	0.63	37	63
3171	0.64	36	64
3172	0.64	36	64
3173	0.65	35	65
3174	0.66	34	66
3175	0.66	34	66
3176	0.66	34	66
3177	0.67	33	67
3178	0.67	33	67
3179	0.67	33	67
3180	0.67	33	67
3181	0.68	32	68
3182	0.68	32	68
3183	0.68	32	68
3184	0.69	31	69
3185	0.70	30	70
3186	0.70	30	70
3187	0.71	29	71
3188	0.71	29	71
3189	0.72	28	72
3190	0.73	27	73
3191	0.73	27	73
3192	0.72	28	72
3193	0.72	28	72
3194	0.73	27	73
3195	0.74	26	74
3196	0.74	26	74
3197	0.74	26	74
3198	0.74	26	74
3199	0.74	26	74
3200	0.74	26	74
3201	0.74	26	74
3202	0.75	25	75
3203	0.76	24	76
3204	0.77	23	77
3205	0.76	24	76
3206	0.76	24	76
3207	0.76	24	76
3208	0.76	24	76
3209	0.76	24	76
3210	0.76	24	76
3211	0.77	23	77
3212	0.77	23	77
3213	0.78	22	78
3214	0.78	22	78
3215	0.78	22	78
3216	0.78	22	78
3217	0.78	22	78
3218	0.79	21	79
3219	0.80	20	80
3220	0.79	21	79
3221	0.80	20	80
3222	0.81	19	81
3223	0.81	19	81
3224	0.81	19	81
3225	0.80	20	80
3226	0.80	20	80
3227	0.80	20	80
3228	0.80	20	80
3229	0.81	19	81
3230	0.82	18	82
3231	0.83	17	83
3232	0.84	16	84
3233	0.84	16	84
3234	0.84	16	84
3235	0.85	15	85
3236	0.85	15	85
3237	0.85	15	85
3238	0.85	15	85
3239	0.85	15	85
3240	0.86	14	86
3241	0.86	14	86
3242	0.86	14	86
3243	0.86	14	86
3244	0.87	13	87
3245	0.88	12	88
3246	0.89	11	89
3247	0.89	11	89
3248	0.90	10	90
3249	0.90	10	90
3250	0.90	10	90
3251	0.90	10	90
3252	0.90	10	90
3253	0.89	11	89
3254	0.89	11	89
3255	0.89	11	89
3256	0.89	11	89
3257	0.89	11	89
3258	0.89	11	89
3259	0.90	10	90
3260	0.91	9	91
3261	0.91	9	91
3262	0.91	9	91
3263	0.90	10	90
3264	0.90	10	90
3265	0.90	10	90
3266	0.89	11	89
3267	0.89	11	89
3268	0.88	12	88
3269	0.88	12	88
3270	0.88	12	88
3271	0.88	12	88
3272	0.88	12	88
3273	0.88	12	88
3274	0.88	12	88
3275	0.88	12	88
3276	0.89	11	89
3277	0.89	11	89
3278	0.89	11	89
3279	0.88	12	88
3280	0.88	12	88
3281	0.88	12	88
3282	0.88	12	88
3283	0.89	11	89
3284	0.89	11	89
3285	0.89	11	89
3286	0.89	11	89
3287	0.88	12	88
3288	0.88	12	88
3289	0.88	12	88
3290	0.88	12	88
3291	0.88	12	88
3292	0.89	11	89
3293	0.89	11	89
3294	0.89	11	89
3295	0.89	11	89
3296	0.89	11	89
3297	0.90	10	90
3298	0.89	11	89
3299	0.89	11	89
3300	0.89	11	89
3301	0.88	12	88
3302	0.88	12	88
3303	0.88	12	88
3304	0.88	12	88
3305	0.89	11	89
3306	0.89	11	89
3307	0.88	12	88
3308	0.88	12	88
3309	0.87	13	87
3310	0.87	13	87
3311	0.87	13	87
3312	0.87	13	87
3313	0.87	13	87
3314	0.86	14	86
3315	0.86	14	86
3316	0.85	15	85
3317	0.85	15	85
3318	0.85	15	85
3319	0.85	15	85
3320	0.86	14	86
3321	0.86	14	86
3322	0.86	14	86
3323	0.86	14	86
3324	0.86	14	86
3325	0.87	13	87
3326	0.87	13	87
3327	0.87	13	87
3328	0.86	14	86
3329	0.85	15	85
3330	0.85	15	85
3331	0.85	15	85
3332	0.85	15	85
3333	0.85	15	85
3334	0.85	15	85
3335	0.85	15	85
3336	0.85	15	85
3337	0.85	15	85
3338	0.85	15	85
3339	0.85	15	85
3340	0.85	15	85
3341	0.85	15	85
3342	0.84	16	84
3343	0.84	16	84
3344	0.84	16	84
3345	0.84	16	84
3346	0.83	17	83
3347	0.83	17	83
3348	0.83	17	83
3349	0.83	17	83
3350	0.83	17	83
3351	0.83	17	83
3352	0.83	17	83
3353	0.84	16	84
3354	0.84	16	84
3355	0.85	15	85
3356	0.85	15	85
3357	0.85	15	85
3358	0.85	15	85
3359	0.85	15	85
3360	0.85	15	85
3361	0.85	15	85
3362	0.85	15	85
3363	0.86	14	86
3364	0.86	14	86
3365	0.86	14	86
3366	0.87	13	87
3367	0.87	13	87
3368	0.88	12	88
3369	0.88	12	88
3370	0.88	12	88
3371	0.88	12	88
3372	0.88	12	88
3373	0.88	12	88
3374	0.88	12	88
3375	0.87	13	87
3376	0.87	13	87
3377	0.87	13	87
3378	0.87	13	87
3379	0.88	12	88
3380	0.88	12	88
3381	0.88	12	88
3382	0.88	12	88
3383	0.88	12	88
3384	0.88	12	88
3385	0.88	12	88
3386	0.88	12	88
3387	0.89	11	89
3388	0.89	11	89
3389	0.89	11	89
3390	0.89	11	89
3391	0.88	12	88
3392	0.88	12	88
3393	0.88	12	88
3394	0.88	12	88
3395	0.88	12	88
3396	0.88	12	88
3397	0.88	12	88
3398	0.89	11	89
3399	0.89	11	89
3400	0.89	11	89
3401	0.90	10	90
3402	0.90	10	90
3403	0.90	10	90
3404	0.90	10	90
3405	0.90	10	90
3406	0.90	10	90
3407	0.91	9	91
3408	0.91	9	91
3409	0.92	8	92
3410	0.92	8	92
3411	0.92	8	92
3412	0.92	8	92
3413	0.92	8	92
3414	0.93	7	93
3415	0.93	7	93
3416	0.94	6	94
3417	0.94	6	94
3418	0.94	6	94
3419	0.94	6	94
3420	0.94	6	94
3421	0.94	6	94
3422	0.94	6	94
3423	0.94	6	94
3424	0.94	6	94
3425	0.94	6	94
3426	0.94	6	94
3427	0.94	6	94
3428	0.95	5	95
3429	0.96	4	96
3430	0.96	4	96
3431	0.96	4	96
3432	0.96	4	96
3433	0.96	4	96
3434	0.96	4	96
3435	0.96	4	96
3436	0.96	4	96
3437	0.96	4	96
3438	0.95	5	95
3439	0.95	5	95
3440	0.95	5	95
3441	0.95	5	95
3442	0.96	4	96
3443	0.96	4	96
3444	0.96	4	96
3445	0.96	4	96
3446	0.97	3	97
3447	0.97	3	97
3448	0.97	3	97
3449	0.97	3	97
3450	0.97	3	97
3451	0.97	3	97
3452	0.97	3	97
3453	0.97	3	97
3454	0.97	3	97
3455	0.97	3	97
3456	0.97	3	97
3457	0.97	3	97
3458	0.97	3	97
3459	0.97	3	97
3460	0.97	3	97
3461	0.97	3	97
3462	0.96	4	96
3463	0.96	4	96
3464	0.95	5	95
3465	0.95	5	95
3466	0.95	5	95
3467	0.95	5	95
3468	0.95	5	95
3469	0.95	5	95
3470	0.95	5	95
3471	0.95	5	95
3472	0.95	5	95
3473	0.95	5	95
3474	0.95	5	95
3475	0.96	4	96
3476	0.96	4	96
3477	0.96	4	96
3478	0.96	4	96
3479	0.96	4	96
3480	0.96	4	96
3481	0.96	4	96
3482	0.96	4	96
3483	0.96	4	96
3484	0.96	4	96
3485	0.96	4	96
3486	0.96	4	96
3487	0.96	4	96
3488	0.96	4	96
3489	0.96	4	96
3490	0.96	4	96
3491	0.97	3	97
3492	0.97	3	97
3493	0.97	3	97
3494	0.97	3	97
3495	0.97	3	97
3496	0.97	3	97
3497	0.97	3	97
3498	0.97	3	97
3499	0.97	3	97
3500	0.97	3	97
3501	0.97	3	97
3502	0.97	3	97
3503	0.97	3	97
3504	0.97	3	97
3505	0.96	4	96
3506	0.96	4	96
3507	0.96	4	96
3508	0.96	4	96
3509	0.96	4	96
3510	0.96	4	96
3511	0.96	4	96
3512	0.96	4	96
3513	0.96	4	96
3514	0.96	4	96
3515	0.96	4	96
3516	0.96	4	96
3517	0.96	4	96
3518	0.96	4	96
3519	0.96	4	96
3520	0.96	4	96
3521	0.95	5	95
3522	0.95	5	95
3523	0.95	5	95
3524	0.95	5	95
3525	0.95	5	95
3526	0.95	5	95
3527	0.95	5	95
3528	0.95	5	95
3529	0.95	5	95
3530	0.95	5	95
3531	0.94	6	94
3532	0.94	6	94
3533	0.94	6	94
3534	0.94	6	94
3535	0.94	6	94
3536	0.94	6	94
3537	0.94	6	94
3538	0.94	6	94
3539	0.94	6	94
3540	0.94	6	94
3541	0.94	6	94
3542	0.94	6	94
3543	0.94	6	94
3544	0.93	7	93
3545	0.93	7	93
3546	0.93	7	93
3547	0.93	7	93
3548	0.93	7	93
3549	0.93	7	93
3550	0.93	7	93
3551	0.93	7	93
3552	0.93	7	93
3553	0.93	7	93
3554	0.93	7	93
3555	0.93	7	93
3556	0.93	7	93
3557	0.93	7	93
3558	0.93	7	93
3559	0.93	7	93
3560	0.93	7	93
3561	0.93	7	93
3562	0.94	6	94
3563	0.94	6	94
3564	0.95	5	95
3565	0.95	5	95
3566	0.95	5	95
3567	0.95	5	95
3568	0.95	5	95
3569	0.95	5	95
3570	0.95	5	95
3571	0.95	5	95
3572	0.95	5	95
3573	0.95	5	95
3574	0.95	5	95
3575	0.95	5	95
3576	0.95	5	95
3577	0.95	5	95
3578	0.95	5	95
3579	0.95	5	95
3580	0.95	5	95
3581	0.94	6	94
3582	0.94	6	94
3583	0.94	6	94
3584	0.94	6	94
3585	0.94	6	94
3586	0.94	6	94
3587	0.94	6	94
3588	0.94	6	94
3589	0.94	6	94
3590	0.94	6	94
3591	0.94	6	94
3592	0.94	6	94
3593	0.94	6	94
3594	0.94	6	94
3595	0.94	6	94
3596	0.94	6	94
3597	0.94	6	94
3598	0.94	6	94
3599	0.93	7	93
3600	0.93	7	93
3601	0.93	7	93
3602	0.93	7	93
3603	0.93	7	93
3604	0.93	7	93
3605	0.94	6	94
3606	0.94	6	94
3607	0.94	6	94
3608	0.94	6	94
3609	0.94	6	94
3610	0.94	6	94
3611	0.94	6	94
3612	0.94	6	94
3613	0.94	6	94
3614	0.94	6	94
3615	0.94	6	94
3616	0.94	6	94
3617	0.94	6	94
3618	0.94	6	94
3619	0.94	6	94
3620	0.94	6	94
3621	0.95	5	95
3622	0.95	5	95
3623	0.95	5	95
3624	0.95	5	95
3625	0.95	5	95
3626	0.95	5	95
3627	0.95	5	95
3628	0.95	5	95
3629	0.94	6	94
3630	0.94	6	94
3631	0.95	5	95
3632	0.95	5	95
3633	0.95	5	95
3634	0.95	5	95
3635	0.95	5	95
3636	0.95	5	95
3637	0.95	5	95
3638	0.95	5	95
3639	0.95	5	95
3640	0.95	5	95
3641	0.95	5	95
3642	0.95	5	95
3643	0.95	5	95
3644	0.96	4	96
3645	0.96	4	96
3646	0.96	4	96
3647	0.96	4	96
3648	0.96	4	96
3649	0.96	4	96
3650	0.95	5	95
3651	0.95	5	95
3652	0.95	5	95
3653	0.95	5	95
3654	0.95	5	95
3655	0.95	5	95
3656	0.95	5	95
3657	0.95	5	95
3658	0.95	5	95
3659	0.95	5	95
3660	0.95	5	95
3661	0.95	5	95
3662	0.95	5	95
3663	0.95	5	95
3664	0.95	5	95
3665	0.95	5	95
3666	0.95	5	95
3667	0.95	5	95
3668	0.95	5	95
3669	0.95	5	95
3670	0.95	5	95
3671	0.94	6	94
3672	0.94	6	94
3673	0.94	6	94
3674	0.94	6	94
3675	0.94	6	94
3676	0.94	6	94
3677	0.94	6	94
3678	0.94	6	94
3679	0.94	6	94
3680	0.94	6	94
3681	0.94	6	94
3682	0.94	6	94
3683	0.94	6	94
3684	0.94	6	94
3685	0.94	6	94
3686	0.94	6	94
3687	0.94	6	94
3688	0.94	6	94
3689	0.94	6	94
3690	0.93	7	93
3691	0.93	7	93
3692	0.93	7	93
3693	0.93	7	93
3694	0.93	7	93
3695	0.93	7	93
3696	0.93	7	93
3697	0.93	7	93
3698	0.93	7	93
3699	0.94	6	94
3700	0.94	6	94
3701	0.94	6	94
3702	0.94	6	94
3703	0.94	6	94
3704	0.94	6	94
3705	0.94	6	94
3706	0.94	6	94
3707	0.94	6	94
3708	0.94	6	94
3709	0.94	6	94
3710	0.94	6	94
3711	0.94	6	94
3712	0.94	6	94
3713	0.93	7	93
3714	0.93	7	93
3715	0.93	7	93
3716	0.93	7	93
3717	0.93	7	93
3718	0.93	7	93
3719	0.93	7	93
3720	0.93	7	93
3721	0.93	7	93
3722	0.93	7	93
3723	0.93	7	93
3724	0.93	7	93
3725	0.93	7	93
3726	0.93	7	93
3727	0.93	7	93
3728	0.93	7	93
3729	0.94	6	94
3730	0.94	6	94
3731	0.94	6	94
3732	0.94	6	94
3733	0.94	6	94
3734	0.94	6	94
3735	0.94	6	94
3736	0.94	6	94
3737	0.94	6	94
3738	0.95	5	95
3739	0.95	5	95
3740	0.95	5	95
3741	0.95	5	95
3742	0.95	5	95
3743	0.95	5	95
3744	0.95	5	95
3745	0.95	5	95
3746	0.95	5	95
3747	0.95	5	95
3748	0.95	5	95
3749	0.95	5	95
3750	0.96	4	96
3751	0.96	4	96
3752	0.96	4	96
3753	0.96	4	96
3754	0.96	4	96
3755	0.96	4	96
3756	0.96	4	96
3757	0.96	4	96
3758	0.96	4	96
3759	0.96	4	96
3760	0.96	4	96
3761	0.96	4	96
3762	0.95	5	95
3763	0.95	5	95
3764	0.95	5	95
3765	0.95	5	95
3766	0.95	5	95
3767	0.95	5	95
3768	0.95	5	95
3769	0.95	5	95
3770	0.95	5	95
3771	0.96	4	96
3772	0.96	4	96
3773	0.96	4	96
3774	0.96	4	96
3775	0.96	4	96
3776	0.96	4	96
3777	0.96	4	96
3778	0.96	4	96
3779	0.96	4	96
3780	0.96	4	96
3781	0.97	3	97
3782	0.97	3	97
3783	0.97	3	97
3784	0.97	3	97
3785	0.97	3	97
3786	0.97	3	97
3787	0.97	3	97
3788	0.97	3	97
3789	0.97	3	97
3790	0.98	2	98
3791	0.98	2	98
3792	0.98	2	98
3793	0.98	2	98
3794	0.98	2	98
3795	0.97	3	97
3796	0.97	3	97
3797	0.97	3	97
3798	0.97	3	97
3799	0.97	3	97
3800	0.97	3	97
3801	0.96	4	96
3802	0.96	4	96
3803	0.96	4	96
3804	0.96	4	96
3805	0.95	5	95
3806	0.94	6	94
3807	0.94	6	94
3808	0.94	6	94
3809	0.94	6	94
3810	0.94	6	94
3811	0.94	6	94
3812	0.93	7	93
3813	0.94	6	94
3814	0.94	6	94
3815	0.94	6	94
3816	0.94	6	94
3817	0.94	6	94
3818	0.94	6	94
3819	0.94	6	94
3820	0.94	6	94
3821	0.94	6	94
3822	0.94	6	94
3823	0.94	6	94
3824	0.94	6	94
3825	0.94	6	94
3826	0.94	6	94
3827	0.94	6	94
3828	0.94	6	94
3829	0.94	6	94
3830	0.94	6	94
3831	0.94	6	94
3832	0.94	6	94
3833	0.94	6	94
3834	0.94	6	94
3835	0.94	6	94
3836	0.94	6	94
3837	0.94	6	94
3838	0.94	6	94
3839	0.94	6	94
3840	0.94	6	94
3841	0.94	6	94
3842	0.94	6	94
3843	0.94	6	94
3844	0.94	6	94
3845	0.94	6	94
3846	0.94	6	94
3847	0.93	7	93
3848	0.93	7	93
3849	0.93	7	93
3850	0.93	7	93
3851	0.92	8	92
3852	0.92	8	92
3853	0.92	8	92
3854	0.92	8	92
3855	0.92	8	92
3856	0.92	8	92
3857	0.92	8	92
3858	0.92	8	92
3859	0.92	8	92
3860	0.92	8	92
3861	0.92	8	92
3862	0.93	7	93
3863	0.93	7	93
3864	0.93	7	93
3865	0.93	7	93
3866	0.93	7	93
3867	0.93	7	93
3868	0.93	7	93
3869	0.93	7	93
3870	0.93	7	93
3871	0.93	7	93
3872	0.93	7	93
3873	0.93	7	93
3874	0.93	7	93
3875	0.93	7	93
3876	0.93	7	93
3877	0.93	7	93
3878	0.93	7	93
3879	0.93	7	93
3880	0.93	7	93
3881	0.93	7	93
3882	0.93	7	93
3883	0.93	7	93
3884	0.93	7	93
3885	0.93	7	93
3886	0.93	7	93
3887	0.93	7	93
3888	0.93	7	93
3889	0.93	7	93
3890	0.93	7	93
3891	0.92	8	92
3892	0.92	8	92
3893	0.92	8	92
3894	0.92	8	92
3895	0.93	7	93
3896	0.93	7	93
3897	0.93	7	93
3898	0.93	7	93
3899	0.92	8	92
3900	0.92	8	92
3901	0.93	7	93
3902	0.93	7	93
3903	0.93	7	93
3904	0.93	7	93
3905	0.94	6	94
3906	0.95	5	95
3907	0.95	5	95
3908	0.95	5	95
3909	0.95	5	95
3910	0.95	5	95
3911	0.95	5	95
3912	0.96	4	96
3913	0.96	4	96
3914	0.96	4	96
3915	0.96	4	96
3916	0.96	4	96
3917	0.96	4	96
3918	0.95	5	95
3919	0.95	5	95
3920	0.95	5	95
3921	0.95	5	95
3922	0.95	5	95
3923	0.95	5	95
3924	0.95	5	95
3925	0.94	6	94
3926	0.94	6	94
3927	0.94	6	94
3928	0.94	6	94
3929	0.94	6	94
3930	0.94	6	94
3931	0.94	6	94
3932	0.94	6	94
3933	0.94	6	94
3934	0.93	7	93
3935	0.93	7	93
3936	0.93	7	93
3937	0.93	7	93
3938	0.93	7	93
3939	0.93	7	93
3940	0.93	7	93
3941	0.93	7	93
3942	0.93	7	93
3943	0.93	7	93
3944	0.92	8	92
3945	0.92	8	92
3946	0.92	8	92
3947	0.93	7	93
3948	0.93	7	93
3949	0.93	7	93
3950	0.92	8	92
3951	0.93	7	93
3952	0.93	7	93
3953	0.93	7	93
3954	0.93	7	93
3955	0.93	7	93
3956	0.93	7	93
3957	0.93	7	93
3958	0.93	7	93
3959	0.92	8	92
3960	0.92	8	92
3961	0.92	8	92
3962	0.92	8	92
3963	0.92	8	92
3964	0.92	8	92
3965	0.92	8	92
3966	0.92	8	92
3967	0.91	9	91
3968	0.91	9	91
3969	0.91	9	91
3970	0.91	9	91
3971	0.91	9	91
3972	0.91	9	91
3973	0.91	9	91
3974	0.91	9	91
3975	0.90	10	90
3976	0.89	11	89
3977	0.89	11	89
3978	0.88	12	88
3979	0.88	12	88
3980	0.88	12	88
3981	0.87	13	87
3982	0.86	14	86
3983	0.86	14	86
3984	0.86	14	86
3985	0.86	14	86
3986	0.86	14	86
3987	0.86	14	86
3988	0.86	14	86
3989	0.86	14	86
3990	0.86	14	86
3991	0.87	13	87
3992	0.87	13	87
3993	0.87	13	87
3994	0.87	13	87
3995	0.87	13	87
3996	0.87	13	87
3997	0.87	13	87
3998	0.86	14	86
3999	0.87	13	87
4000	0.14	14	86
4001	0.14	14	86
4002	0.14	14	86
4003	0.14	14	86
4004	0.14	14	86
4005	0.14	14	86
4006	0.14	14	86
4007	0.14	14	86
4008	0.15	15	85
4009	0.15	15	85
4010	0.16	16	84
4011	0.16	16	84
4012	0.16	16	84
4013	0.17	17	83
4014	0.17	17	83
4015	0.18	18	82
4016	0.18	18	82
4017	0.19	19	81
4018	0.19	19	81
4019	0.20	20	80
4020	0.20	20	80
4021	0.20	20	80
4022	0.21	21	79
4023	0.21	21	79
4024	0.21	21	79
4025	0.20	20	80
4026	0.20	20	80
4027	0.21	21	79
4028	0.21	21	79
4029	0.21	21	79
4030	0.22	22	78
4031	0.22	22	78
4032	0.22	22	78
4033	0.22	22	78
4034	0.21	21	79
4035	0.22	22	78
4036	0.22	22	78
4037	0.23	23	77
4038	0.24	24	76
4039	0.24	24	76
4040	0.25	25	75
4041	0.26	26	74
4042	0.26	26	74
4043	0.27	27	73
4044	0.27	27	73
4045	0.28	28	72
4046	0.29	29	71
4047	0.29	29	71
4048	0.29	29	71
4049	0.29	29	71
4050	0.28	28	72
4051	0.28	28	72
4052	0.28	28	72
4053	0.28	28	72
4054	0.28	28	72
4055	0.29	29	71
4056	0.29	29	71
4057	0.29	29	71
4058	0.30	30	70
4059	0.30	30	70
4060	0.31	31	69
4061	0.32	32	68
4062	0.33	33	67
4063	0.34	34	66
4064	0.35	35	65
4065	0.35	35	65
4066	0.36	36	64
4067	0.35	35	65
4068	0.35	35	65
4069	0.35	35	65
4070	0.35	35	65
4071	0.35	35	65
4072	0.35	35	65
4073	0.35	35	65
4074	0.35	35	65
4075	0.35	35	65
4076	0.34	34	66
4077	0.35	35	65
4078	0.34	34	66
4079	0.34	34	66
4080	0.34	34	66
4081	0.33	33	67
4082	0.33	33	67
4083	0.33	33	67
4084	0.33	33	67
4085	0.34	34	66
4086	0.34	34	66
4087	0.35	35	65
4088	0.36	36	64
4089	0.37	37	63
4090	0.38	38	62
4091	0.39	39	61
4092	0.39	39	61
4093	0.40	40	60
4094	0.40	40	60
4095	0.41	41	59
4096	0.42	42	58
4097	0.43	43	57
4098	0.43	43	57
4099	0.44	44	56
4100	0.44	44	56
4101	0.44	44	56
4102	0.44	44	56
4103	0.44	44	56
4104	0.45	45	55
4105	0.45	45	55
4106	0.46	46	54
4107	0.47	47	53
4108	0.47	47	53
4109	0.48	48	52
4110	0.48	48	52
4111	0.49	49	51
4112	0.50	50	50
4113	0.50	50	50
4114	0.51	51	49
4115	0.51	51	49
4116	0.52	52	48
4117	0.52	52	48
4118	0.52	52	48
4119	0.52	52	48
4120	0.53	53	47
4121	0.54	54	46
4122	0.54	54	46
4123	0.55	55	45
4124	0.56	56	44
4125	0.57	57	43
4126	0.57	57	43
4127	0.57	57	43
4128	0.58	58	42
4129	0.59	59	41
4130	0.59	59	41
4131	0.60	60	40
4132	0.61	61	39
4133	0.62	62	38
4134	0.63	63	37
4135	0.63	63	37
4136	0.64	64	36
4137	0.64	64	36
4138	0.64	64	36
4139	0.65	65	35
4140	0.65	65	35
4141	0.65	65	35
4142	0.66	66	34
4143	0.66	66	34
4144	0.66	66	34
4145	0.66	66	34
4146	0.66	66	34
4147	0.67	67	33
4148	0.68	68	32
4149	0.69	69	31
4150	0.70	70	30
4151	0.71	71	29
4152	0.72	72	28
4153	0.73	73	27
4154	0.74	74	26
4155	0.74	74	26
4156	0.74	74	26
4157	0.74	74	26
4158	0.73	73	27
4159	0.73	73	27
4160	0.72	72	28
4161	0.72	72	28
4162	0.71	71	29
4163	0.71	71	29
4164	0.70	70	30
4165	0.71	71	29
4166	0.71	71	29
4167	0.72	72	28
4168	0.73	73	27
4169	0.73	73	27
4170	0.73	73	27
4171	0.74	74	26
4172	0.75	75	25
4173	0.76	76	24
4174	0.77	77	23
4175	0.77	77	23
4176	0.78	78	22
4177	0.78	78	22
4178	0.79	79	21
4179	0.80	80	20
4180	0.81	81	19
4181	0.82	82	18
4182	0.82	82	18
4183	0.83	83	17
4184	0.84	84	16
4185	0.84	84	16
4186	0.85	85	15
4187	0.85	85	15
4188	0.85	85	15
4189	0.85	85	15
4190	0.85	85	15
4191	0.85	85	15
4192	0.86	86	14
4193	0.86	86	14
4194	0.87	87	13
4195	0.86	86	14
4196	0.86	86	14
4197	0.86	86	14
4198	0.86	86	14
4199	0.86	86	14
4200	0.86	86	14
4201	0.87	87	13
4202	0.88	88	12
4203	0.89	89	11
4204	0.88	88	12
4205	0.89	89	11
4206	0.89	89	11
4207	0.89	89	11
4208	0.89	89	11
4209	0.89	89	11
4210	0.89	89	11
4211	0.89	89	11
4212	0.89	89	11
4213	0.89	89	11
4214	0.89	89	11
4215	0.89	89	11
4216	0.89	89	11
4217	0.89	89	11
4218	0.89	89	11
4219	0.89	89	11
4220	0.89	89	11
4221	0.89	89	11
4222	0.89	89	11
4223	0.89	89	11
4224	0.89	89	11
4225	0.89	89	11
4226	0.90	90	10
4227	0.90	90	10
4228	0.90	90	10
4229	0.89	89	11
4230	0.88	88	12
4231	0.88	88	12
4232	0.88	88	12
4233	0.88	88	12
4234	0.88	88	12
4235	0.87	87	13
4236	0.87	87	13
4237	0.87	87	13
4238	0.87	87	13
4239	0.86	86	14
4240	0.85	85	15
4241	0.85	85	15
4242	0.85	85	15
4243	0.85	85	15
4244	0.85	85	15
4245	0.85	85	15
4246	0.85	85	15
4247	0.85	85	15
4248	0.85	85	15
4249	0.85	85	15
4250	0.84	84	16
4251	0.84	84	16
4252	0.84	84	16
4253	0.84	84	16
4254	0.83	83	17
4255	0.83	83	17
4256	0.84	84	16
4257	0.85	85	15
4258	0.86	86	14
4259	0.86	86	14
4260	0.87	87	13
4261	0.87	87	13
4262	0.88	88	12
4263	0.88	88	12
4264	0.89	89	11
4265	0.89	89	11
4266	0.89	89	11
4267	0.89	89	11
4268	0.89	89	11
4269	0.90	90	10
4270	0.91	91	9
4271	0.91	91	9
4272	0.90	90	10
4273	0.89	89	11
4274	0.89	89	11
4275	0.89	89	11
4276	0.89	89	11
4277	0.89	89	11
4278	0.89	89	11
4279	0.88	88	12
4280	0.87	87	13
4281	0.87	87	13
4282	0.87	87	13
4283	0.87	87	13
4284	0.87	87	13
4285	0.87	87	13
4286	0.87	87	13
4287	0.87	87	13
4288	0.87	87	13
4289	0.87	87	13
4290	0.87	87	13
4291	0.87	87	13
4292	0.87	87	13
4293	0.86	86	14
4294	0.86	86	14
4295	0.87	87	13
4296	0.87	87	13
4297	0.87	87	13
4298	0.87	87	13
4299	0.87	87	13
4300	0.87	87	13
4301	0.87	87	13
4302	0.87	87	13
4303	0.87	87	13
4304	0.88	88	12
4305	0.87	87	13
4306	0.87	87	13
4307	0.86	86	14
4308	0.86	86	14
4309	0.86	86	14
4310	0.86	86	14
4311	0.86	86	14
4312	0.86	86	14
4313	0.86	86	14
4314	0.86	86	14
4315	0.86	86	14
4316	0.86	86	14
4317	0.86	86	14
4318	0.86	86	14
4319	0.86	86	14
4320	0.85	85	15
4321	0.85	85	15
4322	0.85	85	15
4323	0.85	85	15
4324	0.85	85	15
4325	0.85	85	15
4326	0.85	85	15
4327	0.85	85	15
4328	0.85	85	15
4329	0.86	86	14
4330	0.87	87	13
4331	0.87	87	13
4332	0.87	87	13
4333	0.87	87	13
4334	0.87	87	13
4335	0.88	88	12
4336	0.88	88	12
4337	0.88	88	12
4338	0.88	88	12
4339	0.89	89	11
4340	0.90	90	10
4341	0.90	90	10
4342	0.90	90	10
4343	0.90	90	10
4344	0.90	90	10
4345	0.90	90	10
4346	0.90	90	10
4347	0.90	90	10
4348	0.90	90	10
4349	0.90	90	10
4350	0.91	91	9
4351	0.91	91	9
4352	0.91	91	9
4353	0.91	91	9
4354	0.92	92	8
4355	0.91	91	9
4356	0.91	91	9
4357	0.91	91	9
4358	0.91	91	9
4359	0.91	91	9
4360	0.91	91	9
4361	0.91	91	9
4362	0.91	91	9
4363	0.91	91	9
4364	0.91	91	9
4365	0.91	91	9
4366	0.91	91	9
4367	0.91	91	9
4368	0.91	91	9
4369	0.90	90	10
4370	0.90	90	10
4371	0.90	90	10
4372	0.91	91	9
4373	0.92	92	8
4374	0.92	92	8
4375	0.92	92	8
4376	0.92	92	8
4377	0.92	92	8
4378	0.92	92	8
4379	0.93	93	7
4380	0.94	94	6
4381	0.94	94	6
4382	0.94	94	6
4383	0.94	94	6
4384	0.94	94	6
4385	0.94	94	6
4386	0.94	94	6
4387	0.94	94	6
4388	0.94	94	6
4389	0.94	94	6
4390	0.94	94	6
4391	0.94	94	6
4392	0.94	94	6
4393	0.95	95	5
4394	0.95	95	5
4395	0.95	95	5
4396	0.95	95	5
4397	0.95	95	5
4398	0.95	95	5
4399	0.95	95	5
4400	0.95	95	5
4401	0.95	95	5
4402	0.95	95	5
4403	0.95	95	5
4404	0.95	95	5
4405	0.96	96	4
4406	0.96	96	4
4407	0.97	97	3
4408	0.97	97	3
4409	0.96	96	4
4410	0.96	96	4
4411	0.96	96	4
4412	0.96	96	4
4413	0.96	96	4
4414	0.96	96	4
4415	0.96	96	4
4416	0.96	96	4
4417	0.96	96	4
4418	0.96	96	4
4419	0.96	96	4
4420	0.97	97	3
4421	0.97	97	3
4422	0.97	97	3
4423	0.97	97	3
4424	0.97	97	3
4425	0.97	97	3
4426	0.97	97	3
4427	0.97	97	3
4428	0.97	97	3
4429	0.97	97	3
4430	0.97	97	3
4431	0.97	97	3
4432	0.97	97	3
4433	0.97	97	3
4434	0.97	97	3
4435	0.97	97	3
4436	0.97	97	3
4437	0.97	97	3
4438	0.97	97	3
4439	0.97	97	3
4440	0.97	97	3
4441	0.97	97	3
4442	0.97	97	3
4443	0.97	97	3
4444	0.97	97	3
4445	0.97	97	3
4446	0.97	97	3
4447	0.97	97	3
4448	0.97	97	3
4449	0.97	97	3
4450	0.97	97	3
4451	0.97	97	3
4452	0.97	97	3
4453	0.97	97	3
4454	0.97	97	3
4455	0.98	98	2
4456	0.98	98	2
4457	0.98	98	2
4458	0.98	98	2
4459	0.98	98	2
4460	0.98	98	2
4461	0.98	98	2
4462	0.98	98	2
4463	0.98	98	2
4464	0.98	98	2
4465	0.98	98	2
4466	0.98	98	2
4467	0.98	98	2
4468	0.98	98	2
4469	0.99	99	1
4470	0.99	99	1
4471	0.99	99	1
4472	0.99	99	1
4473	0.99	99	1
4474	0.99	99	1
4475	0.99	99	1
4476	0.99	99	1
4477	0.99	99	1
4478	0.99	99	1
4479	0.99	99	1
4480	0.99	99	1
4481	0.99	99	1
4482	0.99	99	1
4483	0.99	99	1
4484	0.99	99	1
4485	0.99	99	1
4486	0.99	99	1
4487	0.99	99	1
4488	0.99	99	1
4489	0.99	99	1
4490	0.99	99	1
4491	0.99	99	1
4492	0.99	99	1
4493	0.99	99	1
4494	0.99	99	1
4495	0.99	99	1
4496	0.99	99	1
4497	0.99	99	1
4498	0.99	99	1
4499	0.99	99	1
4500	0.99	99	1
4501	0.99	99	1
4502	0.99	99	1
4503	0.99	99	1
4504	0.99	99	1
4505	0.98	98	2
4506	0.98	98	2
4507	0.98	98	2
4508	0.98	98	2
4509	0.99	99	1
4510	0.99	99	1
4511	0.99	99	1
4512	0.99	99	1
4513	0.99	99	1
4514	0.99	99	1
4515	0.99	99	1
4516	0.99	99	1
4517	0.99	99	1
4518	0.99	99	1
4519	0.99	99	1
4520	0.99	99	1
4521	0.99	99	1
4522	0.99	99	1
4523	0.99	99	1
4524	0.98	98	2
4525	0.98	98	2
4526	0.98	98	2
4527	0.98	98	2
4528	0.98	98	2
4529	0.98	98	2
4530	0.98	98	2
4531	0.98	98	2
4532	0.98	98	2
4533	0.98	98	2
4534	0.98	98	2
4535	0.98	98	2
4536	0.98	98	2
4537	0.98	98	2
4538	0.98	98	2
4539	0.98	98	2
4540	0.98	98	2
4541	0.98	98	2
4542	0.98	98	2
4543	0.98	98	2
4544	0.98	98	2
4545	0.98	98	2
4546	0.98	98	2
4547	0.98	98	2
4548	0.98	98	2
4549	0.98	98	2
4550	0.98	98	2
4551	0.98	98	2
4552	0.98	98	2
4553	0.98	98	2
4554	0.98	98	2
4555	0.98	98	2
4556	0.98	98	2
4557	0.98	98	2
4558	0.98	98	2
4559	0.98	98	2
4560	0.98	98	2
4561	0.98	98	2
4562	0.98	98	2
4563	0.98	98	2
4564	0.97	97	3
4565	0.97	97	3
4566	0.97	97	3
4567	0.97	97	3
4568	0.97	97	3
4569	0.97	97	3
4570	0.96	96	4
4571	0.96	96	4
4572	0.96	96	4
4573	0.96	96	4
4574	0.96	96	4
4575	0.96	96	4
4576	0.96	96	4
4577	0.96	96	4
4578	0.96	96	4
4579	0.96	96	4
4580	0.96	96	4
4581	0.95	95	5
4582	0.95	95	5
4583	0.95	95	5
4584	0.95	95	5
4585	0.95	95	5
4586	0.95	95	5
4587	0.95	95	5
4588	0.95	95	5
4589	0.94	94	6
4590	0.94	94	6
4591	0.94	94	6
4592	0.94	94	6
4593	0.94	94	6
4594	0.94	94	6
4595	0.94	94	6
4596	0.94	94	6
4597	0.94	94	6
4598	0.94	94	6
4599	0.94	94	6
4600	0.93	93	7
4601	0.93	93	7
4602	0.93	93	7
4603	0.93	93	7
4604	0.93	93	7
4605	0.94	94	6
4606	0.94	94	6
4607	0.94	94	6
4608	0.94	94	6
4609	0.94	94	6
4610	0.94	94	6
4611	0.94	94	6
4612	0.94	94	6
4613	0.93	93	7
4614	0.93	93	7
4615	0.93	93	7
4616	0.93	93	7
4617	0.93	93	7
4618	0.93	93	7
4619	0.93	93	7
4620	0.93	93	7
4621	0.93	93	7
4622	0.93	93	7
4623	0.93	93	7
4624	0.94	94	6
4625	0.94	94	6
4626	0.94	94	6
4627	0.93	93	7
4628	0.93	93	7
4629	0.93	93	7
4630	0.93	93	7
4631	0.93	93	7
4632	0.93	93	7
4633	0.93	93	7
4634	0.93	93	7
4635	0.93	93	7
4636	0.93	93	7
4637	0.93	93	7
4638	0.93	93	7
4639	0.93	93	7
4640	0.93	93	7
4641	0.93	93	7
4642	0.93	93	7
4643	0.93	93	7
4644	0.93	93	7
4645	0.93	93	7
4646	0.93	93	7
4647	0.93	93	7
4648	0.93	93	7
4649	0.93	93	7
4650	0.93	93	7
4651	0.92	92	8
4652	0.92	92	8
4653	0.92	92	8
4654	0.92	92	8
4655	0.92	92	8
4656	0.92	92	8
4657	0.92	92	8
4658	0.92	92	8
4659	0.92	92	8
4660	0.92	92	8
4661	0.92	92	8
4662	0.92	92	8
4663	0.92	92	8
4664	0.93	93	7
4665	0.93	93	7
4666	0.93	93	7
4667	0.93	93	7
4668	0.93	93	7
4669	0.93	93	7
4670	0.94	94	6
4671	0.94	94	6
4672	0.94	94	6
4673	0.94	94	6
4674	0.94	94	6
4675	0.94	94	6
4676	0.94	94	6
4677	0.94	94	6
4678	0.94	94	6
4679	0.94	94	6
4680	0.94	94	6
4681	0.95	95	5
4682	0.95	95	5
4683	0.95	95	5
4684	0.95	95	5
4685	0.95	95	5
4686	0.95	95	5
4687	0.95	95	5
4688	0.95	95	5
4689	0.96	96	4
4690	0.96	96	4
4691	0.95	95	5
4692	0.95	95	5
4693	0.95	95	5
4694	0.95	95	5
4695	0.95	95	5
4696	0.95	95	5
4697	0.95	95	5
4698	0.95	95	5
4699	0.95	95	5
4700	0.96	96	4
4701	0.96	96	4
4702	0.96	96	4
4703	0.96	96	4
4704	0.96	96	4
4705	0.96	96	4
4706	0.96	96	4
4707	0.96	96	4
4708	0.96	96	4
4709	0.96	96	4
4710	0.96	96	4
4711	0.96	96	4
4712	0.96	96	4
4713	0.97	97	3
4714	0.96	96	4
4715	0.96	96	4
4716	0.96	96	4
4717	0.96	96	4
4718	0.96	96	4
4719	0.96	96	4
4720	0.96	96	4
4721	0.96	96	4
4722	0.96	96	4
4723	0.96	96	4
4724	0.96	96	4
4725	0.96	96	4
4726	0.96	96	4
4727	0.97	97	3
4728	0.97	97	3
4729	0.97	97	3
4730	0.96	96	4
4731	0.96	96	4
4732	0.96	96	4
4733	0.96	96	4
4734	0.96	96	4
4735	0.96	96	4
4736	0.96	96	4
4737	0.96	96	4
4738	0.96	96	4
4739	0.96	96	4
4740	0.96	96	4
4741	0.96	96	4
4742	0.96	96	4
4743	0.95	95	5
4744	0.95	95	5
4745	0.95	95	5
4746	0.95	95	5
4747	0.95	95	5
4748	0.95	95	5
4749	0.95	95	5
4750	0.95	95	5
4751	0.96	96	4
4752	0.96	96	4
4753	0.96	96	4
4754	0.96	96	4
4755	0.96	96	4
4756	0.96	96	4
4757	0.96	96	4
4758	0.96	96	4
4759	0.96	96	4
4760	0.96	96	4
4761	0.96	96	4
4762	0.95	95	5
4763	0.95	95	5
4764	0.95	95	5
4765	0.95	95	5
4766	0.94	94	6
4767	0.94	94	6
4768	0.94	94	6
4769	0.94	94	6
4770	0.94	94	6
4771	0.94	94	6
4772	0.94	94	6
4773	0.94	94	6
4774	0.94	94	6
4775	0.94	94	6
4776	0.94	94	6
4777	0.94	94	6
4778	0.94	94	6
4779	0.94	94	6
4780	0.94	94	6
4781	0.94	94	6
4782	0.94	94	6
4783	0.94	94	6
4784	0.94	94	6
4785	0.94	94	6
4786	0.94	94	6
4787	0.94	94	6
4788	0.94	94	6
4789	0.94	94	6
4790	0.94	94	6
4791	0.95	95	5
4792	0.95	95	5
4793	0.95	95	5
4794	0.95	95	5
4795	0.95	95	5
4796	0.95	95	5
4797	0.95	95	5
4798	0.95	95	5
4799	0.95	95	5
4800	0.95	95	5
4801	0.95	95	5
4802	0.95	95	5
4803	0.95	95	5
4804	0.95	95	5
4805	0.95	95	5
4806	0.95	95	5
4807	0.95	95	5
4808	0.95	95	5
4809	0.95	95	5
4810	0.95	95	5
4811	0.95	95	5
4812	0.95	95	5
4813	0.95	95	5
4814	0.96	96	4
4815	0.96	96	4
4816	0.96	96	4
4817	0.96	96	4
4818	0.96	96	4
4819	0.96	96	4
4820	0.96	96	4
4821	0.96	96	4
4822	0.96	96	4
4823	0.96	96	4
4824	0.96	96	4
4825	0.96	96	4
4826	0.96	96	4
4827	0.96	96	4
4828	0.96	96	4
4829	0.96	96	4
4830	0.97	97	3
4831	0.97	97	3
4832	0.97	97	3
4833	0.97	97	3
4834	0.97	97	3
4835	0.97	97	3
4836	0.97	97	3
4837	0.97	97	3
4838	0.97	97	3
4839	0.97	97	3
4840	0.97	97	3
4841	0.97	97	3
4842	0.97	97	3
4843	0.98	98	2
4844	0.98	98	2
4845	0.98	98	2
4846	0.98	98	2
4847	0.98	98	2
4848	0.98	98	2
4849	0.97	97	3
4850	0.97	97	3
4851	0.97	97	3
4852	0.97	97	3
4853	0.97	97	3
4854	0.97	97	3
4855	0.97	97	3
4856	0.97	97	3
4857	0.97	97	3
4858	0.97	97	3
4859	0.97	97	3
4860	0.97	97	3
4861	0.97	97	3
4862	0.98	98	2
4863	0.98	98	2
4864	0.98	98	2
4865	0.98	98	2
4866	0.99	99	1
4867	0.99	99	1
4868	0.98	98	2
4869	0.97	97	3
4870	0.97	97	3
4871	0.97	97	3
4872	0.97	97	3
4873	0.97	97	3
4874	0.97	97	3
4875	0.97	97	3
4876	0.97	97	3
4877	0.96	96	4
4878	0.96	96	4
4879	0.96	96	4
4880	0.96	96	4
4881	0.96	96	4
4882	0.96	96	4
4883	0.96	96	4
4884	0.95	95	5
4885	0.94	94	6
4886	0.94	94	6
4887	0.94	94	6
4888	0.94	94	6
4889	0.94	94	6
4890	0.93	93	7
4891	0.93	93	7
4892	0.92	92	8
4893	0.92	92	8
4894	0.92	92	8
4895	0.92	92	8
4896	0.92	92	8
4897	0.92	92	8
4898	0.92	92	8
4899	0.92	92	8
4900	0.92	92	8
4901	0.92	92	8
4902	0.92	92	8
4903	0.92	92	8
4904	0.92	92	8
4905	0.91	91	9
4906	0.91	91	9
4907	0.91	91	9
4908	0.91	91	9
4909	0.91	91	9
4910	0.91	91	9
4911	0.91	91	9
4912	0.91	91	9
4913	0.91	91	9
4914	0.91	91	9
4915	0.91	91	9
4916	0.91	91	9
4917	0.91	91	9
4918	0.91	91	9
4919	0.91	91	9
4920	0.91	91	9
4921	0.91	91	9
4922	0.91	91	9
4923	0.91	91	9
4924	0.91	91	9
4925	0.91	91	9
4926	0.91	91	9
4927	0.91	91	9
4928	0.91	91	9
4929	0.91	91	9
4930	0.91	91	9
4931	0.91	91	9
4932	0.91	91	9
4933	0.91	91	9
4934	0.91	91	9
4935	0.91	91	9
4936	0.91	91	9
4937	0.91	91	9
4938	0.91	91	9
4939	0.91	91	9
4940	0.91	91	9
4941	0.91	91	9
4942	0.91	91	9
4943	0.91	91	9
4944	0.90	90	10
4945	0.90	90	10
4946	0.89	89	11
4947	0.89	89	11
4948	0.89	89	11
4949	0.90	90	10
4950	0.89	89	11
4951	0.89	89	11
4952	0.89	89	11
4953	0.89	89	11
4954	0.89	89	11
4955	0.89	89	11
4956	0.89	89	11
4957	0.88	88	12
4958	0.88	88	12
4959	0.88	88	12
4960	0.87	87	13
4961	0.87	87	13
4962	0.87	87	13
4963	0.87	87	13
4964	0.86	86	14
4965	0.86	86	14
4966	0.86	86	14
4967	0.86	86	14
4968	0.87	87	13
4969	0.88	88	12
4970	0.88	88	12
4971	0.88	88	12
4972	0.88	88	12
4973	0.88	88	12
4974	0.88	88	12
4975	0.88	88	12
4976	0.88	88	12
4977	0.89	89	11
4978	0.89	89	11
4979	0.89	89	11
4980	0.89	89	11
4981	0.88	88	12
4982	0.88	88	12
4983	0.88	88	12
4984	0.89	89	11
4985	0.90	90	10
4986	0.90	90	10
4987	0.90	90	10
4988	0.90	90	10
4989	0.90	90	10
4990	0.91	91	9
4991	0.91	91	9
4992	0.92	92	8
4993	0.92	92	8
4994	0.92	92	8
4995	0.92	92	8
4996	0.92	92	8
4997	0.92	92	8
4998	0.92	92	8
4999	0.92	92	8
5000	0.08	92	8
5001	0.08	92	8
5002	0.08	92	8
5003	0.08	92	8
5004	0.09	91	9
5005	0.09	91	9
5006	0.10	90	10
5007	0.10	90	10
5008	0.10	90	10
5009	0.11	89	11
5010	0.11	89	11
5011	0.12	88	12
5012	0.12	88	12
5013	0.12	88	12
5014	0.12	88	12
5015	0.12	88	12
5016	0.12	88	12
5017	0.13	87	13
5018	0.14	86	14
5019	0.14	86	14
5020	0.15	85	15
5021	0.16	84	16
5022	0.16	84	16
5023	0.16	84	16
5024	0.16	84	16
5025	0.16	84	16
5026	0.17	83	17
5027	0.17	83	17
5028	0.17	83	17
5029	0.18	82	18
5030	0.18	82	18
5031	0.19	81	19
5032	0.20	80	20
5033	0.21	79	21
5034	0.21	79	21
5035	0.21	79	21
5036	0.21	79	21
5037	0.22	78	22
5038	0.22	78	22
5039	0.23	77	23
5040	0.24	76	24
5041	0.24	76	24
5042	0.24	76	24
5043	0.25	75	25
5044	0.24	76	24
5045	0.25	75	25
5046	0.24	76	24
5047	0.25	75	25
5048	0.26	74	26
5049	0.27	73	27
5050	0.26	74	26
5051	0.27	73	27
5052	0.28	72	28
5053	0.29	71	29
5054	0.30	70	30
5055	0.30	70	30
5056	0.30	70	30
5057	0.29	71	29
5058	0.30	70	30
5059	0.30	70	30
5060	0.30	70	30
5061	0.31	69	31
5062	0.32	68	32
5063	0.32	68	32
5064	0.32	68	32
5065	0.32	68	32
5066	0.33	67	33
5067	0.34	66	34
5068	0.34	66	34
5069	0.34	66	34
5070	0.34	66	34
5071	0.34	66	34
5072	0.35	65	35
5073	0.35	65	35
5074	0.35	65	35
5075	0.36	64	36
5076	0.36	64	36
5077	0.37	63	37
5078	0.37	63	37
5079	0.37	63	37
5080	0.38	62	38
5081	0.38	62	38
5082	0.39	61	39
5083	0.40	60	40
5084	0.40	60	40
5085	0.41	59	41
5086	0.42	58	42
5087	0.43	57	43
5088	0.43	57	43
5089	0.44	56	44
5090	0.45	55	45
5091	0.46	54	46
5092	0.47	53	47
5093	0.48	52	48
5094	0.48	52	48
5095	0.49	51	49
5096	0.50	50	50
5097	0.51	49	51
5098	0.52	48	52
5099	0.53	47	53
5100	0.53	47	53
5101	0.53	47	53
5102	0.54	46	54
5103	0.55	45	55
5104	0.55	45	55
5105	0.55	45	55
5106	0.55	45	55
5107	0.56	44	56
5108	0.56	44	56
5109	0.56	44	56
5110	0.57	43	57
5111	0.56	44	56
5112	0.57	43	57
5113	0.58	42	58
5114	0.59	41	59
5115	0.60	40	60
5116	0.61	39	61
5117	0.61	39	61
5118	0.60	40	60
5119	0.61	39	61
5120	0.61	39	61
5121	0.61	39	61
5122	0.62	38	62
5123	0.62	38	62
5124	0.63	37	63
5125	0.64	36	64
5126	0.64	36	64
5127	0.65	35	65
5128	0.66	34	66
5129	0.66	34	66
5130	0.67	33	67
5131	0.67	33	67
5132	0.66	34	66
5133	0.66	34	66
5134	0.67	33	67
5135	0.68	32	68
5136	0.68	32	68
5137	0.68	32	68
5138	0.69	31	69
5139	0.69	31	69
5140	0.69	31	69
5141	0.70	30	70
5142	0.71	29	71
5143	0.71	29	71
5144	0.71	29	71
5145	0.71	29	71
5146	0.72	28	72
5147	0.72	28	72
5148	0.71	29	71
5149	0.71	29	71
5150	0.72	28	72
5151	0.72	28	72
5152	0.72	28	72
5153	0.72	28	72
5154	0.72	28	72
5155	0.73	27	73
5156	0.74	26	74
5157	0.75	25	75
5158	0.75	25	75
5159	0.76	24	76
5160	0.76	24	76
5161	0.76	24	76
5162	0.76	24	76
5163	0.77	23	77
5164	0.77	23	77
5165	0.78	22	78
5166	0.78	22	78
5167	0.78	22	78
5168	0.79	21	79
5169	0.80	20	80
5170	0.81	19	81
5171	0.82	18	82
5172	0.82	18	82
5173	0.83	17	83
5174	0.84	16	84
5175	0.84	16	84
5176	0.84	16	84
5177	0.84	16	84
5178	0.85	15	85
5179	0.86	14	86
5180	0.86	14	86
5181	0.86	14	86
5182	0.85	15	85
5183	0.85	15	85
5184	0.86	14	86
5185	0.86	14	86
5186	0.86	14	86
5187	0.85	15	85
5188	0.85	15	85
5189	0.85	15	85
5190	0.85	15	85
5191	0.85	15	85
5192	0.85	15	85
5193	0.85	15	85
5194	0.86	14	86
5195	0.86	14	86
5196	0.86	14	86
5197	0.86	14	86
5198	0.86	14	86
5199	0.86	14	86
5200	0.87	13	87
5201	0.88	12	88
5202	0.88	12	88
5203	0.88	12	88
5204	0.88	12	88
5205	0.88	12	88
5206	0.87	13	87
5207	0.87	13	87
5208	0.88	12	88
5209	0.88	12	88
5210	0.88	12	88
5211	0.89	11	89
5212	0.89	11	89
5213	0.89	11	89
5214	0.89	11	89
5215	0.89	11	89
5216	0.89	11	89
5217	0.88	12	88
5218	0.88	12	88
5219	0.88	12	88
5220	0.88	12	88
5221	0.88	12	88
5222	0.88	12	88
5223	0.89	11	89
5224	0.89	11	89
5225	0.89	11	89
5226	0.89	11	89
5227	0.89	11	89
5228	0.89	11	89
5229	0.89	11	89
5230	0.89	11	89
5231	0.89	11	89
5232	0.89	11	89
5233	0.89	11	89
5234	0.89	11	89
5235	0.89	11	89
5236	0.90	10	90
5237	0.90	10	90
5238	0.90	10	90
5239	0.90	10	90
5240	0.89	11	89
5241	0.89	11	89
5242	0.89	11	89
5243	0.89	11	89
5244	0.90	10	90
5245	0.90	10	90
5246	0.90	10	90
5247	0.90	10	90
5248	0.91	9	91
5249	0.91	9	91
5250	0.91	9	91
5251	0.91	9	91
5252	0.91	9	91
5253	0.91	9	91
5254	0.91	9	91
5255	0.91	9	91
5256	0.91	9	91
5257	0.91	9	91
5258	0.91	9	91
5259	0.91	9	91
5260	0.91	9	91
5261	0.91	9	91
5262	0.91	9	91
5263	0.91	9	91
5264	0.91	9	91
5265	0.90	10	90
5266	0.90	10	90
5267	0.89	11	89
5268	0.89	11	89
5269	0.89	11	89
5270	0.89	11	89
5271	0.88	12	88
5272	0.87	13	87
5273	0.87	13	87
5274	0.87	13	87
5275	0.87	13	87
5276	0.87	13	87
5277	0.87	13	87
5278	0.87	13	87
5279	0.87	13	87
5280	0.87	13	87
5281	0.86	14	86
5282	0.87	13	87
5283	0.87	13	87
5284	0.87	13	87
5285	0.87	13	87
5286	0.87	13	87
5287	0.88	12	88
5288	0.89	11	89
5289	0.89	11	89
5290	0.89	11	89
5291	0.89	11	89
5292	0.89	11	89
5293	0.88	12	88
5294	0.88	12	88
5295	0.87	13	87
5296	0.87	13	87
5297	0.87	13	87
5298	0.87	13	87
5299	0.87	13	87
5300	0.87	13	87
5301	0.87	13	87
5302	0.87	13	87
5303	0.87	13	87
5304	0.87	13	87
5305	0.87	13	87
5306	0.88	12	88
5307	0.88	12	88
5308	0.88	12	88
5309	0.88	12	88
5310	0.88	12	88
5311	0.88	12	88
5312	0.88	12	88
5313	0.88	12	88
5314	0.88	12	88
5315	0.88	12	88
5316	0.88	12	88
5317	0.89	11	89
5318	0.90	10	90
5319	0.90	10	90
5320	0.90	10	90
5321	0.90	10	90
5322	0.90	10	90
5323	0.90	10	90
5324	0.90	10	90
5325	0.90	10	90
5326	0.90	10	90
5327	0.89	11	89
5328	0.88	12	88
5329	0.88	12	88
5330	0.88	12	88
5331	0.88	12	88
5332	0.89	11	89
5333	0.89	11	89
5334	0.89	11	89
5335	0.89	11	89
5336	0.89	11	89
5337	0.89	11	89
5338	0.88	12	88
5339	0.88	12	88
5340	0.89	11	89
5341	0.89	11	89
5342	0.88	12	88
5343	0.88	12	88
5344	0.88	12	88
5345	0.88	12	88
5346	0.88	12	88
5347	0.88	12	88
5348	0.88	12	88
5349	0.88	12	88
5350	0.88	12	88
5351	0.88	12	88
5352	0.88	12	88
5353	0.88	12	88
5354	0.88	12	88
5355	0.88	12	88
5356	0.88	12	88
5357	0.88	12	88
5358	0.88	12	88
5359	0.88	12	88
5360	0.88	12	88
5361	0.88	12	88
5362	0.88	12	88
5363	0.88	12	88
5364	0.88	12	88
5365	0.89	11	89
5366	0.88	12	88
5367	0.88	12	88
5368	0.88	12	88
5369	0.88	12	88
5370	0.88	12	88
5371	0.89	11	89
5372	0.90	10	90
5373	0.89	11	89
5374	0.89	11	89
5375	0.89	11	89
5376	0.90	10	90
5377	0.90	10	90
5378	0.90	10	90
5379	0.90	10	90
5380	0.90	10	90
5381	0.91	9	91
5382	0.91	9	91
5383	0.90	10	90
5384	0.90	10	90
5385	0.89	11	89
5386	0.89	11	89
5387	0.88	12	88
5388	0.88	12	88
5389	0.88	12	88
5390	0.87	13	87
5391	0.87	13	87
5392	0.87	13	87
5393	0.88	12	88
5394	0.88	12	88
5395	0.89	11	89
5396	0.88	12	88
5397	0.88	12	88
5398	0.88	12	88
5399	0.88	12	88
5400	0.88	12	88
5401	0.88	12	88
5402	0.88	12	88
5403	0.88	12	88
5404	0.88	12	88
5405	0.88	12	88
5406	0.88	12	88
5407	0.88	12	88
5408	0.88	12	88
5409	0.88	12	88
5410	0.88	12	88
5411	0.88	12	88
5412	0.88	12	88
5413	0.88	12	88
5414	0.88	12	88
5415	0.88	12	88
5416	0.88	12	88
5417	0.88	12	88
5418	0.88	12	88
5419	0.88	12	88
5420	0.87	13	87
5421	0.87	13	87
5422	0.87	13	87
5423	0.87	13	87
5424	0.87	13	87
5425	0.87	13	87
5426	0.87	13	87
5427	0.88	12	88
5428	0.89	11	89
5429	0.89	11	89
5430	0.89	11	89
5431	0.89	11	89
5432	0.89	11	89
5433	0.89	11	89
5434	0.89	11	89
5435	0.89	11	89
5436	0.89	11	89
5437	0.89	11	89
5438	0.90	10	90
5439	0.90	10	90
5440	0.90	10	90
5441	0.90	10	90
5442	0.90	10	90
5443	0.90	10	90
5444	0.90	10	90
5445	0.90	10	90
5446	0.90	10	90
5447	0.90	10	90
5448	0.90	10	90
5449	0.90	10	90
5450	0.90	10	90
5451	0.90	10	90
5452	0.90	10	90
5453	0.90	10	90
5454	0.90	10	90
5455	0.90	10	90
5456	0.90	10	90
5457	0.90	10	90
5458	0.90	10	90
5459	0.90	10	90
5460	0.90	10	90
5461	0.90	10	90
5462	0.89	11	89
5463	0.89	11	89
5464	0.89	11	89
5465	0.89	11	89
5466	0.90	10	90
5467	0.91	9	91
5468	0.90	10	90
5469	0.90	10	90
5470	0.90	10	90
5471	0.90	10	90
5472	0.90	10	90
5473	0.91	9	91
5474	0.91	9	91
5475	0.91	9	91
5476	0.91	9	91
5477	0.91	9	91
5478	0.91	9	91
5479	0.91	9	91
5480	0.91	9	91
5481	0.91	9	91
5482	0.91	9	91
5483	0.92	8	92
5484	0.92	8	92
5485	0.93	7	93
5486	0.93	7	93
5487	0.94	6	94
5488	0.94	6	94
5489	0.94	6	94
5490	0.95	5	95
5491	0.95	5	95
5492	0.95	5	95
5493	0.95	5	95
5494	0.95	5	95
5495	0.95	5	95
5496	0.96	4	96
5497	0.96	4	96
5498	0.96	4	96
5499	0.96	4	96
5500	0.96	4	96
5501	0.96	4	96
5502	0.96	4	96
5503	0.96	4	96
5504	0.96	4	96
5505	0.96	4	96
5506	0.96	4	96
5507	0.96	4	96
5508	0.96	4	96
5509	0.96	4	96
5510	0.96	4	96
5511	0.96	4	96
5512	0.96	4	96
5513	0.96	4	96
5514	0.96	4	96
5515	0.96	4	96
5516	0.96	4	96
5517	0.96	4	96
5518	0.96	4	96
5519	0.96	4	96
5520	0.96	4	96
5521	0.96	4	96
5522	0.96	4	96
5523	0.96	4	96
5524	0.95	5	95
5525	0.95	5	95
5526	0.95	5	95
5527	0.95	5	95
5528	0.95	5	95
5529	0.95	5	95
5530	0.95	5	95
5531	0.95	5	95
5532	0.95	5	95
5533	0.95	5	95
5534	0.95	5	95
5535	0.95	5	95
5536	0.95	5	95
5537	0.95	5	95
5538	0.95	5	95
5539	0.95	5	95
5540	0.94	6	94
5541	0.94	6	94
5542	0.95	5	95
5543	0.95	5	95
5544	0.95	5	95
5545	0.95	5	95
5546	0.95	5	95
5547	0.95	5	95
5548	0.95	5	95
5549	0.94	6	94
5550	0.94	6	94
5551	0.94	6	94
5552	0.94	6	94
5553	0.94	6	94
5554	0.94	6	94
5555	0.93	7	93
5556	0.93	7	93
5557	0.93	7	93
5558	0.93	7	93
5559	0.93	7	93
5560	0.93	7	93
5561	0.93	7	93
5562	0.94	6	94
5563	0.94	6	94
5564	0.94	6	94
5565	0.94	6	94
5566	0.93	7	93
5567	0.92	8	92
5568	0.93	7	93
5569	0.93	7	93
5570	0.93	7	93
5571	0.93	7	93
5572	0.93	7	93
5573	0.93	7	93
5574	0.92	8	92
5575	0.92	8	92
5576	0.92	8	92
5577	0.92	8	92
5578	0.92	8	92
5579	0.92	8	92
5580	0.92	8	92
5581	0.92	8	92
5582	0.92	8	92
5583	0.92	8	92
5584	0.92	8	92
5585	0.92	8	92
5586	0.92	8	92
5587	0.92	8	92
5588	0.92	8	92
5589	0.92	8	92
5590	0.92	8	92
5591	0.92	8	92
5592	0.92	8	92
5593	0.92	8	92
5594	0.92	8	92
5595	0.92	8	92
5596	0.92	8	92
5597	0.91	9	91
5598	0.91	9	91
5599	0.91	9	91
5600	0.91	9	91
5601	0.91	9	91
5602	0.91	9	91
5603	0.91	9	91
5604	0.91	9	91
5605	0.91	9	91
5606	0.91	9	91
5607	0.91	9	91
5608	0.91	9	91
5609	0.91	9	91
5610	0.91	9	91
5611	0.91	9	91
5612	0.90	10	90
5613	0.90	10	90
5614	0.90	10	90
5615	0.90	10	90
5616	0.90	10	90
5617	0.90	10	90
5618	0.90	10	90
5619	0.90	10	90
5620	0.91	9	91
5621	0.91	9	91
5622	0.90	10	90
5623	0.90	10	90
5624	0.91	9	91
5625	0.91	9	91
5626	0.91	9	91
5627	0.91	9	91
5628	0.91	9	91
5629	0.91	9	91
5630	0.91	9	91
5631	0.91	9	91
5632	0.91	9	91
5633	0.91	9	91
5634	0.91	9	91
5635	0.91	9	91
5636	0.91	9	91
5637	0.91	9	91
5638	0.91	9	91
5639	0.91	9	91
5640	0.92	8	92
5641	0.92	8	92
5642	0.92	8	92
5643	0.92	8	92
5644	0.92	8	92
5645	0.92	8	92
5646	0.92	8	92
5647	0.92	8	92
5648	0.92	8	92
5649	0.93	7	93
5650	0.93	7	93
5651	0.92	8	92
5652	0.92	8	92
5653	0.92	8	92
5654	0.92	8	92
5655	0.92	8	92
5656	0.92	8	92
5657	0.92	8	92
5658	0.92	8	92
5659	0.92	8	92
5660	0.92	8	92
5661	0.92	8	92
5662	0.92	8	92
5663	0.92	8	92
5664	0.92	8	92
5665	0.92	8	92
5666	0.93	7	93
5667	0.94	6	94
5668	0.94	6	94
5669	0.94	6	94
5670	0.94	6	94
5671	0.94	6	94
5672	0.94	6	94
5673	0.94	6	94
5674	0.95	5	95
5675	0.95	5	95
5676	0.95	5	95
5677	0.95	5	95
5678	0.95	5	95
5679	0.95	5	95
5680	0.95	5	95
5681	0.94	6	94
5682	0.94	6	94
5683	0.94	6	94
5684	0.94	6	94
5685	0.94	6	94
5686	0.94	6	94
5687	0.94	6	94
5688	0.94	6	94
5689	0.94	6	94
5690	0.94	6	94
5691	0.94	6	94
5692	0.94	6	94
5693	0.94	6	94
5694	0.94	6	94
5695	0.94	6	94
5696	0.94	6	94
5697	0.95	5	95
5698	0.95	5	95
5699	0.95	5	95
5700	0.95	5	95
5701	0.95	5	95
5702	0.95	5	95
5703	0.95	5	95
5704	0.95	5	95
5705	0.95	5	95
5706	0.94	6	94
5707	0.94	6	94
5708	0.94	6	94
5709	0.94	6	94
5710	0.94	6	94
5711	0.94	6	94
5712	0.95	5	95
5713	0.95	5	95
5714	0.95	5	95
5715	0.95	5	95
5716	0.95	5	95
5717	0.95	5	95
5718	0.95	5	95
5719	0.95	5	95
5720	0.95	5	95
5721	0.95	5	95
5722	0.96	4	96
5723	0.96	4	96
5724	0.96	4	96
5725	0.96	4	96
5726	0.96	4	96
5727	0.96	4	96
5728	0.96	4	96
5729	0.96	4	96
5730	0.95	5	95
5731	0.95	5	95
5732	0.95	5	95
5733	0.95	5	95
5734	0.95	5	95
5735	0.95	5	95
5736	0.95	5	95
5737	0.95	5	95
5738	0.95	5	95
5739	0.95	5	95
5740	0.95	5	95
5741	0.95	5	95
5742	0.95	5	95
5743	0.95	5	95
5744	0.95	5	95
5745	0.95	5	95
5746	0.95	5	95
5747	0.95	5	95
5748	0.95	5	95
5749	0.95	5	95
5750	0.95	5	95
5751	0.96	4	96
5752	0.96	4	96
5753	0.96	4	96
5754	0.96	4	96
5755	0.97	3	97
5756	0.97	3	97
5757	0.97	3	97
5758	0.97	3	97
5759	0.97	3	97
5760	0.97	3	97
5761	0.97	3	97
5762	0.97	3	97
5763	0.97	3	97
5764	0.97	3	97
5765	0.97	3	97
5766	0.97	3	97
5767	0.97	3	97
5768	0.97	3	97
5769	0.97	3	97
5770	0.97	3	97
5771	0.97	3	97
5772	0.97	3	97
5773	0.97	3	97
5774	0.97	3	97
5775	0.97	3	97
5776	0.97	3	97
5777	0.97	3	97
5778	0.97	3	97
5779	0.97	3	97
5780	0.97	3	97
5781	0.98	2	98
5782	0.98	2	98
5783	0.98	2	98
5784	0.98	2	98
5785	0.98	2	98
5786	0.98	2	98
5787	0.98	2	98
5788	0.98	2	98
5789	0.98	2	98
5790	0.98	2	98
5791	0.98	2	98
5792	0.98	2	98
5793	0.98	2	98
5794	0.98	2	98
5795	0.98	2	98
5796	0.98	2	98
5797	0.98	2	98
5798	0.98	2	98
5799	0.98	2	98
5800	0.98	2	98
5801	0.98	2	98
5802	0.98	2	98
5803	0.98	2	98
5804	0.98	2	98
5805	0.98	2	98
5806	0.99	1	99
5807	0.99	1	99
5808	0.99	1	99
5809	0.99	1	99
5810	0.99	1	99
5811	0.99	1	99
5812	0.99	1	99
5813	0.99	1	99
5814	0.99	1	99
5815	0.99	1	99
5816	0.99	1	99
5817	0.99	1	99
5818	0.99	1	99
5819	0.99	1	99
5820	0.99	1	99
5821	0.99	1	99
5822	0.99	1	99
5823	0.99	1	99
5824	0.99	1	99
5825	0.99	1	99
5826	0.99	1	99
5827	0.99	1	99
5828	0.99	1	99
5829	0.99	1	99
5830	1.00	0	100
5831	1.00	0	100
5832	1.00	0	100
5833	1.00	0	100
5834	1.00	0	100
5835	1.00	0	100
5836	1.00	0	100
5837	1.00	0	100
5838	1.00	0	100
5839	1.00	0	100
5840	1.00	0	100
5841	1.00	0	100
5842	1.00	0	100
5843	0.99	1	99
5844	0.99	1	99
5845	0.99	1	99
5846	0.99	1	99
5847	0.99	1	99
5848	0.99	1	99
5849	0.99	1	99
5850	0.99	1	99
5851	0.99	1	99
5852	0.99	1	99
5853	0.99	1	99
5854	0.99	1	99
5855	0.99	1	99
5856	0.99	1	99
5857	0.99	1	99
5858	0.99	1	99
5859	0.99	1	99
5860	0.99	1	99
5861	0.99	1	99
5862	0.99	1	99
5863	0.99	1	99
5864	0.99	1	99
5865	0.99	1	99
5866	0.99	1	99
5867	0.99	1	99
5868	0.99	1	99
5869	0.99	1	99
5870	0.98	2	98
5871	0.98	2	98
5872	0.98	2	98
5873	0.98	2	98
5874	0.98	2	98
5875	0.98	2	98
5876	0.98	2	98
5877	0.98	2	98
5878	0.98	2	98
5879	0.98	2	98
5880	0.98	2	98
5881	0.97	3	97
5882	0.97	3	97
5883	0.97	3	97
5884	0.97	3	97
5885	0.97	3	97
5886	0.97	3	97
5887	0.97	3	97
5888	0.97	3	97
5889	0.97	3	97
5890	0.97	3	97
5891	0.97	3	97
5892	0.97	3	97
5893	0.97	3	97
5894	0.97	3	97
5895	0.97	3	97
5896	0.96	4	96
5897	0.96	4	96
5898	0.96	4	96
5899	0.96	4	96
5900	0.96	4	96
5901	0.95	5	95
5902	0.95	5	95
5903	0.95	5	95
5904	0.95	5	95
5905	0.95	5	95
5906	0.95	5	95
5907	0.95	5	95
5908	0.94	6	94
5909	0.94	6	94
5910	0.94	6	94
5911	0.94	6	94
5912	0.94	6	94
5913	0.94	6	94
5914	0.94	6	94
5915	0.94	6	94
5916	0.94	6	94
5917	0.94	6	94
5918	0.94	6	94
5919	0.94	6	94
5920	0.94	6	94
5921	0.94	6	94
5922	0.94	6	94
5923	0.94	6	94
5924	0.94	6	94
5925	0.94	6	94
5926	0.94	6	94
5927	0.94	6	94
5928	0.94	6	94
5929	0.94	6	94
5930	0.94	6	94
5931	0.94	6	94
5932	0.94	6	94
5933	0.94	6	94
5934	0.94	6	94
5935	0.94	6	94
5936	0.94	6	94
5937	0.94	6	94
5938	0.94	6	94
5939	0.94	6	94
5940	0.94	6	94
5941	0.94	6	94
5942	0.94	6	94
5943	0.95	5	95
5944	0.95	5	95
5945	0.95	5	95
5946	0.95	5	95
5947	0.95	5	95
5948	0.95	5	95
5949	0.95	5	95
5950	0.95	5	95
5951	0.95	5	95
5952	0.95	5	95
5953	0.95	5	95
5954	0.95	5	95
5955	0.95	5	95
5956	0.95	5	95
5957	0.94	6	94
5958	0.94	6	94
5959	0.94	6	94
5960	0.94	6	94
5961	0.94	6	94
5962	0.93	7	93
5963	0.93	7	93
5964	0.93	7	93
5965	0.93	7	93
5966	0.92	8	92
5967	0.92	8	92
5968	0.92	8	92
5969	0.92	8	92
5970	0.93	7	93
5971	0.93	7	93
5972	0.93	7	93
5973	0.93	7	93
5974	0.93	7	93
5975	0.93	7	93
5976	0.93	7	93
5977	0.93	7	93
5978	0.93	7	93
5979	0.93	7	93
5980	0.93	7	93
5981	0.94	6	94
5982	0.94	6	94
5983	0.94	6	94
5984	0.94	6	94
5985	0.94	6	94
5986	0.94	6	94
5987	0.94	6	94
5988	0.94	6	94
5989	0.94	6	94
5990	0.94	6	94
5991	0.93	7	93
5992	0.93	7	93
5993	0.93	7	93
5994	0.93	7	93
5995	0.93	7	93
5996	0.94	6	94
5997	0.94	6	94
5998	0.94	6	94
5999	0.94	6	94
