timestep	swarm_quality	color_0	color_1	color_2	color_3	color_4
0	0.70	35	4	4	3	4
1	0.70	35	4	4	3	4
2	0.70	35	4	4	3	4
3	0.70	35	4	4	3	4
4	0.70	35	4	4	3	4
5	0.70	35	4	4	3	4
6	0.70	35	4	4	3	4
7	0.68	34	4	4	3	5
8	0.68	34	4	4	3	5
9	0.68	34	4	4	3	5
10	0.68	34	4	4	3	5
11	0.68	34	4	4	3	5
12	0.66	33	4	5	3	5
13	0.66	33	4	5	3	5
14	0.66	33	4	5	3	5
15	0.66	33	4	5	3	5
16	0.64	32	4	6	3	5
17	0.64	32	4	6	3	5
18	0.64	32	4	6	3	5
19	0.64	32	4	6	3	5
20	0.64	32	4	6	3	5
21	0.62	31	4	7	3	5
22	0.62	31	4	7	3	5
23	0.62	31	4	7	3	5
24	0.60	30	4	7	4	5
25	0.60	30	4	7	4	5
26	0.60	30	4	7	4	5
27	0.60	30	4	7	4	5
28	0.60	30	4	7	4	5
29	0.58	29	5	7	4	5
30	0.58	29	5	7	4	5
31	0.56	28	5	8	4	5
32	0.56	28	5	8	4	5
33	0.56	28	5	8	4	5
34	0.56	28	5	8	4	5
35	0.56	28	5	8	4	5
36	0.58	29	5	8	4	4
37	0.60	30	5	8	3	4
38	0.62	31	5	8	2	4
39	0.64	32	4	8	2	4
40	0.66	33	4	8	2	3
41	0.68	34	4	7	2	3
42	0.70	35	3	7	2	3
43	0.72	36	3	7	2	2
44	0.74	37	3	6	2	2
45	0.76	38	3	6	1	2
46	0.76	38	2	7	1	2
47	0.78	39	1	7	1	2
48	0.80	40	1	6	1	2
49	0.82	41	1	5	1	2
50	0.82	41	1	5	1	2
51	0.82	41	1	5	1	2
52	0.82	41	1	5	1	2
53	0.80	40	1	5	2	2
54	0.80	40	1	5	2	2
55	0.80	40	1	5	2	2
56	0.80	40	1	5	2	2
57	0.82	41	1	5	2	1
58	0.82	41	1	5	2	1
59	0.82	41	1	5	2	1
60	0.82	41	1	5	2	1
61	0.82	41	1	5	2	1
62	0.84	42	1	4	2	1
63	0.82	41	1	4	2	2
64	0.82	41	1	4	2	2
65	0.82	41	1	4	2	2
66	0.82	41	1	3	3	2
67	0.82	41	1	3	3	2
68	0.82	41	1	3	3	2
69	0.82	41	1	3	3	2
70	0.82	41	1	3	3	2
71	0.84	42	1	2	3	2
72	0.84	42	1	2	3	2
73	0.82	41	1	2	3	3
74	0.84	42	1	2	2	3
75	0.84	42	1	2	2	3
76	0.84	42	1	2	2	3
77	0.84	42	1	2	2	3
78	0.84	42	1	2	2	3
79	0.86	43	0	2	2	3
80	0.86	43	0	2	2	3
81	0.88	44	0	1	2	3
82	0.88	44	0	1	2	3
83	0.88	44	0	1	2	3
84	0.88	44	0	1	2	3
85	0.90	45	0	1	2	2
86	0.90	45	0	1	2	2
87	0.90	45	0	1	2	2
88	0.90	45	0	1	2	2
89	0.90	45	0	1	2	2
90	0.90	45	0	1	2	2
91	0.90	45	0	1	2	2
92	0.90	45	0	1	2	2
93	0.90	45	0	1	2	2
94	0.90	45	0	1	2	2
95	0.90	45	0	1	2	2
96	0.92	46	0	0	2	2
97	0.92	46	0	0	2	2
98	0.92	46	0	0	2	2
99	0.92	46	0	0	2	2
100	0.92	46	0	0	2	2
101	0.90	45	0	0	2	3
102	0.90	45	0	0	2	3
103	0.92	46	0	0	1	3
104	0.92	46	0	0	1	3
105	0.92	46	0	0	1	3
106	0.90	45	0	0	1	4
107	0.90	45	0	0	1	4
108	0.90	45	0	0	1	4
109	0.90	45	0	0	1	4
110	0.90	45	0	0	1	4
111	0.90	45	0	0	1	4
112	0.90	45	0	0	1	4
113	0.92	46	0	0	1	3
114	0.92	46	0	0	1	3
115	0.92	46	0	0	1	3
116	0.94	47	0	0	0	3
117	0.94	47	0	0	0	3
118	0.94	47	0	0	0	3
119	0.94	47	0	0	0	3
120	0.94	47	0	0	0	3
121	0.92	46	1	0	0	3
122	0.92	46	1	0	0	3
123	0.94	47	1	0	0	2
124	0.94	47	1	0	0	2
125	0.94	47	1	0	0	2
126	0.94	47	1	0	0	2
127	0.94	47	1	0	0	2
128	0.94	47	1	0	0	2
129	0.94	47	1	0	0	2
130	0.92	46	2	0	0	2
131	0.92	46	2	0	0	2
132	0.90	45	3	0	0	2
133	0.90	45	3	0	0	2
134	0.90	45	3	0	0	2
135	0.90	45	3	0	0	2
136	0.90	45	3	0	0	2
137	0.88	44	3	0	0	3
138	0.88	44	3	0	0	3
139	0.88	44	3	0	0	3
140	0.88	44	3	0	0	3
141	0.88	44	3	0	0	3
142	0.88	44	3	0	0	3
143	0.88	44	3	0	0	3
144	0.88	44	3	0	0	3
145	0.88	44	3	0	0	3
146	0.88	44	3	0	0	3
147	0.88	44	3	0	0	3
148	0.88	44	3	0	0	3
149	0.88	44	3	0	0	3
150	0.88	44	3	0	0	3
151	0.88	44	3	0	1	2
152	0.88	44	3	0	1	2
153	0.88	44	3	0	1	2
154	0.86	43	3	0	1	3
155	0.86	43	3	0	1	3
156	0.88	44	3	0	1	2
157	0.88	44	3	0	1	2
158	0.88	44	3	0	1	2
159	0.88	44	3	0	1	2
160	0.88	44	3	0	1	2
161	0.88	44	3	0	1	2
162	0.88	44	3	0	1	2
163	0.88	44	3	0	1	2
164	0.88	44	3	0	1	2
165	0.88	44	3	0	1	2
166	0.88	44	3	0	1	2
167	0.88	44	3	0	1	2
168	0.88	44	3	0	1	2
169	0.88	44	3	0	1	2
170	0.86	43	3	0	2	2
171	0.88	44	2	0	2	2
172	0.88	44	2	0	2	2
173	0.88	44	2	0	2	2
174	0.88	44	2	0	2	2
175	0.86	43	2	1	2	2
176	0.86	43	2	1	2	2
177	0.86	43	2	1	2	2
178	0.86	43	2	1	2	2
179	0.86	43	2	1	2	2
180	0.88	44	1	1	2	2
181	0.88	44	1	1	2	2
182	0.90	45	0	1	2	2
183	0.88	44	0	1	2	3
184	0.88	44	0	1	2	3
185	0.88	44	0	1	2	3
186	0.88	44	0	1	2	3
187	0.90	45	0	1	2	2
188	0.90	45	0	1	2	2
189	0.90	45	0	1	2	2
190	0.90	45	0	1	2	2
191	0.90	45	0	1	2	2
192	0.90	45	0	1	2	2
193	0.90	45	0	1	2	2
194	0.90	45	0	1	2	2
195	0.90	45	0	1	2	2
196	0.90	45	0	1	2	2
197	0.90	45	0	1	2	2
198	0.90	45	0	1	2	2
199	0.90	45	0	1	2	2
200	0.90	45	0	1	2	2
201	0.92	46	0	1	1	2
202	0.92	46	0	1	1	2
203	0.92	46	0	1	1	2
204	0.94	47	0	1	1	1
205	0.94	47	0	1	1	1
206	0.94	47	0	1	1	1
207	0.94	47	0	1	1	1
208	0.94	47	0	1	1	1
209	0.94	47	0	1	1	1
210	0.94	47	0	1	1	1
211	0.94	47	0	1	1	1
212	0.94	47	0	1	1	1
213	0.94	47	0	1	1	1
214	0.94	47	0	1	1	1
215	0.94	47	0	1	1	1
216	0.94	47	0	1	1	1
217	0.92	46	0	2	1	1
218	0.92	46	0	2	1	1
219	0.92	46	0	2	1	1
220	0.94	47	0	2	0	1
221	0.94	47	0	2	0	1
222	0.94	47	0	2	0	1
223	0.94	47	0	2	0	1
224	0.94	47	0	2	0	1
225	0.96	48	0	1	0	1
226	0.94	47	0	1	1	1
227	0.94	47	0	1	1	1
228	0.94	47	0	1	1	1
229	0.92	46	0	1	1	2
230	0.92	46	0	1	1	2
231	0.92	46	0	1	1	2
232	0.92	46	0	1	1	2
233	0.94	47	0	1	1	1
234	0.94	47	0	1	1	1
235	0.92	46	1	1	1	1
236	0.92	46	1	1	1	1
237	0.92	46	1	1	1	1
238	0.92	46	1	1	1	1
239	0.92	46	1	1	1	1
240	0.92	46	1	1	1	1
241	0.92	46	1	1	1	1
242	0.92	46	1	1	1	1
243	0.92	46	1	1	1	1
244	0.92	46	1	1	1	1
245	0.92	46	1	1	1	1
246	0.92	46	1	1	1	1
247	0.92	46	1	1	1	1
248	0.92	46	1	1	1	1
249	0.92	46	1	1	1	1
250	0.92	46	1	1	1	1
251	0.92	46	1	1	1	1
252	0.92	46	1	1	1	1
253	0.92	46	1	1	1	1
254	0.90	45	1	2	1	1
255	0.90	45	1	2	1	1
256	0.90	45	1	2	1	1
257	0.90	45	1	2	1	1
258	0.90	45	1	2	1	1
259	0.90	45	1	2	1	1
260	0.90	45	1	2	1	1
261	0.90	45	1	2	1	1
262	0.88	44	2	2	1	1
263	0.86	43	2	2	1	2
264	0.86	43	2	2	1	2
265	0.86	43	2	2	1	2
266	0.86	43	2	2	1	2
267	0.88	44	2	1	1	2
268	0.88	44	2	1	1	2
269	0.88	44	2	1	1	2
270	0.88	44	2	1	1	2
271	0.88	44	2	1	1	2
272	0.88	44	2	1	1	2
273	0.88	44	2	1	1	2
274	0.88	44	2	1	1	2
275	0.88	44	2	1	1	2
276	0.90	45	2	1	0	2
277	0.90	45	2	1	0	2
278	0.90	45	2	1	0	2
279	0.92	46	2	1	0	1
280	0.92	46	2	1	0	1
281	0.92	46	2	1	0	1
282	0.92	46	2	1	0	1
283	0.92	46	2	1	0	1
284	0.92	46	2	1	0	1
285	0.94	47	1	1	0	1
286	0.94	47	1	1	0	1
287	0.94	47	1	1	0	1
288	0.94	47	1	1	0	1
289	0.94	47	1	1	0	1
290	0.94	47	1	1	0	1
291	0.94	47	1	1	0	1
292	0.94	47	1	1	0	1
293	0.94	47	1	1	0	1
294	0.94	47	1	1	0	1
295	0.94	47	1	1	0	1
296	0.94	47	1	1	0	1
297	0.94	47	1	1	0	1
298	0.94	47	1	1	0	1
299	0.94	47	1	1	0	1
300	0.94	47	1	1	0	1
301	0.94	47	1	1	0	1
302	0.92	46	1	2	0	1
303	0.92	46	1	2	0	1
304	0.94	47	1	1	0	1
305	0.94	47	1	1	0	1
306	0.94	47	1	1	0	1
307	0.94	47	1	1	0	1
308	0.94	47	1	1	0	1
309	0.94	47	1	1	0	1
310	0.94	47	1	1	0	1
311	0.94	47	1	1	0	1
312	0.94	47	0	2	0	1
313	0.96	48	0	2	0	0
314	0.96	48	0	2	0	0
315	0.96	48	0	2	0	0
316	0.96	48	0	2	0	0
317	0.96	48	0	2	0	0
318	0.96	48	0	2	0	0
319	0.96	48	0	2	0	0
320	0.96	48	0	2	0	0
321	0.96	48	0	2	0	0
322	0.96	48	0	2	0	0
323	0.96	48	0	2	0	0
324	0.96	48	0	2	0	0
325	0.94	47	0	2	0	1
326	0.94	47	0	2	0	1
327	0.94	47	0	2	0	1
328	0.94	47	0	2	0	1
329	0.94	47	0	2	0	1
330	0.92	46	1	2	0	1
331	0.92	46	1	2	0	1
332	0.92	46	1	2	0	1
333	0.92	46	1	2	0	1
334	0.92	46	1	2	0	1
335	0.92	46	1	2	0	1
336	0.92	46	1	2	0	1
337	0.92	46	1	2	0	1
338	0.92	46	1	2	0	1
339	0.92	46	1	2	0	1
340	0.92	46	1	2	0	1
341	0.92	46	1	2	0	1
342	0.92	46	1	2	0	1
343	0.92	46	1	2	0	1
344	0.92	46	1	2	0	1
345	0.92	46	1	2	0	1
346	0.92	46	1	2	0	1
347	0.92	46	1	2	0	1
348	0.92	46	1	2	0	1
349	0.92	46	1	2	0	1
350	0.92	46	1	2	0	1
351	0.92	46	1	2	0	1
352	0.94	47	1	1	0	1
353	0.94	47	1	1	0	1
354	0.94	47	1	1	0	1
355	0.94	47	1	1	0	1
356	0.94	47	1	1	0	1
357	0.94	47	1	1	0	1
358	0.94	47	1	1	0	1
359	0.94	47	1	1	0	1
360	0.94	47	1	1	0	1
361	0.94	47	1	1	0	1
362	0.96	48	1	0	0	1
363	0.96	48	1	0	0	1
364	0.96	48	1	0	0	1
365	0.96	48	1	0	0	1
366	0.96	48	1	0	0	1
367	0.96	48	1	0	0	1
368	0.96	48	1	0	0	1
369	0.96	48	1	0	0	1
370	0.96	48	1	0	0	1
371	0.96	48	1	0	0	1
372	0.96	48	1	0	0	1
373	0.96	48	1	0	0	1
374	0.96	48	1	0	0	1
375	0.98	49	1	0	0	0
376	0.98	49	1	0	0	0
377	0.98	49	1	0	0	0
378	0.98	49	1	0	0	0
379	0.98	49	1	0	0	0
380	1.00	50	0	0	0	0
381	1.00	50	0	0	0	0
382	1.00	50	0	0	0	0
383	1.00	50	0	0	0	0
384	1.00	50	0	0	0	0
385	1.00	50	0	0	0	0
386	1.00	50	0	0	0	0
387	1.00	50	0	0	0	0
388	1.00	50	0	0	0	0
389	1.00	50	0	0	0	0
390	1.00	50	0	0	0	0
391	1.00	50	0	0	0	0
392	1.00	50	0	0	0	0
393	1.00	50	0	0	0	0
394	1.00	50	0	0	0	0
395	1.00	50	0	0	0	0
396	1.00	50	0	0	0	0
397	1.00	50	0	0	0	0
398	1.00	50	0	0	0	0
399	1.00	50	0	0	0	0
400	1.00	50	0	0	0	0
401	1.00	50	0	0	0	0
402	1.00	50	0	0	0	0
403	1.00	50	0	0	0	0
404	0.98	49	0	0	1	0
405	0.98	49	0	0	1	0
406	0.98	49	0	0	1	0
407	0.98	49	0	0	1	0
408	0.98	49	0	0	1	0
409	0.98	49	0	0	1	0
410	0.98	49	0	0	1	0
411	0.98	49	0	0	1	0
412	0.98	49	0	0	1	0
413	0.98	49	0	0	1	0
414	0.98	49	0	0	1	0
415	0.98	49	0	0	1	0
416	0.98	49	0	0	1	0
417	0.98	49	0	0	1	0
418	0.98	49	0	0	1	0
419	0.98	49	0	0	1	0
420	0.98	49	0	0	1	0
421	0.98	49	0	0	1	0
422	0.98	49	0	0	1	0
423	0.98	49	0	0	1	0
424	0.98	49	0	0	1	0
425	0.98	49	0	0	1	0
426	0.98	49	0	0	1	0
427	0.98	49	0	0	1	0
428	0.98	49	0	0	1	0
429	0.98	49	0	0	1	0
430	0.98	49	0	0	1	0
431	0.98	49	0	0	1	0
432	0.98	49	0	0	1	0
433	0.98	49	0	0	1	0
434	0.96	48	1	0	1	0
435	0.96	48	1	0	1	0
436	0.96	48	1	0	1	0
437	0.96	48	1	0	1	0
438	0.96	48	1	0	1	0
439	0.96	48	1	0	1	0
440	0.96	48	1	0	1	0
441	0.94	47	1	1	1	0
442	0.94	47	1	1	1	0
443	0.94	47	1	1	1	0
444	0.94	47	1	1	1	0
445	0.94	47	1	1	1	0
446	0.94	47	1	1	1	0
447	0.92	46	2	1	1	0
448	0.92	46	2	1	1	0
449	0.90	45	3	1	1	0
450	0.90	45	3	1	1	0
451	0.90	45	3	1	1	0
452	0.90	45	3	1	1	0
453	0.90	45	3	1	1	0
454	0.90	45	4	1	0	0
455	0.90	45	4	1	0	0
456	0.90	45	4	1	0	0
457	0.90	45	4	1	0	0
458	0.90	45	4	1	0	0
459	0.88	44	5	1	0	0
460	0.88	44	5	1	0	0
461	0.88	44	5	1	0	0
462	0.88	44	5	1	0	0
463	0.88	44	5	1	0	0
464	0.88	44	5	1	0	0
465	0.88	44	5	1	0	0
466	0.88	44	5	1	0	0
467	0.88	44	5	1	0	0
468	0.86	43	6	1	0	0
469	0.86	43	6	1	0	0
470	0.86	43	6	1	0	0
471	0.86	43	6	1	0	0
472	0.84	42	7	1	0	0
473	0.84	42	7	1	0	0
474	0.82	41	7	1	0	1
475	0.82	41	7	1	0	1
476	0.82	41	7	1	0	1
477	0.82	41	7	1	0	1
478	0.82	41	7	1	0	1
479	0.82	41	7	1	0	1
480	0.80	40	8	1	0	1
481	0.80	40	8	1	0	1
482	0.80	40	8	1	0	1
483	0.80	40	8	1	0	1
484	0.82	41	7	1	0	1
485	0.82	41	7	1	0	1
486	0.82	41	7	1	0	1
487	0.82	41	7	1	0	1
488	0.82	41	7	1	0	1
489	0.82	41	7	1	0	1
490	0.82	41	7	1	0	1
491	0.84	42	7	0	0	1
492	0.84	42	7	0	0	1
493	0.84	42	7	0	0	1
494	0.84	42	7	0	0	1
495	0.84	42	7	0	0	1
496	0.84	42	7	0	0	1
497	0.86	43	6	0	0	1
498	0.86	43	6	0	0	1
499	0.88	44	5	0	0	1
500	0.10	43	5	0	0	2
501	0.10	43	5	0	0	2
502	0.10	43	5	0	0	2
503	0.12	42	6	0	0	2
504	0.10	43	5	0	0	2
505	0.12	42	6	0	0	2
506	0.12	42	6	0	0	2
507	0.14	41	7	0	0	2
508	0.14	41	7	0	0	2
509	0.12	42	6	0	0	2
510	0.12	42	6	0	0	2
511	0.14	41	7	0	0	2
512	0.14	41	7	0	0	2
513	0.16	40	8	0	0	2
514	0.18	39	9	0	0	2
515	0.20	38	10	0	0	2
516	0.22	37	11	0	0	2
517	0.24	36	12	0	0	2
518	0.22	37	11	0	0	2
519	0.24	36	12	0	0	2
520	0.26	35	13	0	0	2
521	0.28	34	14	0	0	2
522	0.26	35	13	0	0	2
523	0.28	34	14	0	0	2
524	0.28	35	14	0	0	1
525	0.30	34	15	0	0	1
526	0.32	33	16	0	0	1
527	0.34	32	17	0	0	1
528	0.36	31	18	0	0	1
529	0.36	31	18	0	0	1
530	0.36	31	18	0	0	1
531	0.38	30	19	0	0	1
532	0.40	29	20	0	0	1
533	0.42	28	21	0	0	1
534	0.44	27	22	0	0	1
535	0.46	26	23	0	0	1
536	0.46	26	23	0	0	1
537	0.48	25	24	0	0	1
538	0.50	24	25	0	0	1
539	0.52	23	26	0	0	1
540	0.54	22	27	0	0	1
541	0.56	21	28	0	0	1
542	0.58	20	29	0	0	1
543	0.60	19	30	0	0	1
544	0.62	18	31	0	0	1
545	0.64	17	32	0	0	1
546	0.66	16	33	0	0	1
547	0.66	15	33	1	0	1
548	0.68	14	34	1	0	1
549	0.70	13	35	1	0	1
550	0.72	13	36	1	0	0
551	0.74	12	37	1	0	0
552	0.74	11	37	1	0	1
553	0.74	11	37	1	0	1
554	0.76	10	38	1	0	1
555	0.76	10	38	1	0	1
556	0.78	9	39	1	0	1
557	0.78	9	39	1	0	1
558	0.80	8	40	1	0	1
559	0.82	7	41	1	0	1
560	0.84	6	42	1	0	1
561	0.82	6	41	1	1	1
562	0.84	5	42	1	1	1
563	0.84	5	42	1	1	1
564	0.82	5	41	2	1	1
565	0.82	5	41	2	1	1
566	0.82	5	41	2	1	1
567	0.82	5	41	2	1	1
568	0.84	4	42	2	1	1
569	0.84	4	42	2	1	1
570	0.82	4	41	2	2	1
571	0.82	4	41	2	2	1
572	0.84	3	42	2	2	1
573	0.84	3	42	2	2	1
574	0.86	2	43	2	2	1
575	0.84	2	42	2	2	2
576	0.84	2	42	2	2	2
577	0.84	2	42	2	2	2
578	0.84	2	42	2	2	2
579	0.86	1	43	2	2	2
580	0.86	1	43	2	2	2
581	0.86	1	43	2	2	2
582	0.84	1	42	2	2	3
583	0.84	1	42	2	2	3
584	0.84	1	42	2	2	3
585	0.84	1	42	2	2	3
586	0.86	0	43	2	2	3
587	0.86	0	43	2	2	3
588	0.86	0	43	2	2	3
589	0.86	0	43	2	2	3
590	0.86	0	43	2	2	3
591	0.86	0	43	2	2	3
592	0.86	0	43	2	2	3
593	0.86	0	43	2	2	3
594	0.86	0	43	2	2	3
595	0.86	0	43	2	2	3
596	0.86	0	43	2	2	3
597	0.88	0	44	1	2	3
598	0.88	0	44	1	2	3
599	0.86	0	43	2	2	3
600	0.86	0	43	2	2	3
601	0.84	0	42	3	2	3
602	0.86	0	43	3	2	2
603	0.84	1	42	3	2	2
604	0.84	1	42	3	2	2
605	0.84	1	42	3	2	2
606	0.84	1	42	3	2	2
607	0.84	1	42	3	2	2
608	0.84	1	42	3	2	2
609	0.84	1	42	3	2	2
610	0.84	1	42	3	2	2
611	0.86	1	43	3	1	2
612	0.86	1	43	3	1	2
613	0.86	1	43	3	1	2
614	0.88	1	44	2	1	2
615	0.88	1	44	2	1	2
616	0.88	1	44	2	1	2
617	0.88	1	44	2	1	2
618	0.88	1	44	2	1	2
619	0.88	1	44	2	1	2
620	0.90	1	45	2	0	2
621	0.90	1	45	2	0	2
622	0.90	1	45	2	0	2
623	0.88	1	44	3	0	2
624	0.88	1	44	3	0	2
625	0.90	1	45	3	0	1
626	0.90	1	45	3	0	1
627	0.90	1	45	3	0	1
628	0.90	1	45	3	0	1
629	0.90	1	45	3	0	1
630	0.90	1	45	3	0	1
631	0.90	1	45	3	0	1
632	0.92	1	46	3	0	0
633	0.92	1	46	3	0	0
634	0.92	1	46	3	0	0
635	0.92	1	46	3	0	0
636	0.92	1	46	3	0	0
637	0.92	1	46	3	0	0
638	0.92	1	46	3	0	0
639	0.92	1	46	3	0	0
640	0.92	1	46	3	0	0
641	0.92	1	46	3	0	0
642	0.92	1	46	3	0	0
643	0.92	1	46	3	0	0
644	0.92	1	46	3	0	0
645	0.92	1	46	3	0	0
646	0.90	1	45	4	0	0
647	0.90	1	45	4	0	0
648	0.90	1	45	4	0	0
649	0.92	1	46	3	0	0
650	0.92	1	46	3	0	0
651	0.94	1	47	2	0	0
652	0.94	1	47	2	0	0
653	0.96	0	48	2	0	0
654	0.96	0	48	2	0	0
655	0.96	0	48	2	0	0
656	0.96	0	48	2	0	0
657	0.96	0	48	2	0	0
658	0.94	1	47	2	0	0
659	0.94	1	47	2	0	0
660	0.94	1	47	2	0	0
661	0.94	1	47	2	0	0
662	0.94	1	47	2	0	0
663	0.94	1	47	2	0	0
664	0.94	1	47	2	0	0
665	0.92	1	46	3	0	0
666	0.90	1	45	3	1	0
667	0.88	2	44	3	1	0
668	0.88	2	44	3	1	0
669	0.88	2	44	3	1	0
670	0.88	2	44	3	1	0
671	0.88	2	44	3	1	0
672	0.88	2	44	3	1	0
673	0.90	2	45	2	1	0
674	0.88	2	44	3	1	0
675	0.88	2	44	3	1	0
676	0.88	2	44	3	1	0
677	0.88	2	44	3	1	0
678	0.88	2	44	3	1	0
679	0.88	2	44	3	1	0
680	0.88	2	44	3	1	0
681	0.88	2	44	3	1	0
682	0.88	2	44	3	1	0
683	0.88	2	44	3	1	0
684	0.88	2	44	3	1	0
685	0.88	2	44	3	1	0
686	0.88	2	44	3	1	0
687	0.88	2	44	3	1	0
688	0.86	2	43	3	1	1
689	0.84	2	42	4	1	1
690	0.84	2	42	4	1	1
691	0.84	2	42	4	1	1
692	0.84	2	42	4	1	1
693	0.84	2	42	4	1	1
694	0.82	2	41	4	1	2
695	0.80	2	40	4	1	3
696	0.82	2	41	3	1	3
697	0.80	2	40	3	2	3
698	0.80	2	40	3	2	3
699	0.78	2	39	3	2	4
700	0.76	3	38	3	2	4
701	0.76	3	38	3	2	4
702	0.76	3	38	3	2	4
703	0.76	3	38	3	2	4
704	0.76	3	38	3	2	4
705	0.76	3	38	3	2	4
706	0.76	3	38	3	2	4
707	0.76	3	38	3	2	4
708	0.78	2	39	3	2	4
709	0.78	2	39	3	2	4
710	0.78	2	39	3	2	4
711	0.78	2	39	3	2	4
712	0.78	2	39	3	2	4
713	0.78	2	39	3	2	4
714	0.78	2	39	3	2	4
715	0.80	2	40	2	2	4
716	0.82	2	41	2	1	4
717	0.84	1	42	2	1	4
718	0.84	1	42	2	1	4
719	0.84	1	42	2	1	4
720	0.84	1	42	2	1	4
721	0.84	1	42	2	1	4
722	0.84	1	42	2	1	4
723	0.84	1	42	2	1	4
724	0.86	1	43	1	1	4
725	0.86	1	43	1	1	4
726	0.86	1	43	1	1	4
727	0.86	1	43	1	1	4
728	0.86	1	43	1	1	4
729	0.84	2	42	1	1	4
730	0.84	2	42	1	1	4
731	0.84	2	42	1	1	4
732	0.84	2	42	1	1	4
733	0.84	2	42	1	1	4
734	0.84	2	42	1	1	4
735	0.84	2	42	1	1	4
736	0.84	2	42	1	1	4
737	0.84	2	42	1	1	4
738	0.86	2	43	1	1	3
739	0.88	2	44	0	1	3
740	0.86	2	43	0	1	4
741	0.86	2	43	0	1	4
742	0.86	2	43	0	1	4
743	0.86	2	43	0	1	4
744	0.88	2	44	0	1	3
745	0.90	2	45	0	1	2
746	0.90	2	45	0	1	2
747	0.92	2	46	0	0	2
748	0.92	2	46	0	0	2
749	0.94	2	47	0	0	1
750	0.96	1	48	0	0	1
751	0.96	1	48	0	0	1
752	0.96	1	48	0	0	1
753	0.96	1	48	0	0	1
754	0.96	1	48	0	0	1
755	0.96	1	48	0	0	1
756	0.96	1	48	0	0	1
757	0.96	1	48	0	0	1
758	0.96	1	48	0	0	1
759	0.96	1	48	0	0	1
760	0.96	1	48	0	0	1
761	0.96	1	48	0	0	1
762	0.96	1	48	0	0	1
763	0.96	1	48	0	0	1
764	0.96	1	48	0	0	1
765	0.96	1	48	0	0	1
766	0.96	1	48	0	0	1
767	0.96	1	48	0	0	1
768	0.96	1	48	0	0	1
769	0.96	1	48	0	0	1
770	0.96	1	48	0	0	1
771	0.96	1	48	0	0	1
772	0.96	1	48	0	0	1
773	0.96	1	48	0	0	1
774	0.96	1	48	0	0	1
775	0.96	1	48	0	0	1
776	0.96	1	48	0	0	1
777	0.94	1	47	0	0	2
778	0.94	1	47	0	0	2
779	0.96	0	48	0	0	2
780	0.96	0	48	0	0	2
781	0.96	0	48	0	0	2
782	0.96	0	48	0	0	2
783	0.96	0	48	0	0	2
784	0.96	0	48	0	0	2
785	0.96	0	48	0	0	2
786	0.96	0	48	0	0	2
787	0.96	0	48	0	0	2
788	0.96	0	48	0	0	2
789	0.96	0	48	0	0	2
790	0.98	0	49	0	0	1
791	0.98	0	49	0	0	1
792	0.98	0	49	0	0	1
793	0.98	0	49	0	0	1
794	0.96	0	48	0	1	1
795	0.96	0	48	0	1	1
796	0.96	0	48	0	1	1
797	0.96	0	48	0	1	1
798	0.96	0	48	0	1	1
799	0.94	0	47	0	2	1
800	0.94	0	47	0	2	1
801	0.94	0	47	0	2	1
802	0.94	0	47	0	2	1
803	0.94	0	47	0	2	1
804	0.94	0	47	0	2	1
805	0.94	0	47	0	2	1
806	0.94	0	47	0	2	1
807	0.94	0	47	0	2	1
808	0.94	0	47	0	2	1
809	0.94	0	47	0	2	1
810	0.94	0	47	0	2	1
811	0.94	0	47	0	2	1
812	0.94	0	47	0	2	1
813	0.94	0	47	0	2	1
814	0.94	0	47	0	2	1
815	0.92	0	46	0	3	1
816	0.92	0	46	0	3	1
817	0.92	0	46	0	3	1
818	0.92	0	46	0	3	1
819	0.92	0	46	0	3	1
820	0.92	0	46	0	3	1
821	0.92	0	46	0	3	1
822	0.92	0	46	0	3	1
823	0.92	0	46	0	3	1
824	0.92	0	46	0	3	1
825	0.90	0	45	1	3	1
826	0.90	0	45	1	3	1
827	0.92	0	46	1	3	0
828	0.92	0	46	1	3	0
829	0.92	0	46	1	3	0
830	0.90	0	45	1	4	0
831	0.90	0	45	1	4	0
832	0.90	0	45	1	4	0
833	0.90	0	45	1	4	0
834	0.90	0	45	1	4	0
835	0.90	0	45	1	4	0
836	0.90	0	45	1	4	0
837	0.90	0	45	1	4	0
838	0.90	0	45	1	4	0
839	0.90	0	45	1	4	0
840	0.88	0	44	1	5	0
841	0.88	0	44	1	5	0
842	0.88	0	44	1	5	0
843	0.88	0	44	1	5	0
844	0.90	0	45	1	4	0
845	0.90	0	45	1	4	0
846	0.88	1	44	1	4	0
847	0.88	1	44	1	4	0
848	0.88	1	44	1	4	0
849	0.90	1	45	1	3	0
850	0.90	1	45	1	3	0
851	0.90	1	45	1	3	0
852	0.90	1	45	1	3	0
853	0.90	1	45	1	3	0
854	0.90	1	45	1	3	0
855	0.90	1	45	1	3	0
856	0.90	1	45	1	3	0
857	0.90	1	45	1	3	0
858	0.90	1	45	1	3	0
859	0.88	1	44	1	4	0
860	0.88	1	44	1	4	0
861	0.88	1	44	1	4	0
862	0.88	1	44	1	4	0
863	0.86	2	43	1	4	0
864	0.86	2	43	1	4	0
865	0.88	2	44	1	3	0
866	0.88	2	44	1	3	0
867	0.88	2	44	1	3	0
868	0.88	2	44	1	3	0
869	0.88	2	44	1	3	0
870	0.88	2	44	1	3	0
871	0.88	2	44	1	3	0
872	0.88	2	44	1	3	0
873	0.88	2	44	1	3	0
874	0.88	2	44	1	3	0
875	0.90	2	45	0	3	0
876	0.90	2	45	0	3	0
877	0.88	2	44	0	3	1
878	0.88	2	44	0	3	1
879	0.88	2	44	0	3	1
880	0.88	2	44	0	2	2
881	0.88	2	44	0	2	2
882	0.88	2	44	0	2	2
883	0.88	2	44	0	2	2
884	0.88	2	44	0	2	2
885	0.88	2	44	0	2	2
886	0.88	2	44	0	2	2
887	0.88	2	44	0	2	2
888	0.88	2	44	0	2	2
889	0.88	2	44	0	2	2
890	0.90	2	45	0	1	2
891	0.90	2	45	0	1	2
892	0.90	2	45	0	1	2
893	0.90	2	45	0	1	2
894	0.90	2	45	0	1	2
895	0.90	2	45	0	1	2
896	0.92	1	46	0	1	2
897	0.92	1	46	0	1	2
898	0.92	1	46	0	1	2
899	0.92	1	46	0	1	2
900	0.92	1	46	0	1	2
901	0.92	1	46	0	1	2
902	0.92	1	46	0	1	2
903	0.92	1	46	0	1	2
904	0.92	1	46	0	1	2
905	0.92	1	46	0	1	2
906	0.92	1	46	0	1	2
907	0.92	1	46	0	1	2
908	0.92	1	46	0	1	2
909	0.94	1	47	0	0	2
910	0.94	1	47	0	0	2
911	0.94	1	47	0	0	2
912	0.92	1	46	1	0	2
913	0.94	0	47	1	0	2
914	0.94	0	47	1	0	2
915	0.94	0	47	1	0	2
916	0.94	0	47	1	0	2
917	0.94	0	47	1	0	2
918	0.94	0	47	1	0	2
919	0.94	0	47	1	0	2
920	0.94	0	47	1	0	2
921	0.94	0	47	1	0	2
922	0.94	0	47	1	0	2
923	0.94	0	47	1	0	2
924	0.94	0	47	1	0	2
925	0.94	0	47	1	0	2
926	0.92	0	46	1	1	2
927	0.94	0	47	1	1	1
928	0.94	0	47	1	1	1
929	0.94	0	47	1	1	1
930	0.96	0	48	1	1	0
931	0.96	0	48	1	1	0
932	0.96	0	48	1	1	0
933	0.94	0	47	1	2	0
934	0.94	0	47	1	2	0
935	0.94	0	47	1	2	0
936	0.94	0	47	1	2	0
937	0.94	0	47	1	2	0
938	0.94	0	47	1	2	0
939	0.94	0	47	1	2	0
940	0.94	0	47	1	2	0
941	0.94	0	47	1	2	0
942	0.92	1	46	1	2	0
943	0.92	1	46	1	2	0
944	0.90	1	45	1	2	1
945	0.90	1	45	1	2	1
946	0.90	1	45	1	2	1
947	0.90	1	45	1	2	1
948	0.90	1	45	1	2	1
949	0.90	1	45	1	2	1
950	0.88	1	44	2	2	1
951	0.88	1	44	2	2	1
952	0.88	1	44	2	2	1
953	0.88	1	44	2	2	1
954	0.88	1	44	2	2	1
955	0.88	1	44	2	2	1
956	0.88	1	44	2	2	1
957	0.88	1	44	2	2	1
958	0.88	1	44	2	2	1
959	0.88	1	44	2	2	1
960	0.88	1	44	2	2	1
961	0.88	1	44	2	2	1
962	0.90	1	45	1	2	1
963	0.90	1	45	1	2	1
964	0.90	1	45	1	2	1
965	0.88	1	44	1	3	1
966	0.88	1	44	1	3	1
967	0.88	1	44	1	3	1
968	0.88	1	44	1	3	1
969	0.88	1	44	1	3	1
970	0.88	1	44	1	3	1
971	0.88	1	44	1	3	1
972	0.88	1	44	1	3	1
973	0.88	1	44	1	3	1
974	0.88	1	44	1	3	1
975	0.88	1	44	1	3	1
976	0.90	1	45	1	2	1
977	0.90	1	45	1	2	1
978	0.90	1	45	1	2	1
979	0.88	1	44	1	2	2
980	0.86	1	43	2	2	2
981	0.86	1	43	2	2	2
982	0.86	1	43	2	2	2
983	0.88	1	44	2	1	2
984	0.88	1	44	2	1	2
985	0.88	1	44	2	1	2
986	0.88	1	44	2	1	2
987	0.88	1	44	2	1	2
988	0.88	1	44	2	1	2
989	0.88	1	44	2	1	2
990	0.88	1	44	2	1	2
991	0.88	1	44	2	1	2
992	0.90	0	45	2	1	2
993	0.90	0	45	2	1	2
994	0.92	0	46	2	1	1
995	0.92	0	46	2	1	1
996	0.92	0	46	2	1	1
997	0.92	0	46	2	1	1
998	0.92	0	46	2	1	1
999	0.92	0	46	2	1	1
1000	0.02	0	47	1	1	1
1001	0.04	0	46	2	1	1
1002	0.04	0	46	2	1	1
1003	0.04	0	46	2	1	1
1004	0.04	0	46	2	1	1
1005	0.04	0	46	2	1	1
1006	0.06	0	45	3	1	1
1007	0.06	0	45	3	1	1
1008	0.06	0	45	3	1	1
1009	0.06	0	45	3	1	1
1010	0.06	0	45	3	1	1
1011	0.06	0	45	3	1	1
1012	0.06	0	45	3	1	1
1013	0.06	0	45	3	1	1
1014	0.08	0	44	4	1	1
1015	0.10	0	44	5	0	1
1016	0.10	0	44	5	0	1
1017	0.10	0	44	5	0	1
1018	0.10	0	44	5	0	1
1019	0.12	0	43	6	0	1
1020	0.12	0	42	6	0	2
1021	0.12	0	42	6	0	2
1022	0.12	0	42	6	0	2
1023	0.12	0	42	6	0	2
1024	0.12	0	42	6	0	2
1025	0.12	0	42	6	0	2
1026	0.12	0	42	6	0	2
1027	0.14	0	41	7	0	2
1028	0.14	0	41	7	0	2
1029	0.14	0	42	7	0	1
1030	0.12	0	43	6	0	1
1031	0.14	0	42	7	0	1
1032	0.14	0	42	7	0	1
1033	0.16	0	41	8	0	1
1034	0.18	0	40	9	0	1
1035	0.20	0	39	10	0	1
1036	0.20	0	39	10	0	1
1037	0.22	0	38	11	0	1
1038	0.22	0	38	11	0	1
1039	0.24	0	37	12	0	1
1040	0.24	0	36	12	1	1
1041	0.24	0	36	12	1	1
1042	0.26	0	35	13	1	1
1043	0.26	0	35	13	1	1
1044	0.28	0	34	14	1	1
1045	0.30	0	33	15	1	1
1046	0.32	0	32	16	1	1
1047	0.34	0	31	17	1	1
1048	0.36	0	30	18	1	1
1049	0.38	0	29	19	1	1
1050	0.40	0	28	20	1	1
1051	0.40	0	28	20	1	1
1052	0.40	0	27	20	2	1
1053	0.42	0	26	21	2	1
1054	0.44	0	25	22	2	1
1055	0.44	1	24	22	2	1
1056	0.42	1	24	21	2	2
1057	0.44	1	23	22	2	2
1058	0.46	1	22	23	2	2
1059	0.48	1	21	24	2	2
1060	0.48	1	20	24	3	2
1061	0.50	1	19	25	3	2
1062	0.50	1	18	25	4	2
1063	0.52	1	17	26	4	2
1064	0.52	1	17	26	4	2
1065	0.52	1	17	26	4	2
1066	0.54	1	16	27	4	2
1067	0.56	1	15	28	4	2
1068	0.58	1	14	29	4	2
1069	0.58	1	14	29	4	2
1070	0.60	1	14	30	4	1
1071	0.62	1	13	31	4	1
1072	0.64	1	12	32	4	1
1073	0.66	1	11	33	4	1
1074	0.68	1	10	34	4	1
1075	0.68	1	10	34	4	1
1076	0.70	1	9	35	4	1
1077	0.68	1	10	34	4	1
1078	0.70	1	9	35	4	1
1079	0.72	1	8	36	4	1
1080	0.74	1	7	37	4	1
1081	0.74	1	7	37	4	1
1082	0.74	1	7	37	4	1
1083	0.74	1	7	37	4	1
1084	0.74	1	7	37	4	1
1085	0.74	1	7	37	4	1
1086	0.76	1	6	38	4	1
1087	0.76	1	6	38	4	1
1088	0.78	1	5	39	4	1
1089	0.78	1	5	39	4	1
1090	0.80	1	5	40	3	1
1091	0.82	1	4	41	3	1
1092	0.80	2	4	40	3	1
1093	0.80	2	3	40	4	1
1094	0.80	2	3	40	4	1
1095	0.78	2	3	39	5	1
1096	0.76	2	3	38	6	1
1097	0.76	2	3	38	6	1
1098	0.76	2	3	38	6	1
1099	0.76	2	3	38	6	1
1100	0.76	2	3	38	6	1
1101	0.76	2	3	38	6	1
1102	0.76	3	3	38	5	1
1103	0.76	3	3	38	5	1
1104	0.76	3	3	38	5	1
1105	0.78	2	3	39	5	1
1106	0.80	2	3	40	5	0
1107	0.80	2	3	40	5	0
1108	0.80	2	3	40	5	0
1109	0.80	2	3	40	5	0
1110	0.82	2	3	41	4	0
1111	0.82	2	3	41	4	0
1112	0.84	2	3	42	3	0
1113	0.84	2	3	42	3	0
1114	0.84	2	3	42	3	0
1115	0.84	2	3	42	3	0
1116	0.84	2	3	42	3	0
1117	0.82	2	3	41	4	0
1118	0.80	2	3	40	4	1
1119	0.80	2	3	40	4	1
1120	0.80	2	3	40	4	1
1121	0.80	2	3	40	4	1
1122	0.78	3	3	39	4	1
1123	0.78	3	3	39	4	1
1124	0.78	3	3	39	4	1
1125	0.80	3	2	40	4	1
1126	0.78	3	2	39	4	2
1127	0.80	3	1	40	4	2
1128	0.80	3	1	40	4	2
1129	0.80	3	1	40	4	2
1130	0.80	3	1	40	4	2
1131	0.80	3	1	40	4	2
1132	0.82	3	0	41	4	2
1133	0.82	3	0	41	4	2
1134	0.82	3	0	41	4	2
1135	0.80	4	0	40	4	2
1136	0.78	4	0	39	5	2
1137	0.78	4	0	39	5	2
1138	0.78	4	0	39	5	2
1139	0.78	4	0	39	5	2
1140	0.78	4	0	39	5	2
1141	0.78	4	0	39	5	2
1142	0.80	3	0	40	5	2
1143	0.82	3	0	41	4	2
1144	0.82	3	0	41	4	2
1145	0.84	3	0	42	3	2
1146	0.86	3	0	43	2	2
1147	0.86	3	0	43	2	2
1148	0.86	3	0	43	2	2
1149	0.86	3	0	43	2	2
1150	0.84	3	1	42	2	2
1151	0.84	3	1	42	2	2
1152	0.86	2	1	43	2	2
1153	0.86	2	1	43	2	2
1154	0.86	2	1	43	2	2
1155	0.86	2	1	43	2	2
1156	0.84	3	1	42	2	2
1157	0.82	3	2	41	2	2
1158	0.82	3	2	41	2	2
1159	0.82	3	2	41	2	2
1160	0.82	3	2	41	2	2
1161	0.82	3	2	41	2	2
1162	0.82	3	2	41	2	2
1163	0.80	3	2	40	2	3
1164	0.80	3	2	40	2	3
1165	0.80	3	2	40	2	3
1166	0.80	3	2	40	2	3
1167	0.82	3	2	41	1	3
1168	0.84	3	2	42	1	2
1169	0.84	3	2	42	1	2
1170	0.84	3	2	42	1	2
1171	0.84	3	2	42	1	2
1172	0.86	2	2	43	1	2
1173	0.86	2	2	43	1	2
1174	0.86	2	2	43	1	2
1175	0.86	2	2	43	1	2
1176	0.88	2	2	44	1	1
1177	0.88	2	2	44	1	1
1178	0.88	2	2	44	1	1
1179	0.86	2	2	43	2	1
1180	0.86	2	2	43	2	1
1181	0.86	2	2	43	2	1
1182	0.86	2	2	43	2	1
1183	0.86	2	2	43	2	1
1184	0.84	3	2	42	2	1
1185	0.86	2	2	43	2	1
1186	0.88	2	2	44	1	1
1187	0.88	2	2	44	1	1
1188	0.88	2	2	44	1	1
1189	0.88	2	2	44	1	1
1190	0.88	2	2	44	1	1
1191	0.86	3	2	43	1	1
1192	0.86	3	2	43	1	1
1193	0.86	3	2	43	1	1
1194	0.86	3	2	43	1	1
1195	0.86	3	2	43	1	1
1196	0.86	3	2	43	1	1
1197	0.86	3	2	43	1	1
1198	0.86	3	2	43	1	1
1199	0.86	3	2	43	1	1
1200	0.88	3	1	44	1	1
1201	0.88	3	1	44	1	1
1202	0.88	3	1	44	1	1
1203	0.88	3	1	44	1	1
1204	0.88	3	1	44	1	1
1205	0.88	3	1	44	1	1
1206	0.88	2	1	44	1	2
1207	0.90	2	0	45	1	2
1208	0.90	2	0	45	1	2
1209	0.90	2	0	45	1	2
1210	0.90	2	0	45	1	2
1211	0.90	2	0	45	1	2
1212	0.90	2	0	45	1	2
1213	0.92	2	0	46	1	1
1214	0.92	2	0	46	1	1
1215	0.92	2	0	46	1	1
1216	0.92	2	0	46	1	1
1217	0.92	2	0	46	1	1
1218	0.92	2	0	46	1	1
1219	0.92	2	0	46	1	1
1220	0.92	2	0	46	1	1
1221	0.92	2	0	46	1	1
1222	0.92	2	0	46	1	1
1223	0.92	2	0	46	1	1
1224	0.92	2	0	46	1	1
1225	0.92	2	0	46	1	1
1226	0.92	2	0	46	1	1
1227	0.92	2	0	46	1	1
1228	0.92	2	0	46	1	1
1229	0.94	2	0	47	0	1
1230	0.94	2	0	47	0	1
1231	0.92	2	0	46	0	2
1232	0.92	2	0	46	0	2
1233	0.92	2	0	46	0	2
1234	0.94	1	0	47	0	2
1235	0.94	1	0	47	0	2
1236	0.94	1	0	47	0	2
1237	0.94	1	0	47	0	2
1238	0.94	1	0	47	0	2
1239	0.94	1	0	47	0	2
1240	0.94	1	0	47	0	2
1241	0.96	0	0	48	0	2
1242	0.96	0	0	48	0	2
1243	0.96	0	0	48	0	2
1244	0.96	0	0	48	0	2
1245	0.96	0	0	48	0	2
1246	0.94	0	0	47	1	2
1247	0.94	0	0	47	1	2
1248	0.94	0	0	47	1	2
1249	0.94	0	0	47	1	2
1250	0.94	0	0	47	1	2
1251	0.94	0	0	47	1	2
1252	0.94	0	0	47	1	2
1253	0.94	0	0	47	1	2
1254	0.94	0	0	47	1	2
1255	0.92	0	0	46	2	2
1256	0.94	0	0	47	2	1
1257	0.92	1	0	46	2	1
1258	0.92	1	0	46	2	1
1259	0.90	2	0	45	2	1
1260	0.90	2	0	45	2	1
1261	0.90	2	0	45	2	1
1262	0.90	2	0	45	2	1
1263	0.88	2	0	44	2	2
1264	0.88	2	0	44	2	2
1265	0.88	2	0	44	2	2
1266	0.86	3	0	43	2	2
1267	0.86	3	0	43	2	2
1268	0.86	3	0	43	2	2
1269	0.86	3	0	43	2	2
1270	0.86	3	0	43	2	2
1271	0.86	3	0	43	2	2
1272	0.86	3	0	43	2	2
1273	0.86	3	0	43	2	2
1274	0.84	3	1	42	2	2
1275	0.82	4	1	41	2	2
1276	0.82	4	1	41	2	2
1277	0.82	4	1	41	2	2
1278	0.82	4	1	41	2	2
1279	0.82	4	1	41	2	2
1280	0.82	4	1	41	2	2
1281	0.84	4	1	42	2	1
1282	0.84	4	1	42	2	1
1283	0.84	4	1	42	2	1
1284	0.84	4	1	42	2	1
1285	0.84	4	1	42	2	1
1286	0.84	4	1	42	2	1
1287	0.84	4	1	42	2	1
1288	0.84	4	1	42	2	1
1289	0.84	4	1	42	2	1
1290	0.84	4	1	42	2	1
1291	0.84	4	1	42	2	1
1292	0.84	4	1	42	2	1
1293	0.84	4	1	42	2	1
1294	0.84	4	1	42	2	1
1295	0.84	4	1	42	2	1
1296	0.86	4	1	43	1	1
1297	0.86	4	1	43	1	1
1298	0.86	4	1	43	1	1
1299	0.86	4	1	43	1	1
1300	0.86	4	1	43	1	1
1301	0.86	4	1	43	1	1
1302	0.86	4	1	43	1	1
1303	0.86	4	1	43	1	1
1304	0.86	4	1	43	1	1
1305	0.88	4	1	44	0	1
1306	0.88	4	1	44	0	1
1307	0.90	3	1	45	0	1
1308	0.90	3	1	45	0	1
1309	0.92	2	1	46	0	1
1310	0.92	2	1	46	0	1
1311	0.92	2	1	46	0	1
1312	0.92	2	1	46	0	1
1313	0.94	2	1	47	0	0
1314	0.94	2	1	47	0	0
1315	0.94	2	1	47	0	0
1316	0.94	1	1	47	0	1
1317	0.94	1	1	47	0	1
1318	0.94	1	1	47	0	1
1319	0.92	1	1	46	1	1
1320	0.92	1	1	46	1	1
1321	0.92	1	1	46	1	1
1322	0.92	1	1	46	1	1
1323	0.92	1	1	46	1	1
1324	0.94	1	0	47	1	1
1325	0.96	0	0	48	1	1
1326	0.96	0	0	48	1	1
1327	0.96	0	0	48	1	1
1328	0.96	0	0	48	1	1
1329	0.96	0	0	48	1	1
1330	0.96	0	0	48	1	1
1331	0.96	0	0	48	1	1
1332	0.94	0	1	47	1	1
1333	0.94	0	1	47	1	1
1334	0.94	0	1	47	1	1
1335	0.94	0	1	47	1	1
1336	0.94	0	1	47	1	1
1337	0.94	0	1	47	1	1
1338	0.94	0	1	47	1	1
1339	0.94	0	1	47	1	1
1340	0.94	0	1	47	1	1
1341	0.94	0	1	47	1	1
1342	0.94	0	1	47	1	1
1343	0.94	0	1	47	1	1
1344	0.94	0	1	47	1	1
1345	0.94	0	1	47	1	1
1346	0.94	0	1	47	1	1
1347	0.94	0	1	47	1	1
1348	0.94	0	1	47	1	1
1349	0.94	0	1	47	1	1
1350	0.94	0	1	47	1	1
1351	0.94	0	1	47	1	1
1352	0.94	0	1	47	1	1
1353	0.94	0	1	47	1	1
1354	0.94	0	1	47	1	1
1355	0.94	0	1	47	1	1
1356	0.94	0	1	47	1	1
1357	0.94	0	1	47	1	1
1358	0.94	0	1	47	1	1
1359	0.94	0	1	47	1	1
1360	0.94	0	1	47	1	1
1361	0.92	0	1	46	2	1
1362	0.92	0	1	46	2	1
1363	0.92	0	1	46	2	1
1364	0.92	0	1	46	2	1
1365	0.92	0	1	46	2	1
1366	0.94	0	1	47	2	0
1367	0.94	0	1	47	2	0
1368	0.94	0	1	47	2	0
1369	0.96	0	1	48	1	0
1370	0.94	0	2	47	1	0
1371	0.92	1	2	46	1	0
1372	0.92	1	2	46	1	0
1373	0.92	1	2	46	1	0
1374	0.90	1	2	45	2	0
1375	0.90	1	2	45	2	0
1376	0.90	1	2	45	2	0
1377	0.90	1	2	45	2	0
1378	0.90	1	2	45	2	0
1379	0.90	1	2	45	2	0
1380	0.90	1	2	45	2	0
1381	0.90	1	2	45	2	0
1382	0.92	1	1	46	2	0
1383	0.92	1	1	46	2	0
1384	0.90	1	1	45	3	0
1385	0.90	1	1	45	3	0
1386	0.90	1	1	45	3	0
1387	0.90	1	1	45	3	0
1388	0.90	1	1	45	3	0
1389	0.90	1	1	45	3	0
1390	0.90	1	1	45	3	0
1391	0.90	1	1	45	3	0
1392	0.90	1	1	45	3	0
1393	0.90	1	1	45	3	0
1394	0.88	2	1	44	3	0
1395	0.88	2	1	44	3	0
1396	0.88	2	1	44	3	0
1397	0.88	2	1	44	3	0
1398	0.88	2	1	44	3	0
1399	0.88	2	1	44	3	0
1400	0.86	2	1	43	4	0
1401	0.86	2	1	43	4	0
1402	0.86	2	1	43	4	0
1403	0.86	2	1	43	4	0
1404	0.84	2	1	42	5	0
1405	0.84	2	1	42	5	0
1406	0.84	2	1	42	5	0
1407	0.84	2	1	42	5	0
1408	0.84	2	1	42	5	0
1409	0.84	2	1	42	5	0
1410	0.82	3	1	41	5	0
1411	0.82	3	1	41	5	0
1412	0.82	3	1	41	5	0
1413	0.82	3	1	41	5	0
1414	0.82	3	1	41	5	0
1415	0.82	3	1	41	5	0
1416	0.82	3	1	41	5	0
1417	0.82	3	1	41	5	0
1418	0.82	3	1	41	5	0
1419	0.82	3	1	41	5	0
1420	0.84	3	0	42	5	0
1421	0.86	2	0	43	5	0
1422	0.86	2	0	43	5	0
1423	0.86	2	0	43	5	0
1424	0.88	2	0	44	4	0
1425	0.88	2	0	44	4	0
1426	0.88	2	0	44	4	0
1427	0.88	2	0	44	4	0
1428	0.88	2	0	44	4	0
1429	0.88	2	0	44	4	0
1430	0.88	2	0	44	4	0
1431	0.88	2	0	44	4	0
1432	0.88	2	0	44	4	0
1433	0.88	2	0	44	4	0
1434	0.90	2	0	45	3	0
1435	0.90	2	0	45	3	0
1436	0.90	2	0	45	3	0
1437	0.90	2	0	45	3	0
1438	0.90	2	0	45	3	0
1439	0.90	2	0	45	3	0
1440	0.90	2	0	45	3	0
1441	0.90	2	0	45	3	0
1442	0.90	2	0	45	3	0
1443	0.90	2	0	45	3	0
1444	0.92	1	0	46	3	0
1445	0.92	1	0	46	3	0
1446	0.92	1	0	46	3	0
1447	0.92	1	0	46	3	0
1448	0.92	1	0	46	3	0
1449	0.92	1	0	46	3	0
1450	0.94	1	0	47	2	0
1451	0.94	1	0	47	2	0
1452	0.94	1	0	47	2	0
1453	0.94	1	0	47	2	0
1454	0.96	1	0	48	1	0
1455	0.96	1	0	48	1	0
1456	0.96	1	0	48	1	0
1457	0.96	1	0	48	1	0
1458	0.96	1	0	48	1	0
1459	0.96	1	0	48	1	0
1460	0.98	0	0	49	1	0
1461	1.00	0	0	50	0	0
1462	1.00	0	0	50	0	0
1463	1.00	0	0	50	0	0
1464	1.00	0	0	50	0	0
1465	1.00	0	0	50	0	0
1466	1.00	0	0	50	0	0
1467	1.00	0	0	50	0	0
1468	1.00	0	0	50	0	0
1469	0.98	0	0	49	1	0
1470	0.98	0	0	49	1	0
1471	0.98	0	0	49	1	0
1472	0.98	0	0	49	1	0
1473	0.98	0	0	49	1	0
1474	0.98	0	0	49	1	0
1475	0.98	0	0	49	1	0
1476	0.98	0	0	49	1	0
1477	0.98	0	0	49	1	0
1478	0.98	0	0	49	1	0
1479	0.98	0	0	49	1	0
1480	0.98	0	0	49	1	0
1481	0.98	0	0	49	1	0
1482	0.98	0	0	49	1	0
1483	0.98	0	0	49	1	0
1484	0.98	0	0	49	1	0
1485	0.96	1	0	48	1	0
1486	0.96	1	0	48	1	0
1487	0.96	1	0	48	1	0
1488	0.96	1	0	48	1	0
1489	0.96	1	0	48	1	0
1490	0.96	1	0	48	1	0
1491	0.96	1	0	48	1	0
1492	0.96	1	0	48	1	0
1493	0.96	1	0	48	1	0
1494	0.96	1	0	48	1	0
1495	0.96	1	0	48	1	0
1496	0.96	1	0	48	1	0
1497	0.96	1	0	48	1	0
1498	0.96	1	0	48	1	0
1499	0.94	1	0	47	1	1
1500	0.02	1	0	47	1	1
1501	0.04	1	0	46	2	1
1502	0.06	1	0	45	3	1
1503	0.06	1	0	45	3	1
1504	0.08	1	0	44	4	1
1505	0.10	1	0	43	5	1
1506	0.12	1	0	42	6	1
1507	0.14	1	0	41	7	1
1508	0.16	1	0	40	8	1
1509	0.18	1	0	39	9	1
1510	0.18	1	0	39	9	1
1511	0.20	1	0	38	10	1
1512	0.22	1	0	37	11	1
1513	0.24	1	0	36	12	1
1514	0.26	1	0	35	13	1
1515	0.26	1	1	34	13	1
1516	0.28	1	1	33	14	1
1517	0.28	1	1	33	14	1
1518	0.30	1	1	32	15	1
1519	0.28	1	1	33	14	1
1520	0.28	1	1	33	14	1
1521	0.30	1	1	32	15	1
1522	0.30	1	1	32	15	1
1523	0.32	1	1	31	16	1
1524	0.34	1	1	30	17	1
1525	0.36	1	1	29	18	1
1526	0.38	1	1	28	19	1
1527	0.40	1	1	27	20	1
1528	0.42	1	1	26	21	1
1529	0.42	1	2	25	21	1
1530	0.44	1	2	24	22	1
1531	0.44	1	2	23	22	2
1532	0.46	1	2	22	23	2
1533	0.48	1	2	21	24	2
1534	0.50	1	2	20	25	2
1535	0.52	0	2	20	26	2
1536	0.52	0	2	20	26	2
1537	0.54	0	2	19	27	2
1538	0.54	0	2	19	27	2
1539	0.56	0	2	18	28	2
1540	0.58	0	2	17	29	2
1541	0.60	0	2	16	30	2
1542	0.62	0	2	15	31	2
1543	0.64	0	2	14	32	2
1544	0.66	0	2	13	33	2
1545	0.68	0	2	12	34	2
1546	0.70	0	2	11	35	2
1547	0.72	0	2	10	36	2
1548	0.74	0	2	9	37	2
1549	0.74	0	3	9	37	1
1550	0.76	0	3	8	38	1
1551	0.76	0	3	8	38	1
1552	0.76	0	3	8	38	1
1553	0.78	0	3	7	39	1
1554	0.78	0	3	7	39	1
1555	0.78	0	3	7	39	1
1556	0.78	0	3	7	39	1
1557	0.78	0	3	7	39	1
1558	0.76	0	3	8	38	1
1559	0.76	0	3	8	38	1
1560	0.78	0	3	7	39	1
1561	0.78	0	3	7	39	1
1562	0.76	1	3	7	38	1
1563	0.76	1	3	7	38	1
1564	0.74	2	3	7	37	1
1565	0.76	2	2	7	38	1
1566	0.76	2	2	7	38	1
1567	0.78	2	2	6	39	1
1568	0.78	2	2	6	39	1
1569	0.80	2	2	5	40	1
1570	0.82	2	2	4	41	1
1571	0.82	2	2	4	41	1
1572	0.84	2	2	3	42	1
1573	0.84	2	2	3	42	1
1574	0.84	2	2	3	42	1
1575	0.84	2	2	3	42	1
1576	0.84	2	2	3	42	1
1577	0.84	2	2	3	42	1
1578	0.84	2	2	3	42	1
1579	0.84	2	1	4	42	1
1580	0.84	2	1	4	42	1
1581	0.86	2	1	4	43	0
1582	0.86	2	1	4	43	0
1583	0.86	2	1	4	43	0
1584	0.86	2	1	4	43	0
1585	0.84	2	1	5	42	0
1586	0.86	2	1	4	43	0
1587	0.86	2	1	4	43	0
1588	0.88	2	1	3	44	0
1589	0.88	2	1	3	44	0
1590	0.88	2	1	3	44	0
1591	0.88	2	1	3	44	0
1592	0.88	2	1	3	44	0
1593	0.88	2	1	3	44	0
1594	0.88	2	1	3	44	0
1595	0.88	2	1	3	44	0
1596	0.86	3	1	3	43	0
1597	0.86	3	1	3	43	0
1598	0.86	3	1	3	43	0
1599	0.88	3	0	3	44	0
1600	0.88	3	0	3	44	0
1601	0.88	3	0	3	44	0
1602	0.88	3	0	3	44	0
1603	0.88	3	0	3	44	0
1604	0.88	3	0	3	44	0
1605	0.88	3	0	3	44	0
1606	0.88	3	0	3	44	0
1607	0.88	3	0	3	44	0
1608	0.90	3	0	2	45	0
1609	0.90	3	0	2	45	0
1610	0.90	3	0	2	45	0
1611	0.90	3	0	2	45	0
1612	0.92	2	0	2	46	0
1613	0.92	2	0	2	46	0
1614	0.94	1	0	2	47	0
1615	0.94	1	0	2	47	0
1616	0.94	1	0	2	47	0
1617	0.94	1	0	2	47	0
1618	0.92	1	0	3	46	0
1619	0.92	1	0	3	46	0
1620	0.92	1	0	3	46	0
1621	0.90	1	0	4	45	0
1622	0.90	1	0	4	45	0
1623	0.90	1	0	4	45	0
1624	0.90	1	0	4	45	0
1625	0.90	1	0	4	45	0
1626	0.90	1	0	4	45	0
1627	0.90	1	0	4	45	0
1628	0.90	1	0	4	45	0
1629	0.92	1	0	3	46	0
1630	0.92	1	0	3	46	0
1631	0.92	1	0	3	46	0
1632	0.92	1	0	3	46	0
1633	0.92	1	0	3	46	0
1634	0.92	1	0	3	46	0
1635	0.94	1	0	2	47	0
1636	0.94	1	0	2	47	0
1637	0.94	1	0	2	47	0
1638	0.94	1	0	2	47	0
1639	0.94	1	0	2	47	0
1640	0.94	1	0	2	47	0
1641	0.94	1	0	2	47	0
1642	0.94	1	0	2	47	0
1643	0.94	1	0	2	47	0
1644	0.92	1	0	3	46	0
1645	0.92	1	0	3	46	0
1646	0.94	0	0	3	47	0
1647	0.94	0	0	3	47	0
1648	0.94	0	0	3	47	0
1649	0.94	0	0	3	47	0
1650	0.94	0	0	3	47	0
1651	0.94	0	0	3	47	0
1652	0.94	0	0	3	47	0
1653	0.94	0	0	3	47	0
1654	0.94	0	0	3	47	0
1655	0.94	0	0	3	47	0
1656	0.94	0	0	3	47	0
1657	0.94	0	0	3	47	0
1658	0.94	0	0	3	47	0
1659	0.94	0	0	3	47	0
1660	0.94	0	0	3	47	0
1661	0.92	0	0	4	46	0
1662	0.92	0	0	4	46	0
1663	0.92	0	0	4	46	0
1664	0.92	0	0	4	46	0
1665	0.92	0	0	4	46	0
1666	0.92	0	0	4	46	0
1667	0.92	0	0	4	46	0
1668	0.94	0	0	3	47	0
1669	0.94	0	0	3	47	0
1670	0.94	0	0	3	47	0
1671	0.96	0	0	2	48	0
1672	0.96	0	0	2	48	0
1673	0.96	0	0	2	48	0
1674	0.96	0	0	2	48	0
1675	0.96	0	0	2	48	0
1676	0.96	0	0	2	48	0
1677	0.96	0	0	2	48	0
1678	0.96	0	0	2	48	0
1679	0.96	0	0	2	48	0
1680	0.96	0	0	2	48	0
1681	0.94	0	0	3	47	0
1682	0.94	0	0	3	47	0
1683	0.94	0	0	3	47	0
1684	0.94	0	0	3	47	0
1685	0.92	0	0	4	46	0
1686	0.92	0	0	4	46	0
1687	0.92	0	0	4	46	0
1688	0.92	0	0	4	46	0
1689	0.90	0	0	5	45	0
1690	0.90	0	0	5	45	0
1691	0.90	0	0	5	45	0
1692	0.90	0	0	5	45	0
1693	0.88	0	0	5	44	1
1694	0.90	0	0	4	45	1
1695	0.90	0	0	4	45	1
1696	0.88	0	0	4	44	2
1697	0.88	0	0	4	44	2
1698	0.88	0	0	4	44	2
1699	0.88	0	0	4	44	2
1700	0.88	0	0	4	44	2
1701	0.88	0	0	4	44	2
1702	0.88	0	0	4	44	2
1703	0.88	0	0	4	44	2
1704	0.86	0	0	4	43	3
1705	0.84	0	0	4	42	4
1706	0.84	0	0	4	42	4
1707	0.84	0	0	4	42	4
1708	0.84	0	0	4	42	4
1709	0.84	0	0	4	42	4
1710	0.84	0	0	4	42	4
1711	0.86	0	0	3	43	4
1712	0.86	0	0	3	43	4
1713	0.86	0	0	3	43	4
1714	0.86	0	0	3	43	4
1715	0.86	0	0	3	43	4
1716	0.86	0	0	3	43	4
1717	0.86	0	0	3	43	4
1718	0.86	0	0	3	43	4
1719	0.86	0	0	3	43	4
1720	0.86	0	0	3	43	4
1721	0.84	0	0	3	42	5
1722	0.84	0	0	3	42	5
1723	0.84	0	0	3	42	5
1724	0.84	0	0	3	42	5
1725	0.82	0	0	3	41	6
1726	0.82	0	0	3	41	6
1727	0.80	0	0	3	40	7
1728	0.78	1	0	3	39	7
1729	0.76	2	0	3	38	7
1730	0.76	2	0	3	38	7
1731	0.78	2	0	2	39	7
1732	0.78	2	0	2	39	7
1733	0.78	2	0	2	39	7
1734	0.78	2	0	2	39	7
1735	0.80	2	0	1	40	7
1736	0.80	2	0	1	40	7
1737	0.80	2	0	1	40	7
1738	0.80	2	0	1	40	7
1739	0.80	2	0	0	40	8
1740	0.80	2	0	0	40	8
1741	0.80	2	0	0	40	8
1742	0.80	2	0	0	40	8
1743	0.82	2	0	0	41	7
1744	0.82	2	0	0	41	7
1745	0.82	2	0	0	41	7
1746	0.84	2	0	0	42	6
1747	0.84	2	0	0	42	6
1748	0.82	3	0	0	41	6
1749	0.82	3	0	0	41	6
1750	0.82	3	0	0	41	6
1751	0.82	3	0	0	41	6
1752	0.82	3	0	0	41	6
1753	0.80	3	1	0	40	6
1754	0.82	3	1	0	41	5
1755	0.84	3	1	0	42	4
1756	0.84	3	1	0	42	4
1757	0.84	3	1	0	42	4
1758	0.84	3	1	0	42	4
1759	0.84	3	1	0	42	4
1760	0.84	3	1	0	42	4
1761	0.84	3	1	0	42	4
1762	0.84	3	1	0	42	4
1763	0.84	3	1	0	42	4
1764	0.84	3	1	0	42	4
1765	0.84	3	1	0	42	4
1766	0.84	3	1	0	42	4
1767	0.84	3	1	0	42	4
1768	0.84	3	1	0	42	4
1769	0.84	3	1	0	42	4
1770	0.84	3	1	0	42	4
1771	0.86	3	1	0	43	3
1772	0.86	3	1	0	43	3
1773	0.86	3	1	0	43	3
1774	0.84	4	1	0	42	3
1775	0.86	4	1	0	43	2
1776	0.86	4	1	0	43	2
1777	0.88	4	1	0	44	1
1778	0.90	3	1	0	45	1
1779	0.92	2	1	0	46	1
1780	0.92	2	1	0	46	1
1781	0.92	2	1	0	46	1
1782	0.92	2	1	0	46	1
1783	0.92	2	1	0	46	1
1784	0.92	2	1	0	46	1
1785	0.92	2	1	0	46	1
1786	0.92	2	1	0	46	1
1787	0.92	2	1	0	46	1
1788	0.92	2	1	0	46	1
1789	0.94	2	1	0	47	0
1790	0.94	2	1	0	47	0
1791	0.94	2	1	0	47	0
1792	0.94	2	1	0	47	0
1793	0.94	2	1	0	47	0
1794	0.94	2	1	0	47	0
1795	0.92	3	1	0	46	0
1796	0.92	3	1	0	46	0
1797	0.92	3	1	0	46	0
1798	0.94	2	1	0	47	0
1799	0.94	2	1	0	47	0
1800	0.92	2	2	0	46	0
1801	0.92	2	2	0	46	0
1802	0.92	2	2	0	46	0
1803	0.92	2	1	0	46	1
1804	0.92	2	1	0	46	1
1805	0.92	2	1	0	46	1
1806	0.92	2	1	0	46	1
1807	0.92	2	1	0	46	1
1808	0.92	2	1	0	46	1
1809	0.92	2	1	0	46	1
1810	0.92	2	1	0	46	1
1811	0.92	2	1	0	46	1
1812	0.92	2	1	0	46	1
1813	0.92	2	1	0	46	1
1814	0.92	2	1	0	46	1
1815	0.90	2	2	0	45	1
1816	0.90	2	2	0	45	1
1817	0.90	2	2	0	45	1
1818	0.88	2	3	0	44	1
1819	0.88	2	3	0	44	1
1820	0.88	2	3	0	44	1
1821	0.88	2	3	0	44	1
1822	0.88	2	3	0	44	1
1823	0.88	2	3	0	44	1
1824	0.88	1	3	1	44	1
1825	0.88	1	3	1	44	1
1826	0.88	1	3	1	44	1
1827	0.88	1	3	1	44	1
1828	0.88	1	3	1	44	1
1829	0.88	1	3	1	44	1
1830	0.88	1	3	1	44	1
1831	0.88	1	3	1	44	1
1832	0.88	1	3	1	44	1
1833	0.88	1	3	1	44	1
1834	0.88	1	3	1	44	1
1835	0.88	1	3	1	44	1
1836	0.88	1	3	1	44	1
1837	0.88	1	3	1	44	1
1838	0.88	1	3	1	44	1
1839	0.88	1	3	1	44	1
1840	0.88	1	3	1	44	1
1841	0.86	2	3	1	43	1
1842	0.86	2	3	1	43	1
1843	0.86	2	3	1	43	1
1844	0.86	2	3	1	43	1
1845	0.88	1	3	1	44	1
1846	0.88	1	3	1	44	1
1847	0.88	1	3	1	44	1
1848	0.88	1	3	1	44	1
1849	0.88	1	3	1	44	1
1850	0.90	1	2	1	45	1
1851	0.90	1	2	1	45	1
1852	0.90	1	2	1	45	1
1853	0.92	1	2	1	46	0
1854	0.92	1	2	1	46	0
1855	0.92	1	2	1	46	0
1856	0.92	1	2	1	46	0
1857	0.92	1	2	1	46	0
1858	0.92	1	2	1	46	0
1859	0.92	1	2	1	46	0
1860	0.92	1	2	1	46	0
1861	0.92	1	2	1	46	0
1862	0.92	1	2	1	46	0
1863	0.92	1	2	1	46	0
1864	0.92	1	2	1	46	0
1865	0.94	1	1	1	47	0
1866	0.94	1	1	1	47	0
1867	0.92	1	2	1	46	0
1868	0.94	1	1	1	47	0
1869	0.94	1	1	1	47	0
1870	0.94	1	1	1	47	0
1871	0.94	1	1	1	47	0
1872	0.94	1	1	1	47	0
1873	0.94	1	1	1	47	0
1874	0.96	1	1	0	48	0
1875	0.96	1	1	0	48	0
1876	0.94	1	1	1	47	0
1877	0.94	1	1	1	47	0
1878	0.94	1	1	1	47	0
1879	0.94	1	1	1	47	0
1880	0.94	1	1	1	47	0
1881	0.92	1	1	2	46	0
1882	0.92	1	1	2	46	0
1883	0.92	1	1	2	46	0
1884	0.92	1	1	2	46	0
1885	0.92	1	1	2	46	0
1886	0.92	1	1	2	46	0
1887	0.92	1	1	2	46	0
1888	0.92	1	1	2	46	0
1889	0.92	1	1	2	46	0
1890	0.92	1	1	2	46	0
1891	0.94	0	1	2	47	0
1892	0.94	0	1	2	47	0
1893	0.94	0	1	2	47	0
1894	0.94	0	1	2	47	0
1895	0.94	0	1	2	47	0
1896	0.94	0	1	2	47	0
1897	0.94	0	1	2	47	0
1898	0.94	0	1	2	47	0
1899	0.94	0	1	2	47	0
1900	0.92	1	1	2	46	0
1901	0.92	1	1	2	46	0
1902	0.92	1	1	2	46	0
1903	0.92	1	1	2	46	0
1904	0.92	1	1	2	46	0
1905	0.92	1	1	2	46	0
1906	0.92	1	1	2	46	0
1907	0.92	1	1	2	46	0
1908	0.92	1	1	2	46	0
1909	0.92	1	1	2	46	0
1910	0.92	1	1	2	46	0
1911	0.92	1	1	2	46	0
1912	0.92	1	1	2	46	0
1913	0.90	1	1	3	45	0
1914	0.90	1	1	3	45	0
1915	0.90	1	1	3	45	0
1916	0.90	1	1	3	45	0
1917	0.92	1	0	3	46	0
1918	0.92	1	0	3	46	0
1919	0.92	1	0	3	46	0
1920	0.92	1	0	3	46	0
1921	0.92	1	0	3	46	0
1922	0.92	1	0	3	46	0
1923	0.92	1	0	3	46	0
1924	0.92	1	0	3	46	0
1925	0.92	1	0	3	46	0
1926	0.94	1	0	2	47	0
1927	0.94	1	0	2	47	0
1928	0.94	1	0	2	47	0
1929	0.94	1	0	2	47	0
1930	0.94	1	0	2	47	0
1931	0.96	1	0	1	48	0
1932	0.96	1	0	1	48	0
1933	0.96	1	0	1	48	0
1934	0.96	1	0	1	48	0
1935	0.96	1	0	1	48	0
1936	0.96	1	0	1	48	0
1937	0.96	1	0	1	48	0
1938	0.96	1	0	1	48	0
1939	0.96	1	0	1	48	0
1940	0.96	1	0	1	48	0
1941	0.96	1	0	1	48	0
1942	0.94	1	0	2	47	0
1943	0.94	1	0	2	47	0
1944	0.94	1	0	2	47	0
1945	0.94	1	0	2	47	0
1946	0.94	1	0	2	47	0
1947	0.94	1	0	2	47	0
1948	0.94	1	0	2	47	0
1949	0.92	2	0	2	46	0
1950	0.94	1	0	2	47	0
1951	0.94	1	0	2	47	0
1952	0.92	1	1	2	46	0
1953	0.92	1	1	2	46	0
1954	0.92	1	1	2	46	0
1955	0.90	1	1	3	45	0
1956	0.90	1	1	3	45	0
1957	0.90	1	1	3	45	0
1958	0.90	1	1	3	45	0
1959	0.90	1	1	3	45	0
1960	0.90	1	1	3	45	0
1961	0.88	1	1	4	44	0
1962	0.88	1	1	4	44	0
1963	0.90	1	1	3	45	0
1964	0.90	1	1	3	45	0
1965	0.90	1	1	3	45	0
1966	0.90	1	1	3	45	0
1967	0.90	1	1	3	45	0
1968	0.90	1	1	3	45	0
1969	0.90	1	1	3	45	0
1970	0.90	1	1	3	45	0
1971	0.90	1	1	3	45	0
1972	0.88	1	1	4	44	0
1973	0.88	1	1	4	44	0
1974	0.88	1	1	4	44	0
1975	0.88	1	1	4	44	0
1976	0.88	1	1	4	44	0
1977	0.88	1	1	4	44	0
1978	0.88	1	1	4	44	0
1979	0.88	1	1	4	44	0
1980	0.88	1	1	4	44	0
1981	0.86	1	2	4	43	0
1982	0.86	1	2	4	43	0
1983	0.86	1	2	4	43	0
1984	0.86	1	2	4	43	0
1985	0.86	1	2	4	43	0
1986	0.86	1	2	4	43	0
1987	0.86	1	2	4	43	0
1988	0.86	1	2	4	43	0
1989	0.86	1	2	4	43	0
1990	0.86	1	2	4	43	0
1991	0.84	1	2	4	42	1
1992	0.86	1	2	3	43	1
1993	0.86	1	2	3	43	1
1994	0.86	1	2	3	43	1
1995	0.86	1	2	3	43	1
1996	0.86	1	2	3	43	1
1997	0.86	1	2	3	43	1
1998	0.84	1	3	3	42	1
1999	0.86	0	3	3	43	1
2000	0.02	0	3	3	43	1
2001	0.04	0	3	3	42	2
2002	0.04	0	2	3	43	2
2003	0.06	0	2	3	42	3
2004	0.06	0	2	3	42	3
2005	0.06	0	2	2	43	3
2006	0.08	0	2	2	42	4
2007	0.10	0	2	2	41	5
2008	0.12	0	2	2	40	6
2009	0.12	0	2	2	40	6
2010	0.12	0	2	2	40	6
2011	0.12	0	2	1	41	6
2012	0.12	0	2	1	41	6
2013	0.14	0	2	1	40	7
2014	0.16	0	2	1	39	8
2015	0.18	0	2	1	38	9
2016	0.20	0	2	1	37	10
2017	0.22	0	2	1	36	11
2018	0.24	0	2	1	35	12
2019	0.24	0	2	1	35	12
2020	0.26	0	2	1	34	13
2021	0.26	1	2	1	33	13
2022	0.28	1	2	0	33	14
2023	0.30	1	2	0	32	15
2024	0.32	1	2	0	31	16
2025	0.34	1	2	0	30	17
2026	0.36	1	2	0	29	18
2027	0.38	1	2	0	28	19
2028	0.40	1	2	0	27	20
2029	0.42	1	2	0	26	21
2030	0.42	1	2	0	26	21
2031	0.44	1	1	0	26	22
2032	0.46	1	1	0	25	23
2033	0.48	1	1	0	24	24
2034	0.50	1	1	0	23	25
2035	0.52	1	1	0	22	26
2036	0.52	2	1	0	21	26
2037	0.52	2	1	0	21	26
2038	0.54	2	1	0	20	27
2039	0.56	2	1	0	19	28
2040	0.58	2	1	0	18	29
2041	0.58	2	1	0	18	29
2042	0.60	2	1	0	17	30
2043	0.60	3	1	0	16	30
2044	0.60	3	1	0	16	30
2045	0.62	3	1	0	15	31
2046	0.64	3	1	0	14	32
2047	0.66	3	1	0	13	33
2048	0.68	3	0	0	13	34
2049	0.70	3	0	0	12	35
2050	0.72	3	0	0	11	36
2051	0.70	3	1	0	11	35
2052	0.72	3	1	0	10	36
2053	0.70	3	1	0	11	35
2054	0.70	3	1	1	10	35
2055	0.72	3	1	1	9	36
2056	0.72	3	1	1	9	36
2057	0.70	3	1	2	9	35
2058	0.70	3	1	2	9	35
2059	0.72	3	1	2	8	36
2060	0.74	3	1	2	7	37
2061	0.76	3	1	2	6	38
2062	0.76	3	2	2	5	38
2063	0.76	3	2	2	5	38
2064	0.76	3	2	2	5	38
2065	0.76	3	2	2	5	38
2066	0.76	3	2	2	5	38
2067	0.76	3	2	2	5	38
2068	0.76	3	2	2	5	38
2069	0.78	3	2	2	4	39
2070	0.78	3	2	2	4	39
2071	0.80	2	2	2	4	40
2072	0.80	2	2	2	4	40
2073	0.80	2	2	2	4	40
2074	0.80	2	2	2	4	40
2075	0.80	2	2	2	4	40
2076	0.80	2	2	2	4	40
2077	0.80	2	2	2	4	40
2078	0.80	2	2	2	4	40
2079	0.80	2	2	2	4	40
2080	0.82	2	2	2	3	41
2081	0.82	2	2	2	3	41
2082	0.82	2	2	2	3	41
2083	0.82	2	2	2	3	41
2084	0.82	2	2	2	3	41
2085	0.82	2	2	2	3	41
2086	0.84	1	2	2	3	42
2087	0.86	1	2	2	2	43
2088	0.86	1	2	2	2	43
2089	0.86	1	2	2	2	43
2090	0.86	1	2	2	2	43
2091	0.86	1	2	2	2	43
2092	0.86	1	2	2	2	43
2093	0.88	0	2	2	2	44
2094	0.88	1	2	2	1	44
2095	0.88	1	2	2	1	44
2096	0.88	1	2	2	1	44
2097	0.88	1	2	2	1	44
2098	0.86	1	2	3	1	43
2099	0.86	1	2	3	1	43
2100	0.86	1	2	3	1	43
2101	0.88	1	1	3	1	44
2102	0.86	2	1	3	1	43
2103	0.86	2	1	4	0	43
2104	0.86	3	1	3	0	43
2105	0.86	3	1	3	0	43
2106	0.86	3	1	3	0	43
2107	0.88	3	1	2	0	44
2108	0.88	3	1	2	0	44
2109	0.88	3	1	2	0	44
2110	0.88	3	1	2	0	44
2111	0.88	3	1	2	0	44
2112	0.90	3	0	2	0	45
2113	0.90	3	0	2	0	45
2114	0.90	3	0	2	0	45
2115	0.90	3	0	2	0	45
2116	0.88	4	0	2	0	44
2117	0.88	4	0	2	0	44
2118	0.88	4	0	2	0	44
2119	0.88	4	0	2	0	44
2120	0.88	4	0	2	0	44
2121	0.88	4	0	2	0	44
2122	0.88	4	0	2	0	44
2123	0.88	4	0	2	0	44
2124	0.88	4	0	2	0	44
2125	0.88	4	0	2	0	44
2126	0.88	4	0	2	0	44
2127	0.88	4	0	2	0	44
2128	0.88	4	0	2	0	44
2129	0.88	4	0	2	0	44
2130	0.88	4	0	2	0	44
2131	0.88	4	0	2	0	44
2132	0.88	4	0	2	0	44
2133	0.86	5	0	2	0	43
2134	0.86	5	0	2	0	43
2135	0.86	5	0	2	0	43
2136	0.86	5	0	2	0	43
2137	0.86	5	0	2	0	43
2138	0.86	5	0	2	0	43
2139	0.86	5	0	2	0	43
2140	0.86	5	0	2	0	43
2141	0.86	5	0	2	0	43
2142	0.86	5	0	2	0	43
2143	0.86	5	0	2	0	43
2144	0.88	4	0	2	0	44
2145	0.88	4	0	2	0	44
2146	0.88	4	0	2	0	44
2147	0.88	4	0	2	0	44
2148	0.88	4	0	2	0	44
2149	0.88	4	0	2	0	44
2150	0.88	4	0	2	0	44
2151	0.88	4	0	2	0	44
2152	0.90	3	0	2	0	45
2153	0.92	3	0	1	0	46
2154	0.94	2	0	1	0	47
2155	0.94	2	0	1	0	47
2156	0.94	2	0	1	0	47
2157	0.94	2	0	1	0	47
2158	0.94	2	0	1	0	47
2159	0.94	2	0	1	0	47
2160	0.94	2	0	1	0	47
2161	0.94	2	0	1	0	47
2162	0.94	2	0	1	0	47
2163	0.94	2	0	1	0	47
2164	0.94	2	0	1	0	47
2165	0.94	2	0	1	0	47
2166	0.96	1	0	1	0	48
2167	0.96	1	0	1	0	48
2168	0.96	1	0	1	0	48
2169	0.96	1	0	1	0	48
2170	0.96	1	0	1	0	48
2171	0.96	1	0	1	0	48
2172	0.96	1	0	1	0	48
2173	0.96	1	0	1	0	48
2174	0.96	1	0	1	0	48
2175	0.96	1	0	1	0	48
2176	0.94	1	0	2	0	47
2177	0.94	1	0	2	0	47
2178	0.92	1	1	2	0	46
2179	0.92	1	1	2	0	46
2180	0.92	1	1	2	0	46
2181	0.92	1	1	2	0	46
2182	0.92	1	1	2	0	46
2183	0.94	0	1	2	0	47
2184	0.94	0	1	2	0	47
2185	0.94	0	1	2	0	47
2186	0.94	0	1	2	0	47
2187	0.94	0	1	2	0	47
2188	0.94	0	1	2	0	47
2189	0.94	0	1	2	0	47
2190	0.94	0	1	2	0	47
2191	0.94	0	1	2	0	47
2192	0.94	0	1	2	0	47
2193	0.92	0	1	3	0	46
2194	0.92	0	1	3	0	46
2195	0.92	0	1	3	0	46
2196	0.92	0	1	3	0	46
2197	0.92	0	1	3	0	46
2198	0.94	0	1	2	0	47
2199	0.94	0	1	2	0	47
2200	0.92	0	1	3	0	46
2201	0.92	0	1	3	0	46
2202	0.92	0	1	3	0	46
2203	0.92	0	1	3	0	46
2204	0.92	0	1	3	0	46
2205	0.92	0	1	3	0	46
2206	0.92	0	1	3	0	46
2207	0.90	0	1	3	1	45
2208	0.90	0	1	3	1	45
2209	0.88	1	1	3	1	44
2210	0.88	1	1	3	1	44
2211	0.88	1	1	3	1	44
2212	0.88	1	1	3	1	44
2213	0.88	1	1	3	1	44
2214	0.88	1	1	3	1	44
2215	0.88	1	1	3	1	44
2216	0.88	1	1	3	1	44
2217	0.88	1	1	3	1	44
2218	0.86	1	2	3	1	43
2219	0.86	1	2	3	1	43
2220	0.86	1	2	3	1	43
2221	0.86	1	2	3	1	43
2222	0.86	1	2	3	1	43
2223	0.86	1	2	3	1	43
2224	0.84	1	2	4	1	42
2225	0.82	1	2	5	1	41
2226	0.84	1	2	4	1	42
2227	0.82	1	2	4	2	41
2228	0.84	1	1	4	2	42
2229	0.84	1	1	4	2	42
2230	0.84	1	1	4	2	42
2231	0.84	1	1	4	2	42
2232	0.84	1	1	4	2	42
2233	0.84	1	1	4	2	42
2234	0.82	1	2	4	2	41
2235	0.82	1	2	4	2	41
2236	0.82	1	2	4	2	41
2237	0.82	1	2	4	2	41
2238	0.82	1	2	4	2	41
2239	0.82	1	2	4	2	41
2240	0.82	1	2	4	2	41
2241	0.82	1	2	4	2	41
2242	0.82	1	2	4	2	41
2243	0.84	1	2	3	2	42
2244	0.84	1	2	3	2	42
2245	0.82	1	3	3	2	41
2246	0.82	1	3	3	2	41
2247	0.82	1	3	3	2	41
2248	0.82	1	3	3	2	41
2249	0.82	1	3	3	2	41
2250	0.84	1	3	2	2	42
2251	0.84	1	3	2	2	42
2252	0.84	1	3	2	2	42
2253	0.84	1	3	2	2	42
2254	0.84	1	3	2	2	42
2255	0.84	1	3	2	2	42
2256	0.84	1	3	2	2	42
2257	0.86	1	3	2	1	43
2258	0.86	1	3	2	1	43
2259	0.88	0	3	2	1	44
2260	0.88	0	3	2	1	44
2261	0.88	0	3	2	1	44
2262	0.88	0	3	2	1	44
2263	0.86	0	3	2	2	43
2264	0.86	0	3	2	2	43
2265	0.86	0	3	2	2	43
2266	0.86	0	3	2	2	43
2267	0.86	0	3	2	2	43
2268	0.88	0	2	2	2	44
2269	0.86	0	2	2	3	43
2270	0.86	0	2	2	3	43
2271	0.86	0	2	2	3	43
2272	0.86	0	2	2	3	43
2273	0.84	0	2	2	4	42
2274	0.84	0	2	1	5	42
2275	0.84	0	2	0	6	42
2276	0.84	0	2	0	6	42
2277	0.86	0	2	0	5	43
2278	0.86	0	2	0	5	43
2279	0.86	0	2	0	5	43
2280	0.86	0	2	0	5	43
2281	0.86	0	2	0	5	43
2282	0.86	0	2	0	5	43
2283	0.86	0	2	0	5	43
2284	0.88	0	1	0	5	44
2285	0.88	0	1	0	5	44
2286	0.88	0	1	0	5	44
2287	0.88	0	1	0	5	44
2288	0.88	0	1	0	5	44
2289	0.88	0	1	0	5	44
2290	0.88	0	1	0	5	44
2291	0.88	0	1	0	5	44
2292	0.86	0	1	0	6	43
2293	0.86	0	1	0	6	43
2294	0.86	0	1	0	6	43
2295	0.88	0	0	0	6	44
2296	0.88	0	0	0	6	44
2297	0.88	0	0	0	6	44
2298	0.88	0	0	0	6	44
2299	0.88	0	0	0	6	44
2300	0.88	0	0	0	6	44
2301	0.88	0	0	0	6	44
2302	0.88	0	0	0	6	44
2303	0.88	0	0	0	6	44
2304	0.88	0	0	0	6	44
2305	0.88	0	0	0	6	44
2306	0.88	0	0	0	6	44
2307	0.88	0	0	0	6	44
2308	0.88	0	0	0	6	44
2309	0.88	0	0	0	6	44
2310	0.88	0	0	0	6	44
2311	0.88	0	0	0	6	44
2312	0.88	0	0	0	6	44
2313	0.90	0	0	0	5	45
2314	0.88	0	1	0	5	44
2315	0.88	0	1	0	5	44
2316	0.88	0	1	0	5	44
2317	0.88	0	1	0	5	44
2318	0.88	0	1	0	5	44
2319	0.90	0	1	0	4	45
2320	0.90	0	1	0	4	45
2321	0.90	0	1	0	4	45
2322	0.90	0	1	0	4	45
2323	0.92	0	1	0	3	46
2324	0.92	1	1	0	2	46
2325	0.94	1	1	0	1	47
2326	0.94	1	1	0	1	47
2327	0.94	1	1	0	1	47
2328	0.94	1	1	0	1	47
2329	0.94	1	1	0	1	47
2330	0.94	1	1	0	1	47
2331	0.94	1	1	0	1	47
2332	0.94	1	1	0	1	47
2333	0.94	1	1	0	1	47
2334	0.94	1	1	0	1	47
2335	0.94	1	1	0	1	47
2336	0.94	1	1	0	1	47
2337	0.92	2	1	0	1	46
2338	0.92	2	1	0	1	46
2339	0.92	2	1	0	1	46
2340	0.92	2	1	0	1	46
2341	0.92	2	1	0	1	46
2342	0.94	2	1	0	0	47
2343	0.94	2	1	0	0	47
2344	0.94	2	1	0	0	47
2345	0.94	2	1	0	0	47
2346	0.94	2	1	0	0	47
2347	0.94	2	1	0	0	47
2348	0.94	2	1	0	0	47
2349	0.94	2	1	0	0	47
2350	0.94	2	1	0	0	47
2351	0.94	2	1	0	0	47
2352	0.94	2	1	0	0	47
2353	0.94	2	1	0	0	47
2354	0.94	2	1	0	0	47
2355	0.92	3	1	0	0	46
2356	0.92	3	1	0	0	46
2357	0.92	3	1	0	0	46
2358	0.92	3	1	0	0	46
2359	0.92	3	1	0	0	46
2360	0.92	3	1	0	0	46
2361	0.92	3	1	0	0	46
2362	0.92	3	1	0	0	46
2363	0.92	3	1	0	0	46
2364	0.94	3	0	0	0	47
2365	0.94	3	0	0	0	47
2366	0.94	3	0	0	0	47
2367	0.94	3	0	0	0	47
2368	0.94	3	0	0	0	47
2369	0.94	3	0	0	0	47
2370	0.94	3	0	0	0	47
2371	0.94	3	0	0	0	47
2372	0.94	3	0	0	0	47
2373	0.94	3	0	0	0	47
2374	0.96	2	0	0	0	48
2375	0.96	2	0	0	0	48
2376	0.96	2	0	0	0	48
2377	0.96	2	0	0	0	48
2378	0.96	2	0	0	0	48
2379	0.96	2	0	0	0	48
2380	0.96	2	0	0	0	48
2381	0.96	2	0	0	0	48
2382	0.96	2	0	0	0	48
2383	0.96	2	0	0	0	48
2384	0.96	2	0	0	0	48
2385	0.96	2	0	0	0	48
2386	0.96	2	0	0	0	48
2387	0.98	1	0	0	0	49
2388	0.98	1	0	0	0	49
2389	0.98	1	0	0	0	49
2390	0.98	1	0	0	0	49
2391	0.98	1	0	0	0	49
2392	0.98	1	0	0	0	49
2393	0.98	1	0	0	0	49
2394	0.98	1	0	0	0	49
2395	0.98	1	0	0	0	49
2396	0.98	1	0	0	0	49
2397	0.98	1	0	0	0	49
2398	0.98	1	0	0	0	49
2399	0.98	1	0	0	0	49
2400	0.98	1	0	0	0	49
2401	0.98	1	0	0	0	49
2402	0.98	1	0	0	0	49
2403	0.98	1	0	0	0	49
2404	0.98	1	0	0	0	49
2405	1.00	0	0	0	0	50
2406	0.98	1	0	0	0	49
2407	0.98	1	0	0	0	49
2408	0.98	1	0	0	0	49
2409	0.98	1	0	0	0	49
2410	0.98	1	0	0	0	49
2411	0.96	1	0	0	1	48
2412	0.96	1	0	0	1	48
2413	0.96	1	0	0	1	48
2414	0.96	1	0	0	1	48
2415	0.96	1	0	0	1	48
2416	0.96	1	0	0	1	48
2417	0.96	1	0	0	1	48
2418	0.96	1	0	0	1	48
2419	0.96	1	0	0	1	48
2420	0.96	1	0	0	1	48
2421	0.96	1	0	0	1	48
2422	0.96	1	0	0	1	48
2423	0.96	1	0	0	1	48
2424	0.94	1	0	1	1	47
2425	0.94	1	0	1	1	47
2426	0.94	1	0	1	1	47
2427	0.92	1	0	2	1	46
2428	0.92	1	0	2	1	46
2429	0.92	1	0	2	1	46
2430	0.92	1	0	2	1	46
2431	0.92	1	0	2	1	46
2432	0.92	1	0	2	1	46
2433	0.92	1	0	2	1	46
2434	0.92	1	0	2	1	46
2435	0.92	1	0	2	1	46
2436	0.92	1	0	2	1	46
2437	0.92	1	0	2	1	46
2438	0.92	1	0	2	1	46
2439	0.90	1	0	2	2	45
2440	0.90	1	0	2	2	45
2441	0.90	1	0	2	2	45
2442	0.90	1	0	2	2	45
2443	0.90	1	0	2	2	45
2444	0.90	1	0	2	2	45
2445	0.90	1	0	2	2	45
2446	0.90	1	0	2	2	45
2447	0.90	1	0	2	2	45
2448	0.90	1	0	2	2	45
2449	0.90	1	0	2	2	45
2450	0.90	1	0	2	2	45
2451	0.90	1	0	2	2	45
2452	0.90	1	0	2	2	45
2453	0.90	1	0	2	2	45
2454	0.90	1	0	2	2	45
2455	0.90	1	0	2	2	45
2456	0.92	0	0	2	2	46
2457	0.92	0	0	2	2	46
2458	0.92	0	0	2	2	46
2459	0.92	0	0	2	2	46
2460	0.92	0	0	2	2	46
2461	0.94	0	0	2	1	47
2462	0.94	0	0	2	1	47
2463	0.94	0	0	2	1	47
2464	0.94	0	0	2	1	47
2465	0.92	0	0	2	2	46
2466	0.92	0	0	2	2	46
2467	0.92	0	0	2	2	46
2468	0.92	0	0	2	2	46
2469	0.92	0	0	2	2	46
2470	0.92	0	0	2	2	46
2471	0.92	0	0	2	2	46
2472	0.92	0	0	2	2	46
2473	0.92	0	0	2	2	46
2474	0.94	0	0	1	2	47
2475	0.94	0	0	1	2	47
2476	0.94	0	0	1	2	47
2477	0.96	0	0	0	2	48
2478	0.96	0	0	0	2	48
2479	0.94	0	0	0	3	47
2480	0.94	0	0	0	3	47
2481	0.94	0	0	0	3	47
2482	0.94	0	0	0	3	47
2483	0.94	0	0	0	3	47
2484	0.94	0	0	0	3	47
2485	0.94	0	0	0	3	47
2486	0.94	0	0	0	3	47
2487	0.94	0	0	0	3	47
2488	0.94	0	0	0	3	47
2489	0.96	0	0	0	2	48
2490	0.94	1	0	0	2	47
2491	0.94	1	0	0	2	47
2492	0.94	1	0	0	2	47
2493	0.94	1	0	0	2	47
2494	0.94	1	0	0	2	47
2495	0.94	1	0	0	2	47
2496	0.94	1	0	0	2	47
2497	0.94	1	0	0	2	47
2498	0.94	1	0	0	2	47
2499	0.94	1	0	0	2	47
2500	0.02	1	0	0	2	47
2501	0.04	2	0	0	2	46
2502	0.04	2	0	0	2	46
2503	0.06	3	0	0	2	45
2504	0.08	4	0	0	2	44
2505	0.10	5	0	0	2	43
2506	0.12	6	0	0	2	42
2507	0.12	6	0	0	2	42
2508	0.12	6	0	0	2	42
2509	0.14	7	0	0	2	41
2510	0.16	8	0	0	2	40
2511	0.18	9	0	0	2	39
2512	0.20	10	0	0	2	38
2513	0.20	10	0	0	2	38
2514	0.22	11	0	0	2	37
2515	0.22	11	0	0	1	38
2516	0.22	11	0	0	1	38
2517	0.24	12	0	0	1	37
2518	0.26	13	0	0	1	36
2519	0.28	14	0	0	1	35
2520	0.28	14	0	0	2	34
2521	0.30	15	0	0	2	33
2522	0.30	15	0	0	2	33
2523	0.32	16	0	0	2	32
2524	0.34	17	0	0	2	31
2525	0.36	18	0	0	2	30
2526	0.38	19	0	0	2	29
2527	0.40	20	0	0	2	28
2528	0.42	21	0	0	2	27
2529	0.44	22	0	0	1	27
2530	0.46	23	0	0	1	26
2531	0.48	24	0	0	1	25
2532	0.50	25	0	0	1	24
2533	0.52	26	0	0	1	23
2534	0.54	27	0	0	1	22
2535	0.56	28	0	0	1	21
2536	0.58	29	0	0	1	20
2537	0.60	30	0	0	1	19
2538	0.62	31	0	0	1	18
2539	0.64	32	0	0	1	17
2540	0.64	32	0	0	1	17
2541	0.66	33	0	0	1	16
2542	0.68	34	0	0	1	15
2543	0.70	35	0	0	1	14
2544	0.72	36	0	0	1	13
2545	0.74	37	0	0	1	12
2546	0.76	38	0	0	1	11
2547	0.76	38	0	0	2	10
2548	0.76	38	0	0	2	10
2549	0.76	38	0	1	2	9
2550	0.78	39	0	1	2	8
2551	0.78	39	0	1	2	8
2552	0.80	40	0	1	2	7
2553	0.80	40	0	1	2	7
2554	0.80	40	0	1	2	7
2555	0.80	40	0	1	2	7
2556	0.80	40	0	1	2	7
2557	0.82	41	0	1	2	6
2558	0.84	42	0	1	2	5
2559	0.84	42	0	1	2	5
2560	0.84	42	0	1	2	5
2561	0.84	42	0	1	2	5
2562	0.84	42	0	1	2	5
2563	0.86	43	0	1	2	4
2564	0.86	43	0	1	2	4
2565	0.86	43	1	1	2	3
2566	0.86	43	1	1	2	3
2567	0.86	43	1	1	2	3
2568	0.86	43	1	1	2	3
2569	0.86	43	1	1	2	3
2570	0.88	44	1	1	1	3
2571	0.88	44	1	1	1	3
2572	0.90	45	1	1	1	2
2573	0.90	45	1	1	1	2
2574	0.90	45	1	1	1	2
2575	0.90	45	1	1	1	2
2576	0.88	44	1	1	1	3
2577	0.88	44	1	1	1	3
2578	0.88	44	1	1	1	3
2579	0.86	43	1	1	1	4
2580	0.86	43	1	1	1	4
2581	0.86	43	1	1	1	4
2582	0.86	43	1	1	1	4
2583	0.86	43	1	1	1	4
2584	0.86	43	1	1	1	4
2585	0.86	43	1	1	1	4
2586	0.86	43	1	1	1	4
2587	0.86	43	1	1	1	4
2588	0.84	42	1	1	1	5
2589	0.84	42	1	1	1	5
2590	0.84	42	1	1	1	5
2591	0.84	42	1	1	1	5
2592	0.84	42	1	1	1	5
2593	0.84	42	1	1	1	5
2594	0.84	42	1	1	1	5
2595	0.82	41	1	2	1	5
2596	0.82	41	1	2	1	5
2597	0.84	42	1	2	0	5
2598	0.86	43	1	2	0	4
2599	0.88	44	1	1	0	4
2600	0.88	44	1	1	0	4
2601	0.88	44	1	1	0	4
2602	0.88	44	1	1	0	4
2603	0.88	44	1	1	0	4
2604	0.88	44	1	1	0	4
2605	0.88	44	1	1	0	4
2606	0.88	44	1	1	0	4
2607	0.88	44	1	1	0	4
2608	0.88	44	1	1	0	4
2609	0.88	44	1	1	0	4
2610	0.88	44	1	1	0	4
2611	0.88	44	1	1	0	4
2612	0.88	44	1	1	0	4
2613	0.88	44	1	1	0	4
2614	0.88	44	1	1	0	4
2615	0.90	45	0	1	0	4
2616	0.92	46	0	1	0	3
2617	0.92	46	0	1	0	3
2618	0.92	46	0	1	0	3
2619	0.92	46	0	1	0	3
2620	0.92	46	0	1	0	3
2621	0.92	46	0	1	0	3
2622	0.92	46	0	1	0	3
2623	0.92	46	0	1	0	3
2624	0.92	46	0	1	0	3
2625	0.92	46	0	1	0	3
2626	0.94	47	0	1	0	2
2627	0.94	47	0	1	0	2
2628	0.94	47	0	1	0	2
2629	0.96	48	0	1	0	1
2630	0.96	48	0	1	0	1
2631	0.96	48	0	1	0	1
2632	0.96	48	0	1	0	1
2633	0.96	48	0	1	0	1
2634	0.96	48	0	1	0	1
2635	0.96	48	0	1	0	1
2636	0.96	48	0	1	0	1
2637	0.96	48	0	1	0	1
2638	0.98	49	0	1	0	0
2639	0.98	49	0	1	0	0
2640	0.98	49	0	1	0	0
2641	0.98	49	0	1	0	0
2642	0.98	49	0	1	0	0
2643	0.98	49	0	1	0	0
2644	0.98	49	0	1	0	0
2645	1.00	50	0	0	0	0
2646	1.00	50	0	0	0	0
2647	1.00	50	0	0	0	0
2648	1.00	50	0	0	0	0
2649	1.00	50	0	0	0	0
2650	1.00	50	0	0	0	0
2651	1.00	50	0	0	0	0
2652	1.00	50	0	0	0	0
2653	1.00	50	0	0	0	0
2654	1.00	50	0	0	0	0
2655	1.00	50	0	0	0	0
2656	1.00	50	0	0	0	0
2657	1.00	50	0	0	0	0
2658	1.00	50	0	0	0	0
2659	0.98	49	0	0	0	1
2660	0.98	49	0	0	0	1
2661	0.98	49	0	0	0	1
2662	0.98	49	0	0	0	1
2663	0.98	49	0	0	0	1
2664	0.98	49	0	0	0	1
2665	0.98	49	0	0	0	1
2666	0.98	49	0	0	0	1
2667	0.98	49	0	0	0	1
2668	0.98	49	0	0	0	1
2669	0.98	49	0	0	0	1
2670	0.98	49	0	0	0	1
2671	0.98	49	0	0	0	1
2672	0.98	49	0	0	0	1
2673	0.98	49	0	0	0	1
2674	0.96	48	0	0	0	2
2675	0.96	48	0	0	0	2
2676	0.96	48	0	0	0	2
2677	0.96	48	0	0	0	2
2678	0.96	48	0	0	0	2
2679	0.96	48	0	0	0	2
2680	0.96	48	0	0	0	2
2681	0.96	48	0	0	0	2
2682	0.96	48	0	0	0	2
2683	0.96	48	0	0	0	2
2684	0.96	48	0	0	0	2
2685	0.96	48	0	0	0	2
2686	0.96	48	0	0	0	2
2687	0.96	48	0	0	0	2
2688	0.96	48	0	0	0	2
2689	0.94	47	0	1	0	2
2690	0.94	47	0	1	0	2
2691	0.94	47	0	1	0	2
2692	0.94	47	0	1	0	2
2693	0.94	47	0	1	0	2
2694	0.94	47	0	1	0	2
2695	0.94	47	0	1	0	2
2696	0.94	47	0	1	0	2
2697	0.94	47	0	1	0	2
2698	0.94	47	0	1	0	2
2699	0.94	47	0	1	0	2
2700	0.94	47	0	1	0	2
2701	0.94	47	0	1	0	2
2702	0.94	47	0	1	0	2
2703	0.94	47	0	1	0	2
2704	0.94	47	0	1	0	2
2705	0.94	47	0	1	0	2
2706	0.92	46	0	1	0	3
2707	0.92	46	0	1	0	3
2708	0.92	46	0	1	0	3
2709	0.94	47	0	1	0	2
2710	0.94	47	0	1	0	2
2711	0.94	47	0	1	0	2
2712	0.94	47	0	1	0	2
2713	0.92	46	0	1	1	2
2714	0.90	45	0	1	1	3
2715	0.90	45	0	1	1	3
2716	0.90	45	0	1	1	3
2717	0.90	45	0	1	1	3
2718	0.90	45	0	1	1	3
2719	0.90	45	0	1	1	3
2720	0.90	45	0	1	1	3
2721	0.90	45	0	1	1	3
2722	0.88	44	0	2	1	3
2723	0.88	44	0	2	1	3
2724	0.90	45	0	2	1	2
2725	0.90	45	0	2	1	2
2726	0.90	45	0	2	1	2
2727	0.90	45	0	2	1	2
2728	0.90	45	0	2	1	2
2729	0.90	45	0	2	1	2
2730	0.90	45	0	2	1	2
2731	0.90	45	0	2	1	2
2732	0.90	45	0	2	1	2
2733	0.90	45	0	2	1	2
2734	0.90	45	0	2	1	2
2735	0.90	45	0	2	1	2
2736	0.90	45	0	2	1	2
2737	0.90	45	0	2	1	2
2738	0.90	45	0	2	1	2
2739	0.92	46	0	1	1	2
2740	0.92	46	0	1	1	2
2741	0.92	46	0	1	1	2
2742	0.92	46	0	1	1	2
2743	0.92	46	0	1	1	2
2744	0.92	46	0	1	1	2
2745	0.90	45	1	1	1	2
2746	0.90	45	1	1	1	2
2747	0.90	45	1	1	1	2
2748	0.88	44	2	1	1	2
2749	0.88	44	2	1	1	2
2750	0.88	44	2	1	1	2
2751	0.88	44	2	1	1	2
2752	0.88	44	2	1	1	2
2753	0.88	44	2	1	1	2
2754	0.88	44	2	1	1	2
2755	0.88	44	2	1	1	2
2756	0.90	45	2	1	1	1
2757	0.90	45	2	1	1	1
2758	0.90	45	2	1	1	1
2759	0.90	45	2	1	1	1
2760	0.90	45	2	1	1	1
2761	0.90	45	2	1	1	1
2762	0.90	45	2	1	1	1
2763	0.92	46	2	1	0	1
2764	0.92	46	3	1	0	0
2765	0.92	46	3	1	0	0
2766	0.92	46	3	1	0	0
2767	0.90	45	3	2	0	0
2768	0.90	45	3	2	0	0
2769	0.90	45	3	2	0	0
2770	0.90	45	3	2	0	0
2771	0.90	45	3	2	0	0
2772	0.92	46	3	1	0	0
2773	0.92	46	3	1	0	0
2774	0.92	46	3	1	0	0
2775	0.92	46	3	1	0	0
2776	0.92	46	3	1	0	0
2777	0.92	46	3	1	0	0
2778	0.92	46	3	1	0	0
2779	0.92	46	3	1	0	0
2780	0.92	46	3	1	0	0
2781	0.92	46	3	1	0	0
2782	0.92	46	3	1	0	0
2783	0.92	46	3	1	0	0
2784	0.92	46	3	1	0	0
2785	0.92	46	3	1	0	0
2786	0.92	46	3	1	0	0
2787	0.92	46	3	1	0	0
2788	0.92	46	3	1	0	0
2789	0.92	46	3	1	0	0
2790	0.92	46	3	1	0	0
2791	0.92	46	3	1	0	0
2792	0.92	46	3	1	0	0
2793	0.92	46	3	1	0	0
2794	0.92	46	3	1	0	0
2795	0.94	47	2	1	0	0
2796	0.94	47	2	1	0	0
2797	0.94	47	2	1	0	0
2798	0.96	48	1	1	0	0
2799	0.94	47	1	1	1	0
2800	0.94	47	1	1	1	0
2801	0.94	47	1	1	1	0
2802	0.92	46	1	2	1	0
2803	0.92	46	1	2	1	0
2804	0.92	46	1	2	1	0
2805	0.92	46	1	2	1	0
2806	0.92	46	1	2	1	0
2807	0.92	46	1	2	1	0
2808	0.92	46	1	2	1	0
2809	0.92	46	1	2	1	0
2810	0.92	46	1	2	1	0
2811	0.92	46	1	2	1	0
2812	0.92	46	1	2	1	0
2813	0.92	46	1	2	1	0
2814	0.94	47	0	2	1	0
2815	0.94	47	0	2	1	0
2816	0.92	46	0	2	2	0
2817	0.94	47	0	1	2	0
2818	0.94	47	0	1	2	0
2819	0.94	47	0	1	2	0
2820	0.94	47	0	1	2	0
2821	0.92	46	0	1	3	0
2822	0.92	46	0	1	3	0
2823	0.92	46	0	1	3	0
2824	0.92	46	0	1	3	0
2825	0.92	46	0	1	3	0
2826	0.92	46	0	1	3	0
2827	0.90	45	0	2	3	0
2828	0.90	45	0	2	3	0
2829	0.90	45	0	2	3	0
2830	0.90	45	0	2	3	0
2831	0.90	45	0	2	3	0
2832	0.90	45	0	2	3	0
2833	0.90	45	0	2	3	0
2834	0.90	45	0	2	3	0
2835	0.90	45	0	2	3	0
2836	0.90	45	0	2	3	0
2837	0.90	45	0	2	3	0
2838	0.88	44	1	2	3	0
2839	0.88	44	1	2	3	0
2840	0.88	44	1	2	3	0
2841	0.88	44	1	2	3	0
2842	0.88	44	1	2	3	0
2843	0.88	44	1	2	3	0
2844	0.88	44	1	2	3	0
2845	0.88	44	1	2	3	0
2846	0.88	44	1	2	3	0
2847	0.88	44	1	2	3	0
2848	0.88	44	1	2	3	0
2849	0.90	45	1	2	2	0
2850	0.90	45	1	2	2	0
2851	0.90	45	1	2	2	0
2852	0.92	46	1	1	2	0
2853	0.90	45	1	1	3	0
2854	0.90	45	1	1	3	0
2855	0.90	45	1	1	3	0
2856	0.90	45	1	1	3	0
2857	0.90	45	1	1	3	0
2858	0.90	45	1	1	3	0
2859	0.90	45	1	1	3	0
2860	0.90	45	1	1	3	0
2861	0.90	45	1	1	3	0
2862	0.90	45	1	1	3	0
2863	0.90	45	1	1	3	0
2864	0.90	45	1	1	3	0
2865	0.90	45	1	1	3	0
2866	0.92	46	1	1	2	0
2867	0.92	46	1	1	2	0
2868	0.92	46	1	1	2	0
2869	0.92	46	1	1	2	0
2870	0.92	46	1	1	2	0
2871	0.94	47	1	1	1	0
2872	0.94	47	1	1	1	0
2873	0.94	47	1	1	1	0
2874	0.94	47	1	1	1	0
2875	0.94	47	1	1	1	0
2876	0.94	47	1	1	1	0
2877	0.96	48	1	0	1	0
2878	0.96	48	1	0	1	0
2879	0.96	48	1	0	1	0
2880	0.94	47	1	0	2	0
2881	0.94	47	1	0	2	0
2882	0.94	47	1	0	2	0
2883	0.94	47	1	0	2	0
2884	0.92	46	1	0	2	1
2885	0.92	46	1	0	2	1
2886	0.92	46	1	0	2	1
2887	0.92	46	1	0	2	1
2888	0.94	47	0	0	2	1
2889	0.94	47	0	0	2	1
2890	0.94	47	0	0	2	1
2891	0.94	47	0	0	2	1
2892	0.94	47	0	0	2	1
2893	0.94	47	0	0	2	1
2894	0.94	47	0	0	2	1
2895	0.94	47	0	0	2	1
2896	0.92	46	1	0	2	1
2897	0.92	46	1	0	2	1
2898	0.92	46	1	0	2	1
2899	0.92	46	1	0	2	1
2900	0.92	46	1	0	2	1
2901	0.92	46	1	0	2	1
2902	0.92	46	1	0	2	1
2903	0.94	47	1	0	1	1
2904	0.94	47	1	0	1	1
2905	0.94	47	1	0	1	1
2906	0.94	47	1	0	1	1
2907	0.92	46	1	0	2	1
2908	0.92	46	1	0	2	1
2909	0.92	46	1	0	2	1
2910	0.92	46	1	0	2	1
2911	0.90	45	1	1	2	1
2912	0.90	45	1	1	2	1
2913	0.90	45	1	1	2	1
2914	0.90	45	1	1	2	1
2915	0.90	45	1	1	2	1
2916	0.90	45	1	1	2	1
2917	0.90	45	1	1	2	1
2918	0.90	45	1	1	2	1
2919	0.90	45	1	1	2	1
2920	0.90	45	1	1	2	1
2921	0.88	44	1	2	2	1
2922	0.88	44	1	2	2	1
2923	0.88	44	1	2	2	1
2924	0.88	44	1	2	2	1
2925	0.88	44	1	2	2	1
2926	0.88	44	1	2	2	1
2927	0.88	44	1	2	2	1
2928	0.88	44	1	2	2	1
2929	0.88	44	1	2	2	1
2930	0.90	45	1	2	1	1
2931	0.90	45	1	2	1	1
2932	0.90	45	1	2	1	1
2933	0.90	45	1	2	1	1
2934	0.92	46	1	2	1	0
2935	0.90	45	1	3	1	0
2936	0.90	45	1	3	1	0
2937	0.90	45	1	3	1	0
2938	0.90	45	1	3	1	0
2939	0.90	45	1	3	1	0
2940	0.90	45	1	3	1	0
2941	0.90	45	1	3	1	0
2942	0.90	45	1	3	1	0
2943	0.88	44	1	4	1	0
2944	0.88	44	1	4	1	0
2945	0.88	44	1	4	1	0
2946	0.90	45	0	4	1	0
2947	0.88	44	1	4	1	0
2948	0.88	44	1	4	1	0
2949	0.88	44	1	4	1	0
2950	0.88	44	1	4	1	0
2951	0.88	44	1	4	1	0
2952	0.88	44	1	4	1	0
2953	0.88	44	1	4	1	0
2954	0.88	44	1	4	1	0
2955	0.88	44	1	4	1	0
2956	0.88	44	1	4	1	0
2957	0.90	45	1	4	0	0
2958	0.90	45	1	4	0	0
2959	0.90	45	1	4	0	0
2960	0.90	45	1	4	0	0
2961	0.92	46	1	3	0	0
2962	0.92	46	1	3	0	0
2963	0.92	46	1	3	0	0
2964	0.92	46	1	3	0	0
2965	0.92	46	1	3	0	0
2966	0.92	46	1	3	0	0
2967	0.90	45	1	3	1	0
2968	0.90	45	1	3	1	0
2969	0.90	45	1	3	1	0
2970	0.90	45	1	3	1	0
2971	0.92	46	1	2	1	0
2972	0.92	46	1	2	1	0
2973	0.92	46	1	2	1	0
2974	0.92	46	1	2	1	0
2975	0.92	46	1	2	1	0
2976	0.92	46	1	2	1	0
2977	0.92	46	1	2	1	0
2978	0.92	46	1	2	1	0
2979	0.92	46	1	2	1	0
2980	0.92	46	1	2	1	0
2981	0.92	46	1	2	1	0
2982	0.92	46	1	2	1	0
2983	0.92	46	1	2	1	0
2984	0.92	46	1	2	1	0
2985	0.94	47	1	1	1	0
2986	0.94	47	1	1	1	0
2987	0.94	47	1	1	1	0
2988	0.94	47	1	1	1	0
2989	0.94	47	1	1	1	0
2990	0.94	47	1	1	1	0
2991	0.94	47	1	1	1	0
2992	0.92	46	1	1	2	0
2993	0.94	47	1	0	2	0
2994	0.94	47	1	0	2	0
2995	0.92	46	1	0	3	0
2996	0.92	46	1	0	3	0
2997	0.94	47	0	0	3	0
2998	0.94	47	0	0	3	0
2999	0.94	47	0	0	3	0
