timestep	swarm_quality	color_0	color_1	color_2	color_3	color_4
0	0.68	34	3	3	5	5
1	0.68	34	3	3	5	5
2	0.68	34	3	3	5	5
3	0.68	34	3	3	5	5
4	0.68	34	3	3	5	5
5	0.68	34	3	3	5	5
6	0.68	34	3	3	5	5
7	0.68	34	3	3	5	5
8	0.68	34	3	3	5	5
9	0.68	34	3	3	5	5
10	0.66	33	3	3	5	6
11	0.66	33	3	3	5	6
12	0.66	33	3	3	5	6
13	0.66	33	3	3	5	6
14	0.66	33	3	3	5	6
15	0.66	33	3	3	5	6
16	0.66	33	3	3	5	6
17	0.66	33	3	3	5	6
18	0.66	33	3	3	5	6
19	0.66	33	3	3	5	6
20	0.66	33	3	3	5	6
21	0.66	33	3	3	5	6
22	0.64	32	3	3	6	6
23	0.64	32	3	3	6	6
24	0.64	32	3	3	6	6
25	0.64	32	3	3	6	6
26	0.64	32	3	3	6	6
27	0.64	32	3	3	6	6
28	0.64	32	3	3	6	6
29	0.64	32	3	3	6	6
30	0.64	32	3	3	6	6
31	0.64	32	3	3	6	6
32	0.64	32	3	3	6	6
33	0.64	32	3	3	6	6
34	0.64	32	3	3	6	6
35	0.66	33	3	3	6	5
36	0.68	34	3	3	5	5
37	0.70	35	3	3	4	5
38	0.72	36	3	2	4	5
39	0.74	37	3	2	3	5
40	0.76	38	2	2	3	5
41	0.78	39	2	2	2	5
42	0.80	40	2	1	2	5
43	0.80	40	2	1	2	5
44	0.82	41	2	1	2	4
45	0.84	42	2	1	2	3
46	0.86	43	1	1	2	3
47	0.88	44	1	0	2	3
48	0.90	45	1	0	2	2
49	0.92	46	1	0	1	2
50	0.94	47	0	0	1	2
51	0.94	47	0	0	1	2
52	0.94	47	0	0	1	2
53	0.94	47	0	0	1	2
54	0.94	47	0	0	1	2
55	0.94	47	0	0	1	2
56	0.94	47	0	0	1	2
57	0.94	47	0	0	1	2
58	0.94	47	0	0	1	2
59	0.94	47	0	0	1	2
60	0.96	48	0	0	1	1
61	0.96	48	0	0	1	1
62	0.96	48	0	0	1	1
63	0.96	48	0	0	1	1
64	0.96	48	0	0	1	1
65	0.96	48	0	0	1	1
66	0.96	48	0	0	1	1
67	0.96	48	0	0	1	1
68	0.96	48	0	0	1	1
69	0.96	48	0	0	1	1
70	0.96	48	0	0	1	1
71	0.96	48	0	0	1	1
72	0.98	49	0	0	0	1
73	0.98	49	0	0	0	1
74	0.98	49	0	0	0	1
75	0.98	49	0	0	0	1
76	0.98	49	0	0	0	1
77	0.96	48	0	1	0	1
78	0.96	48	0	1	0	1
79	0.96	48	0	1	0	1
80	0.96	48	0	1	0	1
81	0.96	48	0	1	0	1
82	0.96	48	0	1	0	1
83	0.96	48	0	1	0	1
84	0.96	48	0	1	0	1
85	0.96	48	0	1	0	1
86	0.96	48	0	1	0	1
87	0.96	48	0	1	0	1
88	0.96	48	0	1	0	1
89	0.96	48	0	1	0	1
90	0.96	48	0	1	0	1
91	0.94	47	0	1	1	1
92	0.92	46	1	1	1	1
93	0.94	47	1	1	1	0
94	0.94	47	1	1	1	0
95	0.94	47	1	1	1	0
96	0.94	47	1	1	1	0
97	0.94	47	1	1	1	0
98	0.94	47	1	1	1	0
99	0.94	47	1	1	1	0
100	0.94	47	1	1	1	0
101	0.94	47	1	1	1	0
102	0.94	47	1	1	1	0
103	0.94	47	1	1	1	0
104	0.94	47	1	1	1	0
105	0.94	47	1	1	1	0
106	0.94	47	1	1	1	0
107	0.94	47	1	1	1	0
108	0.94	47	1	1	1	0
109	0.94	47	1	1	1	0
110	0.94	47	1	1	1	0
111	0.94	47	1	1	1	0
112	0.94	47	1	1	1	0
113	0.94	47	1	1	1	0
114	0.92	46	1	1	2	0
115	0.92	46	1	1	2	0
116	0.92	46	1	1	2	0
117	0.92	46	1	1	2	0
118	0.92	46	1	1	2	0
119	0.92	46	1	1	2	0
120	0.92	46	1	1	2	0
121	0.92	46	1	1	2	0
122	0.92	46	1	1	2	0
123	0.90	45	1	1	3	0
124	0.90	45	1	1	3	0
125	0.90	45	1	1	3	0
126	0.90	45	1	1	3	0
127	0.92	46	1	0	3	0
128	0.92	46	1	0	3	0
129	0.90	45	1	0	3	1
130	0.90	45	1	0	3	1
131	0.90	45	1	0	3	1
132	0.90	45	1	0	3	1
133	0.90	45	1	0	3	1
134	0.90	45	1	0	3	1
135	0.90	45	1	0	3	1
136	0.90	45	1	0	3	1
137	0.90	45	1	0	3	1
138	0.90	45	1	0	3	1
139	0.90	45	1	0	3	1
140	0.90	45	1	0	3	1
141	0.92	46	1	0	2	1
142	0.94	47	0	0	2	1
143	0.92	46	0	0	3	1
144	0.90	45	0	1	3	1
145	0.90	45	0	1	3	1
146	0.90	45	0	1	3	1
147	0.90	45	0	1	3	1
148	0.90	45	0	1	3	1
149	0.90	45	0	1	3	1
150	0.90	45	0	1	3	1
151	0.90	45	0	1	3	1
152	0.88	44	1	1	3	1
153	0.88	44	1	1	3	1
154	0.88	44	1	1	3	1
155	0.88	44	1	1	3	1
156	0.86	43	1	1	4	1
157	0.86	43	1	1	4	1
158	0.86	43	1	1	4	1
159	0.86	43	1	1	4	1
160	0.86	43	1	1	4	1
161	0.86	43	1	1	4	1
162	0.86	43	1	1	4	1
163	0.86	43	1	1	4	1
164	0.88	44	1	1	3	1
165	0.88	44	1	1	3	1
166	0.88	44	1	1	3	1
167	0.88	44	1	1	3	1
168	0.88	44	1	1	3	1
169	0.88	44	1	1	3	1
170	0.88	44	1	1	3	1
171	0.88	44	1	1	3	1
172	0.88	44	1	1	3	1
173	0.90	45	1	1	2	1
174	0.90	45	1	1	2	1
175	0.90	45	1	1	2	1
176	0.90	45	1	1	2	1
177	0.90	45	1	1	2	1
178	0.90	45	1	1	2	1
179	0.92	46	1	1	2	0
180	0.92	46	1	1	2	0
181	0.92	46	1	1	2	0
182	0.92	46	1	1	2	0
183	0.90	45	2	1	2	0
184	0.90	45	2	1	2	0
185	0.90	45	2	1	2	0
186	0.90	45	2	1	2	0
187	0.90	45	2	1	2	0
188	0.90	45	2	1	2	0
189	0.90	45	2	1	2	0
190	0.88	44	2	2	2	0
191	0.88	44	2	2	2	0
192	0.88	44	2	2	2	0
193	0.90	45	2	2	1	0
194	0.92	46	2	1	1	0
195	0.92	46	2	1	1	0
196	0.92	46	2	1	1	0
197	0.92	46	2	1	1	0
198	0.90	45	2	2	1	0
199	0.90	45	2	2	1	0
200	0.90	45	2	2	1	0
201	0.90	45	2	2	1	0
202	0.92	46	1	2	1	0
203	0.92	46	1	2	1	0
204	0.92	46	1	2	1	0
205	0.92	46	1	2	1	0
206	0.94	47	1	2	0	0
207	0.94	47	1	2	0	0
208	0.94	47	1	2	0	0
209	0.94	47	1	2	0	0
210	0.94	47	1	2	0	0
211	0.94	47	1	2	0	0
212	0.94	47	1	2	0	0
213	0.94	47	1	2	0	0
214	0.94	47	1	2	0	0
215	0.94	47	1	2	0	0
216	0.94	47	1	2	0	0
217	0.94	47	1	2	0	0
218	0.94	47	1	2	0	0
219	0.94	47	1	2	0	0
220	0.94	47	1	2	0	0
221	0.94	47	1	2	0	0
222	0.94	47	1	2	0	0
223	0.94	47	1	2	0	0
224	0.94	47	1	2	0	0
225	0.94	47	1	2	0	0
226	0.92	46	1	3	0	0
227	0.92	46	1	3	0	0
228	0.92	46	1	3	0	0
229	0.92	46	1	3	0	0
230	0.92	46	1	3	0	0
231	0.90	45	1	3	0	1
232	0.90	45	1	3	0	1
233	0.92	46	0	3	0	1
234	0.92	46	0	3	0	1
235	0.92	46	0	3	0	1
236	0.90	45	0	3	0	2
237	0.90	45	0	3	0	2
238	0.90	45	0	3	0	2
239	0.90	45	0	3	0	2
240	0.92	46	0	2	0	2
241	0.92	46	0	2	0	2
242	0.92	46	0	2	0	2
243	0.90	45	0	3	0	2
244	0.90	45	0	3	0	2
245	0.90	45	0	3	0	2
246	0.90	45	0	3	0	2
247	0.90	45	0	3	0	2
248	0.92	46	0	2	0	2
249	0.92	46	0	2	0	2
250	0.92	46	0	2	0	2
251	0.92	46	0	2	0	2
252	0.92	46	0	2	0	2
253	0.92	46	0	2	0	2
254	0.92	46	0	2	0	2
255	0.92	46	0	2	0	2
256	0.92	46	0	2	0	2
257	0.92	46	0	2	0	2
258	0.92	46	0	2	0	2
259	0.92	46	0	2	0	2
260	0.92	46	0	2	0	2
261	0.92	46	0	2	0	2
262	0.92	46	0	2	0	2
263	0.92	46	0	2	0	2
264	0.92	46	0	2	0	2
265	0.92	46	0	2	0	2
266	0.92	46	0	2	0	2
267	0.90	45	0	2	0	3
268	0.90	45	0	2	0	3
269	0.90	45	0	2	0	3
270	0.88	44	0	3	0	3
271	0.88	44	0	3	0	3
272	0.88	44	0	3	0	3
273	0.88	44	0	3	0	3
274	0.88	44	0	3	0	3
275	0.88	44	0	3	0	3
276	0.90	45	0	2	0	3
277	0.90	45	0	2	0	3
278	0.90	45	0	2	0	3
279	0.90	45	0	2	0	3
280	0.90	45	0	2	0	3
281	0.92	46	0	2	0	2
282	0.92	46	0	2	0	2
283	0.92	46	0	2	0	2
284	0.92	46	0	2	0	2
285	0.92	46	0	2	0	2
286	0.94	47	0	2	0	1
287	0.94	47	0	2	0	1
288	0.94	47	0	2	0	1
289	0.94	47	0	2	0	1
290	0.94	47	0	2	0	1
291	0.94	47	0	2	0	1
292	0.94	47	0	2	0	1
293	0.96	48	0	1	0	1
294	0.96	48	0	1	0	1
295	0.96	48	0	1	0	1
296	0.96	48	0	1	0	1
297	0.96	48	0	1	0	1
298	0.96	48	0	1	0	1
299	0.96	48	0	1	0	1
300	0.96	48	0	1	0	1
301	0.96	48	0	1	0	1
302	0.96	48	0	1	0	1
303	0.96	48	0	1	0	1
304	0.94	47	0	1	0	2
305	0.94	47	0	1	0	2
306	0.92	46	0	1	1	2
307	0.92	46	0	1	1	2
308	0.92	46	0	1	1	2
309	0.92	46	0	1	1	2
310	0.92	46	0	1	1	2
311	0.92	46	0	1	1	2
312	0.92	46	0	1	1	2
313	0.92	46	0	1	1	2
314	0.92	46	0	1	1	2
315	0.92	46	0	1	1	2
316	0.92	46	0	1	1	2
317	0.94	47	0	1	1	1
318	0.94	47	0	1	1	1
319	0.94	47	0	1	1	1
320	0.96	48	0	0	1	1
321	0.96	48	0	0	1	1
322	0.96	48	0	0	1	1
323	0.96	48	0	0	1	1
324	0.96	48	0	0	1	1
325	0.96	48	0	0	1	1
326	0.96	48	0	0	1	1
327	0.96	48	0	0	1	1
328	0.96	48	0	0	1	1
329	0.96	48	0	0	1	1
330	0.96	48	0	0	1	1
331	0.96	48	0	0	1	1
332	0.96	48	0	0	1	1
333	0.96	48	0	0	1	1
334	0.94	47	1	0	1	1
335	0.94	47	1	0	1	1
336	0.94	47	1	0	1	1
337	0.92	46	2	0	1	1
338	0.92	46	2	0	1	1
339	0.92	46	2	0	1	1
340	0.92	46	2	0	1	1
341	0.92	46	2	0	1	1
342	0.92	46	2	0	1	1
343	0.92	46	2	0	1	1
344	0.92	46	2	0	1	1
345	0.92	46	2	0	1	1
346	0.92	46	2	0	1	1
347	0.92	46	2	0	1	1
348	0.92	46	2	0	1	1
349	0.90	45	2	1	1	1
350	0.90	45	2	1	1	1
351	0.90	45	2	1	1	1
352	0.90	45	2	1	1	1
353	0.90	45	2	1	1	1
354	0.92	46	2	1	1	0
355	0.92	46	2	1	1	0
356	0.94	47	2	1	0	0
357	0.94	47	2	1	0	0
358	0.94	47	2	1	0	0
359	0.94	47	2	1	0	0
360	0.94	47	2	1	0	0
361	0.94	47	2	1	0	0
362	0.94	47	2	1	0	0
363	0.94	47	2	1	0	0
364	0.94	47	2	1	0	0
365	0.94	47	2	1	0	0
366	0.94	47	2	1	0	0
367	0.94	47	2	1	0	0
368	0.94	47	2	1	0	0
369	0.94	47	2	1	0	0
370	0.94	47	2	1	0	0
371	0.94	47	2	1	0	0
372	0.94	47	2	1	0	0
373	0.94	47	2	1	0	0
374	0.94	47	2	1	0	0
375	0.94	47	2	1	0	0
376	0.94	47	2	1	0	0
377	0.94	47	2	1	0	0
378	0.94	47	2	1	0	0
379	0.94	47	2	1	0	0
380	0.94	47	2	1	0	0
381	0.94	47	2	1	0	0
382	0.94	47	2	1	0	0
383	0.94	47	2	1	0	0
384	0.96	48	1	1	0	0
385	0.96	48	1	1	0	0
386	0.96	48	1	1	0	0
387	0.98	49	0	1	0	0
388	0.98	49	0	1	0	0
389	0.98	49	0	1	0	0
390	0.98	49	0	1	0	0
391	0.98	49	0	1	0	0
392	0.98	49	0	1	0	0
393	0.98	49	0	1	0	0
394	0.98	49	0	1	0	0
395	0.98	49	0	1	0	0
396	0.98	49	0	1	0	0
397	0.98	49	0	1	0	0
398	0.98	49	0	1	0	0
399	1.00	50	0	0	0	0
400	1.00	50	0	0	0	0
401	1.00	50	0	0	0	0
402	1.00	50	0	0	0	0
403	1.00	50	0	0	0	0
404	1.00	50	0	0	0	0
405	1.00	50	0	0	0	0
406	1.00	50	0	0	0	0
407	1.00	50	0	0	0	0
408	1.00	50	0	0	0	0
409	1.00	50	0	0	0	0
410	1.00	50	0	0	0	0
411	1.00	50	0	0	0	0
412	1.00	50	0	0	0	0
413	1.00	50	0	0	0	0
414	1.00	50	0	0	0	0
415	1.00	50	0	0	0	0
416	1.00	50	0	0	0	0
417	1.00	50	0	0	0	0
418	1.00	50	0	0	0	0
419	1.00	50	0	0	0	0
420	1.00	50	0	0	0	0
421	1.00	50	0	0	0	0
422	1.00	50	0	0	0	0
423	1.00	50	0	0	0	0
424	1.00	50	0	0	0	0
425	1.00	50	0	0	0	0
426	1.00	50	0	0	0	0
427	1.00	50	0	0	0	0
428	1.00	50	0	0	0	0
429	1.00	50	0	0	0	0
430	1.00	50	0	0	0	0
431	1.00	50	0	0	0	0
432	0.98	49	0	0	1	0
433	0.98	49	0	0	1	0
434	0.98	49	0	0	1	0
435	0.98	49	0	0	1	0
436	0.98	49	0	0	1	0
437	0.98	49	0	0	1	0
438	0.98	49	0	0	1	0
439	0.98	49	0	0	1	0
440	0.98	49	0	0	1	0
441	0.98	49	0	0	1	0
442	0.98	49	0	0	1	0
443	0.98	49	0	0	1	0
444	0.98	49	0	0	1	0
445	0.98	49	0	0	1	0
446	0.98	49	0	0	1	0
447	0.98	49	0	0	1	0
448	0.98	49	0	0	1	0
449	0.96	48	1	0	1	0
450	0.96	48	1	0	1	0
451	0.96	48	1	0	1	0
452	0.96	48	1	0	1	0
453	0.96	48	1	0	1	0
454	0.96	48	1	0	1	0
455	0.96	48	1	0	1	0
456	0.96	48	1	0	1	0
457	0.96	48	1	0	1	0
458	0.96	48	1	0	1	0
459	0.96	48	1	0	1	0
460	0.96	48	1	0	1	0
461	0.96	48	1	0	1	0
462	0.96	48	1	0	1	0
463	0.96	48	1	0	1	0
464	0.96	48	1	0	1	0
465	0.94	47	1	0	1	1
466	0.94	47	1	0	1	1
467	0.94	47	1	0	1	1
468	0.94	47	1	0	1	1
469	0.92	46	1	1	1	1
470	0.92	46	1	1	1	1
471	0.92	46	1	1	1	1
472	0.92	46	1	1	1	1
473	0.92	46	1	1	1	1
474	0.92	46	1	1	1	1
475	0.92	46	1	1	1	1
476	0.92	46	1	1	1	1
477	0.92	46	1	1	1	1
478	0.92	46	1	1	1	1
479	0.92	46	1	1	1	1
480	0.92	46	1	1	1	1
481	0.92	46	1	1	1	1
482	0.94	47	1	1	0	1
483	0.94	47	1	1	0	1
484	0.94	47	1	1	0	1
485	0.94	47	1	1	0	1
486	0.94	47	1	1	0	1
487	0.94	47	1	1	0	1
488	0.94	47	1	1	0	1
489	0.92	46	1	1	1	1
490	0.90	45	1	2	1	1
491	0.90	45	1	2	1	1
492	0.88	44	1	3	1	1
493	0.88	44	1	3	1	1
494	0.88	44	1	3	1	1
495	0.88	44	1	3	1	1
496	0.86	43	1	3	2	1
497	0.86	43	1	3	2	1
498	0.86	43	1	3	2	1
499	0.88	44	0	3	2	1
500	0.00	44	0	3	2	1
501	0.00	44	0	3	2	1
502	0.02	43	1	3	2	1
503	0.02	42	1	3	2	2
504	0.02	42	1	3	2	2
505	0.02	42	1	3	2	2
506	0.02	42	1	3	2	2
507	0.04	41	2	3	2	2
508	0.04	41	2	3	2	2
509	0.06	40	3	3	2	2
510	0.06	40	3	3	2	2
511	0.06	40	3	3	2	2
512	0.06	39	3	4	2	2
513	0.06	39	3	4	2	2
514	0.06	39	3	4	2	2
515	0.06	40	3	4	2	1
516	0.08	39	4	4	2	1
517	0.10	38	5	4	2	1
518	0.10	37	5	4	3	1
519	0.12	37	6	3	3	1
520	0.12	37	6	3	3	1
521	0.14	36	7	3	3	1
522	0.16	35	8	3	3	1
523	0.18	34	9	3	3	1
524	0.20	33	10	3	3	1
525	0.20	33	10	3	3	1
526	0.22	32	11	3	3	1
527	0.24	31	12	3	3	1
528	0.24	30	12	3	3	2
529	0.26	29	13	3	3	2
530	0.28	28	14	3	3	2
531	0.28	27	14	3	4	2
532	0.28	27	14	3	4	2
533	0.30	26	15	3	4	2
534	0.32	25	16	3	4	2
535	0.32	25	16	3	4	2
536	0.32	24	16	3	5	2
537	0.34	23	17	3	5	2
538	0.36	22	18	3	5	2
539	0.38	22	19	3	4	2
540	0.40	22	20	2	4	2
541	0.40	21	20	2	5	2
542	0.42	21	21	1	5	2
543	0.44	20	22	1	5	2
544	0.46	19	23	1	5	2
545	0.48	18	24	1	5	2
546	0.50	18	25	1	4	2
547	0.52	17	26	1	4	2
548	0.54	16	27	1	4	2
549	0.54	15	27	1	5	2
550	0.56	14	28	1	5	2
551	0.58	13	29	1	5	2
552	0.58	13	29	1	5	2
553	0.60	13	30	1	5	1
554	0.62	12	31	1	5	1
555	0.64	11	32	1	5	1
556	0.66	10	33	1	5	1
557	0.66	10	33	1	5	1
558	0.68	9	34	1	5	1
559	0.68	9	34	1	5	1
560	0.70	8	35	1	5	1
561	0.72	7	36	1	5	1
562	0.74	7	37	0	5	1
563	0.76	6	38	0	5	1
564	0.76	5	38	0	6	1
565	0.78	4	39	0	6	1
566	0.78	4	39	0	6	1
567	0.78	4	39	0	6	1
568	0.80	4	40	0	5	1
569	0.80	4	40	0	5	1
570	0.82	3	41	0	5	1
571	0.82	3	41	0	5	1
572	0.82	3	41	0	5	1
573	0.82	3	41	0	5	1
574	0.80	3	40	0	6	1
575	0.82	2	41	0	6	1
576	0.82	2	41	0	6	1
577	0.82	2	41	0	6	1
578	0.84	2	42	0	6	0
579	0.82	2	41	0	7	0
580	0.82	2	41	0	7	0
581	0.84	2	42	0	6	0
582	0.86	1	43	0	6	0
583	0.86	1	43	0	6	0
584	0.86	1	43	0	6	0
585	0.88	0	44	0	6	0
586	0.90	0	45	0	5	0
587	0.90	0	45	0	5	0
588	0.90	0	45	0	5	0
589	0.90	0	45	0	5	0
590	0.90	0	45	0	5	0
591	0.92	0	46	0	4	0
592	0.92	0	46	0	4	0
593	0.92	0	46	0	4	0
594	0.92	0	46	0	4	0
595	0.92	0	46	0	4	0
596	0.92	0	46	0	4	0
597	0.92	0	46	0	4	0
598	0.92	0	46	0	4	0
599	0.94	0	47	0	3	0
600	0.94	0	47	0	3	0
601	0.94	0	47	0	3	0
602	0.94	0	47	0	3	0
603	0.94	0	47	0	3	0
604	0.94	0	47	0	3	0
605	0.92	0	46	0	3	1
606	0.92	0	46	0	3	1
607	0.92	0	46	0	3	1
608	0.92	0	46	0	3	1
609	0.92	0	46	0	3	1
610	0.92	0	46	0	3	1
611	0.92	0	46	0	3	1
612	0.92	0	46	0	3	1
613	0.92	0	46	0	3	1
614	0.94	0	47	0	2	1
615	0.94	0	47	0	2	1
616	0.94	0	47	0	2	1
617	0.94	0	47	0	2	1
618	0.94	0	47	0	2	1
619	0.94	0	47	0	2	1
620	0.94	0	47	0	2	1
621	0.94	0	47	0	2	1
622	0.94	0	47	0	2	1
623	0.94	0	47	0	2	1
624	0.96	0	48	0	1	1
625	0.96	0	48	0	1	1
626	0.96	0	48	0	1	1
627	0.96	0	48	0	1	1
628	0.96	0	48	0	1	1
629	0.98	0	49	0	0	1
630	0.98	0	49	0	0	1
631	0.98	0	49	0	0	1
632	0.96	1	48	0	0	1
633	0.96	1	48	0	0	1
634	0.96	1	48	0	0	1
635	0.96	1	48	0	0	1
636	0.96	1	48	0	0	1
637	0.94	1	47	1	0	1
638	0.94	1	47	1	0	1
639	0.94	1	47	1	0	1
640	0.94	1	47	1	0	1
641	0.94	1	47	1	0	1
642	0.94	1	47	1	0	1
643	0.94	1	47	1	0	1
644	0.94	1	47	1	0	1
645	0.94	1	47	1	0	1
646	0.94	1	47	1	0	1
647	0.94	1	47	1	0	1
648	0.94	1	47	1	0	1
649	0.94	1	47	1	0	1
650	0.94	1	47	1	0	1
651	0.94	1	47	1	0	1
652	0.94	1	47	1	0	1
653	0.94	1	47	1	0	1
654	0.94	1	47	1	0	1
655	0.96	1	48	1	0	0
656	0.96	1	48	1	0	0
657	0.96	1	48	1	0	0
658	0.96	1	48	1	0	0
659	0.96	1	48	1	0	0
660	0.96	1	48	1	0	0
661	0.96	1	48	1	0	0
662	0.96	1	48	1	0	0
663	0.96	1	48	1	0	0
664	0.96	1	48	1	0	0
665	0.96	1	48	1	0	0
666	0.96	1	48	1	0	0
667	0.96	1	48	1	0	0
668	0.96	1	48	1	0	0
669	0.94	1	47	1	0	1
670	0.94	1	47	1	0	1
671	0.92	2	46	1	0	1
672	0.92	2	46	1	0	1
673	0.92	2	46	1	0	1
674	0.92	2	46	1	0	1
675	0.92	2	46	1	0	1
676	0.92	2	46	1	0	1
677	0.92	2	46	1	0	1
678	0.92	2	46	1	0	1
679	0.92	2	46	1	0	1
680	0.92	2	46	1	0	1
681	0.92	2	46	1	0	1
682	0.94	1	47	1	0	1
683	0.94	1	47	1	0	1
684	0.94	1	47	1	0	1
685	0.94	1	47	1	0	1
686	0.94	1	47	1	0	1
687	0.96	1	48	0	0	1
688	0.96	1	48	0	0	1
689	0.96	1	48	0	0	1
690	0.96	1	48	0	0	1
691	0.94	2	47	0	0	1
692	0.94	2	47	0	0	1
693	0.94	2	47	0	0	1
694	0.94	2	47	0	0	1
695	0.94	2	47	0	0	1
696	0.94	2	47	0	0	1
697	0.94	2	47	0	0	1
698	0.94	2	47	0	0	1
699	0.94	2	47	0	0	1
700	0.94	2	47	0	0	1
701	0.92	2	46	0	1	1
702	0.92	2	46	0	1	1
703	0.92	2	46	0	1	1
704	0.92	2	46	0	1	1
705	0.92	2	46	0	1	1
706	0.92	2	46	0	1	1
707	0.92	2	46	0	1	1
708	0.92	2	46	0	1	1
709	0.92	2	46	0	1	1
710	0.92	2	46	0	1	1
711	0.92	2	46	0	1	1
712	0.92	2	46	0	1	1
713	0.92	2	46	0	1	1
714	0.92	2	46	0	1	1
715	0.92	2	46	0	1	1
716	0.92	2	46	0	1	1
717	0.92	2	46	0	1	1
718	0.92	2	46	0	1	1
719	0.94	2	47	0	1	0
720	0.94	2	47	0	1	0
721	0.96	1	48	0	1	0
722	0.96	1	48	0	1	0
723	0.96	1	48	0	1	0
724	0.96	1	48	0	1	0
725	0.96	1	48	0	1	0
726	0.96	1	48	0	1	0
727	0.96	1	48	0	1	0
728	0.94	1	47	0	2	0
729	0.94	1	47	0	2	0
730	0.94	1	47	0	2	0
731	0.94	1	47	0	2	0
732	0.94	1	47	0	2	0
733	0.94	1	47	0	2	0
734	0.92	1	46	1	2	0
735	0.92	1	46	1	2	0
736	0.92	1	46	1	2	0
737	0.92	1	46	1	2	0
738	0.92	1	46	1	2	0
739	0.92	1	46	1	2	0
740	0.90	1	45	1	2	1
741	0.92	0	46	1	2	1
742	0.92	0	46	1	2	1
743	0.92	0	46	1	2	1
744	0.92	0	46	1	2	1
745	0.92	0	46	1	2	1
746	0.92	0	46	1	2	1
747	0.92	0	46	1	2	1
748	0.92	0	46	1	2	1
749	0.92	0	46	1	2	1
750	0.92	0	46	1	2	1
751	0.92	0	46	2	1	1
752	0.92	0	46	2	1	1
753	0.92	0	46	2	1	1
754	0.92	0	46	2	1	1
755	0.92	0	46	2	1	1
756	0.92	0	46	2	1	1
757	0.92	0	46	2	1	1
758	0.90	1	45	2	1	1
759	0.90	1	45	2	1	1
760	0.90	1	45	2	1	1
761	0.90	1	45	2	1	1
762	0.90	1	45	2	1	1
763	0.90	1	45	2	1	1
764	0.90	1	45	2	1	1
765	0.90	1	45	2	1	1
766	0.90	1	45	2	1	1
767	0.88	2	44	2	1	1
768	0.88	2	44	2	1	1
769	0.88	2	44	2	1	1
770	0.88	2	44	2	1	1
771	0.88	2	44	2	1	1
772	0.88	2	44	2	1	1
773	0.88	2	44	2	1	1
774	0.88	2	44	2	1	1
775	0.88	2	44	2	1	1
776	0.88	2	44	2	1	1
777	0.88	2	44	2	1	1
778	0.90	2	45	2	0	1
779	0.90	2	45	2	0	1
780	0.90	2	45	2	0	1
781	0.88	2	44	3	0	1
782	0.88	2	44	3	0	1
783	0.88	2	44	3	0	1
784	0.90	2	45	2	0	1
785	0.88	2	44	3	0	1
786	0.88	2	44	3	0	1
787	0.88	2	44	3	0	1
788	0.88	2	44	3	0	1
789	0.88	2	44	3	0	1
790	0.90	2	45	3	0	0
791	0.90	2	45	3	0	0
792	0.90	2	45	3	0	0
793	0.90	2	45	3	0	0
794	0.90	2	45	3	0	0
795	0.90	2	45	3	0	0
796	0.90	2	45	3	0	0
797	0.90	2	45	3	0	0
798	0.90	2	45	3	0	0
799	0.90	2	45	3	0	0
800	0.90	2	45	3	0	0
801	0.92	2	46	2	0	0
802	0.90	3	45	2	0	0
803	0.90	3	45	2	0	0
804	0.90	3	45	2	0	0
805	0.90	3	45	2	0	0
806	0.90	3	45	2	0	0
807	0.90	3	45	2	0	0
808	0.92	2	46	2	0	0
809	0.92	2	46	2	0	0
810	0.92	2	46	2	0	0
811	0.92	2	46	2	0	0
812	0.92	2	46	2	0	0
813	0.92	2	46	2	0	0
814	0.92	2	46	2	0	0
815	0.92	2	46	2	0	0
816	0.92	2	46	2	0	0
817	0.94	1	47	2	0	0
818	0.94	1	47	2	0	0
819	0.94	1	47	2	0	0
820	0.94	1	47	2	0	0
821	0.94	1	47	2	0	0
822	0.94	1	47	2	0	0
823	0.94	1	47	2	0	0
824	0.92	2	46	2	0	0
825	0.92	2	46	2	0	0
826	0.92	2	46	2	0	0
827	0.92	2	46	2	0	0
828	0.92	2	46	2	0	0
829	0.92	2	46	2	0	0
830	0.92	2	46	2	0	0
831	0.94	2	47	1	0	0
832	0.94	2	47	1	0	0
833	0.94	2	47	1	0	0
834	0.94	2	47	1	0	0
835	0.96	2	48	0	0	0
836	0.96	2	48	0	0	0
837	0.96	2	48	0	0	0
838	0.96	2	48	0	0	0
839	0.94	2	47	0	0	1
840	0.94	2	47	0	0	1
841	0.94	2	47	0	0	1
842	0.94	2	47	0	0	1
843	0.94	2	47	0	0	1
844	0.94	2	47	0	0	1
845	0.94	2	47	0	0	1
846	0.94	2	47	0	0	1
847	0.94	2	47	0	0	1
848	0.94	2	47	0	0	1
849	0.94	2	47	0	0	1
850	0.94	2	47	0	0	1
851	0.94	2	47	0	0	1
852	0.96	1	48	0	0	1
853	0.96	1	48	0	0	1
854	0.96	1	48	0	0	1
855	0.96	1	48	0	0	1
856	0.96	1	48	0	0	1
857	0.96	1	48	0	0	1
858	0.94	1	47	1	0	1
859	0.94	1	47	1	0	1
860	0.94	1	47	1	0	1
861	0.94	1	47	1	0	1
862	0.94	1	47	1	0	1
863	0.94	1	47	1	0	1
864	0.94	1	47	1	0	1
865	0.94	1	47	1	0	1
866	0.94	1	47	1	0	1
867	0.94	1	47	1	0	1
868	0.94	1	47	1	0	1
869	0.94	1	47	1	0	1
870	0.94	1	47	1	0	1
871	0.92	1	46	2	0	1
872	0.92	1	46	2	0	1
873	0.92	1	46	2	0	1
874	0.94	0	47	2	0	1
875	0.92	0	46	2	0	2
876	0.92	0	46	2	0	2
877	0.92	0	46	2	0	2
878	0.92	0	46	2	0	2
879	0.92	0	46	2	0	2
880	0.92	0	46	2	0	2
881	0.92	0	46	2	0	2
882	0.92	0	46	2	0	2
883	0.92	0	46	2	0	2
884	0.90	1	45	2	0	2
885	0.90	1	45	2	0	2
886	0.90	1	45	2	0	2
887	0.90	1	45	2	0	2
888	0.90	1	45	2	0	2
889	0.92	1	46	2	0	1
890	0.92	1	46	2	0	1
891	0.92	1	46	2	0	1
892	0.92	1	46	2	0	1
893	0.92	1	46	2	0	1
894	0.92	1	46	2	0	1
895	0.92	1	46	2	0	1
896	0.92	1	46	2	0	1
897	0.92	1	46	2	0	1
898	0.92	1	46	2	0	1
899	0.92	1	46	2	0	1
900	0.92	1	46	2	0	1
901	0.92	1	46	2	0	1
902	0.92	1	46	2	0	1
903	0.92	1	46	2	0	1
904	0.92	1	46	2	0	1
905	0.92	1	46	2	0	1
906	0.92	1	46	2	0	1
907	0.90	2	45	2	0	1
908	0.92	2	46	1	0	1
909	0.92	2	46	1	0	1
910	0.92	2	46	1	0	1
911	0.92	2	46	1	0	1
912	0.92	2	46	1	0	1
913	0.92	2	46	1	0	1
914	0.92	2	46	1	0	1
915	0.92	2	46	1	0	1
916	0.92	2	46	1	0	1
917	0.92	2	46	1	0	1
918	0.92	2	46	1	0	1
919	0.92	2	46	1	0	1
920	0.92	2	46	1	0	1
921	0.94	2	47	0	0	1
922	0.94	2	47	0	0	1
923	0.94	2	47	0	0	1
924	0.94	2	47	0	0	1
925	0.96	2	48	0	0	0
926	0.96	2	48	0	0	0
927	0.96	2	48	0	0	0
928	0.96	2	48	0	0	0
929	0.96	2	48	0	0	0
930	0.96	2	48	0	0	0
931	0.96	2	48	0	0	0
932	0.96	2	48	0	0	0
933	0.96	2	48	0	0	0
934	0.98	1	49	0	0	0
935	0.98	1	49	0	0	0
936	0.98	1	49	0	0	0
937	0.98	1	49	0	0	0
938	0.98	1	49	0	0	0
939	0.98	1	49	0	0	0
940	0.98	1	49	0	0	0
941	0.98	1	49	0	0	0
942	0.98	1	49	0	0	0
943	0.98	1	49	0	0	0
944	0.98	1	49	0	0	0
945	0.98	1	49	0	0	0
946	0.98	1	49	0	0	0
947	0.98	1	49	0	0	0
948	0.96	2	48	0	0	0
949	0.96	2	48	0	0	0
950	0.96	2	48	0	0	0
951	0.94	2	47	0	1	0
952	0.94	2	47	0	1	0
953	0.94	2	47	0	1	0
954	0.94	2	47	0	1	0
955	0.94	2	47	0	1	0
956	0.94	2	47	0	1	0
957	0.96	1	48	0	1	0
958	0.96	1	48	0	1	0
959	0.96	1	48	0	1	0
960	0.96	1	48	0	1	0
961	0.96	1	48	0	1	0
962	0.96	1	48	0	1	0
963	0.96	1	48	0	1	0
964	0.96	1	48	0	1	0
965	0.96	1	48	0	1	0
966	0.96	1	48	0	1	0
967	0.96	1	48	0	1	0
968	0.96	1	48	0	1	0
969	0.96	1	48	0	1	0
970	0.94	1	47	1	1	0
971	0.94	1	47	1	1	0
972	0.94	1	47	1	1	0
973	0.94	1	47	1	1	0
974	0.94	1	47	1	1	0
975	0.92	1	46	2	1	0
976	0.92	1	46	2	1	0
977	0.92	1	46	2	1	0
978	0.90	1	45	2	2	0
979	0.90	1	45	2	2	0
980	0.90	1	45	2	2	0
981	0.90	1	45	2	2	0
982	0.90	1	45	2	2	0
983	0.90	1	45	2	2	0
984	0.90	1	45	2	2	0
985	0.90	1	45	2	2	0
986	0.90	1	45	2	2	0
987	0.90	1	45	2	2	0
988	0.90	1	45	2	2	0
989	0.90	1	45	2	2	0
990	0.90	1	45	2	2	0
991	0.90	1	45	2	2	0
992	0.90	1	45	2	2	0
993	0.90	1	45	2	2	0
994	0.90	1	45	2	2	0
995	0.90	1	45	2	2	0
996	0.90	1	45	2	2	0
997	0.90	1	45	2	2	0
998	0.92	0	46	2	2	0
999	0.92	0	46	2	2	0
1000	0.06	0	45	3	2	0
1001	0.08	0	45	4	1	0
1002	0.10	0	44	5	1	0
1003	0.10	0	44	5	1	0
1004	0.10	0	44	5	1	0
1005	0.12	0	43	6	1	0
1006	0.12	0	43	6	1	0
1007	0.12	0	42	6	2	0
1008	0.14	0	41	7	2	0
1009	0.16	0	40	8	2	0
1010	0.16	0	40	8	2	0
1011	0.16	0	40	8	2	0
1012	0.16	0	39	8	3	0
1013	0.18	0	38	9	3	0
1014	0.18	0	38	9	3	0
1015	0.20	0	37	10	3	0
1016	0.20	0	37	10	3	0
1017	0.22	0	36	11	3	0
1018	0.24	0	35	12	3	0
1019	0.26	0	34	13	3	0
1020	0.26	0	34	13	3	0
1021	0.26	0	34	13	3	0
1022	0.28	0	33	14	3	0
1023	0.30	0	32	15	3	0
1024	0.32	0	31	16	3	0
1025	0.32	0	31	16	3	0
1026	0.32	0	31	16	3	0
1027	0.34	0	30	17	3	0
1028	0.34	0	31	17	2	0
1029	0.36	0	30	18	2	0
1030	0.38	0	29	19	2	0
1031	0.40	0	28	20	2	0
1032	0.42	0	27	21	2	0
1033	0.44	0	26	22	2	0
1034	0.46	0	25	23	2	0
1035	0.46	0	25	23	2	0
1036	0.48	0	24	24	2	0
1037	0.50	0	23	25	2	0
1038	0.52	0	22	26	2	0
1039	0.54	0	21	27	2	0
1040	0.56	0	20	28	2	0
1041	0.58	0	19	29	2	0
1042	0.60	0	18	30	2	0
1043	0.62	0	17	31	2	0
1044	0.64	0	16	32	2	0
1045	0.66	0	15	33	2	0
1046	0.68	0	14	34	2	0
1047	0.68	1	13	34	2	0
1048	0.70	1	12	35	2	0
1049	0.72	1	11	36	2	0
1050	0.70	1	12	35	2	0
1051	0.68	2	12	34	2	0
1052	0.68	2	12	34	2	0
1053	0.70	2	11	35	2	0
1054	0.72	2	10	36	2	0
1055	0.72	2	10	36	2	0
1056	0.72	2	9	36	3	0
1057	0.74	2	9	37	2	0
1058	0.74	2	9	37	2	0
1059	0.74	2	9	37	2	0
1060	0.76	2	8	38	2	0
1061	0.78	2	7	39	2	0
1062	0.80	2	7	40	1	0
1063	0.80	2	7	40	1	0
1064	0.82	2	6	41	1	0
1065	0.82	2	6	41	1	0
1066	0.84	2	5	42	1	0
1067	0.82	3	5	41	1	0
1068	0.82	3	5	41	1	0
1069	0.82	3	5	41	1	0
1070	0.82	3	5	41	1	0
1071	0.84	3	4	42	1	0
1072	0.84	3	4	42	1	0
1073	0.84	3	4	42	1	0
1074	0.84	3	4	42	1	0
1075	0.84	3	4	42	1	0
1076	0.86	3	3	43	1	0
1077	0.86	3	3	43	1	0
1078	0.88	3	2	44	1	0
1079	0.88	3	2	44	1	0
1080	0.88	3	2	44	1	0
1081	0.88	3	2	44	1	0
1082	0.88	3	2	44	1	0
1083	0.88	3	2	44	1	0
1084	0.88	3	2	44	1	0
1085	0.90	3	1	45	1	0
1086	0.90	3	1	45	1	0
1087	0.90	3	1	45	1	0
1088	0.90	3	1	45	1	0
1089	0.90	3	1	45	1	0
1090	0.90	3	1	45	1	0
1091	0.90	3	1	45	1	0
1092	0.90	3	1	45	1	0
1093	0.90	3	1	45	1	0
1094	0.90	3	1	45	1	0
1095	0.90	3	1	45	1	0
1096	0.90	3	1	45	1	0
1097	0.92	2	1	46	1	0
1098	0.90	3	1	45	1	0
1099	0.90	3	1	45	1	0
1100	0.92	3	0	46	1	0
1101	0.94	2	0	47	1	0
1102	0.94	2	0	47	1	0
1103	0.94	2	0	47	1	0
1104	0.92	3	0	46	1	0
1105	0.92	3	0	46	1	0
1106	0.94	3	0	47	0	0
1107	0.94	3	0	47	0	0
1108	0.92	3	1	46	0	0
1109	0.92	3	1	46	0	0
1110	0.92	3	1	46	0	0
1111	0.92	3	1	46	0	0
1112	0.90	3	1	45	1	0
1113	0.90	3	1	45	1	0
1114	0.90	3	1	45	1	0
1115	0.90	3	1	45	1	0
1116	0.90	3	1	45	1	0
1117	0.92	2	1	46	1	0
1118	0.92	2	1	46	1	0
1119	0.92	2	1	46	1	0
1120	0.92	2	1	46	1	0
1121	0.92	2	1	46	1	0
1122	0.92	2	1	46	1	0
1123	0.92	2	1	46	1	0
1124	0.92	2	1	46	1	0
1125	0.92	2	1	46	1	0
1126	0.92	2	1	46	1	0
1127	0.92	2	1	46	1	0
1128	0.92	2	1	46	1	0
1129	0.92	2	1	46	1	0
1130	0.92	2	1	46	1	0
1131	0.90	2	1	45	2	0
1132	0.90	2	1	45	2	0
1133	0.90	2	1	45	2	0
1134	0.90	2	1	45	2	0
1135	0.90	2	1	45	2	0
1136	0.90	2	1	45	2	0
1137	0.90	2	1	45	2	0
1138	0.90	2	1	45	2	0
1139	0.88	3	1	44	2	0
1140	0.88	3	1	44	2	0
1141	0.88	3	1	44	2	0
1142	0.88	3	1	44	2	0
1143	0.88	3	1	44	2	0
1144	0.88	3	1	44	2	0
1145	0.88	3	1	44	2	0
1146	0.88	3	1	44	2	0
1147	0.88	3	1	44	2	0
1148	0.90	2	1	45	2	0
1149	0.90	2	1	45	2	0
1150	0.88	3	1	44	2	0
1151	0.88	3	1	44	2	0
1152	0.88	3	1	44	2	0
1153	0.88	3	1	44	2	0
1154	0.90	2	1	45	2	0
1155	0.90	2	1	45	2	0
1156	0.90	2	1	45	2	0
1157	0.90	2	1	45	2	0
1158	0.92	2	0	46	2	0
1159	0.92	2	0	46	2	0
1160	0.92	2	0	46	2	0
1161	0.92	2	0	46	2	0
1162	0.94	2	0	47	1	0
1163	0.94	2	0	47	1	0
1164	0.94	2	0	47	1	0
1165	0.94	2	0	47	1	0
1166	0.94	2	0	47	1	0
1167	0.94	2	0	47	1	0
1168	0.94	2	0	47	1	0
1169	0.94	2	0	47	1	0
1170	0.92	2	0	46	2	0
1171	0.92	2	0	46	2	0
1172	0.92	2	0	46	2	0
1173	0.92	2	0	46	2	0
1174	0.92	2	0	46	2	0
1175	0.92	2	0	46	2	0
1176	0.92	2	0	46	2	0
1177	0.92	2	0	46	2	0
1178	0.92	2	0	46	2	0
1179	0.92	2	0	46	2	0
1180	0.92	2	0	46	2	0
1181	0.94	2	0	47	1	0
1182	0.94	2	0	47	1	0
1183	0.94	2	0	47	1	0
1184	0.94	2	0	47	1	0
1185	0.94	2	0	47	1	0
1186	0.92	2	1	46	1	0
1187	0.92	2	1	46	1	0
1188	0.92	2	1	46	1	0
1189	0.94	1	1	47	1	0
1190	0.94	1	1	47	1	0
1191	0.94	1	1	47	1	0
1192	0.94	1	1	47	1	0
1193	0.94	1	1	47	1	0
1194	0.94	1	1	47	1	0
1195	0.94	1	1	47	1	0
1196	0.94	1	1	47	1	0
1197	0.94	1	1	47	1	0
1198	0.94	1	1	47	1	0
1199	0.94	1	1	47	1	0
1200	0.96	0	1	48	1	0
1201	0.96	0	1	48	1	0
1202	0.96	0	1	48	1	0
1203	0.96	0	1	48	1	0
1204	0.96	0	1	48	1	0
1205	0.96	0	1	48	1	0
1206	0.96	0	1	48	1	0
1207	0.96	0	1	48	1	0
1208	0.94	0	1	47	2	0
1209	0.94	0	1	47	2	0
1210	0.92	0	2	46	2	0
1211	0.90	1	2	45	2	0
1212	0.90	1	2	45	2	0
1213	0.90	1	2	45	2	0
1214	0.90	1	2	45	2	0
1215	0.90	1	2	45	2	0
1216	0.90	1	2	45	2	0
1217	0.90	1	2	45	2	0
1218	0.90	1	2	45	2	0
1219	0.90	1	2	45	2	0
1220	0.92	1	2	46	1	0
1221	0.92	1	2	46	1	0
1222	0.92	1	2	46	1	0
1223	0.92	1	2	46	1	0
1224	0.92	1	2	46	1	0
1225	0.92	1	2	46	1	0
1226	0.92	1	2	46	1	0
1227	0.92	1	2	46	1	0
1228	0.92	1	2	46	1	0
1229	0.90	2	2	45	1	0
1230	0.90	2	2	45	1	0
1231	0.90	2	2	45	1	0
1232	0.90	2	2	45	1	0
1233	0.90	2	2	45	1	0
1234	0.90	2	2	45	1	0
1235	0.90	2	2	45	1	0
1236	0.92	2	1	46	1	0
1237	0.92	2	1	46	1	0
1238	0.92	2	1	46	1	0
1239	0.92	2	1	46	1	0
1240	0.92	2	1	46	1	0
1241	0.92	2	1	46	1	0
1242	0.92	2	1	46	1	0
1243	0.92	2	1	46	1	0
1244	0.92	2	1	46	1	0
1245	0.92	2	1	46	1	0
1246	0.92	2	1	46	1	0
1247	0.92	2	1	46	1	0
1248	0.92	2	1	46	1	0
1249	0.92	2	1	46	1	0
1250	0.92	2	1	46	1	0
1251	0.92	2	1	46	1	0
1252	0.92	2	1	46	1	0
1253	0.92	2	1	46	1	0
1254	0.92	2	1	46	1	0
1255	0.92	2	1	46	1	0
1256	0.92	2	1	46	1	0
1257	0.92	2	1	46	1	0
1258	0.94	2	1	47	0	0
1259	0.94	2	1	47	0	0
1260	0.94	2	1	47	0	0
1261	0.96	1	1	48	0	0
1262	0.96	1	1	48	0	0
1263	0.96	1	1	48	0	0
1264	0.94	1	2	47	0	0
1265	0.94	1	2	47	0	0
1266	0.94	1	2	47	0	0
1267	0.94	1	2	47	0	0
1268	0.94	1	2	47	0	0
1269	0.94	1	2	47	0	0
1270	0.94	1	2	47	0	0
1271	0.94	1	2	47	0	0
1272	0.94	1	2	47	0	0
1273	0.94	1	2	47	0	0
1274	0.94	1	2	47	0	0
1275	0.94	1	2	47	0	0
1276	0.92	2	2	46	0	0
1277	0.92	2	2	46	0	0
1278	0.90	2	2	45	0	1
1279	0.92	1	2	46	0	1
1280	0.90	1	2	45	1	1
1281	0.90	1	2	45	1	1
1282	0.90	1	2	45	1	1
1283	0.90	1	2	45	1	1
1284	0.90	1	2	45	1	1
1285	0.90	1	2	45	1	1
1286	0.90	1	2	45	1	1
1287	0.90	1	2	45	1	1
1288	0.90	1	2	45	1	1
1289	0.90	1	2	45	1	1
1290	0.90	1	2	45	1	1
1291	0.90	1	2	45	1	1
1292	0.90	1	2	45	1	1
1293	0.90	1	2	45	1	1
1294	0.90	1	2	45	1	1
1295	0.90	1	2	45	1	1
1296	0.90	1	2	45	1	1
1297	0.90	1	2	45	1	1
1298	0.90	1	2	45	1	1
1299	0.90	1	2	45	1	1
1300	0.90	1	2	45	1	1
1301	0.90	1	2	45	1	1
1302	0.90	1	2	45	1	1
1303	0.90	1	2	45	1	1
1304	0.90	1	2	45	1	1
1305	0.90	1	2	45	1	1
1306	0.90	1	2	45	1	1
1307	0.90	1	2	45	1	1
1308	0.90	1	2	45	1	1
1309	0.90	1	2	45	1	1
1310	0.92	1	1	46	1	1
1311	0.92	1	1	46	1	1
1312	0.90	1	1	45	1	2
1313	0.90	1	1	45	1	2
1314	0.92	1	0	46	1	2
1315	0.90	1	0	45	2	2
1316	0.90	1	0	45	2	2
1317	0.90	1	0	45	2	2
1318	0.90	1	0	45	2	2
1319	0.90	1	0	45	2	2
1320	0.90	1	0	45	2	2
1321	0.90	1	0	45	2	2
1322	0.90	1	0	45	2	2
1323	0.90	1	0	45	2	2
1324	0.90	1	0	45	2	2
1325	0.90	1	0	45	2	2
1326	0.92	0	0	46	2	2
1327	0.92	0	0	46	2	2
1328	0.94	0	0	47	2	1
1329	0.94	0	0	47	2	1
1330	0.96	0	0	48	1	1
1331	0.96	0	0	48	1	1
1332	0.96	0	0	48	1	1
1333	0.96	0	0	48	1	1
1334	0.94	1	0	47	1	1
1335	0.94	1	0	47	1	1
1336	0.94	1	0	47	1	1
1337	0.94	1	0	47	1	1
1338	0.94	1	0	47	1	1
1339	0.94	1	0	47	1	1
1340	0.94	1	0	47	1	1
1341	0.94	1	0	47	1	1
1342	0.94	1	0	47	1	1
1343	0.94	1	0	47	1	1
1344	0.94	1	0	47	1	1
1345	0.94	1	0	47	1	1
1346	0.94	1	0	47	1	1
1347	0.94	1	0	47	1	1
1348	0.94	1	0	47	1	1
1349	0.94	1	0	47	1	1
1350	0.94	1	0	47	1	1
1351	0.94	1	0	47	1	1
1352	0.94	1	0	47	1	1
1353	0.94	1	0	47	1	1
1354	0.94	1	0	47	1	1
1355	0.94	1	0	47	1	1
1356	0.94	1	0	47	1	1
1357	0.94	1	0	47	1	1
1358	0.94	1	0	47	1	1
1359	0.94	1	0	47	1	1
1360	0.94	1	0	47	1	1
1361	0.92	2	0	46	1	1
1362	0.92	2	1	46	1	0
1363	0.92	2	1	46	1	0
1364	0.90	2	2	45	1	0
1365	0.92	2	2	46	0	0
1366	0.92	2	2	46	0	0
1367	0.92	2	2	46	0	0
1368	0.92	2	2	46	0	0
1369	0.92	2	2	46	0	0
1370	0.92	2	2	46	0	0
1371	0.92	2	2	46	0	0
1372	0.92	2	2	46	0	0
1373	0.92	2	2	46	0	0
1374	0.92	2	2	46	0	0
1375	0.92	2	2	46	0	0
1376	0.92	2	2	46	0	0
1377	0.92	2	2	46	0	0
1378	0.92	2	2	46	0	0
1379	0.92	2	2	46	0	0
1380	0.92	2	2	46	0	0
1381	0.92	2	2	46	0	0
1382	0.92	2	2	46	0	0
1383	0.92	2	2	46	0	0
1384	0.94	1	2	47	0	0
1385	0.94	1	2	47	0	0
1386	0.94	1	2	47	0	0
1387	0.94	1	2	47	0	0
1388	0.94	1	2	47	0	0
1389	0.94	1	2	47	0	0
1390	0.94	1	2	47	0	0
1391	0.94	1	2	47	0	0
1392	0.94	1	2	47	0	0
1393	0.94	1	2	47	0	0
1394	0.94	1	2	47	0	0
1395	0.94	1	2	47	0	0
1396	0.94	1	2	47	0	0
1397	0.94	1	2	47	0	0
1398	0.94	1	2	47	0	0
1399	0.94	1	2	47	0	0
1400	0.94	1	2	47	0	0
1401	0.94	1	2	47	0	0
1402	0.94	1	2	47	0	0
1403	0.92	1	2	46	0	1
1404	0.92	1	2	46	0	1
1405	0.92	1	2	46	0	1
1406	0.92	1	2	46	0	1
1407	0.90	1	3	45	0	1
1408	0.90	1	3	45	0	1
1409	0.90	1	3	45	0	1
1410	0.90	1	3	45	0	1
1411	0.92	0	3	46	0	1
1412	0.94	0	2	47	0	1
1413	0.94	0	2	47	0	1
1414	0.94	0	1	47	1	1
1415	0.94	0	1	47	1	1
1416	0.92	0	2	46	1	1
1417	0.92	0	2	46	1	1
1418	0.92	0	2	46	1	1
1419	0.90	0	2	45	1	2
1420	0.90	0	2	45	1	2
1421	0.90	0	2	45	1	2
1422	0.90	0	2	45	1	2
1423	0.90	0	2	45	1	2
1424	0.90	0	2	45	1	2
1425	0.88	0	3	44	1	2
1426	0.86	0	3	43	1	3
1427	0.86	0	3	43	1	3
1428	0.86	0	3	43	1	3
1429	0.86	0	3	43	1	3
1430	0.86	0	3	43	1	3
1431	0.86	0	3	43	1	3
1432	0.86	0	3	43	1	3
1433	0.86	0	3	43	1	3
1434	0.86	0	3	43	1	3
1435	0.86	0	3	43	1	3
1436	0.86	0	3	43	1	3
1437	0.86	0	3	43	1	3
1438	0.86	0	3	43	1	3
1439	0.86	0	3	43	1	3
1440	0.86	0	3	43	1	3
1441	0.86	0	3	43	1	3
1442	0.86	0	3	43	1	3
1443	0.86	0	3	43	1	3
1444	0.86	0	3	43	1	3
1445	0.86	0	3	43	1	3
1446	0.86	0	3	43	1	3
1447	0.86	0	3	43	1	3
1448	0.86	0	3	43	1	3
1449	0.86	0	3	43	1	3
1450	0.86	0	3	43	1	3
1451	0.86	0	3	43	1	3
1452	0.86	0	3	43	1	3
1453	0.88	0	3	44	1	2
1454	0.88	0	3	44	1	2
1455	0.88	0	3	44	1	2
1456	0.88	0	3	44	1	2
1457	0.90	0	2	45	1	2
1458	0.90	0	2	45	1	2
1459	0.90	0	2	45	1	2
1460	0.88	0	3	44	1	2
1461	0.88	0	3	44	1	2
1462	0.88	0	3	44	1	2
1463	0.88	0	3	44	1	2
1464	0.90	0	3	45	0	2
1465	0.90	0	3	45	0	2
1466	0.90	0	2	45	1	2
1467	0.90	0	2	45	1	2
1468	0.90	0	2	45	1	2
1469	0.92	0	2	46	1	1
1470	0.92	0	2	46	1	1
1471	0.92	0	2	46	1	1
1472	0.92	0	2	46	1	1
1473	0.90	0	2	45	1	2
1474	0.90	0	2	45	1	2
1475	0.92	0	1	46	1	2
1476	0.94	0	1	47	1	1
1477	0.94	0	1	47	1	1
1478	0.94	0	1	47	1	1
1479	0.94	0	1	47	1	1
1480	0.94	0	1	47	1	1
1481	0.94	0	1	47	1	1
1482	0.94	0	1	47	1	1
1483	0.94	0	1	47	1	1
1484	0.94	0	1	47	1	1
1485	0.94	0	1	47	1	1
1486	0.94	0	1	47	1	1
1487	0.94	0	1	47	1	1
1488	0.94	0	1	47	1	1
1489	0.94	0	1	47	1	1
1490	0.92	0	1	46	1	2
1491	0.92	0	1	46	1	2
1492	0.92	0	1	46	1	2
1493	0.92	0	1	46	1	2
1494	0.92	0	1	46	1	2
1495	0.92	0	1	46	1	2
1496	0.92	0	1	46	1	2
1497	0.92	0	1	46	1	2
1498	0.92	0	1	46	1	2
1499	0.92	0	1	46	1	2
1500	0.02	0	1	45	1	3
1501	0.02	0	1	45	1	3
1502	0.02	0	1	45	1	3
1503	0.02	1	1	44	1	3
1504	0.02	2	1	43	1	3
1505	0.02	2	1	43	1	3
1506	0.02	2	1	43	1	3
1507	0.02	2	1	42	1	4
1508	0.02	2	1	42	1	4
1509	0.02	2	1	42	1	4
1510	0.02	2	0	43	1	4
1511	0.02	2	0	43	1	4
1512	0.02	2	0	43	1	4
1513	0.04	2	0	42	2	4
1514	0.06	2	0	41	3	4
1515	0.08	2	0	40	4	4
1516	0.08	2	0	40	4	4
1517	0.10	2	0	39	5	4
1518	0.10	2	0	39	5	4
1519	0.10	2	0	39	5	4
1520	0.12	2	0	38	6	4
1521	0.12	2	0	38	6	4
1522	0.14	2	0	37	7	4
1523	0.14	2	0	38	7	3
1524	0.14	2	0	38	7	3
1525	0.16	2	0	37	8	3
1526	0.16	2	0	37	8	3
1527	0.18	2	0	36	9	3
1528	0.18	2	0	36	9	3
1529	0.20	2	0	35	10	3
1530	0.22	2	0	34	11	3
1531	0.24	2	0	33	12	3
1532	0.24	2	0	33	12	3
1533	0.26	2	0	32	13	3
1534	0.28	2	0	31	14	3
1535	0.30	2	0	30	15	3
1536	0.32	2	0	29	16	3
1537	0.34	2	0	28	17	3
1538	0.36	2	0	27	18	3
1539	0.38	2	0	26	19	3
1540	0.40	2	0	26	20	2
1541	0.42	2	0	25	21	2
1542	0.44	2	0	24	22	2
1543	0.46	2	0	23	23	2
1544	0.48	2	0	22	24	2
1545	0.50	2	0	21	25	2
1546	0.52	2	0	20	26	2
1547	0.54	2	0	19	27	2
1548	0.56	2	0	18	28	2
1549	0.58	2	0	17	29	2
1550	0.60	2	0	17	30	1
1551	0.60	2	0	17	30	1
1552	0.62	2	0	16	31	1
1553	0.64	1	0	16	32	1
1554	0.66	0	0	16	33	1
1555	0.68	0	0	15	34	1
1556	0.70	0	0	14	35	1
1557	0.72	0	0	14	36	0
1558	0.72	0	0	14	36	0
1559	0.74	0	0	13	37	0
1560	0.76	0	0	12	38	0
1561	0.78	0	0	11	39	0
1562	0.80	0	0	10	40	0
1563	0.80	0	0	10	40	0
1564	0.80	0	0	10	40	0
1565	0.80	0	0	10	40	0
1566	0.78	1	0	10	39	0
1567	0.78	1	0	10	39	0
1568	0.80	1	0	9	40	0
1569	0.82	1	0	8	41	0
1570	0.82	1	0	8	41	0
1571	0.84	1	0	7	42	0
1572	0.84	1	0	7	42	0
1573	0.86	1	0	6	43	0
1574	0.86	2	0	5	43	0
1575	0.86	2	0	5	43	0
1576	0.88	2	0	4	44	0
1577	0.88	2	0	4	44	0
1578	0.90	2	0	3	45	0
1579	0.90	2	0	3	45	0
1580	0.90	2	0	3	45	0
1581	0.90	2	0	3	45	0
1582	0.90	2	0	2	45	1
1583	0.90	2	0	2	45	1
1584	0.88	3	0	2	44	1
1585	0.88	3	0	2	44	1
1586	0.88	3	0	2	44	1
1587	0.86	3	0	2	43	2
1588	0.84	3	0	2	42	3
1589	0.84	3	0	2	42	3
1590	0.84	3	0	2	42	3
1591	0.82	3	0	3	41	3
1592	0.82	3	0	3	41	3
1593	0.82	3	0	3	41	3
1594	0.82	3	0	3	41	3
1595	0.82	3	0	3	41	3
1596	0.82	3	0	3	41	3
1597	0.82	3	0	3	41	3
1598	0.82	3	0	3	41	3
1599	0.82	3	0	3	41	3
1600	0.82	3	0	3	41	3
1601	0.84	3	0	2	42	3
1602	0.84	3	0	2	42	3
1603	0.84	3	0	2	42	3
1604	0.84	3	0	2	42	3
1605	0.84	3	0	2	42	3
1606	0.84	3	0	2	42	3
1607	0.84	3	0	2	42	3
1608	0.86	3	0	1	43	3
1609	0.84	4	0	1	42	3
1610	0.84	4	0	1	42	3
1611	0.84	4	0	1	42	3
1612	0.84	4	0	1	42	3
1613	0.84	4	0	1	42	3
1614	0.82	4	1	1	41	3
1615	0.80	4	1	2	40	3
1616	0.82	3	1	2	41	3
1617	0.82	3	1	2	41	3
1618	0.82	3	1	2	41	3
1619	0.82	3	1	2	41	3
1620	0.82	3	1	2	41	3
1621	0.82	3	1	2	41	3
1622	0.82	3	1	2	41	3
1623	0.82	3	1	2	41	3
1624	0.84	2	1	2	42	3
1625	0.84	2	1	2	42	3
1626	0.84	2	1	2	42	3
1627	0.84	2	1	2	42	3
1628	0.84	2	1	2	42	3
1629	0.84	2	1	2	42	3
1630	0.84	2	1	2	42	3
1631	0.84	2	1	2	42	3
1632	0.86	2	1	2	43	2
1633	0.86	2	1	2	43	2
1634	0.86	1	1	3	43	2
1635	0.86	1	1	3	43	2
1636	0.86	1	1	3	43	2
1637	0.86	1	2	3	43	1
1638	0.88	1	2	3	44	0
1639	0.88	1	2	3	44	0
1640	0.88	1	2	3	44	0
1641	0.90	1	2	2	45	0
1642	0.90	1	2	2	45	0
1643	0.90	1	2	2	45	0
1644	0.90	1	2	2	45	0
1645	0.90	1	2	2	45	0
1646	0.90	1	2	2	45	0
1647	0.90	1	2	2	45	0
1648	0.88	1	2	3	44	0
1649	0.88	1	2	3	44	0
1650	0.88	1	2	3	44	0
1651	0.88	1	2	3	44	0
1652	0.88	1	2	3	44	0
1653	0.88	1	2	3	44	0
1654	0.88	1	2	3	44	0
1655	0.88	1	2	3	44	0
1656	0.88	1	2	3	44	0
1657	0.88	1	2	3	44	0
1658	0.88	1	2	3	44	0
1659	0.90	0	2	3	45	0
1660	0.90	0	2	3	45	0
1661	0.90	0	2	3	45	0
1662	0.90	0	2	3	45	0
1663	0.90	0	2	3	45	0
1664	0.92	0	1	3	46	0
1665	0.94	0	1	2	47	0
1666	0.94	0	1	2	47	0
1667	0.94	0	1	2	47	0
1668	0.94	0	1	2	47	0
1669	0.94	0	1	2	47	0
1670	0.94	0	1	2	47	0
1671	0.94	0	1	2	47	0
1672	0.92	0	1	2	46	1
1673	0.92	0	1	2	46	1
1674	0.92	0	1	2	46	1
1675	0.92	0	1	2	46	1
1676	0.92	0	1	2	46	1
1677	0.92	0	1	2	46	1
1678	0.92	0	1	2	46	1
1679	0.92	0	1	2	46	1
1680	0.92	0	1	2	46	1
1681	0.92	0	1	2	46	1
1682	0.92	0	1	2	46	1
1683	0.90	0	1	3	45	1
1684	0.92	0	1	2	46	1
1685	0.92	0	1	2	46	1
1686	0.92	0	1	2	46	1
1687	0.92	1	0	2	46	1
1688	0.92	1	0	2	46	1
1689	0.92	1	0	2	46	1
1690	0.92	1	0	2	46	1
1691	0.92	1	0	2	46	1
1692	0.92	1	0	2	46	1
1693	0.90	1	0	3	45	1
1694	0.90	1	0	3	45	1
1695	0.90	1	0	3	45	1
1696	0.90	1	0	3	45	1
1697	0.90	1	0	3	45	1
1698	0.92	1	0	2	46	1
1699	0.92	1	0	2	46	1
1700	0.92	1	0	2	46	1
1701	0.92	1	0	2	46	1
1702	0.92	1	0	2	46	1
1703	0.92	1	0	2	46	1
1704	0.92	1	0	2	46	1
1705	0.92	1	0	2	46	1
1706	0.92	1	0	2	46	1
1707	0.92	1	0	2	46	1
1708	0.92	1	0	2	46	1
1709	0.92	1	0	2	46	1
1710	0.92	1	0	2	46	1
1711	0.92	1	0	2	46	1
1712	0.92	1	0	2	46	1
1713	0.92	1	0	2	46	1
1714	0.92	1	0	2	46	1
1715	0.92	1	0	2	46	1
1716	0.92	1	0	2	46	1
1717	0.92	1	0	2	46	1
1718	0.92	1	0	2	46	1
1719	0.92	1	0	2	46	1
1720	0.92	1	0	2	46	1
1721	0.92	1	0	2	46	1
1722	0.94	1	0	2	47	0
1723	0.94	1	0	2	47	0
1724	0.92	2	0	2	46	0
1725	0.92	2	0	2	46	0
1726	0.92	2	0	2	46	0
1727	0.92	2	0	2	46	0
1728	0.92	2	0	2	46	0
1729	0.92	2	0	2	46	0
1730	0.92	2	0	2	46	0
1731	0.92	2	0	2	46	0
1732	0.90	3	0	2	45	0
1733	0.92	3	0	1	46	0
1734	0.92	3	0	1	46	0
1735	0.92	3	0	1	46	0
1736	0.92	3	0	1	46	0
1737	0.92	2	1	1	46	0
1738	0.92	2	1	1	46	0
1739	0.92	2	1	1	46	0
1740	0.92	2	1	1	46	0
1741	0.92	2	1	1	46	0
1742	0.92	2	1	1	46	0
1743	0.94	2	1	0	47	0
1744	0.94	2	1	0	47	0
1745	0.94	2	1	0	47	0
1746	0.94	2	1	0	47	0
1747	0.94	2	1	0	47	0
1748	0.94	2	1	0	47	0
1749	0.94	2	1	0	47	0
1750	0.94	2	1	0	47	0
1751	0.94	2	1	0	47	0
1752	0.94	2	1	0	47	0
1753	0.94	2	1	0	47	0
1754	0.94	2	1	0	47	0
1755	0.94	2	1	0	47	0
1756	0.94	2	1	0	47	0
1757	0.94	2	1	0	47	0
1758	0.94	2	1	0	47	0
1759	0.94	2	1	0	47	0
1760	0.94	2	1	0	47	0
1761	0.94	2	1	0	47	0
1762	0.94	2	1	0	47	0
1763	0.94	2	1	0	47	0
1764	0.94	2	1	0	47	0
1765	0.94	2	1	0	47	0
1766	0.94	2	1	0	47	0
1767	0.94	2	1	0	47	0
1768	0.94	2	1	0	47	0
1769	0.94	2	1	0	47	0
1770	0.94	2	1	0	47	0
1771	0.94	2	1	0	47	0
1772	0.94	2	1	0	47	0
1773	0.94	2	1	0	47	0
1774	0.96	1	1	0	48	0
1775	0.96	1	1	0	48	0
1776	0.96	1	1	0	48	0
1777	0.96	1	1	0	48	0
1778	0.96	1	1	0	48	0
1779	0.96	1	1	0	48	0
1780	0.96	1	1	0	48	0
1781	0.96	1	1	0	48	0
1782	0.98	0	1	0	49	0
1783	0.98	0	1	0	49	0
1784	0.98	0	1	0	49	0
1785	0.98	0	1	0	49	0
1786	0.98	0	1	0	49	0
1787	1.00	0	0	0	50	0
1788	1.00	0	0	0	50	0
1789	1.00	0	0	0	50	0
1790	1.00	0	0	0	50	0
1791	1.00	0	0	0	50	0
1792	1.00	0	0	0	50	0
1793	1.00	0	0	0	50	0
1794	1.00	0	0	0	50	0
1795	1.00	0	0	0	50	0
1796	1.00	0	0	0	50	0
1797	1.00	0	0	0	50	0
1798	1.00	0	0	0	50	0
1799	1.00	0	0	0	50	0
1800	1.00	0	0	0	50	0
1801	1.00	0	0	0	50	0
1802	1.00	0	0	0	50	0
1803	1.00	0	0	0	50	0
1804	1.00	0	0	0	50	0
1805	1.00	0	0	0	50	0
1806	1.00	0	0	0	50	0
1807	1.00	0	0	0	50	0
1808	1.00	0	0	0	50	0
1809	1.00	0	0	0	50	0
1810	1.00	0	0	0	50	0
1811	1.00	0	0	0	50	0
1812	1.00	0	0	0	50	0
1813	1.00	0	0	0	50	0
1814	1.00	0	0	0	50	0
1815	1.00	0	0	0	50	0
1816	1.00	0	0	0	50	0
1817	1.00	0	0	0	50	0
1818	1.00	0	0	0	50	0
1819	1.00	0	0	0	50	0
1820	1.00	0	0	0	50	0
1821	1.00	0	0	0	50	0
1822	1.00	0	0	0	50	0
1823	0.98	0	0	1	49	0
1824	0.98	0	0	1	49	0
1825	0.98	0	0	1	49	0
1826	0.98	0	0	1	49	0
1827	0.98	0	0	1	49	0
1828	0.98	0	0	1	49	0
1829	0.98	0	0	1	49	0
1830	0.98	0	0	1	49	0
1831	0.98	0	0	1	49	0
1832	0.98	0	0	1	49	0
1833	0.98	0	0	1	49	0
1834	0.98	0	0	1	49	0
1835	0.98	0	0	1	49	0
1836	0.98	0	0	1	49	0
1837	0.98	0	0	1	49	0
1838	0.98	0	0	1	49	0
1839	0.98	0	0	1	49	0
1840	0.98	0	0	1	49	0
1841	0.98	0	0	1	49	0
1842	0.98	0	0	1	49	0
1843	0.98	0	0	1	49	0
1844	0.98	0	0	1	49	0
1845	0.98	0	0	1	49	0
1846	0.98	0	0	1	49	0
1847	0.98	0	0	1	49	0
1848	0.96	0	0	1	48	1
1849	0.94	0	0	2	47	1
1850	0.94	0	0	2	47	1
1851	0.94	0	0	2	47	1
1852	0.94	0	0	2	47	1
1853	0.94	0	0	2	47	1
1854	0.94	0	0	2	47	1
1855	0.94	0	0	2	47	1
1856	0.94	0	0	2	47	1
1857	0.94	0	0	2	47	1
1858	0.92	0	1	2	46	1
1859	0.92	0	1	2	46	1
1860	0.92	0	1	2	46	1
1861	0.92	0	1	2	46	1
1862	0.92	0	1	2	46	1
1863	0.90	0	1	2	45	2
1864	0.90	0	1	2	45	2
1865	0.90	0	1	2	45	2
1866	0.90	0	1	2	45	2
1867	0.90	0	1	2	45	2
1868	0.90	0	1	2	45	2
1869	0.90	0	1	2	45	2
1870	0.90	0	1	2	45	2
1871	0.90	0	1	2	45	2
1872	0.90	0	1	2	45	2
1873	0.92	0	1	1	46	2
1874	0.92	0	1	1	46	2
1875	0.92	0	1	1	46	2
1876	0.92	0	1	1	46	2
1877	0.92	0	1	1	46	2
1878	0.92	0	1	1	46	2
1879	0.92	0	1	1	46	2
1880	0.92	0	1	1	46	2
1881	0.92	0	1	1	46	2
1882	0.92	0	1	1	46	2
1883	0.92	0	1	1	46	2
1884	0.92	0	1	1	46	2
1885	0.92	0	1	1	46	2
1886	0.90	0	1	2	45	2
1887	0.90	0	1	2	45	2
1888	0.90	0	1	2	45	2
1889	0.90	0	1	2	45	2
1890	0.90	0	1	2	45	2
1891	0.90	0	1	2	45	2
1892	0.90	0	1	2	45	2
1893	0.90	0	1	2	45	2
1894	0.88	0	1	2	44	3
1895	0.88	0	1	2	44	3
1896	0.88	0	1	2	44	3
1897	0.88	0	1	2	44	3
1898	0.88	0	1	3	44	2
1899	0.90	0	1	2	45	2
1900	0.90	0	1	2	45	2
1901	0.90	0	1	2	45	2
1902	0.90	0	1	2	45	2
1903	0.90	0	1	2	45	2
1904	0.90	0	1	2	45	2
1905	0.90	0	1	2	45	2
1906	0.90	0	1	2	45	2
1907	0.90	0	1	2	45	2
1908	0.92	0	0	2	46	2
1909	0.92	0	0	2	46	2
1910	0.92	0	0	2	46	2
1911	0.92	0	0	2	46	2
1912	0.92	0	0	2	46	2
1913	0.92	1	0	2	46	1
1914	0.92	1	0	2	46	1
1915	0.92	1	0	2	46	1
1916	0.92	1	0	2	46	1
1917	0.92	1	0	2	46	1
1918	0.92	1	0	2	46	1
1919	0.92	1	0	2	46	1
1920	0.92	1	0	2	46	1
1921	0.92	1	0	2	46	1
1922	0.92	1	0	2	46	1
1923	0.92	1	0	2	46	1
1924	0.92	1	0	2	46	1
1925	0.92	1	0	2	46	1
1926	0.92	1	0	2	46	1
1927	0.92	1	0	2	46	1
1928	0.92	1	0	2	46	1
1929	0.92	1	0	2	46	1
1930	0.90	1	1	2	45	1
1931	0.90	1	1	2	45	1
1932	0.90	1	1	2	45	1
1933	0.90	1	1	2	45	1
1934	0.90	1	1	2	45	1
1935	0.90	1	1	2	45	1
1936	0.92	1	1	1	46	1
1937	0.92	1	1	1	46	1
1938	0.92	1	1	1	46	1
1939	0.92	1	1	1	46	1
1940	0.92	1	1	1	46	1
1941	0.92	1	1	1	46	1
1942	0.92	1	1	1	46	1
1943	0.92	1	1	1	46	1
1944	0.94	1	1	1	47	0
1945	0.94	1	1	1	47	0
1946	0.94	1	1	1	47	0
1947	0.94	1	1	1	47	0
1948	0.96	1	1	0	48	0
1949	0.96	1	1	0	48	0
1950	0.96	1	1	0	48	0
1951	0.96	1	1	0	48	0
1952	0.94	2	1	0	47	0
1953	0.94	2	1	0	47	0
1954	0.94	2	1	0	47	0
1955	0.94	2	1	0	47	0
1956	0.94	2	1	0	47	0
1957	0.94	2	1	0	47	0
1958	0.94	2	1	0	47	0
1959	0.94	2	1	0	47	0
1960	0.94	2	1	0	47	0
1961	0.94	2	1	0	47	0
1962	0.94	2	1	0	47	0
1963	0.96	1	1	0	48	0
1964	0.96	1	1	0	48	0
1965	0.94	1	2	0	47	0
1966	0.94	1	2	0	47	0
1967	0.94	1	2	0	47	0
1968	0.94	1	2	0	47	0
1969	0.94	1	2	0	47	0
1970	0.94	1	2	0	47	0
1971	0.94	1	2	0	47	0
1972	0.94	1	2	0	47	0
1973	0.94	1	2	0	47	0
1974	0.94	1	2	0	47	0
1975	0.94	1	2	0	47	0
1976	0.94	1	2	0	47	0
1977	0.94	1	2	0	47	0
1978	0.94	1	2	0	47	0
1979	0.94	1	2	0	47	0
1980	0.96	1	1	0	48	0
1981	0.96	1	1	0	48	0
1982	0.96	1	1	0	48	0
1983	0.96	1	1	0	48	0
1984	0.96	1	1	0	48	0
1985	0.96	1	1	0	48	0
1986	0.96	1	1	0	48	0
1987	0.96	1	1	0	48	0
1988	0.96	1	1	0	48	0
1989	0.96	1	1	0	48	0
1990	0.96	1	1	0	48	0
1991	0.96	1	1	0	48	0
1992	0.96	1	1	0	48	0
1993	0.96	1	1	0	48	0
1994	0.96	1	1	0	48	0
1995	0.96	1	1	0	48	0
1996	0.96	1	1	0	48	0
1997	0.96	1	1	0	48	0
1998	0.96	1	1	0	48	0
1999	0.96	1	1	0	48	0
2000	0.00	1	1	0	48	0
2001	0.00	1	1	0	48	0
2002	0.00	0	1	0	49	0
2003	0.00	0	1	0	49	0
2004	0.00	0	1	0	49	0
2005	0.02	0	1	0	48	1
2006	0.02	0	1	0	48	1
2007	0.02	0	1	0	48	1
2008	0.02	0	1	0	48	1
2009	0.02	0	1	0	48	1
2010	0.04	0	1	0	47	2
2011	0.06	0	1	0	46	3
2012	0.06	0	1	0	46	3
2013	0.06	0	1	0	46	3
2014	0.06	0	1	0	46	3
2015	0.08	0	0	0	46	4
2016	0.08	0	0	0	46	4
2017	0.08	0	0	0	46	4
2018	0.10	0	0	0	45	5
2019	0.10	0	0	0	45	5
2020	0.12	0	0	0	44	6
2021	0.14	0	0	0	43	7
2022	0.14	0	0	0	43	7
2023	0.14	0	0	0	43	7
2024	0.14	0	0	0	43	7
2025	0.16	0	0	0	42	8
2026	0.18	0	0	0	41	9
2027	0.20	0	0	0	40	10
2028	0.22	0	0	0	39	11
2029	0.24	0	0	0	38	12
2030	0.24	0	0	0	38	12
2031	0.26	0	0	0	37	13
2032	0.28	0	0	0	36	14
2033	0.28	0	0	0	36	14
2034	0.30	0	0	0	35	15
2035	0.32	0	0	0	34	16
2036	0.34	0	0	0	33	17
2037	0.34	0	0	0	33	17
2038	0.36	0	0	0	32	18
2039	0.38	0	0	0	31	19
2040	0.40	0	0	0	30	20
2041	0.42	0	0	0	29	21
2042	0.44	0	0	0	28	22
2043	0.46	0	0	0	27	23
2044	0.46	0	0	0	27	23
2045	0.48	0	0	0	26	24
2046	0.50	0	0	0	25	25
2047	0.52	0	0	0	24	26
2048	0.54	0	0	0	23	27
2049	0.56	0	0	0	22	28
2050	0.58	0	0	0	21	29
2051	0.58	0	1	0	20	29
2052	0.60	0	1	0	19	30
2053	0.62	0	1	0	18	31
2054	0.64	0	1	0	17	32
2055	0.62	0	1	0	18	31
2056	0.64	0	1	0	17	32
2057	0.66	0	1	0	16	33
2058	0.68	0	1	0	15	34
2059	0.70	0	1	0	14	35
2060	0.70	0	1	0	14	35
2061	0.70	0	1	0	14	35
2062	0.72	0	1	0	13	36
2063	0.74	0	1	0	12	37
2064	0.76	0	1	0	11	38
2065	0.76	0	1	0	11	38
2066	0.78	0	1	0	10	39
2067	0.80	0	1	0	9	40
2068	0.80	0	1	0	9	40
2069	0.82	0	1	0	8	41
2070	0.82	0	1	0	8	41
2071	0.82	0	1	0	8	41
2072	0.84	0	1	0	7	42
2073	0.86	0	1	0	6	43
2074	0.88	0	1	0	5	44
2075	0.88	0	1	0	5	44
2076	0.88	0	1	0	5	44
2077	0.88	0	1	0	5	44
2078	0.88	0	1	0	5	44
2079	0.88	0	1	0	5	44
2080	0.90	0	1	0	4	45
2081	0.90	0	1	0	4	45
2082	0.90	0	1	0	4	45
2083	0.92	0	1	0	3	46
2084	0.92	0	1	0	3	46
2085	0.92	0	1	0	3	46
2086	0.92	0	1	0	3	46
2087	0.94	0	1	0	2	47
2088	0.94	0	1	0	2	47
2089	0.94	0	1	0	2	47
2090	0.92	0	1	1	2	46
2091	0.92	0	1	1	2	46
2092	0.92	0	1	1	2	46
2093	0.92	0	1	1	2	46
2094	0.94	0	1	1	1	47
2095	0.92	0	2	1	1	46
2096	0.92	0	2	1	1	46
2097	0.92	0	2	1	1	46
2098	0.92	0	2	1	1	46
2099	0.92	0	2	1	1	46
2100	0.92	0	2	1	1	46
2101	0.94	0	1	1	1	47
2102	0.92	0	1	2	1	46
2103	0.92	0	1	2	1	46
2104	0.92	0	1	2	1	46
2105	0.94	0	1	2	0	47
2106	0.94	0	1	2	0	47
2107	0.92	0	1	3	0	46
2108	0.92	0	1	3	0	46
2109	0.92	0	1	3	0	46
2110	0.92	0	1	3	0	46
2111	0.90	0	1	4	0	45
2112	0.88	0	1	5	0	44
2113	0.88	0	1	5	0	44
2114	0.86	1	1	5	0	43
2115	0.86	1	1	5	0	43
2116	0.86	1	1	5	0	43
2117	0.86	1	1	5	0	43
2118	0.86	1	1	5	0	43
2119	0.86	1	1	5	0	43
2120	0.86	1	1	5	0	43
2121	0.86	1	1	5	0	43
2122	0.86	1	1	5	0	43
2123	0.86	1	1	5	0	43
2124	0.86	1	1	5	0	43
2125	0.86	1	1	5	0	43
2126	0.86	1	1	5	0	43
2127	0.84	2	1	5	0	42
2128	0.84	2	1	5	0	42
2129	0.84	2	1	5	0	42
2130	0.84	2	1	5	0	42
2131	0.84	2	1	5	0	42
2132	0.82	2	1	5	1	41
2133	0.82	2	1	5	1	41
2134	0.82	2	1	5	1	41
2135	0.80	2	2	5	1	40
2136	0.80	2	2	5	1	40
2137	0.80	2	2	5	1	40
2138	0.80	2	2	5	1	40
2139	0.80	2	2	5	1	40
2140	0.80	2	2	5	1	40
2141	0.80	2	2	5	1	40
2142	0.80	2	2	5	1	40
2143	0.80	2	2	5	1	40
2144	0.80	2	2	5	1	40
2145	0.82	2	1	5	1	41
2146	0.82	2	1	5	1	41
2147	0.82	2	1	5	1	41
2148	0.82	2	1	5	1	41
2149	0.82	2	1	5	1	41
2150	0.82	2	1	5	1	41
2151	0.82	2	1	5	1	41
2152	0.84	2	1	4	1	42
2153	0.84	2	1	4	1	42
2154	0.84	2	1	4	1	42
2155	0.84	2	1	4	1	42
2156	0.84	2	1	4	1	42
2157	0.86	2	1	3	1	43
2158	0.86	2	1	3	1	43
2159	0.86	2	1	3	1	43
2160	0.86	2	1	3	1	43
2161	0.88	2	1	2	1	44
2162	0.90	2	1	1	1	45
2163	0.90	2	1	1	1	45
2164	0.92	1	1	1	1	46
2165	0.92	1	1	1	1	46
2166	0.92	1	1	1	1	46
2167	0.92	1	1	1	1	46
2168	0.92	1	1	1	1	46
2169	0.90	1	1	2	1	45
2170	0.90	1	1	2	1	45
2171	0.88	1	1	2	2	44
2172	0.88	1	1	2	2	44
2173	0.88	1	1	2	2	44
2174	0.88	1	1	2	2	44
2175	0.86	1	1	2	3	43
2176	0.86	1	1	2	3	43
2177	0.88	0	1	2	3	44
2178	0.88	0	1	2	3	44
2179	0.88	0	1	2	3	44
2180	0.88	0	1	2	3	44
2181	0.88	0	1	2	3	44
2182	0.90	0	1	2	2	45
2183	0.90	0	1	2	2	45
2184	0.90	0	1	2	2	45
2185	0.92	0	0	2	2	46
2186	0.92	0	0	2	2	46
2187	0.92	0	0	2	2	46
2188	0.90	0	0	2	3	45
2189	0.90	0	0	2	3	45
2190	0.92	0	0	1	3	46
2191	0.92	0	0	1	3	46
2192	0.92	0	0	1	3	46
2193	0.90	0	1	1	3	45
2194	0.88	0	1	1	4	44
2195	0.86	1	1	1	4	43
2196	0.86	1	1	1	4	43
2197	0.86	1	1	1	4	43
2198	0.86	1	1	1	4	43
2199	0.86	1	1	1	4	43
2200	0.86	1	1	1	4	43
2201	0.86	1	1	1	4	43
2202	0.86	1	1	1	4	43
2203	0.86	1	1	1	4	43
2204	0.86	1	1	1	4	43
2205	0.86	1	1	1	4	43
2206	0.86	1	1	1	4	43
2207	0.86	1	1	1	4	43
2208	0.86	1	1	1	4	43
2209	0.86	1	1	1	4	43
2210	0.86	1	1	1	4	43
2211	0.86	1	1	1	4	43
2212	0.84	1	1	1	5	42
2213	0.84	1	1	1	5	42
2214	0.84	1	1	1	5	42
2215	0.84	1	1	1	5	42
2216	0.84	1	1	1	5	42
2217	0.84	1	1	1	5	42
2218	0.84	1	1	1	5	42
2219	0.86	1	1	0	5	43
2220	0.86	1	1	0	5	43
2221	0.88	1	1	0	4	44
2222	0.86	2	1	0	4	43
2223	0.86	2	1	0	4	43
2224	0.84	2	1	0	5	42
2225	0.86	2	1	0	4	43
2226	0.86	2	1	0	4	43
2227	0.86	2	1	0	4	43
2228	0.84	2	1	1	4	42
2229	0.82	2	1	2	4	41
2230	0.82	2	1	2	4	41
2231	0.82	2	1	2	4	41
2232	0.82	2	1	2	4	41
2233	0.82	2	1	2	4	41
2234	0.82	2	1	2	4	41
2235	0.82	2	1	2	4	41
2236	0.82	2	1	2	4	41
2237	0.82	2	1	2	4	41
2238	0.84	2	1	2	3	42
2239	0.84	2	1	2	3	42
2240	0.84	2	1	2	3	42
2241	0.84	2	1	2	3	42
2242	0.84	2	1	2	3	42
2243	0.86	2	0	2	3	43
2244	0.88	2	0	2	2	44
2245	0.90	1	0	2	2	45
2246	0.90	1	0	2	2	45
2247	0.88	1	0	2	3	44
2248	0.88	1	0	2	3	44
2249	0.88	1	0	2	3	44
2250	0.88	1	0	2	3	44
2251	0.88	1	0	2	3	44
2252	0.86	1	0	2	4	43
2253	0.86	1	0	2	4	43
2254	0.86	1	0	2	4	43
2255	0.86	1	0	2	4	43
2256	0.86	1	0	2	4	43
2257	0.86	1	0	2	4	43
2258	0.86	1	0	2	4	43
2259	0.86	1	0	2	4	43
2260	0.86	1	0	2	4	43
2261	0.86	1	0	2	4	43
2262	0.88	1	0	2	3	44
2263	0.88	1	0	2	3	44
2264	0.88	1	0	2	3	44
2265	0.88	1	0	2	3	44
2266	0.88	1	0	2	3	44
2267	0.88	1	0	2	3	44
2268	0.88	1	0	2	3	44
2269	0.88	1	0	2	3	44
2270	0.88	1	0	2	3	44
2271	0.88	1	0	2	3	44
2272	0.90	0	0	2	3	45
2273	0.90	0	0	2	3	45
2274	0.92	0	0	2	2	46
2275	0.92	0	0	2	2	46
2276	0.92	0	0	2	2	46
2277	0.92	0	0	2	2	46
2278	0.94	0	0	1	2	47
2279	0.96	0	0	0	2	48
2280	0.96	0	0	0	2	48
2281	0.96	0	0	0	2	48
2282	0.96	0	0	0	2	48
2283	0.94	1	0	0	2	47
2284	0.94	1	0	0	2	47
2285	0.94	1	0	0	2	47
2286	0.94	1	0	0	2	47
2287	0.94	1	0	0	2	47
2288	0.94	1	0	0	2	47
2289	0.94	1	0	0	2	47
2290	0.94	1	0	0	2	47
2291	0.94	1	0	0	2	47
2292	0.94	1	0	0	2	47
2293	0.94	1	0	0	2	47
2294	0.94	1	0	0	2	47
2295	0.94	1	0	0	2	47
2296	0.94	1	0	0	2	47
2297	0.96	1	0	0	1	48
2298	0.96	1	0	0	1	48
2299	0.96	1	0	0	1	48
2300	0.96	1	0	0	1	48
2301	0.96	1	0	0	1	48
2302	0.98	1	0	0	0	49
2303	0.98	1	0	0	0	49
2304	0.98	1	0	0	0	49
2305	0.98	1	0	0	0	49
2306	0.98	1	0	0	0	49
2307	0.98	1	0	0	0	49
2308	0.98	1	0	0	0	49
2309	0.98	1	0	0	0	49
2310	0.98	1	0	0	0	49
2311	0.98	1	0	0	0	49
2312	0.98	1	0	0	0	49
2313	0.98	1	0	0	0	49
2314	0.98	1	0	0	0	49
2315	0.98	1	0	0	0	49
2316	0.98	1	0	0	0	49
2317	0.98	1	0	0	0	49
2318	0.98	1	0	0	0	49
2319	0.98	1	0	0	0	49
2320	0.98	1	0	0	0	49
2321	0.98	1	0	0	0	49
2322	0.98	1	0	0	0	49
2323	0.98	1	0	0	0	49
2324	0.98	1	0	0	0	49
2325	0.98	1	0	0	0	49
2326	0.98	1	0	0	0	49
2327	0.98	1	0	0	0	49
2328	0.96	1	0	0	1	48
2329	0.96	1	0	0	1	48
2330	0.96	1	0	0	1	48
2331	0.96	1	0	0	1	48
2332	0.96	1	0	0	1	48
2333	0.96	0	0	0	2	48
2334	0.96	0	0	0	2	48
2335	0.96	0	0	0	2	48
2336	0.96	0	0	0	2	48
2337	0.96	0	0	0	2	48
2338	0.96	0	0	0	2	48
2339	0.96	0	0	0	2	48
2340	0.96	0	0	0	2	48
2341	0.96	0	0	0	2	48
2342	0.96	0	0	0	2	48
2343	0.96	0	0	0	2	48
2344	0.96	0	0	0	2	48
2345	0.96	0	0	0	2	48
2346	0.96	0	0	0	2	48
2347	0.96	0	0	0	2	48
2348	0.96	0	0	0	2	48
2349	0.96	0	0	0	2	48
2350	0.96	0	0	0	2	48
2351	0.96	0	0	0	2	48
2352	0.96	0	0	0	2	48
2353	0.96	0	0	0	2	48
2354	0.96	0	0	0	2	48
2355	0.96	0	0	0	2	48
2356	0.96	0	0	0	2	48
2357	0.96	0	0	0	2	48
2358	0.96	0	0	0	2	48
2359	0.96	0	0	0	2	48
2360	0.96	0	0	0	2	48
2361	0.96	0	0	0	2	48
2362	0.96	0	0	0	2	48
2363	0.96	0	0	0	2	48
2364	0.96	0	0	0	2	48
2365	0.96	0	0	0	2	48
2366	0.96	0	0	0	2	48
2367	0.94	0	1	0	2	47
2368	0.94	0	1	0	2	47
2369	0.94	0	1	0	2	47
2370	0.94	0	1	0	2	47
2371	0.94	0	1	0	2	47
2372	0.94	0	1	0	2	47
2373	0.92	0	2	0	2	46
2374	0.92	0	2	0	2	46
2375	0.90	0	2	0	3	45
2376	0.90	0	2	0	3	45
2377	0.90	0	2	0	3	45
2378	0.92	0	2	0	2	46
2379	0.92	0	2	0	2	46
2380	0.92	0	2	0	2	46
2381	0.92	0	2	0	2	46
2382	0.92	0	2	0	2	46
2383	0.94	0	2	0	1	47
2384	0.94	0	2	0	1	47
2385	0.94	0	2	0	1	47
2386	0.94	0	2	0	1	47
2387	0.94	0	2	0	1	47
2388	0.94	0	2	0	1	47
2389	0.94	0	2	0	1	47
2390	0.94	0	2	0	1	47
2391	0.94	0	2	0	1	47
2392	0.94	0	2	0	1	47
2393	0.94	0	2	0	1	47
2394	0.94	0	2	0	1	47
2395	0.92	0	3	0	1	46
2396	0.92	0	3	0	1	46
2397	0.92	0	3	0	1	46
2398	0.92	0	3	0	1	46
2399	0.92	0	3	0	1	46
2400	0.92	0	3	0	1	46
2401	0.92	0	3	0	1	46
2402	0.92	0	3	0	1	46
2403	0.92	0	3	0	1	46
2404	0.92	0	3	0	1	46
2405	0.92	0	3	0	1	46
2406	0.92	0	3	0	1	46
2407	0.90	0	3	0	2	45
2408	0.90	0	3	0	2	45
2409	0.90	0	3	0	2	45
2410	0.90	0	3	0	2	45
2411	0.90	0	3	0	2	45
2412	0.90	0	3	0	2	45
2413	0.90	0	3	0	2	45
2414	0.88	1	3	0	2	44
2415	0.88	1	3	0	2	44
2416	0.88	1	3	0	2	44
2417	0.90	1	2	0	2	45
2418	0.90	1	2	0	2	45
2419	0.88	1	2	1	2	44
2420	0.88	1	2	1	2	44
2421	0.88	1	2	1	2	44
2422	0.88	1	2	1	2	44
2423	0.90	1	1	1	2	45
2424	0.90	1	1	1	2	45
2425	0.90	1	1	2	1	45
2426	0.90	1	1	2	1	45
2427	0.90	1	1	2	1	45
2428	0.90	1	1	2	1	45
2429	0.90	1	1	2	1	45
2430	0.90	1	1	2	1	45
2431	0.90	1	1	2	1	45
2432	0.90	1	1	2	1	45
2433	0.90	1	1	2	1	45
2434	0.90	1	1	2	1	45
2435	0.90	1	1	2	1	45
2436	0.90	1	1	2	1	45
2437	0.88	1	1	2	2	44
2438	0.88	1	1	2	2	44
2439	0.88	1	1	2	2	44
2440	0.88	1	1	2	2	44
2441	0.88	1	1	2	2	44
2442	0.88	1	1	2	2	44
2443	0.88	1	1	2	2	44
2444	0.86	2	1	2	2	43
2445	0.88	2	0	2	2	44
2446	0.88	2	0	2	2	44
2447	0.88	2	0	2	2	44
2448	0.88	2	0	2	2	44
2449	0.88	2	0	2	2	44
2450	0.88	2	0	2	2	44
2451	0.88	2	0	2	2	44
2452	0.88	2	0	2	2	44
2453	0.88	2	0	2	2	44
2454	0.88	2	0	2	2	44
2455	0.88	2	0	2	2	44
2456	0.88	2	0	2	2	44
2457	0.90	2	0	2	1	45
2458	0.90	2	0	2	1	45
2459	0.88	2	0	3	1	44
2460	0.88	2	0	3	1	44
2461	0.88	2	0	3	1	44
2462	0.88	2	0	3	1	44
2463	0.88	2	0	3	1	44
2464	0.90	1	0	3	1	45
2465	0.90	1	0	3	1	45
2466	0.90	1	0	3	1	45
2467	0.90	1	0	3	1	45
2468	0.90	1	0	3	1	45
2469	0.90	2	0	2	1	45
2470	0.90	2	0	2	1	45
2471	0.90	2	0	2	1	45
2472	0.90	2	0	2	1	45
2473	0.90	2	0	2	1	45
2474	0.88	3	0	2	1	44
2475	0.90	3	0	1	1	45
2476	0.90	3	0	1	1	45
2477	0.90	3	0	1	1	45
2478	0.90	3	0	1	1	45
2479	0.90	3	0	1	1	45
2480	0.90	3	0	1	1	45
2481	0.90	3	0	1	1	45
2482	0.90	3	0	1	1	45
2483	0.90	3	0	1	1	45
2484	0.88	3	0	1	2	44
2485	0.88	3	0	1	2	44
2486	0.86	3	0	2	2	43
2487	0.88	3	0	2	1	44
2488	0.88	3	0	2	1	44
2489	0.88	3	0	2	1	44
2490	0.88	3	0	2	1	44
2491	0.88	3	0	2	1	44
2492	0.88	3	0	2	1	44
2493	0.86	3	1	2	1	43
2494	0.88	2	1	2	1	44
2495	0.88	2	1	2	1	44
2496	0.88	2	1	2	1	44
2497	0.88	2	1	2	1	44
2498	0.88	2	1	2	1	44
2499	0.88	2	1	2	1	44
2500	0.06	3	1	2	1	43
2501	0.08	4	1	2	1	42
2502	0.08	4	1	3	1	41
2503	0.10	5	1	3	1	40
2504	0.12	6	1	3	1	39
2505	0.12	6	1	3	1	39
2506	0.12	6	1	3	1	39
2507	0.14	7	1	3	1	38
2508	0.16	8	1	3	1	37
2509	0.18	9	1	2	1	37
2510	0.20	10	1	2	1	36
2511	0.20	10	1	3	1	35
2512	0.20	10	1	3	1	35
2513	0.22	11	1	3	1	34
2514	0.22	11	1	3	1	34
2515	0.24	12	1	3	1	33
2516	0.26	13	1	3	1	32
2517	0.28	14	1	3	1	31
2518	0.28	14	1	3	2	30
2519	0.28	14	1	3	2	30
2520	0.30	15	1	3	2	29
2521	0.32	16	1	3	2	28
2522	0.34	17	1	3	2	27
2523	0.36	18	1	3	2	26
2524	0.36	18	1	3	2	26
2525	0.36	18	1	3	3	25
2526	0.36	18	1	3	3	25
2527	0.38	19	1	3	3	24
2528	0.40	20	1	3	3	23
2529	0.40	20	1	3	3	23
2530	0.42	21	1	3	3	22
2531	0.42	21	1	3	3	22
2532	0.44	22	1	3	3	21
2533	0.46	23	1	3	3	20
2534	0.48	24	1	3	2	20
2535	0.50	25	1	3	2	19
2536	0.50	25	1	3	2	19
2537	0.52	26	1	3	2	18
2538	0.52	26	1	3	2	18
2539	0.54	27	1	3	2	17
2540	0.56	28	1	3	2	16
2541	0.58	29	1	3	2	15
2542	0.60	30	1	3	2	14
2543	0.62	31	0	3	2	14
2544	0.64	32	0	3	2	13
2545	0.64	32	0	3	3	12
2546	0.64	32	0	4	3	11
2547	0.66	33	0	4	3	10
2548	0.68	34	0	4	3	9
2549	0.70	35	0	4	3	8
2550	0.70	35	0	4	3	8
2551	0.70	35	0	4	3	8
2552	0.72	36	0	3	3	8
2553	0.72	36	0	3	3	8
2554	0.72	36	0	3	3	8
2555	0.74	37	0	3	3	7
2556	0.76	38	0	3	3	6
2557	0.74	37	0	4	3	6
2558	0.74	37	0	4	3	6
2559	0.74	37	0	4	3	6
2560	0.74	37	0	4	3	6
2561	0.76	38	0	3	3	6
2562	0.78	39	0	3	3	5
2563	0.78	39	0	3	3	5
2564	0.80	40	0	3	3	4
2565	0.80	40	0	3	3	4
2566	0.80	40	0	3	3	4
2567	0.80	40	0	3	3	4
2568	0.82	41	0	3	2	4
2569	0.82	41	0	3	2	4
2570	0.80	40	0	3	2	5
2571	0.80	40	0	3	2	5
2572	0.80	40	0	3	2	5
2573	0.78	39	0	4	2	5
2574	0.78	39	0	4	2	5
2575	0.80	40	0	4	1	5
2576	0.82	41	0	4	1	4
2577	0.82	41	0	4	1	4
2578	0.82	41	0	4	1	4
2579	0.84	42	0	4	1	3
2580	0.84	42	0	4	1	3
2581	0.86	43	0	4	1	2
2582	0.86	43	0	4	1	2
2583	0.86	43	0	4	1	2
2584	0.86	43	0	4	1	2
2585	0.86	43	0	4	1	2
2586	0.88	44	0	3	1	2
2587	0.88	44	0	3	1	2
2588	0.90	45	0	3	1	1
2589	0.90	45	0	3	1	1
2590	0.90	45	0	3	1	1
2591	0.90	45	0	3	1	1
2592	0.90	45	0	3	1	1
2593	0.90	45	0	3	1	1
2594	0.90	45	0	3	1	1
2595	0.92	46	0	3	0	1
2596	0.94	47	0	2	0	1
2597	0.94	47	0	2	0	1
2598	0.94	47	0	2	0	1
2599	0.94	47	0	2	0	1
2600	0.92	46	0	3	0	1
2601	0.92	46	0	3	0	1
2602	0.92	46	0	3	0	1
2603	0.92	46	0	3	0	1
2604	0.92	46	0	3	0	1
2605	0.92	46	0	3	0	1
2606	0.92	46	0	3	0	1
2607	0.94	47	0	2	0	1
2608	0.92	46	0	2	1	1
2609	0.92	46	0	2	1	1
2610	0.92	46	0	2	1	1
2611	0.92	46	0	2	1	1
2612	0.92	46	0	2	1	1
2613	0.92	46	0	2	1	1
2614	0.92	46	0	2	1	1
2615	0.92	46	0	2	1	1
2616	0.92	46	0	2	1	1
2617	0.92	46	0	2	1	1
2618	0.92	46	0	2	1	1
2619	0.92	46	0	2	1	1
2620	0.94	47	0	2	1	0
2621	0.94	47	0	2	1	0
2622	0.94	47	0	2	1	0
2623	0.96	48	0	1	1	0
2624	0.96	48	0	1	1	0
2625	0.96	48	0	1	1	0
2626	0.96	48	0	1	1	0
2627	0.96	48	0	1	1	0
2628	0.96	48	0	1	1	0
2629	0.96	48	0	1	1	0
2630	0.96	48	0	1	1	0
2631	0.96	48	0	1	1	0
2632	0.96	48	0	1	1	0
2633	0.96	48	0	1	1	0
2634	0.96	48	0	1	1	0
2635	0.96	48	0	1	1	0
2636	0.96	48	0	1	1	0
2637	0.96	48	0	1	1	0
2638	0.96	48	0	1	1	0
2639	0.96	48	0	1	1	0
2640	0.96	48	0	1	1	0
2641	0.96	48	0	1	1	0
2642	0.96	48	0	1	1	0
2643	0.96	48	0	1	1	0
2644	0.96	48	0	1	1	0
2645	0.96	48	0	1	1	0
2646	0.96	48	0	1	1	0
2647	0.96	48	0	1	1	0
2648	0.96	48	0	1	1	0
2649	0.96	48	0	1	1	0
2650	0.98	49	0	0	1	0
2651	0.98	49	0	0	1	0
2652	0.98	49	0	0	1	0
2653	0.98	49	0	0	1	0
2654	0.98	49	0	0	1	0
2655	0.96	48	0	0	1	1
2656	0.96	48	0	0	1	1
2657	0.96	48	0	0	1	1
2658	0.98	49	0	0	0	1
2659	0.98	49	0	0	0	1
2660	0.98	49	0	0	0	1
2661	0.98	49	0	0	0	1
2662	0.98	49	0	0	0	1
2663	0.98	49	0	0	0	1
2664	0.98	49	0	0	0	1
2665	0.98	49	0	0	0	1
2666	0.98	49	0	0	0	1
2667	0.98	49	0	0	0	1
2668	0.98	49	0	0	0	1
2669	0.96	48	0	0	0	2
2670	0.96	48	0	0	0	2
2671	0.96	48	0	0	0	2
2672	0.96	48	0	0	0	2
2673	0.96	48	0	0	0	2
2674	0.96	48	0	0	0	2
2675	0.96	48	0	0	0	2
2676	0.96	48	0	0	0	2
2677	0.96	48	0	0	0	2
2678	0.96	48	0	0	0	2
2679	0.96	48	0	0	0	2
2680	0.96	48	0	0	0	2
2681	0.96	48	0	0	0	2
2682	0.96	48	0	0	0	2
2683	0.96	48	0	0	0	2
2684	0.96	48	0	0	0	2
2685	0.96	48	0	0	0	2
2686	0.96	48	0	0	0	2
2687	0.96	48	0	0	0	2
2688	0.96	48	0	0	0	2
2689	0.96	48	0	0	0	2
2690	0.96	48	0	0	0	2
2691	0.96	48	0	0	0	2
2692	0.96	48	0	0	0	2
2693	0.96	48	0	0	0	2
2694	0.96	48	0	0	0	2
2695	0.96	48	0	0	0	2
2696	0.96	48	0	0	0	2
2697	0.96	48	0	0	0	2
2698	0.96	48	0	0	0	2
2699	0.96	48	0	0	0	2
2700	0.96	48	0	0	0	2
2701	0.96	48	0	0	0	2
2702	0.96	48	0	0	0	2
2703	0.96	48	0	0	0	2
2704	0.96	48	0	0	0	2
2705	0.98	49	0	0	0	1
2706	0.98	49	0	0	0	1
2707	0.98	49	0	0	0	1
2708	0.98	49	0	0	0	1
2709	0.98	49	0	0	0	1
2710	0.98	49	0	0	0	1
2711	0.98	49	0	0	0	1
2712	0.98	49	0	0	0	1
2713	0.98	49	0	0	0	1
2714	0.98	49	0	0	0	1
2715	0.98	49	0	0	0	1
2716	0.98	49	0	0	0	1
2717	0.98	49	0	0	0	1
2718	0.98	49	0	0	0	1
2719	1.00	50	0	0	0	0
2720	1.00	50	0	0	0	0
2721	1.00	50	0	0	0	0
2722	1.00	50	0	0	0	0
2723	1.00	50	0	0	0	0
2724	1.00	50	0	0	0	0
2725	1.00	50	0	0	0	0
2726	1.00	50	0	0	0	0
2727	1.00	50	0	0	0	0
2728	1.00	50	0	0	0	0
2729	1.00	50	0	0	0	0
2730	1.00	50	0	0	0	0
2731	1.00	50	0	0	0	0
2732	1.00	50	0	0	0	0
2733	1.00	50	0	0	0	0
2734	1.00	50	0	0	0	0
2735	1.00	50	0	0	0	0
2736	1.00	50	0	0	0	0
2737	1.00	50	0	0	0	0
2738	1.00	50	0	0	0	0
2739	1.00	50	0	0	0	0
2740	1.00	50	0	0	0	0
2741	1.00	50	0	0	0	0
2742	0.98	49	0	0	1	0
2743	0.98	49	0	0	1	0
2744	0.98	49	0	0	1	0
2745	0.98	49	0	0	1	0
2746	0.98	49	0	0	1	0
2747	0.98	49	0	0	1	0
2748	0.98	49	0	0	1	0
2749	0.98	49	0	0	1	0
2750	0.98	49	0	0	1	0
2751	0.98	49	0	0	1	0
2752	0.98	49	0	0	1	0
2753	0.98	49	0	0	1	0
2754	0.98	49	0	0	1	0
2755	0.98	49	0	0	1	0
2756	0.98	49	0	0	1	0
2757	0.98	49	0	0	1	0
2758	0.98	49	0	0	1	0
2759	0.98	49	0	0	1	0
2760	0.98	49	0	0	1	0
2761	0.98	49	0	0	1	0
2762	0.98	49	0	0	1	0
2763	0.96	48	0	0	2	0
2764	0.96	48	0	0	2	0
2765	0.96	48	0	0	2	0
2766	0.96	48	0	0	2	0
2767	0.96	48	0	0	2	0
2768	0.96	48	0	0	2	0
2769	0.96	48	0	0	2	0
2770	0.96	48	0	0	2	0
2771	0.96	48	0	0	2	0
2772	0.96	48	0	0	2	0
2773	0.96	48	0	0	2	0
2774	0.96	48	0	0	2	0
2775	0.96	48	0	0	2	0
2776	0.96	48	0	0	2	0
2777	0.96	48	0	0	2	0
2778	0.96	48	0	0	2	0
2779	0.96	48	0	0	2	0
2780	0.96	48	0	0	2	0
2781	0.94	47	0	0	2	1
2782	0.94	47	0	0	2	1
2783	0.94	47	0	0	2	1
2784	0.94	47	0	0	2	1
2785	0.94	47	0	0	2	1
2786	0.94	47	0	0	2	1
2787	0.92	46	0	0	3	1
2788	0.92	46	0	0	3	1
2789	0.92	46	0	0	3	1
2790	0.92	46	0	0	3	1
2791	0.92	46	0	0	3	1
2792	0.94	47	0	0	2	1
2793	0.94	47	0	0	2	1
2794	0.94	47	0	0	2	1
2795	0.94	47	0	0	2	1
2796	0.94	47	0	0	2	1
2797	0.94	47	0	0	2	1
2798	0.94	47	0	0	2	1
2799	0.94	47	0	0	2	1
2800	0.94	47	0	0	2	1
2801	0.94	47	0	0	2	1
2802	0.94	47	0	0	2	1
2803	0.94	47	0	0	2	1
2804	0.94	47	0	0	2	1
2805	0.92	46	0	1	2	1
2806	0.92	46	0	1	2	1
2807	0.92	46	0	1	2	1
2808	0.92	46	0	1	2	1
2809	0.92	46	0	1	2	1
2810	0.92	46	0	1	2	1
2811	0.92	46	0	1	2	1
2812	0.92	46	0	1	2	1
2813	0.94	47	0	1	1	1
2814	0.94	47	0	1	1	1
2815	0.94	47	0	1	1	1
2816	0.94	47	0	1	1	1
2817	0.94	47	0	1	1	1
2818	0.94	47	0	1	1	1
2819	0.94	47	0	1	1	1
2820	0.94	47	0	1	1	1
2821	0.94	47	0	1	1	1
2822	0.94	47	0	1	1	1
2823	0.94	47	0	1	1	1
2824	0.94	47	0	1	1	1
2825	0.92	46	0	2	1	1
2826	0.92	46	0	2	1	1
2827	0.92	46	0	2	1	1
2828	0.92	46	0	2	1	1
2829	0.92	46	0	2	1	1
2830	0.92	46	0	2	1	1
2831	0.94	47	0	2	1	0
2832	0.94	47	0	2	1	0
2833	0.94	47	0	2	1	0
2834	0.94	47	0	2	1	0
2835	0.94	47	0	2	1	0
2836	0.94	47	0	2	1	0
2837	0.96	48	0	2	0	0
2838	0.94	47	1	2	0	0
2839	0.94	47	1	2	0	0
2840	0.94	47	1	2	0	0
2841	0.94	47	1	2	0	0
2842	0.94	47	1	2	0	0
2843	0.94	47	1	2	0	0
2844	0.94	47	1	2	0	0
2845	0.94	47	1	2	0	0
2846	0.94	47	1	2	0	0
2847	0.94	47	1	2	0	0
2848	0.94	47	1	2	0	0
2849	0.94	47	1	2	0	0
2850	0.94	47	1	2	0	0
2851	0.92	46	1	2	0	1
2852	0.92	46	1	2	0	1
2853	0.92	46	1	2	0	1
2854	0.92	46	1	2	0	1
2855	0.94	47	1	1	0	1
2856	0.94	47	1	1	0	1
2857	0.94	47	1	1	0	1
2858	0.94	47	1	1	0	1
2859	0.94	47	1	1	0	1
2860	0.94	47	1	1	0	1
2861	0.92	46	1	1	0	2
2862	0.92	46	1	1	0	2
2863	0.92	46	1	1	0	2
2864	0.92	46	1	1	0	2
2865	0.92	46	1	1	0	2
2866	0.92	46	1	1	0	2
2867	0.92	46	1	1	0	2
2868	0.92	46	1	1	0	2
2869	0.92	46	1	1	0	2
2870	0.92	46	1	1	0	2
2871	0.92	46	1	1	0	2
2872	0.92	46	1	1	0	2
2873	0.92	46	1	1	0	2
2874	0.92	46	1	1	0	2
2875	0.94	47	1	0	0	2
2876	0.92	46	1	0	0	3
2877	0.92	46	1	0	0	3
2878	0.92	46	1	0	0	3
2879	0.92	46	1	0	0	3
2880	0.92	46	1	0	0	3
2881	0.92	46	1	0	0	3
2882	0.92	46	1	0	0	3
2883	0.92	46	1	0	0	3
2884	0.92	46	1	0	0	3
2885	0.92	46	1	0	0	3
2886	0.92	46	1	0	0	3
2887	0.92	46	1	0	0	3
2888	0.94	47	0	0	0	3
2889	0.94	47	0	0	0	3
2890	0.94	47	0	0	0	3
2891	0.94	47	0	0	0	3
2892	0.94	47	0	0	0	3
2893	0.94	47	0	0	0	3
2894	0.94	47	0	0	0	3
2895	0.94	47	0	0	0	3
2896	0.94	47	0	0	0	3
2897	0.94	47	0	0	0	3
2898	0.94	47	0	0	0	3
2899	0.94	47	0	0	0	3
2900	0.94	47	0	0	0	3
2901	0.96	48	0	0	0	2
2902	0.96	48	0	0	0	2
2903	0.94	47	1	0	0	2
2904	0.94	47	1	0	0	2
2905	0.94	47	1	0	0	2
2906	0.94	47	1	0	0	2
2907	0.94	47	1	0	0	2
2908	0.94	47	1	0	0	2
2909	0.94	47	1	0	0	2
2910	0.94	47	1	0	0	2
2911	0.96	48	1	0	0	1
2912	0.96	48	1	0	0	1
2913	0.96	48	1	0	0	1
2914	0.96	48	1	0	0	1
2915	0.96	48	1	0	0	1
2916	0.96	48	1	0	0	1
2917	0.96	48	1	0	0	1
2918	0.96	48	1	0	0	1
2919	0.94	47	1	0	1	1
2920	0.94	47	1	0	1	1
2921	0.94	47	1	0	1	1
2922	0.94	47	1	0	1	1
2923	0.94	47	1	0	1	1
2924	0.94	47	1	0	1	1
2925	0.94	47	1	0	1	1
2926	0.96	48	1	0	1	0
2927	0.96	48	1	0	1	0
2928	0.96	48	1	0	1	0
2929	0.96	48	1	0	1	0
2930	0.96	48	1	0	1	0
2931	0.96	48	1	0	1	0
2932	0.96	48	1	0	1	0
2933	0.96	48	1	0	1	0
2934	0.96	48	1	0	1	0
2935	0.96	48	1	0	1	0
2936	0.96	48	1	0	1	0
2937	0.96	48	1	0	1	0
2938	0.96	48	1	0	1	0
2939	0.96	48	1	0	1	0
2940	0.96	48	1	0	1	0
2941	0.96	48	1	0	1	0
2942	0.96	48	1	0	1	0
2943	0.96	48	1	0	1	0
2944	0.96	48	1	0	1	0
2945	0.96	48	1	0	1	0
2946	0.96	48	1	0	1	0
2947	0.96	48	1	0	1	0
2948	0.96	48	1	0	1	0
2949	0.96	48	1	0	1	0
2950	0.94	47	1	1	1	0
2951	0.92	46	1	2	1	0
2952	0.92	46	1	2	1	0
2953	0.94	47	0	2	1	0
2954	0.94	47	0	2	1	0
2955	0.94	47	0	2	1	0
2956	0.94	47	0	2	1	0
2957	0.94	47	0	2	1	0
2958	0.94	47	0	2	1	0
2959	0.94	47	0	2	1	0
2960	0.94	47	0	2	1	0
2961	0.94	47	0	2	1	0
2962	0.94	47	0	2	1	0
2963	0.94	47	0	2	1	0
2964	0.94	47	0	2	1	0
2965	0.94	47	0	2	1	0
2966	0.94	47	0	2	1	0
2967	0.94	47	0	2	1	0
2968	0.94	47	0	2	1	0
2969	0.96	48	0	2	0	0
2970	0.96	48	0	2	0	0
2971	0.96	48	0	2	0	0
2972	0.94	47	0	2	1	0
2973	0.94	47	0	2	1	0
2974	0.94	47	0	2	1	0
2975	0.94	47	0	2	1	0
2976	0.94	47	0	2	1	0
2977	0.94	47	0	2	1	0
2978	0.94	47	0	2	1	0
2979	0.94	47	0	2	1	0
2980	0.94	47	0	2	1	0
2981	0.94	47	0	2	1	0
2982	0.94	47	0	2	1	0
2983	0.94	47	0	2	1	0
2984	0.94	47	0	2	1	0
2985	0.94	47	0	2	1	0
2986	0.94	47	0	2	1	0
2987	0.94	47	0	2	1	0
2988	0.92	46	1	2	1	0
2989	0.92	46	1	2	1	0
2990	0.92	46	1	2	1	0
2991	0.92	46	1	2	1	0
2992	0.92	46	1	2	1	0
2993	0.92	46	1	2	1	0
2994	0.92	46	1	2	1	0
2995	0.92	46	1	2	1	0
2996	0.92	46	1	2	1	0
2997	0.92	46	1	2	1	0
2998	0.90	45	1	2	1	1
2999	0.90	45	1	2	1	1
