timestep	swarm_quality	color_0	color_1
0	0.69	69	31
1	0.69	69	31
2	0.69	69	31
3	0.68	68	32
4	0.67	67	33
5	0.67	67	33
6	0.67	67	33
7	0.67	67	33
8	0.67	67	33
9	0.66	66	34
10	0.65	65	35
11	0.65	65	35
12	0.65	65	35
13	0.65	65	35
14	0.65	65	35
15	0.65	65	35
16	0.64	64	36
17	0.64	64	36
18	0.64	64	36
19	0.64	64	36
20	0.63	63	37
21	0.63	63	37
22	0.63	63	37
23	0.63	63	37
24	0.62	62	38
25	0.62	62	38
26	0.62	62	38
27	0.62	62	38
28	0.62	62	38
29	0.62	62	38
30	0.62	62	38
31	0.62	62	38
32	0.62	62	38
33	0.62	62	38
34	0.61	61	39
35	0.61	61	39
36	0.61	61	39
37	0.61	61	39
38	0.60	60	40
39	0.60	60	40
40	0.59	59	41
41	0.59	59	41
42	0.59	59	41
43	0.59	59	41
44	0.58	58	42
45	0.58	58	42
46	0.58	58	42
47	0.58	58	42
48	0.58	58	42
49	0.58	58	42
50	0.58	58	42
51	0.58	58	42
52	0.57	57	43
53	0.57	57	43
54	0.57	57	43
55	0.57	57	43
56	0.56	56	44
57	0.56	56	44
58	0.56	56	44
59	0.56	56	44
60	0.56	56	44
61	0.55	55	45
62	0.55	55	45
63	0.55	55	45
64	0.55	55	45
65	0.55	55	45
66	0.55	55	45
67	0.55	55	45
68	0.54	54	46
69	0.54	54	46
70	0.54	54	46
71	0.55	55	45
72	0.56	56	44
73	0.57	57	43
74	0.58	58	42
75	0.59	59	41
76	0.60	60	40
77	0.61	61	39
78	0.62	62	38
79	0.63	63	37
80	0.64	64	36
81	0.65	65	35
82	0.66	66	34
83	0.67	67	33
84	0.68	68	32
85	0.69	69	31
86	0.70	70	30
87	0.70	70	30
88	0.70	70	30
89	0.71	71	29
90	0.72	72	28
91	0.73	73	27
92	0.74	74	26
93	0.75	75	25
94	0.75	75	25
95	0.76	76	24
96	0.77	77	23
97	0.78	78	22
98	0.79	79	21
99	0.80	80	20
100	0.81	81	19
101	0.81	81	19
102	0.81	81	19
103	0.82	82	18
104	0.83	83	17
105	0.83	83	17
106	0.83	83	17
107	0.83	83	17
108	0.83	83	17
109	0.84	84	16
110	0.85	85	15
111	0.85	85	15
112	0.85	85	15
113	0.85	85	15
114	0.85	85	15
115	0.85	85	15
116	0.86	86	14
117	0.86	86	14
118	0.86	86	14
119	0.86	86	14
120	0.86	86	14
121	0.85	85	15
122	0.85	85	15
123	0.84	84	16
124	0.84	84	16
125	0.84	84	16
126	0.84	84	16
127	0.84	84	16
128	0.84	84	16
129	0.84	84	16
130	0.84	84	16
131	0.84	84	16
132	0.84	84	16
133	0.84	84	16
134	0.85	85	15
135	0.85	85	15
136	0.84	84	16
137	0.84	84	16
138	0.85	85	15
139	0.85	85	15
140	0.86	86	14
141	0.86	86	14
142	0.86	86	14
143	0.86	86	14
144	0.87	87	13
145	0.87	87	13
146	0.87	87	13
147	0.87	87	13
148	0.87	87	13
149	0.86	86	14
150	0.86	86	14
151	0.86	86	14
152	0.87	87	13
153	0.87	87	13
154	0.86	86	14
155	0.86	86	14
156	0.87	87	13
157	0.87	87	13
158	0.87	87	13
159	0.87	87	13
160	0.87	87	13
161	0.88	88	12
162	0.87	87	13
163	0.87	87	13
164	0.87	87	13
165	0.87	87	13
166	0.87	87	13
167	0.87	87	13
168	0.87	87	13
169	0.87	87	13
170	0.87	87	13
171	0.86	86	14
172	0.86	86	14
173	0.86	86	14
174	0.86	86	14
175	0.86	86	14
176	0.86	86	14
177	0.86	86	14
178	0.86	86	14
179	0.86	86	14
180	0.86	86	14
181	0.86	86	14
182	0.86	86	14
183	0.86	86	14
184	0.86	86	14
185	0.85	85	15
186	0.85	85	15
187	0.86	86	14
188	0.87	87	13
189	0.87	87	13
190	0.87	87	13
191	0.87	87	13
192	0.87	87	13
193	0.87	87	13
194	0.88	88	12
195	0.88	88	12
196	0.88	88	12
197	0.88	88	12
198	0.88	88	12
199	0.88	88	12
200	0.88	88	12
201	0.87	87	13
202	0.87	87	13
203	0.87	87	13
204	0.87	87	13
205	0.87	87	13
206	0.87	87	13
207	0.87	87	13
208	0.87	87	13
209	0.87	87	13
210	0.87	87	13
211	0.87	87	13
212	0.87	87	13
213	0.87	87	13
214	0.87	87	13
215	0.87	87	13
216	0.87	87	13
217	0.87	87	13
218	0.87	87	13
219	0.87	87	13
220	0.88	88	12
221	0.89	89	11
222	0.88	88	12
223	0.89	89	11
224	0.90	90	10
225	0.90	90	10
226	0.90	90	10
227	0.90	90	10
228	0.90	90	10
229	0.89	89	11
230	0.88	88	12
231	0.88	88	12
232	0.88	88	12
233	0.88	88	12
234	0.87	87	13
235	0.87	87	13
236	0.88	88	12
237	0.87	87	13
238	0.86	86	14
239	0.86	86	14
240	0.86	86	14
241	0.86	86	14
242	0.86	86	14
243	0.86	86	14
244	0.86	86	14
245	0.86	86	14
246	0.86	86	14
247	0.86	86	14
248	0.86	86	14
249	0.87	87	13
250	0.87	87	13
251	0.87	87	13
252	0.87	87	13
253	0.87	87	13
254	0.88	88	12
255	0.88	88	12
256	0.88	88	12
257	0.88	88	12
258	0.88	88	12
259	0.88	88	12
260	0.88	88	12
261	0.88	88	12
262	0.89	89	11
263	0.89	89	11
264	0.89	89	11
265	0.89	89	11
266	0.89	89	11
267	0.88	88	12
268	0.89	89	11
269	0.89	89	11
270	0.90	90	10
271	0.91	91	9
272	0.91	91	9
273	0.91	91	9
274	0.91	91	9
275	0.91	91	9
276	0.91	91	9
277	0.91	91	9
278	0.91	91	9
279	0.91	91	9
280	0.91	91	9
281	0.91	91	9
282	0.91	91	9
283	0.91	91	9
284	0.91	91	9
285	0.91	91	9
286	0.90	90	10
287	0.90	90	10
288	0.90	90	10
289	0.90	90	10
290	0.90	90	10
291	0.90	90	10
292	0.90	90	10
293	0.90	90	10
294	0.90	90	10
295	0.90	90	10
296	0.90	90	10
297	0.89	89	11
298	0.89	89	11
299	0.89	89	11
300	0.89	89	11
301	0.90	90	10
302	0.90	90	10
303	0.90	90	10
304	0.90	90	10
305	0.90	90	10
306	0.89	89	11
307	0.88	88	12
308	0.88	88	12
309	0.87	87	13
310	0.87	87	13
311	0.87	87	13
312	0.87	87	13
313	0.87	87	13
314	0.87	87	13
315	0.87	87	13
316	0.87	87	13
317	0.86	86	14
318	0.86	86	14
319	0.86	86	14
320	0.86	86	14
321	0.86	86	14
322	0.87	87	13
323	0.87	87	13
324	0.87	87	13
325	0.87	87	13
326	0.87	87	13
327	0.87	87	13
328	0.87	87	13
329	0.88	88	12
330	0.89	89	11
331	0.89	89	11
332	0.89	89	11
333	0.89	89	11
334	0.90	90	10
335	0.90	90	10
336	0.90	90	10
337	0.91	91	9
338	0.92	92	8
339	0.92	92	8
340	0.92	92	8
341	0.92	92	8
342	0.92	92	8
343	0.92	92	8
344	0.91	91	9
345	0.91	91	9
346	0.91	91	9
347	0.91	91	9
348	0.91	91	9
349	0.90	90	10
350	0.90	90	10
351	0.90	90	10
352	0.90	90	10
353	0.90	90	10
354	0.90	90	10
355	0.90	90	10
356	0.90	90	10
357	0.90	90	10
358	0.90	90	10
359	0.90	90	10
360	0.90	90	10
361	0.90	90	10
362	0.90	90	10
363	0.90	90	10
364	0.90	90	10
365	0.90	90	10
366	0.90	90	10
367	0.91	91	9
368	0.91	91	9
369	0.91	91	9
370	0.91	91	9
371	0.91	91	9
372	0.91	91	9
373	0.91	91	9
374	0.91	91	9
375	0.91	91	9
376	0.91	91	9
377	0.91	91	9
378	0.90	90	10
379	0.90	90	10
380	0.90	90	10
381	0.90	90	10
382	0.89	89	11
383	0.89	89	11
384	0.89	89	11
385	0.89	89	11
386	0.90	90	10
387	0.90	90	10
388	0.90	90	10
389	0.90	90	10
390	0.90	90	10
391	0.90	90	10
392	0.90	90	10
393	0.90	90	10
394	0.90	90	10
395	0.90	90	10
396	0.89	89	11
397	0.89	89	11
398	0.89	89	11
399	0.89	89	11
400	0.89	89	11
401	0.89	89	11
402	0.89	89	11
403	0.89	89	11
404	0.89	89	11
405	0.89	89	11
406	0.90	90	10
407	0.91	91	9
408	0.90	90	10
409	0.91	91	9
410	0.90	90	10
411	0.90	90	10
412	0.90	90	10
413	0.90	90	10
414	0.90	90	10
415	0.90	90	10
416	0.90	90	10
417	0.91	91	9
418	0.91	91	9
419	0.91	91	9
420	0.91	91	9
421	0.91	91	9
422	0.91	91	9
423	0.91	91	9
424	0.91	91	9
425	0.91	91	9
426	0.90	90	10
427	0.90	90	10
428	0.90	90	10
429	0.90	90	10
430	0.90	90	10
431	0.90	90	10
432	0.90	90	10
433	0.90	90	10
434	0.90	90	10
435	0.90	90	10
436	0.90	90	10
437	0.90	90	10
438	0.90	90	10
439	0.90	90	10
440	0.90	90	10
441	0.90	90	10
442	0.90	90	10
443	0.90	90	10
444	0.91	91	9
445	0.91	91	9
446	0.91	91	9
447	0.91	91	9
448	0.91	91	9
449	0.92	92	8
450	0.92	92	8
451	0.92	92	8
452	0.92	92	8
453	0.92	92	8
454	0.91	91	9
455	0.91	91	9
456	0.91	91	9
457	0.91	91	9
458	0.91	91	9
459	0.91	91	9
460	0.91	91	9
461	0.91	91	9
462	0.91	91	9
463	0.91	91	9
464	0.90	90	10
465	0.89	89	11
466	0.89	89	11
467	0.89	89	11
468	0.89	89	11
469	0.89	89	11
470	0.89	89	11
471	0.89	89	11
472	0.89	89	11
473	0.89	89	11
474	0.88	88	12
475	0.88	88	12
476	0.88	88	12
477	0.88	88	12
478	0.89	89	11
479	0.89	89	11
480	0.89	89	11
481	0.88	88	12
482	0.88	88	12
483	0.88	88	12
484	0.88	88	12
485	0.89	89	11
486	0.88	88	12
487	0.88	88	12
488	0.88	88	12
489	0.88	88	12
490	0.88	88	12
491	0.88	88	12
492	0.88	88	12
493	0.88	88	12
494	0.88	88	12
495	0.88	88	12
496	0.89	89	11
497	0.90	90	10
498	0.89	89	11
499	0.89	89	11
500	0.89	89	11
501	0.89	89	11
502	0.89	89	11
503	0.88	88	12
504	0.88	88	12
505	0.88	88	12
506	0.88	88	12
507	0.88	88	12
508	0.89	89	11
509	0.88	88	12
510	0.89	89	11
511	0.89	89	11
512	0.89	89	11
513	0.89	89	11
514	0.89	89	11
515	0.88	88	12
516	0.88	88	12
517	0.88	88	12
518	0.87	87	13
519	0.87	87	13
520	0.87	87	13
521	0.87	87	13
522	0.87	87	13
523	0.87	87	13
524	0.87	87	13
525	0.87	87	13
526	0.88	88	12
527	0.88	88	12
528	0.88	88	12
529	0.88	88	12
530	0.88	88	12
531	0.88	88	12
532	0.87	87	13
533	0.87	87	13
534	0.86	86	14
535	0.86	86	14
536	0.86	86	14
537	0.86	86	14
538	0.86	86	14
539	0.86	86	14
540	0.85	85	15
541	0.84	84	16
542	0.84	84	16
543	0.84	84	16
544	0.84	84	16
545	0.84	84	16
546	0.84	84	16
547	0.84	84	16
548	0.84	84	16
549	0.84	84	16
550	0.84	84	16
551	0.84	84	16
552	0.84	84	16
553	0.84	84	16
554	0.85	85	15
555	0.85	85	15
556	0.85	85	15
557	0.85	85	15
558	0.85	85	15
559	0.85	85	15
560	0.84	84	16
561	0.84	84	16
562	0.83	83	17
563	0.83	83	17
564	0.84	84	16
565	0.84	84	16
566	0.84	84	16
567	0.84	84	16
568	0.84	84	16
569	0.84	84	16
570	0.84	84	16
571	0.84	84	16
572	0.84	84	16
573	0.84	84	16
574	0.85	85	15
575	0.85	85	15
576	0.85	85	15
577	0.85	85	15
578	0.85	85	15
579	0.84	84	16
580	0.84	84	16
581	0.85	85	15
582	0.86	86	14
583	0.86	86	14
584	0.85	85	15
585	0.85	85	15
586	0.86	86	14
587	0.86	86	14
588	0.86	86	14
589	0.86	86	14
590	0.86	86	14
591	0.86	86	14
592	0.85	85	15
593	0.84	84	16
594	0.84	84	16
595	0.83	83	17
596	0.83	83	17
597	0.83	83	17
598	0.84	84	16
599	0.84	84	16
600	0.84	84	16
601	0.84	84	16
602	0.84	84	16
603	0.85	85	15
604	0.85	85	15
605	0.84	84	16
606	0.84	84	16
607	0.84	84	16
608	0.84	84	16
609	0.84	84	16
610	0.84	84	16
611	0.84	84	16
612	0.84	84	16
613	0.84	84	16
614	0.84	84	16
615	0.85	85	15
616	0.85	85	15
617	0.85	85	15
618	0.86	86	14
619	0.86	86	14
620	0.86	86	14
621	0.86	86	14
622	0.86	86	14
623	0.86	86	14
624	0.86	86	14
625	0.86	86	14
626	0.86	86	14
627	0.86	86	14
628	0.86	86	14
629	0.86	86	14
630	0.86	86	14
631	0.86	86	14
632	0.87	87	13
633	0.87	87	13
634	0.88	88	12
635	0.88	88	12
636	0.88	88	12
637	0.88	88	12
638	0.88	88	12
639	0.88	88	12
640	0.89	89	11
641	0.90	90	10
642	0.90	90	10
643	0.89	89	11
644	0.89	89	11
645	0.89	89	11
646	0.89	89	11
647	0.89	89	11
648	0.89	89	11
649	0.89	89	11
650	0.89	89	11
651	0.89	89	11
652	0.89	89	11
653	0.89	89	11
654	0.89	89	11
655	0.89	89	11
656	0.89	89	11
657	0.89	89	11
658	0.89	89	11
659	0.88	88	12
660	0.89	89	11
661	0.89	89	11
662	0.90	90	10
663	0.90	90	10
664	0.90	90	10
665	0.91	91	9
666	0.91	91	9
667	0.91	91	9
668	0.91	91	9
669	0.91	91	9
670	0.91	91	9
671	0.91	91	9
672	0.91	91	9
673	0.91	91	9
674	0.91	91	9
675	0.91	91	9
676	0.91	91	9
677	0.91	91	9
678	0.91	91	9
679	0.92	92	8
680	0.92	92	8
681	0.92	92	8
682	0.92	92	8
683	0.92	92	8
684	0.93	93	7
685	0.93	93	7
686	0.93	93	7
687	0.93	93	7
688	0.92	92	8
689	0.92	92	8
690	0.92	92	8
691	0.92	92	8
692	0.93	93	7
693	0.94	94	6
694	0.94	94	6
695	0.95	95	5
696	0.95	95	5
697	0.95	95	5
698	0.95	95	5
699	0.95	95	5
700	0.95	95	5
701	0.95	95	5
702	0.95	95	5
703	0.95	95	5
704	0.95	95	5
705	0.96	96	4
706	0.96	96	4
707	0.96	96	4
708	0.96	96	4
709	0.97	97	3
710	0.97	97	3
711	0.97	97	3
712	0.97	97	3
713	0.96	96	4
714	0.96	96	4
715	0.96	96	4
716	0.96	96	4
717	0.96	96	4
718	0.96	96	4
719	0.96	96	4
720	0.96	96	4
721	0.96	96	4
722	0.96	96	4
723	0.95	95	5
724	0.95	95	5
725	0.95	95	5
726	0.95	95	5
727	0.95	95	5
728	0.95	95	5
729	0.95	95	5
730	0.95	95	5
731	0.95	95	5
732	0.95	95	5
733	0.95	95	5
734	0.95	95	5
735	0.95	95	5
736	0.95	95	5
737	0.95	95	5
738	0.95	95	5
739	0.95	95	5
740	0.94	94	6
741	0.94	94	6
742	0.94	94	6
743	0.95	95	5
744	0.95	95	5
745	0.94	94	6
746	0.94	94	6
747	0.94	94	6
748	0.94	94	6
749	0.94	94	6
750	0.94	94	6
751	0.94	94	6
752	0.93	93	7
753	0.92	92	8
754	0.92	92	8
755	0.92	92	8
756	0.92	92	8
757	0.91	91	9
758	0.91	91	9
759	0.92	92	8
760	0.92	92	8
761	0.92	92	8
762	0.91	91	9
763	0.91	91	9
764	0.91	91	9
765	0.91	91	9
766	0.91	91	9
767	0.91	91	9
768	0.91	91	9
769	0.91	91	9
770	0.91	91	9
771	0.91	91	9
772	0.91	91	9
773	0.91	91	9
774	0.91	91	9
775	0.91	91	9
776	0.91	91	9
777	0.91	91	9
778	0.91	91	9
779	0.91	91	9
780	0.91	91	9
781	0.91	91	9
782	0.91	91	9
783	0.91	91	9
784	0.91	91	9
785	0.91	91	9
786	0.91	91	9
787	0.91	91	9
788	0.92	92	8
789	0.92	92	8
790	0.92	92	8
791	0.92	92	8
792	0.91	91	9
793	0.91	91	9
794	0.91	91	9
795	0.91	91	9
796	0.91	91	9
797	0.91	91	9
798	0.91	91	9
799	0.91	91	9
800	0.91	91	9
801	0.91	91	9
802	0.91	91	9
803	0.91	91	9
804	0.91	91	9
805	0.91	91	9
806	0.91	91	9
807	0.91	91	9
808	0.91	91	9
809	0.90	90	10
810	0.90	90	10
811	0.90	90	10
812	0.90	90	10
813	0.91	91	9
814	0.91	91	9
815	0.91	91	9
816	0.91	91	9
817	0.91	91	9
818	0.91	91	9
819	0.91	91	9
820	0.91	91	9
821	0.91	91	9
822	0.91	91	9
823	0.92	92	8
824	0.92	92	8
825	0.92	92	8
826	0.92	92	8
827	0.92	92	8
828	0.92	92	8
829	0.92	92	8
830	0.91	91	9
831	0.91	91	9
832	0.91	91	9
833	0.91	91	9
834	0.91	91	9
835	0.91	91	9
836	0.91	91	9
837	0.91	91	9
838	0.91	91	9
839	0.91	91	9
840	0.92	92	8
841	0.92	92	8
842	0.92	92	8
843	0.92	92	8
844	0.92	92	8
845	0.93	93	7
846	0.93	93	7
847	0.93	93	7
848	0.92	92	8
849	0.91	91	9
850	0.91	91	9
851	0.91	91	9
852	0.92	92	8
853	0.93	93	7
854	0.93	93	7
855	0.93	93	7
856	0.93	93	7
857	0.93	93	7
858	0.93	93	7
859	0.93	93	7
860	0.93	93	7
861	0.93	93	7
862	0.94	94	6
863	0.93	93	7
864	0.93	93	7
865	0.93	93	7
866	0.93	93	7
867	0.93	93	7
868	0.93	93	7
869	0.93	93	7
870	0.93	93	7
871	0.93	93	7
872	0.93	93	7
873	0.93	93	7
874	0.93	93	7
875	0.93	93	7
876	0.93	93	7
877	0.93	93	7
878	0.93	93	7
879	0.93	93	7
880	0.92	92	8
881	0.92	92	8
882	0.92	92	8
883	0.91	91	9
884	0.91	91	9
885	0.91	91	9
886	0.91	91	9
887	0.91	91	9
888	0.91	91	9
889	0.91	91	9
890	0.91	91	9
891	0.91	91	9
892	0.92	92	8
893	0.92	92	8
894	0.91	91	9
895	0.91	91	9
896	0.91	91	9
897	0.91	91	9
898	0.91	91	9
899	0.91	91	9
900	0.91	91	9
901	0.91	91	9
902	0.91	91	9
903	0.91	91	9
904	0.91	91	9
905	0.91	91	9
906	0.91	91	9
907	0.91	91	9
908	0.91	91	9
909	0.92	92	8
910	0.92	92	8
911	0.92	92	8
912	0.92	92	8
913	0.92	92	8
914	0.92	92	8
915	0.92	92	8
916	0.92	92	8
917	0.92	92	8
918	0.92	92	8
919	0.92	92	8
920	0.91	91	9
921	0.91	91	9
922	0.91	91	9
923	0.91	91	9
924	0.91	91	9
925	0.91	91	9
926	0.91	91	9
927	0.91	91	9
928	0.91	91	9
929	0.91	91	9
930	0.92	92	8
931	0.92	92	8
932	0.92	92	8
933	0.92	92	8
934	0.92	92	8
935	0.92	92	8
936	0.92	92	8
937	0.92	92	8
938	0.91	91	9
939	0.91	91	9
940	0.91	91	9
941	0.91	91	9
942	0.91	91	9
943	0.91	91	9
944	0.91	91	9
945	0.91	91	9
946	0.91	91	9
947	0.91	91	9
948	0.92	92	8
949	0.93	93	7
950	0.93	93	7
951	0.93	93	7
952	0.93	93	7
953	0.93	93	7
954	0.93	93	7
955	0.93	93	7
956	0.92	92	8
957	0.93	93	7
958	0.93	93	7
959	0.93	93	7
960	0.93	93	7
961	0.93	93	7
962	0.93	93	7
963	0.93	93	7
964	0.93	93	7
965	0.93	93	7
966	0.92	92	8
967	0.92	92	8
968	0.92	92	8
969	0.91	91	9
970	0.91	91	9
971	0.91	91	9
972	0.90	90	10
973	0.90	90	10
974	0.90	90	10
975	0.90	90	10
976	0.90	90	10
977	0.90	90	10
978	0.90	90	10
979	0.90	90	10
980	0.90	90	10
981	0.89	89	11
982	0.89	89	11
983	0.90	90	10
984	0.89	89	11
985	0.89	89	11
986	0.89	89	11
987	0.89	89	11
988	0.89	89	11
989	0.89	89	11
990	0.89	89	11
991	0.89	89	11
992	0.88	88	12
993	0.88	88	12
994	0.88	88	12
995	0.88	88	12
996	0.88	88	12
997	0.87	87	13
998	0.87	87	13
999	0.87	87	13
1000	0.14	86	14
1001	0.15	85	15
1002	0.16	84	16
1003	0.16	84	16
1004	0.16	84	16
1005	0.16	84	16
1006	0.17	83	17
1007	0.18	82	18
1008	0.19	81	19
1009	0.19	81	19
1010	0.19	81	19
1011	0.19	81	19
1012	0.20	80	20
1013	0.21	79	21
1014	0.22	78	22
1015	0.23	77	23
1016	0.24	76	24
1017	0.25	75	25
1018	0.26	74	26
1019	0.26	74	26
1020	0.25	75	25
1021	0.25	75	25
1022	0.26	74	26
1023	0.27	73	27
1024	0.28	72	28
1025	0.29	71	29
1026	0.30	70	30
1027	0.31	69	31
1028	0.31	69	31
1029	0.32	68	32
1030	0.33	67	33
1031	0.34	66	34
1032	0.35	65	35
1033	0.36	64	36
1034	0.37	63	37
1035	0.38	62	38
1036	0.39	61	39
1037	0.40	60	40
1038	0.40	60	40
1039	0.41	59	41
1040	0.42	58	42
1041	0.43	57	43
1042	0.44	56	44
1043	0.45	55	45
1044	0.46	54	46
1045	0.47	53	47
1046	0.48	52	48
1047	0.49	51	49
1048	0.49	51	49
1049	0.50	50	50
1050	0.51	49	51
1051	0.52	48	52
1052	0.53	47	53
1053	0.53	47	53
1054	0.53	47	53
1055	0.53	47	53
1056	0.53	47	53
1057	0.54	46	54
1058	0.55	45	55
1059	0.56	44	56
1060	0.57	43	57
1061	0.58	42	58
1062	0.59	41	59
1063	0.59	41	59
1064	0.60	40	60
1065	0.61	39	61
1066	0.61	39	61
1067	0.61	39	61
1068	0.62	38	62
1069	0.62	38	62
1070	0.63	37	63
1071	0.64	36	64
1072	0.64	36	64
1073	0.65	35	65
1074	0.66	34	66
1075	0.67	33	67
1076	0.68	32	68
1077	0.69	31	69
1078	0.70	30	70
1079	0.71	29	71
1080	0.71	29	71
1081	0.71	29	71
1082	0.72	28	72
1083	0.73	27	73
1084	0.73	27	73
1085	0.74	26	74
1086	0.75	25	75
1087	0.76	24	76
1088	0.77	23	77
1089	0.78	22	78
1090	0.79	21	79
1091	0.79	21	79
1092	0.79	21	79
1093	0.80	20	80
1094	0.80	20	80
1095	0.81	19	81
1096	0.82	18	82
1097	0.82	18	82
1098	0.82	18	82
1099	0.83	17	83
1100	0.83	17	83
1101	0.83	17	83
1102	0.83	17	83
1103	0.84	16	84
1104	0.85	15	85
1105	0.86	14	86
1106	0.86	14	86
1107	0.86	14	86
1108	0.86	14	86
1109	0.87	13	87
1110	0.88	12	88
1111	0.89	11	89
1112	0.89	11	89
1113	0.89	11	89
1114	0.89	11	89
1115	0.89	11	89
1116	0.89	11	89
1117	0.89	11	89
1118	0.88	12	88
1119	0.89	11	89
1120	0.90	10	90
1121	0.91	9	91
1122	0.91	9	91
1123	0.91	9	91
1124	0.91	9	91
1125	0.91	9	91
1126	0.90	10	90
1127	0.90	10	90
1128	0.91	9	91
1129	0.91	9	91
1130	0.90	10	90
1131	0.90	10	90
1132	0.90	10	90
1133	0.90	10	90
1134	0.90	10	90
1135	0.90	10	90
1136	0.90	10	90
1137	0.90	10	90
1138	0.90	10	90
1139	0.90	10	90
1140	0.90	10	90
1141	0.90	10	90
1142	0.89	11	89
1143	0.89	11	89
1144	0.89	11	89
1145	0.89	11	89
1146	0.89	11	89
1147	0.88	12	88
1148	0.88	12	88
1149	0.88	12	88
1150	0.88	12	88
1151	0.88	12	88
1152	0.88	12	88
1153	0.89	11	89
1154	0.90	10	90
1155	0.91	9	91
1156	0.91	9	91
1157	0.91	9	91
1158	0.91	9	91
1159	0.91	9	91
1160	0.91	9	91
1161	0.91	9	91
1162	0.91	9	91
1163	0.91	9	91
1164	0.91	9	91
1165	0.91	9	91
1166	0.91	9	91
1167	0.92	8	92
1168	0.92	8	92
1169	0.92	8	92
1170	0.92	8	92
1171	0.92	8	92
1172	0.92	8	92
1173	0.92	8	92
1174	0.92	8	92
1175	0.92	8	92
1176	0.92	8	92
1177	0.91	9	91
1178	0.91	9	91
1179	0.91	9	91
1180	0.91	9	91
1181	0.91	9	91
1182	0.91	9	91
1183	0.91	9	91
1184	0.91	9	91
1185	0.91	9	91
1186	0.91	9	91
1187	0.91	9	91
1188	0.90	10	90
1189	0.90	10	90
1190	0.90	10	90
1191	0.91	9	91
1192	0.91	9	91
1193	0.91	9	91
1194	0.91	9	91
1195	0.91	9	91
1196	0.91	9	91
1197	0.91	9	91
1198	0.92	8	92
1199	0.92	8	92
1200	0.92	8	92
1201	0.92	8	92
1202	0.92	8	92
1203	0.92	8	92
1204	0.92	8	92
1205	0.92	8	92
1206	0.92	8	92
1207	0.92	8	92
1208	0.92	8	92
1209	0.92	8	92
1210	0.91	9	91
1211	0.91	9	91
1212	0.90	10	90
1213	0.90	10	90
1214	0.89	11	89
1215	0.89	11	89
1216	0.89	11	89
1217	0.89	11	89
1218	0.90	10	90
1219	0.90	10	90
1220	0.90	10	90
1221	0.90	10	90
1222	0.90	10	90
1223	0.90	10	90
1224	0.90	10	90
1225	0.90	10	90
1226	0.91	9	91
1227	0.91	9	91
1228	0.91	9	91
1229	0.90	10	90
1230	0.91	9	91
1231	0.90	10	90
1232	0.90	10	90
1233	0.90	10	90
1234	0.90	10	90
1235	0.90	10	90
1236	0.90	10	90
1237	0.90	10	90
1238	0.90	10	90
1239	0.90	10	90
1240	0.90	10	90
1241	0.90	10	90
1242	0.91	9	91
1243	0.91	9	91
1244	0.91	9	91
1245	0.91	9	91
1246	0.91	9	91
1247	0.92	8	92
1248	0.93	7	93
1249	0.93	7	93
1250	0.93	7	93
1251	0.93	7	93
1252	0.93	7	93
1253	0.92	8	92
1254	0.92	8	92
1255	0.92	8	92
1256	0.91	9	91
1257	0.91	9	91
1258	0.91	9	91
1259	0.91	9	91
1260	0.91	9	91
1261	0.91	9	91
1262	0.91	9	91
1263	0.91	9	91
1264	0.91	9	91
1265	0.91	9	91
1266	0.91	9	91
1267	0.91	9	91
1268	0.91	9	91
1269	0.91	9	91
1270	0.91	9	91
1271	0.91	9	91
1272	0.90	10	90
1273	0.89	11	89
1274	0.89	11	89
1275	0.89	11	89
1276	0.89	11	89
1277	0.90	10	90
1278	0.90	10	90
1279	0.90	10	90
1280	0.90	10	90
1281	0.90	10	90
1282	0.90	10	90
1283	0.90	10	90
1284	0.90	10	90
1285	0.90	10	90
1286	0.90	10	90
1287	0.90	10	90
1288	0.91	9	91
1289	0.91	9	91
1290	0.91	9	91
1291	0.91	9	91
1292	0.91	9	91
1293	0.91	9	91
1294	0.91	9	91
1295	0.91	9	91
1296	0.90	10	90
1297	0.90	10	90
1298	0.90	10	90
1299	0.90	10	90
1300	0.89	11	89
1301	0.89	11	89
1302	0.89	11	89
1303	0.88	12	88
1304	0.88	12	88
1305	0.87	13	87
1306	0.87	13	87
1307	0.87	13	87
1308	0.87	13	87
1309	0.87	13	87
1310	0.88	12	88
1311	0.88	12	88
1312	0.89	11	89
1313	0.89	11	89
1314	0.90	10	90
1315	0.90	10	90
1316	0.90	10	90
1317	0.90	10	90
1318	0.90	10	90
1319	0.90	10	90
1320	0.90	10	90
1321	0.89	11	89
1322	0.89	11	89
1323	0.89	11	89
1324	0.89	11	89
1325	0.89	11	89
1326	0.89	11	89
1327	0.89	11	89
1328	0.89	11	89
1329	0.90	10	90
1330	0.90	10	90
1331	0.91	9	91
1332	0.91	9	91
1333	0.91	9	91
1334	0.90	10	90
1335	0.90	10	90
1336	0.90	10	90
1337	0.90	10	90
1338	0.90	10	90
1339	0.90	10	90
1340	0.90	10	90
1341	0.90	10	90
1342	0.90	10	90
1343	0.90	10	90
1344	0.90	10	90
1345	0.90	10	90
1346	0.90	10	90
1347	0.90	10	90
1348	0.90	10	90
1349	0.90	10	90
1350	0.90	10	90
1351	0.90	10	90
1352	0.90	10	90
1353	0.91	9	91
1354	0.91	9	91
1355	0.90	10	90
1356	0.91	9	91
1357	0.91	9	91
1358	0.91	9	91
1359	0.91	9	91
1360	0.91	9	91
1361	0.91	9	91
1362	0.91	9	91
1363	0.91	9	91
1364	0.91	9	91
1365	0.91	9	91
1366	0.91	9	91
1367	0.91	9	91
1368	0.91	9	91
1369	0.90	10	90
1370	0.90	10	90
1371	0.90	10	90
1372	0.91	9	91
1373	0.92	8	92
1374	0.92	8	92
1375	0.92	8	92
1376	0.92	8	92
1377	0.92	8	92
1378	0.92	8	92
1379	0.92	8	92
1380	0.92	8	92
1381	0.92	8	92
1382	0.92	8	92
1383	0.92	8	92
1384	0.92	8	92
1385	0.92	8	92
1386	0.92	8	92
1387	0.92	8	92
1388	0.92	8	92
1389	0.92	8	92
1390	0.92	8	92
1391	0.92	8	92
1392	0.92	8	92
1393	0.92	8	92
1394	0.92	8	92
1395	0.92	8	92
1396	0.93	7	93
1397	0.93	7	93
1398	0.92	8	92
1399	0.92	8	92
1400	0.93	7	93
1401	0.93	7	93
1402	0.93	7	93
1403	0.94	6	94
1404	0.94	6	94
1405	0.95	5	95
1406	0.95	5	95
1407	0.95	5	95
1408	0.95	5	95
1409	0.95	5	95
1410	0.95	5	95
1411	0.95	5	95
1412	0.95	5	95
1413	0.95	5	95
1414	0.95	5	95
1415	0.95	5	95
1416	0.95	5	95
1417	0.95	5	95
1418	0.95	5	95
1419	0.94	6	94
1420	0.94	6	94
1421	0.95	5	95
1422	0.95	5	95
1423	0.95	5	95
1424	0.95	5	95
1425	0.95	5	95
1426	0.95	5	95
1427	0.95	5	95
1428	0.95	5	95
1429	0.95	5	95
1430	0.95	5	95
1431	0.95	5	95
1432	0.95	5	95
1433	0.95	5	95
1434	0.95	5	95
1435	0.95	5	95
1436	0.95	5	95
1437	0.95	5	95
1438	0.95	5	95
1439	0.95	5	95
1440	0.95	5	95
1441	0.95	5	95
1442	0.95	5	95
1443	0.95	5	95
1444	0.95	5	95
1445	0.95	5	95
1446	0.95	5	95
1447	0.95	5	95
1448	0.95	5	95
1449	0.95	5	95
1450	0.95	5	95
1451	0.95	5	95
1452	0.95	5	95
1453	0.95	5	95
1454	0.95	5	95
1455	0.96	4	96
1456	0.96	4	96
1457	0.96	4	96
1458	0.96	4	96
1459	0.96	4	96
1460	0.96	4	96
1461	0.96	4	96
1462	0.96	4	96
1463	0.96	4	96
1464	0.96	4	96
1465	0.96	4	96
1466	0.96	4	96
1467	0.96	4	96
1468	0.96	4	96
1469	0.97	3	97
1470	0.97	3	97
1471	0.97	3	97
1472	0.97	3	97
1473	0.97	3	97
1474	0.97	3	97
1475	0.97	3	97
1476	0.97	3	97
1477	0.97	3	97
1478	0.97	3	97
1479	0.97	3	97
1480	0.97	3	97
1481	0.97	3	97
1482	0.97	3	97
1483	0.97	3	97
1484	0.97	3	97
1485	0.97	3	97
1486	0.96	4	96
1487	0.96	4	96
1488	0.96	4	96
1489	0.95	5	95
1490	0.95	5	95
1491	0.94	6	94
1492	0.94	6	94
1493	0.93	7	93
1494	0.93	7	93
1495	0.93	7	93
1496	0.93	7	93
1497	0.93	7	93
1498	0.93	7	93
1499	0.93	7	93
1500	0.93	7	93
1501	0.93	7	93
1502	0.93	7	93
1503	0.93	7	93
1504	0.93	7	93
1505	0.93	7	93
1506	0.93	7	93
1507	0.93	7	93
1508	0.93	7	93
1509	0.93	7	93
1510	0.93	7	93
1511	0.93	7	93
1512	0.93	7	93
1513	0.93	7	93
1514	0.93	7	93
1515	0.93	7	93
1516	0.93	7	93
1517	0.93	7	93
1518	0.92	8	92
1519	0.93	7	93
1520	0.93	7	93
1521	0.93	7	93
1522	0.93	7	93
1523	0.93	7	93
1524	0.93	7	93
1525	0.93	7	93
1526	0.92	8	92
1527	0.92	8	92
1528	0.92	8	92
1529	0.92	8	92
1530	0.92	8	92
1531	0.92	8	92
1532	0.92	8	92
1533	0.92	8	92
1534	0.93	7	93
1535	0.93	7	93
1536	0.93	7	93
1537	0.93	7	93
1538	0.93	7	93
1539	0.92	8	92
1540	0.92	8	92
1541	0.92	8	92
1542	0.92	8	92
1543	0.92	8	92
1544	0.92	8	92
1545	0.91	9	91
1546	0.91	9	91
1547	0.91	9	91
1548	0.91	9	91
1549	0.91	9	91
1550	0.91	9	91
1551	0.91	9	91
1552	0.91	9	91
1553	0.91	9	91
1554	0.91	9	91
1555	0.91	9	91
1556	0.91	9	91
1557	0.91	9	91
1558	0.91	9	91
1559	0.91	9	91
1560	0.91	9	91
1561	0.90	10	90
1562	0.90	10	90
1563	0.90	10	90
1564	0.90	10	90
1565	0.90	10	90
1566	0.90	10	90
1567	0.90	10	90
1568	0.90	10	90
1569	0.89	11	89
1570	0.89	11	89
1571	0.89	11	89
1572	0.89	11	89
1573	0.89	11	89
1574	0.89	11	89
1575	0.89	11	89
1576	0.89	11	89
1577	0.89	11	89
1578	0.89	11	89
1579	0.89	11	89
1580	0.89	11	89
1581	0.88	12	88
1582	0.88	12	88
1583	0.88	12	88
1584	0.88	12	88
1585	0.88	12	88
1586	0.89	11	89
1587	0.89	11	89
1588	0.89	11	89
1589	0.89	11	89
1590	0.89	11	89
1591	0.90	10	90
1592	0.90	10	90
1593	0.91	9	91
1594	0.91	9	91
1595	0.91	9	91
1596	0.91	9	91
1597	0.91	9	91
1598	0.92	8	92
1599	0.92	8	92
1600	0.92	8	92
1601	0.92	8	92
1602	0.92	8	92
1603	0.92	8	92
1604	0.92	8	92
1605	0.92	8	92
1606	0.91	9	91
1607	0.91	9	91
1608	0.90	10	90
1609	0.90	10	90
1610	0.90	10	90
1611	0.90	10	90
1612	0.90	10	90
1613	0.90	10	90
1614	0.90	10	90
1615	0.90	10	90
1616	0.90	10	90
1617	0.90	10	90
1618	0.91	9	91
1619	0.91	9	91
1620	0.91	9	91
1621	0.91	9	91
1622	0.91	9	91
1623	0.91	9	91
1624	0.91	9	91
1625	0.91	9	91
1626	0.92	8	92
1627	0.92	8	92
1628	0.91	9	91
1629	0.91	9	91
1630	0.91	9	91
1631	0.91	9	91
1632	0.90	10	90
1633	0.89	11	89
1634	0.89	11	89
1635	0.89	11	89
1636	0.89	11	89
1637	0.89	11	89
1638	0.88	12	88
1639	0.89	11	89
1640	0.89	11	89
1641	0.88	12	88
1642	0.87	13	87
1643	0.87	13	87
1644	0.87	13	87
1645	0.88	12	88
1646	0.88	12	88
1647	0.87	13	87
1648	0.87	13	87
1649	0.87	13	87
1650	0.87	13	87
1651	0.87	13	87
1652	0.87	13	87
1653	0.87	13	87
1654	0.87	13	87
1655	0.87	13	87
1656	0.87	13	87
1657	0.87	13	87
1658	0.87	13	87
1659	0.87	13	87
1660	0.87	13	87
1661	0.88	12	88
1662	0.88	12	88
1663	0.88	12	88
1664	0.88	12	88
1665	0.88	12	88
1666	0.88	12	88
1667	0.88	12	88
1668	0.88	12	88
1669	0.88	12	88
1670	0.88	12	88
1671	0.88	12	88
1672	0.88	12	88
1673	0.88	12	88
1674	0.88	12	88
1675	0.88	12	88
1676	0.88	12	88
1677	0.88	12	88
1678	0.88	12	88
1679	0.87	13	87
1680	0.87	13	87
1681	0.88	12	88
1682	0.88	12	88
1683	0.88	12	88
1684	0.88	12	88
1685	0.88	12	88
1686	0.88	12	88
1687	0.88	12	88
1688	0.88	12	88
1689	0.89	11	89
1690	0.88	12	88
1691	0.88	12	88
1692	0.88	12	88
1693	0.88	12	88
1694	0.88	12	88
1695	0.88	12	88
1696	0.88	12	88
1697	0.87	13	87
1698	0.87	13	87
1699	0.87	13	87
1700	0.87	13	87
1701	0.87	13	87
1702	0.87	13	87
1703	0.87	13	87
1704	0.87	13	87
1705	0.87	13	87
1706	0.88	12	88
1707	0.88	12	88
1708	0.88	12	88
1709	0.88	12	88
1710	0.88	12	88
1711	0.88	12	88
1712	0.87	13	87
1713	0.87	13	87
1714	0.87	13	87
1715	0.87	13	87
1716	0.87	13	87
1717	0.87	13	87
1718	0.87	13	87
1719	0.87	13	87
1720	0.87	13	87
1721	0.87	13	87
1722	0.87	13	87
1723	0.87	13	87
1724	0.87	13	87
1725	0.87	13	87
1726	0.87	13	87
1727	0.87	13	87
1728	0.87	13	87
1729	0.87	13	87
1730	0.87	13	87
1731	0.87	13	87
1732	0.88	12	88
1733	0.89	11	89
1734	0.89	11	89
1735	0.89	11	89
1736	0.88	12	88
1737	0.88	12	88
1738	0.89	11	89
1739	0.89	11	89
1740	0.89	11	89
1741	0.89	11	89
1742	0.90	10	90
1743	0.90	10	90
1744	0.90	10	90
1745	0.90	10	90
1746	0.90	10	90
1747	0.91	9	91
1748	0.91	9	91
1749	0.91	9	91
1750	0.91	9	91
1751	0.91	9	91
1752	0.91	9	91
1753	0.91	9	91
1754	0.91	9	91
1755	0.91	9	91
1756	0.91	9	91
1757	0.91	9	91
1758	0.91	9	91
1759	0.91	9	91
1760	0.91	9	91
1761	0.91	9	91
1762	0.90	10	90
1763	0.90	10	90
1764	0.90	10	90
1765	0.90	10	90
1766	0.90	10	90
1767	0.90	10	90
1768	0.90	10	90
1769	0.91	9	91
1770	0.91	9	91
1771	0.91	9	91
1772	0.91	9	91
1773	0.90	10	90
1774	0.90	10	90
1775	0.90	10	90
1776	0.90	10	90
1777	0.90	10	90
1778	0.89	11	89
1779	0.89	11	89
1780	0.89	11	89
1781	0.89	11	89
1782	0.89	11	89
1783	0.89	11	89
1784	0.89	11	89
1785	0.89	11	89
1786	0.89	11	89
1787	0.89	11	89
1788	0.88	12	88
1789	0.87	13	87
1790	0.88	12	88
1791	0.88	12	88
1792	0.87	13	87
1793	0.86	14	86
1794	0.86	14	86
1795	0.86	14	86
1796	0.86	14	86
1797	0.87	13	87
1798	0.87	13	87
1799	0.87	13	87
1800	0.87	13	87
1801	0.87	13	87
1802	0.86	14	86
1803	0.86	14	86
1804	0.86	14	86
1805	0.86	14	86
1806	0.86	14	86
1807	0.86	14	86
1808	0.87	13	87
1809	0.86	14	86
1810	0.86	14	86
1811	0.86	14	86
1812	0.87	13	87
1813	0.87	13	87
1814	0.87	13	87
1815	0.86	14	86
1816	0.86	14	86
1817	0.86	14	86
1818	0.86	14	86
1819	0.86	14	86
1820	0.86	14	86
1821	0.86	14	86
1822	0.86	14	86
1823	0.86	14	86
1824	0.86	14	86
1825	0.86	14	86
1826	0.86	14	86
1827	0.86	14	86
1828	0.87	13	87
1829	0.87	13	87
1830	0.87	13	87
1831	0.87	13	87
1832	0.87	13	87
1833	0.87	13	87
1834	0.87	13	87
1835	0.87	13	87
1836	0.88	12	88
1837	0.88	12	88
1838	0.88	12	88
1839	0.88	12	88
1840	0.88	12	88
1841	0.89	11	89
1842	0.89	11	89
1843	0.89	11	89
1844	0.89	11	89
1845	0.89	11	89
1846	0.89	11	89
1847	0.89	11	89
1848	0.89	11	89
1849	0.89	11	89
1850	0.89	11	89
1851	0.88	12	88
1852	0.88	12	88
1853	0.88	12	88
1854	0.88	12	88
1855	0.88	12	88
1856	0.88	12	88
1857	0.88	12	88
1858	0.88	12	88
1859	0.88	12	88
1860	0.88	12	88
1861	0.88	12	88
1862	0.89	11	89
1863	0.89	11	89
1864	0.89	11	89
1865	0.89	11	89
1866	0.89	11	89
1867	0.89	11	89
1868	0.89	11	89
1869	0.89	11	89
1870	0.89	11	89
1871	0.89	11	89
1872	0.88	12	88
1873	0.89	11	89
1874	0.89	11	89
1875	0.89	11	89
1876	0.89	11	89
1877	0.89	11	89
1878	0.89	11	89
1879	0.90	10	90
1880	0.90	10	90
1881	0.90	10	90
1882	0.90	10	90
1883	0.90	10	90
1884	0.90	10	90
1885	0.90	10	90
1886	0.90	10	90
1887	0.89	11	89
1888	0.90	10	90
1889	0.91	9	91
1890	0.91	9	91
1891	0.91	9	91
1892	0.92	8	92
1893	0.92	8	92
1894	0.91	9	91
1895	0.91	9	91
1896	0.90	10	90
1897	0.90	10	90
1898	0.90	10	90
1899	0.90	10	90
1900	0.90	10	90
1901	0.90	10	90
1902	0.91	9	91
1903	0.90	10	90
1904	0.90	10	90
1905	0.90	10	90
1906	0.90	10	90
1907	0.90	10	90
1908	0.90	10	90
1909	0.91	9	91
1910	0.91	9	91
1911	0.91	9	91
1912	0.91	9	91
1913	0.91	9	91
1914	0.91	9	91
1915	0.91	9	91
1916	0.91	9	91
1917	0.91	9	91
1918	0.91	9	91
1919	0.91	9	91
1920	0.91	9	91
1921	0.90	10	90
1922	0.89	11	89
1923	0.89	11	89
1924	0.89	11	89
1925	0.89	11	89
1926	0.89	11	89
1927	0.89	11	89
1928	0.89	11	89
1929	0.89	11	89
1930	0.89	11	89
1931	0.89	11	89
1932	0.89	11	89
1933	0.88	12	88
1934	0.88	12	88
1935	0.87	13	87
1936	0.87	13	87
1937	0.87	13	87
1938	0.87	13	87
1939	0.87	13	87
1940	0.87	13	87
1941	0.87	13	87
1942	0.87	13	87
1943	0.87	13	87
1944	0.87	13	87
1945	0.87	13	87
1946	0.87	13	87
1947	0.87	13	87
1948	0.87	13	87
1949	0.87	13	87
1950	0.87	13	87
1951	0.88	12	88
1952	0.88	12	88
1953	0.88	12	88
1954	0.88	12	88
1955	0.88	12	88
1956	0.88	12	88
1957	0.88	12	88
1958	0.88	12	88
1959	0.88	12	88
1960	0.88	12	88
1961	0.88	12	88
1962	0.88	12	88
1963	0.88	12	88
1964	0.88	12	88
1965	0.88	12	88
1966	0.87	13	87
1967	0.87	13	87
1968	0.87	13	87
1969	0.87	13	87
1970	0.87	13	87
1971	0.87	13	87
1972	0.88	12	88
1973	0.87	13	87
1974	0.87	13	87
1975	0.87	13	87
1976	0.87	13	87
1977	0.86	14	86
1978	0.87	13	87
1979	0.87	13	87
1980	0.87	13	87
1981	0.87	13	87
1982	0.87	13	87
1983	0.87	13	87
1984	0.87	13	87
1985	0.87	13	87
1986	0.87	13	87
1987	0.88	12	88
1988	0.88	12	88
1989	0.88	12	88
1990	0.87	13	87
1991	0.86	14	86
1992	0.86	14	86
1993	0.87	13	87
1994	0.88	12	88
1995	0.88	12	88
1996	0.89	11	89
1997	0.89	11	89
1998	0.89	11	89
1999	0.89	11	89
2000	0.11	11	89
2001	0.12	12	88
2002	0.13	13	87
2003	0.12	12	88
2004	0.13	13	87
2005	0.14	14	86
2006	0.15	15	85
2007	0.16	16	84
2008	0.17	17	83
2009	0.17	17	83
2010	0.17	17	83
2011	0.18	18	82
2012	0.19	19	81
2013	0.20	20	80
2014	0.21	21	79
2015	0.21	21	79
2016	0.22	22	78
2017	0.22	22	78
2018	0.23	23	77
2019	0.24	24	76
2020	0.25	25	75
2021	0.25	25	75
2022	0.24	24	76
2023	0.25	25	75
2024	0.25	25	75
2025	0.26	26	74
2026	0.27	27	73
2027	0.28	28	72
2028	0.29	29	71
2029	0.30	30	70
2030	0.31	31	69
2031	0.32	32	68
2032	0.33	33	67
2033	0.32	32	68
2034	0.32	32	68
2035	0.32	32	68
2036	0.33	33	67
2037	0.34	34	66
2038	0.35	35	65
2039	0.36	36	64
2040	0.37	37	63
2041	0.37	37	63
2042	0.38	38	62
2043	0.39	39	61
2044	0.40	40	60
2045	0.41	41	59
2046	0.42	42	58
2047	0.43	43	57
2048	0.44	44	56
2049	0.44	44	56
2050	0.44	44	56
2051	0.45	45	55
2052	0.46	46	54
2053	0.47	47	53
2054	0.48	48	52
2055	0.49	49	51
2056	0.50	50	50
2057	0.51	51	49
2058	0.52	52	48
2059	0.53	53	47
2060	0.54	54	46
2061	0.54	54	46
2062	0.55	55	45
2063	0.56	56	44
2064	0.57	57	43
2065	0.57	57	43
2066	0.56	56	44
2067	0.57	57	43
2068	0.58	58	42
2069	0.59	59	41
2070	0.60	60	40
2071	0.61	61	39
2072	0.61	61	39
2073	0.61	61	39
2074	0.62	62	38
2075	0.63	63	37
2076	0.63	63	37
2077	0.63	63	37
2078	0.64	64	36
2079	0.65	65	35
2080	0.66	66	34
2081	0.67	67	33
2082	0.68	68	32
2083	0.68	68	32
2084	0.68	68	32
2085	0.69	69	31
2086	0.69	69	31
2087	0.70	70	30
2088	0.70	70	30
2089	0.71	71	29
2090	0.71	71	29
2091	0.71	71	29
2092	0.72	72	28
2093	0.73	73	27
2094	0.74	74	26
2095	0.75	75	25
2096	0.76	76	24
2097	0.77	77	23
2098	0.77	77	23
2099	0.78	78	22
2100	0.79	79	21
2101	0.79	79	21
2102	0.78	78	22
2103	0.78	78	22
2104	0.78	78	22
2105	0.78	78	22
2106	0.78	78	22
2107	0.77	77	23
2108	0.77	77	23
2109	0.78	78	22
2110	0.79	79	21
2111	0.79	79	21
2112	0.79	79	21
2113	0.79	79	21
2114	0.79	79	21
2115	0.78	78	22
2116	0.78	78	22
2117	0.79	79	21
2118	0.79	79	21
2119	0.79	79	21
2120	0.78	78	22
2121	0.78	78	22
2122	0.79	79	21
2123	0.79	79	21
2124	0.80	80	20
2125	0.80	80	20
2126	0.80	80	20
2127	0.80	80	20
2128	0.80	80	20
2129	0.80	80	20
2130	0.80	80	20
2131	0.80	80	20
2132	0.80	80	20
2133	0.81	81	19
2134	0.82	82	18
2135	0.82	82	18
2136	0.82	82	18
2137	0.81	81	19
2138	0.81	81	19
2139	0.81	81	19
2140	0.81	81	19
2141	0.82	82	18
2142	0.82	82	18
2143	0.82	82	18
2144	0.82	82	18
2145	0.82	82	18
2146	0.82	82	18
2147	0.82	82	18
2148	0.81	81	19
2149	0.82	82	18
2150	0.83	83	17
2151	0.83	83	17
2152	0.83	83	17
2153	0.83	83	17
2154	0.82	82	18
2155	0.82	82	18
2156	0.82	82	18
2157	0.82	82	18
2158	0.82	82	18
2159	0.82	82	18
2160	0.82	82	18
2161	0.82	82	18
2162	0.82	82	18
2163	0.82	82	18
2164	0.82	82	18
2165	0.83	83	17
2166	0.84	84	16
2167	0.84	84	16
2168	0.84	84	16
2169	0.84	84	16
2170	0.83	83	17
2171	0.82	82	18
2172	0.83	83	17
2173	0.83	83	17
2174	0.83	83	17
2175	0.83	83	17
2176	0.84	84	16
2177	0.84	84	16
2178	0.84	84	16
2179	0.84	84	16
2180	0.83	83	17
2181	0.83	83	17
2182	0.82	82	18
2183	0.83	83	17
2184	0.84	84	16
2185	0.84	84	16
2186	0.84	84	16
2187	0.84	84	16
2188	0.85	85	15
2189	0.85	85	15
2190	0.85	85	15
2191	0.85	85	15
2192	0.85	85	15
2193	0.84	84	16
2194	0.84	84	16
2195	0.84	84	16
2196	0.84	84	16
2197	0.84	84	16
2198	0.85	85	15
2199	0.85	85	15
2200	0.85	85	15
2201	0.85	85	15
2202	0.86	86	14
2203	0.87	87	13
2204	0.87	87	13
2205	0.87	87	13
2206	0.87	87	13
2207	0.88	88	12
2208	0.88	88	12
2209	0.88	88	12
2210	0.88	88	12
2211	0.88	88	12
2212	0.88	88	12
2213	0.88	88	12
2214	0.88	88	12
2215	0.89	89	11
2216	0.89	89	11
2217	0.89	89	11
2218	0.89	89	11
2219	0.89	89	11
2220	0.90	90	10
2221	0.90	90	10
2222	0.90	90	10
2223	0.90	90	10
2224	0.90	90	10
2225	0.90	90	10
2226	0.90	90	10
2227	0.90	90	10
2228	0.89	89	11
2229	0.89	89	11
2230	0.89	89	11
2231	0.89	89	11
2232	0.89	89	11
2233	0.89	89	11
2234	0.89	89	11
2235	0.89	89	11
2236	0.89	89	11
2237	0.90	90	10
2238	0.90	90	10
2239	0.90	90	10
2240	0.90	90	10
2241	0.90	90	10
2242	0.90	90	10
2243	0.90	90	10
2244	0.90	90	10
2245	0.90	90	10
2246	0.89	89	11
2247	0.88	88	12
2248	0.89	89	11
2249	0.89	89	11
2250	0.89	89	11
2251	0.89	89	11
2252	0.89	89	11
2253	0.89	89	11
2254	0.90	90	10
2255	0.90	90	10
2256	0.90	90	10
2257	0.89	89	11
2258	0.89	89	11
2259	0.89	89	11
2260	0.89	89	11
2261	0.90	90	10
2262	0.89	89	11
2263	0.89	89	11
2264	0.89	89	11
2265	0.88	88	12
2266	0.88	88	12
2267	0.88	88	12
2268	0.88	88	12
2269	0.88	88	12
2270	0.89	89	11
2271	0.90	90	10
2272	0.90	90	10
2273	0.90	90	10
2274	0.90	90	10
2275	0.90	90	10
2276	0.90	90	10
2277	0.90	90	10
2278	0.90	90	10
2279	0.90	90	10
2280	0.91	91	9
2281	0.91	91	9
2282	0.92	92	8
2283	0.92	92	8
2284	0.92	92	8
2285	0.92	92	8
2286	0.93	93	7
2287	0.93	93	7
2288	0.93	93	7
2289	0.93	93	7
2290	0.92	92	8
2291	0.92	92	8
2292	0.92	92	8
2293	0.93	93	7
2294	0.93	93	7
2295	0.93	93	7
2296	0.93	93	7
2297	0.93	93	7
2298	0.93	93	7
2299	0.93	93	7
2300	0.93	93	7
2301	0.93	93	7
2302	0.93	93	7
2303	0.92	92	8
2304	0.91	91	9
2305	0.90	90	10
2306	0.90	90	10
2307	0.90	90	10
2308	0.90	90	10
2309	0.90	90	10
2310	0.90	90	10
2311	0.90	90	10
2312	0.90	90	10
2313	0.90	90	10
2314	0.90	90	10
2315	0.89	89	11
2316	0.89	89	11
2317	0.89	89	11
2318	0.88	88	12
2319	0.88	88	12
2320	0.88	88	12
2321	0.88	88	12
2322	0.88	88	12
2323	0.88	88	12
2324	0.88	88	12
2325	0.88	88	12
2326	0.88	88	12
2327	0.88	88	12
2328	0.89	89	11
2329	0.89	89	11
2330	0.89	89	11
2331	0.89	89	11
2332	0.88	88	12
2333	0.88	88	12
2334	0.88	88	12
2335	0.88	88	12
2336	0.88	88	12
2337	0.88	88	12
2338	0.88	88	12
2339	0.88	88	12
2340	0.88	88	12
2341	0.88	88	12
2342	0.88	88	12
2343	0.87	87	13
2344	0.87	87	13
2345	0.87	87	13
2346	0.88	88	12
2347	0.89	89	11
2348	0.89	89	11
2349	0.89	89	11
2350	0.89	89	11
2351	0.89	89	11
2352	0.89	89	11
2353	0.89	89	11
2354	0.89	89	11
2355	0.89	89	11
2356	0.89	89	11
2357	0.90	90	10
2358	0.89	89	11
2359	0.89	89	11
2360	0.89	89	11
2361	0.89	89	11
2362	0.90	90	10
2363	0.90	90	10
2364	0.90	90	10
2365	0.91	91	9
2366	0.91	91	9
2367	0.90	90	10
2368	0.90	90	10
2369	0.90	90	10
2370	0.90	90	10
2371	0.90	90	10
2372	0.90	90	10
2373	0.90	90	10
2374	0.90	90	10
2375	0.90	90	10
2376	0.89	89	11
2377	0.89	89	11
2378	0.89	89	11
2379	0.88	88	12
2380	0.88	88	12
2381	0.88	88	12
2382	0.88	88	12
2383	0.88	88	12
2384	0.88	88	12
2385	0.88	88	12
2386	0.87	87	13
2387	0.87	87	13
2388	0.87	87	13
2389	0.86	86	14
2390	0.87	87	13
2391	0.86	86	14
2392	0.86	86	14
2393	0.86	86	14
2394	0.86	86	14
2395	0.86	86	14
2396	0.86	86	14
2397	0.86	86	14
2398	0.86	86	14
2399	0.86	86	14
2400	0.86	86	14
2401	0.85	85	15
2402	0.85	85	15
2403	0.86	86	14
2404	0.87	87	13
2405	0.88	88	12
2406	0.88	88	12
2407	0.88	88	12
2408	0.88	88	12
2409	0.88	88	12
2410	0.87	87	13
2411	0.87	87	13
2412	0.87	87	13
2413	0.87	87	13
2414	0.87	87	13
2415	0.88	88	12
2416	0.88	88	12
2417	0.88	88	12
2418	0.89	89	11
2419	0.89	89	11
2420	0.89	89	11
2421	0.89	89	11
2422	0.89	89	11
2423	0.89	89	11
2424	0.89	89	11
2425	0.89	89	11
2426	0.88	88	12
2427	0.88	88	12
2428	0.88	88	12
2429	0.88	88	12
2430	0.88	88	12
2431	0.88	88	12
2432	0.89	89	11
2433	0.89	89	11
2434	0.89	89	11
2435	0.89	89	11
2436	0.89	89	11
2437	0.89	89	11
2438	0.88	88	12
2439	0.87	87	13
2440	0.87	87	13
2441	0.86	86	14
2442	0.86	86	14
2443	0.87	87	13
2444	0.87	87	13
2445	0.87	87	13
2446	0.87	87	13
2447	0.87	87	13
2448	0.86	86	14
2449	0.86	86	14
2450	0.86	86	14
2451	0.86	86	14
2452	0.86	86	14
2453	0.86	86	14
2454	0.86	86	14
2455	0.86	86	14
2456	0.86	86	14
2457	0.86	86	14
2458	0.87	87	13
2459	0.87	87	13
2460	0.87	87	13
2461	0.87	87	13
2462	0.87	87	13
2463	0.87	87	13
2464	0.87	87	13
2465	0.87	87	13
2466	0.87	87	13
2467	0.88	88	12
2468	0.88	88	12
2469	0.88	88	12
2470	0.88	88	12
2471	0.88	88	12
2472	0.88	88	12
2473	0.88	88	12
2474	0.87	87	13
2475	0.86	86	14
2476	0.87	87	13
2477	0.87	87	13
2478	0.87	87	13
2479	0.88	88	12
2480	0.88	88	12
2481	0.88	88	12
2482	0.88	88	12
2483	0.88	88	12
2484	0.88	88	12
2485	0.88	88	12
2486	0.89	89	11
2487	0.89	89	11
2488	0.89	89	11
2489	0.90	90	10
2490	0.90	90	10
2491	0.91	91	9
2492	0.91	91	9
2493	0.91	91	9
2494	0.91	91	9
2495	0.91	91	9
2496	0.91	91	9
2497	0.91	91	9
2498	0.91	91	9
2499	0.91	91	9
2500	0.91	91	9
2501	0.92	92	8
2502	0.92	92	8
2503	0.92	92	8
2504	0.92	92	8
2505	0.92	92	8
2506	0.92	92	8
2507	0.92	92	8
2508	0.92	92	8
2509	0.92	92	8
2510	0.93	93	7
2511	0.93	93	7
2512	0.93	93	7
2513	0.93	93	7
2514	0.93	93	7
2515	0.93	93	7
2516	0.93	93	7
2517	0.93	93	7
2518	0.93	93	7
2519	0.93	93	7
2520	0.92	92	8
2521	0.91	91	9
2522	0.91	91	9
2523	0.91	91	9
2524	0.90	90	10
2525	0.90	90	10
2526	0.91	91	9
2527	0.91	91	9
2528	0.91	91	9
2529	0.91	91	9
2530	0.91	91	9
2531	0.91	91	9
2532	0.91	91	9
2533	0.91	91	9
2534	0.91	91	9
2535	0.90	90	10
2536	0.90	90	10
2537	0.89	89	11
2538	0.90	90	10
2539	0.91	91	9
2540	0.91	91	9
2541	0.92	92	8
2542	0.92	92	8
2543	0.92	92	8
2544	0.92	92	8
2545	0.92	92	8
2546	0.92	92	8
2547	0.92	92	8
2548	0.93	93	7
2549	0.93	93	7
2550	0.93	93	7
2551	0.93	93	7
2552	0.93	93	7
2553	0.93	93	7
2554	0.93	93	7
2555	0.93	93	7
2556	0.93	93	7
2557	0.93	93	7
2558	0.93	93	7
2559	0.93	93	7
2560	0.93	93	7
2561	0.93	93	7
2562	0.93	93	7
2563	0.93	93	7
2564	0.92	92	8
2565	0.92	92	8
2566	0.92	92	8
2567	0.92	92	8
2568	0.92	92	8
2569	0.92	92	8
2570	0.92	92	8
2571	0.92	92	8
2572	0.92	92	8
2573	0.92	92	8
2574	0.93	93	7
2575	0.94	94	6
2576	0.93	93	7
2577	0.93	93	7
2578	0.93	93	7
2579	0.93	93	7
2580	0.93	93	7
2581	0.93	93	7
2582	0.93	93	7
2583	0.93	93	7
2584	0.93	93	7
2585	0.92	92	8
2586	0.92	92	8
2587	0.92	92	8
2588	0.92	92	8
2589	0.92	92	8
2590	0.92	92	8
2591	0.92	92	8
2592	0.92	92	8
2593	0.92	92	8
2594	0.92	92	8
2595	0.91	91	9
2596	0.91	91	9
2597	0.91	91	9
2598	0.91	91	9
2599	0.90	90	10
2600	0.90	90	10
2601	0.90	90	10
2602	0.90	90	10
2603	0.89	89	11
2604	0.89	89	11
2605	0.89	89	11
2606	0.89	89	11
2607	0.88	88	12
2608	0.88	88	12
2609	0.88	88	12
2610	0.88	88	12
2611	0.88	88	12
2612	0.88	88	12
2613	0.88	88	12
2614	0.88	88	12
2615	0.88	88	12
2616	0.88	88	12
2617	0.88	88	12
2618	0.88	88	12
2619	0.88	88	12
2620	0.89	89	11
2621	0.90	90	10
2622	0.90	90	10
2623	0.90	90	10
2624	0.91	91	9
2625	0.91	91	9
2626	0.91	91	9
2627	0.91	91	9
2628	0.91	91	9
2629	0.91	91	9
2630	0.91	91	9
2631	0.91	91	9
2632	0.91	91	9
2633	0.91	91	9
2634	0.91	91	9
2635	0.92	92	8
2636	0.92	92	8
2637	0.93	93	7
2638	0.92	92	8
2639	0.92	92	8
2640	0.92	92	8
2641	0.92	92	8
2642	0.91	91	9
2643	0.91	91	9
2644	0.91	91	9
2645	0.91	91	9
2646	0.91	91	9
2647	0.91	91	9
2648	0.90	90	10
2649	0.90	90	10
2650	0.90	90	10
2651	0.90	90	10
2652	0.90	90	10
2653	0.90	90	10
2654	0.90	90	10
2655	0.90	90	10
2656	0.90	90	10
2657	0.90	90	10
2658	0.90	90	10
2659	0.90	90	10
2660	0.90	90	10
2661	0.89	89	11
2662	0.89	89	11
2663	0.89	89	11
2664	0.90	90	10
2665	0.90	90	10
2666	0.89	89	11
2667	0.89	89	11
2668	0.89	89	11
2669	0.88	88	12
2670	0.88	88	12
2671	0.88	88	12
2672	0.88	88	12
2673	0.88	88	12
2674	0.88	88	12
2675	0.88	88	12
2676	0.89	89	11
2677	0.89	89	11
2678	0.89	89	11
2679	0.89	89	11
2680	0.89	89	11
2681	0.89	89	11
2682	0.89	89	11
2683	0.89	89	11
2684	0.89	89	11
2685	0.90	90	10
2686	0.90	90	10
2687	0.90	90	10
2688	0.90	90	10
2689	0.90	90	10
2690	0.90	90	10
2691	0.90	90	10
2692	0.90	90	10
2693	0.89	89	11
2694	0.89	89	11
2695	0.90	90	10
2696	0.90	90	10
2697	0.90	90	10
2698	0.90	90	10
2699	0.91	91	9
2700	0.91	91	9
2701	0.91	91	9
2702	0.91	91	9
2703	0.92	92	8
2704	0.92	92	8
2705	0.92	92	8
2706	0.92	92	8
2707	0.93	93	7
2708	0.93	93	7
2709	0.93	93	7
2710	0.93	93	7
2711	0.93	93	7
2712	0.93	93	7
2713	0.93	93	7
2714	0.93	93	7
2715	0.93	93	7
2716	0.92	92	8
2717	0.92	92	8
2718	0.92	92	8
2719	0.92	92	8
2720	0.92	92	8
2721	0.91	91	9
2722	0.91	91	9
2723	0.90	90	10
2724	0.90	90	10
2725	0.89	89	11
2726	0.89	89	11
2727	0.89	89	11
2728	0.89	89	11
2729	0.89	89	11
2730	0.89	89	11
2731	0.89	89	11
2732	0.89	89	11
2733	0.89	89	11
2734	0.89	89	11
2735	0.89	89	11
2736	0.89	89	11
2737	0.88	88	12
2738	0.89	89	11
2739	0.89	89	11
2740	0.88	88	12
2741	0.88	88	12
2742	0.88	88	12
2743	0.88	88	12
2744	0.88	88	12
2745	0.88	88	12
2746	0.88	88	12
2747	0.88	88	12
2748	0.89	89	11
2749	0.89	89	11
2750	0.89	89	11
2751	0.89	89	11
2752	0.89	89	11
2753	0.89	89	11
2754	0.89	89	11
2755	0.89	89	11
2756	0.89	89	11
2757	0.89	89	11
2758	0.89	89	11
2759	0.89	89	11
2760	0.89	89	11
2761	0.90	90	10
2762	0.90	90	10
2763	0.90	90	10
2764	0.90	90	10
2765	0.90	90	10
2766	0.91	91	9
2767	0.91	91	9
2768	0.91	91	9
2769	0.92	92	8
2770	0.92	92	8
2771	0.92	92	8
2772	0.91	91	9
2773	0.91	91	9
2774	0.91	91	9
2775	0.90	90	10
2776	0.90	90	10
2777	0.90	90	10
2778	0.90	90	10
2779	0.90	90	10
2780	0.90	90	10
2781	0.90	90	10
2782	0.90	90	10
2783	0.89	89	11
2784	0.89	89	11
2785	0.89	89	11
2786	0.89	89	11
2787	0.89	89	11
2788	0.88	88	12
2789	0.88	88	12
2790	0.88	88	12
2791	0.88	88	12
2792	0.88	88	12
2793	0.89	89	11
2794	0.88	88	12
2795	0.88	88	12
2796	0.88	88	12
2797	0.88	88	12
2798	0.88	88	12
2799	0.88	88	12
2800	0.88	88	12
2801	0.88	88	12
2802	0.88	88	12
2803	0.88	88	12
2804	0.88	88	12
2805	0.88	88	12
2806	0.88	88	12
2807	0.87	87	13
2808	0.86	86	14
2809	0.86	86	14
2810	0.86	86	14
2811	0.86	86	14
2812	0.86	86	14
2813	0.86	86	14
2814	0.86	86	14
2815	0.86	86	14
2816	0.87	87	13
2817	0.87	87	13
2818	0.87	87	13
2819	0.87	87	13
2820	0.87	87	13
2821	0.88	88	12
2822	0.88	88	12
2823	0.89	89	11
2824	0.89	89	11
2825	0.90	90	10
2826	0.90	90	10
2827	0.90	90	10
2828	0.90	90	10
2829	0.90	90	10
2830	0.89	89	11
2831	0.89	89	11
2832	0.89	89	11
2833	0.89	89	11
2834	0.88	88	12
2835	0.88	88	12
2836	0.88	88	12
2837	0.89	89	11
2838	0.89	89	11
2839	0.89	89	11
2840	0.90	90	10
2841	0.90	90	10
2842	0.90	90	10
2843	0.90	90	10
2844	0.90	90	10
2845	0.90	90	10
2846	0.89	89	11
2847	0.89	89	11
2848	0.89	89	11
2849	0.89	89	11
2850	0.89	89	11
2851	0.89	89	11
2852	0.89	89	11
2853	0.89	89	11
2854	0.89	89	11
2855	0.89	89	11
2856	0.89	89	11
2857	0.89	89	11
2858	0.88	88	12
2859	0.88	88	12
2860	0.88	88	12
2861	0.88	88	12
2862	0.88	88	12
2863	0.88	88	12
2864	0.88	88	12
2865	0.88	88	12
2866	0.88	88	12
2867	0.88	88	12
2868	0.88	88	12
2869	0.87	87	13
2870	0.87	87	13
2871	0.87	87	13
2872	0.87	87	13
2873	0.87	87	13
2874	0.87	87	13
2875	0.88	88	12
2876	0.88	88	12
2877	0.88	88	12
2878	0.88	88	12
2879	0.87	87	13
2880	0.86	86	14
2881	0.85	85	15
2882	0.85	85	15
2883	0.86	86	14
2884	0.86	86	14
2885	0.85	85	15
2886	0.85	85	15
2887	0.85	85	15
2888	0.85	85	15
2889	0.85	85	15
2890	0.85	85	15
2891	0.85	85	15
2892	0.85	85	15
2893	0.85	85	15
2894	0.86	86	14
2895	0.85	85	15
2896	0.85	85	15
2897	0.85	85	15
2898	0.85	85	15
2899	0.85	85	15
2900	0.85	85	15
2901	0.85	85	15
2902	0.85	85	15
2903	0.85	85	15
2904	0.85	85	15
2905	0.85	85	15
2906	0.85	85	15
2907	0.86	86	14
2908	0.87	87	13
2909	0.87	87	13
2910	0.87	87	13
2911	0.87	87	13
2912	0.87	87	13
2913	0.87	87	13
2914	0.87	87	13
2915	0.86	86	14
2916	0.86	86	14
2917	0.86	86	14
2918	0.86	86	14
2919	0.86	86	14
2920	0.86	86	14
2921	0.86	86	14
2922	0.86	86	14
2923	0.86	86	14
2924	0.86	86	14
2925	0.86	86	14
2926	0.86	86	14
2927	0.86	86	14
2928	0.85	85	15
2929	0.85	85	15
2930	0.86	86	14
2931	0.86	86	14
2932	0.86	86	14
2933	0.86	86	14
2934	0.87	87	13
2935	0.87	87	13
2936	0.87	87	13
2937	0.87	87	13
2938	0.87	87	13
2939	0.87	87	13
2940	0.86	86	14
2941	0.86	86	14
2942	0.87	87	13
2943	0.86	86	14
2944	0.85	85	15
2945	0.85	85	15
2946	0.86	86	14
2947	0.86	86	14
2948	0.86	86	14
2949	0.86	86	14
2950	0.86	86	14
2951	0.86	86	14
2952	0.86	86	14
2953	0.86	86	14
2954	0.86	86	14
2955	0.86	86	14
2956	0.86	86	14
2957	0.86	86	14
2958	0.87	87	13
2959	0.87	87	13
2960	0.87	87	13
2961	0.87	87	13
2962	0.87	87	13
2963	0.87	87	13
2964	0.87	87	13
2965	0.87	87	13
2966	0.87	87	13
2967	0.87	87	13
2968	0.86	86	14
2969	0.87	87	13
2970	0.87	87	13
2971	0.87	87	13
2972	0.87	87	13
2973	0.87	87	13
2974	0.87	87	13
2975	0.86	86	14
2976	0.86	86	14
2977	0.86	86	14
2978	0.86	86	14
2979	0.87	87	13
2980	0.87	87	13
2981	0.88	88	12
2982	0.88	88	12
2983	0.88	88	12
2984	0.88	88	12
2985	0.89	89	11
2986	0.89	89	11
2987	0.89	89	11
2988	0.90	90	10
2989	0.90	90	10
2990	0.90	90	10
2991	0.90	90	10
2992	0.90	90	10
2993	0.89	89	11
2994	0.89	89	11
2995	0.90	90	10
2996	0.90	90	10
2997	0.90	90	10
2998	0.90	90	10
2999	0.90	90	10
3000	0.10	90	10
3001	0.11	89	11
3002	0.12	88	12
3003	0.13	87	13
3004	0.14	86	14
3005	0.15	85	15
3006	0.16	84	16
3007	0.17	83	17
3008	0.17	83	17
3009	0.18	82	18
3010	0.19	81	19
3011	0.19	81	19
3012	0.20	80	20
3013	0.21	79	21
3014	0.21	79	21
3015	0.21	79	21
3016	0.22	78	22
3017	0.23	77	23
3018	0.23	77	23
3019	0.24	76	24
3020	0.24	76	24
3021	0.25	75	25
3022	0.26	74	26
3023	0.27	73	27
3024	0.28	72	28
3025	0.29	71	29
3026	0.30	70	30
3027	0.30	70	30
3028	0.30	70	30
3029	0.31	69	31
3030	0.32	68	32
3031	0.33	67	33
3032	0.34	66	34
3033	0.35	65	35
3034	0.35	65	35
3035	0.36	64	36
3036	0.37	63	37
3037	0.38	62	38
3038	0.39	61	39
3039	0.40	60	40
3040	0.40	60	40
3041	0.40	60	40
3042	0.41	59	41
3043	0.41	59	41
3044	0.41	59	41
3045	0.42	58	42
3046	0.42	58	42
3047	0.43	57	43
3048	0.44	56	44
3049	0.45	55	45
3050	0.46	54	46
3051	0.46	54	46
3052	0.47	53	47
3053	0.47	53	47
3054	0.48	52	48
3055	0.49	51	49
3056	0.50	50	50
3057	0.51	49	51
3058	0.51	49	51
3059	0.51	49	51
3060	0.52	48	52
3061	0.52	48	52
3062	0.53	47	53
3063	0.53	47	53
3064	0.54	46	54
3065	0.55	45	55
3066	0.56	44	56
3067	0.57	43	57
3068	0.57	43	57
3069	0.58	42	58
3070	0.59	41	59
3071	0.60	40	60
3072	0.60	40	60
3073	0.61	39	61
3074	0.62	38	62
3075	0.62	38	62
3076	0.63	37	63
3077	0.64	36	64
3078	0.65	35	65
3079	0.66	34	66
3080	0.66	34	66
3081	0.67	33	67
3082	0.68	32	68
3083	0.69	31	69
3084	0.69	31	69
3085	0.70	30	70
3086	0.71	29	71
3087	0.72	28	72
3088	0.73	27	73
3089	0.74	26	74
3090	0.75	25	75
3091	0.76	24	76
3092	0.77	23	77
3093	0.77	23	77
3094	0.77	23	77
3095	0.78	22	78
3096	0.78	22	78
3097	0.79	21	79
3098	0.80	20	80
3099	0.81	19	81
3100	0.82	18	82
3101	0.82	18	82
3102	0.82	18	82
3103	0.82	18	82
3104	0.82	18	82
3105	0.82	18	82
3106	0.82	18	82
3107	0.82	18	82
3108	0.83	17	83
3109	0.83	17	83
3110	0.83	17	83
3111	0.84	16	84
3112	0.84	16	84
3113	0.84	16	84
3114	0.85	15	85
3115	0.85	15	85
3116	0.85	15	85
3117	0.85	15	85
3118	0.86	14	86
3119	0.86	14	86
3120	0.87	13	87
3121	0.87	13	87
3122	0.86	14	86
3123	0.85	15	85
3124	0.85	15	85
3125	0.85	15	85
3126	0.84	16	84
3127	0.85	15	85
3128	0.84	16	84
3129	0.84	16	84
3130	0.84	16	84
3131	0.84	16	84
3132	0.84	16	84
3133	0.84	16	84
3134	0.85	15	85
3135	0.85	15	85
3136	0.84	16	84
3137	0.83	17	83
3138	0.83	17	83
3139	0.83	17	83
3140	0.83	17	83
3141	0.84	16	84
3142	0.84	16	84
3143	0.84	16	84
3144	0.83	17	83
3145	0.83	17	83
3146	0.84	16	84
3147	0.83	17	83
3148	0.83	17	83
3149	0.82	18	82
3150	0.82	18	82
3151	0.83	17	83
3152	0.83	17	83
3153	0.84	16	84
3154	0.84	16	84
3155	0.84	16	84
3156	0.84	16	84
3157	0.84	16	84
3158	0.84	16	84
3159	0.85	15	85
3160	0.85	15	85
3161	0.86	14	86
3162	0.86	14	86
3163	0.87	13	87
3164	0.87	13	87
3165	0.87	13	87
3166	0.87	13	87
3167	0.87	13	87
3168	0.87	13	87
3169	0.87	13	87
3170	0.87	13	87
3171	0.87	13	87
3172	0.87	13	87
3173	0.87	13	87
3174	0.87	13	87
3175	0.87	13	87
3176	0.87	13	87
3177	0.87	13	87
3178	0.87	13	87
3179	0.87	13	87
3180	0.87	13	87
3181	0.87	13	87
3182	0.86	14	86
3183	0.86	14	86
3184	0.87	13	87
3185	0.87	13	87
3186	0.87	13	87
3187	0.87	13	87
3188	0.87	13	87
3189	0.87	13	87
3190	0.87	13	87
3191	0.86	14	86
3192	0.86	14	86
3193	0.86	14	86
3194	0.87	13	87
3195	0.87	13	87
3196	0.88	12	88
3197	0.88	12	88
3198	0.88	12	88
3199	0.88	12	88
3200	0.88	12	88
3201	0.88	12	88
3202	0.88	12	88
3203	0.88	12	88
3204	0.87	13	87
3205	0.87	13	87
3206	0.87	13	87
3207	0.87	13	87
3208	0.86	14	86
3209	0.86	14	86
3210	0.85	15	85
3211	0.85	15	85
3212	0.85	15	85
3213	0.85	15	85
3214	0.85	15	85
3215	0.85	15	85
3216	0.85	15	85
3217	0.84	16	84
3218	0.84	16	84
3219	0.84	16	84
3220	0.83	17	83
3221	0.83	17	83
3222	0.84	16	84
3223	0.85	15	85
3224	0.85	15	85
3225	0.84	16	84
3226	0.85	15	85
3227	0.85	15	85
3228	0.86	14	86
3229	0.86	14	86
3230	0.86	14	86
3231	0.86	14	86
3232	0.86	14	86
3233	0.86	14	86
3234	0.86	14	86
3235	0.86	14	86
3236	0.87	13	87
3237	0.88	12	88
3238	0.88	12	88
3239	0.88	12	88
3240	0.88	12	88
3241	0.88	12	88
3242	0.88	12	88
3243	0.88	12	88
3244	0.89	11	89
3245	0.88	12	88
3246	0.87	13	87
3247	0.88	12	88
3248	0.88	12	88
3249	0.89	11	89
3250	0.89	11	89
3251	0.89	11	89
3252	0.89	11	89
3253	0.89	11	89
3254	0.89	11	89
3255	0.89	11	89
3256	0.89	11	89
3257	0.88	12	88
3258	0.88	12	88
3259	0.88	12	88
3260	0.88	12	88
3261	0.88	12	88
3262	0.88	12	88
3263	0.88	12	88
3264	0.88	12	88
3265	0.88	12	88
3266	0.88	12	88
3267	0.88	12	88
3268	0.88	12	88
3269	0.88	12	88
3270	0.88	12	88
3271	0.88	12	88
3272	0.88	12	88
3273	0.88	12	88
3274	0.88	12	88
3275	0.87	13	87
3276	0.87	13	87
3277	0.87	13	87
3278	0.87	13	87
3279	0.87	13	87
3280	0.87	13	87
3281	0.87	13	87
3282	0.88	12	88
3283	0.88	12	88
3284	0.87	13	87
3285	0.87	13	87
3286	0.87	13	87
3287	0.87	13	87
3288	0.86	14	86
3289	0.86	14	86
3290	0.86	14	86
3291	0.87	13	87
3292	0.87	13	87
3293	0.87	13	87
3294	0.87	13	87
3295	0.87	13	87
3296	0.87	13	87
3297	0.87	13	87
3298	0.87	13	87
3299	0.87	13	87
3300	0.87	13	87
3301	0.87	13	87
3302	0.87	13	87
3303	0.86	14	86
3304	0.87	13	87
3305	0.87	13	87
3306	0.87	13	87
3307	0.87	13	87
3308	0.87	13	87
3309	0.87	13	87
3310	0.88	12	88
3311	0.88	12	88
3312	0.88	12	88
3313	0.87	13	87
3314	0.87	13	87
3315	0.87	13	87
3316	0.87	13	87
3317	0.88	12	88
3318	0.87	13	87
3319	0.87	13	87
3320	0.88	12	88
3321	0.88	12	88
3322	0.88	12	88
3323	0.88	12	88
3324	0.87	13	87
3325	0.88	12	88
3326	0.88	12	88
3327	0.88	12	88
3328	0.88	12	88
3329	0.87	13	87
3330	0.87	13	87
3331	0.87	13	87
3332	0.87	13	87
3333	0.87	13	87
3334	0.87	13	87
3335	0.87	13	87
3336	0.87	13	87
3337	0.87	13	87
3338	0.87	13	87
3339	0.86	14	86
3340	0.86	14	86
3341	0.86	14	86
3342	0.86	14	86
3343	0.86	14	86
3344	0.86	14	86
3345	0.87	13	87
3346	0.88	12	88
3347	0.88	12	88
3348	0.87	13	87
3349	0.87	13	87
3350	0.87	13	87
3351	0.87	13	87
3352	0.87	13	87
3353	0.87	13	87
3354	0.87	13	87
3355	0.87	13	87
3356	0.87	13	87
3357	0.88	12	88
3358	0.89	11	89
3359	0.89	11	89
3360	0.89	11	89
3361	0.88	12	88
3362	0.88	12	88
3363	0.88	12	88
3364	0.88	12	88
3365	0.88	12	88
3366	0.87	13	87
3367	0.87	13	87
3368	0.87	13	87
3369	0.86	14	86
3370	0.86	14	86
3371	0.86	14	86
3372	0.86	14	86
3373	0.86	14	86
3374	0.86	14	86
3375	0.87	13	87
3376	0.87	13	87
3377	0.87	13	87
3378	0.86	14	86
3379	0.86	14	86
3380	0.86	14	86
3381	0.86	14	86
3382	0.86	14	86
3383	0.86	14	86
3384	0.87	13	87
3385	0.87	13	87
3386	0.87	13	87
3387	0.87	13	87
3388	0.88	12	88
3389	0.88	12	88
3390	0.88	12	88
3391	0.88	12	88
3392	0.88	12	88
3393	0.88	12	88
3394	0.88	12	88
3395	0.88	12	88
3396	0.88	12	88
3397	0.87	13	87
3398	0.87	13	87
3399	0.86	14	86
3400	0.86	14	86
3401	0.86	14	86
3402	0.86	14	86
3403	0.87	13	87
3404	0.87	13	87
3405	0.86	14	86
3406	0.86	14	86
3407	0.85	15	85
3408	0.86	14	86
3409	0.86	14	86
3410	0.86	14	86
3411	0.86	14	86
3412	0.86	14	86
3413	0.87	13	87
3414	0.87	13	87
3415	0.86	14	86
3416	0.86	14	86
3417	0.86	14	86
3418	0.87	13	87
3419	0.87	13	87
3420	0.87	13	87
3421	0.87	13	87
3422	0.87	13	87
3423	0.87	13	87
3424	0.88	12	88
3425	0.88	12	88
3426	0.88	12	88
3427	0.88	12	88
3428	0.88	12	88
3429	0.89	11	89
3430	0.89	11	89
3431	0.89	11	89
3432	0.89	11	89
3433	0.89	11	89
3434	0.89	11	89
3435	0.88	12	88
3436	0.88	12	88
3437	0.88	12	88
3438	0.88	12	88
3439	0.89	11	89
3440	0.89	11	89
3441	0.89	11	89
3442	0.89	11	89
3443	0.89	11	89
3444	0.89	11	89
3445	0.89	11	89
3446	0.89	11	89
3447	0.88	12	88
3448	0.89	11	89
3449	0.89	11	89
3450	0.89	11	89
3451	0.89	11	89
3452	0.89	11	89
3453	0.89	11	89
3454	0.89	11	89
3455	0.89	11	89
3456	0.89	11	89
3457	0.89	11	89
3458	0.89	11	89
3459	0.89	11	89
3460	0.88	12	88
3461	0.89	11	89
3462	0.88	12	88
3463	0.88	12	88
3464	0.88	12	88
3465	0.88	12	88
3466	0.89	11	89
3467	0.89	11	89
3468	0.89	11	89
3469	0.90	10	90
3470	0.90	10	90
3471	0.90	10	90
3472	0.90	10	90
3473	0.90	10	90
3474	0.90	10	90
3475	0.89	11	89
3476	0.89	11	89
3477	0.89	11	89
3478	0.90	10	90
3479	0.90	10	90
3480	0.90	10	90
3481	0.90	10	90
3482	0.90	10	90
3483	0.90	10	90
3484	0.90	10	90
3485	0.90	10	90
3486	0.90	10	90
3487	0.90	10	90
3488	0.90	10	90
3489	0.90	10	90
3490	0.90	10	90
3491	0.90	10	90
3492	0.90	10	90
3493	0.90	10	90
3494	0.90	10	90
3495	0.90	10	90
3496	0.90	10	90
3497	0.91	9	91
3498	0.91	9	91
3499	0.92	8	92
3500	0.92	8	92
3501	0.92	8	92
3502	0.92	8	92
3503	0.92	8	92
3504	0.92	8	92
3505	0.93	7	93
3506	0.93	7	93
3507	0.94	6	94
3508	0.94	6	94
3509	0.94	6	94
3510	0.94	6	94
3511	0.94	6	94
3512	0.94	6	94
3513	0.94	6	94
3514	0.94	6	94
3515	0.95	5	95
3516	0.94	6	94
3517	0.93	7	93
3518	0.93	7	93
3519	0.93	7	93
3520	0.93	7	93
3521	0.93	7	93
3522	0.93	7	93
3523	0.93	7	93
3524	0.93	7	93
3525	0.93	7	93
3526	0.93	7	93
3527	0.92	8	92
3528	0.92	8	92
3529	0.92	8	92
3530	0.92	8	92
3531	0.92	8	92
3532	0.92	8	92
3533	0.92	8	92
3534	0.91	9	91
3535	0.92	8	92
3536	0.91	9	91
3537	0.91	9	91
3538	0.91	9	91
3539	0.91	9	91
3540	0.91	9	91
3541	0.91	9	91
3542	0.91	9	91
3543	0.91	9	91
3544	0.91	9	91
3545	0.90	10	90
3546	0.90	10	90
3547	0.91	9	91
3548	0.91	9	91
3549	0.91	9	91
3550	0.91	9	91
3551	0.91	9	91
3552	0.91	9	91
3553	0.91	9	91
3554	0.90	10	90
3555	0.90	10	90
3556	0.90	10	90
3557	0.90	10	90
3558	0.90	10	90
3559	0.90	10	90
3560	0.91	9	91
3561	0.91	9	91
3562	0.92	8	92
3563	0.92	8	92
3564	0.92	8	92
3565	0.92	8	92
3566	0.92	8	92
3567	0.92	8	92
3568	0.92	8	92
3569	0.92	8	92
3570	0.92	8	92
3571	0.92	8	92
3572	0.92	8	92
3573	0.91	9	91
3574	0.91	9	91
3575	0.92	8	92
3576	0.92	8	92
3577	0.92	8	92
3578	0.92	8	92
3579	0.92	8	92
3580	0.92	8	92
3581	0.92	8	92
3582	0.92	8	92
3583	0.92	8	92
3584	0.92	8	92
3585	0.92	8	92
3586	0.92	8	92
3587	0.92	8	92
3588	0.92	8	92
3589	0.92	8	92
3590	0.92	8	92
3591	0.92	8	92
3592	0.92	8	92
3593	0.92	8	92
3594	0.92	8	92
3595	0.92	8	92
3596	0.92	8	92
3597	0.91	9	91
3598	0.91	9	91
3599	0.91	9	91
3600	0.90	10	90
3601	0.90	10	90
3602	0.90	10	90
3603	0.90	10	90
3604	0.90	10	90
3605	0.90	10	90
3606	0.90	10	90
3607	0.90	10	90
3608	0.90	10	90
3609	0.90	10	90
3610	0.90	10	90
3611	0.90	10	90
3612	0.90	10	90
3613	0.90	10	90
3614	0.90	10	90
3615	0.89	11	89
3616	0.90	10	90
3617	0.90	10	90
3618	0.90	10	90
3619	0.90	10	90
3620	0.90	10	90
3621	0.90	10	90
3622	0.90	10	90
3623	0.90	10	90
3624	0.90	10	90
3625	0.90	10	90
3626	0.90	10	90
3627	0.91	9	91
3628	0.90	10	90
3629	0.89	11	89
3630	0.89	11	89
3631	0.89	11	89
3632	0.89	11	89
3633	0.89	11	89
3634	0.90	10	90
3635	0.90	10	90
3636	0.91	9	91
3637	0.91	9	91
3638	0.90	10	90
3639	0.90	10	90
3640	0.90	10	90
3641	0.89	11	89
3642	0.89	11	89
3643	0.89	11	89
3644	0.89	11	89
3645	0.90	10	90
3646	0.90	10	90
3647	0.90	10	90
3648	0.90	10	90
3649	0.90	10	90
3650	0.90	10	90
3651	0.90	10	90
3652	0.90	10	90
3653	0.90	10	90
3654	0.91	9	91
3655	0.91	9	91
3656	0.91	9	91
3657	0.91	9	91
3658	0.91	9	91
3659	0.91	9	91
3660	0.91	9	91
3661	0.91	9	91
3662	0.91	9	91
3663	0.90	10	90
3664	0.89	11	89
3665	0.89	11	89
3666	0.88	12	88
3667	0.88	12	88
3668	0.88	12	88
3669	0.88	12	88
3670	0.88	12	88
3671	0.88	12	88
3672	0.88	12	88
3673	0.89	11	89
3674	0.89	11	89
3675	0.89	11	89
3676	0.88	12	88
3677	0.87	13	87
3678	0.87	13	87
3679	0.87	13	87
3680	0.87	13	87
3681	0.87	13	87
3682	0.87	13	87
3683	0.87	13	87
3684	0.87	13	87
3685	0.87	13	87
3686	0.87	13	87
3687	0.87	13	87
3688	0.87	13	87
3689	0.87	13	87
3690	0.87	13	87
3691	0.87	13	87
3692	0.87	13	87
3693	0.87	13	87
3694	0.87	13	87
3695	0.87	13	87
3696	0.87	13	87
3697	0.87	13	87
3698	0.86	14	86
3699	0.86	14	86
3700	0.87	13	87
3701	0.87	13	87
3702	0.87	13	87
3703	0.87	13	87
3704	0.87	13	87
3705	0.87	13	87
3706	0.87	13	87
3707	0.87	13	87
3708	0.87	13	87
3709	0.87	13	87
3710	0.87	13	87
3711	0.87	13	87
3712	0.87	13	87
3713	0.87	13	87
3714	0.87	13	87
3715	0.87	13	87
3716	0.87	13	87
3717	0.88	12	88
3718	0.88	12	88
3719	0.88	12	88
3720	0.88	12	88
3721	0.88	12	88
3722	0.88	12	88
3723	0.87	13	87
3724	0.86	14	86
3725	0.86	14	86
3726	0.86	14	86
3727	0.86	14	86
3728	0.87	13	87
3729	0.88	12	88
3730	0.88	12	88
3731	0.88	12	88
3732	0.88	12	88
3733	0.88	12	88
3734	0.88	12	88
3735	0.88	12	88
3736	0.88	12	88
3737	0.87	13	87
3738	0.88	12	88
3739	0.88	12	88
3740	0.88	12	88
3741	0.89	11	89
3742	0.89	11	89
3743	0.89	11	89
3744	0.89	11	89
3745	0.89	11	89
3746	0.89	11	89
3747	0.89	11	89
3748	0.89	11	89
3749	0.89	11	89
3750	0.89	11	89
3751	0.89	11	89
3752	0.89	11	89
3753	0.89	11	89
3754	0.89	11	89
3755	0.89	11	89
3756	0.89	11	89
3757	0.89	11	89
3758	0.89	11	89
3759	0.89	11	89
3760	0.89	11	89
3761	0.89	11	89
3762	0.89	11	89
3763	0.90	10	90
3764	0.91	9	91
3765	0.91	9	91
3766	0.92	8	92
3767	0.92	8	92
3768	0.92	8	92
3769	0.91	9	91
3770	0.91	9	91
3771	0.91	9	91
3772	0.91	9	91
3773	0.90	10	90
3774	0.90	10	90
3775	0.90	10	90
3776	0.91	9	91
3777	0.92	8	92
3778	0.92	8	92
3779	0.92	8	92
3780	0.92	8	92
3781	0.91	9	91
3782	0.91	9	91
3783	0.91	9	91
3784	0.91	9	91
3785	0.91	9	91
3786	0.91	9	91
3787	0.91	9	91
3788	0.91	9	91
3789	0.91	9	91
3790	0.91	9	91
3791	0.91	9	91
3792	0.91	9	91
3793	0.91	9	91
3794	0.91	9	91
3795	0.91	9	91
3796	0.91	9	91
3797	0.92	8	92
3798	0.93	7	93
3799	0.93	7	93
3800	0.93	7	93
3801	0.93	7	93
3802	0.93	7	93
3803	0.92	8	92
3804	0.92	8	92
3805	0.91	9	91
3806	0.91	9	91
3807	0.91	9	91
3808	0.91	9	91
3809	0.91	9	91
3810	0.91	9	91
3811	0.91	9	91
3812	0.90	10	90
3813	0.90	10	90
3814	0.90	10	90
3815	0.91	9	91
3816	0.91	9	91
3817	0.90	10	90
3818	0.90	10	90
3819	0.90	10	90
3820	0.90	10	90
3821	0.90	10	90
3822	0.90	10	90
3823	0.90	10	90
3824	0.91	9	91
3825	0.91	9	91
3826	0.91	9	91
3827	0.91	9	91
3828	0.91	9	91
3829	0.91	9	91
3830	0.91	9	91
3831	0.91	9	91
3832	0.91	9	91
3833	0.91	9	91
3834	0.91	9	91
3835	0.91	9	91
3836	0.91	9	91
3837	0.92	8	92
3838	0.92	8	92
3839	0.92	8	92
3840	0.92	8	92
3841	0.92	8	92
3842	0.92	8	92
3843	0.92	8	92
3844	0.92	8	92
3845	0.91	9	91
3846	0.90	10	90
3847	0.90	10	90
3848	0.90	10	90
3849	0.90	10	90
3850	0.90	10	90
3851	0.90	10	90
3852	0.90	10	90
3853	0.90	10	90
3854	0.90	10	90
3855	0.90	10	90
3856	0.90	10	90
3857	0.89	11	89
3858	0.89	11	89
3859	0.89	11	89
3860	0.89	11	89
3861	0.89	11	89
3862	0.89	11	89
3863	0.89	11	89
3864	0.89	11	89
3865	0.89	11	89
3866	0.89	11	89
3867	0.89	11	89
3868	0.88	12	88
3869	0.89	11	89
3870	0.89	11	89
3871	0.89	11	89
3872	0.89	11	89
3873	0.90	10	90
3874	0.90	10	90
3875	0.90	10	90
3876	0.90	10	90
3877	0.90	10	90
3878	0.90	10	90
3879	0.90	10	90
3880	0.90	10	90
3881	0.91	9	91
3882	0.91	9	91
3883	0.91	9	91
3884	0.91	9	91
3885	0.91	9	91
3886	0.91	9	91
3887	0.90	10	90
3888	0.90	10	90
3889	0.90	10	90
3890	0.90	10	90
3891	0.90	10	90
3892	0.90	10	90
3893	0.90	10	90
3894	0.90	10	90
3895	0.90	10	90
3896	0.90	10	90
3897	0.90	10	90
3898	0.90	10	90
3899	0.90	10	90
3900	0.90	10	90
3901	0.90	10	90
3902	0.90	10	90
3903	0.91	9	91
3904	0.91	9	91
3905	0.92	8	92
3906	0.92	8	92
3907	0.92	8	92
3908	0.92	8	92
3909	0.92	8	92
3910	0.92	8	92
3911	0.92	8	92
3912	0.93	7	93
3913	0.93	7	93
3914	0.93	7	93
3915	0.93	7	93
3916	0.93	7	93
3917	0.94	6	94
3918	0.94	6	94
3919	0.94	6	94
3920	0.94	6	94
3921	0.94	6	94
3922	0.94	6	94
3923	0.95	5	95
3924	0.95	5	95
3925	0.94	6	94
3926	0.94	6	94
3927	0.94	6	94
3928	0.94	6	94
3929	0.94	6	94
3930	0.93	7	93
3931	0.93	7	93
3932	0.93	7	93
3933	0.93	7	93
3934	0.93	7	93
3935	0.93	7	93
3936	0.93	7	93
3937	0.93	7	93
3938	0.93	7	93
3939	0.93	7	93
3940	0.93	7	93
3941	0.93	7	93
3942	0.93	7	93
3943	0.93	7	93
3944	0.93	7	93
3945	0.94	6	94
3946	0.95	5	95
3947	0.95	5	95
3948	0.95	5	95
3949	0.95	5	95
3950	0.95	5	95
3951	0.95	5	95
3952	0.95	5	95
3953	0.95	5	95
3954	0.95	5	95
3955	0.95	5	95
3956	0.95	5	95
3957	0.96	4	96
3958	0.96	4	96
3959	0.96	4	96
3960	0.96	4	96
3961	0.96	4	96
3962	0.96	4	96
3963	0.96	4	96
3964	0.96	4	96
3965	0.96	4	96
3966	0.96	4	96
3967	0.96	4	96
3968	0.97	3	97
3969	0.97	3	97
3970	0.96	4	96
3971	0.96	4	96
3972	0.95	5	95
3973	0.95	5	95
3974	0.95	5	95
3975	0.95	5	95
3976	0.95	5	95
3977	0.95	5	95
3978	0.95	5	95
3979	0.95	5	95
3980	0.95	5	95
3981	0.95	5	95
3982	0.95	5	95
3983	0.95	5	95
3984	0.94	6	94
3985	0.94	6	94
3986	0.94	6	94
3987	0.95	5	95
3988	0.95	5	95
3989	0.95	5	95
3990	0.95	5	95
3991	0.95	5	95
3992	0.95	5	95
3993	0.95	5	95
3994	0.95	5	95
3995	0.95	5	95
3996	0.95	5	95
3997	0.95	5	95
3998	0.95	5	95
3999	0.95	5	95
4000	0.06	6	94
4001	0.06	6	94
4002	0.07	7	93
4003	0.08	8	92
4004	0.09	9	91
4005	0.10	10	90
4006	0.11	11	89
4007	0.12	12	88
4008	0.12	12	88
4009	0.12	12	88
4010	0.13	13	87
4011	0.14	14	86
4012	0.15	15	85
4013	0.16	16	84
4014	0.17	17	83
4015	0.17	17	83
4016	0.18	18	82
4017	0.18	18	82
4018	0.19	19	81
4019	0.20	20	80
4020	0.21	21	79
4021	0.22	22	78
4022	0.22	22	78
4023	0.23	23	77
4024	0.23	23	77
4025	0.23	23	77
4026	0.24	24	76
4027	0.24	24	76
4028	0.24	24	76
4029	0.24	24	76
4030	0.23	23	77
4031	0.24	24	76
4032	0.25	25	75
4033	0.25	25	75
4034	0.26	26	74
4035	0.27	27	73
4036	0.28	28	72
4037	0.29	29	71
4038	0.30	30	70
4039	0.30	30	70
4040	0.30	30	70
4041	0.30	30	70
4042	0.31	31	69
4043	0.32	32	68
4044	0.32	32	68
4045	0.33	33	67
4046	0.33	33	67
4047	0.34	34	66
4048	0.35	35	65
4049	0.36	36	64
4050	0.37	37	63
4051	0.38	38	62
4052	0.39	39	61
4053	0.40	40	60
4054	0.41	41	59
4055	0.42	42	58
4056	0.43	43	57
4057	0.44	44	56
4058	0.45	45	55
4059	0.46	46	54
4060	0.47	47	53
4061	0.47	47	53
4062	0.48	48	52
4063	0.49	49	51
4064	0.50	50	50
4065	0.51	51	49
4066	0.52	52	48
4067	0.53	53	47
4068	0.54	54	46
4069	0.55	55	45
4070	0.55	55	45
4071	0.56	56	44
4072	0.56	56	44
4073	0.57	57	43
4074	0.58	58	42
4075	0.59	59	41
4076	0.60	60	40
4077	0.61	61	39
4078	0.61	61	39
4079	0.62	62	38
4080	0.63	63	37
4081	0.63	63	37
4082	0.63	63	37
4083	0.64	64	36
4084	0.63	63	37
4085	0.64	64	36
4086	0.65	65	35
4087	0.66	66	34
4088	0.67	67	33
4089	0.68	68	32
4090	0.69	69	31
4091	0.70	70	30
4092	0.71	71	29
4093	0.72	72	28
4094	0.72	72	28
4095	0.73	73	27
4096	0.74	74	26
4097	0.75	75	25
4098	0.76	76	24
4099	0.77	77	23
4100	0.77	77	23
4101	0.78	78	22
4102	0.78	78	22
4103	0.77	77	23
4104	0.76	76	24
4105	0.75	75	25
4106	0.75	75	25
4107	0.75	75	25
4108	0.76	76	24
4109	0.77	77	23
4110	0.77	77	23
4111	0.77	77	23
4112	0.77	77	23
4113	0.77	77	23
4114	0.77	77	23
4115	0.78	78	22
4116	0.78	78	22
4117	0.79	79	21
4118	0.78	78	22
4119	0.78	78	22
4120	0.78	78	22
4121	0.78	78	22
4122	0.79	79	21
4123	0.79	79	21
4124	0.80	80	20
4125	0.80	80	20
4126	0.79	79	21
4127	0.80	80	20
4128	0.81	81	19
4129	0.81	81	19
4130	0.82	82	18
4131	0.82	82	18
4132	0.82	82	18
4133	0.82	82	18
4134	0.82	82	18
4135	0.81	81	19
4136	0.81	81	19
4137	0.81	81	19
4138	0.81	81	19
4139	0.82	82	18
4140	0.83	83	17
4141	0.84	84	16
4142	0.84	84	16
4143	0.84	84	16
4144	0.85	85	15
4145	0.85	85	15
4146	0.86	86	14
4147	0.86	86	14
4148	0.85	85	15
4149	0.85	85	15
4150	0.85	85	15
4151	0.85	85	15
4152	0.85	85	15
4153	0.85	85	15
4154	0.84	84	16
4155	0.84	84	16
4156	0.84	84	16
4157	0.84	84	16
4158	0.84	84	16
4159	0.84	84	16
4160	0.84	84	16
4161	0.85	85	15
4162	0.85	85	15
4163	0.85	85	15
4164	0.85	85	15
4165	0.85	85	15
4166	0.85	85	15
4167	0.85	85	15
4168	0.85	85	15
4169	0.85	85	15
4170	0.85	85	15
4171	0.85	85	15
4172	0.85	85	15
4173	0.84	84	16
4174	0.84	84	16
4175	0.84	84	16
4176	0.83	83	17
4177	0.83	83	17
4178	0.84	84	16
4179	0.84	84	16
4180	0.84	84	16
4181	0.85	85	15
4182	0.86	86	14
4183	0.86	86	14
4184	0.87	87	13
4185	0.87	87	13
4186	0.87	87	13
4187	0.87	87	13
4188	0.87	87	13
4189	0.87	87	13
4190	0.87	87	13
4191	0.87	87	13
4192	0.87	87	13
4193	0.86	86	14
4194	0.87	87	13
4195	0.87	87	13
4196	0.87	87	13
4197	0.87	87	13
4198	0.87	87	13
4199	0.87	87	13
4200	0.87	87	13
4201	0.87	87	13
4202	0.87	87	13
4203	0.88	88	12
4204	0.89	89	11
4205	0.90	90	10
4206	0.90	90	10
4207	0.90	90	10
4208	0.90	90	10
4209	0.90	90	10
4210	0.90	90	10
4211	0.90	90	10
4212	0.90	90	10
4213	0.90	90	10
4214	0.90	90	10
4215	0.90	90	10
4216	0.90	90	10
4217	0.89	89	11
4218	0.90	90	10
4219	0.89	89	11
4220	0.89	89	11
4221	0.89	89	11
4222	0.89	89	11
4223	0.89	89	11
4224	0.89	89	11
4225	0.89	89	11
4226	0.90	90	10
4227	0.90	90	10
4228	0.90	90	10
4229	0.91	91	9
4230	0.91	91	9
4231	0.91	91	9
4232	0.91	91	9
4233	0.92	92	8
4234	0.92	92	8
4235	0.93	93	7
4236	0.93	93	7
4237	0.93	93	7
4238	0.92	92	8
4239	0.92	92	8
4240	0.92	92	8
4241	0.92	92	8
4242	0.92	92	8
4243	0.92	92	8
4244	0.92	92	8
4245	0.92	92	8
4246	0.92	92	8
4247	0.92	92	8
4248	0.93	93	7
4249	0.92	92	8
4250	0.92	92	8
4251	0.92	92	8
4252	0.92	92	8
4253	0.92	92	8
4254	0.93	93	7
4255	0.93	93	7
4256	0.93	93	7
4257	0.93	93	7
4258	0.93	93	7
4259	0.93	93	7
4260	0.93	93	7
4261	0.93	93	7
4262	0.93	93	7
4263	0.93	93	7
4264	0.93	93	7
4265	0.92	92	8
4266	0.92	92	8
4267	0.92	92	8
4268	0.92	92	8
4269	0.91	91	9
4270	0.91	91	9
4271	0.90	90	10
4272	0.90	90	10
4273	0.90	90	10
4274	0.90	90	10
4275	0.90	90	10
4276	0.91	91	9
4277	0.91	91	9
4278	0.91	91	9
4279	0.91	91	9
4280	0.91	91	9
4281	0.91	91	9
4282	0.91	91	9
4283	0.90	90	10
4284	0.90	90	10
4285	0.90	90	10
4286	0.90	90	10
4287	0.90	90	10
4288	0.90	90	10
4289	0.90	90	10
4290	0.89	89	11
4291	0.89	89	11
4292	0.89	89	11
4293	0.90	90	10
4294	0.90	90	10
4295	0.90	90	10
4296	0.90	90	10
4297	0.90	90	10
4298	0.89	89	11
4299	0.89	89	11
4300	0.89	89	11
4301	0.89	89	11
4302	0.89	89	11
4303	0.89	89	11
4304	0.89	89	11
4305	0.89	89	11
4306	0.89	89	11
4307	0.89	89	11
4308	0.89	89	11
4309	0.89	89	11
4310	0.89	89	11
4311	0.89	89	11
4312	0.89	89	11
4313	0.89	89	11
4314	0.89	89	11
4315	0.88	88	12
4316	0.88	88	12
4317	0.88	88	12
4318	0.88	88	12
4319	0.89	89	11
4320	0.89	89	11
4321	0.89	89	11
4322	0.89	89	11
4323	0.89	89	11
4324	0.88	88	12
4325	0.88	88	12
4326	0.88	88	12
4327	0.88	88	12
4328	0.88	88	12
4329	0.88	88	12
4330	0.88	88	12
4331	0.88	88	12
4332	0.88	88	12
4333	0.88	88	12
4334	0.88	88	12
4335	0.88	88	12
4336	0.88	88	12
4337	0.88	88	12
4338	0.89	89	11
4339	0.88	88	12
4340	0.88	88	12
4341	0.88	88	12
4342	0.88	88	12
4343	0.88	88	12
4344	0.88	88	12
4345	0.88	88	12
4346	0.88	88	12
4347	0.88	88	12
4348	0.88	88	12
4349	0.89	89	11
4350	0.89	89	11
4351	0.89	89	11
4352	0.89	89	11
4353	0.89	89	11
4354	0.89	89	11
4355	0.89	89	11
4356	0.89	89	11
4357	0.89	89	11
4358	0.89	89	11
4359	0.89	89	11
4360	0.89	89	11
4361	0.89	89	11
4362	0.89	89	11
4363	0.89	89	11
4364	0.89	89	11
4365	0.90	90	10
4366	0.90	90	10
4367	0.90	90	10
4368	0.90	90	10
4369	0.91	91	9
4370	0.91	91	9
4371	0.91	91	9
4372	0.91	91	9
4373	0.92	92	8
4374	0.92	92	8
4375	0.92	92	8
4376	0.92	92	8
4377	0.92	92	8
4378	0.92	92	8
4379	0.92	92	8
4380	0.92	92	8
4381	0.92	92	8
4382	0.92	92	8
4383	0.92	92	8
4384	0.92	92	8
4385	0.92	92	8
4386	0.92	92	8
4387	0.91	91	9
4388	0.91	91	9
4389	0.90	90	10
4390	0.91	91	9
4391	0.91	91	9
4392	0.91	91	9
4393	0.91	91	9
4394	0.91	91	9
4395	0.90	90	10
4396	0.90	90	10
4397	0.90	90	10
4398	0.91	91	9
4399	0.91	91	9
4400	0.91	91	9
4401	0.91	91	9
4402	0.91	91	9
4403	0.91	91	9
4404	0.91	91	9
4405	0.90	90	10
4406	0.90	90	10
4407	0.90	90	10
4408	0.90	90	10
4409	0.90	90	10
4410	0.90	90	10
4411	0.90	90	10
4412	0.90	90	10
4413	0.90	90	10
4414	0.89	89	11
4415	0.89	89	11
4416	0.89	89	11
4417	0.90	90	10
4418	0.90	90	10
4419	0.90	90	10
4420	0.90	90	10
4421	0.90	90	10
4422	0.90	90	10
4423	0.90	90	10
4424	0.91	91	9
4425	0.91	91	9
4426	0.91	91	9
4427	0.91	91	9
4428	0.91	91	9
4429	0.91	91	9
4430	0.90	90	10
4431	0.90	90	10
4432	0.90	90	10
4433	0.90	90	10
4434	0.90	90	10
4435	0.90	90	10
4436	0.90	90	10
4437	0.90	90	10
4438	0.90	90	10
4439	0.91	91	9
4440	0.90	90	10
4441	0.90	90	10
4442	0.90	90	10
4443	0.90	90	10
4444	0.90	90	10
4445	0.90	90	10
4446	0.90	90	10
4447	0.90	90	10
4448	0.90	90	10
4449	0.89	89	11
4450	0.89	89	11
4451	0.89	89	11
4452	0.89	89	11
4453	0.88	88	12
4454	0.88	88	12
4455	0.88	88	12
4456	0.88	88	12
4457	0.88	88	12
4458	0.88	88	12
4459	0.88	88	12
4460	0.88	88	12
4461	0.88	88	12
4462	0.87	87	13
4463	0.87	87	13
4464	0.86	86	14
4465	0.86	86	14
4466	0.85	85	15
4467	0.84	84	16
4468	0.84	84	16
4469	0.84	84	16
4470	0.84	84	16
4471	0.85	85	15
4472	0.85	85	15
4473	0.85	85	15
4474	0.84	84	16
4475	0.84	84	16
4476	0.84	84	16
4477	0.84	84	16
4478	0.83	83	17
4479	0.83	83	17
4480	0.83	83	17
4481	0.83	83	17
4482	0.83	83	17
4483	0.84	84	16
4484	0.84	84	16
4485	0.84	84	16
4486	0.84	84	16
4487	0.85	85	15
4488	0.85	85	15
4489	0.86	86	14
4490	0.86	86	14
4491	0.86	86	14
4492	0.86	86	14
4493	0.86	86	14
4494	0.86	86	14
4495	0.86	86	14
4496	0.86	86	14
4497	0.86	86	14
4498	0.86	86	14
4499	0.86	86	14
4500	0.85	85	15
4501	0.85	85	15
4502	0.85	85	15
4503	0.85	85	15
4504	0.85	85	15
4505	0.86	86	14
4506	0.86	86	14
4507	0.85	85	15
4508	0.85	85	15
4509	0.85	85	15
4510	0.85	85	15
4511	0.85	85	15
4512	0.85	85	15
4513	0.85	85	15
4514	0.86	86	14
4515	0.87	87	13
4516	0.87	87	13
4517	0.87	87	13
4518	0.87	87	13
4519	0.87	87	13
4520	0.87	87	13
4521	0.87	87	13
4522	0.87	87	13
4523	0.87	87	13
4524	0.87	87	13
4525	0.86	86	14
4526	0.86	86	14
4527	0.85	85	15
4528	0.85	85	15
4529	0.85	85	15
4530	0.86	86	14
4531	0.86	86	14
4532	0.86	86	14
4533	0.86	86	14
4534	0.86	86	14
4535	0.86	86	14
4536	0.85	85	15
4537	0.85	85	15
4538	0.85	85	15
4539	0.85	85	15
4540	0.86	86	14
4541	0.86	86	14
4542	0.86	86	14
4543	0.86	86	14
4544	0.86	86	14
4545	0.86	86	14
4546	0.86	86	14
4547	0.86	86	14
4548	0.86	86	14
4549	0.87	87	13
4550	0.86	86	14
4551	0.86	86	14
4552	0.86	86	14
4553	0.87	87	13
4554	0.87	87	13
4555	0.87	87	13
4556	0.86	86	14
4557	0.86	86	14
4558	0.86	86	14
4559	0.86	86	14
4560	0.86	86	14
4561	0.86	86	14
4562	0.87	87	13
4563	0.87	87	13
4564	0.88	88	12
4565	0.88	88	12
4566	0.89	89	11
4567	0.90	90	10
4568	0.90	90	10
4569	0.90	90	10
4570	0.90	90	10
4571	0.90	90	10
4572	0.90	90	10
4573	0.89	89	11
4574	0.90	90	10
4575	0.90	90	10
4576	0.90	90	10
4577	0.90	90	10
4578	0.90	90	10
4579	0.90	90	10
4580	0.90	90	10
4581	0.90	90	10
4582	0.90	90	10
4583	0.89	89	11
4584	0.89	89	11
4585	0.89	89	11
4586	0.89	89	11
4587	0.89	89	11
4588	0.89	89	11
4589	0.89	89	11
4590	0.89	89	11
4591	0.89	89	11
4592	0.89	89	11
4593	0.88	88	12
4594	0.88	88	12
4595	0.89	89	11
4596	0.89	89	11
4597	0.89	89	11
4598	0.89	89	11
4599	0.89	89	11
4600	0.90	90	10
4601	0.90	90	10
4602	0.90	90	10
4603	0.90	90	10
4604	0.90	90	10
4605	0.90	90	10
4606	0.90	90	10
4607	0.91	91	9
4608	0.91	91	9
4609	0.91	91	9
4610	0.91	91	9
4611	0.91	91	9
4612	0.91	91	9
4613	0.91	91	9
4614	0.91	91	9
4615	0.91	91	9
4616	0.91	91	9
4617	0.91	91	9
4618	0.91	91	9
4619	0.91	91	9
4620	0.91	91	9
4621	0.91	91	9
4622	0.90	90	10
4623	0.89	89	11
4624	0.89	89	11
4625	0.89	89	11
4626	0.89	89	11
4627	0.90	90	10
4628	0.89	89	11
4629	0.89	89	11
4630	0.89	89	11
4631	0.89	89	11
4632	0.89	89	11
4633	0.88	88	12
4634	0.88	88	12
4635	0.87	87	13
4636	0.88	88	12
4637	0.88	88	12
4638	0.88	88	12
4639	0.88	88	12
4640	0.88	88	12
4641	0.88	88	12
4642	0.88	88	12
4643	0.88	88	12
4644	0.88	88	12
4645	0.88	88	12
4646	0.88	88	12
4647	0.88	88	12
4648	0.88	88	12
4649	0.87	87	13
4650	0.87	87	13
4651	0.87	87	13
4652	0.87	87	13
4653	0.87	87	13
4654	0.87	87	13
4655	0.87	87	13
4656	0.88	88	12
4657	0.88	88	12
4658	0.88	88	12
4659	0.88	88	12
4660	0.88	88	12
4661	0.87	87	13
4662	0.87	87	13
4663	0.87	87	13
4664	0.87	87	13
4665	0.87	87	13
4666	0.87	87	13
4667	0.87	87	13
4668	0.87	87	13
4669	0.87	87	13
4670	0.87	87	13
4671	0.87	87	13
4672	0.87	87	13
4673	0.88	88	12
4674	0.88	88	12
4675	0.88	88	12
4676	0.88	88	12
4677	0.88	88	12
4678	0.89	89	11
4679	0.89	89	11
4680	0.89	89	11
4681	0.89	89	11
4682	0.89	89	11
4683	0.90	90	10
4684	0.90	90	10
4685	0.90	90	10
4686	0.90	90	10
4687	0.90	90	10
4688	0.90	90	10
4689	0.90	90	10
4690	0.90	90	10
4691	0.90	90	10
4692	0.90	90	10
4693	0.91	91	9
4694	0.90	90	10
4695	0.90	90	10
4696	0.90	90	10
4697	0.90	90	10
4698	0.90	90	10
4699	0.90	90	10
4700	0.90	90	10
4701	0.90	90	10
4702	0.90	90	10
4703	0.90	90	10
4704	0.90	90	10
4705	0.90	90	10
4706	0.90	90	10
4707	0.90	90	10
4708	0.90	90	10
4709	0.90	90	10
4710	0.90	90	10
4711	0.90	90	10
4712	0.90	90	10
4713	0.90	90	10
4714	0.90	90	10
4715	0.90	90	10
4716	0.90	90	10
4717	0.90	90	10
4718	0.90	90	10
4719	0.90	90	10
4720	0.90	90	10
4721	0.90	90	10
4722	0.91	91	9
4723	0.91	91	9
4724	0.91	91	9
4725	0.92	92	8
4726	0.92	92	8
4727	0.92	92	8
4728	0.93	93	7
4729	0.93	93	7
4730	0.93	93	7
4731	0.93	93	7
4732	0.93	93	7
4733	0.94	94	6
4734	0.94	94	6
4735	0.94	94	6
4736	0.94	94	6
4737	0.94	94	6
4738	0.94	94	6
4739	0.94	94	6
4740	0.94	94	6
4741	0.94	94	6
4742	0.93	93	7
4743	0.93	93	7
4744	0.93	93	7
4745	0.93	93	7
4746	0.93	93	7
4747	0.93	93	7
4748	0.93	93	7
4749	0.94	94	6
4750	0.94	94	6
4751	0.94	94	6
4752	0.94	94	6
4753	0.94	94	6
4754	0.94	94	6
4755	0.94	94	6
4756	0.94	94	6
4757	0.94	94	6
4758	0.94	94	6
4759	0.94	94	6
4760	0.93	93	7
4761	0.94	94	6
4762	0.94	94	6
4763	0.94	94	6
4764	0.93	93	7
4765	0.93	93	7
4766	0.93	93	7
4767	0.93	93	7
4768	0.92	92	8
4769	0.92	92	8
4770	0.92	92	8
4771	0.92	92	8
4772	0.92	92	8
4773	0.92	92	8
4774	0.92	92	8
4775	0.92	92	8
4776	0.92	92	8
4777	0.92	92	8
4778	0.92	92	8
4779	0.91	91	9
4780	0.91	91	9
4781	0.91	91	9
4782	0.91	91	9
4783	0.91	91	9
4784	0.91	91	9
4785	0.91	91	9
4786	0.91	91	9
4787	0.91	91	9
4788	0.91	91	9
4789	0.91	91	9
4790	0.91	91	9
4791	0.91	91	9
4792	0.91	91	9
4793	0.91	91	9
4794	0.92	92	8
4795	0.92	92	8
4796	0.92	92	8
4797	0.92	92	8
4798	0.92	92	8
4799	0.91	91	9
4800	0.90	90	10
4801	0.90	90	10
4802	0.90	90	10
4803	0.90	90	10
4804	0.90	90	10
4805	0.90	90	10
4806	0.90	90	10
4807	0.90	90	10
4808	0.90	90	10
4809	0.90	90	10
4810	0.90	90	10
4811	0.90	90	10
4812	0.89	89	11
4813	0.89	89	11
4814	0.89	89	11
4815	0.89	89	11
4816	0.89	89	11
4817	0.89	89	11
4818	0.89	89	11
4819	0.89	89	11
4820	0.89	89	11
4821	0.89	89	11
4822	0.89	89	11
4823	0.90	90	10
4824	0.90	90	10
4825	0.90	90	10
4826	0.90	90	10
4827	0.90	90	10
4828	0.90	90	10
4829	0.90	90	10
4830	0.90	90	10
4831	0.90	90	10
4832	0.90	90	10
4833	0.90	90	10
4834	0.90	90	10
4835	0.90	90	10
4836	0.89	89	11
4837	0.89	89	11
4838	0.89	89	11
4839	0.89	89	11
4840	0.89	89	11
4841	0.89	89	11
4842	0.90	90	10
4843	0.90	90	10
4844	0.90	90	10
4845	0.90	90	10
4846	0.90	90	10
4847	0.90	90	10
4848	0.90	90	10
4849	0.89	89	11
4850	0.90	90	10
4851	0.90	90	10
4852	0.90	90	10
4853	0.90	90	10
4854	0.89	89	11
4855	0.89	89	11
4856	0.89	89	11
4857	0.89	89	11
4858	0.89	89	11
4859	0.89	89	11
4860	0.90	90	10
4861	0.90	90	10
4862	0.90	90	10
4863	0.89	89	11
4864	0.90	90	10
4865	0.90	90	10
4866	0.90	90	10
4867	0.90	90	10
4868	0.91	91	9
4869	0.91	91	9
4870	0.91	91	9
4871	0.91	91	9
4872	0.91	91	9
4873	0.91	91	9
4874	0.91	91	9
4875	0.91	91	9
4876	0.91	91	9
4877	0.91	91	9
4878	0.91	91	9
4879	0.92	92	8
4880	0.92	92	8
4881	0.92	92	8
4882	0.92	92	8
4883	0.92	92	8
4884	0.92	92	8
4885	0.92	92	8
4886	0.92	92	8
4887	0.91	91	9
4888	0.91	91	9
4889	0.91	91	9
4890	0.91	91	9
4891	0.91	91	9
4892	0.91	91	9
4893	0.91	91	9
4894	0.91	91	9
4895	0.91	91	9
4896	0.91	91	9
4897	0.91	91	9
4898	0.91	91	9
4899	0.91	91	9
4900	0.92	92	8
4901	0.92	92	8
4902	0.92	92	8
4903	0.92	92	8
4904	0.92	92	8
4905	0.92	92	8
4906	0.92	92	8
4907	0.92	92	8
4908	0.92	92	8
4909	0.92	92	8
4910	0.92	92	8
4911	0.92	92	8
4912	0.93	93	7
4913	0.93	93	7
4914	0.93	93	7
4915	0.93	93	7
4916	0.92	92	8
4917	0.92	92	8
4918	0.92	92	8
4919	0.91	91	9
4920	0.91	91	9
4921	0.91	91	9
4922	0.91	91	9
4923	0.91	91	9
4924	0.91	91	9
4925	0.91	91	9
4926	0.91	91	9
4927	0.91	91	9
4928	0.91	91	9
4929	0.91	91	9
4930	0.91	91	9
4931	0.91	91	9
4932	0.91	91	9
4933	0.91	91	9
4934	0.91	91	9
4935	0.92	92	8
4936	0.93	93	7
4937	0.93	93	7
4938	0.93	93	7
4939	0.93	93	7
4940	0.93	93	7
4941	0.93	93	7
4942	0.93	93	7
4943	0.93	93	7
4944	0.93	93	7
4945	0.93	93	7
4946	0.93	93	7
4947	0.93	93	7
4948	0.93	93	7
4949	0.94	94	6
4950	0.94	94	6
4951	0.93	93	7
4952	0.93	93	7
4953	0.93	93	7
4954	0.93	93	7
4955	0.93	93	7
4956	0.93	93	7
4957	0.93	93	7
4958	0.93	93	7
4959	0.92	92	8
4960	0.92	92	8
4961	0.92	92	8
4962	0.92	92	8
4963	0.93	93	7
4964	0.93	93	7
4965	0.92	92	8
4966	0.92	92	8
4967	0.92	92	8
4968	0.92	92	8
4969	0.92	92	8
4970	0.92	92	8
4971	0.92	92	8
4972	0.91	91	9
4973	0.91	91	9
4974	0.91	91	9
4975	0.91	91	9
4976	0.91	91	9
4977	0.91	91	9
4978	0.91	91	9
4979	0.91	91	9
4980	0.91	91	9
4981	0.91	91	9
4982	0.91	91	9
4983	0.91	91	9
4984	0.91	91	9
4985	0.91	91	9
4986	0.91	91	9
4987	0.92	92	8
4988	0.92	92	8
4989	0.92	92	8
4990	0.92	92	8
4991	0.91	91	9
4992	0.91	91	9
4993	0.91	91	9
4994	0.91	91	9
4995	0.91	91	9
4996	0.90	90	10
4997	0.90	90	10
4998	0.90	90	10
4999	0.91	91	9
5000	0.10	90	10
5001	0.11	89	11
5002	0.12	88	12
5003	0.13	87	13
5004	0.13	87	13
5005	0.13	87	13
5006	0.13	87	13
5007	0.14	86	14
5008	0.14	86	14
5009	0.15	85	15
5010	0.16	84	16
5011	0.17	83	17
5012	0.18	82	18
5013	0.18	82	18
5014	0.19	81	19
5015	0.19	81	19
5016	0.19	81	19
5017	0.20	80	20
5018	0.21	79	21
5019	0.21	79	21
5020	0.22	78	22
5021	0.22	78	22
5022	0.22	78	22
5023	0.23	77	23
5024	0.23	77	23
5025	0.24	76	24
5026	0.25	75	25
5027	0.26	74	26
5028	0.27	73	27
5029	0.28	72	28
5030	0.29	71	29
5031	0.29	71	29
5032	0.30	70	30
5033	0.30	70	30
5034	0.30	70	30
5035	0.31	69	31
5036	0.31	69	31
5037	0.32	68	32
5038	0.33	67	33
5039	0.33	67	33
5040	0.34	66	34
5041	0.35	65	35
5042	0.36	64	36
5043	0.37	63	37
5044	0.38	62	38
5045	0.38	62	38
5046	0.39	61	39
5047	0.40	60	40
5048	0.41	59	41
5049	0.42	58	42
5050	0.43	57	43
5051	0.43	57	43
5052	0.43	57	43
5053	0.44	56	44
5054	0.44	56	44
5055	0.45	55	45
5056	0.46	54	46
5057	0.47	53	47
5058	0.47	53	47
5059	0.47	53	47
5060	0.48	52	48
5061	0.49	51	49
5062	0.50	50	50
5063	0.51	49	51
5064	0.51	49	51
5065	0.51	49	51
5066	0.52	48	52
5067	0.53	47	53
5068	0.54	46	54
5069	0.54	46	54
5070	0.55	45	55
5071	0.56	44	56
5072	0.56	44	56
5073	0.56	44	56
5074	0.57	43	57
5075	0.57	43	57
5076	0.57	43	57
5077	0.58	42	58
5078	0.59	41	59
5079	0.60	40	60
5080	0.61	39	61
5081	0.62	38	62
5082	0.63	37	63
5083	0.64	36	64
5084	0.65	35	65
5085	0.66	34	66
5086	0.67	33	67
5087	0.68	32	68
5088	0.69	31	69
5089	0.69	31	69
5090	0.70	30	70
5091	0.70	30	70
5092	0.71	29	71
5093	0.71	29	71
5094	0.72	28	72
5095	0.72	28	72
5096	0.71	29	71
5097	0.72	28	72
5098	0.73	27	73
5099	0.73	27	73
5100	0.73	27	73
5101	0.73	27	73
5102	0.73	27	73
5103	0.73	27	73
5104	0.74	26	74
5105	0.75	25	75
5106	0.76	24	76
5107	0.76	24	76
5108	0.77	23	77
5109	0.77	23	77
5110	0.76	24	76
5111	0.76	24	76
5112	0.76	24	76
5113	0.77	23	77
5114	0.77	23	77
5115	0.78	22	78
5116	0.77	23	77
5117	0.77	23	77
5118	0.77	23	77
5119	0.76	24	76
5120	0.76	24	76
5121	0.77	23	77
5122	0.78	22	78
5123	0.77	23	77
5124	0.78	22	78
5125	0.78	22	78
5126	0.78	22	78
5127	0.78	22	78
5128	0.78	22	78
5129	0.77	23	77
5130	0.77	23	77
5131	0.78	22	78
5132	0.78	22	78
5133	0.79	21	79
5134	0.80	20	80
5135	0.80	20	80
5136	0.81	19	81
5137	0.81	19	81
5138	0.81	19	81
5139	0.81	19	81
5140	0.81	19	81
5141	0.81	19	81
5142	0.81	19	81
5143	0.81	19	81
5144	0.81	19	81
5145	0.82	18	82
5146	0.82	18	82
5147	0.82	18	82
5148	0.82	18	82
5149	0.81	19	81
5150	0.81	19	81
5151	0.81	19	81
5152	0.82	18	82
5153	0.82	18	82
5154	0.82	18	82
5155	0.81	19	81
5156	0.80	20	80
5157	0.80	20	80
5158	0.81	19	81
5159	0.81	19	81
5160	0.81	19	81
5161	0.81	19	81
5162	0.81	19	81
5163	0.81	19	81
5164	0.82	18	82
5165	0.81	19	81
5166	0.81	19	81
5167	0.81	19	81
5168	0.81	19	81
5169	0.82	18	82
5170	0.81	19	81
5171	0.81	19	81
5172	0.81	19	81
5173	0.82	18	82
5174	0.82	18	82
5175	0.82	18	82
5176	0.83	17	83
5177	0.83	17	83
5178	0.83	17	83
5179	0.83	17	83
5180	0.83	17	83
5181	0.83	17	83
5182	0.82	18	82
5183	0.82	18	82
5184	0.82	18	82
5185	0.82	18	82
5186	0.82	18	82
5187	0.82	18	82
5188	0.82	18	82
5189	0.83	17	83
5190	0.83	17	83
5191	0.83	17	83
5192	0.82	18	82
5193	0.83	17	83
5194	0.83	17	83
5195	0.83	17	83
5196	0.84	16	84
5197	0.84	16	84
5198	0.84	16	84
5199	0.85	15	85
5200	0.85	15	85
5201	0.85	15	85
5202	0.85	15	85
5203	0.85	15	85
5204	0.85	15	85
5205	0.85	15	85
5206	0.85	15	85
5207	0.85	15	85
5208	0.85	15	85
5209	0.85	15	85
5210	0.86	14	86
5211	0.86	14	86
5212	0.86	14	86
5213	0.86	14	86
5214	0.86	14	86
5215	0.86	14	86
5216	0.87	13	87
5217	0.87	13	87
5218	0.87	13	87
5219	0.88	12	88
5220	0.88	12	88
5221	0.88	12	88
5222	0.88	12	88
5223	0.89	11	89
5224	0.89	11	89
5225	0.89	11	89
5226	0.89	11	89
5227	0.89	11	89
5228	0.89	11	89
5229	0.90	10	90
5230	0.90	10	90
5231	0.90	10	90
5232	0.90	10	90
5233	0.90	10	90
5234	0.90	10	90
5235	0.90	10	90
5236	0.90	10	90
5237	0.90	10	90
5238	0.90	10	90
5239	0.91	9	91
5240	0.91	9	91
5241	0.91	9	91
5242	0.91	9	91
5243	0.91	9	91
5244	0.91	9	91
5245	0.91	9	91
5246	0.91	9	91
5247	0.91	9	91
5248	0.91	9	91
5249	0.92	8	92
5250	0.92	8	92
5251	0.91	9	91
5252	0.91	9	91
5253	0.91	9	91
5254	0.91	9	91
5255	0.92	8	92
5256	0.93	7	93
5257	0.93	7	93
5258	0.93	7	93
5259	0.93	7	93
5260	0.93	7	93
5261	0.93	7	93
5262	0.93	7	93
5263	0.93	7	93
5264	0.93	7	93
5265	0.94	6	94
5266	0.94	6	94
5267	0.93	7	93
5268	0.93	7	93
5269	0.93	7	93
5270	0.94	6	94
5271	0.94	6	94
5272	0.94	6	94
5273	0.94	6	94
5274	0.94	6	94
5275	0.95	5	95
5276	0.95	5	95
5277	0.95	5	95
5278	0.95	5	95
5279	0.95	5	95
5280	0.95	5	95
5281	0.95	5	95
5282	0.96	4	96
5283	0.96	4	96
5284	0.96	4	96
5285	0.96	4	96
5286	0.95	5	95
5287	0.95	5	95
5288	0.95	5	95
5289	0.94	6	94
5290	0.94	6	94
5291	0.94	6	94
5292	0.95	5	95
5293	0.94	6	94
5294	0.94	6	94
5295	0.94	6	94
5296	0.94	6	94
5297	0.94	6	94
5298	0.94	6	94
5299	0.94	6	94
5300	0.94	6	94
5301	0.94	6	94
5302	0.94	6	94
5303	0.94	6	94
5304	0.94	6	94
5305	0.94	6	94
5306	0.94	6	94
5307	0.94	6	94
5308	0.94	6	94
5309	0.94	6	94
5310	0.94	6	94
5311	0.94	6	94
5312	0.94	6	94
5313	0.94	6	94
5314	0.94	6	94
5315	0.94	6	94
5316	0.94	6	94
5317	0.94	6	94
5318	0.94	6	94
5319	0.94	6	94
5320	0.94	6	94
5321	0.93	7	93
5322	0.93	7	93
5323	0.93	7	93
5324	0.93	7	93
5325	0.93	7	93
5326	0.93	7	93
5327	0.93	7	93
5328	0.92	8	92
5329	0.92	8	92
5330	0.92	8	92
5331	0.91	9	91
5332	0.91	9	91
5333	0.91	9	91
5334	0.91	9	91
5335	0.91	9	91
5336	0.91	9	91
5337	0.91	9	91
5338	0.90	10	90
5339	0.90	10	90
5340	0.90	10	90
5341	0.90	10	90
5342	0.90	10	90
5343	0.90	10	90
5344	0.90	10	90
5345	0.90	10	90
5346	0.90	10	90
5347	0.90	10	90
5348	0.90	10	90
5349	0.90	10	90
5350	0.90	10	90
5351	0.91	9	91
5352	0.91	9	91
5353	0.91	9	91
5354	0.91	9	91
5355	0.91	9	91
5356	0.91	9	91
5357	0.91	9	91
5358	0.91	9	91
5359	0.91	9	91
5360	0.91	9	91
5361	0.91	9	91
5362	0.91	9	91
5363	0.90	10	90
5364	0.90	10	90
5365	0.90	10	90
5366	0.90	10	90
5367	0.91	9	91
5368	0.91	9	91
5369	0.91	9	91
5370	0.91	9	91
5371	0.91	9	91
5372	0.91	9	91
5373	0.91	9	91
5374	0.91	9	91
5375	0.90	10	90
5376	0.90	10	90
5377	0.90	10	90
5378	0.90	10	90
5379	0.90	10	90
5380	0.90	10	90
5381	0.90	10	90
5382	0.90	10	90
5383	0.90	10	90
5384	0.90	10	90
5385	0.90	10	90
5386	0.91	9	91
5387	0.91	9	91
5388	0.91	9	91
5389	0.92	8	92
5390	0.91	9	91
5391	0.90	10	90
5392	0.89	11	89
5393	0.89	11	89
5394	0.89	11	89
5395	0.90	10	90
5396	0.90	10	90
5397	0.90	10	90
5398	0.90	10	90
5399	0.90	10	90
5400	0.89	11	89
5401	0.89	11	89
5402	0.89	11	89
5403	0.89	11	89
5404	0.89	11	89
5405	0.88	12	88
5406	0.88	12	88
5407	0.88	12	88
5408	0.88	12	88
5409	0.88	12	88
5410	0.87	13	87
5411	0.87	13	87
5412	0.87	13	87
5413	0.87	13	87
5414	0.87	13	87
5415	0.87	13	87
5416	0.87	13	87
5417	0.87	13	87
5418	0.87	13	87
5419	0.87	13	87
5420	0.87	13	87
5421	0.88	12	88
5422	0.88	12	88
5423	0.88	12	88
5424	0.88	12	88
5425	0.88	12	88
5426	0.88	12	88
5427	0.88	12	88
5428	0.89	11	89
5429	0.89	11	89
5430	0.88	12	88
5431	0.89	11	89
5432	0.89	11	89
5433	0.89	11	89
5434	0.89	11	89
5435	0.89	11	89
5436	0.89	11	89
5437	0.88	12	88
5438	0.89	11	89
5439	0.89	11	89
5440	0.89	11	89
5441	0.89	11	89
5442	0.89	11	89
5443	0.89	11	89
5444	0.89	11	89
5445	0.88	12	88
5446	0.88	12	88
5447	0.88	12	88
5448	0.88	12	88
5449	0.87	13	87
5450	0.87	13	87
5451	0.87	13	87
5452	0.87	13	87
5453	0.86	14	86
5454	0.86	14	86
5455	0.86	14	86
5456	0.86	14	86
5457	0.85	15	85
5458	0.85	15	85
5459	0.85	15	85
5460	0.85	15	85
5461	0.85	15	85
5462	0.85	15	85
5463	0.86	14	86
5464	0.86	14	86
5465	0.85	15	85
5466	0.85	15	85
5467	0.85	15	85
5468	0.85	15	85
5469	0.85	15	85
5470	0.85	15	85
5471	0.85	15	85
5472	0.85	15	85
5473	0.85	15	85
5474	0.85	15	85
5475	0.86	14	86
5476	0.86	14	86
5477	0.86	14	86
5478	0.86	14	86
5479	0.86	14	86
5480	0.86	14	86
5481	0.86	14	86
5482	0.86	14	86
5483	0.86	14	86
5484	0.86	14	86
5485	0.85	15	85
5486	0.85	15	85
5487	0.84	16	84
5488	0.84	16	84
5489	0.83	17	83
5490	0.84	16	84
5491	0.85	15	85
5492	0.85	15	85
5493	0.86	14	86
5494	0.86	14	86
5495	0.86	14	86
5496	0.85	15	85
5497	0.85	15	85
5498	0.85	15	85
5499	0.84	16	84
5500	0.85	15	85
5501	0.85	15	85
5502	0.85	15	85
5503	0.84	16	84
5504	0.84	16	84
5505	0.85	15	85
5506	0.84	16	84
5507	0.83	17	83
5508	0.82	18	82
5509	0.82	18	82
5510	0.83	17	83
5511	0.82	18	82
5512	0.82	18	82
5513	0.82	18	82
5514	0.82	18	82
5515	0.82	18	82
5516	0.82	18	82
5517	0.82	18	82
5518	0.82	18	82
5519	0.82	18	82
5520	0.81	19	81
5521	0.81	19	81
5522	0.80	20	80
5523	0.80	20	80
5524	0.80	20	80
5525	0.80	20	80
5526	0.80	20	80
5527	0.80	20	80
5528	0.80	20	80
5529	0.80	20	80
5530	0.81	19	81
5531	0.81	19	81
5532	0.81	19	81
5533	0.80	20	80
5534	0.80	20	80
5535	0.80	20	80
5536	0.80	20	80
5537	0.80	20	80
5538	0.80	20	80
5539	0.80	20	80
5540	0.80	20	80
5541	0.80	20	80
5542	0.80	20	80
5543	0.80	20	80
5544	0.80	20	80
5545	0.81	19	81
5546	0.81	19	81
5547	0.81	19	81
5548	0.81	19	81
5549	0.82	18	82
5550	0.82	18	82
5551	0.81	19	81
5552	0.81	19	81
5553	0.82	18	82
5554	0.82	18	82
5555	0.82	18	82
5556	0.82	18	82
5557	0.83	17	83
5558	0.83	17	83
5559	0.83	17	83
5560	0.83	17	83
5561	0.83	17	83
5562	0.83	17	83
5563	0.83	17	83
5564	0.83	17	83
5565	0.84	16	84
5566	0.84	16	84
5567	0.84	16	84
5568	0.84	16	84
5569	0.84	16	84
5570	0.84	16	84
5571	0.83	17	83
5572	0.83	17	83
5573	0.83	17	83
5574	0.83	17	83
5575	0.83	17	83
5576	0.83	17	83
5577	0.83	17	83
5578	0.83	17	83
5579	0.83	17	83
5580	0.83	17	83
5581	0.83	17	83
5582	0.83	17	83
5583	0.82	18	82
5584	0.82	18	82
5585	0.83	17	83
5586	0.83	17	83
5587	0.84	16	84
5588	0.84	16	84
5589	0.85	15	85
5590	0.85	15	85
5591	0.85	15	85
5592	0.86	14	86
5593	0.86	14	86
5594	0.86	14	86
5595	0.86	14	86
5596	0.86	14	86
5597	0.86	14	86
5598	0.86	14	86
5599	0.87	13	87
5600	0.87	13	87
5601	0.86	14	86
5602	0.86	14	86
5603	0.87	13	87
5604	0.87	13	87
5605	0.87	13	87
5606	0.87	13	87
5607	0.88	12	88
5608	0.89	11	89
5609	0.89	11	89
5610	0.89	11	89
5611	0.90	10	90
5612	0.90	10	90
5613	0.90	10	90
5614	0.90	10	90
5615	0.90	10	90
5616	0.89	11	89
5617	0.89	11	89
5618	0.89	11	89
5619	0.89	11	89
5620	0.89	11	89
5621	0.89	11	89
5622	0.90	10	90
5623	0.90	10	90
5624	0.90	10	90
5625	0.90	10	90
5626	0.90	10	90
5627	0.90	10	90
5628	0.90	10	90
5629	0.90	10	90
5630	0.90	10	90
5631	0.90	10	90
5632	0.90	10	90
5633	0.91	9	91
5634	0.90	10	90
5635	0.90	10	90
5636	0.90	10	90
5637	0.91	9	91
5638	0.91	9	91
5639	0.91	9	91
5640	0.91	9	91
5641	0.90	10	90
5642	0.90	10	90
5643	0.90	10	90
5644	0.90	10	90
5645	0.90	10	90
5646	0.90	10	90
5647	0.90	10	90
5648	0.90	10	90
5649	0.90	10	90
5650	0.90	10	90
5651	0.91	9	91
5652	0.91	9	91
5653	0.91	9	91
5654	0.91	9	91
5655	0.91	9	91
5656	0.91	9	91
5657	0.91	9	91
5658	0.91	9	91
5659	0.91	9	91
5660	0.91	9	91
5661	0.91	9	91
5662	0.91	9	91
5663	0.91	9	91
5664	0.91	9	91
5665	0.91	9	91
5666	0.91	9	91
5667	0.91	9	91
5668	0.90	10	90
5669	0.90	10	90
5670	0.90	10	90
5671	0.91	9	91
5672	0.91	9	91
5673	0.91	9	91
5674	0.91	9	91
5675	0.91	9	91
5676	0.90	10	90
5677	0.90	10	90
5678	0.90	10	90
5679	0.89	11	89
5680	0.89	11	89
5681	0.89	11	89
5682	0.88	12	88
5683	0.89	11	89
5684	0.88	12	88
5685	0.88	12	88
5686	0.88	12	88
5687	0.88	12	88
5688	0.88	12	88
5689	0.88	12	88
5690	0.88	12	88
5691	0.88	12	88
5692	0.88	12	88
5693	0.88	12	88
5694	0.88	12	88
5695	0.88	12	88
5696	0.89	11	89
5697	0.89	11	89
5698	0.89	11	89
5699	0.89	11	89
5700	0.89	11	89
5701	0.90	10	90
5702	0.90	10	90
5703	0.90	10	90
5704	0.90	10	90
5705	0.89	11	89
5706	0.90	10	90
5707	0.90	10	90
5708	0.90	10	90
5709	0.90	10	90
5710	0.89	11	89
5711	0.89	11	89
5712	0.89	11	89
5713	0.89	11	89
5714	0.89	11	89
5715	0.89	11	89
5716	0.90	10	90
5717	0.90	10	90
5718	0.90	10	90
5719	0.90	10	90
5720	0.91	9	91
5721	0.91	9	91
5722	0.91	9	91
5723	0.91	9	91
5724	0.91	9	91
5725	0.91	9	91
5726	0.91	9	91
5727	0.91	9	91
5728	0.90	10	90
5729	0.90	10	90
5730	0.90	10	90
5731	0.90	10	90
5732	0.90	10	90
5733	0.90	10	90
5734	0.91	9	91
5735	0.91	9	91
5736	0.91	9	91
5737	0.91	9	91
5738	0.91	9	91
5739	0.91	9	91
5740	0.91	9	91
5741	0.92	8	92
5742	0.92	8	92
5743	0.92	8	92
5744	0.92	8	92
5745	0.92	8	92
5746	0.92	8	92
5747	0.92	8	92
5748	0.92	8	92
5749	0.92	8	92
5750	0.92	8	92
5751	0.91	9	91
5752	0.91	9	91
5753	0.91	9	91
5754	0.91	9	91
5755	0.91	9	91
5756	0.91	9	91
5757	0.91	9	91
5758	0.91	9	91
5759	0.91	9	91
5760	0.91	9	91
5761	0.91	9	91
5762	0.91	9	91
5763	0.91	9	91
5764	0.91	9	91
5765	0.91	9	91
5766	0.91	9	91
5767	0.91	9	91
5768	0.92	8	92
5769	0.92	8	92
5770	0.92	8	92
5771	0.92	8	92
5772	0.92	8	92
5773	0.92	8	92
5774	0.92	8	92
5775	0.92	8	92
5776	0.93	7	93
5777	0.93	7	93
5778	0.93	7	93
5779	0.94	6	94
5780	0.94	6	94
5781	0.94	6	94
5782	0.95	5	95
5783	0.95	5	95
5784	0.96	4	96
5785	0.96	4	96
5786	0.96	4	96
5787	0.96	4	96
5788	0.96	4	96
5789	0.95	5	95
5790	0.95	5	95
5791	0.95	5	95
5792	0.95	5	95
5793	0.95	5	95
5794	0.95	5	95
5795	0.95	5	95
5796	0.94	6	94
5797	0.94	6	94
5798	0.93	7	93
5799	0.93	7	93
5800	0.93	7	93
5801	0.93	7	93
5802	0.93	7	93
5803	0.93	7	93
5804	0.92	8	92
5805	0.93	7	93
5806	0.93	7	93
5807	0.93	7	93
5808	0.93	7	93
5809	0.93	7	93
5810	0.94	6	94
5811	0.94	6	94
5812	0.94	6	94
5813	0.94	6	94
5814	0.94	6	94
5815	0.94	6	94
5816	0.94	6	94
5817	0.94	6	94
5818	0.94	6	94
5819	0.94	6	94
5820	0.94	6	94
5821	0.94	6	94
5822	0.94	6	94
5823	0.94	6	94
5824	0.93	7	93
5825	0.93	7	93
5826	0.93	7	93
5827	0.93	7	93
5828	0.94	6	94
5829	0.94	6	94
5830	0.94	6	94
5831	0.94	6	94
5832	0.93	7	93
5833	0.93	7	93
5834	0.93	7	93
5835	0.93	7	93
5836	0.93	7	93
5837	0.93	7	93
5838	0.93	7	93
5839	0.93	7	93
5840	0.93	7	93
5841	0.93	7	93
5842	0.93	7	93
5843	0.93	7	93
5844	0.93	7	93
5845	0.93	7	93
5846	0.93	7	93
5847	0.93	7	93
5848	0.93	7	93
5849	0.93	7	93
5850	0.93	7	93
5851	0.94	6	94
5852	0.94	6	94
5853	0.94	6	94
5854	0.94	6	94
5855	0.94	6	94
5856	0.94	6	94
5857	0.94	6	94
5858	0.94	6	94
5859	0.94	6	94
5860	0.94	6	94
5861	0.93	7	93
5862	0.93	7	93
5863	0.93	7	93
5864	0.92	8	92
5865	0.92	8	92
5866	0.92	8	92
5867	0.91	9	91
5868	0.90	10	90
5869	0.90	10	90
5870	0.90	10	90
5871	0.90	10	90
5872	0.90	10	90
5873	0.90	10	90
5874	0.90	10	90
5875	0.90	10	90
5876	0.89	11	89
5877	0.89	11	89
5878	0.89	11	89
5879	0.89	11	89
5880	0.89	11	89
5881	0.89	11	89
5882	0.89	11	89
5883	0.89	11	89
5884	0.89	11	89
5885	0.89	11	89
5886	0.89	11	89
5887	0.89	11	89
5888	0.89	11	89
5889	0.90	10	90
5890	0.90	10	90
5891	0.90	10	90
5892	0.90	10	90
5893	0.90	10	90
5894	0.90	10	90
5895	0.90	10	90
5896	0.90	10	90
5897	0.90	10	90
5898	0.91	9	91
5899	0.91	9	91
5900	0.91	9	91
5901	0.90	10	90
5902	0.90	10	90
5903	0.90	10	90
5904	0.91	9	91
5905	0.91	9	91
5906	0.91	9	91
5907	0.91	9	91
5908	0.91	9	91
5909	0.91	9	91
5910	0.91	9	91
5911	0.91	9	91
5912	0.91	9	91
5913	0.91	9	91
5914	0.91	9	91
5915	0.91	9	91
5916	0.91	9	91
5917	0.91	9	91
5918	0.91	9	91
5919	0.91	9	91
5920	0.91	9	91
5921	0.91	9	91
5922	0.90	10	90
5923	0.90	10	90
5924	0.91	9	91
5925	0.91	9	91
5926	0.90	10	90
5927	0.90	10	90
5928	0.90	10	90
5929	0.90	10	90
5930	0.90	10	90
5931	0.90	10	90
5932	0.91	9	91
5933	0.91	9	91
5934	0.90	10	90
5935	0.90	10	90
5936	0.90	10	90
5937	0.90	10	90
5938	0.90	10	90
5939	0.90	10	90
5940	0.89	11	89
5941	0.89	11	89
5942	0.89	11	89
5943	0.89	11	89
5944	0.88	12	88
5945	0.88	12	88
5946	0.88	12	88
5947	0.88	12	88
5948	0.88	12	88
5949	0.88	12	88
5950	0.88	12	88
5951	0.88	12	88
5952	0.88	12	88
5953	0.88	12	88
5954	0.88	12	88
5955	0.88	12	88
5956	0.87	13	87
5957	0.87	13	87
5958	0.87	13	87
5959	0.87	13	87
5960	0.87	13	87
5961	0.88	12	88
5962	0.88	12	88
5963	0.87	13	87
5964	0.88	12	88
5965	0.88	12	88
5966	0.87	13	87
5967	0.88	12	88
5968	0.89	11	89
5969	0.88	12	88
5970	0.88	12	88
5971	0.88	12	88
5972	0.88	12	88
5973	0.88	12	88
5974	0.88	12	88
5975	0.88	12	88
5976	0.89	11	89
5977	0.89	11	89
5978	0.89	11	89
5979	0.89	11	89
5980	0.89	11	89
5981	0.89	11	89
5982	0.89	11	89
5983	0.89	11	89
5984	0.89	11	89
5985	0.88	12	88
5986	0.88	12	88
5987	0.88	12	88
5988	0.88	12	88
5989	0.88	12	88
5990	0.88	12	88
5991	0.88	12	88
5992	0.88	12	88
5993	0.88	12	88
5994	0.88	12	88
5995	0.88	12	88
5996	0.89	11	89
5997	0.89	11	89
5998	0.89	11	89
5999	0.88	12	88
