timestep	swarm_quality	color_0	color_1
0	0.70	35	15
1	0.70	35	15
2	0.70	35	15
3	0.68	34	16
4	0.68	34	16
5	0.66	33	17
6	0.66	33	17
7	0.66	33	17
8	0.64	32	18
9	0.64	32	18
10	0.64	32	18
11	0.62	31	19
12	0.62	31	19
13	0.60	30	20
14	0.60	30	20
15	0.60	30	20
16	0.60	30	20
17	0.60	30	20
18	0.60	30	20
19	0.60	30	20
20	0.60	30	20
21	0.60	30	20
22	0.60	30	20
23	0.60	30	20
24	0.60	30	20
25	0.60	30	20
26	0.58	29	21
27	0.58	29	21
28	0.58	29	21
29	0.58	29	21
30	0.56	28	22
31	0.56	28	22
32	0.56	28	22
33	0.56	28	22
34	0.56	28	22
35	0.58	29	21
36	0.60	30	20
37	0.62	31	19
38	0.64	32	18
39	0.66	33	17
40	0.68	34	16
41	0.70	35	15
42	0.72	36	14
43	0.72	36	14
44	0.74	37	13
45	0.76	38	12
46	0.78	39	11
47	0.80	40	10
48	0.82	41	9
49	0.84	42	8
50	0.84	42	8
51	0.84	42	8
52	0.84	42	8
53	0.86	43	7
54	0.86	43	7
55	0.88	44	6
56	0.88	44	6
57	0.88	44	6
58	0.90	45	5
59	0.90	45	5
60	0.90	45	5
61	0.92	46	4
62	0.92	46	4
63	0.94	47	3
64	0.94	47	3
65	0.94	47	3
66	0.94	47	3
67	0.94	47	3
68	0.94	47	3
69	0.94	47	3
70	0.94	47	3
71	0.94	47	3
72	0.94	47	3
73	0.94	47	3
74	0.94	47	3
75	0.94	47	3
76	0.96	48	2
77	0.96	48	2
78	0.96	48	2
79	0.96	48	2
80	0.98	49	1
81	0.98	49	1
82	0.98	49	1
83	0.98	49	1
84	0.98	49	1
85	0.98	49	1
86	0.98	49	1
87	0.98	49	1
88	0.98	49	1
89	0.98	49	1
90	0.98	49	1
91	0.98	49	1
92	0.98	49	1
93	1.00	50	0
94	1.00	50	0
95	1.00	50	0
96	1.00	50	0
97	1.00	50	0
98	1.00	50	0
99	1.00	50	0
100	1.00	50	0
101	1.00	50	0
102	1.00	50	0
103	1.00	50	0
104	1.00	50	0
105	1.00	50	0
106	1.00	50	0
107	1.00	50	0
108	1.00	50	0
109	1.00	50	0
110	1.00	50	0
111	1.00	50	0
112	1.00	50	0
113	1.00	50	0
114	1.00	50	0
115	1.00	50	0
116	1.00	50	0
117	1.00	50	0
118	1.00	50	0
119	1.00	50	0
120	1.00	50	0
121	1.00	50	0
122	1.00	50	0
123	1.00	50	0
124	1.00	50	0
125	1.00	50	0
126	1.00	50	0
127	1.00	50	0
128	1.00	50	0
129	1.00	50	0
130	1.00	50	0
131	1.00	50	0
132	1.00	50	0
133	1.00	50	0
134	1.00	50	0
135	1.00	50	0
136	1.00	50	0
137	1.00	50	0
138	1.00	50	0
139	1.00	50	0
140	1.00	50	0
141	1.00	50	0
142	1.00	50	0
143	1.00	50	0
144	1.00	50	0
145	1.00	50	0
146	1.00	50	0
147	1.00	50	0
148	1.00	50	0
149	1.00	50	0
150	1.00	50	0
151	1.00	50	0
152	1.00	50	0
153	1.00	50	0
154	1.00	50	0
155	1.00	50	0
156	1.00	50	0
157	1.00	50	0
158	1.00	50	0
159	1.00	50	0
160	1.00	50	0
161	1.00	50	0
162	1.00	50	0
163	1.00	50	0
164	1.00	50	0
165	1.00	50	0
166	1.00	50	0
167	1.00	50	0
168	1.00	50	0
169	1.00	50	0
170	1.00	50	0
171	1.00	50	0
172	1.00	50	0
173	1.00	50	0
174	1.00	50	0
175	1.00	50	0
176	1.00	50	0
177	1.00	50	0
178	1.00	50	0
179	1.00	50	0
180	1.00	50	0
181	1.00	50	0
182	1.00	50	0
183	1.00	50	0
184	1.00	50	0
185	1.00	50	0
186	1.00	50	0
187	1.00	50	0
188	1.00	50	0
189	1.00	50	0
190	1.00	50	0
191	1.00	50	0
192	1.00	50	0
193	1.00	50	0
194	1.00	50	0
195	1.00	50	0
196	1.00	50	0
197	1.00	50	0
198	1.00	50	0
199	1.00	50	0
200	1.00	50	0
201	1.00	50	0
202	1.00	50	0
203	1.00	50	0
204	1.00	50	0
205	1.00	50	0
206	1.00	50	0
207	1.00	50	0
208	1.00	50	0
209	1.00	50	0
210	1.00	50	0
211	1.00	50	0
212	1.00	50	0
213	1.00	50	0
214	1.00	50	0
215	1.00	50	0
216	1.00	50	0
217	1.00	50	0
218	1.00	50	0
219	1.00	50	0
220	1.00	50	0
221	1.00	50	0
222	1.00	50	0
223	1.00	50	0
224	1.00	50	0
225	1.00	50	0
226	0.98	49	1
227	0.98	49	1
228	0.98	49	1
229	0.98	49	1
230	0.98	49	1
231	0.98	49	1
232	0.98	49	1
233	0.98	49	1
234	0.98	49	1
235	0.98	49	1
236	0.98	49	1
237	0.98	49	1
238	0.98	49	1
239	0.98	49	1
240	0.98	49	1
241	0.98	49	1
242	0.98	49	1
243	0.98	49	1
244	0.98	49	1
245	0.98	49	1
246	0.98	49	1
247	0.98	49	1
248	0.98	49	1
249	0.98	49	1
250	0.98	49	1
251	0.98	49	1
252	0.98	49	1
253	0.98	49	1
254	0.98	49	1
255	0.98	49	1
256	0.98	49	1
257	0.98	49	1
258	0.98	49	1
259	0.96	48	2
260	0.96	48	2
261	0.96	48	2
262	0.96	48	2
263	0.96	48	2
264	0.96	48	2
265	0.96	48	2
266	0.96	48	2
267	0.96	48	2
268	0.96	48	2
269	0.96	48	2
270	0.96	48	2
271	0.96	48	2
272	0.96	48	2
273	0.96	48	2
274	0.96	48	2
275	0.96	48	2
276	0.98	49	1
277	0.98	49	1
278	0.98	49	1
279	0.98	49	1
280	0.98	49	1
281	0.98	49	1
282	0.98	49	1
283	0.98	49	1
284	0.98	49	1
285	0.98	49	1
286	0.98	49	1
287	0.98	49	1
288	0.98	49	1
289	0.98	49	1
290	0.98	49	1
291	0.98	49	1
292	0.98	49	1
293	0.98	49	1
294	0.98	49	1
295	0.98	49	1
296	0.98	49	1
297	0.98	49	1
298	0.98	49	1
299	0.98	49	1
300	0.98	49	1
301	0.98	49	1
302	0.98	49	1
303	0.98	49	1
304	0.98	49	1
305	0.98	49	1
306	0.98	49	1
307	0.98	49	1
308	0.98	49	1
309	1.00	50	0
310	1.00	50	0
311	1.00	50	0
312	1.00	50	0
313	1.00	50	0
314	1.00	50	0
315	1.00	50	0
316	1.00	50	0
317	1.00	50	0
318	1.00	50	0
319	1.00	50	0
320	1.00	50	0
321	1.00	50	0
322	1.00	50	0
323	1.00	50	0
324	1.00	50	0
325	1.00	50	0
326	1.00	50	0
327	1.00	50	0
328	1.00	50	0
329	1.00	50	0
330	1.00	50	0
331	1.00	50	0
332	1.00	50	0
333	1.00	50	0
334	1.00	50	0
335	1.00	50	0
336	1.00	50	0
337	1.00	50	0
338	1.00	50	0
339	1.00	50	0
340	1.00	50	0
341	1.00	50	0
342	1.00	50	0
343	1.00	50	0
344	1.00	50	0
345	1.00	50	0
346	1.00	50	0
347	1.00	50	0
348	1.00	50	0
349	1.00	50	0
350	1.00	50	0
351	1.00	50	0
352	1.00	50	0
353	1.00	50	0
354	1.00	50	0
355	1.00	50	0
356	1.00	50	0
357	1.00	50	0
358	1.00	50	0
359	1.00	50	0
360	1.00	50	0
361	1.00	50	0
362	1.00	50	0
363	1.00	50	0
364	1.00	50	0
365	1.00	50	0
366	1.00	50	0
367	1.00	50	0
368	1.00	50	0
369	1.00	50	0
370	1.00	50	0
371	1.00	50	0
372	1.00	50	0
373	1.00	50	0
374	1.00	50	0
375	1.00	50	0
376	1.00	50	0
377	1.00	50	0
378	1.00	50	0
379	1.00	50	0
380	1.00	50	0
381	1.00	50	0
382	1.00	50	0
383	1.00	50	0
384	1.00	50	0
385	1.00	50	0
386	1.00	50	0
387	1.00	50	0
388	1.00	50	0
389	1.00	50	0
390	1.00	50	0
391	1.00	50	0
392	1.00	50	0
393	1.00	50	0
394	1.00	50	0
395	1.00	50	0
396	1.00	50	0
397	1.00	50	0
398	1.00	50	0
399	1.00	50	0
400	1.00	50	0
401	1.00	50	0
402	1.00	50	0
403	1.00	50	0
404	1.00	50	0
405	1.00	50	0
406	1.00	50	0
407	1.00	50	0
408	1.00	50	0
409	1.00	50	0
410	1.00	50	0
411	1.00	50	0
412	1.00	50	0
413	1.00	50	0
414	1.00	50	0
415	1.00	50	0
416	1.00	50	0
417	1.00	50	0
418	1.00	50	0
419	1.00	50	0
420	1.00	50	0
421	1.00	50	0
422	0.98	49	1
423	0.98	49	1
424	0.98	49	1
425	0.98	49	1
426	0.98	49	1
427	0.98	49	1
428	0.98	49	1
429	0.98	49	1
430	0.98	49	1
431	0.98	49	1
432	0.98	49	1
433	0.98	49	1
434	0.98	49	1
435	0.98	49	1
436	0.98	49	1
437	0.98	49	1
438	0.98	49	1
439	0.98	49	1
440	0.98	49	1
441	0.98	49	1
442	0.98	49	1
443	0.98	49	1
444	0.98	49	1
445	0.98	49	1
446	0.98	49	1
447	0.98	49	1
448	0.98	49	1
449	0.98	49	1
450	0.98	49	1
451	0.98	49	1
452	0.98	49	1
453	0.98	49	1
454	0.98	49	1
455	0.98	49	1
456	0.98	49	1
457	0.98	49	1
458	0.98	49	1
459	0.98	49	1
460	0.98	49	1
461	0.98	49	1
462	0.98	49	1
463	0.98	49	1
464	0.98	49	1
465	0.98	49	1
466	0.98	49	1
467	0.98	49	1
468	0.98	49	1
469	0.98	49	1
470	0.98	49	1
471	0.98	49	1
472	1.00	50	0
473	1.00	50	0
474	1.00	50	0
475	1.00	50	0
476	1.00	50	0
477	1.00	50	0
478	1.00	50	0
479	1.00	50	0
480	1.00	50	0
481	1.00	50	0
482	1.00	50	0
483	1.00	50	0
484	1.00	50	0
485	1.00	50	0
486	1.00	50	0
487	1.00	50	0
488	1.00	50	0
489	1.00	50	0
490	1.00	50	0
491	1.00	50	0
492	1.00	50	0
493	1.00	50	0
494	1.00	50	0
495	1.00	50	0
496	1.00	50	0
497	1.00	50	0
498	1.00	50	0
499	1.00	50	0
500	0.00	50	0
501	0.00	50	0
502	0.00	50	0
503	0.02	49	1
504	0.02	49	1
505	0.02	49	1
506	0.02	49	1
507	0.04	48	2
508	0.04	48	2
509	0.04	48	2
510	0.04	48	2
511	0.04	48	2
512	0.06	47	3
513	0.08	46	4
514	0.08	46	4
515	0.08	46	4
516	0.08	46	4
517	0.08	46	4
518	0.10	45	5
519	0.10	45	5
520	0.12	44	6
521	0.12	44	6
522	0.12	44	6
523	0.14	43	7
524	0.14	43	7
525	0.14	43	7
526	0.14	43	7
527	0.14	43	7
528	0.16	42	8
529	0.18	41	9
530	0.18	41	9
531	0.20	40	10
532	0.22	39	11
533	0.22	39	11
534	0.24	38	12
535	0.26	37	13
536	0.28	36	14
537	0.28	36	14
538	0.30	35	15
539	0.32	34	16
540	0.34	33	17
541	0.36	32	18
542	0.38	31	19
543	0.40	30	20
544	0.40	30	20
545	0.42	29	21
546	0.44	28	22
547	0.44	28	22
548	0.46	27	23
549	0.48	26	24
550	0.50	25	25
551	0.52	24	26
552	0.54	23	27
553	0.54	23	27
554	0.56	22	28
555	0.58	21	29
556	0.60	20	30
557	0.60	20	30
558	0.60	20	30
559	0.62	19	31
560	0.64	18	32
561	0.66	17	33
562	0.66	17	33
563	0.66	17	33
564	0.68	16	34
565	0.70	15	35
566	0.72	14	36
567	0.74	13	37
568	0.74	13	37
569	0.76	12	38
570	0.76	12	38
571	0.78	11	39
572	0.78	11	39
573	0.78	11	39
574	0.80	10	40
575	0.82	9	41
576	0.84	8	42
577	0.86	7	43
578	0.86	7	43
579	0.86	7	43
580	0.88	6	44
581	0.88	6	44
582	0.88	6	44
583	0.90	5	45
584	0.90	5	45
585	0.90	5	45
586	0.90	5	45
587	0.92	4	46
588	0.92	4	46
589	0.92	4	46
590	0.92	4	46
591	0.92	4	46
592	0.92	4	46
593	0.92	4	46
594	0.94	3	47
595	0.94	3	47
596	0.94	3	47
597	0.96	2	48
598	0.96	2	48
599	0.96	2	48
600	0.96	2	48
601	0.96	2	48
602	0.94	3	47
603	0.94	3	47
604	0.94	3	47
605	0.94	3	47
606	0.94	3	47
607	0.94	3	47
608	0.96	2	48
609	0.96	2	48
610	0.96	2	48
611	0.96	2	48
612	0.96	2	48
613	0.96	2	48
614	0.96	2	48
615	0.96	2	48
616	0.96	2	48
617	0.96	2	48
618	0.96	2	48
619	0.96	2	48
620	0.96	2	48
621	0.96	2	48
622	0.98	1	49
623	0.98	1	49
624	0.98	1	49
625	0.98	1	49
626	0.98	1	49
627	0.98	1	49
628	0.98	1	49
629	0.98	1	49
630	0.98	1	49
631	0.98	1	49
632	0.98	1	49
633	0.98	1	49
634	0.98	1	49
635	0.98	1	49
636	0.98	1	49
637	0.98	1	49
638	0.98	1	49
639	0.98	1	49
640	0.98	1	49
641	0.98	1	49
642	0.98	1	49
643	0.98	1	49
644	0.98	1	49
645	0.98	1	49
646	0.98	1	49
647	0.98	1	49
648	0.98	1	49
649	0.98	1	49
650	0.98	1	49
651	0.98	1	49
652	1.00	0	50
653	1.00	0	50
654	1.00	0	50
655	1.00	0	50
656	1.00	0	50
657	1.00	0	50
658	1.00	0	50
659	1.00	0	50
660	1.00	0	50
661	1.00	0	50
662	1.00	0	50
663	1.00	0	50
664	1.00	0	50
665	1.00	0	50
666	1.00	0	50
667	0.98	1	49
668	0.98	1	49
669	0.98	1	49
670	0.98	1	49
671	0.98	1	49
672	0.98	1	49
673	0.98	1	49
674	0.98	1	49
675	0.98	1	49
676	0.98	1	49
677	0.98	1	49
678	0.98	1	49
679	0.98	1	49
680	0.98	1	49
681	0.98	1	49
682	0.98	1	49
683	0.98	1	49
684	0.98	1	49
685	0.98	1	49
686	0.98	1	49
687	0.98	1	49
688	0.98	1	49
689	0.98	1	49
690	0.98	1	49
691	0.98	1	49
692	0.98	1	49
693	0.98	1	49
694	0.98	1	49
695	0.98	1	49
696	0.98	1	49
697	0.98	1	49
698	0.98	1	49
699	0.98	1	49
700	0.98	1	49
701	0.98	1	49
702	0.98	1	49
703	0.98	1	49
704	0.98	1	49
705	0.98	1	49
706	0.98	1	49
707	0.98	1	49
708	0.98	1	49
709	0.98	1	49
710	0.98	1	49
711	0.98	1	49
712	0.98	1	49
713	0.98	1	49
714	0.98	1	49
715	0.98	1	49
716	0.98	1	49
717	1.00	0	50
718	1.00	0	50
719	1.00	0	50
720	1.00	0	50
721	1.00	0	50
722	1.00	0	50
723	1.00	0	50
724	1.00	0	50
725	1.00	0	50
726	1.00	0	50
727	1.00	0	50
728	1.00	0	50
729	1.00	0	50
730	1.00	0	50
731	1.00	0	50
732	1.00	0	50
733	1.00	0	50
734	1.00	0	50
735	1.00	0	50
736	1.00	0	50
737	1.00	0	50
738	1.00	0	50
739	1.00	0	50
740	1.00	0	50
741	1.00	0	50
742	1.00	0	50
743	1.00	0	50
744	1.00	0	50
745	1.00	0	50
746	1.00	0	50
747	1.00	0	50
748	1.00	0	50
749	1.00	0	50
750	1.00	0	50
751	1.00	0	50
752	1.00	0	50
753	1.00	0	50
754	1.00	0	50
755	1.00	0	50
756	1.00	0	50
757	1.00	0	50
758	1.00	0	50
759	1.00	0	50
760	1.00	0	50
761	1.00	0	50
762	1.00	0	50
763	1.00	0	50
764	1.00	0	50
765	1.00	0	50
766	1.00	0	50
767	1.00	0	50
768	1.00	0	50
769	1.00	0	50
770	1.00	0	50
771	1.00	0	50
772	1.00	0	50
773	1.00	0	50
774	1.00	0	50
775	1.00	0	50
776	1.00	0	50
777	1.00	0	50
778	1.00	0	50
779	1.00	0	50
780	1.00	0	50
781	1.00	0	50
782	1.00	0	50
783	1.00	0	50
784	1.00	0	50
785	1.00	0	50
786	1.00	0	50
787	1.00	0	50
788	1.00	0	50
789	1.00	0	50
790	1.00	0	50
791	1.00	0	50
792	1.00	0	50
793	1.00	0	50
794	1.00	0	50
795	1.00	0	50
796	1.00	0	50
797	1.00	0	50
798	1.00	0	50
799	1.00	0	50
800	1.00	0	50
801	1.00	0	50
802	1.00	0	50
803	1.00	0	50
804	1.00	0	50
805	1.00	0	50
806	1.00	0	50
807	1.00	0	50
808	1.00	0	50
809	1.00	0	50
810	1.00	0	50
811	1.00	0	50
812	1.00	0	50
813	1.00	0	50
814	1.00	0	50
815	1.00	0	50
816	1.00	0	50
817	1.00	0	50
818	1.00	0	50
819	1.00	0	50
820	1.00	0	50
821	1.00	0	50
822	1.00	0	50
823	1.00	0	50
824	1.00	0	50
825	1.00	0	50
826	1.00	0	50
827	1.00	0	50
828	1.00	0	50
829	1.00	0	50
830	1.00	0	50
831	0.98	1	49
832	0.98	1	49
833	0.98	1	49
834	0.98	1	49
835	0.98	1	49
836	0.98	1	49
837	0.98	1	49
838	0.98	1	49
839	0.98	1	49
840	0.98	1	49
841	0.98	1	49
842	0.98	1	49
843	0.98	1	49
844	0.98	1	49
845	0.98	1	49
846	0.98	1	49
847	0.98	1	49
848	0.98	1	49
849	0.98	1	49
850	0.98	1	49
851	0.98	1	49
852	0.98	1	49
853	0.98	1	49
854	0.98	1	49
855	0.98	1	49
856	0.98	1	49
857	0.98	1	49
858	0.98	1	49
859	0.98	1	49
860	0.98	1	49
861	0.98	1	49
862	0.98	1	49
863	0.98	1	49
864	0.98	1	49
865	0.98	1	49
866	0.98	1	49
867	0.98	1	49
868	0.98	1	49
869	0.98	1	49
870	0.98	1	49
871	0.98	1	49
872	0.98	1	49
873	0.98	1	49
874	0.98	1	49
875	0.98	1	49
876	0.98	1	49
877	0.98	1	49
878	0.98	1	49
879	0.98	1	49
880	0.98	1	49
881	1.00	0	50
882	1.00	0	50
883	1.00	0	50
884	1.00	0	50
885	1.00	0	50
886	1.00	0	50
887	0.98	1	49
888	0.98	1	49
889	0.98	1	49
890	0.98	1	49
891	0.98	1	49
892	0.98	1	49
893	0.98	1	49
894	0.98	1	49
895	0.98	1	49
896	0.98	1	49
897	0.98	1	49
898	0.98	1	49
899	0.98	1	49
900	0.98	1	49
901	0.98	1	49
902	0.98	1	49
903	0.98	1	49
904	0.98	1	49
905	0.98	1	49
906	0.98	1	49
907	0.96	2	48
908	0.96	2	48
909	0.96	2	48
910	0.96	2	48
911	0.96	2	48
912	0.96	2	48
913	0.96	2	48
914	0.96	2	48
915	0.96	2	48
916	0.96	2	48
917	0.96	2	48
918	0.96	2	48
919	0.96	2	48
920	0.96	2	48
921	0.96	2	48
922	0.96	2	48
923	0.96	2	48
924	0.96	2	48
925	0.96	2	48
926	0.96	2	48
927	0.96	2	48
928	0.96	2	48
929	0.96	2	48
930	0.96	2	48
931	0.96	2	48
932	0.96	2	48
933	0.96	2	48
934	0.96	2	48
935	0.96	2	48
936	0.96	2	48
937	0.98	1	49
938	0.98	1	49
939	0.98	1	49
940	0.98	1	49
941	0.98	1	49
942	0.98	1	49
943	0.98	1	49
944	0.98	1	49
945	0.98	1	49
946	0.98	1	49
947	0.98	1	49
948	0.98	1	49
949	0.98	1	49
950	0.98	1	49
951	0.98	1	49
952	0.98	1	49
953	0.98	1	49
954	0.98	1	49
955	0.98	1	49
956	0.98	1	49
957	1.00	0	50
958	1.00	0	50
959	1.00	0	50
960	1.00	0	50
961	1.00	0	50
962	1.00	0	50
963	1.00	0	50
964	1.00	0	50
965	1.00	0	50
966	1.00	0	50
967	1.00	0	50
968	1.00	0	50
969	1.00	0	50
970	1.00	0	50
971	1.00	0	50
972	1.00	0	50
973	1.00	0	50
974	1.00	0	50
975	1.00	0	50
976	1.00	0	50
977	1.00	0	50
978	1.00	0	50
979	1.00	0	50
980	1.00	0	50
981	1.00	0	50
982	1.00	0	50
983	1.00	0	50
984	1.00	0	50
985	1.00	0	50
986	1.00	0	50
987	1.00	0	50
988	1.00	0	50
989	1.00	0	50
990	1.00	0	50
991	1.00	0	50
992	1.00	0	50
993	1.00	0	50
994	1.00	0	50
995	1.00	0	50
996	1.00	0	50
997	1.00	0	50
998	1.00	0	50
999	1.00	0	50
1000	0.00	0	50
1001	0.00	0	50
1002	0.02	1	49
1003	0.02	1	49
1004	0.02	1	49
1005	0.02	1	49
1006	0.04	2	48
1007	0.04	2	48
1008	0.06	3	47
1009	0.08	4	46
1010	0.10	5	45
1011	0.10	5	45
1012	0.12	6	44
1013	0.12	6	44
1014	0.14	7	43
1015	0.14	7	43
1016	0.16	8	42
1017	0.16	8	42
1018	0.18	9	41
1019	0.20	10	40
1020	0.20	10	40
1021	0.20	10	40
1022	0.20	10	40
1023	0.20	10	40
1024	0.20	10	40
1025	0.20	10	40
1026	0.20	10	40
1027	0.22	11	39
1028	0.22	11	39
1029	0.24	12	38
1030	0.26	13	37
1031	0.26	13	37
1032	0.26	13	37
1033	0.28	14	36
1034	0.30	15	35
1035	0.30	15	35
1036	0.32	16	34
1037	0.34	17	33
1038	0.36	18	32
1039	0.36	18	32
1040	0.36	18	32
1041	0.38	19	31
1042	0.40	20	30
1043	0.42	21	29
1044	0.44	22	28
1045	0.46	23	27
1046	0.48	24	26
1047	0.50	25	25
1048	0.52	26	24
1049	0.54	27	23
1050	0.56	28	22
1051	0.56	28	22
1052	0.56	28	22
1053	0.58	29	21
1054	0.60	30	20
1055	0.62	31	19
1056	0.62	31	19
1057	0.64	32	18
1058	0.64	32	18
1059	0.64	32	18
1060	0.64	32	18
1061	0.66	33	17
1062	0.66	33	17
1063	0.68	34	16
1064	0.68	34	16
1065	0.70	35	15
1066	0.70	35	15
1067	0.72	36	14
1068	0.72	36	14
1069	0.72	36	14
1070	0.74	37	13
1071	0.76	38	12
1072	0.78	39	11
1073	0.80	40	10
1074	0.82	41	9
1075	0.84	42	8
1076	0.86	43	7
1077	0.86	43	7
1078	0.88	44	6
1079	0.88	44	6
1080	0.88	44	6
1081	0.90	45	5
1082	0.92	46	4
1083	0.92	46	4
1084	0.92	46	4
1085	0.94	47	3
1086	0.94	47	3
1087	0.94	47	3
1088	0.94	47	3
1089	0.96	48	2
1090	0.98	49	1
1091	0.98	49	1
1092	0.98	49	1
1093	0.98	49	1
1094	0.98	49	1
1095	0.98	49	1
1096	0.98	49	1
1097	0.98	49	1
1098	0.98	49	1
1099	0.98	49	1
1100	0.98	49	1
1101	1.00	50	0
1102	1.00	50	0
1103	1.00	50	0
1104	1.00	50	0
1105	1.00	50	0
1106	1.00	50	0
1107	1.00	50	0
1108	1.00	50	0
1109	1.00	50	0
1110	1.00	50	0
1111	1.00	50	0
1112	1.00	50	0
1113	1.00	50	0
1114	1.00	50	0
1115	1.00	50	0
1116	1.00	50	0
1117	1.00	50	0
1118	1.00	50	0
1119	1.00	50	0
1120	1.00	50	0
1121	1.00	50	0
1122	1.00	50	0
1123	1.00	50	0
1124	1.00	50	0
1125	1.00	50	0
1126	1.00	50	0
1127	1.00	50	0
1128	1.00	50	0
1129	1.00	50	0
1130	1.00	50	0
1131	1.00	50	0
1132	1.00	50	0
1133	1.00	50	0
1134	1.00	50	0
1135	1.00	50	0
1136	1.00	50	0
1137	1.00	50	0
1138	1.00	50	0
1139	1.00	50	0
1140	1.00	50	0
1141	1.00	50	0
1142	1.00	50	0
1143	1.00	50	0
1144	1.00	50	0
1145	1.00	50	0
1146	1.00	50	0
1147	1.00	50	0
1148	1.00	50	0
1149	1.00	50	0
1150	1.00	50	0
1151	1.00	50	0
1152	1.00	50	0
1153	1.00	50	0
1154	1.00	50	0
1155	1.00	50	0
1156	1.00	50	0
1157	1.00	50	0
1158	1.00	50	0
1159	1.00	50	0
1160	1.00	50	0
1161	1.00	50	0
1162	1.00	50	0
1163	1.00	50	0
1164	1.00	50	0
1165	1.00	50	0
1166	1.00	50	0
1167	1.00	50	0
1168	1.00	50	0
1169	1.00	50	0
1170	1.00	50	0
1171	1.00	50	0
1172	1.00	50	0
1173	1.00	50	0
1174	1.00	50	0
1175	1.00	50	0
1176	1.00	50	0
1177	1.00	50	0
1178	1.00	50	0
1179	1.00	50	0
1180	1.00	50	0
1181	1.00	50	0
1182	1.00	50	0
1183	1.00	50	0
1184	1.00	50	0
1185	1.00	50	0
1186	1.00	50	0
1187	1.00	50	0
1188	1.00	50	0
1189	1.00	50	0
1190	1.00	50	0
1191	1.00	50	0
1192	1.00	50	0
1193	1.00	50	0
1194	1.00	50	0
1195	1.00	50	0
1196	1.00	50	0
1197	1.00	50	0
1198	1.00	50	0
1199	1.00	50	0
1200	1.00	50	0
1201	1.00	50	0
1202	1.00	50	0
1203	1.00	50	0
1204	1.00	50	0
1205	1.00	50	0
1206	1.00	50	0
1207	1.00	50	0
1208	1.00	50	0
1209	1.00	50	0
1210	1.00	50	0
1211	1.00	50	0
1212	1.00	50	0
1213	1.00	50	0
1214	1.00	50	0
1215	1.00	50	0
1216	1.00	50	0
1217	1.00	50	0
1218	1.00	50	0
1219	1.00	50	0
1220	1.00	50	0
1221	1.00	50	0
1222	1.00	50	0
1223	1.00	50	0
1224	1.00	50	0
1225	1.00	50	0
1226	1.00	50	0
1227	1.00	50	0
1228	1.00	50	0
1229	1.00	50	0
1230	1.00	50	0
1231	1.00	50	0
1232	1.00	50	0
1233	1.00	50	0
1234	1.00	50	0
1235	1.00	50	0
1236	1.00	50	0
1237	1.00	50	0
1238	1.00	50	0
1239	1.00	50	0
1240	1.00	50	0
1241	1.00	50	0
1242	1.00	50	0
1243	1.00	50	0
1244	1.00	50	0
1245	1.00	50	0
1246	1.00	50	0
1247	1.00	50	0
1248	1.00	50	0
1249	1.00	50	0
1250	1.00	50	0
1251	1.00	50	0
1252	1.00	50	0
1253	1.00	50	0
1254	1.00	50	0
1255	1.00	50	0
1256	1.00	50	0
1257	1.00	50	0
1258	1.00	50	0
1259	1.00	50	0
1260	1.00	50	0
1261	1.00	50	0
1262	1.00	50	0
1263	1.00	50	0
1264	1.00	50	0
1265	1.00	50	0
1266	1.00	50	0
1267	1.00	50	0
1268	1.00	50	0
1269	1.00	50	0
1270	1.00	50	0
1271	1.00	50	0
1272	1.00	50	0
1273	1.00	50	0
1274	1.00	50	0
1275	1.00	50	0
1276	1.00	50	0
1277	1.00	50	0
1278	1.00	50	0
1279	1.00	50	0
1280	1.00	50	0
1281	1.00	50	0
1282	1.00	50	0
1283	1.00	50	0
1284	1.00	50	0
1285	1.00	50	0
1286	1.00	50	0
1287	1.00	50	0
1288	1.00	50	0
1289	0.98	49	1
1290	0.98	49	1
1291	0.98	49	1
1292	0.98	49	1
1293	0.98	49	1
1294	0.98	49	1
1295	0.98	49	1
1296	0.98	49	1
1297	0.98	49	1
1298	0.98	49	1
1299	0.98	49	1
1300	0.98	49	1
1301	0.98	49	1
1302	0.98	49	1
1303	0.98	49	1
1304	0.98	49	1
1305	0.98	49	1
1306	0.98	49	1
1307	0.98	49	1
1308	0.98	49	1
1309	0.98	49	1
1310	0.98	49	1
1311	0.98	49	1
1312	0.98	49	1
1313	0.98	49	1
1314	0.98	49	1
1315	0.98	49	1
1316	0.98	49	1
1317	0.98	49	1
1318	0.98	49	1
1319	0.98	49	1
1320	0.98	49	1
1321	0.98	49	1
1322	0.98	49	1
1323	0.98	49	1
1324	0.98	49	1
1325	0.98	49	1
1326	0.98	49	1
1327	0.98	49	1
1328	0.98	49	1
1329	0.98	49	1
1330	0.98	49	1
1331	0.98	49	1
1332	0.98	49	1
1333	0.98	49	1
1334	0.98	49	1
1335	0.98	49	1
1336	0.98	49	1
1337	0.98	49	1
1338	0.98	49	1
1339	1.00	50	0
1340	1.00	50	0
1341	1.00	50	0
1342	1.00	50	0
1343	1.00	50	0
1344	1.00	50	0
1345	1.00	50	0
1346	1.00	50	0
1347	1.00	50	0
1348	1.00	50	0
1349	1.00	50	0
1350	1.00	50	0
1351	1.00	50	0
1352	1.00	50	0
1353	1.00	50	0
1354	1.00	50	0
1355	1.00	50	0
1356	1.00	50	0
1357	1.00	50	0
1358	1.00	50	0
1359	1.00	50	0
1360	1.00	50	0
1361	1.00	50	0
1362	1.00	50	0
1363	1.00	50	0
1364	1.00	50	0
1365	1.00	50	0
1366	1.00	50	0
1367	1.00	50	0
1368	1.00	50	0
1369	1.00	50	0
1370	1.00	50	0
1371	1.00	50	0
1372	1.00	50	0
1373	1.00	50	0
1374	1.00	50	0
1375	1.00	50	0
1376	1.00	50	0
1377	1.00	50	0
1378	1.00	50	0
1379	1.00	50	0
1380	1.00	50	0
1381	1.00	50	0
1382	1.00	50	0
1383	1.00	50	0
1384	1.00	50	0
1385	1.00	50	0
1386	1.00	50	0
1387	1.00	50	0
1388	1.00	50	0
1389	1.00	50	0
1390	1.00	50	0
1391	1.00	50	0
1392	1.00	50	0
1393	1.00	50	0
1394	1.00	50	0
1395	1.00	50	0
1396	1.00	50	0
1397	1.00	50	0
1398	1.00	50	0
1399	1.00	50	0
1400	1.00	50	0
1401	1.00	50	0
1402	1.00	50	0
1403	1.00	50	0
1404	1.00	50	0
1405	1.00	50	0
1406	1.00	50	0
1407	1.00	50	0
1408	1.00	50	0
1409	1.00	50	0
1410	1.00	50	0
1411	1.00	50	0
1412	1.00	50	0
1413	1.00	50	0
1414	1.00	50	0
1415	1.00	50	0
1416	1.00	50	0
1417	1.00	50	0
1418	1.00	50	0
1419	1.00	50	0
1420	1.00	50	0
1421	1.00	50	0
1422	1.00	50	0
1423	1.00	50	0
1424	1.00	50	0
1425	1.00	50	0
1426	1.00	50	0
1427	1.00	50	0
1428	1.00	50	0
1429	1.00	50	0
1430	1.00	50	0
1431	1.00	50	0
1432	1.00	50	0
1433	1.00	50	0
1434	1.00	50	0
1435	1.00	50	0
1436	1.00	50	0
1437	1.00	50	0
1438	1.00	50	0
1439	1.00	50	0
1440	1.00	50	0
1441	1.00	50	0
1442	1.00	50	0
1443	1.00	50	0
1444	1.00	50	0
1445	1.00	50	0
1446	1.00	50	0
1447	1.00	50	0
1448	1.00	50	0
1449	1.00	50	0
1450	1.00	50	0
1451	1.00	50	0
1452	1.00	50	0
1453	1.00	50	0
1454	1.00	50	0
1455	1.00	50	0
1456	1.00	50	0
1457	1.00	50	0
1458	1.00	50	0
1459	1.00	50	0
1460	1.00	50	0
1461	1.00	50	0
1462	1.00	50	0
1463	1.00	50	0
1464	1.00	50	0
1465	1.00	50	0
1466	1.00	50	0
1467	1.00	50	0
1468	1.00	50	0
1469	1.00	50	0
1470	1.00	50	0
1471	1.00	50	0
1472	1.00	50	0
1473	1.00	50	0
1474	1.00	50	0
1475	1.00	50	0
1476	1.00	50	0
1477	1.00	50	0
1478	1.00	50	0
1479	1.00	50	0
1480	1.00	50	0
1481	1.00	50	0
1482	1.00	50	0
1483	1.00	50	0
1484	1.00	50	0
1485	1.00	50	0
1486	1.00	50	0
1487	1.00	50	0
1488	1.00	50	0
1489	1.00	50	0
1490	1.00	50	0
1491	1.00	50	0
1492	1.00	50	0
1493	1.00	50	0
1494	1.00	50	0
1495	1.00	50	0
1496	1.00	50	0
1497	1.00	50	0
1498	1.00	50	0
1499	1.00	50	0
1500	0.00	50	0
1501	0.00	50	0
1502	0.00	50	0
1503	0.02	49	1
1504	0.02	49	1
1505	0.04	48	2
1506	0.04	48	2
1507	0.06	47	3
1508	0.06	47	3
1509	0.06	47	3
1510	0.06	47	3
1511	0.06	47	3
1512	0.06	47	3
1513	0.08	46	4
1514	0.08	46	4
1515	0.10	45	5
1516	0.10	45	5
1517	0.10	45	5
1518	0.12	44	6
1519	0.12	44	6
1520	0.14	43	7
1521	0.16	42	8
1522	0.16	42	8
1523	0.18	41	9
1524	0.18	41	9
1525	0.20	40	10
1526	0.20	40	10
1527	0.20	40	10
1528	0.20	40	10
1529	0.22	39	11
1530	0.22	39	11
1531	0.22	39	11
1532	0.22	39	11
1533	0.24	38	12
1534	0.24	38	12
1535	0.24	38	12
1536	0.26	37	13
1537	0.28	36	14
1538	0.30	35	15
1539	0.32	34	16
1540	0.32	34	16
1541	0.34	33	17
1542	0.36	32	18
1543	0.38	31	19
1544	0.40	30	20
1545	0.42	29	21
1546	0.44	28	22
1547	0.46	27	23
1548	0.48	26	24
1549	0.50	25	25
1550	0.52	24	26
1551	0.54	23	27
1552	0.56	22	28
1553	0.54	23	27
1554	0.56	22	28
1555	0.56	22	28
1556	0.56	22	28
1557	0.56	22	28
1558	0.58	21	29
1559	0.60	20	30
1560	0.62	19	31
1561	0.64	18	32
1562	0.66	17	33
1563	0.66	17	33
1564	0.68	16	34
1565	0.68	16	34
1566	0.70	15	35
1567	0.72	14	36
1568	0.72	14	36
1569	0.74	13	37
1570	0.74	13	37
1571	0.74	13	37
1572	0.76	12	38
1573	0.76	12	38
1574	0.78	11	39
1575	0.78	11	39
1576	0.80	10	40
1577	0.82	9	41
1578	0.84	8	42
1579	0.84	8	42
1580	0.86	7	43
1581	0.88	6	44
1582	0.90	5	45
1583	0.90	5	45
1584	0.92	4	46
1585	0.94	3	47
1586	0.94	3	47
1587	0.94	3	47
1588	0.94	3	47
1589	0.94	3	47
1590	0.96	2	48
1591	0.96	2	48
1592	0.96	2	48
1593	0.96	2	48
1594	0.96	2	48
1595	0.96	2	48
1596	0.96	2	48
1597	0.96	2	48
1598	0.96	2	48
1599	0.96	2	48
1600	0.96	2	48
1601	0.96	2	48
1602	0.96	2	48
1603	0.98	1	49
1604	0.98	1	49
1605	0.98	1	49
1606	1.00	0	50
1607	1.00	0	50
1608	1.00	0	50
1609	1.00	0	50
1610	1.00	0	50
1611	1.00	0	50
1612	1.00	0	50
1613	1.00	0	50
1614	1.00	0	50
1615	1.00	0	50
1616	1.00	0	50
1617	1.00	0	50
1618	1.00	0	50
1619	1.00	0	50
1620	0.98	1	49
1621	0.98	1	49
1622	0.98	1	49
1623	0.98	1	49
1624	0.98	1	49
1625	0.98	1	49
1626	0.98	1	49
1627	0.98	1	49
1628	0.98	1	49
1629	0.98	1	49
1630	0.98	1	49
1631	0.98	1	49
1632	0.98	1	49
1633	0.98	1	49
1634	0.98	1	49
1635	0.98	1	49
1636	0.98	1	49
1637	0.98	1	49
1638	0.98	1	49
1639	0.98	1	49
1640	0.98	1	49
1641	0.98	1	49
1642	0.98	1	49
1643	0.98	1	49
1644	0.98	1	49
1645	0.98	1	49
1646	0.98	1	49
1647	0.98	1	49
1648	0.98	1	49
1649	0.98	1	49
1650	0.98	1	49
1651	0.98	1	49
1652	0.98	1	49
1653	0.98	1	49
1654	0.98	1	49
1655	0.98	1	49
1656	0.98	1	49
1657	0.98	1	49
1658	0.98	1	49
1659	0.98	1	49
1660	0.98	1	49
1661	0.98	1	49
1662	0.98	1	49
1663	0.98	1	49
1664	0.98	1	49
1665	0.98	1	49
1666	0.98	1	49
1667	0.98	1	49
1668	0.98	1	49
1669	0.98	1	49
1670	1.00	0	50
1671	1.00	0	50
1672	1.00	0	50
1673	1.00	0	50
1674	1.00	0	50
1675	1.00	0	50
1676	0.98	1	49
1677	0.98	1	49
1678	0.98	1	49
1679	0.98	1	49
1680	0.98	1	49
1681	0.98	1	49
1682	0.98	1	49
1683	0.98	1	49
1684	0.98	1	49
1685	0.98	1	49
1686	0.96	2	48
1687	0.96	2	48
1688	0.96	2	48
1689	0.96	2	48
1690	0.96	2	48
1691	0.96	2	48
1692	0.96	2	48
1693	0.96	2	48
1694	0.96	2	48
1695	0.96	2	48
1696	0.96	2	48
1697	0.96	2	48
1698	0.96	2	48
1699	0.96	2	48
1700	0.96	2	48
1701	0.96	2	48
1702	0.94	3	47
1703	0.94	3	47
1704	0.94	3	47
1705	0.94	3	47
1706	0.94	3	47
1707	0.94	3	47
1708	0.94	3	47
1709	0.94	3	47
1710	0.94	3	47
1711	0.94	3	47
1712	0.94	3	47
1713	0.92	4	46
1714	0.92	4	46
1715	0.92	4	46
1716	0.92	4	46
1717	0.92	4	46
1718	0.92	4	46
1719	0.92	4	46
1720	0.92	4	46
1721	0.92	4	46
1722	0.92	4	46
1723	0.92	4	46
1724	0.92	4	46
1725	0.90	5	45
1726	0.92	4	46
1727	0.92	4	46
1728	0.92	4	46
1729	0.92	4	46
1730	0.92	4	46
1731	0.92	4	46
1732	0.92	4	46
1733	0.92	4	46
1734	0.92	4	46
1735	0.92	4	46
1736	0.94	3	47
1737	0.94	3	47
1738	0.94	3	47
1739	0.94	3	47
1740	0.94	3	47
1741	0.94	3	47
1742	0.94	3	47
1743	0.94	3	47
1744	0.94	3	47
1745	0.94	3	47
1746	0.94	3	47
1747	0.94	3	47
1748	0.94	3	47
1749	0.94	3	47
1750	0.94	3	47
1751	0.94	3	47
1752	0.96	2	48
1753	0.96	2	48
1754	0.96	2	48
1755	0.96	2	48
1756	0.96	2	48
1757	0.96	2	48
1758	0.96	2	48
1759	0.96	2	48
1760	0.96	2	48
1761	0.96	2	48
1762	0.96	2	48
1763	0.98	1	49
1764	0.98	1	49
1765	0.98	1	49
1766	0.98	1	49
1767	0.98	1	49
1768	0.98	1	49
1769	0.98	1	49
1770	0.98	1	49
1771	0.98	1	49
1772	0.98	1	49
1773	0.98	1	49
1774	0.98	1	49
1775	1.00	0	50
1776	1.00	0	50
1777	1.00	0	50
1778	1.00	0	50
1779	1.00	0	50
1780	1.00	0	50
1781	1.00	0	50
1782	1.00	0	50
1783	1.00	0	50
1784	1.00	0	50
1785	1.00	0	50
1786	1.00	0	50
1787	1.00	0	50
1788	1.00	0	50
1789	1.00	0	50
1790	1.00	0	50
1791	1.00	0	50
1792	1.00	0	50
1793	1.00	0	50
1794	1.00	0	50
1795	1.00	0	50
1796	1.00	0	50
1797	1.00	0	50
1798	1.00	0	50
1799	1.00	0	50
1800	1.00	0	50
1801	1.00	0	50
1802	1.00	0	50
1803	1.00	0	50
1804	1.00	0	50
1805	1.00	0	50
1806	1.00	0	50
1807	1.00	0	50
1808	1.00	0	50
1809	1.00	0	50
1810	1.00	0	50
1811	1.00	0	50
1812	1.00	0	50
1813	1.00	0	50
1814	1.00	0	50
1815	1.00	0	50
1816	1.00	0	50
1817	1.00	0	50
1818	1.00	0	50
1819	1.00	0	50
1820	1.00	0	50
1821	1.00	0	50
1822	1.00	0	50
1823	1.00	0	50
1824	1.00	0	50
1825	1.00	0	50
1826	1.00	0	50
1827	1.00	0	50
1828	1.00	0	50
1829	1.00	0	50
1830	1.00	0	50
1831	1.00	0	50
1832	1.00	0	50
1833	1.00	0	50
1834	1.00	0	50
1835	1.00	0	50
1836	1.00	0	50
1837	1.00	0	50
1838	1.00	0	50
1839	1.00	0	50
1840	1.00	0	50
1841	1.00	0	50
1842	1.00	0	50
1843	1.00	0	50
1844	1.00	0	50
1845	1.00	0	50
1846	1.00	0	50
1847	1.00	0	50
1848	1.00	0	50
1849	1.00	0	50
1850	1.00	0	50
1851	1.00	0	50
1852	1.00	0	50
1853	1.00	0	50
1854	1.00	0	50
1855	1.00	0	50
1856	1.00	0	50
1857	1.00	0	50
1858	1.00	0	50
1859	1.00	0	50
1860	1.00	0	50
1861	1.00	0	50
1862	1.00	0	50
1863	1.00	0	50
1864	1.00	0	50
1865	1.00	0	50
1866	1.00	0	50
1867	1.00	0	50
1868	1.00	0	50
1869	1.00	0	50
1870	1.00	0	50
1871	1.00	0	50
1872	1.00	0	50
1873	1.00	0	50
1874	1.00	0	50
1875	1.00	0	50
1876	1.00	0	50
1877	1.00	0	50
1878	1.00	0	50
1879	1.00	0	50
1880	1.00	0	50
1881	1.00	0	50
1882	1.00	0	50
1883	1.00	0	50
1884	1.00	0	50
1885	1.00	0	50
1886	1.00	0	50
1887	1.00	0	50
1888	1.00	0	50
1889	1.00	0	50
1890	1.00	0	50
1891	1.00	0	50
1892	1.00	0	50
1893	1.00	0	50
1894	1.00	0	50
1895	1.00	0	50
1896	1.00	0	50
1897	1.00	0	50
1898	1.00	0	50
1899	1.00	0	50
1900	1.00	0	50
1901	1.00	0	50
1902	1.00	0	50
1903	1.00	0	50
1904	1.00	0	50
1905	1.00	0	50
1906	1.00	0	50
1907	1.00	0	50
1908	1.00	0	50
1909	1.00	0	50
1910	1.00	0	50
1911	1.00	0	50
1912	1.00	0	50
1913	1.00	0	50
1914	1.00	0	50
1915	1.00	0	50
1916	1.00	0	50
1917	1.00	0	50
1918	1.00	0	50
1919	1.00	0	50
1920	1.00	0	50
1921	1.00	0	50
1922	1.00	0	50
1923	1.00	0	50
1924	1.00	0	50
1925	1.00	0	50
1926	1.00	0	50
1927	1.00	0	50
1928	1.00	0	50
1929	1.00	0	50
1930	1.00	0	50
1931	1.00	0	50
1932	1.00	0	50
1933	1.00	0	50
1934	1.00	0	50
1935	1.00	0	50
1936	1.00	0	50
1937	1.00	0	50
1938	1.00	0	50
1939	1.00	0	50
1940	1.00	0	50
1941	1.00	0	50
1942	1.00	0	50
1943	1.00	0	50
1944	1.00	0	50
1945	1.00	0	50
1946	1.00	0	50
1947	1.00	0	50
1948	1.00	0	50
1949	1.00	0	50
1950	1.00	0	50
1951	1.00	0	50
1952	1.00	0	50
1953	1.00	0	50
1954	1.00	0	50
1955	1.00	0	50
1956	1.00	0	50
1957	1.00	0	50
1958	1.00	0	50
1959	1.00	0	50
1960	1.00	0	50
1961	1.00	0	50
1962	1.00	0	50
1963	1.00	0	50
1964	1.00	0	50
1965	1.00	0	50
1966	1.00	0	50
1967	1.00	0	50
1968	1.00	0	50
1969	1.00	0	50
1970	1.00	0	50
1971	1.00	0	50
1972	1.00	0	50
1973	1.00	0	50
1974	1.00	0	50
1975	1.00	0	50
1976	1.00	0	50
1977	1.00	0	50
1978	1.00	0	50
1979	1.00	0	50
1980	1.00	0	50
1981	1.00	0	50
1982	1.00	0	50
1983	1.00	0	50
1984	1.00	0	50
1985	1.00	0	50
1986	1.00	0	50
1987	1.00	0	50
1988	1.00	0	50
1989	1.00	0	50
1990	1.00	0	50
1991	1.00	0	50
1992	1.00	0	50
1993	1.00	0	50
1994	1.00	0	50
1995	1.00	0	50
1996	1.00	0	50
1997	1.00	0	50
1998	1.00	0	50
1999	1.00	0	50
2000	0.02	1	49
2001	0.04	2	48
2002	0.06	3	47
2003	0.08	4	46
2004	0.10	5	45
2005	0.10	5	45
2006	0.12	6	44
2007	0.14	7	43
2008	0.16	8	42
2009	0.18	9	41
2010	0.20	10	40
2011	0.20	10	40
2012	0.22	11	39
2013	0.22	11	39
2014	0.22	11	39
2015	0.22	11	39
2016	0.24	12	38
2017	0.26	13	37
2018	0.28	14	36
2019	0.30	15	35
2020	0.32	16	34
2021	0.34	17	33
2022	0.36	18	32
2023	0.38	19	31
2024	0.40	20	30
2025	0.42	21	29
2026	0.44	22	28
2027	0.46	23	27
2028	0.46	23	27
2029	0.48	24	26
2030	0.48	24	26
2031	0.50	25	25
2032	0.52	26	24
2033	0.54	27	23
2034	0.54	27	23
2035	0.56	28	22
2036	0.58	29	21
2037	0.58	29	21
2038	0.58	29	21
2039	0.60	30	20
2040	0.62	31	19
2041	0.64	32	18
2042	0.66	33	17
2043	0.68	34	16
2044	0.70	35	15
2045	0.72	36	14
2046	0.74	37	13
2047	0.76	38	12
2048	0.78	39	11
2049	0.80	40	10
2050	0.80	40	10
2051	0.80	40	10
2052	0.80	40	10
2053	0.80	40	10
2054	0.80	40	10
2055	0.82	41	9
2056	0.82	41	9
2057	0.80	40	10
2058	0.80	40	10
2059	0.80	40	10
2060	0.80	40	10
2061	0.82	41	9
2062	0.82	41	9
2063	0.84	42	8
2064	0.86	43	7
2065	0.88	44	6
2066	0.88	44	6
2067	0.88	44	6
2068	0.88	44	6
2069	0.88	44	6
2070	0.88	44	6
2071	0.88	44	6
2072	0.88	44	6
2073	0.88	44	6
2074	0.88	44	6
2075	0.88	44	6
2076	0.88	44	6
2077	0.88	44	6
2078	0.90	45	5
2079	0.90	45	5
2080	0.92	46	4
2081	0.92	46	4
2082	0.92	46	4
2083	0.92	46	4
2084	0.94	47	3
2085	0.94	47	3
2086	0.94	47	3
2087	0.96	48	2
2088	0.98	49	1
2089	0.98	49	1
2090	0.98	49	1
2091	0.98	49	1
2092	0.98	49	1
2093	0.98	49	1
2094	0.98	49	1
2095	0.98	49	1
2096	0.98	49	1
2097	0.98	49	1
2098	0.98	49	1
2099	0.98	49	1
2100	0.98	49	1
2101	0.98	49	1
2102	0.98	49	1
2103	0.98	49	1
2104	0.98	49	1
2105	0.98	49	1
2106	0.98	49	1
2107	1.00	50	0
2108	1.00	50	0
2109	1.00	50	0
2110	1.00	50	0
2111	1.00	50	0
2112	1.00	50	0
2113	1.00	50	0
2114	1.00	50	0
2115	1.00	50	0
2116	1.00	50	0
2117	1.00	50	0
2118	1.00	50	0
2119	1.00	50	0
2120	1.00	50	0
2121	1.00	50	0
2122	1.00	50	0
2123	1.00	50	0
2124	1.00	50	0
2125	1.00	50	0
2126	1.00	50	0
2127	1.00	50	0
2128	1.00	50	0
2129	1.00	50	0
2130	1.00	50	0
2131	1.00	50	0
2132	1.00	50	0
2133	1.00	50	0
2134	1.00	50	0
2135	1.00	50	0
2136	1.00	50	0
2137	1.00	50	0
2138	1.00	50	0
2139	1.00	50	0
2140	1.00	50	0
2141	1.00	50	0
2142	1.00	50	0
2143	1.00	50	0
2144	1.00	50	0
2145	1.00	50	0
2146	1.00	50	0
2147	1.00	50	0
2148	1.00	50	0
2149	1.00	50	0
2150	1.00	50	0
2151	1.00	50	0
2152	1.00	50	0
2153	1.00	50	0
2154	1.00	50	0
2155	1.00	50	0
2156	1.00	50	0
2157	1.00	50	0
2158	1.00	50	0
2159	1.00	50	0
2160	1.00	50	0
2161	1.00	50	0
2162	1.00	50	0
2163	1.00	50	0
2164	1.00	50	0
2165	1.00	50	0
2166	1.00	50	0
2167	1.00	50	0
2168	1.00	50	0
2169	1.00	50	0
2170	1.00	50	0
2171	1.00	50	0
2172	1.00	50	0
2173	1.00	50	0
2174	1.00	50	0
2175	1.00	50	0
2176	1.00	50	0
2177	1.00	50	0
2178	1.00	50	0
2179	1.00	50	0
2180	1.00	50	0
2181	1.00	50	0
2182	1.00	50	0
2183	1.00	50	0
2184	1.00	50	0
2185	1.00	50	0
2186	1.00	50	0
2187	1.00	50	0
2188	1.00	50	0
2189	1.00	50	0
2190	1.00	50	0
2191	1.00	50	0
2192	1.00	50	0
2193	1.00	50	0
2194	1.00	50	0
2195	1.00	50	0
2196	1.00	50	0
2197	1.00	50	0
2198	1.00	50	0
2199	1.00	50	0
2200	1.00	50	0
2201	1.00	50	0
2202	1.00	50	0
2203	1.00	50	0
2204	1.00	50	0
2205	1.00	50	0
2206	1.00	50	0
2207	1.00	50	0
2208	1.00	50	0
2209	1.00	50	0
2210	1.00	50	0
2211	1.00	50	0
2212	1.00	50	0
2213	1.00	50	0
2214	1.00	50	0
2215	1.00	50	0
2216	1.00	50	0
2217	1.00	50	0
2218	1.00	50	0
2219	1.00	50	0
2220	1.00	50	0
2221	1.00	50	0
2222	1.00	50	0
2223	1.00	50	0
2224	1.00	50	0
2225	1.00	50	0
2226	1.00	50	0
2227	1.00	50	0
2228	1.00	50	0
2229	1.00	50	0
2230	1.00	50	0
2231	1.00	50	0
2232	1.00	50	0
2233	1.00	50	0
2234	1.00	50	0
2235	1.00	50	0
2236	1.00	50	0
2237	1.00	50	0
2238	1.00	50	0
2239	1.00	50	0
2240	1.00	50	0
2241	1.00	50	0
2242	1.00	50	0
2243	1.00	50	0
2244	1.00	50	0
2245	1.00	50	0
2246	1.00	50	0
2247	1.00	50	0
2248	1.00	50	0
2249	1.00	50	0
2250	1.00	50	0
2251	1.00	50	0
2252	1.00	50	0
2253	1.00	50	0
2254	1.00	50	0
2255	1.00	50	0
2256	1.00	50	0
2257	1.00	50	0
2258	1.00	50	0
2259	1.00	50	0
2260	1.00	50	0
2261	1.00	50	0
2262	1.00	50	0
2263	1.00	50	0
2264	1.00	50	0
2265	1.00	50	0
2266	1.00	50	0
2267	1.00	50	0
2268	1.00	50	0
2269	1.00	50	0
2270	1.00	50	0
2271	1.00	50	0
2272	1.00	50	0
2273	1.00	50	0
2274	1.00	50	0
2275	1.00	50	0
2276	1.00	50	0
2277	1.00	50	0
2278	1.00	50	0
2279	1.00	50	0
2280	1.00	50	0
2281	1.00	50	0
2282	1.00	50	0
2283	1.00	50	0
2284	1.00	50	0
2285	1.00	50	0
2286	1.00	50	0
2287	1.00	50	0
2288	1.00	50	0
2289	1.00	50	0
2290	1.00	50	0
2291	1.00	50	0
2292	1.00	50	0
2293	1.00	50	0
2294	1.00	50	0
2295	1.00	50	0
2296	1.00	50	0
2297	1.00	50	0
2298	1.00	50	0
2299	1.00	50	0
2300	1.00	50	0
2301	1.00	50	0
2302	1.00	50	0
2303	1.00	50	0
2304	1.00	50	0
2305	1.00	50	0
2306	1.00	50	0
2307	1.00	50	0
2308	1.00	50	0
2309	1.00	50	0
2310	1.00	50	0
2311	1.00	50	0
2312	1.00	50	0
2313	1.00	50	0
2314	1.00	50	0
2315	1.00	50	0
2316	1.00	50	0
2317	1.00	50	0
2318	1.00	50	0
2319	1.00	50	0
2320	1.00	50	0
2321	1.00	50	0
2322	1.00	50	0
2323	1.00	50	0
2324	1.00	50	0
2325	1.00	50	0
2326	1.00	50	0
2327	1.00	50	0
2328	1.00	50	0
2329	1.00	50	0
2330	1.00	50	0
2331	1.00	50	0
2332	1.00	50	0
2333	1.00	50	0
2334	1.00	50	0
2335	1.00	50	0
2336	0.98	49	1
2337	0.98	49	1
2338	0.98	49	1
2339	0.98	49	1
2340	0.98	49	1
2341	0.98	49	1
2342	0.98	49	1
2343	0.98	49	1
2344	0.98	49	1
2345	0.98	49	1
2346	0.98	49	1
2347	0.98	49	1
2348	0.98	49	1
2349	0.98	49	1
2350	0.96	48	2
2351	0.96	48	2
2352	0.96	48	2
2353	0.96	48	2
2354	0.96	48	2
2355	0.96	48	2
2356	0.96	48	2
2357	0.96	48	2
2358	0.96	48	2
2359	0.96	48	2
2360	0.96	48	2
2361	0.96	48	2
2362	0.96	48	2
2363	0.96	48	2
2364	0.96	48	2
2365	0.96	48	2
2366	0.96	48	2
2367	0.96	48	2
2368	0.96	48	2
2369	0.96	48	2
2370	0.96	48	2
2371	0.96	48	2
2372	0.94	47	3
2373	0.94	47	3
2374	0.94	47	3
2375	0.94	47	3
2376	0.94	47	3
2377	0.94	47	3
2378	0.94	47	3
2379	0.94	47	3
2380	0.94	47	3
2381	0.94	47	3
2382	0.94	47	3
2383	0.94	47	3
2384	0.94	47	3
2385	0.94	47	3
2386	0.96	48	2
2387	0.96	48	2
2388	0.96	48	2
2389	0.96	48	2
2390	0.96	48	2
2391	0.96	48	2
2392	0.96	48	2
2393	0.96	48	2
2394	0.96	48	2
2395	0.96	48	2
2396	0.96	48	2
2397	0.96	48	2
2398	0.96	48	2
2399	0.96	48	2
2400	0.98	49	1
2401	0.98	49	1
2402	0.98	49	1
2403	0.98	49	1
2404	0.98	49	1
2405	0.98	49	1
2406	0.98	49	1
2407	0.98	49	1
2408	0.98	49	1
2409	0.98	49	1
2410	0.98	49	1
2411	0.98	49	1
2412	0.98	49	1
2413	0.98	49	1
2414	0.98	49	1
2415	0.98	49	1
2416	0.98	49	1
2417	0.98	49	1
2418	0.98	49	1
2419	0.98	49	1
2420	0.98	49	1
2421	0.98	49	1
2422	1.00	50	0
2423	1.00	50	0
2424	1.00	50	0
2425	1.00	50	0
2426	1.00	50	0
2427	1.00	50	0
2428	1.00	50	0
2429	1.00	50	0
2430	1.00	50	0
2431	1.00	50	0
2432	1.00	50	0
2433	1.00	50	0
2434	1.00	50	0
2435	1.00	50	0
2436	1.00	50	0
2437	1.00	50	0
2438	1.00	50	0
2439	1.00	50	0
2440	1.00	50	0
2441	1.00	50	0
2442	1.00	50	0
2443	1.00	50	0
2444	1.00	50	0
2445	1.00	50	0
2446	1.00	50	0
2447	1.00	50	0
2448	1.00	50	0
2449	1.00	50	0
2450	1.00	50	0
2451	1.00	50	0
2452	1.00	50	0
2453	1.00	50	0
2454	1.00	50	0
2455	1.00	50	0
2456	1.00	50	0
2457	1.00	50	0
2458	1.00	50	0
2459	1.00	50	0
2460	1.00	50	0
2461	1.00	50	0
2462	1.00	50	0
2463	1.00	50	0
2464	1.00	50	0
2465	1.00	50	0
2466	0.98	49	1
2467	0.98	49	1
2468	0.98	49	1
2469	0.98	49	1
2470	0.98	49	1
2471	0.98	49	1
2472	0.98	49	1
2473	0.98	49	1
2474	0.98	49	1
2475	0.98	49	1
2476	0.98	49	1
2477	0.98	49	1
2478	0.98	49	1
2479	0.98	49	1
2480	0.98	49	1
2481	0.98	49	1
2482	0.98	49	1
2483	0.98	49	1
2484	0.98	49	1
2485	0.98	49	1
2486	0.98	49	1
2487	0.98	49	1
2488	0.98	49	1
2489	0.98	49	1
2490	0.98	49	1
2491	0.98	49	1
2492	0.98	49	1
2493	0.98	49	1
2494	0.98	49	1
2495	0.98	49	1
2496	0.98	49	1
2497	0.98	49	1
2498	0.98	49	1
2499	0.98	49	1
2500	0.04	48	2
2501	0.04	48	2
2502	0.06	47	3
2503	0.08	46	4
2504	0.08	46	4
2505	0.10	45	5
2506	0.10	45	5
2507	0.12	44	6
2508	0.12	44	6
2509	0.14	43	7
2510	0.16	42	8
2511	0.18	41	9
2512	0.18	41	9
2513	0.18	41	9
2514	0.20	40	10
2515	0.22	39	11
2516	0.22	39	11
2517	0.24	38	12
2518	0.26	37	13
2519	0.28	36	14
2520	0.28	36	14
2521	0.28	36	14
2522	0.30	35	15
2523	0.32	34	16
2524	0.34	33	17
2525	0.36	32	18
2526	0.38	31	19
2527	0.38	31	19
2528	0.40	30	20
2529	0.40	30	20
2530	0.42	29	21
2531	0.42	29	21
2532	0.44	28	22
2533	0.44	28	22
2534	0.46	27	23
2535	0.46	27	23
2536	0.48	26	24
2537	0.50	25	25
2538	0.50	25	25
2539	0.52	24	26
2540	0.54	23	27
2541	0.56	22	28
2542	0.58	21	29
2543	0.60	20	30
2544	0.62	19	31
2545	0.64	18	32
2546	0.66	17	33
2547	0.68	16	34
2548	0.70	15	35
2549	0.72	14	36
2550	0.72	14	36
2551	0.74	13	37
2552	0.74	13	37
2553	0.74	13	37
2554	0.76	12	38
2555	0.76	12	38
2556	0.78	11	39
2557	0.78	11	39
2558	0.80	10	40
2559	0.80	10	40
2560	0.80	10	40
2561	0.78	11	39
2562	0.78	11	39
2563	0.80	10	40
2564	0.80	10	40
2565	0.80	10	40
2566	0.80	10	40
2567	0.80	10	40
2568	0.80	10	40
2569	0.80	10	40
2570	0.80	10	40
2571	0.82	9	41
2572	0.82	9	41
2573	0.80	10	40
2574	0.80	10	40
2575	0.80	10	40
2576	0.80	10	40
2577	0.82	9	41
2578	0.82	9	41
2579	0.84	8	42
2580	0.84	8	42
2581	0.86	7	43
2582	0.86	7	43
2583	0.88	6	44
2584	0.86	7	43
2585	0.88	6	44
2586	0.88	6	44
2587	0.88	6	44
2588	0.90	5	45
2589	0.90	5	45
2590	0.90	5	45
2591	0.90	5	45
2592	0.90	5	45
2593	0.90	5	45
2594	0.90	5	45
2595	0.90	5	45
2596	0.90	5	45
2597	0.90	5	45
2598	0.90	5	45
2599	0.90	5	45
2600	0.90	5	45
2601	0.90	5	45
2602	0.90	5	45
2603	0.90	5	45
2604	0.90	5	45
2605	0.90	5	45
2606	0.90	5	45
2607	0.90	5	45
2608	0.90	5	45
2609	0.90	5	45
2610	0.90	5	45
2611	0.92	4	46
2612	0.94	3	47
2613	0.94	3	47
2614	0.94	3	47
2615	0.94	3	47
2616	0.94	3	47
2617	0.94	3	47
2618	0.94	3	47
2619	0.94	3	47
2620	0.96	2	48
2621	0.96	2	48
2622	0.96	2	48
2623	0.98	1	49
2624	0.98	1	49
2625	0.98	1	49
2626	0.98	1	49
2627	0.98	1	49
2628	0.98	1	49
2629	0.98	1	49
2630	0.98	1	49
2631	0.98	1	49
2632	0.96	2	48
2633	0.96	2	48
2634	0.98	1	49
2635	0.98	1	49
2636	0.98	1	49
2637	0.98	1	49
2638	0.98	1	49
2639	0.98	1	49
2640	0.98	1	49
2641	0.98	1	49
2642	0.98	1	49
2643	0.98	1	49
2644	0.98	1	49
2645	0.98	1	49
2646	0.98	1	49
2647	0.98	1	49
2648	0.98	1	49
2649	0.98	1	49
2650	0.98	1	49
2651	0.98	1	49
2652	0.98	1	49
2653	0.98	1	49
2654	0.98	1	49
2655	0.98	1	49
2656	0.98	1	49
2657	0.98	1	49
2658	0.98	1	49
2659	0.98	1	49
2660	0.98	1	49
2661	0.98	1	49
2662	0.98	1	49
2663	0.98	1	49
2664	0.98	1	49
2665	0.98	1	49
2666	0.98	1	49
2667	0.98	1	49
2668	0.98	1	49
2669	0.98	1	49
2670	0.98	1	49
2671	0.98	1	49
2672	0.98	1	49
2673	0.98	1	49
2674	0.98	1	49
2675	0.98	1	49
2676	0.98	1	49
2677	0.98	1	49
2678	0.98	1	49
2679	0.98	1	49
2680	0.98	1	49
2681	0.98	1	49
2682	1.00	0	50
2683	1.00	0	50
2684	1.00	0	50
2685	1.00	0	50
2686	1.00	0	50
2687	1.00	0	50
2688	1.00	0	50
2689	1.00	0	50
2690	1.00	0	50
2691	1.00	0	50
2692	1.00	0	50
2693	1.00	0	50
2694	1.00	0	50
2695	1.00	0	50
2696	1.00	0	50
2697	1.00	0	50
2698	1.00	0	50
2699	1.00	0	50
2700	1.00	0	50
2701	1.00	0	50
2702	1.00	0	50
2703	1.00	0	50
2704	1.00	0	50
2705	1.00	0	50
2706	1.00	0	50
2707	1.00	0	50
2708	1.00	0	50
2709	1.00	0	50
2710	1.00	0	50
2711	1.00	0	50
2712	1.00	0	50
2713	1.00	0	50
2714	1.00	0	50
2715	1.00	0	50
2716	1.00	0	50
2717	1.00	0	50
2718	1.00	0	50
2719	1.00	0	50
2720	1.00	0	50
2721	1.00	0	50
2722	1.00	0	50
2723	1.00	0	50
2724	1.00	0	50
2725	1.00	0	50
2726	1.00	0	50
2727	1.00	0	50
2728	1.00	0	50
2729	1.00	0	50
2730	1.00	0	50
2731	0.98	1	49
2732	0.98	1	49
2733	0.98	1	49
2734	0.98	1	49
2735	0.98	1	49
2736	0.98	1	49
2737	0.98	1	49
2738	0.98	1	49
2739	0.98	1	49
2740	0.98	1	49
2741	0.98	1	49
2742	0.98	1	49
2743	0.98	1	49
2744	0.98	1	49
2745	0.98	1	49
2746	0.98	1	49
2747	0.98	1	49
2748	0.98	1	49
2749	0.98	1	49
2750	0.98	1	49
2751	0.98	1	49
2752	0.98	1	49
2753	0.98	1	49
2754	0.98	1	49
2755	0.98	1	49
2756	0.98	1	49
2757	0.98	1	49
2758	0.98	1	49
2759	0.96	2	48
2760	0.96	2	48
2761	0.96	2	48
2762	0.96	2	48
2763	0.96	2	48
2764	0.96	2	48
2765	0.96	2	48
2766	0.96	2	48
2767	0.96	2	48
2768	0.96	2	48
2769	0.96	2	48
2770	0.96	2	48
2771	0.96	2	48
2772	0.96	2	48
2773	0.96	2	48
2774	0.96	2	48
2775	0.96	2	48
2776	0.96	2	48
2777	0.96	2	48
2778	0.96	2	48
2779	0.96	2	48
2780	0.96	2	48
2781	0.98	1	49
2782	0.98	1	49
2783	0.98	1	49
2784	0.98	1	49
2785	0.98	1	49
2786	0.98	1	49
2787	0.98	1	49
2788	0.98	1	49
2789	0.98	1	49
2790	0.98	1	49
2791	0.98	1	49
2792	0.98	1	49
2793	0.98	1	49
2794	0.98	1	49
2795	0.98	1	49
2796	0.98	1	49
2797	0.98	1	49
2798	0.98	1	49
2799	0.98	1	49
2800	0.98	1	49
2801	0.98	1	49
2802	0.98	1	49
2803	0.98	1	49
2804	0.98	1	49
2805	0.98	1	49
2806	0.98	1	49
2807	0.98	1	49
2808	0.98	1	49
2809	1.00	0	50
2810	1.00	0	50
2811	1.00	0	50
2812	1.00	0	50
2813	1.00	0	50
2814	1.00	0	50
2815	1.00	0	50
2816	1.00	0	50
2817	0.98	1	49
2818	0.98	1	49
2819	0.98	1	49
2820	0.98	1	49
2821	0.98	1	49
2822	0.98	1	49
2823	0.98	1	49
2824	0.98	1	49
2825	0.98	1	49
2826	0.98	1	49
2827	0.98	1	49
2828	0.98	1	49
2829	0.98	1	49
2830	0.98	1	49
2831	0.98	1	49
2832	0.98	1	49
2833	0.98	1	49
2834	0.98	1	49
2835	0.98	1	49
2836	0.98	1	49
2837	0.98	1	49
2838	0.98	1	49
2839	0.98	1	49
2840	0.98	1	49
2841	0.98	1	49
2842	0.98	1	49
2843	0.98	1	49
2844	0.98	1	49
2845	0.98	1	49
2846	0.98	1	49
2847	0.98	1	49
2848	0.98	1	49
2849	0.98	1	49
2850	0.98	1	49
2851	0.98	1	49
2852	0.98	1	49
2853	0.98	1	49
2854	0.98	1	49
2855	0.98	1	49
2856	0.98	1	49
2857	0.98	1	49
2858	0.98	1	49
2859	0.98	1	49
2860	0.98	1	49
2861	0.98	1	49
2862	0.98	1	49
2863	0.98	1	49
2864	0.98	1	49
2865	0.98	1	49
2866	0.98	1	49
2867	1.00	0	50
2868	1.00	0	50
2869	1.00	0	50
2870	1.00	0	50
2871	1.00	0	50
2872	1.00	0	50
2873	1.00	0	50
2874	1.00	0	50
2875	1.00	0	50
2876	1.00	0	50
2877	1.00	0	50
2878	1.00	0	50
2879	1.00	0	50
2880	1.00	0	50
2881	1.00	0	50
2882	1.00	0	50
2883	1.00	0	50
2884	1.00	0	50
2885	1.00	0	50
2886	1.00	0	50
2887	1.00	0	50
2888	1.00	0	50
2889	1.00	0	50
2890	1.00	0	50
2891	0.98	1	49
2892	0.98	1	49
2893	0.98	1	49
2894	0.98	1	49
2895	0.98	1	49
2896	0.98	1	49
2897	0.98	1	49
2898	0.98	1	49
2899	0.98	1	49
2900	0.98	1	49
2901	0.98	1	49
2902	0.98	1	49
2903	0.98	1	49
2904	0.98	1	49
2905	0.98	1	49
2906	0.98	1	49
2907	0.98	1	49
2908	0.98	1	49
2909	0.98	1	49
2910	0.98	1	49
2911	0.98	1	49
2912	0.98	1	49
2913	0.98	1	49
2914	0.98	1	49
2915	0.98	1	49
2916	0.98	1	49
2917	0.98	1	49
2918	0.98	1	49
2919	0.98	1	49
2920	0.98	1	49
2921	0.98	1	49
2922	0.98	1	49
2923	0.98	1	49
2924	0.98	1	49
2925	0.98	1	49
2926	0.98	1	49
2927	0.98	1	49
2928	0.98	1	49
2929	0.98	1	49
2930	0.98	1	49
2931	0.98	1	49
2932	0.98	1	49
2933	0.98	1	49
2934	0.98	1	49
2935	0.98	1	49
2936	0.98	1	49
2937	0.98	1	49
2938	0.98	1	49
2939	0.98	1	49
2940	0.98	1	49
2941	1.00	0	50
2942	1.00	0	50
2943	1.00	0	50
2944	1.00	0	50
2945	1.00	0	50
2946	1.00	0	50
2947	1.00	0	50
2948	1.00	0	50
2949	1.00	0	50
2950	1.00	0	50
2951	1.00	0	50
2952	1.00	0	50
2953	1.00	0	50
2954	1.00	0	50
2955	1.00	0	50
2956	1.00	0	50
2957	1.00	0	50
2958	1.00	0	50
2959	1.00	0	50
2960	1.00	0	50
2961	1.00	0	50
2962	1.00	0	50
2963	1.00	0	50
2964	1.00	0	50
2965	1.00	0	50
2966	1.00	0	50
2967	1.00	0	50
2968	1.00	0	50
2969	1.00	0	50
2970	1.00	0	50
2971	1.00	0	50
2972	1.00	0	50
2973	1.00	0	50
2974	1.00	0	50
2975	1.00	0	50
2976	1.00	0	50
2977	1.00	0	50
2978	1.00	0	50
2979	1.00	0	50
2980	1.00	0	50
2981	1.00	0	50
2982	1.00	0	50
2983	1.00	0	50
2984	1.00	0	50
2985	1.00	0	50
2986	1.00	0	50
2987	1.00	0	50
2988	1.00	0	50
2989	1.00	0	50
2990	1.00	0	50
2991	1.00	0	50
2992	1.00	0	50
2993	1.00	0	50
2994	1.00	0	50
2995	1.00	0	50
2996	1.00	0	50
2997	1.00	0	50
2998	1.00	0	50
2999	1.00	0	50
