timestep	swarm_quality	color_0	color_1
0	0.70	35	15
1	0.70	35	15
2	0.70	35	15
3	0.70	35	15
4	0.70	35	15
5	0.70	35	15
6	0.70	35	15
7	0.70	35	15
8	0.70	35	15
9	0.70	35	15
10	0.70	35	15
11	0.70	35	15
12	0.70	35	15
13	0.70	35	15
14	0.70	35	15
15	0.70	35	15
16	0.70	35	15
17	0.70	35	15
18	0.70	35	15
19	0.68	34	16
20	0.68	34	16
21	0.68	34	16
22	0.68	34	16
23	0.68	34	16
24	0.68	34	16
25	0.68	34	16
26	0.68	34	16
27	0.66	33	17
28	0.66	33	17
29	0.66	33	17
30	0.66	33	17
31	0.66	33	17
32	0.66	33	17
33	0.66	33	17
34	0.66	33	17
35	0.68	34	16
36	0.70	35	15
37	0.72	36	14
38	0.74	37	13
39	0.76	38	12
40	0.78	39	11
41	0.80	40	10
42	0.82	41	9
43	0.84	42	8
44	0.86	43	7
45	0.88	44	6
46	0.90	45	5
47	0.92	46	4
48	0.94	47	3
49	0.96	48	2
50	0.96	48	2
51	0.96	48	2
52	0.96	48	2
53	0.96	48	2
54	0.96	48	2
55	0.96	48	2
56	0.96	48	2
57	0.96	48	2
58	0.96	48	2
59	0.96	48	2
60	0.96	48	2
61	0.96	48	2
62	0.96	48	2
63	0.96	48	2
64	0.96	48	2
65	0.96	48	2
66	0.96	48	2
67	0.96	48	2
68	0.96	48	2
69	0.98	49	1
70	0.98	49	1
71	0.98	49	1
72	0.98	49	1
73	0.98	49	1
74	0.98	49	1
75	0.98	49	1
76	0.98	49	1
77	1.00	50	0
78	1.00	50	0
79	1.00	50	0
80	1.00	50	0
81	1.00	50	0
82	1.00	50	0
83	1.00	50	0
84	1.00	50	0
85	1.00	50	0
86	1.00	50	0
87	1.00	50	0
88	1.00	50	0
89	1.00	50	0
90	1.00	50	0
91	1.00	50	0
92	1.00	50	0
93	1.00	50	0
94	1.00	50	0
95	1.00	50	0
96	1.00	50	0
97	1.00	50	0
98	1.00	50	0
99	1.00	50	0
100	1.00	50	0
101	1.00	50	0
102	1.00	50	0
103	1.00	50	0
104	1.00	50	0
105	1.00	50	0
106	1.00	50	0
107	1.00	50	0
108	1.00	50	0
109	1.00	50	0
110	1.00	50	0
111	1.00	50	0
112	1.00	50	0
113	1.00	50	0
114	1.00	50	0
115	1.00	50	0
116	1.00	50	0
117	1.00	50	0
118	1.00	50	0
119	1.00	50	0
120	1.00	50	0
121	1.00	50	0
122	1.00	50	0
123	1.00	50	0
124	1.00	50	0
125	1.00	50	0
126	1.00	50	0
127	1.00	50	0
128	1.00	50	0
129	1.00	50	0
130	1.00	50	0
131	1.00	50	0
132	1.00	50	0
133	1.00	50	0
134	1.00	50	0
135	1.00	50	0
136	1.00	50	0
137	1.00	50	0
138	1.00	50	0
139	1.00	50	0
140	1.00	50	0
141	1.00	50	0
142	1.00	50	0
143	1.00	50	0
144	1.00	50	0
145	1.00	50	0
146	1.00	50	0
147	1.00	50	0
148	1.00	50	0
149	1.00	50	0
150	1.00	50	0
151	1.00	50	0
152	1.00	50	0
153	1.00	50	0
154	1.00	50	0
155	1.00	50	0
156	1.00	50	0
157	1.00	50	0
158	1.00	50	0
159	1.00	50	0
160	1.00	50	0
161	1.00	50	0
162	1.00	50	0
163	1.00	50	0
164	1.00	50	0
165	1.00	50	0
166	1.00	50	0
167	1.00	50	0
168	1.00	50	0
169	1.00	50	0
170	1.00	50	0
171	1.00	50	0
172	1.00	50	0
173	1.00	50	0
174	1.00	50	0
175	1.00	50	0
176	1.00	50	0
177	1.00	50	0
178	1.00	50	0
179	1.00	50	0
180	1.00	50	0
181	1.00	50	0
182	1.00	50	0
183	1.00	50	0
184	1.00	50	0
185	1.00	50	0
186	1.00	50	0
187	1.00	50	0
188	1.00	50	0
189	1.00	50	0
190	1.00	50	0
191	1.00	50	0
192	1.00	50	0
193	1.00	50	0
194	1.00	50	0
195	1.00	50	0
196	1.00	50	0
197	1.00	50	0
198	1.00	50	0
199	1.00	50	0
200	1.00	50	0
201	1.00	50	0
202	1.00	50	0
203	1.00	50	0
204	1.00	50	0
205	1.00	50	0
206	1.00	50	0
207	1.00	50	0
208	1.00	50	0
209	1.00	50	0
210	1.00	50	0
211	1.00	50	0
212	1.00	50	0
213	1.00	50	0
214	1.00	50	0
215	1.00	50	0
216	1.00	50	0
217	1.00	50	0
218	1.00	50	0
219	1.00	50	0
220	1.00	50	0
221	1.00	50	0
222	1.00	50	0
223	1.00	50	0
224	1.00	50	0
225	1.00	50	0
226	1.00	50	0
227	1.00	50	0
228	1.00	50	0
229	1.00	50	0
230	1.00	50	0
231	1.00	50	0
232	1.00	50	0
233	1.00	50	0
234	1.00	50	0
235	1.00	50	0
236	1.00	50	0
237	1.00	50	0
238	1.00	50	0
239	1.00	50	0
240	1.00	50	0
241	1.00	50	0
242	1.00	50	0
243	1.00	50	0
244	1.00	50	0
245	1.00	50	0
246	1.00	50	0
247	1.00	50	0
248	1.00	50	0
249	1.00	50	0
250	1.00	50	0
251	1.00	50	0
252	0.98	49	1
253	0.98	49	1
254	0.98	49	1
255	0.98	49	1
256	0.98	49	1
257	0.98	49	1
258	0.98	49	1
259	0.98	49	1
260	0.98	49	1
261	0.98	49	1
262	0.98	49	1
263	0.98	49	1
264	0.98	49	1
265	0.98	49	1
266	0.98	49	1
267	0.98	49	1
268	0.98	49	1
269	0.98	49	1
270	0.98	49	1
271	0.98	49	1
272	0.98	49	1
273	0.98	49	1
274	0.98	49	1
275	0.98	49	1
276	0.98	49	1
277	0.98	49	1
278	0.98	49	1
279	0.98	49	1
280	0.98	49	1
281	0.98	49	1
282	0.98	49	1
283	0.98	49	1
284	0.98	49	1
285	0.98	49	1
286	0.98	49	1
287	0.98	49	1
288	0.98	49	1
289	0.98	49	1
290	0.98	49	1
291	0.98	49	1
292	0.98	49	1
293	0.98	49	1
294	0.98	49	1
295	0.98	49	1
296	0.98	49	1
297	0.98	49	1
298	0.98	49	1
299	0.98	49	1
300	0.98	49	1
301	0.98	49	1
302	1.00	50	0
303	1.00	50	0
304	1.00	50	0
305	1.00	50	0
306	1.00	50	0
307	1.00	50	0
308	1.00	50	0
309	1.00	50	0
310	1.00	50	0
311	0.98	49	1
312	0.98	49	1
313	0.98	49	1
314	0.98	49	1
315	0.98	49	1
316	0.98	49	1
317	0.98	49	1
318	0.98	49	1
319	0.98	49	1
320	0.98	49	1
321	0.98	49	1
322	0.98	49	1
323	0.98	49	1
324	0.98	49	1
325	0.98	49	1
326	0.98	49	1
327	0.98	49	1
328	0.98	49	1
329	0.98	49	1
330	0.98	49	1
331	0.98	49	1
332	0.98	49	1
333	0.98	49	1
334	0.98	49	1
335	0.96	48	2
336	0.96	48	2
337	0.96	48	2
338	0.96	48	2
339	0.96	48	2
340	0.96	48	2
341	0.96	48	2
342	0.96	48	2
343	0.96	48	2
344	0.96	48	2
345	0.96	48	2
346	0.96	48	2
347	0.96	48	2
348	0.96	48	2
349	0.96	48	2
350	0.96	48	2
351	0.96	48	2
352	0.96	48	2
353	0.96	48	2
354	0.96	48	2
355	0.96	48	2
356	0.96	48	2
357	0.96	48	2
358	0.96	48	2
359	0.96	48	2
360	0.96	48	2
361	0.98	49	1
362	0.98	49	1
363	0.98	49	1
364	0.98	49	1
365	0.98	49	1
366	0.98	49	1
367	0.98	49	1
368	0.98	49	1
369	0.98	49	1
370	0.98	49	1
371	0.98	49	1
372	0.98	49	1
373	0.98	49	1
374	0.98	49	1
375	0.98	49	1
376	0.98	49	1
377	0.98	49	1
378	0.98	49	1
379	0.98	49	1
380	0.98	49	1
381	0.98	49	1
382	0.98	49	1
383	0.98	49	1
384	0.98	49	1
385	0.98	49	1
386	0.96	48	2
387	0.96	48	2
388	0.96	48	2
389	0.96	48	2
390	0.96	48	2
391	0.96	48	2
392	0.96	48	2
393	0.96	48	2
394	0.96	48	2
395	0.96	48	2
396	0.96	48	2
397	0.96	48	2
398	0.96	48	2
399	0.96	48	2
400	0.96	48	2
401	0.96	48	2
402	0.96	48	2
403	0.96	48	2
404	0.96	48	2
405	0.96	48	2
406	0.96	48	2
407	0.96	48	2
408	0.96	48	2
409	0.96	48	2
410	0.96	48	2
411	0.94	47	3
412	0.94	47	3
413	0.94	47	3
414	0.94	47	3
415	0.94	47	3
416	0.94	47	3
417	0.94	47	3
418	0.94	47	3
419	0.94	47	3
420	0.94	47	3
421	0.94	47	3
422	0.94	47	3
423	0.94	47	3
424	0.94	47	3
425	0.94	47	3
426	0.94	47	3
427	0.94	47	3
428	0.94	47	3
429	0.94	47	3
430	0.94	47	3
431	0.94	47	3
432	0.94	47	3
433	0.94	47	3
434	0.94	47	3
435	0.96	48	2
436	0.98	49	1
437	0.98	49	1
438	0.98	49	1
439	0.98	49	1
440	0.98	49	1
441	0.98	49	1
442	0.98	49	1
443	0.98	49	1
444	0.98	49	1
445	0.98	49	1
446	0.98	49	1
447	0.98	49	1
448	0.98	49	1
449	0.98	49	1
450	0.98	49	1
451	0.98	49	1
452	0.98	49	1
453	0.98	49	1
454	0.98	49	1
455	0.98	49	1
456	0.98	49	1
457	0.98	49	1
458	0.98	49	1
459	0.98	49	1
460	0.98	49	1
461	1.00	50	0
462	1.00	50	0
463	1.00	50	0
464	1.00	50	0
465	1.00	50	0
466	1.00	50	0
467	1.00	50	0
468	1.00	50	0
469	1.00	50	0
470	1.00	50	0
471	1.00	50	0
472	1.00	50	0
473	1.00	50	0
474	0.98	49	1
475	0.98	49	1
476	0.98	49	1
477	0.98	49	1
478	0.98	49	1
479	0.98	49	1
480	0.98	49	1
481	0.98	49	1
482	0.98	49	1
483	0.98	49	1
484	0.98	49	1
485	0.98	49	1
486	0.98	49	1
487	0.98	49	1
488	0.98	49	1
489	0.98	49	1
490	0.98	49	1
491	0.98	49	1
492	0.98	49	1
493	0.98	49	1
494	0.98	49	1
495	0.98	49	1
496	0.98	49	1
497	0.98	49	1
498	0.98	49	1
499	0.98	49	1
500	0.04	48	2
501	0.04	48	2
502	0.04	48	2
503	0.06	47	3
504	0.06	47	3
505	0.06	47	3
506	0.08	46	4
507	0.08	46	4
508	0.08	46	4
509	0.10	45	5
510	0.10	45	5
511	0.10	45	5
512	0.12	44	6
513	0.12	44	6
514	0.14	43	7
515	0.14	43	7
516	0.14	43	7
517	0.14	43	7
518	0.14	43	7
519	0.14	43	7
520	0.16	42	8
521	0.16	42	8
522	0.16	42	8
523	0.16	42	8
524	0.14	43	7
525	0.14	43	7
526	0.16	42	8
527	0.16	42	8
528	0.16	42	8
529	0.16	42	8
530	0.16	42	8
531	0.16	42	8
532	0.16	42	8
533	0.16	42	8
534	0.16	42	8
535	0.18	41	9
536	0.18	41	9
537	0.20	40	10
538	0.22	39	11
539	0.22	39	11
540	0.24	38	12
541	0.24	38	12
542	0.26	37	13
543	0.28	36	14
544	0.28	36	14
545	0.30	35	15
546	0.30	35	15
547	0.30	35	15
548	0.32	34	16
549	0.34	33	17
550	0.34	33	17
551	0.36	32	18
552	0.38	31	19
553	0.38	31	19
554	0.40	30	20
555	0.40	30	20
556	0.40	30	20
557	0.42	29	21
558	0.44	28	22
559	0.42	29	21
560	0.42	29	21
561	0.44	28	22
562	0.44	28	22
563	0.46	27	23
564	0.44	28	22
565	0.46	27	23
566	0.48	26	24
567	0.50	25	25
568	0.52	24	26
569	0.54	23	27
570	0.54	23	27
571	0.56	22	28
572	0.58	21	29
573	0.60	20	30
574	0.62	19	31
575	0.64	18	32
576	0.64	18	32
577	0.66	17	33
578	0.68	16	34
579	0.70	15	35
580	0.72	14	36
581	0.74	13	37
582	0.76	12	38
583	0.78	11	39
584	0.80	10	40
585	0.80	10	40
586	0.82	9	41
587	0.82	9	41
588	0.82	9	41
589	0.84	8	42
590	0.84	8	42
591	0.86	7	43
592	0.86	7	43
593	0.86	7	43
594	0.88	6	44
595	0.88	6	44
596	0.90	5	45
597	0.92	4	46
598	0.92	4	46
599	0.92	4	46
600	0.92	4	46
601	0.92	4	46
602	0.92	4	46
603	0.92	4	46
604	0.92	4	46
605	0.94	3	47
606	0.94	3	47
607	0.92	4	46
608	0.92	4	46
609	0.94	3	47
610	0.96	2	48
611	0.96	2	48
612	0.96	2	48
613	0.96	2	48
614	0.98	1	49
615	0.98	1	49
616	0.98	1	49
617	0.98	1	49
618	0.98	1	49
619	0.98	1	49
620	0.98	1	49
621	0.98	1	49
622	0.98	1	49
623	0.98	1	49
624	0.98	1	49
625	0.98	1	49
626	0.98	1	49
627	0.98	1	49
628	0.98	1	49
629	0.98	1	49
630	0.98	1	49
631	0.98	1	49
632	0.98	1	49
633	0.98	1	49
634	0.98	1	49
635	0.98	1	49
636	0.98	1	49
637	0.98	1	49
638	0.98	1	49
639	0.98	1	49
640	0.98	1	49
641	0.98	1	49
642	0.98	1	49
643	0.98	1	49
644	0.98	1	49
645	0.98	1	49
646	0.98	1	49
647	0.98	1	49
648	0.98	1	49
649	0.98	1	49
650	0.98	1	49
651	0.98	1	49
652	0.98	1	49
653	0.98	1	49
654	0.98	1	49
655	0.98	1	49
656	0.98	1	49
657	1.00	0	50
658	1.00	0	50
659	1.00	0	50
660	1.00	0	50
661	1.00	0	50
662	1.00	0	50
663	1.00	0	50
664	1.00	0	50
665	1.00	0	50
666	1.00	0	50
667	1.00	0	50
668	1.00	0	50
669	1.00	0	50
670	1.00	0	50
671	1.00	0	50
672	1.00	0	50
673	1.00	0	50
674	1.00	0	50
675	1.00	0	50
676	1.00	0	50
677	1.00	0	50
678	1.00	0	50
679	1.00	0	50
680	1.00	0	50
681	1.00	0	50
682	1.00	0	50
683	1.00	0	50
684	1.00	0	50
685	1.00	0	50
686	1.00	0	50
687	1.00	0	50
688	1.00	0	50
689	1.00	0	50
690	1.00	0	50
691	1.00	0	50
692	1.00	0	50
693	1.00	0	50
694	1.00	0	50
695	1.00	0	50
696	1.00	0	50
697	1.00	0	50
698	1.00	0	50
699	1.00	0	50
700	1.00	0	50
701	1.00	0	50
702	1.00	0	50
703	1.00	0	50
704	1.00	0	50
705	1.00	0	50
706	1.00	0	50
707	1.00	0	50
708	1.00	0	50
709	1.00	0	50
710	1.00	0	50
711	1.00	0	50
712	1.00	0	50
713	1.00	0	50
714	1.00	0	50
715	1.00	0	50
716	1.00	0	50
717	1.00	0	50
718	1.00	0	50
719	1.00	0	50
720	1.00	0	50
721	1.00	0	50
722	1.00	0	50
723	1.00	0	50
724	1.00	0	50
725	1.00	0	50
726	1.00	0	50
727	1.00	0	50
728	1.00	0	50
729	1.00	0	50
730	1.00	0	50
731	1.00	0	50
732	1.00	0	50
733	1.00	0	50
734	1.00	0	50
735	1.00	0	50
736	1.00	0	50
737	1.00	0	50
738	1.00	0	50
739	1.00	0	50
740	1.00	0	50
741	1.00	0	50
742	1.00	0	50
743	1.00	0	50
744	1.00	0	50
745	1.00	0	50
746	1.00	0	50
747	1.00	0	50
748	1.00	0	50
749	1.00	0	50
750	1.00	0	50
751	1.00	0	50
752	1.00	0	50
753	1.00	0	50
754	1.00	0	50
755	1.00	0	50
756	1.00	0	50
757	1.00	0	50
758	1.00	0	50
759	1.00	0	50
760	1.00	0	50
761	1.00	0	50
762	1.00	0	50
763	1.00	0	50
764	1.00	0	50
765	1.00	0	50
766	1.00	0	50
767	1.00	0	50
768	1.00	0	50
769	1.00	0	50
770	1.00	0	50
771	1.00	0	50
772	1.00	0	50
773	1.00	0	50
774	1.00	0	50
775	1.00	0	50
776	1.00	0	50
777	1.00	0	50
778	1.00	0	50
779	1.00	0	50
780	1.00	0	50
781	1.00	0	50
782	1.00	0	50
783	1.00	0	50
784	1.00	0	50
785	1.00	0	50
786	1.00	0	50
787	1.00	0	50
788	1.00	0	50
789	1.00	0	50
790	1.00	0	50
791	1.00	0	50
792	1.00	0	50
793	1.00	0	50
794	1.00	0	50
795	1.00	0	50
796	1.00	0	50
797	1.00	0	50
798	1.00	0	50
799	1.00	0	50
800	1.00	0	50
801	1.00	0	50
802	1.00	0	50
803	1.00	0	50
804	1.00	0	50
805	1.00	0	50
806	1.00	0	50
807	1.00	0	50
808	1.00	0	50
809	1.00	0	50
810	1.00	0	50
811	1.00	0	50
812	1.00	0	50
813	1.00	0	50
814	1.00	0	50
815	1.00	0	50
816	1.00	0	50
817	1.00	0	50
818	1.00	0	50
819	1.00	0	50
820	1.00	0	50
821	1.00	0	50
822	1.00	0	50
823	1.00	0	50
824	1.00	0	50
825	1.00	0	50
826	1.00	0	50
827	1.00	0	50
828	1.00	0	50
829	1.00	0	50
830	1.00	0	50
831	1.00	0	50
832	1.00	0	50
833	1.00	0	50
834	1.00	0	50
835	1.00	0	50
836	1.00	0	50
837	1.00	0	50
838	1.00	0	50
839	1.00	0	50
840	1.00	0	50
841	1.00	0	50
842	1.00	0	50
843	1.00	0	50
844	1.00	0	50
845	1.00	0	50
846	1.00	0	50
847	1.00	0	50
848	1.00	0	50
849	1.00	0	50
850	1.00	0	50
851	1.00	0	50
852	1.00	0	50
853	1.00	0	50
854	1.00	0	50
855	1.00	0	50
856	1.00	0	50
857	1.00	0	50
858	1.00	0	50
859	1.00	0	50
860	1.00	0	50
861	1.00	0	50
862	1.00	0	50
863	1.00	0	50
864	1.00	0	50
865	1.00	0	50
866	1.00	0	50
867	1.00	0	50
868	1.00	0	50
869	1.00	0	50
870	1.00	0	50
871	1.00	0	50
872	1.00	0	50
873	1.00	0	50
874	1.00	0	50
875	1.00	0	50
876	1.00	0	50
877	1.00	0	50
878	1.00	0	50
879	1.00	0	50
880	1.00	0	50
881	1.00	0	50
882	1.00	0	50
883	1.00	0	50
884	1.00	0	50
885	1.00	0	50
886	1.00	0	50
887	1.00	0	50
888	1.00	0	50
889	1.00	0	50
890	1.00	0	50
891	1.00	0	50
892	1.00	0	50
893	1.00	0	50
894	1.00	0	50
895	1.00	0	50
896	1.00	0	50
897	1.00	0	50
898	1.00	0	50
899	1.00	0	50
900	1.00	0	50
901	1.00	0	50
902	1.00	0	50
903	1.00	0	50
904	1.00	0	50
905	1.00	0	50
906	1.00	0	50
907	1.00	0	50
908	1.00	0	50
909	1.00	0	50
910	1.00	0	50
911	1.00	0	50
912	1.00	0	50
913	1.00	0	50
914	1.00	0	50
915	1.00	0	50
916	1.00	0	50
917	1.00	0	50
918	1.00	0	50
919	1.00	0	50
920	1.00	0	50
921	1.00	0	50
922	1.00	0	50
923	1.00	0	50
924	1.00	0	50
925	1.00	0	50
926	1.00	0	50
927	1.00	0	50
928	1.00	0	50
929	1.00	0	50
930	1.00	0	50
931	1.00	0	50
932	1.00	0	50
933	1.00	0	50
934	1.00	0	50
935	1.00	0	50
936	1.00	0	50
937	1.00	0	50
938	1.00	0	50
939	1.00	0	50
940	1.00	0	50
941	1.00	0	50
942	1.00	0	50
943	1.00	0	50
944	1.00	0	50
945	1.00	0	50
946	1.00	0	50
947	1.00	0	50
948	1.00	0	50
949	1.00	0	50
950	1.00	0	50
951	1.00	0	50
952	1.00	0	50
953	1.00	0	50
954	1.00	0	50
955	1.00	0	50
956	1.00	0	50
957	1.00	0	50
958	1.00	0	50
959	1.00	0	50
960	1.00	0	50
961	1.00	0	50
962	1.00	0	50
963	1.00	0	50
964	1.00	0	50
965	1.00	0	50
966	1.00	0	50
967	1.00	0	50
968	1.00	0	50
969	1.00	0	50
970	1.00	0	50
971	1.00	0	50
972	1.00	0	50
973	1.00	0	50
974	1.00	0	50
975	1.00	0	50
976	1.00	0	50
977	1.00	0	50
978	1.00	0	50
979	1.00	0	50
980	1.00	0	50
981	1.00	0	50
982	1.00	0	50
983	1.00	0	50
984	1.00	0	50
985	1.00	0	50
986	1.00	0	50
987	1.00	0	50
988	1.00	0	50
989	1.00	0	50
990	1.00	0	50
991	1.00	0	50
992	1.00	0	50
993	1.00	0	50
994	1.00	0	50
995	1.00	0	50
996	1.00	0	50
997	1.00	0	50
998	1.00	0	50
999	1.00	0	50
1000	0.00	0	50
1001	0.02	1	49
1002	0.04	2	48
1003	0.06	3	47
1004	0.06	3	47
1005	0.06	3	47
1006	0.06	3	47
1007	0.08	4	46
1008	0.08	4	46
1009	0.10	5	45
1010	0.10	5	45
1011	0.10	5	45
1012	0.12	6	44
1013	0.14	7	43
1014	0.14	7	43
1015	0.14	7	43
1016	0.16	8	42
1017	0.16	8	42
1018	0.16	8	42
1019	0.18	9	41
1020	0.18	9	41
1021	0.18	9	41
1022	0.20	10	40
1023	0.20	10	40
1024	0.22	11	39
1025	0.22	11	39
1026	0.22	11	39
1027	0.22	11	39
1028	0.22	11	39
1029	0.22	11	39
1030	0.24	12	38
1031	0.26	13	37
1032	0.26	13	37
1033	0.28	14	36
1034	0.30	15	35
1035	0.32	16	34
1036	0.34	17	33
1037	0.34	17	33
1038	0.36	18	32
1039	0.38	19	31
1040	0.38	19	31
1041	0.38	19	31
1042	0.40	20	30
1043	0.42	21	29
1044	0.44	22	28
1045	0.46	23	27
1046	0.48	24	26
1047	0.48	24	26
1048	0.50	25	25
1049	0.52	26	24
1050	0.54	27	23
1051	0.52	26	24
1052	0.52	26	24
1053	0.50	25	25
1054	0.50	25	25
1055	0.52	26	24
1056	0.54	27	23
1057	0.54	27	23
1058	0.56	28	22
1059	0.56	28	22
1060	0.58	29	21
1061	0.60	30	20
1062	0.60	30	20
1063	0.60	30	20
1064	0.62	31	19
1065	0.64	32	18
1066	0.64	32	18
1067	0.66	33	17
1068	0.66	33	17
1069	0.66	33	17
1070	0.68	34	16
1071	0.70	35	15
1072	0.70	35	15
1073	0.72	36	14
1074	0.72	36	14
1075	0.74	37	13
1076	0.76	38	12
1077	0.78	39	11
1078	0.80	40	10
1079	0.82	41	9
1080	0.82	41	9
1081	0.82	41	9
1082	0.84	42	8
1083	0.84	42	8
1084	0.84	42	8
1085	0.84	42	8
1086	0.84	42	8
1087	0.86	43	7
1088	0.86	43	7
1089	0.86	43	7
1090	0.88	44	6
1091	0.90	45	5
1092	0.90	45	5
1093	0.90	45	5
1094	0.90	45	5
1095	0.90	45	5
1096	0.90	45	5
1097	0.92	46	4
1098	0.92	46	4
1099	0.92	46	4
1100	0.92	46	4
1101	0.94	47	3
1102	0.94	47	3
1103	0.96	48	2
1104	0.98	49	1
1105	0.98	49	1
1106	0.98	49	1
1107	0.98	49	1
1108	0.98	49	1
1109	0.98	49	1
1110	0.98	49	1
1111	0.98	49	1
1112	0.98	49	1
1113	0.98	49	1
1114	0.98	49	1
1115	0.98	49	1
1116	0.98	49	1
1117	0.98	49	1
1118	1.00	50	0
1119	1.00	50	0
1120	1.00	50	0
1121	1.00	50	0
1122	1.00	50	0
1123	1.00	50	0
1124	1.00	50	0
1125	1.00	50	0
1126	1.00	50	0
1127	1.00	50	0
1128	1.00	50	0
1129	1.00	50	0
1130	1.00	50	0
1131	1.00	50	0
1132	1.00	50	0
1133	1.00	50	0
1134	0.98	49	1
1135	0.98	49	1
1136	0.98	49	1
1137	0.98	49	1
1138	0.98	49	1
1139	0.98	49	1
1140	0.98	49	1
1141	0.98	49	1
1142	0.98	49	1
1143	0.98	49	1
1144	0.98	49	1
1145	0.98	49	1
1146	0.98	49	1
1147	0.98	49	1
1148	0.98	49	1
1149	0.98	49	1
1150	0.98	49	1
1151	0.98	49	1
1152	0.98	49	1
1153	0.98	49	1
1154	0.98	49	1
1155	0.98	49	1
1156	0.98	49	1
1157	0.98	49	1
1158	0.98	49	1
1159	0.98	49	1
1160	0.98	49	1
1161	0.98	49	1
1162	0.98	49	1
1163	0.98	49	1
1164	0.98	49	1
1165	0.98	49	1
1166	0.98	49	1
1167	0.98	49	1
1168	0.98	49	1
1169	0.98	49	1
1170	0.98	49	1
1171	0.98	49	1
1172	0.98	49	1
1173	0.98	49	1
1174	0.98	49	1
1175	0.98	49	1
1176	0.98	49	1
1177	0.98	49	1
1178	0.98	49	1
1179	0.98	49	1
1180	0.98	49	1
1181	0.98	49	1
1182	0.98	49	1
1183	0.98	49	1
1184	1.00	50	0
1185	1.00	50	0
1186	1.00	50	0
1187	1.00	50	0
1188	1.00	50	0
1189	1.00	50	0
1190	1.00	50	0
1191	1.00	50	0
1192	1.00	50	0
1193	1.00	50	0
1194	1.00	50	0
1195	1.00	50	0
1196	1.00	50	0
1197	1.00	50	0
1198	1.00	50	0
1199	1.00	50	0
1200	1.00	50	0
1201	1.00	50	0
1202	1.00	50	0
1203	1.00	50	0
1204	1.00	50	0
1205	1.00	50	0
1206	1.00	50	0
1207	1.00	50	0
1208	1.00	50	0
1209	1.00	50	0
1210	1.00	50	0
1211	1.00	50	0
1212	1.00	50	0
1213	1.00	50	0
1214	1.00	50	0
1215	1.00	50	0
1216	1.00	50	0
1217	1.00	50	0
1218	1.00	50	0
1219	1.00	50	0
1220	1.00	50	0
1221	1.00	50	0
1222	1.00	50	0
1223	1.00	50	0
1224	1.00	50	0
1225	1.00	50	0
1226	1.00	50	0
1227	1.00	50	0
1228	1.00	50	0
1229	1.00	50	0
1230	1.00	50	0
1231	1.00	50	0
1232	1.00	50	0
1233	1.00	50	0
1234	1.00	50	0
1235	1.00	50	0
1236	1.00	50	0
1237	1.00	50	0
1238	1.00	50	0
1239	1.00	50	0
1240	1.00	50	0
1241	1.00	50	0
1242	1.00	50	0
1243	1.00	50	0
1244	1.00	50	0
1245	1.00	50	0
1246	1.00	50	0
1247	1.00	50	0
1248	1.00	50	0
1249	1.00	50	0
1250	1.00	50	0
1251	1.00	50	0
1252	1.00	50	0
1253	1.00	50	0
1254	1.00	50	0
1255	1.00	50	0
1256	1.00	50	0
1257	1.00	50	0
1258	1.00	50	0
1259	1.00	50	0
1260	1.00	50	0
1261	1.00	50	0
1262	1.00	50	0
1263	1.00	50	0
1264	1.00	50	0
1265	1.00	50	0
1266	1.00	50	0
1267	1.00	50	0
1268	1.00	50	0
1269	1.00	50	0
1270	1.00	50	0
1271	1.00	50	0
1272	1.00	50	0
1273	1.00	50	0
1274	1.00	50	0
1275	1.00	50	0
1276	1.00	50	0
1277	1.00	50	0
1278	1.00	50	0
1279	1.00	50	0
1280	1.00	50	0
1281	1.00	50	0
1282	1.00	50	0
1283	1.00	50	0
1284	1.00	50	0
1285	1.00	50	0
1286	1.00	50	0
1287	1.00	50	0
1288	1.00	50	0
1289	1.00	50	0
1290	1.00	50	0
1291	1.00	50	0
1292	1.00	50	0
1293	1.00	50	0
1294	1.00	50	0
1295	1.00	50	0
1296	1.00	50	0
1297	1.00	50	0
1298	1.00	50	0
1299	1.00	50	0
1300	1.00	50	0
1301	1.00	50	0
1302	1.00	50	0
1303	1.00	50	0
1304	1.00	50	0
1305	1.00	50	0
1306	1.00	50	0
1307	1.00	50	0
1308	1.00	50	0
1309	1.00	50	0
1310	1.00	50	0
1311	1.00	50	0
1312	1.00	50	0
1313	1.00	50	0
1314	1.00	50	0
1315	1.00	50	0
1316	1.00	50	0
1317	1.00	50	0
1318	1.00	50	0
1319	1.00	50	0
1320	1.00	50	0
1321	1.00	50	0
1322	1.00	50	0
1323	1.00	50	0
1324	1.00	50	0
1325	1.00	50	0
1326	1.00	50	0
1327	1.00	50	0
1328	1.00	50	0
1329	1.00	50	0
1330	1.00	50	0
1331	1.00	50	0
1332	1.00	50	0
1333	1.00	50	0
1334	1.00	50	0
1335	1.00	50	0
1336	1.00	50	0
1337	1.00	50	0
1338	1.00	50	0
1339	1.00	50	0
1340	1.00	50	0
1341	1.00	50	0
1342	1.00	50	0
1343	1.00	50	0
1344	1.00	50	0
1345	1.00	50	0
1346	1.00	50	0
1347	1.00	50	0
1348	1.00	50	0
1349	1.00	50	0
1350	1.00	50	0
1351	1.00	50	0
1352	1.00	50	0
1353	1.00	50	0
1354	1.00	50	0
1355	1.00	50	0
1356	1.00	50	0
1357	1.00	50	0
1358	1.00	50	0
1359	1.00	50	0
1360	1.00	50	0
1361	1.00	50	0
1362	1.00	50	0
1363	1.00	50	0
1364	1.00	50	0
1365	1.00	50	0
1366	1.00	50	0
1367	1.00	50	0
1368	1.00	50	0
1369	1.00	50	0
1370	1.00	50	0
1371	1.00	50	0
1372	1.00	50	0
1373	1.00	50	0
1374	1.00	50	0
1375	1.00	50	0
1376	1.00	50	0
1377	1.00	50	0
1378	1.00	50	0
1379	1.00	50	0
1380	1.00	50	0
1381	1.00	50	0
1382	1.00	50	0
1383	1.00	50	0
1384	1.00	50	0
1385	1.00	50	0
1386	1.00	50	0
1387	1.00	50	0
1388	1.00	50	0
1389	1.00	50	0
1390	1.00	50	0
1391	1.00	50	0
1392	1.00	50	0
1393	1.00	50	0
1394	1.00	50	0
1395	1.00	50	0
1396	1.00	50	0
1397	1.00	50	0
1398	1.00	50	0
1399	1.00	50	0
1400	1.00	50	0
1401	1.00	50	0
1402	1.00	50	0
1403	1.00	50	0
1404	1.00	50	0
1405	1.00	50	0
1406	1.00	50	0
1407	1.00	50	0
1408	1.00	50	0
1409	1.00	50	0
1410	1.00	50	0
1411	1.00	50	0
1412	1.00	50	0
1413	1.00	50	0
1414	1.00	50	0
1415	1.00	50	0
1416	0.98	49	1
1417	0.98	49	1
1418	0.98	49	1
1419	0.98	49	1
1420	0.98	49	1
1421	0.98	49	1
1422	0.98	49	1
1423	0.98	49	1
1424	0.98	49	1
1425	0.98	49	1
1426	0.98	49	1
1427	0.98	49	1
1428	0.98	49	1
1429	0.98	49	1
1430	0.98	49	1
1431	0.98	49	1
1432	0.98	49	1
1433	0.98	49	1
1434	0.98	49	1
1435	0.98	49	1
1436	0.98	49	1
1437	0.98	49	1
1438	0.98	49	1
1439	0.98	49	1
1440	0.98	49	1
1441	0.98	49	1
1442	0.98	49	1
1443	0.98	49	1
1444	0.98	49	1
1445	0.98	49	1
1446	0.98	49	1
1447	0.98	49	1
1448	0.98	49	1
1449	0.98	49	1
1450	0.98	49	1
1451	0.98	49	1
1452	0.98	49	1
1453	0.98	49	1
1454	0.98	49	1
1455	0.98	49	1
1456	0.98	49	1
1457	0.98	49	1
1458	0.98	49	1
1459	0.98	49	1
1460	0.98	49	1
1461	0.98	49	1
1462	0.98	49	1
1463	0.98	49	1
1464	0.98	49	1
1465	0.98	49	1
1466	1.00	50	0
1467	1.00	50	0
1468	1.00	50	0
1469	1.00	50	0
1470	1.00	50	0
1471	1.00	50	0
1472	1.00	50	0
1473	1.00	50	0
1474	1.00	50	0
1475	1.00	50	0
1476	1.00	50	0
1477	1.00	50	0
1478	1.00	50	0
1479	1.00	50	0
1480	1.00	50	0
1481	1.00	50	0
1482	1.00	50	0
1483	1.00	50	0
1484	1.00	50	0
1485	1.00	50	0
1486	1.00	50	0
1487	1.00	50	0
1488	1.00	50	0
1489	1.00	50	0
1490	1.00	50	0
1491	1.00	50	0
1492	0.98	49	1
1493	0.98	49	1
1494	0.98	49	1
1495	0.98	49	1
1496	0.98	49	1
1497	0.98	49	1
1498	0.98	49	1
1499	0.98	49	1
1500	0.04	48	2
1501	0.04	48	2
1502	0.06	47	3
1503	0.06	47	3
1504	0.08	46	4
1505	0.08	46	4
1506	0.10	45	5
1507	0.10	45	5
1508	0.10	45	5
1509	0.10	45	5
1510	0.10	45	5
1511	0.10	45	5
1512	0.12	44	6
1513	0.12	44	6
1514	0.12	44	6
1515	0.12	44	6
1516	0.14	43	7
1517	0.14	43	7
1518	0.16	42	8
1519	0.18	41	9
1520	0.18	41	9
1521	0.20	40	10
1522	0.20	40	10
1523	0.22	39	11
1524	0.24	38	12
1525	0.26	37	13
1526	0.26	37	13
1527	0.26	37	13
1528	0.28	36	14
1529	0.30	35	15
1530	0.30	35	15
1531	0.32	34	16
1532	0.34	33	17
1533	0.36	32	18
1534	0.36	32	18
1535	0.38	31	19
1536	0.40	30	20
1537	0.42	29	21
1538	0.44	28	22
1539	0.46	27	23
1540	0.48	26	24
1541	0.50	25	25
1542	0.50	25	25
1543	0.52	24	26
1544	0.54	23	27
1545	0.56	22	28
1546	0.58	21	29
1547	0.60	20	30
1548	0.62	19	31
1549	0.64	18	32
1550	0.64	18	32
1551	0.66	17	33
1552	0.66	17	33
1553	0.68	16	34
1554	0.68	16	34
1555	0.70	15	35
1556	0.70	15	35
1557	0.72	14	36
1558	0.74	13	37
1559	0.76	12	38
1560	0.78	11	39
1561	0.80	10	40
1562	0.80	10	40
1563	0.82	9	41
1564	0.84	8	42
1565	0.86	7	43
1566	0.86	7	43
1567	0.88	6	44
1568	0.88	6	44
1569	0.88	6	44
1570	0.90	5	45
1571	0.90	5	45
1572	0.92	4	46
1573	0.92	4	46
1574	0.92	4	46
1575	0.92	4	46
1576	0.94	3	47
1577	0.96	2	48
1578	0.94	3	47
1579	0.94	3	47
1580	0.96	2	48
1581	0.96	2	48
1582	0.96	2	48
1583	0.96	2	48
1584	0.98	1	49
1585	0.98	1	49
1586	0.96	2	48
1587	0.96	2	48
1588	0.96	2	48
1589	0.96	2	48
1590	0.96	2	48
1591	0.96	2	48
1592	0.96	2	48
1593	0.96	2	48
1594	0.96	2	48
1595	0.96	2	48
1596	0.96	2	48
1597	0.96	2	48
1598	0.96	2	48
1599	0.96	2	48
1600	0.96	2	48
1601	0.96	2	48
1602	0.96	2	48
1603	0.96	2	48
1604	0.96	2	48
1605	0.96	2	48
1606	0.96	2	48
1607	0.96	2	48
1608	0.96	2	48
1609	0.96	2	48
1610	0.96	2	48
1611	0.96	2	48
1612	0.96	2	48
1613	0.96	2	48
1614	0.96	2	48
1615	0.96	2	48
1616	0.96	2	48
1617	0.96	2	48
1618	0.96	2	48
1619	0.96	2	48
1620	0.94	3	47
1621	0.94	3	47
1622	0.94	3	47
1623	0.94	3	47
1624	0.94	3	47
1625	0.94	3	47
1626	0.94	3	47
1627	0.94	3	47
1628	0.96	2	48
1629	0.96	2	48
1630	0.96	2	48
1631	0.96	2	48
1632	0.96	2	48
1633	0.96	2	48
1634	0.96	2	48
1635	0.96	2	48
1636	0.98	1	49
1637	0.98	1	49
1638	0.98	1	49
1639	0.98	1	49
1640	0.98	1	49
1641	0.98	1	49
1642	0.98	1	49
1643	0.98	1	49
1644	0.98	1	49
1645	0.98	1	49
1646	0.98	1	49
1647	0.98	1	49
1648	0.98	1	49
1649	0.98	1	49
1650	0.98	1	49
1651	0.98	1	49
1652	0.98	1	49
1653	0.98	1	49
1654	0.98	1	49
1655	0.98	1	49
1656	0.98	1	49
1657	0.98	1	49
1658	0.98	1	49
1659	0.98	1	49
1660	0.98	1	49
1661	0.98	1	49
1662	0.98	1	49
1663	0.98	1	49
1664	0.98	1	49
1665	0.98	1	49
1666	0.98	1	49
1667	0.98	1	49
1668	0.98	1	49
1669	0.98	1	49
1670	1.00	0	50
1671	1.00	0	50
1672	1.00	0	50
1673	1.00	0	50
1674	1.00	0	50
1675	1.00	0	50
1676	1.00	0	50
1677	1.00	0	50
1678	1.00	0	50
1679	1.00	0	50
1680	1.00	0	50
1681	1.00	0	50
1682	1.00	0	50
1683	1.00	0	50
1684	1.00	0	50
1685	1.00	0	50
1686	1.00	0	50
1687	1.00	0	50
1688	1.00	0	50
1689	1.00	0	50
1690	1.00	0	50
1691	1.00	0	50
1692	1.00	0	50
1693	1.00	0	50
1694	1.00	0	50
1695	1.00	0	50
1696	1.00	0	50
1697	1.00	0	50
1698	1.00	0	50
1699	1.00	0	50
1700	1.00	0	50
1701	1.00	0	50
1702	1.00	0	50
1703	1.00	0	50
1704	1.00	0	50
1705	1.00	0	50
1706	1.00	0	50
1707	1.00	0	50
1708	1.00	0	50
1709	1.00	0	50
1710	1.00	0	50
1711	1.00	0	50
1712	1.00	0	50
1713	1.00	0	50
1714	1.00	0	50
1715	1.00	0	50
1716	1.00	0	50
1717	1.00	0	50
1718	1.00	0	50
1719	1.00	0	50
1720	1.00	0	50
1721	1.00	0	50
1722	1.00	0	50
1723	1.00	0	50
1724	1.00	0	50
1725	1.00	0	50
1726	1.00	0	50
1727	1.00	0	50
1728	1.00	0	50
1729	1.00	0	50
1730	1.00	0	50
1731	1.00	0	50
1732	1.00	0	50
1733	1.00	0	50
1734	1.00	0	50
1735	1.00	0	50
1736	1.00	0	50
1737	1.00	0	50
1738	1.00	0	50
1739	1.00	0	50
1740	1.00	0	50
1741	1.00	0	50
1742	1.00	0	50
1743	1.00	0	50
1744	1.00	0	50
1745	1.00	0	50
1746	1.00	0	50
1747	1.00	0	50
1748	1.00	0	50
1749	1.00	0	50
1750	1.00	0	50
1751	1.00	0	50
1752	1.00	0	50
1753	1.00	0	50
1754	1.00	0	50
1755	1.00	0	50
1756	1.00	0	50
1757	1.00	0	50
1758	1.00	0	50
1759	1.00	0	50
1760	1.00	0	50
1761	1.00	0	50
1762	1.00	0	50
1763	1.00	0	50
1764	1.00	0	50
1765	1.00	0	50
1766	1.00	0	50
1767	1.00	0	50
1768	1.00	0	50
1769	1.00	0	50
1770	1.00	0	50
1771	1.00	0	50
1772	1.00	0	50
1773	1.00	0	50
1774	1.00	0	50
1775	1.00	0	50
1776	1.00	0	50
1777	1.00	0	50
1778	1.00	0	50
1779	1.00	0	50
1780	1.00	0	50
1781	1.00	0	50
1782	1.00	0	50
1783	1.00	0	50
1784	1.00	0	50
1785	1.00	0	50
1786	1.00	0	50
1787	1.00	0	50
1788	1.00	0	50
1789	1.00	0	50
1790	1.00	0	50
1791	1.00	0	50
1792	1.00	0	50
1793	1.00	0	50
1794	1.00	0	50
1795	1.00	0	50
1796	1.00	0	50
1797	1.00	0	50
1798	1.00	0	50
1799	1.00	0	50
1800	1.00	0	50
1801	1.00	0	50
1802	1.00	0	50
1803	1.00	0	50
1804	1.00	0	50
1805	1.00	0	50
1806	1.00	0	50
1807	1.00	0	50
1808	1.00	0	50
1809	1.00	0	50
1810	1.00	0	50
1811	1.00	0	50
1812	1.00	0	50
1813	1.00	0	50
1814	1.00	0	50
1815	1.00	0	50
1816	1.00	0	50
1817	1.00	0	50
1818	1.00	0	50
1819	1.00	0	50
1820	1.00	0	50
1821	1.00	0	50
1822	1.00	0	50
1823	1.00	0	50
1824	1.00	0	50
1825	1.00	0	50
1826	1.00	0	50
1827	1.00	0	50
1828	1.00	0	50
1829	1.00	0	50
1830	1.00	0	50
1831	1.00	0	50
1832	1.00	0	50
1833	1.00	0	50
1834	1.00	0	50
1835	1.00	0	50
1836	1.00	0	50
1837	1.00	0	50
1838	1.00	0	50
1839	1.00	0	50
1840	1.00	0	50
1841	1.00	0	50
1842	1.00	0	50
1843	1.00	0	50
1844	1.00	0	50
1845	1.00	0	50
1846	1.00	0	50
1847	1.00	0	50
1848	1.00	0	50
1849	1.00	0	50
1850	1.00	0	50
1851	1.00	0	50
1852	1.00	0	50
1853	1.00	0	50
1854	1.00	0	50
1855	1.00	0	50
1856	1.00	0	50
1857	1.00	0	50
1858	1.00	0	50
1859	1.00	0	50
1860	1.00	0	50
1861	1.00	0	50
1862	1.00	0	50
1863	1.00	0	50
1864	1.00	0	50
1865	1.00	0	50
1866	1.00	0	50
1867	1.00	0	50
1868	1.00	0	50
1869	1.00	0	50
1870	1.00	0	50
1871	1.00	0	50
1872	1.00	0	50
1873	1.00	0	50
1874	1.00	0	50
1875	1.00	0	50
1876	1.00	0	50
1877	1.00	0	50
1878	1.00	0	50
1879	1.00	0	50
1880	1.00	0	50
1881	1.00	0	50
1882	1.00	0	50
1883	1.00	0	50
1884	1.00	0	50
1885	1.00	0	50
1886	1.00	0	50
1887	1.00	0	50
1888	1.00	0	50
1889	1.00	0	50
1890	1.00	0	50
1891	1.00	0	50
1892	1.00	0	50
1893	1.00	0	50
1894	1.00	0	50
1895	1.00	0	50
1896	1.00	0	50
1897	1.00	0	50
1898	1.00	0	50
1899	1.00	0	50
1900	1.00	0	50
1901	1.00	0	50
1902	1.00	0	50
1903	1.00	0	50
1904	1.00	0	50
1905	1.00	0	50
1906	1.00	0	50
1907	1.00	0	50
1908	1.00	0	50
1909	1.00	0	50
1910	1.00	0	50
1911	1.00	0	50
1912	1.00	0	50
1913	1.00	0	50
1914	1.00	0	50
1915	1.00	0	50
1916	1.00	0	50
1917	1.00	0	50
1918	1.00	0	50
1919	1.00	0	50
1920	1.00	0	50
1921	1.00	0	50
1922	1.00	0	50
1923	1.00	0	50
1924	1.00	0	50
1925	1.00	0	50
1926	1.00	0	50
1927	1.00	0	50
1928	1.00	0	50
1929	1.00	0	50
1930	1.00	0	50
1931	1.00	0	50
1932	1.00	0	50
1933	1.00	0	50
1934	1.00	0	50
1935	1.00	0	50
1936	1.00	0	50
1937	1.00	0	50
1938	0.98	1	49
1939	0.98	1	49
1940	0.98	1	49
1941	0.98	1	49
1942	0.98	1	49
1943	0.98	1	49
1944	0.98	1	49
1945	0.98	1	49
1946	0.98	1	49
1947	0.98	1	49
1948	0.98	1	49
1949	0.98	1	49
1950	0.98	1	49
1951	0.98	1	49
1952	0.98	1	49
1953	0.98	1	49
1954	0.98	1	49
1955	0.98	1	49
1956	0.98	1	49
1957	0.98	1	49
1958	0.98	1	49
1959	0.98	1	49
1960	0.98	1	49
1961	0.98	1	49
1962	0.98	1	49
1963	0.98	1	49
1964	0.98	1	49
1965	0.98	1	49
1966	0.98	1	49
1967	0.98	1	49
1968	0.98	1	49
1969	0.98	1	49
1970	0.98	1	49
1971	0.98	1	49
1972	0.98	1	49
1973	0.98	1	49
1974	0.98	1	49
1975	0.98	1	49
1976	0.98	1	49
1977	0.98	1	49
1978	0.98	1	49
1979	0.98	1	49
1980	0.98	1	49
1981	0.98	1	49
1982	0.98	1	49
1983	0.98	1	49
1984	0.98	1	49
1985	0.98	1	49
1986	0.96	2	48
1987	0.96	2	48
1988	0.98	1	49
1989	0.98	1	49
1990	0.98	1	49
1991	0.98	1	49
1992	0.98	1	49
1993	0.98	1	49
1994	0.98	1	49
1995	0.98	1	49
1996	0.98	1	49
1997	0.98	1	49
1998	0.98	1	49
1999	0.98	1	49
2000	0.04	2	48
2001	0.04	2	48
2002	0.04	2	48
2003	0.04	2	48
2004	0.06	3	47
2005	0.06	3	47
2006	0.06	3	47
2007	0.06	3	47
2008	0.06	3	47
2009	0.06	3	47
2010	0.06	3	47
2011	0.06	3	47
2012	0.08	4	46
2013	0.10	5	45
2014	0.10	5	45
2015	0.10	5	45
2016	0.10	5	45
2017	0.10	5	45
2018	0.12	6	44
2019	0.14	7	43
2020	0.14	7	43
2021	0.14	7	43
2022	0.16	8	42
2023	0.16	8	42
2024	0.18	9	41
2025	0.20	10	40
2026	0.20	10	40
2027	0.20	10	40
2028	0.22	11	39
2029	0.24	12	38
2030	0.24	12	38
2031	0.26	13	37
2032	0.28	14	36
2033	0.28	14	36
2034	0.30	15	35
2035	0.32	16	34
2036	0.30	15	35
2037	0.32	16	34
2038	0.34	17	33
2039	0.34	17	33
2040	0.36	18	32
2041	0.38	19	31
2042	0.40	20	30
2043	0.42	21	29
2044	0.44	22	28
2045	0.46	23	27
2046	0.48	24	26
2047	0.50	25	25
2048	0.52	26	24
2049	0.52	26	24
2050	0.52	26	24
2051	0.54	27	23
2052	0.56	28	22
2053	0.58	29	21
2054	0.58	29	21
2055	0.60	30	20
2056	0.62	31	19
2057	0.64	32	18
2058	0.66	33	17
2059	0.68	34	16
2060	0.70	35	15
2061	0.72	36	14
2062	0.72	36	14
2063	0.72	36	14
2064	0.74	37	13
2065	0.76	38	12
2066	0.78	39	11
2067	0.80	40	10
2068	0.80	40	10
2069	0.80	40	10
2070	0.82	41	9
2071	0.84	42	8
2072	0.84	42	8
2073	0.86	43	7
2074	0.86	43	7
2075	0.86	43	7
2076	0.88	44	6
2077	0.90	45	5
2078	0.90	45	5
2079	0.90	45	5
2080	0.92	46	4
2081	0.92	46	4
2082	0.92	46	4
2083	0.94	47	3
2084	0.94	47	3
2085	0.94	47	3
2086	0.96	48	2
2087	0.96	48	2
2088	0.96	48	2
2089	0.98	49	1
2090	0.98	49	1
2091	0.98	49	1
2092	0.98	49	1
2093	0.98	49	1
2094	0.98	49	1
2095	0.98	49	1
2096	0.98	49	1
2097	0.98	49	1
2098	0.98	49	1
2099	1.00	50	0
2100	1.00	50	0
2101	1.00	50	0
2102	1.00	50	0
2103	1.00	50	0
2104	1.00	50	0
2105	1.00	50	0
2106	1.00	50	0
2107	1.00	50	0
2108	1.00	50	0
2109	1.00	50	0
2110	1.00	50	0
2111	1.00	50	0
2112	1.00	50	0
2113	1.00	50	0
2114	1.00	50	0
2115	1.00	50	0
2116	1.00	50	0
2117	1.00	50	0
2118	1.00	50	0
2119	1.00	50	0
2120	1.00	50	0
2121	1.00	50	0
2122	1.00	50	0
2123	1.00	50	0
2124	1.00	50	0
2125	1.00	50	0
2126	1.00	50	0
2127	1.00	50	0
2128	1.00	50	0
2129	1.00	50	0
2130	1.00	50	0
2131	1.00	50	0
2132	1.00	50	0
2133	1.00	50	0
2134	1.00	50	0
2135	1.00	50	0
2136	1.00	50	0
2137	1.00	50	0
2138	1.00	50	0
2139	1.00	50	0
2140	1.00	50	0
2141	1.00	50	0
2142	1.00	50	0
2143	1.00	50	0
2144	1.00	50	0
2145	1.00	50	0
2146	1.00	50	0
2147	1.00	50	0
2148	1.00	50	0
2149	1.00	50	0
2150	1.00	50	0
2151	1.00	50	0
2152	1.00	50	0
2153	1.00	50	0
2154	1.00	50	0
2155	1.00	50	0
2156	1.00	50	0
2157	1.00	50	0
2158	1.00	50	0
2159	1.00	50	0
2160	1.00	50	0
2161	1.00	50	0
2162	1.00	50	0
2163	1.00	50	0
2164	1.00	50	0
2165	1.00	50	0
2166	1.00	50	0
2167	1.00	50	0
2168	1.00	50	0
2169	1.00	50	0
2170	1.00	50	0
2171	1.00	50	0
2172	1.00	50	0
2173	1.00	50	0
2174	1.00	50	0
2175	1.00	50	0
2176	1.00	50	0
2177	1.00	50	0
2178	1.00	50	0
2179	1.00	50	0
2180	1.00	50	0
2181	1.00	50	0
2182	1.00	50	0
2183	1.00	50	0
2184	0.98	49	1
2185	0.98	49	1
2186	0.98	49	1
2187	0.98	49	1
2188	0.98	49	1
2189	0.98	49	1
2190	0.98	49	1
2191	0.98	49	1
2192	0.98	49	1
2193	0.98	49	1
2194	0.98	49	1
2195	0.98	49	1
2196	0.98	49	1
2197	0.98	49	1
2198	0.98	49	1
2199	0.98	49	1
2200	0.98	49	1
2201	0.98	49	1
2202	0.98	49	1
2203	0.98	49	1
2204	0.98	49	1
2205	0.98	49	1
2206	0.98	49	1
2207	0.98	49	1
2208	0.98	49	1
2209	0.98	49	1
2210	0.98	49	1
2211	0.98	49	1
2212	0.98	49	1
2213	0.98	49	1
2214	0.98	49	1
2215	0.98	49	1
2216	0.98	49	1
2217	0.98	49	1
2218	0.98	49	1
2219	0.98	49	1
2220	0.98	49	1
2221	0.98	49	1
2222	0.98	49	1
2223	0.98	49	1
2224	0.98	49	1
2225	0.98	49	1
2226	0.98	49	1
2227	0.98	49	1
2228	0.98	49	1
2229	0.98	49	1
2230	0.98	49	1
2231	0.98	49	1
2232	0.98	49	1
2233	0.98	49	1
2234	1.00	50	0
2235	1.00	50	0
2236	1.00	50	0
2237	1.00	50	0
2238	1.00	50	0
2239	1.00	50	0
2240	1.00	50	0
2241	1.00	50	0
2242	1.00	50	0
2243	1.00	50	0
2244	1.00	50	0
2245	1.00	50	0
2246	1.00	50	0
2247	0.98	49	1
2248	0.98	49	1
2249	0.98	49	1
2250	0.98	49	1
2251	0.98	49	1
2252	0.98	49	1
2253	0.98	49	1
2254	0.98	49	1
2255	0.98	49	1
2256	0.98	49	1
2257	0.98	49	1
2258	0.98	49	1
2259	0.98	49	1
2260	0.98	49	1
2261	0.98	49	1
2262	0.98	49	1
2263	0.98	49	1
2264	0.98	49	1
2265	0.98	49	1
2266	0.98	49	1
2267	0.98	49	1
2268	0.98	49	1
2269	0.98	49	1
2270	0.98	49	1
2271	0.98	49	1
2272	0.98	49	1
2273	0.98	49	1
2274	0.98	49	1
2275	0.98	49	1
2276	0.98	49	1
2277	0.98	49	1
2278	0.98	49	1
2279	0.98	49	1
2280	0.98	49	1
2281	0.98	49	1
2282	0.98	49	1
2283	0.98	49	1
2284	0.98	49	1
2285	0.98	49	1
2286	0.98	49	1
2287	0.98	49	1
2288	0.98	49	1
2289	0.98	49	1
2290	0.98	49	1
2291	0.98	49	1
2292	0.98	49	1
2293	0.98	49	1
2294	0.98	49	1
2295	0.98	49	1
2296	0.98	49	1
2297	1.00	50	0
2298	1.00	50	0
2299	1.00	50	0
2300	1.00	50	0
2301	1.00	50	0
2302	1.00	50	0
2303	1.00	50	0
2304	1.00	50	0
2305	1.00	50	0
2306	1.00	50	0
2307	1.00	50	0
2308	1.00	50	0
2309	1.00	50	0
2310	1.00	50	0
2311	1.00	50	0
2312	1.00	50	0
2313	1.00	50	0
2314	1.00	50	0
2315	1.00	50	0
2316	1.00	50	0
2317	1.00	50	0
2318	1.00	50	0
2319	1.00	50	0
2320	1.00	50	0
2321	1.00	50	0
2322	1.00	50	0
2323	1.00	50	0
2324	1.00	50	0
2325	1.00	50	0
2326	1.00	50	0
2327	1.00	50	0
2328	1.00	50	0
2329	1.00	50	0
2330	1.00	50	0
2331	1.00	50	0
2332	1.00	50	0
2333	1.00	50	0
2334	1.00	50	0
2335	1.00	50	0
2336	1.00	50	0
2337	1.00	50	0
2338	1.00	50	0
2339	1.00	50	0
2340	1.00	50	0
2341	1.00	50	0
2342	1.00	50	0
2343	1.00	50	0
2344	1.00	50	0
2345	1.00	50	0
2346	1.00	50	0
2347	1.00	50	0
2348	1.00	50	0
2349	1.00	50	0
2350	1.00	50	0
2351	1.00	50	0
2352	1.00	50	0
2353	1.00	50	0
2354	1.00	50	0
2355	1.00	50	0
2356	1.00	50	0
2357	1.00	50	0
2358	1.00	50	0
2359	1.00	50	0
2360	1.00	50	0
2361	1.00	50	0
2362	1.00	50	0
2363	1.00	50	0
2364	1.00	50	0
2365	1.00	50	0
2366	1.00	50	0
2367	1.00	50	0
2368	1.00	50	0
2369	1.00	50	0
2370	1.00	50	0
2371	1.00	50	0
2372	1.00	50	0
2373	1.00	50	0
2374	1.00	50	0
2375	1.00	50	0
2376	1.00	50	0
2377	1.00	50	0
2378	1.00	50	0
2379	1.00	50	0
2380	1.00	50	0
2381	1.00	50	0
2382	1.00	50	0
2383	1.00	50	0
2384	1.00	50	0
2385	1.00	50	0
2386	1.00	50	0
2387	1.00	50	0
2388	1.00	50	0
2389	1.00	50	0
2390	1.00	50	0
2391	1.00	50	0
2392	1.00	50	0
2393	1.00	50	0
2394	1.00	50	0
2395	1.00	50	0
2396	1.00	50	0
2397	1.00	50	0
2398	1.00	50	0
2399	1.00	50	0
2400	1.00	50	0
2401	1.00	50	0
2402	1.00	50	0
2403	1.00	50	0
2404	1.00	50	0
2405	1.00	50	0
2406	1.00	50	0
2407	1.00	50	0
2408	1.00	50	0
2409	1.00	50	0
2410	1.00	50	0
2411	1.00	50	0
2412	1.00	50	0
2413	1.00	50	0
2414	1.00	50	0
2415	1.00	50	0
2416	1.00	50	0
2417	1.00	50	0
2418	1.00	50	0
2419	1.00	50	0
2420	1.00	50	0
2421	1.00	50	0
2422	1.00	50	0
2423	1.00	50	0
2424	1.00	50	0
2425	1.00	50	0
2426	1.00	50	0
2427	1.00	50	0
2428	1.00	50	0
2429	1.00	50	0
2430	1.00	50	0
2431	1.00	50	0
2432	1.00	50	0
2433	1.00	50	0
2434	1.00	50	0
2435	1.00	50	0
2436	1.00	50	0
2437	1.00	50	0
2438	1.00	50	0
2439	1.00	50	0
2440	1.00	50	0
2441	1.00	50	0
2442	1.00	50	0
2443	1.00	50	0
2444	1.00	50	0
2445	1.00	50	0
2446	1.00	50	0
2447	1.00	50	0
2448	1.00	50	0
2449	1.00	50	0
2450	1.00	50	0
2451	1.00	50	0
2452	1.00	50	0
2453	1.00	50	0
2454	1.00	50	0
2455	1.00	50	0
2456	1.00	50	0
2457	1.00	50	0
2458	1.00	50	0
2459	0.98	49	1
2460	0.98	49	1
2461	0.98	49	1
2462	0.98	49	1
2463	0.98	49	1
2464	0.98	49	1
2465	0.98	49	1
2466	0.98	49	1
2467	0.98	49	1
2468	0.98	49	1
2469	0.98	49	1
2470	0.98	49	1
2471	0.98	49	1
2472	0.98	49	1
2473	0.98	49	1
2474	0.98	49	1
2475	0.98	49	1
2476	0.98	49	1
2477	0.98	49	1
2478	0.98	49	1
2479	0.98	49	1
2480	0.98	49	1
2481	0.98	49	1
2482	0.98	49	1
2483	0.98	49	1
2484	0.98	49	1
2485	0.98	49	1
2486	0.98	49	1
2487	0.98	49	1
2488	0.98	49	1
2489	0.98	49	1
2490	0.98	49	1
2491	0.98	49	1
2492	0.98	49	1
2493	0.98	49	1
2494	0.98	49	1
2495	0.98	49	1
2496	0.98	49	1
2497	0.98	49	1
2498	0.98	49	1
2499	0.98	49	1
2500	0.02	49	1
2501	0.04	48	2
2502	0.04	48	2
2503	0.04	48	2
2504	0.06	47	3
2505	0.06	47	3
2506	0.06	47	3
2507	0.06	47	3
2508	0.06	47	3
2509	0.04	48	2
2510	0.04	48	2
2511	0.04	48	2
2512	0.06	47	3
2513	0.06	47	3
2514	0.06	47	3
2515	0.08	46	4
2516	0.08	46	4
2517	0.08	46	4
2518	0.08	46	4
2519	0.08	46	4
2520	0.10	45	5
2521	0.10	45	5
2522	0.12	44	6
2523	0.14	43	7
2524	0.14	43	7
2525	0.14	43	7
2526	0.14	43	7
2527	0.16	42	8
2528	0.18	41	9
2529	0.18	41	9
2530	0.18	41	9
2531	0.20	40	10
2532	0.20	40	10
2533	0.22	39	11
2534	0.24	38	12
2535	0.24	38	12
2536	0.24	38	12
2537	0.26	37	13
2538	0.28	36	14
2539	0.30	35	15
2540	0.32	34	16
2541	0.34	33	17
2542	0.34	33	17
2543	0.36	32	18
2544	0.38	31	19
2545	0.40	30	20
2546	0.40	30	20
2547	0.42	29	21
2548	0.44	28	22
2549	0.46	27	23
2550	0.48	26	24
2551	0.48	26	24
2552	0.50	25	25
2553	0.52	24	26
2554	0.52	24	26
2555	0.54	23	27
2556	0.56	22	28
2557	0.56	22	28
2558	0.58	21	29
2559	0.60	20	30
2560	0.62	19	31
2561	0.62	19	31
2562	0.60	20	30
2563	0.62	19	31
2564	0.64	18	32
2565	0.64	18	32
2566	0.66	17	33
2567	0.68	16	34
2568	0.70	15	35
2569	0.72	14	36
2570	0.72	14	36
2571	0.74	13	37
2572	0.74	13	37
2573	0.74	13	37
2574	0.76	12	38
2575	0.78	11	39
2576	0.78	11	39
2577	0.78	11	39
2578	0.78	11	39
2579	0.80	10	40
2580	0.82	9	41
2581	0.82	9	41
2582	0.84	8	42
2583	0.84	8	42
2584	0.84	8	42
2585	0.86	7	43
2586	0.88	6	44
2587	0.88	6	44
2588	0.88	6	44
2589	0.88	6	44
2590	0.88	6	44
2591	0.88	6	44
2592	0.90	5	45
2593	0.90	5	45
2594	0.90	5	45
2595	0.90	5	45
2596	0.92	4	46
2597	0.92	4	46
2598	0.92	4	46
2599	0.92	4	46
2600	0.92	4	46
2601	0.92	4	46
2602	0.92	4	46
2603	0.92	4	46
2604	0.92	4	46
2605	0.92	4	46
2606	0.92	4	46
2607	0.94	3	47
2608	0.94	3	47
2609	0.94	3	47
2610	0.94	3	47
2611	0.96	2	48
2612	0.98	1	49
2613	0.98	1	49
2614	0.98	1	49
2615	0.98	1	49
2616	0.98	1	49
2617	0.98	1	49
2618	0.98	1	49
2619	0.98	1	49
2620	0.98	1	49
2621	0.98	1	49
2622	0.98	1	49
2623	0.98	1	49
2624	0.98	1	49
2625	0.98	1	49
2626	1.00	0	50
2627	1.00	0	50
2628	1.00	0	50
2629	1.00	0	50
2630	1.00	0	50
2631	1.00	0	50
2632	1.00	0	50
2633	1.00	0	50
2634	1.00	0	50
2635	1.00	0	50
2636	1.00	0	50
2637	1.00	0	50
2638	1.00	0	50
2639	1.00	0	50
2640	1.00	0	50
2641	1.00	0	50
2642	1.00	0	50
2643	1.00	0	50
2644	0.98	1	49
2645	0.98	1	49
2646	0.98	1	49
2647	0.98	1	49
2648	0.98	1	49
2649	0.98	1	49
2650	0.98	1	49
2651	0.98	1	49
2652	0.98	1	49
2653	0.98	1	49
2654	0.98	1	49
2655	0.98	1	49
2656	0.98	1	49
2657	0.98	1	49
2658	0.98	1	49
2659	0.96	2	48
2660	0.96	2	48
2661	0.96	2	48
2662	0.96	2	48
2663	0.96	2	48
2664	0.96	2	48
2665	0.96	2	48
2666	0.96	2	48
2667	0.96	2	48
2668	0.96	2	48
2669	0.96	2	48
2670	0.96	2	48
2671	0.96	2	48
2672	0.96	2	48
2673	0.96	2	48
2674	0.96	2	48
2675	0.96	2	48
2676	0.96	2	48
2677	0.96	2	48
2678	0.96	2	48
2679	0.96	2	48
2680	0.96	2	48
2681	0.96	2	48
2682	0.96	2	48
2683	0.96	2	48
2684	0.96	2	48
2685	0.96	2	48
2686	0.96	2	48
2687	0.96	2	48
2688	0.96	2	48
2689	0.96	2	48
2690	0.96	2	48
2691	0.96	2	48
2692	0.96	2	48
2693	0.96	2	48
2694	0.98	1	49
2695	0.98	1	49
2696	0.98	1	49
2697	0.98	1	49
2698	0.98	1	49
2699	0.98	1	49
2700	0.98	1	49
2701	0.98	1	49
2702	0.98	1	49
2703	0.98	1	49
2704	0.98	1	49
2705	0.98	1	49
2706	0.98	1	49
2707	0.98	1	49
2708	0.98	1	49
2709	1.00	0	50
2710	1.00	0	50
2711	1.00	0	50
2712	1.00	0	50
2713	1.00	0	50
2714	1.00	0	50
2715	1.00	0	50
2716	1.00	0	50
2717	1.00	0	50
2718	1.00	0	50
2719	1.00	0	50
2720	1.00	0	50
2721	1.00	0	50
2722	1.00	0	50
2723	1.00	0	50
2724	1.00	0	50
2725	1.00	0	50
2726	1.00	0	50
2727	1.00	0	50
2728	1.00	0	50
2729	1.00	0	50
2730	1.00	0	50
2731	1.00	0	50
2732	1.00	0	50
2733	1.00	0	50
2734	1.00	0	50
2735	1.00	0	50
2736	1.00	0	50
2737	1.00	0	50
2738	1.00	0	50
2739	1.00	0	50
2740	1.00	0	50
2741	1.00	0	50
2742	1.00	0	50
2743	1.00	0	50
2744	1.00	0	50
2745	1.00	0	50
2746	1.00	0	50
2747	1.00	0	50
2748	1.00	0	50
2749	1.00	0	50
2750	1.00	0	50
2751	1.00	0	50
2752	1.00	0	50
2753	1.00	0	50
2754	1.00	0	50
2755	1.00	0	50
2756	1.00	0	50
2757	1.00	0	50
2758	1.00	0	50
2759	1.00	0	50
2760	1.00	0	50
2761	1.00	0	50
2762	1.00	0	50
2763	1.00	0	50
2764	1.00	0	50
2765	1.00	0	50
2766	1.00	0	50
2767	1.00	0	50
2768	1.00	0	50
2769	1.00	0	50
2770	1.00	0	50
2771	1.00	0	50
2772	1.00	0	50
2773	1.00	0	50
2774	1.00	0	50
2775	1.00	0	50
2776	1.00	0	50
2777	1.00	0	50
2778	1.00	0	50
2779	1.00	0	50
2780	1.00	0	50
2781	1.00	0	50
2782	1.00	0	50
2783	1.00	0	50
2784	1.00	0	50
2785	1.00	0	50
2786	1.00	0	50
2787	1.00	0	50
2788	1.00	0	50
2789	1.00	0	50
2790	1.00	0	50
2791	1.00	0	50
2792	1.00	0	50
2793	1.00	0	50
2794	1.00	0	50
2795	1.00	0	50
2796	1.00	0	50
2797	1.00	0	50
2798	1.00	0	50
2799	1.00	0	50
2800	1.00	0	50
2801	1.00	0	50
2802	1.00	0	50
2803	1.00	0	50
2804	1.00	0	50
2805	1.00	0	50
2806	1.00	0	50
2807	1.00	0	50
2808	1.00	0	50
2809	1.00	0	50
2810	1.00	0	50
2811	1.00	0	50
2812	1.00	0	50
2813	1.00	0	50
2814	1.00	0	50
2815	1.00	0	50
2816	1.00	0	50
2817	1.00	0	50
2818	1.00	0	50
2819	1.00	0	50
2820	1.00	0	50
2821	1.00	0	50
2822	1.00	0	50
2823	1.00	0	50
2824	1.00	0	50
2825	1.00	0	50
2826	1.00	0	50
2827	1.00	0	50
2828	1.00	0	50
2829	1.00	0	50
2830	1.00	0	50
2831	1.00	0	50
2832	1.00	0	50
2833	1.00	0	50
2834	1.00	0	50
2835	1.00	0	50
2836	1.00	0	50
2837	1.00	0	50
2838	1.00	0	50
2839	1.00	0	50
2840	1.00	0	50
2841	1.00	0	50
2842	1.00	0	50
2843	1.00	0	50
2844	1.00	0	50
2845	1.00	0	50
2846	1.00	0	50
2847	1.00	0	50
2848	1.00	0	50
2849	1.00	0	50
2850	1.00	0	50
2851	1.00	0	50
2852	1.00	0	50
2853	1.00	0	50
2854	1.00	0	50
2855	1.00	0	50
2856	1.00	0	50
2857	1.00	0	50
2858	1.00	0	50
2859	1.00	0	50
2860	1.00	0	50
2861	1.00	0	50
2862	1.00	0	50
2863	1.00	0	50
2864	1.00	0	50
2865	1.00	0	50
2866	1.00	0	50
2867	1.00	0	50
2868	1.00	0	50
2869	1.00	0	50
2870	1.00	0	50
2871	1.00	0	50
2872	1.00	0	50
2873	1.00	0	50
2874	1.00	0	50
2875	1.00	0	50
2876	1.00	0	50
2877	1.00	0	50
2878	1.00	0	50
2879	1.00	0	50
2880	1.00	0	50
2881	1.00	0	50
2882	1.00	0	50
2883	1.00	0	50
2884	1.00	0	50
2885	1.00	0	50
2886	1.00	0	50
2887	1.00	0	50
2888	1.00	0	50
2889	1.00	0	50
2890	1.00	0	50
2891	1.00	0	50
2892	1.00	0	50
2893	1.00	0	50
2894	1.00	0	50
2895	1.00	0	50
2896	1.00	0	50
2897	1.00	0	50
2898	1.00	0	50
2899	1.00	0	50
2900	1.00	0	50
2901	1.00	0	50
2902	1.00	0	50
2903	1.00	0	50
2904	1.00	0	50
2905	1.00	0	50
2906	1.00	0	50
2907	1.00	0	50
2908	1.00	0	50
2909	1.00	0	50
2910	1.00	0	50
2911	1.00	0	50
2912	1.00	0	50
2913	1.00	0	50
2914	1.00	0	50
2915	1.00	0	50
2916	1.00	0	50
2917	1.00	0	50
2918	1.00	0	50
2919	1.00	0	50
2920	1.00	0	50
2921	1.00	0	50
2922	1.00	0	50
2923	1.00	0	50
2924	1.00	0	50
2925	1.00	0	50
2926	1.00	0	50
2927	1.00	0	50
2928	1.00	0	50
2929	1.00	0	50
2930	1.00	0	50
2931	1.00	0	50
2932	1.00	0	50
2933	1.00	0	50
2934	1.00	0	50
2935	1.00	0	50
2936	1.00	0	50
2937	1.00	0	50
2938	1.00	0	50
2939	1.00	0	50
2940	1.00	0	50
2941	1.00	0	50
2942	1.00	0	50
2943	1.00	0	50
2944	1.00	0	50
2945	1.00	0	50
2946	1.00	0	50
2947	1.00	0	50
2948	1.00	0	50
2949	1.00	0	50
2950	1.00	0	50
2951	1.00	0	50
2952	1.00	0	50
2953	1.00	0	50
2954	1.00	0	50
2955	1.00	0	50
2956	1.00	0	50
2957	1.00	0	50
2958	1.00	0	50
2959	1.00	0	50
2960	1.00	0	50
2961	1.00	0	50
2962	1.00	0	50
2963	1.00	0	50
2964	1.00	0	50
2965	1.00	0	50
2966	1.00	0	50
2967	1.00	0	50
2968	1.00	0	50
2969	1.00	0	50
2970	1.00	0	50
2971	1.00	0	50
2972	1.00	0	50
2973	1.00	0	50
2974	1.00	0	50
2975	1.00	0	50
2976	1.00	0	50
2977	1.00	0	50
2978	1.00	0	50
2979	1.00	0	50
2980	1.00	0	50
2981	1.00	0	50
2982	1.00	0	50
2983	1.00	0	50
2984	1.00	0	50
2985	1.00	0	50
2986	1.00	0	50
2987	1.00	0	50
2988	1.00	0	50
2989	1.00	0	50
2990	1.00	0	50
2991	1.00	0	50
2992	1.00	0	50
2993	1.00	0	50
2994	1.00	0	50
2995	1.00	0	50
2996	0.98	1	49
2997	0.98	1	49
2998	0.98	1	49
2999	0.98	1	49
